id_kreis_a,id_kreis_b,inandout,incoming,outgoing
01001,01001,0,0,0
01001,01002,1038,345,693
01001,01003,169,44,125
01001,01004,182,49,133
01001,01051,263,212,51
01001,01053,47,30,17
01001,01054,3235,2487,748
01001,01055,74,32,42
01001,01056,109,64,45
01001,01057,86,55,31
01001,01058,1273,854,419
01001,01059,22448,16255,6193
01001,01060,130,89,41
01001,01061,116,85,31
01001,01062,82,41,41
01001,02000,979,272,707
01001,03101,0,0,0
01001,03102,0,0,0
01001,03103,0,0,0
01001,03151,0,0,0
01001,03153,0,0,0
01001,03154,0,0,0
01001,03155,0,0,0
01001,03157,0,0,0
01001,03158,0,0,0
01001,03159,12,12,0
01001,03241,83,43,40
01001,03251,17,0,17
01001,03252,14,0,14
01001,03254,0,0,0
01001,03255,0,0,0
01001,03256,0,0,0
01001,03257,0,0,0
01001,03351,0,0,0
01001,03352,19,19,0
01001,03353,28,18,10
01001,03354,0,0,0
01001,03355,13,13,0
01001,03356,0,0,0
01001,03357,16,16,0
01001,03358,10,10,0
01001,03359,31,16,15
01001,03360,0,0,0
01001,03361,0,0,0
01001,03401,214,214,0
01001,03402,0,0,0
01001,03403,10,0,10
01001,03404,0,0,0
01001,03405,0,0,0
01001,03451,0,0,0
01001,03452,0,0,0
01001,03453,23,23,0
01001,03454,0,0,0
01001,03455,0,0,0
01001,03456,0,0,0
01001,03457,11,0,11
01001,03458,24,24,0
01001,03459,156,22,134
01001,03460,0,0,0
01001,03461,0,0,0
01001,03462,15,0,15
01001,04011,97,43,54
01001,04012,0,0,0
01001,05111,58,13,45
01001,05112,0,0,0
01001,05113,27,12,15
01001,05114,0,0,0
01001,05116,0,0,0
01001,05117,0,0,0
01001,05119,0,0,0
01001,05120,0,0,0
01001,05122,0,0,0
01001,05124,0,0,0
01001,05154,0,0,0
01001,05158,0,0,0
01001,05162,0,0,0
01001,05166,0,0,0
01001,05170,0,0,0
01001,05314,0,0,0
01001,05315,94,17,77
01001,05316,0,0,0
01001,05334,0,0,0
01001,05358,0,0,0
01001,05362,0,0,0
01001,05366,0,0,0
01001,05370,0,0,0
01001,05374,14,0,14
01001,05378,0,0,0
01001,05382,0,0,0
01001,05512,0,0,0
01001,05513,0,0,0
01001,05515,0,0,0
01001,05554,0,0,0
01001,05558,0,0,0
01001,05562,0,0,0
01001,05566,0,0,0
01001,05570,0,0,0
01001,05711,11,11,0
01001,05754,21,10,11
01001,05758,0,0,0
01001,05762,0,0,0
01001,05766,0,0,0
01001,05770,0,0,0
01001,05774,0,0,0
01001,05911,12,12,0
01001,05913,0,0,0
01001,05914,0,0,0
01001,05915,0,0,0
01001,05916,0,0,0
01001,05954,0,0,0
01001,05958,0,0,0
01001,05962,0,0,0
01001,05966,0,0,0
01001,05970,0,0,0
01001,05974,0,0,0
01001,05978,106,0,106
01001,06411,0,0,0
01001,06412,57,14,43
01001,06413,0,0,0
01001,06414,0,0,0
01001,06431,0,0,0
01001,06432,0,0,0
01001,06433,0,0,0
01001,06434,0,0,0
01001,06435,10,10,0
01001,06436,0,0,0
01001,06437,0,0,0
01001,06438,10,0,10
01001,06439,0,0,0
01001,06440,12,12,0
01001,06531,0,0,0
01001,06532,0,0,0
01001,06533,0,0,0
01001,06534,0,0,0
01001,06535,0,0,0
01001,06611,0,0,0
01001,06631,0,0,0
01001,06632,0,0,0
01001,06633,0,0,0
01001,06634,0,0,0
01001,06635,0,0,0
01001,06636,0,0,0
01001,07111,0,0,0
01001,07131,0,0,0
01001,07132,0,0,0
01001,07133,0,0,0
01001,07134,0,0,0
01001,07135,0,0,0
01001,07137,0,0,0
01001,07138,0,0,0
01001,07140,11,11,0
01001,07141,0,0,0
01001,07143,0,0,0
01001,07211,0,0,0
01001,07231,0,0,0
01001,07232,0,0,0
01001,07233,0,0,0
01001,07235,0,0,0
01001,07311,0,0,0
01001,07312,0,0,0
01001,07313,0,0,0
01001,07314,0,0,0
01001,07315,0,0,0
01001,07316,0,0,0
01001,07317,0,0,0
01001,07318,0,0,0
01001,07319,0,0,0
01001,07320,0,0,0
01001,07331,0,0,0
01001,07332,0,0,0
01001,07333,0,0,0
01001,07334,0,0,0
01001,07335,0,0,0
01001,07336,0,0,0
01001,07337,0,0,0
01001,07338,0,0,0
01001,07339,0,0,0
01001,07340,0,0,0
01001,08111,12,0,12
01001,08115,0,0,0
01001,08116,0,0,0
01001,08117,0,0,0
01001,08118,0,0,0
01001,08119,0,0,0
01001,08121,0,0,0
01001,08125,0,0,0
01001,08126,0,0,0
01001,08127,0,0,0
01001,08128,0,0,0
01001,08135,0,0,0
01001,08136,0,0,0
01001,08211,0,0,0
01001,08212,0,0,0
01001,08215,0,0,0
01001,08216,0,0,0
01001,08221,0,0,0
01001,08222,0,0,0
01001,08225,0,0,0
01001,08226,11,11,0
01001,08231,0,0,0
01001,08235,0,0,0
01001,08236,0,0,0
01001,08237,0,0,0
01001,08311,17,17,0
01001,08315,53,53,0
01001,08316,48,48,0
01001,08317,0,0,0
01001,08325,0,0,0
01001,08326,0,0,0
01001,08327,0,0,0
01001,08335,0,0,0
01001,08336,0,0,0
01001,08337,0,0,0
01001,08415,0,0,0
01001,08416,0,0,0
01001,08417,0,0,0
01001,08421,0,0,0
01001,08425,0,0,0
01001,08426,0,0,0
01001,08435,0,0,0
01001,08436,0,0,0
01001,08437,0,0,0
01001,09161,0,0,0
01001,09162,61,22,39
01001,09163,0,0,0
01001,09171,0,0,0
01001,09172,0,0,0
01001,09173,0,0,0
01001,09174,0,0,0
01001,09175,0,0,0
01001,09176,0,0,0
01001,09177,0,0,0
01001,09178,0,0,0
01001,09179,0,0,0
01001,09180,0,0,0
01001,09181,0,0,0
01001,09182,0,0,0
01001,09183,0,0,0
01001,09184,24,11,13
01001,09185,0,0,0
01001,09186,0,0,0
01001,09187,0,0,0
01001,09188,0,0,0
01001,09189,0,0,0
01001,09190,0,0,0
01001,09261,0,0,0
01001,09262,0,0,0
01001,09263,0,0,0
01001,09271,0,0,0
01001,09272,0,0,0
01001,09273,0,0,0
01001,09274,0,0,0
01001,09275,0,0,0
01001,09276,0,0,0
01001,09277,0,0,0
01001,09278,0,0,0
01001,09279,0,0,0
01001,09361,0,0,0
01001,09362,0,0,0
01001,09363,0,0,0
01001,09371,0,0,0
01001,09372,0,0,0
01001,09373,0,0,0
01001,09374,0,0,0
01001,09375,0,0,0
01001,09376,0,0,0
01001,09377,0,0,0
01001,09461,0,0,0
01001,09462,0,0,0
01001,09463,0,0,0
01001,09464,0,0,0
01001,09471,0,0,0
01001,09472,0,0,0
01001,09473,0,0,0
01001,09474,0,0,0
01001,09475,0,0,0
01001,09476,0,0,0
01001,09477,21,21,0
01001,09478,0,0,0
01001,09479,0,0,0
01001,09561,0,0,0
01001,09562,0,0,0
01001,09563,0,0,0
01001,09564,15,0,15
01001,09565,0,0,0
01001,09571,0,0,0
01001,09572,0,0,0
01001,09573,0,0,0
01001,09574,0,0,0
01001,09575,0,0,0
01001,09576,0,0,0
01001,09577,0,0,0
01001,09661,0,0,0
01001,09662,0,0,0
01001,09663,0,0,0
01001,09671,0,0,0
01001,09672,0,0,0
01001,09673,0,0,0
01001,09674,37,37,0
01001,09675,0,0,0
01001,09676,0,0,0
01001,09677,0,0,0
01001,09678,0,0,0
01001,09679,0,0,0
01001,09761,0,0,0
01001,09762,19,19,0
01001,09763,0,0,0
01001,09764,0,0,0
01001,09771,0,0,0
01001,09772,0,0,0
01001,09773,0,0,0
01001,09774,0,0,0
01001,09775,0,0,0
01001,09776,0,0,0
01001,09777,18,18,0
01001,09778,0,0,0
01001,09779,0,0,0
01001,09780,0,0,0
01001,10041,227,0,227
01001,10042,0,0,0
01001,10043,0,0,0
01001,10044,0,0,0
01001,10045,0,0,0
01001,10046,0,0,0
01001,11000,287,118,169
01001,12051,0,0,0
01001,12052,0,0,0
01001,12053,0,0,0
01001,12054,0,0,0
01001,12060,0,0,0
01001,12061,0,0,0
01001,12062,0,0,0
01001,12063,0,0,0
01001,12064,0,0,0
01001,12065,0,0,0
01001,12066,0,0,0
01001,12067,0,0,0
01001,12068,0,0,0
01001,12069,0,0,0
01001,12070,0,0,0
01001,12071,0,0,0
01001,12072,0,0,0
01001,12073,0,0,0
01001,13003,27,27,0
01001,13004,0,0,0
01001,13071,37,37,0
01001,13072,28,28,0
01001,13073,32,32,0
01001,13074,13,13,0
01001,13075,24,24,0
01001,13076,41,12,29
01001,14511,0,0,0
01001,14521,0,0,0
01001,14522,29,29,0
01001,14523,17,17,0
01001,14524,0,0,0
01001,14612,0,0,0
01001,14625,0,0,0
01001,14626,0,0,0
01001,14627,0,0,0
01001,14628,0,0,0
01001,14713,15,15,0
01001,14729,0,0,0
01001,14730,0,0,0
01001,15001,0,0,0
01001,15002,0,0,0
01001,15003,12,12,0
01001,15081,0,0,0
01001,15082,26,26,0
01001,15083,0,0,0
01001,15084,0,0,0
01001,15085,0,0,0
01001,15086,0,0,0
01001,15087,0,0,0
01001,15088,0,0,0
01001,15089,0,0,0
01001,15090,0,0,0
01001,15091,0,0,0
01001,16051,0,0,0
01001,16052,0,0,0
01001,16053,0,0,0
01001,16054,0,0,0
01001,16055,0,0,0
01001,16056,0,0,0
01001,16061,0,0,0
01001,16062,0,0,0
01001,16063,0,0,0
01001,16064,0,0,0
01001,16065,0,0,0
01001,16066,0,0,0
01001,16067,0,0,0
01001,16068,0,0,0
01001,16069,0,0,0
01001,16070,0,0,0
01001,16071,0,0,0
01001,16072,0,0,0
01001,16073,0,0,0
01001,16074,0,0,0
01001,16075,0,0,0
01001,16076,0,0,0
01001,16077,0,0,0
01002,01001,1038,693,345
01002,01002,0,0,0
01002,01003,2443,1340,1103
01002,01004,4181,2168,2013
01002,01051,832,739,93
01002,01053,535,462,73
01002,01054,815,627,188
01002,01055,1890,1479,411
01002,01056,1017,756,261
01002,01057,21513,16625,4888
01002,01058,32951,24028,8923
01002,01059,2403,1840,563
01002,01060,2646,1844,802
01002,01061,809,611,198
01002,01062,808,409,399
01002,02000,5250,1939,3311
01002,03101,76,49,27
01002,03102,34,24,10
01002,03103,21,10,11
01002,03151,31,20,11
01002,03153,13,13,0
01002,03154,0,0,0
01002,03155,15,15,0
01002,03157,21,21,0
01002,03158,23,23,0
01002,03159,53,35,18
01002,03241,375,170,205
01002,03251,41,25,16
01002,03252,25,12,13
01002,03254,20,20,0
01002,03255,0,0,0
01002,03256,10,10,0
01002,03257,0,0,0
01002,03351,48,24,24
01002,03352,62,41,21
01002,03353,203,138,65
01002,03354,34,34,0
01002,03355,102,78,24
01002,03356,20,20,0
01002,03357,69,43,26
01002,03358,53,27,26
01002,03359,132,93,39
01002,03360,19,19,0
01002,03361,68,20,48
01002,03401,0,0,0
01002,03402,37,22,15
01002,03403,77,59,18
01002,03404,88,36,52
01002,03405,99,17,82
01002,03451,10,0,10
01002,03452,38,19,19
01002,03453,27,17,10
01002,03454,34,22,12
01002,03455,16,16,0
01002,03456,0,0,0
01002,03457,33,19,14
01002,03458,19,19,0
01002,03459,73,62,11
01002,03460,25,0,25
01002,03461,20,20,0
01002,03462,0,0,0
01002,04011,359,137,222
01002,04012,56,33,23
01002,05111,149,67,82
01002,05112,21,11,10
01002,05113,91,40,51
01002,05114,33,22,11
01002,05116,13,13,0
01002,05117,0,0,0
01002,05119,15,15,0
01002,05120,0,0,0
01002,05122,11,0,11
01002,05124,31,19,12
01002,05154,11,11,0
01002,05158,58,26,32
01002,05162,42,42,0
01002,05166,13,0,13
01002,05170,24,24,0
01002,05314,73,24,49
01002,05315,374,181,193
01002,05316,0,0,0
01002,05334,47,20,27
01002,05358,13,0,13
01002,05362,30,30,0
01002,05366,0,0,0
01002,05370,10,10,0
01002,05374,66,0,66
01002,05378,16,16,0
01002,05382,48,30,18
01002,05512,0,0,0
01002,05513,11,11,0
01002,05515,60,35,25
01002,05554,0,0,0
01002,05558,0,0,0
01002,05562,39,39,0
01002,05566,20,10,10
01002,05570,17,17,0
01002,05711,72,47,25
01002,05754,95,70,25
01002,05758,59,16,43
01002,05762,22,22,0
01002,05766,61,51,10
01002,05770,29,15,14
01002,05774,136,136,0
01002,05911,27,17,10
01002,05913,98,74,24
01002,05914,0,0,0
01002,05915,17,17,0
01002,05916,14,14,0
01002,05954,14,14,0
01002,05958,12,12,0
01002,05962,0,0,0
01002,05966,0,0,0
01002,05970,0,0,0
01002,05974,68,68,0
01002,05978,42,42,0
01002,06411,13,0,13
01002,06412,159,35,124
01002,06413,0,0,0
01002,06414,13,0,13
01002,06431,0,0,0
01002,06432,12,12,0
01002,06433,0,0,0
01002,06434,32,0,32
01002,06435,0,0,0
01002,06436,28,0,28
01002,06437,0,0,0
01002,06438,30,15,15
01002,06439,0,0,0
01002,06440,11,11,0
01002,06531,11,11,0
01002,06532,0,0,0
01002,06533,0,0,0
01002,06534,10,10,0
01002,06535,0,0,0
01002,06611,44,32,12
01002,06631,0,0,0
01002,06632,0,0,0
01002,06633,18,18,0
01002,06634,11,11,0
01002,06635,0,0,0
01002,06636,0,0,0
01002,07111,32,0,32
01002,07131,0,0,0
01002,07132,0,0,0
01002,07133,0,0,0
01002,07134,0,0,0
01002,07135,0,0,0
01002,07137,0,0,0
01002,07138,10,0,10
01002,07140,0,0,0
01002,07141,0,0,0
01002,07143,0,0,0
01002,07211,0,0,0
01002,07231,0,0,0
01002,07232,0,0,0
01002,07233,0,0,0
01002,07235,0,0,0
01002,07311,0,0,0
01002,07312,0,0,0
01002,07313,0,0,0
01002,07314,0,0,0
01002,07315,29,0,29
01002,07316,0,0,0
01002,07317,0,0,0
01002,07318,0,0,0
01002,07319,0,0,0
01002,07320,0,0,0
01002,07331,0,0,0
01002,07332,0,0,0
01002,07333,0,0,0
01002,07334,0,0,0
01002,07335,0,0,0
01002,07336,0,0,0
01002,07337,0,0,0
01002,07338,10,10,0
01002,07339,0,0,0
01002,07340,0,0,0
01002,08111,135,79,56
01002,08115,33,33,0
01002,08116,64,35,29
01002,08117,0,0,0
01002,08118,86,72,14
01002,08119,21,21,0
01002,08121,0,0,0
01002,08125,10,10,0
01002,08126,0,0,0
01002,08127,0,0,0
01002,08128,0,0,0
01002,08135,0,0,0
01002,08136,0,0,0
01002,08211,0,0,0
01002,08212,15,0,15
01002,08215,33,13,20
01002,08216,0,0,0
01002,08221,18,0,18
01002,08222,76,17,59
01002,08225,0,0,0
01002,08226,35,24,11
01002,08231,0,0,0
01002,08235,0,0,0
01002,08236,0,0,0
01002,08237,0,0,0
01002,08311,13,0,13
01002,08315,0,0,0
01002,08316,0,0,0
01002,08317,14,0,14
01002,08325,0,0,0
01002,08326,0,0,0
01002,08327,0,0,0
01002,08335,0,0,0
01002,08336,14,14,0
01002,08337,0,0,0
01002,08415,0,0,0
01002,08416,13,13,0
01002,08417,0,0,0
01002,08421,0,0,0
01002,08425,11,0,11
01002,08426,0,0,0
01002,08435,0,0,0
01002,08436,0,0,0
01002,08437,0,0,0
01002,09161,21,0,21
01002,09162,254,80,174
01002,09163,0,0,0
01002,09171,0,0,0
01002,09172,0,0,0
01002,09173,0,0,0
01002,09174,0,0,0
01002,09175,0,0,0
01002,09176,0,0,0
01002,09177,0,0,0
01002,09178,11,0,11
01002,09179,0,0,0
01002,09180,0,0,0
01002,09181,0,0,0
01002,09182,0,0,0
01002,09183,0,0,0
01002,09184,61,12,49
01002,09185,0,0,0
01002,09186,0,0,0
01002,09187,0,0,0
01002,09188,0,0,0
01002,09189,0,0,0
01002,09190,23,11,12
01002,09261,0,0,0
01002,09262,0,0,0
01002,09263,0,0,0
01002,09271,0,0,0
01002,09272,0,0,0
01002,09273,0,0,0
01002,09274,10,0,10
01002,09275,0,0,0
01002,09276,0,0,0
01002,09277,0,0,0
01002,09278,0,0,0
01002,09279,0,0,0
01002,09361,0,0,0
01002,09362,0,0,0
01002,09363,0,0,0
01002,09371,0,0,0
01002,09372,0,0,0
01002,09373,0,0,0
01002,09374,0,0,0
01002,09375,0,0,0
01002,09376,0,0,0
01002,09377,0,0,0
01002,09461,0,0,0
01002,09462,0,0,0
01002,09463,0,0,0
01002,09464,0,0,0
01002,09471,11,11,0
01002,09472,0,0,0
01002,09473,0,0,0
01002,09474,0,0,0
01002,09475,0,0,0
01002,09476,0,0,0
01002,09477,0,0,0
01002,09478,0,0,0
01002,09479,0,0,0
01002,09561,0,0,0
01002,09562,0,0,0
01002,09563,0,0,0
01002,09564,41,16,25
01002,09565,0,0,0
01002,09571,0,0,0
01002,09572,0,0,0
01002,09573,0,0,0
01002,09574,0,0,0
01002,09575,0,0,0
01002,09576,0,0,0
01002,09577,0,0,0
01002,09661,0,0,0
01002,09662,0,0,0
01002,09663,0,0,0
01002,09671,0,0,0
01002,09672,0,0,0
01002,09673,0,0,0
01002,09674,0,0,0
01002,09675,0,0,0
01002,09676,0,0,0
01002,09677,0,0,0
01002,09678,0,0,0
01002,09679,0,0,0
01002,09761,14,0,14
01002,09762,0,0,0
01002,09763,0,0,0
01002,09764,0,0,0
01002,09771,0,0,0
01002,09772,22,12,10
01002,09773,0,0,0
01002,09774,0,0,0
01002,09775,0,0,0
01002,09776,0,0,0
01002,09777,0,0,0
01002,09778,0,0,0
01002,09779,0,0,0
01002,09780,0,0,0
01002,10041,11,11,0
01002,10042,0,0,0
01002,10043,0,0,0
01002,10044,0,0,0
01002,10045,0,0,0
01002,10046,0,0,0
01002,11000,801,352,449
01002,12051,0,0,0
01002,12052,0,0,0
01002,12053,0,0,0
01002,12054,62,21,41
01002,12060,11,11,0
01002,12061,0,0,0
01002,12062,0,0,0
01002,12063,0,0,0
01002,12064,11,11,0
01002,12065,19,19,0
01002,12066,0,0,0
01002,12067,0,0,0
01002,12068,0,0,0
01002,12069,25,15,10
01002,12070,17,17,0
01002,12071,0,0,0
01002,12072,21,21,0
01002,12073,0,0,0
01002,13003,139,87,52
01002,13004,82,65,17
01002,13071,65,52,13
01002,13072,112,99,13
01002,13073,143,116,27
01002,13074,251,230,21
01002,13075,135,125,10
01002,13076,117,85,32
01002,14511,0,0,0
01002,14521,0,0,0
01002,14522,0,0,0
01002,14523,0,0,0
01002,14524,0,0,0
01002,14612,55,34,21
01002,14625,0,0,0
01002,14626,0,0,0
01002,14627,0,0,0
01002,14628,0,0,0
01002,14713,79,49,30
01002,14729,0,0,0
01002,14730,0,0,0
01002,15001,0,0,0
01002,15002,11,0,11
01002,15003,23,0,23
01002,15081,16,16,0
01002,15082,0,0,0
01002,15083,14,14,0
01002,15084,0,0,0
01002,15085,12,12,0
01002,15086,0,0,0
01002,15087,0,0,0
01002,15088,11,11,0
01002,15089,0,0,0
01002,15090,18,18,0
01002,15091,0,0,0
01002,16051,11,11,0
01002,16052,0,0,0
01002,16053,0,0,0
01002,16054,0,0,0
01002,16055,0,0,0
01002,16056,0,0,0
01002,16061,0,0,0
01002,16062,0,0,0
01002,16063,0,0,0
01002,16064,0,0,0
01002,16065,0,0,0
01002,16066,0,0,0
01002,16067,0,0,0
01002,16068,0,0,0
01002,16069,0,0,0
01002,16070,11,11,0
01002,16071,0,0,0
01002,16072,0,0,0
01002,16073,0,0,0
01002,16074,0,0,0
01002,16075,0,0,0
01002,16076,0,0,0
01002,16077,0,0,0
01003,01001,169,125,44
01003,01002,2443,1103,1340
01003,01003,0,0,0
01003,01004,348,172,176
01003,01051,199,155,44
01003,01053,6743,5293,1450
01003,01054,143,90,53
01003,01055,20547,13583,6964
01003,01056,420,238,182
01003,01057,682,520,162
01003,01058,571,384,187
01003,01059,158,114,44
01003,01060,2822,1829,993
01003,01061,161,103,58
01003,01062,6833,3869,2964
01003,02000,7077,2172,4905
01003,03101,46,30,16
01003,03102,0,0,0
01003,03103,0,0,0
01003,03151,0,0,0
01003,03153,11,11,0
01003,03154,0,0,0
01003,03155,11,0,11
01003,03157,14,14,0
01003,03158,0,0,0
01003,03159,39,19,20
01003,03241,333,179,154
01003,03251,67,52,15
01003,03252,14,14,0
01003,03254,39,26,13
01003,03255,0,0,0
01003,03256,16,16,0
01003,03257,16,16,0
01003,03351,141,114,27
01003,03352,35,35,0
01003,03353,218,141,77
01003,03354,47,47,0
01003,03355,160,100,60
01003,03356,11,11,0
01003,03357,62,50,12
01003,03358,50,38,12
01003,03359,122,88,34
01003,03360,22,22,0
01003,03361,35,25,10
01003,03401,22,22,0
01003,03402,0,0,0
01003,03403,43,27,16
01003,03404,44,26,18
01003,03405,17,0,17
01003,03451,28,18,10
01003,03452,35,23,12
01003,03453,153,153,0
01003,03454,182,169,13
01003,03455,0,0,0
01003,03456,16,16,0
01003,03457,14,14,0
01003,03458,82,82,0
01003,03459,112,100,12
01003,03460,118,106,12
01003,03461,13,13,0
01003,03462,0,0,0
01003,04011,211,117,94
01003,04012,22,22,0
01003,05111,114,32,82
01003,05112,17,17,0
01003,05113,60,12,48
01003,05114,23,23,0
01003,05116,19,19,0
01003,05117,0,0,0
01003,05119,0,0,0
01003,05120,0,0,0
01003,05122,0,0,0
01003,05124,0,0,0
01003,05154,29,29,0
01003,05158,48,20,28
01003,05162,25,11,14
01003,05166,20,10,10
01003,05170,10,10,0
01003,05314,34,15,19
01003,05315,128,41,87
01003,05316,0,0,0
01003,05334,54,24,30
01003,05358,11,11,0
01003,05362,57,37,20
01003,05366,0,0,0
01003,05370,0,0,0
01003,05374,38,0,38
01003,05378,11,11,0
01003,05382,35,22,13
01003,05512,0,0,0
01003,05513,0,0,0
01003,05515,46,18,28
01003,05554,23,12,11
01003,05558,0,0,0
01003,05562,33,33,0
01003,05566,87,73,14
01003,05570,16,16,0
01003,05711,40,18,22
01003,05754,93,66,27
01003,05758,23,12,11
01003,05762,0,0,0
01003,05766,13,13,0
01003,05770,32,32,0
01003,05774,11,0,11
01003,05911,14,14,0
01003,05913,111,82,29
01003,05914,0,0,0
01003,05915,10,0,10
01003,05916,0,0,0
01003,05954,23,23,0
01003,05958,12,12,0
01003,05962,31,19,12
01003,05966,0,0,0
01003,05970,27,16,11
01003,05974,27,15,12
01003,05978,55,25,30
01003,06411,46,25,21
01003,06412,162,72,90
01003,06413,17,17,0
01003,06414,44,22,22
01003,06431,0,0,0
01003,06432,10,0,10
01003,06433,35,25,10
01003,06434,30,0,30
01003,06435,19,19,0
01003,06436,43,15,28
01003,06437,0,0,0
01003,06438,43,26,17
01003,06439,11,11,0
01003,06440,27,27,0
01003,06531,31,31,0
01003,06532,0,0,0
01003,06533,0,0,0
01003,06534,0,0,0
01003,06535,0,0,0
01003,06611,0,0,0
01003,06631,13,0,13
01003,06632,0,0,0
01003,06633,16,16,0
01003,06634,0,0,0
01003,06635,0,0,0
01003,06636,0,0,0
01003,07111,0,0,0
01003,07131,0,0,0
01003,07132,0,0,0
01003,07133,0,0,0
01003,07134,0,0,0
01003,07135,0,0,0
01003,07137,0,0,0
01003,07138,16,0,16
01003,07140,0,0,0
01003,07141,0,0,0
01003,07143,10,10,0
01003,07211,0,0,0
01003,07231,0,0,0
01003,07232,0,0,0
01003,07233,0,0,0
01003,07235,0,0,0
01003,07311,0,0,0
01003,07312,0,0,0
01003,07313,0,0,0
01003,07314,0,0,0
01003,07315,0,0,0
01003,07316,0,0,0
01003,07317,0,0,0
01003,07318,0,0,0
01003,07319,0,0,0
01003,07320,0,0,0
01003,07331,33,33,0
01003,07332,0,0,0
01003,07333,0,0,0
01003,07334,0,0,0
01003,07335,0,0,0
01003,07336,0,0,0
01003,07337,0,0,0
01003,07338,0,0,0
01003,07339,16,16,0
01003,07340,0,0,0
01003,08111,83,42,41
01003,08115,13,13,0
01003,08116,47,21,26
01003,08117,0,0,0
01003,08118,47,27,20
01003,08119,21,21,0
01003,08121,0,0,0
01003,08125,12,12,0
01003,08126,21,0,21
01003,08127,51,51,0
01003,08128,0,0,0
01003,08135,0,0,0
01003,08136,10,10,0
01003,08211,0,0,0
01003,08212,13,0,13
01003,08215,44,30,14
01003,08216,0,0,0
01003,08221,19,0,19
01003,08222,22,0,22
01003,08225,0,0,0
01003,08226,25,11,14
01003,08231,0,0,0
01003,08235,0,0,0
01003,08236,0,0,0
01003,08237,0,0,0
01003,08311,11,0,11
01003,08315,0,0,0
01003,08316,0,0,0
01003,08317,16,16,0
01003,08325,0,0,0
01003,08326,0,0,0
01003,08327,0,0,0
01003,08335,27,27,0
01003,08336,0,0,0
01003,08337,0,0,0
01003,08415,19,19,0
01003,08416,0,0,0
01003,08417,11,0,11
01003,08421,13,0,13
01003,08425,0,0,0
01003,08426,0,0,0
01003,08435,0,0,0
01003,08436,0,0,0
01003,08437,0,0,0
01003,09161,0,0,0
01003,09162,171,55,116
01003,09163,0,0,0
01003,09171,0,0,0
01003,09172,0,0,0
01003,09173,0,0,0
01003,09174,0,0,0
01003,09175,0,0,0
01003,09176,0,0,0
01003,09177,0,0,0
01003,09178,15,0,15
01003,09179,13,13,0
01003,09180,0,0,0
01003,09181,0,0,0
01003,09182,0,0,0
01003,09183,86,86,0
01003,09184,48,14,34
01003,09185,0,0,0
01003,09186,0,0,0
01003,09187,0,0,0
01003,09188,0,0,0
01003,09189,0,0,0
01003,09190,0,0,0
01003,09261,0,0,0
01003,09262,0,0,0
01003,09263,18,18,0
01003,09271,12,12,0
01003,09272,0,0,0
01003,09273,0,0,0
01003,09274,0,0,0
01003,09275,15,15,0
01003,09276,0,0,0
01003,09277,0,0,0
01003,09278,10,10,0
01003,09279,0,0,0
01003,09361,0,0,0
01003,09362,0,0,0
01003,09363,0,0,0
01003,09371,0,0,0
01003,09372,0,0,0
01003,09373,42,42,0
01003,09374,0,0,0
01003,09375,0,0,0
01003,09376,0,0,0
01003,09377,0,0,0
01003,09461,0,0,0
01003,09462,0,0,0
01003,09463,0,0,0
01003,09464,0,0,0
01003,09471,0,0,0
01003,09472,0,0,0
01003,09473,0,0,0
01003,09474,0,0,0
01003,09475,10,0,10
01003,09476,0,0,0
01003,09477,0,0,0
01003,09478,0,0,0
01003,09479,0,0,0
01003,09561,0,0,0
01003,09562,10,0,10
01003,09563,12,12,0
01003,09564,48,22,26
01003,09565,0,0,0
01003,09571,15,15,0
01003,09572,0,0,0
01003,09573,0,0,0
01003,09574,0,0,0
01003,09575,0,0,0
01003,09576,0,0,0
01003,09577,0,0,0
01003,09661,0,0,0
01003,09662,0,0,0
01003,09663,0,0,0
01003,09671,28,28,0
01003,09672,0,0,0
01003,09673,0,0,0
01003,09674,0,0,0
01003,09675,0,0,0
01003,09676,0,0,0
01003,09677,0,0,0
01003,09678,0,0,0
01003,09679,0,0,0
01003,09761,29,13,16
01003,09762,0,0,0
01003,09763,13,13,0
01003,09764,0,0,0
01003,09771,0,0,0
01003,09772,11,11,0
01003,09773,0,0,0
01003,09774,0,0,0
01003,09775,0,0,0
01003,09776,0,0,0
01003,09777,0,0,0
01003,09778,0,0,0
01003,09779,0,0,0
01003,09780,0,0,0
01003,10041,28,28,0
01003,10042,0,0,0
01003,10043,0,0,0
01003,10044,0,0,0
01003,10045,0,0,0
01003,10046,0,0,0
01003,11000,747,349,398
01003,12051,18,18,0
01003,12052,0,0,0
01003,12053,0,0,0
01003,12054,38,26,12
01003,12060,12,12,0
01003,12061,0,0,0
01003,12062,0,0,0
01003,12063,10,10,0
01003,12064,0,0,0
01003,12065,18,18,0
01003,12066,0,0,0
01003,12067,27,27,0
01003,12068,15,15,0
01003,12069,29,18,11
01003,12070,39,39,0
01003,12071,0,0,0
01003,12072,33,13,20
01003,12073,0,0,0
01003,13003,284,164,120
01003,13004,280,177,103
01003,13071,95,65,30
01003,13072,250,204,46
01003,13073,131,101,30
01003,13074,8294,6771,1523
01003,13075,131,109,22
01003,13076,520,439,81
01003,14511,0,0,0
01003,14521,0,0,0
01003,14522,0,0,0
01003,14523,0,0,0
01003,14524,0,0,0
01003,14612,40,19,21
01003,14625,0,0,0
01003,14626,0,0,0
01003,14627,0,0,0
01003,14628,0,0,0
01003,14713,57,40,17
01003,14729,14,0,14
01003,14730,0,0,0
01003,15001,0,0,0
01003,15002,25,13,12
01003,15003,11,11,0
01003,15081,13,13,0
01003,15082,0,0,0
01003,15083,41,41,0
01003,15084,0,0,0
01003,15085,15,0,15
01003,15086,0,0,0
01003,15087,0,0,0
01003,15088,0,0,0
01003,15089,0,0,0
01003,15090,0,0,0
01003,15091,0,0,0
01003,16051,32,19,13
01003,16052,0,0,0
01003,16053,0,0,0
01003,16054,0,0,0
01003,16055,0,0,0
01003,16056,0,0,0
01003,16061,10,10,0
01003,16062,0,0,0
01003,16063,0,0,0
01003,16064,0,0,0
01003,16065,0,0,0
01003,16066,0,0,0
01003,16067,0,0,0
01003,16068,0,0,0
01003,16069,0,0,0
01003,16070,10,0,10
01003,16071,0,0,0
01003,16072,0,0,0
01003,16073,0,0,0
01003,16074,0,0,0
01003,16075,0,0,0
01003,16076,0,0,0
01003,16077,0,0,0
01004,01001,182,133,49
01004,01002,4181,2013,2168
01004,01003,348,176,172
01004,01004,0,0,0
01004,01051,276,235,41
01004,01053,136,101,35
01004,01054,214,180,34
01004,01055,451,389,62
01004,01056,752,486,266
01004,01057,2296,1909,387
01004,01058,7963,5705,2258
01004,01059,488,388,100
01004,01060,6842,4331,2511
01004,01061,1249,1011,238
01004,01062,397,180,217
01004,02000,2353,690,1663
01004,03101,0,0,0
01004,03102,0,0,0
01004,03103,0,0,0
01004,03151,0,0,0
01004,03153,0,0,0
01004,03154,0,0,0
01004,03155,0,0,0
01004,03157,0,0,0
01004,03158,0,0,0
01004,03159,0,0,0
01004,03241,83,25,58
01004,03251,0,0,0
01004,03252,0,0,0
01004,03254,0,0,0
01004,03255,0,0,0
01004,03256,16,16,0
01004,03257,0,0,0
01004,03351,121,121,0
01004,03352,60,60,0
01004,03353,114,49,65
01004,03354,0,0,0
01004,03355,64,64,0
01004,03356,15,15,0
01004,03357,52,41,11
01004,03358,147,147,0
01004,03359,48,30,18
01004,03360,27,27,0
01004,03361,10,0,10
01004,03401,0,0,0
01004,03402,0,0,0
01004,03403,0,0,0
01004,03404,15,0,15
01004,03405,171,171,0
01004,03451,0,0,0
01004,03452,58,58,0
01004,03453,10,10,0
01004,03454,16,16,0
01004,03455,97,97,0
01004,03456,0,0,0
01004,03457,20,20,0
01004,03458,12,0,12
01004,03459,10,10,0
01004,03460,23,0,23
01004,03461,0,0,0
01004,03462,93,93,0
01004,04011,42,14,28
01004,04012,20,20,0
01004,05111,51,0,51
01004,05112,0,0,0
01004,05113,17,0,17
01004,05114,0,0,0
01004,05116,10,0,10
01004,05117,0,0,0
01004,05119,0,0,0
01004,05120,0,0,0
01004,05122,0,0,0
01004,05124,12,0,12
01004,05154,41,41,0
01004,05158,12,0,12
01004,05162,10,0,10
01004,05166,0,0,0
01004,05170,26,26,0
01004,05314,0,0,0
01004,05315,72,25,47
01004,05316,0,0,0
01004,05334,11,0,11
01004,05358,0,0,0
01004,05362,11,11,0
01004,05366,0,0,0
01004,05370,0,0,0
01004,05374,10,0,10
01004,05378,0,0,0
01004,05382,14,14,0
01004,05512,0,0,0
01004,05513,0,0,0
01004,05515,0,0,0
01004,05554,0,0,0
01004,05558,0,0,0
01004,05562,30,16,14
01004,05566,14,14,0
01004,05570,18,18,0
01004,05711,0,0,0
01004,05754,0,0,0
01004,05758,0,0,0
01004,05762,14,14,0
01004,05766,0,0,0
01004,05770,0,0,0
01004,05774,0,0,0
01004,05911,0,0,0
01004,05913,0,0,0
01004,05914,0,0,0
01004,05915,0,0,0
01004,05916,0,0,0
01004,05954,14,14,0
01004,05958,0,0,0
01004,05962,0,0,0
01004,05966,0,0,0
01004,05970,19,19,0
01004,05974,0,0,0
01004,05978,42,14,28
01004,06411,0,0,0
01004,06412,71,0,71
01004,06413,0,0,0
01004,06414,11,0,11
01004,06431,0,0,0
01004,06432,0,0,0
01004,06433,0,0,0
01004,06434,0,0,0
01004,06435,0,0,0
01004,06436,0,0,0
01004,06437,0,0,0
01004,06438,27,0,27
01004,06439,0,0,0
01004,06440,0,0,0
01004,06531,0,0,0
01004,06532,0,0,0
01004,06533,0,0,0
01004,06534,13,13,0
01004,06535,0,0,0
01004,06611,0,0,0
01004,06631,0,0,0
01004,06632,0,0,0
01004,06633,0,0,0
01004,06634,17,17,0
01004,06635,0,0,0
01004,06636,0,0,0
01004,07111,20,20,0
01004,07131,0,0,0
01004,07132,0,0,0
01004,07133,0,0,0
01004,07134,27,27,0
01004,07135,35,35,0
01004,07137,21,21,0
01004,07138,10,10,0
01004,07140,0,0,0
01004,07141,0,0,0
01004,07143,0,0,0
01004,07211,0,0,0
01004,07231,0,0,0
01004,07232,0,0,0
01004,07233,22,22,0
01004,07235,0,0,0
01004,07311,0,0,0
01004,07312,0,0,0
01004,07313,0,0,0
01004,07314,0,0,0
01004,07315,0,0,0
01004,07316,0,0,0
01004,07317,0,0,0
01004,07318,0,0,0
01004,07319,0,0,0
01004,07320,0,0,0
01004,07331,0,0,0
01004,07332,0,0,0
01004,07333,0,0,0
01004,07334,0,0,0
01004,07335,0,0,0
01004,07336,0,0,0
01004,07337,0,0,0
01004,07338,0,0,0
01004,07339,0,0,0
01004,07340,0,0,0
01004,08111,21,0,21
01004,08115,0,0,0
01004,08116,0,0,0
01004,08117,0,0,0
01004,08118,11,0,11
01004,08119,0,0,0
01004,08121,0,0,0
01004,08125,0,0,0
01004,08126,0,0,0
01004,08127,0,0,0
01004,08128,0,0,0
01004,08135,0,0,0
01004,08136,0,0,0
01004,08211,0,0,0
01004,08212,0,0,0
01004,08215,0,0,0
01004,08216,0,0,0
01004,08221,0,0,0
01004,08222,0,0,0
01004,08225,0,0,0
01004,08226,10,0,10
01004,08231,0,0,0
01004,08235,0,0,0
01004,08236,0,0,0
01004,08237,0,0,0
01004,08311,0,0,0
01004,08315,0,0,0
01004,08316,0,0,0
01004,08317,0,0,0
01004,08325,0,0,0
01004,08326,0,0,0
01004,08327,0,0,0
01004,08335,0,0,0
01004,08336,0,0,0
01004,08337,0,0,0
01004,08415,0,0,0
01004,08416,0,0,0
01004,08417,0,0,0
01004,08421,0,0,0
01004,08425,0,0,0
01004,08426,0,0,0
01004,08435,0,0,0
01004,08436,0,0,0
01004,08437,17,17,0
01004,09161,11,11,0
01004,09162,116,10,106
01004,09163,0,0,0
01004,09171,0,0,0
01004,09172,0,0,0
01004,09173,0,0,0
01004,09174,0,0,0
01004,09175,0,0,0
01004,09176,0,0,0
01004,09177,0,0,0
01004,09178,0,0,0
01004,09179,0,0,0
01004,09180,0,0,0
01004,09181,0,0,0
01004,09182,0,0,0
01004,09183,0,0,0
01004,09184,16,0,16
01004,09185,0,0,0
01004,09186,0,0,0
01004,09187,0,0,0
01004,09188,0,0,0
01004,09189,16,0,16
01004,09190,0,0,0
01004,09261,0,0,0
01004,09262,0,0,0
01004,09263,0,0,0
01004,09271,0,0,0
01004,09272,0,0,0
01004,09273,0,0,0
01004,09274,0,0,0
01004,09275,0,0,0
01004,09276,0,0,0
01004,09277,0,0,0
01004,09278,0,0,0
01004,09279,0,0,0
01004,09361,0,0,0
01004,09362,0,0,0
01004,09363,0,0,0
01004,09371,0,0,0
01004,09372,0,0,0
01004,09373,0,0,0
01004,09374,0,0,0
01004,09375,0,0,0
01004,09376,0,0,0
01004,09377,0,0,0
01004,09461,0,0,0
01004,09462,0,0,0
01004,09463,0,0,0
01004,09464,0,0,0
01004,09471,0,0,0
01004,09472,0,0,0
01004,09473,0,0,0
01004,09474,0,0,0
01004,09475,0,0,0
01004,09476,0,0,0
01004,09477,0,0,0
01004,09478,0,0,0
01004,09479,0,0,0
01004,09561,0,0,0
01004,09562,0,0,0
01004,09563,0,0,0
01004,09564,0,0,0
01004,09565,0,0,0
01004,09571,0,0,0
01004,09572,0,0,0
01004,09573,0,0,0
01004,09574,0,0,0
01004,09575,0,0,0
01004,09576,0,0,0
01004,09577,0,0,0
01004,09661,0,0,0
01004,09662,0,0,0
01004,09663,0,0,0
01004,09671,0,0,0
01004,09672,0,0,0
01004,09673,0,0,0
01004,09674,0,0,0
01004,09675,0,0,0
01004,09676,0,0,0
01004,09677,0,0,0
01004,09678,0,0,0
01004,09679,0,0,0
01004,09761,0,0,0
01004,09762,0,0,0
01004,09763,0,0,0
01004,09764,0,0,0
01004,09771,0,0,0
01004,09772,0,0,0
01004,09773,0,0,0
01004,09774,0,0,0
01004,09775,0,0,0
01004,09776,0,0,0
01004,09777,0,0,0
01004,09778,0,0,0
01004,09779,0,0,0
01004,09780,0,0,0
01004,10041,0,0,0
01004,10042,13,13,0
01004,10043,0,0,0
01004,10044,11,11,0
01004,10045,0,0,0
01004,10046,0,0,0
01004,11000,823,725,98
01004,12051,0,0,0
01004,12052,0,0,0
01004,12053,0,0,0
01004,12054,39,39,0
01004,12060,19,19,0
01004,12061,26,26,0
01004,12062,0,0,0
01004,12063,17,17,0
01004,12064,50,40,10
01004,12065,39,39,0
01004,12066,0,0,0
01004,12067,36,36,0
01004,12068,0,0,0
01004,12069,22,22,0
01004,12070,0,0,0
01004,12071,0,0,0
01004,12072,41,41,0
01004,12073,11,11,0
01004,13003,21,21,0
01004,13004,60,60,0
01004,13071,43,43,0
01004,13072,30,30,0
01004,13073,27,27,0
01004,13074,72,72,0
01004,13075,18,18,0
01004,13076,641,627,14
01004,14511,0,0,0
01004,14521,0,0,0
01004,14522,0,0,0
01004,14523,0,0,0
01004,14524,0,0,0
01004,14612,37,37,0
01004,14625,21,21,0
01004,14626,0,0,0
01004,14627,0,0,0
01004,14628,10,10,0
01004,14713,33,22,11
01004,14729,14,14,0
01004,14730,0,0,0
01004,15001,0,0,0
01004,15002,0,0,0
01004,15003,0,0,0
01004,15081,0,0,0
01004,15082,0,0,0
01004,15083,0,0,0
01004,15084,0,0,0
01004,15085,0,0,0
01004,15086,0,0,0
01004,15087,0,0,0
01004,15088,0,0,0
01004,15089,0,0,0
01004,15090,0,0,0
01004,15091,0,0,0
01004,16051,0,0,0
01004,16052,0,0,0
01004,16053,0,0,0
01004,16054,0,0,0
01004,16055,0,0,0
01004,16056,0,0,0
01004,16061,0,0,0
01004,16062,0,0,0
01004,16063,0,0,0
01004,16064,0,0,0
01004,16065,14,14,0
01004,16066,0,0,0
01004,16067,0,0,0
01004,16068,0,0,0
01004,16069,0,0,0
01004,16070,0,0,0
01004,16071,0,0,0
01004,16072,0,0,0
01004,16073,0,0,0
01004,16074,0,0,0
01004,16075,0,0,0
01004,16076,0,0,0
01004,16077,10,10,0
01051,01001,263,51,212
01051,01002,832,93,739
01051,01003,199,44,155
01051,01004,276,41,235
01051,01051,0,0,0
01051,01053,55,27,28
01051,01054,2880,1127,1753
01051,01055,142,69,73
01051,01056,819,259,560
01051,01057,127,59,68
01051,01058,2123,835,1288
01051,01059,839,392,447
01051,01060,289,94,195
01051,01061,4764,1938,2826
01051,01062,135,50,85
01051,02000,2453,465,1988
01051,03101,10,0,10
01051,03102,0,0,0
01051,03103,15,0,15
01051,03151,0,0,0
01051,03153,0,0,0
01051,03154,0,0,0
01051,03155,0,0,0
01051,03157,0,0,0
01051,03158,0,0,0
01051,03159,0,0,0
01051,03241,90,14,76
01051,03251,15,15,0
01051,03252,0,0,0
01051,03254,0,0,0
01051,03255,0,0,0
01051,03256,0,0,0
01051,03257,0,0,0
01051,03351,0,0,0
01051,03352,108,17,91
01051,03353,112,50,62
01051,03354,0,0,0
01051,03355,33,19,14
01051,03356,0,0,0
01051,03357,79,13,66
01051,03358,15,0,15
01051,03359,142,60,82
01051,03360,13,0,13
01051,03361,0,0,0
01051,03401,0,0,0
01051,03402,0,0,0
01051,03403,13,0,13
01051,03404,35,0,35
01051,03405,0,0,0
01051,03451,0,0,0
01051,03452,14,0,14
01051,03453,15,0,15
01051,03454,10,0,10
01051,03455,10,0,10
01051,03456,0,0,0
01051,03457,24,11,13
01051,03458,0,0,0
01051,03459,12,0,12
01051,03460,0,0,0
01051,03461,0,0,0
01051,03462,0,0,0
01051,04011,71,17,54
01051,04012,0,0,0
01051,05111,28,0,28
01051,05112,26,26,0
01051,05113,53,0,53
01051,05114,0,0,0
01051,05116,0,0,0
01051,05117,0,0,0
01051,05119,0,0,0
01051,05120,0,0,0
01051,05122,0,0,0
01051,05124,0,0,0
01051,05154,0,0,0
01051,05158,17,0,17
01051,05162,0,0,0
01051,05166,0,0,0
01051,05170,14,0,14
01051,05314,0,0,0
01051,05315,38,0,38
01051,05316,22,0,22
01051,05334,0,0,0
01051,05358,0,0,0
01051,05362,110,0,110
01051,05366,0,0,0
01051,05370,0,0,0
01051,05374,25,0,25
01051,05378,0,0,0
01051,05382,13,0,13
01051,05512,0,0,0
01051,05513,0,0,0
01051,05515,10,0,10
01051,05554,0,0,0
01051,05558,0,0,0
01051,05562,19,0,19
01051,05566,14,0,14
01051,05570,0,0,0
01051,05711,10,10,0
01051,05754,16,0,16
01051,05758,0,0,0
01051,05762,0,0,0
01051,05766,0,0,0
01051,05770,0,0,0
01051,05774,0,0,0
01051,05911,17,0,17
01051,05913,11,0,11
01051,05914,0,0,0
01051,05915,0,0,0
01051,05916,0,0,0
01051,05954,0,0,0
01051,05958,0,0,0
01051,05962,0,0,0
01051,05966,0,0,0
01051,05970,0,0,0
01051,05974,0,0,0
01051,05978,17,0,17
01051,06411,0,0,0
01051,06412,53,0,53
01051,06413,0,0,0
01051,06414,0,0,0
01051,06431,0,0,0
01051,06432,0,0,0
01051,06433,0,0,0
01051,06434,0,0,0
01051,06435,10,0,10
01051,06436,0,0,0
01051,06437,0,0,0
01051,06438,64,0,64
01051,06439,0,0,0
01051,06440,0,0,0
01051,06531,0,0,0
01051,06532,0,0,0
01051,06533,0,0,0
01051,06534,0,0,0
01051,06535,0,0,0
01051,06611,0,0,0
01051,06631,0,0,0
01051,06632,0,0,0
01051,06633,0,0,0
01051,06634,0,0,0
01051,06635,0,0,0
01051,06636,0,0,0
01051,07111,0,0,0
01051,07131,0,0,0
01051,07132,0,0,0
01051,07133,0,0,0
01051,07134,0,0,0
01051,07135,0,0,0
01051,07137,0,0,0
01051,07138,0,0,0
01051,07140,0,0,0
01051,07141,0,0,0
01051,07143,0,0,0
01051,07211,0,0,0
01051,07231,0,0,0
01051,07232,0,0,0
01051,07233,0,0,0
01051,07235,0,0,0
01051,07311,0,0,0
01051,07312,0,0,0
01051,07313,0,0,0
01051,07314,0,0,0
01051,07315,0,0,0
01051,07316,0,0,0
01051,07317,0,0,0
01051,07318,0,0,0
01051,07319,0,0,0
01051,07320,0,0,0
01051,07331,0,0,0
01051,07332,0,0,0
01051,07333,0,0,0
01051,07334,0,0,0
01051,07335,0,0,0
01051,07336,0,0,0
01051,07337,18,0,18
01051,07338,0,0,0
01051,07339,0,0,0
01051,07340,0,0,0
01051,08111,18,0,18
01051,08115,0,0,0
01051,08116,0,0,0
01051,08117,0,0,0
01051,08118,0,0,0
01051,08119,0,0,0
01051,08121,0,0,0
01051,08125,0,0,0
01051,08126,10,0,10
01051,08127,0,0,0
01051,08128,0,0,0
01051,08135,0,0,0
01051,08136,0,0,0
01051,08211,0,0,0
01051,08212,0,0,0
01051,08215,20,0,20
01051,08216,0,0,0
01051,08221,0,0,0
01051,08222,23,0,23
01051,08225,0,0,0
01051,08226,0,0,0
01051,08231,0,0,0
01051,08235,0,0,0
01051,08236,0,0,0
01051,08237,0,0,0
01051,08311,0,0,0
01051,08315,0,0,0
01051,08316,0,0,0
01051,08317,0,0,0
01051,08325,0,0,0
01051,08326,0,0,0
01051,08327,0,0,0
01051,08335,0,0,0
01051,08336,0,0,0
01051,08337,0,0,0
01051,08415,0,0,0
01051,08416,0,0,0
01051,08417,0,0,0
01051,08421,0,0,0
01051,08425,0,0,0
01051,08426,0,0,0
01051,08435,0,0,0
01051,08436,0,0,0
01051,08437,0,0,0
01051,09161,0,0,0
01051,09162,29,0,29
01051,09163,0,0,0
01051,09171,0,0,0
01051,09172,0,0,0
01051,09173,0,0,0
01051,09174,0,0,0
01051,09175,0,0,0
01051,09176,0,0,0
01051,09177,0,0,0
01051,09178,12,0,12
01051,09179,0,0,0
01051,09180,0,0,0
01051,09181,0,0,0
01051,09182,0,0,0
01051,09183,0,0,0
01051,09184,40,0,40
01051,09185,0,0,0
01051,09186,0,0,0
01051,09187,0,0,0
01051,09188,0,0,0
01051,09189,0,0,0
01051,09190,0,0,0
01051,09261,0,0,0
01051,09262,0,0,0
01051,09263,0,0,0
01051,09271,0,0,0
01051,09272,0,0,0
01051,09273,0,0,0
01051,09274,0,0,0
01051,09275,0,0,0
01051,09276,0,0,0
01051,09277,0,0,0
01051,09278,0,0,0
01051,09279,0,0,0
01051,09361,0,0,0
01051,09362,0,0,0
01051,09363,0,0,0
01051,09371,0,0,0
01051,09372,0,0,0
01051,09373,0,0,0
01051,09374,0,0,0
01051,09375,0,0,0
01051,09376,0,0,0
01051,09377,0,0,0
01051,09461,0,0,0
01051,09462,0,0,0
01051,09463,0,0,0
01051,09464,0,0,0
01051,09471,0,0,0
01051,09472,0,0,0
01051,09473,0,0,0
01051,09474,0,0,0
01051,09475,0,0,0
01051,09476,0,0,0
01051,09477,0,0,0
01051,09478,0,0,0
01051,09479,0,0,0
01051,09561,0,0,0
01051,09562,0,0,0
01051,09563,0,0,0
01051,09564,12,0,12
01051,09565,0,0,0
01051,09571,0,0,0
01051,09572,0,0,0
01051,09573,0,0,0
01051,09574,0,0,0
01051,09575,0,0,0
01051,09576,0,0,0
01051,09577,0,0,0
01051,09661,0,0,0
01051,09662,0,0,0
01051,09663,0,0,0
01051,09671,0,0,0
01051,09672,0,0,0
01051,09673,0,0,0
01051,09674,0,0,0
01051,09675,0,0,0
01051,09676,0,0,0
01051,09677,0,0,0
01051,09678,0,0,0
01051,09679,0,0,0
01051,09761,0,0,0
01051,09762,0,0,0
01051,09763,0,0,0
01051,09764,0,0,0
01051,09771,0,0,0
01051,09772,0,0,0
01051,09773,0,0,0
01051,09774,0,0,0
01051,09775,0,0,0
01051,09776,0,0,0
01051,09777,0,0,0
01051,09778,0,0,0
01051,09779,0,0,0
01051,09780,0,0,0
01051,10041,14,0,14
01051,10042,0,0,0
01051,10043,0,0,0
01051,10044,0,0,0
01051,10045,0,0,0
01051,10046,0,0,0
01051,11000,174,32,142
01051,12051,0,0,0
01051,12052,0,0,0
01051,12053,0,0,0
01051,12054,0,0,0
01051,12060,0,0,0
01051,12061,0,0,0
01051,12062,0,0,0
01051,12063,0,0,0
01051,12064,0,0,0
01051,12065,0,0,0
01051,12066,0,0,0
01051,12067,0,0,0
01051,12068,0,0,0
01051,12069,22,11,11
01051,12070,0,0,0
01051,12071,0,0,0
01051,12072,0,0,0
01051,12073,13,13,0
01051,13003,18,18,0
01051,13004,0,0,0
01051,13071,21,21,0
01051,13072,67,56,11
01051,13073,39,23,16
01051,13074,27,27,0
01051,13075,14,14,0
01051,13076,23,23,0
01051,14511,0,0,0
01051,14521,0,0,0
01051,14522,0,0,0
01051,14523,0,0,0
01051,14524,0,0,0
01051,14612,0,0,0
01051,14625,0,0,0
01051,14626,0,0,0
01051,14627,0,0,0
01051,14628,0,0,0
01051,14713,0,0,0
01051,14729,0,0,0
01051,14730,0,0,0
01051,15001,0,0,0
01051,15002,0,0,0
01051,15003,0,0,0
01051,15081,0,0,0
01051,15082,0,0,0
01051,15083,0,0,0
01051,15084,0,0,0
01051,15085,0,0,0
01051,15086,0,0,0
01051,15087,0,0,0
01051,15088,16,0,16
01051,15089,0,0,0
01051,15090,0,0,0
01051,15091,11,11,0
01051,16051,0,0,0
01051,16052,0,0,0
01051,16053,0,0,0
01051,16054,0,0,0
01051,16055,0,0,0
01051,16056,0,0,0
01051,16061,0,0,0
01051,16062,0,0,0
01051,16063,0,0,0
01051,16064,0,0,0
01051,16065,0,0,0
01051,16066,0,0,0
01051,16067,0,0,0
01051,16068,0,0,0
01051,16069,0,0,0
01051,16070,0,0,0
01051,16071,0,0,0
01051,16072,0,0,0
01051,16073,0,0,0
01051,16074,0,0,0
01051,16075,0,0,0
01051,16076,0,0,0
01051,16077,0,0,0
01053,01001,47,17,30
01053,01002,535,73,462
01053,01003,6743,1450,5293
01053,01004,136,35,101
01053,01051,55,28,27
01053,01053,0,0,0
01053,01054,76,26,50
01053,01055,810,343,467
01053,01056,376,157,219
01053,01057,88,51,37
01053,01058,174,76,98
01053,01059,55,34,21
01053,01060,743,267,476
01053,01061,182,44,138
01053,01062,10449,1957,8492
01053,02000,28055,4825,23230
01053,03101,17,0,17
01053,03102,0,0,0
01053,03103,15,0,15
01053,03151,0,0,0
01053,03153,11,0,11
01053,03154,0,0,0
01053,03155,0,0,0
01053,03157,0,0,0
01053,03158,0,0,0
01053,03159,32,13,19
01053,03241,241,33,208
01053,03251,11,0,11
01053,03252,0,0,0
01053,03254,13,0,13
01053,03255,0,0,0
01053,03256,0,0,0
01053,03257,0,0,0
01053,03351,69,15,54
01053,03352,53,29,24
01053,03353,1786,1143,643
01053,03354,49,49,0
01053,03355,2575,1783,792
01053,03356,10,0,10
01053,03357,75,37,38
01053,03358,72,32,40
01053,03359,139,62,77
01053,03360,175,141,34
01053,03361,21,0,21
01053,03401,0,0,0
01053,03402,0,0,0
01053,03403,12,0,12
01053,03404,24,0,24
01053,03405,10,0,10
01053,03451,27,12,15
01053,03452,12,12,0
01053,03453,15,0,15
01053,03454,36,11,25
01053,03455,0,0,0
01053,03456,0,0,0
01053,03457,0,0,0
01053,03458,0,0,0
01053,03459,29,12,17
01053,03460,0,0,0
01053,03461,0,0,0
01053,03462,0,0,0
01053,04011,140,27,113
01053,04012,0,0,0
01053,05111,122,21,101
01053,05112,15,0,15
01053,05113,37,0,37
01053,05114,11,0,11
01053,05116,20,0,20
01053,05117,0,0,0
01053,05119,0,0,0
01053,05120,0,0,0
01053,05122,0,0,0
01053,05124,0,0,0
01053,05154,0,0,0
01053,05158,30,0,30
01053,05162,10,0,10
01053,05166,0,0,0
01053,05170,0,0,0
01053,05314,28,12,16
01053,05315,99,10,89
01053,05316,0,0,0
01053,05334,33,0,33
01053,05358,0,0,0
01053,05362,26,11,15
01053,05366,0,0,0
01053,05370,0,0,0
01053,05374,17,0,17
01053,05378,0,0,0
01053,05382,31,19,12
01053,05512,0,0,0
01053,05513,16,16,0
01053,05515,28,10,18
01053,05554,17,17,0
01053,05558,0,0,0
01053,05562,26,10,16
01053,05566,12,12,0
01053,05570,0,0,0
01053,05711,20,0,20
01053,05754,37,10,27
01053,05758,15,0,15
01053,05762,0,0,0
01053,05766,10,0,10
01053,05770,10,0,10
01053,05774,13,0,13
01053,05911,19,0,19
01053,05913,57,0,57
01053,05914,10,0,10
01053,05915,13,0,13
01053,05916,0,0,0
01053,05954,10,0,10
01053,05958,0,0,0
01053,05962,0,0,0
01053,05966,0,0,0
01053,05970,0,0,0
01053,05974,0,0,0
01053,05978,27,10,17
01053,06411,0,0,0
01053,06412,166,48,118
01053,06413,14,14,0
01053,06414,50,11,39
01053,06431,0,0,0
01053,06432,0,0,0
01053,06433,28,14,14
01053,06434,18,0,18
01053,06435,10,0,10
01053,06436,52,13,39
01053,06437,0,0,0
01053,06438,39,10,29
01053,06439,0,0,0
01053,06440,13,13,0
01053,06531,0,0,0
01053,06532,13,0,13
01053,06533,0,0,0
01053,06534,0,0,0
01053,06535,0,0,0
01053,06611,12,0,12
01053,06631,12,0,12
01053,06632,0,0,0
01053,06633,0,0,0
01053,06634,0,0,0
01053,06635,0,0,0
01053,06636,0,0,0
01053,07111,0,0,0
01053,07131,0,0,0
01053,07132,0,0,0
01053,07133,0,0,0
01053,07134,0,0,0
01053,07135,0,0,0
01053,07137,0,0,0
01053,07138,0,0,0
01053,07140,0,0,0
01053,07141,0,0,0
01053,07143,0,0,0
01053,07211,0,0,0
01053,07231,0,0,0
01053,07232,0,0,0
01053,07233,0,0,0
01053,07235,0,0,0
01053,07311,0,0,0
01053,07312,0,0,0
01053,07313,0,0,0
01053,07314,0,0,0
01053,07315,10,0,10
01053,07316,0,0,0
01053,07317,0,0,0
01053,07318,0,0,0
01053,07319,0,0,0
01053,07320,0,0,0
01053,07331,0,0,0
01053,07332,0,0,0
01053,07333,0,0,0
01053,07334,0,0,0
01053,07335,0,0,0
01053,07336,0,0,0
01053,07337,0,0,0
01053,07338,0,0,0
01053,07339,0,0,0
01053,07340,0,0,0
01053,08111,32,0,32
01053,08115,12,0,12
01053,08116,27,0,27
01053,08117,0,0,0
01053,08118,15,0,15
01053,08119,0,0,0
01053,08121,0,0,0
01053,08125,16,0,16
01053,08126,16,0,16
01053,08127,0,0,0
01053,08128,0,0,0
01053,08135,0,0,0
01053,08136,45,0,45
01053,08211,0,0,0
01053,08212,10,0,10
01053,08215,13,0,13
01053,08216,0,0,0
01053,08221,0,0,0
01053,08222,13,0,13
01053,08225,0,0,0
01053,08226,20,0,20
01053,08231,0,0,0
01053,08235,0,0,0
01053,08236,0,0,0
01053,08237,0,0,0
01053,08311,0,0,0
01053,08315,0,0,0
01053,08316,0,0,0
01053,08317,13,0,13
01053,08325,0,0,0
01053,08326,0,0,0
01053,08327,0,0,0
01053,08335,11,0,11
01053,08336,0,0,0
01053,08337,0,0,0
01053,08415,0,0,0
01053,08416,0,0,0
01053,08417,0,0,0
01053,08421,0,0,0
01053,08425,11,11,0
01053,08426,0,0,0
01053,08435,0,0,0
01053,08436,0,0,0
01053,08437,0,0,0
01053,09161,0,0,0
01053,09162,163,64,99
01053,09163,0,0,0
01053,09171,0,0,0
01053,09172,0,0,0
01053,09173,0,0,0
01053,09174,0,0,0
01053,09175,0,0,0
01053,09176,0,0,0
01053,09177,0,0,0
01053,09178,15,0,15
01053,09179,0,0,0
01053,09180,0,0,0
01053,09181,0,0,0
01053,09182,0,0,0
01053,09183,0,0,0
01053,09184,40,0,40
01053,09185,0,0,0
01053,09186,0,0,0
01053,09187,0,0,0
01053,09188,0,0,0
01053,09189,0,0,0
01053,09190,0,0,0
01053,09261,0,0,0
01053,09262,0,0,0
01053,09263,0,0,0
01053,09271,0,0,0
01053,09272,0,0,0
01053,09273,0,0,0
01053,09274,0,0,0
01053,09275,0,0,0
01053,09276,0,0,0
01053,09277,13,13,0
01053,09278,0,0,0
01053,09279,0,0,0
01053,09361,0,0,0
01053,09362,0,0,0
01053,09363,0,0,0
01053,09371,0,0,0
01053,09372,0,0,0
01053,09373,0,0,0
01053,09374,0,0,0
01053,09375,0,0,0
01053,09376,0,0,0
01053,09377,0,0,0
01053,09461,0,0,0
01053,09462,0,0,0
01053,09463,0,0,0
01053,09464,0,0,0
01053,09471,0,0,0
01053,09472,0,0,0
01053,09473,0,0,0
01053,09474,0,0,0
01053,09475,0,0,0
01053,09476,0,0,0
01053,09477,0,0,0
01053,09478,0,0,0
01053,09479,0,0,0
01053,09561,0,0,0
01053,09562,0,0,0
01053,09563,0,0,0
01053,09564,20,0,20
01053,09565,0,0,0
01053,09571,0,0,0
01053,09572,0,0,0
01053,09573,0,0,0
01053,09574,0,0,0
01053,09575,0,0,0
01053,09576,0,0,0
01053,09577,0,0,0
01053,09661,0,0,0
01053,09662,0,0,0
01053,09663,0,0,0
01053,09671,0,0,0
01053,09672,0,0,0
01053,09673,0,0,0
01053,09674,0,0,0
01053,09675,0,0,0
01053,09676,0,0,0
01053,09677,0,0,0
01053,09678,0,0,0
01053,09679,0,0,0
01053,09761,0,0,0
01053,09762,0,0,0
01053,09763,0,0,0
01053,09764,0,0,0
01053,09771,0,0,0
01053,09772,0,0,0
01053,09773,0,0,0
01053,09774,0,0,0
01053,09775,11,0,11
01053,09776,0,0,0
01053,09777,0,0,0
01053,09778,0,0,0
01053,09779,0,0,0
01053,09780,0,0,0
01053,10041,0,0,0
01053,10042,0,0,0
01053,10043,0,0,0
01053,10044,0,0,0
01053,10045,0,0,0
01053,10046,0,0,0
01053,11000,578,281,297
01053,12051,0,0,0
01053,12052,0,0,0
01053,12053,0,0,0
01053,12054,14,0,14
01053,12060,0,0,0
01053,12061,37,0,37
01053,12062,0,0,0
01053,12063,16,16,0
01053,12064,13,13,0
01053,12065,10,10,0
01053,12066,0,0,0
01053,12067,0,0,0
01053,12068,16,16,0
01053,12069,19,19,0
01053,12070,29,29,0
01053,12071,0,0,0
01053,12072,12,12,0
01053,12073,11,11,0
01053,13003,78,36,42
01053,13004,202,107,95
01053,13071,46,36,10
01053,13072,103,64,39
01053,13073,48,29,19
01053,13074,1820,1428,392
01053,13075,48,34,14
01053,13076,3284,2478,806
01053,14511,0,0,0
01053,14521,0,0,0
01053,14522,0,0,0
01053,14523,0,0,0
01053,14524,0,0,0
01053,14612,16,0,16
01053,14625,0,0,0
01053,14626,0,0,0
01053,14627,0,0,0
01053,14628,0,0,0
01053,14713,29,17,12
01053,14729,0,0,0
01053,14730,0,0,0
01053,15001,0,0,0
01053,15002,31,0,31
01053,15003,22,11,11
01053,15081,22,22,0
01053,15082,0,0,0
01053,15083,0,0,0
01053,15084,0,0,0
01053,15085,0,0,0
01053,15086,0,0,0
01053,15087,0,0,0
01053,15088,12,12,0
01053,15089,0,0,0
01053,15090,11,11,0
01053,15091,0,0,0
01053,16051,0,0,0
01053,16052,0,0,0
01053,16053,0,0,0
01053,16054,0,0,0
01053,16055,0,0,0
01053,16056,0,0,0
01053,16061,0,0,0
01053,16062,0,0,0
01053,16063,0,0,0
01053,16064,0,0,0
01053,16065,0,0,0
01053,16066,0,0,0
01053,16067,0,0,0
01053,16068,0,0,0
01053,16069,0,0,0
01053,16070,0,0,0
01053,16071,0,0,0
01053,16072,0,0,0
01053,16073,0,0,0
01053,16074,0,0,0
01053,16075,0,0,0
01053,16076,0,0,0
01053,16077,0,0,0
01054,01001,3235,748,2487
01054,01002,815,188,627
01054,01003,143,53,90
01054,01004,214,34,180
01054,01051,2880,1753,1127
01054,01053,76,50,26
01054,01054,0,0,0
01054,01055,235,164,71
01054,01056,296,122,174
01054,01057,130,97,33
01054,01058,1054,425,629
01054,01059,5331,2611,2720
01054,01060,178,61,117
01054,01061,305,158,147
01054,01062,110,53,57
01054,02000,1558,425,1133
01054,03101,18,0,18
01054,03102,0,0,0
01054,03103,11,0,11
01054,03151,0,0,0
01054,03153,0,0,0
01054,03154,0,0,0
01054,03155,0,0,0
01054,03157,0,0,0
01054,03158,0,0,0
01054,03159,27,14,13
01054,03241,173,57,116
01054,03251,43,21,22
01054,03252,28,18,10
01054,03254,10,10,0
01054,03255,0,0,0
01054,03256,11,11,0
01054,03257,10,0,10
01054,03351,27,14,13
01054,03352,60,44,16
01054,03353,82,42,40
01054,03354,0,0,0
01054,03355,58,46,12
01054,03356,11,11,0
01054,03357,66,35,31
01054,03358,36,24,12
01054,03359,96,33,63
01054,03360,11,11,0
01054,03361,18,18,0
01054,03401,0,0,0
01054,03402,0,0,0
01054,03403,0,0,0
01054,03404,14,0,14
01054,03405,0,0,0
01054,03451,0,0,0
01054,03452,29,15,14
01054,03453,13,0,13
01054,03454,27,10,17
01054,03455,41,12,29
01054,03456,0,0,0
01054,03457,10,10,0
01054,03458,12,12,0
01054,03459,10,10,0
01054,03460,32,12,20
01054,03461,11,11,0
01054,03462,10,10,0
01054,04011,135,65,70
01054,04012,52,12,40
01054,05111,72,23,49
01054,05112,11,11,0
01054,05113,33,11,22
01054,05114,0,0,0
01054,05116,0,0,0
01054,05117,0,0,0
01054,05119,0,0,0
01054,05120,0,0,0
01054,05122,0,0,0
01054,05124,0,0,0
01054,05154,0,0,0
01054,05158,19,0,19
01054,05162,10,10,0
01054,05166,0,0,0
01054,05170,20,0,20
01054,05314,0,0,0
01054,05315,106,32,74
01054,05316,0,0,0
01054,05334,20,10,10
01054,05358,0,0,0
01054,05362,0,0,0
01054,05366,0,0,0
01054,05370,0,0,0
01054,05374,12,0,12
01054,05378,0,0,0
01054,05382,78,12,66
01054,05512,0,0,0
01054,05513,0,0,0
01054,05515,20,0,20
01054,05554,0,0,0
01054,05558,0,0,0
01054,05562,17,17,0
01054,05566,31,20,11
01054,05570,0,0,0
01054,05711,13,0,13
01054,05754,14,0,14
01054,05758,32,0,32
01054,05762,10,10,0
01054,05766,16,16,0
01054,05770,0,0,0
01054,05774,18,18,0
01054,05911,23,11,12
01054,05913,33,13,20
01054,05914,0,0,0
01054,05915,10,10,0
01054,05916,0,0,0
01054,05954,11,11,0
01054,05958,35,0,35
01054,05962,0,0,0
01054,05966,0,0,0
01054,05970,0,0,0
01054,05974,31,19,12
01054,05978,25,12,13
01054,06411,0,0,0
01054,06412,78,17,61
01054,06413,0,0,0
01054,06414,14,0,14
01054,06431,0,0,0
01054,06432,0,0,0
01054,06433,0,0,0
01054,06434,19,0,19
01054,06435,16,16,0
01054,06436,11,11,0
01054,06437,0,0,0
01054,06438,11,0,11
01054,06439,0,0,0
01054,06440,0,0,0
01054,06531,0,0,0
01054,06532,0,0,0
01054,06533,0,0,0
01054,06534,0,0,0
01054,06535,0,0,0
01054,06611,0,0,0
01054,06631,0,0,0
01054,06632,0,0,0
01054,06633,15,15,0
01054,06634,0,0,0
01054,06635,0,0,0
01054,06636,0,0,0
01054,07111,0,0,0
01054,07131,0,0,0
01054,07132,0,0,0
01054,07133,0,0,0
01054,07134,0,0,0
01054,07135,0,0,0
01054,07137,0,0,0
01054,07138,0,0,0
01054,07140,0,0,0
01054,07141,0,0,0
01054,07143,0,0,0
01054,07211,0,0,0
01054,07231,22,22,0
01054,07232,12,12,0
01054,07233,0,0,0
01054,07235,0,0,0
01054,07311,0,0,0
01054,07312,0,0,0
01054,07313,0,0,0
01054,07314,0,0,0
01054,07315,0,0,0
01054,07316,0,0,0
01054,07317,0,0,0
01054,07318,0,0,0
01054,07319,0,0,0
01054,07320,0,0,0
01054,07331,0,0,0
01054,07332,0,0,0
01054,07333,0,0,0
01054,07334,0,0,0
01054,07335,0,0,0
01054,07336,0,0,0
01054,07337,0,0,0
01054,07338,0,0,0
01054,07339,0,0,0
01054,07340,0,0,0
01054,08111,22,10,12
01054,08115,0,0,0
01054,08116,0,0,0
01054,08117,11,11,0
01054,08118,10,10,0
01054,08119,0,0,0
01054,08121,0,0,0
01054,08125,0,0,0
01054,08126,0,0,0
01054,08127,0,0,0
01054,08128,0,0,0
01054,08135,0,0,0
01054,08136,0,0,0
01054,08211,10,0,10
01054,08212,0,0,0
01054,08215,12,0,12
01054,08216,0,0,0
01054,08221,0,0,0
01054,08222,10,0,10
01054,08225,0,0,0
01054,08226,0,0,0
01054,08231,0,0,0
01054,08235,0,0,0
01054,08236,0,0,0
01054,08237,0,0,0
01054,08311,0,0,0
01054,08315,0,0,0
01054,08316,0,0,0
01054,08317,10,0,10
01054,08325,0,0,0
01054,08326,0,0,0
01054,08327,0,0,0
01054,08335,0,0,0
01054,08336,0,0,0
01054,08337,0,0,0
01054,08415,0,0,0
01054,08416,0,0,0
01054,08417,0,0,0
01054,08421,0,0,0
01054,08425,0,0,0
01054,08426,0,0,0
01054,08435,0,0,0
01054,08436,0,0,0
01054,08437,0,0,0
01054,09161,0,0,0
01054,09162,93,23,70
01054,09163,0,0,0
01054,09171,0,0,0
01054,09172,0,0,0
01054,09173,0,0,0
01054,09174,0,0,0
01054,09175,0,0,0
01054,09176,0,0,0
01054,09177,0,0,0
01054,09178,0,0,0
01054,09179,0,0,0
01054,09180,0,0,0
01054,09181,0,0,0
01054,09182,0,0,0
01054,09183,0,0,0
01054,09184,16,0,16
01054,09185,0,0,0
01054,09186,0,0,0
01054,09187,0,0,0
01054,09188,0,0,0
01054,09189,0,0,0
01054,09190,0,0,0
01054,09261,0,0,0
01054,09262,0,0,0
01054,09263,0,0,0
01054,09271,0,0,0
01054,09272,0,0,0
01054,09273,0,0,0
01054,09274,0,0,0
01054,09275,0,0,0
01054,09276,0,0,0
01054,09277,0,0,0
01054,09278,0,0,0
01054,09279,0,0,0
01054,09361,0,0,0
01054,09362,0,0,0
01054,09363,0,0,0
01054,09371,0,0,0
01054,09372,0,0,0
01054,09373,0,0,0
01054,09374,0,0,0
01054,09375,0,0,0
01054,09376,0,0,0
01054,09377,0,0,0
01054,09461,0,0,0
01054,09462,0,0,0
01054,09463,0,0,0
01054,09464,0,0,0
01054,09471,0,0,0
01054,09472,0,0,0
01054,09473,0,0,0
01054,09474,0,0,0
01054,09475,0,0,0
01054,09476,0,0,0
01054,09477,0,0,0
01054,09478,0,0,0
01054,09479,0,0,0
01054,09561,0,0,0
01054,09562,0,0,0
01054,09563,0,0,0
01054,09564,11,0,11
01054,09565,0,0,0
01054,09571,0,0,0
01054,09572,0,0,0
01054,09573,0,0,0
01054,09574,0,0,0
01054,09575,0,0,0
01054,09576,0,0,0
01054,09577,0,0,0
01054,09661,0,0,0
01054,09662,0,0,0
01054,09663,0,0,0
01054,09671,11,11,0
01054,09672,0,0,0
01054,09673,0,0,0
01054,09674,0,0,0
01054,09675,0,0,0
01054,09676,0,0,0
01054,09677,0,0,0
01054,09678,0,0,0
01054,09679,0,0,0
01054,09761,16,16,0
01054,09762,0,0,0
01054,09763,0,0,0
01054,09764,0,0,0
01054,09771,0,0,0
01054,09772,0,0,0
01054,09773,0,0,0
01054,09774,0,0,0
01054,09775,0,0,0
01054,09776,0,0,0
01054,09777,0,0,0
01054,09778,0,0,0
01054,09779,0,0,0
01054,09780,0,0,0
01054,10041,163,0,163
01054,10042,0,0,0
01054,10043,0,0,0
01054,10044,0,0,0
01054,10045,0,0,0
01054,10046,0,0,0
01054,11000,360,157,203
01054,12051,0,0,0
01054,12052,24,24,0
01054,12053,0,0,0
01054,12054,0,0,0
01054,12060,16,16,0
01054,12061,10,10,0
01054,12062,48,48,0
01054,12063,13,13,0
01054,12064,23,23,0
01054,12065,0,0,0
01054,12066,39,39,0
01054,12067,14,14,0
01054,12068,20,20,0
01054,12069,13,13,0
01054,12070,27,27,0
01054,12071,21,21,0
01054,12072,0,0,0
01054,12073,20,20,0
01054,13003,44,26,18
01054,13004,11,11,0
01054,13071,36,26,10
01054,13072,47,30,17
01054,13073,76,60,16
01054,13074,48,48,0
01054,13075,94,80,14
01054,13076,54,43,11
01054,14511,0,0,0
01054,14521,10,10,0
01054,14522,11,11,0
01054,14523,0,0,0
01054,14524,0,0,0
01054,14612,10,10,0
01054,14625,16,16,0
01054,14626,0,0,0
01054,14627,13,13,0
01054,14628,0,0,0
01054,14713,23,23,0
01054,14729,13,13,0
01054,14730,0,0,0
01054,15001,0,0,0
01054,15002,15,15,0
01054,15003,18,18,0
01054,15081,0,0,0
01054,15082,0,0,0
01054,15083,27,27,0
01054,15084,0,0,0
01054,15085,14,14,0
01054,15086,16,16,0
01054,15087,0,0,0
01054,15088,11,11,0
01054,15089,40,40,0
01054,15090,26,26,0
01054,15091,0,0,0
01054,16051,17,17,0
01054,16052,0,0,0
01054,16053,0,0,0
01054,16054,0,0,0
01054,16055,0,0,0
01054,16056,0,0,0
01054,16061,0,0,0
01054,16062,0,0,0
01054,16063,0,0,0
01054,16064,13,13,0
01054,16065,11,11,0
01054,16066,0,0,0
01054,16067,0,0,0
01054,16068,0,0,0
01054,16069,0,0,0
01054,16070,0,0,0
01054,16071,0,0,0
01054,16072,0,0,0
01054,16073,0,0,0
01054,16074,0,0,0
01054,16075,0,0,0
01054,16076,0,0,0
01054,16077,0,0,0
01055,01001,74,42,32
01055,01002,1890,411,1479
01055,01003,20547,6964,13583
01055,01004,451,62,389
01055,01051,142,73,69
01055,01053,810,467,343
01055,01054,235,71,164
01055,01055,0,0,0
01055,01056,223,76,147
01055,01057,3295,1986,1309
01055,01058,485,225,260
01055,01059,166,112,54
01055,01060,2105,987,1118
01055,01061,127,35,92
01055,01062,2417,786,1631
01055,02000,3551,535,3016
01055,03101,35,10,25
01055,03102,0,0,0
01055,03103,16,0,16
01055,03151,0,0,0
01055,03153,0,0,0
01055,03154,0,0,0
01055,03155,0,0,0
01055,03157,0,0,0
01055,03158,0,0,0
01055,03159,34,15,19
01055,03241,288,62,226
01055,03251,40,16,24
01055,03252,0,0,0
01055,03254,27,15,12
01055,03255,0,0,0
01055,03256,0,0,0
01055,03257,26,15,11
01055,03351,31,10,21
01055,03352,62,40,22
01055,03353,156,59,97
01055,03354,0,0,0
01055,03355,89,50,39
01055,03356,14,14,0
01055,03357,45,17,28
01055,03358,41,19,22
01055,03359,63,34,29
01055,03360,31,19,12
01055,03361,25,12,13
01055,03401,16,0,16
01055,03402,0,0,0
01055,03403,41,15,26
01055,03404,34,0,34
01055,03405,0,0,0
01055,03451,0,0,0
01055,03452,11,11,0
01055,03453,0,0,0
01055,03454,19,0,19
01055,03455,0,0,0
01055,03456,19,0,19
01055,03457,0,0,0
01055,03458,16,0,16
01055,03459,10,10,0
01055,03460,10,0,10
01055,03461,0,0,0
01055,03462,0,0,0
01055,04011,150,27,123
01055,04012,31,20,11
01055,05111,47,0,47
01055,05112,14,0,14
01055,05113,51,0,51
01055,05114,0,0,0
01055,05116,0,0,0
01055,05117,0,0,0
01055,05119,0,0,0
01055,05120,0,0,0
01055,05122,0,0,0
01055,05124,10,10,0
01055,05154,10,0,10
01055,05158,33,0,33
01055,05162,18,0,18
01055,05166,0,0,0
01055,05170,12,0,12
01055,05314,17,0,17
01055,05315,85,0,85
01055,05316,0,0,0
01055,05334,15,0,15
01055,05358,0,0,0
01055,05362,25,0,25
01055,05366,0,0,0
01055,05370,0,0,0
01055,05374,0,0,0
01055,05378,0,0,0
01055,05382,22,0,22
01055,05512,0,0,0
01055,05513,0,0,0
01055,05515,21,0,21
01055,05554,0,0,0
01055,05558,0,0,0
01055,05562,11,0,11
01055,05566,19,0,19
01055,05570,0,0,0
01055,05711,41,12,29
01055,05754,34,0,34
01055,05758,19,0,19
01055,05762,0,0,0
01055,05766,20,0,20
01055,05770,18,0,18
01055,05774,14,14,0
01055,05911,24,10,14
01055,05913,42,10,32
01055,05914,0,0,0
01055,05915,0,0,0
01055,05916,0,0,0
01055,05954,0,0,0
01055,05958,0,0,0
01055,05962,15,0,15
01055,05966,0,0,0
01055,05970,40,0,40
01055,05974,11,0,11
01055,05978,18,0,18
01055,06411,0,0,0
01055,06412,74,0,74
01055,06413,0,0,0
01055,06414,0,0,0
01055,06431,0,0,0
01055,06432,0,0,0
01055,06433,0,0,0
01055,06434,25,0,25
01055,06435,10,0,10
01055,06436,20,0,20
01055,06437,0,0,0
01055,06438,19,0,19
01055,06439,0,0,0
01055,06440,0,0,0
01055,06531,0,0,0
01055,06532,0,0,0
01055,06533,0,0,0
01055,06534,0,0,0
01055,06535,0,0,0
01055,06611,10,0,10
01055,06631,10,0,10
01055,06632,0,0,0
01055,06633,0,0,0
01055,06634,0,0,0
01055,06635,0,0,0
01055,06636,0,0,0
01055,07111,0,0,0
01055,07131,0,0,0
01055,07132,0,0,0
01055,07133,0,0,0
01055,07134,0,0,0
01055,07135,0,0,0
01055,07137,0,0,0
01055,07138,10,0,10
01055,07140,0,0,0
01055,07141,0,0,0
01055,07143,0,0,0
01055,07211,0,0,0
01055,07231,0,0,0
01055,07232,0,0,0
01055,07233,0,0,0
01055,07235,0,0,0
01055,07311,0,0,0
01055,07312,0,0,0
01055,07313,0,0,0
01055,07314,0,0,0
01055,07315,12,0,12
01055,07316,0,0,0
01055,07317,0,0,0
01055,07318,0,0,0
01055,07319,0,0,0
01055,07320,0,0,0
01055,07331,0,0,0
01055,07332,0,0,0
01055,07333,0,0,0
01055,07334,0,0,0
01055,07335,0,0,0
01055,07336,0,0,0
01055,07337,0,0,0
01055,07338,0,0,0
01055,07339,0,0,0
01055,07340,0,0,0
01055,08111,35,0,35
01055,08115,10,0,10
01055,08116,17,0,17
01055,08117,0,0,0
01055,08118,0,0,0
01055,08119,0,0,0
01055,08121,0,0,0
01055,08125,0,0,0
01055,08126,17,0,17
01055,08127,0,0,0
01055,08128,0,0,0
01055,08135,0,0,0
01055,08136,0,0,0
01055,08211,0,0,0
01055,08212,0,0,0
01055,08215,18,0,18
01055,08216,0,0,0
01055,08221,0,0,0
01055,08222,12,0,12
01055,08225,0,0,0
01055,08226,18,0,18
01055,08231,0,0,0
01055,08235,0,0,0
01055,08236,0,0,0
01055,08237,0,0,0
01055,08311,0,0,0
01055,08315,0,0,0
01055,08316,0,0,0
01055,08317,13,0,13
01055,08325,0,0,0
01055,08326,0,0,0
01055,08327,0,0,0
01055,08335,10,0,10
01055,08336,0,0,0
01055,08337,0,0,0
01055,08415,0,0,0
01055,08416,0,0,0
01055,08417,14,0,14
01055,08421,0,0,0
01055,08425,0,0,0
01055,08426,0,0,0
01055,08435,0,0,0
01055,08436,0,0,0
01055,08437,0,0,0
01055,09161,0,0,0
01055,09162,106,10,96
01055,09163,0,0,0
01055,09171,0,0,0
01055,09172,0,0,0
01055,09173,0,0,0
01055,09174,0,0,0
01055,09175,0,0,0
01055,09176,0,0,0
01055,09177,0,0,0
01055,09178,10,0,10
01055,09179,0,0,0
01055,09180,0,0,0
01055,09181,0,0,0
01055,09182,0,0,0
01055,09183,0,0,0
01055,09184,27,0,27
01055,09185,0,0,0
01055,09186,0,0,0
01055,09187,0,0,0
01055,09188,0,0,0
01055,09189,0,0,0
01055,09190,0,0,0
01055,09261,0,0,0
01055,09262,0,0,0
01055,09263,0,0,0
01055,09271,0,0,0
01055,09272,0,0,0
01055,09273,0,0,0
01055,09274,0,0,0
01055,09275,0,0,0
01055,09276,0,0,0
01055,09277,0,0,0
01055,09278,0,0,0
01055,09279,0,0,0
01055,09361,0,0,0
01055,09362,0,0,0
01055,09363,0,0,0
01055,09371,0,0,0
01055,09372,0,0,0
01055,09373,0,0,0
01055,09374,0,0,0
01055,09375,0,0,0
01055,09376,0,0,0
01055,09377,0,0,0
01055,09461,0,0,0
01055,09462,0,0,0
01055,09463,0,0,0
01055,09464,0,0,0
01055,09471,0,0,0
01055,09472,0,0,0
01055,09473,0,0,0
01055,09474,0,0,0
01055,09475,0,0,0
01055,09476,0,0,0
01055,09477,0,0,0
01055,09478,0,0,0
01055,09479,0,0,0
01055,09561,0,0,0
01055,09562,0,0,0
01055,09563,0,0,0
01055,09564,21,0,21
01055,09565,0,0,0
01055,09571,0,0,0
01055,09572,0,0,0
01055,09573,0,0,0
01055,09574,0,0,0
01055,09575,0,0,0
01055,09576,0,0,0
01055,09577,0,0,0
01055,09661,0,0,0
01055,09662,0,0,0
01055,09663,0,0,0
01055,09671,0,0,0
01055,09672,0,0,0
01055,09673,0,0,0
01055,09674,0,0,0
01055,09675,0,0,0
01055,09676,0,0,0
01055,09677,0,0,0
01055,09678,0,0,0
01055,09679,0,0,0
01055,09761,0,0,0
01055,09762,0,0,0
01055,09763,0,0,0
01055,09764,0,0,0
01055,09771,0,0,0
01055,09772,0,0,0
01055,09773,0,0,0
01055,09774,0,0,0
01055,09775,0,0,0
01055,09776,0,0,0
01055,09777,0,0,0
01055,09778,0,0,0
01055,09779,0,0,0
01055,09780,0,0,0
01055,10041,0,0,0
01055,10042,0,0,0
01055,10043,0,0,0
01055,10044,0,0,0
01055,10045,0,0,0
01055,10046,0,0,0
01055,11000,369,121,248
01055,12051,0,0,0
01055,12052,0,0,0
01055,12053,0,0,0
01055,12054,11,0,11
01055,12060,0,0,0
01055,12061,0,0,0
01055,12062,0,0,0
01055,12063,0,0,0
01055,12064,0,0,0
01055,12065,11,0,11
01055,12066,0,0,0
01055,12067,0,0,0
01055,12068,0,0,0
01055,12069,19,0,19
01055,12070,29,12,17
01055,12071,0,0,0
01055,12072,0,0,0
01055,12073,0,0,0
01055,13003,287,204,83
01055,13004,104,55,49
01055,13071,56,41,15
01055,13072,234,198,36
01055,13073,250,225,25
01055,13074,1233,860,373
01055,13075,115,94,21
01055,13076,109,83,26
01055,14511,0,0,0
01055,14521,0,0,0
01055,14522,0,0,0
01055,14523,0,0,0
01055,14524,0,0,0
01055,14612,19,0,19
01055,14625,0,0,0
01055,14626,0,0,0
01055,14627,0,0,0
01055,14628,0,0,0
01055,14713,23,13,10
01055,14729,0,0,0
01055,14730,0,0,0
01055,15001,0,0,0
01055,15002,34,10,24
01055,15003,30,0,30
01055,15081,0,0,0
01055,15082,0,0,0
01055,15083,10,10,0
01055,15084,0,0,0
01055,15085,0,0,0
01055,15086,0,0,0
01055,15087,0,0,0
01055,15088,0,0,0
01055,15089,12,12,0
01055,15090,0,0,0
01055,15091,0,0,0
01055,16051,12,0,12
01055,16052,0,0,0
01055,16053,0,0,0
01055,16054,0,0,0
01055,16055,0,0,0
01055,16056,0,0,0
01055,16061,0,0,0
01055,16062,0,0,0
01055,16063,0,0,0
01055,16064,0,0,0
01055,16065,0,0,0
01055,16066,0,0,0
01055,16067,0,0,0
01055,16068,0,0,0
01055,16069,0,0,0
01055,16070,0,0,0
01055,16071,0,0,0
01055,16072,0,0,0
01055,16073,0,0,0
01055,16074,0,0,0
01055,16075,0,0,0
01055,16076,0,0,0
01055,16077,0,0,0
01056,01001,109,45,64
01056,01002,1017,261,756
01056,01003,420,182,238
01056,01004,752,266,486
01056,01051,819,560,259
01056,01053,376,219,157
01056,01054,296,174,122
01056,01055,223,147,76
01056,01056,0,0,0
01056,01057,152,107,45
01056,01058,897,520,377
01056,01059,180,103,77
01056,01060,10402,4616,5786
01056,01061,9553,6968,2585
01056,01062,1485,591,894
01056,02000,66416,14691,51725
01056,03101,65,35,30
01056,03102,15,15,0
01056,03103,18,0,18
01056,03151,12,12,0
01056,03153,35,13,22
01056,03154,0,0,0
01056,03155,0,0,0
01056,03157,22,11,11
01056,03158,13,13,0
01056,03159,36,19,17
01056,03241,387,98,289
01056,03251,58,33,25
01056,03252,10,10,0
01056,03254,40,24,16
01056,03255,0,0,0
01056,03256,57,12,45
01056,03257,17,17,0
01056,03351,97,24,73
01056,03352,159,104,55
01056,03353,1099,611,488
01056,03354,14,14,0
01056,03355,282,170,112
01056,03356,38,25,13
01056,03357,137,86,51
01056,03358,95,55,40
01056,03359,488,325,163
01056,03360,41,29,12
01056,03361,67,28,39
01056,03401,28,15,13
01056,03402,11,0,11
01056,03403,33,18,15
01056,03404,60,11,49
01056,03405,35,35,0
01056,03451,30,16,14
01056,03452,32,32,0
01056,03453,28,14,14
01056,03454,41,21,20
01056,03455,19,19,0
01056,03456,0,0,0
01056,03457,37,14,23
01056,03458,23,23,0
01056,03459,44,20,24
01056,03460,31,20,11
01056,03461,0,0,0
01056,03462,0,0,0
01056,04011,432,139,293
01056,04012,130,41,89
01056,05111,289,24,265
01056,05112,52,21,31
01056,05113,97,29,68
01056,05114,42,24,18
01056,05116,16,0,16
01056,05117,0,0,0
01056,05119,10,10,0
01056,05120,0,0,0
01056,05122,10,0,10
01056,05124,37,16,21
01056,05154,30,17,13
01056,05158,112,33,79
01056,05162,80,19,61
01056,05166,54,12,42
01056,05170,28,15,13
01056,05314,50,14,36
01056,05315,227,37,190
01056,05316,13,0,13
01056,05334,105,24,81
01056,05358,11,11,0
01056,05362,37,13,24
01056,05366,11,11,0
01056,05370,0,0,0
01056,05374,41,0,41
01056,05378,10,10,0
01056,05382,56,28,28
01056,05512,0,0,0
01056,05513,26,11,15
01056,05515,59,26,33
01056,05554,11,11,0
01056,05558,23,11,12
01056,05562,51,28,23
01056,05566,45,16,29
01056,05570,0,0,0
01056,05711,56,16,40
01056,05754,57,23,34
01056,05758,27,16,11
01056,05762,0,0,0
01056,05766,47,21,26
01056,05770,47,17,30
01056,05774,30,15,15
01056,05911,34,16,18
01056,05913,150,22,128
01056,05914,12,0,12
01056,05915,0,0,0
01056,05916,0,0,0
01056,05954,23,23,0
01056,05958,0,0,0
01056,05962,30,10,20
01056,05966,0,0,0
01056,05970,18,0,18
01056,05974,37,10,27
01056,05978,46,17,29
01056,06411,37,16,21
01056,06412,284,24,260
01056,06413,0,0,0
01056,06414,71,14,57
01056,06431,18,0,18
01056,06432,26,15,11
01056,06433,41,10,31
01056,06434,59,0,59
01056,06435,27,16,11
01056,06436,59,0,59
01056,06437,0,0,0
01056,06438,91,13,78
01056,06439,0,0,0
01056,06440,10,0,10
01056,06531,0,0,0
01056,06532,24,14,10
01056,06533,0,0,0
01056,06534,0,0,0
01056,06535,0,0,0
01056,06611,24,24,0
01056,06631,10,10,0
01056,06632,0,0,0
01056,06633,20,20,0
01056,06634,0,0,0
01056,06635,0,0,0
01056,06636,0,0,0
01056,07111,0,0,0
01056,07131,0,0,0
01056,07132,0,0,0
01056,07133,0,0,0
01056,07134,0,0,0
01056,07135,0,0,0
01056,07137,0,0,0
01056,07138,0,0,0
01056,07140,0,0,0
01056,07141,0,0,0
01056,07143,0,0,0
01056,07211,0,0,0
01056,07231,0,0,0
01056,07232,0,0,0
01056,07233,0,0,0
01056,07235,0,0,0
01056,07311,0,0,0
01056,07312,0,0,0
01056,07313,0,0,0
01056,07314,0,0,0
01056,07315,27,15,12
01056,07316,0,0,0
01056,07317,0,0,0
01056,07318,0,0,0
01056,07319,0,0,0
01056,07320,0,0,0
01056,07331,10,10,0
01056,07332,0,0,0
01056,07333,0,0,0
01056,07334,0,0,0
01056,07335,0,0,0
01056,07336,0,0,0
01056,07337,0,0,0
01056,07338,0,0,0
01056,07339,0,0,0
01056,07340,0,0,0
01056,08111,83,10,73
01056,08115,38,14,24
01056,08116,69,20,49
01056,08117,0,0,0
01056,08118,41,13,28
01056,08119,30,12,18
01056,08121,13,0,13
01056,08125,16,0,16
01056,08126,21,0,21
01056,08127,0,0,0
01056,08128,0,0,0
01056,08135,0,0,0
01056,08136,10,0,10
01056,08211,0,0,0
01056,08212,36,12,24
01056,08215,67,39,28
01056,08216,0,0,0
01056,08221,16,0,16
01056,08222,26,0,26
01056,08225,0,0,0
01056,08226,61,31,30
01056,08231,0,0,0
01056,08235,0,0,0
01056,08236,13,13,0
01056,08237,0,0,0
01056,08311,17,0,17
01056,08315,13,0,13
01056,08316,0,0,0
01056,08317,17,0,17
01056,08325,0,0,0
01056,08326,13,0,13
01056,08327,0,0,0
01056,08335,15,0,15
01056,08336,18,0,18
01056,08337,0,0,0
01056,08415,12,12,0
01056,08416,0,0,0
01056,08417,10,0,10
01056,08421,22,0,22
01056,08425,0,0,0
01056,08426,12,0,12
01056,08435,0,0,0
01056,08436,12,12,0
01056,08437,11,0,11
01056,09161,15,0,15
01056,09162,388,58,330
01056,09163,0,0,0
01056,09171,0,0,0
01056,09172,0,0,0
01056,09173,0,0,0
01056,09174,13,0,13
01056,09175,10,0,10
01056,09176,0,0,0
01056,09177,0,0,0
01056,09178,51,17,34
01056,09179,12,12,0
01056,09180,0,0,0
01056,09181,0,0,0
01056,09182,0,0,0
01056,09183,0,0,0
01056,09184,122,17,105
01056,09185,0,0,0
01056,09186,13,0,13
01056,09187,11,11,0
01056,09188,17,0,17
01056,09189,12,0,12
01056,09190,0,0,0
01056,09261,0,0,0
01056,09262,0,0,0
01056,09263,0,0,0
01056,09271,0,0,0
01056,09272,0,0,0
01056,09273,0,0,0
01056,09274,11,11,0
01056,09275,0,0,0
01056,09276,0,0,0
01056,09277,0,0,0
01056,09278,0,0,0
01056,09279,0,0,0
01056,09361,0,0,0
01056,09362,15,0,15
01056,09363,0,0,0
01056,09371,0,0,0
01056,09372,0,0,0
01056,09373,0,0,0
01056,09374,0,0,0
01056,09375,0,0,0
01056,09376,0,0,0
01056,09377,0,0,0
01056,09461,28,0,28
01056,09462,0,0,0
01056,09463,0,0,0
01056,09464,0,0,0
01056,09471,12,12,0
01056,09472,0,0,0
01056,09473,0,0,0
01056,09474,0,0,0
01056,09475,27,0,27
01056,09476,0,0,0
01056,09477,0,0,0
01056,09478,0,0,0
01056,09479,0,0,0
01056,09561,0,0,0
01056,09562,0,0,0
01056,09563,0,0,0
01056,09564,88,19,69
01056,09565,0,0,0
01056,09571,0,0,0
01056,09572,0,0,0
01056,09573,0,0,0
01056,09574,0,0,0
01056,09575,0,0,0
01056,09576,0,0,0
01056,09577,0,0,0
01056,09661,0,0,0
01056,09662,0,0,0
01056,09663,0,0,0
01056,09671,0,0,0
01056,09672,10,0,10
01056,09673,0,0,0
01056,09674,0,0,0
01056,09675,0,0,0
01056,09676,0,0,0
01056,09677,0,0,0
01056,09678,0,0,0
01056,09679,0,0,0
01056,09761,17,0,17
01056,09762,0,0,0
01056,09763,0,0,0
01056,09764,0,0,0
01056,09771,0,0,0
01056,09772,10,10,0
01056,09773,0,0,0
01056,09774,0,0,0
01056,09775,0,0,0
01056,09776,0,0,0
01056,09777,0,0,0
01056,09778,0,0,0
01056,09779,13,0,13
01056,09780,0,0,0
01056,10041,18,0,18
01056,10042,0,0,0
01056,10043,0,0,0
01056,10044,0,0,0
01056,10045,0,0,0
01056,10046,0,0,0
01056,11000,724,210,514
01056,12051,0,0,0
01056,12052,0,0,0
01056,12053,0,0,0
01056,12054,15,0,15
01056,12060,17,17,0
01056,12061,13,13,0
01056,12062,0,0,0
01056,12063,25,13,12
01056,12064,18,18,0
01056,12065,32,32,0
01056,12066,0,0,0
01056,12067,18,0,18
01056,12068,0,0,0
01056,12069,51,33,18
01056,12070,22,22,0
01056,12071,0,0,0
01056,12072,0,0,0
01056,12073,0,0,0
01056,13003,74,30,44
01056,13004,77,45,32
01056,13071,49,37,12
01056,13072,72,53,19
01056,13073,70,52,18
01056,13074,109,68,41
01056,13075,65,51,14
01056,13076,189,139,50
01056,14511,0,0,0
01056,14521,22,0,22
01056,14522,12,12,0
01056,14523,0,0,0
01056,14524,0,0,0
01056,14612,68,31,37
01056,14625,0,0,0
01056,14626,0,0,0
01056,14627,0,0,0
01056,14628,13,13,0
01056,14713,46,27,19
01056,14729,11,11,0
01056,14730,11,11,0
01056,15001,0,0,0
01056,15002,26,13,13
01056,15003,27,13,14
01056,15081,0,0,0
01056,15082,0,0,0
01056,15083,17,17,0
01056,15084,0,0,0
01056,15085,12,12,0
01056,15086,19,19,0
01056,15087,0,0,0
01056,15088,0,0,0
01056,15089,18,18,0
01056,15090,14,14,0
01056,15091,0,0,0
01056,16051,0,0,0
01056,16052,0,0,0
01056,16053,0,0,0
01056,16054,0,0,0
01056,16055,0,0,0
01056,16056,0,0,0
01056,16061,0,0,0
01056,16062,0,0,0
01056,16063,21,21,0
01056,16064,0,0,0
01056,16065,0,0,0
01056,16066,0,0,0
01056,16067,0,0,0
01056,16068,0,0,0
01056,16069,0,0,0
01056,16070,0,0,0
01056,16071,0,0,0
01056,16072,0,0,0
01056,16073,0,0,0
01056,16074,0,0,0
01056,16075,0,0,0
01056,16076,0,0,0
01056,16077,0,0,0
01057,01001,86,31,55
01057,01002,21513,4888,16625
01057,01003,682,162,520
01057,01004,2296,387,1909
01057,01051,127,68,59
01057,01053,88,37,51
01057,01054,130,33,97
01057,01055,3295,1309,1986
01057,01056,152,45,107
01057,01057,0,0,0
01057,01058,3756,1507,2249
01057,01059,243,103,140
01057,01060,2062,761,1301
01057,01061,146,47,99
01057,01062,258,55,203
01057,02000,1571,194,1377
01057,03101,0,0,0
01057,03102,0,0,0
01057,03103,0,0,0
01057,03151,0,0,0
01057,03153,0,0,0
01057,03154,0,0,0
01057,03155,0,0,0
01057,03157,0,0,0
01057,03158,0,0,0
01057,03159,0,0,0
01057,03241,117,11,106
01057,03251,0,0,0
01057,03252,0,0,0
01057,03254,18,0,18
01057,03255,0,0,0
01057,03256,0,0,0
01057,03257,0,0,0
01057,03351,10,0,10
01057,03352,14,0,14
01057,03353,61,17,44
01057,03354,0,0,0
01057,03355,24,13,11
01057,03356,0,0,0
01057,03357,11,0,11
01057,03358,13,0,13
01057,03359,12,0,12
01057,03360,0,0,0
01057,03361,0,0,0
01057,03401,0,0,0
01057,03402,0,0,0
01057,03403,11,0,11
01057,03404,32,0,32
01057,03405,46,0,46
01057,03451,0,0,0
01057,03452,0,0,0
01057,03453,0,0,0
01057,03454,170,160,10
01057,03455,0,0,0
01057,03456,0,0,0
01057,03457,10,10,0
01057,03458,0,0,0
01057,03459,0,0,0
01057,03460,0,0,0
01057,03461,0,0,0
01057,03462,0,0,0
01057,04011,79,0,79
01057,04012,0,0,0
01057,05111,37,0,37
01057,05112,0,0,0
01057,05113,25,0,25
01057,05114,0,0,0
01057,05116,0,0,0
01057,05117,0,0,0
01057,05119,0,0,0
01057,05120,0,0,0
01057,05122,0,0,0
01057,05124,0,0,0
01057,05154,0,0,0
01057,05158,19,0,19
01057,05162,0,0,0
01057,05166,0,0,0
01057,05170,0,0,0
01057,05314,16,0,16
01057,05315,53,0,53
01057,05316,0,0,0
01057,05334,0,0,0
01057,05358,0,0,0
01057,05362,0,0,0
01057,05366,0,0,0
01057,05370,0,0,0
01057,05374,18,0,18
01057,05378,0,0,0
01057,05382,0,0,0
01057,05512,0,0,0
01057,05513,0,0,0
01057,05515,15,0,15
01057,05554,0,0,0
01057,05558,13,0,13
01057,05562,0,0,0
01057,05566,0,0,0
01057,05570,0,0,0
01057,05711,13,0,13
01057,05754,11,0,11
01057,05758,18,0,18
01057,05762,0,0,0
01057,05766,0,0,0
01057,05770,0,0,0
01057,05774,0,0,0
01057,05911,0,0,0
01057,05913,10,0,10
01057,05914,0,0,0
01057,05915,0,0,0
01057,05916,0,0,0
01057,05954,0,0,0
01057,05958,0,0,0
01057,05962,0,0,0
01057,05966,0,0,0
01057,05970,0,0,0
01057,05974,0,0,0
01057,05978,12,0,12
01057,06411,0,0,0
01057,06412,49,0,49
01057,06413,0,0,0
01057,06414,0,0,0
01057,06431,0,0,0
01057,06432,0,0,0
01057,06433,0,0,0
01057,06434,13,0,13
01057,06435,0,0,0
01057,06436,20,0,20
01057,06437,0,0,0
01057,06438,13,0,13
01057,06439,0,0,0
01057,06440,0,0,0
01057,06531,0,0,0
01057,06532,0,0,0
01057,06533,0,0,0
01057,06534,0,0,0
01057,06535,0,0,0
01057,06611,10,0,10
01057,06631,0,0,0
01057,06632,0,0,0
01057,06633,0,0,0
01057,06634,0,0,0
01057,06635,0,0,0
01057,06636,0,0,0
01057,07111,13,0,13
01057,07131,0,0,0
01057,07132,0,0,0
01057,07133,0,0,0
01057,07134,0,0,0
01057,07135,0,0,0
01057,07137,0,0,0
01057,07138,0,0,0
01057,07140,0,0,0
01057,07141,0,0,0
01057,07143,0,0,0
01057,07211,0,0,0
01057,07231,0,0,0
01057,07232,0,0,0
01057,07233,0,0,0
01057,07235,0,0,0
01057,07311,0,0,0
01057,07312,0,0,0
01057,07313,0,0,0
01057,07314,0,0,0
01057,07315,0,0,0
01057,07316,0,0,0
01057,07317,0,0,0
01057,07318,0,0,0
01057,07319,0,0,0
01057,07320,0,0,0
01057,07331,0,0,0
01057,07332,0,0,0
01057,07333,0,0,0
01057,07334,0,0,0
01057,07335,0,0,0
01057,07336,0,0,0
01057,07337,0,0,0
01057,07338,0,0,0
01057,07339,0,0,0
01057,07340,0,0,0
01057,08111,31,0,31
01057,08115,0,0,0
01057,08116,0,0,0
01057,08117,0,0,0
01057,08118,0,0,0
01057,08119,0,0,0
01057,08121,0,0,0
01057,08125,0,0,0
01057,08126,14,0,14
01057,08127,0,0,0
01057,08128,0,0,0
01057,08135,0,0,0
01057,08136,0,0,0
01057,08211,0,0,0
01057,08212,0,0,0
01057,08215,14,0,14
01057,08216,0,0,0
01057,08221,0,0,0
01057,08222,28,0,28
01057,08225,0,0,0
01057,08226,10,0,10
01057,08231,0,0,0
01057,08235,0,0,0
01057,08236,0,0,0
01057,08237,0,0,0
01057,08311,0,0,0
01057,08315,0,0,0
01057,08316,0,0,0
01057,08317,0,0,0
01057,08325,0,0,0
01057,08326,0,0,0
01057,08327,0,0,0
01057,08335,0,0,0
01057,08336,0,0,0
01057,08337,0,0,0
01057,08415,0,0,0
01057,08416,0,0,0
01057,08417,0,0,0
01057,08421,0,0,0
01057,08425,0,0,0
01057,08426,0,0,0
01057,08435,0,0,0
01057,08436,0,0,0
01057,08437,0,0,0
01057,09161,0,0,0
01057,09162,53,0,53
01057,09163,0,0,0
01057,09171,0,0,0
01057,09172,0,0,0
01057,09173,0,0,0
01057,09174,0,0,0
01057,09175,0,0,0
01057,09176,0,0,0
01057,09177,0,0,0
01057,09178,0,0,0
01057,09179,0,0,0
01057,09180,0,0,0
01057,09181,0,0,0
01057,09182,0,0,0
01057,09183,0,0,0
01057,09184,21,0,21
01057,09185,0,0,0
01057,09186,0,0,0
01057,09187,0,0,0
01057,09188,0,0,0
01057,09189,0,0,0
01057,09190,0,0,0
01057,09261,0,0,0
01057,09262,0,0,0
01057,09263,0,0,0
01057,09271,0,0,0
01057,09272,0,0,0
01057,09273,0,0,0
01057,09274,0,0,0
01057,09275,0,0,0
01057,09276,0,0,0
01057,09277,0,0,0
01057,09278,0,0,0
01057,09279,0,0,0
01057,09361,0,0,0
01057,09362,0,0,0
01057,09363,0,0,0
01057,09371,0,0,0
01057,09372,0,0,0
01057,09373,0,0,0
01057,09374,0,0,0
01057,09375,0,0,0
01057,09376,0,0,0
01057,09377,0,0,0
01057,09461,0,0,0
01057,09462,0,0,0
01057,09463,0,0,0
01057,09464,0,0,0
01057,09471,0,0,0
01057,09472,0,0,0
01057,09473,0,0,0
01057,09474,0,0,0
01057,09475,0,0,0
01057,09476,0,0,0
01057,09477,0,0,0
01057,09478,0,0,0
01057,09479,0,0,0
01057,09561,0,0,0
01057,09562,0,0,0
01057,09563,0,0,0
01057,09564,12,0,12
01057,09565,0,0,0
01057,09571,0,0,0
01057,09572,0,0,0
01057,09573,0,0,0
01057,09574,0,0,0
01057,09575,0,0,0
01057,09576,0,0,0
01057,09577,0,0,0
01057,09661,0,0,0
01057,09662,0,0,0
01057,09663,0,0,0
01057,09671,0,0,0
01057,09672,0,0,0
01057,09673,0,0,0
01057,09674,0,0,0
01057,09675,0,0,0
01057,09676,0,0,0
01057,09677,0,0,0
01057,09678,0,0,0
01057,09679,0,0,0
01057,09761,0,0,0
01057,09762,0,0,0
01057,09763,0,0,0
01057,09764,0,0,0
01057,09771,0,0,0
01057,09772,0,0,0
01057,09773,0,0,0
01057,09774,0,0,0
01057,09775,0,0,0
01057,09776,0,0,0
01057,09777,0,0,0
01057,09778,0,0,0
01057,09779,0,0,0
01057,09780,0,0,0
01057,10041,0,0,0
01057,10042,0,0,0
01057,10043,0,0,0
01057,10044,0,0,0
01057,10045,0,0,0
01057,10046,0,0,0
01057,11000,207,32,175
01057,12051,0,0,0
01057,12052,0,0,0
01057,12053,0,0,0
01057,12054,0,0,0
01057,12060,0,0,0
01057,12061,0,0,0
01057,12062,0,0,0
01057,12063,0,0,0
01057,12064,0,0,0
01057,12065,0,0,0
01057,12066,0,0,0
01057,12067,0,0,0
01057,12068,0,0,0
01057,12069,14,0,14
01057,12070,0,0,0
01057,12071,0,0,0
01057,12072,0,0,0
01057,12073,0,0,0
01057,13003,13,0,13
01057,13004,0,0,0
01057,13071,23,10,13
01057,13072,29,29,0
01057,13073,34,18,16
01057,13074,53,35,18
01057,13075,13,13,0
01057,13076,29,13,16
01057,14511,0,0,0
01057,14521,0,0,0
01057,14522,0,0,0
01057,14523,0,0,0
01057,14524,0,0,0
01057,14612,11,0,11
01057,14625,0,0,0
01057,14626,0,0,0
01057,14627,0,0,0
01057,14628,0,0,0
01057,14713,0,0,0
01057,14729,0,0,0
01057,14730,0,0,0
01057,15001,0,0,0
01057,15002,0,0,0
01057,15003,0,0,0
01057,15081,0,0,0
01057,15082,0,0,0
01057,15083,0,0,0
01057,15084,0,0,0
01057,15085,0,0,0
01057,15086,0,0,0
01057,15087,0,0,0
01057,15088,0,0,0
01057,15089,0,0,0
01057,15090,0,0,0
01057,15091,0,0,0
01057,16051,0,0,0
01057,16052,0,0,0
01057,16053,0,0,0
01057,16054,0,0,0
01057,16055,0,0,0
01057,16056,0,0,0
01057,16061,0,0,0
01057,16062,0,0,0
01057,16063,0,0,0
01057,16064,0,0,0
01057,16065,0,0,0
01057,16066,0,0,0
01057,16067,0,0,0
01057,16068,0,0,0
01057,16069,0,0,0
01057,16070,0,0,0
01057,16071,0,0,0
01057,16072,0,0,0
01057,16073,0,0,0
01057,16074,0,0,0
01057,16075,0,0,0
01057,16076,0,0,0
01057,16077,0,0,0
01058,01001,1273,419,854
01058,01002,32951,8923,24028
01058,01003,571,187,384
01058,01004,7963,2258,5705
01058,01051,2123,1288,835
01058,01053,174,98,76
01058,01054,1054,629,425
01058,01055,485,260,225
01058,01056,897,377,520
01058,01057,3756,2249,1507
01058,01058,0,0,0
01058,01059,8333,4751,3582
01058,01060,2206,952,1254
01058,01061,2944,1511,1433
01058,01062,517,163,354
01058,02000,3931,847,3084
01058,03101,32,13,19
01058,03102,0,0,0
01058,03103,11,0,11
01058,03151,14,14,0
01058,03153,0,0,0
01058,03154,0,0,0
01058,03155,11,11,0
01058,03157,11,11,0
01058,03158,0,0,0
01058,03159,30,19,11
01058,03241,305,93,212
01058,03251,12,0,12
01058,03252,24,14,10
01058,03254,39,29,10
01058,03255,0,0,0
01058,03256,0,0,0
01058,03257,0,0,0
01058,03351,45,13,32
01058,03352,47,24,23
01058,03353,179,72,107
01058,03354,10,10,0
01058,03355,73,48,25
01058,03356,0,0,0
01058,03357,63,25,38
01058,03358,42,21,21
01058,03359,76,38,38
01058,03360,28,13,15
01058,03361,24,0,24
01058,03401,0,0,0
01058,03402,0,0,0
01058,03403,29,13,16
01058,03404,19,0,19
01058,03405,47,16,31
01058,03451,0,0,0
01058,03452,11,11,0
01058,03453,0,0,0
01058,03454,59,41,18
01058,03455,0,0,0
01058,03456,11,11,0
01058,03457,19,0,19
01058,03458,21,21,0
01058,03459,35,18,17
01058,03460,0,0,0
01058,03461,0,0,0
01058,03462,0,0,0
01058,04011,125,24,101
01058,04012,32,15,17
01058,05111,84,12,72
01058,05112,11,0,11
01058,05113,63,15,48
01058,05114,0,0,0
01058,05116,10,10,0
01058,05117,0,0,0
01058,05119,0,0,0
01058,05120,0,0,0
01058,05122,39,26,13
01058,05124,0,0,0
01058,05154,0,0,0
01058,05158,22,0,22
01058,05162,26,0,26
01058,05166,25,10,15
01058,05170,15,0,15
01058,05314,50,0,50
01058,05315,162,15,147
01058,05316,10,0,10
01058,05334,28,10,18
01058,05358,0,0,0
01058,05362,20,0,20
01058,05366,0,0,0
01058,05370,0,0,0
01058,05374,39,0,39
01058,05378,0,0,0
01058,05382,33,16,17
01058,05512,0,0,0
01058,05513,0,0,0
01058,05515,18,0,18
01058,05554,11,0,11
01058,05558,0,0,0
01058,05562,11,11,0
01058,05566,28,12,16
01058,05570,13,13,0
01058,05711,24,0,24
01058,05754,54,15,39
01058,05758,43,0,43
01058,05762,0,0,0
01058,05766,14,14,0
01058,05770,23,0,23
01058,05774,20,10,10
01058,05911,14,0,14
01058,05913,33,15,18
01058,05914,0,0,0
01058,05915,0,0,0
01058,05916,0,0,0
01058,05954,0,0,0
01058,05958,0,0,0
01058,05962,14,0,14
01058,05966,0,0,0
01058,05970,77,77,0
01058,05974,0,0,0
01058,05978,17,0,17
01058,06411,0,0,0
01058,06412,98,0,98
01058,06413,0,0,0
01058,06414,26,0,26
01058,06431,0,0,0
01058,06432,0,0,0
01058,06433,0,0,0
01058,06434,27,0,27
01058,06435,10,0,10
01058,06436,27,0,27
01058,06437,0,0,0
01058,06438,23,0,23
01058,06439,0,0,0
01058,06440,16,0,16
01058,06531,0,0,0
01058,06532,0,0,0
01058,06533,0,0,0
01058,06534,0,0,0
01058,06535,0,0,0
01058,06611,0,0,0
01058,06631,11,0,11
01058,06632,0,0,0
01058,06633,0,0,0
01058,06634,0,0,0
01058,06635,0,0,0
01058,06636,0,0,0
01058,07111,21,0,21
01058,07131,0,0,0
01058,07132,0,0,0
01058,07133,0,0,0
01058,07134,0,0,0
01058,07135,0,0,0
01058,07137,0,0,0
01058,07138,0,0,0
01058,07140,0,0,0
01058,07141,21,21,0
01058,07143,0,0,0
01058,07211,0,0,0
01058,07231,0,0,0
01058,07232,0,0,0
01058,07233,0,0,0
01058,07235,0,0,0
01058,07311,0,0,0
01058,07312,0,0,0
01058,07313,0,0,0
01058,07314,0,0,0
01058,07315,11,0,11
01058,07316,0,0,0
01058,07317,0,0,0
01058,07318,0,0,0
01058,07319,0,0,0
01058,07320,0,0,0
01058,07331,0,0,0
01058,07332,0,0,0
01058,07333,0,0,0
01058,07334,0,0,0
01058,07335,0,0,0
01058,07336,0,0,0
01058,07337,0,0,0
01058,07338,0,0,0
01058,07339,14,0,14
01058,07340,0,0,0
01058,08111,46,0,46
01058,08115,15,0,15
01058,08116,26,0,26
01058,08117,0,0,0
01058,08118,27,11,16
01058,08119,0,0,0
01058,08121,0,0,0
01058,08125,11,0,11
01058,08126,17,0,17
01058,08127,0,0,0
01058,08128,0,0,0
01058,08135,0,0,0
01058,08136,0,0,0
01058,08211,0,0,0
01058,08212,11,0,11
01058,08215,30,11,19
01058,08216,10,0,10
01058,08221,0,0,0
01058,08222,52,0,52
01058,08225,0,0,0
01058,08226,34,11,23
01058,08231,0,0,0
01058,08235,0,0,0
01058,08236,0,0,0
01058,08237,0,0,0
01058,08311,0,0,0
01058,08315,0,0,0
01058,08316,0,0,0
01058,08317,17,0,17
01058,08325,0,0,0
01058,08326,0,0,0
01058,08327,0,0,0
01058,08335,34,34,0
01058,08336,0,0,0
01058,08337,0,0,0
01058,08415,0,0,0
01058,08416,0,0,0
01058,08417,0,0,0
01058,08421,12,0,12
01058,08425,0,0,0
01058,08426,0,0,0
01058,08435,0,0,0
01058,08436,14,14,0
01058,08437,0,0,0
01058,09161,14,0,14
01058,09162,172,39,133
01058,09163,0,0,0
01058,09171,0,0,0
01058,09172,0,0,0
01058,09173,0,0,0
01058,09174,0,0,0
01058,09175,0,0,0
01058,09176,17,17,0
01058,09177,0,0,0
01058,09178,12,0,12
01058,09179,0,0,0
01058,09180,0,0,0
01058,09181,0,0,0
01058,09182,0,0,0
01058,09183,0,0,0
01058,09184,45,0,45
01058,09185,0,0,0
01058,09186,0,0,0
01058,09187,11,0,11
01058,09188,0,0,0
01058,09189,0,0,0
01058,09190,19,0,19
01058,09261,0,0,0
01058,09262,0,0,0
01058,09263,0,0,0
01058,09271,0,0,0
01058,09272,0,0,0
01058,09273,0,0,0
01058,09274,0,0,0
01058,09275,0,0,0
01058,09276,0,0,0
01058,09277,0,0,0
01058,09278,0,0,0
01058,09279,0,0,0
01058,09361,0,0,0
01058,09362,0,0,0
01058,09363,0,0,0
01058,09371,0,0,0
01058,09372,0,0,0
01058,09373,0,0,0
01058,09374,0,0,0
01058,09375,0,0,0
01058,09376,0,0,0
01058,09377,0,0,0
01058,09461,0,0,0
01058,09462,0,0,0
01058,09463,0,0,0
01058,09464,0,0,0
01058,09471,0,0,0
01058,09472,0,0,0
01058,09473,0,0,0
01058,09474,0,0,0
01058,09475,0,0,0
01058,09476,0,0,0
01058,09477,0,0,0
01058,09478,0,0,0
01058,09479,0,0,0
01058,09561,0,0,0
01058,09562,14,0,14
01058,09563,0,0,0
01058,09564,32,0,32
01058,09565,0,0,0
01058,09571,0,0,0
01058,09572,0,0,0
01058,09573,0,0,0
01058,09574,0,0,0
01058,09575,0,0,0
01058,09576,0,0,0
01058,09577,0,0,0
01058,09661,0,0,0
01058,09662,0,0,0
01058,09663,0,0,0
01058,09671,0,0,0
01058,09672,57,57,0
01058,09673,0,0,0
01058,09674,0,0,0
01058,09675,0,0,0
01058,09676,0,0,0
01058,09677,0,0,0
01058,09678,0,0,0
01058,09679,0,0,0
01058,09761,11,0,11
01058,09762,0,0,0
01058,09763,0,0,0
01058,09764,0,0,0
01058,09771,0,0,0
01058,09772,0,0,0
01058,09773,0,0,0
01058,09774,0,0,0
01058,09775,0,0,0
01058,09776,0,0,0
01058,09777,0,0,0
01058,09778,0,0,0
01058,09779,0,0,0
01058,09780,0,0,0
01058,10041,0,0,0
01058,10042,0,0,0
01058,10043,0,0,0
01058,10044,0,0,0
01058,10045,0,0,0
01058,10046,0,0,0
01058,11000,420,150,270
01058,12051,18,18,0
01058,12052,0,0,0
01058,12053,0,0,0
01058,12054,0,0,0
01058,12060,34,34,0
01058,12061,14,14,0
01058,12062,0,0,0
01058,12063,17,17,0
01058,12064,32,32,0
01058,12065,38,38,0
01058,12066,0,0,0
01058,12067,14,14,0
01058,12068,14,14,0
01058,12069,12,12,0
01058,12070,0,0,0
01058,12071,0,0,0
01058,12072,0,0,0
01058,12073,23,23,0
01058,13003,88,52,36
01058,13004,10,10,0
01058,13071,50,36,14
01058,13072,118,100,18
01058,13073,119,97,22
01058,13074,115,82,33
01058,13075,68,58,10
01058,13076,129,64,65
01058,14511,0,0,0
01058,14521,0,0,0
01058,14522,0,0,0
01058,14523,0,0,0
01058,14524,0,0,0
01058,14612,10,10,0
01058,14625,54,54,0
01058,14626,0,0,0
01058,14627,0,0,0
01058,14628,0,0,0
01058,14713,31,15,16
01058,14729,0,0,0
01058,14730,0,0,0
01058,15001,0,0,0
01058,15002,0,0,0
01058,15003,14,14,0
01058,15081,0,0,0
01058,15082,10,10,0
01058,15083,0,0,0
01058,15084,10,10,0
01058,15085,0,0,0
01058,15086,0,0,0
01058,15087,0,0,0
01058,15088,0,0,0
01058,15089,0,0,0
01058,15090,0,0,0
01058,15091,0,0,0
01058,16051,0,0,0
01058,16052,0,0,0
01058,16053,0,0,0
01058,16054,0,0,0
01058,16055,0,0,0
01058,16056,0,0,0
01058,16061,0,0,0
01058,16062,0,0,0
01058,16063,0,0,0
01058,16064,0,0,0
01058,16065,0,0,0
01058,16066,0,0,0
01058,16067,0,0,0
01058,16068,0,0,0
01058,16069,0,0,0
01058,16070,0,0,0
01058,16071,0,0,0
01058,16072,0,0,0
01058,16073,0,0,0
01058,16074,0,0,0
01058,16075,0,0,0
01058,16076,0,0,0
01058,16077,0,0,0
01059,01001,22448,6193,16255
01059,01002,2403,563,1840
01059,01003,158,44,114
01059,01004,488,100,388
01059,01051,839,447,392
01059,01053,55,21,34
01059,01054,5331,2720,2611
01059,01055,166,54,112
01059,01056,180,77,103
01059,01057,243,140,103
01059,01058,8333,3582,4751
01059,01059,0,0,0
01059,01060,322,124,198
01059,01061,187,92,95
01059,01062,192,43,149
01059,02000,1473,217,1256
01059,03101,0,0,0
01059,03102,0,0,0
01059,03103,10,0,10
01059,03151,0,0,0
01059,03153,0,0,0
01059,03154,0,0,0
01059,03155,14,14,0
01059,03157,0,0,0
01059,03158,0,0,0
01059,03159,28,16,12
01059,03241,176,51,125
01059,03251,14,14,0
01059,03252,10,0,10
01059,03254,13,13,0
01059,03255,11,11,0
01059,03256,0,0,0
01059,03257,14,14,0
01059,03351,13,0,13
01059,03352,30,20,10
01059,03353,74,35,39
01059,03354,10,10,0
01059,03355,27,15,12
01059,03356,10,10,0
01059,03357,76,33,43
01059,03358,24,24,0
01059,03359,35,14,21
01059,03360,11,0,11
01059,03361,0,0,0
01059,03401,0,0,0
01059,03402,0,0,0
01059,03403,12,12,0
01059,03404,14,0,14
01059,03405,11,0,11
01059,03451,0,0,0
01059,03452,0,0,0
01059,03453,0,0,0
01059,03454,28,16,12
01059,03455,0,0,0
01059,03456,0,0,0
01059,03457,0,0,0
01059,03458,14,14,0
01059,03459,103,33,70
01059,03460,0,0,0
01059,03461,0,0,0
01059,03462,25,0,25
01059,04011,142,52,90
01059,04012,0,0,0
01059,05111,46,12,34
01059,05112,10,0,10
01059,05113,46,12,34
01059,05114,0,0,0
01059,05116,0,0,0
01059,05117,0,0,0
01059,05119,0,0,0
01059,05120,0,0,0
01059,05122,0,0,0
01059,05124,14,0,14
01059,05154,0,0,0
01059,05158,25,0,25
01059,05162,18,0,18
01059,05166,0,0,0
01059,05170,0,0,0
01059,05314,11,0,11
01059,05315,86,28,58
01059,05316,0,0,0
01059,05334,32,10,22
01059,05358,30,30,0
01059,05362,29,15,14
01059,05366,0,0,0
01059,05370,0,0,0
01059,05374,10,0,10
01059,05378,13,13,0
01059,05382,33,20,13
01059,05512,0,0,0
01059,05513,0,0,0
01059,05515,12,0,12
01059,05554,12,0,12
01059,05558,0,0,0
01059,05562,14,14,0
01059,05566,42,15,27
01059,05570,12,12,0
01059,05711,23,10,13
01059,05754,45,24,21
01059,05758,15,0,15
01059,05762,18,18,0
01059,05766,19,19,0
01059,05770,0,0,0
01059,05774,13,13,0
01059,05911,0,0,0
01059,05913,25,11,14
01059,05914,0,0,0
01059,05915,0,0,0
01059,05916,0,0,0
01059,05954,0,0,0
01059,05958,0,0,0
01059,05962,0,0,0
01059,05966,0,0,0
01059,05970,0,0,0
01059,05974,12,0,12
01059,05978,10,10,0
01059,06411,0,0,0
01059,06412,67,12,55
01059,06413,0,0,0
01059,06414,0,0,0
01059,06431,16,16,0
01059,06432,0,0,0
01059,06433,0,0,0
01059,06434,13,0,13
01059,06435,17,17,0
01059,06436,14,0,14
01059,06437,0,0,0
01059,06438,39,0,39
01059,06439,0,0,0
01059,06440,0,0,0
01059,06531,0,0,0
01059,06532,0,0,0
01059,06533,0,0,0
01059,06534,0,0,0
01059,06535,0,0,0
01059,06611,12,12,0
01059,06631,10,0,10
01059,06632,0,0,0
01059,06633,14,14,0
01059,06634,10,10,0
01059,06635,0,0,0
01059,06636,0,0,0
01059,07111,0,0,0
01059,07131,0,0,0
01059,07132,0,0,0
01059,07133,0,0,0
01059,07134,0,0,0
01059,07135,0,0,0
01059,07137,13,13,0
01059,07138,0,0,0
01059,07140,12,12,0
01059,07141,0,0,0
01059,07143,13,13,0
01059,07211,0,0,0
01059,07231,0,0,0
01059,07232,0,0,0
01059,07233,13,13,0
01059,07235,0,0,0
01059,07311,0,0,0
01059,07312,0,0,0
01059,07313,0,0,0
01059,07314,0,0,0
01059,07315,0,0,0
01059,07316,0,0,0
01059,07317,0,0,0
01059,07318,0,0,0
01059,07319,0,0,0
01059,07320,0,0,0
01059,07331,0,0,0
01059,07332,0,0,0
01059,07333,0,0,0
01059,07334,0,0,0
01059,07335,0,0,0
01059,07336,0,0,0
01059,07337,0,0,0
01059,07338,0,0,0
01059,07339,0,0,0
01059,07340,0,0,0
01059,08111,31,11,20
01059,08115,10,0,10
01059,08116,13,0,13
01059,08117,0,0,0
01059,08118,0,0,0
01059,08119,0,0,0
01059,08121,0,0,0
01059,08125,0,0,0
01059,08126,17,0,17
01059,08127,0,0,0
01059,08128,0,0,0
01059,08135,0,0,0
01059,08136,0,0,0
01059,08211,0,0,0
01059,08212,0,0,0
01059,08215,12,0,12
01059,08216,0,0,0
01059,08221,0,0,0
01059,08222,0,0,0
01059,08225,0,0,0
01059,08226,13,0,13
01059,08231,0,0,0
01059,08235,0,0,0
01059,08236,0,0,0
01059,08237,0,0,0
01059,08311,0,0,0
01059,08315,0,0,0
01059,08316,0,0,0
01059,08317,0,0,0
01059,08325,0,0,0
01059,08326,28,28,0
01059,08327,0,0,0
01059,08335,0,0,0
01059,08336,0,0,0
01059,08337,0,0,0
01059,08415,0,0,0
01059,08416,0,0,0
01059,08417,0,0,0
01059,08421,0,0,0
01059,08425,0,0,0
01059,08426,0,0,0
01059,08435,0,0,0
01059,08436,0,0,0
01059,08437,0,0,0
01059,09161,0,0,0
01059,09162,76,19,57
01059,09163,0,0,0
01059,09171,0,0,0
01059,09172,0,0,0
01059,09173,0,0,0
01059,09174,0,0,0
01059,09175,0,0,0
01059,09176,0,0,0
01059,09177,0,0,0
01059,09178,10,0,10
01059,09179,0,0,0
01059,09180,0,0,0
01059,09181,0,0,0
01059,09182,0,0,0
01059,09183,0,0,0
01059,09184,23,0,23
01059,09185,0,0,0
01059,09186,0,0,0
01059,09187,0,0,0
01059,09188,0,0,0
01059,09189,0,0,0
01059,09190,0,0,0
01059,09261,0,0,0
01059,09262,0,0,0
01059,09263,0,0,0
01059,09271,0,0,0
01059,09272,0,0,0
01059,09273,0,0,0
01059,09274,0,0,0
01059,09275,0,0,0
01059,09276,0,0,0
01059,09277,0,0,0
01059,09278,0,0,0
01059,09279,0,0,0
01059,09361,0,0,0
01059,09362,0,0,0
01059,09363,0,0,0
01059,09371,18,0,18
01059,09372,0,0,0
01059,09373,0,0,0
01059,09374,0,0,0
01059,09375,0,0,0
01059,09376,0,0,0
01059,09377,0,0,0
01059,09461,0,0,0
01059,09462,0,0,0
01059,09463,0,0,0
01059,09464,0,0,0
01059,09471,0,0,0
01059,09472,0,0,0
01059,09473,0,0,0
01059,09474,0,0,0
01059,09475,0,0,0
01059,09476,0,0,0
01059,09477,0,0,0
01059,09478,0,0,0
01059,09479,0,0,0
01059,09561,0,0,0
01059,09562,0,0,0
01059,09563,0,0,0
01059,09564,11,0,11
01059,09565,0,0,0
01059,09571,0,0,0
01059,09572,0,0,0
01059,09573,0,0,0
01059,09574,0,0,0
01059,09575,0,0,0
01059,09576,0,0,0
01059,09577,0,0,0
01059,09661,0,0,0
01059,09662,0,0,0
01059,09663,0,0,0
01059,09671,0,0,0
01059,09672,0,0,0
01059,09673,0,0,0
01059,09674,0,0,0
01059,09675,0,0,0
01059,09676,0,0,0
01059,09677,0,0,0
01059,09678,0,0,0
01059,09679,0,0,0
01059,09761,0,0,0
01059,09762,0,0,0
01059,09763,0,0,0
01059,09764,0,0,0
01059,09771,0,0,0
01059,09772,0,0,0
01059,09773,0,0,0
01059,09774,0,0,0
01059,09775,0,0,0
01059,09776,0,0,0
01059,09777,0,0,0
01059,09778,0,0,0
01059,09779,0,0,0
01059,09780,0,0,0
01059,10041,51,0,51
01059,10042,0,0,0
01059,10043,0,0,0
01059,10044,0,0,0
01059,10045,0,0,0
01059,10046,0,0,0
01059,11000,242,52,190
01059,12051,0,0,0
01059,12052,0,0,0
01059,12053,0,0,0
01059,12054,0,0,0
01059,12060,0,0,0
01059,12061,0,0,0
01059,12062,0,0,0
01059,12063,0,0,0
01059,12064,13,13,0
01059,12065,0,0,0
01059,12066,0,0,0
01059,12067,0,0,0
01059,12068,0,0,0
01059,12069,0,0,0
01059,12070,0,0,0
01059,12071,0,0,0
01059,12072,0,0,0
01059,12073,12,12,0
01059,13003,37,20,17
01059,13004,79,13,66
01059,13071,35,18,17
01059,13072,53,32,21
01059,13073,83,46,37
01059,13074,51,31,20
01059,13075,31,31,0
01059,13076,116,48,68
01059,14511,0,0,0
01059,14521,0,0,0
01059,14522,0,0,0
01059,14523,0,0,0
01059,14524,0,0,0
01059,14612,0,0,0
01059,14625,0,0,0
01059,14626,0,0,0
01059,14627,0,0,0
01059,14628,0,0,0
01059,14713,13,13,0
01059,14729,0,0,0
01059,14730,0,0,0
01059,15001,0,0,0
01059,15002,0,0,0
01059,15003,0,0,0
01059,15081,0,0,0
01059,15082,0,0,0
01059,15083,0,0,0
01059,15084,0,0,0
01059,15085,0,0,0
01059,15086,12,12,0
01059,15087,10,10,0
01059,15088,0,0,0
01059,15089,0,0,0
01059,15090,0,0,0
01059,15091,0,0,0
01059,16051,0,0,0
01059,16052,0,0,0
01059,16053,0,0,0
01059,16054,0,0,0
01059,16055,0,0,0
01059,16056,0,0,0
01059,16061,0,0,0
01059,16062,0,0,0
01059,16063,0,0,0
01059,16064,0,0,0
01059,16065,0,0,0
01059,16066,0,0,0
01059,16067,0,0,0
01059,16068,0,0,0
01059,16069,0,0,0
01059,16070,0,0,0
01059,16071,0,0,0
01059,16072,0,0,0
01059,16073,0,0,0
01059,16074,0,0,0
01059,16075,0,0,0
01059,16076,0,0,0
01059,16077,0,0,0
01060,01001,130,41,89
01060,01002,2646,802,1844
01060,01003,2822,993,1829
01060,01004,6842,2511,4331
01060,01051,289,195,94
01060,01053,743,476,267
01060,01054,178,117,61
01060,01055,2105,1118,987
01060,01056,10402,5786,4616
01060,01057,2062,1301,761
01060,01058,2206,1254,952
01060,01059,322,198,124
01060,01060,0,0,0
01060,01061,2544,1895,649
01060,01062,6815,2935,3880
01060,02000,48812,14591,34221
01060,03101,35,18,17
01060,03102,0,0,0
01060,03103,18,0,18
01060,03151,15,15,0
01060,03153,23,11,12
01060,03154,0,0,0
01060,03155,12,12,0
01060,03157,15,15,0
01060,03158,0,0,0
01060,03159,61,43,18
01060,03241,374,174,200
01060,03251,80,36,44
01060,03252,23,11,12
01060,03254,33,19,14
01060,03255,12,12,0
01060,03256,22,10,12
01060,03257,36,36,0
01060,03351,72,25,47
01060,03352,82,41,41
01060,03353,811,520,291
01060,03354,22,22,0
01060,03355,211,151,60
01060,03356,18,18,0
01060,03357,95,61,34
01060,03358,114,57,57
01060,03359,291,220,71
01060,03360,63,49,14
01060,03361,220,33,187
01060,03401,12,12,0
01060,03402,0,0,0
01060,03403,48,24,24
01060,03404,77,22,55
01060,03405,0,0,0
01060,03451,32,18,14
01060,03452,30,17,13
01060,03453,26,11,15
01060,03454,108,91,17
01060,03455,0,0,0
01060,03456,18,18,0
01060,03457,29,29,0
01060,03458,49,30,19
01060,03459,55,31,24
01060,03460,28,18,10
01060,03461,10,10,0
01060,03462,0,0,0
01060,04011,259,110,149
01060,04012,35,20,15
01060,05111,265,56,209
01060,05112,65,31,34
01060,05113,120,31,89
01060,05114,82,10,72
01060,05116,43,16,27
01060,05117,0,0,0
01060,05119,0,0,0
01060,05120,0,0,0
01060,05122,23,13,10
01060,05124,27,13,14
01060,05154,34,23,11
01060,05158,104,39,65
01060,05162,89,32,57
01060,05166,21,0,21
01060,05170,72,61,11
01060,05314,34,12,22
01060,05315,267,78,189
01060,05316,30,13,17
01060,05334,80,16,64
01060,05358,22,10,12
01060,05362,50,31,19
01060,05366,0,0,0
01060,05370,10,10,0
01060,05374,18,0,18
01060,05378,24,24,0
01060,05382,52,27,25
01060,05512,10,0,10
01060,05513,28,12,16
01060,05515,53,29,24
01060,05554,44,23,21
01060,05558,16,16,0
01060,05562,38,38,0
01060,05566,55,27,28
01060,05570,23,13,10
01060,05711,44,20,24
01060,05754,104,20,84
01060,05758,29,16,13
01060,05762,13,13,0
01060,05766,30,14,16
01060,05770,45,23,22
01060,05774,33,17,16
01060,05911,47,20,27
01060,05913,138,41,97
01060,05914,0,0,0
01060,05915,14,14,0
01060,05916,10,0,10
01060,05954,28,10,18
01060,05958,18,0,18
01060,05962,57,40,17
01060,05966,0,0,0
01060,05970,12,12,0
01060,05974,32,16,16
01060,05978,53,37,16
01060,06411,14,0,14
01060,06412,324,60,264
01060,06413,11,11,0
01060,06414,65,20,45
01060,06431,23,12,11
01060,06432,23,11,12
01060,06433,56,31,25
01060,06434,87,25,62
01060,06435,47,22,25
01060,06436,71,18,53
01060,06437,0,0,0
01060,06438,83,22,61
01060,06439,22,10,12
01060,06440,46,34,12
01060,06531,17,17,0
01060,06532,11,11,0
01060,06533,20,10,10
01060,06534,0,0,0
01060,06535,0,0,0
01060,06611,29,29,0
01060,06631,16,0,16
01060,06632,0,0,0
01060,06633,15,15,0
01060,06634,13,13,0
01060,06635,0,0,0
01060,06636,0,0,0
01060,07111,10,0,10
01060,07131,0,0,0
01060,07132,11,11,0
01060,07133,0,0,0
01060,07134,0,0,0
01060,07135,0,0,0
01060,07137,10,10,0
01060,07138,10,0,10
01060,07140,0,0,0
01060,07141,0,0,0
01060,07143,0,0,0
01060,07211,0,0,0
01060,07231,0,0,0
01060,07232,0,0,0
01060,07233,0,0,0
01060,07235,0,0,0
01060,07311,0,0,0
01060,07312,0,0,0
01060,07313,0,0,0
01060,07314,0,0,0
01060,07315,31,13,18
01060,07316,0,0,0
01060,07317,0,0,0
01060,07318,0,0,0
01060,07319,0,0,0
01060,07320,0,0,0
01060,07331,0,0,0
01060,07332,0,0,0
01060,07333,0,0,0
01060,07334,0,0,0
01060,07335,0,0,0
01060,07336,0,0,0
01060,07337,0,0,0
01060,07338,0,0,0
01060,07339,11,11,0
01060,07340,0,0,0
01060,08111,72,15,57
01060,08115,35,16,19
01060,08116,82,32,50
01060,08117,10,10,0
01060,08118,34,13,21
01060,08119,34,13,21
01060,08121,0,0,0
01060,08125,14,14,0
01060,08126,30,0,30
01060,08127,0,0,0
01060,08128,13,0,13
01060,08135,0,0,0
01060,08136,0,0,0
01060,08211,0,0,0
01060,08212,27,10,17
01060,08215,29,12,17
01060,08216,0,0,0
01060,08221,24,11,13
01060,08222,49,17,32
01060,08225,0,0,0
01060,08226,55,19,36
01060,08231,0,0,0
01060,08235,10,0,10
01060,08236,10,10,0
01060,08237,0,0,0
01060,08311,30,10,20
01060,08315,23,10,13
01060,08316,0,0,0
01060,08317,34,12,22
01060,08325,0,0,0
01060,08326,0,0,0
01060,08327,0,0,0
01060,08335,20,0,20
01060,08336,19,0,19
01060,08337,0,0,0
01060,08415,15,15,0
01060,08416,0,0,0
01060,08417,0,0,0
01060,08421,21,0,21
01060,08425,12,12,0
01060,08426,13,0,13
01060,08435,0,0,0
01060,08436,0,0,0
01060,08437,0,0,0
01060,09161,16,0,16
01060,09162,258,58,200
01060,09163,0,0,0
01060,09171,0,0,0
01060,09172,0,0,0
01060,09173,0,0,0
01060,09174,0,0,0
01060,09175,10,0,10
01060,09176,0,0,0
01060,09177,13,0,13
01060,09178,49,10,39
01060,09179,0,0,0
01060,09180,0,0,0
01060,09181,0,0,0
01060,09182,0,0,0
01060,09183,0,0,0
01060,09184,102,13,89
01060,09185,0,0,0
01060,09186,12,0,12
01060,09187,15,0,15
01060,09188,22,11,11
01060,09189,58,44,14
01060,09190,0,0,0
01060,09261,0,0,0
01060,09262,0,0,0
01060,09263,0,0,0
01060,09271,0,0,0
01060,09272,0,0,0
01060,09273,0,0,0
01060,09274,11,0,11
01060,09275,0,0,0
01060,09276,0,0,0
01060,09277,0,0,0
01060,09278,0,0,0
01060,09279,0,0,0
01060,09361,0,0,0
01060,09362,10,10,0
01060,09363,0,0,0
01060,09371,0,0,0
01060,09372,0,0,0
01060,09373,0,0,0
01060,09374,0,0,0
01060,09375,0,0,0
01060,09376,0,0,0
01060,09377,0,0,0
01060,09461,0,0,0
01060,09462,0,0,0
01060,09463,0,0,0
01060,09464,0,0,0
01060,09471,0,0,0
01060,09472,0,0,0
01060,09473,0,0,0
01060,09474,13,13,0
01060,09475,13,0,13
01060,09476,0,0,0
01060,09477,0,0,0
01060,09478,0,0,0
01060,09479,0,0,0
01060,09561,0,0,0
01060,09562,0,0,0
01060,09563,0,0,0
01060,09564,62,24,38
01060,09565,0,0,0
01060,09571,0,0,0
01060,09572,25,0,25
01060,09573,0,0,0
01060,09574,0,0,0
01060,09575,0,0,0
01060,09576,0,0,0
01060,09577,0,0,0
01060,09661,0,0,0
01060,09662,0,0,0
01060,09663,21,21,0
01060,09671,0,0,0
01060,09672,0,0,0
01060,09673,0,0,0
01060,09674,0,0,0
01060,09675,0,0,0
01060,09676,0,0,0
01060,09677,0,0,0
01060,09678,18,18,0
01060,09679,15,15,0
01060,09761,36,12,24
01060,09762,0,0,0
01060,09763,0,0,0
01060,09764,0,0,0
01060,09771,0,0,0
01060,09772,27,10,17
01060,09773,0,0,0
01060,09774,0,0,0
01060,09775,12,12,0
01060,09776,0,0,0
01060,09777,0,0,0
01060,09778,0,0,0
01060,09779,0,0,0
01060,09780,0,0,0
01060,10041,27,0,27
01060,10042,0,0,0
01060,10043,0,0,0
01060,10044,0,0,0
01060,10045,0,0,0
01060,10046,0,0,0
01060,11000,660,300,360
01060,12051,0,0,0
01060,12052,0,0,0
01060,12053,0,0,0
01060,12054,22,22,0
01060,12060,20,20,0
01060,12061,34,10,24
01060,12062,0,0,0
01060,12063,34,23,11
01060,12064,10,10,0
01060,12065,27,27,0
01060,12066,0,0,0
01060,12067,10,10,0
01060,12068,15,15,0
01060,12069,22,11,11
01060,12070,25,25,0
01060,12071,0,0,0
01060,12072,20,20,0
01060,12073,15,15,0
01060,13003,104,68,36
01060,13004,82,54,28
01060,13071,89,74,15
01060,13072,111,84,27
01060,13073,88,56,32
01060,13074,356,269,87
01060,13075,81,63,18
01060,13076,279,227,52
01060,14511,10,0,10
01060,14521,19,0,19
01060,14522,0,0,0
01060,14523,0,0,0
01060,14524,0,0,0
01060,14612,38,22,16
01060,14625,0,0,0
01060,14626,10,10,0
01060,14627,12,12,0
01060,14628,0,0,0
01060,14713,58,28,30
01060,14729,0,0,0
01060,14730,0,0,0
01060,15001,0,0,0
01060,15002,42,0,42
01060,15003,0,0,0
01060,15081,21,21,0
01060,15082,11,11,0
01060,15083,0,0,0
01060,15084,0,0,0
01060,15085,12,12,0
01060,15086,0,0,0
01060,15087,0,0,0
01060,15088,0,0,0
01060,15089,0,0,0
01060,15090,17,17,0
01060,15091,0,0,0
01060,16051,0,0,0
01060,16052,0,0,0
01060,16053,0,0,0
01060,16054,0,0,0
01060,16055,0,0,0
01060,16056,0,0,0
01060,16061,0,0,0
01060,16062,0,0,0
01060,16063,0,0,0
01060,16064,0,0,0
01060,16065,0,0,0
01060,16066,0,0,0
01060,16067,0,0,0
01060,16068,0,0,0
01060,16069,0,0,0
01060,16070,0,0,0
01060,16071,0,0,0
01060,16072,0,0,0
01060,16073,0,0,0
01060,16074,0,0,0
01060,16075,0,0,0
01060,16076,0,0,0
01060,16077,0,0,0
01061,01001,116,31,85
01061,01002,809,198,611
01061,01003,161,58,103
01061,01004,1249,238,1011
01061,01051,4764,2826,1938
01061,01053,182,138,44
01061,01054,305,147,158
01061,01055,127,92,35
01061,01056,9553,2585,6968
01061,01057,146,99,47
01061,01058,2944,1433,1511
01061,01059,187,95,92
01061,01060,2544,649,1895
01061,01061,0,0,0
01061,01062,262,87,175
01061,02000,7225,1025,6200
01061,03101,0,0,0
01061,03102,0,0,0
01061,03103,0,0,0
01061,03151,0,0,0
01061,03153,0,0,0
01061,03154,0,0,0
01061,03155,0,0,0
01061,03157,0,0,0
01061,03158,0,0,0
01061,03159,10,0,10
01061,03241,137,39,98
01061,03251,0,0,0
01061,03252,0,0,0
01061,03254,0,0,0
01061,03255,0,0,0
01061,03256,0,0,0
01061,03257,0,0,0
01061,03351,17,0,17
01061,03352,85,35,50
01061,03353,169,67,102
01061,03354,0,0,0
01061,03355,51,30,21
01061,03356,0,0,0
01061,03357,50,10,40
01061,03358,13,13,0
01061,03359,184,135,49
01061,03360,0,0,0
01061,03361,16,0,16
01061,03401,0,0,0
01061,03402,0,0,0
01061,03403,0,0,0
01061,03404,0,0,0
01061,03405,0,0,0
01061,03451,0,0,0
01061,03452,10,0,10
01061,03453,0,0,0
01061,03454,24,0,24
01061,03455,0,0,0
01061,03456,0,0,0
01061,03457,0,0,0
01061,03458,0,0,0
01061,03459,15,0,15
01061,03460,0,0,0
01061,03461,0,0,0
01061,03462,0,0,0
01061,04011,80,19,61
01061,04012,25,13,12
01061,05111,50,0,50
01061,05112,0,0,0
01061,05113,24,0,24
01061,05114,117,0,117
01061,05116,0,0,0
01061,05117,0,0,0
01061,05119,0,0,0
01061,05120,0,0,0
01061,05122,0,0,0
01061,05124,0,0,0
01061,05154,0,0,0
01061,05158,22,0,22
01061,05162,11,0,11
01061,05166,0,0,0
01061,05170,0,0,0
01061,05314,13,0,13
01061,05315,153,88,65
01061,05316,0,0,0
01061,05334,12,0,12
01061,05358,0,0,0
01061,05362,41,20,21
01061,05366,0,0,0
01061,05370,0,0,0
01061,05374,16,0,16
01061,05378,12,12,0
01061,05382,20,20,0
01061,05512,0,0,0
01061,05513,15,15,0
01061,05515,13,0,13
01061,05554,0,0,0
01061,05558,0,0,0
01061,05562,12,12,0
01061,05566,15,0,15
01061,05570,0,0,0
01061,05711,11,0,11
01061,05754,129,0,129
01061,05758,0,0,0
01061,05762,0,0,0
01061,05766,0,0,0
01061,05770,0,0,0
01061,05774,0,0,0
01061,05911,0,0,0
01061,05913,13,0,13
01061,05914,0,0,0
01061,05915,0,0,0
01061,05916,0,0,0
01061,05954,0,0,0
01061,05958,0,0,0
01061,05962,0,0,0
01061,05966,0,0,0
01061,05970,13,0,13
01061,05974,0,0,0
01061,05978,10,0,10
01061,06411,0,0,0
01061,06412,57,0,57
01061,06413,0,0,0
01061,06414,14,0,14
01061,06431,0,0,0
01061,06432,0,0,0
01061,06433,11,0,11
01061,06434,0,0,0
01061,06435,13,0,13
01061,06436,14,0,14
01061,06437,0,0,0
01061,06438,26,0,26
01061,06439,0,0,0
01061,06440,0,0,0
01061,06531,0,0,0
01061,06532,0,0,0
01061,06533,0,0,0
01061,06534,0,0,0
01061,06535,0,0,0
01061,06611,0,0,0
01061,06631,0,0,0
01061,06632,0,0,0
01061,06633,0,0,0
01061,06634,0,0,0
01061,06635,0,0,0
01061,06636,0,0,0
01061,07111,0,0,0
01061,07131,0,0,0
01061,07132,0,0,0
01061,07133,0,0,0
01061,07134,0,0,0
01061,07135,0,0,0
01061,07137,0,0,0
01061,07138,0,0,0
01061,07140,0,0,0
01061,07141,0,0,0
01061,07143,0,0,0
01061,07211,0,0,0
01061,07231,0,0,0
01061,07232,0,0,0
01061,07233,0,0,0
01061,07235,0,0,0
01061,07311,0,0,0
01061,07312,0,0,0
01061,07313,0,0,0
01061,07314,0,0,0
01061,07315,0,0,0
01061,07316,0,0,0
01061,07317,0,0,0
01061,07318,0,0,0
01061,07319,0,0,0
01061,07320,0,0,0
01061,07331,0,0,0
01061,07332,0,0,0
01061,07333,0,0,0
01061,07334,0,0,0
01061,07335,0,0,0
01061,07336,0,0,0
01061,07337,0,0,0
01061,07338,0,0,0
01061,07339,0,0,0
01061,07340,0,0,0
01061,08111,23,0,23
01061,08115,0,0,0
01061,08116,11,0,11
01061,08117,0,0,0
01061,08118,0,0,0
01061,08119,0,0,0
01061,08121,0,0,0
01061,08125,0,0,0
01061,08126,10,0,10
01061,08127,0,0,0
01061,08128,0,0,0
01061,08135,0,0,0
01061,08136,0,0,0
01061,08211,0,0,0
01061,08212,0,0,0
01061,08215,11,0,11
01061,08216,0,0,0
01061,08221,0,0,0
01061,08222,11,0,11
01061,08225,0,0,0
01061,08226,0,0,0
01061,08231,0,0,0
01061,08235,0,0,0
01061,08236,0,0,0
01061,08237,0,0,0
01061,08311,0,0,0
01061,08315,0,0,0
01061,08316,0,0,0
01061,08317,14,0,14
01061,08325,0,0,0
01061,08326,0,0,0
01061,08327,0,0,0
01061,08335,0,0,0
01061,08336,0,0,0
01061,08337,0,0,0
01061,08415,0,0,0
01061,08416,0,0,0
01061,08417,0,0,0
01061,08421,10,0,10
01061,08425,0,0,0
01061,08426,0,0,0
01061,08435,0,0,0
01061,08436,0,0,0
01061,08437,0,0,0
01061,09161,0,0,0
01061,09162,99,40,59
01061,09163,0,0,0
01061,09171,0,0,0
01061,09172,0,0,0
01061,09173,0,0,0
01061,09174,0,0,0
01061,09175,0,0,0
01061,09176,0,0,0
01061,09177,0,0,0
01061,09178,0,0,0
01061,09179,12,12,0
01061,09180,0,0,0
01061,09181,0,0,0
01061,09182,0,0,0
01061,09183,0,0,0
01061,09184,49,0,49
01061,09185,0,0,0
01061,09186,0,0,0
01061,09187,0,0,0
01061,09188,0,0,0
01061,09189,0,0,0
01061,09190,0,0,0
01061,09261,0,0,0
01061,09262,0,0,0
01061,09263,0,0,0
01061,09271,0,0,0
01061,09272,0,0,0
01061,09273,0,0,0
01061,09274,0,0,0
01061,09275,0,0,0
01061,09276,0,0,0
01061,09277,0,0,0
01061,09278,0,0,0
01061,09279,0,0,0
01061,09361,0,0,0
01061,09362,0,0,0
01061,09363,0,0,0
01061,09371,0,0,0
01061,09372,0,0,0
01061,09373,0,0,0
01061,09374,0,0,0
01061,09375,0,0,0
01061,09376,0,0,0
01061,09377,0,0,0
01061,09461,0,0,0
01061,09462,0,0,0
01061,09463,0,0,0
01061,09464,0,0,0
01061,09471,0,0,0
01061,09472,0,0,0
01061,09473,0,0,0
01061,09474,0,0,0
01061,09475,0,0,0
01061,09476,0,0,0
01061,09477,0,0,0
01061,09478,0,0,0
01061,09479,0,0,0
01061,09561,0,0,0
01061,09562,0,0,0
01061,09563,0,0,0
01061,09564,13,0,13
01061,09565,0,0,0
01061,09571,0,0,0
01061,09572,0,0,0
01061,09573,0,0,0
01061,09574,0,0,0
01061,09575,0,0,0
01061,09576,0,0,0
01061,09577,0,0,0
01061,09661,0,0,0
01061,09662,0,0,0
01061,09663,0,0,0
01061,09671,0,0,0
01061,09672,0,0,0
01061,09673,0,0,0
01061,09674,0,0,0
01061,09675,0,0,0
01061,09676,0,0,0
01061,09677,0,0,0
01061,09678,0,0,0
01061,09679,0,0,0
01061,09761,0,0,0
01061,09762,0,0,0
01061,09763,0,0,0
01061,09764,0,0,0
01061,09771,0,0,0
01061,09772,0,0,0
01061,09773,0,0,0
01061,09774,13,0,13
01061,09775,0,0,0
01061,09776,0,0,0
01061,09777,0,0,0
01061,09778,0,0,0
01061,09779,0,0,0
01061,09780,0,0,0
01061,10041,0,0,0
01061,10042,0,0,0
01061,10043,0,0,0
01061,10044,0,0,0
01061,10045,0,0,0
01061,10046,0,0,0
01061,11000,173,33,140
01061,12051,0,0,0
01061,12052,0,0,0
01061,12053,0,0,0
01061,12054,20,20,0
01061,12060,0,0,0
01061,12061,0,0,0
01061,12062,0,0,0
01061,12063,0,0,0
01061,12064,0,0,0
01061,12065,0,0,0
01061,12066,0,0,0
01061,12067,0,0,0
01061,12068,0,0,0
01061,12069,0,0,0
01061,12070,0,0,0
01061,12071,0,0,0
01061,12072,0,0,0
01061,12073,11,11,0
01061,13003,30,30,0
01061,13004,27,12,15
01061,13071,23,10,13
01061,13072,25,25,0
01061,13073,27,15,12
01061,13074,22,22,0
01061,13075,19,19,0
01061,13076,48,32,16
01061,14511,0,0,0
01061,14521,0,0,0
01061,14522,0,0,0
01061,14523,0,0,0
01061,14524,0,0,0
01061,14612,0,0,0
01061,14625,0,0,0
01061,14626,0,0,0
01061,14627,0,0,0
01061,14628,0,0,0
01061,14713,0,0,0
01061,14729,0,0,0
01061,14730,0,0,0
01061,15001,0,0,0
01061,15002,0,0,0
01061,15003,14,14,0
01061,15081,0,0,0
01061,15082,0,0,0
01061,15083,17,17,0
01061,15084,0,0,0
01061,15085,0,0,0
01061,15086,0,0,0
01061,15087,0,0,0
01061,15088,0,0,0
01061,15089,10,10,0
01061,15090,0,0,0
01061,15091,0,0,0
01061,16051,0,0,0
01061,16052,0,0,0
01061,16053,0,0,0
01061,16054,0,0,0
01061,16055,0,0,0
01061,16056,0,0,0
01061,16061,0,0,0
01061,16062,0,0,0
01061,16063,0,0,0
01061,16064,0,0,0
01061,16065,0,0,0
01061,16066,0,0,0
01061,16067,0,0,0
01061,16068,0,0,0
01061,16069,0,0,0
01061,16070,0,0,0
01061,16071,0,0,0
01061,16072,0,0,0
01061,16073,0,0,0
01061,16074,0,0,0
01061,16075,0,0,0
01061,16076,0,0,0
01061,16077,0,0,0
01062,01001,82,41,41
01062,01002,808,399,409
01062,01003,6833,2964,3869
01062,01004,397,217,180
01062,01051,135,85,50
01062,01053,10449,8492,1957
01062,01054,110,57,53
01062,01055,2417,1631,786
01062,01056,1485,894,591
01062,01057,258,203,55
01062,01058,517,354,163
01062,01059,192,149,43
01062,01060,6815,3880,2935
01062,01061,262,175,87
01062,01062,0,0,0
01062,02000,60423,19568,40855
01062,03101,113,88,25
01062,03102,15,15,0
01062,03103,14,0,14
01062,03151,71,42,29
01062,03153,26,15,11
01062,03154,0,0,0
01062,03155,11,0,11
01062,03157,30,30,0
01062,03158,15,15,0
01062,03159,43,25,18
01062,03241,590,244,346
01062,03251,61,43,18
01062,03252,18,18,0
01062,03254,45,25,20
01062,03255,0,0,0
01062,03256,13,13,0
01062,03257,16,16,0
01062,03351,134,26,108
01062,03352,83,56,27
01062,03353,1478,1077,401
01062,03354,15,15,0
01062,03355,615,507,108
01062,03356,67,45,22
01062,03357,129,100,29
01062,03358,122,86,36
01062,03359,304,229,75
01062,03360,89,70,19
01062,03361,65,40,25
01062,03401,18,18,0
01062,03402,0,0,0
01062,03403,55,32,23
01062,03404,31,0,31
01062,03405,0,0,0
01062,03451,49,31,18
01062,03452,68,43,25
01062,03453,32,18,14
01062,03454,45,19,26
01062,03455,18,18,0
01062,03456,0,0,0
01062,03457,32,22,10
01062,03458,40,40,0
01062,03459,32,17,15
01062,03460,13,13,0
01062,03461,18,18,0
01062,03462,0,0,0
01062,04011,457,215,242
01062,04012,55,32,23
01062,05111,340,105,235
01062,05112,73,45,28
01062,05113,204,131,73
01062,05114,19,19,0
01062,05116,38,14,24
01062,05117,14,14,0
01062,05119,0,0,0
01062,05120,0,0,0
01062,05122,17,17,0
01062,05124,48,35,13
01062,05154,28,13,15
01062,05158,146,88,58
01062,05162,153,116,37
01062,05166,29,14,15
01062,05170,37,26,11
01062,05314,33,0,33
01062,05315,217,55,162
01062,05316,0,0,0
01062,05334,95,14,81
01062,05358,21,10,11
01062,05362,69,32,37
01062,05366,24,24,0
01062,05370,0,0,0
01062,05374,48,29,19
01062,05378,19,19,0
01062,05382,50,23,27
01062,05512,13,13,0
01062,05513,13,13,0
01062,05515,44,18,26
01062,05554,27,13,14
01062,05558,14,14,0
01062,05562,34,22,12
01062,05566,51,29,22
01062,05570,21,21,0
01062,05711,69,34,35
01062,05754,131,94,37
01062,05758,44,24,20
01062,05762,11,11,0
01062,05766,28,17,11
01062,05770,56,37,19
01062,05774,21,21,0
01062,05911,49,19,30
01062,05913,131,43,88
01062,05914,29,10,19
01062,05915,0,0,0
01062,05916,10,10,0
01062,05954,39,21,18
01062,05958,0,0,0
01062,05962,23,12,11
01062,05966,0,0,0
01062,05970,0,0,0
01062,05974,14,14,0
01062,05978,52,16,36
01062,06411,30,11,19
01062,06412,241,31,210
01062,06413,10,0,10
01062,06414,68,16,52
01062,06431,15,15,0
01062,06432,32,15,17
01062,06433,168,145,23
01062,06434,94,16,78
01062,06435,29,13,16
01062,06436,71,16,55
01062,06437,0,0,0
01062,06438,60,15,45
01062,06439,10,10,0
01062,06440,35,22,13
01062,06531,10,10,0
01062,06532,0,0,0
01062,06533,0,0,0
01062,06534,0,0,0
01062,06535,0,0,0
01062,06611,23,10,13
01062,06631,15,0,15
01062,06632,0,0,0
01062,06633,12,12,0
01062,06634,0,0,0
01062,06635,0,0,0
01062,06636,0,0,0
01062,07111,49,49,0
01062,07131,0,0,0
01062,07132,0,0,0
01062,07133,0,0,0
01062,07134,0,0,0
01062,07135,0,0,0
01062,07137,68,68,0
01062,07138,44,44,0
01062,07140,17,17,0
01062,07141,14,14,0
01062,07143,27,27,0
01062,07211,0,0,0
01062,07231,0,0,0
01062,07232,0,0,0
01062,07233,0,0,0
01062,07235,0,0,0
01062,07311,0,0,0
01062,07312,0,0,0
01062,07313,0,0,0
01062,07314,26,0,26
01062,07315,32,11,21
01062,07316,0,0,0
01062,07317,0,0,0
01062,07318,0,0,0
01062,07319,0,0,0
01062,07320,0,0,0
01062,07331,0,0,0
01062,07332,0,0,0
01062,07333,0,0,0
01062,07334,0,0,0
01062,07335,0,0,0
01062,07336,0,0,0
01062,07337,0,0,0
01062,07338,0,0,0
01062,07339,14,14,0
01062,07340,0,0,0
01062,08111,106,41,65
01062,08115,32,32,0
01062,08116,74,26,48
01062,08117,12,0,12
01062,08118,50,19,31
01062,08119,0,0,0
01062,08121,10,0,10
01062,08125,27,13,14
01062,08126,26,0,26
01062,08127,0,0,0
01062,08128,0,0,0
01062,08135,0,0,0
01062,08136,16,0,16
01062,08211,12,0,12
01062,08212,23,0,23
01062,08215,39,19,20
01062,08216,10,0,10
01062,08221,13,0,13
01062,08222,43,15,28
01062,08225,0,0,0
01062,08226,48,17,31
01062,08231,0,0,0
01062,08235,14,14,0
01062,08236,12,12,0
01062,08237,0,0,0
01062,08311,11,0,11
01062,08315,14,0,14
01062,08316,0,0,0
01062,08317,28,14,14
01062,08325,0,0,0
01062,08326,10,0,10
01062,08327,0,0,0
01062,08335,0,0,0
01062,08336,11,0,11
01062,08337,0,0,0
01062,08415,15,15,0
01062,08416,16,0,16
01062,08417,10,10,0
01062,08421,51,0,51
01062,08425,0,0,0
01062,08426,0,0,0
01062,08435,0,0,0
01062,08436,0,0,0
01062,08437,0,0,0
01062,09161,0,0,0
01062,09162,317,78,239
01062,09163,0,0,0
01062,09171,0,0,0
01062,09172,0,0,0
01062,09173,0,0,0
01062,09174,0,0,0
01062,09175,13,0,13
01062,09176,0,0,0
01062,09177,13,0,13
01062,09178,38,0,38
01062,09179,13,13,0
01062,09180,0,0,0
01062,09181,0,0,0
01062,09182,0,0,0
01062,09183,0,0,0
01062,09184,100,16,84
01062,09185,16,16,0
01062,09186,31,31,0
01062,09187,0,0,0
01062,09188,14,0,14
01062,09189,0,0,0
01062,09190,0,0,0
01062,09261,0,0,0
01062,09262,0,0,0
01062,09263,0,0,0
01062,09271,0,0,0
01062,09272,0,0,0
01062,09273,12,0,12
01062,09274,0,0,0
01062,09275,0,0,0
01062,09276,0,0,0
01062,09277,0,0,0
01062,09278,0,0,0
01062,09279,0,0,0
01062,09361,0,0,0
01062,09362,0,0,0
01062,09363,0,0,0
01062,09371,0,0,0
01062,09372,0,0,0
01062,09373,0,0,0
01062,09374,0,0,0
01062,09375,0,0,0
01062,09376,0,0,0
01062,09377,0,0,0
01062,09461,0,0,0
01062,09462,0,0,0
01062,09463,0,0,0
01062,09464,0,0,0
01062,09471,0,0,0
01062,09472,0,0,0
01062,09473,0,0,0
01062,09474,0,0,0
01062,09475,0,0,0
01062,09476,0,0,0
01062,09477,0,0,0
01062,09478,0,0,0
01062,09479,0,0,0
01062,09561,0,0,0
01062,09562,0,0,0
01062,09563,12,12,0
01062,09564,117,59,58
01062,09565,0,0,0
01062,09571,0,0,0
01062,09572,0,0,0
01062,09573,10,10,0
01062,09574,13,13,0
01062,09575,0,0,0
01062,09576,0,0,0
01062,09577,0,0,0
01062,09661,0,0,0
01062,09662,0,0,0
01062,09663,0,0,0
01062,09671,0,0,0
01062,09672,13,13,0
01062,09673,0,0,0
01062,09674,0,0,0
01062,09675,0,0,0
01062,09676,0,0,0
01062,09677,0,0,0
01062,09678,0,0,0
01062,09679,13,13,0
01062,09761,30,10,20
01062,09762,0,0,0
01062,09763,0,0,0
01062,09764,0,0,0
01062,09771,0,0,0
01062,09772,0,0,0
01062,09773,0,0,0
01062,09774,0,0,0
01062,09775,0,0,0
01062,09776,0,0,0
01062,09777,0,0,0
01062,09778,0,0,0
01062,09779,0,0,0
01062,09780,0,0,0
01062,10041,0,0,0
01062,10042,0,0,0
01062,10043,0,0,0
01062,10044,0,0,0
01062,10045,0,0,0
01062,10046,0,0,0
01062,11000,742,306,436
01062,12051,11,11,0
01062,12052,0,0,0
01062,12053,0,0,0
01062,12054,26,14,12
01062,12060,35,35,0
01062,12061,34,12,22
01062,12062,20,20,0
01062,12063,19,19,0
01062,12064,25,25,0
01062,12065,18,18,0
01062,12066,0,0,0
01062,12067,14,14,0
01062,12068,20,20,0
01062,12069,17,17,0
01062,12070,98,98,0
01062,12071,0,0,0
01062,12072,0,0,0
01062,12073,15,15,0
01062,13003,92,68,24
01062,13004,208,160,48
01062,13071,118,103,15
01062,13072,171,142,29
01062,13073,123,104,19
01062,13074,955,736,219
01062,13075,85,63,22
01062,13076,1336,1173,163
01062,14511,10,10,0
01062,14521,0,0,0
01062,14522,16,16,0
01062,14523,0,0,0
01062,14524,11,11,0
01062,14612,28,16,12
01062,14625,15,15,0
01062,14626,0,0,0
01062,14627,0,0,0
01062,14628,11,11,0
01062,14713,56,40,16
01062,14729,14,14,0
01062,14730,0,0,0
01062,15001,10,10,0
01062,15002,29,16,13
01062,15003,24,24,0
01062,15081,24,24,0
01062,15082,17,17,0
01062,15083,13,13,0
01062,15084,0,0,0
01062,15085,10,10,0
01062,15086,13,13,0
01062,15087,0,0,0
01062,15088,0,0,0
01062,15089,11,11,0
01062,15090,24,24,0
01062,15091,14,14,0
01062,16051,19,19,0
01062,16052,11,11,0
01062,16053,0,0,0
01062,16054,0,0,0
01062,16055,0,0,0
01062,16056,0,0,0
01062,16061,0,0,0
01062,16062,0,0,0
01062,16063,0,0,0
01062,16064,0,0,0
01062,16065,0,0,0
01062,16066,14,14,0
01062,16067,0,0,0
01062,16068,0,0,0
01062,16069,0,0,0
01062,16070,0,0,0
01062,16071,0,0,0
01062,16072,0,0,0
01062,16073,0,0,0
01062,16074,0,0,0
01062,16075,0,0,0
01062,16076,0,0,0
01062,16077,0,0,0
02000,01001,979,707,272
02000,01002,5250,3311,1939
02000,01003,7077,4905,2172
02000,01004,2353,1663,690
02000,01051,2453,1988,465
02000,01053,28055,23230,4825
02000,01054,1558,1133,425
02000,01055,3551,3016,535
02000,01056,66416,51725,14691
02000,01057,1571,1377,194
02000,01058,3931,3084,847
02000,01059,1473,1256,217
02000,01060,48812,34221,14591
02000,01061,7225,6200,1025
02000,01062,60423,40855,19568
02000,02000,0,0,0
02000,03101,817,492,325
02000,03102,173,146,27
02000,03103,390,182,208
02000,03151,272,210,62
02000,03153,243,178,65
02000,03154,116,100,16
02000,03155,232,126,106
02000,03157,214,190,24
02000,03158,151,119,32
02000,03159,643,453,190
02000,03241,6122,3736,2386
02000,03251,910,753,157
02000,03252,342,269,73
02000,03254,637,514,123
02000,03255,94,57,37
02000,03256,265,205,60
02000,03257,289,257,32
02000,03351,1414,635,779
02000,03352,1911,1712,199
02000,03353,55304,46119,9185
02000,03354,458,412,46
02000,03355,12600,10786,1814
02000,03356,672,568,104
02000,03357,4123,3662,461
02000,03358,2628,2195,433
02000,03359,23677,21253,2424
02000,03360,1903,1611,292
02000,03361,1057,821,236
02000,03401,311,245,66
02000,03402,173,102,71
02000,03403,839,620,219
02000,03404,511,317,194
02000,03405,317,250,67
02000,03451,332,260,72
02000,03452,445,373,72
02000,03453,328,242,86
02000,03454,647,429,218
02000,03455,278,245,33
02000,03456,139,110,29
02000,03457,455,384,71
02000,03458,578,465,113
02000,03459,500,383,117
02000,03460,296,190,106
02000,03461,407,322,85
02000,03462,129,104,25
02000,04011,6732,4011,2721
02000,04012,835,617,218
02000,05111,3928,1390,2538
02000,05112,677,470,207
02000,05113,1283,593,690
02000,05114,368,234,134
02000,05116,491,268,223
02000,05117,168,117,51
02000,05119,296,182,114
02000,05120,78,63,15
02000,05122,205,125,80
02000,05124,418,281,137
02000,05154,302,218,84
02000,05158,829,515,314
02000,05162,854,501,353
02000,05166,319,201,118
02000,05170,465,374,91
02000,05314,735,366,369
02000,05315,4044,1717,2327
02000,05316,176,127,49
02000,05334,1125,409,716
02000,05358,197,137,60
02000,05362,630,446,184
02000,05366,125,104,21
02000,05370,194,156,38
02000,05374,368,132,236
02000,05378,312,269,43
02000,05382,889,522,367
02000,05512,108,87,21
02000,05513,260,202,58
02000,05515,818,475,343
02000,05554,254,173,81
02000,05558,225,182,43
02000,05562,549,452,97
02000,05566,506,344,162
02000,05570,321,207,114
02000,05711,769,336,433
02000,05754,500,269,231
02000,05758,332,219,113
02000,05762,147,134,13
02000,05766,387,279,108
02000,05770,430,312,118
02000,05774,358,233,125
02000,05911,533,331,202
02000,05913,1889,1045,844
02000,05914,309,149,160
02000,05915,153,119,34
02000,05916,113,91,22
02000,05954,358,231,127
02000,05958,192,127,65
02000,05962,301,192,109
02000,05966,65,42,23
02000,05970,183,102,81
02000,05974,279,213,66
02000,05978,842,404,438
02000,06411,378,215,163
02000,06412,4795,1482,3313
02000,06413,293,224,69
02000,06414,960,363,597
02000,06431,269,204,65
02000,06432,368,289,79
02000,06433,664,397,267
02000,06434,1038,301,737
02000,06435,584,426,158
02000,06436,875,373,502
02000,06437,87,32,55
02000,06438,909,480,429
02000,06439,277,178,99
02000,06440,461,350,111
02000,06531,253,187,66
02000,06532,204,92,112
02000,06533,183,145,38
02000,06534,198,155,43
02000,06535,62,51,11
02000,06611,336,198,138
02000,06631,181,133,48
02000,06632,110,82,28
02000,06633,203,165,38
02000,06634,151,113,38
02000,06635,106,67,39
02000,06636,88,61,27
02000,07111,124,70,54
02000,07131,67,51,16
02000,07132,64,47,17
02000,07133,91,68,23
02000,07134,53,23,30
02000,07135,18,18,0
02000,07137,148,111,37
02000,07138,129,85,44
02000,07140,94,75,19
02000,07141,86,68,18
02000,07143,124,91,33
02000,07211,102,74,28
02000,07231,114,59,55
02000,07232,30,20,10
02000,07233,17,17,0
02000,07235,55,45,10
02000,07311,18,18,0
02000,07312,64,44,20
02000,07313,19,19,0
02000,07314,149,109,40
02000,07315,467,238,229
02000,07316,28,28,0
02000,07317,58,58,0
02000,07318,56,32,24
02000,07319,143,126,17
02000,07320,14,14,0
02000,07331,106,95,11
02000,07332,60,60,0
02000,07333,44,32,12
02000,07334,66,48,18
02000,07335,38,38,0
02000,07336,18,18,0
02000,07337,61,41,20
02000,07338,72,72,0
02000,07339,200,149,51
02000,07340,43,43,0
02000,08111,1303,668,635
02000,08115,363,225,138
02000,08116,649,385,264
02000,08117,175,117,58
02000,08118,573,326,247
02000,08119,298,209,89
02000,08121,169,135,34
02000,08125,299,184,115
02000,08126,116,36,80
02000,08127,137,71,66
02000,08128,103,62,41
02000,08135,62,43,19
02000,08136,255,182,73
02000,08211,166,50,116
02000,08212,429,240,189
02000,08215,371,226,145
02000,08216,164,119,45
02000,08221,306,159,147
02000,08222,525,245,280
02000,08225,63,50,13
02000,08226,597,378,219
02000,08231,112,51,61
02000,08235,91,64,27
02000,08236,105,76,29
02000,08237,57,42,15
02000,08311,326,157,169
02000,08315,220,99,121
02000,08316,87,68,19
02000,08317,256,154,102
02000,08325,25,25,0
02000,08326,105,64,41
02000,08327,68,39,29
02000,08335,211,143,68
02000,08336,192,74,118
02000,08337,56,29,27
02000,08415,259,169,90
02000,08416,200,146,54
02000,08417,135,108,27
02000,08421,228,106,122
02000,08425,71,71,0
02000,08426,199,80,119
02000,08435,169,96,73
02000,08436,173,121,52
02000,08437,55,44,11
02000,09161,177,101,76
02000,09162,5687,2145,3542
02000,09163,59,34,25
02000,09171,83,56,27
02000,09172,83,41,42
02000,09173,88,65,23
02000,09174,131,103,28
02000,09175,186,129,57
02000,09176,64,50,14
02000,09177,250,151,99
02000,09178,604,211,393
02000,09179,231,178,53
02000,09180,58,41,17
02000,09181,91,69,22
02000,09182,81,57,24
02000,09183,53,53,0
02000,09184,1311,372,939
02000,09185,40,26,14
02000,09186,144,80,64
02000,09187,370,131,239
02000,09188,303,127,176
02000,09189,79,39,40
02000,09190,62,49,13
02000,09261,79,64,15
02000,09262,73,46,27
02000,09263,15,15,0
02000,09271,43,31,12
02000,09272,10,10,0
02000,09273,41,41,0
02000,09274,107,95,12
02000,09275,56,46,10
02000,09276,0,0,0
02000,09277,42,24,18
02000,09278,35,35,0
02000,09279,18,18,0
02000,09361,16,16,0
02000,09362,136,86,50
02000,09363,12,12,0
02000,09371,27,27,0
02000,09372,20,20,0
02000,09373,85,44,41
02000,09374,16,16,0
02000,09375,89,77,12
02000,09376,65,53,12
02000,09377,0,0,0
02000,09461,87,45,42
02000,09462,111,60,51
02000,09463,33,17,16
02000,09464,36,25,11
02000,09471,75,65,10
02000,09472,38,38,0
02000,09473,33,33,0
02000,09474,50,50,0
02000,09475,124,16,108
02000,09476,12,12,0
02000,09477,19,19,0
02000,09478,32,22,10
02000,09479,41,22,19
02000,09561,17,17,0
02000,09562,174,80,94
02000,09563,122,98,24
02000,09564,878,424,454
02000,09565,43,20,23
02000,09571,98,68,30
02000,09572,146,78,68
02000,09573,100,81,19
02000,09574,130,79,51
02000,09575,45,35,10
02000,09576,92,77,15
02000,09577,26,26,0
02000,09661,93,49,44
02000,09662,45,32,13
02000,09663,161,112,49
02000,09671,174,125,49
02000,09672,79,48,31
02000,09673,29,29,0
02000,09674,29,29,0
02000,09675,67,36,31
02000,09676,153,109,44
02000,09677,86,63,23
02000,09678,64,54,10
02000,09679,175,115,60
02000,09761,469,231,238
02000,09762,28,18,10
02000,09763,73,40,33
02000,09764,50,50,0
02000,09771,98,79,19
02000,09772,183,137,46
02000,09773,58,46,12
02000,09774,75,37,38
02000,09775,173,100,73
02000,09776,83,56,27
02000,09777,68,45,23
02000,09778,101,86,15
02000,09779,229,163,66
02000,09780,101,65,36
02000,10041,252,134,118
02000,10042,46,24,22
02000,10043,50,50,0
02000,10044,58,58,0
02000,10045,76,59,17
02000,10046,29,29,0
02000,11000,14716,8608,6108
02000,12051,61,61,0
02000,12052,110,87,23
02000,12053,69,52,17
02000,12054,470,311,159
02000,12060,320,275,45
02000,12061,309,235,74
02000,12062,48,48,0
02000,12063,239,212,27
02000,12064,272,236,36
02000,12065,326,269,57
02000,12066,98,74,24
02000,12067,221,163,58
02000,12068,198,177,21
02000,12069,451,360,91
02000,12070,464,431,33
02000,12071,86,57,29
02000,12072,296,205,91
02000,12073,203,179,24
02000,13003,1407,1134,273
02000,13004,1527,1158,369
02000,13071,843,720,123
02000,13072,1250,1102,148
02000,13073,1001,813,188
02000,13074,1796,1470,326
02000,13075,824,699,125
02000,13076,4977,4450,527
02000,14511,226,152,74
02000,14521,86,65,21
02000,14522,161,138,23
02000,14523,70,70,0
02000,14524,134,115,19
02000,14612,748,500,248
02000,14625,158,120,38
02000,14626,106,95,11
02000,14627,136,117,19
02000,14628,107,91,16
02000,14713,1019,802,217
02000,14729,199,166,33
02000,14730,127,102,25
02000,15001,77,56,21
02000,15002,335,227,108
02000,15003,403,264,139
02000,15081,249,205,44
02000,15082,123,100,23
02000,15083,181,153,28
02000,15084,98,98,0
02000,15085,183,156,27
02000,15086,115,94,21
02000,15087,99,99,0
02000,15088,178,152,26
02000,15089,197,178,19
02000,15090,362,314,48
02000,15091,134,134,0
02000,16051,270,220,50
02000,16052,53,53,0
02000,16053,123,85,38
02000,16054,17,17,0
02000,16055,66,45,21
02000,16056,30,30,0
02000,16061,74,55,19
02000,16062,57,44,13
02000,16063,66,47,19
02000,16064,68,68,0
02000,16065,37,37,0
02000,16066,48,48,0
02000,16067,75,75,0
02000,16068,31,31,0
02000,16069,0,0,0
02000,16070,75,53,22
02000,16071,33,33,0
02000,16072,11,11,0
02000,16073,27,27,0
02000,16074,34,34,0
02000,16075,39,39,0
02000,16076,32,32,0
02000,16077,31,31,0
03101,01001,0,0,0
03101,01002,76,27,49
03101,01003,46,16,30
03101,01004,0,0,0
03101,01051,10,10,0
03101,01053,17,17,0
03101,01054,18,18,0
03101,01055,35,25,10
03101,01056,65,30,35
03101,01057,0,0,0
03101,01058,32,19,13
03101,01059,0,0,0
03101,01060,35,17,18
03101,01061,0,0,0
03101,01062,113,25,88
03101,02000,817,325,492
03101,03101,0,0,0
03101,03102,10862,6441,4421
03101,03103,14330,2803,11527
03101,03151,11396,8342,3054
03101,03153,2822,2272,550
03101,03154,6384,5127,1257
03101,03155,310,226,84
03101,03157,12115,10157,1958
03101,03158,17738,14595,3143
03101,03159,732,559,173
03101,03241,6048,3023,3025
03101,03251,62,41,21
03101,03252,84,67,17
03101,03254,1986,1434,552
03101,03255,66,55,11
03101,03256,58,43,15
03101,03257,128,95,33
03101,03351,740,514,226
03101,03352,14,14,0
03101,03353,124,100,24
03101,03354,41,41,0
03101,03355,148,114,34
03101,03356,11,11,0
03101,03357,27,27,0
03101,03358,92,55,37
03101,03359,57,38,19
03101,03360,162,124,38
03101,03361,62,29,33
03101,03401,13,0,13
03101,03402,20,20,0
03101,03403,65,36,29
03101,03404,86,50,36
03101,03405,12,0,12
03101,03451,30,18,12
03101,03452,50,24,26
03101,03453,20,10,10
03101,03454,69,38,31
03101,03455,17,17,0
03101,03456,22,22,0
03101,03457,47,36,11
03101,03458,17,17,0
03101,03459,46,27,19
03101,03460,75,23,52
03101,03461,12,12,0
03101,03462,0,0,0
03101,04011,197,89,108
03101,04012,20,20,0
03101,05111,172,36,136
03101,05112,54,11,43
03101,05113,107,52,55
03101,05114,0,0,0
03101,05116,15,0,15
03101,05117,17,17,0
03101,05119,0,0,0
03101,05120,11,0,11
03101,05122,22,0,22
03101,05124,29,11,18
03101,05154,43,0,43
03101,05158,54,29,25
03101,05162,31,18,13
03101,05166,27,11,16
03101,05170,19,19,0
03101,05314,56,17,39
03101,05315,187,57,130
03101,05316,35,0,35
03101,05334,79,39,40
03101,05358,34,0,34
03101,05362,43,15,28
03101,05366,0,0,0
03101,05370,0,0,0
03101,05374,77,0,77
03101,05378,21,10,11
03101,05382,56,24,32
03101,05512,0,0,0
03101,05513,29,19,10
03101,05515,51,22,29
03101,05554,0,0,0
03101,05558,0,0,0
03101,05562,28,28,0
03101,05566,58,43,15
03101,05570,31,16,15
03101,05711,92,34,58
03101,05754,50,21,29
03101,05758,35,25,10
03101,05762,24,24,0
03101,05766,89,68,21
03101,05770,168,112,56
03101,05774,48,32,16
03101,05911,58,35,23
03101,05913,59,36,23
03101,05914,0,0,0
03101,05915,14,14,0
03101,05916,0,0,0
03101,05954,39,25,14
03101,05958,11,11,0
03101,05962,20,10,10
03101,05966,0,0,0
03101,05970,10,10,0
03101,05974,64,18,46
03101,05978,43,27,16
03101,06411,36,12,24
03101,06412,231,78,153
03101,06413,0,0,0
03101,06414,32,11,21
03101,06431,16,16,0
03101,06432,39,21,18
03101,06433,31,12,19
03101,06434,38,0,38
03101,06435,29,17,12
03101,06436,78,16,62
03101,06437,0,0,0
03101,06438,66,17,49
03101,06439,0,0,0
03101,06440,29,16,13
03101,06531,17,17,0
03101,06532,15,15,0
03101,06533,19,19,0
03101,06534,11,0,11
03101,06535,0,0,0
03101,06611,132,94,38
03101,06631,30,15,15
03101,06632,0,0,0
03101,06633,129,61,68
03101,06634,10,10,0
03101,06635,0,0,0
03101,06636,20,20,0
03101,07111,13,0,13
03101,07131,0,0,0
03101,07132,0,0,0
03101,07133,0,0,0
03101,07134,0,0,0
03101,07135,0,0,0
03101,07137,0,0,0
03101,07138,0,0,0
03101,07140,0,0,0
03101,07141,0,0,0
03101,07143,0,0,0
03101,07211,0,0,0
03101,07231,11,0,11
03101,07232,0,0,0
03101,07233,0,0,0
03101,07235,0,0,0
03101,07311,0,0,0
03101,07312,11,11,0
03101,07313,0,0,0
03101,07314,0,0,0
03101,07315,0,0,0
03101,07316,0,0,0
03101,07317,0,0,0
03101,07318,0,0,0
03101,07319,0,0,0
03101,07320,0,0,0
03101,07331,0,0,0
03101,07332,0,0,0
03101,07333,0,0,0
03101,07334,0,0,0
03101,07335,0,0,0
03101,07336,0,0,0
03101,07337,0,0,0
03101,07338,0,0,0
03101,07339,12,0,12
03101,07340,0,0,0
03101,08111,185,29,156
03101,08115,64,14,50
03101,08116,68,23,45
03101,08117,22,12,10
03101,08118,115,18,97
03101,08119,14,0,14
03101,08121,0,0,0
03101,08125,44,14,30
03101,08126,11,0,11
03101,08127,0,0,0
03101,08128,14,0,14
03101,08135,0,0,0
03101,08136,17,0,17
03101,08211,0,0,0
03101,08212,37,12,25
03101,08215,26,10,16
03101,08216,13,0,13
03101,08221,13,13,0
03101,08222,27,0,27
03101,08225,0,0,0
03101,08226,49,19,30
03101,08231,0,0,0
03101,08235,0,0,0
03101,08236,0,0,0
03101,08237,0,0,0
03101,08311,29,16,13
03101,08315,13,0,13
03101,08316,0,0,0
03101,08317,11,0,11
03101,08325,0,0,0
03101,08326,0,0,0
03101,08327,0,0,0
03101,08335,34,22,12
03101,08336,0,0,0
03101,08337,0,0,0
03101,08415,22,10,12
03101,08416,10,10,0
03101,08417,0,0,0
03101,08421,12,0,12
03101,08425,0,0,0
03101,08426,0,0,0
03101,08435,42,42,0
03101,08436,0,0,0
03101,08437,0,0,0
03101,09161,111,22,89
03101,09162,420,169,251
03101,09163,0,0,0
03101,09171,0,0,0
03101,09172,19,0,19
03101,09173,0,0,0
03101,09174,22,22,0
03101,09175,0,0,0
03101,09176,49,0,49
03101,09177,0,0,0
03101,09178,25,14,11
03101,09179,12,12,0
03101,09180,0,0,0
03101,09181,0,0,0
03101,09182,0,0,0
03101,09183,0,0,0
03101,09184,219,42,177
03101,09185,0,0,0
03101,09186,14,0,14
03101,09187,12,12,0
03101,09188,16,16,0
03101,09189,0,0,0
03101,09190,0,0,0
03101,09261,0,0,0
03101,09262,0,0,0
03101,09263,0,0,0
03101,09271,31,0,31
03101,09272,0,0,0
03101,09273,0,0,0
03101,09274,0,0,0
03101,09275,0,0,0
03101,09276,0,0,0
03101,09277,0,0,0
03101,09278,0,0,0
03101,09279,0,0,0
03101,09361,0,0,0
03101,09362,0,0,0
03101,09363,0,0,0
03101,09371,0,0,0
03101,09372,0,0,0
03101,09373,0,0,0
03101,09374,0,0,0
03101,09375,0,0,0
03101,09376,0,0,0
03101,09377,0,0,0
03101,09461,0,0,0
03101,09462,0,0,0
03101,09463,0,0,0
03101,09464,0,0,0
03101,09471,0,0,0
03101,09472,0,0,0
03101,09473,0,0,0
03101,09474,0,0,0
03101,09475,23,0,23
03101,09476,0,0,0
03101,09477,0,0,0
03101,09478,0,0,0
03101,09479,0,0,0
03101,09561,0,0,0
03101,09562,34,0,34
03101,09563,0,0,0
03101,09564,60,20,40
03101,09565,0,0,0
03101,09571,0,0,0
03101,09572,17,0,17
03101,09573,0,0,0
03101,09574,0,0,0
03101,09575,0,0,0
03101,09576,0,0,0
03101,09577,0,0,0
03101,09661,0,0,0
03101,09662,0,0,0
03101,09663,45,45,0
03101,09671,0,0,0
03101,09672,0,0,0
03101,09673,0,0,0
03101,09674,0,0,0
03101,09675,14,0,14
03101,09676,0,0,0
03101,09677,0,0,0
03101,09678,0,0,0
03101,09679,11,11,0
03101,09761,14,0,14
03101,09762,0,0,0
03101,09763,0,0,0
03101,09764,0,0,0
03101,09771,0,0,0
03101,09772,0,0,0
03101,09773,0,0,0
03101,09774,0,0,0
03101,09775,0,0,0
03101,09776,0,0,0
03101,09777,0,0,0
03101,09778,0,0,0
03101,09779,0,0,0
03101,09780,0,0,0
03101,10041,92,92,0
03101,10042,0,0,0
03101,10043,10,10,0
03101,10044,0,0,0
03101,10045,13,13,0
03101,10046,0,0,0
03101,11000,1239,666,573
03101,12051,11,11,0
03101,12052,0,0,0
03101,12053,0,0,0
03101,12054,86,74,12
03101,12060,15,15,0
03101,12061,11,11,0
03101,12062,13,13,0
03101,12063,31,31,0
03101,12064,34,34,0
03101,12065,21,21,0
03101,12066,0,0,0
03101,12067,22,22,0
03101,12068,0,0,0
03101,12069,74,55,19
03101,12070,11,11,0
03101,12071,12,12,0
03101,12072,47,33,14
03101,12073,10,10,0
03101,13003,15,15,0
03101,13004,11,11,0
03101,13071,24,24,0
03101,13072,20,20,0
03101,13073,27,15,12
03101,13074,21,21,0
03101,13075,32,32,0
03101,13076,14,14,0
03101,14511,29,15,14
03101,14521,0,0,0
03101,14522,16,16,0
03101,14523,0,0,0
03101,14524,51,35,16
03101,14612,81,48,33
03101,14625,11,11,0
03101,14626,11,0,11
03101,14627,10,10,0
03101,14628,12,12,0
03101,14713,146,106,40
03101,14729,15,15,0
03101,14730,28,28,0
03101,15001,17,17,0
03101,15002,78,58,20
03101,15003,657,473,184
03101,15081,259,218,41
03101,15082,30,30,0
03101,15083,1194,1080,114
03101,15084,30,30,0
03101,15085,1659,1503,156
03101,15086,150,125,25
03101,15087,33,33,0
03101,15088,33,33,0
03101,15089,181,152,29
03101,15090,89,89,0
03101,15091,20,20,0
03101,16051,36,23,13
03101,16052,15,15,0
03101,16053,14,14,0
03101,16054,0,0,0
03101,16055,0,0,0
03101,16056,0,0,0
03101,16061,43,25,18
03101,16062,34,34,0
03101,16063,0,0,0
03101,16064,11,11,0
03101,16065,0,0,0
03101,16066,16,16,0
03101,16067,27,0,27
03101,16068,0,0,0
03101,16069,0,0,0
03101,16070,0,0,0
03101,16071,0,0,0
03101,16072,0,0,0
03101,16073,0,0,0
03101,16074,0,0,0
03101,16075,0,0,0
03101,16076,0,0,0
03101,16077,0,0,0
03102,01001,0,0,0
03102,01002,34,10,24
03102,01003,0,0,0
03102,01004,0,0,0
03102,01051,0,0,0
03102,01053,0,0,0
03102,01054,0,0,0
03102,01055,0,0,0
03102,01056,15,0,15
03102,01057,0,0,0
03102,01058,0,0,0
03102,01059,0,0,0
03102,01060,0,0,0
03102,01061,0,0,0
03102,01062,15,0,15
03102,02000,173,27,146
03102,03101,10862,4421,6441
03102,03102,0,0,0
03102,03103,1152,164,988
03102,03151,632,398,234
03102,03153,3565,2674,891
03102,03154,469,316,153
03102,03155,187,132,55
03102,03157,6315,4864,1451
03102,03158,8171,6687,1484
03102,03159,188,119,69
03102,03241,1746,663,1083
03102,03251,0,0,0
03102,03252,27,17,10
03102,03254,2746,1976,770
03102,03255,12,0,12
03102,03256,0,0,0
03102,03257,19,19,0
03102,03351,72,57,15
03102,03352,0,0,0
03102,03353,80,0,80
03102,03354,0,0,0
03102,03355,0,0,0
03102,03356,0,0,0
03102,03357,0,0,0
03102,03358,28,11,17
03102,03359,0,0,0
03102,03360,13,13,0
03102,03361,14,0,14
03102,03401,0,0,0
03102,03402,0,0,0
03102,03403,11,0,11
03102,03404,0,0,0
03102,03405,0,0,0
03102,03451,0,0,0
03102,03452,0,0,0
03102,03453,0,0,0
03102,03454,0,0,0
03102,03455,0,0,0
03102,03456,0,0,0
03102,03457,0,0,0
03102,03458,0,0,0
03102,03459,15,15,0
03102,03460,0,0,0
03102,03461,0,0,0
03102,03462,0,0,0
03102,04011,132,28,104
03102,04012,0,0,0
03102,05111,57,0,57
03102,05112,49,0,49
03102,05113,29,17,12
03102,05114,10,0,10
03102,05116,0,0,0
03102,05117,0,0,0
03102,05119,0,0,0
03102,05120,0,0,0
03102,05122,14,0,14
03102,05124,0,0,0
03102,05154,0,0,0
03102,05158,16,0,16
03102,05162,0,0,0
03102,05166,0,0,0
03102,05170,11,0,11
03102,05314,0,0,0
03102,05315,21,0,21
03102,05316,12,0,12
03102,05334,22,10,12
03102,05358,0,0,0
03102,05362,11,0,11
03102,05366,0,0,0
03102,05370,0,0,0
03102,05374,0,0,0
03102,05378,0,0,0
03102,05382,22,0,22
03102,05512,0,0,0
03102,05513,0,0,0
03102,05515,0,0,0
03102,05554,0,0,0
03102,05558,0,0,0
03102,05562,10,0,10
03102,05566,0,0,0
03102,05570,0,0,0
03102,05711,45,10,35
03102,05754,10,0,10
03102,05758,0,0,0
03102,05762,0,0,0
03102,05766,0,0,0
03102,05770,24,14,10
03102,05774,10,0,10
03102,05911,0,0,0
03102,05913,0,0,0
03102,05914,0,0,0
03102,05915,14,0,14
03102,05916,0,0,0
03102,05954,0,0,0
03102,05958,0,0,0
03102,05962,0,0,0
03102,05966,0,0,0
03102,05970,0,0,0
03102,05974,0,0,0
03102,05978,0,0,0
03102,06411,0,0,0
03102,06412,41,12,29
03102,06413,0,0,0
03102,06414,0,0,0
03102,06431,0,0,0
03102,06432,0,0,0
03102,06433,22,0,22
03102,06434,0,0,0
03102,06435,0,0,0
03102,06436,13,0,13
03102,06437,0,0,0
03102,06438,0,0,0
03102,06439,0,0,0
03102,06440,0,0,0
03102,06531,0,0,0
03102,06532,21,0,21
03102,06533,0,0,0
03102,06534,0,0,0
03102,06535,0,0,0
03102,06611,25,12,13
03102,06631,0,0,0
03102,06632,0,0,0
03102,06633,29,11,18
03102,06634,0,0,0
03102,06635,0,0,0
03102,06636,0,0,0
03102,07111,10,0,10
03102,07131,0,0,0
03102,07132,0,0,0
03102,07133,0,0,0
03102,07134,0,0,0
03102,07135,0,0,0
03102,07137,0,0,0
03102,07138,0,0,0
03102,07140,0,0,0
03102,07141,0,0,0
03102,07143,0,0,0
03102,07211,0,0,0
03102,07231,0,0,0
03102,07232,0,0,0
03102,07233,0,0,0
03102,07235,0,0,0
03102,07311,0,0,0
03102,07312,0,0,0
03102,07313,0,0,0
03102,07314,0,0,0
03102,07315,0,0,0
03102,07316,0,0,0
03102,07317,0,0,0
03102,07318,0,0,0
03102,07319,0,0,0
03102,07320,0,0,0
03102,07331,0,0,0
03102,07332,0,0,0
03102,07333,0,0,0
03102,07334,0,0,0
03102,07335,0,0,0
03102,07336,0,0,0
03102,07337,0,0,0
03102,07338,0,0,0
03102,07339,0,0,0
03102,07340,0,0,0
03102,08111,40,0,40
03102,08115,10,0,10
03102,08116,17,0,17
03102,08117,0,0,0
03102,08118,0,0,0
03102,08119,0,0,0
03102,08121,0,0,0
03102,08125,0,0,0
03102,08126,0,0,0
03102,08127,0,0,0
03102,08128,0,0,0
03102,08135,0,0,0
03102,08136,0,0,0
03102,08211,0,0,0
03102,08212,0,0,0
03102,08215,0,0,0
03102,08216,0,0,0
03102,08221,0,0,0
03102,08222,0,0,0
03102,08225,0,0,0
03102,08226,20,0,20
03102,08231,0,0,0
03102,08235,0,0,0
03102,08236,10,0,10
03102,08237,0,0,0
03102,08311,0,0,0
03102,08315,0,0,0
03102,08316,0,0,0
03102,08317,0,0,0
03102,08325,0,0,0
03102,08326,0,0,0
03102,08327,0,0,0
03102,08335,0,0,0
03102,08336,0,0,0
03102,08337,0,0,0
03102,08415,0,0,0
03102,08416,0,0,0
03102,08417,0,0,0
03102,08421,0,0,0
03102,08425,0,0,0
03102,08426,0,0,0
03102,08435,0,0,0
03102,08436,0,0,0
03102,08437,0,0,0
03102,09161,10,0,10
03102,09162,34,0,34
03102,09163,0,0,0
03102,09171,0,0,0
03102,09172,0,0,0
03102,09173,0,0,0
03102,09174,0,0,0
03102,09175,0,0,0
03102,09176,0,0,0
03102,09177,0,0,0
03102,09178,0,0,0
03102,09179,0,0,0
03102,09180,0,0,0
03102,09181,0,0,0
03102,09182,0,0,0
03102,09183,0,0,0
03102,09184,28,0,28
03102,09185,0,0,0
03102,09186,0,0,0
03102,09187,0,0,0
03102,09188,0,0,0
03102,09189,0,0,0
03102,09190,0,0,0
03102,09261,0,0,0
03102,09262,0,0,0
03102,09263,0,0,0
03102,09271,0,0,0
03102,09272,0,0,0
03102,09273,0,0,0
03102,09274,0,0,0
03102,09275,0,0,0
03102,09276,0,0,0
03102,09277,0,0,0
03102,09278,0,0,0
03102,09279,0,0,0
03102,09361,0,0,0
03102,09362,0,0,0
03102,09363,0,0,0
03102,09371,0,0,0
03102,09372,0,0,0
03102,09373,0,0,0
03102,09374,0,0,0
03102,09375,0,0,0
03102,09376,0,0,0
03102,09377,0,0,0
03102,09461,0,0,0
03102,09462,0,0,0
03102,09463,0,0,0
03102,09464,0,0,0
03102,09471,0,0,0
03102,09472,0,0,0
03102,09473,0,0,0
03102,09474,0,0,0
03102,09475,0,0,0
03102,09476,0,0,0
03102,09477,0,0,0
03102,09478,0,0,0
03102,09479,0,0,0
03102,09561,0,0,0
03102,09562,0,0,0
03102,09563,0,0,0
03102,09564,11,0,11
03102,09565,0,0,0
03102,09571,0,0,0
03102,09572,0,0,0
03102,09573,0,0,0
03102,09574,0,0,0
03102,09575,0,0,0
03102,09576,0,0,0
03102,09577,0,0,0
03102,09661,0,0,0
03102,09662,0,0,0
03102,09663,0,0,0
03102,09671,0,0,0
03102,09672,0,0,0
03102,09673,0,0,0
03102,09674,0,0,0
03102,09675,0,0,0
03102,09676,0,0,0
03102,09677,0,0,0
03102,09678,0,0,0
03102,09679,0,0,0
03102,09761,0,0,0
03102,09762,0,0,0
03102,09763,0,0,0
03102,09764,0,0,0
03102,09771,0,0,0
03102,09772,0,0,0
03102,09773,0,0,0
03102,09774,0,0,0
03102,09775,0,0,0
03102,09776,0,0,0
03102,09777,0,0,0
03102,09778,0,0,0
03102,09779,0,0,0
03102,09780,0,0,0
03102,10041,0,0,0
03102,10042,0,0,0
03102,10043,0,0,0
03102,10044,0,0,0
03102,10045,0,0,0
03102,10046,0,0,0
03102,11000,232,91,141
03102,12051,0,0,0
03102,12052,0,0,0
03102,12053,0,0,0
03102,12054,11,0,11
03102,12060,0,0,0
03102,12061,0,0,0
03102,12062,0,0,0
03102,12063,0,0,0
03102,12064,0,0,0
03102,12065,35,0,35
03102,12066,0,0,0
03102,12067,0,0,0
03102,12068,0,0,0
03102,12069,15,0,15
03102,12070,0,0,0
03102,12071,0,0,0
03102,12072,0,0,0
03102,12073,0,0,0
03102,13003,0,0,0
03102,13004,0,0,0
03102,13071,0,0,0
03102,13072,0,0,0
03102,13073,0,0,0
03102,13074,0,0,0
03102,13075,0,0,0
03102,13076,0,0,0
03102,14511,0,0,0
03102,14521,0,0,0
03102,14522,0,0,0
03102,14523,0,0,0
03102,14524,0,0,0
03102,14612,0,0,0
03102,14625,0,0,0
03102,14626,11,11,0
03102,14627,0,0,0
03102,14628,0,0,0
03102,14713,11,11,0
03102,14729,0,0,0
03102,14730,0,0,0
03102,15001,0,0,0
03102,15002,18,18,0
03102,15003,97,61,36
03102,15081,53,37,16
03102,15082,0,0,0
03102,15083,157,138,19
03102,15084,0,0,0
03102,15085,1281,1204,77
03102,15086,13,13,0
03102,15087,30,30,0
03102,15088,16,16,0
03102,15089,38,38,0
03102,15090,14,14,0
03102,15091,0,0,0
03102,16051,0,0,0
03102,16052,0,0,0
03102,16053,0,0,0
03102,16054,0,0,0
03102,16055,0,0,0
03102,16056,0,0,0
03102,16061,0,0,0
03102,16062,19,19,0
03102,16063,0,0,0
03102,16064,0,0,0
03102,16065,0,0,0
03102,16066,0,0,0
03102,16067,0,0,0
03102,16068,0,0,0
03102,16069,0,0,0
03102,16070,0,0,0
03102,16071,0,0,0
03102,16072,0,0,0
03102,16073,0,0,0
03102,16074,0,0,0
03102,16075,0,0,0
03102,16076,0,0,0
03102,16077,0,0,0
03103,01001,0,0,0
03103,01002,21,11,10
03103,01003,0,0,0
03103,01004,0,0,0
03103,01051,15,15,0
03103,01053,15,15,0
03103,01054,11,11,0
03103,01055,16,16,0
03103,01056,18,18,0
03103,01057,0,0,0
03103,01058,11,11,0
03103,01059,10,10,0
03103,01060,18,18,0
03103,01061,0,0,0
03103,01062,14,14,0
03103,02000,390,208,182
03103,03101,14330,11527,2803
03103,03102,1152,988,164
03103,03103,0,0,0
03103,03151,28811,26606,2205
03103,03153,429,406,23
03103,03154,14062,13232,830
03103,03155,69,57,12
03103,03157,2139,2031,108
03103,03158,3261,3109,152
03103,03159,222,161,61
03103,03241,3833,3094,739
03103,03251,33,33,0
03103,03252,64,54,10
03103,03254,501,464,37
03103,03255,14,14,0
03103,03256,53,53,0
03103,03257,103,103,0
03103,03351,622,592,30
03103,03352,19,19,0
03103,03353,34,34,0
03103,03354,92,92,0
03103,03355,64,43,21
03103,03356,13,13,0
03103,03357,14,14,0
03103,03358,68,47,21
03103,03359,16,16,0
03103,03360,388,350,38
03103,03361,23,23,0
03103,03401,0,0,0
03103,03402,58,35,23
03103,03403,17,17,0
03103,03404,146,146,0
03103,03405,10,10,0
03103,03451,14,14,0
03103,03452,49,49,0
03103,03453,0,0,0
03103,03454,77,34,43
03103,03455,14,14,0
03103,03456,10,10,0
03103,03457,21,21,0
03103,03458,10,10,0
03103,03459,107,107,0
03103,03460,27,17,10
03103,03461,20,0,20
03103,03462,0,0,0
03103,04011,93,73,20
03103,04012,0,0,0
03103,05111,97,36,61
03103,05112,17,17,0
03103,05113,21,21,0
03103,05114,0,0,0
03103,05116,21,11,10
03103,05117,12,12,0
03103,05119,10,10,0
03103,05120,0,0,0
03103,05122,0,0,0
03103,05124,12,0,12
03103,05154,0,0,0
03103,05158,11,11,0
03103,05162,21,21,0
03103,05166,16,16,0
03103,05170,14,14,0
03103,05314,14,14,0
03103,05315,85,40,45
03103,05316,25,0,25
03103,05334,53,39,14
03103,05358,0,0,0
03103,05362,16,16,0
03103,05366,0,0,0
03103,05370,0,0,0
03103,05374,62,0,62
03103,05378,11,11,0
03103,05382,33,22,11
03103,05512,0,0,0
03103,05513,0,0,0
03103,05515,25,25,0
03103,05554,0,0,0
03103,05558,12,12,0
03103,05562,14,14,0
03103,05566,59,59,0
03103,05570,0,0,0
03103,05711,20,20,0
03103,05754,24,14,10
03103,05758,24,24,0
03103,05762,14,14,0
03103,05766,48,37,11
03103,05770,59,45,14
03103,05774,26,26,0
03103,05911,30,30,0
03103,05913,22,22,0
03103,05914,0,0,0
03103,05915,0,0,0
03103,05916,0,0,0
03103,05954,0,0,0
03103,05958,0,0,0
03103,05962,14,14,0
03103,05966,0,0,0
03103,05970,0,0,0
03103,05974,13,13,0
03103,05978,12,12,0
03103,06411,15,15,0
03103,06412,94,36,58
03103,06413,0,0,0
03103,06414,17,17,0
03103,06431,0,0,0
03103,06432,27,15,12
03103,06433,14,14,0
03103,06434,23,11,12
03103,06435,22,10,12
03103,06436,0,0,0
03103,06437,0,0,0
03103,06438,49,12,37
03103,06439,0,0,0
03103,06440,10,10,0
03103,06531,13,13,0
03103,06532,0,0,0
03103,06533,0,0,0
03103,06534,17,17,0
03103,06535,0,0,0
03103,06611,100,100,0
03103,06631,29,29,0
03103,06632,10,10,0
03103,06633,167,138,29
03103,06634,52,52,0
03103,06635,12,12,0
03103,06636,14,14,0
03103,07111,0,0,0
03103,07131,0,0,0
03103,07132,0,0,0
03103,07133,0,0,0
03103,07134,0,0,0
03103,07135,0,0,0
03103,07137,0,0,0
03103,07138,0,0,0
03103,07140,0,0,0
03103,07141,0,0,0
03103,07143,0,0,0
03103,07211,0,0,0
03103,07231,0,0,0
03103,07232,0,0,0
03103,07233,0,0,0
03103,07235,0,0,0
03103,07311,0,0,0
03103,07312,0,0,0
03103,07313,0,0,0
03103,07314,0,0,0
03103,07315,42,11,31
03103,07316,0,0,0
03103,07317,0,0,0
03103,07318,0,0,0
03103,07319,0,0,0
03103,07320,0,0,0
03103,07331,0,0,0
03103,07332,0,0,0
03103,07333,0,0,0
03103,07334,0,0,0
03103,07335,0,0,0
03103,07336,0,0,0
03103,07337,0,0,0
03103,07338,0,0,0
03103,07339,23,12,11
03103,07340,0,0,0
03103,08111,77,42,35
03103,08115,49,33,16
03103,08116,37,27,10
03103,08117,0,0,0
03103,08118,68,34,34
03103,08119,32,10,22
03103,08121,10,10,0
03103,08125,39,21,18
03103,08126,0,0,0
03103,08127,0,0,0
03103,08128,0,0,0
03103,08135,0,0,0
03103,08136,17,17,0
03103,08211,0,0,0
03103,08212,20,20,0
03103,08215,0,0,0
03103,08216,0,0,0
03103,08221,0,0,0
03103,08222,10,10,0
03103,08225,0,0,0
03103,08226,35,20,15
03103,08231,0,0,0
03103,08235,0,0,0
03103,08236,0,0,0
03103,08237,0,0,0
03103,08311,0,0,0
03103,08315,0,0,0
03103,08316,0,0,0
03103,08317,0,0,0
03103,08325,0,0,0
03103,08326,0,0,0
03103,08327,0,0,0
03103,08335,0,0,0
03103,08336,0,0,0
03103,08337,0,0,0
03103,08415,0,0,0
03103,08416,0,0,0
03103,08417,0,0,0
03103,08421,0,0,0
03103,08425,0,0,0
03103,08426,0,0,0
03103,08435,0,0,0
03103,08436,0,0,0
03103,08437,0,0,0
03103,09161,144,70,74
03103,09162,257,162,95
03103,09163,0,0,0
03103,09171,0,0,0
03103,09172,0,0,0
03103,09173,0,0,0
03103,09174,12,12,0
03103,09175,0,0,0
03103,09176,52,26,26
03103,09177,0,0,0
03103,09178,35,35,0
03103,09179,12,12,0
03103,09180,0,0,0
03103,09181,0,0,0
03103,09182,0,0,0
03103,09183,0,0,0
03103,09184,83,19,64
03103,09185,0,0,0
03103,09186,10,10,0
03103,09187,0,0,0
03103,09188,0,0,0
03103,09189,18,0,18
03103,09190,0,0,0
03103,09261,13,13,0
03103,09262,0,0,0
03103,09263,15,15,0
03103,09271,95,95,0
03103,09272,0,0,0
03103,09273,12,12,0
03103,09274,69,15,54
03103,09275,0,0,0
03103,09276,0,0,0
03103,09277,0,0,0
03103,09278,24,24,0
03103,09279,258,258,0
03103,09361,0,0,0
03103,09362,0,0,0
03103,09363,0,0,0
03103,09371,0,0,0
03103,09372,0,0,0
03103,09373,0,0,0
03103,09374,0,0,0
03103,09375,13,13,0
03103,09376,0,0,0
03103,09377,0,0,0
03103,09461,0,0,0
03103,09462,0,0,0
03103,09463,0,0,0
03103,09464,0,0,0
03103,09471,0,0,0
03103,09472,0,0,0
03103,09473,0,0,0
03103,09474,0,0,0
03103,09475,0,0,0
03103,09476,0,0,0
03103,09477,0,0,0
03103,09478,0,0,0
03103,09479,0,0,0
03103,09561,0,0,0
03103,09562,0,0,0
03103,09563,0,0,0
03103,09564,27,14,13
03103,09565,0,0,0
03103,09571,0,0,0
03103,09572,16,0,16
03103,09573,0,0,0
03103,09574,0,0,0
03103,09575,0,0,0
03103,09576,0,0,0
03103,09577,0,0,0
03103,09661,0,0,0
03103,09662,0,0,0
03103,09663,11,11,0
03103,09671,0,0,0
03103,09672,0,0,0
03103,09673,0,0,0
03103,09674,0,0,0
03103,09675,22,0,22
03103,09676,0,0,0
03103,09677,0,0,0
03103,09678,0,0,0
03103,09679,10,10,0
03103,09761,14,14,0
03103,09762,0,0,0
03103,09763,0,0,0
03103,09764,0,0,0
03103,09771,0,0,0
03103,09772,0,0,0
03103,09773,0,0,0
03103,09774,0,0,0
03103,09775,0,0,0
03103,09776,0,0,0
03103,09777,0,0,0
03103,09778,0,0,0
03103,09779,0,0,0
03103,09780,0,0,0
03103,10041,0,0,0
03103,10042,0,0,0
03103,10043,0,0,0
03103,10044,0,0,0
03103,10045,0,0,0
03103,10046,0,0,0
03103,11000,1583,1285,298
03103,12051,11,11,0
03103,12052,13,13,0
03103,12053,0,0,0
03103,12054,49,49,0
03103,12060,18,18,0
03103,12061,20,20,0
03103,12062,0,0,0
03103,12063,53,53,0
03103,12064,23,23,0
03103,12065,20,20,0
03103,12066,0,0,0
03103,12067,14,14,0
03103,12068,0,0,0
03103,12069,40,40,0
03103,12070,21,21,0
03103,12071,16,16,0
03103,12072,19,19,0
03103,12073,0,0,0
03103,13003,15,15,0
03103,13004,0,0,0
03103,13071,17,17,0
03103,13072,0,0,0
03103,13073,11,11,0
03103,13074,14,14,0
03103,13075,0,0,0
03103,13076,28,28,0
03103,14511,27,27,0
03103,14521,29,29,0
03103,14522,24,24,0
03103,14523,15,15,0
03103,14524,93,62,31
03103,14612,86,86,0
03103,14625,12,12,0
03103,14626,27,13,14
03103,14627,21,21,0
03103,14628,20,20,0
03103,14713,96,76,20
03103,14729,21,21,0
03103,14730,21,21,0
03103,15001,16,16,0
03103,15002,43,43,0
03103,15003,886,841,45
03103,15081,3343,3267,76
03103,15082,41,41,0
03103,15083,3711,3582,129
03103,15084,17,17,0
03103,15085,475,464,11
03103,15086,162,162,0
03103,15087,39,39,0
03103,15088,21,21,0
03103,15089,189,189,0
03103,15090,466,450,16
03103,15091,19,19,0
03103,16051,15,15,0
03103,16052,0,0,0
03103,16053,11,11,0
03103,16054,0,0,0
03103,16055,0,0,0
03103,16056,0,0,0
03103,16061,25,25,0
03103,16062,14,14,0
03103,16063,0,0,0
03103,16064,14,14,0
03103,16065,10,10,0
03103,16066,0,0,0
03103,16067,0,0,0
03103,16068,0,0,0
03103,16069,0,0,0
03103,16070,0,0,0
03103,16071,0,0,0
03103,16072,0,0,0
03103,16073,11,11,0
03103,16074,0,0,0
03103,16075,0,0,0
03103,16076,0,0,0
03103,16077,11,11,0
03151,01001,0,0,0
03151,01002,31,11,20
03151,01003,0,0,0
03151,01004,0,0,0
03151,01051,0,0,0
03151,01053,0,0,0
03151,01054,0,0,0
03151,01055,0,0,0
03151,01056,12,0,12
03151,01057,0,0,0
03151,01058,14,0,14
03151,01059,0,0,0
03151,01060,15,0,15
03151,01061,0,0,0
03151,01062,71,29,42
03151,02000,272,62,210
03151,03101,11396,3054,8342
03151,03102,632,234,398
03151,03103,28811,2205,26606
03151,03151,0,0,0
03151,03153,174,113,61
03151,03154,1373,876,497
03151,03155,36,25,11
03151,03157,1800,1033,767
03151,03158,867,585,282
03151,03159,129,64,65
03151,03241,3272,1121,2151
03151,03251,23,13,10
03151,03252,25,25,0
03151,03254,297,157,140
03151,03255,0,0,0
03151,03256,25,0,25
03151,03257,47,28,19
03151,03351,2156,1013,1143
03151,03352,0,0,0
03151,03353,29,14,15
03151,03354,113,77,36
03151,03355,113,46,67
03151,03356,0,0,0
03151,03357,22,12,10
03151,03358,92,32,60
03151,03359,15,0,15
03151,03360,1100,517,583
03151,03361,45,12,33
03151,03401,0,0,0
03151,03402,14,0,14
03151,03403,19,0,19
03151,03404,26,10,16
03151,03405,0,0,0
03151,03451,0,0,0
03151,03452,0,0,0
03151,03453,0,0,0
03151,03454,58,0,58
03151,03455,0,0,0
03151,03456,0,0,0
03151,03457,0,0,0
03151,03458,12,0,12
03151,03459,22,12,10
03151,03460,12,0,12
03151,03461,0,0,0
03151,03462,0,0,0
03151,04011,53,21,32
03151,04012,0,0,0
03151,05111,42,0,42
03151,05112,10,0,10
03151,05113,12,0,12
03151,05114,0,0,0
03151,05116,0,0,0
03151,05117,0,0,0
03151,05119,0,0,0
03151,05120,0,0,0
03151,05122,0,0,0
03151,05124,0,0,0
03151,05154,0,0,0
03151,05158,12,0,12
03151,05162,0,0,0
03151,05166,0,0,0
03151,05170,0,0,0
03151,05314,16,0,16
03151,05315,73,11,62
03151,05316,0,0,0
03151,05334,13,0,13
03151,05358,10,0,10
03151,05362,10,0,10
03151,05366,0,0,0
03151,05370,0,0,0
03151,05374,46,0,46
03151,05378,0,0,0
03151,05382,18,0,18
03151,05512,0,0,0
03151,05513,0,0,0
03151,05515,13,0,13
03151,05554,0,0,0
03151,05558,0,0,0
03151,05562,0,0,0
03151,05566,0,0,0
03151,05570,11,0,11
03151,05711,10,0,10
03151,05754,14,0,14
03151,05758,0,0,0
03151,05762,0,0,0
03151,05766,11,0,11
03151,05770,44,12,32
03151,05774,0,0,0
03151,05911,0,0,0
03151,05913,12,0,12
03151,05914,0,0,0
03151,05915,0,0,0
03151,05916,0,0,0
03151,05954,0,0,0
03151,05958,0,0,0
03151,05962,10,0,10
03151,05966,0,0,0
03151,05970,0,0,0
03151,05974,0,0,0
03151,05978,0,0,0
03151,06411,0,0,0
03151,06412,64,13,51
03151,06413,0,0,0
03151,06414,0,0,0
03151,06431,0,0,0
03151,06432,10,0,10
03151,06433,0,0,0
03151,06434,10,0,10
03151,06435,14,0,14
03151,06436,21,0,21
03151,06437,0,0,0
03151,06438,30,0,30
03151,06439,0,0,0
03151,06440,0,0,0
03151,06531,0,0,0
03151,06532,0,0,0
03151,06533,0,0,0
03151,06534,0,0,0
03151,06535,0,0,0
03151,06611,26,15,11
03151,06631,0,0,0
03151,06632,0,0,0
03151,06633,32,17,15
03151,06634,0,0,0
03151,06635,0,0,0
03151,06636,0,0,0
03151,07111,10,0,10
03151,07131,0,0,0
03151,07132,0,0,0
03151,07133,0,0,0
03151,07134,0,0,0
03151,07135,0,0,0
03151,07137,0,0,0
03151,07138,0,0,0
03151,07140,0,0,0
03151,07141,0,0,0
03151,07143,0,0,0
03151,07211,0,0,0
03151,07231,0,0,0
03151,07232,0,0,0
03151,07233,0,0,0
03151,07235,0,0,0
03151,07311,0,0,0
03151,07312,0,0,0
03151,07313,0,0,0
03151,07314,0,0,0
03151,07315,0,0,0
03151,07316,0,0,0
03151,07317,0,0,0
03151,07318,0,0,0
03151,07319,0,0,0
03151,07320,0,0,0
03151,07331,0,0,0
03151,07332,0,0,0
03151,07333,0,0,0
03151,07334,0,0,0
03151,07335,0,0,0
03151,07336,0,0,0
03151,07337,0,0,0
03151,07338,0,0,0
03151,07339,0,0,0
03151,07340,0,0,0
03151,08111,37,0,37
03151,08115,20,0,20
03151,08116,15,0,15
03151,08117,0,0,0
03151,08118,28,0,28
03151,08119,33,0,33
03151,08121,0,0,0
03151,08125,17,0,17
03151,08126,0,0,0
03151,08127,0,0,0
03151,08128,0,0,0
03151,08135,0,0,0
03151,08136,0,0,0
03151,08211,0,0,0
03151,08212,21,0,21
03151,08215,0,0,0
03151,08216,0,0,0
03151,08221,0,0,0
03151,08222,0,0,0
03151,08225,0,0,0
03151,08226,15,0,15
03151,08231,0,0,0
03151,08235,14,0,14
03151,08236,0,0,0
03151,08237,0,0,0
03151,08311,0,0,0
03151,08315,0,0,0
03151,08316,0,0,0
03151,08317,0,0,0
03151,08325,0,0,0
03151,08326,0,0,0
03151,08327,0,0,0
03151,08335,0,0,0
03151,08336,0,0,0
03151,08337,0,0,0
03151,08415,0,0,0
03151,08416,0,0,0
03151,08417,0,0,0
03151,08421,0,0,0
03151,08425,0,0,0
03151,08426,0,0,0
03151,08435,0,0,0
03151,08436,0,0,0
03151,08437,0,0,0
03151,09161,29,0,29
03151,09162,80,0,80
03151,09163,0,0,0
03151,09171,0,0,0
03151,09172,0,0,0
03151,09173,0,0,0
03151,09174,0,0,0
03151,09175,0,0,0
03151,09176,24,0,24
03151,09177,0,0,0
03151,09178,11,0,11
03151,09179,0,0,0
03151,09180,0,0,0
03151,09181,0,0,0
03151,09182,0,0,0
03151,09183,0,0,0
03151,09184,63,0,63
03151,09185,0,0,0
03151,09186,0,0,0
03151,09187,0,0,0
03151,09188,0,0,0
03151,09189,0,0,0
03151,09190,0,0,0
03151,09261,0,0,0
03151,09262,0,0,0
03151,09263,0,0,0
03151,09271,0,0,0
03151,09272,0,0,0
03151,09273,0,0,0
03151,09274,0,0,0
03151,09275,0,0,0
03151,09276,0,0,0
03151,09277,0,0,0
03151,09278,0,0,0
03151,09279,0,0,0
03151,09361,0,0,0
03151,09362,0,0,0
03151,09363,0,0,0
03151,09371,0,0,0
03151,09372,0,0,0
03151,09373,0,0,0
03151,09374,0,0,0
03151,09375,0,0,0
03151,09376,0,0,0
03151,09377,0,0,0
03151,09461,0,0,0
03151,09462,0,0,0
03151,09463,0,0,0
03151,09464,0,0,0
03151,09471,0,0,0
03151,09472,0,0,0
03151,09473,0,0,0
03151,09474,0,0,0
03151,09475,0,0,0
03151,09476,0,0,0
03151,09477,0,0,0
03151,09478,0,0,0
03151,09479,0,0,0
03151,09561,0,0,0
03151,09562,0,0,0
03151,09563,0,0,0
03151,09564,21,0,21
03151,09565,0,0,0
03151,09571,0,0,0
03151,09572,0,0,0
03151,09573,0,0,0
03151,09574,0,0,0
03151,09575,0,0,0
03151,09576,0,0,0
03151,09577,0,0,0
03151,09661,0,0,0
03151,09662,0,0,0
03151,09663,0,0,0
03151,09671,0,0,0
03151,09672,0,0,0
03151,09673,0,0,0
03151,09674,0,0,0
03151,09675,11,0,11
03151,09676,0,0,0
03151,09677,0,0,0
03151,09678,0,0,0
03151,09679,0,0,0
03151,09761,0,0,0
03151,09762,0,0,0
03151,09763,0,0,0
03151,09764,0,0,0
03151,09771,0,0,0
03151,09772,0,0,0
03151,09773,0,0,0
03151,09774,0,0,0
03151,09775,0,0,0
03151,09776,0,0,0
03151,09777,0,0,0
03151,09778,0,0,0
03151,09779,0,0,0
03151,09780,0,0,0
03151,10041,11,0,11
03151,10042,0,0,0
03151,10043,0,0,0
03151,10044,0,0,0
03151,10045,0,0,0
03151,10046,0,0,0
03151,11000,377,128,249
03151,12051,0,0,0
03151,12052,0,0,0
03151,12053,0,0,0
03151,12054,0,0,0
03151,12060,0,0,0
03151,12061,0,0,0
03151,12062,0,0,0
03151,12063,13,13,0
03151,12064,0,0,0
03151,12065,0,0,0
03151,12066,0,0,0
03151,12067,0,0,0
03151,12068,0,0,0
03151,12069,0,0,0
03151,12070,11,11,0
03151,12071,0,0,0
03151,12072,0,0,0
03151,12073,0,0,0
03151,13003,0,0,0
03151,13004,68,0,68
03151,13071,0,0,0
03151,13072,11,11,0
03151,13073,17,17,0
03151,13074,0,0,0
03151,13075,12,12,0
03151,13076,33,20,13
03151,14511,0,0,0
03151,14521,0,0,0
03151,14522,0,0,0
03151,14523,0,0,0
03151,14524,14,0,14
03151,14612,10,0,10
03151,14625,0,0,0
03151,14626,0,0,0
03151,14627,0,0,0
03151,14628,0,0,0
03151,14713,33,14,19
03151,14729,11,11,0
03151,14730,0,0,0
03151,15001,0,0,0
03151,15002,10,10,0
03151,15003,192,138,54
03151,15081,1887,1598,289
03151,15082,17,17,0
03151,15083,476,392,84
03151,15084,0,0,0
03151,15085,135,121,14
03151,15086,34,34,0
03151,15087,0,0,0
03151,15088,0,0,0
03151,15089,40,40,0
03151,15090,80,67,13
03151,15091,0,0,0
03151,16051,0,0,0
03151,16052,0,0,0
03151,16053,0,0,0
03151,16054,0,0,0
03151,16055,0,0,0
03151,16056,0,0,0
03151,16061,11,11,0
03151,16062,0,0,0
03151,16063,0,0,0
03151,16064,0,0,0
03151,16065,0,0,0
03151,16066,0,0,0
03151,16067,0,0,0
03151,16068,0,0,0
03151,16069,0,0,0
03151,16070,0,0,0
03151,16071,0,0,0
03151,16072,0,0,0
03151,16073,0,0,0
03151,16074,0,0,0
03151,16075,0,0,0
03151,16076,0,0,0
03151,16077,0,0,0
03153,01001,0,0,0
03153,01002,13,0,13
03153,01003,11,0,11
03153,01004,0,0,0
03153,01051,0,0,0
03153,01053,11,11,0
03153,01054,0,0,0
03153,01055,0,0,0
03153,01056,35,22,13
03153,01057,0,0,0
03153,01058,0,0,0
03153,01059,0,0,0
03153,01060,23,12,11
03153,01061,0,0,0
03153,01062,26,11,15
03153,02000,243,65,178
03153,03101,2822,550,2272
03153,03102,3565,891,2674
03153,03103,429,23,406
03153,03151,174,61,113
03153,03153,0,0,0
03153,03154,173,66,107
03153,03155,1657,849,808
03153,03157,336,166,170
03153,03158,2201,1259,942
03153,03159,3772,1995,1777
03153,03241,1479,269,1210
03153,03251,13,0,13
03153,03252,37,19,18
03153,03254,2188,818,1370
03153,03255,110,66,44
03153,03256,14,0,14
03153,03257,34,22,12
03153,03351,58,26,32
03153,03352,0,0,0
03153,03353,32,0,32
03153,03354,0,0,0
03153,03355,28,11,17
03153,03356,0,0,0
03153,03357,0,0,0
03153,03358,71,0,71
03153,03359,24,11,13
03153,03360,19,19,0
03153,03361,29,17,12
03153,03401,0,0,0
03153,03402,0,0,0
03153,03403,30,0,30
03153,03404,0,0,0
03153,03405,0,0,0
03153,03451,0,0,0
03153,03452,0,0,0
03153,03453,17,0,17
03153,03454,21,0,21
03153,03455,0,0,0
03153,03456,0,0,0
03153,03457,0,0,0
03153,03458,11,0,11
03153,03459,0,0,0
03153,03460,15,0,15
03153,03461,0,0,0
03153,03462,0,0,0
03153,04011,98,16,82
03153,04012,0,0,0
03153,05111,66,14,52
03153,05112,20,0,20
03153,05113,37,0,37
03153,05114,0,0,0
03153,05116,0,0,0
03153,05117,0,0,0
03153,05119,14,0,14
03153,05120,0,0,0
03153,05122,21,0,21
03153,05124,10,0,10
03153,05154,0,0,0
03153,05158,29,15,14
03153,05162,15,0,15
03153,05166,0,0,0
03153,05170,12,0,12
03153,05314,25,0,25
03153,05315,86,20,66
03153,05316,0,0,0
03153,05334,13,0,13
03153,05358,0,0,0
03153,05362,16,0,16
03153,05366,0,0,0
03153,05370,0,0,0
03153,05374,11,11,0
03153,05378,0,0,0
03153,05382,40,10,30
03153,05512,0,0,0
03153,05513,0,0,0
03153,05515,20,20,0
03153,05554,0,0,0
03153,05558,0,0,0
03153,05562,21,11,10
03153,05566,10,0,10
03153,05570,0,0,0
03153,05711,41,0,41
03153,05754,10,0,10
03153,05758,0,0,0
03153,05762,0,0,0
03153,05766,60,36,24
03153,05770,21,0,21
03153,05774,16,0,16
03153,05911,13,0,13
03153,05913,29,0,29
03153,05914,0,0,0
03153,05915,0,0,0
03153,05916,0,0,0
03153,05954,0,0,0
03153,05958,10,0,10
03153,05962,0,0,0
03153,05966,0,0,0
03153,05970,0,0,0
03153,05974,0,0,0
03153,05978,0,0,0
03153,06411,0,0,0
03153,06412,71,0,71
03153,06413,0,0,0
03153,06414,13,0,13
03153,06431,0,0,0
03153,06432,0,0,0
03153,06433,0,0,0
03153,06434,22,0,22
03153,06435,10,0,10
03153,06436,18,0,18
03153,06437,0,0,0
03153,06438,10,0,10
03153,06439,0,0,0
03153,06440,30,0,30
03153,06531,0,0,0
03153,06532,0,0,0
03153,06533,0,0,0
03153,06534,0,0,0
03153,06535,0,0,0
03153,06611,61,10,51
03153,06631,0,0,0
03153,06632,0,0,0
03153,06633,31,11,20
03153,06634,0,0,0
03153,06635,0,0,0
03153,06636,16,0,16
03153,07111,10,0,10
03153,07131,0,0,0
03153,07132,0,0,0
03153,07133,0,0,0
03153,07134,0,0,0
03153,07135,0,0,0
03153,07137,0,0,0
03153,07138,0,0,0
03153,07140,0,0,0
03153,07141,0,0,0
03153,07143,10,0,10
03153,07211,0,0,0
03153,07231,0,0,0
03153,07232,0,0,0
03153,07233,0,0,0
03153,07235,0,0,0
03153,07311,0,0,0
03153,07312,0,0,0
03153,07313,0,0,0
03153,07314,0,0,0
03153,07315,0,0,0
03153,07316,0,0,0
03153,07317,30,0,30
03153,07318,0,0,0
03153,07319,0,0,0
03153,07320,0,0,0
03153,07331,0,0,0
03153,07332,0,0,0
03153,07333,0,0,0
03153,07334,0,0,0
03153,07335,0,0,0
03153,07336,0,0,0
03153,07337,0,0,0
03153,07338,0,0,0
03153,07339,0,0,0
03153,07340,0,0,0
03153,08111,31,0,31
03153,08115,11,0,11
03153,08116,20,0,20
03153,08117,0,0,0
03153,08118,16,0,16
03153,08119,0,0,0
03153,08121,0,0,0
03153,08125,0,0,0
03153,08126,14,0,14
03153,08127,0,0,0
03153,08128,0,0,0
03153,08135,0,0,0
03153,08136,0,0,0
03153,08211,0,0,0
03153,08212,12,0,12
03153,08215,19,0,19
03153,08216,0,0,0
03153,08221,0,0,0
03153,08222,10,0,10
03153,08225,0,0,0
03153,08226,13,0,13
03153,08231,15,15,0
03153,08235,0,0,0
03153,08236,11,11,0
03153,08237,0,0,0
03153,08311,0,0,0
03153,08315,0,0,0
03153,08316,0,0,0
03153,08317,11,0,11
03153,08325,0,0,0
03153,08326,0,0,0
03153,08327,0,0,0
03153,08335,0,0,0
03153,08336,0,0,0
03153,08337,0,0,0
03153,08415,0,0,0
03153,08416,0,0,0
03153,08417,0,0,0
03153,08421,0,0,0
03153,08425,0,0,0
03153,08426,0,0,0
03153,08435,0,0,0
03153,08436,0,0,0
03153,08437,0,0,0
03153,09161,0,0,0
03153,09162,91,12,79
03153,09163,0,0,0
03153,09171,14,14,0
03153,09172,0,0,0
03153,09173,0,0,0
03153,09174,0,0,0
03153,09175,0,0,0
03153,09176,0,0,0
03153,09177,0,0,0
03153,09178,0,0,0
03153,09179,0,0,0
03153,09180,0,0,0
03153,09181,0,0,0
03153,09182,0,0,0
03153,09183,0,0,0
03153,09184,44,15,29
03153,09185,0,0,0
03153,09186,0,0,0
03153,09187,0,0,0
03153,09188,0,0,0
03153,09189,0,0,0
03153,09190,0,0,0
03153,09261,0,0,0
03153,09262,0,0,0
03153,09263,0,0,0
03153,09271,0,0,0
03153,09272,0,0,0
03153,09273,0,0,0
03153,09274,0,0,0
03153,09275,0,0,0
03153,09276,0,0,0
03153,09277,0,0,0
03153,09278,0,0,0
03153,09279,0,0,0
03153,09361,0,0,0
03153,09362,0,0,0
03153,09363,0,0,0
03153,09371,0,0,0
03153,09372,0,0,0
03153,09373,0,0,0
03153,09374,0,0,0
03153,09375,0,0,0
03153,09376,0,0,0
03153,09377,0,0,0
03153,09461,0,0,0
03153,09462,11,11,0
03153,09463,0,0,0
03153,09464,0,0,0
03153,09471,0,0,0
03153,09472,11,11,0
03153,09473,0,0,0
03153,09474,0,0,0
03153,09475,0,0,0
03153,09476,0,0,0
03153,09477,0,0,0
03153,09478,0,0,0
03153,09479,0,0,0
03153,09561,0,0,0
03153,09562,0,0,0
03153,09563,0,0,0
03153,09564,63,41,22
03153,09565,0,0,0
03153,09571,0,0,0
03153,09572,0,0,0
03153,09573,0,0,0
03153,09574,37,37,0
03153,09575,0,0,0
03153,09576,0,0,0
03153,09577,0,0,0
03153,09661,0,0,0
03153,09662,0,0,0
03153,09663,0,0,0
03153,09671,0,0,0
03153,09672,0,0,0
03153,09673,0,0,0
03153,09674,0,0,0
03153,09675,0,0,0
03153,09676,0,0,0
03153,09677,0,0,0
03153,09678,0,0,0
03153,09679,0,0,0
03153,09761,0,0,0
03153,09762,0,0,0
03153,09763,0,0,0
03153,09764,0,0,0
03153,09771,0,0,0
03153,09772,0,0,0
03153,09773,10,10,0
03153,09774,0,0,0
03153,09775,0,0,0
03153,09776,0,0,0
03153,09777,12,0,12
03153,09778,0,0,0
03153,09779,0,0,0
03153,09780,0,0,0
03153,10041,0,0,0
03153,10042,0,0,0
03153,10043,0,0,0
03153,10044,0,0,0
03153,10045,0,0,0
03153,10046,0,0,0
03153,11000,258,83,175
03153,12051,0,0,0
03153,12052,0,0,0
03153,12053,0,0,0
03153,12054,10,0,10
03153,12060,0,0,0
03153,12061,0,0,0
03153,12062,10,10,0
03153,12063,10,0,10
03153,12064,0,0,0
03153,12065,0,0,0
03153,12066,12,12,0
03153,12067,0,0,0
03153,12068,0,0,0
03153,12069,0,0,0
03153,12070,0,0,0
03153,12071,0,0,0
03153,12072,0,0,0
03153,12073,0,0,0
03153,13003,12,12,0
03153,13004,0,0,0
03153,13071,0,0,0
03153,13072,0,0,0
03153,13073,0,0,0
03153,13074,0,0,0
03153,13075,0,0,0
03153,13076,0,0,0
03153,14511,0,0,0
03153,14521,0,0,0
03153,14522,0,0,0
03153,14523,0,0,0
03153,14524,0,0,0
03153,14612,29,14,15
03153,14625,0,0,0
03153,14626,0,0,0
03153,14627,0,0,0
03153,14628,0,0,0
03153,14713,62,18,44
03153,14729,26,0,26
03153,14730,11,0,11
03153,15001,0,0,0
03153,15002,24,10,14
03153,15003,58,14,44
03153,15081,16,0,16
03153,15082,0,0,0
03153,15083,63,41,22
03153,15084,0,0,0
03153,15085,4822,3790,1032
03153,15086,14,14,0
03153,15087,54,40,14
03153,15088,0,0,0
03153,15089,92,56,36
03153,15090,20,0,20
03153,15091,0,0,0
03153,16051,12,0,12
03153,16052,0,0,0
03153,16053,0,0,0
03153,16054,0,0,0
03153,16055,0,0,0
03153,16056,0,0,0
03153,16061,75,40,35
03153,16062,165,114,51
03153,16063,0,0,0
03153,16064,0,0,0
03153,16065,0,0,0
03153,16066,0,0,0
03153,16067,0,0,0
03153,16068,0,0,0
03153,16069,0,0,0
03153,16070,0,0,0
03153,16071,0,0,0
03153,16072,0,0,0
03153,16073,0,0,0
03153,16074,0,0,0
03153,16075,0,0,0
03153,16076,0,0,0
03153,16077,0,0,0
03154,01001,0,0,0
03154,01002,0,0,0
03154,01003,0,0,0
03154,01004,0,0,0
03154,01051,0,0,0
03154,01053,0,0,0
03154,01054,0,0,0
03154,01055,0,0,0
03154,01056,0,0,0
03154,01057,0,0,0
03154,01058,0,0,0
03154,01059,0,0,0
03154,01060,0,0,0
03154,01061,0,0,0
03154,01062,0,0,0
03154,02000,116,16,100
03154,03101,6384,1257,5127
03154,03102,469,153,316
03154,03103,14062,830,13232
03154,03151,1373,497,876
03154,03153,173,107,66
03154,03154,0,0,0
03154,03155,16,0,16
03154,03157,377,198,179
03154,03158,2154,1165,989
03154,03159,64,21,43
03154,03241,917,343,574
03154,03251,0,0,0
03154,03252,0,0,0
03154,03254,202,122,80
03154,03255,0,0,0
03154,03256,25,25,0
03154,03257,46,32,14
03154,03351,98,57,41
03154,03352,0,0,0
03154,03353,17,0,17
03154,03354,14,14,0
03154,03355,14,14,0
03154,03356,0,0,0
03154,03357,0,0,0
03154,03358,50,36,14
03154,03359,0,0,0
03154,03360,46,32,14
03154,03361,0,0,0
03154,03401,0,0,0
03154,03402,15,0,15
03154,03403,19,0,19
03154,03404,0,0,0
03154,03405,13,0,13
03154,03451,0,0,0
03154,03452,0,0,0
03154,03453,0,0,0
03154,03454,24,0,24
03154,03455,0,0,0
03154,03456,0,0,0
03154,03457,0,0,0
03154,03458,0,0,0
03154,03459,0,0,0
03154,03460,0,0,0
03154,03461,0,0,0
03154,03462,0,0,0
03154,04011,19,0,19
03154,04012,0,0,0
03154,05111,23,0,23
03154,05112,0,0,0
03154,05113,0,0,0
03154,05114,0,0,0
03154,05116,0,0,0
03154,05117,0,0,0
03154,05119,0,0,0
03154,05120,0,0,0
03154,05122,0,0,0
03154,05124,0,0,0
03154,05154,13,0,13
03154,05158,0,0,0
03154,05162,0,0,0
03154,05166,0,0,0
03154,05170,0,0,0
03154,05314,10,0,10
03154,05315,24,0,24
03154,05316,0,0,0
03154,05334,0,0,0
03154,05358,41,0,41
03154,05362,15,0,15
03154,05366,0,0,0
03154,05370,0,0,0
03154,05374,23,0,23
03154,05378,0,0,0
03154,05382,11,0,11
03154,05512,0,0,0
03154,05513,0,0,0
03154,05515,0,0,0
03154,05554,0,0,0
03154,05558,0,0,0
03154,05562,0,0,0
03154,05566,0,0,0
03154,05570,0,0,0
03154,05711,15,0,15
03154,05754,12,0,12
03154,05758,0,0,0
03154,05762,0,0,0
03154,05766,13,0,13
03154,05770,0,0,0
03154,05774,0,0,0
03154,05911,0,0,0
03154,05913,0,0,0
03154,05914,0,0,0
03154,05915,0,0,0
03154,05916,0,0,0
03154,05954,0,0,0
03154,05958,0,0,0
03154,05962,32,0,32
03154,05966,0,0,0
03154,05970,0,0,0
03154,05974,0,0,0
03154,05978,0,0,0
03154,06411,0,0,0
03154,06412,23,0,23
03154,06413,0,0,0
03154,06414,0,0,0
03154,06431,0,0,0
03154,06432,0,0,0
03154,06433,0,0,0
03154,06434,0,0,0
03154,06435,0,0,0
03154,06436,0,0,0
03154,06437,0,0,0
03154,06438,16,0,16
03154,06439,0,0,0
03154,06440,0,0,0
03154,06531,0,0,0
03154,06532,0,0,0
03154,06533,0,0,0
03154,06534,0,0,0
03154,06535,0,0,0
03154,06611,0,0,0
03154,06631,0,0,0
03154,06632,0,0,0
03154,06633,28,0,28
03154,06634,0,0,0
03154,06635,0,0,0
03154,06636,0,0,0
03154,07111,0,0,0
03154,07131,0,0,0
03154,07132,0,0,0
03154,07133,0,0,0
03154,07134,0,0,0
03154,07135,0,0,0
03154,07137,0,0,0
03154,07138,0,0,0
03154,07140,0,0,0
03154,07141,0,0,0
03154,07143,0,0,0
03154,07211,0,0,0
03154,07231,0,0,0
03154,07232,0,0,0
03154,07233,0,0,0
03154,07235,0,0,0
03154,07311,0,0,0
03154,07312,0,0,0
03154,07313,0,0,0
03154,07314,0,0,0
03154,07315,0,0,0
03154,07316,0,0,0
03154,07317,0,0,0
03154,07318,0,0,0
03154,07319,0,0,0
03154,07320,0,0,0
03154,07331,0,0,0
03154,07332,0,0,0
03154,07333,0,0,0
03154,07334,0,0,0
03154,07335,0,0,0
03154,07336,0,0,0
03154,07337,0,0,0
03154,07338,0,0,0
03154,07339,0,0,0
03154,07340,0,0,0
03154,08111,20,0,20
03154,08115,0,0,0
03154,08116,0,0,0
03154,08117,0,0,0
03154,08118,15,0,15
03154,08119,12,0,12
03154,08121,0,0,0
03154,08125,13,0,13
03154,08126,0,0,0
03154,08127,0,0,0
03154,08128,0,0,0
03154,08135,0,0,0
03154,08136,0,0,0
03154,08211,0,0,0
03154,08212,0,0,0
03154,08215,12,0,12
03154,08216,0,0,0
03154,08221,0,0,0
03154,08222,0,0,0
03154,08225,0,0,0
03154,08226,0,0,0
03154,08231,0,0,0
03154,08235,0,0,0
03154,08236,0,0,0
03154,08237,0,0,0
03154,08311,0,0,0
03154,08315,0,0,0
03154,08316,0,0,0
03154,08317,0,0,0
03154,08325,0,0,0
03154,08326,0,0,0
03154,08327,0,0,0
03154,08335,0,0,0
03154,08336,0,0,0
03154,08337,0,0,0
03154,08415,0,0,0
03154,08416,0,0,0
03154,08417,0,0,0
03154,08421,0,0,0
03154,08425,0,0,0
03154,08426,0,0,0
03154,08435,0,0,0
03154,08436,0,0,0
03154,08437,0,0,0
03154,09161,29,18,11
03154,09162,37,0,37
03154,09163,0,0,0
03154,09171,0,0,0
03154,09172,0,0,0
03154,09173,0,0,0
03154,09174,0,0,0
03154,09175,0,0,0
03154,09176,10,0,10
03154,09177,0,0,0
03154,09178,0,0,0
03154,09179,0,0,0
03154,09180,0,0,0
03154,09181,0,0,0
03154,09182,0,0,0
03154,09183,0,0,0
03154,09184,35,0,35
03154,09185,0,0,0
03154,09186,0,0,0
03154,09187,0,0,0
03154,09188,0,0,0
03154,09189,0,0,0
03154,09190,0,0,0
03154,09261,0,0,0
03154,09262,0,0,0
03154,09263,0,0,0
03154,09271,0,0,0
03154,09272,0,0,0
03154,09273,0,0,0
03154,09274,0,0,0
03154,09275,0,0,0
03154,09276,0,0,0
03154,09277,0,0,0
03154,09278,0,0,0
03154,09279,0,0,0
03154,09361,0,0,0
03154,09362,0,0,0
03154,09363,0,0,0
03154,09371,0,0,0
03154,09372,0,0,0
03154,09373,0,0,0
03154,09374,0,0,0
03154,09375,0,0,0
03154,09376,0,0,0
03154,09377,0,0,0
03154,09461,0,0,0
03154,09462,0,0,0
03154,09463,0,0,0
03154,09464,0,0,0
03154,09471,0,0,0
03154,09472,0,0,0
03154,09473,0,0,0
03154,09474,0,0,0
03154,09475,0,0,0
03154,09476,0,0,0
03154,09477,0,0,0
03154,09478,0,0,0
03154,09479,0,0,0
03154,09561,0,0,0
03154,09562,0,0,0
03154,09563,0,0,0
03154,09564,0,0,0
03154,09565,0,0,0
03154,09571,0,0,0
03154,09572,0,0,0
03154,09573,0,0,0
03154,09574,0,0,0
03154,09575,0,0,0
03154,09576,0,0,0
03154,09577,0,0,0
03154,09661,0,0,0
03154,09662,0,0,0
03154,09663,0,0,0
03154,09671,0,0,0
03154,09672,0,0,0
03154,09673,0,0,0
03154,09674,0,0,0
03154,09675,0,0,0
03154,09676,0,0,0
03154,09677,0,0,0
03154,09678,0,0,0
03154,09679,0,0,0
03154,09761,0,0,0
03154,09762,0,0,0
03154,09763,0,0,0
03154,09764,0,0,0
03154,09771,0,0,0
03154,09772,0,0,0
03154,09773,0,0,0
03154,09774,0,0,0
03154,09775,0,0,0
03154,09776,0,0,0
03154,09777,0,0,0
03154,09778,0,0,0
03154,09779,0,0,0
03154,09780,0,0,0
03154,10041,0,0,0
03154,10042,0,0,0
03154,10043,0,0,0
03154,10044,0,0,0
03154,10045,0,0,0
03154,10046,0,0,0
03154,11000,147,34,113
03154,12051,0,0,0
03154,12052,0,0,0
03154,12053,0,0,0
03154,12054,11,0,11
03154,12060,0,0,0
03154,12061,0,0,0
03154,12062,0,0,0
03154,12063,0,0,0
03154,12064,0,0,0
03154,12065,0,0,0
03154,12066,0,0,0
03154,12067,0,0,0
03154,12068,0,0,0
03154,12069,11,0,11
03154,12070,0,0,0
03154,12071,0,0,0
03154,12072,0,0,0
03154,12073,0,0,0
03154,13003,0,0,0
03154,13004,23,0,23
03154,13071,0,0,0
03154,13072,0,0,0
03154,13073,0,0,0
03154,13074,0,0,0
03154,13075,0,0,0
03154,13076,0,0,0
03154,14511,15,0,15
03154,14521,0,0,0
03154,14522,0,0,0
03154,14523,0,0,0
03154,14524,0,0,0
03154,14612,0,0,0
03154,14625,0,0,0
03154,14626,0,0,0
03154,14627,0,0,0
03154,14628,0,0,0
03154,14713,48,0,48
03154,14729,0,0,0
03154,14730,0,0,0
03154,15001,0,0,0
03154,15002,0,0,0
03154,15003,594,353,241
03154,15081,235,197,38
03154,15082,14,0,14
03154,15083,4049,3278,771
03154,15084,24,0,24
03154,15085,559,468,91
03154,15086,75,54,21
03154,15087,0,0,0
03154,15088,0,0,0
03154,15089,114,84,30
03154,15090,24,24,0
03154,15091,0,0,0
03154,16051,0,0,0
03154,16052,0,0,0
03154,16053,0,0,0
03154,16054,0,0,0
03154,16055,0,0,0
03154,16056,0,0,0
03154,16061,0,0,0
03154,16062,0,0,0
03154,16063,0,0,0
03154,16064,0,0,0
03154,16065,0,0,0
03154,16066,0,0,0
03154,16067,0,0,0
03154,16068,0,0,0
03154,16069,0,0,0
03154,16070,0,0,0
03154,16071,0,0,0
03154,16072,0,0,0
03154,16073,0,0,0
03154,16074,0,0,0
03154,16075,0,0,0
03154,16076,0,0,0
03154,16077,0,0,0
03155,01001,0,0,0
03155,01002,15,0,15
03155,01003,11,11,0
03155,01004,0,0,0
03155,01051,0,0,0
03155,01053,0,0,0
03155,01054,0,0,0
03155,01055,0,0,0
03155,01056,0,0,0
03155,01057,0,0,0
03155,01058,11,0,11
03155,01059,14,0,14
03155,01060,12,0,12
03155,01061,0,0,0
03155,01062,11,11,0
03155,02000,232,106,126
03155,03101,310,84,226
03155,03102,187,55,132
03155,03103,69,12,57
03155,03151,36,11,25
03155,03153,1657,808,849
03155,03154,16,16,0
03155,03155,0,0,0
03155,03157,63,36,27
03155,03158,77,43,34
03155,03159,16912,5824,11088
03155,03241,1278,291,987
03155,03251,22,12,10
03155,03252,119,56,63
03155,03254,2047,893,1154
03155,03255,2233,1278,955
03155,03256,10,0,10
03155,03257,37,21,16
03155,03351,48,24,24
03155,03352,0,0,0
03155,03353,20,20,0
03155,03354,0,0,0
03155,03355,28,28,0
03155,03356,0,0,0
03155,03357,31,18,13
03155,03358,0,0,0
03155,03359,0,0,0
03155,03360,16,0,16
03155,03361,20,0,20
03155,03401,0,0,0
03155,03402,0,0,0
03155,03403,45,35,10
03155,03404,56,34,22
03155,03405,0,0,0
03155,03451,31,31,0
03155,03452,0,0,0
03155,03453,0,0,0
03155,03454,10,10,0
03155,03455,0,0,0
03155,03456,0,0,0
03155,03457,11,11,0
03155,03458,13,13,0
03155,03459,41,26,15
03155,03460,0,0,0
03155,03461,0,0,0
03155,03462,0,0,0
03155,04011,65,35,30
03155,04012,0,0,0
03155,05111,61,0,61
03155,05112,27,0,27
03155,05113,48,21,27
03155,05114,0,0,0
03155,05116,0,0,0
03155,05117,0,0,0
03155,05119,0,0,0
03155,05120,0,0,0
03155,05122,0,0,0
03155,05124,0,0,0
03155,05154,0,0,0
03155,05158,37,10,27
03155,05162,12,0,12
03155,05166,0,0,0
03155,05170,0,0,0
03155,05314,16,0,16
03155,05315,78,27,51
03155,05316,0,0,0
03155,05334,44,14,30
03155,05358,77,77,0
03155,05362,11,11,0
03155,05366,0,0,0
03155,05370,0,0,0
03155,05374,0,0,0
03155,05378,0,0,0
03155,05382,10,0,10
03155,05512,0,0,0
03155,05513,0,0,0
03155,05515,11,0,11
03155,05554,0,0,0
03155,05558,0,0,0
03155,05562,12,12,0
03155,05566,10,0,10
03155,05570,13,13,0
03155,05711,41,0,41
03155,05754,27,0,27
03155,05758,0,0,0
03155,05762,317,140,177
03155,05766,55,31,24
03155,05770,23,11,12
03155,05774,16,0,16
03155,05911,12,12,0
03155,05913,40,28,12
03155,05914,0,0,0
03155,05915,22,11,11
03155,05916,0,0,0
03155,05954,12,0,12
03155,05958,15,0,15
03155,05962,11,11,0
03155,05966,0,0,0
03155,05970,0,0,0
03155,05974,16,0,16
03155,05978,108,91,17
03155,06411,14,0,14
03155,06412,153,52,101
03155,06413,14,14,0
03155,06414,14,0,14
03155,06431,0,0,0
03155,06432,0,0,0
03155,06433,46,11,35
03155,06434,11,0,11
03155,06435,10,0,10
03155,06436,29,12,17
03155,06437,0,0,0
03155,06438,26,16,10
03155,06439,0,0,0
03155,06440,16,0,16
03155,06531,43,0,43
03155,06532,20,0,20
03155,06533,0,0,0
03155,06534,0,0,0
03155,06535,0,0,0
03155,06611,418,84,334
03155,06631,0,0,0
03155,06632,10,0,10
03155,06633,1126,515,611
03155,06634,68,20,48
03155,06635,18,0,18
03155,06636,110,67,43
03155,07111,0,0,0
03155,07131,0,0,0
03155,07132,0,0,0
03155,07133,0,0,0
03155,07134,0,0,0
03155,07135,0,0,0
03155,07137,0,0,0
03155,07138,0,0,0
03155,07140,0,0,0
03155,07141,0,0,0
03155,07143,0,0,0
03155,07211,0,0,0
03155,07231,0,0,0
03155,07232,0,0,0
03155,07233,0,0,0
03155,07235,0,0,0
03155,07311,0,0,0
03155,07312,0,0,0
03155,07313,0,0,0
03155,07314,0,0,0
03155,07315,18,0,18
03155,07316,0,0,0
03155,07317,0,0,0
03155,07318,0,0,0
03155,07319,0,0,0
03155,07320,0,0,0
03155,07331,0,0,0
03155,07332,0,0,0
03155,07333,0,0,0
03155,07334,0,0,0
03155,07335,0,0,0
03155,07336,0,0,0
03155,07337,0,0,0
03155,07338,0,0,0
03155,07339,0,0,0
03155,07340,0,0,0
03155,08111,29,16,13
03155,08115,0,0,0
03155,08116,28,14,14
03155,08117,0,0,0
03155,08118,12,0,12
03155,08119,12,0,12
03155,08121,0,0,0
03155,08125,0,0,0
03155,08126,11,0,11
03155,08127,0,0,0
03155,08128,0,0,0
03155,08135,0,0,0
03155,08136,0,0,0
03155,08211,0,0,0
03155,08212,22,11,11
03155,08215,90,21,69
03155,08216,0,0,0
03155,08221,0,0,0
03155,08222,29,29,0
03155,08225,0,0,0
03155,08226,16,0,16
03155,08231,0,0,0
03155,08235,0,0,0
03155,08236,0,0,0
03155,08237,0,0,0
03155,08311,13,0,13
03155,08315,12,0,12
03155,08316,0,0,0
03155,08317,0,0,0
03155,08325,0,0,0
03155,08326,0,0,0
03155,08327,0,0,0
03155,08335,0,0,0
03155,08336,0,0,0
03155,08337,0,0,0
03155,08415,0,0,0
03155,08416,0,0,0
03155,08417,0,0,0
03155,08421,0,0,0
03155,08425,0,0,0
03155,08426,0,0,0
03155,08435,0,0,0
03155,08436,0,0,0
03155,08437,0,0,0
03155,09161,0,0,0
03155,09162,172,100,72
03155,09163,0,0,0
03155,09171,0,0,0
03155,09172,0,0,0
03155,09173,0,0,0
03155,09174,0,0,0
03155,09175,0,0,0
03155,09176,0,0,0
03155,09177,0,0,0
03155,09178,0,0,0
03155,09179,0,0,0
03155,09180,0,0,0
03155,09181,0,0,0
03155,09182,0,0,0
03155,09183,0,0,0
03155,09184,49,14,35
03155,09185,0,0,0
03155,09186,0,0,0
03155,09187,0,0,0
03155,09188,0,0,0
03155,09189,0,0,0
03155,09190,0,0,0
03155,09261,0,0,0
03155,09262,0,0,0
03155,09263,0,0,0
03155,09271,0,0,0
03155,09272,0,0,0
03155,09273,0,0,0
03155,09274,0,0,0
03155,09275,0,0,0
03155,09276,0,0,0
03155,09277,0,0,0
03155,09278,0,0,0
03155,09279,0,0,0
03155,09361,0,0,0
03155,09362,0,0,0
03155,09363,0,0,0
03155,09371,0,0,0
03155,09372,0,0,0
03155,09373,0,0,0
03155,09374,0,0,0
03155,09375,0,0,0
03155,09376,0,0,0
03155,09377,0,0,0
03155,09461,0,0,0
03155,09462,0,0,0
03155,09463,0,0,0
03155,09464,0,0,0
03155,09471,0,0,0
03155,09472,0,0,0
03155,09473,0,0,0
03155,09474,0,0,0
03155,09475,0,0,0
03155,09476,0,0,0
03155,09477,0,0,0
03155,09478,0,0,0
03155,09479,0,0,0
03155,09561,0,0,0
03155,09562,0,0,0
03155,09563,11,11,0
03155,09564,53,29,24
03155,09565,0,0,0
03155,09571,0,0,0
03155,09572,0,0,0
03155,09573,0,0,0
03155,09574,0,0,0
03155,09575,0,0,0
03155,09576,0,0,0
03155,09577,0,0,0
03155,09661,0,0,0
03155,09662,0,0,0
03155,09663,0,0,0
03155,09671,0,0,0
03155,09672,0,0,0
03155,09673,0,0,0
03155,09674,0,0,0
03155,09675,12,12,0
03155,09676,0,0,0
03155,09677,0,0,0
03155,09678,0,0,0
03155,09679,16,16,0
03155,09761,0,0,0
03155,09762,0,0,0
03155,09763,0,0,0
03155,09764,0,0,0
03155,09771,0,0,0
03155,09772,0,0,0
03155,09773,0,0,0
03155,09774,0,0,0
03155,09775,0,0,0
03155,09776,0,0,0
03155,09777,0,0,0
03155,09778,0,0,0
03155,09779,0,0,0
03155,09780,0,0,0
03155,10041,0,0,0
03155,10042,0,0,0
03155,10043,0,0,0
03155,10044,0,0,0
03155,10045,0,0,0
03155,10046,0,0,0
03155,11000,201,86,115
03155,12051,0,0,0
03155,12052,0,0,0
03155,12053,0,0,0
03155,12054,0,0,0
03155,12060,0,0,0
03155,12061,0,0,0
03155,12062,0,0,0
03155,12063,0,0,0
03155,12064,0,0,0
03155,12065,0,0,0
03155,12066,0,0,0
03155,12067,0,0,0
03155,12068,0,0,0
03155,12069,0,0,0
03155,12070,0,0,0
03155,12071,0,0,0
03155,12072,0,0,0
03155,12073,0,0,0
03155,13003,0,0,0
03155,13004,0,0,0
03155,13071,0,0,0
03155,13072,0,0,0
03155,13073,11,11,0
03155,13074,0,0,0
03155,13075,0,0,0
03155,13076,0,0,0
03155,14511,0,0,0
03155,14521,0,0,0
03155,14522,0,0,0
03155,14523,0,0,0
03155,14524,0,0,0
03155,14612,47,47,0
03155,14625,0,0,0
03155,14626,0,0,0
03155,14627,0,0,0
03155,14628,10,10,0
03155,14713,37,22,15
03155,14729,13,13,0
03155,14730,0,0,0
03155,15001,0,0,0
03155,15002,0,0,0
03155,15003,40,40,0
03155,15081,0,0,0
03155,15082,0,0,0
03155,15083,32,22,10
03155,15084,11,11,0
03155,15085,65,43,22
03155,15086,0,0,0
03155,15087,30,30,0
03155,15088,0,0,0
03155,15089,29,29,0
03155,15090,0,0,0
03155,15091,0,0,0
03155,16051,35,25,10
03155,16052,0,0,0
03155,16053,22,0,22
03155,16054,0,0,0
03155,16055,0,0,0
03155,16056,0,0,0
03155,16061,433,328,105
03155,16062,125,76,49
03155,16063,0,0,0
03155,16064,55,45,10
03155,16065,23,23,0
03155,16066,0,0,0
03155,16067,0,0,0
03155,16068,0,0,0
03155,16069,0,0,0
03155,16070,0,0,0
03155,16071,0,0,0
03155,16072,0,0,0
03155,16073,0,0,0
03155,16074,0,0,0
03155,16075,0,0,0
03155,16076,0,0,0
03155,16077,0,0,0
03157,01001,0,0,0
03157,01002,21,0,21
03157,01003,14,0,14
03157,01004,0,0,0
03157,01051,0,0,0
03157,01053,0,0,0
03157,01054,0,0,0
03157,01055,0,0,0
03157,01056,22,11,11
03157,01057,0,0,0
03157,01058,11,0,11
03157,01059,0,0,0
03157,01060,15,0,15
03157,01061,0,0,0
03157,01062,30,0,30
03157,02000,214,24,190
03157,03101,12115,1958,10157
03157,03102,6315,1451,4864
03157,03103,2139,108,2031
03157,03151,1800,767,1033
03157,03153,336,170,166
03157,03154,377,179,198
03157,03155,63,27,36
03157,03157,0,0,0
03157,03158,1201,633,568
03157,03159,144,74,70
03157,03241,10816,2604,8212
03157,03251,16,0,16
03157,03252,50,25,25
03157,03254,3494,1414,2080
03157,03255,17,17,0
03157,03256,38,16,22
03157,03257,68,34,34
03157,03351,534,239,295
03157,03352,0,0,0
03157,03353,24,0,24
03157,03354,45,45,0
03157,03355,26,15,11
03157,03356,0,0,0
03157,03357,0,0,0
03157,03358,69,30,39
03157,03359,10,0,10
03157,03360,26,16,10
03157,03361,22,0,22
03157,03401,0,0,0
03157,03402,0,0,0
03157,03403,14,0,14
03157,03404,24,0,24
03157,03405,0,0,0
03157,03451,0,0,0
03157,03452,10,10,0
03157,03453,11,11,0
03157,03454,12,0,12
03157,03455,0,0,0
03157,03456,0,0,0
03157,03457,58,58,0
03157,03458,0,0,0
03157,03459,23,11,12
03157,03460,16,0,16
03157,03461,0,0,0
03157,03462,0,0,0
03157,04011,73,20,53
03157,04012,0,0,0
03157,05111,55,0,55
03157,05112,20,0,20
03157,05113,33,0,33
03157,05114,0,0,0
03157,05116,23,12,11
03157,05117,0,0,0
03157,05119,0,0,0
03157,05120,14,0,14
03157,05122,10,0,10
03157,05124,0,0,0
03157,05154,0,0,0
03157,05158,28,0,28
03157,05162,16,0,16
03157,05166,21,21,0
03157,05170,14,0,14
03157,05314,24,0,24
03157,05315,58,0,58
03157,05316,0,0,0
03157,05334,12,0,12
03157,05358,0,0,0
03157,05362,13,0,13
03157,05366,0,0,0
03157,05370,0,0,0
03157,05374,17,0,17
03157,05378,0,0,0
03157,05382,0,0,0
03157,05512,0,0,0
03157,05513,0,0,0
03157,05515,26,0,26
03157,05554,11,0,11
03157,05558,0,0,0
03157,05562,17,0,17
03157,05566,11,0,11
03157,05570,0,0,0
03157,05711,30,0,30
03157,05754,21,0,21
03157,05758,55,13,42
03157,05762,0,0,0
03157,05766,24,14,10
03157,05770,54,17,37
03157,05774,0,0,0
03157,05911,11,0,11
03157,05913,42,18,24
03157,05914,0,0,0
03157,05915,0,0,0
03157,05916,0,0,0
03157,05954,11,0,11
03157,05958,0,0,0
03157,05962,0,0,0
03157,05966,0,0,0
03157,05970,0,0,0
03157,05974,0,0,0
03157,05978,14,0,14
03157,06411,0,0,0
03157,06412,60,10,50
03157,06413,0,0,0
03157,06414,17,0,17
03157,06431,0,0,0
03157,06432,0,0,0
03157,06433,0,0,0
03157,06434,19,0,19
03157,06435,16,0,16
03157,06436,23,0,23
03157,06437,0,0,0
03157,06438,17,0,17
03157,06439,0,0,0
03157,06440,0,0,0
03157,06531,0,0,0
03157,06532,12,0,12
03157,06533,0,0,0
03157,06534,0,0,0
03157,06535,0,0,0
03157,06611,0,0,0
03157,06631,0,0,0
03157,06632,0,0,0
03157,06633,17,0,17
03157,06634,0,0,0
03157,06635,0,0,0
03157,06636,0,0,0
03157,07111,41,0,41
03157,07131,0,0,0
03157,07132,0,0,0
03157,07133,0,0,0
03157,07134,0,0,0
03157,07135,0,0,0
03157,07137,0,0,0
03157,07138,0,0,0
03157,07140,0,0,0
03157,07141,0,0,0
03157,07143,12,0,12
03157,07211,0,0,0
03157,07231,0,0,0
03157,07232,0,0,0
03157,07233,0,0,0
03157,07235,0,0,0
03157,07311,0,0,0
03157,07312,0,0,0
03157,07313,0,0,0
03157,07314,0,0,0
03157,07315,0,0,0
03157,07316,0,0,0
03157,07317,0,0,0
03157,07318,0,0,0
03157,07319,0,0,0
03157,07320,0,0,0
03157,07331,0,0,0
03157,07332,0,0,0
03157,07333,0,0,0
03157,07334,0,0,0
03157,07335,0,0,0
03157,07336,0,0,0
03157,07337,0,0,0
03157,07338,0,0,0
03157,07339,0,0,0
03157,07340,0,0,0
03157,08111,28,0,28
03157,08115,0,0,0
03157,08116,18,0,18
03157,08117,0,0,0
03157,08118,24,0,24
03157,08119,10,0,10
03157,08121,0,0,0
03157,08125,12,0,12
03157,08126,0,0,0
03157,08127,0,0,0
03157,08128,10,0,10
03157,08135,0,0,0
03157,08136,0,0,0
03157,08211,0,0,0
03157,08212,0,0,0
03157,08215,11,0,11
03157,08216,0,0,0
03157,08221,0,0,0
03157,08222,13,0,13
03157,08225,0,0,0
03157,08226,19,0,19
03157,08231,0,0,0
03157,08235,0,0,0
03157,08236,0,0,0
03157,08237,0,0,0
03157,08311,0,0,0
03157,08315,0,0,0
03157,08316,0,0,0
03157,08317,0,0,0
03157,08325,0,0,0
03157,08326,0,0,0
03157,08327,0,0,0
03157,08335,0,0,0
03157,08336,0,0,0
03157,08337,0,0,0
03157,08415,0,0,0
03157,08416,0,0,0
03157,08417,0,0,0
03157,08421,0,0,0
03157,08425,0,0,0
03157,08426,0,0,0
03157,08435,0,0,0
03157,08436,0,0,0
03157,08437,0,0,0
03157,09161,0,0,0
03157,09162,50,0,50
03157,09163,0,0,0
03157,09171,0,0,0
03157,09172,0,0,0
03157,09173,0,0,0
03157,09174,0,0,0
03157,09175,0,0,0
03157,09176,0,0,0
03157,09177,0,0,0
03157,09178,0,0,0
03157,09179,0,0,0
03157,09180,0,0,0
03157,09181,0,0,0
03157,09182,0,0,0
03157,09183,0,0,0
03157,09184,33,0,33
03157,09185,0,0,0
03157,09186,0,0,0
03157,09187,0,0,0
03157,09188,0,0,0
03157,09189,0,0,0
03157,09190,0,0,0
03157,09261,0,0,0
03157,09262,0,0,0
03157,09263,0,0,0
03157,09271,0,0,0
03157,09272,0,0,0
03157,09273,0,0,0
03157,09274,0,0,0
03157,09275,0,0,0
03157,09276,0,0,0
03157,09277,0,0,0
03157,09278,0,0,0
03157,09279,0,0,0
03157,09361,0,0,0
03157,09362,0,0,0
03157,09363,0,0,0
03157,09371,0,0,0
03157,09372,0,0,0
03157,09373,0,0,0
03157,09374,0,0,0
03157,09375,0,0,0
03157,09376,0,0,0
03157,09377,0,0,0
03157,09461,0,0,0
03157,09462,0,0,0
03157,09463,0,0,0
03157,09464,0,0,0
03157,09471,0,0,0
03157,09472,0,0,0
03157,09473,0,0,0
03157,09474,0,0,0
03157,09475,0,0,0
03157,09476,0,0,0
03157,09477,0,0,0
03157,09478,0,0,0
03157,09479,0,0,0
03157,09561,0,0,0
03157,09562,0,0,0
03157,09563,0,0,0
03157,09564,16,0,16
03157,09565,0,0,0
03157,09571,0,0,0
03157,09572,0,0,0
03157,09573,0,0,0
03157,09574,0,0,0
03157,09575,0,0,0
03157,09576,0,0,0
03157,09577,0,0,0
03157,09661,0,0,0
03157,09662,0,0,0
03157,09663,0,0,0
03157,09671,0,0,0
03157,09672,0,0,0
03157,09673,0,0,0
03157,09674,0,0,0
03157,09675,0,0,0
03157,09676,0,0,0
03157,09677,0,0,0
03157,09678,0,0,0
03157,09679,0,0,0
03157,09761,0,0,0
03157,09762,0,0,0
03157,09763,0,0,0
03157,09764,0,0,0
03157,09771,0,0,0
03157,09772,0,0,0
03157,09773,0,0,0
03157,09774,0,0,0
03157,09775,0,0,0
03157,09776,0,0,0
03157,09777,0,0,0
03157,09778,0,0,0
03157,09779,0,0,0
03157,09780,0,0,0
03157,10041,0,0,0
03157,10042,0,0,0
03157,10043,0,0,0
03157,10044,0,0,0
03157,10045,0,0,0
03157,10046,0,0,0
03157,11000,255,40,215
03157,12051,0,0,0
03157,12052,0,0,0
03157,12053,0,0,0
03157,12054,0,0,0
03157,12060,0,0,0
03157,12061,0,0,0
03157,12062,0,0,0
03157,12063,0,0,0
03157,12064,0,0,0
03157,12065,17,0,17
03157,12066,0,0,0
03157,12067,0,0,0
03157,12068,0,0,0
03157,12069,10,0,10
03157,12070,0,0,0
03157,12071,0,0,0
03157,12072,0,0,0
03157,12073,0,0,0
03157,13003,0,0,0
03157,13004,0,0,0
03157,13071,0,0,0
03157,13072,0,0,0
03157,13073,0,0,0
03157,13074,0,0,0
03157,13075,0,0,0
03157,13076,0,0,0
03157,14511,0,0,0
03157,14521,0,0,0
03157,14522,0,0,0
03157,14523,0,0,0
03157,14524,0,0,0
03157,14612,0,0,0
03157,14625,17,17,0
03157,14626,45,45,0
03157,14627,0,0,0
03157,14628,0,0,0
03157,14713,27,12,15
03157,14729,0,0,0
03157,14730,0,0,0
03157,15001,0,0,0
03157,15002,0,0,0
03157,15003,70,37,33
03157,15081,42,30,12
03157,15082,0,0,0
03157,15083,145,97,48
03157,15084,0,0,0
03157,15085,176,132,44
03157,15086,20,20,0
03157,15087,22,11,11
03157,15088,0,0,0
03157,15089,47,47,0
03157,15090,22,22,0
03157,15091,0,0,0
03157,16051,0,0,0
03157,16052,0,0,0
03157,16053,0,0,0
03157,16054,0,0,0
03157,16055,0,0,0
03157,16056,0,0,0
03157,16061,0,0,0
03157,16062,14,14,0
03157,16063,0,0,0
03157,16064,0,0,0
03157,16065,0,0,0
03157,16066,0,0,0
03157,16067,0,0,0
03157,16068,0,0,0
03157,16069,0,0,0
03157,16070,0,0,0
03157,16071,0,0,0
03157,16072,0,0,0
03157,16073,0,0,0
03157,16074,0,0,0
03157,16075,0,0,0
03157,16076,0,0,0
03157,16077,0,0,0
03158,01001,0,0,0
03158,01002,23,0,23
03158,01003,0,0,0
03158,01004,0,0,0
03158,01051,0,0,0
03158,01053,0,0,0
03158,01054,0,0,0
03158,01055,0,0,0
03158,01056,13,0,13
03158,01057,0,0,0
03158,01058,0,0,0
03158,01059,0,0,0
03158,01060,0,0,0
03158,01061,0,0,0
03158,01062,15,0,15
03158,02000,151,32,119
03158,03101,17738,3143,14595
03158,03102,8171,1484,6687
03158,03103,3261,152,3109
03158,03151,867,282,585
03158,03153,2201,942,1259
03158,03154,2154,989,1165
03158,03155,77,34,43
03158,03157,1201,568,633
03158,03158,0,0,0
03158,03159,156,81,75
03158,03241,1313,192,1121
03158,03251,0,0,0
03158,03252,15,15,0
03158,03254,1056,374,682
03158,03255,0,0,0
03158,03256,10,0,10
03158,03257,0,0,0
03158,03351,77,26,51
03158,03352,0,0,0
03158,03353,18,0,18
03158,03354,0,0,0
03158,03355,0,0,0
03158,03356,0,0,0
03158,03357,0,0,0
03158,03358,15,0,15
03158,03359,11,0,11
03158,03360,26,14,12
03158,03361,15,0,15
03158,03401,0,0,0
03158,03402,0,0,0
03158,03403,35,0,35
03158,03404,42,0,42
03158,03405,0,0,0
03158,03451,0,0,0
03158,03452,0,0,0
03158,03453,0,0,0
03158,03454,0,0,0
03158,03455,0,0,0
03158,03456,0,0,0
03158,03457,0,0,0
03158,03458,0,0,0
03158,03459,0,0,0
03158,03460,14,0,14
03158,03461,0,0,0
03158,03462,0,0,0
03158,04011,37,0,37
03158,04012,0,0,0
03158,05111,42,0,42
03158,05112,35,0,35
03158,05113,12,0,12
03158,05114,0,0,0
03158,05116,0,0,0
03158,05117,0,0,0
03158,05119,0,0,0
03158,05120,0,0,0
03158,05122,0,0,0
03158,05124,0,0,0
03158,05154,0,0,0
03158,05158,21,0,21
03158,05162,13,0,13
03158,05166,0,0,0
03158,05170,0,0,0
03158,05314,0,0,0
03158,05315,39,0,39
03158,05316,12,0,12
03158,05334,0,0,0
03158,05358,0,0,0
03158,05362,11,0,11
03158,05366,0,0,0
03158,05370,0,0,0
03158,05374,21,0,21
03158,05378,0,0,0
03158,05382,23,0,23
03158,05512,0,0,0
03158,05513,0,0,0
03158,05515,10,0,10
03158,05554,11,0,11
03158,05558,0,0,0
03158,05562,0,0,0
03158,05566,0,0,0
03158,05570,0,0,0
03158,05711,27,0,27
03158,05754,16,0,16
03158,05758,0,0,0
03158,05762,0,0,0
03158,05766,0,0,0
03158,05770,18,0,18
03158,05774,0,0,0
03158,05911,0,0,0
03158,05913,10,0,10
03158,05914,0,0,0
03158,05915,0,0,0
03158,05916,0,0,0
03158,05954,0,0,0
03158,05958,0,0,0
03158,05962,0,0,0
03158,05966,0,0,0
03158,05970,0,0,0
03158,05974,17,0,17
03158,05978,0,0,0
03158,06411,0,0,0
03158,06412,42,0,42
03158,06413,0,0,0
03158,06414,10,0,10
03158,06431,0,0,0
03158,06432,0,0,0
03158,06433,0,0,0
03158,06434,25,0,25
03158,06435,0,0,0
03158,06436,14,0,14
03158,06437,0,0,0
03158,06438,16,0,16
03158,06439,0,0,0
03158,06440,0,0,0
03158,06531,0,0,0
03158,06532,0,0,0
03158,06533,0,0,0
03158,06534,0,0,0
03158,06535,0,0,0
03158,06611,10,0,10
03158,06631,0,0,0
03158,06632,0,0,0
03158,06633,18,0,18
03158,06634,0,0,0
03158,06635,0,0,0
03158,06636,0,0,0
03158,07111,0,0,0
03158,07131,0,0,0
03158,07132,0,0,0
03158,07133,0,0,0
03158,07134,0,0,0
03158,07135,0,0,0
03158,07137,0,0,0
03158,07138,0,0,0
03158,07140,0,0,0
03158,07141,0,0,0
03158,07143,0,0,0
03158,07211,0,0,0
03158,07231,0,0,0
03158,07232,0,0,0
03158,07233,0,0,0
03158,07235,0,0,0
03158,07311,0,0,0
03158,07312,0,0,0
03158,07313,0,0,0
03158,07314,0,0,0
03158,07315,0,0,0
03158,07316,0,0,0
03158,07317,0,0,0
03158,07318,0,0,0
03158,07319,0,0,0
03158,07320,0,0,0
03158,07331,0,0,0
03158,07332,0,0,0
03158,07333,0,0,0
03158,07334,0,0,0
03158,07335,0,0,0
03158,07336,0,0,0
03158,07337,0,0,0
03158,07338,0,0,0
03158,07339,0,0,0
03158,07340,0,0,0
03158,08111,32,0,32
03158,08115,10,0,10
03158,08116,18,0,18
03158,08117,0,0,0
03158,08118,11,0,11
03158,08119,0,0,0
03158,08121,0,0,0
03158,08125,0,0,0
03158,08126,0,0,0
03158,08127,0,0,0
03158,08128,0,0,0
03158,08135,0,0,0
03158,08136,0,0,0
03158,08211,0,0,0
03158,08212,0,0,0
03158,08215,0,0,0
03158,08216,0,0,0
03158,08221,0,0,0
03158,08222,15,0,15
03158,08225,0,0,0
03158,08226,0,0,0
03158,08231,0,0,0
03158,08235,0,0,0
03158,08236,0,0,0
03158,08237,0,0,0
03158,08311,0,0,0
03158,08315,0,0,0
03158,08316,0,0,0
03158,08317,0,0,0
03158,08325,0,0,0
03158,08326,0,0,0
03158,08327,0,0,0
03158,08335,0,0,0
03158,08336,0,0,0
03158,08337,0,0,0
03158,08415,0,0,0
03158,08416,0,0,0
03158,08417,0,0,0
03158,08421,0,0,0
03158,08425,0,0,0
03158,08426,0,0,0
03158,08435,0,0,0
03158,08436,0,0,0
03158,08437,0,0,0
03158,09161,0,0,0
03158,09162,73,0,73
03158,09163,0,0,0
03158,09171,0,0,0
03158,09172,0,0,0
03158,09173,0,0,0
03158,09174,0,0,0
03158,09175,0,0,0
03158,09176,0,0,0
03158,09177,0,0,0
03158,09178,0,0,0
03158,09179,0,0,0
03158,09180,0,0,0
03158,09181,0,0,0
03158,09182,0,0,0
03158,09183,0,0,0
03158,09184,45,0,45
03158,09185,0,0,0
03158,09186,0,0,0
03158,09187,0,0,0
03158,09188,0,0,0
03158,09189,0,0,0
03158,09190,0,0,0
03158,09261,0,0,0
03158,09262,0,0,0
03158,09263,0,0,0
03158,09271,0,0,0
03158,09272,0,0,0
03158,09273,0,0,0
03158,09274,0,0,0
03158,09275,0,0,0
03158,09276,0,0,0
03158,09277,0,0,0
03158,09278,0,0,0
03158,09279,0,0,0
03158,09361,0,0,0
03158,09362,0,0,0
03158,09363,0,0,0
03158,09371,0,0,0
03158,09372,0,0,0
03158,09373,0,0,0
03158,09374,0,0,0
03158,09375,0,0,0
03158,09376,0,0,0
03158,09377,0,0,0
03158,09461,0,0,0
03158,09462,0,0,0
03158,09463,0,0,0
03158,09464,0,0,0
03158,09471,0,0,0
03158,09472,0,0,0
03158,09473,0,0,0
03158,09474,0,0,0
03158,09475,0,0,0
03158,09476,0,0,0
03158,09477,0,0,0
03158,09478,0,0,0
03158,09479,0,0,0
03158,09561,0,0,0
03158,09562,0,0,0
03158,09563,0,0,0
03158,09564,21,0,21
03158,09565,0,0,0
03158,09571,0,0,0
03158,09572,0,0,0
03158,09573,0,0,0
03158,09574,0,0,0
03158,09575,0,0,0
03158,09576,0,0,0
03158,09577,0,0,0
03158,09661,0,0,0
03158,09662,0,0,0
03158,09663,0,0,0
03158,09671,0,0,0
03158,09672,0,0,0
03158,09673,0,0,0
03158,09674,0,0,0
03158,09675,0,0,0
03158,09676,0,0,0
03158,09677,0,0,0
03158,09678,0,0,0
03158,09679,0,0,0
03158,09761,0,0,0
03158,09762,0,0,0
03158,09763,0,0,0
03158,09764,0,0,0
03158,09771,0,0,0
03158,09772,0,0,0
03158,09773,0,0,0
03158,09774,0,0,0
03158,09775,0,0,0
03158,09776,0,0,0
03158,09777,0,0,0
03158,09778,0,0,0
03158,09779,0,0,0
03158,09780,0,0,0
03158,10041,0,0,0
03158,10042,0,0,0
03158,10043,0,0,0
03158,10044,0,0,0
03158,10045,0,0,0
03158,10046,0,0,0
03158,11000,255,75,180
03158,12051,0,0,0
03158,12052,0,0,0
03158,12053,0,0,0
03158,12054,0,0,0
03158,12060,0,0,0
03158,12061,0,0,0
03158,12062,0,0,0
03158,12063,0,0,0
03158,12064,0,0,0
03158,12065,0,0,0
03158,12066,0,0,0
03158,12067,0,0,0
03158,12068,0,0,0
03158,12069,0,0,0
03158,12070,0,0,0
03158,12071,0,0,0
03158,12072,0,0,0
03158,12073,0,0,0
03158,13003,0,0,0
03158,13004,0,0,0
03158,13071,0,0,0
03158,13072,0,0,0
03158,13073,0,0,0
03158,13074,0,0,0
03158,13075,0,0,0
03158,13076,0,0,0
03158,14511,0,0,0
03158,14521,0,0,0
03158,14522,0,0,0
03158,14523,0,0,0
03158,14524,0,0,0
03158,14612,10,0,10
03158,14625,0,0,0
03158,14626,0,0,0
03158,14627,0,0,0
03158,14628,0,0,0
03158,14713,15,0,15
03158,14729,0,0,0
03158,14730,0,0,0
03158,15001,0,0,0
03158,15002,11,0,11
03158,15003,100,50,50
03158,15081,40,21,19
03158,15082,0,0,0
03158,15083,379,295,84
03158,15084,0,0,0
03158,15085,1531,1263,268
03158,15086,14,14,0
03158,15087,18,18,0
03158,15088,0,0,0
03158,15089,29,19,10
03158,15090,13,13,0
03158,15091,0,0,0
03158,16051,0,0,0
03158,16052,0,0,0
03158,16053,0,0,0
03158,16054,0,0,0
03158,16055,0,0,0
03158,16056,0,0,0
03158,16061,0,0,0
03158,16062,0,0,0
03158,16063,0,0,0
03158,16064,0,0,0
03158,16065,0,0,0
03158,16066,0,0,0
03158,16067,0,0,0
03158,16068,0,0,0
03158,16069,0,0,0
03158,16070,0,0,0
03158,16071,0,0,0
03158,16072,0,0,0
03158,16073,0,0,0
03158,16074,0,0,0
03158,16075,0,0,0
03158,16076,0,0,0
03158,16077,0,0,0
03159,01001,12,0,12
03159,01002,53,18,35
03159,01003,39,20,19
03159,01004,0,0,0
03159,01051,0,0,0
03159,01053,32,19,13
03159,01054,27,13,14
03159,01055,34,19,15
03159,01056,36,17,19
03159,01057,0,0,0
03159,01058,30,11,19
03159,01059,28,12,16
03159,01060,61,18,43
03159,01061,10,10,0
03159,01062,43,18,25
03159,02000,643,190,453
03159,03101,732,173,559
03159,03102,188,69,119
03159,03103,222,61,161
03159,03151,129,65,64
03159,03153,3772,1777,1995
03159,03154,64,43,21
03159,03155,16912,11088,5824
03159,03157,144,70,74
03159,03158,156,75,81
03159,03159,0,0,0
03159,03241,2895,918,1977
03159,03251,49,22,27
03159,03252,175,96,79
03159,03254,952,414,538
03159,03255,741,617,124
03159,03256,53,27,26
03159,03257,67,26,41
03159,03351,83,44,39
03159,03352,19,19,0
03159,03353,54,32,22
03159,03354,0,0,0
03159,03355,80,49,31
03159,03356,0,0,0
03159,03357,33,18,15
03159,03358,48,28,20
03159,03359,42,22,20
03159,03360,55,19,36
03159,03361,49,12,37
03159,03401,12,0,12
03159,03402,0,0,0
03159,03403,82,31,51
03159,03404,88,19,69
03159,03405,10,0,10
03159,03451,0,0,0
03159,03452,29,13,16
03159,03453,21,11,10
03159,03454,69,42,27
03159,03455,11,11,0
03159,03456,11,11,0
03159,03457,21,11,10
03159,03458,18,18,0
03159,03459,53,30,23
03159,03460,57,17,40
03159,03461,0,0,0
03159,03462,0,0,0
03159,04011,172,73,99
03159,04012,0,0,0
03159,05111,159,36,123
03159,05112,61,33,28
03159,05113,117,26,91
03159,05114,11,0,11
03159,05116,0,0,0
03159,05117,0,0,0
03159,05119,28,12,16
03159,05120,0,0,0
03159,05122,11,0,11
03159,05124,38,18,20
03159,05154,12,0,12
03159,05158,81,21,60
03159,05162,62,25,37
03159,05166,24,11,13
03159,05170,45,17,28
03159,05314,105,23,82
03159,05315,298,65,233
03159,05316,12,0,12
03159,05334,99,32,67
03159,05358,28,14,14
03159,05362,47,19,28
03159,05366,0,0,0
03159,05370,0,0,0
03159,05374,15,0,15
03159,05378,11,0,11
03159,05382,49,19,30
03159,05512,0,0,0
03159,05513,28,13,15
03159,05515,76,41,35
03159,05554,13,0,13
03159,05558,21,10,11
03159,05562,55,28,27
03159,05566,37,15,22
03159,05570,42,23,19
03159,05711,115,28,87
03159,05754,87,40,47
03159,05758,51,28,23
03159,05762,219,156,63
03159,05766,68,41,27
03159,05770,52,27,25
03159,05774,112,50,62
03159,05911,45,19,26
03159,05913,93,41,52
03159,05914,24,0,24
03159,05915,15,15,0
03159,05916,12,12,0
03159,05954,23,12,11
03159,05958,66,25,41
03159,05962,29,14,15
03159,05966,0,0,0
03159,05970,39,14,25
03159,05974,48,17,31
03159,05978,96,59,37
03159,06411,54,15,39
03159,06412,377,46,331
03159,06413,0,0,0
03159,06414,68,17,51
03159,06431,0,0,0
03159,06432,34,14,20
03159,06433,34,16,18
03159,06434,93,22,71
03159,06435,65,26,39
03159,06436,93,13,80
03159,06437,0,0,0
03159,06438,59,19,40
03159,06439,26,12,14
03159,06440,628,21,607
03159,06531,70,29,41
03159,06532,163,12,151
03159,06533,19,0,19
03159,06534,77,36,41
03159,06535,41,24,17
03159,06611,5140,1569,3571
03159,06631,145,60,85
03159,06632,143,72,71
03159,06633,4477,2566,1911
03159,06634,555,286,269
03159,06635,156,75,81
03159,06636,2826,2134,692
03159,07111,19,0,19
03159,07131,0,0,0
03159,07132,0,0,0
03159,07133,0,0,0
03159,07134,0,0,0
03159,07135,0,0,0
03159,07137,12,0,12
03159,07138,0,0,0
03159,07140,0,0,0
03159,07141,0,0,0
03159,07143,41,0,41
03159,07211,0,0,0
03159,07231,0,0,0
03159,07232,0,0,0
03159,07233,0,0,0
03159,07235,0,0,0
03159,07311,0,0,0
03159,07312,0,0,0
03159,07313,0,0,0
03159,07314,15,0,15
03159,07315,73,23,50
03159,07316,0,0,0
03159,07317,0,0,0
03159,07318,0,0,0
03159,07319,0,0,0
03159,07320,0,0,0
03159,07331,0,0,0
03159,07332,0,0,0
03159,07333,0,0,0
03159,07334,0,0,0
03159,07335,0,0,0
03159,07336,0,0,0
03159,07337,0,0,0
03159,07338,0,0,0
03159,07339,11,11,0
03159,07340,0,0,0
03159,08111,94,31,63
03159,08115,72,60,12
03159,08116,64,31,33
03159,08117,10,0,10
03159,08118,60,15,45
03159,08119,33,15,18
03159,08121,0,0,0
03159,08125,26,14,12
03159,08126,19,0,19
03159,08127,25,0,25
03159,08128,11,0,11
03159,08135,0,0,0
03159,08136,39,15,24
03159,08211,0,0,0
03159,08212,47,15,32
03159,08215,139,19,120
03159,08216,0,0,0
03159,08221,59,35,24
03159,08222,66,18,48
03159,08225,0,0,0
03159,08226,79,24,55
03159,08231,0,0,0
03159,08235,12,12,0
03159,08236,0,0,0
03159,08237,0,0,0
03159,08311,65,19,46
03159,08315,23,11,12
03159,08316,0,0,0
03159,08317,25,12,13
03159,08325,0,0,0
03159,08326,25,10,15
03159,08327,0,0,0
03159,08335,35,11,24
03159,08336,18,0,18
03159,08337,0,0,0
03159,08415,26,11,15
03159,08416,30,20,10
03159,08417,0,0,0
03159,08421,18,0,18
03159,08425,13,13,0
03159,08426,0,0,0
03159,08435,11,0,11
03159,08436,12,0,12
03159,08437,0,0,0
03159,09161,0,0,0
03159,09162,337,88,249
03159,09163,0,0,0
03159,09171,0,0,0
03159,09172,0,0,0
03159,09173,0,0,0
03159,09174,0,0,0
03159,09175,0,0,0
03159,09176,0,0,0
03159,09177,0,0,0
03159,09178,26,10,16
03159,09179,0,0,0
03159,09180,0,0,0
03159,09181,0,0,0
03159,09182,0,0,0
03159,09183,16,16,0
03159,09184,140,15,125
03159,09185,0,0,0
03159,09186,0,0,0
03159,09187,0,0,0
03159,09188,24,0,24
03159,09189,0,0,0
03159,09190,10,0,10
03159,09261,0,0,0
03159,09262,0,0,0
03159,09263,0,0,0
03159,09271,10,0,10
03159,09272,0,0,0
03159,09273,0,0,0
03159,09274,0,0,0
03159,09275,0,0,0
03159,09276,0,0,0
03159,09277,0,0,0
03159,09278,0,0,0
03159,09279,0,0,0
03159,09361,0,0,0
03159,09362,39,13,26
03159,09363,0,0,0
03159,09371,0,0,0
03159,09372,0,0,0
03159,09373,0,0,0
03159,09374,0,0,0
03159,09375,0,0,0
03159,09376,0,0,0
03159,09377,0,0,0
03159,09461,0,0,0
03159,09462,0,0,0
03159,09463,0,0,0
03159,09464,0,0,0
03159,09471,0,0,0
03159,09472,0,0,0
03159,09473,0,0,0
03159,09474,0,0,0
03159,09475,0,0,0
03159,09476,0,0,0
03159,09477,10,10,0
03159,09478,0,0,0
03159,09479,0,0,0
03159,09561,0,0,0
03159,09562,25,0,25
03159,09563,0,0,0
03159,09564,70,29,41
03159,09565,0,0,0
03159,09571,0,0,0
03159,09572,0,0,0
03159,09573,0,0,0
03159,09574,0,0,0
03159,09575,0,0,0
03159,09576,0,0,0
03159,09577,0,0,0
03159,09661,0,0,0
03159,09662,0,0,0
03159,09663,42,20,22
03159,09671,10,0,10
03159,09672,0,0,0
03159,09673,0,0,0
03159,09674,0,0,0
03159,09675,0,0,0
03159,09676,11,0,11
03159,09677,0,0,0
03159,09678,0,0,0
03159,09679,0,0,0
03159,09761,26,10,16
03159,09762,0,0,0
03159,09763,0,0,0
03159,09764,0,0,0
03159,09771,0,0,0
03159,09772,0,0,0
03159,09773,0,0,0
03159,09774,0,0,0
03159,09775,10,0,10
03159,09776,0,0,0
03159,09777,0,0,0
03159,09778,0,0,0
03159,09779,0,0,0
03159,09780,0,0,0
03159,10041,23,10,13
03159,10042,0,0,0
03159,10043,0,0,0
03159,10044,0,0,0
03159,10045,0,0,0
03159,10046,0,0,0
03159,11000,885,338,547
03159,12051,0,0,0
03159,12052,0,0,0
03159,12053,18,0,18
03159,12054,70,31,39
03159,12060,18,18,0
03159,12061,0,0,0
03159,12062,0,0,0
03159,12063,18,18,0
03159,12064,21,0,21
03159,12065,10,10,0
03159,12066,0,0,0
03159,12067,0,0,0
03159,12068,0,0,0
03159,12069,40,25,15
03159,12070,0,0,0
03159,12071,0,0,0
03159,12072,12,12,0
03159,12073,0,0,0
03159,13003,15,15,0
03159,13004,0,0,0
03159,13071,0,0,0
03159,13072,0,0,0
03159,13073,0,0,0
03159,13074,0,0,0
03159,13075,38,25,13
03159,13076,37,37,0
03159,14511,36,23,13
03159,14521,37,0,37
03159,14522,51,39,12
03159,14523,0,0,0
03159,14524,29,15,14
03159,14612,66,30,36
03159,14625,10,0,10
03159,14626,0,0,0
03159,14627,13,13,0
03159,14628,0,0,0
03159,14713,160,77,83
03159,14729,16,16,0
03159,14730,10,10,0
03159,15001,11,11,0
03159,15002,60,26,34
03159,15003,64,33,31
03159,15081,0,0,0
03159,15082,16,16,0
03159,15083,50,34,16
03159,15084,16,16,0
03159,15085,384,281,103
03159,15086,11,11,0
03159,15087,135,94,41
03159,15088,63,45,18
03159,15089,43,24,19
03159,15090,10,0,10
03159,15091,11,11,0
03159,16051,88,32,56
03159,16052,0,0,0
03159,16053,119,26,93
03159,16054,0,0,0
03159,16055,0,0,0
03159,16056,10,10,0
03159,16061,8414,7122,1292
03159,16062,2540,1723,817
03159,16063,42,24,18
03159,16064,306,231,75
03159,16065,120,92,28
03159,16066,13,13,0
03159,16067,43,16,27
03159,16068,0,0,0
03159,16069,0,0,0
03159,16070,32,13,19
03159,16071,0,0,0
03159,16072,0,0,0
03159,16073,0,0,0
03159,16074,0,0,0
03159,16075,0,0,0
03159,16076,0,0,0
03159,16077,0,0,0
03241,01001,83,40,43
03241,01002,375,205,170
03241,01003,333,154,179
03241,01004,83,58,25
03241,01051,90,76,14
03241,01053,241,208,33
03241,01054,173,116,57
03241,01055,288,226,62
03241,01056,387,289,98
03241,01057,117,106,11
03241,01058,305,212,93
03241,01059,176,125,51
03241,01060,374,200,174
03241,01061,137,98,39
03241,01062,590,346,244
03241,02000,6122,2386,3736
03241,03101,6048,3025,3023
03241,03102,1746,1083,663
03241,03103,3833,739,3094
03241,03151,3272,2151,1121
03241,03153,1479,1210,269
03241,03154,917,574,343
03241,03155,1278,987,291
03241,03157,10816,8212,2604
03241,03158,1313,1121,192
03241,03159,2895,1977,918
03241,03241,0,0,0
03241,03251,1062,784,278
03241,03252,9121,6734,2387
03241,03254,27219,19453,7766
03241,03255,923,790,133
03241,03256,7630,5984,1646
03241,03257,16986,13921,3065
03241,03351,15275,11448,3827
03241,03352,506,460,46
03241,03353,694,554,140
03241,03354,136,120,16
03241,03355,886,653,233
03241,03356,284,253,31
03241,03357,535,426,109
03241,03358,5780,4736,1044
03241,03359,403,313,90
03241,03360,715,546,169
03241,03361,882,646,236
03241,03401,224,145,79
03241,03402,372,95,277
03241,03403,614,387,227
03241,03404,643,399,244
03241,03405,122,92,30
03241,03451,272,199,73
03241,03452,431,323,108
03241,03453,307,215,92
03241,03454,452,295,157
03241,03455,151,125,26
03241,03456,151,103,48
03241,03457,264,209,55
03241,03458,434,288,146
03241,03459,617,464,153
03241,03460,341,214,127
03241,03461,131,99,32
03241,03462,102,49,53
03241,04011,2276,1446,830
03241,04012,312,229,83
03241,05111,1156,265,891
03241,05112,219,124,95
03241,05113,603,319,284
03241,05114,194,66,128
03241,05116,412,329,83
03241,05117,89,59,30
03241,05119,109,65,44
03241,05120,83,33,50
03241,05122,71,35,36
03241,05124,140,80,60
03241,05154,153,99,54
03241,05158,404,153,251
03241,05162,320,190,130
03241,05166,171,119,52
03241,05170,285,100,185
03241,05314,350,130,220
03241,05315,1382,475,907
03241,05316,58,24,34
03241,05334,250,121,129
03241,05358,97,47,50
03241,05362,247,163,84
03241,05366,63,40,23
03241,05370,62,43,19
03241,05374,156,44,112
03241,05378,132,89,43
03241,05382,308,190,118
03241,05512,75,40,35
03241,05513,192,74,118
03241,05515,336,164,172
03241,05554,157,98,59
03241,05558,165,107,58
03241,05562,362,263,99
03241,05566,430,285,145
03241,05570,219,166,53
03241,05711,1113,527,586
03241,05754,712,319,393
03241,05758,695,470,225
03241,05762,334,214,120
03241,05766,880,645,235
03241,05770,2265,1473,792
03241,05774,428,259,169
03241,05911,330,185,145
03241,05913,587,318,269
03241,05914,136,112,24
03241,05915,117,85,32
03241,05916,119,95,24
03241,05954,191,121,70
03241,05958,138,98,40
03241,05962,180,109,71
03241,05966,49,31,18
03241,05970,121,63,58
03241,05974,172,120,52
03241,05978,375,230,145
03241,06411,148,53,95
03241,06412,1371,249,1122
03241,06413,69,41,28
03241,06414,260,81,179
03241,06431,88,45,43
03241,06432,126,77,49
03241,06433,162,62,100
03241,06434,303,66,237
03241,06435,220,124,96
03241,06436,285,61,224
03241,06437,12,12,0
03241,06438,346,127,219
03241,06439,69,35,34
03241,06440,204,134,70
03241,06531,161,96,65
03241,06532,192,78,114
03241,06533,62,40,22
03241,06534,128,84,44
03241,06535,32,32,0
03241,06611,618,365,253
03241,06631,140,91,49
03241,06632,151,93,58
03241,06633,418,325,93
03241,06634,183,151,32
03241,06635,197,83,114
03241,06636,176,160,16
03241,07111,135,24,111
03241,07131,45,30,15
03241,07132,28,28,0
03241,07133,42,10,32
03241,07134,36,22,14
03241,07135,0,0,0
03241,07137,57,36,21
03241,07138,68,31,37
03241,07140,10,10,0
03241,07141,36,22,14
03241,07143,73,36,37
03241,07211,34,17,17
03241,07231,22,10,12
03241,07232,0,0,0
03241,07233,17,17,0
03241,07235,15,15,0
03241,07311,15,0,15
03241,07312,36,23,13
03241,07313,0,0,0
03241,07314,70,40,30
03241,07315,154,65,89
03241,07316,25,10,15
03241,07317,0,0,0
03241,07318,0,0,0
03241,07319,15,15,0
03241,07320,0,0,0
03241,07331,18,18,0
03241,07332,31,31,0
03241,07333,15,15,0
03241,07334,34,19,15
03241,07335,17,17,0
03241,07336,0,0,0
03241,07337,34,10,24
03241,07338,25,25,0
03241,07339,62,35,27
03241,07340,20,20,0
03241,08111,524,183,341
03241,08115,255,107,148
03241,08116,301,165,136
03241,08117,117,43,74
03241,08118,292,127,165
03241,08119,167,96,71
03241,08121,48,23,25
03241,08125,154,67,87
03241,08126,114,0,114
03241,08127,50,31,19
03241,08128,65,33,32
03241,08135,34,13,21
03241,08136,114,40,74
03241,08211,30,14,16
03241,08212,206,90,116
03241,08215,146,70,76
03241,08216,80,31,49
03241,08221,103,54,49
03241,08222,282,110,172
03241,08225,45,21,24
03241,08226,247,114,133
03241,08231,54,21,33
03241,08235,68,32,36
03241,08236,46,29,17
03241,08237,26,16,10
03241,08311,138,71,67
03241,08315,88,53,35
03241,08316,51,34,17
03241,08317,125,64,61
03241,08325,21,11,10
03241,08326,69,34,35
03241,08327,23,11,12
03241,08335,71,37,34
03241,08336,57,21,36
03241,08337,65,47,18
03241,08415,100,64,36
03241,08416,73,37,36
03241,08417,58,34,24
03241,08421,102,26,76
03241,08425,50,33,17
03241,08426,30,16,14
03241,08435,65,36,29
03241,08436,78,35,43
03241,08437,19,0,19
03241,09161,60,18,42
03241,09162,1766,643,1123
03241,09163,35,15,20
03241,09171,13,0,13
03241,09172,36,15,21
03241,09173,28,28,0
03241,09174,92,62,30
03241,09175,85,45,40
03241,09176,46,12,34
03241,09177,138,89,49
03241,09178,298,177,121
03241,09179,130,84,46
03241,09180,18,18,0
03241,09181,50,34,16
03241,09182,52,24,28
03241,09183,19,19,0
03241,09184,580,160,420
03241,09185,11,11,0
03241,09186,85,25,60
03241,09187,79,51,28
03241,09188,85,33,52
03241,09189,42,21,21
03241,09190,30,17,13
03241,09261,26,26,0
03241,09262,0,0,0
03241,09263,12,12,0
03241,09271,11,0,11
03241,09272,0,0,0
03241,09273,23,12,11
03241,09274,37,37,0
03241,09275,0,0,0
03241,09276,0,0,0
03241,09277,0,0,0
03241,09278,20,20,0
03241,09279,0,0,0
03241,09361,0,0,0
03241,09362,59,33,26
03241,09363,0,0,0
03241,09371,15,15,0
03241,09372,12,12,0
03241,09373,51,24,27
03241,09374,0,0,0
03241,09375,27,27,0
03241,09376,30,16,14
03241,09377,0,0,0
03241,09461,34,34,0
03241,09462,53,20,33
03241,09463,15,0,15
03241,09464,0,0,0
03241,09471,35,35,0
03241,09472,20,20,0
03241,09473,0,0,0
03241,09474,66,24,42
03241,09475,110,0,110
03241,09476,14,0,14
03241,09477,10,10,0
03241,09478,0,0,0
03241,09479,0,0,0
03241,09561,0,0,0
03241,09562,100,38,62
03241,09563,53,36,17
03241,09564,523,192,331
03241,09565,29,13,16
03241,09571,42,28,14
03241,09572,67,44,23
03241,09573,40,40,0
03241,09574,64,42,22
03241,09575,0,0,0
03241,09576,53,30,23
03241,09577,10,10,0
03241,09661,31,11,20
03241,09662,26,11,15
03241,09663,82,44,38
03241,09671,72,44,28
03241,09672,12,12,0
03241,09673,11,11,0
03241,09674,26,14,12
03241,09675,33,33,0
03241,09676,61,29,32
03241,09677,72,20,52
03241,09678,25,14,11
03241,09679,78,45,33
03241,09761,150,58,92
03241,09762,0,0,0
03241,09763,12,0,12
03241,09764,25,25,0
03241,09771,27,27,0
03241,09772,65,45,20
03241,09773,13,0,13
03241,09774,42,18,24
03241,09775,61,31,30
03241,09776,34,21,13
03241,09777,30,15,15
03241,09778,46,36,10
03241,09779,27,16,11
03241,09780,17,17,0
03241,10041,82,43,39
03241,10042,21,0,21
03241,10043,13,13,0
03241,10044,21,21,0
03241,10045,26,26,0
03241,10046,0,0,0
03241,11000,4780,2295,2485
03241,12051,49,37,12
03241,12052,50,34,16
03241,12053,35,21,14
03241,12054,309,122,187
03241,12060,111,89,22
03241,12061,165,92,73
03241,12062,38,25,13
03241,12063,126,94,32
03241,12064,118,92,26
03241,12065,116,101,15
03241,12066,23,23,0
03241,12067,68,68,0
03241,12068,33,33,0
03241,12069,177,115,62
03241,12070,61,47,14
03241,12071,33,33,0
03241,12072,153,96,57
03241,12073,64,53,11
03241,13003,124,78,46
03241,13004,102,71,31
03241,13071,140,109,31
03241,13072,133,115,18
03241,13073,102,67,35
03241,13074,98,73,25
03241,13075,188,124,64
03241,13076,156,140,16
03241,14511,82,48,34
03241,14521,53,40,13
03241,14522,70,55,15
03241,14523,44,31,13
03241,14524,77,67,10
03241,14612,272,174,98
03241,14625,57,43,14
03241,14626,66,46,20
03241,14627,69,54,15
03241,14628,57,47,10
03241,14713,568,406,162
03241,14729,176,160,16
03241,14730,100,77,23
03241,15001,66,51,15
03241,15002,221,154,67
03241,15003,815,566,249
03241,15081,342,287,55
03241,15082,161,125,36
03241,15083,658,574,84
03241,15084,123,123,0
03241,15085,656,534,122
03241,15086,252,178,74
03241,15087,172,151,21
03241,15088,147,123,24
03241,15089,342,279,63
03241,15090,393,368,25
03241,15091,64,52,12
03241,16051,154,112,42
03241,16052,24,24,0
03241,16053,54,30,24
03241,16054,12,12,0
03241,16055,57,57,0
03241,16056,10,10,0
03241,16061,238,219,19
03241,16062,141,122,19
03241,16063,48,34,14
03241,16064,66,66,0
03241,16065,116,116,0
03241,16066,28,28,0
03241,16067,79,69,10
03241,16068,48,26,22
03241,16069,13,13,0
03241,16070,67,41,26
03241,16071,34,34,0
03241,16072,0,0,0
03241,16073,34,34,0
03241,16074,21,21,0
03241,16075,13,13,0
03241,16076,19,19,0
03241,16077,16,16,0
03251,01001,17,17,0
03251,01002,41,16,25
03251,01003,67,15,52
03251,01004,0,0,0
03251,01051,15,0,15
03251,01053,11,11,0
03251,01054,43,22,21
03251,01055,40,24,16
03251,01056,58,25,33
03251,01057,0,0,0
03251,01058,12,12,0
03251,01059,14,0,14
03251,01060,80,44,36
03251,01061,0,0,0
03251,01062,61,18,43
03251,02000,910,157,753
03251,03101,62,21,41
03251,03102,0,0,0
03251,03103,33,0,33
03251,03151,23,10,13
03251,03153,13,13,0
03251,03154,0,0,0
03251,03155,22,10,12
03251,03157,16,16,0
03251,03158,0,0,0
03251,03159,49,27,22
03251,03241,1062,278,784
03251,03251,0,0,0
03251,03252,15,15,0
03251,03254,88,53,35
03251,03255,0,0,0
03251,03256,4600,2252,2348
03251,03257,92,45,47
03251,03351,85,45,40
03251,03352,229,168,61
03251,03353,93,44,49
03251,03354,0,0,0
03251,03355,51,29,22
03251,03356,731,492,239
03251,03357,584,317,267
03251,03358,155,94,61
03251,03359,70,44,26
03251,03360,22,10,12
03251,03361,4068,1734,2334
03251,03401,2575,1486,1089
03251,03402,15,0,15
03251,03403,777,278,499
03251,03404,898,401,497
03251,03405,62,36,26
03251,03451,229,115,114
03251,03452,86,30,56
03251,03453,697,366,331
03251,03454,229,125,104
03251,03455,60,39,21
03251,03456,78,53,25
03251,03457,134,84,50
03251,03458,3318,1958,1360
03251,03459,1405,897,508
03251,03460,6334,2010,4324
03251,03461,278,167,111
03251,03462,41,20,21
03251,04011,26668,6038,20630
03251,04012,250,101,149
03251,05111,97,19,78
03251,05112,41,15,26
03251,05113,89,10,79
03251,05114,12,12,0
03251,05116,0,0,0
03251,05117,11,0,11
03251,05119,24,12,12
03251,05120,0,0,0
03251,05122,0,0,0
03251,05124,11,0,11
03251,05154,29,12,17
03251,05158,36,0,36
03251,05162,28,0,28
03251,05166,11,0,11
03251,05170,28,16,12
03251,05314,40,0,40
03251,05315,113,26,87
03251,05316,0,0,0
03251,05334,13,0,13
03251,05358,0,0,0
03251,05362,27,10,17
03251,05366,0,0,0
03251,05370,0,0,0
03251,05374,42,0,42
03251,05378,0,0,0
03251,05382,23,0,23
03251,05512,0,0,0
03251,05513,10,10,0
03251,05515,93,31,62
03251,05554,19,0,19
03251,05558,32,17,15
03251,05562,272,23,249
03251,05566,182,110,72
03251,05570,33,15,18
03251,05711,107,19,88
03251,05754,146,23,123
03251,05758,125,71,54
03251,05762,10,0,10
03251,05766,68,40,28
03251,05770,3680,1699,1981
03251,05774,53,38,15
03251,05911,14,0,14
03251,05913,76,41,35
03251,05914,0,0,0
03251,05915,0,0,0
03251,05916,0,0,0
03251,05954,33,15,18
03251,05958,13,0,13
03251,05962,15,15,0
03251,05966,0,0,0
03251,05970,0,0,0
03251,05974,29,19,10
03251,05978,91,32,59
03251,06411,13,0,13
03251,06412,139,13,126
03251,06413,0,0,0
03251,06414,0,0,0
03251,06431,0,0,0
03251,06432,0,0,0
03251,06433,11,0,11
03251,06434,20,0,20
03251,06435,0,0,0
03251,06436,23,0,23
03251,06437,0,0,0
03251,06438,40,0,40
03251,06439,0,0,0
03251,06440,15,0,15
03251,06531,0,0,0
03251,06532,0,0,0
03251,06533,10,0,10
03251,06534,10,10,0
03251,06535,0,0,0
03251,06611,46,21,25
03251,06631,0,0,0
03251,06632,0,0,0
03251,06633,0,0,0
03251,06634,11,11,0
03251,06635,0,0,0
03251,06636,0,0,0
03251,07111,0,0,0
03251,07131,0,0,0
03251,07132,0,0,0
03251,07133,0,0,0
03251,07134,0,0,0
03251,07135,0,0,0
03251,07137,0,0,0
03251,07138,0,0,0
03251,07140,0,0,0
03251,07141,0,0,0
03251,07143,0,0,0
03251,07211,0,0,0
03251,07231,0,0,0
03251,07232,0,0,0
03251,07233,0,0,0
03251,07235,0,0,0
03251,07311,0,0,0
03251,07312,0,0,0
03251,07313,0,0,0
03251,07314,0,0,0
03251,07315,0,0,0
03251,07316,0,0,0
03251,07317,0,0,0
03251,07318,0,0,0
03251,07319,0,0,0
03251,07320,0,0,0
03251,07331,0,0,0
03251,07332,0,0,0
03251,07333,0,0,0
03251,07334,0,0,0
03251,07335,0,0,0
03251,07336,0,0,0
03251,07337,10,0,10
03251,07338,0,0,0
03251,07339,0,0,0
03251,07340,0,0,0
03251,08111,35,0,35
03251,08115,10,0,10
03251,08116,36,12,24
03251,08117,0,0,0
03251,08118,26,0,26
03251,08119,10,10,0
03251,08121,0,0,0
03251,08125,10,0,10
03251,08126,15,0,15
03251,08127,0,0,0
03251,08128,0,0,0
03251,08135,0,0,0
03251,08136,12,0,12
03251,08211,0,0,0
03251,08212,13,0,13
03251,08215,18,0,18
03251,08216,0,0,0
03251,08221,0,0,0
03251,08222,16,0,16
03251,08225,0,0,0
03251,08226,28,14,14
03251,08231,0,0,0
03251,08235,0,0,0
03251,08236,0,0,0
03251,08237,0,0,0
03251,08311,14,0,14
03251,08315,0,0,0
03251,08316,0,0,0
03251,08317,0,0,0
03251,08325,0,0,0
03251,08326,0,0,0
03251,08327,0,0,0
03251,08335,0,0,0
03251,08336,0,0,0
03251,08337,11,11,0
03251,08415,0,0,0
03251,08416,0,0,0
03251,08417,0,0,0
03251,08421,0,0,0
03251,08425,0,0,0
03251,08426,0,0,0
03251,08435,0,0,0
03251,08436,13,0,13
03251,08437,0,0,0
03251,09161,0,0,0
03251,09162,106,15,91
03251,09163,0,0,0
03251,09171,0,0,0
03251,09172,0,0,0
03251,09173,0,0,0
03251,09174,0,0,0
03251,09175,0,0,0
03251,09176,0,0,0
03251,09177,0,0,0
03251,09178,15,0,15
03251,09179,24,24,0
03251,09180,0,0,0
03251,09181,0,0,0
03251,09182,0,0,0
03251,09183,0,0,0
03251,09184,52,0,52
03251,09185,0,0,0
03251,09186,0,0,0
03251,09187,0,0,0
03251,09188,0,0,0
03251,09189,0,0,0
03251,09190,0,0,0
03251,09261,0,0,0
03251,09262,0,0,0
03251,09263,0,0,0
03251,09271,0,0,0
03251,09272,0,0,0
03251,09273,0,0,0
03251,09274,10,0,10
03251,09275,0,0,0
03251,09276,0,0,0
03251,09277,0,0,0
03251,09278,0,0,0
03251,09279,0,0,0
03251,09361,0,0,0
03251,09362,0,0,0
03251,09363,0,0,0
03251,09371,0,0,0
03251,09372,0,0,0
03251,09373,0,0,0
03251,09374,0,0,0
03251,09375,0,0,0
03251,09376,0,0,0
03251,09377,0,0,0
03251,09461,0,0,0
03251,09462,0,0,0
03251,09463,0,0,0
03251,09464,0,0,0
03251,09471,0,0,0
03251,09472,0,0,0
03251,09473,0,0,0
03251,09474,0,0,0
03251,09475,0,0,0
03251,09476,0,0,0
03251,09477,0,0,0
03251,09478,0,0,0
03251,09479,0,0,0
03251,09561,0,0,0
03251,09562,0,0,0
03251,09563,0,0,0
03251,09564,30,0,30
03251,09565,0,0,0
03251,09571,0,0,0
03251,09572,0,0,0
03251,09573,0,0,0
03251,09574,0,0,0
03251,09575,0,0,0
03251,09576,0,0,0
03251,09577,0,0,0
03251,09661,0,0,0
03251,09662,0,0,0
03251,09663,0,0,0
03251,09671,11,0,11
03251,09672,0,0,0
03251,09673,0,0,0
03251,09674,0,0,0
03251,09675,0,0,0
03251,09676,0,0,0
03251,09677,0,0,0
03251,09678,0,0,0
03251,09679,0,0,0
03251,09761,15,0,15
03251,09762,0,0,0
03251,09763,0,0,0
03251,09764,0,0,0
03251,09771,0,0,0
03251,09772,0,0,0
03251,09773,0,0,0
03251,09774,0,0,0
03251,09775,0,0,0
03251,09776,0,0,0
03251,09777,0,0,0
03251,09778,0,0,0
03251,09779,0,0,0
03251,09780,0,0,0
03251,10041,10,0,10
03251,10042,0,0,0
03251,10043,0,0,0
03251,10044,0,0,0
03251,10045,0,0,0
03251,10046,0,0,0
03251,11000,207,51,156
03251,12051,0,0,0
03251,12052,0,0,0
03251,12053,0,0,0
03251,12054,0,0,0
03251,12060,0,0,0
03251,12061,0,0,0
03251,12062,0,0,0
03251,12063,13,13,0
03251,12064,0,0,0
03251,12065,0,0,0
03251,12066,0,0,0
03251,12067,0,0,0
03251,12068,0,0,0
03251,12069,22,10,12
03251,12070,0,0,0
03251,12071,0,0,0
03251,12072,0,0,0
03251,12073,0,0,0
03251,13003,26,15,11
03251,13004,12,12,0
03251,13071,36,21,15
03251,13072,27,15,12
03251,13073,18,18,0
03251,13074,18,18,0
03251,13075,23,23,0
03251,13076,37,26,11
03251,14511,0,0,0
03251,14521,12,12,0
03251,14522,0,0,0
03251,14523,0,0,0
03251,14524,10,10,0
03251,14612,15,0,15
03251,14625,0,0,0
03251,14626,0,0,0
03251,14627,0,0,0
03251,14628,0,0,0
03251,14713,39,26,13
03251,14729,14,14,0
03251,14730,13,13,0
03251,15001,0,0,0
03251,15002,0,0,0
03251,15003,21,11,10
03251,15081,0,0,0
03251,15082,34,17,17
03251,15083,38,24,14
03251,15084,130,130,0
03251,15085,24,24,0
03251,15086,14,14,0
03251,15087,0,0,0
03251,15088,12,12,0
03251,15089,15,15,0
03251,15090,25,25,0
03251,15091,0,0,0
03251,16051,0,0,0
03251,16052,0,0,0
03251,16053,0,0,0
03251,16054,0,0,0
03251,16055,0,0,0
03251,16056,0,0,0
03251,16061,13,0,13
03251,16062,0,0,0
03251,16063,0,0,0
03251,16064,0,0,0
03251,16065,0,0,0
03251,16066,0,0,0
03251,16067,0,0,0
03251,16068,0,0,0
03251,16069,0,0,0
03251,16070,0,0,0
03251,16071,0,0,0
03251,16072,0,0,0
03251,16073,0,0,0
03251,16074,0,0,0
03251,16075,0,0,0
03251,16076,0,0,0
03251,16077,0,0,0
03252,01001,14,14,0
03252,01002,25,13,12
03252,01003,14,0,14
03252,01004,0,0,0
03252,01051,0,0,0
03252,01053,0,0,0
03252,01054,28,10,18
03252,01055,0,0,0
03252,01056,10,0,10
03252,01057,0,0,0
03252,01058,24,10,14
03252,01059,10,10,0
03252,01060,23,12,11
03252,01061,0,0,0
03252,01062,18,0,18
03252,02000,342,73,269
03252,03101,84,17,67
03252,03102,27,10,17
03252,03103,64,10,54
03252,03151,25,0,25
03252,03153,37,18,19
03252,03154,0,0,0
03252,03155,119,63,56
03252,03157,50,25,25
03252,03158,15,0,15
03252,03159,175,79,96
03252,03241,9121,2387,6734
03252,03251,15,0,15
03252,03252,0,0,0
03252,03254,2236,884,1352
03252,03255,2792,1962,830
03252,03256,121,40,81
03252,03257,4966,2169,2797
03252,03351,51,17,34
03252,03352,13,13,0
03252,03353,38,15,23
03252,03354,0,0,0
03252,03355,28,13,15
03252,03356,0,0,0
03252,03357,0,0,0
03252,03358,43,20,23
03252,03359,0,0,0
03252,03360,0,0,0
03252,03361,17,0,17
03252,03401,0,0,0
03252,03402,0,0,0
03252,03403,17,0,17
03252,03404,73,17,56
03252,03405,0,0,0
03252,03451,0,0,0
03252,03452,16,16,0
03252,03453,49,21,28
03252,03454,31,11,20
03252,03455,0,0,0
03252,03456,0,0,0
03252,03457,0,0,0
03252,03458,111,0,111
03252,03459,55,30,25
03252,03460,25,14,11
03252,03461,0,0,0
03252,03462,41,41,0
03252,04011,76,29,47
03252,04012,0,0,0
03252,05111,82,15,67
03252,05112,0,0,0
03252,05113,37,11,26
03252,05114,0,0,0
03252,05116,15,0,15
03252,05117,0,0,0
03252,05119,11,11,0
03252,05120,13,0,13
03252,05122,10,0,10
03252,05124,16,16,0
03252,05154,0,0,0
03252,05158,32,10,22
03252,05162,23,0,23
03252,05166,0,0,0
03252,05170,18,0,18
03252,05314,51,0,51
03252,05315,67,11,56
03252,05316,0,0,0
03252,05334,18,0,18
03252,05358,28,0,28
03252,05362,0,0,0
03252,05366,0,0,0
03252,05370,0,0,0
03252,05374,14,0,14
03252,05378,0,0,0
03252,05382,11,11,0
03252,05512,0,0,0
03252,05513,0,0,0
03252,05515,46,13,33
03252,05554,11,0,11
03252,05558,0,0,0
03252,05562,0,0,0
03252,05566,37,19,18
03252,05570,38,28,10
03252,05711,206,76,130
03252,05754,126,50,76
03252,05758,247,98,149
03252,05762,659,475,184
03252,05766,5762,3552,2210
03252,05770,817,334,483
03252,05774,279,130,149
03252,05911,13,0,13
03252,05913,38,10,28
03252,05914,0,0,0
03252,05915,33,33,0
03252,05916,16,0,16
03252,05954,0,0,0
03252,05958,0,0,0
03252,05962,0,0,0
03252,05966,0,0,0
03252,05970,0,0,0
03252,05974,37,22,15
03252,05978,41,20,21
03252,06411,0,0,0
03252,06412,151,17,134
03252,06413,0,0,0
03252,06414,26,0,26
03252,06431,0,0,0
03252,06432,0,0,0
03252,06433,0,0,0
03252,06434,11,0,11
03252,06435,78,0,78
03252,06436,17,0,17
03252,06437,0,0,0
03252,06438,32,15,17
03252,06439,0,0,0
03252,06440,0,0,0
03252,06531,0,0,0
03252,06532,0,0,0
03252,06533,0,0,0
03252,06534,0,0,0
03252,06535,0,0,0
03252,06611,19,0,19
03252,06631,11,0,11
03252,06632,0,0,0
03252,06633,31,15,16
03252,06634,0,0,0
03252,06635,16,16,0
03252,06636,11,11,0
03252,07111,0,0,0
03252,07131,0,0,0
03252,07132,0,0,0
03252,07133,0,0,0
03252,07134,0,0,0
03252,07135,0,0,0
03252,07137,0,0,0
03252,07138,0,0,0
03252,07140,0,0,0
03252,07141,0,0,0
03252,07143,0,0,0
03252,07211,0,0,0
03252,07231,0,0,0
03252,07232,0,0,0
03252,07233,0,0,0
03252,07235,0,0,0
03252,07311,0,0,0
03252,07312,0,0,0
03252,07313,0,0,0
03252,07314,0,0,0
03252,07315,0,0,0
03252,07316,0,0,0
03252,07317,0,0,0
03252,07318,0,0,0
03252,07319,0,0,0
03252,07320,0,0,0
03252,07331,0,0,0
03252,07332,0,0,0
03252,07333,0,0,0
03252,07334,0,0,0
03252,07335,0,0,0
03252,07336,0,0,0
03252,07337,0,0,0
03252,07338,0,0,0
03252,07339,0,0,0
03252,07340,0,0,0
03252,08111,27,0,27
03252,08115,10,0,10
03252,08116,32,14,18
03252,08117,0,0,0
03252,08118,17,0,17
03252,08119,14,0,14
03252,08121,0,0,0
03252,08125,0,0,0
03252,08126,11,0,11
03252,08127,0,0,0
03252,08128,0,0,0
03252,08135,0,0,0
03252,08136,0,0,0
03252,08211,0,0,0
03252,08212,0,0,0
03252,08215,10,0,10
03252,08216,0,0,0
03252,08221,0,0,0
03252,08222,13,0,13
03252,08225,24,0,24
03252,08226,28,13,15
03252,08231,0,0,0
03252,08235,0,0,0
03252,08236,0,0,0
03252,08237,0,0,0
03252,08311,0,0,0
03252,08315,11,11,0
03252,08316,0,0,0
03252,08317,0,0,0
03252,08325,0,0,0
03252,08326,0,0,0
03252,08327,0,0,0
03252,08335,0,0,0
03252,08336,0,0,0
03252,08337,0,0,0
03252,08415,0,0,0
03252,08416,0,0,0
03252,08417,0,0,0
03252,08421,10,0,10
03252,08425,0,0,0
03252,08426,0,0,0
03252,08435,0,0,0
03252,08436,10,0,10
03252,08437,0,0,0
03252,09161,0,0,0
03252,09162,142,13,129
03252,09163,0,0,0
03252,09171,0,0,0
03252,09172,0,0,0
03252,09173,0,0,0
03252,09174,11,0,11
03252,09175,0,0,0
03252,09176,10,0,10
03252,09177,0,0,0
03252,09178,10,0,10
03252,09179,0,0,0
03252,09180,0,0,0
03252,09181,0,0,0
03252,09182,0,0,0
03252,09183,0,0,0
03252,09184,57,0,57
03252,09185,0,0,0
03252,09186,0,0,0
03252,09187,0,0,0
03252,09188,0,0,0
03252,09189,0,0,0
03252,09190,0,0,0
03252,09261,0,0,0
03252,09262,0,0,0
03252,09263,0,0,0
03252,09271,0,0,0
03252,09272,0,0,0
03252,09273,0,0,0
03252,09274,0,0,0
03252,09275,0,0,0
03252,09276,0,0,0
03252,09277,0,0,0
03252,09278,0,0,0
03252,09279,0,0,0
03252,09361,0,0,0
03252,09362,0,0,0
03252,09363,0,0,0
03252,09371,0,0,0
03252,09372,0,0,0
03252,09373,0,0,0
03252,09374,0,0,0
03252,09375,0,0,0
03252,09376,0,0,0
03252,09377,0,0,0
03252,09461,0,0,0
03252,09462,0,0,0
03252,09463,0,0,0
03252,09464,0,0,0
03252,09471,0,0,0
03252,09472,0,0,0
03252,09473,0,0,0
03252,09474,0,0,0
03252,09475,0,0,0
03252,09476,0,0,0
03252,09477,0,0,0
03252,09478,0,0,0
03252,09479,0,0,0
03252,09561,0,0,0
03252,09562,0,0,0
03252,09563,0,0,0
03252,09564,15,0,15
03252,09565,0,0,0
03252,09571,0,0,0
03252,09572,0,0,0
03252,09573,0,0,0
03252,09574,0,0,0
03252,09575,0,0,0
03252,09576,0,0,0
03252,09577,0,0,0
03252,09661,0,0,0
03252,09662,0,0,0
03252,09663,13,13,0
03252,09671,0,0,0
03252,09672,0,0,0
03252,09673,0,0,0
03252,09674,0,0,0
03252,09675,0,0,0
03252,09676,0,0,0
03252,09677,0,0,0
03252,09678,0,0,0
03252,09679,0,0,0
03252,09761,0,0,0
03252,09762,0,0,0
03252,09763,0,0,0
03252,09764,0,0,0
03252,09771,0,0,0
03252,09772,0,0,0
03252,09773,0,0,0
03252,09774,0,0,0
03252,09775,0,0,0
03252,09776,0,0,0
03252,09777,16,0,16
03252,09778,0,0,0
03252,09779,0,0,0
03252,09780,0,0,0
03252,10041,0,0,0
03252,10042,0,0,0
03252,10043,0,0,0
03252,10044,0,0,0
03252,10045,0,0,0
03252,10046,0,0,0
03252,11000,226,93,133
03252,12051,0,0,0
03252,12052,0,0,0
03252,12053,0,0,0
03252,12054,0,0,0
03252,12060,0,0,0
03252,12061,0,0,0
03252,12062,0,0,0
03252,12063,0,0,0
03252,12064,0,0,0
03252,12065,0,0,0
03252,12066,0,0,0
03252,12067,0,0,0
03252,12068,0,0,0
03252,12069,0,0,0
03252,12070,0,0,0
03252,12071,0,0,0
03252,12072,0,0,0
03252,12073,0,0,0
03252,13003,0,0,0
03252,13004,0,0,0
03252,13071,0,0,0
03252,13072,0,0,0
03252,13073,0,0,0
03252,13074,0,0,0
03252,13075,0,0,0
03252,13076,0,0,0
03252,14511,0,0,0
03252,14521,0,0,0
03252,14522,0,0,0
03252,14523,0,0,0
03252,14524,0,0,0
03252,14612,0,0,0
03252,14625,0,0,0
03252,14626,0,0,0
03252,14627,0,0,0
03252,14628,0,0,0
03252,14713,35,12,23
03252,14729,0,0,0
03252,14730,0,0,0
03252,15001,0,0,0
03252,15002,0,0,0
03252,15003,14,14,0
03252,15081,0,0,0
03252,15082,0,0,0
03252,15083,0,0,0
03252,15084,0,0,0
03252,15085,16,16,0
03252,15086,0,0,0
03252,15087,10,10,0
03252,15088,0,0,0
03252,15089,0,0,0
03252,15090,0,0,0
03252,15091,0,0,0
03252,16051,0,0,0
03252,16052,0,0,0
03252,16053,0,0,0
03252,16054,0,0,0
03252,16055,0,0,0
03252,16056,0,0,0
03252,16061,0,0,0
03252,16062,14,14,0
03252,16063,0,0,0
03252,16064,0,0,0
03252,16065,0,0,0
03252,16066,0,0,0
03252,16067,0,0,0
03252,16068,0,0,0
03252,16069,0,0,0
03252,16070,0,0,0
03252,16071,0,0,0
03252,16072,0,0,0
03252,16073,0,0,0
03252,16074,0,0,0
03252,16075,0,0,0
03252,16076,0,0,0
03252,16077,0,0,0
03254,01001,0,0,0
03254,01002,20,0,20
03254,01003,39,13,26
03254,01004,0,0,0
03254,01051,0,0,0
03254,01053,13,13,0
03254,01054,10,0,10
03254,01055,27,12,15
03254,01056,40,16,24
03254,01057,18,18,0
03254,01058,39,10,29
03254,01059,13,0,13
03254,01060,33,14,19
03254,01061,0,0,0
03254,01062,45,20,25
03254,02000,637,123,514
03254,03101,1986,552,1434
03254,03102,2746,770,1976
03254,03103,501,37,464
03254,03151,297,140,157
03254,03153,2188,1370,818
03254,03154,202,80,122
03254,03155,2047,1154,893
03254,03157,3494,2080,1414
03254,03158,1056,682,374
03254,03159,952,538,414
03254,03241,27219,7766,19453
03254,03251,88,35,53
03254,03252,2236,1352,884
03254,03254,0,0,0
03254,03255,2498,1689,809
03254,03256,153,83,70
03254,03257,377,221,156
03254,03351,432,205,227
03254,03352,170,156,14
03254,03353,78,35,43
03254,03354,0,0,0
03254,03355,68,39,29
03254,03356,67,39,28
03254,03357,52,30,22
03254,03358,123,69,54
03254,03359,43,26,17
03254,03360,57,24,33
03254,03361,83,55,28
03254,03401,33,22,11
03254,03402,0,0,0
03254,03403,52,21,31
03254,03404,229,147,82
03254,03405,0,0,0
03254,03451,13,0,13
03254,03452,30,14,16
03254,03453,27,12,15
03254,03454,51,17,34
03254,03455,0,0,0
03254,03456,0,0,0
03254,03457,25,14,11
03254,03458,99,37,62
03254,03459,154,117,37
03254,03460,125,11,114
03254,03461,11,11,0
03254,03462,32,0,32
03254,04011,302,223,79
03254,04012,191,175,16
03254,05111,144,17,127
03254,05112,45,12,33
03254,05113,59,10,49
03254,05114,26,12,14
03254,05116,16,0,16
03254,05117,10,0,10
03254,05119,0,0,0
03254,05120,10,0,10
03254,05122,0,0,0
03254,05124,30,12,18
03254,05154,22,11,11
03254,05158,222,18,204
03254,05162,26,0,26
03254,05166,36,13,23
03254,05170,42,17,25
03254,05314,42,16,26
03254,05315,137,23,114
03254,05316,0,0,0
03254,05334,32,15,17
03254,05358,0,0,0
03254,05362,27,10,17
03254,05366,0,0,0
03254,05370,10,10,0
03254,05374,12,0,12
03254,05378,11,0,11
03254,05382,31,11,20
03254,05512,0,0,0
03254,05513,18,0,18
03254,05515,69,21,48
03254,05554,20,0,20
03254,05558,25,13,12
03254,05562,28,11,17
03254,05566,74,50,24
03254,05570,23,11,12
03254,05711,83,16,67
03254,05754,109,20,89
03254,05758,55,22,33
03254,05762,59,31,28
03254,05766,107,35,72
03254,05770,144,56,88
03254,05774,55,20,35
03254,05911,56,13,43
03254,05913,58,13,45
03254,05914,0,0,0
03254,05915,13,0,13
03254,05916,0,0,0
03254,05954,17,0,17
03254,05958,13,0,13
03254,05962,65,52,13
03254,05966,11,11,0
03254,05970,12,12,0
03254,05974,25,12,13
03254,05978,100,28,72
03254,06411,28,10,18
03254,06412,163,0,163
03254,06413,0,0,0
03254,06414,36,0,36
03254,06431,14,0,14
03254,06432,15,0,15
03254,06433,10,0,10
03254,06434,42,0,42
03254,06435,36,12,24
03254,06436,55,0,55
03254,06437,0,0,0
03254,06438,28,0,28
03254,06439,0,0,0
03254,06440,13,0,13
03254,06531,18,0,18
03254,06532,14,0,14
03254,06533,0,0,0
03254,06534,28,12,16
03254,06535,0,0,0
03254,06611,92,42,50
03254,06631,20,0,20
03254,06632,0,0,0
03254,06633,70,51,19
03254,06634,38,27,11
03254,06635,15,15,0
03254,06636,18,18,0
03254,07111,11,0,11
03254,07131,0,0,0
03254,07132,0,0,0
03254,07133,14,0,14
03254,07134,0,0,0
03254,07135,0,0,0
03254,07137,11,11,0
03254,07138,22,11,11
03254,07140,0,0,0
03254,07141,0,0,0
03254,07143,10,0,10
03254,07211,0,0,0
03254,07231,0,0,0
03254,07232,0,0,0
03254,07233,0,0,0
03254,07235,0,0,0
03254,07311,0,0,0
03254,07312,0,0,0
03254,07313,0,0,0
03254,07314,0,0,0
03254,07315,15,0,15
03254,07316,0,0,0
03254,07317,0,0,0
03254,07318,0,0,0
03254,07319,0,0,0
03254,07320,0,0,0
03254,07331,0,0,0
03254,07332,0,0,0
03254,07333,0,0,0
03254,07334,0,0,0
03254,07335,0,0,0
03254,07336,0,0,0
03254,07337,0,0,0
03254,07338,0,0,0
03254,07339,0,0,0
03254,07340,0,0,0
03254,08111,111,20,91
03254,08115,44,10,34
03254,08116,42,13,29
03254,08117,10,0,10
03254,08118,76,18,58
03254,08119,16,0,16
03254,08121,0,0,0
03254,08125,30,0,30
03254,08126,35,0,35
03254,08127,20,0,20
03254,08128,16,0,16
03254,08135,0,0,0
03254,08136,11,0,11
03254,08211,0,0,0
03254,08212,21,0,21
03254,08215,20,0,20
03254,08216,0,0,0
03254,08221,0,0,0
03254,08222,18,0,18
03254,08225,0,0,0
03254,08226,27,0,27
03254,08231,0,0,0
03254,08235,0,0,0
03254,08236,0,0,0
03254,08237,0,0,0
03254,08311,0,0,0
03254,08315,0,0,0
03254,08316,0,0,0
03254,08317,34,0,34
03254,08325,0,0,0
03254,08326,0,0,0
03254,08327,0,0,0
03254,08335,10,0,10
03254,08336,0,0,0
03254,08337,0,0,0
03254,08415,0,0,0
03254,08416,0,0,0
03254,08417,12,0,12
03254,08421,11,0,11
03254,08425,0,0,0
03254,08426,0,0,0
03254,08435,11,0,11
03254,08436,0,0,0
03254,08437,0,0,0
03254,09161,0,0,0
03254,09162,186,41,145
03254,09163,0,0,0
03254,09171,0,0,0
03254,09172,0,0,0
03254,09173,0,0,0
03254,09174,0,0,0
03254,09175,0,0,0
03254,09176,0,0,0
03254,09177,0,0,0
03254,09178,13,0,13
03254,09179,0,0,0
03254,09180,0,0,0
03254,09181,0,0,0
03254,09182,10,0,10
03254,09183,0,0,0
03254,09184,75,0,75
03254,09185,0,0,0
03254,09186,0,0,0
03254,09187,0,0,0
03254,09188,13,0,13
03254,09189,0,0,0
03254,09190,0,0,0
03254,09261,0,0,0
03254,09262,0,0,0
03254,09263,0,0,0
03254,09271,0,0,0
03254,09272,0,0,0
03254,09273,0,0,0
03254,09274,0,0,0
03254,09275,0,0,0
03254,09276,0,0,0
03254,09277,0,0,0
03254,09278,0,0,0
03254,09279,0,0,0
03254,09361,0,0,0
03254,09362,0,0,0
03254,09363,0,0,0
03254,09371,0,0,0
03254,09372,0,0,0
03254,09373,0,0,0
03254,09374,0,0,0
03254,09375,0,0,0
03254,09376,0,0,0
03254,09377,0,0,0
03254,09461,0,0,0
03254,09462,0,0,0
03254,09463,0,0,0
03254,09464,0,0,0
03254,09471,0,0,0
03254,09472,0,0,0
03254,09473,0,0,0
03254,09474,0,0,0
03254,09475,13,0,13
03254,09476,0,0,0
03254,09477,0,0,0
03254,09478,0,0,0
03254,09479,0,0,0
03254,09561,0,0,0
03254,09562,15,0,15
03254,09563,0,0,0
03254,09564,77,21,56
03254,09565,0,0,0
03254,09571,0,0,0
03254,09572,0,0,0
03254,09573,0,0,0
03254,09574,0,0,0
03254,09575,0,0,0
03254,09576,0,0,0
03254,09577,0,0,0
03254,09661,0,0,0
03254,09662,0,0,0
03254,09663,11,0,11
03254,09671,0,0,0
03254,09672,0,0,0
03254,09673,0,0,0
03254,09674,0,0,0
03254,09675,0,0,0
03254,09676,0,0,0
03254,09677,10,0,10
03254,09678,0,0,0
03254,09679,0,0,0
03254,09761,0,0,0
03254,09762,0,0,0
03254,09763,0,0,0
03254,09764,0,0,0
03254,09771,0,0,0
03254,09772,0,0,0
03254,09773,0,0,0
03254,09774,0,0,0
03254,09775,0,0,0
03254,09776,0,0,0
03254,09777,0,0,0
03254,09778,0,0,0
03254,09779,0,0,0
03254,09780,0,0,0
03254,10041,0,0,0
03254,10042,0,0,0
03254,10043,0,0,0
03254,10044,0,0,0
03254,10045,0,0,0
03254,10046,0,0,0
03254,11000,629,163,466
03254,12051,0,0,0
03254,12052,0,0,0
03254,12053,0,0,0
03254,12054,27,10,17
03254,12060,0,0,0
03254,12061,12,0,12
03254,12062,0,0,0
03254,12063,16,16,0
03254,12064,0,0,0
03254,12065,0,0,0
03254,12066,0,0,0
03254,12067,0,0,0
03254,12068,0,0,0
03254,12069,22,0,22
03254,12070,0,0,0
03254,12071,0,0,0
03254,12072,10,10,0
03254,12073,0,0,0
03254,13003,0,0,0
03254,13004,0,0,0
03254,13071,10,10,0
03254,13072,12,12,0
03254,13073,10,0,10
03254,13074,0,0,0
03254,13075,41,16,25
03254,13076,11,11,0
03254,14511,17,17,0
03254,14521,0,0,0
03254,14522,0,0,0
03254,14523,0,0,0
03254,14524,0,0,0
03254,14612,48,21,27
03254,14625,0,0,0
03254,14626,0,0,0
03254,14627,0,0,0
03254,14628,0,0,0
03254,14713,58,24,34
03254,14729,10,10,0
03254,14730,0,0,0
03254,15001,0,0,0
03254,15002,30,13,17
03254,15003,93,60,33
03254,15081,27,16,11
03254,15082,18,18,0
03254,15083,80,62,18
03254,15084,11,11,0
03254,15085,202,150,52
03254,15086,35,35,0
03254,15087,38,38,0
03254,15088,0,0,0
03254,15089,72,32,40
03254,15090,39,29,10
03254,15091,10,10,0
03254,16051,21,11,10
03254,16052,0,0,0
03254,16053,0,0,0
03254,16054,0,0,0
03254,16055,0,0,0
03254,16056,0,0,0
03254,16061,25,25,0
03254,16062,28,28,0
03254,16063,0,0,0
03254,16064,24,24,0
03254,16065,0,0,0
03254,16066,0,0,0
03254,16067,0,0,0
03254,16068,0,0,0
03254,16069,0,0,0
03254,16070,0,0,0
03254,16071,0,0,0
03254,16072,0,0,0
03254,16073,0,0,0
03254,16074,0,0,0
03254,16075,0,0,0
03254,16076,0,0,0
03254,16077,0,0,0
03255,01001,0,0,0
03255,01002,0,0,0
03255,01003,0,0,0
03255,01004,0,0,0
03255,01051,0,0,0
03255,01053,0,0,0
03255,01054,0,0,0
03255,01055,0,0,0
03255,01056,0,0,0
03255,01057,0,0,0
03255,01058,0,0,0
03255,01059,11,0,11
03255,01060,12,0,12
03255,01061,0,0,0
03255,01062,0,0,0
03255,02000,94,37,57
03255,03101,66,11,55
03255,03102,12,12,0
03255,03103,14,0,14
03255,03151,0,0,0
03255,03153,110,44,66
03255,03154,0,0,0
03255,03155,2233,955,1278
03255,03157,17,0,17
03255,03158,0,0,0
03255,03159,741,124,617
03255,03241,923,133,790
03255,03251,0,0,0
03255,03252,2792,830,1962
03255,03254,2498,809,1689
03255,03255,0,0,0
03255,03256,27,0,27
03255,03257,126,54,72
03255,03351,10,10,0
03255,03352,0,0,0
03255,03353,12,12,0
03255,03354,0,0,0
03255,03355,0,0,0
03255,03356,0,0,0
03255,03357,0,0,0
03255,03358,0,0,0
03255,03359,0,0,0
03255,03360,0,0,0
03255,03361,0,0,0
03255,03401,0,0,0
03255,03402,0,0,0
03255,03403,0,0,0
03255,03404,23,0,23
03255,03405,0,0,0
03255,03451,0,0,0
03255,03452,0,0,0
03255,03453,0,0,0
03255,03454,0,0,0
03255,03455,0,0,0
03255,03456,0,0,0
03255,03457,0,0,0
03255,03458,0,0,0
03255,03459,0,0,0
03255,03460,0,0,0
03255,03461,0,0,0
03255,03462,0,0,0
03255,04011,15,0,15
03255,04012,0,0,0
03255,05111,36,0,36
03255,05112,0,0,0
03255,05113,18,0,18
03255,05114,0,0,0
03255,05116,0,0,0
03255,05117,0,0,0
03255,05119,0,0,0
03255,05120,0,0,0
03255,05122,0,0,0
03255,05124,21,0,21
03255,05154,0,0,0
03255,05158,10,0,10
03255,05162,0,0,0
03255,05166,0,0,0
03255,05170,0,0,0
03255,05314,0,0,0
03255,05315,37,11,26
03255,05316,0,0,0
03255,05334,0,0,0
03255,05358,0,0,0
03255,05362,12,0,12
03255,05366,0,0,0
03255,05370,0,0,0
03255,05374,0,0,0
03255,05378,0,0,0
03255,05382,0,0,0
03255,05512,0,0,0
03255,05513,0,0,0
03255,05515,10,0,10
03255,05554,0,0,0
03255,05558,0,0,0
03255,05562,0,0,0
03255,05566,0,0,0
03255,05570,0,0,0
03255,05711,54,14,40
03255,05754,52,11,41
03255,05758,12,12,0
03255,05762,6338,3715,2623
03255,05766,514,273,241
03255,05770,61,34,27
03255,05774,168,59,109
03255,05911,13,0,13
03255,05913,0,0,0
03255,05914,0,0,0
03255,05915,0,0,0
03255,05916,13,0,13
03255,05954,0,0,0
03255,05958,0,0,0
03255,05962,0,0,0
03255,05966,0,0,0
03255,05970,0,0,0
03255,05974,10,10,0
03255,05978,0,0,0
03255,06411,0,0,0
03255,06412,66,0,66
03255,06413,0,0,0
03255,06414,0,0,0
03255,06431,0,0,0
03255,06432,0,0,0
03255,06433,0,0,0
03255,06434,0,0,0
03255,06435,19,0,19
03255,06436,0,0,0
03255,06437,0,0,0
03255,06438,0,0,0
03255,06439,0,0,0
03255,06440,0,0,0
03255,06531,0,0,0
03255,06532,0,0,0
03255,06533,0,0,0
03255,06534,0,0,0
03255,06535,0,0,0
03255,06611,49,16,33
03255,06631,11,11,0
03255,06632,0,0,0
03255,06633,257,154,103
03255,06634,0,0,0
03255,06635,0,0,0
03255,06636,0,0,0
03255,07111,0,0,0
03255,07131,0,0,0
03255,07132,0,0,0
03255,07133,0,0,0
03255,07134,0,0,0
03255,07135,0,0,0
03255,07137,0,0,0
03255,07138,0,0,0
03255,07140,0,0,0
03255,07141,0,0,0
03255,07143,0,0,0
03255,07211,0,0,0
03255,07231,0,0,0
03255,07232,0,0,0
03255,07233,0,0,0
03255,07235,0,0,0
03255,07311,0,0,0
03255,07312,0,0,0
03255,07313,0,0,0
03255,07314,0,0,0
03255,07315,0,0,0
03255,07316,0,0,0
03255,07317,0,0,0
03255,07318,0,0,0
03255,07319,0,0,0
03255,07320,0,0,0
03255,07331,0,0,0
03255,07332,0,0,0
03255,07333,0,0,0
03255,07334,0,0,0
03255,07335,0,0,0
03255,07336,0,0,0
03255,07337,0,0,0
03255,07338,0,0,0
03255,07339,0,0,0
03255,07340,0,0,0
03255,08111,0,0,0
03255,08115,0,0,0
03255,08116,0,0,0
03255,08117,0,0,0
03255,08118,0,0,0
03255,08119,0,0,0
03255,08121,0,0,0
03255,08125,0,0,0
03255,08126,0,0,0
03255,08127,0,0,0
03255,08128,0,0,0
03255,08135,0,0,0
03255,08136,0,0,0
03255,08211,0,0,0
03255,08212,0,0,0
03255,08215,0,0,0
03255,08216,0,0,0
03255,08221,10,0,10
03255,08222,10,0,10
03255,08225,0,0,0
03255,08226,0,0,0
03255,08231,0,0,0
03255,08235,0,0,0
03255,08236,0,0,0
03255,08237,0,0,0
03255,08311,0,0,0
03255,08315,0,0,0
03255,08316,0,0,0
03255,08317,0,0,0
03255,08325,0,0,0
03255,08326,0,0,0
03255,08327,0,0,0
03255,08335,0,0,0
03255,08336,0,0,0
03255,08337,0,0,0
03255,08415,0,0,0
03255,08416,0,0,0
03255,08417,0,0,0
03255,08421,0,0,0
03255,08425,0,0,0
03255,08426,0,0,0
03255,08435,0,0,0
03255,08436,0,0,0
03255,08437,0,0,0
03255,09161,0,0,0
03255,09162,18,0,18
03255,09163,0,0,0
03255,09171,0,0,0
03255,09172,0,0,0
03255,09173,0,0,0
03255,09174,0,0,0
03255,09175,0,0,0
03255,09176,0,0,0
03255,09177,0,0,0
03255,09178,0,0,0
03255,09179,0,0,0
03255,09180,0,0,0
03255,09181,0,0,0
03255,09182,0,0,0
03255,09183,0,0,0
03255,09184,45,0,45
03255,09185,0,0,0
03255,09186,0,0,0
03255,09187,0,0,0
03255,09188,0,0,0
03255,09189,0,0,0
03255,09190,0,0,0
03255,09261,0,0,0
03255,09262,0,0,0
03255,09263,0,0,0
03255,09271,0,0,0
03255,09272,0,0,0
03255,09273,0,0,0
03255,09274,0,0,0
03255,09275,0,0,0
03255,09276,0,0,0
03255,09277,0,0,0
03255,09278,0,0,0
03255,09279,0,0,0
03255,09361,0,0,0
03255,09362,0,0,0
03255,09363,0,0,0
03255,09371,0,0,0
03255,09372,0,0,0
03255,09373,0,0,0
03255,09374,0,0,0
03255,09375,0,0,0
03255,09376,0,0,0
03255,09377,0,0,0
03255,09461,0,0,0
03255,09462,0,0,0
03255,09463,0,0,0
03255,09464,0,0,0
03255,09471,0,0,0
03255,09472,0,0,0
03255,09473,0,0,0
03255,09474,0,0,0
03255,09475,0,0,0
03255,09476,0,0,0
03255,09477,0,0,0
03255,09478,0,0,0
03255,09479,0,0,0
03255,09561,0,0,0
03255,09562,0,0,0
03255,09563,0,0,0
03255,09564,0,0,0
03255,09565,0,0,0
03255,09571,0,0,0
03255,09572,0,0,0
03255,09573,0,0,0
03255,09574,0,0,0
03255,09575,0,0,0
03255,09576,0,0,0
03255,09577,0,0,0
03255,09661,0,0,0
03255,09662,0,0,0
03255,09663,0,0,0
03255,09671,0,0,0
03255,09672,0,0,0
03255,09673,0,0,0
03255,09674,0,0,0
03255,09675,0,0,0
03255,09676,0,0,0
03255,09677,0,0,0
03255,09678,0,0,0
03255,09679,0,0,0
03255,09761,0,0,0
03255,09762,0,0,0
03255,09763,0,0,0
03255,09764,0,0,0
03255,09771,0,0,0
03255,09772,0,0,0
03255,09773,0,0,0
03255,09774,0,0,0
03255,09775,0,0,0
03255,09776,0,0,0
03255,09777,0,0,0
03255,09778,0,0,0
03255,09779,0,0,0
03255,09780,0,0,0
03255,10041,0,0,0
03255,10042,0,0,0
03255,10043,0,0,0
03255,10044,0,0,0
03255,10045,0,0,0
03255,10046,0,0,0
03255,11000,69,22,47
03255,12051,0,0,0
03255,12052,0,0,0
03255,12053,0,0,0
03255,12054,0,0,0
03255,12060,0,0,0
03255,12061,0,0,0
03255,12062,0,0,0
03255,12063,0,0,0
03255,12064,0,0,0
03255,12065,0,0,0
03255,12066,0,0,0
03255,12067,0,0,0
03255,12068,0,0,0
03255,12069,0,0,0
03255,12070,0,0,0
03255,12071,0,0,0
03255,12072,0,0,0
03255,12073,0,0,0
03255,13003,0,0,0
03255,13004,0,0,0
03255,13071,0,0,0
03255,13072,0,0,0
03255,13073,0,0,0
03255,13074,0,0,0
03255,13075,0,0,0
03255,13076,0,0,0
03255,14511,0,0,0
03255,14521,0,0,0
03255,14522,0,0,0
03255,14523,0,0,0
03255,14524,0,0,0
03255,14612,0,0,0
03255,14625,0,0,0
03255,14626,0,0,0
03255,14627,0,0,0
03255,14628,0,0,0
03255,14713,0,0,0
03255,14729,0,0,0
03255,14730,0,0,0
03255,15001,0,0,0
03255,15002,0,0,0
03255,15003,0,0,0
03255,15081,0,0,0
03255,15082,0,0,0
03255,15083,0,0,0
03255,15084,0,0,0
03255,15085,0,0,0
03255,15086,0,0,0
03255,15087,0,0,0
03255,15088,0,0,0
03255,15089,0,0,0
03255,15090,0,0,0
03255,15091,0,0,0
03255,16051,0,0,0
03255,16052,0,0,0
03255,16053,0,0,0
03255,16054,0,0,0
03255,16055,0,0,0
03255,16056,0,0,0
03255,16061,0,0,0
03255,16062,0,0,0
03255,16063,0,0,0
03255,16064,0,0,0
03255,16065,0,0,0
03255,16066,0,0,0
03255,16067,0,0,0
03255,16068,0,0,0
03255,16069,0,0,0
03255,16070,0,0,0
03255,16071,0,0,0
03255,16072,0,0,0
03255,16073,0,0,0
03255,16074,0,0,0
03255,16075,0,0,0
03255,16076,0,0,0
03255,16077,0,0,0
03256,01001,0,0,0
03256,01002,10,0,10
03256,01003,16,0,16
03256,01004,16,0,16
03256,01051,0,0,0
03256,01053,0,0,0
03256,01054,11,0,11
03256,01055,0,0,0
03256,01056,57,45,12
03256,01057,0,0,0
03256,01058,0,0,0
03256,01059,0,0,0
03256,01060,22,12,10
03256,01061,0,0,0
03256,01062,13,0,13
03256,02000,265,60,205
03256,03101,58,15,43
03256,03102,0,0,0
03256,03103,53,0,53
03256,03151,25,25,0
03256,03153,14,14,0
03256,03154,25,0,25
03256,03155,10,10,0
03256,03157,38,22,16
03256,03158,10,10,0
03256,03159,53,26,27
03256,03241,7630,1646,5984
03256,03251,4600,2348,2252
03256,03252,121,81,40
03256,03254,153,70,83
03256,03255,27,27,0
03256,03256,0,0,0
03256,03257,1484,770,714
03256,03351,305,146,159
03256,03352,25,14,11
03256,03353,14,0,14
03256,03354,0,0,0
03256,03355,29,11,18
03256,03356,52,30,22
03256,03357,194,75,119
03256,03358,1052,461,591
03256,03359,33,11,22
03256,03360,11,11,0
03256,03361,2637,952,1685
03256,03401,42,20,22
03256,03402,15,0,15
03256,03403,70,21,49
03256,03404,44,10,34
03256,03405,0,0,0
03256,03451,12,0,12
03256,03452,27,27,0
03256,03453,49,24,25
03256,03454,431,384,47
03256,03455,0,0,0
03256,03456,0,0,0
03256,03457,28,18,10
03256,03458,73,25,48
03256,03459,95,41,54
03256,03460,124,28,96
03256,03461,0,0,0
03256,03462,0,0,0
03256,04011,1020,147,873
03256,04012,0,0,0
03256,05111,60,0,60
03256,05112,19,0,19
03256,05113,17,0,17
03256,05114,11,0,11
03256,05116,0,0,0
03256,05117,0,0,0
03256,05119,0,0,0
03256,05120,0,0,0
03256,05122,0,0,0
03256,05124,0,0,0
03256,05154,10,0,10
03256,05158,20,0,20
03256,05162,23,0,23
03256,05166,0,0,0
03256,05170,26,10,16
03256,05314,40,0,40
03256,05315,35,0,35
03256,05316,0,0,0
03256,05334,0,0,0
03256,05358,0,0,0
03256,05362,0,0,0
03256,05366,0,0,0
03256,05370,11,11,0
03256,05374,0,0,0
03256,05378,0,0,0
03256,05382,25,10,15
03256,05512,0,0,0
03256,05513,0,0,0
03256,05515,23,0,23
03256,05554,11,0,11
03256,05558,0,0,0
03256,05562,27,15,12
03256,05566,43,22,21
03256,05570,11,0,11
03256,05711,68,22,46
03256,05754,91,28,63
03256,05758,208,70,138
03256,05762,0,0,0
03256,05766,77,44,33
03256,05770,4672,1527,3145
03256,05774,10,10,0
03256,05911,0,0,0
03256,05913,30,10,20
03256,05914,0,0,0
03256,05915,0,0,0
03256,05916,0,0,0
03256,05954,0,0,0
03256,05958,0,0,0
03256,05962,15,0,15
03256,05966,0,0,0
03256,05970,0,0,0
03256,05974,0,0,0
03256,05978,0,0,0
03256,06411,0,0,0
03256,06412,33,0,33
03256,06413,0,0,0
03256,06414,0,0,0
03256,06431,0,0,0
03256,06432,0,0,0
03256,06433,0,0,0
03256,06434,11,0,11
03256,06435,0,0,0
03256,06436,16,0,16
03256,06437,0,0,0
03256,06438,16,0,16
03256,06439,0,0,0
03256,06440,0,0,0
03256,06531,0,0,0
03256,06532,0,0,0
03256,06533,0,0,0
03256,06534,0,0,0
03256,06535,0,0,0
03256,06611,16,0,16
03256,06631,0,0,0
03256,06632,0,0,0
03256,06633,0,0,0
03256,06634,0,0,0
03256,06635,0,0,0
03256,06636,21,21,0
03256,07111,0,0,0
03256,07131,0,0,0
03256,07132,0,0,0
03256,07133,0,0,0
03256,07134,0,0,0
03256,07135,0,0,0
03256,07137,0,0,0
03256,07138,0,0,0
03256,07140,0,0,0
03256,07141,0,0,0
03256,07143,0,0,0
03256,07211,0,0,0
03256,07231,0,0,0
03256,07232,0,0,0
03256,07233,0,0,0
03256,07235,0,0,0
03256,07311,0,0,0
03256,07312,0,0,0
03256,07313,0,0,0
03256,07314,0,0,0
03256,07315,0,0,0
03256,07316,0,0,0
03256,07317,0,0,0
03256,07318,0,0,0
03256,07319,0,0,0
03256,07320,0,0,0
03256,07331,0,0,0
03256,07332,0,0,0
03256,07333,0,0,0
03256,07334,0,0,0
03256,07335,0,0,0
03256,07336,0,0,0
03256,07337,0,0,0
03256,07338,0,0,0
03256,07339,0,0,0
03256,07340,0,0,0
03256,08111,16,0,16
03256,08115,26,0,26
03256,08116,14,0,14
03256,08117,0,0,0
03256,08118,11,0,11
03256,08119,0,0,0
03256,08121,0,0,0
03256,08125,0,0,0
03256,08126,13,0,13
03256,08127,0,0,0
03256,08128,0,0,0
03256,08135,0,0,0
03256,08136,0,0,0
03256,08211,0,0,0
03256,08212,0,0,0
03256,08215,12,0,12
03256,08216,0,0,0
03256,08221,0,0,0
03256,08222,0,0,0
03256,08225,0,0,0
03256,08226,12,12,0
03256,08231,0,0,0
03256,08235,0,0,0
03256,08236,0,0,0
03256,08237,0,0,0
03256,08311,0,0,0
03256,08315,0,0,0
03256,08316,0,0,0
03256,08317,12,0,12
03256,08325,0,0,0
03256,08326,0,0,0
03256,08327,0,0,0
03256,08335,0,0,0
03256,08336,0,0,0
03256,08337,0,0,0
03256,08415,0,0,0
03256,08416,0,0,0
03256,08417,0,0,0
03256,08421,0,0,0
03256,08425,0,0,0
03256,08426,0,0,0
03256,08435,0,0,0
03256,08436,60,0,60
03256,08437,0,0,0
03256,09161,0,0,0
03256,09162,68,13,55
03256,09163,0,0,0
03256,09171,0,0,0
03256,09172,0,0,0
03256,09173,0,0,0
03256,09174,0,0,0
03256,09175,0,0,0
03256,09176,0,0,0
03256,09177,0,0,0
03256,09178,0,0,0
03256,09179,0,0,0
03256,09180,0,0,0
03256,09181,0,0,0
03256,09182,0,0,0
03256,09183,0,0,0
03256,09184,27,0,27
03256,09185,0,0,0
03256,09186,0,0,0
03256,09187,0,0,0
03256,09188,0,0,0
03256,09189,0,0,0
03256,09190,0,0,0
03256,09261,0,0,0
03256,09262,0,0,0
03256,09263,0,0,0
03256,09271,0,0,0
03256,09272,0,0,0
03256,09273,0,0,0
03256,09274,0,0,0
03256,09275,0,0,0
03256,09276,0,0,0
03256,09277,0,0,0
03256,09278,0,0,0
03256,09279,0,0,0
03256,09361,0,0,0
03256,09362,0,0,0
03256,09363,0,0,0
03256,09371,0,0,0
03256,09372,0,0,0
03256,09373,82,52,30
03256,09374,0,0,0
03256,09375,0,0,0
03256,09376,0,0,0
03256,09377,0,0,0
03256,09461,0,0,0
03256,09462,0,0,0
03256,09463,0,0,0
03256,09464,0,0,0
03256,09471,0,0,0
03256,09472,0,0,0
03256,09473,0,0,0
03256,09474,0,0,0
03256,09475,0,0,0
03256,09476,0,0,0
03256,09477,0,0,0
03256,09478,0,0,0
03256,09479,0,0,0
03256,09561,0,0,0
03256,09562,0,0,0
03256,09563,0,0,0
03256,09564,19,0,19
03256,09565,0,0,0
03256,09571,0,0,0
03256,09572,0,0,0
03256,09573,0,0,0
03256,09574,0,0,0
03256,09575,0,0,0
03256,09576,0,0,0
03256,09577,0,0,0
03256,09661,0,0,0
03256,09662,0,0,0
03256,09663,0,0,0
03256,09671,0,0,0
03256,09672,0,0,0
03256,09673,0,0,0
03256,09674,0,0,0
03256,09675,0,0,0
03256,09676,0,0,0
03256,09677,0,0,0
03256,09678,0,0,0
03256,09679,0,0,0
03256,09761,0,0,0
03256,09762,0,0,0
03256,09763,0,0,0
03256,09764,0,0,0
03256,09771,0,0,0
03256,09772,0,0,0
03256,09773,0,0,0
03256,09774,0,0,0
03256,09775,0,0,0
03256,09776,0,0,0
03256,09777,0,0,0
03256,09778,0,0,0
03256,09779,0,0,0
03256,09780,0,0,0
03256,10041,0,0,0
03256,10042,0,0,0
03256,10043,0,0,0
03256,10044,0,0,0
03256,10045,0,0,0
03256,10046,0,0,0
03256,11000,154,40,114
03256,12051,0,0,0
03256,12052,0,0,0
03256,12053,0,0,0
03256,12054,11,0,11
03256,12060,0,0,0
03256,12061,0,0,0
03256,12062,0,0,0
03256,12063,0,0,0
03256,12064,0,0,0
03256,12065,0,0,0
03256,12066,0,0,0
03256,12067,0,0,0
03256,12068,0,0,0
03256,12069,0,0,0
03256,12070,0,0,0
03256,12071,0,0,0
03256,12072,0,0,0
03256,12073,0,0,0
03256,13003,0,0,0
03256,13004,63,0,63
03256,13071,0,0,0
03256,13072,12,12,0
03256,13073,0,0,0
03256,13074,0,0,0
03256,13075,13,13,0
03256,13076,12,12,0
03256,14511,0,0,0
03256,14521,12,12,0
03256,14522,0,0,0
03256,14523,0,0,0
03256,14524,0,0,0
03256,14612,0,0,0
03256,14625,0,0,0
03256,14626,0,0,0
03256,14627,0,0,0
03256,14628,0,0,0
03256,14713,31,16,15
03256,14729,0,0,0
03256,14730,0,0,0
03256,15001,0,0,0
03256,15002,0,0,0
03256,15003,0,0,0
03256,15081,12,12,0
03256,15082,13,13,0
03256,15083,19,19,0
03256,15084,494,494,0
03256,15085,0,0,0
03256,15086,27,27,0
03256,15087,10,10,0
03256,15088,13,13,0
03256,15089,27,27,0
03256,15090,16,16,0
03256,15091,0,0,0
03256,16051,0,0,0
03256,16052,12,12,0
03256,16053,0,0,0
03256,16054,0,0,0
03256,16055,0,0,0
03256,16056,0,0,0
03256,16061,0,0,0
03256,16062,0,0,0
03256,16063,0,0,0
03256,16064,0,0,0
03256,16065,0,0,0
03256,16066,0,0,0
03256,16067,0,0,0
03256,16068,0,0,0
03256,16069,0,0,0
03256,16070,0,0,0
03256,16071,0,0,0
03256,16072,0,0,0
03256,16073,0,0,0
03256,16074,0,0,0
03256,16075,0,0,0
03256,16076,0,0,0
03256,16077,0,0,0
03257,01001,0,0,0
03257,01002,0,0,0
03257,01003,16,0,16
03257,01004,0,0,0
03257,01051,0,0,0
03257,01053,0,0,0
03257,01054,10,10,0
03257,01055,26,11,15
03257,01056,17,0,17
03257,01057,0,0,0
03257,01058,0,0,0
03257,01059,14,0,14
03257,01060,36,0,36
03257,01061,0,0,0
03257,01062,16,0,16
03257,02000,289,32,257
03257,03101,128,33,95
03257,03102,19,0,19
03257,03103,103,0,103
03257,03151,47,19,28
03257,03153,34,12,22
03257,03154,46,14,32
03257,03155,37,16,21
03257,03157,68,34,34
03257,03158,0,0,0
03257,03159,67,41,26
03257,03241,16986,3065,13921
03257,03251,92,47,45
03257,03252,4966,2797,2169
03257,03254,377,156,221
03257,03255,126,72,54
03257,03256,1484,714,770
03257,03257,0,0,0
03257,03351,122,50,72
03257,03352,10,10,0
03257,03353,25,0,25
03257,03354,0,0,0
03257,03355,13,0,13
03257,03356,0,0,0
03257,03357,10,0,10
03257,03358,73,31,42
03257,03359,28,0,28
03257,03360,20,10,10
03257,03361,28,11,17
03257,03401,0,0,0
03257,03402,44,0,44
03257,03403,25,0,25
03257,03404,75,16,59
03257,03405,0,0,0
03257,03451,0,0,0
03257,03452,11,11,0
03257,03453,0,0,0
03257,03454,51,26,25
03257,03455,0,0,0
03257,03456,11,11,0
03257,03457,15,15,0
03257,03458,0,0,0
03257,03459,81,34,47
03257,03460,23,0,23
03257,03461,0,0,0
03257,03462,0,0,0
03257,04011,183,47,136
03257,04012,0,0,0
03257,05111,98,21,77
03257,05112,47,25,22
03257,05113,65,17,48
03257,05114,16,0,16
03257,05116,0,0,0
03257,05117,10,0,10
03257,05119,0,0,0
03257,05120,0,0,0
03257,05122,0,0,0
03257,05124,18,18,0
03257,05154,13,13,0
03257,05158,44,13,31
03257,05162,33,12,21
03257,05166,27,15,12
03257,05170,33,17,16
03257,05314,30,0,30
03257,05315,89,16,73
03257,05316,0,0,0
03257,05334,31,10,21
03257,05358,0,0,0
03257,05362,20,0,20
03257,05366,0,0,0
03257,05370,11,11,0
03257,05374,13,0,13
03257,05378,0,0,0
03257,05382,12,0,12
03257,05512,0,0,0
03257,05513,11,0,11
03257,05515,42,0,42
03257,05554,0,0,0
03257,05558,0,0,0
03257,05562,38,26,12
03257,05566,39,15,24
03257,05570,40,21,19
03257,05711,436,80,356
03257,05754,170,56,114
03257,05758,912,287,625
03257,05762,37,20,17
03257,05766,2168,1340,828
03257,05770,9182,3744,5438
03257,05774,87,28,59
03257,05911,33,17,16
03257,05913,64,15,49
03257,05914,11,0,11
03257,05915,20,20,0
03257,05916,0,0,0
03257,05954,22,10,12
03257,05958,27,10,17
03257,05962,12,0,12
03257,05966,0,0,0
03257,05970,0,0,0
03257,05974,40,26,14
03257,05978,33,12,21
03257,06411,0,0,0
03257,06412,148,0,148
03257,06413,0,0,0
03257,06414,18,0,18
03257,06431,0,0,0
03257,06432,0,0,0
03257,06433,10,0,10
03257,06434,19,0,19
03257,06435,26,0,26
03257,06436,16,0,16
03257,06437,0,0,0
03257,06438,39,0,39
03257,06439,0,0,0
03257,06440,0,0,0
03257,06531,0,0,0
03257,06532,10,0,10
03257,06533,0,0,0
03257,06534,0,0,0
03257,06535,0,0,0
03257,06611,15,0,15
03257,06631,0,0,0
03257,06632,0,0,0
03257,06633,35,0,35
03257,06634,0,0,0
03257,06635,10,10,0
03257,06636,13,13,0
03257,07111,0,0,0
03257,07131,0,0,0
03257,07132,0,0,0
03257,07133,0,0,0
03257,07134,0,0,0
03257,07135,0,0,0
03257,07137,0,0,0
03257,07138,0,0,0
03257,07140,0,0,0
03257,07141,0,0,0
03257,07143,17,17,0
03257,07211,0,0,0
03257,07231,0,0,0
03257,07232,0,0,0
03257,07233,0,0,0
03257,07235,0,0,0
03257,07311,0,0,0
03257,07312,0,0,0
03257,07313,0,0,0
03257,07314,0,0,0
03257,07315,0,0,0
03257,07316,0,0,0
03257,07317,0,0,0
03257,07318,0,0,0
03257,07319,0,0,0
03257,07320,0,0,0
03257,07331,19,19,0
03257,07332,10,10,0
03257,07333,0,0,0
03257,07334,0,0,0
03257,07335,0,0,0
03257,07336,0,0,0
03257,07337,0,0,0
03257,07338,0,0,0
03257,07339,0,0,0
03257,07340,0,0,0
03257,08111,37,0,37
03257,08115,51,0,51
03257,08116,15,0,15
03257,08117,0,0,0
03257,08118,10,0,10
03257,08119,0,0,0
03257,08121,0,0,0
03257,08125,14,0,14
03257,08126,13,0,13
03257,08127,0,0,0
03257,08128,0,0,0
03257,08135,0,0,0
03257,08136,0,0,0
03257,08211,0,0,0
03257,08212,0,0,0
03257,08215,14,0,14
03257,08216,0,0,0
03257,08221,0,0,0
03257,08222,13,0,13
03257,08225,0,0,0
03257,08226,30,16,14
03257,08231,0,0,0
03257,08235,0,0,0
03257,08236,0,0,0
03257,08237,0,0,0
03257,08311,11,0,11
03257,08315,0,0,0
03257,08316,0,0,0
03257,08317,0,0,0
03257,08325,0,0,0
03257,08326,0,0,0
03257,08327,0,0,0
03257,08335,0,0,0
03257,08336,0,0,0
03257,08337,0,0,0
03257,08415,10,0,10
03257,08416,0,0,0
03257,08417,0,0,0
03257,08421,0,0,0
03257,08425,0,0,0
03257,08426,0,0,0
03257,08435,0,0,0
03257,08436,0,0,0
03257,08437,0,0,0
03257,09161,0,0,0
03257,09162,83,0,83
03257,09163,0,0,0
03257,09171,0,0,0
03257,09172,0,0,0
03257,09173,0,0,0
03257,09174,0,0,0
03257,09175,0,0,0
03257,09176,0,0,0
03257,09177,0,0,0
03257,09178,24,0,24
03257,09179,0,0,0
03257,09180,0,0,0
03257,09181,0,0,0
03257,09182,0,0,0
03257,09183,0,0,0
03257,09184,43,0,43
03257,09185,0,0,0
03257,09186,14,0,14
03257,09187,0,0,0
03257,09188,0,0,0
03257,09189,0,0,0
03257,09190,0,0,0
03257,09261,0,0,0
03257,09262,0,0,0
03257,09263,0,0,0
03257,09271,0,0,0
03257,09272,0,0,0
03257,09273,0,0,0
03257,09274,0,0,0
03257,09275,0,0,0
03257,09276,0,0,0
03257,09277,0,0,0
03257,09278,0,0,0
03257,09279,0,0,0
03257,09361,0,0,0
03257,09362,0,0,0
03257,09363,0,0,0
03257,09371,0,0,0
03257,09372,0,0,0
03257,09373,0,0,0
03257,09374,0,0,0
03257,09375,0,0,0
03257,09376,0,0,0
03257,09377,0,0,0
03257,09461,0,0,0
03257,09462,0,0,0
03257,09463,0,0,0
03257,09464,0,0,0
03257,09471,0,0,0
03257,09472,0,0,0
03257,09473,0,0,0
03257,09474,0,0,0
03257,09475,0,0,0
03257,09476,0,0,0
03257,09477,0,0,0
03257,09478,0,0,0
03257,09479,0,0,0
03257,09561,0,0,0
03257,09562,0,0,0
03257,09563,0,0,0
03257,09564,32,0,32
03257,09565,0,0,0
03257,09571,0,0,0
03257,09572,0,0,0
03257,09573,0,0,0
03257,09574,0,0,0
03257,09575,0,0,0
03257,09576,0,0,0
03257,09577,0,0,0
03257,09661,0,0,0
03257,09662,0,0,0
03257,09663,0,0,0
03257,09671,0,0,0
03257,09672,0,0,0
03257,09673,0,0,0
03257,09674,0,0,0
03257,09675,0,0,0
03257,09676,0,0,0
03257,09677,17,0,17
03257,09678,0,0,0
03257,09679,0,0,0
03257,09761,10,0,10
03257,09762,0,0,0
03257,09763,0,0,0
03257,09764,0,0,0
03257,09771,0,0,0
03257,09772,0,0,0
03257,09773,0,0,0
03257,09774,0,0,0
03257,09775,10,0,10
03257,09776,0,0,0
03257,09777,0,0,0
03257,09778,0,0,0
03257,09779,0,0,0
03257,09780,0,0,0
03257,10041,0,0,0
03257,10042,0,0,0
03257,10043,0,0,0
03257,10044,0,0,0
03257,10045,0,0,0
03257,10046,0,0,0
03257,11000,273,31,242
03257,12051,0,0,0
03257,12052,0,0,0
03257,12053,0,0,0
03257,12054,10,0,10
03257,12060,0,0,0
03257,12061,15,15,0
03257,12062,16,16,0
03257,12063,0,0,0
03257,12064,0,0,0
03257,12065,0,0,0
03257,12066,0,0,0
03257,12067,13,13,0
03257,12068,0,0,0
03257,12069,0,0,0
03257,12070,0,0,0
03257,12071,16,16,0
03257,12072,0,0,0
03257,12073,13,13,0
03257,13003,0,0,0
03257,13004,0,0,0
03257,13071,0,0,0
03257,13072,0,0,0
03257,13073,0,0,0
03257,13074,0,0,0
03257,13075,0,0,0
03257,13076,0,0,0
03257,14511,0,0,0
03257,14521,13,13,0
03257,14522,0,0,0
03257,14523,0,0,0
03257,14524,0,0,0
03257,14612,0,0,0
03257,14625,0,0,0
03257,14626,36,36,0
03257,14627,0,0,0
03257,14628,0,0,0
03257,14713,20,0,20
03257,14729,0,0,0
03257,14730,0,0,0
03257,15001,0,0,0
03257,15002,12,0,12
03257,15003,20,0,20
03257,15081,0,0,0
03257,15082,0,0,0
03257,15083,0,0,0
03257,15084,0,0,0
03257,15085,29,29,0
03257,15086,0,0,0
03257,15087,0,0,0
03257,15088,0,0,0
03257,15089,16,16,0
03257,15090,18,18,0
03257,15091,14,14,0
03257,16051,0,0,0
03257,16052,0,0,0
03257,16053,0,0,0
03257,16054,0,0,0
03257,16055,0,0,0
03257,16056,0,0,0
03257,16061,0,0,0
03257,16062,0,0,0
03257,16063,0,0,0
03257,16064,0,0,0
03257,16065,0,0,0
03257,16066,0,0,0
03257,16067,0,0,0
03257,16068,0,0,0
03257,16069,0,0,0
03257,16070,0,0,0
03257,16071,0,0,0
03257,16072,0,0,0
03257,16073,0,0,0
03257,16074,0,0,0
03257,16075,0,0,0
03257,16076,0,0,0
03257,16077,0,0,0
03351,01001,0,0,0
03351,01002,48,24,24
03351,01003,141,27,114
03351,01004,121,0,121
03351,01051,0,0,0
03351,01053,69,54,15
03351,01054,27,13,14
03351,01055,31,21,10
03351,01056,97,73,24
03351,01057,10,10,0
03351,01058,45,32,13
03351,01059,13,13,0
03351,01060,72,47,25
03351,01061,17,17,0
03351,01062,134,108,26
03351,02000,1414,779,635
03351,03101,740,226,514
03351,03102,72,15,57
03351,03103,622,30,592
03351,03151,2156,1143,1013
03351,03153,58,32,26
03351,03154,98,41,57
03351,03155,48,24,24
03351,03157,534,295,239
03351,03158,77,51,26
03351,03159,83,39,44
03351,03241,15275,3827,11448
03351,03251,85,40,45
03351,03252,51,34,17
03351,03254,432,227,205
03351,03255,10,0,10
03351,03256,305,159,146
03351,03257,122,72,50
03351,03351,0,0,0
03351,03352,43,28,15
03351,03353,296,155,141
03351,03354,81,48,33
03351,03355,439,285,154
03351,03356,13,13,0
03351,03357,164,97,67
03351,03358,3201,1262,1939
03351,03359,87,59,28
03351,03360,1237,793,444
03351,03361,154,61,93
03351,03401,40,0,40
03351,03402,11,0,11
03351,03403,77,24,53
03351,03404,22,0,22
03351,03405,0,0,0
03351,03451,30,18,12
03351,03452,29,19,10
03351,03453,41,20,21
03351,03454,232,60,172
03351,03455,12,12,0
03351,03456,34,22,12
03351,03457,26,12,14
03351,03458,35,20,15
03351,03459,33,17,16
03351,03460,46,12,34
03351,03461,10,10,0
03351,03462,26,26,0
03351,04011,183,49,134
03351,04012,0,0,0
03351,05111,113,32,81
03351,05112,24,0,24
03351,05113,49,12,37
03351,05114,17,0,17
03351,05116,11,0,11
03351,05117,0,0,0
03351,05119,0,0,0
03351,05120,0,0,0
03351,05122,0,0,0
03351,05124,0,0,0
03351,05154,0,0,0
03351,05158,37,14,23
03351,05162,17,0,17
03351,05166,15,0,15
03351,05170,13,0,13
03351,05314,22,0,22
03351,05315,111,22,89
03351,05316,0,0,0
03351,05334,22,10,12
03351,05358,0,0,0
03351,05362,22,11,11
03351,05366,0,0,0
03351,05370,0,0,0
03351,05374,18,0,18
03351,05378,0,0,0
03351,05382,28,14,14
03351,05512,0,0,0
03351,05513,0,0,0
03351,05515,27,0,27
03351,05554,15,0,15
03351,05558,0,0,0
03351,05562,49,31,18
03351,05566,27,14,13
03351,05570,13,13,0
03351,05711,42,0,42
03351,05754,43,11,32
03351,05758,29,13,16
03351,05762,12,0,12
03351,05766,15,15,0
03351,05770,74,16,58
03351,05774,66,48,18
03351,05911,52,24,28
03351,05913,33,19,14
03351,05914,0,0,0
03351,05915,0,0,0
03351,05916,14,0,14
03351,05954,0,0,0
03351,05958,0,0,0
03351,05962,10,0,10
03351,05966,0,0,0
03351,05970,17,0,17
03351,05974,0,0,0
03351,05978,32,14,18
03351,06411,11,0,11
03351,06412,113,17,96
03351,06413,0,0,0
03351,06414,17,0,17
03351,06431,0,0,0
03351,06432,0,0,0
03351,06433,0,0,0
03351,06434,21,0,21
03351,06435,57,11,46
03351,06436,20,0,20
03351,06437,0,0,0
03351,06438,26,0,26
03351,06439,0,0,0
03351,06440,0,0,0
03351,06531,0,0,0
03351,06532,11,0,11
03351,06533,0,0,0
03351,06534,0,0,0
03351,06535,0,0,0
03351,06611,45,14,31
03351,06631,15,0,15
03351,06632,0,0,0
03351,06633,30,17,13
03351,06634,14,14,0
03351,06635,11,0,11
03351,06636,0,0,0
03351,07111,10,0,10
03351,07131,0,0,0
03351,07132,0,0,0
03351,07133,0,0,0
03351,07134,0,0,0
03351,07135,0,0,0
03351,07137,0,0,0
03351,07138,0,0,0
03351,07140,0,0,0
03351,07141,0,0,0
03351,07143,0,0,0
03351,07211,0,0,0
03351,07231,16,0,16
03351,07232,0,0,0
03351,07233,0,0,0
03351,07235,0,0,0
03351,07311,0,0,0
03351,07312,0,0,0
03351,07313,0,0,0
03351,07314,0,0,0
03351,07315,0,0,0
03351,07316,0,0,0
03351,07317,0,0,0
03351,07318,0,0,0
03351,07319,0,0,0
03351,07320,0,0,0
03351,07331,0,0,0
03351,07332,0,0,0
03351,07333,0,0,0
03351,07334,0,0,0
03351,07335,0,0,0
03351,07336,0,0,0
03351,07337,0,0,0
03351,07338,0,0,0
03351,07339,0,0,0
03351,07340,0,0,0
03351,08111,28,0,28
03351,08115,14,0,14
03351,08116,14,0,14
03351,08117,0,0,0
03351,08118,13,0,13
03351,08119,11,0,11
03351,08121,0,0,0
03351,08125,0,0,0
03351,08126,12,0,12
03351,08127,0,0,0
03351,08128,0,0,0
03351,08135,0,0,0
03351,08136,16,0,16
03351,08211,0,0,0
03351,08212,11,0,11
03351,08215,18,0,18
03351,08216,0,0,0
03351,08221,0,0,0
03351,08222,20,0,20
03351,08225,0,0,0
03351,08226,0,0,0
03351,08231,0,0,0
03351,08235,0,0,0
03351,08236,0,0,0
03351,08237,0,0,0
03351,08311,0,0,0
03351,08315,0,0,0
03351,08316,0,0,0
03351,08317,0,0,0
03351,08325,0,0,0
03351,08326,0,0,0
03351,08327,0,0,0
03351,08335,0,0,0
03351,08336,0,0,0
03351,08337,0,0,0
03351,08415,0,0,0
03351,08416,0,0,0
03351,08417,0,0,0
03351,08421,0,0,0
03351,08425,0,0,0
03351,08426,0,0,0
03351,08435,0,0,0
03351,08436,15,0,15
03351,08437,0,0,0
03351,09161,0,0,0
03351,09162,155,52,103
03351,09163,0,0,0
03351,09171,0,0,0
03351,09172,10,0,10
03351,09173,0,0,0
03351,09174,0,0,0
03351,09175,0,0,0
03351,09176,0,0,0
03351,09177,0,0,0
03351,09178,25,13,12
03351,09179,16,16,0
03351,09180,0,0,0
03351,09181,0,0,0
03351,09182,0,0,0
03351,09183,0,0,0
03351,09184,55,20,35
03351,09185,0,0,0
03351,09186,0,0,0
03351,09187,0,0,0
03351,09188,0,0,0
03351,09189,0,0,0
03351,09190,0,0,0
03351,09261,0,0,0
03351,09262,0,0,0
03351,09263,0,0,0
03351,09271,0,0,0
03351,09272,0,0,0
03351,09273,0,0,0
03351,09274,0,0,0
03351,09275,0,0,0
03351,09276,0,0,0
03351,09277,0,0,0
03351,09278,0,0,0
03351,09279,0,0,0
03351,09361,0,0,0
03351,09362,0,0,0
03351,09363,0,0,0
03351,09371,0,0,0
03351,09372,0,0,0
03351,09373,0,0,0
03351,09374,0,0,0
03351,09375,0,0,0
03351,09376,0,0,0
03351,09377,0,0,0
03351,09461,0,0,0
03351,09462,0,0,0
03351,09463,0,0,0
03351,09464,0,0,0
03351,09471,0,0,0
03351,09472,0,0,0
03351,09473,0,0,0
03351,09474,0,0,0
03351,09475,0,0,0
03351,09476,0,0,0
03351,09477,0,0,0
03351,09478,0,0,0
03351,09479,0,0,0
03351,09561,0,0,0
03351,09562,0,0,0
03351,09563,0,0,0
03351,09564,38,0,38
03351,09565,0,0,0
03351,09571,0,0,0
03351,09572,0,0,0
03351,09573,0,0,0
03351,09574,0,0,0
03351,09575,0,0,0
03351,09576,0,0,0
03351,09577,0,0,0
03351,09661,0,0,0
03351,09662,0,0,0
03351,09663,0,0,0
03351,09671,0,0,0
03351,09672,0,0,0
03351,09673,0,0,0
03351,09674,0,0,0
03351,09675,0,0,0
03351,09676,0,0,0
03351,09677,0,0,0
03351,09678,0,0,0
03351,09679,0,0,0
03351,09761,0,0,0
03351,09762,0,0,0
03351,09763,0,0,0
03351,09764,0,0,0
03351,09771,0,0,0
03351,09772,0,0,0
03351,09773,0,0,0
03351,09774,0,0,0
03351,09775,0,0,0
03351,09776,0,0,0
03351,09777,0,0,0
03351,09778,0,0,0
03351,09779,0,0,0
03351,09780,0,0,0
03351,10041,0,0,0
03351,10042,0,0,0
03351,10043,0,0,0
03351,10044,0,0,0
03351,10045,0,0,0
03351,10046,0,0,0
03351,11000,301,97,204
03351,12051,0,0,0
03351,12052,11,11,0
03351,12053,0,0,0
03351,12054,0,0,0
03351,12060,0,0,0
03351,12061,0,0,0
03351,12062,0,0,0
03351,12063,0,0,0
03351,12064,12,12,0
03351,12065,15,15,0
03351,12066,0,0,0
03351,12067,21,21,0
03351,12068,20,20,0
03351,12069,17,17,0
03351,12070,29,29,0
03351,12071,11,11,0
03351,12072,0,0,0
03351,12073,0,0,0
03351,13003,17,17,0
03351,13004,11,11,0
03351,13071,44,44,0
03351,13072,49,39,10
03351,13073,21,21,0
03351,13074,18,18,0
03351,13075,32,32,0
03351,13076,51,39,12
03351,14511,0,0,0
03351,14521,0,0,0
03351,14522,10,10,0
03351,14523,0,0,0
03351,14524,0,0,0
03351,14612,12,12,0
03351,14625,0,0,0
03351,14626,0,0,0
03351,14627,0,0,0
03351,14628,0,0,0
03351,14713,31,16,15
03351,14729,10,10,0
03351,14730,10,10,0
03351,15001,0,0,0
03351,15002,30,30,0
03351,15003,50,30,20
03351,15081,167,114,53
03351,15082,0,0,0
03351,15083,61,61,0
03351,15084,16,0,16
03351,15085,54,44,10
03351,15086,40,24,16
03351,15087,0,0,0
03351,15088,11,11,0
03351,15089,10,10,0
03351,15090,70,70,0
03351,15091,0,0,0
03351,16051,0,0,0
03351,16052,0,0,0
03351,16053,0,0,0
03351,16054,0,0,0
03351,16055,0,0,0
03351,16056,0,0,0
03351,16061,0,0,0
03351,16062,0,0,0
03351,16063,0,0,0
03351,16064,16,16,0
03351,16065,0,0,0
03351,16066,0,0,0
03351,16067,0,0,0
03351,16068,0,0,0
03351,16069,0,0,0
03351,16070,0,0,0
03351,16071,0,0,0
03351,16072,0,0,0
03351,16073,0,0,0
03351,16074,0,0,0
03351,16075,0,0,0
03351,16076,0,0,0
03351,16077,0,0,0
03352,01001,19,0,19
03352,01002,62,21,41
03352,01003,35,0,35
03352,01004,60,0,60
03352,01051,108,91,17
03352,01053,53,24,29
03352,01054,60,16,44
03352,01055,62,22,40
03352,01056,159,55,104
03352,01057,14,14,0
03352,01058,47,23,24
03352,01059,30,10,20
03352,01060,82,41,41
03352,01061,85,50,35
03352,01062,83,27,56
03352,02000,1911,199,1712
03352,03101,14,0,14
03352,03102,0,0,0
03352,03103,19,0,19
03352,03151,0,0,0
03352,03153,0,0,0
03352,03154,0,0,0
03352,03155,0,0,0
03352,03157,0,0,0
03352,03158,0,0,0
03352,03159,19,0,19
03352,03241,506,46,460
03352,03251,229,61,168
03352,03252,13,0,13
03352,03254,170,14,156
03352,03255,0,0,0
03352,03256,25,11,14
03352,03257,10,0,10
03352,03351,43,15,28
03352,03352,0,0,0
03352,03353,298,80,218
03352,03354,0,0,0
03352,03355,96,20,76
03352,03356,1689,540,1149
03352,03357,2072,786,1286
03352,03358,38,15,23
03352,03359,4709,1340,3369
03352,03360,10,0,10
03352,03361,265,52,213
03352,03401,112,25,87
03352,03402,66,10,56
03352,03403,280,53,227
03352,03404,65,12,53
03352,03405,97,11,86
03352,03451,102,42,60
03352,03452,65,29,36
03352,03453,80,32,48
03352,03454,81,25,56
03352,03455,79,25,54
03352,03456,0,0,0
03352,03457,80,34,46
03352,03458,116,49,67
03352,03459,60,11,49
03352,03460,48,14,34
03352,03461,969,247,722
03352,03462,30,15,15
03352,04011,4958,544,4414
03352,04012,21395,4266,17129
03352,05111,68,0,68
03352,05112,12,12,0
03352,05113,43,10,33
03352,05114,13,0,13
03352,05116,0,0,0
03352,05117,0,0,0
03352,05119,0,0,0
03352,05120,0,0,0
03352,05122,0,0,0
03352,05124,0,0,0
03352,05154,29,0,29
03352,05158,21,0,21
03352,05162,13,0,13
03352,05166,0,0,0
03352,05170,14,0,14
03352,05314,15,0,15
03352,05315,71,12,59
03352,05316,0,0,0
03352,05334,28,0,28
03352,05358,0,0,0
03352,05362,0,0,0
03352,05366,0,0,0
03352,05370,0,0,0
03352,05374,22,0,22
03352,05378,21,0,21
03352,05382,15,0,15
03352,05512,0,0,0
03352,05513,0,0,0
03352,05515,41,10,31
03352,05554,14,0,14
03352,05558,10,0,10
03352,05562,19,19,0
03352,05566,34,13,21
03352,05570,0,0,0
03352,05711,25,0,25
03352,05754,46,0,46
03352,05758,0,0,0
03352,05762,0,0,0
03352,05766,0,0,0
03352,05770,23,0,23
03352,05774,0,0,0
03352,05911,0,0,0
03352,05913,19,0,19
03352,05914,0,0,0
03352,05915,0,0,0
03352,05916,37,37,0
03352,05954,0,0,0
03352,05958,10,10,0
03352,05962,0,0,0
03352,05966,0,0,0
03352,05970,0,0,0
03352,05974,12,0,12
03352,05978,10,0,10
03352,06411,10,0,10
03352,06412,68,0,68
03352,06413,0,0,0
03352,06414,0,0,0
03352,06431,0,0,0
03352,06432,11,11,0
03352,06433,12,12,0
03352,06434,0,0,0
03352,06435,29,0,29
03352,06436,13,0,13
03352,06437,0,0,0
03352,06438,11,0,11
03352,06439,0,0,0
03352,06440,0,0,0
03352,06531,0,0,0
03352,06532,0,0,0
03352,06533,0,0,0
03352,06534,0,0,0
03352,06535,0,0,0
03352,06611,0,0,0
03352,06631,0,0,0
03352,06632,0,0,0
03352,06633,0,0,0
03352,06634,0,0,0
03352,06635,0,0,0
03352,06636,0,0,0
03352,07111,0,0,0
03352,07131,0,0,0
03352,07132,0,0,0
03352,07133,0,0,0
03352,07134,0,0,0
03352,07135,0,0,0
03352,07137,0,0,0
03352,07138,0,0,0
03352,07140,0,0,0
03352,07141,0,0,0
03352,07143,0,0,0
03352,07211,0,0,0
03352,07231,0,0,0
03352,07232,0,0,0
03352,07233,0,0,0
03352,07235,0,0,0
03352,07311,0,0,0
03352,07312,0,0,0
03352,07313,0,0,0
03352,07314,0,0,0
03352,07315,10,0,10
03352,07316,0,0,0
03352,07317,0,0,0
03352,07318,0,0,0
03352,07319,0,0,0
03352,07320,0,0,0
03352,07331,0,0,0
03352,07332,0,0,0
03352,07333,0,0,0
03352,07334,0,0,0
03352,07335,0,0,0
03352,07336,0,0,0
03352,07337,0,0,0
03352,07338,0,0,0
03352,07339,0,0,0
03352,07340,0,0,0
03352,08111,28,0,28
03352,08115,10,0,10
03352,08116,0,0,0
03352,08117,0,0,0
03352,08118,18,0,18
03352,08119,14,0,14
03352,08121,0,0,0
03352,08125,0,0,0
03352,08126,0,0,0
03352,08127,0,0,0
03352,08128,0,0,0
03352,08135,0,0,0
03352,08136,0,0,0
03352,08211,0,0,0
03352,08212,11,0,11
03352,08215,19,0,19
03352,08216,0,0,0
03352,08221,13,0,13
03352,08222,12,0,12
03352,08225,0,0,0
03352,08226,12,0,12
03352,08231,0,0,0
03352,08235,0,0,0
03352,08236,0,0,0
03352,08237,0,0,0
03352,08311,0,0,0
03352,08315,0,0,0
03352,08316,0,0,0
03352,08317,0,0,0
03352,08325,0,0,0
03352,08326,0,0,0
03352,08327,0,0,0
03352,08335,0,0,0
03352,08336,0,0,0
03352,08337,0,0,0
03352,08415,0,0,0
03352,08416,0,0,0
03352,08417,0,0,0
03352,08421,0,0,0
03352,08425,0,0,0
03352,08426,0,0,0
03352,08435,0,0,0
03352,08436,0,0,0
03352,08437,0,0,0
03352,09161,0,0,0
03352,09162,81,10,71
03352,09163,0,0,0
03352,09171,0,0,0
03352,09172,13,0,13
03352,09173,0,0,0
03352,09174,0,0,0
03352,09175,0,0,0
03352,09176,0,0,0
03352,09177,0,0,0
03352,09178,13,0,13
03352,09179,0,0,0
03352,09180,0,0,0
03352,09181,0,0,0
03352,09182,0,0,0
03352,09183,0,0,0
03352,09184,28,0,28
03352,09185,0,0,0
03352,09186,13,0,13
03352,09187,0,0,0
03352,09188,0,0,0
03352,09189,0,0,0
03352,09190,0,0,0
03352,09261,0,0,0
03352,09262,0,0,0
03352,09263,0,0,0
03352,09271,0,0,0
03352,09272,0,0,0
03352,09273,0,0,0
03352,09274,0,0,0
03352,09275,0,0,0
03352,09276,0,0,0
03352,09277,0,0,0
03352,09278,0,0,0
03352,09279,0,0,0
03352,09361,0,0,0
03352,09362,0,0,0
03352,09363,0,0,0
03352,09371,0,0,0
03352,09372,0,0,0
03352,09373,0,0,0
03352,09374,0,0,0
03352,09375,0,0,0
03352,09376,0,0,0
03352,09377,0,0,0
03352,09461,0,0,0
03352,09462,0,0,0
03352,09463,0,0,0
03352,09464,0,0,0
03352,09471,0,0,0
03352,09472,0,0,0
03352,09473,0,0,0
03352,09474,0,0,0
03352,09475,0,0,0
03352,09476,0,0,0
03352,09477,0,0,0
03352,09478,13,13,0
03352,09479,0,0,0
03352,09561,0,0,0
03352,09562,11,0,11
03352,09563,0,0,0
03352,09564,13,0,13
03352,09565,0,0,0
03352,09571,0,0,0
03352,09572,0,0,0
03352,09573,0,0,0
03352,09574,0,0,0
03352,09575,0,0,0
03352,09576,0,0,0
03352,09577,0,0,0
03352,09661,0,0,0
03352,09662,0,0,0
03352,09663,0,0,0
03352,09671,0,0,0
03352,09672,0,0,0
03352,09673,0,0,0
03352,09674,0,0,0
03352,09675,0,0,0
03352,09676,0,0,0
03352,09677,0,0,0
03352,09678,0,0,0
03352,09679,0,0,0
03352,09761,31,11,20
03352,09762,0,0,0
03352,09763,0,0,0
03352,09764,0,0,0
03352,09771,0,0,0
03352,09772,0,0,0
03352,09773,0,0,0
03352,09774,0,0,0
03352,09775,0,0,0
03352,09776,0,0,0
03352,09777,0,0,0
03352,09778,0,0,0
03352,09779,0,0,0
03352,09780,0,0,0
03352,10041,0,0,0
03352,10042,0,0,0
03352,10043,0,0,0
03352,10044,0,0,0
03352,10045,0,0,0
03352,10046,0,0,0
03352,11000,198,63,135
03352,12051,0,0,0
03352,12052,0,0,0
03352,12053,0,0,0
03352,12054,0,0,0
03352,12060,0,0,0
03352,12061,0,0,0
03352,12062,0,0,0
03352,12063,0,0,0
03352,12064,0,0,0
03352,12065,0,0,0
03352,12066,0,0,0
03352,12067,0,0,0
03352,12068,19,19,0
03352,12069,0,0,0
03352,12070,0,0,0
03352,12071,0,0,0
03352,12072,0,0,0
03352,12073,0,0,0
03352,13003,112,51,61
03352,13004,42,0,42
03352,13071,39,20,19
03352,13072,45,45,0
03352,13073,127,53,74
03352,13074,39,24,15
03352,13075,29,29,0
03352,13076,66,54,12
03352,14511,0,0,0
03352,14521,0,0,0
03352,14522,0,0,0
03352,14523,0,0,0
03352,14524,0,0,0
03352,14612,12,0,12
03352,14625,0,0,0
03352,14626,0,0,0
03352,14627,0,0,0
03352,14628,0,0,0
03352,14713,35,35,0
03352,14729,15,15,0
03352,14730,0,0,0
03352,15001,0,0,0
03352,15002,0,0,0
03352,15003,0,0,0
03352,15081,0,0,0
03352,15082,0,0,0
03352,15083,11,11,0
03352,15084,0,0,0
03352,15085,0,0,0
03352,15086,0,0,0
03352,15087,0,0,0
03352,15088,0,0,0
03352,15089,33,16,17
03352,15090,35,35,0
03352,15091,17,17,0
03352,16051,0,0,0
03352,16052,0,0,0
03352,16053,0,0,0
03352,16054,0,0,0
03352,16055,0,0,0
03352,16056,0,0,0
03352,16061,0,0,0
03352,16062,0,0,0
03352,16063,0,0,0
03352,16064,0,0,0
03352,16065,0,0,0
03352,16066,0,0,0
03352,16067,0,0,0
03352,16068,0,0,0
03352,16069,0,0,0
03352,16070,0,0,0
03352,16071,0,0,0
03352,16072,0,0,0
03352,16073,0,0,0
03352,16074,0,0,0
03352,16075,0,0,0
03352,16076,0,0,0
03352,16077,0,0,0
03353,01001,28,10,18
03353,01002,203,65,138
03353,01003,218,77,141
03353,01004,114,65,49
03353,01051,112,62,50
03353,01053,1786,643,1143
03353,01054,82,40,42
03353,01055,156,97,59
03353,01056,1099,488,611
03353,01057,61,44,17
03353,01058,179,107,72
03353,01059,74,39,35
03353,01060,811,291,520
03353,01061,169,102,67
03353,01062,1478,401,1077
03353,02000,55304,9185,46119
03353,03101,124,24,100
03353,03102,80,80,0
03353,03103,34,0,34
03353,03151,29,15,14
03353,03153,32,32,0
03353,03154,17,17,0
03353,03155,20,0,20
03353,03157,24,24,0
03353,03158,18,18,0
03353,03159,54,22,32
03353,03241,694,140,554
03353,03251,93,49,44
03353,03252,38,23,15
03353,03254,78,43,35
03353,03255,12,0,12
03353,03256,14,14,0
03353,03257,25,25,0
03353,03351,296,141,155
03353,03352,298,218,80
03353,03353,0,0,0
03353,03354,93,81,12
03353,03355,8078,4638,3440
03353,03356,73,46,27
03353,03357,2145,1410,735
03353,03358,1694,1105,589
03353,03359,4987,2869,2118
03353,03360,562,417,145
03353,03361,190,84,106
03353,03401,36,19,17
03353,03402,28,0,28
03353,03403,67,31,36
03353,03404,23,0,23
03353,03405,0,0,0
03353,03451,48,24,24
03353,03452,44,33,11
03353,03453,72,42,30
03353,03454,62,19,43
03353,03455,14,14,0
03353,03456,0,0,0
03353,03457,42,27,15
03353,03458,100,44,56
03353,03459,38,19,19
03353,03460,35,35,0
03353,03461,33,16,17
03353,03462,0,0,0
03353,04011,714,144,570
03353,04012,86,50,36
03353,05111,274,13,261
03353,05112,58,28,30
03353,05113,81,12,69
03353,05114,15,0,15
03353,05116,14,0,14
03353,05117,14,0,14
03353,05119,17,0,17
03353,05120,0,0,0
03353,05122,0,0,0
03353,05124,27,10,17
03353,05154,21,0,21
03353,05158,76,18,58
03353,05162,66,26,40
03353,05166,48,11,37
03353,05170,27,13,14
03353,05314,25,0,25
03353,05315,224,17,207
03353,05316,11,0,11
03353,05334,92,0,92
03353,05358,0,0,0
03353,05362,62,27,35
03353,05366,0,0,0
03353,05370,0,0,0
03353,05374,43,0,43
03353,05378,0,0,0
03353,05382,44,19,25
03353,05512,0,0,0
03353,05513,14,0,14
03353,05515,42,0,42
03353,05554,28,10,18
03353,05558,0,0,0
03353,05562,46,26,20
03353,05566,73,10,63
03353,05570,10,0,10
03353,05711,60,11,49
03353,05754,60,11,49
03353,05758,34,12,22
03353,05762,0,0,0
03353,05766,37,16,21
03353,05770,44,20,24
03353,05774,32,13,19
03353,05911,43,18,25
03353,05913,139,17,122
03353,05914,23,0,23
03353,05915,0,0,0
03353,05916,15,15,0
03353,05954,14,0,14
03353,05958,10,0,10
03353,05962,13,0,13
03353,05966,0,0,0
03353,05970,0,0,0
03353,05974,21,11,10
03353,05978,81,13,68
03353,06411,19,0,19
03353,06412,220,11,209
03353,06413,12,0,12
03353,06414,48,0,48
03353,06431,22,11,11
03353,06432,32,17,15
03353,06433,28,0,28
03353,06434,59,0,59
03353,06435,55,11,44
03353,06436,92,12,80
03353,06437,0,0,0
03353,06438,62,17,45
03353,06439,31,18,13
03353,06440,22,0,22
03353,06531,16,0,16
03353,06532,0,0,0
03353,06533,14,0,14
03353,06534,0,0,0
03353,06535,0,0,0
03353,06611,0,0,0
03353,06631,14,0,14
03353,06632,0,0,0
03353,06633,0,0,0
03353,06634,15,0,15
03353,06635,0,0,0
03353,06636,0,0,0
03353,07111,26,0,26
03353,07131,16,16,0
03353,07132,0,0,0
03353,07133,0,0,0
03353,07134,0,0,0
03353,07135,0,0,0
03353,07137,18,18,0
03353,07138,10,10,0
03353,07140,0,0,0
03353,07141,0,0,0
03353,07143,0,0,0
03353,07211,0,0,0
03353,07231,0,0,0
03353,07232,0,0,0
03353,07233,0,0,0
03353,07235,0,0,0
03353,07311,0,0,0
03353,07312,0,0,0
03353,07313,0,0,0
03353,07314,0,0,0
03353,07315,21,0,21
03353,07316,0,0,0
03353,07317,0,0,0
03353,07318,0,0,0
03353,07319,0,0,0
03353,07320,0,0,0
03353,07331,0,0,0
03353,07332,0,0,0
03353,07333,0,0,0
03353,07334,0,0,0
03353,07335,0,0,0
03353,07336,0,0,0
03353,07337,0,0,0
03353,07338,0,0,0
03353,07339,0,0,0
03353,07340,0,0,0
03353,08111,84,12,72
03353,08115,40,15,25
03353,08116,62,22,40
03353,08117,15,0,15
03353,08118,40,10,30
03353,08119,10,0,10
03353,08121,0,0,0
03353,08125,15,0,15
03353,08126,28,0,28
03353,08127,0,0,0
03353,08128,11,0,11
03353,08135,0,0,0
03353,08136,10,0,10
03353,08211,0,0,0
03353,08212,25,0,25
03353,08215,42,10,32
03353,08216,0,0,0
03353,08221,13,0,13
03353,08222,58,11,47
03353,08225,12,12,0
03353,08226,57,12,45
03353,08231,0,0,0
03353,08235,0,0,0
03353,08236,0,0,0
03353,08237,0,0,0
03353,08311,18,0,18
03353,08315,31,0,31
03353,08316,0,0,0
03353,08317,15,0,15
03353,08325,0,0,0
03353,08326,0,0,0
03353,08327,0,0,0
03353,08335,0,0,0
03353,08336,14,0,14
03353,08337,0,0,0
03353,08415,25,12,13
03353,08416,36,0,36
03353,08417,12,0,12
03353,08421,44,0,44
03353,08425,0,0,0
03353,08426,20,0,20
03353,08435,11,0,11
03353,08436,0,0,0
03353,08437,0,0,0
03353,09161,10,0,10
03353,09162,270,33,237
03353,09163,0,0,0
03353,09171,0,0,0
03353,09172,0,0,0
03353,09173,0,0,0
03353,09174,13,13,0
03353,09175,0,0,0
03353,09176,0,0,0
03353,09177,15,0,15
03353,09178,40,0,40
03353,09179,0,0,0
03353,09180,0,0,0
03353,09181,0,0,0
03353,09182,0,0,0
03353,09183,0,0,0
03353,09184,98,12,86
03353,09185,0,0,0
03353,09186,0,0,0
03353,09187,0,0,0
03353,09188,18,0,18
03353,09189,0,0,0
03353,09190,0,0,0
03353,09261,0,0,0
03353,09262,11,0,11
03353,09263,0,0,0
03353,09271,0,0,0
03353,09272,0,0,0
03353,09273,0,0,0
03353,09274,0,0,0
03353,09275,0,0,0
03353,09276,0,0,0
03353,09277,0,0,0
03353,09278,0,0,0
03353,09279,0,0,0
03353,09361,0,0,0
03353,09362,0,0,0
03353,09363,0,0,0
03353,09371,0,0,0
03353,09372,0,0,0
03353,09373,0,0,0
03353,09374,0,0,0
03353,09375,0,0,0
03353,09376,0,0,0
03353,09377,0,0,0
03353,09461,0,0,0
03353,09462,11,0,11
03353,09463,0,0,0
03353,09464,0,0,0
03353,09471,0,0,0
03353,09472,0,0,0
03353,09473,0,0,0
03353,09474,0,0,0
03353,09475,0,0,0
03353,09476,0,0,0
03353,09477,0,0,0
03353,09478,0,0,0
03353,09479,0,0,0
03353,09561,0,0,0
03353,09562,10,0,10
03353,09563,0,0,0
03353,09564,64,17,47
03353,09565,0,0,0
03353,09571,0,0,0
03353,09572,0,0,0
03353,09573,0,0,0
03353,09574,0,0,0
03353,09575,0,0,0
03353,09576,0,0,0
03353,09577,0,0,0
03353,09661,0,0,0
03353,09662,0,0,0
03353,09663,0,0,0
03353,09671,11,0,11
03353,09672,0,0,0
03353,09673,0,0,0
03353,09674,0,0,0
03353,09675,0,0,0
03353,09676,0,0,0
03353,09677,0,0,0
03353,09678,0,0,0
03353,09679,0,0,0
03353,09761,43,0,43
03353,09762,0,0,0
03353,09763,0,0,0
03353,09764,0,0,0
03353,09771,0,0,0
03353,09772,0,0,0
03353,09773,0,0,0
03353,09774,0,0,0
03353,09775,30,0,30
03353,09776,0,0,0
03353,09777,0,0,0
03353,09778,0,0,0
03353,09779,0,0,0
03353,09780,0,0,0
03353,10041,13,0,13
03353,10042,0,0,0
03353,10043,0,0,0
03353,10044,0,0,0
03353,10045,0,0,0
03353,10046,0,0,0
03353,11000,610,201,409
03353,12051,0,0,0
03353,12052,0,0,0
03353,12053,0,0,0
03353,12054,24,12,12
03353,12060,27,27,0
03353,12061,34,34,0
03353,12062,0,0,0
03353,12063,19,19,0
03353,12064,24,24,0
03353,12065,26,26,0
03353,12066,97,97,0
03353,12067,13,13,0
03353,12068,17,17,0
03353,12069,32,22,10
03353,12070,65,65,0
03353,12071,0,0,0
03353,12072,65,65,0
03353,12073,20,20,0
03353,13003,86,53,33
03353,13004,74,44,30
03353,13071,69,49,20
03353,13072,107,90,17
03353,13073,99,70,29
03353,13074,101,54,47
03353,13075,68,58,10
03353,13076,449,346,103
03353,14511,0,0,0
03353,14521,10,10,0
03353,14522,0,0,0
03353,14523,10,10,0
03353,14524,0,0,0
03353,14612,50,24,26
03353,14625,14,14,0
03353,14626,0,0,0
03353,14627,0,0,0
03353,14628,10,10,0
03353,14713,57,34,23
03353,14729,24,24,0
03353,14730,0,0,0
03353,15001,0,0,0
03353,15002,48,13,35
03353,15003,49,34,15
03353,15081,51,51,0
03353,15082,12,12,0
03353,15083,25,25,0
03353,15084,0,0,0
03353,15085,12,12,0
03353,15086,11,11,0
03353,15087,0,0,0
03353,15088,44,20,24
03353,15089,17,17,0
03353,15090,33,33,0
03353,15091,15,15,0
03353,16051,0,0,0
03353,16052,0,0,0
03353,16053,0,0,0
03353,16054,0,0,0
03353,16055,0,0,0
03353,16056,0,0,0
03353,16061,0,0,0
03353,16062,0,0,0
03353,16063,0,0,0
03353,16064,0,0,0
03353,16065,0,0,0
03353,16066,0,0,0
03353,16067,0,0,0
03353,16068,0,0,0
03353,16069,0,0,0
03353,16070,0,0,0
03353,16071,0,0,0
03353,16072,0,0,0
03353,16073,0,0,0
03353,16074,0,0,0
03353,16075,0,0,0
03353,16076,0,0,0
03353,16077,0,0,0
03354,01001,0,0,0
03354,01002,34,0,34
03354,01003,47,0,47
03354,01004,0,0,0
03354,01051,0,0,0
03354,01053,49,0,49
03354,01054,0,0,0
03354,01055,0,0,0
03354,01056,14,0,14
03354,01057,0,0,0
03354,01058,10,0,10
03354,01059,10,0,10
03354,01060,22,0,22
03354,01061,0,0,0
03354,01062,15,0,15
03354,02000,458,46,412
03354,03101,41,0,41
03354,03102,0,0,0
03354,03103,92,0,92
03354,03151,113,36,77
03354,03153,0,0,0
03354,03154,14,0,14
03354,03155,0,0,0
03354,03157,45,0,45
03354,03158,0,0,0
03354,03159,0,0,0
03354,03241,136,16,120
03354,03251,0,0,0
03354,03252,0,0,0
03354,03254,0,0,0
03354,03255,0,0,0
03354,03256,0,0,0
03354,03257,0,0,0
03354,03351,81,33,48
03354,03352,0,0,0
03354,03353,93,12,81
03354,03354,0,0,0
03354,03355,1269,377,892
03354,03356,0,0,0
03354,03357,0,0,0
03354,03358,46,0,46
03354,03359,13,0,13
03354,03360,2035,615,1420
03354,03361,14,0,14
03354,03401,0,0,0
03354,03402,0,0,0
03354,03403,0,0,0
03354,03404,0,0,0
03354,03405,0,0,0
03354,03451,0,0,0
03354,03452,0,0,0
03354,03453,0,0,0
03354,03454,0,0,0
03354,03455,0,0,0
03354,03456,0,0,0
03354,03457,0,0,0
03354,03458,0,0,0
03354,03459,0,0,0
03354,03460,0,0,0
03354,03461,0,0,0
03354,03462,0,0,0
03354,04011,20,0,20
03354,04012,0,0,0
03354,05111,0,0,0
03354,05112,0,0,0
03354,05113,0,0,0
03354,05114,0,0,0
03354,05116,0,0,0
03354,05117,11,0,11
03354,05119,0,0,0
03354,05120,0,0,0
03354,05122,0,0,0
03354,05124,0,0,0
03354,05154,0,0,0
03354,05158,0,0,0
03354,05162,0,0,0
03354,05166,0,0,0
03354,05170,0,0,0
03354,05314,0,0,0
03354,05315,14,0,14
03354,05316,0,0,0
03354,05334,0,0,0
03354,05358,0,0,0
03354,05362,0,0,0
03354,05366,0,0,0
03354,05370,0,0,0
03354,05374,0,0,0
03354,05378,0,0,0
03354,05382,0,0,0
03354,05512,0,0,0
03354,05513,0,0,0
03354,05515,0,0,0
03354,05554,0,0,0
03354,05558,0,0,0
03354,05562,0,0,0
03354,05566,0,0,0
03354,05570,0,0,0
03354,05711,0,0,0
03354,05754,0,0,0
03354,05758,0,0,0
03354,05762,0,0,0
03354,05766,0,0,0
03354,05770,10,0,10
03354,05774,0,0,0
03354,05911,0,0,0
03354,05913,0,0,0
03354,05914,0,0,0
03354,05915,0,0,0
03354,05916,0,0,0
03354,05954,0,0,0
03354,05958,0,0,0
03354,05962,0,0,0
03354,05966,0,0,0
03354,05970,0,0,0
03354,05974,0,0,0
03354,05978,0,0,0
03354,06411,0,0,0
03354,06412,11,0,11
03354,06413,0,0,0
03354,06414,0,0,0
03354,06431,0,0,0
03354,06432,0,0,0
03354,06433,0,0,0
03354,06434,0,0,0
03354,06435,0,0,0
03354,06436,0,0,0
03354,06437,0,0,0
03354,06438,0,0,0
03354,06439,0,0,0
03354,06440,0,0,0
03354,06531,0,0,0
03354,06532,0,0,0
03354,06533,0,0,0
03354,06534,0,0,0
03354,06535,0,0,0
03354,06611,0,0,0
03354,06631,0,0,0
03354,06632,0,0,0
03354,06633,0,0,0
03354,06634,0,0,0
03354,06635,0,0,0
03354,06636,0,0,0
03354,07111,0,0,0
03354,07131,0,0,0
03354,07132,0,0,0
03354,07133,279,0,279
03354,07134,0,0,0
03354,07135,0,0,0
03354,07137,0,0,0
03354,07138,0,0,0
03354,07140,0,0,0
03354,07141,0,0,0
03354,07143,0,0,0
03354,07211,0,0,0
03354,07231,0,0,0
03354,07232,0,0,0
03354,07233,0,0,0
03354,07235,0,0,0
03354,07311,0,0,0
03354,07312,0,0,0
03354,07313,0,0,0
03354,07314,0,0,0
03354,07315,0,0,0
03354,07316,0,0,0
03354,07317,0,0,0
03354,07318,0,0,0
03354,07319,0,0,0
03354,07320,0,0,0
03354,07331,0,0,0
03354,07332,0,0,0
03354,07333,0,0,0
03354,07334,0,0,0
03354,07335,0,0,0
03354,07336,0,0,0
03354,07337,0,0,0
03354,07338,0,0,0
03354,07339,0,0,0
03354,07340,0,0,0
03354,08111,0,0,0
03354,08115,0,0,0
03354,08116,10,0,10
03354,08117,0,0,0
03354,08118,0,0,0
03354,08119,0,0,0
03354,08121,0,0,0
03354,08125,0,0,0
03354,08126,0,0,0
03354,08127,0,0,0
03354,08128,0,0,0
03354,08135,0,0,0
03354,08136,0,0,0
03354,08211,0,0,0
03354,08212,0,0,0
03354,08215,0,0,0
03354,08216,0,0,0
03354,08221,0,0,0
03354,08222,0,0,0
03354,08225,0,0,0
03354,08226,0,0,0
03354,08231,0,0,0
03354,08235,0,0,0
03354,08236,0,0,0
03354,08237,0,0,0
03354,08311,0,0,0
03354,08315,0,0,0
03354,08316,0,0,0
03354,08317,0,0,0
03354,08325,0,0,0
03354,08326,0,0,0
03354,08327,0,0,0
03354,08335,0,0,0
03354,08336,0,0,0
03354,08337,0,0,0
03354,08415,0,0,0
03354,08416,0,0,0
03354,08417,0,0,0
03354,08421,0,0,0
03354,08425,0,0,0
03354,08426,0,0,0
03354,08435,0,0,0
03354,08436,0,0,0
03354,08437,0,0,0
03354,09161,0,0,0
03354,09162,11,0,11
03354,09163,0,0,0
03354,09171,0,0,0
03354,09172,0,0,0
03354,09173,0,0,0
03354,09174,0,0,0
03354,09175,0,0,0
03354,09176,0,0,0
03354,09177,0,0,0
03354,09178,0,0,0
03354,09179,0,0,0
03354,09180,0,0,0
03354,09181,0,0,0
03354,09182,0,0,0
03354,09183,0,0,0
03354,09184,0,0,0
03354,09185,0,0,0
03354,09186,0,0,0
03354,09187,0,0,0
03354,09188,0,0,0
03354,09189,0,0,0
03354,09190,0,0,0
03354,09261,0,0,0
03354,09262,0,0,0
03354,09263,0,0,0
03354,09271,0,0,0
03354,09272,0,0,0
03354,09273,0,0,0
03354,09274,0,0,0
03354,09275,0,0,0
03354,09276,0,0,0
03354,09277,0,0,0
03354,09278,0,0,0
03354,09279,0,0,0
03354,09361,0,0,0
03354,09362,0,0,0
03354,09363,0,0,0
03354,09371,0,0,0
03354,09372,0,0,0
03354,09373,0,0,0
03354,09374,0,0,0
03354,09375,0,0,0
03354,09376,0,0,0
03354,09377,0,0,0
03354,09461,0,0,0
03354,09462,0,0,0
03354,09463,0,0,0
03354,09464,0,0,0
03354,09471,0,0,0
03354,09472,0,0,0
03354,09473,0,0,0
03354,09474,0,0,0
03354,09475,0,0,0
03354,09476,0,0,0
03354,09477,0,0,0
03354,09478,0,0,0
03354,09479,0,0,0
03354,09561,0,0,0
03354,09562,0,0,0
03354,09563,0,0,0
03354,09564,0,0,0
03354,09565,0,0,0
03354,09571,0,0,0
03354,09572,0,0,0
03354,09573,0,0,0
03354,09574,0,0,0
03354,09575,0,0,0
03354,09576,0,0,0
03354,09577,0,0,0
03354,09661,0,0,0
03354,09662,0,0,0
03354,09663,0,0,0
03354,09671,0,0,0
03354,09672,0,0,0
03354,09673,0,0,0
03354,09674,0,0,0
03354,09675,0,0,0
03354,09676,0,0,0
03354,09677,0,0,0
03354,09678,0,0,0
03354,09679,0,0,0
03354,09761,0,0,0
03354,09762,0,0,0
03354,09763,0,0,0
03354,09764,0,0,0
03354,09771,0,0,0
03354,09772,0,0,0
03354,09773,0,0,0
03354,09774,0,0,0
03354,09775,0,0,0
03354,09776,0,0,0
03354,09777,0,0,0
03354,09778,0,0,0
03354,09779,0,0,0
03354,09780,0,0,0
03354,10041,0,0,0
03354,10042,0,0,0
03354,10043,0,0,0
03354,10044,0,0,0
03354,10045,0,0,0
03354,10046,0,0,0
03354,11000,134,34,100
03354,12051,0,0,0
03354,12052,0,0,0
03354,12053,0,0,0
03354,12054,0,0,0
03354,12060,0,0,0
03354,12061,0,0,0
03354,12062,0,0,0
03354,12063,0,0,0
03354,12064,0,0,0
03354,12065,0,0,0
03354,12066,0,0,0
03354,12067,0,0,0
03354,12068,0,0,0
03354,12069,0,0,0
03354,12070,121,101,20
03354,12071,0,0,0
03354,12072,0,0,0
03354,12073,0,0,0
03354,13003,0,0,0
03354,13004,33,10,23
03354,13071,0,0,0
03354,13072,0,0,0
03354,13073,0,0,0
03354,13074,0,0,0
03354,13075,0,0,0
03354,13076,762,618,144
03354,14511,0,0,0
03354,14521,0,0,0
03354,14522,0,0,0
03354,14523,0,0,0
03354,14524,0,0,0
03354,14612,0,0,0
03354,14625,0,0,0
03354,14626,0,0,0
03354,14627,0,0,0
03354,14628,0,0,0
03354,14713,0,0,0
03354,14729,0,0,0
03354,14730,0,0,0
03354,15001,0,0,0
03354,15002,0,0,0
03354,15003,15,0,15
03354,15081,1908,1201,707
03354,15082,0,0,0
03354,15083,19,0,19
03354,15084,0,0,0
03354,15085,0,0,0
03354,15086,0,0,0
03354,15087,0,0,0
03354,15088,0,0,0
03354,15089,0,0,0
03354,15090,266,229,37
03354,15091,0,0,0
03354,16051,0,0,0
03354,16052,0,0,0
03354,16053,0,0,0
03354,16054,0,0,0
03354,16055,0,0,0
03354,16056,0,0,0
03354,16061,0,0,0
03354,16062,0,0,0
03354,16063,0,0,0
03354,16064,0,0,0
03354,16065,0,0,0
03354,16066,0,0,0
03354,16067,0,0,0
03354,16068,0,0,0
03354,16069,0,0,0
03354,16070,0,0,0
03354,16071,0,0,0
03354,16072,0,0,0
03354,16073,0,0,0
03354,16074,0,0,0
03354,16075,0,0,0
03354,16076,0,0,0
03354,16077,0,0,0
03355,01001,13,0,13
03355,01002,102,24,78
03355,01003,160,60,100
03355,01004,64,0,64
03355,01051,33,14,19
03355,01053,2575,792,1783
03355,01054,58,12,46
03355,01055,89,39,50
03355,01056,282,112,170
03355,01057,24,11,13
03355,01058,73,25,48
03355,01059,27,12,15
03355,01060,211,60,151
03355,01061,51,21,30
03355,01062,615,108,507
03355,02000,12600,1814,10786
03355,03101,148,34,114
03355,03102,0,0,0
03355,03103,64,21,43
03355,03151,113,67,46
03355,03153,28,17,11
03355,03154,14,0,14
03355,03155,28,0,28
03355,03157,26,11,15
03355,03158,0,0,0
03355,03159,80,31,49
03355,03241,886,233,653
03355,03251,51,22,29
03355,03252,28,15,13
03355,03254,68,29,39
03355,03255,0,0,0
03355,03256,29,18,11
03355,03257,13,13,0
03355,03351,439,154,285
03355,03352,96,76,20
03355,03353,8078,3440,4638
03355,03354,1269,892,377
03355,03355,0,0,0
03355,03356,15,0,15
03355,03357,159,103,56
03355,03358,813,364,449
03355,03359,475,347,128
03355,03360,5377,3702,1675
03355,03361,125,32,93
03355,03401,0,0,0
03355,03402,0,0,0
03355,03403,36,14,22
03355,03404,19,0,19
03355,03405,0,0,0
03355,03451,0,0,0
03355,03452,12,0,12
03355,03453,0,0,0
03355,03454,44,19,25
03355,03455,10,0,10
03355,03456,19,19,0
03355,03457,10,10,0
03355,03458,21,11,10
03355,03459,52,10,42
03355,03460,11,0,11
03355,03461,0,0,0
03355,03462,0,0,0
03355,04011,226,60,166
03355,04012,36,13,23
03355,05111,102,15,87
03355,05112,15,0,15
03355,05113,54,0,54
03355,05114,0,0,0
03355,05116,21,0,21
03355,05117,0,0,0
03355,05119,0,0,0
03355,05120,0,0,0
03355,05122,0,0,0
03355,05124,10,0,10
03355,05154,13,0,13
03355,05158,31,0,31
03355,05162,19,0,19
03355,05166,12,0,12
03355,05170,12,0,12
03355,05314,34,14,20
03355,05315,137,40,97
03355,05316,0,0,0
03355,05334,44,0,44
03355,05358,0,0,0
03355,05362,37,13,24
03355,05366,0,0,0
03355,05370,0,0,0
03355,05374,17,0,17
03355,05378,10,0,10
03355,05382,64,36,28
03355,05512,0,0,0
03355,05513,0,0,0
03355,05515,43,16,27
03355,05554,12,0,12
03355,05558,10,10,0
03355,05562,23,12,11
03355,05566,12,0,12
03355,05570,0,0,0
03355,05711,60,16,44
03355,05754,22,0,22
03355,05758,0,0,0
03355,05762,0,0,0
03355,05766,12,12,0
03355,05770,12,0,12
03355,05774,10,0,10
03355,05911,12,0,12
03355,05913,51,15,36
03355,05914,0,0,0
03355,05915,13,0,13
03355,05916,0,0,0
03355,05954,0,0,0
03355,05958,0,0,0
03355,05962,0,0,0
03355,05966,0,0,0
03355,05970,0,0,0
03355,05974,0,0,0
03355,05978,15,0,15
03355,06411,21,0,21
03355,06412,126,14,112
03355,06413,0,0,0
03355,06414,19,0,19
03355,06431,0,0,0
03355,06432,0,0,0
03355,06433,0,0,0
03355,06434,28,0,28
03355,06435,43,19,24
03355,06436,34,0,34
03355,06437,0,0,0
03355,06438,24,0,24
03355,06439,0,0,0
03355,06440,10,0,10
03355,06531,0,0,0
03355,06532,0,0,0
03355,06533,0,0,0
03355,06534,11,0,11
03355,06535,0,0,0
03355,06611,32,12,20
03355,06631,0,0,0
03355,06632,0,0,0
03355,06633,11,11,0
03355,06634,0,0,0
03355,06635,0,0,0
03355,06636,0,0,0
03355,07111,0,0,0
03355,07131,0,0,0
03355,07132,0,0,0
03355,07133,0,0,0
03355,07134,0,0,0
03355,07135,0,0,0
03355,07137,0,0,0
03355,07138,0,0,0
03355,07140,0,0,0
03355,07141,0,0,0
03355,07143,0,0,0
03355,07211,0,0,0
03355,07231,0,0,0
03355,07232,0,0,0
03355,07233,0,0,0
03355,07235,0,0,0
03355,07311,0,0,0
03355,07312,0,0,0
03355,07313,0,0,0
03355,07314,0,0,0
03355,07315,0,0,0
03355,07316,0,0,0
03355,07317,0,0,0
03355,07318,0,0,0
03355,07319,0,0,0
03355,07320,0,0,0
03355,07331,0,0,0
03355,07332,0,0,0
03355,07333,0,0,0
03355,07334,0,0,0
03355,07335,0,0,0
03355,07336,0,0,0
03355,07337,0,0,0
03355,07338,0,0,0
03355,07339,0,0,0
03355,07340,0,0,0
03355,08111,37,0,37
03355,08115,13,0,13
03355,08116,24,0,24
03355,08117,0,0,0
03355,08118,19,0,19
03355,08119,0,0,0
03355,08121,0,0,0
03355,08125,18,0,18
03355,08126,15,0,15
03355,08127,0,0,0
03355,08128,0,0,0
03355,08135,0,0,0
03355,08136,0,0,0
03355,08211,0,0,0
03355,08212,14,0,14
03355,08215,16,0,16
03355,08216,0,0,0
03355,08221,11,0,11
03355,08222,32,0,32
03355,08225,0,0,0
03355,08226,17,0,17
03355,08231,0,0,0
03355,08235,0,0,0
03355,08236,11,0,11
03355,08237,0,0,0
03355,08311,24,13,11
03355,08315,10,0,10
03355,08316,0,0,0
03355,08317,0,0,0
03355,08325,0,0,0
03355,08326,0,0,0
03355,08327,0,0,0
03355,08335,0,0,0
03355,08336,0,0,0
03355,08337,0,0,0
03355,08415,0,0,0
03355,08416,0,0,0
03355,08417,0,0,0
03355,08421,14,0,14
03355,08425,0,0,0
03355,08426,0,0,0
03355,08435,0,0,0
03355,08436,0,0,0
03355,08437,0,0,0
03355,09161,14,0,14
03355,09162,188,50,138
03355,09163,0,0,0
03355,09171,0,0,0
03355,09172,0,0,0
03355,09173,0,0,0
03355,09174,0,0,0
03355,09175,0,0,0
03355,09176,0,0,0
03355,09177,0,0,0
03355,09178,16,0,16
03355,09179,0,0,0
03355,09180,0,0,0
03355,09181,0,0,0
03355,09182,0,0,0
03355,09183,0,0,0
03355,09184,40,0,40
03355,09185,0,0,0
03355,09186,0,0,0
03355,09187,0,0,0
03355,09188,0,0,0
03355,09189,0,0,0
03355,09190,0,0,0
03355,09261,0,0,0
03355,09262,0,0,0
03355,09263,0,0,0
03355,09271,0,0,0
03355,09272,0,0,0
03355,09273,0,0,0
03355,09274,0,0,0
03355,09275,0,0,0
03355,09276,0,0,0
03355,09277,0,0,0
03355,09278,0,0,0
03355,09279,0,0,0
03355,09361,0,0,0
03355,09362,0,0,0
03355,09363,0,0,0
03355,09371,0,0,0
03355,09372,0,0,0
03355,09373,0,0,0
03355,09374,0,0,0
03355,09375,0,0,0
03355,09376,0,0,0
03355,09377,0,0,0
03355,09461,0,0,0
03355,09462,0,0,0
03355,09463,0,0,0
03355,09464,0,0,0
03355,09471,0,0,0
03355,09472,0,0,0
03355,09473,0,0,0
03355,09474,0,0,0
03355,09475,21,0,21
03355,09476,0,0,0
03355,09477,0,0,0
03355,09478,0,0,0
03355,09479,0,0,0
03355,09561,0,0,0
03355,09562,0,0,0
03355,09563,0,0,0
03355,09564,55,22,33
03355,09565,0,0,0
03355,09571,0,0,0
03355,09572,0,0,0
03355,09573,0,0,0
03355,09574,0,0,0
03355,09575,0,0,0
03355,09576,0,0,0
03355,09577,0,0,0
03355,09661,0,0,0
03355,09662,0,0,0
03355,09663,0,0,0
03355,09671,0,0,0
03355,09672,0,0,0
03355,09673,0,0,0
03355,09674,0,0,0
03355,09675,0,0,0
03355,09676,0,0,0
03355,09677,0,0,0
03355,09678,0,0,0
03355,09679,0,0,0
03355,09761,10,0,10
03355,09762,0,0,0
03355,09763,0,0,0
03355,09764,0,0,0
03355,09771,0,0,0
03355,09772,0,0,0
03355,09773,0,0,0
03355,09774,0,0,0
03355,09775,10,0,10
03355,09776,0,0,0
03355,09777,0,0,0
03355,09778,0,0,0
03355,09779,0,0,0
03355,09780,0,0,0
03355,10041,10,0,10
03355,10042,0,0,0
03355,10043,0,0,0
03355,10044,12,0,12
03355,10045,0,0,0
03355,10046,0,0,0
03355,11000,584,285,299
03355,12051,0,0,0
03355,12052,0,0,0
03355,12053,0,0,0
03355,12054,17,0,17
03355,12060,0,0,0
03355,12061,0,0,0
03355,12062,0,0,0
03355,12063,16,16,0
03355,12064,0,0,0
03355,12065,0,0,0
03355,12066,0,0,0
03355,12067,0,0,0
03355,12068,13,13,0
03355,12069,11,0,11
03355,12070,54,44,10
03355,12071,0,0,0
03355,12072,0,0,0
03355,12073,0,0,0
03355,13003,39,18,21
03355,13004,126,36,90
03355,13071,50,37,13
03355,13072,51,35,16
03355,13073,32,19,13
03355,13074,58,40,18
03355,13075,43,43,0
03355,13076,1932,1148,784
03355,14511,0,0,0
03355,14521,0,0,0
03355,14522,0,0,0
03355,14523,0,0,0
03355,14524,0,0,0
03355,14612,44,23,21
03355,14625,0,0,0
03355,14626,0,0,0
03355,14627,12,12,0
03355,14628,13,13,0
03355,14713,52,32,20
03355,14729,0,0,0
03355,14730,0,0,0
03355,15001,0,0,0
03355,15002,10,10,0
03355,15003,24,14,10
03355,15081,129,95,34
03355,15082,0,0,0
03355,15083,19,19,0
03355,15084,0,0,0
03355,15085,30,30,0
03355,15086,0,0,0
03355,15087,13,13,0
03355,15088,0,0,0
03355,15089,17,17,0
03355,15090,56,45,11
03355,15091,0,0,0
03355,16051,0,0,0
03355,16052,0,0,0
03355,16053,0,0,0
03355,16054,0,0,0
03355,16055,0,0,0
03355,16056,0,0,0
03355,16061,0,0,0
03355,16062,0,0,0
03355,16063,0,0,0
03355,16064,0,0,0
03355,16065,0,0,0
03355,16066,0,0,0
03355,16067,0,0,0
03355,16068,0,0,0
03355,16069,0,0,0
03355,16070,0,0,0
03355,16071,0,0,0
03355,16072,0,0,0
03355,16073,0,0,0
03355,16074,0,0,0
03355,16075,0,0,0
03355,16076,0,0,0
03355,16077,0,0,0
03356,01001,0,0,0
03356,01002,20,0,20
03356,01003,11,0,11
03356,01004,15,0,15
03356,01051,0,0,0
03356,01053,10,10,0
03356,01054,11,0,11
03356,01055,14,0,14
03356,01056,38,13,25
03356,01057,0,0,0
03356,01058,0,0,0
03356,01059,10,0,10
03356,01060,18,0,18
03356,01061,0,0,0
03356,01062,67,22,45
03356,02000,672,104,568
03356,03101,11,0,11
03356,03102,0,0,0
03356,03103,13,0,13
03356,03151,0,0,0
03356,03153,0,0,0
03356,03154,0,0,0
03356,03155,0,0,0
03356,03157,0,0,0
03356,03158,0,0,0
03356,03159,0,0,0
03356,03241,284,31,253
03356,03251,731,239,492
03356,03252,0,0,0
03356,03254,67,28,39
03356,03255,0,0,0
03356,03256,52,22,30
03356,03257,0,0,0
03356,03351,13,0,13
03356,03352,1689,1149,540
03356,03353,73,27,46
03356,03354,0,0,0
03356,03355,15,15,0
03356,03356,0,0,0
03356,03357,2616,1668,948
03356,03358,88,60,28
03356,03359,141,58,83
03356,03360,12,0,12
03356,03361,1440,504,936
03356,03401,339,115,224
03356,03402,19,0,19
03356,03403,259,65,194
03356,03404,25,0,25
03356,03405,26,0,26
03356,03451,69,26,43
03356,03452,32,10,22
03356,03453,57,20,37
03356,03454,47,17,30
03356,03455,32,11,21
03356,03456,0,0,0
03356,03457,40,15,25
03356,03458,266,124,142
03356,03459,31,12,19
03356,03460,23,0,23
03356,03461,550,166,384
03356,03462,0,0,0
03356,04011,26489,5234,21255
03356,04012,978,256,722
03356,05111,45,0,45
03356,05112,0,0,0
03356,05113,27,0,27
03356,05114,0,0,0
03356,05116,0,0,0
03356,05117,0,0,0
03356,05119,0,0,0
03356,05120,0,0,0
03356,05122,0,0,0
03356,05124,0,0,0
03356,05154,14,0,14
03356,05158,33,0,33
03356,05162,18,0,18
03356,05166,0,0,0
03356,05170,0,0,0
03356,05314,0,0,0
03356,05315,56,14,42
03356,05316,0,0,0
03356,05334,0,0,0
03356,05358,0,0,0
03356,05362,37,27,10
03356,05366,0,0,0
03356,05370,0,0,0
03356,05374,13,0,13
03356,05378,0,0,0
03356,05382,34,18,16
03356,05512,0,0,0
03356,05513,0,0,0
03356,05515,15,0,15
03356,05554,0,0,0
03356,05558,0,0,0
03356,05562,0,0,0
03356,05566,19,0,19
03356,05570,0,0,0
03356,05711,20,0,20
03356,05754,17,0,17
03356,05758,0,0,0
03356,05762,0,0,0
03356,05766,0,0,0
03356,05770,14,0,14
03356,05774,19,19,0
03356,05911,13,0,13
03356,05913,12,0,12
03356,05914,0,0,0
03356,05915,0,0,0
03356,05916,0,0,0
03356,05954,14,0,14
03356,05958,0,0,0
03356,05962,0,0,0
03356,05966,0,0,0
03356,05970,0,0,0
03356,05974,0,0,0
03356,05978,25,0,25
03356,06411,0,0,0
03356,06412,58,0,58
03356,06413,0,0,0
03356,06414,0,0,0
03356,06431,0,0,0
03356,06432,0,0,0
03356,06433,12,0,12
03356,06434,0,0,0
03356,06435,0,0,0
03356,06436,20,0,20
03356,06437,0,0,0
03356,06438,18,0,18
03356,06439,0,0,0
03356,06440,0,0,0
03356,06531,0,0,0
03356,06532,0,0,0
03356,06533,0,0,0
03356,06534,0,0,0
03356,06535,0,0,0
03356,06611,0,0,0
03356,06631,0,0,0
03356,06632,0,0,0
03356,06633,0,0,0
03356,06634,0,0,0
03356,06635,0,0,0
03356,06636,0,0,0
03356,07111,0,0,0
03356,07131,0,0,0
03356,07132,0,0,0
03356,07133,0,0,0
03356,07134,0,0,0
03356,07135,0,0,0
03356,07137,0,0,0
03356,07138,0,0,0
03356,07140,0,0,0
03356,07141,0,0,0
03356,07143,0,0,0
03356,07211,0,0,0
03356,07231,0,0,0
03356,07232,0,0,0
03356,07233,0,0,0
03356,07235,0,0,0
03356,07311,0,0,0
03356,07312,0,0,0
03356,07313,0,0,0
03356,07314,0,0,0
03356,07315,0,0,0
03356,07316,0,0,0
03356,07317,0,0,0
03356,07318,0,0,0
03356,07319,0,0,0
03356,07320,0,0,0
03356,07331,0,0,0
03356,07332,0,0,0
03356,07333,0,0,0
03356,07334,0,0,0
03356,07335,0,0,0
03356,07336,0,0,0
03356,07337,0,0,0
03356,07338,0,0,0
03356,07339,0,0,0
03356,07340,0,0,0
03356,08111,25,0,25
03356,08115,0,0,0
03356,08116,12,0,12
03356,08117,0,0,0
03356,08118,21,0,21
03356,08119,0,0,0
03356,08121,0,0,0
03356,08125,0,0,0
03356,08126,0,0,0
03356,08127,0,0,0
03356,08128,0,0,0
03356,08135,0,0,0
03356,08136,0,0,0
03356,08211,0,0,0
03356,08212,0,0,0
03356,08215,0,0,0
03356,08216,0,0,0
03356,08221,0,0,0
03356,08222,0,0,0
03356,08225,0,0,0
03356,08226,0,0,0
03356,08231,0,0,0
03356,08235,0,0,0
03356,08236,0,0,0
03356,08237,0,0,0
03356,08311,0,0,0
03356,08315,0,0,0
03356,08316,0,0,0
03356,08317,0,0,0
03356,08325,0,0,0
03356,08326,0,0,0
03356,08327,0,0,0
03356,08335,0,0,0
03356,08336,0,0,0
03356,08337,0,0,0
03356,08415,0,0,0
03356,08416,0,0,0
03356,08417,0,0,0
03356,08421,0,0,0
03356,08425,0,0,0
03356,08426,0,0,0
03356,08435,0,0,0
03356,08436,0,0,0
03356,08437,0,0,0
03356,09161,0,0,0
03356,09162,96,17,79
03356,09163,0,0,0
03356,09171,0,0,0
03356,09172,0,0,0
03356,09173,0,0,0
03356,09174,0,0,0
03356,09175,0,0,0
03356,09176,0,0,0
03356,09177,0,0,0
03356,09178,0,0,0
03356,09179,0,0,0
03356,09180,0,0,0
03356,09181,0,0,0
03356,09182,0,0,0
03356,09183,0,0,0
03356,09184,22,0,22
03356,09185,0,0,0
03356,09186,0,0,0
03356,09187,0,0,0
03356,09188,0,0,0
03356,09189,0,0,0
03356,09190,0,0,0
03356,09261,0,0,0
03356,09262,0,0,0
03356,09263,0,0,0
03356,09271,0,0,0
03356,09272,0,0,0
03356,09273,0,0,0
03356,09274,0,0,0
03356,09275,0,0,0
03356,09276,0,0,0
03356,09277,0,0,0
03356,09278,0,0,0
03356,09279,0,0,0
03356,09361,0,0,0
03356,09362,0,0,0
03356,09363,0,0,0
03356,09371,0,0,0
03356,09372,0,0,0
03356,09373,0,0,0
03356,09374,0,0,0
03356,09375,0,0,0
03356,09376,0,0,0
03356,09377,0,0,0
03356,09461,0,0,0
03356,09462,0,0,0
03356,09463,0,0,0
03356,09464,0,0,0
03356,09471,0,0,0
03356,09472,0,0,0
03356,09473,0,0,0
03356,09474,0,0,0
03356,09475,0,0,0
03356,09476,0,0,0
03356,09477,0,0,0
03356,09478,0,0,0
03356,09479,0,0,0
03356,09561,0,0,0
03356,09562,0,0,0
03356,09563,0,0,0
03356,09564,12,0,12
03356,09565,0,0,0
03356,09571,0,0,0
03356,09572,0,0,0
03356,09573,0,0,0
03356,09574,0,0,0
03356,09575,0,0,0
03356,09576,0,0,0
03356,09577,0,0,0
03356,09661,0,0,0
03356,09662,0,0,0
03356,09663,0,0,0
03356,09671,0,0,0
03356,09672,0,0,0
03356,09673,0,0,0
03356,09674,0,0,0
03356,09675,0,0,0
03356,09676,0,0,0
03356,09677,0,0,0
03356,09678,0,0,0
03356,09679,0,0,0
03356,09761,15,0,15
03356,09762,0,0,0
03356,09763,0,0,0
03356,09764,0,0,0
03356,09771,18,18,0
03356,09772,0,0,0
03356,09773,0,0,0
03356,09774,0,0,0
03356,09775,0,0,0
03356,09776,0,0,0
03356,09777,0,0,0
03356,09778,0,0,0
03356,09779,0,0,0
03356,09780,0,0,0
03356,10041,0,0,0
03356,10042,0,0,0
03356,10043,0,0,0
03356,10044,0,0,0
03356,10045,0,0,0
03356,10046,0,0,0
03356,11000,149,35,114
03356,12051,0,0,0
03356,12052,0,0,0
03356,12053,0,0,0
03356,12054,0,0,0
03356,12060,0,0,0
03356,12061,0,0,0
03356,12062,0,0,0
03356,12063,0,0,0
03356,12064,0,0,0
03356,12065,0,0,0
03356,12066,0,0,0
03356,12067,0,0,0
03356,12068,0,0,0
03356,12069,0,0,0
03356,12070,0,0,0
03356,12071,0,0,0
03356,12072,0,0,0
03356,12073,0,0,0
03356,13003,28,28,0
03356,13004,0,0,0
03356,13071,17,17,0
03356,13072,20,20,0
03356,13073,34,34,0
03356,13074,15,15,0
03356,13075,26,26,0
03356,13076,21,21,0
03356,14511,26,0,26
03356,14521,14,14,0
03356,14522,0,0,0
03356,14523,0,0,0
03356,14524,0,0,0
03356,14612,0,0,0
03356,14625,0,0,0
03356,14626,0,0,0
03356,14627,0,0,0
03356,14628,0,0,0
03356,14713,0,0,0
03356,14729,0,0,0
03356,14730,0,0,0
03356,15001,0,0,0
03356,15002,0,0,0
03356,15003,11,11,0
03356,15081,0,0,0
03356,15082,0,0,0
03356,15083,0,0,0
03356,15084,16,16,0
03356,15085,0,0,0
03356,15086,0,0,0
03356,15087,0,0,0
03356,15088,0,0,0
03356,15089,0,0,0
03356,15090,0,0,0
03356,15091,0,0,0
03356,16051,0,0,0
03356,16052,0,0,0
03356,16053,0,0,0
03356,16054,0,0,0
03356,16055,0,0,0
03356,16056,0,0,0
03356,16061,0,0,0
03356,16062,0,0,0
03356,16063,0,0,0
03356,16064,0,0,0
03356,16065,0,0,0
03356,16066,18,0,18
03356,16067,0,0,0
03356,16068,0,0,0
03356,16069,0,0,0
03356,16070,0,0,0
03356,16071,0,0,0
03356,16072,0,0,0
03356,16073,0,0,0
03356,16074,0,0,0
03356,16075,0,0,0
03356,16076,0,0,0
03356,16077,0,0,0
03357,01001,16,0,16
03357,01002,69,26,43
03357,01003,62,12,50
03357,01004,52,11,41
03357,01051,79,66,13
03357,01053,75,38,37
03357,01054,66,31,35
03357,01055,45,28,17
03357,01056,137,51,86
03357,01057,11,11,0
03357,01058,63,38,25
03357,01059,76,43,33
03357,01060,95,34,61
03357,01061,50,40,10
03357,01062,129,29,100
03357,02000,4123,461,3662
03357,03101,27,0,27
03357,03102,0,0,0
03357,03103,14,0,14
03357,03151,22,10,12
03357,03153,0,0,0
03357,03154,0,0,0
03357,03155,31,13,18
03357,03157,0,0,0
03357,03158,0,0,0
03357,03159,33,15,18
03357,03241,535,109,426
03357,03251,584,267,317
03357,03252,0,0,0
03357,03254,52,22,30
03357,03255,0,0,0
03357,03256,194,119,75
03357,03257,10,10,0
03357,03351,164,67,97
03357,03352,2072,1286,786
03357,03353,2145,735,1410
03357,03354,0,0,0
03357,03355,159,56,103
03357,03356,2616,948,1668
03357,03357,0,0,0
03357,03358,3150,1622,1528
03357,03359,5028,2255,2773
03357,03360,75,20,55
03357,03361,5529,2155,3374
03357,03401,133,52,81
03357,03402,13,0,13
03357,03403,161,64,97
03357,03404,45,11,34
03357,03405,18,0,18
03357,03451,73,34,39
03357,03452,68,42,26
03357,03453,91,46,45
03357,03454,82,33,49
03357,03455,34,22,12
03357,03456,11,0,11
03357,03457,65,35,30
03357,03458,162,86,76
03357,03459,60,24,36
03357,03460,115,89,26
03357,03461,104,42,62
03357,03462,0,0,0
03357,04011,5934,968,4966
03357,04012,550,171,379
03357,05111,71,12,59
03357,05112,12,12,0
03357,05113,37,15,22
03357,05114,0,0,0
03357,05116,0,0,0
03357,05117,0,0,0
03357,05119,0,0,0
03357,05120,0,0,0
03357,05122,0,0,0
03357,05124,10,0,10
03357,05154,0,0,0
03357,05158,29,0,29
03357,05162,13,0,13
03357,05166,0,0,0
03357,05170,25,25,0
03357,05314,18,0,18
03357,05315,77,15,62
03357,05316,0,0,0
03357,05334,16,0,16
03357,05358,0,0,0
03357,05362,18,0,18
03357,05366,0,0,0
03357,05370,0,0,0
03357,05374,18,0,18
03357,05378,0,0,0
03357,05382,27,0,27
03357,05512,0,0,0
03357,05513,0,0,0
03357,05515,53,11,42
03357,05554,27,16,11
03357,05558,16,16,0
03357,05562,14,0,14
03357,05566,56,26,30
03357,05570,60,49,11
03357,05711,18,0,18
03357,05754,21,0,21
03357,05758,12,0,12
03357,05762,0,0,0
03357,05766,11,11,0
03357,05770,27,0,27
03357,05774,0,0,0
03357,05911,10,0,10
03357,05913,21,0,21
03357,05914,0,0,0
03357,05915,29,19,10
03357,05916,0,0,0
03357,05954,0,0,0
03357,05958,0,0,0
03357,05962,0,0,0
03357,05966,0,0,0
03357,05970,0,0,0
03357,05974,20,10,10
03357,05978,20,0,20
03357,06411,0,0,0
03357,06412,153,11,142
03357,06413,0,0,0
03357,06414,16,0,16
03357,06431,18,0,18
03357,06432,34,34,0
03357,06433,0,0,0
03357,06434,16,0,16
03357,06435,15,0,15
03357,06436,18,0,18
03357,06437,0,0,0
03357,06438,24,0,24
03357,06439,0,0,0
03357,06440,0,0,0
03357,06531,0,0,0
03357,06532,0,0,0
03357,06533,0,0,0
03357,06534,0,0,0
03357,06535,0,0,0
03357,06611,0,0,0
03357,06631,0,0,0
03357,06632,0,0,0
03357,06633,0,0,0
03357,06634,0,0,0
03357,06635,0,0,0
03357,06636,0,0,0
03357,07111,0,0,0
03357,07131,0,0,0
03357,07132,0,0,0
03357,07133,0,0,0
03357,07134,0,0,0
03357,07135,0,0,0
03357,07137,0,0,0
03357,07138,0,0,0
03357,07140,0,0,0
03357,07141,0,0,0
03357,07143,0,0,0
03357,07211,0,0,0
03357,07231,0,0,0
03357,07232,0,0,0
03357,07233,0,0,0
03357,07235,0,0,0
03357,07311,0,0,0
03357,07312,0,0,0
03357,07313,0,0,0
03357,07314,0,0,0
03357,07315,0,0,0
03357,07316,0,0,0
03357,07317,0,0,0
03357,07318,0,0,0
03357,07319,0,0,0
03357,07320,0,0,0
03357,07331,0,0,0
03357,07332,0,0,0
03357,07333,0,0,0
03357,07334,0,0,0
03357,07335,0,0,0
03357,07336,0,0,0
03357,07337,0,0,0
03357,07338,0,0,0
03357,07339,0,0,0
03357,07340,0,0,0
03357,08111,24,0,24
03357,08115,0,0,0
03357,08116,20,0,20
03357,08117,12,0,12
03357,08118,0,0,0
03357,08119,0,0,0
03357,08121,0,0,0
03357,08125,0,0,0
03357,08126,10,0,10
03357,08127,0,0,0
03357,08128,0,0,0
03357,08135,0,0,0
03357,08136,0,0,0
03357,08211,0,0,0
03357,08212,0,0,0
03357,08215,0,0,0
03357,08216,10,0,10
03357,08221,0,0,0
03357,08222,18,0,18
03357,08225,0,0,0
03357,08226,17,0,17
03357,08231,0,0,0
03357,08235,0,0,0
03357,08236,0,0,0
03357,08237,0,0,0
03357,08311,0,0,0
03357,08315,0,0,0
03357,08316,0,0,0
03357,08317,21,0,21
03357,08325,0,0,0
03357,08326,0,0,0
03357,08327,10,0,10
03357,08335,0,0,0
03357,08336,0,0,0
03357,08337,0,0,0
03357,08415,0,0,0
03357,08416,0,0,0
03357,08417,0,0,0
03357,08421,12,0,12
03357,08425,0,0,0
03357,08426,0,0,0
03357,08435,0,0,0
03357,08436,0,0,0
03357,08437,0,0,0
03357,09161,0,0,0
03357,09162,69,0,69
03357,09163,0,0,0
03357,09171,0,0,0
03357,09172,28,0,28
03357,09173,0,0,0
03357,09174,0,0,0
03357,09175,0,0,0
03357,09176,0,0,0
03357,09177,0,0,0
03357,09178,11,0,11
03357,09179,0,0,0
03357,09180,0,0,0
03357,09181,0,0,0
03357,09182,0,0,0
03357,09183,0,0,0
03357,09184,35,0,35
03357,09185,0,0,0
03357,09186,0,0,0
03357,09187,0,0,0
03357,09188,0,0,0
03357,09189,0,0,0
03357,09190,0,0,0
03357,09261,0,0,0
03357,09262,0,0,0
03357,09263,0,0,0
03357,09271,0,0,0
03357,09272,0,0,0
03357,09273,0,0,0
03357,09274,0,0,0
03357,09275,0,0,0
03357,09276,0,0,0
03357,09277,0,0,0
03357,09278,0,0,0
03357,09279,0,0,0
03357,09361,0,0,0
03357,09362,0,0,0
03357,09363,0,0,0
03357,09371,0,0,0
03357,09372,0,0,0
03357,09373,0,0,0
03357,09374,0,0,0
03357,09375,0,0,0
03357,09376,0,0,0
03357,09377,0,0,0
03357,09461,0,0,0
03357,09462,0,0,0
03357,09463,0,0,0
03357,09464,0,0,0
03357,09471,0,0,0
03357,09472,0,0,0
03357,09473,0,0,0
03357,09474,0,0,0
03357,09475,0,0,0
03357,09476,0,0,0
03357,09477,0,0,0
03357,09478,0,0,0
03357,09479,0,0,0
03357,09561,0,0,0
03357,09562,0,0,0
03357,09563,0,0,0
03357,09564,20,0,20
03357,09565,0,0,0
03357,09571,0,0,0
03357,09572,0,0,0
03357,09573,0,0,0
03357,09574,0,0,0
03357,09575,23,23,0
03357,09576,0,0,0
03357,09577,0,0,0
03357,09661,0,0,0
03357,09662,0,0,0
03357,09663,0,0,0
03357,09671,26,26,0
03357,09672,0,0,0
03357,09673,0,0,0
03357,09674,0,0,0
03357,09675,0,0,0
03357,09676,0,0,0
03357,09677,0,0,0
03357,09678,0,0,0
03357,09679,0,0,0
03357,09761,22,0,22
03357,09762,0,0,0
03357,09763,0,0,0
03357,09764,0,0,0
03357,09771,0,0,0
03357,09772,0,0,0
03357,09773,0,0,0
03357,09774,0,0,0
03357,09775,0,0,0
03357,09776,0,0,0
03357,09777,0,0,0
03357,09778,0,0,0
03357,09779,0,0,0
03357,09780,0,0,0
03357,10041,11,11,0
03357,10042,0,0,0
03357,10043,0,0,0
03357,10044,0,0,0
03357,10045,0,0,0
03357,10046,0,0,0
03357,11000,261,84,177
03357,12051,0,0,0
03357,12052,0,0,0
03357,12053,0,0,0
03357,12054,0,0,0
03357,12060,0,0,0
03357,12061,10,10,0
03357,12062,0,0,0
03357,12063,0,0,0
03357,12064,14,14,0
03357,12065,0,0,0
03357,12066,0,0,0
03357,12067,0,0,0
03357,12068,13,13,0
03357,12069,0,0,0
03357,12070,10,10,0
03357,12071,0,0,0
03357,12072,11,11,0
03357,12073,10,10,0
03357,13003,0,0,0
03357,13004,12,12,0
03357,13071,38,38,0
03357,13072,29,16,13
03357,13073,40,40,0
03357,13074,12,12,0
03357,13075,34,22,12
03357,13076,114,92,22
03357,14511,17,0,17
03357,14521,0,0,0
03357,14522,0,0,0
03357,14523,0,0,0
03357,14524,0,0,0
03357,14612,15,15,0
03357,14625,0,0,0
03357,14626,0,0,0
03357,14627,32,32,0
03357,14628,0,0,0
03357,14713,24,13,11
03357,14729,0,0,0
03357,14730,0,0,0
03357,15001,0,0,0
03357,15002,10,10,0
03357,15003,0,0,0
03357,15081,0,0,0
03357,15082,0,0,0
03357,15083,15,15,0
03357,15084,21,10,11
03357,15085,0,0,0
03357,15086,0,0,0
03357,15087,0,0,0
03357,15088,0,0,0
03357,15089,0,0,0
03357,15090,22,22,0
03357,15091,0,0,0
03357,16051,0,0,0
03357,16052,0,0,0
03357,16053,0,0,0
03357,16054,0,0,0
03357,16055,0,0,0
03357,16056,0,0,0
03357,16061,0,0,0
03357,16062,0,0,0
03357,16063,0,0,0
03357,16064,0,0,0
03357,16065,0,0,0
03357,16066,0,0,0
03357,16067,0,0,0
03357,16068,0,0,0
03357,16069,0,0,0
03357,16070,0,0,0
03357,16071,0,0,0
03357,16072,0,0,0
03357,16073,0,0,0
03357,16074,0,0,0
03357,16075,0,0,0
03357,16076,0,0,0
03357,16077,0,0,0
03358,01001,10,0,10
03358,01002,53,26,27
03358,01003,50,12,38
03358,01004,147,0,147
03358,01051,15,15,0
03358,01053,72,40,32
03358,01054,36,12,24
03358,01055,41,22,19
03358,01056,95,40,55
03358,01057,13,13,0
03358,01058,42,21,21
03358,01059,24,0,24
03358,01060,114,57,57
03358,01061,13,0,13
03358,01062,122,36,86
03358,02000,2628,433,2195
03358,03101,92,37,55
03358,03102,28,17,11
03358,03103,68,21,47
03358,03151,92,60,32
03358,03153,71,71,0
03358,03154,50,14,36
03358,03155,0,0,0
03358,03157,69,39,30
03358,03158,15,15,0
03358,03159,48,20,28
03358,03241,5780,1044,4736
03358,03251,155,61,94
03358,03252,43,23,20
03358,03254,123,54,69
03358,03255,0,0,0
03358,03256,1052,591,461
03358,03257,73,42,31
03358,03351,3201,1939,1262
03358,03352,38,23,15
03358,03353,1694,589,1105
03358,03354,46,46,0
03358,03355,813,449,364
03358,03356,88,28,60
03358,03357,3150,1528,1622
03358,03358,0,0,0
03358,03359,229,83,146
03358,03360,707,521,186
03358,03361,1761,583,1178
03358,03401,34,20,14
03358,03402,21,0,21
03358,03403,131,111,20
03358,03404,25,0,25
03358,03405,0,0,0
03358,03451,29,29,0
03358,03452,27,13,14
03358,03453,54,40,14
03358,03454,49,21,28
03358,03455,18,18,0
03358,03456,30,16,14
03358,03457,0,0,0
03358,03458,68,49,19
03358,03459,48,35,13
03358,03460,46,30,16
03358,03461,0,0,0
03358,03462,0,0,0
03358,04011,765,177,588
03358,04012,57,28,29
03358,05111,43,0,43
03358,05112,23,10,13
03358,05113,22,0,22
03358,05114,0,0,0
03358,05116,0,0,0
03358,05117,0,0,0
03358,05119,0,0,0
03358,05120,0,0,0
03358,05122,0,0,0
03358,05124,0,0,0
03358,05154,0,0,0
03358,05158,39,10,29
03358,05162,24,0,24
03358,05166,0,0,0
03358,05170,26,14,12
03358,05314,11,11,0
03358,05315,68,0,68
03358,05316,0,0,0
03358,05334,26,11,15
03358,05358,37,0,37
03358,05362,54,17,37
03358,05366,0,0,0
03358,05370,10,0,10
03358,05374,13,0,13
03358,05378,0,0,0
03358,05382,29,11,18
03358,05512,0,0,0
03358,05513,0,0,0
03358,05515,12,0,12
03358,05554,0,0,0
03358,05558,0,0,0
03358,05562,74,22,52
03358,05566,31,20,11
03358,05570,13,0,13
03358,05711,28,0,28
03358,05754,41,11,30
03358,05758,0,0,0
03358,05762,0,0,0
03358,05766,29,15,14
03358,05770,49,15,34
03358,05774,10,0,10
03358,05911,0,0,0
03358,05913,17,0,17
03358,05914,0,0,0
03358,05915,0,0,0
03358,05916,0,0,0
03358,05954,0,0,0
03358,05958,0,0,0
03358,05962,0,0,0
03358,05966,0,0,0
03358,05970,0,0,0
03358,05974,0,0,0
03358,05978,0,0,0
03358,06411,0,0,0
03358,06412,86,0,86
03358,06413,0,0,0
03358,06414,19,0,19
03358,06431,0,0,0
03358,06432,0,0,0
03358,06433,15,0,15
03358,06434,11,0,11
03358,06435,0,0,0
03358,06436,18,0,18
03358,06437,0,0,0
03358,06438,17,0,17
03358,06439,0,0,0
03358,06440,0,0,0
03358,06531,0,0,0
03358,06532,0,0,0
03358,06533,0,0,0
03358,06534,11,0,11
03358,06535,0,0,0
03358,06611,15,0,15
03358,06631,14,0,14
03358,06632,0,0,0
03358,06633,0,0,0
03358,06634,0,0,0
03358,06635,0,0,0
03358,06636,0,0,0
03358,07111,0,0,0
03358,07131,0,0,0
03358,07132,0,0,0
03358,07133,0,0,0
03358,07134,0,0,0
03358,07135,0,0,0
03358,07137,0,0,0
03358,07138,0,0,0
03358,07140,0,0,0
03358,07141,0,0,0
03358,07143,0,0,0
03358,07211,0,0,0
03358,07231,0,0,0
03358,07232,0,0,0
03358,07233,0,0,0
03358,07235,0,0,0
03358,07311,0,0,0
03358,07312,0,0,0
03358,07313,0,0,0
03358,07314,0,0,0
03358,07315,0,0,0
03358,07316,0,0,0
03358,07317,0,0,0
03358,07318,0,0,0
03358,07319,0,0,0
03358,07320,0,0,0
03358,07331,0,0,0
03358,07332,0,0,0
03358,07333,0,0,0
03358,07334,0,0,0
03358,07335,0,0,0
03358,07336,0,0,0
03358,07337,0,0,0
03358,07338,0,0,0
03358,07339,0,0,0
03358,07340,0,0,0
03358,08111,14,0,14
03358,08115,0,0,0
03358,08116,14,0,14
03358,08117,0,0,0
03358,08118,17,0,17
03358,08119,11,0,11
03358,08121,0,0,0
03358,08125,12,0,12
03358,08126,11,0,11
03358,08127,0,0,0
03358,08128,0,0,0
03358,08135,0,0,0
03358,08136,0,0,0
03358,08211,0,0,0
03358,08212,25,0,25
03358,08215,15,0,15
03358,08216,0,0,0
03358,08221,0,0,0
03358,08222,23,0,23
03358,08225,0,0,0
03358,08226,19,0,19
03358,08231,0,0,0
03358,08235,0,0,0
03358,08236,0,0,0
03358,08237,0,0,0
03358,08311,0,0,0
03358,08315,0,0,0
03358,08316,0,0,0
03358,08317,10,0,10
03358,08325,0,0,0
03358,08326,0,0,0
03358,08327,0,0,0
03358,08335,0,0,0
03358,08336,0,0,0
03358,08337,0,0,0
03358,08415,0,0,0
03358,08416,0,0,0
03358,08417,0,0,0
03358,08421,0,0,0
03358,08425,0,0,0
03358,08426,0,0,0
03358,08435,10,0,10
03358,08436,11,0,11
03358,08437,0,0,0
03358,09161,0,0,0
03358,09162,95,0,95
03358,09163,0,0,0
03358,09171,0,0,0
03358,09172,0,0,0
03358,09173,0,0,0
03358,09174,0,0,0
03358,09175,0,0,0
03358,09176,0,0,0
03358,09177,0,0,0
03358,09178,11,0,11
03358,09179,0,0,0
03358,09180,0,0,0
03358,09181,0,0,0
03358,09182,0,0,0
03358,09183,0,0,0
03358,09184,42,0,42
03358,09185,0,0,0
03358,09186,0,0,0
03358,09187,0,0,0
03358,09188,0,0,0
03358,09189,18,0,18
03358,09190,0,0,0
03358,09261,0,0,0
03358,09262,0,0,0
03358,09263,0,0,0
03358,09271,0,0,0
03358,09272,0,0,0
03358,09273,0,0,0
03358,09274,0,0,0
03358,09275,0,0,0
03358,09276,0,0,0
03358,09277,0,0,0
03358,09278,0,0,0
03358,09279,0,0,0
03358,09361,0,0,0
03358,09362,0,0,0
03358,09363,0,0,0
03358,09371,0,0,0
03358,09372,0,0,0
03358,09373,0,0,0
03358,09374,0,0,0
03358,09375,0,0,0
03358,09376,0,0,0
03358,09377,0,0,0
03358,09461,0,0,0
03358,09462,0,0,0
03358,09463,0,0,0
03358,09464,0,0,0
03358,09471,0,0,0
03358,09472,0,0,0
03358,09473,0,0,0
03358,09474,20,0,20
03358,09475,0,0,0
03358,09476,0,0,0
03358,09477,0,0,0
03358,09478,0,0,0
03358,09479,0,0,0
03358,09561,0,0,0
03358,09562,0,0,0
03358,09563,0,0,0
03358,09564,16,0,16
03358,09565,0,0,0
03358,09571,0,0,0
03358,09572,0,0,0
03358,09573,0,0,0
03358,09574,0,0,0
03358,09575,0,0,0
03358,09576,0,0,0
03358,09577,0,0,0
03358,09661,0,0,0
03358,09662,0,0,0
03358,09663,0,0,0
03358,09671,0,0,0
03358,09672,0,0,0
03358,09673,0,0,0
03358,09674,0,0,0
03358,09675,0,0,0
03358,09676,0,0,0
03358,09677,0,0,0
03358,09678,0,0,0
03358,09679,0,0,0
03358,09761,0,0,0
03358,09762,0,0,0
03358,09763,0,0,0
03358,09764,0,0,0
03358,09771,0,0,0
03358,09772,0,0,0
03358,09773,0,0,0
03358,09774,20,20,0
03358,09775,0,0,0
03358,09776,0,0,0
03358,09777,0,0,0
03358,09778,0,0,0
03358,09779,0,0,0
03358,09780,0,0,0
03358,10041,15,0,15
03358,10042,0,0,0
03358,10043,0,0,0
03358,10044,0,0,0
03358,10045,0,0,0
03358,10046,0,0,0
03358,11000,243,103,140
03358,12051,0,0,0
03358,12052,0,0,0
03358,12053,0,0,0
03358,12054,0,0,0
03358,12060,0,0,0
03358,12061,0,0,0
03358,12062,0,0,0
03358,12063,12,0,12
03358,12064,0,0,0
03358,12065,15,15,0
03358,12066,0,0,0
03358,12067,0,0,0
03358,12068,0,0,0
03358,12069,0,0,0
03358,12070,0,0,0
03358,12071,0,0,0
03358,12072,0,0,0
03358,12073,0,0,0
03358,13003,0,0,0
03358,13004,0,0,0
03358,13071,0,0,0
03358,13072,23,23,0
03358,13073,21,21,0
03358,13074,23,10,13
03358,13075,15,15,0
03358,13076,38,27,11
03358,14511,0,0,0
03358,14521,0,0,0
03358,14522,12,12,0
03358,14523,0,0,0
03358,14524,0,0,0
03358,14612,11,0,11
03358,14625,0,0,0
03358,14626,59,59,0
03358,14627,0,0,0
03358,14628,0,0,0
03358,14713,0,0,0
03358,14729,0,0,0
03358,14730,0,0,0
03358,15001,0,0,0
03358,15002,14,14,0
03358,15003,21,11,10
03358,15081,40,40,0
03358,15082,0,0,0
03358,15083,29,16,13
03358,15084,73,0,73
03358,15085,29,29,0
03358,15086,0,0,0
03358,15087,0,0,0
03358,15088,0,0,0
03358,15089,10,10,0
03358,15090,53,53,0
03358,15091,0,0,0
03358,16051,0,0,0
03358,16052,0,0,0
03358,16053,0,0,0
03358,16054,0,0,0
03358,16055,0,0,0
03358,16056,0,0,0
03358,16061,15,15,0
03358,16062,0,0,0
03358,16063,0,0,0
03358,16064,0,0,0
03358,16065,0,0,0
03358,16066,0,0,0
03358,16067,0,0,0
03358,16068,0,0,0
03358,16069,0,0,0
03358,16070,0,0,0
03358,16071,0,0,0
03358,16072,0,0,0
03358,16073,0,0,0
03358,16074,0,0,0
03358,16075,0,0,0
03358,16076,0,0,0
03358,16077,0,0,0
03359,01001,31,15,16
03359,01002,132,39,93
03359,01003,122,34,88
03359,01004,48,18,30
03359,01051,142,82,60
03359,01053,139,77,62
03359,01054,96,63,33
03359,01055,63,29,34
03359,01056,488,163,325
03359,01057,12,12,0
03359,01058,76,38,38
03359,01059,35,21,14
03359,01060,291,71,220
03359,01061,184,49,135
03359,01062,304,75,229
03359,02000,23677,2424,21253
03359,03101,57,19,38
03359,03102,0,0,0
03359,03103,16,0,16
03359,03151,15,15,0
03359,03153,24,13,11
03359,03154,0,0,0
03359,03155,0,0,0
03359,03157,10,10,0
03359,03158,11,11,0
03359,03159,42,20,22
03359,03241,403,90,313
03359,03251,70,26,44
03359,03252,0,0,0
03359,03254,43,17,26
03359,03255,0,0,0
03359,03256,33,22,11
03359,03257,28,28,0
03359,03351,87,28,59
03359,03352,4709,3369,1340
03359,03353,4987,2118,2869
03359,03354,13,13,0
03359,03355,475,128,347
03359,03356,141,83,58
03359,03357,5028,2773,2255
03359,03358,229,146,83
03359,03359,0,0,0
03359,03360,51,23,28
03359,03361,136,48,88
03359,03401,34,10,24
03359,03402,28,10,18
03359,03403,86,28,58
03359,03404,51,0,51
03359,03405,34,21,13
03359,03451,14,14,0
03359,03452,40,24,16
03359,03453,42,21,21
03359,03454,45,20,25
03359,03455,10,10,0
03359,03456,0,0,0
03359,03457,68,35,33
03359,03458,62,30,32
03359,03459,23,0,23
03359,03460,26,12,14
03359,03461,79,40,39
03359,03462,0,0,0
03359,04011,567,109,458
03359,04012,132,51,81
03359,05111,134,0,134
03359,05112,24,0,24
03359,05113,67,14,53
03359,05114,10,0,10
03359,05116,10,0,10
03359,05117,0,0,0
03359,05119,0,0,0
03359,05120,0,0,0
03359,05122,0,0,0
03359,05124,0,0,0
03359,05154,0,0,0
03359,05158,43,0,43
03359,05162,32,20,12
03359,05166,23,10,13
03359,05170,46,17,29
03359,05314,16,0,16
03359,05315,99,11,88
03359,05316,0,0,0
03359,05334,42,12,30
03359,05358,0,0,0
03359,05362,23,0,23
03359,05366,0,0,0
03359,05370,0,0,0
03359,05374,42,0,42
03359,05378,0,0,0
03359,05382,13,0,13
03359,05512,0,0,0
03359,05513,40,0,40
03359,05515,32,13,19
03359,05554,11,0,11
03359,05558,21,0,21
03359,05562,15,0,15
03359,05566,68,22,46
03359,05570,11,11,0
03359,05711,25,0,25
03359,05754,19,0,19
03359,05758,16,0,16
03359,05762,13,13,0
03359,05766,10,10,0
03359,05770,48,18,30
03359,05774,0,0,0
03359,05911,13,0,13
03359,05913,52,0,52
03359,05914,0,0,0
03359,05915,0,0,0
03359,05916,0,0,0
03359,05954,0,0,0
03359,05958,0,0,0
03359,05962,0,0,0
03359,05966,0,0,0
03359,05970,0,0,0
03359,05974,10,0,10
03359,05978,44,0,44
03359,06411,0,0,0
03359,06412,98,13,85
03359,06413,0,0,0
03359,06414,29,0,29
03359,06431,0,0,0
03359,06432,0,0,0
03359,06433,27,0,27
03359,06434,53,11,42
03359,06435,19,0,19
03359,06436,33,0,33
03359,06437,12,0,12
03359,06438,41,10,31
03359,06439,15,0,15
03359,06440,0,0,0
03359,06531,0,0,0
03359,06532,10,0,10
03359,06533,0,0,0
03359,06534,0,0,0
03359,06535,0,0,0
03359,06611,0,0,0
03359,06631,0,0,0
03359,06632,0,0,0
03359,06633,0,0,0
03359,06634,0,0,0
03359,06635,0,0,0
03359,06636,0,0,0
03359,07111,0,0,0
03359,07131,0,0,0
03359,07132,0,0,0
03359,07133,0,0,0
03359,07134,0,0,0
03359,07135,0,0,0
03359,07137,16,0,16
03359,07138,0,0,0
03359,07140,0,0,0
03359,07141,0,0,0
03359,07143,0,0,0
03359,07211,0,0,0
03359,07231,0,0,0
03359,07232,0,0,0
03359,07233,0,0,0
03359,07235,0,0,0
03359,07311,0,0,0
03359,07312,0,0,0
03359,07313,0,0,0
03359,07314,0,0,0
03359,07315,0,0,0
03359,07316,0,0,0
03359,07317,0,0,0
03359,07318,10,0,10
03359,07319,0,0,0
03359,07320,0,0,0
03359,07331,0,0,0
03359,07332,0,0,0
03359,07333,0,0,0
03359,07334,0,0,0
03359,07335,0,0,0
03359,07336,0,0,0
03359,07337,0,0,0
03359,07338,0,0,0
03359,07339,0,0,0
03359,07340,0,0,0
03359,08111,37,0,37
03359,08115,0,0,0
03359,08116,26,0,26
03359,08117,0,0,0
03359,08118,14,0,14
03359,08119,0,0,0
03359,08121,0,0,0
03359,08125,14,0,14
03359,08126,12,0,12
03359,08127,0,0,0
03359,08128,0,0,0
03359,08135,0,0,0
03359,08136,0,0,0
03359,08211,0,0,0
03359,08212,13,0,13
03359,08215,14,0,14
03359,08216,0,0,0
03359,08221,24,0,24
03359,08222,18,0,18
03359,08225,0,0,0
03359,08226,35,15,20
03359,08231,0,0,0
03359,08235,0,0,0
03359,08236,0,0,0
03359,08237,0,0,0
03359,08311,0,0,0
03359,08315,29,18,11
03359,08316,0,0,0
03359,08317,21,0,21
03359,08325,0,0,0
03359,08326,0,0,0
03359,08327,0,0,0
03359,08335,0,0,0
03359,08336,0,0,0
03359,08337,0,0,0
03359,08415,0,0,0
03359,08416,0,0,0
03359,08417,0,0,0
03359,08421,13,0,13
03359,08425,0,0,0
03359,08426,23,0,23
03359,08435,15,0,15
03359,08436,0,0,0
03359,08437,0,0,0
03359,09161,0,0,0
03359,09162,119,18,101
03359,09163,0,0,0
03359,09171,0,0,0
03359,09172,10,0,10
03359,09173,0,0,0
03359,09174,0,0,0
03359,09175,0,0,0
03359,09176,0,0,0
03359,09177,13,0,13
03359,09178,18,0,18
03359,09179,0,0,0
03359,09180,0,0,0
03359,09181,0,0,0
03359,09182,0,0,0
03359,09183,0,0,0
03359,09184,44,0,44
03359,09185,0,0,0
03359,09186,10,0,10
03359,09187,0,0,0
03359,09188,0,0,0
03359,09189,0,0,0
03359,09190,0,0,0
03359,09261,0,0,0
03359,09262,0,0,0
03359,09263,0,0,0
03359,09271,0,0,0
03359,09272,0,0,0
03359,09273,0,0,0
03359,09274,0,0,0
03359,09275,0,0,0
03359,09276,0,0,0
03359,09277,0,0,0
03359,09278,0,0,0
03359,09279,0,0,0
03359,09361,0,0,0
03359,09362,0,0,0
03359,09363,0,0,0
03359,09371,0,0,0
03359,09372,0,0,0
03359,09373,0,0,0
03359,09374,0,0,0
03359,09375,0,0,0
03359,09376,0,0,0
03359,09377,0,0,0
03359,09461,0,0,0
03359,09462,0,0,0
03359,09463,0,0,0
03359,09464,0,0,0
03359,09471,0,0,0
03359,09472,0,0,0
03359,09473,0,0,0
03359,09474,0,0,0
03359,09475,11,0,11
03359,09476,0,0,0
03359,09477,0,0,0
03359,09478,0,0,0
03359,09479,0,0,0
03359,09561,0,0,0
03359,09562,0,0,0
03359,09563,0,0,0
03359,09564,30,0,30
03359,09565,0,0,0
03359,09571,0,0,0
03359,09572,0,0,0
03359,09573,0,0,0
03359,09574,0,0,0
03359,09575,0,0,0
03359,09576,0,0,0
03359,09577,0,0,0
03359,09661,0,0,0
03359,09662,0,0,0
03359,09663,0,0,0
03359,09671,0,0,0
03359,09672,0,0,0
03359,09673,0,0,0
03359,09674,0,0,0
03359,09675,0,0,0
03359,09676,0,0,0
03359,09677,0,0,0
03359,09678,0,0,0
03359,09679,0,0,0
03359,09761,86,0,86
03359,09762,0,0,0
03359,09763,0,0,0
03359,09764,0,0,0
03359,09771,0,0,0
03359,09772,0,0,0
03359,09773,0,0,0
03359,09774,0,0,0
03359,09775,0,0,0
03359,09776,0,0,0
03359,09777,0,0,0
03359,09778,0,0,0
03359,09779,11,0,11
03359,09780,0,0,0
03359,10041,10,0,10
03359,10042,0,0,0
03359,10043,0,0,0
03359,10044,0,0,0
03359,10045,0,0,0
03359,10046,0,0,0
03359,11000,331,91,240
03359,12051,0,0,0
03359,12052,0,0,0
03359,12053,0,0,0
03359,12054,16,16,0
03359,12060,0,0,0
03359,12061,0,0,0
03359,12062,11,11,0
03359,12063,0,0,0
03359,12064,0,0,0
03359,12065,19,0,19
03359,12066,0,0,0
03359,12067,0,0,0
03359,12068,0,0,0
03359,12069,17,17,0
03359,12070,11,11,0
03359,12071,0,0,0
03359,12072,0,0,0
03359,12073,0,0,0
03359,13003,70,38,32
03359,13004,13,13,0
03359,13071,79,64,15
03359,13072,46,32,14
03359,13073,56,44,12
03359,13074,39,23,16
03359,13075,61,49,12
03359,13076,95,76,19
03359,14511,0,0,0
03359,14521,0,0,0
03359,14522,0,0,0
03359,14523,0,0,0
03359,14524,0,0,0
03359,14612,48,0,48
03359,14625,11,11,0
03359,14626,0,0,0
03359,14627,12,12,0
03359,14628,0,0,0
03359,14713,12,0,12
03359,14729,14,14,0
03359,14730,0,0,0
03359,15001,0,0,0
03359,15002,0,0,0
03359,15003,0,0,0
03359,15081,39,16,23
03359,15082,33,14,19
03359,15083,0,0,0
03359,15084,12,12,0
03359,15085,10,10,0
03359,15086,0,0,0
03359,15087,0,0,0
03359,15088,40,22,18
03359,15089,17,17,0
03359,15090,0,0,0
03359,15091,0,0,0
03359,16051,0,0,0
03359,16052,0,0,0
03359,16053,0,0,0
03359,16054,0,0,0
03359,16055,0,0,0
03359,16056,0,0,0
03359,16061,0,0,0
03359,16062,0,0,0
03359,16063,0,0,0
03359,16064,0,0,0
03359,16065,0,0,0
03359,16066,0,0,0
03359,16067,0,0,0
03359,16068,0,0,0
03359,16069,0,0,0
03359,16070,0,0,0
03359,16071,0,0,0
03359,16072,0,0,0
03359,16073,0,0,0
03359,16074,0,0,0
03359,16075,0,0,0
03359,16076,0,0,0
03359,16077,0,0,0
03360,01001,0,0,0
03360,01002,19,0,19
03360,01003,22,0,22
03360,01004,27,0,27
03360,01051,13,13,0
03360,01053,175,34,141
03360,01054,11,0,11
03360,01055,31,12,19
03360,01056,41,12,29
03360,01057,0,0,0
03360,01058,28,15,13
03360,01059,11,11,0
03360,01060,63,14,49
03360,01061,0,0,0
03360,01062,89,19,70
03360,02000,1903,292,1611
03360,03101,162,38,124
03360,03102,13,0,13
03360,03103,388,38,350
03360,03151,1100,583,517
03360,03153,19,0,19
03360,03154,46,14,32
03360,03155,16,16,0
03360,03157,26,10,16
03360,03158,26,12,14
03360,03159,55,36,19
03360,03241,715,169,546
03360,03251,22,12,10
03360,03252,0,0,0
03360,03254,57,33,24
03360,03255,0,0,0
03360,03256,11,0,11
03360,03257,20,10,10
03360,03351,1237,444,793
03360,03352,10,10,0
03360,03353,562,145,417
03360,03354,2035,1420,615
03360,03355,5377,1675,3702
03360,03356,12,12,0
03360,03357,75,55,20
03360,03358,707,186,521
03360,03359,51,28,23
03360,03360,0,0,0
03360,03361,68,42,26
03360,03401,0,0,0
03360,03402,0,0,0
03360,03403,15,0,15
03360,03404,0,0,0
03360,03405,0,0,0
03360,03451,0,0,0
03360,03452,0,0,0
03360,03453,0,0,0
03360,03454,29,0,29
03360,03455,0,0,0
03360,03456,0,0,0
03360,03457,0,0,0
03360,03458,0,0,0
03360,03459,12,0,12
03360,03460,0,0,0
03360,03461,0,0,0
03360,03462,0,0,0
03360,04011,82,39,43
03360,04012,0,0,0
03360,05111,20,0,20
03360,05112,0,0,0
03360,05113,29,0,29
03360,05114,0,0,0
03360,05116,0,0,0
03360,05117,0,0,0
03360,05119,0,0,0
03360,05120,0,0,0
03360,05122,0,0,0
03360,05124,0,0,0
03360,05154,0,0,0
03360,05158,0,0,0
03360,05162,0,0,0
03360,05166,0,0,0
03360,05170,0,0,0
03360,05314,10,0,10
03360,05315,33,0,33
03360,05316,0,0,0
03360,05334,10,0,10
03360,05358,0,0,0
03360,05362,0,0,0
03360,05366,0,0,0
03360,05370,0,0,0
03360,05374,0,0,0
03360,05378,0,0,0
03360,05382,17,0,17
03360,05512,0,0,0
03360,05513,0,0,0
03360,05515,0,0,0
03360,05554,0,0,0
03360,05558,0,0,0
03360,05562,0,0,0
03360,05566,0,0,0
03360,05570,0,0,0
03360,05711,0,0,0
03360,05754,15,0,15
03360,05758,0,0,0
03360,05762,0,0,0
03360,05766,0,0,0
03360,05770,0,0,0
03360,05774,0,0,0
03360,05911,0,0,0
03360,05913,0,0,0
03360,05914,0,0,0
03360,05915,0,0,0
03360,05916,0,0,0
03360,05954,0,0,0
03360,05958,0,0,0
03360,05962,0,0,0
03360,05966,0,0,0
03360,05970,0,0,0
03360,05974,0,0,0
03360,05978,0,0,0
03360,06411,0,0,0
03360,06412,41,0,41
03360,06413,0,0,0
03360,06414,0,0,0
03360,06431,0,0,0
03360,06432,0,0,0
03360,06433,0,0,0
03360,06434,16,0,16
03360,06435,0,0,0
03360,06436,0,0,0
03360,06437,0,0,0
03360,06438,0,0,0
03360,06439,0,0,0
03360,06440,0,0,0
03360,06531,0,0,0
03360,06532,0,0,0
03360,06533,0,0,0
03360,06534,0,0,0
03360,06535,0,0,0
03360,06611,0,0,0
03360,06631,0,0,0
03360,06632,0,0,0
03360,06633,0,0,0
03360,06634,0,0,0
03360,06635,0,0,0
03360,06636,0,0,0
03360,07111,0,0,0
03360,07131,0,0,0
03360,07132,0,0,0
03360,07133,0,0,0
03360,07134,0,0,0
03360,07135,0,0,0
03360,07137,0,0,0
03360,07138,0,0,0
03360,07140,0,0,0
03360,07141,0,0,0
03360,07143,0,0,0
03360,07211,0,0,0
03360,07231,0,0,0
03360,07232,0,0,0
03360,07233,0,0,0
03360,07235,0,0,0
03360,07311,0,0,0
03360,07312,0,0,0
03360,07313,0,0,0
03360,07314,0,0,0
03360,07315,0,0,0
03360,07316,0,0,0
03360,07317,0,0,0
03360,07318,0,0,0
03360,07319,0,0,0
03360,07320,0,0,0
03360,07331,0,0,0
03360,07332,0,0,0
03360,07333,0,0,0
03360,07334,0,0,0
03360,07335,0,0,0
03360,07336,0,0,0
03360,07337,0,0,0
03360,07338,0,0,0
03360,07339,0,0,0
03360,07340,0,0,0
03360,08111,18,0,18
03360,08115,0,0,0
03360,08116,0,0,0
03360,08117,0,0,0
03360,08118,0,0,0
03360,08119,0,0,0
03360,08121,0,0,0
03360,08125,0,0,0
03360,08126,0,0,0
03360,08127,0,0,0
03360,08128,0,0,0
03360,08135,0,0,0
03360,08136,0,0,0
03360,08211,0,0,0
03360,08212,0,0,0
03360,08215,0,0,0
03360,08216,0,0,0
03360,08221,0,0,0
03360,08222,10,0,10
03360,08225,0,0,0
03360,08226,0,0,0
03360,08231,0,0,0
03360,08235,0,0,0
03360,08236,0,0,0
03360,08237,0,0,0
03360,08311,0,0,0
03360,08315,0,0,0
03360,08316,0,0,0
03360,08317,0,0,0
03360,08325,0,0,0
03360,08326,0,0,0
03360,08327,0,0,0
03360,08335,0,0,0
03360,08336,0,0,0
03360,08337,0,0,0
03360,08415,0,0,0
03360,08416,0,0,0
03360,08417,0,0,0
03360,08421,0,0,0
03360,08425,0,0,0
03360,08426,0,0,0
03360,08435,0,0,0
03360,08436,0,0,0
03360,08437,0,0,0
03360,09161,0,0,0
03360,09162,38,0,38
03360,09163,0,0,0
03360,09171,0,0,0
03360,09172,0,0,0
03360,09173,0,0,0
03360,09174,0,0,0
03360,09175,0,0,0
03360,09176,0,0,0
03360,09177,0,0,0
03360,09178,0,0,0
03360,09179,0,0,0
03360,09180,0,0,0
03360,09181,0,0,0
03360,09182,0,0,0
03360,09183,0,0,0
03360,09184,15,0,15
03360,09185,0,0,0
03360,09186,0,0,0
03360,09187,0,0,0
03360,09188,0,0,0
03360,09189,0,0,0
03360,09190,0,0,0
03360,09261,0,0,0
03360,09262,0,0,0
03360,09263,0,0,0
03360,09271,0,0,0
03360,09272,0,0,0
03360,09273,0,0,0
03360,09274,0,0,0
03360,09275,0,0,0
03360,09276,0,0,0
03360,09277,0,0,0
03360,09278,0,0,0
03360,09279,0,0,0
03360,09361,0,0,0
03360,09362,0,0,0
03360,09363,0,0,0
03360,09371,0,0,0
03360,09372,0,0,0
03360,09373,0,0,0
03360,09374,0,0,0
03360,09375,0,0,0
03360,09376,0,0,0
03360,09377,0,0,0
03360,09461,0,0,0
03360,09462,0,0,0
03360,09463,0,0,0
03360,09464,0,0,0
03360,09471,0,0,0
03360,09472,0,0,0
03360,09473,0,0,0
03360,09474,0,0,0
03360,09475,0,0,0
03360,09476,0,0,0
03360,09477,0,0,0
03360,09478,0,0,0
03360,09479,0,0,0
03360,09561,0,0,0
03360,09562,0,0,0
03360,09563,0,0,0
03360,09564,22,0,22
03360,09565,0,0,0
03360,09571,0,0,0
03360,09572,0,0,0
03360,09573,0,0,0
03360,09574,0,0,0
03360,09575,0,0,0
03360,09576,0,0,0
03360,09577,0,0,0
03360,09661,0,0,0
03360,09662,0,0,0
03360,09663,0,0,0
03360,09671,0,0,0
03360,09672,0,0,0
03360,09673,0,0,0
03360,09674,0,0,0
03360,09675,0,0,0
03360,09676,0,0,0
03360,09677,0,0,0
03360,09678,0,0,0
03360,09679,0,0,0
03360,09761,0,0,0
03360,09762,0,0,0
03360,09763,0,0,0
03360,09764,0,0,0
03360,09771,0,0,0
03360,09772,0,0,0
03360,09773,0,0,0
03360,09774,0,0,0
03360,09775,0,0,0
03360,09776,0,0,0
03360,09777,0,0,0
03360,09778,0,0,0
03360,09779,0,0,0
03360,09780,0,0,0
03360,10041,0,0,0
03360,10042,0,0,0
03360,10043,0,0,0
03360,10044,0,0,0
03360,10045,0,0,0
03360,10046,0,0,0
03360,11000,129,39,90
03360,12051,0,0,0
03360,12052,0,0,0
03360,12053,0,0,0
03360,12054,0,0,0
03360,12060,0,0,0
03360,12061,0,0,0
03360,12062,0,0,0
03360,12063,0,0,0
03360,12064,11,11,0
03360,12065,10,10,0
03360,12066,0,0,0
03360,12067,0,0,0
03360,12068,10,0,10
03360,12069,0,0,0
03360,12070,21,21,0
03360,12071,0,0,0
03360,12072,0,0,0
03360,12073,0,0,0
03360,13003,0,0,0
03360,13004,51,0,51
03360,13071,15,0,15
03360,13072,27,27,0
03360,13073,0,0,0
03360,13074,0,0,0
03360,13075,0,0,0
03360,13076,132,101,31
03360,14511,0,0,0
03360,14521,0,0,0
03360,14522,0,0,0
03360,14523,0,0,0
03360,14524,0,0,0
03360,14612,0,0,0
03360,14625,0,0,0
03360,14626,0,0,0
03360,14627,0,0,0
03360,14628,0,0,0
03360,14713,10,0,10
03360,14729,0,0,0
03360,14730,0,0,0
03360,15001,0,0,0
03360,15002,0,0,0
03360,15003,29,17,12
03360,15081,1176,956,220
03360,15082,0,0,0
03360,15083,20,20,0
03360,15084,0,0,0
03360,15085,0,0,0
03360,15086,10,10,0
03360,15087,10,0,10
03360,15088,0,0,0
03360,15089,11,11,0
03360,15090,67,50,17
03360,15091,0,0,0
03360,16051,0,0,0
03360,16052,0,0,0
03360,16053,0,0,0
03360,16054,0,0,0
03360,16055,0,0,0
03360,16056,0,0,0
03360,16061,0,0,0
03360,16062,0,0,0
03360,16063,0,0,0
03360,16064,0,0,0
03360,16065,0,0,0
03360,16066,0,0,0
03360,16067,0,0,0
03360,16068,0,0,0
03360,16069,0,0,0
03360,16070,0,0,0
03360,16071,0,0,0
03360,16072,0,0,0
03360,16073,0,0,0
03360,16074,0,0,0
03360,16075,0,0,0
03360,16076,0,0,0
03360,16077,0,0,0
03361,01001,0,0,0
03361,01002,68,48,20
03361,01003,35,10,25
03361,01004,10,10,0
03361,01051,0,0,0
03361,01053,21,21,0
03361,01054,18,0,18
03361,01055,25,13,12
03361,01056,67,39,28
03361,01057,0,0,0
03361,01058,24,24,0
03361,01059,0,0,0
03361,01060,220,187,33
03361,01061,16,16,0
03361,01062,65,25,40
03361,02000,1057,236,821
03361,03101,62,33,29
03361,03102,14,14,0
03361,03103,23,0,23
03361,03151,45,33,12
03361,03153,29,12,17
03361,03154,0,0,0
03361,03155,20,20,0
03361,03157,22,22,0
03361,03158,15,15,0
03361,03159,49,37,12
03361,03241,882,236,646
03361,03251,4068,2334,1734
03361,03252,17,17,0
03361,03254,83,28,55
03361,03255,0,0,0
03361,03256,2637,1685,952
03361,03257,28,17,11
03361,03351,154,93,61
03361,03352,265,213,52
03361,03353,190,106,84
03361,03354,14,14,0
03361,03355,125,93,32
03361,03356,1440,936,504
03361,03357,5529,3374,2155
03361,03358,1761,1178,583
03361,03359,136,88,48
03361,03360,68,26,42
03361,03361,0,0,0
03361,03401,515,277,238
03361,03402,25,0,25
03361,03403,305,131,174
03361,03404,65,28,37
03361,03405,39,27,12
03361,03451,86,48,38
03361,03452,94,68,26
03361,03453,489,441,48
03361,03454,127,68,59
03361,03455,37,21,16
03361,03456,30,20,10
03361,03457,85,67,18
03361,03458,644,420,224
03361,03459,109,73,36
03361,03460,137,106,31
03361,03461,156,87,69
03361,03462,15,15,0
03361,04011,20788,5167,15621
03361,04012,259,118,141
03361,05111,100,19,81
03361,05112,0,0,0
03361,05113,26,0,26
03361,05114,0,0,0
03361,05116,0,0,0
03361,05117,0,0,0
03361,05119,0,0,0
03361,05120,0,0,0
03361,05122,0,0,0
03361,05124,10,10,0
03361,05154,0,0,0
03361,05158,12,0,12
03361,05162,28,13,15
03361,05166,0,0,0
03361,05170,12,0,12
03361,05314,33,0,33
03361,05315,72,21,51
03361,05316,0,0,0
03361,05334,10,0,10
03361,05358,0,0,0
03361,05362,17,0,17
03361,05366,0,0,0
03361,05370,0,0,0
03361,05374,33,0,33
03361,05378,0,0,0
03361,05382,26,11,15
03361,05512,0,0,0
03361,05513,0,0,0
03361,05515,36,18,18
03361,05554,0,0,0
03361,05558,0,0,0
03361,05562,0,0,0
03361,05566,39,23,16
03361,05570,11,11,0
03361,05711,52,36,16
03361,05754,39,17,22
03361,05758,12,12,0
03361,05762,11,11,0
03361,05766,28,18,10
03361,05770,55,33,22
03361,05774,0,0,0
03361,05911,13,0,13
03361,05913,29,10,19
03361,05914,0,0,0
03361,05915,0,0,0
03361,05916,0,0,0
03361,05954,22,12,10
03361,05958,0,0,0
03361,05962,23,12,11
03361,05966,0,0,0
03361,05970,0,0,0
03361,05974,10,0,10
03361,05978,35,10,25
03361,06411,0,0,0
03361,06412,80,12,68
03361,06413,0,0,0
03361,06414,14,0,14
03361,06431,0,0,0
03361,06432,0,0,0
03361,06433,12,0,12
03361,06434,33,0,33
03361,06435,11,0,11
03361,06436,15,0,15
03361,06437,0,0,0
03361,06438,65,0,65
03361,06439,0,0,0
03361,06440,12,0,12
03361,06531,0,0,0
03361,06532,0,0,0
03361,06533,0,0,0
03361,06534,0,0,0
03361,06535,0,0,0
03361,06611,22,11,11
03361,06631,0,0,0
03361,06632,0,0,0
03361,06633,0,0,0
03361,06634,0,0,0
03361,06635,0,0,0
03361,06636,0,0,0
03361,07111,0,0,0
03361,07131,0,0,0
03361,07132,0,0,0
03361,07133,0,0,0
03361,07134,0,0,0
03361,07135,0,0,0
03361,07137,0,0,0
03361,07138,0,0,0
03361,07140,0,0,0
03361,07141,0,0,0
03361,07143,0,0,0
03361,07211,0,0,0
03361,07231,0,0,0
03361,07232,0,0,0
03361,07233,0,0,0
03361,07235,0,0,0
03361,07311,0,0,0
03361,07312,0,0,0
03361,07313,0,0,0
03361,07314,0,0,0
03361,07315,0,0,0
03361,07316,0,0,0
03361,07317,0,0,0
03361,07318,0,0,0
03361,07319,0,0,0
03361,07320,0,0,0
03361,07331,0,0,0
03361,07332,0,0,0
03361,07333,0,0,0
03361,07334,0,0,0
03361,07335,0,0,0
03361,07336,0,0,0
03361,07337,0,0,0
03361,07338,0,0,0
03361,07339,0,0,0
03361,07340,0,0,0
03361,08111,36,0,36
03361,08115,11,11,0
03361,08116,11,0,11
03361,08117,0,0,0
03361,08118,36,0,36
03361,08119,0,0,0
03361,08121,0,0,0
03361,08125,0,0,0
03361,08126,15,0,15
03361,08127,0,0,0
03361,08128,0,0,0
03361,08135,0,0,0
03361,08136,0,0,0
03361,08211,0,0,0
03361,08212,0,0,0
03361,08215,17,17,0
03361,08216,0,0,0
03361,08221,0,0,0
03361,08222,0,0,0
03361,08225,0,0,0
03361,08226,17,0,17
03361,08231,0,0,0
03361,08235,0,0,0
03361,08236,0,0,0
03361,08237,0,0,0
03361,08311,0,0,0
03361,08315,0,0,0
03361,08316,0,0,0
03361,08317,12,0,12
03361,08325,0,0,0
03361,08326,0,0,0
03361,08327,0,0,0
03361,08335,0,0,0
03361,08336,0,0,0
03361,08337,0,0,0
03361,08415,0,0,0
03361,08416,0,0,0
03361,08417,0,0,0
03361,08421,0,0,0
03361,08425,0,0,0
03361,08426,0,0,0
03361,08435,0,0,0
03361,08436,0,0,0
03361,08437,0,0,0
03361,09161,0,0,0
03361,09162,102,29,73
03361,09163,0,0,0
03361,09171,0,0,0
03361,09172,0,0,0
03361,09173,0,0,0
03361,09174,0,0,0
03361,09175,0,0,0
03361,09176,0,0,0
03361,09177,0,0,0
03361,09178,12,0,12
03361,09179,0,0,0
03361,09180,0,0,0
03361,09181,0,0,0
03361,09182,0,0,0
03361,09183,0,0,0
03361,09184,25,0,25
03361,09185,0,0,0
03361,09186,0,0,0
03361,09187,0,0,0
03361,09188,0,0,0
03361,09189,0,0,0
03361,09190,0,0,0
03361,09261,0,0,0
03361,09262,0,0,0
03361,09263,0,0,0
03361,09271,0,0,0
03361,09272,0,0,0
03361,09273,0,0,0
03361,09274,0,0,0
03361,09275,0,0,0
03361,09276,0,0,0
03361,09277,0,0,0
03361,09278,0,0,0
03361,09279,0,0,0
03361,09361,0,0,0
03361,09362,0,0,0
03361,09363,0,0,0
03361,09371,0,0,0
03361,09372,0,0,0
03361,09373,0,0,0
03361,09374,0,0,0
03361,09375,0,0,0
03361,09376,0,0,0
03361,09377,0,0,0
03361,09461,0,0,0
03361,09462,13,0,13
03361,09463,0,0,0
03361,09464,0,0,0
03361,09471,0,0,0
03361,09472,0,0,0
03361,09473,0,0,0
03361,09474,0,0,0
03361,09475,0,0,0
03361,09476,0,0,0
03361,09477,0,0,0
03361,09478,0,0,0
03361,09479,0,0,0
03361,09561,0,0,0
03361,09562,0,0,0
03361,09563,0,0,0
03361,09564,22,0,22
03361,09565,0,0,0
03361,09571,0,0,0
03361,09572,0,0,0
03361,09573,0,0,0
03361,09574,0,0,0
03361,09575,0,0,0
03361,09576,0,0,0
03361,09577,0,0,0
03361,09661,0,0,0
03361,09662,0,0,0
03361,09663,0,0,0
03361,09671,0,0,0
03361,09672,0,0,0
03361,09673,0,0,0
03361,09674,0,0,0
03361,09675,0,0,0
03361,09676,0,0,0
03361,09677,0,0,0
03361,09678,0,0,0
03361,09679,0,0,0
03361,09761,0,0,0
03361,09762,0,0,0
03361,09763,0,0,0
03361,09764,0,0,0
03361,09771,0,0,0
03361,09772,0,0,0
03361,09773,0,0,0
03361,09774,0,0,0
03361,09775,0,0,0
03361,09776,0,0,0
03361,09777,0,0,0
03361,09778,0,0,0
03361,09779,0,0,0
03361,09780,0,0,0
03361,10041,0,0,0
03361,10042,0,0,0
03361,10043,0,0,0
03361,10044,0,0,0
03361,10045,0,0,0
03361,10046,0,0,0
03361,11000,207,100,107
03361,12051,0,0,0
03361,12052,0,0,0
03361,12053,0,0,0
03361,12054,0,0,0
03361,12060,0,0,0
03361,12061,13,13,0
03361,12062,0,0,0
03361,12063,0,0,0
03361,12064,0,0,0
03361,12065,11,11,0
03361,12066,0,0,0
03361,12067,14,14,0
03361,12068,0,0,0
03361,12069,16,16,0
03361,12070,0,0,0
03361,12071,0,0,0
03361,12072,0,0,0
03361,12073,0,0,0
03361,13003,10,0,10
03361,13004,11,11,0
03361,13071,29,14,15
03361,13072,20,20,0
03361,13073,27,27,0
03361,13074,13,13,0
03361,13075,15,15,0
03361,13076,24,24,0
03361,14511,0,0,0
03361,14521,0,0,0
03361,14522,0,0,0
03361,14523,0,0,0
03361,14524,0,0,0
03361,14612,11,11,0
03361,14625,10,10,0
03361,14626,0,0,0
03361,14627,0,0,0
03361,14628,12,12,0
03361,14713,34,20,14
03361,14729,0,0,0
03361,14730,0,0,0
03361,15001,0,0,0
03361,15002,0,0,0
03361,15003,13,13,0
03361,15081,29,29,0
03361,15082,0,0,0
03361,15083,23,23,0
03361,15084,13,13,0
03361,15085,26,26,0
03361,15086,0,0,0
03361,15087,0,0,0
03361,15088,0,0,0
03361,15089,16,16,0
03361,15090,32,32,0
03361,15091,0,0,0
03361,16051,0,0,0
03361,16052,0,0,0
03361,16053,0,0,0
03361,16054,0,0,0
03361,16055,0,0,0
03361,16056,0,0,0
03361,16061,0,0,0
03361,16062,0,0,0
03361,16063,0,0,0
03361,16064,0,0,0
03361,16065,0,0,0
03361,16066,0,0,0
03361,16067,0,0,0
03361,16068,0,0,0
03361,16069,0,0,0
03361,16070,0,0,0
03361,16071,0,0,0
03361,16072,0,0,0
03361,16073,0,0,0
03361,16074,0,0,0
03361,16075,0,0,0
03361,16076,0,0,0
03361,16077,0,0,0
03401,01001,214,0,214
03401,01002,0,0,0
03401,01003,22,0,22
03401,01004,0,0,0
03401,01051,0,0,0
03401,01053,0,0,0
03401,01054,0,0,0
03401,01055,16,16,0
03401,01056,28,13,15
03401,01057,0,0,0
03401,01058,0,0,0
03401,01059,0,0,0
03401,01060,12,0,12
03401,01061,0,0,0
03401,01062,18,0,18
03401,02000,311,66,245
03401,03101,13,13,0
03401,03102,0,0,0
03401,03103,0,0,0
03401,03151,0,0,0
03401,03153,0,0,0
03401,03154,0,0,0
03401,03155,0,0,0
03401,03157,0,0,0
03401,03158,0,0,0
03401,03159,12,12,0
03401,03241,224,79,145
03401,03251,2575,1089,1486
03401,03252,0,0,0
03401,03254,33,11,22
03401,03255,0,0,0
03401,03256,42,22,20
03401,03257,0,0,0
03401,03351,40,40,0
03401,03352,112,87,25
03401,03353,36,17,19
03401,03354,0,0,0
03401,03355,0,0,0
03401,03356,339,224,115
03401,03357,133,81,52
03401,03358,34,14,20
03401,03359,34,24,10
03401,03360,0,0,0
03401,03361,515,238,277
03401,03401,0,0,0
03401,03402,0,0,0
03401,03403,1410,677,733
03401,03404,39,18,21
03401,03405,70,54,16
03401,03451,350,262,88
03401,03452,65,31,34
03401,03453,190,95,95
03401,03454,43,29,14
03401,03455,104,60,44
03401,03456,0,0,0
03401,03457,64,44,20
03401,03458,6699,3900,2799
03401,03459,277,24,253
03401,03460,211,75,136
03401,03461,717,465,252
03401,03462,14,14,0
03401,04011,10801,2234,8567
03401,04012,167,100,67
03401,05111,19,0,19
03401,05112,11,11,0
03401,05113,21,10,11
03401,05114,0,0,0
03401,05116,0,0,0
03401,05117,0,0,0
03401,05119,0,0,0
03401,05120,0,0,0
03401,05122,0,0,0
03401,05124,11,11,0
03401,05154,0,0,0
03401,05158,17,0,17
03401,05162,0,0,0
03401,05166,0,0,0
03401,05170,0,0,0
03401,05314,10,0,10
03401,05315,42,15,27
03401,05316,0,0,0
03401,05334,0,0,0
03401,05358,0,0,0
03401,05362,0,0,0
03401,05366,0,0,0
03401,05370,0,0,0
03401,05374,14,0,14
03401,05378,0,0,0
03401,05382,0,0,0
03401,05512,0,0,0
03401,05513,0,0,0
03401,05515,0,0,0
03401,05554,0,0,0
03401,05558,0,0,0
03401,05562,21,0,21
03401,05566,39,24,15
03401,05570,0,0,0
03401,05711,23,0,23
03401,05754,80,10,70
03401,05758,0,0,0
03401,05762,0,0,0
03401,05766,0,0,0
03401,05770,15,0,15
03401,05774,0,0,0
03401,05911,12,0,12
03401,05913,0,0,0
03401,05914,0,0,0
03401,05915,0,0,0
03401,05916,0,0,0
03401,05954,0,0,0
03401,05958,0,0,0
03401,05962,0,0,0
03401,05966,0,0,0
03401,05970,0,0,0
03401,05974,0,0,0
03401,05978,39,0,39
03401,06411,0,0,0
03401,06412,19,0,19
03401,06413,0,0,0
03401,06414,0,0,0
03401,06431,0,0,0
03401,06432,0,0,0
03401,06433,0,0,0
03401,06434,0,0,0
03401,06435,0,0,0
03401,06436,0,0,0
03401,06437,0,0,0
03401,06438,0,0,0
03401,06439,0,0,0
03401,06440,0,0,0
03401,06531,0,0,0
03401,06532,0,0,0
03401,06533,0,0,0
03401,06534,0,0,0
03401,06535,0,0,0
03401,06611,0,0,0
03401,06631,0,0,0
03401,06632,0,0,0
03401,06633,0,0,0
03401,06634,0,0,0
03401,06635,0,0,0
03401,06636,0,0,0
03401,07111,0,0,0
03401,07131,0,0,0
03401,07132,0,0,0
03401,07133,0,0,0
03401,07134,0,0,0
03401,07135,0,0,0
03401,07137,0,0,0
03401,07138,0,0,0
03401,07140,0,0,0
03401,07141,0,0,0
03401,07143,0,0,0
03401,07211,0,0,0
03401,07231,0,0,0
03401,07232,0,0,0
03401,07233,0,0,0
03401,07235,0,0,0
03401,07311,0,0,0
03401,07312,0,0,0
03401,07313,0,0,0
03401,07314,0,0,0
03401,07315,0,0,0
03401,07316,0,0,0
03401,07317,0,0,0
03401,07318,0,0,0
03401,07319,0,0,0
03401,07320,0,0,0
03401,07331,0,0,0
03401,07332,0,0,0
03401,07333,0,0,0
03401,07334,0,0,0
03401,07335,0,0,0
03401,07336,0,0,0
03401,07337,0,0,0
03401,07338,0,0,0
03401,07339,0,0,0
03401,07340,0,0,0
03401,08111,0,0,0
03401,08115,0,0,0
03401,08116,0,0,0
03401,08117,0,0,0
03401,08118,29,18,11
03401,08119,0,0,0
03401,08121,0,0,0
03401,08125,0,0,0
03401,08126,0,0,0
03401,08127,0,0,0
03401,08128,0,0,0
03401,08135,0,0,0
03401,08136,0,0,0
03401,08211,0,0,0
03401,08212,0,0,0
03401,08215,0,0,0
03401,08216,0,0,0
03401,08221,0,0,0
03401,08222,0,0,0
03401,08225,0,0,0
03401,08226,0,0,0
03401,08231,0,0,0
03401,08235,0,0,0
03401,08236,0,0,0
03401,08237,0,0,0
03401,08311,0,0,0
03401,08315,0,0,0
03401,08316,0,0,0
03401,08317,0,0,0
03401,08325,0,0,0
03401,08326,0,0,0
03401,08327,0,0,0
03401,08335,0,0,0
03401,08336,0,0,0
03401,08337,0,0,0
03401,08415,0,0,0
03401,08416,0,0,0
03401,08417,0,0,0
03401,08421,0,0,0
03401,08425,0,0,0
03401,08426,0,0,0
03401,08435,0,0,0
03401,08436,0,0,0
03401,08437,0,0,0
03401,09161,0,0,0
03401,09162,26,0,26
03401,09163,0,0,0
03401,09171,0,0,0
03401,09172,0,0,0
03401,09173,0,0,0
03401,09174,0,0,0
03401,09175,0,0,0
03401,09176,0,0,0
03401,09177,0,0,0
03401,09178,0,0,0
03401,09179,0,0,0
03401,09180,0,0,0
03401,09181,0,0,0
03401,09182,0,0,0
03401,09183,0,0,0
03401,09184,0,0,0
03401,09185,0,0,0
03401,09186,0,0,0
03401,09187,0,0,0
03401,09188,0,0,0
03401,09189,0,0,0
03401,09190,0,0,0
03401,09261,0,0,0
03401,09262,0,0,0
03401,09263,0,0,0
03401,09271,0,0,0
03401,09272,0,0,0
03401,09273,0,0,0
03401,09274,0,0,0
03401,09275,0,0,0
03401,09276,0,0,0
03401,09277,0,0,0
03401,09278,0,0,0
03401,09279,0,0,0
03401,09361,0,0,0
03401,09362,0,0,0
03401,09363,0,0,0
03401,09371,0,0,0
03401,09372,0,0,0
03401,09373,0,0,0
03401,09374,0,0,0
03401,09375,0,0,0
03401,09376,0,0,0
03401,09377,0,0,0
03401,09461,0,0,0
03401,09462,0,0,0
03401,09463,0,0,0
03401,09464,0,0,0
03401,09471,0,0,0
03401,09472,0,0,0
03401,09473,0,0,0
03401,09474,0,0,0
03401,09475,0,0,0
03401,09476,0,0,0
03401,09477,0,0,0
03401,09478,0,0,0
03401,09479,0,0,0
03401,09561,0,0,0
03401,09562,0,0,0
03401,09563,0,0,0
03401,09564,10,0,10
03401,09565,0,0,0
03401,09571,0,0,0
03401,09572,0,0,0
03401,09573,0,0,0
03401,09574,0,0,0
03401,09575,0,0,0
03401,09576,0,0,0
03401,09577,0,0,0
03401,09661,0,0,0
03401,09662,0,0,0
03401,09663,0,0,0
03401,09671,10,0,10
03401,09672,0,0,0
03401,09673,0,0,0
03401,09674,0,0,0
03401,09675,0,0,0
03401,09676,0,0,0
03401,09677,0,0,0
03401,09678,0,0,0
03401,09679,0,0,0
03401,09761,0,0,0
03401,09762,0,0,0
03401,09763,0,0,0
03401,09764,0,0,0
03401,09771,0,0,0
03401,09772,0,0,0
03401,09773,0,0,0
03401,09774,0,0,0
03401,09775,0,0,0
03401,09776,0,0,0
03401,09777,0,0,0
03401,09778,0,0,0
03401,09779,0,0,0
03401,09780,0,0,0
03401,10041,0,0,0
03401,10042,0,0,0
03401,10043,0,0,0
03401,10044,0,0,0
03401,10045,0,0,0
03401,10046,0,0,0
03401,11000,82,52,30
03401,12051,0,0,0
03401,12052,0,0,0
03401,12053,0,0,0
03401,12054,0,0,0
03401,12060,0,0,0
03401,12061,0,0,0
03401,12062,0,0,0
03401,12063,0,0,0
03401,12064,0,0,0
03401,12065,0,0,0
03401,12066,0,0,0
03401,12067,0,0,0
03401,12068,0,0,0
03401,12069,0,0,0
03401,12070,0,0,0
03401,12071,0,0,0
03401,12072,0,0,0
03401,12073,0,0,0
03401,13003,0,0,0
03401,13004,0,0,0
03401,13071,0,0,0
03401,13072,11,11,0
03401,13073,0,0,0
03401,13074,0,0,0
03401,13075,12,12,0
03401,13076,0,0,0
03401,14511,0,0,0
03401,14521,0,0,0
03401,14522,0,0,0
03401,14523,0,0,0
03401,14524,0,0,0
03401,14612,0,0,0
03401,14625,0,0,0
03401,14626,0,0,0
03401,14627,0,0,0
03401,14628,0,0,0
03401,14713,10,10,0
03401,14729,0,0,0
03401,14730,0,0,0
03401,15001,0,0,0
03401,15002,0,0,0
03401,15003,17,17,0
03401,15081,0,0,0
03401,15082,0,0,0
03401,15083,17,17,0
03401,15084,0,0,0
03401,15085,0,0,0
03401,15086,0,0,0
03401,15087,0,0,0
03401,15088,0,0,0
03401,15089,0,0,0
03401,15090,10,10,0
03401,15091,0,0,0
03401,16051,0,0,0
03401,16052,0,0,0
03401,16053,0,0,0
03401,16054,0,0,0
03401,16055,0,0,0
03401,16056,0,0,0
03401,16061,0,0,0
03401,16062,0,0,0
03401,16063,0,0,0
03401,16064,0,0,0
03401,16065,0,0,0
03401,16066,0,0,0
03401,16067,0,0,0
03401,16068,0,0,0
03401,16069,0,0,0
03401,16070,0,0,0
03401,16071,0,0,0
03401,16072,0,0,0
03401,16073,0,0,0
03401,16074,0,0,0
03401,16075,0,0,0
03401,16076,0,0,0
03401,16077,0,0,0
03402,01001,0,0,0
03402,01002,37,15,22
03402,01003,0,0,0
03402,01004,0,0,0
03402,01051,0,0,0
03402,01053,0,0,0
03402,01054,0,0,0
03402,01055,0,0,0
03402,01056,11,11,0
03402,01057,0,0,0
03402,01058,0,0,0
03402,01059,0,0,0
03402,01060,0,0,0
03402,01061,0,0,0
03402,01062,0,0,0
03402,02000,173,71,102
03402,03101,20,0,20
03402,03102,0,0,0
03402,03103,58,23,35
03402,03151,14,14,0
03402,03153,0,0,0
03402,03154,15,15,0
03402,03155,0,0,0
03402,03157,0,0,0
03402,03158,0,0,0
03402,03159,0,0,0
03402,03241,372,277,95
03402,03251,15,15,0
03402,03252,0,0,0
03402,03254,0,0,0
03402,03255,0,0,0
03402,03256,15,15,0
03402,03257,44,44,0
03402,03351,11,11,0
03402,03352,66,56,10
03402,03353,28,28,0
03402,03354,0,0,0
03402,03355,0,0,0
03402,03356,19,19,0
03402,03357,13,13,0
03402,03358,21,21,0
03402,03359,28,18,10
03402,03360,0,0,0
03402,03361,25,25,0
03402,03401,0,0,0
03402,03402,0,0,0
03402,03403,321,122,199
03402,03404,24,0,24
03402,03405,117,69,48
03402,03451,189,124,65
03402,03452,13991,12029,1962
03402,03453,104,55,49
03402,03454,431,278,153
03402,03455,151,128,23
03402,03456,15,15,0
03402,03457,4564,3700,864
03402,03458,49,30,19
03402,03459,14,0,14
03402,03460,14,0,14
03402,03461,34,19,15
03402,03462,501,464,37
03402,04011,327,160,167
03402,04012,78,64,14
03402,05111,30,0,30
03402,05112,23,10,13
03402,05113,13,0,13
03402,05114,0,0,0
03402,05116,0,0,0
03402,05117,0,0,0
03402,05119,0,0,0
03402,05120,0,0,0
03402,05122,0,0,0
03402,05124,0,0,0
03402,05154,10,10,0
03402,05158,0,0,0
03402,05162,24,0,24
03402,05166,0,0,0
03402,05170,58,0,58
03402,05314,0,0,0
03402,05315,27,13,14
03402,05316,0,0,0
03402,05334,0,0,0
03402,05358,0,0,0
03402,05362,14,0,14
03402,05366,0,0,0
03402,05370,0,0,0
03402,05374,0,0,0
03402,05378,0,0,0
03402,05382,29,0,29
03402,05512,0,0,0
03402,05513,0,0,0
03402,05515,21,0,21
03402,05554,12,0,12
03402,05558,0,0,0
03402,05562,12,12,0
03402,05566,30,15,15
03402,05570,0,0,0
03402,05711,17,0,17
03402,05754,15,0,15
03402,05758,14,0,14
03402,05762,0,0,0
03402,05766,0,0,0
03402,05770,0,0,0
03402,05774,0,0,0
03402,05911,10,0,10
03402,05913,13,0,13
03402,05914,0,0,0
03402,05915,0,0,0
03402,05916,0,0,0
03402,05954,0,0,0
03402,05958,0,0,0
03402,05962,0,0,0
03402,05966,0,0,0
03402,05970,0,0,0
03402,05974,0,0,0
03402,05978,0,0,0
03402,06411,0,0,0
03402,06412,0,0,0
03402,06413,0,0,0
03402,06414,0,0,0
03402,06431,0,0,0
03402,06432,0,0,0
03402,06433,0,0,0
03402,06434,0,0,0
03402,06435,0,0,0
03402,06436,0,0,0
03402,06437,0,0,0
03402,06438,0,0,0
03402,06439,0,0,0
03402,06440,0,0,0
03402,06531,0,0,0
03402,06532,0,0,0
03402,06533,0,0,0
03402,06534,0,0,0
03402,06535,0,0,0
03402,06611,0,0,0
03402,06631,0,0,0
03402,06632,0,0,0
03402,06633,0,0,0
03402,06634,0,0,0
03402,06635,0,0,0
03402,06636,0,0,0
03402,07111,0,0,0
03402,07131,0,0,0
03402,07132,0,0,0
03402,07133,0,0,0
03402,07134,0,0,0
03402,07135,0,0,0
03402,07137,0,0,0
03402,07138,0,0,0
03402,07140,0,0,0
03402,07141,0,0,0
03402,07143,0,0,0
03402,07211,0,0,0
03402,07231,0,0,0
03402,07232,0,0,0
03402,07233,0,0,0
03402,07235,0,0,0
03402,07311,0,0,0
03402,07312,0,0,0
03402,07313,0,0,0
03402,07314,31,31,0
03402,07315,0,0,0
03402,07316,0,0,0
03402,07317,0,0,0
03402,07318,102,102,0
03402,07319,0,0,0
03402,07320,0,0,0
03402,07331,0,0,0
03402,07332,10,10,0
03402,07333,0,0,0
03402,07334,41,41,0
03402,07335,0,0,0
03402,07336,0,0,0
03402,07337,0,0,0
03402,07338,54,54,0
03402,07339,0,0,0
03402,07340,0,0,0
03402,08111,29,0,29
03402,08115,10,10,0
03402,08116,0,0,0
03402,08117,0,0,0
03402,08118,0,0,0
03402,08119,0,0,0
03402,08121,0,0,0
03402,08125,0,0,0
03402,08126,0,0,0
03402,08127,0,0,0
03402,08128,0,0,0
03402,08135,0,0,0
03402,08136,0,0,0
03402,08211,0,0,0
03402,08212,0,0,0
03402,08215,16,16,0
03402,08216,0,0,0
03402,08221,0,0,0
03402,08222,32,32,0
03402,08225,0,0,0
03402,08226,57,46,11
03402,08231,0,0,0
03402,08235,0,0,0
03402,08236,0,0,0
03402,08237,0,0,0
03402,08311,0,0,0
03402,08315,64,0,64
03402,08316,0,0,0
03402,08317,0,0,0
03402,08325,0,0,0
03402,08326,0,0,0
03402,08327,0,0,0
03402,08335,0,0,0
03402,08336,0,0,0
03402,08337,0,0,0
03402,08415,0,0,0
03402,08416,0,0,0
03402,08417,0,0,0
03402,08421,0,0,0
03402,08425,0,0,0
03402,08426,0,0,0
03402,08435,0,0,0
03402,08436,0,0,0
03402,08437,0,0,0
03402,09161,17,0,17
03402,09162,21,0,21
03402,09163,0,0,0
03402,09171,0,0,0
03402,09172,0,0,0
03402,09173,0,0,0
03402,09174,0,0,0
03402,09175,0,0,0
03402,09176,0,0,0
03402,09177,0,0,0
03402,09178,0,0,0
03402,09179,0,0,0
03402,09180,0,0,0
03402,09181,0,0,0
03402,09182,0,0,0
03402,09183,0,0,0
03402,09184,0,0,0
03402,09185,0,0,0
03402,09186,0,0,0
03402,09187,0,0,0
03402,09188,0,0,0
03402,09189,0,0,0
03402,09190,13,13,0
03402,09261,0,0,0
03402,09262,0,0,0
03402,09263,0,0,0
03402,09271,0,0,0
03402,09272,0,0,0
03402,09273,45,45,0
03402,09274,0,0,0
03402,09275,0,0,0
03402,09276,0,0,0
03402,09277,0,0,0
03402,09278,0,0,0
03402,09279,0,0,0
03402,09361,0,0,0
03402,09362,168,168,0
03402,09363,0,0,0
03402,09371,0,0,0
03402,09372,0,0,0
03402,09373,0,0,0
03402,09374,0,0,0
03402,09375,267,267,0
03402,09376,37,37,0
03402,09377,0,0,0
03402,09461,0,0,0
03402,09462,0,0,0
03402,09463,0,0,0
03402,09464,0,0,0
03402,09471,0,0,0
03402,09472,0,0,0
03402,09473,0,0,0
03402,09474,0,0,0
03402,09475,0,0,0
03402,09476,0,0,0
03402,09477,0,0,0
03402,09478,0,0,0
03402,09479,0,0,0
03402,09561,0,0,0
03402,09562,0,0,0
03402,09563,0,0,0
03402,09564,0,0,0
03402,09565,0,0,0
03402,09571,0,0,0
03402,09572,0,0,0
03402,09573,0,0,0
03402,09574,0,0,0
03402,09575,0,0,0
03402,09576,0,0,0
03402,09577,0,0,0
03402,09661,18,18,0
03402,09662,0,0,0
03402,09663,0,0,0
03402,09671,17,17,0
03402,09672,0,0,0
03402,09673,0,0,0
03402,09674,0,0,0
03402,09675,0,0,0
03402,09676,0,0,0
03402,09677,0,0,0
03402,09678,0,0,0
03402,09679,0,0,0
03402,09761,0,0,0
03402,09762,0,0,0
03402,09763,0,0,0
03402,09764,0,0,0
03402,09771,0,0,0
03402,09772,0,0,0
03402,09773,0,0,0
03402,09774,0,0,0
03402,09775,0,0,0
03402,09776,0,0,0
03402,09777,0,0,0
03402,09778,0,0,0
03402,09779,0,0,0
03402,09780,0,0,0
03402,10041,0,0,0
03402,10042,0,0,0
03402,10043,0,0,0
03402,10044,26,26,0
03402,10045,0,0,0
03402,10046,0,0,0
03402,11000,48,16,32
03402,12051,0,0,0
03402,12052,0,0,0
03402,12053,0,0,0
03402,12054,0,0,0
03402,12060,0,0,0
03402,12061,0,0,0
03402,12062,0,0,0
03402,12063,0,0,0
03402,12064,0,0,0
03402,12065,0,0,0
03402,12066,0,0,0
03402,12067,0,0,0
03402,12068,0,0,0
03402,12069,0,0,0
03402,12070,0,0,0
03402,12071,0,0,0
03402,12072,0,0,0
03402,12073,0,0,0
03402,13003,14,14,0
03402,13004,0,0,0
03402,13071,0,0,0
03402,13072,68,68,0
03402,13073,23,23,0
03402,13074,0,0,0
03402,13075,11,11,0
03402,13076,0,0,0
03402,14511,0,0,0
03402,14521,0,0,0
03402,14522,0,0,0
03402,14523,0,0,0
03402,14524,0,0,0
03402,14612,0,0,0
03402,14625,0,0,0
03402,14626,0,0,0
03402,14627,0,0,0
03402,14628,0,0,0
03402,14713,0,0,0
03402,14729,0,0,0
03402,14730,0,0,0
03402,15001,0,0,0
03402,15002,0,0,0
03402,15003,0,0,0
03402,15081,0,0,0
03402,15082,0,0,0
03402,15083,0,0,0
03402,15084,0,0,0
03402,15085,0,0,0
03402,15086,0,0,0
03402,15087,0,0,0
03402,15088,0,0,0
03402,15089,0,0,0
03402,15090,0,0,0
03402,15091,0,0,0
03402,16051,0,0,0
03402,16052,0,0,0
03402,16053,0,0,0
03402,16054,0,0,0
03402,16055,0,0,0
03402,16056,10,10,0
03402,16061,0,0,0
03402,16062,0,0,0
03402,16063,0,0,0
03402,16064,0,0,0
03402,16065,0,0,0
03402,16066,0,0,0
03402,16067,0,0,0
03402,16068,0,0,0
03402,16069,0,0,0
03402,16070,0,0,0
03402,16071,0,0,0
03402,16072,0,0,0
03402,16073,0,0,0
03402,16074,0,0,0
03402,16075,0,0,0
03402,16076,0,0,0
03402,16077,0,0,0
03403,01001,10,10,0
03403,01002,77,18,59
03403,01003,43,16,27
03403,01004,0,0,0
03403,01051,13,13,0
03403,01053,12,12,0
03403,01054,0,0,0
03403,01055,41,26,15
03403,01056,33,15,18
03403,01057,11,11,0
03403,01058,29,16,13
03403,01059,12,0,12
03403,01060,48,24,24
03403,01061,0,0,0
03403,01062,55,23,32
03403,02000,839,219,620
03403,03101,65,29,36
03403,03102,11,11,0
03403,03103,17,0,17
03403,03151,19,19,0
03403,03153,30,30,0
03403,03154,19,19,0
03403,03155,45,10,35
03403,03157,14,14,0
03403,03158,35,35,0
03403,03159,82,51,31
03403,03241,614,227,387
03403,03251,777,499,278
03403,03252,17,17,0
03403,03254,52,31,21
03403,03255,0,0,0
03403,03256,70,49,21
03403,03257,25,25,0
03403,03351,77,53,24
03403,03352,280,227,53
03403,03353,67,36,31
03403,03354,0,0,0
03403,03355,36,22,14
03403,03356,259,194,65
03403,03357,161,97,64
03403,03358,131,20,111
03403,03359,86,58,28
03403,03360,15,15,0
03403,03361,305,174,131
03403,03401,1410,733,677
03403,03402,321,199,122
03403,03403,0,0,0
03403,03404,383,237,146
03403,03405,1404,761,643
03403,03451,19081,12944,6137
03403,03452,1060,709,351
03403,03453,4393,3266,1127
03403,03454,1007,792,215
03403,03455,2780,1960,820
03403,03456,128,103,25
03403,03457,1741,1353,388
03403,03458,12305,9378,2927
03403,03459,578,290,288
03403,03460,1020,626,394
03403,03461,3640,2599,1041
03403,03462,391,300,91
03403,04011,4765,1592,3173
03403,04012,281,169,112
03403,05111,115,35,80
03403,05112,38,19,19
03403,05113,90,29,61
03403,05114,0,0,0
03403,05116,0,0,0
03403,05117,0,0,0
03403,05119,0,0,0
03403,05120,13,0,13
03403,05122,0,0,0
03403,05124,14,14,0
03403,05154,11,0,11
03403,05158,54,12,42
03403,05162,36,10,26
03403,05166,14,0,14
03403,05170,31,17,14
03403,05314,45,23,22
03403,05315,152,41,111
03403,05316,0,0,0
03403,05334,31,16,15
03403,05358,0,0,0
03403,05362,30,14,16
03403,05366,0,0,0
03403,05370,0,0,0
03403,05374,32,0,32
03403,05378,0,0,0
03403,05382,29,13,16
03403,05512,0,0,0
03403,05513,21,10,11
03403,05515,152,44,108
03403,05554,28,15,13
03403,05558,11,11,0
03403,05562,62,44,18
03403,05566,154,102,52
03403,05570,17,17,0
03403,05711,80,28,52
03403,05754,169,28,141
03403,05758,47,24,23
03403,05762,10,10,0
03403,05766,34,23,11
03403,05770,93,43,50
03403,05774,13,13,0
03403,05911,58,20,38
03403,05913,50,22,28
03403,05914,13,13,0
03403,05915,22,22,0
03403,05916,0,0,0
03403,05954,21,10,11
03403,05958,21,21,0
03403,05962,48,35,13
03403,05966,0,0,0
03403,05970,13,0,13
03403,05974,12,12,0
03403,05978,38,19,19
03403,06411,15,0,15
03403,06412,118,31,87
03403,06413,0,0,0
03403,06414,17,0,17
03403,06431,0,0,0
03403,06432,0,0,0
03403,06433,14,0,14
03403,06434,35,0,35
03403,06435,14,0,14
03403,06436,14,0,14
03403,06437,0,0,0
03403,06438,26,0,26
03403,06439,0,0,0
03403,06440,0,0,0
03403,06531,13,13,0
03403,06532,0,0,0
03403,06533,0,0,0
03403,06534,10,10,0
03403,06535,0,0,0
03403,06611,11,0,11
03403,06631,10,10,0
03403,06632,0,0,0
03403,06633,0,0,0
03403,06634,0,0,0
03403,06635,0,0,0
03403,06636,0,0,0
03403,07111,0,0,0
03403,07131,0,0,0
03403,07132,0,0,0
03403,07133,0,0,0
03403,07134,0,0,0
03403,07135,0,0,0
03403,07137,0,0,0
03403,07138,0,0,0
03403,07140,0,0,0
03403,07141,0,0,0
03403,07143,0,0,0
03403,07211,0,0,0
03403,07231,0,0,0
03403,07232,0,0,0
03403,07233,0,0,0
03403,07235,0,0,0
03403,07311,0,0,0
03403,07312,0,0,0
03403,07313,0,0,0
03403,07314,0,0,0
03403,07315,15,0,15
03403,07316,0,0,0
03403,07317,0,0,0
03403,07318,0,0,0
03403,07319,0,0,0
03403,07320,0,0,0
03403,07331,0,0,0
03403,07332,0,0,0
03403,07333,0,0,0
03403,07334,0,0,0
03403,07335,0,0,0
03403,07336,0,0,0
03403,07337,0,0,0
03403,07338,0,0,0
03403,07339,0,0,0
03403,07340,0,0,0
03403,08111,30,0,30
03403,08115,10,0,10
03403,08116,15,0,15
03403,08117,0,0,0
03403,08118,20,0,20
03403,08119,10,10,0
03403,08121,0,0,0
03403,08125,0,0,0
03403,08126,18,0,18
03403,08127,0,0,0
03403,08128,0,0,0
03403,08135,0,0,0
03403,08136,0,0,0
03403,08211,0,0,0
03403,08212,11,0,11
03403,08215,0,0,0
03403,08216,0,0,0
03403,08221,10,0,10
03403,08222,23,0,23
03403,08225,0,0,0
03403,08226,16,0,16
03403,08231,0,0,0
03403,08235,0,0,0
03403,08236,0,0,0
03403,08237,0,0,0
03403,08311,19,0,19
03403,08315,0,0,0
03403,08316,0,0,0
03403,08317,0,0,0
03403,08325,0,0,0
03403,08326,0,0,0
03403,08327,0,0,0
03403,08335,0,0,0
03403,08336,10,0,10
03403,08337,0,0,0
03403,08415,0,0,0
03403,08416,0,0,0
03403,08417,0,0,0
03403,08421,0,0,0
03403,08425,0,0,0
03403,08426,0,0,0
03403,08435,0,0,0
03403,08436,0,0,0
03403,08437,0,0,0
03403,09161,0,0,0
03403,09162,133,31,102
03403,09163,0,0,0
03403,09171,0,0,0
03403,09172,0,0,0
03403,09173,0,0,0
03403,09174,0,0,0
03403,09175,0,0,0
03403,09176,0,0,0
03403,09177,0,0,0
03403,09178,0,0,0
03403,09179,0,0,0
03403,09180,0,0,0
03403,09181,0,0,0
03403,09182,0,0,0
03403,09183,0,0,0
03403,09184,55,0,55
03403,09185,0,0,0
03403,09186,0,0,0
03403,09187,0,0,0
03403,09188,0,0,0
03403,09189,0,0,0
03403,09190,0,0,0
03403,09261,0,0,0
03403,09262,0,0,0
03403,09263,0,0,0
03403,09271,0,0,0
03403,09272,0,0,0
03403,09273,0,0,0
03403,09274,0,0,0
03403,09275,0,0,0
03403,09276,0,0,0
03403,09277,0,0,0
03403,09278,0,0,0
03403,09279,0,0,0
03403,09361,0,0,0
03403,09362,0,0,0
03403,09363,0,0,0
03403,09371,0,0,0
03403,09372,0,0,0
03403,09373,0,0,0
03403,09374,0,0,0
03403,09375,0,0,0
03403,09376,0,0,0
03403,09377,0,0,0
03403,09461,0,0,0
03403,09462,0,0,0
03403,09463,0,0,0
03403,09464,0,0,0
03403,09471,0,0,0
03403,09472,0,0,0
03403,09473,0,0,0
03403,09474,0,0,0
03403,09475,41,0,41
03403,09476,0,0,0
03403,09477,0,0,0
03403,09478,0,0,0
03403,09479,0,0,0
03403,09561,0,0,0
03403,09562,10,0,10
03403,09563,0,0,0
03403,09564,47,20,27
03403,09565,0,0,0
03403,09571,0,0,0
03403,09572,0,0,0
03403,09573,0,0,0
03403,09574,10,0,10
03403,09575,0,0,0
03403,09576,0,0,0
03403,09577,0,0,0
03403,09661,0,0,0
03403,09662,0,0,0
03403,09663,0,0,0
03403,09671,0,0,0
03403,09672,0,0,0
03403,09673,0,0,0
03403,09674,0,0,0
03403,09675,0,0,0
03403,09676,0,0,0
03403,09677,0,0,0
03403,09678,0,0,0
03403,09679,0,0,0
03403,09761,0,0,0
03403,09762,0,0,0
03403,09763,0,0,0
03403,09764,0,0,0
03403,09771,0,0,0
03403,09772,0,0,0
03403,09773,0,0,0
03403,09774,0,0,0
03403,09775,0,0,0
03403,09776,0,0,0
03403,09777,0,0,0
03403,09778,0,0,0
03403,09779,0,0,0
03403,09780,0,0,0
03403,10041,10,10,0
03403,10042,0,0,0
03403,10043,0,0,0
03403,10044,0,0,0
03403,10045,0,0,0
03403,10046,0,0,0
03403,11000,572,196,376
03403,12051,0,0,0
03403,12052,0,0,0
03403,12053,0,0,0
03403,12054,0,0,0
03403,12060,10,10,0
03403,12061,0,0,0
03403,12062,0,0,0
03403,12063,0,0,0
03403,12064,12,12,0
03403,12065,0,0,0
03403,12066,0,0,0
03403,12067,0,0,0
03403,12068,0,0,0
03403,12069,10,10,0
03403,12070,0,0,0
03403,12071,0,0,0
03403,12072,0,0,0
03403,12073,0,0,0
03403,13003,19,19,0
03403,13004,0,0,0
03403,13071,12,12,0
03403,13072,12,12,0
03403,13073,33,33,0
03403,13074,16,16,0
03403,13075,33,33,0
03403,13076,10,10,0
03403,14511,0,0,0
03403,14521,29,0,29
03403,14522,0,0,0
03403,14523,0,0,0
03403,14524,0,0,0
03403,14612,15,15,0
03403,14625,0,0,0
03403,14626,0,0,0
03403,14627,0,0,0
03403,14628,0,0,0
03403,14713,32,18,14
03403,14729,0,0,0
03403,14730,0,0,0
03403,15001,0,0,0
03403,15002,15,0,15
03403,15003,40,25,15
03403,15081,0,0,0
03403,15082,0,0,0
03403,15083,13,13,0
03403,15084,0,0,0
03403,15085,32,32,0
03403,15086,0,0,0
03403,15087,0,0,0
03403,15088,0,0,0
03403,15089,0,0,0
03403,15090,10,10,0
03403,15091,10,10,0
03403,16051,14,14,0
03403,16052,12,0,12
03403,16053,70,0,70
03403,16054,0,0,0
03403,16055,0,0,0
03403,16056,0,0,0
03403,16061,0,0,0
03403,16062,0,0,0
03403,16063,0,0,0
03403,16064,10,10,0
03403,16065,0,0,0
03403,16066,0,0,0
03403,16067,0,0,0
03403,16068,0,0,0
03403,16069,0,0,0
03403,16070,0,0,0
03403,16071,0,0,0
03403,16072,0,0,0
03403,16073,0,0,0
03403,16074,0,0,0
03403,16075,0,0,0
03403,16076,0,0,0
03403,16077,0,0,0
03404,01001,0,0,0
03404,01002,88,52,36
03404,01003,44,18,26
03404,01004,15,15,0
03404,01051,35,35,0
03404,01053,24,24,0
03404,01054,14,14,0
03404,01055,34,34,0
03404,01056,60,49,11
03404,01057,32,32,0
03404,01058,19,19,0
03404,01059,14,14,0
03404,01060,77,55,22
03404,01061,0,0,0
03404,01062,31,31,0
03404,02000,511,194,317
03404,03101,86,36,50
03404,03102,0,0,0
03404,03103,146,0,146
03404,03151,26,16,10
03404,03153,0,0,0
03404,03154,0,0,0
03404,03155,56,22,34
03404,03157,24,24,0
03404,03158,42,42,0
03404,03159,88,69,19
03404,03241,643,244,399
03404,03251,898,497,401
03404,03252,73,56,17
03404,03254,229,82,147
03404,03255,23,23,0
03404,03256,44,34,10
03404,03257,75,59,16
03404,03351,22,22,0
03404,03352,65,53,12
03404,03353,23,23,0
03404,03354,0,0,0
03404,03355,19,19,0
03404,03356,25,25,0
03404,03357,45,34,11
03404,03358,25,25,0
03404,03359,51,51,0
03404,03360,0,0,0
03404,03361,65,37,28
03404,03401,39,21,18
03404,03402,24,24,0
03404,03403,383,146,237
03404,03404,0,0,0
03404,03405,51,51,0
03404,03451,71,50,21
03404,03452,106,83,23
03404,03453,362,236,126
03404,03454,1471,1109,362
03404,03455,51,51,0
03404,03456,491,386,105
03404,03457,106,72,34
03404,03458,111,84,27
03404,03459,43968,31894,12074
03404,03460,1625,954,671
03404,03461,33,33,0
03404,03462,61,51,10
03404,04011,583,238,345
03404,04012,58,42,16
03404,05111,225,62,163
03404,05112,86,59,27
03404,05113,183,96,87
03404,05114,37,25,12
03404,05116,20,20,0
03404,05117,31,17,14
03404,05119,61,36,25
03404,05120,12,0,12
03404,05122,0,0,0
03404,05124,52,38,14
03404,05154,87,70,17
03404,05158,114,55,59
03404,05162,61,28,33
03404,05166,22,10,12
03404,05170,86,67,19
03404,05314,56,27,29
03404,05315,219,75,144
03404,05316,11,0,11
03404,05334,38,28,10
03404,05358,57,10,47
03404,05362,65,31,34
03404,05366,0,0,0
03404,05370,0,0,0
03404,05374,56,14,42
03404,05378,16,16,0
03404,05382,60,40,20
03404,05512,20,20,0
03404,05513,43,32,11
03404,05515,1631,758,873
03404,05554,212,120,92
03404,05558,200,163,37
03404,05562,163,122,41
03404,05566,13503,9783,3720
03404,05570,590,389,201
03404,05711,741,342,399
03404,05754,1217,573,644
03404,05758,1020,607,413
03404,05762,49,49,0
03404,05766,277,161,116
03404,05770,1146,548,598
03404,05774,142,100,42
03404,05911,99,56,43
03404,05913,204,106,98
03404,05914,27,16,11
03404,05915,70,43,27
03404,05916,18,18,0
03404,05954,50,36,14
03404,05958,31,12,19
03404,05962,48,11,37
03404,05966,10,10,0
03404,05970,77,65,12
03404,05974,99,46,53
03404,05978,157,62,95
03404,06411,0,0,0
03404,06412,129,41,88
03404,06413,0,0,0
03404,06414,71,27,44
03404,06431,25,14,11
03404,06432,10,10,0
03404,06433,18,18,0
03404,06434,37,16,21
03404,06435,27,27,0
03404,06436,46,22,24
03404,06437,0,0,0
03404,06438,34,18,16
03404,06439,13,13,0
03404,06440,27,27,0
03404,06531,52,17,35
03404,06532,20,20,0
03404,06533,0,0,0
03404,06534,42,42,0
03404,06535,0,0,0
03404,06611,27,17,10
03404,06631,0,0,0
03404,06632,0,0,0
03404,06633,14,14,0
03404,06634,13,13,0
03404,06635,0,0,0
03404,06636,0,0,0
03404,07111,43,0,43
03404,07131,0,0,0
03404,07132,0,0,0
03404,07133,0,0,0
03404,07134,0,0,0
03404,07135,11,11,0
03404,07137,25,25,0
03404,07138,0,0,0
03404,07140,0,0,0
03404,07141,11,11,0
03404,07143,23,23,0
03404,07211,13,13,0
03404,07231,21,21,0
03404,07232,0,0,0
03404,07233,0,0,0
03404,07235,0,0,0
03404,07311,22,22,0
03404,07312,0,0,0
03404,07313,13,13,0
03404,07314,54,37,17
03404,07315,34,20,14
03404,07316,0,0,0
03404,07317,0,0,0
03404,07318,0,0,0
03404,07319,0,0,0
03404,07320,0,0,0
03404,07331,11,11,0
03404,07332,12,12,0
03404,07333,0,0,0
03404,07334,18,18,0
03404,07335,0,0,0
03404,07336,0,0,0
03404,07337,0,0,0
03404,07338,18,18,0
03404,07339,14,14,0
03404,07340,0,0,0
03404,08111,104,62,42
03404,08115,68,55,13
03404,08116,103,86,17
03404,08117,19,19,0
03404,08118,61,44,17
03404,08119,35,35,0
03404,08121,14,14,0
03404,08125,32,32,0
03404,08126,34,21,13
03404,08127,12,12,0
03404,08128,14,14,0
03404,08135,0,0,0
03404,08136,0,0,0
03404,08211,0,0,0
03404,08212,15,15,0
03404,08215,42,31,11
03404,08216,12,12,0
03404,08221,23,10,13
03404,08222,41,29,12
03404,08225,0,0,0
03404,08226,64,44,20
03404,08231,14,14,0
03404,08235,0,0,0
03404,08236,11,11,0
03404,08237,0,0,0
03404,08311,89,79,10
03404,08315,25,25,0
03404,08316,68,68,0
03404,08317,33,33,0
03404,08325,0,0,0
03404,08326,33,33,0
03404,08327,12,12,0
03404,08335,44,44,0
03404,08336,65,65,0
03404,08337,0,0,0
03404,08415,30,30,0
03404,08416,38,38,0
03404,08417,21,21,0
03404,08421,12,0,12
03404,08425,12,12,0
03404,08426,0,0,0
03404,08435,62,62,0
03404,08436,13,13,0
03404,08437,21,21,0
03404,09161,0,0,0
03404,09162,262,145,117
03404,09163,0,0,0
03404,09171,0,0,0
03404,09172,0,0,0
03404,09173,0,0,0
03404,09174,0,0,0
03404,09175,0,0,0
03404,09176,0,0,0
03404,09177,10,10,0
03404,09178,0,0,0
03404,09179,16,16,0
03404,09180,0,0,0
03404,09181,0,0,0
03404,09182,0,0,0
03404,09183,0,0,0
03404,09184,59,20,39
03404,09185,0,0,0
03404,09186,0,0,0
03404,09187,0,0,0
03404,09188,0,0,0
03404,09189,0,0,0
03404,09190,0,0,0
03404,09261,0,0,0
03404,09262,0,0,0
03404,09263,0,0,0
03404,09271,0,0,0
03404,09272,0,0,0
03404,09273,0,0,0
03404,09274,0,0,0
03404,09275,0,0,0
03404,09276,0,0,0
03404,09277,0,0,0
03404,09278,0,0,0
03404,09279,0,0,0
03404,09361,0,0,0
03404,09362,13,0,13
03404,09363,0,0,0
03404,09371,0,0,0
03404,09372,0,0,0
03404,09373,0,0,0
03404,09374,0,0,0
03404,09375,0,0,0
03404,09376,0,0,0
03404,09377,10,10,0
03404,09461,0,0,0
03404,09462,0,0,0
03404,09463,0,0,0
03404,09464,0,0,0
03404,09471,0,0,0
03404,09472,19,19,0
03404,09473,0,0,0
03404,09474,20,20,0
03404,09475,13,0,13
03404,09476,0,0,0
03404,09477,0,0,0
03404,09478,0,0,0
03404,09479,0,0,0
03404,09561,0,0,0
03404,09562,0,0,0
03404,09563,0,0,0
03404,09564,65,49,16
03404,09565,0,0,0
03404,09571,0,0,0
03404,09572,0,0,0
03404,09573,11,11,0
03404,09574,13,13,0
03404,09575,0,0,0
03404,09576,17,17,0
03404,09577,0,0,0
03404,09661,0,0,0
03404,09662,0,0,0
03404,09663,15,15,0
03404,09671,12,12,0
03404,09672,0,0,0
03404,09673,0,0,0
03404,09674,0,0,0
03404,09675,0,0,0
03404,09676,0,0,0
03404,09677,0,0,0
03404,09678,0,0,0
03404,09679,0,0,0
03404,09761,13,13,0
03404,09762,0,0,0
03404,09763,0,0,0
03404,09764,0,0,0
03404,09771,0,0,0
03404,09772,33,33,0
03404,09773,0,0,0
03404,09774,0,0,0
03404,09775,11,11,0
03404,09776,0,0,0
03404,09777,0,0,0
03404,09778,0,0,0
03404,09779,0,0,0
03404,09780,13,13,0
03404,10041,12,12,0
03404,10042,0,0,0
03404,10043,0,0,0
03404,10044,0,0,0
03404,10045,0,0,0
03404,10046,0,0,0
03404,11000,623,300,323
03404,12051,0,0,0
03404,12052,0,0,0
03404,12053,0,0,0
03404,12054,13,13,0
03404,12060,0,0,0
03404,12061,0,0,0
03404,12062,0,0,0
03404,12063,0,0,0
03404,12064,0,0,0
03404,12065,13,13,0
03404,12066,0,0,0
03404,12067,0,0,0
03404,12068,0,0,0
03404,12069,0,0,0
03404,12070,0,0,0
03404,12071,0,0,0
03404,12072,14,14,0
03404,12073,0,0,0
03404,13003,17,17,0
03404,13004,24,24,0
03404,13071,27,27,0
03404,13072,0,0,0
03404,13073,16,16,0
03404,13074,0,0,0
03404,13075,12,12,0
03404,13076,18,18,0
03404,14511,0,0,0
03404,14521,0,0,0
03404,14522,0,0,0
03404,14523,0,0,0
03404,14524,0,0,0
03404,14612,42,27,15
03404,14625,11,11,0
03404,14626,0,0,0
03404,14627,0,0,0
03404,14628,13,13,0
03404,14713,77,64,13
03404,14729,11,11,0
03404,14730,12,12,0
03404,15001,0,0,0
03404,15002,0,0,0
03404,15003,12,12,0
03404,15081,0,0,0
03404,15082,26,26,0
03404,15083,17,17,0
03404,15084,17,17,0
03404,15085,25,25,0
03404,15086,0,0,0
03404,15087,11,11,0
03404,15088,25,25,0
03404,15089,15,15,0
03404,15090,0,0,0
03404,15091,0,0,0
03404,16051,22,22,0
03404,16052,12,12,0
03404,16053,12,12,0
03404,16054,0,0,0
03404,16055,0,0,0
03404,16056,0,0,0
03404,16061,0,0,0
03404,16062,16,16,0
03404,16063,0,0,0
03404,16064,0,0,0
03404,16065,0,0,0
03404,16066,0,0,0
03404,16067,0,0,0
03404,16068,0,0,0
03404,16069,0,0,0
03404,16070,0,0,0
03404,16071,0,0,0
03404,16072,0,0,0
03404,16073,0,0,0
03404,16074,0,0,0
03404,16075,0,0,0
03404,16076,0,0,0
03404,16077,0,0,0
03405,01001,0,0,0
03405,01002,99,82,17
03405,01003,17,17,0
03405,01004,171,0,171
03405,01051,0,0,0
03405,01053,10,10,0
03405,01054,0,0,0
03405,01055,0,0,0
03405,01056,35,0,35
03405,01057,46,46,0
03405,01058,47,31,16
03405,01059,11,11,0
03405,01060,0,0,0
03405,01061,0,0,0
03405,01062,0,0,0
03405,02000,317,67,250
03405,03101,12,12,0
03405,03102,0,0,0
03405,03103,10,0,10
03405,03151,0,0,0
03405,03153,0,0,0
03405,03154,13,13,0
03405,03155,0,0,0
03405,03157,0,0,0
03405,03158,0,0,0
03405,03159,10,10,0
03405,03241,122,30,92
03405,03251,62,26,36
03405,03252,0,0,0
03405,03254,0,0,0
03405,03255,0,0,0
03405,03256,0,0,0
03405,03257,0,0,0
03405,03351,0,0,0
03405,03352,97,86,11
03405,03353,0,0,0
03405,03354,0,0,0
03405,03355,0,0,0
03405,03356,26,26,0
03405,03357,18,18,0
03405,03358,0,0,0
03405,03359,34,13,21
03405,03360,0,0,0
03405,03361,39,12,27
03405,03401,70,16,54
03405,03402,117,48,69
03405,03403,1404,643,761
03405,03404,51,0,51
03405,03405,0,0,0
03405,03451,1238,890,348
03405,03452,707,490,217
03405,03453,137,79,58
03405,03454,82,50,32
03405,03455,11025,7406,3619
03405,03456,29,14,15
03405,03457,320,222,98
03405,03458,208,139,69
03405,03459,24,0,24
03405,03460,52,14,38
03405,03461,345,217,128
03405,03462,1628,1283,345
03405,04011,490,110,380
03405,04012,145,76,69
03405,05111,26,0,26
03405,05112,59,49,10
03405,05113,36,22,14
03405,05114,10,10,0
03405,05116,0,0,0
03405,05117,13,0,13
03405,05119,0,0,0
03405,05120,0,0,0
03405,05122,0,0,0
03405,05124,0,0,0
03405,05154,12,12,0
03405,05158,0,0,0
03405,05162,0,0,0
03405,05166,0,0,0
03405,05170,17,17,0
03405,05314,15,0,15
03405,05315,29,0,29
03405,05316,0,0,0
03405,05334,0,0,0
03405,05358,26,0,26
03405,05362,11,0,11
03405,05366,0,0,0
03405,05370,0,0,0
03405,05374,16,0,16
03405,05378,0,0,0
03405,05382,10,0,10
03405,05512,0,0,0
03405,05513,0,0,0
03405,05515,16,0,16
03405,05554,0,0,0
03405,05558,0,0,0
03405,05562,0,0,0
03405,05566,24,10,14
03405,05570,0,0,0
03405,05711,21,0,21
03405,05754,0,0,0
03405,05758,27,0,27
03405,05762,0,0,0
03405,05766,0,0,0
03405,05770,0,0,0
03405,05774,0,0,0
03405,05911,11,0,11
03405,05913,24,14,10
03405,05914,0,0,0
03405,05915,0,0,0
03405,05916,16,0,16
03405,05954,0,0,0
03405,05958,0,0,0
03405,05962,0,0,0
03405,05966,0,0,0
03405,05970,0,0,0
03405,05974,0,0,0
03405,05978,0,0,0
03405,06411,0,0,0
03405,06412,44,0,44
03405,06413,0,0,0
03405,06414,0,0,0
03405,06431,12,0,12
03405,06432,0,0,0
03405,06433,22,0,22
03405,06434,10,0,10
03405,06435,12,0,12
03405,06436,0,0,0
03405,06437,0,0,0
03405,06438,0,0,0
03405,06439,0,0,0
03405,06440,0,0,0
03405,06531,0,0,0
03405,06532,0,0,0
03405,06533,0,0,0
03405,06534,0,0,0
03405,06535,0,0,0
03405,06611,0,0,0
03405,06631,0,0,0
03405,06632,0,0,0
03405,06633,0,0,0
03405,06634,0,0,0
03405,06635,0,0,0
03405,06636,0,0,0
03405,07111,0,0,0
03405,07131,0,0,0
03405,07132,0,0,0
03405,07133,0,0,0
03405,07134,0,0,0
03405,07135,0,0,0
03405,07137,0,0,0
03405,07138,0,0,0
03405,07140,0,0,0
03405,07141,0,0,0
03405,07143,0,0,0
03405,07211,0,0,0
03405,07231,0,0,0
03405,07232,0,0,0
03405,07233,0,0,0
03405,07235,0,0,0
03405,07311,0,0,0
03405,07312,0,0,0
03405,07313,0,0,0
03405,07314,0,0,0
03405,07315,0,0,0
03405,07316,0,0,0
03405,07317,0,0,0
03405,07318,0,0,0
03405,07319,0,0,0
03405,07320,0,0,0
03405,07331,0,0,0
03405,07332,0,0,0
03405,07333,0,0,0
03405,07334,0,0,0
03405,07335,0,0,0
03405,07336,0,0,0
03405,07337,0,0,0
03405,07338,0,0,0
03405,07339,0,0,0
03405,07340,0,0,0
03405,08111,0,0,0
03405,08115,0,0,0
03405,08116,0,0,0
03405,08117,0,0,0
03405,08118,0,0,0
03405,08119,0,0,0
03405,08121,0,0,0
03405,08125,0,0,0
03405,08126,0,0,0
03405,08127,57,0,57
03405,08128,0,0,0
03405,08135,0,0,0
03405,08136,0,0,0
03405,08211,0,0,0
03405,08212,0,0,0
03405,08215,0,0,0
03405,08216,0,0,0
03405,08221,0,0,0
03405,08222,0,0,0
03405,08225,0,0,0
03405,08226,0,0,0
03405,08231,0,0,0
03405,08235,0,0,0
03405,08236,0,0,0
03405,08237,0,0,0
03405,08311,0,0,0
03405,08315,0,0,0
03405,08316,0,0,0
03405,08317,0,0,0
03405,08325,0,0,0
03405,08326,0,0,0
03405,08327,0,0,0
03405,08335,0,0,0
03405,08336,0,0,0
03405,08337,0,0,0
03405,08415,0,0,0
03405,08416,0,0,0
03405,08417,0,0,0
03405,08421,0,0,0
03405,08425,0,0,0
03405,08426,0,0,0
03405,08435,0,0,0
03405,08436,0,0,0
03405,08437,0,0,0
03405,09161,0,0,0
03405,09162,26,0,26
03405,09163,0,0,0
03405,09171,0,0,0
03405,09172,0,0,0
03405,09173,0,0,0
03405,09174,0,0,0
03405,09175,0,0,0
03405,09176,0,0,0
03405,09177,0,0,0
03405,09178,0,0,0
03405,09179,0,0,0
03405,09180,0,0,0
03405,09181,0,0,0
03405,09182,0,0,0
03405,09183,0,0,0
03405,09184,20,0,20
03405,09185,0,0,0
03405,09186,0,0,0
03405,09187,0,0,0
03405,09188,0,0,0
03405,09189,0,0,0
03405,09190,0,0,0
03405,09261,0,0,0
03405,09262,0,0,0
03405,09263,0,0,0
03405,09271,0,0,0
03405,09272,0,0,0
03405,09273,0,0,0
03405,09274,0,0,0
03405,09275,0,0,0
03405,09276,0,0,0
03405,09277,0,0,0
03405,09278,0,0,0
03405,09279,0,0,0
03405,09361,0,0,0
03405,09362,0,0,0
03405,09363,0,0,0
03405,09371,0,0,0
03405,09372,0,0,0
03405,09373,0,0,0
03405,09374,0,0,0
03405,09375,0,0,0
03405,09376,0,0,0
03405,09377,0,0,0
03405,09461,0,0,0
03405,09462,0,0,0
03405,09463,0,0,0
03405,09464,0,0,0
03405,09471,0,0,0
03405,09472,0,0,0
03405,09473,0,0,0
03405,09474,0,0,0
03405,09475,0,0,0
03405,09476,0,0,0
03405,09477,0,0,0
03405,09478,0,0,0
03405,09479,0,0,0
03405,09561,0,0,0
03405,09562,0,0,0
03405,09563,0,0,0
03405,09564,11,0,11
03405,09565,0,0,0
03405,09571,0,0,0
03405,09572,0,0,0
03405,09573,0,0,0
03405,09574,0,0,0
03405,09575,0,0,0
03405,09576,0,0,0
03405,09577,0,0,0
03405,09661,0,0,0
03405,09662,0,0,0
03405,09663,0,0,0
03405,09671,0,0,0
03405,09672,0,0,0
03405,09673,0,0,0
03405,09674,0,0,0
03405,09675,0,0,0
03405,09676,0,0,0
03405,09677,0,0,0
03405,09678,0,0,0
03405,09679,0,0,0
03405,09761,0,0,0
03405,09762,0,0,0
03405,09763,0,0,0
03405,09764,0,0,0
03405,09771,0,0,0
03405,09772,0,0,0
03405,09773,0,0,0
03405,09774,0,0,0
03405,09775,0,0,0
03405,09776,0,0,0
03405,09777,0,0,0
03405,09778,0,0,0
03405,09779,0,0,0
03405,09780,0,0,0
03405,10041,0,0,0
03405,10042,0,0,0
03405,10043,0,0,0
03405,10044,0,0,0
03405,10045,0,0,0
03405,10046,0,0,0
03405,11000,127,22,105
03405,12051,0,0,0
03405,12052,0,0,0
03405,12053,0,0,0
03405,12054,0,0,0
03405,12060,0,0,0
03405,12061,0,0,0
03405,12062,0,0,0
03405,12063,0,0,0
03405,12064,0,0,0
03405,12065,0,0,0
03405,12066,0,0,0
03405,12067,0,0,0
03405,12068,0,0,0
03405,12069,0,0,0
03405,12070,0,0,0
03405,12071,0,0,0
03405,12072,0,0,0
03405,12073,0,0,0
03405,13003,10,0,10
03405,13004,0,0,0
03405,13071,0,0,0
03405,13072,0,0,0
03405,13073,0,0,0
03405,13074,0,0,0
03405,13075,15,15,0
03405,13076,0,0,0
03405,14511,0,0,0
03405,14521,0,0,0
03405,14522,0,0,0
03405,14523,0,0,0
03405,14524,0,0,0
03405,14612,0,0,0
03405,14625,0,0,0
03405,14626,0,0,0
03405,14627,10,10,0
03405,14628,0,0,0
03405,14713,16,16,0
03405,14729,16,16,0
03405,14730,0,0,0
03405,15001,0,0,0
03405,15002,13,13,0
03405,15003,0,0,0
03405,15081,0,0,0
03405,15082,0,0,0
03405,15083,0,0,0
03405,15084,0,0,0
03405,15085,0,0,0
03405,15086,0,0,0
03405,15087,0,0,0
03405,15088,0,0,0
03405,15089,0,0,0
03405,15090,0,0,0
03405,15091,0,0,0
03405,16051,0,0,0
03405,16052,0,0,0
03405,16053,0,0,0
03405,16054,0,0,0
03405,16055,0,0,0
03405,16056,0,0,0
03405,16061,0,0,0
03405,16062,0,0,0
03405,16063,0,0,0
03405,16064,0,0,0
03405,16065,0,0,0
03405,16066,24,0,24
03405,16067,0,0,0
03405,16068,0,0,0
03405,16069,0,0,0
03405,16070,0,0,0
03405,16071,0,0,0
03405,16072,0,0,0
03405,16073,0,0,0
03405,16074,0,0,0
03405,16075,0,0,0
03405,16076,0,0,0
03405,16077,0,0,0
03451,01001,0,0,0
03451,01002,10,10,0
03451,01003,28,10,18
03451,01004,0,0,0
03451,01051,0,0,0
03451,01053,27,15,12
03451,01054,0,0,0
03451,01055,0,0,0
03451,01056,30,14,16
03451,01057,0,0,0
03451,01058,0,0,0
03451,01059,0,0,0
03451,01060,32,14,18
03451,01061,0,0,0
03451,01062,49,18,31
03451,02000,332,72,260
03451,03101,30,12,18
03451,03102,0,0,0
03451,03103,14,0,14
03451,03151,0,0,0
03451,03153,0,0,0
03451,03154,0,0,0
03451,03155,31,0,31
03451,03157,0,0,0
03451,03158,0,0,0
03451,03159,0,0,0
03451,03241,272,73,199
03451,03251,229,114,115
03451,03252,0,0,0
03451,03254,13,13,0
03451,03255,0,0,0
03451,03256,12,12,0
03451,03257,0,0,0
03451,03351,30,12,18
03451,03352,102,60,42
03451,03353,48,24,24
03451,03354,0,0,0
03451,03355,0,0,0
03451,03356,69,43,26
03451,03357,73,39,34
03451,03358,29,0,29
03451,03359,14,0,14
03451,03360,0,0,0
03451,03361,86,38,48
03451,03401,350,88,262
03451,03402,189,65,124
03451,03403,19081,6137,12944
03451,03404,71,21,50
03451,03405,1238,348,890
03451,03451,0,0,0
03451,03452,996,585,411
03451,03453,3885,2522,1363
03451,03454,485,277,208
03451,03455,3085,2034,1051
03451,03456,52,34,18
03451,03457,3414,2370,1044
03451,03458,2474,1416,1058
03451,03459,140,71,69
03451,03460,272,104,168
03451,03461,1828,1153,675
03451,03462,393,289,104
03451,04011,1349,239,1110
03451,04012,98,34,64
03451,05111,42,0,42
03451,05112,16,0,16
03451,05113,35,10,25
03451,05114,10,10,0
03451,05116,11,0,11
03451,05117,0,0,0
03451,05119,0,0,0
03451,05120,12,0,12
03451,05122,0,0,0
03451,05124,0,0,0
03451,05154,0,0,0
03451,05158,34,11,23
03451,05162,10,0,10
03451,05166,10,10,0
03451,05170,0,0,0
03451,05314,12,0,12
03451,05315,50,11,39
03451,05316,0,0,0
03451,05334,10,0,10
03451,05358,0,0,0
03451,05362,28,14,14
03451,05366,0,0,0
03451,05370,0,0,0
03451,05374,19,0,19
03451,05378,0,0,0
03451,05382,14,14,0
03451,05512,0,0,0
03451,05513,0,0,0
03451,05515,37,0,37
03451,05554,23,10,13
03451,05558,0,0,0
03451,05562,23,10,13
03451,05566,40,11,29
03451,05570,0,0,0
03451,05711,38,0,38
03451,05754,50,16,34
03451,05758,32,16,16
03451,05762,0,0,0
03451,05766,12,0,12
03451,05770,49,12,37
03451,05774,0,0,0
03451,05911,10,0,10
03451,05913,15,0,15
03451,05914,0,0,0
03451,05915,0,0,0
03451,05916,0,0,0
03451,05954,11,0,11
03451,05958,0,0,0
03451,05962,0,0,0
03451,05966,0,0,0
03451,05970,0,0,0
03451,05974,0,0,0
03451,05978,11,0,11
03451,06411,0,0,0
03451,06412,53,0,53
03451,06413,0,0,0
03451,06414,11,0,11
03451,06431,0,0,0
03451,06432,0,0,0
03451,06433,15,0,15
03451,06434,12,0,12
03451,06435,0,0,0
03451,06436,13,0,13
03451,06437,0,0,0
03451,06438,10,0,10
03451,06439,0,0,0
03451,06440,0,0,0
03451,06531,0,0,0
03451,06532,0,0,0
03451,06533,0,0,0
03451,06534,0,0,0
03451,06535,0,0,0
03451,06611,0,0,0
03451,06631,0,0,0
03451,06632,0,0,0
03451,06633,0,0,0
03451,06634,0,0,0
03451,06635,0,0,0
03451,06636,0,0,0
03451,07111,0,0,0
03451,07131,0,0,0
03451,07132,0,0,0
03451,07133,0,0,0
03451,07134,0,0,0
03451,07135,0,0,0
03451,07137,0,0,0
03451,07138,0,0,0
03451,07140,0,0,0
03451,07141,0,0,0
03451,07143,0,0,0
03451,07211,0,0,0
03451,07231,0,0,0
03451,07232,0,0,0
03451,07233,0,0,0
03451,07235,0,0,0
03451,07311,0,0,0
03451,07312,0,0,0
03451,07313,0,0,0
03451,07314,0,0,0
03451,07315,0,0,0
03451,07316,0,0,0
03451,07317,0,0,0
03451,07318,0,0,0
03451,07319,0,0,0
03451,07320,0,0,0
03451,07331,0,0,0
03451,07332,0,0,0
03451,07333,0,0,0
03451,07334,0,0,0
03451,07335,0,0,0
03451,07336,0,0,0
03451,07337,0,0,0
03451,07338,0,0,0
03451,07339,0,0,0
03451,07340,0,0,0
03451,08111,21,0,21
03451,08115,0,0,0
03451,08116,14,0,14
03451,08117,0,0,0
03451,08118,16,0,16
03451,08119,0,0,0
03451,08121,0,0,0
03451,08125,0,0,0
03451,08126,12,0,12
03451,08127,0,0,0
03451,08128,0,0,0
03451,08135,0,0,0
03451,08136,0,0,0
03451,08211,0,0,0
03451,08212,0,0,0
03451,08215,10,0,10
03451,08216,0,0,0
03451,08221,0,0,0
03451,08222,13,0,13
03451,08225,0,0,0
03451,08226,11,0,11
03451,08231,0,0,0
03451,08235,0,0,0
03451,08236,0,0,0
03451,08237,0,0,0
03451,08311,12,0,12
03451,08315,0,0,0
03451,08316,0,0,0
03451,08317,0,0,0
03451,08325,0,0,0
03451,08326,0,0,0
03451,08327,0,0,0
03451,08335,0,0,0
03451,08336,0,0,0
03451,08337,0,0,0
03451,08415,0,0,0
03451,08416,0,0,0
03451,08417,0,0,0
03451,08421,0,0,0
03451,08425,0,0,0
03451,08426,0,0,0
03451,08435,0,0,0
03451,08436,0,0,0
03451,08437,0,0,0
03451,09161,0,0,0
03451,09162,56,0,56
03451,09163,0,0,0
03451,09171,0,0,0
03451,09172,0,0,0
03451,09173,0,0,0
03451,09174,0,0,0
03451,09175,0,0,0
03451,09176,0,0,0
03451,09177,0,0,0
03451,09178,0,0,0
03451,09179,0,0,0
03451,09180,0,0,0
03451,09181,0,0,0
03451,09182,0,0,0
03451,09183,0,0,0
03451,09184,33,0,33
03451,09185,0,0,0
03451,09186,0,0,0
03451,09187,0,0,0
03451,09188,0,0,0
03451,09189,0,0,0
03451,09190,0,0,0
03451,09261,0,0,0
03451,09262,0,0,0
03451,09263,0,0,0
03451,09271,0,0,0
03451,09272,0,0,0
03451,09273,0,0,0
03451,09274,0,0,0
03451,09275,0,0,0
03451,09276,0,0,0
03451,09277,0,0,0
03451,09278,0,0,0
03451,09279,0,0,0
03451,09361,0,0,0
03451,09362,0,0,0
03451,09363,0,0,0
03451,09371,0,0,0
03451,09372,0,0,0
03451,09373,11,11,0
03451,09374,0,0,0
03451,09375,0,0,0
03451,09376,0,0,0
03451,09377,0,0,0
03451,09461,0,0,0
03451,09462,0,0,0
03451,09463,0,0,0
03451,09464,0,0,0
03451,09471,0,0,0
03451,09472,0,0,0
03451,09473,0,0,0
03451,09474,0,0,0
03451,09475,10,0,10
03451,09476,0,0,0
03451,09477,0,0,0
03451,09478,0,0,0
03451,09479,0,0,0
03451,09561,0,0,0
03451,09562,0,0,0
03451,09563,0,0,0
03451,09564,10,0,10
03451,09565,0,0,0
03451,09571,0,0,0
03451,09572,0,0,0
03451,09573,0,0,0
03451,09574,0,0,0
03451,09575,0,0,0
03451,09576,0,0,0
03451,09577,0,0,0
03451,09661,0,0,0
03451,09662,0,0,0
03451,09663,0,0,0
03451,09671,0,0,0
03451,09672,0,0,0
03451,09673,0,0,0
03451,09674,0,0,0
03451,09675,0,0,0
03451,09676,0,0,0
03451,09677,0,0,0
03451,09678,0,0,0
03451,09679,0,0,0
03451,09761,0,0,0
03451,09762,0,0,0
03451,09763,0,0,0
03451,09764,0,0,0
03451,09771,0,0,0
03451,09772,0,0,0
03451,09773,0,0,0
03451,09774,0,0,0
03451,09775,0,0,0
03451,09776,0,0,0
03451,09777,0,0,0
03451,09778,0,0,0
03451,09779,0,0,0
03451,09780,0,0,0
03451,10041,0,0,0
03451,10042,0,0,0
03451,10043,0,0,0
03451,10044,0,0,0
03451,10045,0,0,0
03451,10046,0,0,0
03451,11000,237,112,125
03451,12051,13,13,0
03451,12052,0,0,0
03451,12053,0,0,0
03451,12054,0,0,0
03451,12060,0,0,0
03451,12061,0,0,0
03451,12062,0,0,0
03451,12063,0,0,0
03451,12064,0,0,0
03451,12065,0,0,0
03451,12066,0,0,0
03451,12067,31,31,0
03451,12068,0,0,0
03451,12069,0,0,0
03451,12070,0,0,0
03451,12071,0,0,0
03451,12072,0,0,0
03451,12073,0,0,0
03451,13003,0,0,0
03451,13004,0,0,0
03451,13071,11,11,0
03451,13072,10,10,0
03451,13073,0,0,0
03451,13074,0,0,0
03451,13075,0,0,0
03451,13076,0,0,0
03451,14511,0,0,0
03451,14521,0,0,0
03451,14522,0,0,0
03451,14523,0,0,0
03451,14524,0,0,0
03451,14612,0,0,0
03451,14625,0,0,0
03451,14626,0,0,0
03451,14627,0,0,0
03451,14628,0,0,0
03451,14713,0,0,0
03451,14729,0,0,0
03451,14730,0,0,0
03451,15001,0,0,0
03451,15002,0,0,0
03451,15003,10,10,0
03451,15081,0,0,0
03451,15082,0,0,0
03451,15083,0,0,0
03451,15084,0,0,0
03451,15085,0,0,0
03451,15086,0,0,0
03451,15087,0,0,0
03451,15088,0,0,0
03451,15089,10,10,0
03451,15090,0,0,0
03451,15091,0,0,0
03451,16051,0,0,0
03451,16052,0,0,0
03451,16053,0,0,0
03451,16054,0,0,0
03451,16055,0,0,0
03451,16056,0,0,0
03451,16061,10,10,0
03451,16062,0,0,0
03451,16063,0,0,0
03451,16064,0,0,0
03451,16065,0,0,0
03451,16066,0,0,0
03451,16067,0,0,0
03451,16068,0,0,0
03451,16069,0,0,0
03451,16070,0,0,0
03451,16071,0,0,0
03451,16072,0,0,0
03451,16073,0,0,0
03451,16074,0,0,0
03451,16075,0,0,0
03451,16076,0,0,0
03451,16077,0,0,0
03452,01001,0,0,0
03452,01002,38,19,19
03452,01003,35,12,23
03452,01004,58,0,58
03452,01051,14,14,0
03452,01053,12,0,12
03452,01054,29,14,15
03452,01055,11,0,11
03452,01056,32,0,32
03452,01057,0,0,0
03452,01058,11,0,11
03452,01059,0,0,0
03452,01060,30,13,17
03452,01061,10,10,0
03452,01062,68,25,43
03452,02000,445,72,373
03452,03101,50,26,24
03452,03102,0,0,0
03452,03103,49,0,49
03452,03151,0,0,0
03452,03153,0,0,0
03452,03154,0,0,0
03452,03155,0,0,0
03452,03157,10,0,10
03452,03158,0,0,0
03452,03159,29,16,13
03452,03241,431,108,323
03452,03251,86,56,30
03452,03252,16,0,16
03452,03254,30,16,14
03452,03255,0,0,0
03452,03256,27,0,27
03452,03257,11,0,11
03452,03351,29,10,19
03452,03352,65,36,29
03452,03353,44,11,33
03452,03354,0,0,0
03452,03355,12,12,0
03452,03356,32,22,10
03452,03357,68,26,42
03452,03358,27,14,13
03452,03359,40,16,24
03452,03360,0,0,0
03452,03361,94,26,68
03452,03401,65,34,31
03452,03402,13991,1962,12029
03452,03403,1060,351,709
03452,03404,106,23,83
03452,03405,707,217,490
03452,03451,996,411,585
03452,03452,0,0,0
03452,03453,494,277,217
03452,03454,814,456,358
03452,03455,1238,670,568
03452,03456,103,58,45
03452,03457,6074,3378,2696
03452,03458,163,103,60
03452,03459,86,40,46
03452,03460,67,32,35
03452,03461,158,71,87
03452,03462,6200,3856,2344
03452,04011,556,208,348
03452,04012,49,22,27
03452,05111,92,23,69
03452,05112,57,26,31
03452,05113,50,17,33
03452,05114,10,10,0
03452,05116,14,14,0
03452,05117,11,0,11
03452,05119,0,0,0
03452,05120,0,0,0
03452,05122,0,0,0
03452,05124,43,10,33
03452,05154,41,27,14
03452,05158,32,0,32
03452,05162,13,0,13
03452,05166,0,0,0
03452,05170,60,35,25
03452,05314,17,0,17
03452,05315,135,47,88
03452,05316,0,0,0
03452,05334,10,0,10
03452,05358,0,0,0
03452,05362,27,11,16
03452,05366,12,12,0
03452,05370,13,0,13
03452,05374,29,13,16
03452,05378,0,0,0
03452,05382,48,13,35
03452,05512,0,0,0
03452,05513,28,16,12
03452,05515,101,38,63
03452,05554,62,39,23
03452,05558,29,19,10
03452,05562,59,39,20
03452,05566,98,35,63
03452,05570,10,0,10
03452,05711,33,0,33
03452,05754,50,15,35
03452,05758,75,12,63
03452,05762,0,0,0
03452,05766,49,31,18
03452,05770,39,19,20
03452,05774,0,0,0
03452,05911,39,18,21
03452,05913,117,31,86
03452,05914,10,0,10
03452,05915,25,11,14
03452,05916,0,0,0
03452,05954,16,0,16
03452,05958,16,16,0
03452,05962,36,12,24
03452,05966,0,0,0
03452,05970,16,0,16
03452,05974,51,19,32
03452,05978,29,11,18
03452,06411,0,0,0
03452,06412,64,11,53
03452,06413,13,0,13
03452,06414,0,0,0
03452,06431,0,0,0
03452,06432,0,0,0
03452,06433,0,0,0
03452,06434,0,0,0
03452,06435,0,0,0
03452,06436,0,0,0
03452,06437,0,0,0
03452,06438,0,0,0
03452,06439,0,0,0
03452,06440,12,0,12
03452,06531,0,0,0
03452,06532,0,0,0
03452,06533,0,0,0
03452,06534,0,0,0
03452,06535,0,0,0
03452,06611,0,0,0
03452,06631,0,0,0
03452,06632,0,0,0
03452,06633,0,0,0
03452,06634,0,0,0
03452,06635,0,0,0
03452,06636,0,0,0
03452,07111,0,0,0
03452,07131,0,0,0
03452,07132,0,0,0
03452,07133,0,0,0
03452,07134,0,0,0
03452,07135,0,0,0
03452,07137,0,0,0
03452,07138,0,0,0
03452,07140,0,0,0
03452,07141,0,0,0
03452,07143,0,0,0
03452,07211,0,0,0
03452,07231,0,0,0
03452,07232,0,0,0
03452,07233,0,0,0
03452,07235,0,0,0
03452,07311,0,0,0
03452,07312,0,0,0
03452,07313,0,0,0
03452,07314,0,0,0
03452,07315,16,16,0
03452,07316,0,0,0
03452,07317,0,0,0
03452,07318,0,0,0
03452,07319,0,0,0
03452,07320,0,0,0
03452,07331,0,0,0
03452,07332,0,0,0
03452,07333,0,0,0
03452,07334,0,0,0
03452,07335,0,0,0
03452,07336,0,0,0
03452,07337,0,0,0
03452,07338,0,0,0
03452,07339,10,10,0
03452,07340,0,0,0
03452,08111,33,0,33
03452,08115,0,0,0
03452,08116,0,0,0
03452,08117,0,0,0
03452,08118,13,0,13
03452,08119,0,0,0
03452,08121,0,0,0
03452,08125,11,0,11
03452,08126,0,0,0
03452,08127,0,0,0
03452,08128,0,0,0
03452,08135,0,0,0
03452,08136,0,0,0
03452,08211,0,0,0
03452,08212,0,0,0
03452,08215,18,0,18
03452,08216,0,0,0
03452,08221,0,0,0
03452,08222,12,0,12
03452,08225,0,0,0
03452,08226,14,0,14
03452,08231,0,0,0
03452,08235,0,0,0
03452,08236,0,0,0
03452,08237,0,0,0
03452,08311,0,0,0
03452,08315,43,0,43
03452,08316,0,0,0
03452,08317,0,0,0
03452,08325,0,0,0
03452,08326,0,0,0
03452,08327,0,0,0
03452,08335,0,0,0
03452,08336,10,0,10
03452,08337,0,0,0
03452,08415,0,0,0
03452,08416,0,0,0
03452,08417,0,0,0
03452,08421,0,0,0
03452,08425,0,0,0
03452,08426,0,0,0
03452,08435,0,0,0
03452,08436,0,0,0
03452,08437,0,0,0
03452,09161,0,0,0
03452,09162,35,0,35
03452,09163,0,0,0
03452,09171,0,0,0
03452,09172,0,0,0
03452,09173,0,0,0
03452,09174,0,0,0
03452,09175,0,0,0
03452,09176,0,0,0
03452,09177,0,0,0
03452,09178,0,0,0
03452,09179,0,0,0
03452,09180,0,0,0
03452,09181,0,0,0
03452,09182,0,0,0
03452,09183,0,0,0
03452,09184,18,0,18
03452,09185,0,0,0
03452,09186,0,0,0
03452,09187,0,0,0
03452,09188,0,0,0
03452,09189,0,0,0
03452,09190,0,0,0
03452,09261,0,0,0
03452,09262,0,0,0
03452,09263,0,0,0
03452,09271,0,0,0
03452,09272,0,0,0
03452,09273,0,0,0
03452,09274,0,0,0
03452,09275,0,0,0
03452,09276,0,0,0
03452,09277,0,0,0
03452,09278,0,0,0
03452,09279,0,0,0
03452,09361,0,0,0
03452,09362,0,0,0
03452,09363,0,0,0
03452,09371,0,0,0
03452,09372,0,0,0
03452,09373,0,0,0
03452,09374,0,0,0
03452,09375,13,13,0
03452,09376,0,0,0
03452,09377,0,0,0
03452,09461,0,0,0
03452,09462,0,0,0
03452,09463,0,0,0
03452,09464,0,0,0
03452,09471,0,0,0
03452,09472,0,0,0
03452,09473,0,0,0
03452,09474,0,0,0
03452,09475,11,11,0
03452,09476,0,0,0
03452,09477,0,0,0
03452,09478,0,0,0
03452,09479,0,0,0
03452,09561,0,0,0
03452,09562,0,0,0
03452,09563,0,0,0
03452,09564,19,0,19
03452,09565,0,0,0
03452,09571,0,0,0
03452,09572,0,0,0
03452,09573,0,0,0
03452,09574,0,0,0
03452,09575,0,0,0
03452,09576,0,0,0
03452,09577,0,0,0
03452,09661,0,0,0
03452,09662,0,0,0
03452,09663,0,0,0
03452,09671,0,0,0
03452,09672,0,0,0
03452,09673,0,0,0
03452,09674,0,0,0
03452,09675,0,0,0
03452,09676,0,0,0
03452,09677,0,0,0
03452,09678,0,0,0
03452,09679,0,0,0
03452,09761,0,0,0
03452,09762,0,0,0
03452,09763,0,0,0
03452,09764,0,0,0
03452,09771,0,0,0
03452,09772,0,0,0
03452,09773,0,0,0
03452,09774,0,0,0
03452,09775,0,0,0
03452,09776,0,0,0
03452,09777,0,0,0
03452,09778,0,0,0
03452,09779,0,0,0
03452,09780,0,0,0
03452,10041,0,0,0
03452,10042,0,0,0
03452,10043,0,0,0
03452,10044,0,0,0
03452,10045,0,0,0
03452,10046,0,0,0
03452,11000,179,89,90
03452,12051,0,0,0
03452,12052,0,0,0
03452,12053,0,0,0
03452,12054,0,0,0
03452,12060,28,28,0
03452,12061,0,0,0
03452,12062,0,0,0
03452,12063,0,0,0
03452,12064,0,0,0
03452,12065,0,0,0
03452,12066,0,0,0
03452,12067,0,0,0
03452,12068,12,0,12
03452,12069,0,0,0
03452,12070,0,0,0
03452,12071,0,0,0
03452,12072,0,0,0
03452,12073,33,33,0
03452,13003,26,16,10
03452,13004,0,0,0
03452,13071,20,20,0
03452,13072,11,11,0
03452,13073,11,11,0
03452,13074,0,0,0
03452,13075,13,13,0
03452,13076,0,0,0
03452,14511,0,0,0
03452,14521,0,0,0
03452,14522,0,0,0
03452,14523,0,0,0
03452,14524,0,0,0
03452,14612,11,11,0
03452,14625,0,0,0
03452,14626,0,0,0
03452,14627,0,0,0
03452,14628,0,0,0
03452,14713,37,21,16
03452,14729,0,0,0
03452,14730,0,0,0
03452,15001,0,0,0
03452,15002,0,0,0
03452,15003,56,56,0
03452,15081,0,0,0
03452,15082,0,0,0
03452,15083,12,12,0
03452,15084,0,0,0
03452,15085,13,13,0
03452,15086,19,19,0
03452,15087,0,0,0
03452,15088,0,0,0
03452,15089,16,16,0
03452,15090,0,0,0
03452,15091,0,0,0
03452,16051,0,0,0
03452,16052,0,0,0
03452,16053,0,0,0
03452,16054,0,0,0
03452,16055,0,0,0
03452,16056,0,0,0
03452,16061,0,0,0
03452,16062,0,0,0
03452,16063,0,0,0
03452,16064,0,0,0
03452,16065,0,0,0
03452,16066,0,0,0
03452,16067,0,0,0
03452,16068,0,0,0
03452,16069,0,0,0
03452,16070,0,0,0
03452,16071,0,0,0
03452,16072,0,0,0
03452,16073,0,0,0
03452,16074,0,0,0
03452,16075,0,0,0
03452,16076,0,0,0
03452,16077,0,0,0
03453,01001,23,0,23
03453,01002,27,10,17
03453,01003,153,0,153
03453,01004,10,0,10
03453,01051,15,15,0
03453,01053,15,15,0
03453,01054,13,13,0
03453,01055,0,0,0
03453,01056,28,14,14
03453,01057,0,0,0
03453,01058,0,0,0
03453,01059,0,0,0
03453,01060,26,15,11
03453,01061,0,0,0
03453,01062,32,14,18
03453,02000,328,86,242
03453,03101,20,10,10
03453,03102,0,0,0
03453,03103,0,0,0
03453,03151,0,0,0
03453,03153,17,17,0
03453,03154,0,0,0
03453,03155,0,0,0
03453,03157,11,0,11
03453,03158,0,0,0
03453,03159,21,10,11
03453,03241,307,92,215
03453,03251,697,331,366
03453,03252,49,28,21
03453,03254,27,15,12
03453,03255,0,0,0
03453,03256,49,25,24
03453,03257,0,0,0
03453,03351,41,21,20
03453,03352,80,48,32
03453,03353,72,30,42
03453,03354,0,0,0
03453,03355,0,0,0
03453,03356,57,37,20
03453,03357,91,45,46
03453,03358,54,14,40
03453,03359,42,21,21
03453,03360,0,0,0
03453,03361,489,48,441
03453,03401,190,95,95
03453,03402,104,49,55
03453,03403,4393,1127,3266
03453,03404,362,126,236
03453,03405,137,58,79
03453,03451,3885,1363,2522
03453,03452,494,217,277
03453,03453,0,0,0
03453,03454,5711,3264,2447
03453,03455,283,118,165
03453,03456,112,55,57
03453,03457,2956,2013,943
03453,03458,3983,2380,1603
03453,03459,3967,1956,2011
03453,03460,7070,2351,4719
03453,03461,153,80,73
03453,03462,101,56,45
03453,04011,859,279,580
03453,04012,59,37,22
03453,05111,71,15,56
03453,05112,39,19,20
03453,05113,42,15,27
03453,05114,324,0,324
03453,05116,0,0,0
03453,05117,0,0,0
03453,05119,0,0,0
03453,05120,0,0,0
03453,05122,0,0,0
03453,05124,11,11,0
03453,05154,31,12,19
03453,05158,20,0,20
03453,05162,20,10,10
03453,05166,39,25,14
03453,05170,28,15,13
03453,05314,12,12,0
03453,05315,72,19,53
03453,05316,0,0,0
03453,05334,0,0,0
03453,05358,0,0,0
03453,05362,22,10,12
03453,05366,0,0,0
03453,05370,0,0,0
03453,05374,31,0,31
03453,05378,12,0,12
03453,05382,17,17,0
03453,05512,0,0,0
03453,05513,11,11,0
03453,05515,92,23,69
03453,05554,102,82,20
03453,05558,43,26,17
03453,05562,128,109,19
03453,05566,175,79,96
03453,05570,52,27,25
03453,05711,41,13,28
03453,05754,162,23,139
03453,05758,42,15,27
03453,05762,0,0,0
03453,05766,28,28,0
03453,05770,80,38,42
03453,05774,45,34,11
03453,05911,28,14,14
03453,05913,46,17,29
03453,05914,0,0,0
03453,05915,10,10,0
03453,05916,0,0,0
03453,05954,0,0,0
03453,05958,0,0,0
03453,05962,11,11,0
03453,05966,0,0,0
03453,05970,0,0,0
03453,05974,10,10,0
03453,05978,48,12,36
03453,06411,0,0,0
03453,06412,51,15,36
03453,06413,0,0,0
03453,06414,0,0,0
03453,06431,0,0,0
03453,06432,0,0,0
03453,06433,10,10,0
03453,06434,0,0,0
03453,06435,11,0,11
03453,06436,10,0,10
03453,06437,0,0,0
03453,06438,10,0,10
03453,06439,0,0,0
03453,06440,0,0,0
03453,06531,0,0,0
03453,06532,0,0,0
03453,06533,0,0,0
03453,06534,0,0,0
03453,06535,0,0,0
03453,06611,0,0,0
03453,06631,10,0,10
03453,06632,0,0,0
03453,06633,12,12,0
03453,06634,0,0,0
03453,06635,0,0,0
03453,06636,0,0,0
03453,07111,0,0,0
03453,07131,0,0,0
03453,07132,0,0,0
03453,07133,0,0,0
03453,07134,0,0,0
03453,07135,0,0,0
03453,07137,0,0,0
03453,07138,0,0,0
03453,07140,0,0,0
03453,07141,0,0,0
03453,07143,0,0,0
03453,07211,0,0,0
03453,07231,0,0,0
03453,07232,0,0,0
03453,07233,0,0,0
03453,07235,0,0,0
03453,07311,0,0,0
03453,07312,0,0,0
03453,07313,0,0,0
03453,07314,0,0,0
03453,07315,0,0,0
03453,07316,0,0,0
03453,07317,0,0,0
03453,07318,0,0,0
03453,07319,0,0,0
03453,07320,0,0,0
03453,07331,0,0,0
03453,07332,0,0,0
03453,07333,0,0,0
03453,07334,0,0,0
03453,07335,0,0,0
03453,07336,0,0,0
03453,07337,0,0,0
03453,07338,0,0,0
03453,07339,0,0,0
03453,07340,0,0,0
03453,08111,37,23,14
03453,08115,0,0,0
03453,08116,26,13,13
03453,08117,0,0,0
03453,08118,17,0,17
03453,08119,0,0,0
03453,08121,11,0,11
03453,08125,10,0,10
03453,08126,18,0,18
03453,08127,10,0,10
03453,08128,0,0,0
03453,08135,0,0,0
03453,08136,0,0,0
03453,08211,0,0,0
03453,08212,0,0,0
03453,08215,13,13,0
03453,08216,0,0,0
03453,08221,12,0,12
03453,08222,28,12,16
03453,08225,0,0,0
03453,08226,10,0,10
03453,08231,0,0,0
03453,08235,0,0,0
03453,08236,0,0,0
03453,08237,0,0,0
03453,08311,0,0,0
03453,08315,0,0,0
03453,08316,0,0,0
03453,08317,0,0,0
03453,08325,0,0,0
03453,08326,0,0,0
03453,08327,0,0,0
03453,08335,0,0,0
03453,08336,44,44,0
03453,08337,0,0,0
03453,08415,0,0,0
03453,08416,0,0,0
03453,08417,0,0,0
03453,08421,0,0,0
03453,08425,0,0,0
03453,08426,0,0,0
03453,08435,0,0,0
03453,08436,0,0,0
03453,08437,0,0,0
03453,09161,0,0,0
03453,09162,60,13,47
03453,09163,0,0,0
03453,09171,0,0,0
03453,09172,0,0,0
03453,09173,0,0,0
03453,09174,0,0,0
03453,09175,0,0,0
03453,09176,0,0,0
03453,09177,0,0,0
03453,09178,0,0,0
03453,09179,0,0,0
03453,09180,0,0,0
03453,09181,0,0,0
03453,09182,0,0,0
03453,09183,0,0,0
03453,09184,22,0,22
03453,09185,0,0,0
03453,09186,0,0,0
03453,09187,0,0,0
03453,09188,0,0,0
03453,09189,0,0,0
03453,09190,0,0,0
03453,09261,0,0,0
03453,09262,0,0,0
03453,09263,0,0,0
03453,09271,0,0,0
03453,09272,0,0,0
03453,09273,0,0,0
03453,09274,0,0,0
03453,09275,0,0,0
03453,09276,0,0,0
03453,09277,0,0,0
03453,09278,0,0,0
03453,09279,0,0,0
03453,09361,0,0,0
03453,09362,0,0,0
03453,09363,0,0,0
03453,09371,0,0,0
03453,09372,0,0,0
03453,09373,0,0,0
03453,09374,0,0,0
03453,09375,0,0,0
03453,09376,0,0,0
03453,09377,0,0,0
03453,09461,0,0,0
03453,09462,0,0,0
03453,09463,0,0,0
03453,09464,0,0,0
03453,09471,0,0,0
03453,09472,0,0,0
03453,09473,0,0,0
03453,09474,0,0,0
03453,09475,0,0,0
03453,09476,0,0,0
03453,09477,0,0,0
03453,09478,0,0,0
03453,09479,0,0,0
03453,09561,0,0,0
03453,09562,0,0,0
03453,09563,0,0,0
03453,09564,11,0,11
03453,09565,0,0,0
03453,09571,0,0,0
03453,09572,0,0,0
03453,09573,0,0,0
03453,09574,0,0,0
03453,09575,0,0,0
03453,09576,0,0,0
03453,09577,0,0,0
03453,09661,0,0,0
03453,09662,0,0,0
03453,09663,0,0,0
03453,09671,0,0,0
03453,09672,0,0,0
03453,09673,0,0,0
03453,09674,0,0,0
03453,09675,0,0,0
03453,09676,0,0,0
03453,09677,0,0,0
03453,09678,0,0,0
03453,09679,0,0,0
03453,09761,0,0,0
03453,09762,0,0,0
03453,09763,0,0,0
03453,09764,0,0,0
03453,09771,0,0,0
03453,09772,0,0,0
03453,09773,0,0,0
03453,09774,0,0,0
03453,09775,0,0,0
03453,09776,0,0,0
03453,09777,16,16,0
03453,09778,0,0,0
03453,09779,0,0,0
03453,09780,0,0,0
03453,10041,11,11,0
03453,10042,0,0,0
03453,10043,0,0,0
03453,10044,0,0,0
03453,10045,0,0,0
03453,10046,0,0,0
03453,11000,185,59,126
03453,12051,0,0,0
03453,12052,0,0,0
03453,12053,0,0,0
03453,12054,0,0,0
03453,12060,10,10,0
03453,12061,12,12,0
03453,12062,0,0,0
03453,12063,17,17,0
03453,12064,16,16,0
03453,12065,16,16,0
03453,12066,0,0,0
03453,12067,0,0,0
03453,12068,50,0,50
03453,12069,10,10,0
03453,12070,16,16,0
03453,12071,0,0,0
03453,12072,16,16,0
03453,12073,16,16,0
03453,13003,21,11,10
03453,13004,0,0,0
03453,13071,11,11,0
03453,13072,14,14,0
03453,13073,16,16,0
03453,13074,0,0,0
03453,13075,20,20,0
03453,13076,27,27,0
03453,14511,0,0,0
03453,14521,0,0,0
03453,14522,23,23,0
03453,14523,0,0,0
03453,14524,0,0,0
03453,14612,23,0,23
03453,14625,0,0,0
03453,14626,0,0,0
03453,14627,10,10,0
03453,14628,0,0,0
03453,14713,15,15,0
03453,14729,14,14,0
03453,14730,37,37,0
03453,15001,0,0,0
03453,15002,16,16,0
03453,15003,12,12,0
03453,15081,0,0,0
03453,15082,22,12,10
03453,15083,22,22,0
03453,15084,50,36,14
03453,15085,43,43,0
03453,15086,0,0,0
03453,15087,25,25,0
03453,15088,43,43,0
03453,15089,18,18,0
03453,15090,19,19,0
03453,15091,11,0,11
03453,16051,0,0,0
03453,16052,0,0,0
03453,16053,0,0,0
03453,16054,0,0,0
03453,16055,0,0,0
03453,16056,0,0,0
03453,16061,0,0,0
03453,16062,0,0,0
03453,16063,0,0,0
03453,16064,0,0,0
03453,16065,0,0,0
03453,16066,0,0,0
03453,16067,0,0,0
03453,16068,0,0,0
03453,16069,0,0,0
03453,16070,0,0,0
03453,16071,0,0,0
03453,16072,0,0,0
03453,16073,0,0,0
03453,16074,0,0,0
03453,16075,0,0,0
03453,16076,0,0,0
03453,16077,0,0,0
03454,01001,0,0,0
03454,01002,34,12,22
03454,01003,182,13,169
03454,01004,16,0,16
03454,01051,10,10,0
03454,01053,36,25,11
03454,01054,27,17,10
03454,01055,19,19,0
03454,01056,41,20,21
03454,01057,170,10,160
03454,01058,59,18,41
03454,01059,28,12,16
03454,01060,108,17,91
03454,01061,24,24,0
03454,01062,45,26,19
03454,02000,647,218,429
03454,03101,69,31,38
03454,03102,0,0,0
03454,03103,77,43,34
03454,03151,58,58,0
03454,03153,21,21,0
03454,03154,24,24,0
03454,03155,10,0,10
03454,03157,12,12,0
03454,03158,0,0,0
03454,03159,69,27,42
03454,03241,452,157,295
03454,03251,229,104,125
03454,03252,31,20,11
03454,03254,51,34,17
03454,03255,0,0,0
03454,03256,431,47,384
03454,03257,51,25,26
03454,03351,232,172,60
03454,03352,81,56,25
03454,03353,62,43,19
03454,03354,0,0,0
03454,03355,44,25,19
03454,03356,47,30,17
03454,03357,82,49,33
03454,03358,49,28,21
03454,03359,45,25,20
03454,03360,29,29,0
03454,03361,127,59,68
03454,03401,43,14,29
03454,03402,431,153,278
03454,03403,1007,215,792
03454,03404,1471,362,1109
03454,03405,82,32,50
03454,03451,485,208,277
03454,03452,814,358,456
03454,03453,5711,2447,3264
03454,03454,0,0,0
03454,03455,103,57,46
03454,03456,10987,6586,4401
03454,03457,10768,8266,2502
03454,03458,303,145,158
03454,03459,3063,1552,1511
03454,03460,581,189,392
03454,03461,76,34,42
03454,03462,131,60,71
03454,04011,747,97,650
03454,04012,87,47,40
03454,05111,440,97,343
03454,05112,141,70,71
03454,05113,232,108,124
03454,05114,52,21,31
03454,05116,46,31,15
03454,05117,44,22,22
03454,05119,94,46,48
03454,05120,12,0,12
03454,05122,21,11,10
03454,05124,62,39,23
03454,05154,67,39,28
03454,05158,131,62,69
03454,05162,191,157,34
03454,05166,50,35,15
03454,05170,252,84,168
03454,05314,49,23,26
03454,05315,348,119,229
03454,05316,26,10,16
03454,05334,60,27,33
03454,05358,38,20,18
03454,05362,118,52,66
03454,05366,18,18,0
03454,05370,45,21,24
03454,05374,54,18,36
03454,05378,30,30,0
03454,05382,51,32,19
03454,05512,24,12,12
03454,05513,144,89,55
03454,05515,865,245,620
03454,05554,726,389,337
03454,05558,202,108,94
03454,05562,259,174,85
03454,05566,9642,4882,4760
03454,05570,194,140,54
03454,05711,104,31,73
03454,05754,681,48,633
03454,05758,79,43,36
03454,05762,0,0,0
03454,05766,69,44,25
03454,05770,194,72,122
03454,05774,58,30,28
03454,05911,88,51,37
03454,05913,180,76,104
03454,05914,10,10,0
03454,05915,120,93,27
03454,05916,78,59,19
03454,05954,96,32,64
03454,05958,27,16,11
03454,05962,59,25,34
03454,05966,0,0,0
03454,05970,14,0,14
03454,05974,46,27,19
03454,05978,112,57,55
03454,06411,48,35,13
03454,06412,149,65,84
03454,06413,17,17,0
03454,06414,34,0,34
03454,06431,28,18,10
03454,06432,20,20,0
03454,06433,44,14,30
03454,06434,35,0,35
03454,06435,33,12,21
03454,06436,27,0,27
03454,06437,0,0,0
03454,06438,46,23,23
03454,06439,0,0,0
03454,06440,22,12,10
03454,06531,16,16,0
03454,06532,0,0,0
03454,06533,0,0,0
03454,06534,18,18,0
03454,06535,0,0,0
03454,06611,15,0,15
03454,06631,29,10,19
03454,06632,13,13,0
03454,06633,25,12,13
03454,06634,0,0,0
03454,06635,0,0,0
03454,06636,0,0,0
03454,07111,0,0,0
03454,07131,0,0,0
03454,07132,11,11,0
03454,07133,0,0,0
03454,07134,0,0,0
03454,07135,0,0,0
03454,07137,28,17,11
03454,07138,28,11,17
03454,07140,0,0,0
03454,07141,0,0,0
03454,07143,12,12,0
03454,07211,0,0,0
03454,07231,0,0,0
03454,07232,11,0,11
03454,07233,0,0,0
03454,07235,0,0,0
03454,07311,20,20,0
03454,07312,11,11,0
03454,07313,0,0,0
03454,07314,77,77,0
03454,07315,13,0,13
03454,07316,0,0,0
03454,07317,0,0,0
03454,07318,16,16,0
03454,07319,22,22,0
03454,07320,0,0,0
03454,07331,14,14,0
03454,07332,12,12,0
03454,07333,0,0,0
03454,07334,14,14,0
03454,07335,0,0,0
03454,07336,0,0,0
03454,07337,0,0,0
03454,07338,29,29,0
03454,07339,0,0,0
03454,07340,0,0,0
03454,08111,95,73,22
03454,08115,48,34,14
03454,08116,54,34,20
03454,08117,21,11,10
03454,08118,67,34,33
03454,08119,33,18,15
03454,08121,0,0,0
03454,08125,38,27,11
03454,08126,20,0,20
03454,08127,21,10,11
03454,08128,0,0,0
03454,08135,0,0,0
03454,08136,16,0,16
03454,08211,11,11,0
03454,08212,60,47,13
03454,08215,54,21,33
03454,08216,19,19,0
03454,08221,18,0,18
03454,08222,87,61,26
03454,08225,86,86,0
03454,08226,56,56,0
03454,08231,0,0,0
03454,08235,17,17,0
03454,08236,11,11,0
03454,08237,0,0,0
03454,08311,0,0,0
03454,08315,0,0,0
03454,08316,0,0,0
03454,08317,16,0,16
03454,08325,10,10,0
03454,08326,0,0,0
03454,08327,0,0,0
03454,08335,11,11,0
03454,08336,0,0,0
03454,08337,0,0,0
03454,08415,0,0,0
03454,08416,0,0,0
03454,08417,0,0,0
03454,08421,15,0,15
03454,08425,0,0,0
03454,08426,0,0,0
03454,08435,0,0,0
03454,08436,11,0,11
03454,08437,0,0,0
03454,09161,12,12,0
03454,09162,127,32,95
03454,09163,0,0,0
03454,09171,0,0,0
03454,09172,0,0,0
03454,09173,0,0,0
03454,09174,11,11,0
03454,09175,0,0,0
03454,09176,0,0,0
03454,09177,0,0,0
03454,09178,33,33,0
03454,09179,0,0,0
03454,09180,0,0,0
03454,09181,0,0,0
03454,09182,0,0,0
03454,09183,0,0,0
03454,09184,45,13,32
03454,09185,0,0,0
03454,09186,12,0,12
03454,09187,11,11,0
03454,09188,12,12,0
03454,09189,0,0,0
03454,09190,0,0,0
03454,09261,0,0,0
03454,09262,0,0,0
03454,09263,0,0,0
03454,09271,20,10,10
03454,09272,0,0,0
03454,09273,0,0,0
03454,09274,25,25,0
03454,09275,0,0,0
03454,09276,0,0,0
03454,09277,0,0,0
03454,09278,0,0,0
03454,09279,0,0,0
03454,09361,0,0,0
03454,09362,13,0,13
03454,09363,0,0,0
03454,09371,0,0,0
03454,09372,0,0,0
03454,09373,11,0,11
03454,09374,0,0,0
03454,09375,0,0,0
03454,09376,0,0,0
03454,09377,0,0,0
03454,09461,0,0,0
03454,09462,0,0,0
03454,09463,0,0,0
03454,09464,0,0,0
03454,09471,0,0,0
03454,09472,0,0,0
03454,09473,0,0,0
03454,09474,0,0,0
03454,09475,0,0,0
03454,09476,0,0,0
03454,09477,0,0,0
03454,09478,0,0,0
03454,09479,0,0,0
03454,09561,0,0,0
03454,09562,21,0,21
03454,09563,0,0,0
03454,09564,79,56,23
03454,09565,0,0,0
03454,09571,11,11,0
03454,09572,0,0,0
03454,09573,0,0,0
03454,09574,0,0,0
03454,09575,39,39,0
03454,09576,0,0,0
03454,09577,0,0,0
03454,09661,0,0,0
03454,09662,0,0,0
03454,09663,19,19,0
03454,09671,19,0,19
03454,09672,0,0,0
03454,09673,0,0,0
03454,09674,0,0,0
03454,09675,0,0,0
03454,09676,0,0,0
03454,09677,0,0,0
03454,09678,0,0,0
03454,09679,15,15,0
03454,09761,35,15,20
03454,09762,0,0,0
03454,09763,0,0,0
03454,09764,0,0,0
03454,09771,0,0,0
03454,09772,12,12,0
03454,09773,0,0,0
03454,09774,0,0,0
03454,09775,0,0,0
03454,09776,0,0,0
03454,09777,0,0,0
03454,09778,12,0,12
03454,09779,0,0,0
03454,09780,0,0,0
03454,10041,42,11,31
03454,10042,0,0,0
03454,10043,0,0,0
03454,10044,10,10,0
03454,10045,0,0,0
03454,10046,0,0,0
03454,11000,405,222,183
03454,12051,0,0,0
03454,12052,13,13,0
03454,12053,0,0,0
03454,12054,11,11,0
03454,12060,11,11,0
03454,12061,50,16,34
03454,12062,0,0,0
03454,12063,14,14,0
03454,12064,12,12,0
03454,12065,20,20,0
03454,12066,0,0,0
03454,12067,0,0,0
03454,12068,0,0,0
03454,12069,40,30,10
03454,12070,31,31,0
03454,12071,0,0,0
03454,12072,41,19,22
03454,12073,19,19,0
03454,13003,53,42,11
03454,13004,21,21,0
03454,13071,38,38,0
03454,13072,30,30,0
03454,13073,75,64,11
03454,13074,43,31,12
03454,13075,69,58,11
03454,13076,98,69,29
03454,14511,0,0,0
03454,14521,26,11,15
03454,14522,25,25,0
03454,14523,0,0,0
03454,14524,14,14,0
03454,14612,35,18,17
03454,14625,24,13,11
03454,14626,12,12,0
03454,14627,15,15,0
03454,14628,11,11,0
03454,14713,63,45,18
03454,14729,28,28,0
03454,14730,19,19,0
03454,15001,0,0,0
03454,15002,0,0,0
03454,15003,39,27,12
03454,15081,103,103,0
03454,15082,24,24,0
03454,15083,66,66,0
03454,15084,143,122,21
03454,15085,24,24,0
03454,15086,36,36,0
03454,15087,25,25,0
03454,15088,26,26,0
03454,15089,36,36,0
03454,15090,99,99,0
03454,15091,13,13,0
03454,16051,28,15,13
03454,16052,0,0,0
03454,16053,0,0,0
03454,16054,0,0,0
03454,16055,73,73,0
03454,16056,0,0,0
03454,16061,10,0,10
03454,16062,0,0,0
03454,16063,14,14,0
03454,16064,12,12,0
03454,16065,0,0,0
03454,16066,0,0,0
03454,16067,0,0,0
03454,16068,0,0,0
03454,16069,0,0,0
03454,16070,0,0,0
03454,16071,25,25,0
03454,16072,0,0,0
03454,16073,0,0,0
03454,16074,0,0,0
03454,16075,0,0,0
03454,16076,0,0,0
03454,16077,0,0,0
03455,01001,0,0,0
03455,01002,16,0,16
03455,01003,0,0,0
03455,01004,97,0,97
03455,01051,10,10,0
03455,01053,0,0,0
03455,01054,41,29,12
03455,01055,0,0,0
03455,01056,19,0,19
03455,01057,0,0,0
03455,01058,0,0,0
03455,01059,0,0,0
03455,01060,0,0,0
03455,01061,0,0,0
03455,01062,18,0,18
03455,02000,278,33,245
03455,03101,17,0,17
03455,03102,0,0,0
03455,03103,14,0,14
03455,03151,0,0,0
03455,03153,0,0,0
03455,03154,0,0,0
03455,03155,0,0,0
03455,03157,0,0,0
03455,03158,0,0,0
03455,03159,11,0,11
03455,03241,151,26,125
03455,03251,60,21,39
03455,03252,0,0,0
03455,03254,0,0,0
03455,03255,0,0,0
03455,03256,0,0,0
03455,03257,0,0,0
03455,03351,12,0,12
03455,03352,79,54,25
03455,03353,14,0,14
03455,03354,0,0,0
03455,03355,10,10,0
03455,03356,32,21,11
03455,03357,34,12,22
03455,03358,18,0,18
03455,03359,10,0,10
03455,03360,0,0,0
03455,03361,37,16,21
03455,03401,104,44,60
03455,03402,151,23,128
03455,03403,2780,820,1960
03455,03404,51,0,51
03455,03405,11025,3619,7406
03455,03451,3085,1051,2034
03455,03452,1238,568,670
03455,03453,283,165,118
03455,03454,103,46,57
03455,03455,0,0,0
03455,03456,24,0,24
03455,03457,525,315,210
03455,03458,340,177,163
03455,03459,53,15,38
03455,03460,69,14,55
03455,03461,1653,978,675
03455,03462,3225,1854,1371
03455,04011,560,94,466
03455,04012,122,36,86
03455,05111,42,0,42
03455,05112,12,0,12
03455,05113,12,0,12
03455,05114,0,0,0
03455,05116,0,0,0
03455,05117,0,0,0
03455,05119,0,0,0
03455,05120,0,0,0
03455,05122,0,0,0
03455,05124,13,0,13
03455,05154,0,0,0
03455,05158,12,0,12
03455,05162,13,0,13
03455,05166,0,0,0
03455,05170,0,0,0
03455,05314,13,0,13
03455,05315,32,0,32
03455,05316,0,0,0
03455,05334,0,0,0
03455,05358,0,0,0
03455,05362,0,0,0
03455,05366,0,0,0
03455,05370,0,0,0
03455,05374,17,0,17
03455,05378,0,0,0
03455,05382,0,0,0
03455,05512,0,0,0
03455,05513,0,0,0
03455,05515,19,0,19
03455,05554,0,0,0
03455,05558,0,0,0
03455,05562,10,0,10
03455,05566,14,0,14
03455,05570,0,0,0
03455,05711,15,0,15
03455,05754,32,0,32
03455,05758,22,0,22
03455,05762,0,0,0
03455,05766,10,10,0
03455,05770,24,10,14
03455,05774,0,0,0
03455,05911,0,0,0
03455,05913,16,0,16
03455,05914,0,0,0
03455,05915,0,0,0
03455,05916,0,0,0
03455,05954,0,0,0
03455,05958,0,0,0
03455,05962,0,0,0
03455,05966,0,0,0
03455,05970,0,0,0
03455,05974,0,0,0
03455,05978,0,0,0
03455,06411,0,0,0
03455,06412,44,0,44
03455,06413,0,0,0
03455,06414,0,0,0
03455,06431,0,0,0
03455,06432,0,0,0
03455,06433,13,0,13
03455,06434,10,0,10
03455,06435,17,0,17
03455,06436,0,0,0
03455,06437,0,0,0
03455,06438,10,0,10
03455,06439,0,0,0
03455,06440,0,0,0
03455,06531,0,0,0
03455,06532,0,0,0
03455,06533,0,0,0
03455,06534,0,0,0
03455,06535,0,0,0
03455,06611,0,0,0
03455,06631,0,0,0
03455,06632,0,0,0
03455,06633,0,0,0
03455,06634,0,0,0
03455,06635,0,0,0
03455,06636,0,0,0
03455,07111,0,0,0
03455,07131,0,0,0
03455,07132,0,0,0
03455,07133,0,0,0
03455,07134,0,0,0
03455,07135,0,0,0
03455,07137,0,0,0
03455,07138,0,0,0
03455,07140,0,0,0
03455,07141,0,0,0
03455,07143,0,0,0
03455,07211,0,0,0
03455,07231,0,0,0
03455,07232,0,0,0
03455,07233,0,0,0
03455,07235,0,0,0
03455,07311,0,0,0
03455,07312,0,0,0
03455,07313,0,0,0
03455,07314,0,0,0
03455,07315,0,0,0
03455,07316,0,0,0
03455,07317,0,0,0
03455,07318,0,0,0
03455,07319,0,0,0
03455,07320,0,0,0
03455,07331,0,0,0
03455,07332,0,0,0
03455,07333,0,0,0
03455,07334,0,0,0
03455,07335,0,0,0
03455,07336,0,0,0
03455,07337,0,0,0
03455,07338,0,0,0
03455,07339,0,0,0
03455,07340,0,0,0
03455,08111,0,0,0
03455,08115,0,0,0
03455,08116,0,0,0
03455,08117,0,0,0
03455,08118,0,0,0
03455,08119,0,0,0
03455,08121,0,0,0
03455,08125,0,0,0
03455,08126,0,0,0
03455,08127,0,0,0
03455,08128,0,0,0
03455,08135,0,0,0
03455,08136,0,0,0
03455,08211,0,0,0
03455,08212,0,0,0
03455,08215,0,0,0
03455,08216,0,0,0
03455,08221,0,0,0
03455,08222,12,0,12
03455,08225,0,0,0
03455,08226,0,0,0
03455,08231,0,0,0
03455,08235,0,0,0
03455,08236,0,0,0
03455,08237,0,0,0
03455,08311,0,0,0
03455,08315,0,0,0
03455,08316,0,0,0
03455,08317,0,0,0
03455,08325,0,0,0
03455,08326,0,0,0
03455,08327,0,0,0
03455,08335,0,0,0
03455,08336,0,0,0
03455,08337,0,0,0
03455,08415,0,0,0
03455,08416,0,0,0
03455,08417,0,0,0
03455,08421,0,0,0
03455,08425,0,0,0
03455,08426,0,0,0
03455,08435,0,0,0
03455,08436,0,0,0
03455,08437,0,0,0
03455,09161,0,0,0
03455,09162,45,0,45
03455,09163,0,0,0
03455,09171,0,0,0
03455,09172,0,0,0
03455,09173,0,0,0
03455,09174,0,0,0
03455,09175,0,0,0
03455,09176,0,0,0
03455,09177,0,0,0
03455,09178,0,0,0
03455,09179,0,0,0
03455,09180,0,0,0
03455,09181,0,0,0
03455,09182,0,0,0
03455,09183,0,0,0
03455,09184,14,0,14
03455,09185,0,0,0
03455,09186,0,0,0
03455,09187,0,0,0
03455,09188,0,0,0
03455,09189,0,0,0
03455,09190,0,0,0
03455,09261,0,0,0
03455,09262,0,0,0
03455,09263,0,0,0
03455,09271,0,0,0
03455,09272,0,0,0
03455,09273,0,0,0
03455,09274,0,0,0
03455,09275,0,0,0
03455,09276,0,0,0
03455,09277,0,0,0
03455,09278,0,0,0
03455,09279,0,0,0
03455,09361,0,0,0
03455,09362,0,0,0
03455,09363,0,0,0
03455,09371,0,0,0
03455,09372,0,0,0
03455,09373,0,0,0
03455,09374,0,0,0
03455,09375,0,0,0
03455,09376,0,0,0
03455,09377,0,0,0
03455,09461,0,0,0
03455,09462,0,0,0
03455,09463,0,0,0
03455,09464,0,0,0
03455,09471,0,0,0
03455,09472,0,0,0
03455,09473,0,0,0
03455,09474,0,0,0
03455,09475,0,0,0
03455,09476,0,0,0
03455,09477,0,0,0
03455,09478,0,0,0
03455,09479,0,0,0
03455,09561,0,0,0
03455,09562,0,0,0
03455,09563,0,0,0
03455,09564,0,0,0
03455,09565,0,0,0
03455,09571,0,0,0
03455,09572,0,0,0
03455,09573,0,0,0
03455,09574,0,0,0
03455,09575,0,0,0
03455,09576,0,0,0
03455,09577,0,0,0
03455,09661,0,0,0
03455,09662,0,0,0
03455,09663,0,0,0
03455,09671,0,0,0
03455,09672,0,0,0
03455,09673,0,0,0
03455,09674,0,0,0
03455,09675,0,0,0
03455,09676,0,0,0
03455,09677,0,0,0
03455,09678,0,0,0
03455,09679,0,0,0
03455,09761,0,0,0
03455,09762,0,0,0
03455,09763,0,0,0
03455,09764,0,0,0
03455,09771,0,0,0
03455,09772,0,0,0
03455,09773,0,0,0
03455,09774,0,0,0
03455,09775,0,0,0
03455,09776,0,0,0
03455,09777,0,0,0
03455,09778,0,0,0
03455,09779,0,0,0
03455,09780,0,0,0
03455,10041,0,0,0
03455,10042,0,0,0
03455,10043,0,0,0
03455,10044,0,0,0
03455,10045,0,0,0
03455,10046,0,0,0
03455,11000,104,21,83
03455,12051,0,0,0
03455,12052,0,0,0
03455,12053,0,0,0
03455,12054,0,0,0
03455,12060,0,0,0
03455,12061,0,0,0
03455,12062,0,0,0
03455,12063,0,0,0
03455,12064,0,0,0
03455,12065,0,0,0
03455,12066,0,0,0
03455,12067,0,0,0
03455,12068,0,0,0
03455,12069,0,0,0
03455,12070,0,0,0
03455,12071,0,0,0
03455,12072,0,0,0
03455,12073,0,0,0
03455,13003,0,0,0
03455,13004,0,0,0
03455,13071,0,0,0
03455,13072,0,0,0
03455,13073,0,0,0
03455,13074,0,0,0
03455,13075,0,0,0
03455,13076,0,0,0
03455,14511,0,0,0
03455,14521,0,0,0
03455,14522,0,0,0
03455,14523,0,0,0
03455,14524,0,0,0
03455,14612,0,0,0
03455,14625,0,0,0
03455,14626,0,0,0
03455,14627,0,0,0
03455,14628,0,0,0
03455,14713,0,0,0
03455,14729,0,0,0
03455,14730,0,0,0
03455,15001,0,0,0
03455,15002,0,0,0
03455,15003,0,0,0
03455,15081,0,0,0
03455,15082,0,0,0
03455,15083,0,0,0
03455,15084,0,0,0
03455,15085,0,0,0
03455,15086,0,0,0
03455,15087,0,0,0
03455,15088,0,0,0
03455,15089,0,0,0
03455,15090,0,0,0
03455,15091,0,0,0
03455,16051,0,0,0
03455,16052,0,0,0
03455,16053,0,0,0
03455,16054,0,0,0
03455,16055,0,0,0
03455,16056,0,0,0
03455,16061,0,0,0
03455,16062,0,0,0
03455,16063,0,0,0
03455,16064,0,0,0
03455,16065,0,0,0
03455,16066,17,0,17
03455,16067,0,0,0
03455,16068,0,0,0
03455,16069,0,0,0
03455,16070,0,0,0
03455,16071,0,0,0
03455,16072,0,0,0
03455,16073,0,0,0
03455,16074,0,0,0
03455,16075,0,0,0
03455,16076,0,0,0
03455,16077,0,0,0
03456,01001,0,0,0
03456,01002,0,0,0
03456,01003,16,0,16
03456,01004,0,0,0
03456,01051,0,0,0
03456,01053,0,0,0
03456,01054,0,0,0
03456,01055,19,19,0
03456,01056,0,0,0
03456,01057,0,0,0
03456,01058,11,0,11
03456,01059,0,0,0
03456,01060,18,0,18
03456,01061,0,0,0
03456,01062,0,0,0
03456,02000,139,29,110
03456,03101,22,0,22
03456,03102,0,0,0
03456,03103,10,0,10
03456,03151,0,0,0
03456,03153,0,0,0
03456,03154,0,0,0
03456,03155,0,0,0
03456,03157,0,0,0
03456,03158,0,0,0
03456,03159,11,0,11
03456,03241,151,48,103
03456,03251,78,25,53
03456,03252,0,0,0
03456,03254,0,0,0
03456,03255,0,0,0
03456,03256,0,0,0
03456,03257,11,0,11
03456,03351,34,12,22
03456,03352,0,0,0
03456,03353,0,0,0
03456,03354,0,0,0
03456,03355,19,0,19
03456,03356,0,0,0
03456,03357,11,11,0
03456,03358,30,14,16
03456,03359,0,0,0
03456,03360,0,0,0
03456,03361,30,10,20
03456,03401,0,0,0
03456,03402,15,0,15
03456,03403,128,25,103
03456,03404,491,105,386
03456,03405,29,15,14
03456,03451,52,18,34
03456,03452,103,45,58
03456,03453,112,57,55
03456,03454,10987,4401,6586
03456,03455,24,24,0
03456,03456,0,0,0
03456,03457,130,64,66
03456,03458,16,16,0
03456,03459,369,165,204
03456,03460,117,40,77
03456,03461,0,0,0
03456,03462,0,0,0
03456,04011,71,22,49
03456,04012,0,0,0
03456,05111,103,21,82
03456,05112,74,31,43
03456,05113,64,27,37
03456,05114,20,10,10
03456,05116,0,0,0
03456,05117,12,0,12
03456,05119,24,11,13
03456,05120,0,0,0
03456,05122,0,0,0
03456,05124,27,0,27
03456,05154,30,13,17
03456,05158,52,12,40
03456,05162,16,0,16
03456,05166,0,0,0
03456,05170,82,53,29
03456,05314,13,0,13
03456,05315,115,43,72
03456,05316,0,0,0
03456,05334,64,49,15
03456,05358,11,11,0
03456,05362,42,21,21
03456,05366,0,0,0
03456,05370,0,0,0
03456,05374,13,0,13
03456,05378,0,0,0
03456,05382,13,13,0
03456,05512,0,0,0
03456,05513,28,15,13
03456,05515,408,93,315
03456,05554,2066,922,1144
03456,05558,122,61,61
03456,05562,230,183,47
03456,05566,3865,1660,2205
03456,05570,48,22,26
03456,05711,55,14,41
03456,05754,60,17,43
03456,05758,32,12,20
03456,05762,0,0,0
03456,05766,29,16,13
03456,05770,46,0,46
03456,05774,32,16,16
03456,05911,49,19,30
03456,05913,57,22,35
03456,05914,0,0,0
03456,05915,10,10,0
03456,05916,0,0,0
03456,05954,10,0,10
03456,05958,0,0,0
03456,05962,11,11,0
03456,05966,0,0,0
03456,05970,0,0,0
03456,05974,21,21,0
03456,05978,44,13,31
03456,06411,0,0,0
03456,06412,44,10,34
03456,06413,0,0,0
03456,06414,15,0,15
03456,06431,0,0,0
03456,06432,0,0,0
03456,06433,0,0,0
03456,06434,0,0,0
03456,06435,11,0,11
03456,06436,0,0,0
03456,06437,0,0,0
03456,06438,0,0,0
03456,06439,0,0,0
03456,06440,0,0,0
03456,06531,16,16,0
03456,06532,0,0,0
03456,06533,0,0,0
03456,06534,0,0,0
03456,06535,0,0,0
03456,06611,0,0,0
03456,06631,0,0,0
03456,06632,0,0,0
03456,06633,0,0,0
03456,06634,0,0,0
03456,06635,0,0,0
03456,06636,0,0,0
03456,07111,0,0,0
03456,07131,0,0,0
03456,07132,0,0,0
03456,07133,0,0,0
03456,07134,0,0,0
03456,07135,0,0,0
03456,07137,0,0,0
03456,07138,0,0,0
03456,07140,0,0,0
03456,07141,12,0,12
03456,07143,0,0,0
03456,07211,0,0,0
03456,07231,0,0,0
03456,07232,0,0,0
03456,07233,0,0,0
03456,07235,0,0,0
03456,07311,0,0,0
03456,07312,0,0,0
03456,07313,0,0,0
03456,07314,0,0,0
03456,07315,0,0,0
03456,07316,11,11,0
03456,07317,0,0,0
03456,07318,0,0,0
03456,07319,0,0,0
03456,07320,0,0,0
03456,07331,0,0,0
03456,07332,23,23,0
03456,07333,0,0,0
03456,07334,0,0,0
03456,07335,0,0,0
03456,07336,0,0,0
03456,07337,0,0,0
03456,07338,0,0,0
03456,07339,0,0,0
03456,07340,0,0,0
03456,08111,0,0,0
03456,08115,0,0,0
03456,08116,0,0,0
03456,08117,0,0,0
03456,08118,23,23,0
03456,08119,0,0,0
03456,08121,0,0,0
03456,08125,0,0,0
03456,08126,13,0,13
03456,08127,0,0,0
03456,08128,0,0,0
03456,08135,0,0,0
03456,08136,0,0,0
03456,08211,0,0,0
03456,08212,0,0,0
03456,08215,11,0,11
03456,08216,0,0,0
03456,08221,0,0,0
03456,08222,0,0,0
03456,08225,0,0,0
03456,08226,0,0,0
03456,08231,0,0,0
03456,08235,0,0,0
03456,08236,0,0,0
03456,08237,0,0,0
03456,08311,0,0,0
03456,08315,0,0,0
03456,08316,0,0,0
03456,08317,0,0,0
03456,08325,0,0,0
03456,08326,0,0,0
03456,08327,0,0,0
03456,08335,0,0,0
03456,08336,0,0,0
03456,08337,0,0,0
03456,08415,0,0,0
03456,08416,0,0,0
03456,08417,0,0,0
03456,08421,0,0,0
03456,08425,0,0,0
03456,08426,0,0,0
03456,08435,0,0,0
03456,08436,0,0,0
03456,08437,0,0,0
03456,09161,0,0,0
03456,09162,39,11,28
03456,09163,0,0,0
03456,09171,0,0,0
03456,09172,0,0,0
03456,09173,0,0,0
03456,09174,0,0,0
03456,09175,0,0,0
03456,09176,0,0,0
03456,09177,0,0,0
03456,09178,0,0,0
03456,09179,0,0,0
03456,09180,0,0,0
03456,09181,0,0,0
03456,09182,0,0,0
03456,09183,0,0,0
03456,09184,23,0,23
03456,09185,0,0,0
03456,09186,0,0,0
03456,09187,0,0,0
03456,09188,0,0,0
03456,09189,0,0,0
03456,09190,0,0,0
03456,09261,0,0,0
03456,09262,0,0,0
03456,09263,0,0,0
03456,09271,0,0,0
03456,09272,0,0,0
03456,09273,0,0,0
03456,09274,0,0,0
03456,09275,0,0,0
03456,09276,0,0,0
03456,09277,0,0,0
03456,09278,0,0,0
03456,09279,0,0,0
03456,09361,0,0,0
03456,09362,0,0,0
03456,09363,0,0,0
03456,09371,0,0,0
03456,09372,0,0,0
03456,09373,0,0,0
03456,09374,0,0,0
03456,09375,0,0,0
03456,09376,0,0,0
03456,09377,0,0,0
03456,09461,0,0,0
03456,09462,0,0,0
03456,09463,0,0,0
03456,09464,0,0,0
03456,09471,0,0,0
03456,09472,0,0,0
03456,09473,0,0,0
03456,09474,0,0,0
03456,09475,0,0,0
03456,09476,0,0,0
03456,09477,18,0,18
03456,09478,0,0,0
03456,09479,0,0,0
03456,09561,0,0,0
03456,09562,0,0,0
03456,09563,0,0,0
03456,09564,10,0,10
03456,09565,0,0,0
03456,09571,0,0,0
03456,09572,0,0,0
03456,09573,0,0,0
03456,09574,0,0,0
03456,09575,0,0,0
03456,09576,0,0,0
03456,09577,0,0,0
03456,09661,0,0,0
03456,09662,0,0,0
03456,09663,0,0,0
03456,09671,0,0,0
03456,09672,0,0,0
03456,09673,0,0,0
03456,09674,0,0,0
03456,09675,0,0,0
03456,09676,0,0,0
03456,09677,0,0,0
03456,09678,0,0,0
03456,09679,0,0,0
03456,09761,0,0,0
03456,09762,0,0,0
03456,09763,0,0,0
03456,09764,0,0,0
03456,09771,0,0,0
03456,09772,0,0,0
03456,09773,0,0,0
03456,09774,0,0,0
03456,09775,0,0,0
03456,09776,0,0,0
03456,09777,0,0,0
03456,09778,0,0,0
03456,09779,0,0,0
03456,09780,0,0,0
03456,10041,0,0,0
03456,10042,0,0,0
03456,10043,0,0,0
03456,10044,0,0,0
03456,10045,0,0,0
03456,10046,0,0,0
03456,11000,95,34,61
03456,12051,0,0,0
03456,12052,0,0,0
03456,12053,0,0,0
03456,12054,0,0,0
03456,12060,0,0,0
03456,12061,0,0,0
03456,12062,0,0,0
03456,12063,0,0,0
03456,12064,29,0,29
03456,12065,0,0,0
03456,12066,0,0,0
03456,12067,0,0,0
03456,12068,0,0,0
03456,12069,10,10,0
03456,12070,0,0,0
03456,12071,0,0,0
03456,12072,0,0,0
03456,12073,0,0,0
03456,13003,0,0,0
03456,13004,0,0,0
03456,13071,23,23,0
03456,13072,0,0,0
03456,13073,10,10,0
03456,13074,0,0,0
03456,13075,0,0,0
03456,13076,10,10,0
03456,14511,0,0,0
03456,14521,0,0,0
03456,14522,0,0,0
03456,14523,0,0,0
03456,14524,0,0,0
03456,14612,0,0,0
03456,14625,0,0,0
03456,14626,0,0,0
03456,14627,0,0,0
03456,14628,0,0,0
03456,14713,12,12,0
03456,14729,0,0,0
03456,14730,0,0,0
03456,15001,0,0,0
03456,15002,0,0,0
03456,15003,0,0,0
03456,15081,0,0,0
03456,15082,19,19,0
03456,15083,0,0,0
03456,15084,0,0,0
03456,15085,0,0,0
03456,15086,10,10,0
03456,15087,0,0,0
03456,15088,0,0,0
03456,15089,13,13,0
03456,15090,0,0,0
03456,15091,0,0,0
03456,16051,0,0,0
03456,16052,10,10,0
03456,16053,50,0,50
03456,16054,0,0,0
03456,16055,0,0,0
03456,16056,0,0,0
03456,16061,0,0,0
03456,16062,0,0,0
03456,16063,0,0,0
03456,16064,0,0,0
03456,16065,0,0,0
03456,16066,0,0,0
03456,16067,0,0,0
03456,16068,0,0,0
03456,16069,0,0,0
03456,16070,0,0,0
03456,16071,0,0,0
03456,16072,0,0,0
03456,16073,0,0,0
03456,16074,32,32,0
03456,16075,0,0,0
03456,16076,10,10,0
03456,16077,0,0,0
03457,01001,11,11,0
03457,01002,33,14,19
03457,01003,14,0,14
03457,01004,20,0,20
03457,01051,24,13,11
03457,01053,0,0,0
03457,01054,10,0,10
03457,01055,0,0,0
03457,01056,37,23,14
03457,01057,10,0,10
03457,01058,19,19,0
03457,01059,0,0,0
03457,01060,29,0,29
03457,01061,0,0,0
03457,01062,32,10,22
03457,02000,455,71,384
03457,03101,47,11,36
03457,03102,0,0,0
03457,03103,21,0,21
03457,03151,0,0,0
03457,03153,0,0,0
03457,03154,0,0,0
03457,03155,11,0,11
03457,03157,58,0,58
03457,03158,0,0,0
03457,03159,21,10,11
03457,03241,264,55,209
03457,03251,134,50,84
03457,03252,0,0,0
03457,03254,25,11,14
03457,03255,0,0,0
03457,03256,28,10,18
03457,03257,15,0,15
03457,03351,26,14,12
03457,03352,80,46,34
03457,03353,42,15,27
03457,03354,0,0,0
03457,03355,10,0,10
03457,03356,40,25,15
03457,03357,65,30,35
03457,03358,0,0,0
03457,03359,68,33,35
03457,03360,0,0,0
03457,03361,85,18,67
03457,03401,64,20,44
03457,03402,4564,864,3700
03457,03403,1741,388,1353
03457,03404,106,34,72
03457,03405,320,98,222
03457,03451,3414,1044,2370
03457,03452,6074,2696,3378
03457,03453,2956,943,2013
03457,03454,10768,2502,8266
03457,03455,525,210,315
03457,03456,130,66,64
03457,03457,0,0,0
03457,03458,286,138,148
03457,03459,152,76,76
03457,03460,104,40,64
03457,03461,144,63,81
03457,03462,585,295,290
03457,04011,829,168,661
03457,04012,78,34,44
03457,05111,95,15,80
03457,05112,18,0,18
03457,05113,52,13,39
03457,05114,0,0,0
03457,05116,14,0,14
03457,05117,10,0,10
03457,05119,13,0,13
03457,05120,0,0,0
03457,05122,0,0,0
03457,05124,32,11,21
03457,05154,0,0,0
03457,05158,16,0,16
03457,05162,39,15,24
03457,05166,0,0,0
03457,05170,21,0,21
03457,05314,15,0,15
03457,05315,143,10,133
03457,05316,0,0,0
03457,05334,13,0,13
03457,05358,0,0,0
03457,05362,26,10,16
03457,05366,0,0,0
03457,05370,10,0,10
03457,05374,19,0,19
03457,05378,0,0,0
03457,05382,13,0,13
03457,05512,0,0,0
03457,05513,0,0,0
03457,05515,36,0,36
03457,05554,42,0,42
03457,05558,28,16,12
03457,05562,41,18,23
03457,05566,92,29,63
03457,05570,28,14,14
03457,05711,56,13,43
03457,05754,34,17,17
03457,05758,15,0,15
03457,05762,0,0,0
03457,05766,26,16,10
03457,05770,55,20,35
03457,05774,47,35,12
03457,05911,13,0,13
03457,05913,38,11,27
03457,05914,0,0,0
03457,05915,0,0,0
03457,05916,0,0,0
03457,05954,28,12,16
03457,05958,0,0,0
03457,05962,0,0,0
03457,05966,0,0,0
03457,05970,10,0,10
03457,05974,13,13,0
03457,05978,67,15,52
03457,06411,0,0,0
03457,06412,34,0,34
03457,06413,0,0,0
03457,06414,0,0,0
03457,06431,0,0,0
03457,06432,0,0,0
03457,06433,0,0,0
03457,06434,10,0,10
03457,06435,0,0,0
03457,06436,11,0,11
03457,06437,0,0,0
03457,06438,12,0,12
03457,06439,0,0,0
03457,06440,0,0,0
03457,06531,0,0,0
03457,06532,0,0,0
03457,06533,0,0,0
03457,06534,0,0,0
03457,06535,0,0,0
03457,06611,41,0,41
03457,06631,0,0,0
03457,06632,0,0,0
03457,06633,0,0,0
03457,06634,0,0,0
03457,06635,0,0,0
03457,06636,0,0,0
03457,07111,0,0,0
03457,07131,0,0,0
03457,07132,0,0,0
03457,07133,0,0,0
03457,07134,0,0,0
03457,07135,0,0,0
03457,07137,0,0,0
03457,07138,0,0,0
03457,07140,0,0,0
03457,07141,0,0,0
03457,07143,0,0,0
03457,07211,0,0,0
03457,07231,0,0,0
03457,07232,0,0,0
03457,07233,0,0,0
03457,07235,0,0,0
03457,07311,0,0,0
03457,07312,0,0,0
03457,07313,0,0,0
03457,07314,0,0,0
03457,07315,0,0,0
03457,07316,0,0,0
03457,07317,0,0,0
03457,07318,0,0,0
03457,07319,0,0,0
03457,07320,0,0,0
03457,07331,0,0,0
03457,07332,0,0,0
03457,07333,0,0,0
03457,07334,0,0,0
03457,07335,0,0,0
03457,07336,0,0,0
03457,07337,0,0,0
03457,07338,0,0,0
03457,07339,0,0,0
03457,07340,0,0,0
03457,08111,22,0,22
03457,08115,24,10,14
03457,08116,14,0,14
03457,08117,0,0,0
03457,08118,0,0,0
03457,08119,0,0,0
03457,08121,0,0,0
03457,08125,0,0,0
03457,08126,13,0,13
03457,08127,0,0,0
03457,08128,0,0,0
03457,08135,0,0,0
03457,08136,10,0,10
03457,08211,0,0,0
03457,08212,0,0,0
03457,08215,17,0,17
03457,08216,0,0,0
03457,08221,0,0,0
03457,08222,12,0,12
03457,08225,0,0,0
03457,08226,21,21,0
03457,08231,0,0,0
03457,08235,0,0,0
03457,08236,0,0,0
03457,08237,0,0,0
03457,08311,0,0,0
03457,08315,23,0,23
03457,08316,0,0,0
03457,08317,22,22,0
03457,08325,11,0,11
03457,08326,0,0,0
03457,08327,0,0,0
03457,08335,0,0,0
03457,08336,0,0,0
03457,08337,0,0,0
03457,08415,0,0,0
03457,08416,0,0,0
03457,08417,20,0,20
03457,08421,0,0,0
03457,08425,0,0,0
03457,08426,0,0,0
03457,08435,0,0,0
03457,08436,0,0,0
03457,08437,0,0,0
03457,09161,0,0,0
03457,09162,51,0,51
03457,09163,0,0,0
03457,09171,0,0,0
03457,09172,0,0,0
03457,09173,0,0,0
03457,09174,0,0,0
03457,09175,0,0,0
03457,09176,0,0,0
03457,09177,0,0,0
03457,09178,0,0,0
03457,09179,0,0,0
03457,09180,0,0,0
03457,09181,0,0,0
03457,09182,0,0,0
03457,09183,0,0,0
03457,09184,25,0,25
03457,09185,0,0,0
03457,09186,0,0,0
03457,09187,0,0,0
03457,09188,0,0,0
03457,09189,0,0,0
03457,09190,0,0,0
03457,09261,0,0,0
03457,09262,0,0,0
03457,09263,0,0,0
03457,09271,0,0,0
03457,09272,0,0,0
03457,09273,0,0,0
03457,09274,0,0,0
03457,09275,0,0,0
03457,09276,0,0,0
03457,09277,0,0,0
03457,09278,0,0,0
03457,09279,0,0,0
03457,09361,0,0,0
03457,09362,0,0,0
03457,09363,0,0,0
03457,09371,0,0,0
03457,09372,0,0,0
03457,09373,0,0,0
03457,09374,0,0,0
03457,09375,0,0,0
03457,09376,0,0,0
03457,09377,0,0,0
03457,09461,0,0,0
03457,09462,0,0,0
03457,09463,0,0,0
03457,09464,0,0,0
03457,09471,0,0,0
03457,09472,0,0,0
03457,09473,0,0,0
03457,09474,0,0,0
03457,09475,0,0,0
03457,09476,0,0,0
03457,09477,0,0,0
03457,09478,0,0,0
03457,09479,0,0,0
03457,09561,0,0,0
03457,09562,0,0,0
03457,09563,0,0,0
03457,09564,13,0,13
03457,09565,0,0,0
03457,09571,0,0,0
03457,09572,0,0,0
03457,09573,0,0,0
03457,09574,0,0,0
03457,09575,0,0,0
03457,09576,0,0,0
03457,09577,0,0,0
03457,09661,0,0,0
03457,09662,0,0,0
03457,09663,0,0,0
03457,09671,0,0,0
03457,09672,0,0,0
03457,09673,0,0,0
03457,09674,0,0,0
03457,09675,0,0,0
03457,09676,0,0,0
03457,09677,0,0,0
03457,09678,0,0,0
03457,09679,0,0,0
03457,09761,16,0,16
03457,09762,0,0,0
03457,09763,0,0,0
03457,09764,0,0,0
03457,09771,0,0,0
03457,09772,0,0,0
03457,09773,0,0,0
03457,09774,0,0,0
03457,09775,0,0,0
03457,09776,0,0,0
03457,09777,0,0,0
03457,09778,0,0,0
03457,09779,0,0,0
03457,09780,0,0,0
03457,10041,0,0,0
03457,10042,0,0,0
03457,10043,0,0,0
03457,10044,0,0,0
03457,10045,0,0,0
03457,10046,0,0,0
03457,11000,151,49,102
03457,12051,0,0,0
03457,12052,0,0,0
03457,12053,0,0,0
03457,12054,0,0,0
03457,12060,0,0,0
03457,12061,0,0,0
03457,12062,0,0,0
03457,12063,0,0,0
03457,12064,0,0,0
03457,12065,0,0,0
03457,12066,0,0,0
03457,12067,0,0,0
03457,12068,0,0,0
03457,12069,0,0,0
03457,12070,0,0,0
03457,12071,0,0,0
03457,12072,0,0,0
03457,12073,0,0,0
03457,13003,63,63,0
03457,13004,0,0,0
03457,13071,19,19,0
03457,13072,25,25,0
03457,13073,50,50,0
03457,13074,0,0,0
03457,13075,18,18,0
03457,13076,15,15,0
03457,14511,0,0,0
03457,14521,0,0,0
03457,14522,0,0,0
03457,14523,0,0,0
03457,14524,0,0,0
03457,14612,0,0,0
03457,14625,15,15,0
03457,14626,0,0,0
03457,14627,0,0,0
03457,14628,0,0,0
03457,14713,27,16,11
03457,14729,0,0,0
03457,14730,11,11,0
03457,15001,0,0,0
03457,15002,0,0,0
03457,15003,0,0,0
03457,15081,10,10,0
03457,15082,0,0,0
03457,15083,11,11,0
03457,15084,0,0,0
03457,15085,0,0,0
03457,15086,11,11,0
03457,15087,10,10,0
03457,15088,10,10,0
03457,15089,0,0,0
03457,15090,16,16,0
03457,15091,0,0,0
03457,16051,0,0,0
03457,16052,0,0,0
03457,16053,0,0,0
03457,16054,0,0,0
03457,16055,0,0,0
03457,16056,0,0,0
03457,16061,0,0,0
03457,16062,0,0,0
03457,16063,0,0,0
03457,16064,0,0,0
03457,16065,0,0,0
03457,16066,0,0,0
03457,16067,0,0,0
03457,16068,0,0,0
03457,16069,0,0,0
03457,16070,0,0,0
03457,16071,0,0,0
03457,16072,0,0,0
03457,16073,0,0,0
03457,16074,0,0,0
03457,16075,0,0,0
03457,16076,0,0,0
03457,16077,0,0,0
03458,01001,24,0,24
03458,01002,19,0,19
03458,01003,82,0,82
03458,01004,12,12,0
03458,01051,0,0,0
03458,01053,0,0,0
03458,01054,12,0,12
03458,01055,16,16,0
03458,01056,23,0,23
03458,01057,0,0,0
03458,01058,21,0,21
03458,01059,14,0,14
03458,01060,49,19,30
03458,01061,0,0,0
03458,01062,40,0,40
03458,02000,578,113,465
03458,03101,17,0,17
03458,03102,0,0,0
03458,03103,10,0,10
03458,03151,12,12,0
03458,03153,11,11,0
03458,03154,0,0,0
03458,03155,13,0,13
03458,03157,0,0,0
03458,03158,0,0,0
03458,03159,18,0,18
03458,03241,434,146,288
03458,03251,3318,1360,1958
03458,03252,111,111,0
03458,03254,99,62,37
03458,03255,0,0,0
03458,03256,73,48,25
03458,03257,0,0,0
03458,03351,35,15,20
03458,03352,116,67,49
03458,03353,100,56,44
03458,03354,0,0,0
03458,03355,21,10,11
03458,03356,266,142,124
03458,03357,162,76,86
03458,03358,68,19,49
03458,03359,62,32,30
03458,03360,0,0,0
03458,03361,644,224,420
03458,03401,6699,2799,3900
03458,03402,49,19,30
03458,03403,12305,2927,9378
03458,03404,111,27,84
03458,03405,208,69,139
03458,03451,2474,1058,1416
03458,03452,163,60,103
03458,03453,3983,1603,2380
03458,03454,303,158,145
03458,03455,340,163,177
03458,03456,16,0,16
03458,03457,286,148,138
03458,03458,0,0,0
03458,03459,257,111,146
03458,03460,3439,1328,2111
03458,03461,1628,864,764
03458,03462,37,18,19
03458,04011,8593,1288,7305
03458,04012,103,38,65
03458,05111,55,0,55
03458,05112,34,0,34
03458,05113,41,0,41
03458,05114,417,0,417
03458,05116,0,0,0
03458,05117,0,0,0
03458,05119,0,0,0
03458,05120,0,0,0
03458,05122,0,0,0
03458,05124,0,0,0
03458,05154,12,0,12
03458,05158,25,0,25
03458,05162,20,0,20
03458,05166,11,0,11
03458,05170,0,0,0
03458,05314,13,0,13
03458,05315,76,0,76
03458,05316,0,0,0
03458,05334,0,0,0
03458,05358,0,0,0
03458,05362,11,0,11
03458,05366,0,0,0
03458,05370,0,0,0
03458,05374,27,0,27
03458,05378,0,0,0
03458,05382,12,0,12
03458,05512,0,0,0
03458,05513,0,0,0
03458,05515,49,0,49
03458,05554,13,0,13
03458,05558,0,0,0
03458,05562,49,10,39
03458,05566,72,23,49
03458,05570,21,10,11
03458,05711,51,0,51
03458,05754,216,12,204
03458,05758,22,0,22
03458,05762,0,0,0
03458,05766,11,11,0
03458,05770,66,17,49
03458,05774,0,0,0
03458,05911,13,0,13
03458,05913,26,11,15
03458,05914,0,0,0
03458,05915,0,0,0
03458,05916,0,0,0
03458,05954,13,0,13
03458,05958,0,0,0
03458,05962,14,0,14
03458,05966,0,0,0
03458,05970,0,0,0
03458,05974,0,0,0
03458,05978,31,0,31
03458,06411,0,0,0
03458,06412,79,0,79
03458,06413,0,0,0
03458,06414,17,0,17
03458,06431,0,0,0
03458,06432,13,0,13
03458,06433,11,0,11
03458,06434,12,0,12
03458,06435,0,0,0
03458,06436,21,0,21
03458,06437,0,0,0
03458,06438,21,0,21
03458,06439,12,0,12
03458,06440,0,0,0
03458,06531,0,0,0
03458,06532,0,0,0
03458,06533,0,0,0
03458,06534,0,0,0
03458,06535,0,0,0
03458,06611,0,0,0
03458,06631,0,0,0
03458,06632,0,0,0
03458,06633,0,0,0
03458,06634,0,0,0
03458,06635,0,0,0
03458,06636,0,0,0
03458,07111,0,0,0
03458,07131,0,0,0
03458,07132,0,0,0
03458,07133,0,0,0
03458,07134,0,0,0
03458,07135,0,0,0
03458,07137,0,0,0
03458,07138,0,0,0
03458,07140,0,0,0
03458,07141,0,0,0
03458,07143,0,0,0
03458,07211,0,0,0
03458,07231,0,0,0
03458,07232,0,0,0
03458,07233,0,0,0
03458,07235,0,0,0
03458,07311,0,0,0
03458,07312,0,0,0
03458,07313,0,0,0
03458,07314,0,0,0
03458,07315,0,0,0
03458,07316,0,0,0
03458,07317,0,0,0
03458,07318,0,0,0
03458,07319,0,0,0
03458,07320,0,0,0
03458,07331,0,0,0
03458,07332,0,0,0
03458,07333,0,0,0
03458,07334,0,0,0
03458,07335,0,0,0
03458,07336,0,0,0
03458,07337,0,0,0
03458,07338,0,0,0
03458,07339,0,0,0
03458,07340,0,0,0
03458,08111,29,0,29
03458,08115,0,0,0
03458,08116,14,0,14
03458,08117,0,0,0
03458,08118,12,0,12
03458,08119,0,0,0
03458,08121,0,0,0
03458,08125,13,0,13
03458,08126,20,0,20
03458,08127,0,0,0
03458,08128,0,0,0
03458,08135,0,0,0
03458,08136,0,0,0
03458,08211,0,0,0
03458,08212,10,0,10
03458,08215,16,0,16
03458,08216,0,0,0
03458,08221,0,0,0
03458,08222,0,0,0
03458,08225,0,0,0
03458,08226,13,0,13
03458,08231,0,0,0
03458,08235,0,0,0
03458,08236,0,0,0
03458,08237,0,0,0
03458,08311,0,0,0
03458,08315,0,0,0
03458,08316,0,0,0
03458,08317,11,0,11
03458,08325,0,0,0
03458,08326,0,0,0
03458,08327,0,0,0
03458,08335,0,0,0
03458,08336,0,0,0
03458,08337,0,0,0
03458,08415,0,0,0
03458,08416,0,0,0
03458,08417,0,0,0
03458,08421,12,0,12
03458,08425,0,0,0
03458,08426,0,0,0
03458,08435,0,0,0
03458,08436,0,0,0
03458,08437,0,0,0
03458,09161,0,0,0
03458,09162,71,0,71
03458,09163,0,0,0
03458,09171,0,0,0
03458,09172,0,0,0
03458,09173,0,0,0
03458,09174,0,0,0
03458,09175,0,0,0
03458,09176,0,0,0
03458,09177,0,0,0
03458,09178,14,0,14
03458,09179,0,0,0
03458,09180,0,0,0
03458,09181,0,0,0
03458,09182,0,0,0
03458,09183,0,0,0
03458,09184,34,0,34
03458,09185,0,0,0
03458,09186,0,0,0
03458,09187,0,0,0
03458,09188,0,0,0
03458,09189,0,0,0
03458,09190,0,0,0
03458,09261,0,0,0
03458,09262,0,0,0
03458,09263,0,0,0
03458,09271,0,0,0
03458,09272,0,0,0
03458,09273,0,0,0
03458,09274,0,0,0
03458,09275,0,0,0
03458,09276,0,0,0
03458,09277,0,0,0
03458,09278,0,0,0
03458,09279,0,0,0
03458,09361,0,0,0
03458,09362,0,0,0
03458,09363,0,0,0
03458,09371,0,0,0
03458,09372,0,0,0
03458,09373,0,0,0
03458,09374,0,0,0
03458,09375,0,0,0
03458,09376,0,0,0
03458,09377,0,0,0
03458,09461,0,0,0
03458,09462,0,0,0
03458,09463,0,0,0
03458,09464,0,0,0
03458,09471,0,0,0
03458,09472,0,0,0
03458,09473,0,0,0
03458,09474,0,0,0
03458,09475,0,0,0
03458,09476,0,0,0
03458,09477,0,0,0
03458,09478,0,0,0
03458,09479,0,0,0
03458,09561,0,0,0
03458,09562,0,0,0
03458,09563,0,0,0
03458,09564,18,0,18
03458,09565,0,0,0
03458,09571,0,0,0
03458,09572,0,0,0
03458,09573,0,0,0
03458,09574,0,0,0
03458,09575,0,0,0
03458,09576,0,0,0
03458,09577,0,0,0
03458,09661,0,0,0
03458,09662,0,0,0
03458,09663,0,0,0
03458,09671,12,0,12
03458,09672,0,0,0
03458,09673,0,0,0
03458,09674,0,0,0
03458,09675,0,0,0
03458,09676,0,0,0
03458,09677,0,0,0
03458,09678,0,0,0
03458,09679,0,0,0
03458,09761,0,0,0
03458,09762,0,0,0
03458,09763,0,0,0
03458,09764,0,0,0
03458,09771,0,0,0
03458,09772,0,0,0
03458,09773,0,0,0
03458,09774,0,0,0
03458,09775,0,0,0
03458,09776,0,0,0
03458,09777,0,0,0
03458,09778,0,0,0
03458,09779,0,0,0
03458,09780,0,0,0
03458,10041,10,0,10
03458,10042,0,0,0
03458,10043,0,0,0
03458,10044,0,0,0
03458,10045,0,0,0
03458,10046,0,0,0
03458,11000,231,64,167
03458,12051,0,0,0
03458,12052,0,0,0
03458,12053,0,0,0
03458,12054,0,0,0
03458,12060,0,0,0
03458,12061,0,0,0
03458,12062,0,0,0
03458,12063,13,13,0
03458,12064,13,13,0
03458,12065,0,0,0
03458,12066,0,0,0
03458,12067,0,0,0
03458,12068,17,0,17
03458,12069,0,0,0
03458,12070,0,0,0
03458,12071,0,0,0
03458,12072,0,0,0
03458,12073,0,0,0
03458,13003,0,0,0
03458,13004,0,0,0
03458,13071,10,10,0
03458,13072,13,13,0
03458,13073,0,0,0
03458,13074,0,0,0
03458,13075,12,12,0
03458,13076,21,10,11
03458,14511,0,0,0
03458,14521,0,0,0
03458,14522,0,0,0
03458,14523,0,0,0
03458,14524,0,0,0
03458,14612,11,0,11
03458,14625,0,0,0
03458,14626,0,0,0
03458,14627,0,0,0
03458,14628,0,0,0
03458,14713,0,0,0
03458,14729,0,0,0
03458,14730,0,0,0
03458,15001,0,0,0
03458,15002,0,0,0
03458,15003,23,10,13
03458,15081,0,0,0
03458,15082,0,0,0
03458,15083,14,14,0
03458,15084,0,0,0
03458,15085,0,0,0
03458,15086,0,0,0
03458,15087,0,0,0
03458,15088,0,0,0
03458,15089,17,17,0
03458,15090,10,10,0
03458,15091,0,0,0
03458,16051,0,0,0
03458,16052,0,0,0
03458,16053,0,0,0
03458,16054,0,0,0
03458,16055,0,0,0
03458,16056,0,0,0
03458,16061,0,0,0
03458,16062,0,0,0
03458,16063,0,0,0
03458,16064,0,0,0
03458,16065,0,0,0
03458,16066,0,0,0
03458,16067,0,0,0
03458,16068,0,0,0
03458,16069,0,0,0
03458,16070,0,0,0
03458,16071,0,0,0
03458,16072,0,0,0
03458,16073,0,0,0
03458,16074,0,0,0
03458,16075,0,0,0
03458,16076,0,0,0
03458,16077,0,0,0
03459,01001,156,134,22
03459,01002,73,11,62
03459,01003,112,12,100
03459,01004,10,0,10
03459,01051,12,12,0
03459,01053,29,17,12
03459,01054,10,0,10
03459,01055,10,0,10
03459,01056,44,24,20
03459,01057,0,0,0
03459,01058,35,17,18
03459,01059,103,70,33
03459,01060,55,24,31
03459,01061,15,15,0
03459,01062,32,15,17
03459,02000,500,117,383
03459,03101,46,19,27
03459,03102,15,0,15
03459,03103,107,0,107
03459,03151,22,10,12
03459,03153,0,0,0
03459,03154,0,0,0
03459,03155,41,15,26
03459,03157,23,12,11
03459,03158,0,0,0
03459,03159,53,23,30
03459,03241,617,153,464
03459,03251,1405,508,897
03459,03252,55,25,30
03459,03254,154,37,117
03459,03255,0,0,0
03459,03256,95,54,41
03459,03257,81,47,34
03459,03351,33,16,17
03459,03352,60,49,11
03459,03353,38,19,19
03459,03354,0,0,0
03459,03355,52,42,10
03459,03356,31,19,12
03459,03357,60,36,24
03459,03358,48,13,35
03459,03359,23,23,0
03459,03360,12,12,0
03459,03361,109,36,73
03459,03401,277,253,24
03459,03402,14,14,0
03459,03403,578,288,290
03459,03404,43968,12074,31894
03459,03405,24,24,0
03459,03451,140,69,71
03459,03452,86,46,40
03459,03453,3967,2011,1956
03459,03454,3063,1511,1552
03459,03455,53,38,15
03459,03456,369,204,165
03459,03457,152,76,76
03459,03458,257,146,111
03459,03459,0,0,0
03459,03460,7174,2243,4931
03459,03461,57,37,20
03459,03462,13,0,13
03459,04011,592,218,374
03459,04012,50,22,28
03459,05111,253,52,201
03459,05112,91,44,47
03459,05113,233,60,173
03459,05114,132,17,115
03459,05116,23,12,11
03459,05117,43,11,32
03459,05119,65,25,40
03459,05120,61,11,50
03459,05122,0,0,0
03459,05124,57,33,24
03459,05154,74,42,32
03459,05158,112,41,71
03459,05162,101,48,53
03459,05166,35,16,19
03459,05170,175,33,142
03459,05314,43,10,33
03459,05315,260,74,186
03459,05316,22,0,22
03459,05334,62,27,35
03459,05358,26,12,14
03459,05362,67,28,39
03459,05366,14,14,0
03459,05370,17,0,17
03459,05374,159,95,64
03459,05378,31,16,15
03459,05382,69,39,30
03459,05512,11,11,0
03459,05513,98,62,36
03459,05515,1520,395,1125
03459,05554,202,78,124
03459,05558,209,134,75
03459,05562,409,340,69
03459,05566,10799,5536,5263
03459,05570,2729,1622,1107
03459,05711,2252,736,1516
03459,05754,8370,4288,4082
03459,05758,5432,2906,2526
03459,05762,40,28,12
03459,05766,436,227,209
03459,05770,4538,2163,2375
03459,05774,198,78,120
03459,05911,110,54,56
03459,05913,310,181,129
03459,05914,45,23,22
03459,05915,134,84,50
03459,05916,54,44,10
03459,05954,77,48,29
03459,05958,69,31,38
03459,05962,105,31,74
03459,05966,0,0,0
03459,05970,36,10,26
03459,05974,213,118,95
03459,05978,226,89,137
03459,06411,31,0,31
03459,06412,115,15,100
03459,06413,0,0,0
03459,06414,74,0,74
03459,06431,68,53,15
03459,06432,117,99,18
03459,06433,34,16,18
03459,06434,33,0,33
03459,06435,69,12,57
03459,06436,32,0,32
03459,06437,0,0,0
03459,06438,57,0,57
03459,06439,11,11,0
03459,06440,16,0,16
03459,06531,69,27,42
03459,06532,28,18,10
03459,06533,0,0,0
03459,06534,15,0,15
03459,06535,0,0,0
03459,06611,31,12,19
03459,06631,18,0,18
03459,06632,0,0,0
03459,06633,18,18,0
03459,06634,21,10,11
03459,06635,0,0,0
03459,06636,0,0,0
03459,07111,38,0,38
03459,07131,0,0,0
03459,07132,0,0,0
03459,07133,0,0,0
03459,07134,0,0,0
03459,07135,0,0,0
03459,07137,12,12,0
03459,07138,33,21,12
03459,07140,0,0,0
03459,07141,10,10,0
03459,07143,13,13,0
03459,07211,0,0,0
03459,07231,89,52,37
03459,07232,0,0,0
03459,07233,0,0,0
03459,07235,0,0,0
03459,07311,0,0,0
03459,07312,0,0,0
03459,07313,0,0,0
03459,07314,77,32,45
03459,07315,17,0,17
03459,07316,0,0,0
03459,07317,0,0,0
03459,07318,0,0,0
03459,07319,0,0,0
03459,07320,0,0,0
03459,07331,0,0,0
03459,07332,0,0,0
03459,07333,0,0,0
03459,07334,0,0,0
03459,07335,0,0,0
03459,07336,0,0,0
03459,07337,0,0,0
03459,07338,14,14,0
03459,07339,11,0,11
03459,07340,0,0,0
03459,08111,69,25,44
03459,08115,48,10,38
03459,08116,60,26,34
03459,08117,10,0,10
03459,08118,50,18,32
03459,08119,44,10,34
03459,08121,0,0,0
03459,08125,26,13,13
03459,08126,23,0,23
03459,08127,0,0,0
03459,08128,0,0,0
03459,08135,0,0,0
03459,08136,12,0,12
03459,08211,0,0,0
03459,08212,34,19,15
03459,08215,47,27,20
03459,08216,12,12,0
03459,08221,14,0,14
03459,08222,70,44,26
03459,08225,0,0,0
03459,08226,101,83,18
03459,08231,0,0,0
03459,08235,0,0,0
03459,08236,14,14,0
03459,08237,0,0,0
03459,08311,0,0,0
03459,08315,19,19,0
03459,08316,0,0,0
03459,08317,131,115,16
03459,08325,0,0,0
03459,08326,13,13,0
03459,08327,0,0,0
03459,08335,0,0,0
03459,08336,19,0,19
03459,08337,0,0,0
03459,08415,11,11,0
03459,08416,0,0,0
03459,08417,80,80,0
03459,08421,17,0,17
03459,08425,11,11,0
03459,08426,15,0,15
03459,08435,0,0,0
03459,08436,32,13,19
03459,08437,11,11,0
03459,09161,0,0,0
03459,09162,188,34,154
03459,09163,0,0,0
03459,09171,0,0,0
03459,09172,0,0,0
03459,09173,0,0,0
03459,09174,0,0,0
03459,09175,12,12,0
03459,09176,0,0,0
03459,09177,12,12,0
03459,09178,0,0,0
03459,09179,0,0,0
03459,09180,0,0,0
03459,09181,0,0,0
03459,09182,0,0,0
03459,09183,0,0,0
03459,09184,55,14,41
03459,09185,0,0,0
03459,09186,0,0,0
03459,09187,23,13,10
03459,09188,0,0,0
03459,09189,0,0,0
03459,09190,0,0,0
03459,09261,0,0,0
03459,09262,0,0,0
03459,09263,0,0,0
03459,09271,0,0,0
03459,09272,0,0,0
03459,09273,0,0,0
03459,09274,11,11,0
03459,09275,0,0,0
03459,09276,0,0,0
03459,09277,0,0,0
03459,09278,0,0,0
03459,09279,0,0,0
03459,09361,0,0,0
03459,09362,0,0,0
03459,09363,0,0,0
03459,09371,0,0,0
03459,09372,12,12,0
03459,09373,11,0,11
03459,09374,0,0,0
03459,09375,0,0,0
03459,09376,0,0,0
03459,09377,0,0,0
03459,09461,0,0,0
03459,09462,16,16,0
03459,09463,0,0,0
03459,09464,0,0,0
03459,09471,20,20,0
03459,09472,0,0,0
03459,09473,0,0,0
03459,09474,0,0,0
03459,09475,14,14,0
03459,09476,0,0,0
03459,09477,0,0,0
03459,09478,0,0,0
03459,09479,14,14,0
03459,09561,0,0,0
03459,09562,0,0,0
03459,09563,0,0,0
03459,09564,53,17,36
03459,09565,0,0,0
03459,09571,11,11,0
03459,09572,0,0,0
03459,09573,0,0,0
03459,09574,0,0,0
03459,09575,0,0,0
03459,09576,0,0,0
03459,09577,0,0,0
03459,09661,11,0,11
03459,09662,0,0,0
03459,09663,0,0,0
03459,09671,34,34,0
03459,09672,0,0,0
03459,09673,0,0,0
03459,09674,0,0,0
03459,09675,0,0,0
03459,09676,0,0,0
03459,09677,0,0,0
03459,09678,0,0,0
03459,09679,12,0,12
03459,09761,25,13,12
03459,09762,0,0,0
03459,09763,0,0,0
03459,09764,0,0,0
03459,09771,0,0,0
03459,09772,0,0,0
03459,09773,0,0,0
03459,09774,0,0,0
03459,09775,17,17,0
03459,09776,0,0,0
03459,09777,0,0,0
03459,09778,0,0,0
03459,09779,0,0,0
03459,09780,0,0,0
03459,10041,11,11,0
03459,10042,45,0,45
03459,10043,0,0,0
03459,10044,0,0,0
03459,10045,0,0,0
03459,10046,0,0,0
03459,11000,395,132,263
03459,12051,10,10,0
03459,12052,12,12,0
03459,12053,0,0,0
03459,12054,26,10,16
03459,12060,56,56,0
03459,12061,33,33,0
03459,12062,0,0,0
03459,12063,0,0,0
03459,12064,15,15,0
03459,12065,0,0,0
03459,12066,0,0,0
03459,12067,0,0,0
03459,12068,10,10,0
03459,12069,24,24,0
03459,12070,13,13,0
03459,12071,0,0,0
03459,12072,20,20,0
03459,12073,42,42,0
03459,13003,14,14,0
03459,13004,0,0,0
03459,13071,24,24,0
03459,13072,39,29,10
03459,13073,22,22,0
03459,13074,11,11,0
03459,13075,37,37,0
03459,13076,109,109,0
03459,14511,10,0,10
03459,14521,11,11,0
03459,14522,0,0,0
03459,14523,0,0,0
03459,14524,0,0,0
03459,14612,27,14,13
03459,14625,10,10,0
03459,14626,14,14,0
03459,14627,0,0,0
03459,14628,10,0,10
03459,14713,45,34,11
03459,14729,45,45,0
03459,14730,362,362,0
03459,15001,74,74,0
03459,15002,47,35,12
03459,15003,21,21,0
03459,15081,15,15,0
03459,15082,242,242,0
03459,15083,28,28,0
03459,15084,428,428,0
03459,15085,28,28,0
03459,15086,16,16,0
03459,15087,13,13,0
03459,15088,16,16,0
03459,15089,44,33,11
03459,15090,29,29,0
03459,15091,14,14,0
03459,16051,0,0,0
03459,16052,0,0,0
03459,16053,0,0,0
03459,16054,0,0,0
03459,16055,0,0,0
03459,16056,0,0,0
03459,16061,22,22,0
03459,16062,0,0,0
03459,16063,0,0,0
03459,16064,0,0,0
03459,16065,0,0,0
03459,16066,0,0,0
03459,16067,15,15,0
03459,16068,0,0,0
03459,16069,0,0,0
03459,16070,12,12,0
03459,16071,0,0,0
03459,16072,0,0,0
03459,16073,0,0,0
03459,16074,100,100,0
03459,16075,19,19,0
03459,16076,0,0,0
03459,16077,0,0,0
03460,01001,0,0,0
03460,01002,25,25,0
03460,01003,118,12,106
03460,01004,23,23,0
03460,01051,0,0,0
03460,01053,0,0,0
03460,01054,32,20,12
03460,01055,10,10,0
03460,01056,31,11,20
03460,01057,0,0,0
03460,01058,0,0,0
03460,01059,0,0,0
03460,01060,28,10,18
03460,01061,0,0,0
03460,01062,13,0,13
03460,02000,296,106,190
03460,03101,75,52,23
03460,03102,0,0,0
03460,03103,27,10,17
03460,03151,12,12,0
03460,03153,15,15,0
03460,03154,0,0,0
03460,03155,0,0,0
03460,03157,16,16,0
03460,03158,14,14,0
03460,03159,57,40,17
03460,03241,341,127,214
03460,03251,6334,4324,2010
03460,03252,25,11,14
03460,03254,125,114,11
03460,03255,0,0,0
03460,03256,124,96,28
03460,03257,23,23,0
03460,03351,46,34,12
03460,03352,48,34,14
03460,03353,35,0,35
03460,03354,0,0,0
03460,03355,11,11,0
03460,03356,23,23,0
03460,03357,115,26,89
03460,03358,46,16,30
03460,03359,26,14,12
03460,03360,0,0,0
03460,03361,137,31,106
03460,03401,211,136,75
03460,03402,14,14,0
03460,03403,1020,394,626
03460,03404,1625,671,954
03460,03405,52,38,14
03460,03451,272,168,104
03460,03452,67,35,32
03460,03453,7070,4719,2351
03460,03454,581,392,189
03460,03455,69,55,14
03460,03456,117,77,40
03460,03457,104,64,40
03460,03458,3439,2111,1328
03460,03459,7174,4931,2243
03460,03460,0,0,0
03460,03461,74,45,29
03460,03462,28,13,15
03460,04011,757,281,476
03460,04012,32,16,16
03460,05111,79,19,60
03460,05112,29,13,16
03460,05113,45,24,21
03460,05114,36,0,36
03460,05116,0,0,0
03460,05117,0,0,0
03460,05119,0,0,0
03460,05120,0,0,0
03460,05122,0,0,0
03460,05124,0,0,0
03460,05154,15,15,0
03460,05158,45,13,32
03460,05162,26,11,15
03460,05166,13,13,0
03460,05170,0,0,0
03460,05314,0,0,0
03460,05315,78,20,58
03460,05316,0,0,0
03460,05334,0,0,0
03460,05358,0,0,0
03460,05362,22,22,0
03460,05366,0,0,0
03460,05370,0,0,0
03460,05374,0,0,0
03460,05378,0,0,0
03460,05382,0,0,0
03460,05512,0,0,0
03460,05513,11,11,0
03460,05515,143,55,88
03460,05554,65,41,24
03460,05558,58,25,33
03460,05562,248,27,221
03460,05566,497,320,177
03460,05570,86,40,46
03460,05711,82,13,69
03460,05754,478,31,447
03460,05758,79,43,36
03460,05762,0,0,0
03460,05766,57,24,33
03460,05770,774,342,432
03460,05774,35,35,0
03460,05911,31,16,15
03460,05913,43,23,20
03460,05914,0,0,0
03460,05915,0,0,0
03460,05916,0,0,0
03460,05954,10,0,10
03460,05958,0,0,0
03460,05962,12,12,0
03460,05966,0,0,0
03460,05970,10,0,10
03460,05974,26,16,10
03460,05978,55,26,29
03460,06411,0,0,0
03460,06412,58,15,43
03460,06413,19,19,0
03460,06414,10,0,10
03460,06431,0,0,0
03460,06432,0,0,0
03460,06433,10,10,0
03460,06434,0,0,0
03460,06435,0,0,0
03460,06436,0,0,0
03460,06437,10,10,0
03460,06438,0,0,0
03460,06439,13,0,13
03460,06440,13,13,0
03460,06531,13,13,0
03460,06532,0,0,0
03460,06533,23,23,0
03460,06534,0,0,0
03460,06535,0,0,0
03460,06611,17,0,17
03460,06631,0,0,0
03460,06632,0,0,0
03460,06633,10,10,0
03460,06634,17,17,0
03460,06635,0,0,0
03460,06636,0,0,0
03460,07111,0,0,0
03460,07131,0,0,0
03460,07132,0,0,0
03460,07133,0,0,0
03460,07134,0,0,0
03460,07135,0,0,0
03460,07137,0,0,0
03460,07138,0,0,0
03460,07140,0,0,0
03460,07141,0,0,0
03460,07143,0,0,0
03460,07211,0,0,0
03460,07231,0,0,0
03460,07232,0,0,0
03460,07233,0,0,0
03460,07235,0,0,0
03460,07311,0,0,0
03460,07312,0,0,0
03460,07313,10,0,10
03460,07314,0,0,0
03460,07315,0,0,0
03460,07316,0,0,0
03460,07317,0,0,0
03460,07318,0,0,0
03460,07319,0,0,0
03460,07320,0,0,0
03460,07331,0,0,0
03460,07332,0,0,0
03460,07333,0,0,0
03460,07334,0,0,0
03460,07335,0,0,0
03460,07336,0,0,0
03460,07337,0,0,0
03460,07338,0,0,0
03460,07339,0,0,0
03460,07340,0,0,0
03460,08111,15,0,15
03460,08115,0,0,0
03460,08116,0,0,0
03460,08117,0,0,0
03460,08118,0,0,0
03460,08119,0,0,0
03460,08121,0,0,0
03460,08125,0,0,0
03460,08126,0,0,0
03460,08127,0,0,0
03460,08128,0,0,0
03460,08135,0,0,0
03460,08136,0,0,0
03460,08211,0,0,0
03460,08212,0,0,0
03460,08215,15,0,15
03460,08216,0,0,0
03460,08221,0,0,0
03460,08222,13,13,0
03460,08225,0,0,0
03460,08226,10,10,0
03460,08231,0,0,0
03460,08235,0,0,0
03460,08236,0,0,0
03460,08237,0,0,0
03460,08311,0,0,0
03460,08315,0,0,0
03460,08316,0,0,0
03460,08317,0,0,0
03460,08325,0,0,0
03460,08326,0,0,0
03460,08327,0,0,0
03460,08335,0,0,0
03460,08336,0,0,0
03460,08337,0,0,0
03460,08415,15,0,15
03460,08416,0,0,0
03460,08417,0,0,0
03460,08421,0,0,0
03460,08425,0,0,0
03460,08426,0,0,0
03460,08435,0,0,0
03460,08436,0,0,0
03460,08437,0,0,0
03460,09161,0,0,0
03460,09162,55,17,38
03460,09163,0,0,0
03460,09171,0,0,0
03460,09172,0,0,0
03460,09173,0,0,0
03460,09174,0,0,0
03460,09175,0,0,0
03460,09176,0,0,0
03460,09177,0,0,0
03460,09178,30,30,0
03460,09179,0,0,0
03460,09180,0,0,0
03460,09181,0,0,0
03460,09182,0,0,0
03460,09183,18,18,0
03460,09184,14,0,14
03460,09185,0,0,0
03460,09186,0,0,0
03460,09187,0,0,0
03460,09188,0,0,0
03460,09189,0,0,0
03460,09190,0,0,0
03460,09261,0,0,0
03460,09262,0,0,0
03460,09263,0,0,0
03460,09271,0,0,0
03460,09272,0,0,0
03460,09273,0,0,0
03460,09274,0,0,0
03460,09275,0,0,0
03460,09276,0,0,0
03460,09277,0,0,0
03460,09278,0,0,0
03460,09279,0,0,0
03460,09361,0,0,0
03460,09362,0,0,0
03460,09363,0,0,0
03460,09371,0,0,0
03460,09372,0,0,0
03460,09373,0,0,0
03460,09374,0,0,0
03460,09375,0,0,0
03460,09376,0,0,0
03460,09377,0,0,0
03460,09461,0,0,0
03460,09462,0,0,0
03460,09463,0,0,0
03460,09464,0,0,0
03460,09471,0,0,0
03460,09472,0,0,0
03460,09473,0,0,0
03460,09474,0,0,0
03460,09475,0,0,0
03460,09476,0,0,0
03460,09477,0,0,0
03460,09478,0,0,0
03460,09479,0,0,0
03460,09561,0,0,0
03460,09562,0,0,0
03460,09563,0,0,0
03460,09564,19,0,19
03460,09565,0,0,0
03460,09571,0,0,0
03460,09572,0,0,0
03460,09573,0,0,0
03460,09574,0,0,0
03460,09575,0,0,0
03460,09576,0,0,0
03460,09577,0,0,0
03460,09661,0,0,0
03460,09662,0,0,0
03460,09663,0,0,0
03460,09671,0,0,0
03460,09672,0,0,0
03460,09673,0,0,0
03460,09674,0,0,0
03460,09675,0,0,0
03460,09676,0,0,0
03460,09677,0,0,0
03460,09678,27,27,0
03460,09679,0,0,0
03460,09761,0,0,0
03460,09762,0,0,0
03460,09763,0,0,0
03460,09764,0,0,0
03460,09771,0,0,0
03460,09772,0,0,0
03460,09773,0,0,0
03460,09774,0,0,0
03460,09775,0,0,0
03460,09776,0,0,0
03460,09777,0,0,0
03460,09778,0,0,0
03460,09779,0,0,0
03460,09780,0,0,0
03460,10041,0,0,0
03460,10042,0,0,0
03460,10043,0,0,0
03460,10044,0,0,0
03460,10045,0,0,0
03460,10046,0,0,0
03460,11000,124,50,74
03460,12051,0,0,0
03460,12052,0,0,0
03460,12053,0,0,0
03460,12054,11,0,11
03460,12060,24,24,0
03460,12061,11,11,0
03460,12062,0,0,0
03460,12063,0,0,0
03460,12064,0,0,0
03460,12065,0,0,0
03460,12066,0,0,0
03460,12067,12,12,0
03460,12068,34,34,0
03460,12069,12,12,0
03460,12070,14,14,0
03460,12071,0,0,0
03460,12072,11,11,0
03460,12073,37,37,0
03460,13003,15,15,0
03460,13004,12,12,0
03460,13071,41,41,0
03460,13072,13,13,0
03460,13073,52,52,0
03460,13074,0,0,0
03460,13075,34,34,0
03460,13076,203,175,28
03460,14511,0,0,0
03460,14521,0,0,0
03460,14522,0,0,0
03460,14523,0,0,0
03460,14524,0,0,0
03460,14612,0,0,0
03460,14625,0,0,0
03460,14626,0,0,0
03460,14627,0,0,0
03460,14628,0,0,0
03460,14713,14,14,0
03460,14729,0,0,0
03460,14730,0,0,0
03460,15001,0,0,0
03460,15002,0,0,0
03460,15003,14,14,0
03460,15081,0,0,0
03460,15082,18,18,0
03460,15083,18,18,0
03460,15084,16,16,0
03460,15085,0,0,0
03460,15086,13,13,0
03460,15087,0,0,0
03460,15088,0,0,0
03460,15089,24,24,0
03460,15090,17,17,0
03460,15091,0,0,0
03460,16051,0,0,0
03460,16052,0,0,0
03460,16053,0,0,0
03460,16054,0,0,0
03460,16055,0,0,0
03460,16056,0,0,0
03460,16061,16,16,0
03460,16062,11,11,0
03460,16063,0,0,0
03460,16064,0,0,0
03460,16065,0,0,0
03460,16066,0,0,0
03460,16067,0,0,0
03460,16068,0,0,0
03460,16069,0,0,0
03460,16070,0,0,0
03460,16071,0,0,0
03460,16072,0,0,0
03460,16073,0,0,0
03460,16074,0,0,0
03460,16075,0,0,0
03460,16076,0,0,0
03460,16077,0,0,0
03461,01001,0,0,0
03461,01002,20,0,20
03461,01003,13,0,13
03461,01004,0,0,0
03461,01051,0,0,0
03461,01053,0,0,0
03461,01054,11,0,11
03461,01055,0,0,0
03461,01056,0,0,0
03461,01057,0,0,0
03461,01058,0,0,0
03461,01059,0,0,0
03461,01060,10,0,10
03461,01061,0,0,0
03461,01062,18,0,18
03461,02000,407,85,322
03461,03101,12,0,12
03461,03102,0,0,0
03461,03103,20,20,0
03461,03151,0,0,0
03461,03153,0,0,0
03461,03154,0,0,0
03461,03155,0,0,0
03461,03157,0,0,0
03461,03158,0,0,0
03461,03159,0,0,0
03461,03241,131,32,99
03461,03251,278,111,167
03461,03252,0,0,0
03461,03254,11,0,11
03461,03255,0,0,0
03461,03256,0,0,0
03461,03257,0,0,0
03461,03351,10,0,10
03461,03352,969,722,247
03461,03353,33,17,16
03461,03354,0,0,0
03461,03355,0,0,0
03461,03356,550,384,166
03461,03357,104,62,42
03461,03358,0,0,0
03461,03359,79,39,40
03461,03360,0,0,0
03461,03361,156,69,87
03461,03401,717,252,465
03461,03402,34,15,19
03461,03403,3640,1041,2599
03461,03404,33,0,33
03461,03405,345,128,217
03461,03451,1828,675,1153
03461,03452,158,87,71
03461,03453,153,73,80
03461,03454,76,42,34
03461,03455,1653,675,978
03461,03456,0,0,0
03461,03457,144,81,63
03461,03458,1628,764,864
03461,03459,57,20,37
03461,03460,74,29,45
03461,03461,0,0,0
03461,03462,89,61,28
03461,04011,4312,1306,3006
03461,04012,1464,607,857
03461,05111,34,0,34
03461,05112,0,0,0
03461,05113,12,0,12
03461,05114,0,0,0
03461,05116,0,0,0
03461,05117,0,0,0
03461,05119,0,0,0
03461,05120,0,0,0
03461,05122,0,0,0
03461,05124,11,11,0
03461,05154,0,0,0
03461,05158,16,0,16
03461,05162,0,0,0
03461,05166,0,0,0
03461,05170,0,0,0
03461,05314,0,0,0
03461,05315,29,0,29
03461,05316,0,0,0
03461,05334,0,0,0
03461,05358,0,0,0
03461,05362,0,0,0
03461,05366,0,0,0
03461,05370,0,0,0
03461,05374,16,0,16
03461,05378,0,0,0
03461,05382,0,0,0
03461,05512,0,0,0
03461,05513,0,0,0
03461,05515,18,0,18
03461,05554,0,0,0
03461,05558,0,0,0
03461,05562,0,0,0
03461,05566,0,0,0
03461,05570,0,0,0
03461,05711,0,0,0
03461,05754,14,0,14
03461,05758,0,0,0
03461,05762,0,0,0
03461,05766,0,0,0
03461,05770,26,0,26
03461,05774,0,0,0
03461,05911,0,0,0
03461,05913,0,0,0
03461,05914,0,0,0
03461,05915,0,0,0
03461,05916,0,0,0
03461,05954,0,0,0
03461,05958,20,0,20
03461,05962,0,0,0
03461,05966,0,0,0
03461,05970,0,0,0
03461,05974,13,13,0
03461,05978,12,0,12
03461,06411,0,0,0
03461,06412,21,0,21
03461,06413,0,0,0
03461,06414,0,0,0
03461,06431,0,0,0
03461,06432,0,0,0
03461,06433,0,0,0
03461,06434,0,0,0
03461,06435,62,0,62
03461,06436,0,0,0
03461,06437,0,0,0
03461,06438,0,0,0
03461,06439,0,0,0
03461,06440,0,0,0
03461,06531,0,0,0
03461,06532,0,0,0
03461,06533,0,0,0
03461,06534,0,0,0
03461,06535,0,0,0
03461,06611,16,16,0
03461,06631,0,0,0
03461,06632,0,0,0
03461,06633,17,17,0
03461,06634,13,13,0
03461,06635,0,0,0
03461,06636,0,0,0
03461,07111,0,0,0
03461,07131,0,0,0
03461,07132,0,0,0
03461,07133,0,0,0
03461,07134,0,0,0
03461,07135,0,0,0
03461,07137,22,22,0
03461,07138,0,0,0
03461,07140,0,0,0
03461,07141,0,0,0
03461,07143,0,0,0
03461,07211,0,0,0
03461,07231,0,0,0
03461,07232,0,0,0
03461,07233,0,0,0
03461,07235,0,0,0
03461,07311,0,0,0
03461,07312,0,0,0
03461,07313,0,0,0
03461,07314,0,0,0
03461,07315,0,0,0
03461,07316,0,0,0
03461,07317,0,0,0
03461,07318,0,0,0
03461,07319,0,0,0
03461,07320,0,0,0
03461,07331,0,0,0
03461,07332,0,0,0
03461,07333,0,0,0
03461,07334,0,0,0
03461,07335,0,0,0
03461,07336,0,0,0
03461,07337,0,0,0
03461,07338,0,0,0
03461,07339,0,0,0
03461,07340,0,0,0
03461,08111,0,0,0
03461,08115,0,0,0
03461,08116,0,0,0
03461,08117,0,0,0
03461,08118,0,0,0
03461,08119,0,0,0
03461,08121,0,0,0
03461,08125,0,0,0
03461,08126,0,0,0
03461,08127,0,0,0
03461,08128,0,0,0
03461,08135,0,0,0
03461,08136,0,0,0
03461,08211,0,0,0
03461,08212,0,0,0
03461,08215,0,0,0
03461,08216,0,0,0
03461,08221,0,0,0
03461,08222,0,0,0
03461,08225,0,0,0
03461,08226,0,0,0
03461,08231,0,0,0
03461,08235,0,0,0
03461,08236,0,0,0
03461,08237,0,0,0
03461,08311,0,0,0
03461,08315,0,0,0
03461,08316,0,0,0
03461,08317,0,0,0
03461,08325,0,0,0
03461,08326,0,0,0
03461,08327,0,0,0
03461,08335,0,0,0
03461,08336,0,0,0
03461,08337,0,0,0
03461,08415,0,0,0
03461,08416,0,0,0
03461,08417,0,0,0
03461,08421,0,0,0
03461,08425,0,0,0
03461,08426,0,0,0
03461,08435,0,0,0
03461,08436,0,0,0
03461,08437,0,0,0
03461,09161,0,0,0
03461,09162,22,0,22
03461,09163,0,0,0
03461,09171,0,0,0
03461,09172,0,0,0
03461,09173,0,0,0
03461,09174,0,0,0
03461,09175,0,0,0
03461,09176,0,0,0
03461,09177,0,0,0
03461,09178,0,0,0
03461,09179,0,0,0
03461,09180,0,0,0
03461,09181,0,0,0
03461,09182,0,0,0
03461,09183,0,0,0
03461,09184,52,0,52
03461,09185,0,0,0
03461,09186,0,0,0
03461,09187,0,0,0
03461,09188,0,0,0
03461,09189,0,0,0
03461,09190,0,0,0
03461,09261,0,0,0
03461,09262,0,0,0
03461,09263,0,0,0
03461,09271,0,0,0
03461,09272,0,0,0
03461,09273,0,0,0
03461,09274,0,0,0
03461,09275,0,0,0
03461,09276,0,0,0
03461,09277,0,0,0
03461,09278,0,0,0
03461,09279,0,0,0
03461,09361,0,0,0
03461,09362,0,0,0
03461,09363,0,0,0
03461,09371,0,0,0
03461,09372,0,0,0
03461,09373,0,0,0
03461,09374,0,0,0
03461,09375,0,0,0
03461,09376,0,0,0
03461,09377,0,0,0
03461,09461,0,0,0
03461,09462,0,0,0
03461,09463,0,0,0
03461,09464,0,0,0
03461,09471,0,0,0
03461,09472,0,0,0
03461,09473,0,0,0
03461,09474,0,0,0
03461,09475,0,0,0
03461,09476,0,0,0
03461,09477,0,0,0
03461,09478,0,0,0
03461,09479,0,0,0
03461,09561,0,0,0
03461,09562,0,0,0
03461,09563,0,0,0
03461,09564,0,0,0
03461,09565,0,0,0
03461,09571,0,0,0
03461,09572,0,0,0
03461,09573,0,0,0
03461,09574,0,0,0
03461,09575,0,0,0
03461,09576,0,0,0
03461,09577,0,0,0
03461,09661,0,0,0
03461,09662,0,0,0
03461,09663,0,0,0
03461,09671,0,0,0
03461,09672,0,0,0
03461,09673,0,0,0
03461,09674,0,0,0
03461,09675,0,0,0
03461,09676,0,0,0
03461,09677,0,0,0
03461,09678,0,0,0
03461,09679,0,0,0
03461,09761,23,0,23
03461,09762,0,0,0
03461,09763,0,0,0
03461,09764,0,0,0
03461,09771,0,0,0
03461,09772,0,0,0
03461,09773,0,0,0
03461,09774,0,0,0
03461,09775,0,0,0
03461,09776,0,0,0
03461,09777,0,0,0
03461,09778,0,0,0
03461,09779,0,0,0
03461,09780,0,0,0
03461,10041,11,0,11
03461,10042,0,0,0
03461,10043,0,0,0
03461,10044,0,0,0
03461,10045,0,0,0
03461,10046,0,0,0
03461,11000,86,20,66
03461,12051,0,0,0
03461,12052,0,0,0
03461,12053,0,0,0
03461,12054,0,0,0
03461,12060,0,0,0
03461,12061,0,0,0
03461,12062,0,0,0
03461,12063,0,0,0
03461,12064,0,0,0
03461,12065,12,12,0
03461,12066,0,0,0
03461,12067,0,0,0
03461,12068,0,0,0
03461,12069,0,0,0
03461,12070,0,0,0
03461,12071,0,0,0
03461,12072,0,0,0
03461,12073,0,0,0
03461,13003,0,0,0
03461,13004,12,0,12
03461,13071,0,0,0
03461,13072,0,0,0
03461,13073,17,0,17
03461,13074,0,0,0
03461,13075,13,13,0
03461,13076,0,0,0
03461,14511,0,0,0
03461,14521,0,0,0
03461,14522,0,0,0
03461,14523,0,0,0
03461,14524,0,0,0
03461,14612,14,0,14
03461,14625,0,0,0
03461,14626,0,0,0
03461,14627,0,0,0
03461,14628,0,0,0
03461,14713,0,0,0
03461,14729,0,0,0
03461,14730,0,0,0
03461,15001,0,0,0
03461,15002,0,0,0
03461,15003,0,0,0
03461,15081,10,10,0
03461,15082,0,0,0
03461,15083,10,10,0
03461,15084,0,0,0
03461,15085,0,0,0
03461,15086,0,0,0
03461,15087,0,0,0
03461,15088,0,0,0
03461,15089,0,0,0
03461,15090,14,14,0
03461,15091,0,0,0
03461,16051,0,0,0
03461,16052,0,0,0
03461,16053,0,0,0
03461,16054,0,0,0
03461,16055,0,0,0
03461,16056,0,0,0
03461,16061,0,0,0
03461,16062,0,0,0
03461,16063,0,0,0
03461,16064,0,0,0
03461,16065,0,0,0
03461,16066,0,0,0
03461,16067,0,0,0
03461,16068,0,0,0
03461,16069,0,0,0
03461,16070,0,0,0
03461,16071,0,0,0
03461,16072,0,0,0
03461,16073,0,0,0
03461,16074,0,0,0
03461,16075,0,0,0
03461,16076,0,0,0
03461,16077,0,0,0
03462,01001,15,15,0
03462,01002,0,0,0
03462,01003,0,0,0
03462,01004,93,0,93
03462,01051,0,0,0
03462,01053,0,0,0
03462,01054,10,0,10
03462,01055,0,0,0
03462,01056,0,0,0
03462,01057,0,0,0
03462,01058,0,0,0
03462,01059,25,25,0
03462,01060,0,0,0
03462,01061,0,0,0
03462,01062,0,0,0
03462,02000,129,25,104
03462,03101,0,0,0
03462,03102,0,0,0
03462,03103,0,0,0
03462,03151,0,0,0
03462,03153,0,0,0
03462,03154,0,0,0
03462,03155,0,0,0
03462,03157,0,0,0
03462,03158,0,0,0
03462,03159,0,0,0
03462,03241,102,53,49
03462,03251,41,21,20
03462,03252,41,0,41
03462,03254,32,32,0
03462,03255,0,0,0
03462,03256,0,0,0
03462,03257,0,0,0
03462,03351,26,0,26
03462,03352,30,15,15
03462,03353,0,0,0
03462,03354,0,0,0
03462,03355,0,0,0
03462,03356,0,0,0
03462,03357,0,0,0
03462,03358,0,0,0
03462,03359,0,0,0
03462,03360,0,0,0
03462,03361,15,0,15
03462,03401,14,0,14
03462,03402,501,37,464
03462,03403,391,91,300
03462,03404,61,10,51
03462,03405,1628,345,1283
03462,03451,393,104,289
03462,03452,6200,2344,3856
03462,03453,101,45,56
03462,03454,131,71,60
03462,03455,3225,1371,1854
03462,03456,0,0,0
03462,03457,585,290,295
03462,03458,37,19,18
03462,03459,13,13,0
03462,03460,28,15,13
03462,03461,89,28,61
03462,03462,0,0,0
03462,04011,163,33,130
03462,04012,19,0,19
03462,05111,19,0,19
03462,05112,10,0,10
03462,05113,12,0,12
03462,05114,0,0,0
03462,05116,0,0,0
03462,05117,0,0,0
03462,05119,0,0,0
03462,05120,0,0,0
03462,05122,0,0,0
03462,05124,0,0,0
03462,05154,0,0,0
03462,05158,21,0,21
03462,05162,10,0,10
03462,05166,0,0,0
03462,05170,0,0,0
03462,05314,29,0,29
03462,05315,20,0,20
03462,05316,0,0,0
03462,05334,0,0,0
03462,05358,0,0,0
03462,05362,0,0,0
03462,05366,0,0,0
03462,05370,0,0,0
03462,05374,0,0,0
03462,05378,0,0,0
03462,05382,0,0,0
03462,05512,0,0,0
03462,05513,0,0,0
03462,05515,0,0,0
03462,05554,0,0,0
03462,05558,0,0,0
03462,05562,0,0,0
03462,05566,32,19,13
03462,05570,0,0,0
03462,05711,11,0,11
03462,05754,0,0,0
03462,05758,12,0,12
03462,05762,0,0,0
03462,05766,0,0,0
03462,05770,0,0,0
03462,05774,0,0,0
03462,05911,0,0,0
03462,05913,15,0,15
03462,05914,0,0,0
03462,05915,0,0,0
03462,05916,0,0,0
03462,05954,0,0,0
03462,05958,0,0,0
03462,05962,0,0,0
03462,05966,0,0,0
03462,05970,0,0,0
03462,05974,0,0,0
03462,05978,0,0,0
03462,06411,0,0,0
03462,06412,23,0,23
03462,06413,0,0,0
03462,06414,0,0,0
03462,06431,0,0,0
03462,06432,0,0,0
03462,06433,0,0,0
03462,06434,0,0,0
03462,06435,0,0,0
03462,06436,0,0,0
03462,06437,0,0,0
03462,06438,0,0,0
03462,06439,0,0,0
03462,06440,0,0,0
03462,06531,0,0,0
03462,06532,0,0,0
03462,06533,0,0,0
03462,06534,0,0,0
03462,06535,0,0,0
03462,06611,0,0,0
03462,06631,0,0,0
03462,06632,0,0,0
03462,06633,0,0,0
03462,06634,0,0,0
03462,06635,0,0,0
03462,06636,0,0,0
03462,07111,0,0,0
03462,07131,0,0,0
03462,07132,0,0,0
03462,07133,0,0,0
03462,07134,0,0,0
03462,07135,0,0,0
03462,07137,0,0,0
03462,07138,0,0,0
03462,07140,0,0,0
03462,07141,0,0,0
03462,07143,0,0,0
03462,07211,0,0,0
03462,07231,0,0,0
03462,07232,0,0,0
03462,07233,0,0,0
03462,07235,0,0,0
03462,07311,0,0,0
03462,07312,0,0,0
03462,07313,0,0,0
03462,07314,0,0,0
03462,07315,0,0,0
03462,07316,0,0,0
03462,07317,0,0,0
03462,07318,0,0,0
03462,07319,0,0,0
03462,07320,0,0,0
03462,07331,0,0,0
03462,07332,0,0,0
03462,07333,0,0,0
03462,07334,0,0,0
03462,07335,0,0,0
03462,07336,0,0,0
03462,07337,0,0,0
03462,07338,0,0,0
03462,07339,0,0,0
03462,07340,0,0,0
03462,08111,0,0,0
03462,08115,0,0,0
03462,08116,0,0,0
03462,08117,0,0,0
03462,08118,0,0,0
03462,08119,0,0,0
03462,08121,0,0,0
03462,08125,0,0,0
03462,08126,0,0,0
03462,08127,0,0,0
03462,08128,0,0,0
03462,08135,0,0,0
03462,08136,0,0,0
03462,08211,0,0,0
03462,08212,0,0,0
03462,08215,10,0,10
03462,08216,0,0,0
03462,08221,0,0,0
03462,08222,0,0,0
03462,08225,0,0,0
03462,08226,0,0,0
03462,08231,0,0,0
03462,08235,0,0,0
03462,08236,0,0,0
03462,08237,0,0,0
03462,08311,0,0,0
03462,08315,0,0,0
03462,08316,0,0,0
03462,08317,0,0,0
03462,08325,0,0,0
03462,08326,0,0,0
03462,08327,0,0,0
03462,08335,0,0,0
03462,08336,0,0,0
03462,08337,0,0,0
03462,08415,0,0,0
03462,08416,0,0,0
03462,08417,0,0,0
03462,08421,0,0,0
03462,08425,0,0,0
03462,08426,0,0,0
03462,08435,0,0,0
03462,08436,0,0,0
03462,08437,0,0,0
03462,09161,0,0,0
03462,09162,10,0,10
03462,09163,0,0,0
03462,09171,0,0,0
03462,09172,0,0,0
03462,09173,0,0,0
03462,09174,0,0,0
03462,09175,0,0,0
03462,09176,0,0,0
03462,09177,0,0,0
03462,09178,0,0,0
03462,09179,0,0,0
03462,09180,0,0,0
03462,09181,0,0,0
03462,09182,0,0,0
03462,09183,0,0,0
03462,09184,0,0,0
03462,09185,0,0,0
03462,09186,0,0,0
03462,09187,0,0,0
03462,09188,0,0,0
03462,09189,0,0,0
03462,09190,0,0,0
03462,09261,0,0,0
03462,09262,0,0,0
03462,09263,0,0,0
03462,09271,0,0,0
03462,09272,0,0,0
03462,09273,0,0,0
03462,09274,0,0,0
03462,09275,0,0,0
03462,09276,0,0,0
03462,09277,0,0,0
03462,09278,0,0,0
03462,09279,0,0,0
03462,09361,0,0,0
03462,09362,0,0,0
03462,09363,0,0,0
03462,09371,0,0,0
03462,09372,0,0,0
03462,09373,0,0,0
03462,09374,0,0,0
03462,09375,0,0,0
03462,09376,0,0,0
03462,09377,0,0,0
03462,09461,0,0,0
03462,09462,0,0,0
03462,09463,0,0,0
03462,09464,0,0,0
03462,09471,0,0,0
03462,09472,0,0,0
03462,09473,0,0,0
03462,09474,0,0,0
03462,09475,0,0,0
03462,09476,0,0,0
03462,09477,0,0,0
03462,09478,0,0,0
03462,09479,0,0,0
03462,09561,0,0,0
03462,09562,0,0,0
03462,09563,0,0,0
03462,09564,0,0,0
03462,09565,0,0,0
03462,09571,0,0,0
03462,09572,0,0,0
03462,09573,0,0,0
03462,09574,0,0,0
03462,09575,0,0,0
03462,09576,0,0,0
03462,09577,0,0,0
03462,09661,0,0,0
03462,09662,0,0,0
03462,09663,0,0,0
03462,09671,0,0,0
03462,09672,0,0,0
03462,09673,0,0,0
03462,09674,0,0,0
03462,09675,0,0,0
03462,09676,0,0,0
03462,09677,0,0,0
03462,09678,0,0,0
03462,09679,0,0,0
03462,09761,0,0,0
03462,09762,0,0,0
03462,09763,0,0,0
03462,09764,0,0,0
03462,09771,0,0,0
03462,09772,0,0,0
03462,09773,0,0,0
03462,09774,0,0,0
03462,09775,0,0,0
03462,09776,0,0,0
03462,09777,0,0,0
03462,09778,0,0,0
03462,09779,0,0,0
03462,09780,0,0,0
03462,10041,0,0,0
03462,10042,0,0,0
03462,10043,0,0,0
03462,10044,0,0,0
03462,10045,0,0,0
03462,10046,0,0,0
03462,11000,53,19,34
03462,12051,10,10,0
03462,12052,0,0,0
03462,12053,0,0,0
03462,12054,0,0,0
03462,12060,42,42,0
03462,12061,0,0,0
03462,12062,0,0,0
03462,12063,0,0,0
03462,12064,0,0,0
03462,12065,0,0,0
03462,12066,0,0,0
03462,12067,0,0,0
03462,12068,0,0,0
03462,12069,40,40,0
03462,12070,0,0,0
03462,12071,0,0,0
03462,12072,0,0,0
03462,12073,0,0,0
03462,13003,0,0,0
03462,13004,0,0,0
03462,13071,0,0,0
03462,13072,0,0,0
03462,13073,0,0,0
03462,13074,0,0,0
03462,13075,0,0,0
03462,13076,0,0,0
03462,14511,0,0,0
03462,14521,0,0,0
03462,14522,0,0,0
03462,14523,0,0,0
03462,14524,0,0,0
03462,14612,0,0,0
03462,14625,0,0,0
03462,14626,0,0,0
03462,14627,0,0,0
03462,14628,0,0,0
03462,14713,0,0,0
03462,14729,0,0,0
03462,14730,0,0,0
03462,15001,0,0,0
03462,15002,0,0,0
03462,15003,0,0,0
03462,15081,0,0,0
03462,15082,0,0,0
03462,15083,0,0,0
03462,15084,0,0,0
03462,15085,0,0,0
03462,15086,0,0,0
03462,15087,0,0,0
03462,15088,0,0,0
03462,15089,0,0,0
03462,15090,0,0,0
03462,15091,0,0,0
03462,16051,0,0,0
03462,16052,0,0,0
03462,16053,0,0,0
03462,16054,0,0,0
03462,16055,0,0,0
03462,16056,0,0,0
03462,16061,0,0,0
03462,16062,0,0,0
03462,16063,0,0,0
03462,16064,0,0,0
03462,16065,0,0,0
03462,16066,14,0,14
03462,16067,0,0,0
03462,16068,0,0,0
03462,16069,0,0,0
03462,16070,0,0,0
03462,16071,0,0,0
03462,16072,0,0,0
03462,16073,0,0,0
03462,16074,0,0,0
03462,16075,0,0,0
03462,16076,0,0,0
03462,16077,0,0,0
04011,01001,97,54,43
04011,01002,359,222,137
04011,01003,211,94,117
04011,01004,42,28,14
04011,01051,71,54,17
04011,01053,140,113,27
04011,01054,135,70,65
04011,01055,150,123,27
04011,01056,432,293,139
04011,01057,79,79,0
04011,01058,125,101,24
04011,01059,142,90,52
04011,01060,259,149,110
04011,01061,80,61,19
04011,01062,457,242,215
04011,02000,6732,2721,4011
04011,03101,197,108,89
04011,03102,132,104,28
04011,03103,93,20,73
04011,03151,53,32,21
04011,03153,98,82,16
04011,03154,19,19,0
04011,03155,65,30,35
04011,03157,73,53,20
04011,03158,37,37,0
04011,03159,172,99,73
04011,03241,2276,830,1446
04011,03251,26668,20630,6038
04011,03252,76,47,29
04011,03254,302,79,223
04011,03255,15,15,0
04011,03256,1020,873,147
04011,03257,183,136,47
04011,03351,183,134,49
04011,03352,4958,4414,544
04011,03353,714,570,144
04011,03354,20,20,0
04011,03355,226,166,60
04011,03356,26489,21255,5234
04011,03357,5934,4966,968
04011,03358,765,588,177
04011,03359,567,458,109
04011,03360,82,43,39
04011,03361,20788,15621,5167
04011,03401,10801,8567,2234
04011,03402,327,167,160
04011,03403,4765,3173,1592
04011,03404,583,345,238
04011,03405,490,380,110
04011,03451,1349,1110,239
04011,03452,556,348,208
04011,03453,859,580,279
04011,03454,747,650,97
04011,03455,560,466,94
04011,03456,71,49,22
04011,03457,829,661,168
04011,03458,8593,7305,1288
04011,03459,592,374,218
04011,03460,757,476,281
04011,03461,4312,3006,1306
04011,03462,163,130,33
04011,04011,0,0,0
04011,04012,5032,3056,1976
04011,05111,459,168,291
04011,05112,199,139,60
04011,05113,274,118,156
04011,05114,64,35,29
04011,05116,51,29,22
04011,05117,58,33,25
04011,05119,115,63,52
04011,05120,30,13,17
04011,05122,37,24,13
04011,05124,55,31,24
04011,05154,75,46,29
04011,05158,185,89,96
04011,05162,174,93,81
04011,05166,62,36,26
04011,05170,181,138,43
04011,05314,174,79,95
04011,05315,580,191,389
04011,05316,28,15,13
04011,05334,184,75,109
04011,05358,37,24,13
04011,05362,102,58,44
04011,05366,35,35,0
04011,05370,40,27,13
04011,05374,167,24,143
04011,05378,59,43,16
04011,05382,195,72,123
04011,05512,127,112,15
04011,05513,114,86,28
04011,05515,245,110,135
04011,05554,107,68,39
04011,05558,54,35,19
04011,05562,247,185,62
04011,05566,258,163,95
04011,05570,76,57,19
04011,05711,191,56,135
04011,05754,250,58,192
04011,05758,97,61,36
04011,05762,19,19,0
04011,05766,73,52,21
04011,05770,225,146,79
04011,05774,94,62,32
04011,05911,141,89,52
04011,05913,233,107,126
04011,05914,43,25,18
04011,05915,61,49,12
04011,05916,58,48,10
04011,05954,134,63,71
04011,05958,48,29,19
04011,05962,50,28,22
04011,05966,62,10,52
04011,05970,56,31,25
04011,05974,53,35,18
04011,05978,459,67,392
04011,06411,70,35,35
04011,06412,572,133,439
04011,06413,40,25,15
04011,06414,90,30,60
04011,06431,39,28,11
04011,06432,60,29,31
04011,06433,87,29,58
04011,06434,111,32,79
04011,06435,83,32,51
04011,06436,116,37,79
04011,06437,0,0,0
04011,06438,154,52,102
04011,06439,38,14,24
04011,06440,71,46,25
04011,06531,58,35,23
04011,06532,38,22,16
04011,06533,31,16,15
04011,06534,36,21,15
04011,06535,0,0,0
04011,06611,87,35,52
04011,06631,28,14,14
04011,06632,16,16,0
04011,06633,55,41,14
04011,06634,23,23,0
04011,06635,34,0,34
04011,06636,20,20,0
04011,07111,25,12,13
04011,07131,0,0,0
04011,07132,0,0,0
04011,07133,21,21,0
04011,07134,0,0,0
04011,07135,13,13,0
04011,07137,44,31,13
04011,07138,11,11,0
04011,07140,16,16,0
04011,07141,0,0,0
04011,07143,46,29,17
04011,07211,28,13,15
04011,07231,0,0,0
04011,07232,0,0,0
04011,07233,40,40,0
04011,07235,0,0,0
04011,07311,0,0,0
04011,07312,16,0,16
04011,07313,0,0,0
04011,07314,41,26,15
04011,07315,81,38,43
04011,07316,0,0,0
04011,07317,0,0,0
04011,07318,16,0,16
04011,07319,14,0,14
04011,07320,0,0,0
04011,07331,14,14,0
04011,07332,0,0,0
04011,07333,0,0,0
04011,07334,23,23,0
04011,07335,0,0,0
04011,07336,0,0,0
04011,07337,11,11,0
04011,07338,25,25,0
04011,07339,41,25,16
04011,07340,0,0,0
04011,08111,249,122,127
04011,08115,112,55,57
04011,08116,119,73,46
04011,08117,24,14,10
04011,08118,172,66,106
04011,08119,77,47,30
04011,08121,33,10,23
04011,08125,50,16,34
04011,08126,36,12,24
04011,08127,17,0,17
04011,08128,21,0,21
04011,08135,10,0,10
04011,08136,27,12,15
04011,08211,0,0,0
04011,08212,81,27,54
04011,08215,90,48,42
04011,08216,33,20,13
04011,08221,38,14,24
04011,08222,148,86,62
04011,08225,0,0,0
04011,08226,131,64,67
04011,08231,0,0,0
04011,08235,12,12,0
04011,08236,22,0,22
04011,08237,10,10,0
04011,08311,58,37,21
04011,08315,34,22,12
04011,08316,17,17,0
04011,08317,48,15,33
04011,08325,24,0,24
04011,08326,27,14,13
04011,08327,0,0,0
04011,08335,34,20,14
04011,08336,19,0,19
04011,08337,11,11,0
04011,08415,38,23,15
04011,08416,38,28,10
04011,08417,0,0,0
04011,08421,52,24,28
04011,08425,20,20,0
04011,08426,11,11,0
04011,08435,62,32,30
04011,08436,40,26,14
04011,08437,0,0,0
04011,09161,29,0,29
04011,09162,967,297,670
04011,09163,0,0,0
04011,09171,27,27,0
04011,09172,0,0,0
04011,09173,15,15,0
04011,09174,24,24,0
04011,09175,31,31,0
04011,09176,13,13,0
04011,09177,33,21,12
04011,09178,94,40,54
04011,09179,28,28,0
04011,09180,0,0,0
04011,09181,17,17,0
04011,09182,20,20,0
04011,09183,0,0,0
04011,09184,231,83,148
04011,09185,13,13,0
04011,09186,33,13,20
04011,09187,16,16,0
04011,09188,47,21,26
04011,09189,34,10,24
04011,09190,10,10,0
04011,09261,0,0,0
04011,09262,0,0,0
04011,09263,0,0,0
04011,09271,0,0,0
04011,09272,0,0,0
04011,09273,14,0,14
04011,09274,14,14,0
04011,09275,0,0,0
04011,09276,0,0,0
04011,09277,10,10,0
04011,09278,0,0,0
04011,09279,0,0,0
04011,09361,0,0,0
04011,09362,33,19,14
04011,09363,0,0,0
04011,09371,0,0,0
04011,09372,0,0,0
04011,09373,0,0,0
04011,09374,0,0,0
04011,09375,33,33,0
04011,09376,0,0,0
04011,09377,0,0,0
04011,09461,0,0,0
04011,09462,15,0,15
04011,09463,0,0,0
04011,09464,18,18,0
04011,09471,11,11,0
04011,09472,0,0,0
04011,09473,0,0,0
04011,09474,0,0,0
04011,09475,0,0,0
04011,09476,0,0,0
04011,09477,0,0,0
04011,09478,0,0,0
04011,09479,0,0,0
04011,09561,0,0,0
04011,09562,24,0,24
04011,09563,0,0,0
04011,09564,163,85,78
04011,09565,0,0,0
04011,09571,11,11,0
04011,09572,24,0,24
04011,09573,16,16,0
04011,09574,30,19,11
04011,09575,0,0,0
04011,09576,10,10,0
04011,09577,0,0,0
04011,09661,0,0,0
04011,09662,0,0,0
04011,09663,31,17,14
04011,09671,30,13,17
04011,09672,77,77,0
04011,09673,0,0,0
04011,09674,0,0,0
04011,09675,0,0,0
04011,09676,15,0,15
04011,09677,0,0,0
04011,09678,18,18,0
04011,09679,39,18,21
04011,09761,150,106,44
04011,09762,0,0,0
04011,09763,0,0,0
04011,09764,0,0,0
04011,09771,21,21,0
04011,09772,57,46,11
04011,09773,0,0,0
04011,09774,11,11,0
04011,09775,12,12,0
04011,09776,0,0,0
04011,09777,0,0,0
04011,09778,0,0,0
04011,09779,23,13,10
04011,09780,10,10,0
04011,10041,60,32,28
04011,10042,0,0,0
04011,10043,12,12,0
04011,10044,11,11,0
04011,10045,11,11,0
04011,10046,0,0,0
04011,11000,2082,1062,1020
04011,12051,10,10,0
04011,12052,19,19,0
04011,12053,10,10,0
04011,12054,80,41,39
04011,12060,46,31,15
04011,12061,40,30,10
04011,12062,10,10,0
04011,12063,31,31,0
04011,12064,39,28,11
04011,12065,41,30,11
04011,12066,12,12,0
04011,12067,34,34,0
04011,12068,17,17,0
04011,12069,84,52,32
04011,12070,22,22,0
04011,12071,11,11,0
04011,12072,71,50,21
04011,12073,12,12,0
04011,13003,197,139,58
04011,13004,37,37,0
04011,13071,150,111,39
04011,13072,152,139,13
04011,13073,146,121,25
04011,13074,70,58,12
04011,13075,216,198,18
04011,13076,147,129,18
04011,14511,48,30,18
04011,14521,23,23,0
04011,14522,26,26,0
04011,14523,10,10,0
04011,14524,30,18,12
04011,14612,101,67,34
04011,14625,33,33,0
04011,14626,25,25,0
04011,14627,11,11,0
04011,14628,26,26,0
04011,14713,217,156,61
04011,14729,48,26,22
04011,14730,36,26,10
04011,15001,17,17,0
04011,15002,52,31,21
04011,15003,86,56,30
04011,15081,37,23,14
04011,15082,29,19,10
04011,15083,37,37,0
04011,15084,27,27,0
04011,15085,63,63,0
04011,15086,43,43,0
04011,15087,28,28,0
04011,15088,51,32,19
04011,15089,49,27,22
04011,15090,47,47,0
04011,15091,69,16,53
04011,16051,32,21,11
04011,16052,29,11,18
04011,16053,39,24,15
04011,16054,0,0,0
04011,16055,0,0,0
04011,16056,0,0,0
04011,16061,167,16,151
04011,16062,10,10,0
04011,16063,62,13,49
04011,16064,37,23,14
04011,16065,13,13,0
04011,16066,0,0,0
04011,16067,14,14,0
04011,16068,18,18,0
04011,16069,0,0,0
04011,16070,14,14,0
04011,16071,0,0,0
04011,16072,0,0,0
04011,16073,0,0,0
04011,16074,0,0,0
04011,16075,0,0,0
04011,16076,0,0,0
04011,16077,17,17,0
04012,01001,0,0,0
04012,01002,56,23,33
04012,01003,22,0,22
04012,01004,20,0,20
04012,01051,0,0,0
04012,01053,0,0,0
04012,01054,52,40,12
04012,01055,31,11,20
04012,01056,130,89,41
04012,01057,0,0,0
04012,01058,32,17,15
04012,01059,0,0,0
04012,01060,35,15,20
04012,01061,25,12,13
04012,01062,55,23,32
04012,02000,835,218,617
04012,03101,20,0,20
04012,03102,0,0,0
04012,03103,0,0,0
04012,03151,0,0,0
04012,03153,0,0,0
04012,03154,0,0,0
04012,03155,0,0,0
04012,03157,0,0,0
04012,03158,0,0,0
04012,03159,0,0,0
04012,03241,312,83,229
04012,03251,250,149,101
04012,03252,0,0,0
04012,03254,191,16,175
04012,03255,0,0,0
04012,03256,0,0,0
04012,03257,0,0,0
04012,03351,0,0,0
04012,03352,21395,17129,4266
04012,03353,86,36,50
04012,03354,0,0,0
04012,03355,36,23,13
04012,03356,978,722,256
04012,03357,550,379,171
04012,03358,57,29,28
04012,03359,132,81,51
04012,03360,0,0,0
04012,03361,259,141,118
04012,03401,167,67,100
04012,03402,78,14,64
04012,03403,281,112,169
04012,03404,58,16,42
04012,03405,145,69,76
04012,03451,98,64,34
04012,03452,49,27,22
04012,03453,59,22,37
04012,03454,87,40,47
04012,03455,122,86,36
04012,03456,0,0,0
04012,03457,78,44,34
04012,03458,103,65,38
04012,03459,50,28,22
04012,03460,32,16,16
04012,03461,1464,857,607
04012,03462,19,19,0
04012,04011,5032,1976,3056
04012,04012,0,0,0
04012,05111,68,22,46
04012,05112,12,12,0
04012,05113,32,15,17
04012,05114,0,0,0
04012,05116,0,0,0
04012,05117,29,0,29
04012,05119,0,0,0
04012,05120,0,0,0
04012,05122,0,0,0
04012,05124,0,0,0
04012,05154,0,0,0
04012,05158,16,0,16
04012,05162,18,0,18
04012,05166,0,0,0
04012,05170,0,0,0
04012,05314,0,0,0
04012,05315,40,17,23
04012,05316,0,0,0
04012,05334,10,10,0
04012,05358,16,0,16
04012,05362,0,0,0
04012,05366,0,0,0
04012,05370,0,0,0
04012,05374,19,0,19
04012,05378,0,0,0
04012,05382,0,0,0
04012,05512,0,0,0
04012,05513,0,0,0
04012,05515,0,0,0
04012,05554,0,0,0
04012,05558,14,0,14
04012,05562,11,11,0
04012,05566,27,16,11
04012,05570,0,0,0
04012,05711,11,0,11
04012,05754,26,0,26
04012,05758,0,0,0
04012,05762,0,0,0
04012,05766,0,0,0
04012,05770,10,10,0
04012,05774,0,0,0
04012,05911,20,0,20
04012,05913,10,0,10
04012,05914,0,0,0
04012,05915,0,0,0
04012,05916,0,0,0
04012,05954,0,0,0
04012,05958,0,0,0
04012,05962,0,0,0
04012,05966,0,0,0
04012,05970,0,0,0
04012,05974,10,10,0
04012,05978,27,11,16
04012,06411,0,0,0
04012,06412,67,12,55
04012,06413,0,0,0
04012,06414,0,0,0
04012,06431,0,0,0
04012,06432,0,0,0
04012,06433,11,0,11
04012,06434,0,0,0
04012,06435,13,0,13
04012,06436,0,0,0
04012,06437,0,0,0
04012,06438,0,0,0
04012,06439,0,0,0
04012,06440,0,0,0
04012,06531,0,0,0
04012,06532,0,0,0
04012,06533,0,0,0
04012,06534,0,0,0
04012,06535,0,0,0
04012,06611,0,0,0
04012,06631,0,0,0
04012,06632,0,0,0
04012,06633,0,0,0
04012,06634,0,0,0
04012,06635,0,0,0
04012,06636,0,0,0
04012,07111,0,0,0
04012,07131,0,0,0
04012,07132,0,0,0
04012,07133,0,0,0
04012,07134,0,0,0
04012,07135,0,0,0
04012,07137,0,0,0
04012,07138,0,0,0
04012,07140,0,0,0
04012,07141,0,0,0
04012,07143,0,0,0
04012,07211,0,0,0
04012,07231,0,0,0
04012,07232,0,0,0
04012,07233,0,0,0
04012,07235,0,0,0
04012,07311,0,0,0
04012,07312,0,0,0
04012,07313,0,0,0
04012,07314,0,0,0
04012,07315,18,0,18
04012,07316,0,0,0
04012,07317,0,0,0
04012,07318,0,0,0
04012,07319,0,0,0
04012,07320,0,0,0
04012,07331,0,0,0
04012,07332,0,0,0
04012,07333,0,0,0
04012,07334,0,0,0
04012,07335,0,0,0
04012,07336,0,0,0
04012,07337,0,0,0
04012,07338,0,0,0
04012,07339,0,0,0
04012,07340,0,0,0
04012,08111,25,0,25
04012,08115,0,0,0
04012,08116,0,0,0
04012,08117,0,0,0
04012,08118,0,0,0
04012,08119,0,0,0
04012,08121,0,0,0
04012,08125,0,0,0
04012,08126,0,0,0
04012,08127,0,0,0
04012,08128,0,0,0
04012,08135,0,0,0
04012,08136,0,0,0
04012,08211,0,0,0
04012,08212,0,0,0
04012,08215,0,0,0
04012,08216,0,0,0
04012,08221,0,0,0
04012,08222,10,0,10
04012,08225,0,0,0
04012,08226,0,0,0
04012,08231,0,0,0
04012,08235,0,0,0
04012,08236,0,0,0
04012,08237,0,0,0
04012,08311,0,0,0
04012,08315,0,0,0
04012,08316,0,0,0
04012,08317,0,0,0
04012,08325,0,0,0
04012,08326,0,0,0
04012,08327,0,0,0
04012,08335,0,0,0
04012,08336,0,0,0
04012,08337,0,0,0
04012,08415,0,0,0
04012,08416,0,0,0
04012,08417,0,0,0
04012,08421,0,0,0
04012,08425,0,0,0
04012,08426,0,0,0
04012,08435,0,0,0
04012,08436,0,0,0
04012,08437,0,0,0
04012,09161,0,0,0
04012,09162,39,0,39
04012,09163,0,0,0
04012,09171,0,0,0
04012,09172,10,0,10
04012,09173,0,0,0
04012,09174,0,0,0
04012,09175,0,0,0
04012,09176,0,0,0
04012,09177,0,0,0
04012,09178,0,0,0
04012,09179,0,0,0
04012,09180,0,0,0
04012,09181,0,0,0
04012,09182,0,0,0
04012,09183,0,0,0
04012,09184,44,0,44
04012,09185,0,0,0
04012,09186,10,0,10
04012,09187,0,0,0
04012,09188,0,0,0
04012,09189,0,0,0
04012,09190,0,0,0
04012,09261,0,0,0
04012,09262,0,0,0
04012,09263,0,0,0
04012,09271,0,0,0
04012,09272,0,0,0
04012,09273,0,0,0
04012,09274,0,0,0
04012,09275,0,0,0
04012,09276,0,0,0
04012,09277,0,0,0
04012,09278,0,0,0
04012,09279,0,0,0
04012,09361,0,0,0
04012,09362,0,0,0
04012,09363,0,0,0
04012,09371,0,0,0
04012,09372,0,0,0
04012,09373,0,0,0
04012,09374,0,0,0
04012,09375,22,22,0
04012,09376,0,0,0
04012,09377,0,0,0
04012,09461,0,0,0
04012,09462,0,0,0
04012,09463,0,0,0
04012,09464,0,0,0
04012,09471,0,0,0
04012,09472,0,0,0
04012,09473,0,0,0
04012,09474,0,0,0
04012,09475,0,0,0
04012,09476,0,0,0
04012,09477,0,0,0
04012,09478,0,0,0
04012,09479,0,0,0
04012,09561,0,0,0
04012,09562,0,0,0
04012,09563,0,0,0
04012,09564,10,0,10
04012,09565,0,0,0
04012,09571,0,0,0
04012,09572,0,0,0
04012,09573,0,0,0
04012,09574,0,0,0
04012,09575,0,0,0
04012,09576,0,0,0
04012,09577,0,0,0
04012,09661,0,0,0
04012,09662,0,0,0
04012,09663,0,0,0
04012,09671,0,0,0
04012,09672,0,0,0
04012,09673,0,0,0
04012,09674,0,0,0
04012,09675,0,0,0
04012,09676,0,0,0
04012,09677,0,0,0
04012,09678,0,0,0
04012,09679,0,0,0
04012,09761,11,0,11
04012,09762,0,0,0
04012,09763,0,0,0
04012,09764,0,0,0
04012,09771,0,0,0
04012,09772,0,0,0
04012,09773,0,0,0
04012,09774,0,0,0
04012,09775,0,0,0
04012,09776,0,0,0
04012,09777,0,0,0
04012,09778,0,0,0
04012,09779,0,0,0
04012,09780,0,0,0
04012,10041,0,0,0
04012,10042,0,0,0
04012,10043,0,0,0
04012,10044,0,0,0
04012,10045,0,0,0
04012,10046,0,0,0
04012,11000,157,76,81
04012,12051,0,0,0
04012,12052,0,0,0
04012,12053,0,0,0
04012,12054,0,0,0
04012,12060,0,0,0
04012,12061,0,0,0
04012,12062,0,0,0
04012,12063,0,0,0
04012,12064,0,0,0
04012,12065,0,0,0
04012,12066,0,0,0
04012,12067,0,0,0
04012,12068,0,0,0
04012,12069,0,0,0
04012,12070,0,0,0
04012,12071,0,0,0
04012,12072,0,0,0
04012,12073,0,0,0
04012,13003,49,27,22
04012,13004,0,0,0
04012,13071,20,0,20
04012,13072,15,15,0
04012,13073,41,31,10
04012,13074,0,0,0
04012,13075,40,40,0
04012,13076,11,11,0
04012,14511,0,0,0
04012,14521,0,0,0
04012,14522,0,0,0
04012,14523,0,0,0
04012,14524,0,0,0
04012,14612,10,0,10
04012,14625,0,0,0
04012,14626,0,0,0
04012,14627,0,0,0
04012,14628,0,0,0
04012,14713,12,12,0
04012,14729,0,0,0
04012,14730,0,0,0
04012,15001,0,0,0
04012,15002,0,0,0
04012,15003,0,0,0
04012,15081,0,0,0
04012,15082,0,0,0
04012,15083,0,0,0
04012,15084,0,0,0
04012,15085,0,0,0
04012,15086,0,0,0
04012,15087,0,0,0
04012,15088,0,0,0
04012,15089,14,0,14
04012,15090,0,0,0
04012,15091,13,0,13
04012,16051,0,0,0
04012,16052,0,0,0
04012,16053,0,0,0
04012,16054,0,0,0
04012,16055,0,0,0
04012,16056,0,0,0
04012,16061,0,0,0
04012,16062,0,0,0
04012,16063,0,0,0
04012,16064,0,0,0
04012,16065,0,0,0
04012,16066,0,0,0
04012,16067,0,0,0
04012,16068,0,0,0
04012,16069,0,0,0
04012,16070,0,0,0
04012,16071,0,0,0
04012,16072,0,0,0
04012,16073,0,0,0
04012,16074,0,0,0
04012,16075,0,0,0
04012,16076,0,0,0
04012,16077,0,0,0
05111,01001,58,45,13
05111,01002,149,82,67
05111,01003,114,82,32
05111,01004,51,51,0
05111,01051,28,28,0
05111,01053,122,101,21
05111,01054,72,49,23
05111,01055,47,47,0
05111,01056,289,265,24
05111,01057,37,37,0
05111,01058,84,72,12
05111,01059,46,34,12
05111,01060,265,209,56
05111,01061,50,50,0
05111,01062,340,235,105
05111,02000,3928,2538,1390
05111,03101,172,136,36
05111,03102,57,57,0
05111,03103,97,61,36
05111,03151,42,42,0
05111,03153,66,52,14
05111,03154,23,23,0
05111,03155,61,61,0
05111,03157,55,55,0
05111,03158,42,42,0
05111,03159,159,123,36
05111,03241,1156,891,265
05111,03251,97,78,19
05111,03252,82,67,15
05111,03254,144,127,17
05111,03255,36,36,0
05111,03256,60,60,0
05111,03257,98,77,21
05111,03351,113,81,32
05111,03352,68,68,0
05111,03353,274,261,13
05111,03354,0,0,0
05111,03355,102,87,15
05111,03356,45,45,0
05111,03357,71,59,12
05111,03358,43,43,0
05111,03359,134,134,0
05111,03360,20,20,0
05111,03361,100,81,19
05111,03401,19,19,0
05111,03402,30,30,0
05111,03403,115,80,35
05111,03404,225,163,62
05111,03405,26,26,0
05111,03451,42,42,0
05111,03452,92,69,23
05111,03453,71,56,15
05111,03454,440,343,97
05111,03455,42,42,0
05111,03456,103,82,21
05111,03457,95,80,15
05111,03458,55,55,0
05111,03459,253,201,52
05111,03460,79,60,19
05111,03461,34,34,0
05111,03462,19,19,0
05111,04011,459,291,168
05111,04012,68,46,22
05111,05111,0,0,0
05111,05112,21552,17781,3771
05111,05113,16143,11265,4878
05111,05114,11815,8794,3021
05111,05116,10310,7921,2389
05111,05117,6330,4906,1424
05111,05119,5038,4289,749
05111,05120,1501,996,505
05111,05122,6193,4752,1441
05111,05124,10210,7626,2584
05111,05154,2920,2573,347
05111,05158,60109,41410,18699
05111,05162,50826,39475,11351
05111,05166,11261,9699,1562
05111,05170,7799,6880,919
05111,05314,2288,1413,875
05111,05315,20228,11939,8289
05111,05316,4385,2651,1734
05111,05334,2694,2077,617
05111,05358,1494,1101,393
05111,05362,4466,3622,844
05111,05366,558,501,57
05111,05370,3615,3290,325
05111,05374,882,673,209
05111,05378,3331,2753,578
05111,05382,2349,2028,321
05111,05512,1265,1136,129
05111,05513,2346,1917,429
05111,05515,1239,973,266
05111,05554,1121,917,204
05111,05558,496,452,44
05111,05562,3635,3217,418
05111,05566,643,544,99
05111,05570,420,368,52
05111,05711,541,391,150
05111,05754,420,256,164
05111,05758,208,181,27
05111,05762,78,78,0
05111,05766,336,277,59
05111,05770,268,208,60
05111,05774,514,441,73
05111,05911,3666,2990,676
05111,05913,3884,2897,987
05111,05914,877,702,175
05111,05915,474,433,41
05111,05916,911,800,111
05111,05954,2445,2069,376
05111,05958,347,270,77
05111,05962,895,601,294
05111,05966,148,121,27
05111,05970,406,275,131
05111,05974,542,453,89
05111,05978,1318,1115,203
05111,06411,236,147,89
05111,06412,3773,1494,2279
05111,06413,207,163,44
05111,06414,434,278,156
05111,06431,187,129,58
05111,06432,251,229,22
05111,06433,370,303,67
05111,06434,866,313,553
05111,06435,427,366,61
05111,06436,625,342,283
05111,06437,28,28,0
05111,06438,630,359,271
05111,06439,205,169,36
05111,06440,358,312,46
05111,06531,182,152,30
05111,06532,116,85,31
05111,06533,143,116,27
05111,06534,146,85,61
05111,06535,31,18,13
05111,06611,180,133,47
05111,06631,86,64,22
05111,06632,23,23,0
05111,06633,99,99,0
05111,06634,71,48,23
05111,06635,54,38,16
05111,06636,30,30,0
05111,07111,169,121,48
05111,07131,314,275,39
05111,07132,136,116,20
05111,07133,73,61,12
05111,07134,30,30,0
05111,07135,90,90,0
05111,07137,237,185,52
05111,07138,287,235,52
05111,07140,104,74,30
05111,07141,81,66,15
05111,07143,282,180,102
05111,07211,116,94,22
05111,07231,45,45,0
05111,07232,76,58,18
05111,07233,68,68,0
05111,07235,77,77,0
05111,07311,11,11,0
05111,07312,49,39,10
05111,07313,24,24,0
05111,07314,200,142,58
05111,07315,336,182,154
05111,07316,23,23,0
05111,07317,0,0,0
05111,07318,17,17,0
05111,07319,57,34,23
05111,07320,22,22,0
05111,07331,70,70,0
05111,07332,79,79,0
05111,07333,26,26,0
05111,07334,39,39,0
05111,07335,43,43,0
05111,07336,20,20,0
05111,07337,41,41,0
05111,07338,79,68,11
05111,07339,163,130,33
05111,07340,38,38,0
05111,08111,1011,669,342
05111,08115,285,222,63
05111,08116,461,371,90
05111,08117,113,94,19
05111,08118,353,254,99
05111,08119,231,205,26
05111,08121,71,43,28
05111,08125,133,95,38
05111,08126,48,25,23
05111,08127,70,42,28
05111,08128,57,39,18
05111,08135,43,28,15
05111,08136,115,95,20
05111,08211,65,38,27
05111,08212,276,167,109
05111,08215,279,224,55
05111,08216,94,72,22
05111,08221,154,102,52
05111,08222,470,280,190
05111,08225,31,31,0
05111,08226,371,267,104
05111,08231,60,41,19
05111,08235,79,79,0
05111,08236,88,73,15
05111,08237,41,31,10
05111,08311,167,118,49
05111,08315,111,99,12
05111,08316,44,44,0
05111,08317,190,141,49
05111,08325,21,21,0
05111,08326,66,50,16
05111,08327,30,20,10
05111,08335,132,106,26
05111,08336,70,34,36
05111,08337,23,23,0
05111,08415,171,139,32
05111,08416,118,92,26
05111,08417,56,41,15
05111,08421,87,47,40
05111,08425,45,45,0
05111,08426,46,34,12
05111,08435,70,53,17
05111,08436,88,59,29
05111,08437,35,22,13
05111,09161,119,85,34
05111,09162,3709,2037,1672
05111,09163,26,26,0
05111,09171,18,18,0
05111,09172,26,13,13
05111,09173,71,60,11
05111,09174,103,90,13
05111,09175,105,105,0
05111,09176,20,20,0
05111,09177,106,85,21
05111,09178,257,137,120
05111,09179,142,142,0
05111,09180,17,17,0
05111,09181,64,53,11
05111,09182,74,60,14
05111,09183,37,37,0
05111,09184,691,298,393
05111,09185,15,15,0
05111,09186,81,59,22
05111,09187,119,94,25
05111,09188,109,89,20
05111,09189,105,105,0
05111,09190,36,36,0
05111,09261,39,39,0
05111,09262,15,15,0
05111,09263,0,0,0
05111,09271,24,24,0
05111,09272,0,0,0
05111,09273,47,47,0
05111,09274,49,49,0
05111,09275,44,44,0
05111,09276,0,0,0
05111,09277,20,20,0
05111,09278,27,27,0
05111,09279,14,14,0
05111,09361,0,0,0
05111,09362,136,103,33
05111,09363,0,0,0
05111,09371,28,18,10
05111,09372,0,0,0
05111,09373,43,33,10
05111,09374,16,16,0
05111,09375,65,65,0
05111,09376,26,26,0
05111,09377,0,0,0
05111,09461,26,26,0
05111,09462,35,23,12
05111,09463,0,0,0
05111,09464,0,0,0
05111,09471,26,26,0
05111,09472,23,23,0
05111,09473,0,0,0
05111,09474,30,30,0
05111,09475,29,10,19
05111,09476,11,11,0
05111,09477,37,37,0
05111,09478,0,0,0
05111,09479,0,0,0
05111,09561,18,18,0
05111,09562,90,57,33
05111,09563,77,65,12
05111,09564,531,324,207
05111,09565,20,20,0
05111,09571,84,84,0
05111,09572,87,53,34
05111,09573,50,50,0
05111,09574,110,94,16
05111,09575,30,30,0
05111,09576,45,34,11
05111,09577,13,13,0
05111,09661,64,52,12
05111,09662,0,0,0
05111,09663,143,65,78
05111,09671,130,101,29
05111,09672,20,20,0
05111,09673,0,0,0
05111,09674,0,0,0
05111,09675,22,22,0
05111,09676,63,44,19
05111,09677,59,40,19
05111,09678,27,27,0
05111,09679,73,47,26
05111,09761,190,142,48
05111,09762,0,0,0
05111,09763,11,11,0
05111,09764,0,0,0
05111,09771,59,59,0
05111,09772,108,90,18
05111,09773,14,14,0
05111,09774,26,26,0
05111,09775,76,57,19
05111,09776,16,16,0
05111,09777,48,37,11
05111,09778,56,44,12
05111,09779,16,16,0
05111,09780,27,27,0
05111,10041,294,226,68
05111,10042,75,64,11
05111,10043,56,56,0
05111,10044,83,83,0
05111,10045,90,75,15
05111,10046,20,20,0
05111,11000,4794,3253,1541
05111,12051,21,21,0
05111,12052,23,23,0
05111,12053,13,13,0
05111,12054,126,84,42
05111,12060,74,74,0
05111,12061,75,64,11
05111,12062,17,17,0
05111,12063,77,77,0
05111,12064,76,59,17
05111,12065,66,66,0
05111,12066,36,36,0
05111,12067,65,43,22
05111,12068,16,16,0
05111,12069,122,100,22
05111,12070,77,77,0
05111,12071,22,22,0
05111,12072,66,66,0
05111,12073,21,21,0
05111,13003,119,119,0
05111,13004,37,37,0
05111,13071,56,56,0
05111,13072,86,86,0
05111,13073,50,50,0
05111,13074,50,50,0
05111,13075,45,45,0
05111,13076,79,79,0
05111,14511,119,72,47
05111,14521,30,30,0
05111,14522,63,63,0
05111,14523,27,27,0
05111,14524,34,34,0
05111,14612,283,242,41
05111,14625,67,67,0
05111,14626,78,67,11
05111,14627,54,54,0
05111,14628,47,47,0
05111,14713,511,459,52
05111,14729,106,106,0
05111,14730,91,70,21
05111,15001,31,20,11
05111,15002,74,64,10
05111,15003,151,136,15
05111,15081,11,11,0
05111,15082,35,35,0
05111,15083,39,39,0
05111,15084,270,270,0
05111,15085,44,44,0
05111,15086,21,21,0
05111,15087,27,27,0
05111,15088,48,38,10
05111,15089,54,54,0
05111,15090,19,19,0
05111,15091,20,20,0
05111,16051,79,66,13
05111,16052,22,22,0
05111,16053,31,31,0
05111,16054,0,0,0
05111,16055,35,35,0
05111,16056,16,16,0
05111,16061,26,26,0
05111,16062,20,20,0
05111,16063,31,31,0
05111,16064,24,24,0
05111,16065,12,12,0
05111,16066,16,16,0
05111,16067,43,43,0
05111,16068,15,15,0
05111,16069,0,0,0
05111,16070,40,26,14
05111,16071,17,17,0
05111,16072,0,0,0
05111,16073,17,17,0
05111,16074,17,17,0
05111,16075,0,0,0
05111,16076,16,16,0
05111,16077,21,21,0
05112,01001,0,0,0
05112,01002,21,10,11
05112,01003,17,0,17
05112,01004,0,0,0
05112,01051,26,0,26
05112,01053,15,15,0
05112,01054,11,0,11
05112,01055,14,14,0
05112,01056,52,31,21
05112,01057,0,0,0
05112,01058,11,11,0
05112,01059,10,10,0
05112,01060,65,34,31
05112,01061,0,0,0
05112,01062,73,28,45
05112,02000,677,207,470
05112,03101,54,43,11
05112,03102,49,49,0
05112,03103,17,0,17
05112,03151,10,10,0
05112,03153,20,20,0
05112,03154,0,0,0
05112,03155,27,27,0
05112,03157,20,20,0
05112,03158,35,35,0
05112,03159,61,28,33
05112,03241,219,95,124
05112,03251,41,26,15
05112,03252,0,0,0
05112,03254,45,33,12
05112,03255,0,0,0
05112,03256,19,19,0
05112,03257,47,22,25
05112,03351,24,24,0
05112,03352,12,0,12
05112,03353,58,30,28
05112,03354,0,0,0
05112,03355,15,15,0
05112,03356,0,0,0
05112,03357,12,0,12
05112,03358,23,13,10
05112,03359,24,24,0
05112,03360,0,0,0
05112,03361,0,0,0
05112,03401,11,0,11
05112,03402,23,13,10
05112,03403,38,19,19
05112,03404,86,27,59
05112,03405,59,10,49
05112,03451,16,16,0
05112,03452,57,31,26
05112,03453,39,20,19
05112,03454,141,71,70
05112,03455,12,12,0
05112,03456,74,43,31
05112,03457,18,18,0
05112,03458,34,34,0
05112,03459,91,47,44
05112,03460,29,16,13
05112,03461,0,0,0
05112,03462,10,10,0
05112,04011,199,60,139
05112,04012,12,0,12
05112,05111,21552,3771,17781
05112,05112,0,0,0
05112,05113,14230,6815,7415
05112,05114,9477,3223,6254
05112,05116,1263,533,730
05112,05117,10514,5300,5214
05112,05119,16341,9380,6961
05112,05120,166,71,95
05112,05122,409,225,184
05112,05124,920,432,488
05112,05154,4154,2955,1199
05112,05158,6666,2128,4538
05112,05162,3426,1350,2076
05112,05166,3141,1600,1541
05112,05170,37409,24482,12927
05112,05314,344,152,192
05112,05315,3153,895,2258
05112,05316,612,233,379
05112,05334,433,195,238
05112,05358,280,130,150
05112,05362,886,387,499
05112,05366,101,67,34
05112,05370,348,220,128
05112,05374,136,73,63
05112,05378,275,179,96
05112,05382,383,205,178
05112,05512,2851,1858,993
05112,05513,2948,1904,1044
05112,05515,396,173,223
05112,05554,999,658,341
05112,05558,231,163,68
05112,05562,4172,3185,987
05112,05566,375,270,105
05112,05570,158,87,71
05112,05711,199,85,114
05112,05754,160,75,85
05112,05758,46,22,24
05112,05762,15,15,0
05112,05766,75,48,27
05112,05770,86,52,34
05112,05774,87,52,35
05112,05911,3069,1969,1100
05112,05913,3086,1822,1264
05112,05914,312,138,174
05112,05915,273,147,126
05112,05916,1300,830,470
05112,05954,954,584,370
05112,05958,105,68,37
05112,05962,209,131,78
05112,05966,51,33,18
05112,05970,130,74,56
05112,05974,140,88,52
05112,05978,1007,660,347
05112,06411,37,16,21
05112,06412,542,74,468
05112,06413,45,13,32
05112,06414,134,21,113
05112,06431,129,82,47
05112,06432,52,30,22
05112,06433,72,24,48
05112,06434,99,15,84
05112,06435,97,54,43
05112,06436,127,34,93
05112,06437,17,0,17
05112,06438,138,52,86
05112,06439,27,15,12
05112,06440,65,29,36
05112,06531,35,35,0
05112,06532,60,21,39
05112,06533,36,17,19
05112,06534,19,0,19
05112,06535,10,10,0
05112,06611,71,53,18
05112,06631,10,10,0
05112,06632,0,0,0
05112,06633,61,61,0
05112,06634,49,39,10
05112,06635,33,20,13
05112,06636,18,18,0
05112,07111,63,22,41
05112,07131,42,28,14
05112,07132,49,22,27
05112,07133,11,0,11
05112,07134,0,0,0
05112,07135,0,0,0
05112,07137,68,49,19
05112,07138,106,50,56
05112,07140,0,0,0
05112,07141,60,19,41
05112,07143,83,28,55
05112,07211,12,12,0
05112,07231,14,14,0
05112,07232,20,0,20
05112,07233,15,15,0
05112,07235,0,0,0
05112,07311,16,16,0
05112,07312,0,0,0
05112,07313,0,0,0
05112,07314,94,56,38
05112,07315,71,28,43
05112,07316,0,0,0
05112,07317,0,0,0
05112,07318,16,16,0
05112,07319,51,15,36
05112,07320,0,0,0
05112,07331,17,17,0
05112,07332,43,30,13
05112,07333,15,15,0
05112,07334,17,17,0
05112,07335,0,0,0
05112,07336,0,0,0
05112,07337,12,12,0
05112,07338,45,45,0
05112,07339,46,28,18
05112,07340,0,0,0
05112,08111,211,111,100
05112,08115,124,83,41
05112,08116,108,56,52
05112,08117,31,31,0
05112,08118,124,78,46
05112,08119,73,52,21
05112,08121,0,0,0
05112,08125,88,24,64
05112,08126,11,0,11
05112,08127,0,0,0
05112,08128,0,0,0
05112,08135,0,0,0
05112,08136,25,14,11
05112,08211,18,0,18
05112,08212,101,31,70
05112,08215,66,33,33
05112,08216,11,11,0
05112,08221,27,14,13
05112,08222,184,100,84
05112,08225,0,0,0
05112,08226,166,118,48
05112,08231,24,12,12
05112,08235,11,11,0
05112,08236,12,12,0
05112,08237,0,0,0
05112,08311,36,20,16
05112,08315,17,17,0
05112,08316,0,0,0
05112,08317,47,26,21
05112,08325,0,0,0
05112,08326,0,0,0
05112,08327,0,0,0
05112,08335,18,0,18
05112,08336,43,20,23
05112,08337,0,0,0
05112,08415,21,21,0
05112,08416,11,11,0
05112,08417,0,0,0
05112,08421,35,25,10
05112,08425,22,22,0
05112,08426,13,13,0
05112,08435,0,0,0
05112,08436,12,0,12
05112,08437,0,0,0
05112,09161,10,0,10
05112,09162,586,208,378
05112,09163,0,0,0
05112,09171,0,0,0
05112,09172,13,0,13
05112,09173,10,10,0
05112,09174,14,14,0
05112,09175,10,10,0
05112,09176,0,0,0
05112,09177,15,15,0
05112,09178,39,15,24
05112,09179,46,36,10
05112,09180,0,0,0
05112,09181,0,0,0
05112,09182,0,0,0
05112,09183,16,16,0
05112,09184,122,38,84
05112,09185,0,0,0
05112,09186,0,0,0
05112,09187,14,14,0
05112,09188,24,13,11
05112,09189,10,10,0
05112,09190,0,0,0
05112,09261,0,0,0
05112,09262,0,0,0
05112,09263,0,0,0
05112,09271,38,12,26
05112,09272,0,0,0
05112,09273,0,0,0
05112,09274,15,15,0
05112,09275,0,0,0
05112,09276,0,0,0
05112,09277,11,11,0
05112,09278,0,0,0
05112,09279,0,0,0
05112,09361,0,0,0
05112,09362,74,13,61
05112,09363,0,0,0
05112,09371,0,0,0
05112,09372,0,0,0
05112,09373,0,0,0
05112,09374,11,0,11
05112,09375,11,11,0
05112,09376,0,0,0
05112,09377,0,0,0
05112,09461,0,0,0
05112,09462,0,0,0
05112,09463,0,0,0
05112,09464,0,0,0
05112,09471,0,0,0
05112,09472,0,0,0
05112,09473,0,0,0
05112,09474,0,0,0
05112,09475,12,0,12
05112,09476,0,0,0
05112,09477,0,0,0
05112,09478,0,0,0
05112,09479,0,0,0
05112,09561,0,0,0
05112,09562,33,0,33
05112,09563,0,0,0
05112,09564,163,45,118
05112,09565,0,0,0
05112,09571,0,0,0
05112,09572,14,14,0
05112,09573,0,0,0
05112,09574,14,14,0
05112,09575,0,0,0
05112,09576,0,0,0
05112,09577,0,0,0
05112,09661,0,0,0
05112,09662,0,0,0
05112,09663,24,0,24
05112,09671,31,15,16
05112,09672,0,0,0
05112,09673,0,0,0
05112,09674,0,0,0
05112,09675,0,0,0
05112,09676,10,0,10
05112,09677,24,0,24
05112,09678,0,0,0
05112,09679,21,0,21
05112,09761,47,24,23
05112,09762,0,0,0
05112,09763,0,0,0
05112,09764,0,0,0
05112,09771,10,10,0
05112,09772,20,20,0
05112,09773,0,0,0
05112,09774,0,0,0
05112,09775,17,17,0
05112,09776,0,0,0
05112,09777,0,0,0
05112,09778,0,0,0
05112,09779,0,0,0
05112,09780,27,11,16
05112,10041,47,22,25
05112,10042,21,11,10
05112,10043,12,12,0
05112,10044,0,0,0
05112,10045,27,27,0
05112,10046,0,0,0
05112,11000,739,323,416
05112,12051,0,0,0
05112,12052,35,11,24
05112,12053,0,0,0
05112,12054,38,19,19
05112,12060,33,21,12
05112,12061,20,20,0
05112,12062,0,0,0
05112,12063,29,29,0
05112,12064,23,13,10
05112,12065,23,23,0
05112,12066,44,34,10
05112,12067,0,0,0
05112,12068,0,0,0
05112,12069,39,22,17
05112,12070,0,0,0
05112,12071,14,14,0
05112,12072,15,0,15
05112,12073,0,0,0
05112,13003,11,11,0
05112,13004,0,0,0
05112,13071,15,15,0
05112,13072,15,15,0
05112,13073,16,16,0
05112,13074,0,0,0
05112,13075,23,23,0
05112,13076,17,17,0
05112,14511,0,0,0
05112,14521,0,0,0
05112,14522,17,17,0
05112,14523,0,0,0
05112,14524,10,10,0
05112,14612,42,22,20
05112,14625,14,14,0
05112,14626,13,13,0
05112,14627,14,14,0
05112,14628,0,0,0
05112,14713,95,49,46
05112,14729,14,14,0
05112,14730,13,13,0
05112,15001,0,0,0
05112,15002,27,14,13
05112,15003,30,12,18
05112,15081,0,0,0
05112,15082,14,14,0
05112,15083,0,0,0
05112,15084,14,14,0
05112,15085,20,20,0
05112,15086,0,0,0
05112,15087,27,27,0
05112,15088,26,12,14
05112,15089,10,10,0
05112,15090,0,0,0
05112,15091,0,0,0
05112,16051,27,14,13
05112,16052,0,0,0
05112,16053,0,0,0
05112,16054,13,13,0
05112,16055,0,0,0
05112,16056,0,0,0
05112,16061,0,0,0
05112,16062,0,0,0
05112,16063,16,0,16
05112,16064,0,0,0
05112,16065,0,0,0
05112,16066,0,0,0
05112,16067,0,0,0
05112,16068,0,0,0
05112,16069,0,0,0
05112,16070,0,0,0
05112,16071,0,0,0
05112,16072,0,0,0
05112,16073,0,0,0
05112,16074,0,0,0
05112,16075,0,0,0
05112,16076,0,0,0
05112,16077,0,0,0
05113,01001,27,15,12
05113,01002,91,51,40
05113,01003,60,48,12
05113,01004,17,17,0
05113,01051,53,53,0
05113,01053,37,37,0
05113,01054,33,22,11
05113,01055,51,51,0
05113,01056,97,68,29
05113,01057,25,25,0
05113,01058,63,48,15
05113,01059,46,34,12
05113,01060,120,89,31
05113,01061,24,24,0
05113,01062,204,73,131
05113,02000,1283,690,593
05113,03101,107,55,52
05113,03102,29,12,17
05113,03103,21,0,21
05113,03151,12,12,0
05113,03153,37,37,0
05113,03154,0,0,0
05113,03155,48,27,21
05113,03157,33,33,0
05113,03158,12,12,0
05113,03159,117,91,26
05113,03241,603,284,319
05113,03251,89,79,10
05113,03252,37,26,11
05113,03254,59,49,10
05113,03255,18,18,0
05113,03256,17,17,0
05113,03257,65,48,17
05113,03351,49,37,12
05113,03352,43,33,10
05113,03353,81,69,12
05113,03354,0,0,0
05113,03355,54,54,0
05113,03356,27,27,0
05113,03357,37,22,15
05113,03358,22,22,0
05113,03359,67,53,14
05113,03360,29,29,0
05113,03361,26,26,0
05113,03401,21,11,10
05113,03402,13,13,0
05113,03403,90,61,29
05113,03404,183,87,96
05113,03405,36,14,22
05113,03451,35,25,10
05113,03452,50,33,17
05113,03453,42,27,15
05113,03454,232,124,108
05113,03455,12,12,0
05113,03456,64,37,27
05113,03457,52,39,13
05113,03458,41,41,0
05113,03459,233,173,60
05113,03460,45,21,24
05113,03461,12,12,0
05113,03462,12,12,0
05113,04011,274,156,118
05113,04012,32,17,15
05113,05111,16143,4878,11265
05113,05112,14230,7415,6815
05113,05113,0,0,0
05113,05114,2178,1091,1087
05113,05116,713,376,337
05113,05117,17946,10245,7701
05113,05119,12114,7683,4431
05113,05120,500,233,267
05113,05122,752,415,337
05113,05124,3853,1965,1888
05113,05154,1229,948,281
05113,05158,14898,7011,7887
05113,05162,2266,1372,894
05113,05166,1099,736,363
05113,05170,7133,5373,1760
05113,05314,620,282,338
05113,05315,3639,1542,2097
05113,05316,594,339,255
05113,05334,592,352,240
05113,05358,273,198,75
05113,05362,890,578,312
05113,05366,149,111,38
05113,05370,344,269,75
05113,05374,401,261,140
05113,05378,513,356,157
05113,05382,662,472,190
05113,05512,9076,6817,2259
05113,05513,16021,10905,5116
05113,05515,949,508,441
05113,05554,1677,1296,381
05113,05558,809,683,126
05113,05562,16015,12533,3482
05113,05566,398,242,156
05113,05570,338,200,138
05113,05711,378,270,108
05113,05754,396,255,141
05113,05758,109,73,36
05113,05762,26,26,0
05113,05766,155,101,54
05113,05770,145,93,52
05113,05774,246,185,61
05113,05911,17632,10958,6674
05113,05913,8941,5015,3926
05113,05914,1000,562,438
05113,05915,459,309,150
05113,05916,4373,3150,1223
05113,05954,6477,4660,1817
05113,05958,262,197,65
05113,05962,693,449,244
05113,05966,112,79,33
05113,05970,284,199,85
05113,05974,363,263,100
05113,05978,2204,1572,632
05113,06411,174,130,44
05113,06412,985,323,662
05113,06413,64,36,28
05113,06414,138,81,57
05113,06431,205,178,27
05113,06432,203,186,17
05113,06433,157,111,46
05113,06434,226,71,155
05113,06435,165,108,57
05113,06436,204,91,113
05113,06437,24,24,0
05113,06438,248,94,154
05113,06439,67,50,17
05113,06440,127,69,58
05113,06531,67,48,19
05113,06532,71,51,20
05113,06533,45,33,12
05113,06534,54,24,30
05113,06535,37,37,0
05113,06611,84,36,48
05113,06631,55,35,20
05113,06632,27,14,13
05113,06633,53,53,0
05113,06634,42,26,16
05113,06635,29,29,0
05113,06636,10,10,0
05113,07111,61,26,35
05113,07131,146,126,20
05113,07132,99,84,15
05113,07133,32,19,13
05113,07134,10,10,0
05113,07135,21,21,0
05113,07137,70,53,17
05113,07138,109,71,38
05113,07140,58,58,0
05113,07141,43,29,14
05113,07143,96,49,47
05113,07211,34,13,21
05113,07231,38,38,0
05113,07232,0,0,0
05113,07233,18,18,0
05113,07235,13,13,0
05113,07311,10,0,10
05113,07312,142,130,12
05113,07313,0,0,0
05113,07314,67,32,35
05113,07315,91,48,43
05113,07316,0,0,0
05113,07317,0,0,0
05113,07318,0,0,0
05113,07319,54,39,15
05113,07320,0,0,0
05113,07331,74,42,32
05113,07332,20,20,0
05113,07333,13,13,0
05113,07334,25,12,13
05113,07335,48,48,0
05113,07336,14,14,0
05113,07337,0,0,0
05113,07338,21,21,0
05113,07339,70,53,17
05113,07340,14,14,0
05113,08111,311,188,123
05113,08115,97,59,38
05113,08116,179,116,63
05113,08117,42,29,13
05113,08118,153,81,72
05113,08119,88,62,26
05113,08121,65,53,12
05113,08125,157,121,36
05113,08126,51,11,40
05113,08127,98,80,18
05113,08128,10,10,0
05113,08135,0,0,0
05113,08136,25,11,14
05113,08211,53,0,53
05113,08212,96,46,50
05113,08215,110,65,45
05113,08216,22,22,0
05113,08221,73,29,44
05113,08222,190,69,121
05113,08225,16,16,0
05113,08226,210,137,73
05113,08231,33,13,20
05113,08235,11,11,0
05113,08236,26,26,0
05113,08237,23,11,12
05113,08311,53,26,27
05113,08315,34,17,17
05113,08316,33,21,12
05113,08317,57,36,21
05113,08325,0,0,0
05113,08326,28,13,15
05113,08327,20,0,20
05113,08335,32,18,14
05113,08336,55,21,34
05113,08337,15,15,0
05113,08415,45,25,20
05113,08416,46,26,20
05113,08417,27,11,16
05113,08421,30,0,30
05113,08425,0,0,0
05113,08426,0,0,0
05113,08435,36,36,0
05113,08436,44,27,17
05113,08437,12,12,0
05113,09161,19,19,0
05113,09162,1022,351,671
05113,09163,15,0,15
05113,09171,0,0,0
05113,09172,0,0,0
05113,09173,20,20,0
05113,09174,27,27,0
05113,09175,31,31,0
05113,09176,0,0,0
05113,09177,35,23,12
05113,09178,48,26,22
05113,09179,34,34,0
05113,09180,0,0,0
05113,09181,23,23,0
05113,09182,0,0,0
05113,09183,0,0,0
05113,09184,247,60,187
05113,09185,0,0,0
05113,09186,20,0,20
05113,09187,43,28,15
05113,09188,51,34,17
05113,09189,32,16,16
05113,09190,13,13,0
05113,09261,0,0,0
05113,09262,10,10,0
05113,09263,0,0,0
05113,09271,27,11,16
05113,09272,0,0,0
05113,09273,0,0,0
05113,09274,18,18,0
05113,09275,10,10,0
05113,09276,0,0,0
05113,09277,0,0,0
05113,09278,12,12,0
05113,09279,17,17,0
05113,09361,0,0,0
05113,09362,57,17,40
05113,09363,0,0,0
05113,09371,0,0,0
05113,09372,0,0,0
05113,09373,13,13,0
05113,09374,0,0,0
05113,09375,22,22,0
05113,09376,10,10,0
05113,09377,0,0,0
05113,09461,0,0,0
05113,09462,0,0,0
05113,09463,0,0,0
05113,09464,0,0,0
05113,09471,17,17,0
05113,09472,0,0,0
05113,09473,0,0,0
05113,09474,47,14,33
05113,09475,30,0,30
05113,09476,0,0,0
05113,09477,0,0,0
05113,09478,0,0,0
05113,09479,0,0,0
05113,09561,0,0,0
05113,09562,55,17,38
05113,09563,21,21,0
05113,09564,216,115,101
05113,09565,0,0,0
05113,09571,15,15,0
05113,09572,26,15,11
05113,09573,13,13,0
05113,09574,29,13,16
05113,09575,10,10,0
05113,09576,0,0,0
05113,09577,0,0,0
05113,09661,0,0,0
05113,09662,0,0,0
05113,09663,66,31,35
05113,09671,42,25,17
05113,09672,0,0,0
05113,09673,0,0,0
05113,09674,0,0,0
05113,09675,0,0,0
05113,09676,17,0,17
05113,09677,14,14,0
05113,09678,0,0,0
05113,09679,38,23,15
05113,09761,75,41,34
05113,09762,0,0,0
05113,09763,0,0,0
05113,09764,0,0,0
05113,09771,12,12,0
05113,09772,34,24,10
05113,09773,0,0,0
05113,09774,0,0,0
05113,09775,13,13,0
05113,09776,0,0,0
05113,09777,0,0,0
05113,09778,11,0,11
05113,09779,0,0,0
05113,09780,12,12,0
05113,10041,205,177,28
05113,10042,10,10,0
05113,10043,132,121,11
05113,10044,59,59,0
05113,10045,50,50,0
05113,10046,36,36,0
05113,11000,1778,993,785
05113,12051,0,0,0
05113,12052,15,15,0
05113,12053,0,0,0
05113,12054,57,42,15
05113,12060,36,36,0
05113,12061,50,50,0
05113,12062,10,10,0
05113,12063,32,22,10
05113,12064,30,30,0
05113,12065,45,45,0
05113,12066,26,26,0
05113,12067,32,32,0
05113,12068,19,19,0
05113,12069,53,43,10
05113,12070,0,0,0
05113,12071,23,23,0
05113,12072,38,38,0
05113,12073,17,17,0
05113,13003,28,28,0
05113,13004,12,12,0
05113,13071,14,14,0
05113,13072,34,34,0
05113,13073,31,13,18
05113,13074,28,28,0
05113,13075,29,29,0
05113,13076,23,23,0
05113,14511,49,32,17
05113,14521,24,24,0
05113,14522,22,22,0
05113,14523,12,12,0
05113,14524,32,32,0
05113,14612,115,74,41
05113,14625,101,101,0
05113,14626,22,22,0
05113,14627,22,22,0
05113,14628,34,34,0
05113,14713,193,128,65
05113,14729,36,36,0
05113,14730,16,16,0
05113,15001,14,14,0
05113,15002,43,31,12
05113,15003,55,33,22
05113,15081,0,0,0
05113,15082,33,33,0
05113,15083,20,20,0
05113,15084,32,32,0
05113,15085,77,77,0
05113,15086,0,0,0
05113,15087,27,27,0
05113,15088,37,37,0
05113,15089,27,27,0
05113,15090,17,17,0
05113,15091,28,28,0
05113,16051,72,53,19
05113,16052,25,25,0
05113,16053,23,10,13
05113,16054,0,0,0
05113,16055,12,12,0
05113,16056,0,0,0
05113,16061,11,11,0
05113,16062,0,0,0
05113,16063,22,22,0
05113,16064,12,12,0
05113,16065,15,15,0
05113,16066,0,0,0
05113,16067,28,28,0
05113,16068,10,10,0
05113,16069,0,0,0
05113,16070,31,21,10
05113,16071,13,13,0
05113,16072,0,0,0
05113,16073,0,0,0
05113,16074,0,0,0
05113,16075,0,0,0
05113,16076,13,13,0
05113,16077,0,0,0
05114,01001,0,0,0
05114,01002,33,11,22
05114,01003,23,0,23
05114,01004,0,0,0
05114,01051,0,0,0
05114,01053,11,11,0
05114,01054,0,0,0
05114,01055,0,0,0
05114,01056,42,18,24
05114,01057,0,0,0
05114,01058,0,0,0
05114,01059,0,0,0
05114,01060,82,72,10
05114,01061,117,117,0
05114,01062,19,0,19
05114,02000,368,134,234
05114,03101,0,0,0
05114,03102,10,10,0
05114,03103,0,0,0
05114,03151,0,0,0
05114,03153,0,0,0
05114,03154,0,0,0
05114,03155,0,0,0
05114,03157,0,0,0
05114,03158,0,0,0
05114,03159,11,11,0
05114,03241,194,128,66
05114,03251,12,0,12
05114,03252,0,0,0
05114,03254,26,14,12
05114,03255,0,0,0
05114,03256,11,11,0
05114,03257,16,16,0
05114,03351,17,17,0
05114,03352,13,13,0
05114,03353,15,15,0
05114,03354,0,0,0
05114,03355,0,0,0
05114,03356,0,0,0
05114,03357,0,0,0
05114,03358,0,0,0
05114,03359,10,10,0
05114,03360,0,0,0
05114,03361,0,0,0
05114,03401,0,0,0
05114,03402,0,0,0
05114,03403,0,0,0
05114,03404,37,12,25
05114,03405,10,0,10
05114,03451,10,0,10
05114,03452,10,0,10
05114,03453,324,324,0
05114,03454,52,31,21
05114,03455,0,0,0
05114,03456,20,10,10
05114,03457,0,0,0
05114,03458,417,417,0
05114,03459,132,115,17
05114,03460,36,36,0
05114,03461,0,0,0
05114,03462,0,0,0
05114,04011,64,29,35
05114,04012,0,0,0
05114,05111,11815,3021,8794
05114,05112,9477,6254,3223
05114,05113,2178,1087,1091
05114,05114,0,0,0
05114,05116,4790,2512,2278
05114,05117,1008,634,374
05114,05119,986,645,341
05114,05120,85,38,47
05114,05122,186,126,60
05114,05124,424,244,180
05114,05154,4151,3342,809
05114,05158,2690,1222,1468
05114,05162,7959,3827,4132
05114,05166,20015,12276,7739
05114,05170,7638,5686,1952
05114,05314,190,67,123
05114,05315,1905,607,1298
05114,05316,649,208,441
05114,05334,454,196,258
05114,05358,272,117,155
05114,05362,530,246,284
05114,05366,135,90,45
05114,05370,848,613,235
05114,05374,75,48,27
05114,05378,191,131,60
05114,05382,208,135,73
05114,05512,229,182,47
05114,05513,408,272,136
05114,05515,172,105,67
05114,05554,233,153,80
05114,05558,100,79,21
05114,05562,572,389,183
05114,05566,116,92,24
05114,05570,195,179,16
05114,05711,52,21,31
05114,05754,83,35,48
05114,05758,17,17,0
05114,05762,10,10,0
05114,05766,33,23,10
05114,05770,317,317,0
05114,05774,100,27,73
05114,05911,464,257,207
05114,05913,431,187,244
05114,05914,71,33,38
05114,05915,165,154,11
05114,05916,130,92,38
05114,05954,228,129,99
05114,05958,58,38,20
05114,05962,82,39,43
05114,05966,0,0,0
05114,05970,81,46,35
05114,05974,63,35,28
05114,05978,159,95,64
05114,06411,0,0,0
05114,06412,307,29,278
05114,06413,0,0,0
05114,06414,47,19,28
05114,06431,17,17,0
05114,06432,16,16,0
05114,06433,30,13,17
05114,06434,44,0,44
05114,06435,57,27,30
05114,06436,55,10,45
05114,06437,0,0,0
05114,06438,63,26,37
05114,06439,13,13,0
05114,06440,14,14,0
05114,06531,32,14,18
05114,06532,37,18,19
05114,06533,19,0,19
05114,06534,10,10,0
05114,06535,0,0,0
05114,06611,37,12,25
05114,06631,15,15,0
05114,06632,30,30,0
05114,06633,0,0,0
05114,06634,12,12,0
05114,06635,0,0,0
05114,06636,0,0,0
05114,07111,17,0,17
05114,07131,34,23,11
05114,07132,15,15,0
05114,07133,35,11,24
05114,07134,0,0,0
05114,07135,0,0,0
05114,07137,18,18,0
05114,07138,32,15,17
05114,07140,0,0,0
05114,07141,10,10,0
05114,07143,16,0,16
05114,07211,0,0,0
05114,07231,0,0,0
05114,07232,0,0,0
05114,07233,0,0,0
05114,07235,0,0,0
05114,07311,0,0,0
05114,07312,13,13,0
05114,07313,0,0,0
05114,07314,62,62,0
05114,07315,29,13,16
05114,07316,0,0,0
05114,07317,0,0,0
05114,07318,0,0,0
05114,07319,0,0,0
05114,07320,0,0,0
05114,07331,0,0,0
05114,07332,17,17,0
05114,07333,0,0,0
05114,07334,0,0,0
05114,07335,0,0,0
05114,07336,0,0,0
05114,07337,0,0,0
05114,07338,14,14,0
05114,07339,13,0,13
05114,07340,0,0,0
05114,08111,65,23,42
05114,08115,33,13,20
05114,08116,40,14,26
05114,08117,0,0,0
05114,08118,64,34,30
05114,08119,21,10,11
05114,08121,0,0,0
05114,08125,29,12,17
05114,08126,14,0,14
05114,08127,218,218,0
05114,08128,0,0,0
05114,08135,0,0,0
05114,08136,0,0,0
05114,08211,0,0,0
05114,08212,50,10,40
05114,08215,32,17,15
05114,08216,21,11,10
05114,08221,0,0,0
05114,08222,64,34,30
05114,08225,0,0,0
05114,08226,52,35,17
05114,08231,11,0,11
05114,08235,0,0,0
05114,08236,0,0,0
05114,08237,0,0,0
05114,08311,0,0,0
05114,08315,17,17,0
05114,08316,0,0,0
05114,08317,17,17,0
05114,08325,0,0,0
05114,08326,0,0,0
05114,08327,0,0,0
05114,08335,10,0,10
05114,08336,12,12,0
05114,08337,0,0,0
05114,08415,0,0,0
05114,08416,0,0,0
05114,08417,0,0,0
05114,08421,12,0,12
05114,08425,0,0,0
05114,08426,0,0,0
05114,08435,0,0,0
05114,08436,0,0,0
05114,08437,0,0,0
05114,09161,0,0,0
05114,09162,254,56,198
05114,09163,0,0,0
05114,09171,0,0,0
05114,09172,0,0,0
05114,09173,0,0,0
05114,09174,17,17,0
05114,09175,0,0,0
05114,09176,0,0,0
05114,09177,0,0,0
05114,09178,22,0,22
05114,09179,12,0,12
05114,09180,0,0,0
05114,09181,0,0,0
05114,09182,0,0,0
05114,09183,86,86,0
05114,09184,80,15,65
05114,09185,0,0,0
05114,09186,11,0,11
05114,09187,10,10,0
05114,09188,10,10,0
05114,09189,0,0,0
05114,09190,0,0,0
05114,09261,63,63,0
05114,09262,0,0,0
05114,09263,0,0,0
05114,09271,0,0,0
05114,09272,0,0,0
05114,09273,11,11,0
05114,09274,94,94,0
05114,09275,122,122,0
05114,09276,0,0,0
05114,09277,0,0,0
05114,09278,0,0,0
05114,09279,0,0,0
05114,09361,0,0,0
05114,09362,0,0,0
05114,09363,0,0,0
05114,09371,0,0,0
05114,09372,0,0,0
05114,09373,0,0,0
05114,09374,0,0,0
05114,09375,0,0,0
05114,09376,0,0,0
05114,09377,0,0,0
05114,09461,10,10,0
05114,09462,0,0,0
05114,09463,0,0,0
05114,09464,0,0,0
05114,09471,29,29,0
05114,09472,0,0,0
05114,09473,0,0,0
05114,09474,0,0,0
05114,09475,12,0,12
05114,09476,0,0,0
05114,09477,0,0,0
05114,09478,0,0,0
05114,09479,0,0,0
05114,09561,0,0,0
05114,09562,13,0,13
05114,09563,0,0,0
05114,09564,52,17,35
05114,09565,0,0,0
05114,09571,18,18,0
05114,09572,0,0,0
05114,09573,0,0,0
05114,09574,0,0,0
05114,09575,0,0,0
05114,09576,0,0,0
05114,09577,0,0,0
05114,09661,0,0,0
05114,09662,14,14,0
05114,09663,23,10,13
05114,09671,15,15,0
05114,09672,0,0,0
05114,09673,0,0,0
05114,09674,0,0,0
05114,09675,0,0,0
05114,09676,0,0,0
05114,09677,0,0,0
05114,09678,0,0,0
05114,09679,22,11,11
05114,09761,22,12,10
05114,09762,0,0,0
05114,09763,0,0,0
05114,09764,0,0,0
05114,09771,0,0,0
05114,09772,11,11,0
05114,09773,0,0,0
05114,09774,0,0,0
05114,09775,16,0,16
05114,09776,0,0,0
05114,09777,10,10,0
05114,09778,0,0,0
05114,09779,0,0,0
05114,09780,0,0,0
05114,10041,36,20,16
05114,10042,0,0,0
05114,10043,0,0,0
05114,10044,0,0,0
05114,10045,0,0,0
05114,10046,0,0,0
05114,11000,523,128,395
05114,12051,0,0,0
05114,12052,0,0,0
05114,12053,0,0,0
05114,12054,20,10,10
05114,12060,0,0,0
05114,12061,0,0,0
05114,12062,0,0,0
05114,12063,0,0,0
05114,12064,10,10,0
05114,12065,10,10,0
05114,12066,0,0,0
05114,12067,0,0,0
05114,12068,0,0,0
05114,12069,33,10,23
05114,12070,181,181,0
05114,12071,0,0,0
05114,12072,0,0,0
05114,12073,0,0,0
05114,13003,0,0,0
05114,13004,0,0,0
05114,13071,12,12,0
05114,13072,0,0,0
05114,13073,0,0,0
05114,13074,0,0,0
05114,13075,24,24,0
05114,13076,12,12,0
05114,14511,31,0,31
05114,14521,0,0,0
05114,14522,13,13,0
05114,14523,0,0,0
05114,14524,11,11,0
05114,14612,19,19,0
05114,14625,15,15,0
05114,14626,0,0,0
05114,14627,12,12,0
05114,14628,11,11,0
05114,14713,62,26,36
05114,14729,10,10,0
05114,14730,0,0,0
05114,15001,0,0,0
05114,15002,0,0,0
05114,15003,10,10,0
05114,15081,0,0,0
05114,15082,0,0,0
05114,15083,0,0,0
05114,15084,16,16,0
05114,15085,0,0,0
05114,15086,0,0,0
05114,15087,0,0,0
05114,15088,0,0,0
05114,15089,18,18,0
05114,15090,0,0,0
05114,15091,0,0,0
05114,16051,0,0,0
05114,16052,0,0,0
05114,16053,0,0,0
05114,16054,0,0,0
05114,16055,0,0,0
05114,16056,0,0,0
05114,16061,0,0,0
05114,16062,0,0,0
05114,16063,17,17,0
05114,16064,0,0,0
05114,16065,0,0,0
05114,16066,0,0,0
05114,16067,0,0,0
05114,16068,13,13,0
05114,16069,0,0,0
05114,16070,0,0,0
05114,16071,0,0,0
05114,16072,0,0,0
05114,16073,0,0,0
05114,16074,0,0,0
05114,16075,0,0,0
05114,16076,0,0,0
05114,16077,10,10,0
05116,01001,0,0,0
05116,01002,13,0,13
05116,01003,19,0,19
05116,01004,10,10,0
05116,01051,0,0,0
05116,01053,20,20,0
05116,01054,0,0,0
05116,01055,0,0,0
05116,01056,16,16,0
05116,01057,0,0,0
05116,01058,10,0,10
05116,01059,0,0,0
05116,01060,43,27,16
05116,01061,0,0,0
05116,01062,38,24,14
05116,02000,491,223,268
05116,03101,15,15,0
05116,03102,0,0,0
05116,03103,21,10,11
05116,03151,0,0,0
05116,03153,0,0,0
05116,03154,0,0,0
05116,03155,0,0,0
05116,03157,23,11,12
05116,03158,0,0,0
05116,03159,0,0,0
05116,03241,412,83,329
05116,03251,0,0,0
05116,03252,15,15,0
05116,03254,16,16,0
05116,03255,0,0,0
05116,03256,0,0,0
05116,03257,0,0,0
05116,03351,11,11,0
05116,03352,0,0,0
05116,03353,14,14,0
05116,03354,0,0,0
05116,03355,21,21,0
05116,03356,0,0,0
05116,03357,0,0,0
05116,03358,0,0,0
05116,03359,10,10,0
05116,03360,0,0,0
05116,03361,0,0,0
05116,03401,0,0,0
05116,03402,0,0,0
05116,03403,0,0,0
05116,03404,20,0,20
05116,03405,0,0,0
05116,03451,11,11,0
05116,03452,14,0,14
05116,03453,0,0,0
05116,03454,46,15,31
05116,03455,0,0,0
05116,03456,0,0,0
05116,03457,14,14,0
05116,03458,0,0,0
05116,03459,23,11,12
05116,03460,0,0,0
05116,03461,0,0,0
05116,03462,0,0,0
05116,04011,51,22,29
05116,04012,0,0,0
05116,05111,10310,2389,7921
05116,05112,1263,730,533
05116,05113,713,337,376
05116,05114,4790,2278,2512
05116,05116,0,0,0
05116,05117,284,146,138
05116,05119,280,158,122
05116,05120,84,34,50
05116,05122,171,89,82
05116,05124,444,228,216
05116,05154,872,558,314
05116,05158,1994,810,1184
05116,05162,16585,8231,8354
05116,05166,19292,11711,7581
05116,05170,871,578,293
05116,05314,225,65,160
05116,05315,2551,820,1731
05116,05316,247,138,109
05116,05334,1836,933,903
05116,05358,1304,796,508
05116,05362,1532,828,704
05116,05366,172,133,39
05116,05370,11352,8216,3136
05116,05374,82,42,40
05116,05378,178,101,77
05116,05382,258,157,101
05116,05512,58,35,23
05116,05513,211,99,112
05116,05515,95,36,59
05116,05554,99,48,51
05116,05558,43,28,15
05116,05562,215,140,75
05116,05566,68,37,31
05116,05570,37,27,10
05116,05711,79,36,43
05116,05754,75,41,34
05116,05758,30,20,10
05116,05762,0,0,0
05116,05766,57,38,19
05116,05770,50,27,23
05116,05774,91,61,30
05116,05911,196,114,82
05116,05913,277,134,143
05116,05914,48,28,20
05116,05915,21,21,0
05116,05916,40,24,16
05116,05954,102,44,58
05116,05958,36,15,21
05116,05962,137,39,98
05116,05966,23,23,0
05116,05970,99,20,79
05116,05974,34,19,15
05116,05978,91,43,48
05116,06411,24,10,14
05116,06412,500,67,433
05116,06413,12,0,12
05116,06414,39,13,26
05116,06431,12,0,12
05116,06432,37,20,17
05116,06433,76,58,18
05116,06434,57,15,42
05116,06435,61,24,37
05116,06436,67,22,45
05116,06437,0,0,0
05116,06438,95,45,50
05116,06439,10,0,10
05116,06440,44,19,25
05116,06531,14,14,0
05116,06532,0,0,0
05116,06533,10,10,0
05116,06534,0,0,0
05116,06535,0,0,0
05116,06611,11,0,11
05116,06631,0,0,0
05116,06632,0,0,0
05116,06633,10,10,0
05116,06634,0,0,0
05116,06635,0,0,0
05116,06636,0,0,0
05116,07111,31,13,18
05116,07131,26,13,13
05116,07132,25,12,13
05116,07133,12,0,12
05116,07134,0,0,0
05116,07135,0,0,0
05116,07137,31,15,16
05116,07138,35,20,15
05116,07140,15,15,0
05116,07141,0,0,0
05116,07143,47,17,30
05116,07211,14,14,0
05116,07231,0,0,0
05116,07232,0,0,0
05116,07233,0,0,0
05116,07235,0,0,0
05116,07311,0,0,0
05116,07312,0,0,0
05116,07313,0,0,0
05116,07314,28,18,10
05116,07315,26,14,12
05116,07316,0,0,0
05116,07317,0,0,0
05116,07318,0,0,0
05116,07319,0,0,0
05116,07320,0,0,0
05116,07331,17,17,0
05116,07332,21,21,0
05116,07333,0,0,0
05116,07334,0,0,0
05116,07335,0,0,0
05116,07336,0,0,0
05116,07337,0,0,0
05116,07338,0,0,0
05116,07339,31,18,13
05116,07340,0,0,0
05116,08111,78,31,47
05116,08115,37,27,10
05116,08116,55,36,19
05116,08117,0,0,0
05116,08118,62,34,28
05116,08119,64,38,26
05116,08121,0,0,0
05116,08125,15,0,15
05116,08126,10,0,10
05116,08127,0,0,0
05116,08128,74,74,0
05116,08135,11,0,11
05116,08136,22,22,0
05116,08211,0,0,0
05116,08212,17,0,17
05116,08215,36,21,15
05116,08216,10,0,10
05116,08221,0,0,0
05116,08222,42,15,27
05116,08225,0,0,0
05116,08226,41,23,18
05116,08231,0,0,0
05116,08235,0,0,0
05116,08236,11,11,0
05116,08237,0,0,0
05116,08311,14,14,0
05116,08315,0,0,0
05116,08316,0,0,0
05116,08317,29,15,14
05116,08325,0,0,0
05116,08326,10,10,0
05116,08327,0,0,0
05116,08335,14,14,0
05116,08336,23,0,23
05116,08337,0,0,0
05116,08415,31,12,19
05116,08416,10,10,0
05116,08417,10,10,0
05116,08421,13,0,13
05116,08425,0,0,0
05116,08426,0,0,0
05116,08435,0,0,0
05116,08436,16,0,16
05116,08437,0,0,0
05116,09161,0,0,0
05116,09162,286,93,193
05116,09163,0,0,0
05116,09171,0,0,0
05116,09172,0,0,0
05116,09173,0,0,0
05116,09174,17,17,0
05116,09175,11,11,0
05116,09176,0,0,0
05116,09177,21,21,0
05116,09178,74,46,28
05116,09179,32,21,11
05116,09180,0,0,0
05116,09181,11,11,0
05116,09182,0,0,0
05116,09183,0,0,0
05116,09184,92,19,73
05116,09185,0,0,0
05116,09186,12,12,0
05116,09187,13,13,0
05116,09188,0,0,0
05116,09189,0,0,0
05116,09190,0,0,0
05116,09261,0,0,0
05116,09262,0,0,0
05116,09263,0,0,0
05116,09271,0,0,0
05116,09272,0,0,0
05116,09273,0,0,0
05116,09274,11,11,0
05116,09275,0,0,0
05116,09276,0,0,0
05116,09277,0,0,0
05116,09278,0,0,0
05116,09279,0,0,0
05116,09361,0,0,0
05116,09362,24,0,24
05116,09363,0,0,0
05116,09371,0,0,0
05116,09372,0,0,0
05116,09373,0,0,0
05116,09374,0,0,0
05116,09375,0,0,0
05116,09376,0,0,0
05116,09377,0,0,0
05116,09461,0,0,0
05116,09462,0,0,0
05116,09463,0,0,0
05116,09464,0,0,0
05116,09471,0,0,0
05116,09472,0,0,0
05116,09473,0,0,0
05116,09474,0,0,0
05116,09475,24,0,24
05116,09476,0,0,0
05116,09477,0,0,0
05116,09478,0,0,0
05116,09479,0,0,0
05116,09561,0,0,0
05116,09562,0,0,0
05116,09563,0,0,0
05116,09564,64,19,45
05116,09565,0,0,0
05116,09571,0,0,0
05116,09572,0,0,0
05116,09573,0,0,0
05116,09574,0,0,0
05116,09575,0,0,0
05116,09576,0,0,0
05116,09577,0,0,0
05116,09661,0,0,0
05116,09662,0,0,0
05116,09663,10,10,0
05116,09671,10,10,0
05116,09672,0,0,0
05116,09673,0,0,0
05116,09674,0,0,0
05116,09675,0,0,0
05116,09676,0,0,0
05116,09677,0,0,0
05116,09678,0,0,0
05116,09679,24,24,0
05116,09761,17,17,0
05116,09762,0,0,0
05116,09763,0,0,0
05116,09764,0,0,0
05116,09771,0,0,0
05116,09772,23,13,10
05116,09773,0,0,0
05116,09774,0,0,0
05116,09775,18,0,18
05116,09776,0,0,0
05116,09777,0,0,0
05116,09778,0,0,0
05116,09779,0,0,0
05116,09780,0,0,0
05116,10041,30,12,18
05116,10042,0,0,0
05116,10043,10,0,10
05116,10044,0,0,0
05116,10045,0,0,0
05116,10046,0,0,0
05116,11000,345,119,226
05116,12051,0,0,0
05116,12052,0,0,0
05116,12053,0,0,0
05116,12054,10,0,10
05116,12060,0,0,0
05116,12061,10,10,0
05116,12062,0,0,0
05116,12063,0,0,0
05116,12064,0,0,0
05116,12065,0,0,0
05116,12066,0,0,0
05116,12067,0,0,0
05116,12068,0,0,0
05116,12069,11,11,0
05116,12070,0,0,0
05116,12071,0,0,0
05116,12072,0,0,0
05116,12073,0,0,0
05116,13003,11,11,0
05116,13004,0,0,0
05116,13071,0,0,0
05116,13072,0,0,0
05116,13073,0,0,0
05116,13074,0,0,0
05116,13075,0,0,0
05116,13076,0,0,0
05116,14511,10,0,10
05116,14521,0,0,0
05116,14522,13,13,0
05116,14523,0,0,0
05116,14524,0,0,0
05116,14612,11,0,11
05116,14625,0,0,0
05116,14626,0,0,0
05116,14627,0,0,0
05116,14628,0,0,0
05116,14713,36,24,12
05116,14729,0,0,0
05116,14730,0,0,0
05116,15001,0,0,0
05116,15002,0,0,0
05116,15003,12,12,0
05116,15081,18,18,0
05116,15082,0,0,0
05116,15083,39,39,0
05116,15084,0,0,0
05116,15085,11,11,0
05116,15086,0,0,0
05116,15087,0,0,0
05116,15088,0,0,0
05116,15089,0,0,0
05116,15090,0,0,0
05116,15091,0,0,0
05116,16051,14,14,0
05116,16052,0,0,0
05116,16053,0,0,0
05116,16054,0,0,0
05116,16055,0,0,0
05116,16056,0,0,0
05116,16061,0,0,0
05116,16062,0,0,0
05116,16063,0,0,0
05116,16064,0,0,0
05116,16065,0,0,0
05116,16066,0,0,0
05116,16067,0,0,0
05116,16068,0,0,0
05116,16069,0,0,0
05116,16070,0,0,0
05116,16071,0,0,0
05116,16072,0,0,0
05116,16073,0,0,0
05116,16074,0,0,0
05116,16075,0,0,0
05116,16076,0,0,0
05116,16077,0,0,0
05117,01001,0,0,0
05117,01002,0,0,0
05117,01003,0,0,0
05117,01004,0,0,0
05117,01051,0,0,0
05117,01053,0,0,0
05117,01054,0,0,0
05117,01055,0,0,0
05117,01056,0,0,0
05117,01057,0,0,0
05117,01058,0,0,0
05117,01059,0,0,0
05117,01060,0,0,0
05117,01061,0,0,0
05117,01062,14,0,14
05117,02000,168,51,117
05117,03101,17,0,17
05117,03102,0,0,0
05117,03103,12,0,12
05117,03151,0,0,0
05117,03153,0,0,0
05117,03154,0,0,0
05117,03155,0,0,0
05117,03157,0,0,0
05117,03158,0,0,0
05117,03159,0,0,0
05117,03241,89,30,59
05117,03251,11,11,0
05117,03252,0,0,0
05117,03254,10,10,0
05117,03255,0,0,0
05117,03256,0,0,0
05117,03257,10,10,0
05117,03351,0,0,0
05117,03352,0,0,0
05117,03353,14,14,0
05117,03354,11,11,0
05117,03355,0,0,0
05117,03356,0,0,0
05117,03357,0,0,0
05117,03358,0,0,0
05117,03359,0,0,0
05117,03360,0,0,0
05117,03361,0,0,0
05117,03401,0,0,0
05117,03402,0,0,0
05117,03403,0,0,0
05117,03404,31,14,17
05117,03405,13,13,0
05117,03451,0,0,0
05117,03452,11,11,0
05117,03453,0,0,0
05117,03454,44,22,22
05117,03455,0,0,0
05117,03456,12,12,0
05117,03457,10,10,0
05117,03458,0,0,0
05117,03459,43,32,11
05117,03460,0,0,0
05117,03461,0,0,0
05117,03462,0,0,0
05117,04011,58,25,33
05117,04012,29,29,0
05117,05111,6330,1424,4906
05117,05112,10514,5214,5300
05117,05113,17946,7701,10245
05117,05114,1008,374,634
05117,05116,284,138,146
05117,05117,0,0,0
05117,05119,9572,6137,3435
05117,05120,78,29,49
05117,05122,172,105,67
05117,05124,441,202,239
05117,05154,518,393,125
05117,05158,3771,1387,2384
05117,05162,794,393,401
05117,05166,525,308,217
05117,05170,3583,2549,1034
05117,05314,112,25,87
05117,05315,915,285,630
05117,05316,163,64,99
05117,05334,123,59,64
05117,05358,50,32,18
05117,05362,192,83,109
05117,05366,17,17,0
05117,05370,67,52,15
05117,05374,71,34,37
05117,05378,148,93,55
05117,05382,121,65,56
05117,05512,1323,976,347
05117,05513,1467,943,524
05117,05515,111,40,71
05117,05554,307,207,100
05117,05558,97,67,30
05117,05562,1750,1253,497
05117,05566,102,31,71
05117,05570,55,34,21
05117,05711,53,20,33
05117,05754,57,18,39
05117,05758,11,0,11
05117,05762,0,0,0
05117,05766,15,0,15
05117,05770,36,16,20
05117,05774,25,25,0
05117,05911,1817,997,820
05117,05913,1111,433,678
05117,05914,111,48,63
05117,05915,66,38,28
05117,05916,550,398,152
05117,05954,539,340,199
05117,05958,42,16,26
05117,05962,113,62,51
05117,05966,0,0,0
05117,05970,17,0,17
05117,05974,43,22,21
05117,05978,264,167,97
05117,06411,17,0,17
05117,06412,266,60,206
05117,06413,16,0,16
05117,06414,30,10,20
05117,06431,14,0,14
05117,06432,11,0,11
05117,06433,15,0,15
05117,06434,31,0,31
05117,06435,25,10,15
05117,06436,41,10,31
05117,06437,0,0,0
05117,06438,52,18,34
05117,06439,11,11,0
05117,06440,25,10,15
05117,06531,14,14,0
05117,06532,10,0,10
05117,06533,15,15,0
05117,06534,0,0,0
05117,06535,0,0,0
05117,06611,11,0,11
05117,06631,0,0,0
05117,06632,0,0,0
05117,06633,0,0,0
05117,06634,0,0,0
05117,06635,0,0,0
05117,06636,0,0,0
05117,07111,0,0,0
05117,07131,0,0,0
05117,07132,0,0,0
05117,07133,13,13,0
05117,07134,0,0,0
05117,07135,0,0,0
05117,07137,12,12,0
05117,07138,15,15,0
05117,07140,0,0,0
05117,07141,21,11,10
05117,07143,14,14,0
05117,07211,0,0,0
05117,07231,0,0,0
05117,07232,0,0,0
05117,07233,0,0,0
05117,07235,0,0,0
05117,07311,0,0,0
05117,07312,0,0,0
05117,07313,0,0,0
05117,07314,23,23,0
05117,07315,0,0,0
05117,07316,0,0,0
05117,07317,0,0,0
05117,07318,0,0,0
05117,07319,0,0,0
05117,07320,0,0,0
05117,07331,0,0,0
05117,07332,0,0,0
05117,07333,0,0,0
05117,07334,0,0,0
05117,07335,0,0,0
05117,07336,0,0,0
05117,07337,0,0,0
05117,07338,0,0,0
05117,07339,11,11,0
05117,07340,0,0,0
05117,08111,72,27,45
05117,08115,33,18,15
05117,08116,42,21,21
05117,08117,0,0,0
05117,08118,39,16,23
05117,08119,15,15,0
05117,08121,0,0,0
05117,08125,10,0,10
05117,08126,11,0,11
05117,08127,0,0,0
05117,08128,0,0,0
05117,08135,0,0,0
05117,08136,0,0,0
05117,08211,0,0,0
05117,08212,20,0,20
05117,08215,25,0,25
05117,08216,0,0,0
05117,08221,0,0,0
05117,08222,74,38,36
05117,08225,0,0,0
05117,08226,55,26,29
05117,08231,0,0,0
05117,08235,0,0,0
05117,08236,0,0,0
05117,08237,0,0,0
05117,08311,11,0,11
05117,08315,0,0,0
05117,08316,0,0,0
05117,08317,13,13,0
05117,08325,0,0,0
05117,08326,14,14,0
05117,08327,0,0,0
05117,08335,0,0,0
05117,08336,0,0,0
05117,08337,0,0,0
05117,08415,0,0,0
05117,08416,0,0,0
05117,08417,0,0,0
05117,08421,0,0,0
05117,08425,0,0,0
05117,08426,0,0,0
05117,08435,0,0,0
05117,08436,0,0,0
05117,08437,0,0,0
05117,09161,0,0,0
05117,09162,221,47,174
05117,09163,0,0,0
05117,09171,0,0,0
05117,09172,0,0,0
05117,09173,0,0,0
05117,09174,0,0,0
05117,09175,0,0,0
05117,09176,0,0,0
05117,09177,0,0,0
05117,09178,13,0,13
05117,09179,0,0,0
05117,09180,0,0,0
05117,09181,0,0,0
05117,09182,0,0,0
05117,09183,0,0,0
05117,09184,72,0,72
05117,09185,0,0,0
05117,09186,0,0,0
05117,09187,0,0,0
05117,09188,0,0,0
05117,09189,0,0,0
05117,09190,0,0,0
05117,09261,0,0,0
05117,09262,0,0,0
05117,09263,0,0,0
05117,09271,0,0,0
05117,09272,0,0,0
05117,09273,0,0,0
05117,09274,0,0,0
05117,09275,0,0,0
05117,09276,0,0,0
05117,09277,0,0,0
05117,09278,0,0,0
05117,09279,0,0,0
05117,09361,0,0,0
05117,09362,29,0,29
05117,09363,0,0,0
05117,09371,0,0,0
05117,09372,0,0,0
05117,09373,0,0,0
05117,09374,0,0,0
05117,09375,0,0,0
05117,09376,0,0,0
05117,09377,0,0,0
05117,09461,0,0,0
05117,09462,0,0,0
05117,09463,0,0,0
05117,09464,0,0,0
05117,09471,0,0,0
05117,09472,0,0,0
05117,09473,0,0,0
05117,09474,0,0,0
05117,09475,0,0,0
05117,09476,0,0,0
05117,09477,0,0,0
05117,09478,0,0,0
05117,09479,0,0,0
05117,09561,0,0,0
05117,09562,22,0,22
05117,09563,0,0,0
05117,09564,27,0,27
05117,09565,0,0,0
05117,09571,0,0,0
05117,09572,0,0,0
05117,09573,0,0,0
05117,09574,0,0,0
05117,09575,0,0,0
05117,09576,0,0,0
05117,09577,0,0,0
05117,09661,0,0,0
05117,09662,0,0,0
05117,09663,0,0,0
05117,09671,0,0,0
05117,09672,0,0,0
05117,09673,0,0,0
05117,09674,0,0,0
05117,09675,0,0,0
05117,09676,10,0,10
05117,09677,0,0,0
05117,09678,0,0,0
05117,09679,0,0,0
05117,09761,11,0,11
05117,09762,0,0,0
05117,09763,0,0,0
05117,09764,0,0,0
05117,09771,0,0,0
05117,09772,15,15,0
05117,09773,0,0,0
05117,09774,0,0,0
05117,09775,0,0,0
05117,09776,0,0,0
05117,09777,0,0,0
05117,09778,0,0,0
05117,09779,0,0,0
05117,09780,0,0,0
05117,10041,16,16,0
05117,10042,0,0,0
05117,10043,0,0,0
05117,10044,15,15,0
05117,10045,0,0,0
05117,10046,0,0,0
05117,11000,368,168,200
05117,12051,0,0,0
05117,12052,0,0,0
05117,12053,0,0,0
05117,12054,0,0,0
05117,12060,18,18,0
05117,12061,0,0,0
05117,12062,0,0,0
05117,12063,0,0,0
05117,12064,0,0,0
05117,12065,0,0,0
05117,12066,0,0,0
05117,12067,10,10,0
05117,12068,0,0,0
05117,12069,13,13,0
05117,12070,0,0,0
05117,12071,10,10,0
05117,12072,0,0,0
05117,12073,80,80,0
05117,13003,0,0,0
05117,13004,0,0,0
05117,13071,0,0,0
05117,13072,0,0,0
05117,13073,0,0,0
05117,13074,0,0,0
05117,13075,13,13,0
05117,13076,0,0,0
05117,14511,0,0,0
05117,14521,0,0,0
05117,14522,0,0,0
05117,14523,0,0,0
05117,14524,0,0,0
05117,14612,12,12,0
05117,14625,15,15,0
05117,14626,0,0,0
05117,14627,0,0,0
05117,14628,0,0,0
05117,14713,23,11,12
05117,14729,0,0,0
05117,14730,0,0,0
05117,15001,0,0,0
05117,15002,0,0,0
05117,15003,0,0,0
05117,15081,14,14,0
05117,15082,0,0,0
05117,15083,0,0,0
05117,15084,0,0,0
05117,15085,0,0,0
05117,15086,0,0,0
05117,15087,0,0,0
05117,15088,0,0,0
05117,15089,0,0,0
05117,15090,0,0,0
05117,15091,0,0,0
05117,16051,11,11,0
05117,16052,0,0,0
05117,16053,0,0,0
05117,16054,0,0,0
05117,16055,0,0,0
05117,16056,0,0,0
05117,16061,14,14,0
05117,16062,0,0,0
05117,16063,0,0,0
05117,16064,0,0,0
05117,16065,0,0,0
05117,16066,0,0,0
05117,16067,0,0,0
05117,16068,0,0,0
05117,16069,0,0,0
05117,16070,0,0,0
05117,16071,0,0,0
05117,16072,0,0,0
05117,16073,0,0,0
05117,16074,0,0,0
05117,16075,0,0,0
05117,16076,0,0,0
05117,16077,0,0,0
05119,01001,0,0,0
05119,01002,15,0,15
05119,01003,0,0,0
05119,01004,0,0,0
05119,01051,0,0,0
05119,01053,0,0,0
05119,01054,0,0,0
05119,01055,0,0,0
05119,01056,10,0,10
05119,01057,0,0,0
05119,01058,0,0,0
05119,01059,0,0,0
05119,01060,0,0,0
05119,01061,0,0,0
05119,01062,0,0,0
05119,02000,296,114,182
05119,03101,0,0,0
05119,03102,0,0,0
05119,03103,10,0,10
05119,03151,0,0,0
05119,03153,14,14,0
05119,03154,0,0,0
05119,03155,0,0,0
05119,03157,0,0,0
05119,03158,0,0,0
05119,03159,28,16,12
05119,03241,109,44,65
05119,03251,24,12,12
05119,03252,11,0,11
05119,03254,0,0,0
05119,03255,0,0,0
05119,03256,0,0,0
05119,03257,0,0,0
05119,03351,0,0,0
05119,03352,0,0,0
05119,03353,17,17,0
05119,03354,0,0,0
05119,03355,0,0,0
05119,03356,0,0,0
05119,03357,0,0,0
05119,03358,0,0,0
05119,03359,0,0,0
05119,03360,0,0,0
05119,03361,0,0,0
05119,03401,0,0,0
05119,03402,0,0,0
05119,03403,0,0,0
05119,03404,61,25,36
05119,03405,0,0,0
05119,03451,0,0,0
05119,03452,0,0,0
05119,03453,0,0,0
05119,03454,94,48,46
05119,03455,0,0,0
05119,03456,24,13,11
05119,03457,13,13,0
05119,03458,0,0,0
05119,03459,65,40,25
05119,03460,0,0,0
05119,03461,0,0,0
05119,03462,0,0,0
05119,04011,115,52,63
05119,04012,0,0,0
05119,05111,5038,749,4289
05119,05112,16341,6961,9380
05119,05113,12114,4431,7683
05119,05114,986,341,645
05119,05116,280,122,158
05119,05117,9572,3435,6137
05119,05119,0,0,0
05119,05120,70,33,37
05119,05122,140,65,75
05119,05124,315,141,174
05119,05154,735,471,264
05119,05158,2098,514,1584
05119,05162,623,230,393
05119,05166,455,237,218
05119,05170,8302,5098,3204
05119,05314,193,103,90
05119,05315,1017,378,639
05119,05316,198,103,95
05119,05334,193,139,54
05119,05358,69,38,31
05119,05362,318,160,158
05119,05366,42,28,14
05119,05370,92,68,24
05119,05374,66,34,32
05119,05378,129,89,40
05119,05382,195,142,53
05119,05512,5461,3054,2407
05119,05513,2550,1337,1213
05119,05515,171,61,110
05119,05554,697,416,281
05119,05558,179,119,60
05119,05562,3603,2226,1377
05119,05566,139,67,72
05119,05570,82,43,39
05119,05711,66,35,31
05119,05754,63,23,40
05119,05758,13,0,13
05119,05762,0,0,0
05119,05766,55,41,14
05119,05770,23,10,13
05119,05774,108,86,22
05119,05911,1593,771,822
05119,05913,1573,721,852
05119,05914,269,173,96
05119,05915,147,101,46
05119,05916,819,464,355
05119,05954,520,312,208
05119,05958,61,42,19
05119,05962,109,59,50
05119,05966,31,31,0
05119,05970,57,36,21
05119,05974,75,47,28
05119,05978,435,256,179
05119,06411,16,0,16
05119,06412,203,28,175
05119,06413,10,10,0
05119,06414,12,0,12
05119,06431,35,21,14
05119,06432,10,10,0
05119,06433,29,10,19
05119,06434,45,12,33
05119,06435,82,54,28
05119,06436,29,0,29
05119,06437,0,0,0
05119,06438,66,19,47
05119,06439,0,0,0
05119,06440,20,20,0
05119,06531,22,12,10
05119,06532,34,34,0
05119,06533,0,0,0
05119,06534,12,12,0
05119,06535,0,0,0
05119,06611,25,25,0
05119,06631,0,0,0
05119,06632,0,0,0
05119,06633,19,19,0
05119,06634,10,0,10
05119,06635,13,13,0
05119,06636,0,0,0
05119,07111,11,0,11
05119,07131,23,23,0
05119,07132,23,13,10
05119,07133,12,12,0
05119,07134,0,0,0
05119,07135,0,0,0
05119,07137,20,20,0
05119,07138,26,11,15
05119,07140,0,0,0
05119,07141,0,0,0
05119,07143,28,11,17
05119,07211,0,0,0
05119,07231,10,10,0
05119,07232,13,13,0
05119,07233,11,11,0
05119,07235,0,0,0
05119,07311,0,0,0
05119,07312,0,0,0
05119,07313,0,0,0
05119,07314,10,10,0
05119,07315,0,0,0
05119,07316,0,0,0
05119,07317,0,0,0
05119,07318,0,0,0
05119,07319,10,10,0
05119,07320,0,0,0
05119,07331,17,17,0
05119,07332,0,0,0
05119,07333,0,0,0
05119,07334,0,0,0
05119,07335,0,0,0
05119,07336,0,0,0
05119,07337,0,0,0
05119,07338,0,0,0
05119,07339,0,0,0
05119,07340,0,0,0
05119,08111,91,20,71
05119,08115,49,38,11
05119,08116,48,18,30
05119,08117,0,0,0
05119,08118,49,18,31
05119,08119,0,0,0
05119,08121,0,0,0
05119,08125,21,11,10
05119,08126,15,0,15
05119,08127,0,0,0
05119,08128,0,0,0
05119,08135,0,0,0
05119,08136,0,0,0
05119,08211,0,0,0
05119,08212,42,11,31
05119,08215,40,14,26
05119,08216,0,0,0
05119,08221,11,0,11
05119,08222,59,18,41
05119,08225,0,0,0
05119,08226,49,16,33
05119,08231,0,0,0
05119,08235,0,0,0
05119,08236,0,0,0
05119,08237,0,0,0
05119,08311,0,0,0
05119,08315,0,0,0
05119,08316,0,0,0
05119,08317,13,13,0
05119,08325,0,0,0
05119,08326,16,16,0
05119,08327,0,0,0
05119,08335,10,10,0
05119,08336,0,0,0
05119,08337,0,0,0
05119,08415,44,34,10
05119,08416,0,0,0
05119,08417,0,0,0
05119,08421,0,0,0
05119,08425,0,0,0
05119,08426,0,0,0
05119,08435,0,0,0
05119,08436,0,0,0
05119,08437,0,0,0
05119,09161,0,0,0
05119,09162,255,111,144
05119,09163,0,0,0
05119,09171,0,0,0
05119,09172,0,0,0
05119,09173,0,0,0
05119,09174,0,0,0
05119,09175,0,0,0
05119,09176,0,0,0
05119,09177,0,0,0
05119,09178,0,0,0
05119,09179,0,0,0
05119,09180,0,0,0
05119,09181,0,0,0
05119,09182,0,0,0
05119,09183,0,0,0
05119,09184,61,22,39
05119,09185,0,0,0
05119,09186,0,0,0
05119,09187,0,0,0
05119,09188,0,0,0
05119,09189,0,0,0
05119,09190,0,0,0
05119,09261,0,0,0
05119,09262,0,0,0
05119,09263,0,0,0
05119,09271,0,0,0
05119,09272,0,0,0
05119,09273,0,0,0
05119,09274,0,0,0
05119,09275,0,0,0
05119,09276,0,0,0
05119,09277,0,0,0
05119,09278,0,0,0
05119,09279,0,0,0
05119,09361,0,0,0
05119,09362,29,0,29
05119,09363,0,0,0
05119,09371,0,0,0
05119,09372,0,0,0
05119,09373,0,0,0
05119,09374,0,0,0
05119,09375,0,0,0
05119,09376,0,0,0
05119,09377,0,0,0
05119,09461,0,0,0
05119,09462,0,0,0
05119,09463,0,0,0
05119,09464,0,0,0
05119,09471,0,0,0
05119,09472,0,0,0
05119,09473,0,0,0
05119,09474,0,0,0
05119,09475,0,0,0
05119,09476,0,0,0
05119,09477,0,0,0
05119,09478,0,0,0
05119,09479,0,0,0
05119,09561,0,0,0
05119,09562,0,0,0
05119,09563,0,0,0
05119,09564,53,22,31
05119,09565,0,0,0
05119,09571,0,0,0
05119,09572,0,0,0
05119,09573,0,0,0
05119,09574,0,0,0
05119,09575,0,0,0
05119,09576,57,57,0
05119,09577,0,0,0
05119,09661,0,0,0
05119,09662,0,0,0
05119,09663,0,0,0
05119,09671,17,17,0
05119,09672,0,0,0
05119,09673,0,0,0
05119,09674,0,0,0
05119,09675,0,0,0
05119,09676,0,0,0
05119,09677,0,0,0
05119,09678,0,0,0
05119,09679,0,0,0
05119,09761,15,0,15
05119,09762,0,0,0
05119,09763,0,0,0
05119,09764,0,0,0
05119,09771,0,0,0
05119,09772,12,12,0
05119,09773,0,0,0
05119,09774,0,0,0
05119,09775,0,0,0
05119,09776,0,0,0
05119,09777,0,0,0
05119,09778,0,0,0
05119,09779,0,0,0
05119,09780,0,0,0
05119,10041,23,10,13
05119,10042,0,0,0
05119,10043,0,0,0
05119,10044,0,0,0
05119,10045,0,0,0
05119,10046,0,0,0
05119,11000,260,114,146
05119,12051,19,19,0
05119,12052,0,0,0
05119,12053,0,0,0
05119,12054,0,0,0
05119,12060,11,0,11
05119,12061,0,0,0
05119,12062,10,10,0
05119,12063,0,0,0
05119,12064,0,0,0
05119,12065,0,0,0
05119,12066,0,0,0
05119,12067,0,0,0
05119,12068,0,0,0
05119,12069,0,0,0
05119,12070,0,0,0
05119,12071,0,0,0
05119,12072,0,0,0
05119,12073,14,14,0
05119,13003,0,0,0
05119,13004,0,0,0
05119,13071,0,0,0
05119,13072,0,0,0
05119,13073,11,0,11
05119,13074,0,0,0
05119,13075,0,0,0
05119,13076,0,0,0
05119,14511,0,0,0
05119,14521,0,0,0
05119,14522,0,0,0
05119,14523,0,0,0
05119,14524,0,0,0
05119,14612,12,12,0
05119,14625,0,0,0
05119,14626,0,0,0
05119,14627,0,0,0
05119,14628,0,0,0
05119,14713,25,13,12
05119,14729,12,12,0
05119,14730,0,0,0
05119,15001,0,0,0
05119,15002,0,0,0
05119,15003,0,0,0
05119,15081,0,0,0
05119,15082,0,0,0
05119,15083,0,0,0
05119,15084,19,19,0
05119,15085,35,35,0
05119,15086,0,0,0
05119,15087,0,0,0
05119,15088,22,12,10
05119,15089,0,0,0
05119,15090,0,0,0
05119,15091,11,11,0
05119,16051,15,15,0
05119,16052,0,0,0
05119,16053,0,0,0
05119,16054,0,0,0
05119,16055,0,0,0
05119,16056,0,0,0
05119,16061,0,0,0
05119,16062,0,0,0
05119,16063,0,0,0
05119,16064,0,0,0
05119,16065,0,0,0
05119,16066,0,0,0
05119,16067,0,0,0
05119,16068,0,0,0
05119,16069,0,0,0
05119,16070,0,0,0
05119,16071,0,0,0
05119,16072,0,0,0
05119,16073,0,0,0
05119,16074,0,0,0
05119,16075,0,0,0
05119,16076,0,0,0
05119,16077,0,0,0
05120,01001,0,0,0
05120,01002,0,0,0
05120,01003,0,0,0
05120,01004,0,0,0
05120,01051,0,0,0
05120,01053,0,0,0
05120,01054,0,0,0
05120,01055,0,0,0
05120,01056,0,0,0
05120,01057,0,0,0
05120,01058,0,0,0
05120,01059,0,0,0
05120,01060,0,0,0
05120,01061,0,0,0
05120,01062,0,0,0
05120,02000,78,15,63
05120,03101,11,11,0
05120,03102,0,0,0
05120,03103,0,0,0
05120,03151,0,0,0
05120,03153,0,0,0
05120,03154,0,0,0
05120,03155,0,0,0
05120,03157,14,14,0
05120,03158,0,0,0
05120,03159,0,0,0
05120,03241,83,50,33
05120,03251,0,0,0
05120,03252,13,13,0
05120,03254,10,10,0
05120,03255,0,0,0
05120,03256,0,0,0
05120,03257,0,0,0
05120,03351,0,0,0
05120,03352,0,0,0
05120,03353,0,0,0
05120,03354,0,0,0
05120,03355,0,0,0
05120,03356,0,0,0
05120,03357,0,0,0
05120,03358,0,0,0
05120,03359,0,0,0
05120,03360,0,0,0
05120,03361,0,0,0
05120,03401,0,0,0
05120,03402,0,0,0
05120,03403,13,13,0
05120,03404,12,12,0
05120,03405,0,0,0
05120,03451,12,12,0
05120,03452,0,0,0
05120,03453,0,0,0
05120,03454,12,12,0
05120,03455,0,0,0
05120,03456,0,0,0
05120,03457,0,0,0
05120,03458,0,0,0
05120,03459,61,50,11
05120,03460,0,0,0
05120,03461,0,0,0
05120,03462,0,0,0
05120,04011,30,17,13
05120,04012,0,0,0
05120,05111,1501,505,996
05120,05112,166,95,71
05120,05113,500,267,233
05120,05114,85,47,38
05120,05116,84,50,34
05120,05117,78,49,29
05120,05119,70,37,33
05120,05120,0,0,0
05120,05122,3510,1657,1853
05120,05124,10300,5355,4945
05120,05154,54,36,18
05120,05158,2035,920,1115
05120,05162,308,132,176
05120,05166,74,44,30
05120,05170,101,57,44
05120,05314,191,76,115
05120,05315,1650,733,917
05120,05316,696,384,312
05120,05334,99,76,23
05120,05358,51,31,20
05120,05362,265,156,109
05120,05366,38,38,0
05120,05370,27,15,12
05120,05374,4966,3133,1833
05120,05378,5715,3358,2357
05120,05382,172,107,65
05120,05512,30,30,0
05120,05513,117,81,36
05120,05515,37,18,19
05120,05554,34,21,13
05120,05558,36,17,19
05120,05562,214,169,45
05120,05566,34,22,12
05120,05570,0,0,0
05120,05711,27,27,0
05120,05754,76,54,22
05120,05758,0,0,0
05120,05762,0,0,0
05120,05766,20,10,10
05120,05770,0,0,0
05120,05774,12,12,0
05120,05911,421,310,111
05120,05913,455,255,200
05120,05914,344,202,142
05120,05915,77,55,22
05120,05916,89,75,14
05120,05954,1719,1080,639
05120,05958,36,18,18
05120,05962,378,238,140
05120,05966,61,19,42
05120,05970,45,27,18
05120,05974,38,28,10
05120,05978,136,97,39
05120,06411,0,0,0
05120,06412,49,0,49
05120,06413,0,0,0
05120,06414,0,0,0
05120,06431,0,0,0
05120,06432,0,0,0
05120,06433,0,0,0
05120,06434,15,0,15
05120,06435,0,0,0
05120,06436,14,0,14
05120,06437,0,0,0
05120,06438,14,0,14
05120,06439,0,0,0
05120,06440,0,0,0
05120,06531,0,0,0
05120,06532,0,0,0
05120,06533,0,0,0
05120,06534,0,0,0
05120,06535,0,0,0
05120,06611,0,0,0
05120,06631,0,0,0
05120,06632,0,0,0
05120,06633,0,0,0
05120,06634,0,0,0
05120,06635,0,0,0
05120,06636,0,0,0
05120,07111,11,0,11
05120,07131,0,0,0
05120,07132,10,10,0
05120,07133,0,0,0
05120,07134,0,0,0
05120,07135,0,0,0
05120,07137,0,0,0
05120,07138,25,15,10
05120,07140,0,0,0
05120,07141,0,0,0
05120,07143,17,17,0
05120,07211,0,0,0
05120,07231,0,0,0
05120,07232,0,0,0
05120,07233,0,0,0
05120,07235,0,0,0
05120,07311,0,0,0
05120,07312,0,0,0
05120,07313,0,0,0
05120,07314,0,0,0
05120,07315,0,0,0
05120,07316,0,0,0
05120,07317,0,0,0
05120,07318,0,0,0
05120,07319,0,0,0
05120,07320,0,0,0
05120,07331,0,0,0
05120,07332,0,0,0
05120,07333,0,0,0
05120,07334,0,0,0
05120,07335,0,0,0
05120,07336,0,0,0
05120,07337,0,0,0
05120,07338,0,0,0
05120,07339,0,0,0
05120,07340,0,0,0
05120,08111,37,19,18
05120,08115,0,0,0
05120,08116,30,17,13
05120,08117,0,0,0
05120,08118,11,0,11
05120,08119,0,0,0
05120,08121,0,0,0
05120,08125,0,0,0
05120,08126,0,0,0
05120,08127,0,0,0
05120,08128,0,0,0
05120,08135,0,0,0
05120,08136,0,0,0
05120,08211,0,0,0
05120,08212,0,0,0
05120,08215,0,0,0
05120,08216,0,0,0
05120,08221,0,0,0
05120,08222,16,0,16
05120,08225,0,0,0
05120,08226,43,33,10
05120,08231,0,0,0
05120,08235,0,0,0
05120,08236,0,0,0
05120,08237,0,0,0
05120,08311,0,0,0
05120,08315,0,0,0
05120,08316,0,0,0
05120,08317,0,0,0
05120,08325,0,0,0
05120,08326,0,0,0
05120,08327,0,0,0
05120,08335,0,0,0
05120,08336,0,0,0
05120,08337,0,0,0
05120,08415,14,14,0
05120,08416,0,0,0
05120,08417,0,0,0
05120,08421,0,0,0
05120,08425,36,36,0
05120,08426,0,0,0
05120,08435,0,0,0
05120,08436,0,0,0
05120,08437,0,0,0
05120,09161,0,0,0
05120,09162,73,29,44
05120,09163,0,0,0
05120,09171,0,0,0
05120,09172,0,0,0
05120,09173,0,0,0
05120,09174,0,0,0
05120,09175,0,0,0
05120,09176,0,0,0
05120,09177,0,0,0
05120,09178,0,0,0
05120,09179,0,0,0
05120,09180,0,0,0
05120,09181,0,0,0
05120,09182,0,0,0
05120,09183,0,0,0
05120,09184,13,0,13
05120,09185,0,0,0
05120,09186,0,0,0
05120,09187,0,0,0
05120,09188,0,0,0
05120,09189,0,0,0
05120,09190,0,0,0
05120,09261,0,0,0
05120,09262,0,0,0
05120,09263,0,0,0
05120,09271,17,17,0
05120,09272,0,0,0
05120,09273,18,18,0
05120,09274,0,0,0
05120,09275,0,0,0
05120,09276,0,0,0
05120,09277,0,0,0
05120,09278,0,0,0
05120,09279,0,0,0
05120,09361,0,0,0
05120,09362,0,0,0
05120,09363,0,0,0
05120,09371,0,0,0
05120,09372,0,0,0
05120,09373,0,0,0
05120,09374,0,0,0
05120,09375,11,11,0
05120,09376,0,0,0
05120,09377,0,0,0
05120,09461,0,0,0
05120,09462,0,0,0
05120,09463,0,0,0
05120,09464,0,0,0
05120,09471,0,0,0
05120,09472,0,0,0
05120,09473,0,0,0
05120,09474,0,0,0
05120,09475,0,0,0
05120,09476,0,0,0
05120,09477,0,0,0
05120,09478,0,0,0
05120,09479,0,0,0
05120,09561,0,0,0
05120,09562,0,0,0
05120,09563,0,0,0
05120,09564,17,17,0
05120,09565,0,0,0
05120,09571,0,0,0
05120,09572,0,0,0
05120,09573,0,0,0
05120,09574,0,0,0
05120,09575,0,0,0
05120,09576,0,0,0
05120,09577,0,0,0
05120,09661,0,0,0
05120,09662,0,0,0
05120,09663,0,0,0
05120,09671,0,0,0
05120,09672,0,0,0
05120,09673,0,0,0
05120,09674,0,0,0
05120,09675,0,0,0
05120,09676,0,0,0
05120,09677,0,0,0
05120,09678,0,0,0
05120,09679,0,0,0
05120,09761,0,0,0
05120,09762,0,0,0
05120,09763,0,0,0
05120,09764,0,0,0
05120,09771,0,0,0
05120,09772,0,0,0
05120,09773,0,0,0
05120,09774,0,0,0
05120,09775,0,0,0
05120,09776,0,0,0
05120,09777,0,0,0
05120,09778,0,0,0
05120,09779,0,0,0
05120,09780,0,0,0
05120,10041,0,0,0
05120,10042,0,0,0
05120,10043,0,0,0
05120,10044,0,0,0
05120,10045,0,0,0
05120,10046,0,0,0
05120,11000,82,38,44
05120,12051,0,0,0
05120,12052,0,0,0
05120,12053,0,0,0
05120,12054,0,0,0
05120,12060,0,0,0
05120,12061,0,0,0
05120,12062,0,0,0
05120,12063,0,0,0
05120,12064,0,0,0
05120,12065,0,0,0
05120,12066,0,0,0
05120,12067,0,0,0
05120,12068,0,0,0
05120,12069,0,0,0
05120,12070,0,0,0
05120,12071,0,0,0
05120,12072,0,0,0
05120,12073,0,0,0
05120,13003,0,0,0
05120,13004,0,0,0
05120,13071,0,0,0
05120,13072,0,0,0
05120,13073,0,0,0
05120,13074,0,0,0
05120,13075,0,0,0
05120,13076,0,0,0
05120,14511,14,14,0
05120,14521,0,0,0
05120,14522,0,0,0
05120,14523,0,0,0
05120,14524,0,0,0
05120,14612,0,0,0
05120,14625,0,0,0
05120,14626,0,0,0
05120,14627,0,0,0
05120,14628,0,0,0
05120,14713,0,0,0
05120,14729,0,0,0
05120,14730,0,0,0
05120,15001,0,0,0
05120,15002,0,0,0
05120,15003,0,0,0
05120,15081,0,0,0
05120,15082,0,0,0
05120,15083,0,0,0
05120,15084,0,0,0
05120,15085,0,0,0
05120,15086,0,0,0
05120,15087,0,0,0
05120,15088,0,0,0
05120,15089,0,0,0
05120,15090,0,0,0
05120,15091,0,0,0
05120,16051,0,0,0
05120,16052,0,0,0
05120,16053,0,0,0
05120,16054,0,0,0
05120,16055,0,0,0
05120,16056,0,0,0
05120,16061,0,0,0
05120,16062,0,0,0
05120,16063,0,0,0
05120,16064,0,0,0
05120,16065,0,0,0
05120,16066,0,0,0
05120,16067,0,0,0
05120,16068,0,0,0
05120,16069,0,0,0
05120,16070,0,0,0
05120,16071,0,0,0
05120,16072,0,0,0
05120,16073,0,0,0
05120,16074,0,0,0
05120,16075,0,0,0
05120,16076,0,0,0
05120,16077,0,0,0
05122,01001,0,0,0
05122,01002,11,11,0
05122,01003,0,0,0
05122,01004,0,0,0
05122,01051,0,0,0
05122,01053,0,0,0
05122,01054,0,0,0
05122,01055,0,0,0
05122,01056,10,10,0
05122,01057,0,0,0
05122,01058,39,13,26
05122,01059,0,0,0
05122,01060,23,10,13
05122,01061,0,0,0
05122,01062,17,0,17
05122,02000,205,80,125
05122,03101,22,22,0
05122,03102,14,14,0
05122,03103,0,0,0
05122,03151,0,0,0
05122,03153,21,21,0
05122,03154,0,0,0
05122,03155,0,0,0
05122,03157,10,10,0
05122,03158,0,0,0
05122,03159,11,11,0
05122,03241,71,36,35
05122,03251,0,0,0
05122,03252,10,10,0
05122,03254,0,0,0
05122,03255,0,0,0
05122,03256,0,0,0
05122,03257,0,0,0
05122,03351,0,0,0
05122,03352,0,0,0
05122,03353,0,0,0
05122,03354,0,0,0
05122,03355,0,0,0
05122,03356,0,0,0
05122,03357,0,0,0
05122,03358,0,0,0
05122,03359,0,0,0
05122,03360,0,0,0
05122,03361,0,0,0
05122,03401,0,0,0
05122,03402,0,0,0
05122,03403,0,0,0
05122,03404,0,0,0
05122,03405,0,0,0
05122,03451,0,0,0
05122,03452,0,0,0
05122,03453,0,0,0
05122,03454,21,10,11
05122,03455,0,0,0
05122,03456,0,0,0
05122,03457,0,0,0
05122,03458,0,0,0
05122,03459,0,0,0
05122,03460,0,0,0
05122,03461,0,0,0
05122,03462,0,0,0
05122,04011,37,13,24
05122,04012,0,0,0
05122,05111,6193,1441,4752
05122,05112,409,184,225
05122,05113,752,337,415
05122,05114,186,60,126
05122,05116,171,82,89
05122,05117,172,67,105
05122,05119,140,75,65
05122,05120,3510,1853,1657
05122,05122,0,0,0
05122,05124,8166,4246,3920
05122,05154,86,38,48
05122,05158,12121,4058,8063
05122,05162,942,338,604
05122,05166,142,78,64
05122,05170,169,98,71
05122,05314,205,49,156
05122,05315,2943,750,2193
05122,05316,1839,842,997
05122,05334,95,36,59
05122,05358,66,33,33
05122,05362,401,172,229
05122,05366,48,25,23
05122,05370,75,45,30
05122,05374,520,319,201
05122,05378,2785,1605,1180
05122,05382,219,119,100
05122,05512,65,31,34
05122,05513,113,49,64
05122,05515,88,31,57
05122,05554,50,29,21
05122,05558,38,18,20
05122,05562,145,81,64
05122,05566,42,20,22
05122,05570,30,10,20
05122,05711,20,0,20
05122,05754,35,16,19
05122,05758,0,0,0
05122,05762,0,0,0
05122,05766,25,12,13
05122,05770,21,10,11
05122,05774,10,10,0
05122,05911,264,134,130
05122,05913,266,137,129
05122,05914,156,56,100
05122,05915,24,11,13
05122,05916,51,33,18
05122,05954,686,371,315
05122,05958,49,17,32
05122,05962,150,93,57
05122,05966,46,11,35
05122,05970,37,18,19
05122,05974,31,17,14
05122,05978,92,41,51
05122,06411,0,0,0
05122,06412,161,19,142
05122,06413,0,0,0
05122,06414,34,13,21
05122,06431,0,0,0
05122,06432,11,11,0
05122,06433,10,0,10
05122,06434,19,0,19
05122,06435,24,11,13
05122,06436,23,0,23
05122,06437,0,0,0
05122,06438,46,15,31
05122,06439,0,0,0
05122,06440,0,0,0
05122,06531,0,0,0
05122,06532,10,0,10
05122,06533,0,0,0
05122,06534,0,0,0
05122,06535,0,0,0
05122,06611,0,0,0
05122,06631,0,0,0
05122,06632,0,0,0
05122,06633,0,0,0
05122,06634,0,0,0
05122,06635,0,0,0
05122,06636,0,0,0
05122,07111,18,0,18
05122,07131,14,14,0
05122,07132,12,0,12
05122,07133,0,0,0
05122,07134,0,0,0
05122,07135,0,0,0
05122,07137,24,12,12
05122,07138,30,13,17
05122,07140,0,0,0
05122,07141,0,0,0
05122,07143,15,0,15
05122,07211,0,0,0
05122,07231,0,0,0
05122,07232,0,0,0
05122,07233,0,0,0
05122,07235,0,0,0
05122,07311,0,0,0
05122,07312,0,0,0
05122,07313,0,0,0
05122,07314,0,0,0
05122,07315,10,0,10
05122,07316,0,0,0
05122,07317,0,0,0
05122,07318,0,0,0
05122,07319,0,0,0
05122,07320,0,0,0
05122,07331,0,0,0
05122,07332,0,0,0
05122,07333,0,0,0
05122,07334,0,0,0
05122,07335,0,0,0
05122,07336,0,0,0
05122,07337,0,0,0
05122,07338,0,0,0
05122,07339,0,0,0
05122,07340,0,0,0
05122,08111,77,20,57
05122,08115,40,21,19
05122,08116,28,0,28
05122,08117,0,0,0
05122,08118,20,20,0
05122,08119,26,14,12
05122,08121,0,0,0
05122,08125,16,0,16
05122,08126,10,0,10
05122,08127,0,0,0
05122,08128,0,0,0
05122,08135,0,0,0
05122,08136,0,0,0
05122,08211,0,0,0
05122,08212,42,29,13
05122,08215,27,14,13
05122,08216,0,0,0
05122,08221,0,0,0
05122,08222,36,10,26
05122,08225,0,0,0
05122,08226,29,10,19
05122,08231,0,0,0
05122,08235,0,0,0
05122,08236,0,0,0
05122,08237,0,0,0
05122,08311,0,0,0
05122,08315,0,0,0
05122,08316,0,0,0
05122,08317,17,0,17
05122,08325,0,0,0
05122,08326,0,0,0
05122,08327,0,0,0
05122,08335,0,0,0
05122,08336,0,0,0
05122,08337,0,0,0
05122,08415,0,0,0
05122,08416,0,0,0
05122,08417,0,0,0
05122,08421,0,0,0
05122,08425,0,0,0
05122,08426,0,0,0
05122,08435,0,0,0
05122,08436,0,0,0
05122,08437,0,0,0
05122,09161,0,0,0
05122,09162,186,79,107
05122,09163,0,0,0
05122,09171,0,0,0
05122,09172,0,0,0
05122,09173,0,0,0
05122,09174,0,0,0
05122,09175,0,0,0
05122,09176,0,0,0
05122,09177,0,0,0
05122,09178,10,0,10
05122,09179,0,0,0
05122,09180,0,0,0
05122,09181,0,0,0
05122,09182,0,0,0
05122,09183,0,0,0
05122,09184,64,16,48
05122,09185,0,0,0
05122,09186,0,0,0
05122,09187,0,0,0
05122,09188,0,0,0
05122,09189,0,0,0
05122,09190,0,0,0
05122,09261,0,0,0
05122,09262,0,0,0
05122,09263,0,0,0
05122,09271,0,0,0
05122,09272,0,0,0
05122,09273,0,0,0
05122,09274,0,0,0
05122,09275,0,0,0
05122,09276,0,0,0
05122,09277,0,0,0
05122,09278,0,0,0
05122,09279,0,0,0
05122,09361,0,0,0
05122,09362,0,0,0
05122,09363,0,0,0
05122,09371,0,0,0
05122,09372,0,0,0
05122,09373,0,0,0
05122,09374,0,0,0
05122,09375,0,0,0
05122,09376,0,0,0
05122,09377,0,0,0
05122,09461,0,0,0
05122,09462,0,0,0
05122,09463,0,0,0
05122,09464,0,0,0
05122,09471,0,0,0
05122,09472,0,0,0
05122,09473,0,0,0
05122,09474,0,0,0
05122,09475,0,0,0
05122,09476,0,0,0
05122,09477,0,0,0
05122,09478,0,0,0
05122,09479,0,0,0
05122,09561,0,0,0
05122,09562,0,0,0
05122,09563,0,0,0
05122,09564,39,20,19
05122,09565,0,0,0
05122,09571,0,0,0
05122,09572,0,0,0
05122,09573,0,0,0
05122,09574,0,0,0
05122,09575,0,0,0
05122,09576,0,0,0
05122,09577,0,0,0
05122,09661,0,0,0
05122,09662,0,0,0
05122,09663,0,0,0
05122,09671,0,0,0
05122,09672,0,0,0
05122,09673,0,0,0
05122,09674,0,0,0
05122,09675,0,0,0
05122,09676,0,0,0
05122,09677,0,0,0
05122,09678,0,0,0
05122,09679,0,0,0
05122,09761,13,0,13
05122,09762,0,0,0
05122,09763,0,0,0
05122,09764,0,0,0
05122,09771,0,0,0
05122,09772,0,0,0
05122,09773,0,0,0
05122,09774,0,0,0
05122,09775,0,0,0
05122,09776,0,0,0
05122,09777,0,0,0
05122,09778,0,0,0
05122,09779,0,0,0
05122,09780,0,0,0
05122,10041,11,11,0
05122,10042,0,0,0
05122,10043,0,0,0
05122,10044,0,0,0
05122,10045,0,0,0
05122,10046,0,0,0
05122,11000,222,104,118
05122,12051,0,0,0
05122,12052,0,0,0
05122,12053,0,0,0
05122,12054,0,0,0
05122,12060,11,11,0
05122,12061,0,0,0
05122,12062,0,0,0
05122,12063,0,0,0
05122,12064,0,0,0
05122,12065,0,0,0
05122,12066,0,0,0
05122,12067,0,0,0
05122,12068,0,0,0
05122,12069,0,0,0
05122,12070,0,0,0
05122,12071,0,0,0
05122,12072,0,0,0
05122,12073,0,0,0
05122,13003,0,0,0
05122,13004,0,0,0
05122,13071,0,0,0
05122,13072,0,0,0
05122,13073,24,24,0
05122,13074,0,0,0
05122,13075,11,11,0
05122,13076,0,0,0
05122,14511,0,0,0
05122,14521,0,0,0
05122,14522,0,0,0
05122,14523,0,0,0
05122,14524,0,0,0
05122,14612,17,17,0
05122,14625,0,0,0
05122,14626,0,0,0
05122,14627,0,0,0
05122,14628,0,0,0
05122,14713,16,16,0
05122,14729,0,0,0
05122,14730,0,0,0
05122,15001,0,0,0
05122,15002,0,0,0
05122,15003,0,0,0
05122,15081,0,0,0
05122,15082,0,0,0
05122,15083,0,0,0
05122,15084,0,0,0
05122,15085,11,11,0
05122,15086,0,0,0
05122,15087,0,0,0
05122,15088,0,0,0
05122,15089,0,0,0
05122,15090,0,0,0
05122,15091,0,0,0
05122,16051,0,0,0
05122,16052,0,0,0
05122,16053,0,0,0
05122,16054,0,0,0
05122,16055,0,0,0
05122,16056,0,0,0
05122,16061,0,0,0
05122,16062,0,0,0
05122,16063,0,0,0
05122,16064,11,11,0
05122,16065,0,0,0
05122,16066,0,0,0
05122,16067,0,0,0
05122,16068,0,0,0
05122,16069,0,0,0
05122,16070,0,0,0
05122,16071,0,0,0
05122,16072,0,0,0
05122,16073,0,0,0
05122,16074,0,0,0
05122,16075,0,0,0
05122,16076,0,0,0
05122,16077,0,0,0
05124,01001,0,0,0
05124,01002,31,12,19
05124,01003,0,0,0
05124,01004,12,12,0
05124,01051,0,0,0
05124,01053,0,0,0
05124,01054,0,0,0
05124,01055,10,0,10
05124,01056,37,21,16
05124,01057,0,0,0
05124,01058,0,0,0
05124,01059,14,14,0
05124,01060,27,14,13
05124,01061,0,0,0
05124,01062,48,13,35
05124,02000,418,137,281
05124,03101,29,18,11
05124,03102,0,0,0
05124,03103,12,12,0
05124,03151,0,0,0
05124,03153,10,10,0
05124,03154,0,0,0
05124,03155,0,0,0
05124,03157,0,0,0
05124,03158,0,0,0
05124,03159,38,20,18
05124,03241,140,60,80
05124,03251,11,11,0
05124,03252,16,0,16
05124,03254,30,18,12
05124,03255,21,21,0
05124,03256,0,0,0
05124,03257,18,0,18
05124,03351,0,0,0
05124,03352,0,0,0
05124,03353,27,17,10
05124,03354,0,0,0
05124,03355,10,10,0
05124,03356,0,0,0
05124,03357,10,10,0
05124,03358,0,0,0
05124,03359,0,0,0
05124,03360,0,0,0
05124,03361,10,0,10
05124,03401,11,0,11
05124,03402,0,0,0
05124,03403,14,0,14
05124,03404,52,14,38
05124,03405,0,0,0
05124,03451,0,0,0
05124,03452,43,33,10
05124,03453,11,0,11
05124,03454,62,23,39
05124,03455,13,13,0
05124,03456,27,27,0
05124,03457,32,21,11
05124,03458,0,0,0
05124,03459,57,24,33
05124,03460,0,0,0
05124,03461,11,0,11
05124,03462,0,0,0
05124,04011,55,24,31
05124,04012,0,0,0
05124,05111,10210,2584,7626
05124,05112,920,488,432
05124,05113,3853,1888,1965
05124,05114,424,180,244
05124,05116,444,216,228
05124,05117,441,239,202
05124,05119,315,174,141
05124,05120,10300,4945,5355
05124,05122,8166,3920,4246
05124,05124,0,0,0
05124,05154,193,130,63
05124,05158,17617,7821,9796
05124,05162,1788,813,975
05124,05166,289,186,103
05124,05170,350,214,136
05124,05314,369,134,235
05124,05315,4134,1368,2766
05124,05316,1118,563,555
05124,05334,338,179,159
05124,05358,187,60,127
05124,05362,503,254,249
05124,05366,77,45,32
05124,05370,187,92,95
05124,05374,2255,1449,806
05124,05378,2128,1323,805
05124,05382,368,223,145
05124,05512,157,115,42
05124,05513,458,295,163
05124,05515,217,125,92
05124,05554,164,104,60
05124,05558,117,97,20
05124,05562,901,685,216
05124,05566,113,65,48
05124,05570,107,86,21
05124,05711,149,87,62
05124,05754,130,45,85
05124,05758,60,24,36
05124,05762,22,22,0
05124,05766,42,21,21
05124,05770,82,62,20
05124,05774,61,37,24
05124,05911,2187,1345,842
05124,05913,2064,1217,847
05124,05914,2078,1342,736
05124,05915,131,77,54
05124,05916,417,304,113
05124,05954,14494,9160,5334
05124,05958,102,60,42
05124,05962,944,590,354
05124,05966,106,66,40
05124,05970,162,55,107
05124,05974,149,97,52
05124,05978,732,477,255
05124,06411,35,11,24
05124,06412,394,94,300
05124,06413,11,0,11
05124,06414,64,31,33
05124,06431,36,20,16
05124,06432,28,15,13
05124,06433,45,25,20
05124,06434,85,18,67
05124,06435,58,33,25
05124,06436,93,19,74
05124,06437,0,0,0
05124,06438,103,40,63
05124,06439,19,19,0
05124,06440,44,34,10
05124,06531,53,29,24
05124,06532,20,20,0
05124,06533,19,0,19
05124,06534,39,24,15
05124,06535,0,0,0
05124,06611,33,11,22
05124,06631,0,0,0
05124,06632,0,0,0
05124,06633,15,15,0
05124,06634,11,11,0
05124,06635,25,13,12
05124,06636,0,0,0
05124,07111,52,16,36
05124,07131,39,25,14
05124,07132,23,23,0
05124,07133,10,10,0
05124,07134,0,0,0
05124,07135,0,0,0
05124,07137,47,24,23
05124,07138,71,43,28
05124,07140,0,0,0
05124,07141,0,0,0
05124,07143,37,22,15
05124,07211,31,19,12
05124,07231,0,0,0
05124,07232,0,0,0
05124,07233,0,0,0
05124,07235,0,0,0
05124,07311,0,0,0
05124,07312,0,0,0
05124,07313,0,0,0
05124,07314,24,13,11
05124,07315,43,18,25
05124,07316,0,0,0
05124,07317,0,0,0
05124,07318,0,0,0
05124,07319,0,0,0
05124,07320,0,0,0
05124,07331,0,0,0
05124,07332,0,0,0
05124,07333,0,0,0
05124,07334,0,0,0
05124,07335,0,0,0
05124,07336,0,0,0
05124,07337,0,0,0
05124,07338,0,0,0
05124,07339,22,11,11
05124,07340,0,0,0
05124,08111,119,42,77
05124,08115,84,55,29
05124,08116,99,44,55
05124,08117,23,13,10
05124,08118,68,39,29
05124,08119,53,23,30
05124,08121,0,0,0
05124,08125,29,11,18
05124,08126,23,0,23
05124,08127,10,10,0
05124,08128,0,0,0
05124,08135,0,0,0
05124,08136,64,52,12
05124,08211,10,0,10
05124,08212,50,13,37
05124,08215,40,19,21
05124,08216,10,10,0
05124,08221,37,37,0
05124,08222,71,27,44
05124,08225,0,0,0
05124,08226,72,52,20
05124,08231,0,0,0
05124,08235,0,0,0
05124,08236,29,17,12
05124,08237,0,0,0
05124,08311,25,10,15
05124,08315,0,0,0
05124,08316,0,0,0
05124,08317,36,24,12
05124,08325,11,0,11
05124,08326,0,0,0
05124,08327,12,0,12
05124,08335,12,0,12
05124,08336,11,0,11
05124,08337,0,0,0
05124,08415,29,12,17
05124,08416,0,0,0
05124,08417,17,17,0
05124,08421,15,0,15
05124,08425,14,14,0
05124,08426,0,0,0
05124,08435,0,0,0
05124,08436,0,0,0
05124,08437,0,0,0
05124,09161,0,0,0
05124,09162,329,86,243
05124,09163,0,0,0
05124,09171,0,0,0
05124,09172,0,0,0
05124,09173,0,0,0
05124,09174,0,0,0
05124,09175,10,0,10
05124,09176,11,11,0
05124,09177,0,0,0
05124,09178,19,0,19
05124,09179,0,0,0
05124,09180,0,0,0
05124,09181,0,0,0
05124,09182,0,0,0
05124,09183,0,0,0
05124,09184,92,13,79
05124,09185,0,0,0
05124,09186,0,0,0
05124,09187,0,0,0
05124,09188,18,0,18
05124,09189,0,0,0
05124,09190,0,0,0
05124,09261,0,0,0
05124,09262,0,0,0
05124,09263,0,0,0
05124,09271,0,0,0
05124,09272,0,0,0
05124,09273,0,0,0
05124,09274,0,0,0
05124,09275,0,0,0
05124,09276,0,0,0
05124,09277,0,0,0
05124,09278,0,0,0
05124,09279,0,0,0
05124,09361,0,0,0
05124,09362,22,12,10
05124,09363,0,0,0
05124,09371,0,0,0
05124,09372,0,0,0
05124,09373,0,0,0
05124,09374,0,0,0
05124,09375,0,0,0
05124,09376,0,0,0
05124,09377,0,0,0
05124,09461,0,0,0
05124,09462,0,0,0
05124,09463,0,0,0
05124,09464,0,0,0
05124,09471,0,0,0
05124,09472,0,0,0
05124,09473,0,0,0
05124,09474,0,0,0
05124,09475,14,0,14
05124,09476,0,0,0
05124,09477,0,0,0
05124,09478,0,0,0
05124,09479,0,0,0
05124,09561,0,0,0
05124,09562,21,0,21
05124,09563,13,13,0
05124,09564,70,31,39
05124,09565,0,0,0
05124,09571,0,0,0
05124,09572,0,0,0
05124,09573,0,0,0
05124,09574,11,11,0
05124,09575,0,0,0
05124,09576,0,0,0
05124,09577,0,0,0
05124,09661,0,0,0
05124,09662,0,0,0
05124,09663,18,0,18
05124,09671,13,13,0
05124,09672,0,0,0
05124,09673,0,0,0
05124,09674,0,0,0
05124,09675,0,0,0
05124,09676,11,11,0
05124,09677,0,0,0
05124,09678,21,0,21
05124,09679,11,11,0
05124,09761,20,10,10
05124,09762,0,0,0
05124,09763,0,0,0
05124,09764,0,0,0
05124,09771,0,0,0
05124,09772,0,0,0
05124,09773,0,0,0
05124,09774,0,0,0
05124,09775,0,0,0
05124,09776,0,0,0
05124,09777,0,0,0
05124,09778,0,0,0
05124,09779,0,0,0
05124,09780,0,0,0
05124,10041,39,20,19
05124,10042,0,0,0
05124,10043,0,0,0
05124,10044,0,0,0
05124,10045,0,0,0
05124,10046,0,0,0
05124,11000,539,215,324
05124,12051,0,0,0
05124,12052,0,0,0
05124,12053,0,0,0
05124,12054,13,0,13
05124,12060,0,0,0
05124,12061,0,0,0
05124,12062,0,0,0
05124,12063,0,0,0
05124,12064,0,0,0
05124,12065,17,17,0
05124,12066,0,0,0
05124,12067,0,0,0
05124,12068,0,0,0
05124,12069,24,11,13
05124,12070,0,0,0
05124,12071,0,0,0
05124,12072,14,14,0
05124,12073,0,0,0
05124,13003,0,0,0
05124,13004,0,0,0
05124,13071,0,0,0
05124,13072,0,0,0
05124,13073,13,13,0
05124,13074,0,0,0
05124,13075,0,0,0
05124,13076,0,0,0
05124,14511,10,10,0
05124,14521,12,12,0
05124,14522,16,16,0
05124,14523,0,0,0
05124,14524,0,0,0
05124,14612,35,14,21
05124,14625,0,0,0
05124,14626,0,0,0
05124,14627,0,0,0
05124,14628,0,0,0
05124,14713,51,26,25
05124,14729,12,12,0
05124,14730,0,0,0
05124,15001,0,0,0
05124,15002,15,15,0
05124,15003,10,10,0
05124,15081,0,0,0
05124,15082,0,0,0
05124,15083,13,13,0
05124,15084,0,0,0
05124,15085,0,0,0
05124,15086,0,0,0
05124,15087,26,26,0
05124,15088,0,0,0
05124,15089,0,0,0
05124,15090,10,10,0
05124,15091,23,23,0
05124,16051,24,24,0
05124,16052,0,0,0
05124,16053,0,0,0
05124,16054,0,0,0
05124,16055,0,0,0
05124,16056,0,0,0
05124,16061,10,10,0
05124,16062,14,14,0
05124,16063,0,0,0
05124,16064,11,11,0
05124,16065,0,0,0
05124,16066,0,0,0
05124,16067,0,0,0
05124,16068,0,0,0
05124,16069,22,22,0
05124,16070,0,0,0
05124,16071,0,0,0
05124,16072,0,0,0
05124,16073,0,0,0
05124,16074,0,0,0
05124,16075,0,0,0
05124,16076,0,0,0
05124,16077,0,0,0
05154,01001,0,0,0
05154,01002,11,0,11
05154,01003,29,0,29
05154,01004,41,0,41
05154,01051,0,0,0
05154,01053,0,0,0
05154,01054,0,0,0
05154,01055,10,10,0
05154,01056,30,13,17
05154,01057,0,0,0
05154,01058,0,0,0
05154,01059,0,0,0
05154,01060,34,11,23
05154,01061,0,0,0
05154,01062,28,15,13
05154,02000,302,84,218
05154,03101,43,43,0
05154,03102,0,0,0
05154,03103,0,0,0
05154,03151,0,0,0
05154,03153,0,0,0
05154,03154,13,13,0
05154,03155,0,0,0
05154,03157,0,0,0
05154,03158,0,0,0
05154,03159,12,12,0
05154,03241,153,54,99
05154,03251,29,17,12
05154,03252,0,0,0
05154,03254,22,11,11
05154,03255,0,0,0
05154,03256,10,10,0
05154,03257,13,0,13
05154,03351,0,0,0
05154,03352,29,29,0
05154,03353,21,21,0
05154,03354,0,0,0
05154,03355,13,13,0
05154,03356,14,14,0
05154,03357,0,0,0
05154,03358,0,0,0
05154,03359,0,0,0
05154,03360,0,0,0
05154,03361,0,0,0
05154,03401,0,0,0
05154,03402,10,0,10
05154,03403,11,11,0
05154,03404,87,17,70
05154,03405,12,0,12
05154,03451,0,0,0
05154,03452,41,14,27
05154,03453,31,19,12
05154,03454,67,28,39
05154,03455,0,0,0
05154,03456,30,17,13
05154,03457,0,0,0
05154,03458,12,12,0
05154,03459,74,32,42
05154,03460,15,0,15
05154,03461,0,0,0
05154,03462,0,0,0
05154,04011,75,29,46
05154,04012,0,0,0
05154,05111,2920,347,2573
05154,05112,4154,1199,2955
05154,05113,1229,281,948
05154,05114,4151,809,3342
05154,05116,872,314,558
05154,05117,518,125,393
05154,05119,735,264,471
05154,05120,54,18,36
05154,05122,86,48,38
05154,05124,193,63,130
05154,05154,0,0,0
05154,05158,653,181,472
05154,05162,1010,275,735
05154,05166,5405,1866,3539
05154,05170,17209,7535,9674
05154,05314,197,44,153
05154,05315,914,245,669
05154,05316,102,20,82
05154,05334,247,140,107
05154,05358,102,45,57
05154,05362,201,75,126
05154,05366,40,25,15
05154,05370,208,135,73
05154,05374,74,39,35
05154,05378,72,36,36
05154,05382,209,133,76
05154,05512,156,72,84
05154,05513,357,165,192
05154,05515,302,61,241
05154,05554,3664,1399,2265
05154,05558,114,50,64
05154,05562,455,229,226
05154,05566,166,54,112
05154,05570,52,27,25
05154,05711,75,25,50
05154,05754,102,20,82
05154,05758,36,21,15
05154,05762,11,11,0
05154,05766,50,23,27
05154,05770,51,16,35
05154,05774,66,23,43
05154,05911,309,116,193
05154,05913,336,96,240
05154,05914,114,28,86
05154,05915,43,24,19
05154,05916,111,58,53
05154,05954,113,50,63
05154,05958,73,44,29
05154,05962,77,34,43
05154,05966,15,15,0
05154,05970,131,88,43
05154,05974,64,28,36
05154,05978,127,58,69
05154,06411,24,11,13
05154,06412,211,43,168
05154,06413,0,0,0
05154,06414,54,23,31
05154,06431,27,14,13
05154,06432,16,16,0
05154,06433,45,31,14
05154,06434,33,0,33
05154,06435,61,20,41
05154,06436,49,11,38
05154,06437,0,0,0
05154,06438,53,20,33
05154,06439,18,18,0
05154,06440,23,11,12
05154,06531,14,0,14
05154,06532,14,0,14
05154,06533,0,0,0
05154,06534,14,0,14
05154,06535,0,0,0
05154,06611,31,11,20
05154,06631,0,0,0
05154,06632,0,0,0
05154,06633,0,0,0
05154,06634,53,53,0
05154,06635,28,28,0
05154,06636,0,0,0
05154,07111,14,14,0
05154,07131,10,0,10
05154,07132,13,13,0
05154,07133,45,28,17
05154,07134,0,0,0
05154,07135,0,0,0
05154,07137,29,29,0
05154,07138,28,10,18
05154,07140,11,11,0
05154,07141,0,0,0
05154,07143,25,15,10
05154,07211,10,10,0
05154,07231,0,0,0
05154,07232,0,0,0
05154,07233,0,0,0
05154,07235,0,0,0
05154,07311,0,0,0
05154,07312,0,0,0
05154,07313,0,0,0
05154,07314,0,0,0
05154,07315,33,10,23
05154,07316,0,0,0
05154,07317,0,0,0
05154,07318,0,0,0
05154,07319,0,0,0
05154,07320,0,0,0
05154,07331,0,0,0
05154,07332,0,0,0
05154,07333,0,0,0
05154,07334,0,0,0
05154,07335,0,0,0
05154,07336,0,0,0
05154,07337,0,0,0
05154,07338,13,13,0
05154,07339,35,25,10
05154,07340,0,0,0
05154,08111,70,23,47
05154,08115,24,11,13
05154,08116,52,18,34
05154,08117,0,0,0
05154,08118,44,15,29
05154,08119,33,16,17
05154,08121,23,12,11
05154,08125,44,28,16
05154,08126,18,0,18
05154,08127,0,0,0
05154,08128,0,0,0
05154,08135,0,0,0
05154,08136,0,0,0
05154,08211,0,0,0
05154,08212,21,0,21
05154,08215,81,16,65
05154,08216,0,0,0
05154,08221,0,0,0
05154,08222,36,0,36
05154,08225,0,0,0
05154,08226,49,24,25
05154,08231,11,11,0
05154,08235,0,0,0
05154,08236,0,0,0
05154,08237,0,0,0
05154,08311,0,0,0
05154,08315,22,22,0
05154,08316,0,0,0
05154,08317,45,29,16
05154,08325,0,0,0
05154,08326,10,0,10
05154,08327,0,0,0
05154,08335,11,11,0
05154,08336,10,0,10
05154,08337,0,0,0
05154,08415,25,11,14
05154,08416,0,0,0
05154,08417,0,0,0
05154,08421,11,0,11
05154,08425,10,10,0
05154,08426,0,0,0
05154,08435,0,0,0
05154,08436,0,0,0
05154,08437,0,0,0
05154,09161,11,0,11
05154,09162,187,43,144
05154,09163,0,0,0
05154,09171,0,0,0
05154,09172,0,0,0
05154,09173,0,0,0
05154,09174,0,0,0
05154,09175,0,0,0
05154,09176,0,0,0
05154,09177,0,0,0
05154,09178,10,0,10
05154,09179,0,0,0
05154,09180,0,0,0
05154,09181,0,0,0
05154,09182,0,0,0
05154,09183,0,0,0
05154,09184,62,13,49
05154,09185,0,0,0
05154,09186,10,0,10
05154,09187,13,13,0
05154,09188,0,0,0
05154,09189,0,0,0
05154,09190,0,0,0
05154,09261,0,0,0
05154,09262,0,0,0
05154,09263,0,0,0
05154,09271,0,0,0
05154,09272,0,0,0
05154,09273,0,0,0
05154,09274,0,0,0
05154,09275,0,0,0
05154,09276,0,0,0
05154,09277,0,0,0
05154,09278,0,0,0
05154,09279,0,0,0
05154,09361,0,0,0
05154,09362,0,0,0
05154,09363,0,0,0
05154,09371,0,0,0
05154,09372,0,0,0
05154,09373,12,0,12
05154,09374,0,0,0
05154,09375,0,0,0
05154,09376,0,0,0
05154,09377,0,0,0
05154,09461,0,0,0
05154,09462,0,0,0
05154,09463,0,0,0
05154,09464,0,0,0
05154,09471,14,0,14
05154,09472,0,0,0
05154,09473,0,0,0
05154,09474,0,0,0
05154,09475,0,0,0
05154,09476,0,0,0
05154,09477,0,0,0
05154,09478,0,0,0
05154,09479,0,0,0
05154,09561,0,0,0
05154,09562,10,0,10
05154,09563,0,0,0
05154,09564,56,18,38
05154,09565,0,0,0
05154,09571,0,0,0
05154,09572,0,0,0
05154,09573,0,0,0
05154,09574,12,12,0
05154,09575,0,0,0
05154,09576,0,0,0
05154,09577,0,0,0
05154,09661,0,0,0
05154,09662,0,0,0
05154,09663,0,0,0
05154,09671,0,0,0
05154,09672,0,0,0
05154,09673,0,0,0
05154,09674,0,0,0
05154,09675,0,0,0
05154,09676,0,0,0
05154,09677,0,0,0
05154,09678,0,0,0
05154,09679,0,0,0
05154,09761,28,13,15
05154,09762,0,0,0
05154,09763,0,0,0
05154,09764,0,0,0
05154,09771,0,0,0
05154,09772,0,0,0
05154,09773,0,0,0
05154,09774,0,0,0
05154,09775,0,0,0
05154,09776,0,0,0
05154,09777,0,0,0
05154,09778,0,0,0
05154,09779,0,0,0
05154,09780,0,0,0
05154,10041,42,15,27
05154,10042,0,0,0
05154,10043,0,0,0
05154,10044,10,10,0
05154,10045,0,0,0
05154,10046,0,0,0
05154,11000,315,116,199
05154,12051,0,0,0
05154,12052,0,0,0
05154,12053,18,18,0
05154,12054,0,0,0
05154,12060,0,0,0
05154,12061,10,0,10
05154,12062,0,0,0
05154,12063,0,0,0
05154,12064,0,0,0
05154,12065,0,0,0
05154,12066,23,0,23
05154,12067,0,0,0
05154,12068,0,0,0
05154,12069,0,0,0
05154,12070,10,10,0
05154,12071,0,0,0
05154,12072,23,13,10
05154,12073,0,0,0
05154,13003,0,0,0
05154,13004,0,0,0
05154,13071,0,0,0
05154,13072,0,0,0
05154,13073,0,0,0
05154,13074,0,0,0
05154,13075,0,0,0
05154,13076,0,0,0
05154,14511,14,0,14
05154,14521,0,0,0
05154,14522,0,0,0
05154,14523,0,0,0
05154,14524,0,0,0
05154,14612,29,18,11
05154,14625,0,0,0
05154,14626,0,0,0
05154,14627,12,12,0
05154,14628,0,0,0
05154,14713,53,38,15
05154,14729,10,10,0
05154,14730,0,0,0
05154,15001,0,0,0
05154,15002,19,19,0
05154,15003,0,0,0
05154,15081,0,0,0
05154,15082,11,11,0
05154,15083,10,0,10
05154,15084,12,12,0
05154,15085,0,0,0
05154,15086,0,0,0
05154,15087,0,0,0
05154,15088,30,30,0
05154,15089,0,0,0
05154,15090,0,0,0
05154,15091,0,0,0
05154,16051,25,0,25
05154,16052,0,0,0
05154,16053,0,0,0
05154,16054,0,0,0
05154,16055,0,0,0
05154,16056,0,0,0
05154,16061,0,0,0
05154,16062,0,0,0
05154,16063,0,0,0
05154,16064,0,0,0
05154,16065,0,0,0
05154,16066,0,0,0
05154,16067,11,11,0
05154,16068,0,0,0
05154,16069,0,0,0
05154,16070,36,36,0
05154,16071,0,0,0
05154,16072,0,0,0
05154,16073,0,0,0
05154,16074,0,0,0
05154,16075,0,0,0
05154,16076,0,0,0
05154,16077,0,0,0
05158,01001,0,0,0
05158,01002,58,32,26
05158,01003,48,28,20
05158,01004,12,12,0
05158,01051,17,17,0
05158,01053,30,30,0
05158,01054,19,19,0
05158,01055,33,33,0
05158,01056,112,79,33
05158,01057,19,19,0
05158,01058,22,22,0
05158,01059,25,25,0
05158,01060,104,65,39
05158,01061,22,22,0
05158,01062,146,58,88
05158,02000,829,314,515
05158,03101,54,25,29
05158,03102,16,16,0
05158,03103,11,0,11
05158,03151,12,12,0
05158,03153,29,14,15
05158,03154,0,0,0
05158,03155,37,27,10
05158,03157,28,28,0
05158,03158,21,21,0
05158,03159,81,60,21
05158,03241,404,251,153
05158,03251,36,36,0
05158,03252,32,22,10
05158,03254,222,204,18
05158,03255,10,10,0
05158,03256,20,20,0
05158,03257,44,31,13
05158,03351,37,23,14
05158,03352,21,21,0
05158,03353,76,58,18
05158,03354,0,0,0
05158,03355,31,31,0
05158,03356,33,33,0
05158,03357,29,29,0
05158,03358,39,29,10
05158,03359,43,43,0
05158,03360,0,0,0
05158,03361,12,12,0
05158,03401,17,17,0
05158,03402,0,0,0
05158,03403,54,42,12
05158,03404,114,59,55
05158,03405,0,0,0
05158,03451,34,23,11
05158,03452,32,32,0
05158,03453,20,20,0
05158,03454,131,69,62
05158,03455,12,12,0
05158,03456,52,40,12
05158,03457,16,16,0
05158,03458,25,25,0
05158,03459,112,71,41
05158,03460,45,32,13
05158,03461,16,16,0
05158,03462,21,21,0
05158,04011,185,96,89
05158,04012,16,16,0
05158,05111,60109,18699,41410
05158,05112,6666,4538,2128
05158,05113,14898,7887,7011
05158,05114,2690,1468,1222
05158,05116,1994,1184,810
05158,05117,3771,2384,1387
05158,05119,2098,1584,514
05158,05120,2035,1115,920
05158,05122,12121,8063,4058
05158,05124,17617,9796,7821
05158,05154,653,472,181
05158,05158,0,0,0
05158,05162,9079,5249,3830
05158,05166,2024,1510,514
05158,05170,2325,1771,554
05158,05314,906,334,572
05158,05315,11090,4346,6744
05158,05316,8816,4939,3877
05158,05334,870,578,292
05158,05358,508,335,173
05158,05362,1915,1223,692
05158,05366,259,208,51
05158,05370,681,558,123
05158,05374,796,525,271
05158,05378,4593,3387,1206
05158,05382,1206,889,317
05158,05512,637,512,125
05158,05513,1379,983,396
05158,05515,278,159,119
05158,05554,436,286,150
05158,05558,202,161,41
05158,05562,1738,1400,338
05158,05566,285,170,115
05158,05570,199,140,59
05158,05711,210,117,93
05158,05754,229,121,108
05158,05758,100,69,31
05158,05762,32,32,0
05158,05766,136,88,48
05158,05770,91,53,38
05158,05774,136,94,42
05158,05911,2416,1597,819
05158,05913,1744,1005,739
05158,05914,553,317,236
05158,05915,124,95,29
05158,05916,572,416,156
05158,05954,3776,2557,1219
05158,05958,157,107,50
05158,05962,453,313,140
05158,05966,120,47,73
05158,05970,140,82,58
05158,05974,238,177,61
05158,05978,686,488,198
05158,06411,77,26,51
05158,06412,892,166,726
05158,06413,70,41,29
05158,06414,140,52,88
05158,06431,92,56,36
05158,06432,77,49,28
05158,06433,92,47,45
05158,06434,203,68,135
05158,06435,113,82,31
05158,06436,174,53,121
05158,06437,16,16,0
05158,06438,250,93,157
05158,06439,45,26,19
05158,06440,126,97,29
05158,06531,78,58,20
05158,06532,58,36,22
05158,06533,56,27,29
05158,06534,64,37,27
05158,06535,16,16,0
05158,06611,75,48,27
05158,06631,55,38,17
05158,06632,26,16,10
05158,06633,55,55,0
05158,06634,79,79,0
05158,06635,46,28,18
05158,06636,20,20,0
05158,07111,79,42,37
05158,07131,95,70,25
05158,07132,78,58,20
05158,07133,46,33,13
05158,07134,0,0,0
05158,07135,11,11,0
05158,07137,93,65,28
05158,07138,123,78,45
05158,07140,46,22,24
05158,07141,36,36,0
05158,07143,139,65,74
05158,07211,36,16,20
05158,07231,23,13,10
05158,07232,23,11,12
05158,07233,22,22,0
05158,07235,22,22,0
05158,07311,11,11,0
05158,07312,23,23,0
05158,07313,0,0,0
05158,07314,104,80,24
05158,07315,72,38,34
05158,07316,0,0,0
05158,07317,0,0,0
05158,07318,0,0,0
05158,07319,37,13,24
05158,07320,0,0,0
05158,07331,32,32,0
05158,07332,35,35,0
05158,07333,18,18,0
05158,07334,17,17,0
05158,07335,14,14,0
05158,07336,0,0,0
05158,07337,22,22,0
05158,07338,35,35,0
05158,07339,72,44,28
05158,07340,13,13,0
05158,08111,304,116,188
05158,08115,114,64,50
05158,08116,179,105,74
05158,08117,54,33,21
05158,08118,150,83,67
05158,08119,123,100,23
05158,08121,14,0,14
05158,08125,73,41,32
05158,08126,32,10,22
05158,08127,26,14,12
05158,08128,35,11,24
05158,08135,0,0,0
05158,08136,58,35,23
05158,08211,16,0,16
05158,08212,112,43,69
05158,08215,126,76,50
05158,08216,34,24,10
05158,08221,52,27,25
05158,08222,170,60,110
05158,08225,10,10,0
05158,08226,158,104,54
05158,08231,10,10,0
05158,08235,24,24,0
05158,08236,47,37,10
05158,08237,10,10,0
05158,08311,52,31,21
05158,08315,30,30,0
05158,08316,21,21,0
05158,08317,69,37,32
05158,08325,13,13,0
05158,08326,44,34,10
05158,08327,28,15,13
05158,08335,52,32,20
05158,08336,48,29,19
05158,08337,0,0,0
05158,08415,71,50,21
05158,08416,50,30,20
05158,08417,31,21,10
05158,08421,46,23,23
05158,08425,23,23,0
05158,08426,12,12,0
05158,08435,13,13,0
05158,08436,31,14,17
05158,08437,12,12,0
05158,09161,30,18,12
05158,09162,805,278,527
05158,09163,10,0,10
05158,09171,0,0,0
05158,09172,17,17,0
05158,09173,32,22,10
05158,09174,31,31,0
05158,09175,60,34,26
05158,09176,11,0,11
05158,09177,23,23,0
05158,09178,78,31,47
05158,09179,33,33,0
05158,09180,0,0,0
05158,09181,30,19,11
05158,09182,10,10,0
05158,09183,0,0,0
05158,09184,257,60,197
05158,09185,0,0,0
05158,09186,38,24,14
05158,09187,40,40,0
05158,09188,45,28,17
05158,09189,17,17,0
05158,09190,12,12,0
05158,09261,0,0,0
05158,09262,0,0,0
05158,09263,0,0,0
05158,09271,0,0,0
05158,09272,0,0,0
05158,09273,0,0,0
05158,09274,26,26,0
05158,09275,0,0,0
05158,09276,0,0,0
05158,09277,0,0,0
05158,09278,12,12,0
05158,09279,0,0,0
05158,09361,12,12,0
05158,09362,60,28,32
05158,09363,0,0,0
05158,09371,22,12,10
05158,09372,0,0,0
05158,09373,22,22,0
05158,09374,0,0,0
05158,09375,24,24,0
05158,09376,0,0,0
05158,09377,0,0,0
05158,09461,0,0,0
05158,09462,0,0,0
05158,09463,0,0,0
05158,09464,0,0,0
05158,09471,14,14,0
05158,09472,15,15,0
05158,09473,13,13,0
05158,09474,0,0,0
05158,09475,28,15,13
05158,09476,0,0,0
05158,09477,0,0,0
05158,09478,0,0,0
05158,09479,0,0,0
05158,09561,0,0,0
05158,09562,28,12,16
05158,09563,38,24,14
05158,09564,168,70,98
05158,09565,11,11,0
05158,09571,21,21,0
05158,09572,34,23,11
05158,09573,19,19,0
05158,09574,29,29,0
05158,09575,13,13,0
05158,09576,22,22,0
05158,09577,0,0,0
05158,09661,26,10,16
05158,09662,0,0,0
05158,09663,39,17,22
05158,09671,59,38,21
05158,09672,11,11,0
05158,09673,0,0,0
05158,09674,0,0,0
05158,09675,0,0,0
05158,09676,27,17,10
05158,09677,57,25,32
05158,09678,0,0,0
05158,09679,36,19,17
05158,09761,67,27,40
05158,09762,0,0,0
05158,09763,12,12,0
05158,09764,0,0,0
05158,09771,29,29,0
05158,09772,35,23,12
05158,09773,0,0,0
05158,09774,0,0,0
05158,09775,51,33,18
05158,09776,0,0,0
05158,09777,22,10,12
05158,09778,14,14,0
05158,09779,0,0,0
05158,09780,20,20,0
05158,10041,85,45,40
05158,10042,0,0,0
05158,10043,0,0,0
05158,10044,26,26,0
05158,10045,14,14,0
05158,10046,0,0,0
05158,11000,1154,655,499
05158,12051,10,10,0
05158,12052,11,11,0
05158,12053,0,0,0
05158,12054,26,26,0
05158,12060,27,27,0
05158,12061,28,28,0
05158,12062,12,12,0
05158,12063,23,23,0
05158,12064,35,35,0
05158,12065,26,26,0
05158,12066,15,15,0
05158,12067,37,37,0
05158,12068,10,10,0
05158,12069,60,44,16
05158,12070,0,0,0
05158,12071,14,14,0
05158,12072,29,29,0
05158,12073,0,0,0
05158,13003,19,19,0
05158,13004,0,0,0
05158,13071,24,24,0
05158,13072,27,27,0
05158,13073,22,22,0
05158,13074,14,14,0
05158,13075,30,30,0
05158,13076,20,20,0
05158,14511,65,32,33
05158,14521,22,22,0
05158,14522,36,36,0
05158,14523,29,19,10
05158,14524,35,35,0
05158,14612,97,79,18
05158,14625,29,29,0
05158,14626,20,20,0
05158,14627,27,27,0
05158,14628,31,31,0
05158,14713,169,138,31
05158,14729,53,53,0
05158,14730,32,32,0
05158,15001,0,0,0
05158,15002,27,27,0
05158,15003,32,22,10
05158,15081,0,0,0
05158,15082,20,20,0
05158,15083,20,20,0
05158,15084,18,18,0
05158,15085,36,36,0
05158,15086,22,22,0
05158,15087,17,17,0
05158,15088,28,28,0
05158,15089,23,23,0
05158,15090,15,15,0
05158,15091,12,12,0
05158,16051,21,21,0
05158,16052,0,0,0
05158,16053,13,13,0
05158,16054,0,0,0
05158,16055,14,14,0
05158,16056,11,11,0
05158,16061,12,12,0
05158,16062,12,12,0
05158,16063,19,19,0
05158,16064,12,12,0
05158,16065,12,12,0
05158,16066,0,0,0
05158,16067,0,0,0
05158,16068,0,0,0
05158,16069,0,0,0
05158,16070,27,15,12
05158,16071,12,12,0
05158,16072,0,0,0
05158,16073,11,11,0
05158,16074,0,0,0
05158,16075,0,0,0
05158,16076,20,20,0
05158,16077,11,11,0
05162,01001,0,0,0
05162,01002,42,0,42
05162,01003,25,14,11
05162,01004,10,10,0
05162,01051,0,0,0
05162,01053,10,10,0
05162,01054,10,0,10
05162,01055,18,18,0
05162,01056,80,61,19
05162,01057,0,0,0
05162,01058,26,26,0
05162,01059,18,18,0
05162,01060,89,57,32
05162,01061,11,11,0
05162,01062,153,37,116
05162,02000,854,353,501
05162,03101,31,13,18
05162,03102,0,0,0
05162,03103,21,0,21
05162,03151,0,0,0
05162,03153,15,15,0
05162,03154,0,0,0
05162,03155,12,12,0
05162,03157,16,16,0
05162,03158,13,13,0
05162,03159,62,37,25
05162,03241,320,130,190
05162,03251,28,28,0
05162,03252,23,23,0
05162,03254,26,26,0
05162,03255,0,0,0
05162,03256,23,23,0
05162,03257,33,21,12
05162,03351,17,17,0
05162,03352,13,13,0
05162,03353,66,40,26
05162,03354,0,0,0
05162,03355,19,19,0
05162,03356,18,18,0
05162,03357,13,13,0
05162,03358,24,24,0
05162,03359,32,12,20
05162,03360,0,0,0
05162,03361,28,15,13
05162,03401,0,0,0
05162,03402,24,24,0
05162,03403,36,26,10
05162,03404,61,33,28
05162,03405,0,0,0
05162,03451,10,10,0
05162,03452,13,13,0
05162,03453,20,10,10
05162,03454,191,34,157
05162,03455,13,13,0
05162,03456,16,16,0
05162,03457,39,24,15
05162,03458,20,20,0
05162,03459,101,53,48
05162,03460,26,15,11
05162,03461,0,0,0
05162,03462,10,10,0
05162,04011,174,81,93
05162,04012,18,18,0
05162,05111,50826,11351,39475
05162,05112,3426,2076,1350
05162,05113,2266,894,1372
05162,05114,7959,4132,3827
05162,05116,16585,8354,8231
05162,05117,794,401,393
05162,05119,623,393,230
05162,05120,308,176,132
05162,05122,942,604,338
05162,05124,1788,975,813
05162,05154,1010,735,275
05162,05158,9079,3830,5249
05162,05162,0,0,0
05162,05166,8940,5599,3341
05162,05170,2146,1402,744
05162,05314,951,322,629
05162,05315,16834,4983,11851
05162,05316,2580,976,1604
05162,05334,1817,1036,781
05162,05358,1735,1122,613
05162,05362,8371,5053,3318
05162,05366,371,261,110
05162,05370,3611,2533,1078
05162,05374,318,204,114
05162,05378,1025,729,296
05162,05382,923,584,339
05162,05512,133,97,36
05162,05513,343,181,162
05162,05515,211,75,136
05162,05554,240,151,89
05162,05558,77,51,26
05162,05562,523,341,182
05162,05566,138,67,71
05162,05570,64,36,28
05162,05711,129,49,80
05162,05754,104,38,66
05162,05758,48,33,15
05162,05762,19,19,0
05162,05766,76,42,34
05162,05770,76,41,35
05162,05774,56,24,32
05162,05911,520,273,247
05162,05913,662,320,342
05162,05914,148,83,65
05162,05915,68,40,28
05162,05916,164,110,54
05162,05954,420,267,153
05162,05958,86,45,41
05162,05962,186,98,88
05162,05966,36,14,22
05162,05970,128,54,74
05162,05974,81,54,27
05162,05978,219,124,95
05162,06411,67,27,40
05162,06412,855,81,774
05162,06413,44,20,24
05162,06414,173,86,87
05162,06431,49,25,24
05162,06432,71,45,26
05162,06433,140,67,73
05162,06434,176,24,152
05162,06435,87,40,47
05162,06436,181,53,128
05162,06437,14,0,14
05162,06438,206,71,135
05162,06439,57,20,37
05162,06440,50,29,21
05162,06531,46,28,18
05162,06532,54,33,21
05162,06533,43,33,10
05162,06534,25,14,11
05162,06535,0,0,0
05162,06611,46,20,26
05162,06631,31,20,11
05162,06632,13,13,0
05162,06633,11,11,0
05162,06634,45,18,27
05162,06635,12,12,0
05162,06636,0,0,0
05162,07111,61,24,37
05162,07131,83,63,20
05162,07132,50,39,11
05162,07133,30,15,15
05162,07134,0,0,0
05162,07135,11,11,0
05162,07137,99,67,32
05162,07138,127,76,51
05162,07140,101,75,26
05162,07141,41,25,16
05162,07143,98,73,25
05162,07211,29,19,10
05162,07231,17,17,0
05162,07232,27,13,14
05162,07233,37,19,18
05162,07235,0,0,0
05162,07311,0,0,0
05162,07312,0,0,0
05162,07313,0,0,0
05162,07314,41,14,27
05162,07315,86,30,56
05162,07316,0,0,0
05162,07317,0,0,0
05162,07318,0,0,0
05162,07319,16,0,16
05162,07320,0,0,0
05162,07331,0,0,0
05162,07332,10,10,0
05162,07333,21,21,0
05162,07334,26,14,12
05162,07335,11,11,0
05162,07336,0,0,0
05162,07337,12,12,0
05162,07338,17,17,0
05162,07339,55,29,26
05162,07340,0,0,0
05162,08111,190,62,128
05162,08115,91,65,26
05162,08116,125,63,62
05162,08117,29,19,10
05162,08118,114,54,60
05162,08119,70,36,34
05162,08121,27,11,16
05162,08125,89,33,56
05162,08126,39,20,19
05162,08127,12,0,12
05162,08128,30,13,17
05162,08135,51,33,18
05162,08136,35,35,0
05162,08211,14,14,0
05162,08212,80,36,44
05162,08215,94,59,35
05162,08216,67,54,13
05162,08221,52,19,33
05162,08222,127,30,97
05162,08225,60,0,60
05162,08226,135,70,65
05162,08231,12,0,12
05162,08235,16,16,0
05162,08236,29,14,15
05162,08237,105,57,48
05162,08311,49,19,30
05162,08315,33,33,0
05162,08316,29,14,15
05162,08317,54,31,23
05162,08325,12,12,0
05162,08326,32,18,14
05162,08327,10,10,0
05162,08335,65,38,27
05162,08336,55,16,39
05162,08337,10,0,10
05162,08415,49,30,19
05162,08416,34,21,13
05162,08417,16,16,0
05162,08421,34,11,23
05162,08425,0,0,0
05162,08426,11,11,0
05162,08435,14,14,0
05162,08436,39,18,21
05162,08437,0,0,0
05162,09161,35,23,12
05162,09162,735,186,549
05162,09163,0,0,0
05162,09171,0,0,0
05162,09172,12,0,12
05162,09173,23,12,11
05162,09174,23,23,0
05162,09175,41,27,14
05162,09176,10,10,0
05162,09177,31,20,11
05162,09178,77,29,48
05162,09179,32,32,0
05162,09180,13,13,0
05162,09181,15,15,0
05162,09182,26,11,15
05162,09183,0,0,0
05162,09184,247,49,198
05162,09185,0,0,0
05162,09186,24,24,0
05162,09187,47,27,20
05162,09188,41,29,12
05162,09189,10,0,10
05162,09190,0,0,0
05162,09261,11,11,0
05162,09262,0,0,0
05162,09263,0,0,0
05162,09271,0,0,0
05162,09272,0,0,0
05162,09273,27,27,0
05162,09274,17,17,0
05162,09275,0,0,0
05162,09276,0,0,0
05162,09277,10,0,10
05162,09278,10,10,0
05162,09279,0,0,0
05162,09361,0,0,0
05162,09362,27,16,11
05162,09363,0,0,0
05162,09371,0,0,0
05162,09372,0,0,0
05162,09373,47,47,0
05162,09374,0,0,0
05162,09375,17,17,0
05162,09376,11,0,11
05162,09377,0,0,0
05162,09461,0,0,0
05162,09462,0,0,0
05162,09463,10,0,10
05162,09464,0,0,0
05162,09471,15,15,0
05162,09472,11,11,0
05162,09473,0,0,0
05162,09474,0,0,0
05162,09475,12,0,12
05162,09476,0,0,0
05162,09477,0,0,0
05162,09478,0,0,0
05162,09479,0,0,0
05162,09561,0,0,0
05162,09562,33,13,20
05162,09563,23,13,10
05162,09564,188,84,104
05162,09565,0,0,0
05162,09571,24,11,13
05162,09572,20,20,0
05162,09573,12,12,0
05162,09574,12,12,0
05162,09575,0,0,0
05162,09576,16,16,0
05162,09577,0,0,0
05162,09661,11,0,11
05162,09662,0,0,0
05162,09663,30,0,30
05162,09671,30,16,14
05162,09672,0,0,0
05162,09673,0,0,0
05162,09674,0,0,0
05162,09675,10,10,0
05162,09676,10,0,10
05162,09677,12,12,0
05162,09678,10,10,0
05162,09679,17,17,0
05162,09761,49,29,20
05162,09762,0,0,0
05162,09763,0,0,0
05162,09764,0,0,0
05162,09771,31,21,10
05162,09772,26,26,0
05162,09773,0,0,0
05162,09774,0,0,0
05162,09775,112,95,17
05162,09776,0,0,0
05162,09777,0,0,0
05162,09778,11,11,0
05162,09779,10,10,0
05162,09780,0,0,0
05162,10041,59,24,35
05162,10042,0,0,0
05162,10043,14,14,0
05162,10044,26,26,0
05162,10045,13,13,0
05162,10046,0,0,0
05162,11000,976,503,473
05162,12051,0,0,0
05162,12052,0,0,0
05162,12053,0,0,0
05162,12054,36,17,19
05162,12060,13,13,0
05162,12061,13,13,0
05162,12062,0,0,0
05162,12063,30,30,0
05162,12064,14,14,0
05162,12065,13,13,0
05162,12066,0,0,0
05162,12067,24,13,11
05162,12068,0,0,0
05162,12069,27,14,13
05162,12070,0,0,0
05162,12071,0,0,0
05162,12072,29,17,12
05162,12073,0,0,0
05162,13003,0,0,0
05162,13004,0,0,0
05162,13071,10,10,0
05162,13072,10,0,10
05162,13073,0,0,0
05162,13074,0,0,0
05162,13075,0,0,0
05162,13076,0,0,0
05162,14511,35,23,12
05162,14521,0,0,0
05162,14522,18,18,0
05162,14523,0,0,0
05162,14524,26,26,0
05162,14612,107,80,27
05162,14625,28,28,0
05162,14626,10,10,0
05162,14627,11,11,0
05162,14628,13,13,0
05162,14713,83,55,28
05162,14729,20,20,0
05162,14730,28,18,10
05162,15001,0,0,0
05162,15002,29,18,11
05162,15003,13,13,0
05162,15081,0,0,0
05162,15082,22,22,0
05162,15083,10,10,0
05162,15084,20,20,0
05162,15085,17,17,0
05162,15086,0,0,0
05162,15087,11,11,0
05162,15088,31,16,15
05162,15089,20,20,0
05162,15090,0,0,0
05162,15091,0,0,0
05162,16051,26,16,10
05162,16052,0,0,0
05162,16053,0,0,0
05162,16054,0,0,0
05162,16055,0,0,0
05162,16056,0,0,0
05162,16061,0,0,0
05162,16062,0,0,0
05162,16063,0,0,0
05162,16064,10,10,0
05162,16065,0,0,0
05162,16066,0,0,0
05162,16067,12,12,0
05162,16068,0,0,0
05162,16069,0,0,0
05162,16070,10,0,10
05162,16071,0,0,0
05162,16072,0,0,0
05162,16073,0,0,0
05162,16074,10,10,0
05162,16075,0,0,0
05162,16076,0,0,0
05162,16077,13,0,13
05166,01001,0,0,0
05166,01002,13,13,0
05166,01003,20,10,10
05166,01004,0,0,0
05166,01051,0,0,0
05166,01053,0,0,0
05166,01054,0,0,0
05166,01055,0,0,0
05166,01056,54,42,12
05166,01057,0,0,0
05166,01058,25,15,10
05166,01059,0,0,0
05166,01060,21,21,0
05166,01061,0,0,0
05166,01062,29,15,14
05166,02000,319,118,201
05166,03101,27,16,11
05166,03102,0,0,0
05166,03103,16,0,16
05166,03151,0,0,0
05166,03153,0,0,0
05166,03154,0,0,0
05166,03155,0,0,0
05166,03157,21,0,21
05166,03158,0,0,0
05166,03159,24,13,11
05166,03241,171,52,119
05166,03251,11,11,0
05166,03252,0,0,0
05166,03254,36,23,13
05166,03255,0,0,0
05166,03256,0,0,0
05166,03257,27,12,15
05166,03351,15,15,0
05166,03352,0,0,0
05166,03353,48,37,11
05166,03354,0,0,0
05166,03355,12,12,0
05166,03356,0,0,0
05166,03357,0,0,0
05166,03358,0,0,0
05166,03359,23,13,10
05166,03360,0,0,0
05166,03361,0,0,0
05166,03401,0,0,0
05166,03402,0,0,0
05166,03403,14,14,0
05166,03404,22,12,10
05166,03405,0,0,0
05166,03451,10,0,10
05166,03452,0,0,0
05166,03453,39,14,25
05166,03454,50,15,35
05166,03455,0,0,0
05166,03456,0,0,0
05166,03457,0,0,0
05166,03458,11,11,0
05166,03459,35,19,16
05166,03460,13,0,13
05166,03461,0,0,0
05166,03462,0,0,0
05166,04011,62,26,36
05166,04012,0,0,0
05166,05111,11261,1562,9699
05166,05112,3141,1541,1600
05166,05113,1099,363,736
05166,05114,20015,7739,12276
05166,05116,19292,7581,11711
05166,05117,525,217,308
05166,05119,455,218,237
05166,05120,74,30,44
05166,05122,142,64,78
05166,05124,289,103,186
05166,05154,5405,3539,1866
05166,05158,2024,514,1510
05166,05162,8940,3341,5599
05166,05166,0,0,0
05166,05170,3114,1726,1388
05166,05314,228,64,164
05166,05315,1852,440,1412
05166,05316,213,49,164
05166,05334,910,366,544
05166,05358,804,499,305
05166,05362,925,461,464
05166,05366,155,127,28
05166,05370,4296,2734,1562
05166,05374,79,32,47
05166,05378,143,76,67
05166,05382,229,140,89
05166,05512,93,56,37
05166,05513,246,151,95
05166,05515,136,30,106
05166,05554,178,86,92
05166,05558,58,37,21
05166,05562,275,177,98
05166,05566,93,35,58
05166,05570,61,47,14
05166,05711,60,23,37
05166,05754,62,29,33
05166,05758,30,17,13
05166,05762,11,11,0
05166,05766,34,19,15
05166,05770,50,13,37
05166,05774,62,33,29
05166,05911,293,157,136
05166,05913,344,131,213
05166,05914,71,20,51
05166,05915,36,25,11
05166,05916,87,60,27
05166,05954,128,44,84
05166,05958,47,18,29
05166,05962,105,43,62
05166,05966,24,14,10
05166,05970,145,22,123
05166,05974,85,60,25
05166,05978,118,55,63
05166,06411,27,0,27
05166,06412,365,52,313
05166,06413,12,0,12
05166,06414,51,23,28
05166,06431,29,19,10
05166,06432,39,26,13
05166,06433,49,22,27
05166,06434,76,11,65
05166,06435,58,29,29
05166,06436,71,10,61
05166,06437,0,0,0
05166,06438,86,21,65
05166,06439,71,43,28
05166,06440,21,0,21
05166,06531,26,14,12
05166,06532,25,13,12
05166,06533,17,0,17
05166,06534,0,0,0
05166,06535,0,0,0
05166,06611,33,16,17
05166,06631,15,15,0
05166,06632,0,0,0
05166,06633,13,13,0
05166,06634,10,10,0
05166,06635,0,0,0
05166,06636,0,0,0
05166,07111,27,13,14
05166,07131,47,23,24
05166,07132,17,17,0
05166,07133,19,0,19
05166,07134,0,0,0
05166,07135,0,0,0
05166,07137,39,24,15
05166,07138,76,39,37
05166,07140,22,12,10
05166,07141,0,0,0
05166,07143,48,22,26
05166,07211,18,18,0
05166,07231,15,15,0
05166,07232,18,0,18
05166,07233,37,37,0
05166,07235,0,0,0
05166,07311,0,0,0
05166,07312,0,0,0
05166,07313,0,0,0
05166,07314,12,12,0
05166,07315,43,19,24
05166,07316,0,0,0
05166,07317,0,0,0
05166,07318,0,0,0
05166,07319,0,0,0
05166,07320,0,0,0
05166,07331,0,0,0
05166,07332,14,14,0
05166,07333,0,0,0
05166,07334,0,0,0
05166,07335,0,0,0
05166,07336,0,0,0
05166,07337,0,0,0
05166,07338,14,14,0
05166,07339,22,0,22
05166,07340,0,0,0
05166,08111,109,32,77
05166,08115,32,13,19
05166,08116,66,29,37
05166,08117,10,10,0
05166,08118,58,25,33
05166,08119,28,16,12
05166,08121,23,13,10
05166,08125,33,17,16
05166,08126,30,0,30
05166,08127,10,10,0
05166,08128,0,0,0
05166,08135,13,13,0
05166,08136,10,0,10
05166,08211,0,0,0
05166,08212,28,0,28
05166,08215,36,16,20
05166,08216,10,0,10
05166,08221,19,0,19
05166,08222,83,25,58
05166,08225,0,0,0
05166,08226,63,32,31
05166,08231,0,0,0
05166,08235,0,0,0
05166,08236,10,0,10
05166,08237,10,0,10
05166,08311,25,11,14
05166,08315,14,14,0
05166,08316,0,0,0
05166,08317,28,18,10
05166,08325,0,0,0
05166,08326,10,0,10
05166,08327,0,0,0
05166,08335,32,20,12
05166,08336,36,17,19
05166,08337,0,0,0
05166,08415,44,17,27
05166,08416,0,0,0
05166,08417,0,0,0
05166,08421,15,0,15
05166,08425,12,12,0
05166,08426,10,10,0
05166,08435,0,0,0
05166,08436,25,10,15
05166,08437,0,0,0
05166,09161,0,0,0
05166,09162,391,106,285
05166,09163,0,0,0
05166,09171,0,0,0
05166,09172,0,0,0
05166,09173,10,10,0
05166,09174,0,0,0
05166,09175,11,0,11
05166,09176,0,0,0
05166,09177,0,0,0
05166,09178,38,0,38
05166,09179,11,0,11
05166,09180,0,0,0
05166,09181,0,0,0
05166,09182,0,0,0
05166,09183,0,0,0
05166,09184,134,15,119
05166,09185,0,0,0
05166,09186,11,0,11
05166,09187,22,10,12
05166,09188,15,0,15
05166,09189,0,0,0
05166,09190,0,0,0
05166,09261,0,0,0
05166,09262,0,0,0
05166,09263,0,0,0
05166,09271,0,0,0
05166,09272,0,0,0
05166,09273,0,0,0
05166,09274,12,12,0
05166,09275,0,0,0
05166,09276,0,0,0
05166,09277,0,0,0
05166,09278,0,0,0
05166,09279,0,0,0
05166,09361,0,0,0
05166,09362,0,0,0
05166,09363,0,0,0
05166,09371,0,0,0
05166,09372,0,0,0
05166,09373,13,13,0
05166,09374,0,0,0
05166,09375,0,0,0
05166,09376,0,0,0
05166,09377,0,0,0
05166,09461,0,0,0
05166,09462,0,0,0
05166,09463,0,0,0
05166,09464,0,0,0
05166,09471,0,0,0
05166,09472,0,0,0
05166,09473,0,0,0
05166,09474,11,11,0
05166,09475,0,0,0
05166,09476,0,0,0
05166,09477,0,0,0
05166,09478,0,0,0
05166,09479,0,0,0
05166,09561,0,0,0
05166,09562,10,0,10
05166,09563,0,0,0
05166,09564,91,56,35
05166,09565,0,0,0
05166,09571,0,0,0
05166,09572,14,14,0
05166,09573,0,0,0
05166,09574,0,0,0
05166,09575,0,0,0
05166,09576,0,0,0
05166,09577,0,0,0
05166,09661,0,0,0
05166,09662,0,0,0
05166,09663,18,18,0
05166,09671,14,0,14
05166,09672,0,0,0
05166,09673,0,0,0
05166,09674,0,0,0
05166,09675,0,0,0
05166,09676,0,0,0
05166,09677,0,0,0
05166,09678,0,0,0
05166,09679,12,0,12
05166,09761,27,13,14
05166,09762,0,0,0
05166,09763,0,0,0
05166,09764,0,0,0
05166,09771,0,0,0
05166,09772,15,15,0
05166,09773,0,0,0
05166,09774,0,0,0
05166,09775,41,0,41
05166,09776,11,11,0
05166,09777,0,0,0
05166,09778,0,0,0
05166,09779,13,13,0
05166,09780,0,0,0
05166,10041,39,17,22
05166,10042,0,0,0
05166,10043,0,0,0
05166,10044,0,0,0
05166,10045,0,0,0
05166,10046,0,0,0
05166,11000,465,209,256
05166,12051,0,0,0
05166,12052,0,0,0
05166,12053,0,0,0
05166,12054,14,14,0
05166,12060,0,0,0
05166,12061,39,39,0
05166,12062,0,0,0
05166,12063,14,14,0
05166,12064,13,13,0
05166,12065,0,0,0
05166,12066,0,0,0
05166,12067,14,14,0
05166,12068,0,0,0
05166,12069,18,0,18
05166,12070,0,0,0
05166,12071,0,0,0
05166,12072,32,12,20
05166,12073,0,0,0
05166,13003,0,0,0
05166,13004,0,0,0
05166,13071,0,0,0
05166,13072,0,0,0
05166,13073,0,0,0
05166,13074,0,0,0
05166,13075,0,0,0
05166,13076,0,0,0
05166,14511,0,0,0
05166,14521,10,10,0
05166,14522,0,0,0
05166,14523,0,0,0
05166,14524,12,12,0
05166,14612,39,39,0
05166,14625,11,11,0
05166,14626,10,10,0
05166,14627,0,0,0
05166,14628,0,0,0
05166,14713,57,42,15
05166,14729,13,13,0
05166,14730,12,12,0
05166,15001,0,0,0
05166,15002,14,14,0
05166,15003,0,0,0
05166,15081,0,0,0
05166,15082,22,22,0
05166,15083,13,13,0
05166,15084,0,0,0
05166,15085,0,0,0
05166,15086,0,0,0
05166,15087,10,10,0
05166,15088,19,19,0
05166,15089,38,38,0
05166,15090,0,0,0
05166,15091,0,0,0
05166,16051,18,18,0
05166,16052,0,0,0
05166,16053,17,0,17
05166,16054,0,0,0
05166,16055,12,12,0
05166,16056,0,0,0
05166,16061,0,0,0
05166,16062,0,0,0
05166,16063,16,16,0
05166,16064,0,0,0
05166,16065,0,0,0
05166,16066,0,0,0
05166,16067,0,0,0
05166,16068,0,0,0
05166,16069,0,0,0
05166,16070,0,0,0
05166,16071,0,0,0
05166,16072,0,0,0
05166,16073,0,0,0
05166,16074,0,0,0
05166,16075,0,0,0
05166,16076,0,0,0
05166,16077,0,0,0
05170,01001,0,0,0
05170,01002,24,0,24
05170,01003,10,0,10
05170,01004,26,0,26
05170,01051,14,14,0
05170,01053,0,0,0
05170,01054,20,20,0
05170,01055,12,12,0
05170,01056,28,13,15
05170,01057,0,0,0
05170,01058,15,15,0
05170,01059,0,0,0
05170,01060,72,11,61
05170,01061,0,0,0
05170,01062,37,11,26
05170,02000,465,91,374
05170,03101,19,0,19
05170,03102,11,11,0
05170,03103,14,0,14
05170,03151,0,0,0
05170,03153,12,12,0
05170,03154,0,0,0
05170,03155,0,0,0
05170,03157,14,14,0
05170,03158,0,0,0
05170,03159,45,28,17
05170,03241,285,185,100
05170,03251,28,12,16
05170,03252,18,18,0
05170,03254,42,25,17
05170,03255,0,0,0
05170,03256,26,16,10
05170,03257,33,16,17
05170,03351,13,13,0
05170,03352,14,14,0
05170,03353,27,14,13
05170,03354,0,0,0
05170,03355,12,12,0
05170,03356,0,0,0
05170,03357,25,0,25
05170,03358,26,12,14
05170,03359,46,29,17
05170,03360,0,0,0
05170,03361,12,12,0
05170,03401,0,0,0
05170,03402,58,58,0
05170,03403,31,14,17
05170,03404,86,19,67
05170,03405,17,0,17
05170,03451,0,0,0
05170,03452,60,25,35
05170,03453,28,13,15
05170,03454,252,168,84
05170,03455,0,0,0
05170,03456,82,29,53
05170,03457,21,21,0
05170,03458,0,0,0
05170,03459,175,142,33
05170,03460,0,0,0
05170,03461,0,0,0
05170,03462,0,0,0
05170,04011,181,43,138
05170,04012,0,0,0
05170,05111,7799,919,6880
05170,05112,37409,12927,24482
05170,05113,7133,1760,5373
05170,05114,7638,1952,5686
05170,05116,871,293,578
05170,05117,3583,1034,2549
05170,05119,8302,3204,5098
05170,05120,101,44,57
05170,05122,169,71,98
05170,05124,350,136,214
05170,05154,17209,9674,7535
05170,05158,2325,554,1771
05170,05162,2146,744,1402
05170,05166,3114,1388,1726
05170,05170,0,0,0
05170,05314,264,100,164
05170,05315,1461,371,1090
05170,05316,279,50,229
05170,05334,319,163,156
05170,05358,155,61,94
05170,05362,470,184,286
05170,05366,79,55,24
05170,05370,262,171,91
05170,05374,118,33,85
05170,05378,159,82,77
05170,05382,308,210,98
05170,05512,2161,939,1222
05170,05513,1884,691,1193
05170,05515,545,98,447
05170,05554,9295,4693,4602
05170,05558,506,364,142
05170,05562,4856,2558,2298
05170,05566,240,93,147
05170,05570,121,57,64
05170,05711,127,36,91
05170,05754,206,97,109
05170,05758,51,31,20
05170,05762,32,11,21
05170,05766,58,32,26
05170,05770,63,25,38
05170,05774,128,92,36
05170,05911,1054,377,677
05170,05913,1156,351,805
05170,05914,170,61,109
05170,05915,382,300,82
05170,05916,798,282,516
05170,05954,422,157,265
05170,05958,80,46,34
05170,05962,148,64,84
05170,05966,29,10,19
05170,05970,80,22,58
05170,05974,102,51,51
05170,05978,479,274,205
05170,06411,40,14,26
05170,06412,352,32,320
05170,06413,20,0,20
05170,06414,67,19,48
05170,06431,44,17,27
05170,06432,61,46,15
05170,06433,45,21,24
05170,06434,56,0,56
05170,06435,73,15,58
05170,06436,82,12,70
05170,06437,0,0,0
05170,06438,99,20,79
05170,06439,30,11,19
05170,06440,61,18,43
05170,06531,41,18,23
05170,06532,83,23,60
05170,06533,18,18,0
05170,06534,13,13,0
05170,06535,0,0,0
05170,06611,36,15,21
05170,06631,26,11,15
05170,06632,0,0,0
05170,06633,22,22,0
05170,06634,25,15,10
05170,06635,11,11,0
05170,06636,0,0,0
05170,07111,27,10,17
05170,07131,22,22,0
05170,07132,21,21,0
05170,07133,13,0,13
05170,07134,0,0,0
05170,07135,0,0,0
05170,07137,44,30,14
05170,07138,55,25,30
05170,07140,0,0,0
05170,07141,25,0,25
05170,07143,50,15,35
05170,07211,10,10,0
05170,07231,28,28,0
05170,07232,21,0,21
05170,07233,0,0,0
05170,07235,0,0,0
05170,07311,0,0,0
05170,07312,0,0,0
05170,07313,0,0,0
05170,07314,30,11,19
05170,07315,29,10,19
05170,07316,0,0,0
05170,07317,0,0,0
05170,07318,12,12,0
05170,07319,24,13,11
05170,07320,0,0,0
05170,07331,16,16,0
05170,07332,0,0,0
05170,07333,0,0,0
05170,07334,0,0,0
05170,07335,0,0,0
05170,07336,0,0,0
05170,07337,0,0,0
05170,07338,0,0,0
05170,07339,32,14,18
05170,07340,0,0,0
05170,08111,142,24,118
05170,08115,74,24,50
05170,08116,51,11,40
05170,08117,18,0,18
05170,08118,74,22,52
05170,08119,38,14,24
05170,08121,15,15,0
05170,08125,66,28,38
05170,08126,29,0,29
05170,08127,0,0,0
05170,08128,17,0,17
05170,08135,0,0,0
05170,08136,14,0,14
05170,08211,25,0,25
05170,08212,66,15,51
05170,08215,63,14,49
05170,08216,13,0,13
05170,08221,12,0,12
05170,08222,84,13,71
05170,08225,0,0,0
05170,08226,72,24,48
05170,08231,12,0,12
05170,08235,0,0,0
05170,08236,11,0,11
05170,08237,0,0,0
05170,08311,12,0,12
05170,08315,12,0,12
05170,08316,16,16,0
05170,08317,42,13,29
05170,08325,0,0,0
05170,08326,0,0,0
05170,08327,0,0,0
05170,08335,0,0,0
05170,08336,56,32,24
05170,08337,15,15,0
05170,08415,15,0,15
05170,08416,20,0,20
05170,08417,0,0,0
05170,08421,19,0,19
05170,08425,0,0,0
05170,08426,10,10,0
05170,08435,0,0,0
05170,08436,15,0,15
05170,08437,0,0,0
05170,09161,16,0,16
05170,09162,344,56,288
05170,09163,0,0,0
05170,09171,0,0,0
05170,09172,13,0,13
05170,09173,0,0,0
05170,09174,0,0,0
05170,09175,0,0,0
05170,09176,0,0,0
05170,09177,11,0,11
05170,09178,25,0,25
05170,09179,0,0,0
05170,09180,0,0,0
05170,09181,0,0,0
05170,09182,13,0,13
05170,09183,0,0,0
05170,09184,126,19,107
05170,09185,0,0,0
05170,09186,0,0,0
05170,09187,11,11,0
05170,09188,10,0,10
05170,09189,0,0,0
05170,09190,0,0,0
05170,09261,0,0,0
05170,09262,0,0,0
05170,09263,0,0,0
05170,09271,0,0,0
05170,09272,0,0,0
05170,09273,0,0,0
05170,09274,0,0,0
05170,09275,0,0,0
05170,09276,0,0,0
05170,09277,0,0,0
05170,09278,0,0,0
05170,09279,0,0,0
05170,09361,0,0,0
05170,09362,74,12,62
05170,09363,0,0,0
05170,09371,0,0,0
05170,09372,0,0,0
05170,09373,41,12,29
05170,09374,0,0,0
05170,09375,10,10,0
05170,09376,0,0,0
05170,09377,0,0,0
05170,09461,0,0,0
05170,09462,0,0,0
05170,09463,0,0,0
05170,09464,0,0,0
05170,09471,0,0,0
05170,09472,0,0,0
05170,09473,0,0,0
05170,09474,0,0,0
05170,09475,0,0,0
05170,09476,0,0,0
05170,09477,0,0,0
05170,09478,0,0,0
05170,09479,0,0,0
05170,09561,0,0,0
05170,09562,12,0,12
05170,09563,0,0,0
05170,09564,79,19,60
05170,09565,0,0,0
05170,09571,0,0,0
05170,09572,0,0,0
05170,09573,0,0,0
05170,09574,0,0,0
05170,09575,0,0,0
05170,09576,0,0,0
05170,09577,0,0,0
05170,09661,0,0,0
05170,09662,0,0,0
05170,09663,16,0,16
05170,09671,21,0,21
05170,09672,0,0,0
05170,09673,0,0,0
05170,09674,0,0,0
05170,09675,0,0,0
05170,09676,14,0,14
05170,09677,15,0,15
05170,09678,0,0,0
05170,09679,0,0,0
05170,09761,32,18,14
05170,09762,0,0,0
05170,09763,0,0,0
05170,09764,0,0,0
05170,09771,0,0,0
05170,09772,0,0,0
05170,09773,0,0,0
05170,09774,0,0,0
05170,09775,13,0,13
05170,09776,0,0,0
05170,09777,0,0,0
05170,09778,0,0,0
05170,09779,0,0,0
05170,09780,0,0,0
05170,10041,38,13,25
05170,10042,0,0,0
05170,10043,0,0,0
05170,10044,0,0,0
05170,10045,0,0,0
05170,10046,0,0,0
05170,11000,635,326,309
05170,12051,0,0,0
05170,12052,11,11,0
05170,12053,0,0,0
05170,12054,37,11,26
05170,12060,17,17,0
05170,12061,20,20,0
05170,12062,21,21,0
05170,12063,27,17,10
05170,12064,11,0,11
05170,12065,17,17,0
05170,12066,14,14,0
05170,12067,0,0,0
05170,12068,0,0,0
05170,12069,10,0,10
05170,12070,0,0,0
05170,12071,0,0,0
05170,12072,0,0,0
05170,12073,0,0,0
05170,13003,12,12,0
05170,13004,0,0,0
05170,13071,54,42,12
05170,13072,17,17,0
05170,13073,88,88,0
05170,13074,0,0,0
05170,13075,13,13,0
05170,13076,10,10,0
05170,14511,40,0,40
05170,14521,0,0,0
05170,14522,25,25,0
05170,14523,11,11,0
05170,14524,31,31,0
05170,14612,81,81,0
05170,14625,34,34,0
05170,14626,76,76,0
05170,14627,34,34,0
05170,14628,68,68,0
05170,14713,120,98,22
05170,14729,37,37,0
05170,14730,12,12,0
05170,15001,0,0,0
05170,15002,16,16,0
05170,15003,39,29,10
05170,15081,0,0,0
05170,15082,19,19,0
05170,15083,18,18,0
05170,15084,12,12,0
05170,15085,13,13,0
05170,15086,14,14,0
05170,15087,11,11,0
05170,15088,30,19,11
05170,15089,24,24,0
05170,15090,0,0,0
05170,15091,0,0,0
05170,16051,41,22,19
05170,16052,0,0,0
05170,16053,0,0,0
05170,16054,0,0,0
05170,16055,0,0,0
05170,16056,0,0,0
05170,16061,0,0,0
05170,16062,12,0,12
05170,16063,33,0,33
05170,16064,0,0,0
05170,16065,0,0,0
05170,16066,0,0,0
05170,16067,0,0,0
05170,16068,0,0,0
05170,16069,0,0,0
05170,16070,0,0,0
05170,16071,0,0,0
05170,16072,0,0,0
05170,16073,0,0,0
05170,16074,0,0,0
05170,16075,0,0,0
05170,16076,0,0,0
05170,16077,0,0,0
05314,01001,0,0,0
05314,01002,73,49,24
05314,01003,34,19,15
05314,01004,0,0,0
05314,01051,0,0,0
05314,01053,28,16,12
05314,01054,0,0,0
05314,01055,17,17,0
05314,01056,50,36,14
05314,01057,16,16,0
05314,01058,50,50,0
05314,01059,11,11,0
05314,01060,34,22,12
05314,01061,13,13,0
05314,01062,33,33,0
05314,02000,735,369,366
05314,03101,56,39,17
05314,03102,0,0,0
05314,03103,14,0,14
05314,03151,16,16,0
05314,03153,25,25,0
05314,03154,10,10,0
05314,03155,16,16,0
05314,03157,24,24,0
05314,03158,0,0,0
05314,03159,105,82,23
05314,03241,350,220,130
05314,03251,40,40,0
05314,03252,51,51,0
05314,03254,42,26,16
05314,03255,0,0,0
05314,03256,40,40,0
05314,03257,30,30,0
05314,03351,22,22,0
05314,03352,15,15,0
05314,03353,25,25,0
05314,03354,0,0,0
05314,03355,34,20,14
05314,03356,0,0,0
05314,03357,18,18,0
05314,03358,11,0,11
05314,03359,16,16,0
05314,03360,10,10,0
05314,03361,33,33,0
05314,03401,10,10,0
05314,03402,0,0,0
05314,03403,45,22,23
05314,03404,56,29,27
05314,03405,15,15,0
05314,03451,12,12,0
05314,03452,17,17,0
05314,03453,12,0,12
05314,03454,49,26,23
05314,03455,13,13,0
05314,03456,13,13,0
05314,03457,15,15,0
05314,03458,13,13,0
05314,03459,43,33,10
05314,03460,0,0,0
05314,03461,0,0,0
05314,03462,29,29,0
05314,04011,174,95,79
05314,04012,0,0,0
05314,05111,2288,875,1413
05314,05112,344,192,152
05314,05113,620,338,282
05314,05114,190,123,67
05314,05116,225,160,65
05314,05117,112,87,25
05314,05119,193,90,103
05314,05120,191,115,76
05314,05122,205,156,49
05314,05124,369,235,134
05314,05154,197,153,44
05314,05158,906,572,334
05314,05162,951,629,322
05314,05166,228,164,64
05314,05170,264,164,100
05314,05314,0,0,0
05314,05315,24578,12683,11895
05314,05316,833,471,362
05314,05334,1035,707,328
05314,05358,774,559,215
05314,05362,7268,4889,2379
05314,05366,4181,3379,802
05314,05370,242,198,44
05314,05374,849,603,246
05314,05378,1952,1571,381
05314,05382,63205,48556,14649
05314,05512,47,47,0
05314,05513,92,57,35
05314,05515,295,180,115
05314,05554,83,59,24
05314,05558,55,42,13
05314,05562,204,134,70
05314,05566,79,47,32
05314,05570,67,53,14
05314,05711,115,69,46
05314,05754,88,49,39
05314,05758,37,26,11
05314,05762,16,16,0
05314,05766,64,49,15
05314,05770,34,23,11
05314,05774,85,57,28
05314,05911,242,154,88
05314,05913,350,195,155
05314,05914,94,57,37
05314,05915,35,25,10
05314,05916,54,41,13
05314,05954,204,120,84
05314,05958,106,87,19
05314,05962,141,101,40
05314,05966,233,61,172
05314,05970,270,146,124
05314,05974,89,59,30
05314,05978,160,77,83
05314,06411,133,60,73
05314,06412,1127,390,737
05314,06413,49,30,19
05314,06414,169,86,83
05314,06431,52,32,20
05314,06432,129,80,49
05314,06433,98,50,48
05314,06434,228,82,146
05314,06435,113,72,41
05314,06436,350,88,262
05314,06437,15,15,0
05314,06438,160,81,79
05314,06439,73,50,23
05314,06440,107,84,23
05314,06531,102,82,20
05314,06532,61,42,19
05314,06533,115,92,23
05314,06534,95,64,31
05314,06535,23,23,0
05314,06611,62,34,28
05314,06631,160,160,0
05314,06632,68,68,0
05314,06633,34,34,0
05314,06634,20,20,0
05314,06635,12,12,0
05314,06636,0,0,0
05314,07111,824,441,383
05314,07131,8619,7588,1031
05314,07132,580,496,84
05314,07133,56,40,16
05314,07134,11,11,0
05314,07135,83,83,0
05314,07137,1276,1007,269
05314,07138,4673,3872,801
05314,07140,109,87,22
05314,07141,182,162,20
05314,07143,452,352,100
05314,07211,119,87,32
05314,07231,52,34,18
05314,07232,106,90,16
05314,07233,180,156,24
05314,07235,52,40,12
05314,07311,0,0,0
05314,07312,27,15,12
05314,07313,0,0,0
05314,07314,40,21,19
05314,07315,265,110,155
05314,07316,15,15,0
05314,07317,0,0,0
05314,07318,0,0,0
05314,07319,11,11,0
05314,07320,11,11,0
05314,07331,27,27,0
05314,07332,24,24,0
05314,07333,0,0,0
05314,07334,24,24,0
05314,07335,14,14,0
05314,07336,0,0,0
05314,07337,14,14,0
05314,07338,39,27,12
05314,07339,73,58,15
05314,07340,12,12,0
05314,08111,248,136,112
05314,08115,68,43,25
05314,08116,119,78,41
05314,08117,27,16,11
05314,08118,114,67,47
05314,08119,54,39,15
05314,08121,10,10,0
05314,08125,61,19,42
05314,08126,0,0,0
05314,08127,17,17,0
05314,08128,29,19,10
05314,08135,0,0,0
05314,08136,30,17,13
05314,08211,11,0,11
05314,08212,101,56,45
05314,08215,73,44,29
05314,08216,20,20,0
05314,08221,107,67,40
05314,08222,155,82,73
05314,08225,10,10,0
05314,08226,97,58,39
05314,08231,0,0,0
05314,08235,0,0,0
05314,08236,16,16,0
05314,08237,0,0,0
05314,08311,117,73,44
05314,08315,27,27,0
05314,08316,21,21,0
05314,08317,78,54,24
05314,08325,0,0,0
05314,08326,15,15,0
05314,08327,0,0,0
05314,08335,48,36,12
05314,08336,34,12,22
05314,08337,0,0,0
05314,08415,49,33,16
05314,08416,56,38,18
05314,08417,14,14,0
05314,08421,30,12,18
05314,08425,12,12,0
05314,08426,10,10,0
05314,08435,27,27,0
05314,08436,27,27,0
05314,08437,10,10,0
05314,09161,16,16,0
05314,09162,887,397,490
05314,09163,0,0,0
05314,09171,22,22,0
05314,09172,0,0,0
05314,09173,10,10,0
05314,09174,14,14,0
05314,09175,18,18,0
05314,09176,14,14,0
05314,09177,11,11,0
05314,09178,78,17,61
05314,09179,31,31,0
05314,09180,13,13,0
05314,09181,0,0,0
05314,09182,0,0,0
05314,09183,14,14,0
05314,09184,212,62,150
05314,09185,0,0,0
05314,09186,13,13,0
05314,09187,23,23,0
05314,09188,33,20,13
05314,09189,13,0,13
05314,09190,14,14,0
05314,09261,0,0,0
05314,09262,0,0,0
05314,09263,0,0,0
05314,09271,0,0,0
05314,09272,0,0,0
05314,09273,11,11,0
05314,09274,0,0,0
05314,09275,0,0,0
05314,09276,0,0,0
05314,09277,0,0,0
05314,09278,0,0,0
05314,09279,0,0,0
05314,09361,0,0,0
05314,09362,70,21,49
05314,09363,0,0,0
05314,09371,0,0,0
05314,09372,0,0,0
05314,09373,22,11,11
05314,09374,20,20,0
05314,09375,18,18,0
05314,09376,0,0,0
05314,09377,0,0,0
05314,09461,0,0,0
05314,09462,13,13,0
05314,09463,0,0,0
05314,09464,0,0,0
05314,09471,0,0,0
05314,09472,0,0,0
05314,09473,0,0,0
05314,09474,0,0,0
05314,09475,12,0,12
05314,09476,0,0,0
05314,09477,0,0,0
05314,09478,0,0,0
05314,09479,0,0,0
05314,09561,0,0,0
05314,09562,26,14,12
05314,09563,19,19,0
05314,09564,154,52,102
05314,09565,0,0,0
05314,09571,11,11,0
05314,09572,23,11,12
05314,09573,0,0,0
05314,09574,11,11,0
05314,09575,0,0,0
05314,09576,0,0,0
05314,09577,0,0,0
05314,09661,11,11,0
05314,09662,0,0,0
05314,09663,58,46,12
05314,09671,27,15,12
05314,09672,0,0,0
05314,09673,0,0,0
05314,09674,0,0,0
05314,09675,33,33,0
05314,09676,12,12,0
05314,09677,15,15,0
05314,09678,11,11,0
05314,09679,41,41,0
05314,09761,43,30,13
05314,09762,0,0,0
05314,09763,0,0,0
05314,09764,0,0,0
05314,09771,0,0,0
05314,09772,21,21,0
05314,09773,0,0,0
05314,09774,0,0,0
05314,09775,15,15,0
05314,09776,0,0,0
05314,09777,0,0,0
05314,09778,0,0,0
05314,09779,0,0,0
05314,09780,12,12,0
05314,10041,79,53,26
05314,10042,0,0,0
05314,10043,12,12,0
05314,10044,16,16,0
05314,10045,27,27,0
05314,10046,10,10,0
05314,11000,3656,2729,927
05314,12051,0,0,0
05314,12052,15,15,0
05314,12053,0,0,0
05314,12054,98,70,28
05314,12060,40,40,0
05314,12061,24,24,0
05314,12062,10,10,0
05314,12063,33,33,0
05314,12064,34,34,0
05314,12065,48,48,0
05314,12066,0,0,0
05314,12067,25,25,0
05314,12068,0,0,0
05314,12069,86,74,12
05314,12070,0,0,0
05314,12071,0,0,0
05314,12072,24,24,0
05314,12073,0,0,0
05314,13003,31,20,11
05314,13004,10,10,0
05314,13071,12,12,0
05314,13072,11,11,0
05314,13073,10,10,0
05314,13074,16,16,0
05314,13075,19,19,0
05314,13076,13,13,0
05314,14511,31,17,14
05314,14521,12,12,0
05314,14522,0,0,0
05314,14523,0,0,0
05314,14524,12,12,0
05314,14612,112,79,33
05314,14625,0,0,0
05314,14626,0,0,0
05314,14627,0,0,0
05314,14628,13,13,0
05314,14713,165,126,39
05314,14729,16,16,0
05314,14730,18,18,0
05314,15001,0,0,0
05314,15002,47,34,13
05314,15003,30,30,0
05314,15081,0,0,0
05314,15082,27,15,12
05314,15083,0,0,0
05314,15084,0,0,0
05314,15085,13,13,0
05314,15086,10,10,0
05314,15087,0,0,0
05314,15088,18,18,0
05314,15089,0,0,0
05314,15090,0,0,0
05314,15091,14,14,0
05314,16051,46,35,11
05314,16052,0,0,0
05314,16053,35,18,17
05314,16054,0,0,0
05314,16055,0,0,0
05314,16056,0,0,0
05314,16061,0,0,0
05314,16062,0,0,0
05314,16063,38,38,0
05314,16064,0,0,0
05314,16065,0,0,0
05314,16066,10,10,0
05314,16067,0,0,0
05314,16068,0,0,0
05314,16069,0,0,0
05314,16070,10,10,0
05314,16071,0,0,0
05314,16072,0,0,0
05314,16073,0,0,0
05314,16074,0,0,0
05314,16075,0,0,0
05314,16076,0,0,0
05314,16077,0,0,0
05315,01001,94,77,17
05315,01002,374,193,181
05315,01003,128,87,41
05315,01004,72,47,25
05315,01051,38,38,0
05315,01053,99,89,10
05315,01054,106,74,32
05315,01055,85,85,0
05315,01056,227,190,37
05315,01057,53,53,0
05315,01058,162,147,15
05315,01059,86,58,28
05315,01060,267,189,78
05315,01061,153,65,88
05315,01062,217,162,55
05315,02000,4044,2327,1717
05315,03101,187,130,57
05315,03102,21,21,0
05315,03103,85,45,40
05315,03151,73,62,11
05315,03153,86,66,20
05315,03154,24,24,0
05315,03155,78,51,27
05315,03157,58,58,0
05315,03158,39,39,0
05315,03159,298,233,65
05315,03241,1382,907,475
05315,03251,113,87,26
05315,03252,67,56,11
05315,03254,137,114,23
05315,03255,37,26,11
05315,03256,35,35,0
05315,03257,89,73,16
05315,03351,111,89,22
05315,03352,71,59,12
05315,03353,224,207,17
05315,03354,14,14,0
05315,03355,137,97,40
05315,03356,56,42,14
05315,03357,77,62,15
05315,03358,68,68,0
05315,03359,99,88,11
05315,03360,33,33,0
05315,03361,72,51,21
05315,03401,42,27,15
05315,03402,27,14,13
05315,03403,152,111,41
05315,03404,219,144,75
05315,03405,29,29,0
05315,03451,50,39,11
05315,03452,135,88,47
05315,03453,72,53,19
05315,03454,348,229,119
05315,03455,32,32,0
05315,03456,115,72,43
05315,03457,143,133,10
05315,03458,76,76,0
05315,03459,260,186,74
05315,03460,78,58,20
05315,03461,29,29,0
05315,03462,20,20,0
05315,04011,580,389,191
05315,04012,40,23,17
05315,05111,20228,8289,11939
05315,05112,3153,2258,895
05315,05113,3639,2097,1542
05315,05114,1905,1298,607
05315,05116,2551,1731,820
05315,05117,915,630,285
05315,05119,1017,639,378
05315,05120,1650,917,733
05315,05122,2943,2193,750
05315,05124,4134,2766,1368
05315,05154,914,669,245
05315,05158,11090,6744,4346
05315,05162,16834,11851,4983
05315,05166,1852,1412,440
05315,05170,1461,1090,371
05315,05314,24578,11895,12683
05315,05315,0,0,0
05315,05316,22459,13425,9034
05315,05334,7461,5164,2297
05315,05358,8427,6595,1832
05315,05362,83113,62873,20240
05315,05366,9548,8145,1403
05315,05370,1959,1561,398
05315,05374,7552,5682,1870
05315,05378,37246,28120,9126
05315,05382,44739,35680,9059
05315,05512,260,224,36
05315,05513,802,526,276
05315,05515,1242,674,568
05315,05554,517,395,122
05315,05558,332,281,51
05315,05562,1599,1187,412
05315,05566,492,344,148
05315,05570,267,210,57
05315,05711,611,345,266
05315,05754,367,220,147
05315,05758,172,133,39
05315,05762,118,96,22
05315,05766,295,234,61
05315,05770,219,151,68
05315,05774,365,268,97
05315,05911,1530,1126,404
05315,05913,2476,1560,916
05315,05914,529,379,150
05315,05915,306,249,57
05315,05916,416,348,68
05315,05954,1256,968,288
05315,05958,371,252,119
05315,05962,798,562,236
05315,05966,730,416,314
05315,05970,1237,790,447
05315,05974,386,309,77
05315,05978,987,691,296
05315,06411,361,204,157
05315,06412,4676,1483,3193
05315,06413,302,248,54
05315,06414,701,380,321
05315,06431,300,217,83
05315,06432,331,252,79
05315,06433,487,337,150
05315,06434,828,290,538
05315,06435,508,322,186
05315,06436,907,369,538
05315,06437,58,46,12
05315,06438,754,441,313
05315,06439,355,297,58
05315,06440,403,299,104
05315,06531,373,295,78
05315,06532,234,168,66
05315,06533,316,199,117
05315,06534,261,170,91
05315,06535,62,62,0
05315,06611,259,168,91
05315,06631,199,163,36
05315,06632,115,86,29
05315,06633,113,91,22
05315,06634,94,73,21
05315,06635,97,77,20
05315,06636,69,58,11
05315,07111,637,363,274
05315,07131,2049,1719,330
05315,07132,1003,871,132
05315,07133,137,113,24
05315,07134,69,40,29
05315,07135,140,118,22
05315,07137,863,672,191
05315,07138,2112,1639,473
05315,07140,191,151,40
05315,07141,225,185,40
05315,07143,703,543,160
05315,07211,266,176,90
05315,07231,124,96,28
05315,07232,190,131,59
05315,07233,417,369,48
05315,07235,135,114,21
05315,07311,36,24,12
05315,07312,118,96,22
05315,07313,16,16,0
05315,07314,169,105,64
05315,07315,543,304,239
05315,07316,31,31,0
05315,07317,16,16,0
05315,07318,49,39,10
05315,07319,72,44,28
05315,07320,23,23,0
05315,07331,73,73,0
05315,07332,117,96,21
05315,07333,28,28,0
05315,07334,79,62,17
05315,07335,58,58,0
05315,07336,34,34,0
05315,07337,52,37,15
05315,07338,132,108,24
05315,07339,268,207,61
05315,07340,47,47,0
05315,08111,1170,645,525
05315,08115,296,183,113
05315,08116,558,334,224
05315,08117,159,133,26
05315,08118,419,301,118
05315,08119,289,218,71
05315,08121,94,61,33
05315,08125,214,141,73
05315,08126,62,27,35
05315,08127,82,45,37
05315,08128,64,28,36
05315,08135,62,43,19
05315,08136,108,72,36
05315,08211,69,39,30
05315,08212,433,257,176
05315,08215,330,251,79
05315,08216,131,96,35
05315,08221,316,177,139
05315,08222,756,311,445
05315,08225,87,52,35
05315,08226,469,338,131
05315,08231,108,57,51
05315,08235,67,49,18
05315,08236,115,92,23
05315,08237,20,20,0
05315,08311,301,214,87
05315,08315,149,121,28
05315,08316,86,69,17
05315,08317,199,134,65
05315,08325,39,29,10
05315,08326,100,80,20
05315,08327,63,42,21
05315,08335,217,138,79
05315,08336,111,53,58
05315,08337,48,27,21
05315,08415,154,110,44
05315,08416,286,131,155
05315,08417,69,56,13
05315,08421,125,73,52
05315,08425,70,70,0
05315,08426,65,35,30
05315,08435,77,58,19
05315,08436,90,60,30
05315,08437,67,45,22
05315,09161,110,66,44
05315,09162,3726,1774,1952
05315,09163,44,44,0
05315,09171,30,30,0
05315,09172,53,22,31
05315,09173,68,48,20
05315,09174,117,97,20
05315,09175,108,81,27
05315,09176,29,29,0
05315,09177,98,77,21
05315,09178,349,161,188
05315,09179,183,160,23
05315,09180,27,27,0
05315,09181,95,74,21
05315,09182,76,56,20
05315,09183,40,40,0
05315,09184,916,284,632
05315,09185,24,24,0
05315,09186,93,51,42
05315,09187,112,87,25
05315,09188,133,91,42
05315,09189,61,37,24
05315,09190,48,48,0
05315,09261,36,36,0
05315,09262,53,32,21
05315,09263,11,11,0
05315,09271,51,51,0
05315,09272,14,14,0
05315,09273,64,64,0
05315,09274,39,39,0
05315,09275,57,41,16
05315,09276,12,12,0
05315,09277,20,20,0
05315,09278,17,17,0
05315,09279,19,19,0
05315,09361,13,13,0
05315,09362,134,82,52
05315,09363,17,17,0
05315,09371,31,20,11
05315,09372,35,25,10
05315,09373,99,49,50
05315,09374,15,15,0
05315,09375,57,57,0
05315,09376,40,40,0
05315,09377,10,10,0
05315,09461,52,39,13
05315,09462,49,28,21
05315,09463,24,14,10
05315,09464,20,20,0
05315,09471,60,47,13
05315,09472,24,24,0
05315,09473,25,25,0
05315,09474,51,38,13
05315,09475,69,25,44
05315,09476,0,0,0
05315,09477,26,15,11
05315,09478,12,12,0
05315,09479,0,0,0
05315,09561,0,0,0
05315,09562,156,100,56
05315,09563,107,81,26
05315,09564,622,351,271
05315,09565,13,13,0
05315,09571,52,42,10
05315,09572,77,49,28
05315,09573,62,62,0
05315,09574,99,71,28
05315,09575,51,51,0
05315,09576,66,56,10
05315,09577,12,12,0
05315,09661,99,47,52
05315,09662,27,16,11
05315,09663,155,92,63
05315,09671,135,105,30
05315,09672,37,37,0
05315,09673,31,16,15
05315,09674,17,17,0
05315,09675,47,29,18
05315,09676,68,45,23
05315,09677,46,34,12
05315,09678,29,29,0
05315,09679,104,77,27
05315,09761,263,185,78
05315,09762,19,19,0
05315,09763,58,31,27
05315,09764,22,22,0
05315,09771,60,60,0
05315,09772,112,81,31
05315,09773,24,24,0
05315,09774,21,21,0
05315,09775,91,71,20
05315,09776,35,20,15
05315,09777,78,78,0
05315,09778,49,35,14
05315,09779,38,26,12
05315,09780,56,43,13
05315,10041,386,254,132
05315,10042,67,47,20
05315,10043,65,65,0
05315,10044,158,136,22
05315,10045,80,64,16
05315,10046,55,45,10
05315,11000,7324,4595,2729
05315,12051,15,15,0
05315,12052,68,54,14
05315,12053,14,14,0
05315,12054,324,181,143
05315,12060,134,108,26
05315,12061,121,106,15
05315,12062,18,18,0
05315,12063,84,84,0
05315,12064,123,91,32
05315,12065,107,93,14
05315,12066,34,34,0
05315,12067,95,66,29
05315,12068,17,17,0
05315,12069,203,138,65
05315,12070,10,10,0
05315,12071,22,22,0
05315,12072,103,93,10
05315,12073,37,37,0
05315,13003,105,89,16
05315,13004,53,35,18
05315,13071,49,49,0
05315,13072,75,75,0
05315,13073,87,75,12
05315,13074,32,32,0
05315,13075,70,60,10
05315,13076,59,59,0
05315,14511,111,67,44
05315,14521,39,39,0
05315,14522,68,68,0
05315,14523,41,41,0
05315,14524,93,77,16
05315,14612,368,302,66
05315,14625,98,84,14
05315,14626,238,226,12
05315,14627,68,58,10
05315,14628,97,97,0
05315,14713,701,576,125
05315,14729,89,89,0
05315,14730,98,84,14
05315,15001,32,32,0
05315,15002,144,116,28
05315,15003,116,103,13
05315,15081,15,15,0
05315,15082,41,41,0
05315,15083,69,69,0
05315,15084,70,70,0
05315,15085,56,44,12
05315,15086,42,42,0
05315,15087,31,31,0
05315,15088,91,77,14
05315,15089,93,93,0
05315,15090,20,20,0
05315,15091,25,25,0
05315,16051,152,117,35
05315,16052,24,24,0
05315,16053,62,41,21
05315,16054,14,14,0
05315,16055,54,42,12
05315,16056,15,15,0
05315,16061,43,33,10
05315,16062,19,19,0
05315,16063,54,54,0
05315,16064,25,25,0
05315,16065,17,17,0
05315,16066,27,27,0
05315,16067,50,38,12
05315,16068,19,19,0
05315,16069,15,15,0
05315,16070,68,56,12
05315,16071,34,34,0
05315,16072,0,0,0
05315,16073,36,36,0
05315,16074,28,28,0
05315,16075,17,17,0
05315,16076,22,22,0
05315,16077,27,27,0
05316,01001,0,0,0
05316,01002,0,0,0
05316,01003,0,0,0
05316,01004,0,0,0
05316,01051,22,22,0
05316,01053,0,0,0
05316,01054,0,0,0
05316,01055,0,0,0
05316,01056,13,13,0
05316,01057,0,0,0
05316,01058,10,10,0
05316,01059,0,0,0
05316,01060,30,17,13
05316,01061,0,0,0
05316,01062,0,0,0
05316,02000,176,49,127
05316,03101,35,35,0
05316,03102,12,12,0
05316,03103,25,25,0
05316,03151,0,0,0
05316,03153,0,0,0
05316,03154,0,0,0
05316,03155,0,0,0
05316,03157,0,0,0
05316,03158,12,12,0
05316,03159,12,12,0
05316,03241,58,34,24
05316,03251,0,0,0
05316,03252,0,0,0
05316,03254,0,0,0
05316,03255,0,0,0
05316,03256,0,0,0
05316,03257,0,0,0
05316,03351,0,0,0
05316,03352,0,0,0
05316,03353,11,11,0
05316,03354,0,0,0
05316,03355,0,0,0
05316,03356,0,0,0
05316,03357,0,0,0
05316,03358,0,0,0
05316,03359,0,0,0
05316,03360,0,0,0
05316,03361,0,0,0
05316,03401,0,0,0
05316,03402,0,0,0
05316,03403,0,0,0
05316,03404,11,11,0
05316,03405,0,0,0
05316,03451,0,0,0
05316,03452,0,0,0
05316,03453,0,0,0
05316,03454,26,16,10
05316,03455,0,0,0
05316,03456,0,0,0
05316,03457,0,0,0
05316,03458,0,0,0
05316,03459,22,22,0
05316,03460,0,0,0
05316,03461,0,0,0
05316,03462,0,0,0
05316,04011,28,13,15
05316,04012,0,0,0
05316,05111,4385,1734,2651
05316,05112,612,379,233
05316,05113,594,255,339
05316,05114,649,441,208
05316,05116,247,109,138
05316,05117,163,99,64
05316,05119,198,95,103
05316,05120,696,312,384
05316,05122,1839,997,842
05316,05124,1118,555,563
05316,05154,102,82,20
05316,05158,8816,3877,4939
05316,05162,2580,1604,976
05316,05166,213,164,49
05316,05170,279,229,50
05316,05314,833,362,471
05316,05315,22459,9034,13425
05316,05316,0,0,0
05316,05334,360,223,137
05316,05358,447,186,261
05316,05362,2739,1708,1031
05316,05366,273,197,76
05316,05370,99,83,16
05316,05374,1230,720,510
05316,05378,13335,8783,4552
05316,05382,1660,1196,464
05316,05512,54,38,16
05316,05513,129,45,84
05316,05515,66,33,33
05316,05554,49,32,17
05316,05558,13,13,0
05316,05562,174,113,61
05316,05566,39,24,15
05316,05570,23,12,11
05316,05711,40,17,23
05316,05754,54,14,40
05316,05758,13,13,0
05316,05762,0,0,0
05316,05766,14,14,0
05316,05770,0,0,0
05316,05774,15,15,0
05316,05911,207,136,71
05316,05913,226,99,127
05316,05914,78,31,47
05316,05915,21,11,10
05316,05916,51,33,18
05316,05954,267,158,109
05316,05958,45,25,20
05316,05962,91,61,30
05316,05966,87,57,30
05316,05970,77,25,52
05316,05974,44,33,11
05316,05978,128,60,68
05316,06411,23,0,23
05316,06412,269,41,228
05316,06413,13,0,13
05316,06414,43,13,30
05316,06431,17,17,0
05316,06432,14,14,0
05316,06433,31,12,19
05316,06434,48,12,36
05316,06435,64,16,48
05316,06436,73,23,50
05316,06437,0,0,0
05316,06438,71,16,55
05316,06439,16,16,0
05316,06440,25,11,14
05316,06531,16,16,0
05316,06532,16,16,0
05316,06533,31,18,13
05316,06534,0,0,0
05316,06535,0,0,0
05316,06611,11,11,0
05316,06631,0,0,0
05316,06632,0,0,0
05316,06633,0,0,0
05316,06634,0,0,0
05316,06635,0,0,0
05316,06636,0,0,0
05316,07111,47,17,30
05316,07131,92,73,19
05316,07132,57,45,12
05316,07133,0,0,0
05316,07134,0,0,0
05316,07135,0,0,0
05316,07137,37,18,19
05316,07138,109,67,42
05316,07140,0,0,0
05316,07141,0,0,0
05316,07143,55,37,18
05316,07211,0,0,0
05316,07231,0,0,0
05316,07232,0,0,0
05316,07233,16,16,0
05316,07235,0,0,0
05316,07311,0,0,0
05316,07312,0,0,0
05316,07313,0,0,0
05316,07314,24,24,0
05316,07315,26,11,15
05316,07316,0,0,0
05316,07317,0,0,0
05316,07318,0,0,0
05316,07319,0,0,0
05316,07320,0,0,0
05316,07331,12,12,0
05316,07332,0,0,0
05316,07333,0,0,0
05316,07334,0,0,0
05316,07335,0,0,0
05316,07336,0,0,0
05316,07337,0,0,0
05316,07338,13,13,0
05316,07339,17,0,17
05316,07340,0,0,0
05316,08111,57,29,28
05316,08115,23,12,11
05316,08116,25,0,25
05316,08117,0,0,0
05316,08118,22,10,12
05316,08119,0,0,0
05316,08121,0,0,0
05316,08125,0,0,0
05316,08126,11,0,11
05316,08127,0,0,0
05316,08128,0,0,0
05316,08135,0,0,0
05316,08136,0,0,0
05316,08211,11,0,11
05316,08212,41,21,20
05316,08215,11,0,11
05316,08216,0,0,0
05316,08221,12,12,0
05316,08222,64,29,35
05316,08225,35,0,35
05316,08226,41,20,21
05316,08231,0,0,0
05316,08235,0,0,0
05316,08236,0,0,0
05316,08237,0,0,0
05316,08311,0,0,0
05316,08315,0,0,0
05316,08316,0,0,0
05316,08317,0,0,0
05316,08325,0,0,0
05316,08326,0,0,0
05316,08327,0,0,0
05316,08335,0,0,0
05316,08336,11,0,11
05316,08337,0,0,0
05316,08415,0,0,0
05316,08416,0,0,0
05316,08417,0,0,0
05316,08421,0,0,0
05316,08425,0,0,0
05316,08426,0,0,0
05316,08435,0,0,0
05316,08436,0,0,0
05316,08437,0,0,0
05316,09161,0,0,0
05316,09162,197,53,144
05316,09163,0,0,0
05316,09171,0,0,0
05316,09172,0,0,0
05316,09173,0,0,0
05316,09174,0,0,0
05316,09175,0,0,0
05316,09176,0,0,0
05316,09177,0,0,0
05316,09178,17,0,17
05316,09179,0,0,0
05316,09180,0,0,0
05316,09181,0,0,0
05316,09182,13,0,13
05316,09183,0,0,0
05316,09184,54,12,42
05316,09185,0,0,0
05316,09186,0,0,0
05316,09187,0,0,0
05316,09188,0,0,0
05316,09189,0,0,0
05316,09190,0,0,0
05316,09261,0,0,0
05316,09262,0,0,0
05316,09263,0,0,0
05316,09271,0,0,0
05316,09272,0,0,0
05316,09273,0,0,0
05316,09274,0,0,0
05316,09275,0,0,0
05316,09276,0,0,0
05316,09277,0,0,0
05316,09278,0,0,0
05316,09279,0,0,0
05316,09361,0,0,0
05316,09362,0,0,0
05316,09363,0,0,0
05316,09371,0,0,0
05316,09372,0,0,0
05316,09373,0,0,0
05316,09374,0,0,0
05316,09375,0,0,0
05316,09376,0,0,0
05316,09377,0,0,0
05316,09461,0,0,0
05316,09462,0,0,0
05316,09463,0,0,0
05316,09464,0,0,0
05316,09471,0,0,0
05316,09472,0,0,0
05316,09473,0,0,0
05316,09474,0,0,0
05316,09475,0,0,0
05316,09476,0,0,0
05316,09477,0,0,0
05316,09478,0,0,0
05316,09479,0,0,0
05316,09561,0,0,0
05316,09562,0,0,0
05316,09563,0,0,0
05316,09564,39,14,25
05316,09565,0,0,0
05316,09571,0,0,0
05316,09572,0,0,0
05316,09573,0,0,0
05316,09574,0,0,0
05316,09575,0,0,0
05316,09576,0,0,0
05316,09577,0,0,0
05316,09661,0,0,0
05316,09662,0,0,0
05316,09663,0,0,0
05316,09671,0,0,0
05316,09672,0,0,0
05316,09673,0,0,0
05316,09674,0,0,0
05316,09675,0,0,0
05316,09676,0,0,0
05316,09677,0,0,0
05316,09678,0,0,0
05316,09679,0,0,0
05316,09761,44,0,44
05316,09762,0,0,0
05316,09763,0,0,0
05316,09764,0,0,0
05316,09771,0,0,0
05316,09772,0,0,0
05316,09773,0,0,0
05316,09774,0,0,0
05316,09775,0,0,0
05316,09776,0,0,0
05316,09777,0,0,0
05316,09778,0,0,0
05316,09779,0,0,0
05316,09780,0,0,0
05316,10041,11,11,0
05316,10042,0,0,0
05316,10043,0,0,0
05316,10044,0,0,0
05316,10045,0,0,0
05316,10046,0,0,0
05316,11000,249,130,119
05316,12051,0,0,0
05316,12052,0,0,0
05316,12053,0,0,0
05316,12054,0,0,0
05316,12060,0,0,0
05316,12061,11,11,0
05316,12062,0,0,0
05316,12063,0,0,0
05316,12064,0,0,0
05316,12065,13,13,0
05316,12066,10,10,0
05316,12067,0,0,0
05316,12068,0,0,0
05316,12069,11,11,0
05316,12070,0,0,0
05316,12071,0,0,0
05316,12072,0,0,0
05316,12073,0,0,0
05316,13003,0,0,0
05316,13004,0,0,0
05316,13071,0,0,0
05316,13072,0,0,0
05316,13073,0,0,0
05316,13074,0,0,0
05316,13075,0,0,0
05316,13076,0,0,0
05316,14511,12,12,0
05316,14521,0,0,0
05316,14522,0,0,0
05316,14523,0,0,0
05316,14524,10,10,0
05316,14612,12,12,0
05316,14625,0,0,0
05316,14626,0,0,0
05316,14627,0,0,0
05316,14628,0,0,0
05316,14713,34,22,12
05316,14729,0,0,0
05316,14730,0,0,0
05316,15001,0,0,0
05316,15002,0,0,0
05316,15003,0,0,0
05316,15081,0,0,0
05316,15082,0,0,0
05316,15083,15,15,0
05316,15084,0,0,0
05316,15085,0,0,0
05316,15086,0,0,0
05316,15087,0,0,0
05316,15088,0,0,0
05316,15089,0,0,0
05316,15090,0,0,0
05316,15091,0,0,0
05316,16051,0,0,0
05316,16052,0,0,0
05316,16053,0,0,0
05316,16054,0,0,0
05316,16055,0,0,0
05316,16056,0,0,0
05316,16061,0,0,0
05316,16062,0,0,0
05316,16063,0,0,0
05316,16064,0,0,0
05316,16065,0,0,0
05316,16066,0,0,0
05316,16067,0,0,0
05316,16068,0,0,0
05316,16069,0,0,0
05316,16070,0,0,0
05316,16071,0,0,0
05316,16072,0,0,0
05316,16073,0,0,0
05316,16074,0,0,0
05316,16075,0,0,0
05316,16076,0,0,0
05316,16077,0,0,0
05334,01001,0,0,0
05334,01002,47,27,20
05334,01003,54,30,24
05334,01004,11,11,0
05334,01051,0,0,0
05334,01053,33,33,0
05334,01054,20,10,10
05334,01055,15,15,0
05334,01056,105,81,24
05334,01057,0,0,0
05334,01058,28,18,10
05334,01059,32,22,10
05334,01060,80,64,16
05334,01061,12,12,0
05334,01062,95,81,14
05334,02000,1125,716,409
05334,03101,79,40,39
05334,03102,22,12,10
05334,03103,53,14,39
05334,03151,13,13,0
05334,03153,13,13,0
05334,03154,0,0,0
05334,03155,44,30,14
05334,03157,12,12,0
05334,03158,0,0,0
05334,03159,99,67,32
05334,03241,250,129,121
05334,03251,13,13,0
05334,03252,18,18,0
05334,03254,32,17,15
05334,03255,0,0,0
05334,03256,0,0,0
05334,03257,31,21,10
05334,03351,22,12,10
05334,03352,28,28,0
05334,03353,92,92,0
05334,03354,0,0,0
05334,03355,44,44,0
05334,03356,0,0,0
05334,03357,16,16,0
05334,03358,26,15,11
05334,03359,42,30,12
05334,03360,10,10,0
05334,03361,10,10,0
05334,03401,0,0,0
05334,03402,0,0,0
05334,03403,31,15,16
05334,03404,38,10,28
05334,03405,0,0,0
05334,03451,10,10,0
05334,03452,10,10,0
05334,03453,0,0,0
05334,03454,60,33,27
05334,03455,0,0,0
05334,03456,64,15,49
05334,03457,13,13,0
05334,03458,0,0,0
05334,03459,62,35,27
05334,03460,0,0,0
05334,03461,0,0,0
05334,03462,0,0,0
05334,04011,184,109,75
05334,04012,10,0,10
05334,05111,2694,617,2077
05334,05112,433,238,195
05334,05113,592,240,352
05334,05114,454,258,196
05334,05116,1836,903,933
05334,05117,123,64,59
05334,05119,193,54,139
05334,05120,99,23,76
05334,05122,95,59,36
05334,05124,338,159,179
05334,05154,247,107,140
05334,05158,870,292,578
05334,05162,1817,781,1036
05334,05166,910,544,366
05334,05170,319,156,163
05334,05314,1035,328,707
05334,05315,7461,2297,5164
05334,05316,360,137,223
05334,05334,0,0,0
05334,05358,25126,15388,9738
05334,05362,3626,1765,1861
05334,05366,1860,979,881
05334,05370,16583,10554,6029
05334,05374,268,105,163
05334,05378,359,202,157
05334,05382,906,528,378
05334,05512,42,19,23
05334,05513,137,42,95
05334,05515,191,104,87
05334,05554,136,58,78
05334,05558,65,46,19
05334,05562,221,131,90
05334,05566,121,68,53
05334,05570,103,67,36
05334,05711,140,41,99
05334,05754,136,43,93
05334,05758,35,19,16
05334,05762,10,0,10
05334,05766,53,29,24
05334,05770,55,27,28
05334,05774,79,35,44
05334,05911,252,140,112
05334,05913,348,136,212
05334,05914,67,37,30
05334,05915,61,36,25
05334,05916,44,22,22
05334,05954,141,79,62
05334,05958,84,38,46
05334,05962,105,58,47
05334,05966,71,29,42
05334,05970,124,63,61
05334,05974,90,50,40
05334,05978,126,69,57
05334,06411,80,39,41
05334,06412,520,119,401
05334,06413,33,19,14
05334,06414,90,39,51
05334,06431,50,25,25
05334,06432,43,24,19
05334,06433,82,46,36
05334,06434,130,36,94
05334,06435,87,28,59
05334,06436,113,33,80
05334,06437,62,0,62
05334,06438,102,37,65
05334,06439,51,23,28
05334,06440,67,45,22
05334,06531,62,40,22
05334,06532,39,19,20
05334,06533,42,20,22
05334,06534,57,41,16
05334,06535,12,12,0
05334,06611,48,22,26
05334,06631,34,17,17
05334,06632,10,10,0
05334,06633,32,17,15
05334,06634,0,0,0
05334,06635,18,18,0
05334,06636,0,0,0
05334,07111,122,56,66
05334,07131,157,112,45
05334,07132,37,18,19
05334,07133,10,10,0
05334,07134,0,0,0
05334,07135,28,28,0
05334,07137,116,67,49
05334,07138,99,54,45
05334,07140,33,20,13
05334,07141,48,23,25
05334,07143,66,39,27
05334,07211,90,47,43
05334,07231,34,21,13
05334,07232,122,41,81
05334,07233,60,33,27
05334,07235,22,22,0
05334,07311,0,0,0
05334,07312,31,20,11
05334,07313,0,0,0
05334,07314,46,19,27
05334,07315,78,40,38
05334,07316,0,0,0
05334,07317,0,0,0
05334,07318,0,0,0
05334,07319,10,0,10
05334,07320,10,10,0
05334,07331,0,0,0
05334,07332,14,14,0
05334,07333,18,18,0
05334,07334,0,0,0
05334,07335,10,10,0
05334,07336,0,0,0
05334,07337,12,12,0
05334,07338,10,10,0
05334,07339,52,31,21
05334,07340,0,0,0
05334,08111,385,202,183
05334,08115,142,47,95
05334,08116,137,84,53
05334,08117,39,25,14
05334,08118,162,85,77
05334,08119,156,84,72
05334,08121,34,17,17
05334,08125,79,32,47
05334,08126,24,0,24
05334,08127,0,0,0
05334,08128,30,15,15
05334,08135,36,11,25
05334,08136,44,23,21
05334,08211,0,0,0
05334,08212,123,53,70
05334,08215,91,45,46
05334,08216,26,12,14
05334,08221,75,43,32
05334,08222,279,166,113
05334,08225,44,44,0
05334,08226,93,47,46
05334,08231,11,0,11
05334,08235,13,13,0
05334,08236,14,14,0
05334,08237,0,0,0
05334,08311,60,26,34
05334,08315,29,15,14
05334,08316,10,0,10
05334,08317,56,24,32
05334,08325,0,0,0
05334,08326,17,0,17
05334,08327,0,0,0
05334,08335,43,26,17
05334,08336,29,12,17
05334,08337,13,0,13
05334,08415,68,41,27
05334,08416,38,21,17
05334,08417,26,15,11
05334,08421,114,91,23
05334,08425,38,38,0
05334,08426,18,18,0
05334,08435,35,11,24
05334,08436,43,13,30
05334,08437,0,0,0
05334,09161,103,39,64
05334,09162,756,278,478
05334,09163,0,0,0
05334,09171,20,20,0
05334,09172,0,0,0
05334,09173,15,15,0
05334,09174,30,19,11
05334,09175,25,14,11
05334,09176,22,11,11
05334,09177,27,14,13
05334,09178,52,22,30
05334,09179,38,23,15
05334,09180,0,0,0
05334,09181,22,11,11
05334,09182,10,0,10
05334,09183,0,0,0
05334,09184,164,36,128
05334,09185,0,0,0
05334,09186,19,0,19
05334,09187,18,18,0
05334,09188,42,21,21
05334,09189,23,11,12
05334,09190,0,0,0
05334,09261,0,0,0
05334,09262,0,0,0
05334,09263,0,0,0
05334,09271,0,0,0
05334,09272,0,0,0
05334,09273,0,0,0
05334,09274,12,0,12
05334,09275,0,0,0
05334,09276,0,0,0
05334,09277,0,0,0
05334,09278,17,17,0
05334,09279,0,0,0
05334,09361,0,0,0
05334,09362,79,0,79
05334,09363,0,0,0
05334,09371,0,0,0
05334,09372,0,0,0
05334,09373,22,22,0
05334,09374,0,0,0
05334,09375,12,12,0
05334,09376,0,0,0
05334,09377,0,0,0
05334,09461,0,0,0
05334,09462,0,0,0
05334,09463,0,0,0
05334,09464,0,0,0
05334,09471,11,11,0
05334,09472,0,0,0
05334,09473,0,0,0
05334,09474,13,13,0
05334,09475,21,0,21
05334,09476,0,0,0
05334,09477,0,0,0
05334,09478,0,0,0
05334,09479,0,0,0
05334,09561,0,0,0
05334,09562,46,0,46
05334,09563,16,16,0
05334,09564,201,130,71
05334,09565,0,0,0
05334,09571,14,14,0
05334,09572,31,21,10
05334,09573,28,28,0
05334,09574,47,47,0
05334,09575,10,0,10
05334,09576,25,25,0
05334,09577,0,0,0
05334,09661,11,0,11
05334,09662,0,0,0
05334,09663,37,10,27
05334,09671,33,15,18
05334,09672,0,0,0
05334,09673,0,0,0
05334,09674,0,0,0
05334,09675,0,0,0
05334,09676,0,0,0
05334,09677,0,0,0
05334,09678,0,0,0
05334,09679,26,26,0
05334,09761,68,33,35
05334,09762,0,0,0
05334,09763,0,0,0
05334,09764,0,0,0
05334,09771,12,12,0
05334,09772,37,22,15
05334,09773,0,0,0
05334,09774,13,13,0
05334,09775,38,38,0
05334,09776,0,0,0
05334,09777,0,0,0
05334,09778,15,15,0
05334,09779,0,0,0
05334,09780,0,0,0
05334,10041,65,36,29
05334,10042,0,0,0
05334,10043,0,0,0
05334,10044,34,14,20
05334,10045,29,15,14
05334,10046,0,0,0
05334,11000,1026,456,570
05334,12051,0,0,0
05334,12052,0,0,0
05334,12053,0,0,0
05334,12054,27,10,17
05334,12060,0,0,0
05334,12061,29,19,10
05334,12062,0,0,0
05334,12063,0,0,0
05334,12064,14,14,0
05334,12065,26,10,16
05334,12066,10,10,0
05334,12067,14,0,14
05334,12068,0,0,0
05334,12069,31,18,13
05334,12070,0,0,0
05334,12071,17,17,0
05334,12072,29,12,17
05334,12073,0,0,0
05334,13003,26,12,14
05334,13004,0,0,0
05334,13071,13,13,0
05334,13072,23,23,0
05334,13073,0,0,0
05334,13074,12,12,0
05334,13075,16,16,0
05334,13076,11,11,0
05334,14511,36,12,24
05334,14521,10,10,0
05334,14522,13,13,0
05334,14523,0,0,0
05334,14524,11,11,0
05334,14612,65,38,27
05334,14625,16,16,0
05334,14626,0,0,0
05334,14627,0,0,0
05334,14628,0,0,0
05334,14713,72,44,28
05334,14729,14,14,0
05334,14730,23,23,0
05334,15001,11,0,11
05334,15002,0,0,0
05334,15003,24,13,11
05334,15081,0,0,0
05334,15082,0,0,0
05334,15083,0,0,0
05334,15084,10,10,0
05334,15085,11,11,0
05334,15086,0,0,0
05334,15087,0,0,0
05334,15088,109,0,109
05334,15089,10,0,10
05334,15090,0,0,0
05334,15091,0,0,0
05334,16051,30,18,12
05334,16052,0,0,0
05334,16053,23,10,13
05334,16054,0,0,0
05334,16055,0,0,0
05334,16056,0,0,0
05334,16061,0,0,0
05334,16062,0,0,0
05334,16063,0,0,0
05334,16064,10,10,0
05334,16065,0,0,0
05334,16066,0,0,0
05334,16067,0,0,0
05334,16068,0,0,0
05334,16069,0,0,0
05334,16070,10,10,0
05334,16071,0,0,0
05334,16072,0,0,0
05334,16073,0,0,0
05334,16074,0,0,0
05334,16075,0,0,0
05334,16076,0,0,0
05334,16077,0,0,0
05358,01001,0,0,0
05358,01002,13,13,0
05358,01003,11,0,11
05358,01004,0,0,0
05358,01051,0,0,0
05358,01053,0,0,0
05358,01054,0,0,0
05358,01055,0,0,0
05358,01056,11,0,11
05358,01057,0,0,0
05358,01058,0,0,0
05358,01059,30,0,30
05358,01060,22,12,10
05358,01061,0,0,0
05358,01062,21,11,10
05358,02000,197,60,137
05358,03101,34,34,0
05358,03102,0,0,0
05358,03103,0,0,0
05358,03151,10,10,0
05358,03153,0,0,0
05358,03154,41,41,0
05358,03155,77,0,77
05358,03157,0,0,0
05358,03158,0,0,0
05358,03159,28,14,14
05358,03241,97,50,47
05358,03251,0,0,0
05358,03252,28,28,0
05358,03254,0,0,0
05358,03255,0,0,0
05358,03256,0,0,0
05358,03257,0,0,0
05358,03351,0,0,0
05358,03352,0,0,0
05358,03353,0,0,0
05358,03354,0,0,0
05358,03355,0,0,0
05358,03356,0,0,0
05358,03357,0,0,0
05358,03358,37,37,0
05358,03359,0,0,0
05358,03360,0,0,0
05358,03361,0,0,0
05358,03401,0,0,0
05358,03402,0,0,0
05358,03403,0,0,0
05358,03404,57,47,10
05358,03405,26,26,0
05358,03451,0,0,0
05358,03452,0,0,0
05358,03453,0,0,0
05358,03454,38,18,20
05358,03455,0,0,0
05358,03456,11,0,11
05358,03457,0,0,0
05358,03458,0,0,0
05358,03459,26,14,12
05358,03460,0,0,0
05358,03461,0,0,0
05358,03462,0,0,0
05358,04011,37,13,24
05358,04012,16,16,0
05358,05111,1494,393,1101
05358,05112,280,150,130
05358,05113,273,75,198
05358,05114,272,155,117
05358,05116,1304,508,796
05358,05117,50,18,32
05358,05119,69,31,38
05358,05120,51,20,31
05358,05122,66,33,33
05358,05124,187,127,60
05358,05154,102,57,45
05358,05158,508,173,335
05358,05162,1735,613,1122
05358,05166,804,305,499
05358,05170,155,94,61
05358,05314,774,215,559
05358,05315,8427,1832,6595
05358,05316,447,261,186
05358,05334,25126,9738,15388
05358,05358,0,0,0
05358,05362,10058,3549,6509
05358,05366,4193,1757,2436
05358,05370,6138,3678,2460
05358,05374,162,57,105
05358,05378,279,144,135
05358,05382,801,384,417
05358,05512,24,24,0
05358,05513,77,22,55
05358,05515,104,56,48
05358,05554,42,27,15
05358,05558,31,31,0
05358,05562,105,54,51
05358,05566,48,24,24
05358,05570,13,0,13
05358,05711,85,68,17
05358,05754,159,120,39
05358,05758,21,11,10
05358,05762,0,0,0
05358,05766,22,22,0
05358,05770,0,0,0
05358,05774,102,92,10
05358,05911,105,51,54
05358,05913,153,50,103
05358,05914,44,30,14
05358,05915,40,28,12
05358,05916,31,21,10
05358,05954,103,69,34
05358,05958,33,16,17
05358,05962,40,23,17
05358,05966,14,0,14
05358,05970,59,29,30
05358,05974,30,18,12
05358,05978,72,48,24
05358,06411,59,0,59
05358,06412,226,86,140
05358,06413,13,13,0
05358,06414,39,0,39
05358,06431,18,0,18
05358,06432,29,19,10
05358,06433,14,0,14
05358,06434,38,0,38
05358,06435,54,21,33
05358,06436,59,0,59
05358,06437,13,0,13
05358,06438,81,12,69
05358,06439,30,11,19
05358,06440,22,12,10
05358,06531,26,14,12
05358,06532,23,13,10
05358,06533,35,21,14
05358,06534,68,54,14
05358,06535,0,0,0
05358,06611,0,0,0
05358,06631,26,26,0
05358,06632,0,0,0
05358,06633,0,0,0
05358,06634,0,0,0
05358,06635,0,0,0
05358,06636,0,0,0
05358,07111,91,66,25
05358,07131,110,76,34
05358,07132,34,21,13
05358,07133,0,0,0
05358,07134,11,11,0
05358,07135,0,0,0
05358,07137,84,53,31
05358,07138,147,107,40
05358,07140,10,0,10
05358,07141,61,36,25
05358,07143,49,34,15
05358,07211,0,0,0
05358,07231,16,16,0
05358,07232,64,27,37
05358,07233,68,44,24
05358,07235,0,0,0
05358,07311,0,0,0
05358,07312,0,0,0
05358,07313,0,0,0
05358,07314,41,41,0
05358,07315,49,36,13
05358,07316,0,0,0
05358,07317,0,0,0
05358,07318,0,0,0
05358,07319,0,0,0
05358,07320,0,0,0
05358,07331,0,0,0
05358,07332,0,0,0
05358,07333,0,0,0
05358,07334,0,0,0
05358,07335,0,0,0
05358,07336,0,0,0
05358,07337,0,0,0
05358,07338,0,0,0
05358,07339,23,13,10
05358,07340,0,0,0
05358,08111,81,23,58
05358,08115,156,0,156
05358,08116,31,10,21
05358,08117,0,0,0
05358,08118,46,26,20
05358,08119,78,30,48
05358,08121,12,0,12
05358,08125,34,13,21
05358,08126,18,0,18
05358,08127,0,0,0
05358,08128,47,33,14
05358,08135,161,0,161
05358,08136,0,0,0
05358,08211,0,0,0
05358,08212,41,25,16
05358,08215,46,21,25
05358,08216,0,0,0
05358,08221,19,0,19
05358,08222,72,28,44
05358,08225,0,0,0
05358,08226,31,12,19
05358,08231,0,0,0
05358,08235,0,0,0
05358,08236,0,0,0
05358,08237,0,0,0
05358,08311,18,18,0
05358,08315,0,0,0
05358,08316,0,0,0
05358,08317,14,0,14
05358,08325,0,0,0
05358,08326,0,0,0
05358,08327,0,0,0
05358,08335,0,0,0
05358,08336,0,0,0
05358,08337,11,0,11
05358,08415,10,10,0
05358,08416,0,0,0
05358,08417,16,16,0
05358,08421,16,0,16
05358,08425,0,0,0
05358,08426,0,0,0
05358,08435,0,0,0
05358,08436,0,0,0
05358,08437,0,0,0
05358,09161,0,0,0
05358,09162,237,112,125
05358,09163,0,0,0
05358,09171,0,0,0
05358,09172,0,0,0
05358,09173,0,0,0
05358,09174,0,0,0
05358,09175,12,0,12
05358,09176,0,0,0
05358,09177,0,0,0
05358,09178,23,12,11
05358,09179,0,0,0
05358,09180,0,0,0
05358,09181,0,0,0
05358,09182,0,0,0
05358,09183,0,0,0
05358,09184,101,41,60
05358,09185,0,0,0
05358,09186,13,0,13
05358,09187,0,0,0
05358,09188,17,0,17
05358,09189,0,0,0
05358,09190,0,0,0
05358,09261,0,0,0
05358,09262,0,0,0
05358,09263,0,0,0
05358,09271,0,0,0
05358,09272,0,0,0
05358,09273,0,0,0
05358,09274,0,0,0
05358,09275,0,0,0
05358,09276,0,0,0
05358,09277,0,0,0
05358,09278,0,0,0
05358,09279,0,0,0
05358,09361,0,0,0
05358,09362,11,0,11
05358,09363,0,0,0
05358,09371,0,0,0
05358,09372,0,0,0
05358,09373,0,0,0
05358,09374,0,0,0
05358,09375,0,0,0
05358,09376,0,0,0
05358,09377,0,0,0
05358,09461,0,0,0
05358,09462,0,0,0
05358,09463,0,0,0
05358,09464,0,0,0
05358,09471,0,0,0
05358,09472,0,0,0
05358,09473,0,0,0
05358,09474,0,0,0
05358,09475,16,0,16
05358,09476,0,0,0
05358,09477,0,0,0
05358,09478,0,0,0
05358,09479,0,0,0
05358,09561,0,0,0
05358,09562,40,29,11
05358,09563,0,0,0
05358,09564,48,26,22
05358,09565,0,0,0
05358,09571,0,0,0
05358,09572,0,0,0
05358,09573,0,0,0
05358,09574,0,0,0
05358,09575,0,0,0
05358,09576,0,0,0
05358,09577,0,0,0
05358,09661,0,0,0
05358,09662,0,0,0
05358,09663,28,28,0
05358,09671,0,0,0
05358,09672,11,11,0
05358,09673,0,0,0
05358,09674,0,0,0
05358,09675,0,0,0
05358,09676,0,0,0
05358,09677,0,0,0
05358,09678,0,0,0
05358,09679,14,14,0
05358,09761,16,16,0
05358,09762,0,0,0
05358,09763,0,0,0
05358,09764,0,0,0
05358,09771,0,0,0
05358,09772,12,12,0
05358,09773,0,0,0
05358,09774,0,0,0
05358,09775,0,0,0
05358,09776,0,0,0
05358,09777,0,0,0
05358,09778,0,0,0
05358,09779,0,0,0
05358,09780,0,0,0
05358,10041,50,34,16
05358,10042,0,0,0
05358,10043,10,10,0
05358,10044,0,0,0
05358,10045,0,0,0
05358,10046,0,0,0
05358,11000,347,135,212
05358,12051,0,0,0
05358,12052,0,0,0
05358,12053,0,0,0
05358,12054,0,0,0
05358,12060,0,0,0
05358,12061,0,0,0
05358,12062,0,0,0
05358,12063,0,0,0
05358,12064,0,0,0
05358,12065,0,0,0
05358,12066,0,0,0
05358,12067,0,0,0
05358,12068,0,0,0
05358,12069,17,0,17
05358,12070,0,0,0
05358,12071,0,0,0
05358,12072,0,0,0
05358,12073,0,0,0
05358,13003,0,0,0
05358,13004,0,0,0
05358,13071,0,0,0
05358,13072,0,0,0
05358,13073,0,0,0
05358,13074,0,0,0
05358,13075,0,0,0
05358,13076,0,0,0
05358,14511,0,0,0
05358,14521,0,0,0
05358,14522,12,12,0
05358,14523,0,0,0
05358,14524,0,0,0
05358,14612,0,0,0
05358,14625,0,0,0
05358,14626,0,0,0
05358,14627,0,0,0
05358,14628,0,0,0
05358,14713,24,11,13
05358,14729,0,0,0
05358,14730,0,0,0
05358,15001,0,0,0
05358,15002,0,0,0
05358,15003,0,0,0
05358,15081,0,0,0
05358,15082,0,0,0
05358,15083,0,0,0
05358,15084,0,0,0
05358,15085,0,0,0
05358,15086,0,0,0
05358,15087,0,0,0
05358,15088,35,16,19
05358,15089,0,0,0
05358,15090,0,0,0
05358,15091,0,0,0
05358,16051,0,0,0
05358,16052,0,0,0
05358,16053,0,0,0
05358,16054,0,0,0
05358,16055,0,0,0
05358,16056,0,0,0
05358,16061,0,0,0
05358,16062,0,0,0
05358,16063,0,0,0
05358,16064,0,0,0
05358,16065,0,0,0
05358,16066,0,0,0
05358,16067,0,0,0
05358,16068,0,0,0
05358,16069,0,0,0
05358,16070,0,0,0
05358,16071,0,0,0
05358,16072,0,0,0
05358,16073,0,0,0
05358,16074,0,0,0
05358,16075,0,0,0
05358,16076,0,0,0
05358,16077,14,14,0
05362,01001,0,0,0
05362,01002,30,0,30
05362,01003,57,20,37
05362,01004,11,0,11
05362,01051,110,110,0
05362,01053,26,15,11
05362,01054,0,0,0
05362,01055,25,25,0
05362,01056,37,24,13
05362,01057,0,0,0
05362,01058,20,20,0
05362,01059,29,14,15
05362,01060,50,19,31
05362,01061,41,21,20
05362,01062,69,37,32
05362,02000,630,184,446
05362,03101,43,28,15
05362,03102,11,11,0
05362,03103,16,0,16
05362,03151,10,10,0
05362,03153,16,16,0
05362,03154,15,15,0
05362,03155,11,0,11
05362,03157,13,13,0
05362,03158,11,11,0
05362,03159,47,28,19
05362,03241,247,84,163
05362,03251,27,17,10
05362,03252,0,0,0
05362,03254,27,17,10
05362,03255,12,12,0
05362,03256,0,0,0
05362,03257,20,20,0
05362,03351,22,11,11
05362,03352,0,0,0
05362,03353,62,35,27
05362,03354,0,0,0
05362,03355,37,24,13
05362,03356,37,10,27
05362,03357,18,18,0
05362,03358,54,37,17
05362,03359,23,23,0
05362,03360,0,0,0
05362,03361,17,17,0
05362,03401,0,0,0
05362,03402,14,14,0
05362,03403,30,16,14
05362,03404,65,34,31
05362,03405,11,11,0
05362,03451,28,14,14
05362,03452,27,16,11
05362,03453,22,12,10
05362,03454,118,66,52
05362,03455,0,0,0
05362,03456,42,21,21
05362,03457,26,16,10
05362,03458,11,11,0
05362,03459,67,39,28
05362,03460,22,0,22
05362,03461,0,0,0
05362,03462,0,0,0
05362,04011,102,44,58
05362,04012,0,0,0
05362,05111,4466,844,3622
05362,05112,886,499,387
05362,05113,890,312,578
05362,05114,530,284,246
05362,05116,1532,704,828
05362,05117,192,109,83
05362,05119,318,158,160
05362,05120,265,109,156
05362,05122,401,229,172
05362,05124,503,249,254
05362,05154,201,126,75
05362,05158,1915,692,1223
05362,05162,8371,3318,5053
05362,05166,925,464,461
05362,05170,470,286,184
05362,05314,7268,2379,4889
05362,05315,83113,20240,62873
05362,05316,2739,1031,1708
05362,05334,3626,1861,1765
05362,05358,10058,6509,3549
05362,05362,0,0,0
05362,05366,8295,5759,2536
05362,05370,1535,1115,420
05362,05374,710,401,309
05362,05378,2612,1558,1054
05362,05382,10361,6845,3516
05362,05512,66,46,20
05362,05513,304,195,109
05362,05515,229,98,131
05362,05554,138,92,46
05362,05558,83,66,17
05362,05562,693,410,283
05362,05566,167,101,66
05362,05570,60,33,27
05362,05711,105,41,64
05362,05754,141,45,96
05362,05758,33,13,20
05362,05762,10,10,0
05362,05766,48,28,20
05362,05770,52,27,25
05362,05774,82,55,27
05362,05911,343,206,137
05362,05913,535,251,284
05362,05914,104,58,46
05362,05915,62,39,23
05362,05916,99,65,34
05362,05954,209,132,77
05362,05958,72,35,37
05362,05962,182,89,93
05362,05966,136,43,93
05362,05970,269,126,143
05362,05974,85,58,27
05362,05978,225,131,94
05362,06411,63,25,38
05362,06412,887,164,723
05362,06413,65,23,42
05362,06414,167,42,125
05362,06431,72,35,37
05362,06432,77,49,28
05362,06433,138,82,56
05362,06434,146,10,136
05362,06435,85,36,49
05362,06436,329,62,267
05362,06437,31,31,0
05362,06438,159,48,111
05362,06439,39,23,16
05362,06440,73,35,38
05362,06531,60,37,23
05362,06532,68,38,30
05362,06533,79,38,41
05362,06534,67,52,15
05362,06535,0,0,0
05362,06611,58,32,26
05362,06631,29,18,11
05362,06632,0,0,0
05362,06633,32,32,0
05362,06634,21,11,10
05362,06635,12,12,0
05362,06636,0,0,0
05362,07111,176,58,118
05362,07131,713,515,198
05362,07132,127,90,37
05362,07133,59,26,33
05362,07134,21,21,0
05362,07135,45,30,15
05362,07137,247,149,98
05362,07138,390,251,139
05362,07140,61,30,31
05362,07141,50,35,15
05362,07143,222,55,167
05362,07211,77,55,22
05362,07231,20,20,0
05362,07232,82,43,39
05362,07233,166,121,45
05362,07235,18,18,0
05362,07311,21,11,10
05362,07312,19,19,0
05362,07313,0,0,0
05362,07314,97,79,18
05362,07315,100,62,38
05362,07316,0,0,0
05362,07317,0,0,0
05362,07318,0,0,0
05362,07319,28,15,13
05362,07320,0,0,0
05362,07331,16,16,0
05362,07332,23,23,0
05362,07333,11,11,0
05362,07334,24,24,0
05362,07335,20,20,0
05362,07336,0,0,0
05362,07337,0,0,0
05362,07338,29,29,0
05362,07339,94,54,40
05362,07340,0,0,0
05362,08111,203,36,167
05362,08115,69,17,52
05362,08116,84,32,52
05362,08117,26,10,16
05362,08118,121,51,70
05362,08119,55,14,41
05362,08121,29,17,12
05362,08125,70,29,41
05362,08126,28,0,28
05362,08127,38,10,28
05362,08128,27,16,11
05362,08135,13,0,13
05362,08136,34,20,14
05362,08211,0,0,0
05362,08212,76,28,48
05362,08215,75,36,39
05362,08216,78,65,13
05362,08221,33,10,23
05362,08222,197,38,159
05362,08225,0,0,0
05362,08226,118,58,60
05362,08231,0,0,0
05362,08235,0,0,0
05362,08236,31,15,16
05362,08237,0,0,0
05362,08311,30,13,17
05362,08315,49,38,11
05362,08316,12,12,0
05362,08317,98,28,70
05362,08325,0,0,0
05362,08326,29,29,0
05362,08327,0,0,0
05362,08335,43,19,24
05362,08336,46,21,25
05362,08337,18,0,18
05362,08415,25,11,14
05362,08416,29,0,29
05362,08417,15,0,15
05362,08421,32,15,17
05362,08425,0,0,0
05362,08426,0,0,0
05362,08435,0,0,0
05362,08436,15,0,15
05362,08437,0,0,0
05362,09161,21,0,21
05362,09162,674,180,494
05362,09163,0,0,0
05362,09171,19,19,0
05362,09172,0,0,0
05362,09173,14,0,14
05362,09174,13,13,0
05362,09175,33,12,21
05362,09176,0,0,0
05362,09177,18,18,0
05362,09178,81,47,34
05362,09179,25,25,0
05362,09180,0,0,0
05362,09181,0,0,0
05362,09182,19,0,19
05362,09183,13,0,13
05362,09184,251,32,219
05362,09185,0,0,0
05362,09186,28,10,18
05362,09187,13,13,0
05362,09188,16,0,16
05362,09189,0,0,0
05362,09190,0,0,0
05362,09261,0,0,0
05362,09262,0,0,0
05362,09263,0,0,0
05362,09271,16,16,0
05362,09272,0,0,0
05362,09273,14,14,0
05362,09274,0,0,0
05362,09275,0,0,0
05362,09276,20,20,0
05362,09277,0,0,0
05362,09278,0,0,0
05362,09279,10,10,0
05362,09361,0,0,0
05362,09362,34,0,34
05362,09363,13,13,0
05362,09371,0,0,0
05362,09372,0,0,0
05362,09373,13,0,13
05362,09374,17,17,0
05362,09375,0,0,0
05362,09376,0,0,0
05362,09377,0,0,0
05362,09461,0,0,0
05362,09462,10,10,0
05362,09463,0,0,0
05362,09464,14,14,0
05362,09471,10,10,0
05362,09472,10,10,0
05362,09473,0,0,0
05362,09474,0,0,0
05362,09475,0,0,0
05362,09476,0,0,0
05362,09477,0,0,0
05362,09478,0,0,0
05362,09479,0,0,0
05362,09561,0,0,0
05362,09562,16,0,16
05362,09563,0,0,0
05362,09564,111,31,80
05362,09565,0,0,0
05362,09571,18,18,0
05362,09572,0,0,0
05362,09573,0,0,0
05362,09574,12,12,0
05362,09575,0,0,0
05362,09576,0,0,0
05362,09577,0,0,0
05362,09661,13,0,13
05362,09662,0,0,0
05362,09663,10,10,0
05362,09671,51,30,21
05362,09672,0,0,0
05362,09673,0,0,0
05362,09674,0,0,0
05362,09675,0,0,0
05362,09676,21,11,10
05362,09677,0,0,0
05362,09678,11,11,0
05362,09679,15,0,15
05362,09761,48,13,35
05362,09762,0,0,0
05362,09763,0,0,0
05362,09764,0,0,0
05362,09771,0,0,0
05362,09772,0,0,0
05362,09773,0,0,0
05362,09774,0,0,0
05362,09775,19,19,0
05362,09776,0,0,0
05362,09777,0,0,0
05362,09778,0,0,0
05362,09779,21,11,10
05362,09780,0,0,0
05362,10041,69,29,40
05362,10042,0,0,0
05362,10043,0,0,0
05362,10044,17,17,0
05362,10045,30,13,17
05362,10046,0,0,0
05362,11000,964,421,543
05362,12051,10,10,0
05362,12052,0,0,0
05362,12053,0,0,0
05362,12054,41,21,20
05362,12060,19,19,0
05362,12061,11,11,0
05362,12062,0,0,0
05362,12063,0,0,0
05362,12064,24,24,0
05362,12065,10,10,0
05362,12066,0,0,0
05362,12067,32,22,10
05362,12068,0,0,0
05362,12069,47,12,35
05362,12070,0,0,0
05362,12071,10,10,0
05362,12072,14,14,0
05362,12073,0,0,0
05362,13003,49,49,0
05362,13004,10,0,10
05362,13071,26,26,0
05362,13072,34,34,0
05362,13073,19,19,0
05362,13074,0,0,0
05362,13075,11,11,0
05362,13076,16,16,0
05362,14511,35,14,21
05362,14521,0,0,0
05362,14522,0,0,0
05362,14523,0,0,0
05362,14524,13,13,0
05362,14612,44,24,20
05362,14625,14,14,0
05362,14626,17,17,0
05362,14627,12,12,0
05362,14628,0,0,0
05362,14713,113,71,42
05362,14729,31,31,0
05362,14730,20,20,0
05362,15001,0,0,0
05362,15002,33,33,0
05362,15003,0,0,0
05362,15081,10,10,0
05362,15082,12,12,0
05362,15083,13,13,0
05362,15084,32,32,0
05362,15085,24,24,0
05362,15086,0,0,0
05362,15087,28,28,0
05362,15088,58,47,11
05362,15089,32,20,12
05362,15090,0,0,0
05362,15091,20,20,0
05362,16051,17,17,0
05362,16052,0,0,0
05362,16053,0,0,0
05362,16054,0,0,0
05362,16055,0,0,0
05362,16056,0,0,0
05362,16061,12,12,0
05362,16062,0,0,0
05362,16063,16,16,0
05362,16064,0,0,0
05362,16065,0,0,0
05362,16066,0,0,0
05362,16067,0,0,0
05362,16068,0,0,0
05362,16069,0,0,0
05362,16070,0,0,0
05362,16071,10,10,0
05362,16072,0,0,0
05362,16073,0,0,0
05362,16074,0,0,0
05362,16075,0,0,0
05362,16076,0,0,0
05362,16077,12,12,0
05366,01001,0,0,0
05366,01002,0,0,0
05366,01003,0,0,0
05366,01004,0,0,0
05366,01051,0,0,0
05366,01053,0,0,0
05366,01054,0,0,0
05366,01055,0,0,0
05366,01056,11,0,11
05366,01057,0,0,0
05366,01058,0,0,0
05366,01059,0,0,0
05366,01060,0,0,0
05366,01061,0,0,0
05366,01062,24,0,24
05366,02000,125,21,104
05366,03101,0,0,0
05366,03102,0,0,0
05366,03103,0,0,0
05366,03151,0,0,0
05366,03153,0,0,0
05366,03154,0,0,0
05366,03155,0,0,0
05366,03157,0,0,0
05366,03158,0,0,0
05366,03159,0,0,0
05366,03241,63,23,40
05366,03251,0,0,0
05366,03252,0,0,0
05366,03254,0,0,0
05366,03255,0,0,0
05366,03256,0,0,0
05366,03257,0,0,0
05366,03351,0,0,0
05366,03352,0,0,0
05366,03353,0,0,0
05366,03354,0,0,0
05366,03355,0,0,0
05366,03356,0,0,0
05366,03357,0,0,0
05366,03358,0,0,0
05366,03359,0,0,0
05366,03360,0,0,0
05366,03361,0,0,0
05366,03401,0,0,0
05366,03402,0,0,0
05366,03403,0,0,0
05366,03404,0,0,0
05366,03405,0,0,0
05366,03451,0,0,0
05366,03452,12,0,12
05366,03453,0,0,0
05366,03454,18,0,18
05366,03455,0,0,0
05366,03456,0,0,0
05366,03457,0,0,0
05366,03458,0,0,0
05366,03459,14,0,14
05366,03460,0,0,0
05366,03461,0,0,0
05366,03462,0,0,0
05366,04011,35,0,35
05366,04012,0,0,0
05366,05111,558,57,501
05366,05112,101,34,67
05366,05113,149,38,111
05366,05114,135,45,90
05366,05116,172,39,133
05366,05117,17,0,17
05366,05119,42,14,28
05366,05120,38,0,38
05366,05122,48,23,25
05366,05124,77,32,45
05366,05154,40,15,25
05366,05158,259,51,208
05366,05162,371,110,261
05366,05166,155,28,127
05366,05170,79,24,55
05366,05314,4181,802,3379
05366,05315,9548,1403,8145
05366,05316,273,76,197
05366,05334,1860,881,979
05366,05358,4193,2436,1757
05366,05362,8295,2536,5759
05366,05366,0,0,0
05366,05370,153,75,78
05366,05374,111,47,64
05366,05378,307,121,186
05366,05382,6463,2551,3912
05366,05512,10,10,0
05366,05513,41,16,25
05366,05515,33,0,33
05366,05554,14,0,14
05366,05558,0,0,0
05366,05562,69,35,34
05366,05566,33,12,21
05366,05570,10,0,10
05366,05711,0,0,0
05366,05754,27,0,27
05366,05758,14,0,14
05366,05762,0,0,0
05366,05766,22,12,10
05366,05770,0,0,0
05366,05774,0,0,0
05366,05911,59,12,47
05366,05913,63,20,43
05366,05914,21,10,11
05366,05915,10,0,10
05366,05916,0,0,0
05366,05954,14,0,14
05366,05958,37,13,24
05366,05962,32,12,20
05366,05966,16,0,16
05366,05970,37,0,37
05366,05974,12,12,0
05366,05978,52,18,34
05366,06411,78,0,78
05366,06412,160,22,138
05366,06413,0,0,0
05366,06414,34,0,34
05366,06431,0,0,0
05366,06432,0,0,0
05366,06433,27,0,27
05366,06434,31,0,31
05366,06435,29,13,16
05366,06436,79,0,79
05366,06437,0,0,0
05366,06438,40,22,18
05366,06439,10,0,10
05366,06440,0,0,0
05366,06531,25,13,12
05366,06532,30,30,0
05366,06533,16,0,16
05366,06534,0,0,0
05366,06535,0,0,0
05366,06611,0,0,0
05366,06631,11,0,11
05366,06632,0,0,0
05366,06633,0,0,0
05366,06634,0,0,0
05366,06635,0,0,0
05366,06636,0,0,0
05366,07111,67,18,49
05366,07131,1323,800,523
05366,07132,31,16,15
05366,07133,0,0,0
05366,07134,0,0,0
05366,07135,33,20,13
05366,07137,142,72,70
05366,07138,126,70,56
05366,07140,13,0,13
05366,07141,15,15,0
05366,07143,57,21,36
05366,07211,46,27,19
05366,07231,57,18,39
05366,07232,524,163,361
05366,07233,1373,708,665
05366,07235,19,0,19
05366,07311,0,0,0
05366,07312,0,0,0
05366,07313,0,0,0
05366,07314,0,0,0
05366,07315,0,0,0
05366,07316,0,0,0
05366,07317,0,0,0
05366,07318,0,0,0
05366,07319,0,0,0
05366,07320,0,0,0
05366,07331,0,0,0
05366,07332,0,0,0
05366,07333,0,0,0
05366,07334,0,0,0
05366,07335,0,0,0
05366,07336,0,0,0
05366,07337,0,0,0
05366,07338,0,0,0
05366,07339,16,0,16
05366,07340,0,0,0
05366,08111,90,45,45
05366,08115,25,14,11
05366,08116,46,13,33
05366,08117,0,0,0
05366,08118,20,0,20
05366,08119,10,0,10
05366,08121,0,0,0
05366,08125,24,11,13
05366,08126,22,0,22
05366,08127,0,0,0
05366,08128,0,0,0
05366,08135,0,0,0
05366,08136,0,0,0
05366,08211,0,0,0
05366,08212,12,0,12
05366,08215,14,0,14
05366,08216,0,0,0
05366,08221,0,0,0
05366,08222,53,10,43
05366,08225,0,0,0
05366,08226,36,11,25
05366,08231,15,0,15
05366,08235,0,0,0
05366,08236,0,0,0
05366,08237,0,0,0
05366,08311,0,0,0
05366,08315,0,0,0
05366,08316,0,0,0
05366,08317,11,0,11
05366,08325,0,0,0
05366,08326,12,12,0
05366,08327,0,0,0
05366,08335,10,0,10
05366,08336,0,0,0
05366,08337,11,0,11
05366,08415,11,0,11
05366,08416,13,0,13
05366,08417,0,0,0
05366,08421,0,0,0
05366,08425,0,0,0
05366,08426,0,0,0
05366,08435,10,0,10
05366,08436,0,0,0
05366,08437,0,0,0
05366,09161,0,0,0
05366,09162,138,40,98
05366,09163,10,10,0
05366,09171,0,0,0
05366,09172,0,0,0
05366,09173,0,0,0
05366,09174,0,0,0
05366,09175,0,0,0
05366,09176,0,0,0
05366,09177,0,0,0
05366,09178,10,0,10
05366,09179,0,0,0
05366,09180,0,0,0
05366,09181,0,0,0
05366,09182,0,0,0
05366,09183,0,0,0
05366,09184,65,0,65
05366,09185,0,0,0
05366,09186,0,0,0
05366,09187,10,10,0
05366,09188,0,0,0
05366,09189,0,0,0
05366,09190,0,0,0
05366,09261,0,0,0
05366,09262,0,0,0
05366,09263,0,0,0
05366,09271,0,0,0
05366,09272,0,0,0
05366,09273,0,0,0
05366,09274,0,0,0
05366,09275,0,0,0
05366,09276,0,0,0
05366,09277,0,0,0
05366,09278,0,0,0
05366,09279,0,0,0
05366,09361,0,0,0
05366,09362,0,0,0
05366,09363,0,0,0
05366,09371,0,0,0
05366,09372,0,0,0
05366,09373,10,0,10
05366,09374,0,0,0
05366,09375,0,0,0
05366,09376,0,0,0
05366,09377,0,0,0
05366,09461,0,0,0
05366,09462,0,0,0
05366,09463,0,0,0
05366,09464,0,0,0
05366,09471,0,0,0
05366,09472,0,0,0
05366,09473,0,0,0
05366,09474,0,0,0
05366,09475,0,0,0
05366,09476,0,0,0
05366,09477,0,0,0
05366,09478,0,0,0
05366,09479,0,0,0
05366,09561,0,0,0
05366,09562,0,0,0
05366,09563,0,0,0
05366,09564,48,20,28
05366,09565,0,0,0
05366,09571,0,0,0
05366,09572,0,0,0
05366,09573,0,0,0
05366,09574,0,0,0
05366,09575,0,0,0
05366,09576,0,0,0
05366,09577,0,0,0
05366,09661,0,0,0
05366,09662,0,0,0
05366,09663,0,0,0
05366,09671,0,0,0
05366,09672,0,0,0
05366,09673,0,0,0
05366,09674,0,0,0
05366,09675,0,0,0
05366,09676,0,0,0
05366,09677,0,0,0
05366,09678,0,0,0
05366,09679,0,0,0
05366,09761,19,19,0
05366,09762,0,0,0
05366,09763,0,0,0
05366,09764,0,0,0
05366,09771,0,0,0
05366,09772,0,0,0
05366,09773,0,0,0
05366,09774,0,0,0
05366,09775,0,0,0
05366,09776,0,0,0
05366,09777,0,0,0
05366,09778,0,0,0
05366,09779,0,0,0
05366,09780,0,0,0
05366,10041,11,11,0
05366,10042,0,0,0
05366,10043,10,0,10
05366,10044,0,0,0
05366,10045,0,0,0
05366,10046,0,0,0
05366,11000,149,39,110
05366,12051,0,0,0
05366,12052,0,0,0
05366,12053,0,0,0
05366,12054,0,0,0
05366,12060,0,0,0
05366,12061,0,0,0
05366,12062,0,0,0
05366,12063,0,0,0
05366,12064,0,0,0
05366,12065,0,0,0
05366,12066,0,0,0
05366,12067,0,0,0
05366,12068,0,0,0
05366,12069,0,0,0
05366,12070,0,0,0
05366,12071,0,0,0
05366,12072,0,0,0
05366,12073,0,0,0
05366,13003,0,0,0
05366,13004,0,0,0
05366,13071,0,0,0
05366,13072,0,0,0
05366,13073,0,0,0
05366,13074,0,0,0
05366,13075,0,0,0
05366,13076,0,0,0
05366,14511,0,0,0
05366,14521,0,0,0
05366,14522,0,0,0
05366,14523,0,0,0
05366,14524,0,0,0
05366,14612,0,0,0
05366,14625,0,0,0
05366,14626,0,0,0
05366,14627,0,0,0
05366,14628,0,0,0
05366,14713,0,0,0
05366,14729,0,0,0
05366,14730,0,0,0
05366,15001,0,0,0
05366,15002,0,0,0
05366,15003,0,0,0
05366,15081,0,0,0
05366,15082,0,0,0
05366,15083,0,0,0
05366,15084,0,0,0
05366,15085,0,0,0
05366,15086,0,0,0
05366,15087,0,0,0
05366,15088,0,0,0
05366,15089,10,10,0
05366,15090,0,0,0
05366,15091,0,0,0
05366,16051,0,0,0
05366,16052,0,0,0
05366,16053,0,0,0
05366,16054,0,0,0
05366,16055,0,0,0
05366,16056,0,0,0
05366,16061,0,0,0
05366,16062,0,0,0
05366,16063,0,0,0
05366,16064,0,0,0
05366,16065,0,0,0
05366,16066,0,0,0
05366,16067,0,0,0
05366,16068,0,0,0
05366,16069,0,0,0
05366,16070,0,0,0
05366,16071,0,0,0
05366,16072,0,0,0
05366,16073,0,0,0
05366,16074,0,0,0
05366,16075,0,0,0
05366,16076,0,0,0
05366,16077,0,0,0
05370,01001,0,0,0
05370,01002,10,0,10
05370,01003,0,0,0
05370,01004,0,0,0
05370,01051,0,0,0
05370,01053,0,0,0
05370,01054,0,0,0
05370,01055,0,0,0
05370,01056,0,0,0
05370,01057,0,0,0
05370,01058,0,0,0
05370,01059,0,0,0
05370,01060,10,0,10
05370,01061,0,0,0
05370,01062,0,0,0
05370,02000,194,38,156
05370,03101,0,0,0
05370,03102,0,0,0
05370,03103,0,0,0
05370,03151,0,0,0
05370,03153,0,0,0
05370,03154,0,0,0
05370,03155,0,0,0
05370,03157,0,0,0
05370,03158,0,0,0
05370,03159,0,0,0
05370,03241,62,19,43
05370,03251,0,0,0
05370,03252,0,0,0
05370,03254,10,0,10
05370,03255,0,0,0
05370,03256,11,0,11
05370,03257,11,0,11
05370,03351,0,0,0
05370,03352,0,0,0
05370,03353,0,0,0
05370,03354,0,0,0
05370,03355,0,0,0
05370,03356,0,0,0
05370,03357,0,0,0
05370,03358,10,10,0
05370,03359,0,0,0
05370,03360,0,0,0
05370,03361,0,0,0
05370,03401,0,0,0
05370,03402,0,0,0
05370,03403,0,0,0
05370,03404,0,0,0
05370,03405,0,0,0
05370,03451,0,0,0
05370,03452,13,13,0
05370,03453,0,0,0
05370,03454,45,24,21
05370,03455,0,0,0
05370,03456,0,0,0
05370,03457,10,10,0
05370,03458,0,0,0
05370,03459,17,17,0
05370,03460,0,0,0
05370,03461,0,0,0
05370,03462,0,0,0
05370,04011,40,13,27
05370,04012,0,0,0
05370,05111,3615,325,3290
05370,05112,348,128,220
05370,05113,344,75,269
05370,05114,848,235,613
05370,05116,11352,3136,8216
05370,05117,67,15,52
05370,05119,92,24,68
05370,05120,27,12,15
05370,05122,75,30,45
05370,05124,187,95,92
05370,05154,208,73,135
05370,05158,681,123,558
05370,05162,3611,1078,2533
05370,05166,4296,1562,2734
05370,05170,262,91,171
05370,05314,242,44,198
05370,05315,1959,398,1561
05370,05316,99,16,83
05370,05334,16583,6029,10554
05370,05358,6138,2460,3678
05370,05362,1535,420,1115
05370,05366,153,78,75
05370,05370,0,0,0
05370,05374,77,24,53
05370,05378,111,46,65
05370,05382,180,77,103
05370,05512,28,15,13
05370,05513,101,22,79
05370,05515,62,11,51
05370,05554,75,23,52
05370,05558,34,34,0
05370,05562,95,48,47
05370,05566,49,11,38
05370,05570,10,0,10
05370,05711,56,0,56
05370,05754,56,30,26
05370,05758,22,10,12
05370,05762,0,0,0
05370,05766,22,22,0
05370,05770,45,0,45
05370,05774,13,0,13
05370,05911,89,41,48
05370,05913,117,42,75
05370,05914,12,12,0
05370,05915,0,0,0
05370,05916,19,0,19
05370,05954,57,26,31
05370,05958,44,31,13
05370,05962,32,12,20
05370,05966,0,0,0
05370,05970,99,19,80
05370,05974,127,115,12
05370,05978,125,40,85
05370,06411,12,0,12
05370,06412,185,0,185
05370,06413,0,0,0
05370,06414,34,0,34
05370,06431,29,11,18
05370,06432,19,0,19
05370,06433,15,0,15
05370,06434,45,0,45
05370,06435,47,11,36
05370,06436,39,0,39
05370,06437,0,0,0
05370,06438,118,0,118
05370,06439,0,0,0
05370,06440,23,0,23
05370,06531,0,0,0
05370,06532,0,0,0
05370,06533,12,0,12
05370,06534,0,0,0
05370,06535,0,0,0
05370,06611,12,0,12
05370,06631,0,0,0
05370,06632,0,0,0
05370,06633,0,0,0
05370,06634,0,0,0
05370,06635,0,0,0
05370,06636,0,0,0
05370,07111,36,11,25
05370,07131,17,0,17
05370,07132,0,0,0
05370,07133,0,0,0
05370,07134,0,0,0
05370,07135,0,0,0
05370,07137,35,18,17
05370,07138,28,10,18
05370,07140,0,0,0
05370,07141,0,0,0
05370,07143,150,0,150
05370,07211,0,0,0
05370,07231,31,31,0
05370,07232,25,11,14
05370,07233,10,10,0
05370,07235,0,0,0
05370,07311,0,0,0
05370,07312,0,0,0
05370,07313,0,0,0
05370,07314,0,0,0
05370,07315,10,0,10
05370,07316,0,0,0
05370,07317,0,0,0
05370,07318,0,0,0
05370,07319,0,0,0
05370,07320,0,0,0
05370,07331,0,0,0
05370,07332,0,0,0
05370,07333,0,0,0
05370,07334,0,0,0
05370,07335,0,0,0
05370,07336,0,0,0
05370,07337,0,0,0
05370,07338,0,0,0
05370,07339,0,0,0
05370,07340,0,0,0
05370,08111,32,0,32
05370,08115,11,0,11
05370,08116,22,0,22
05370,08117,0,0,0
05370,08118,20,0,20
05370,08119,10,0,10
05370,08121,0,0,0
05370,08125,12,0,12
05370,08126,26,0,26
05370,08127,10,0,10
05370,08128,0,0,0
05370,08135,12,0,12
05370,08136,0,0,0
05370,08211,0,0,0
05370,08212,13,0,13
05370,08215,25,11,14
05370,08216,0,0,0
05370,08221,0,0,0
05370,08222,43,10,33
05370,08225,0,0,0
05370,08226,31,12,19
05370,08231,0,0,0
05370,08235,0,0,0
05370,08236,0,0,0
05370,08237,0,0,0
05370,08311,0,0,0
05370,08315,0,0,0
05370,08316,0,0,0
05370,08317,15,0,15
05370,08325,0,0,0
05370,08326,0,0,0
05370,08327,0,0,0
05370,08335,0,0,0
05370,08336,22,0,22
05370,08337,0,0,0
05370,08415,0,0,0
05370,08416,0,0,0
05370,08417,0,0,0
05370,08421,0,0,0
05370,08425,0,0,0
05370,08426,0,0,0
05370,08435,0,0,0
05370,08436,20,10,10
05370,08437,0,0,0
05370,09161,12,0,12
05370,09162,170,11,159
05370,09163,0,0,0
05370,09171,0,0,0
05370,09172,0,0,0
05370,09173,0,0,0
05370,09174,0,0,0
05370,09175,0,0,0
05370,09176,0,0,0
05370,09177,0,0,0
05370,09178,54,0,54
05370,09179,0,0,0
05370,09180,0,0,0
05370,09181,0,0,0
05370,09182,0,0,0
05370,09183,0,0,0
05370,09184,62,0,62
05370,09185,0,0,0
05370,09186,0,0,0
05370,09187,0,0,0
05370,09188,14,0,14
05370,09189,0,0,0
05370,09190,0,0,0
05370,09261,0,0,0
05370,09262,0,0,0
05370,09263,0,0,0
05370,09271,0,0,0
05370,09272,0,0,0
05370,09273,0,0,0
05370,09274,0,0,0
05370,09275,0,0,0
05370,09276,0,0,0
05370,09277,0,0,0
05370,09278,0,0,0
05370,09279,0,0,0
05370,09361,0,0,0
05370,09362,14,0,14
05370,09363,0,0,0
05370,09371,0,0,0
05370,09372,0,0,0
05370,09373,0,0,0
05370,09374,0,0,0
05370,09375,0,0,0
05370,09376,0,0,0
05370,09377,0,0,0
05370,09461,0,0,0
05370,09462,0,0,0
05370,09463,0,0,0
05370,09464,0,0,0
05370,09471,0,0,0
05370,09472,0,0,0
05370,09473,0,0,0
05370,09474,0,0,0
05370,09475,0,0,0
05370,09476,0,0,0
05370,09477,0,0,0
05370,09478,0,0,0
05370,09479,0,0,0
05370,09561,0,0,0
05370,09562,13,0,13
05370,09563,0,0,0
05370,09564,33,0,33
05370,09565,0,0,0
05370,09571,0,0,0
05370,09572,0,0,0
05370,09573,0,0,0
05370,09574,0,0,0
05370,09575,0,0,0
05370,09576,0,0,0
05370,09577,0,0,0
05370,09661,0,0,0
05370,09662,0,0,0
05370,09663,0,0,0
05370,09671,0,0,0
05370,09672,0,0,0
05370,09673,0,0,0
05370,09674,0,0,0
05370,09675,0,0,0
05370,09676,0,0,0
05370,09677,21,21,0
05370,09678,0,0,0
05370,09679,0,0,0
05370,09761,0,0,0
05370,09762,0,0,0
05370,09763,0,0,0
05370,09764,0,0,0
05370,09771,0,0,0
05370,09772,0,0,0
05370,09773,0,0,0
05370,09774,0,0,0
05370,09775,0,0,0
05370,09776,0,0,0
05370,09777,0,0,0
05370,09778,0,0,0
05370,09779,0,0,0
05370,09780,0,0,0
05370,10041,16,0,16
05370,10042,0,0,0
05370,10043,0,0,0
05370,10044,0,0,0
05370,10045,0,0,0
05370,10046,0,0,0
05370,11000,195,52,143
05370,12051,0,0,0
05370,12052,0,0,0
05370,12053,0,0,0
05370,12054,0,0,0
05370,12060,0,0,0
05370,12061,0,0,0
05370,12062,0,0,0
05370,12063,10,10,0
05370,12064,0,0,0
05370,12065,0,0,0
05370,12066,0,0,0
05370,12067,0,0,0
05370,12068,0,0,0
05370,12069,0,0,0
05370,12070,0,0,0
05370,12071,0,0,0
05370,12072,10,0,10
05370,12073,0,0,0
05370,13003,0,0,0
05370,13004,0,0,0
05370,13071,0,0,0
05370,13072,0,0,0
05370,13073,11,11,0
05370,13074,0,0,0
05370,13075,0,0,0
05370,13076,0,0,0
05370,14511,12,0,12
05370,14521,0,0,0
05370,14522,0,0,0
05370,14523,0,0,0
05370,14524,0,0,0
05370,14612,0,0,0
05370,14625,0,0,0
05370,14626,0,0,0
05370,14627,0,0,0
05370,14628,0,0,0
05370,14713,38,17,21
05370,14729,0,0,0
05370,14730,0,0,0
05370,15001,0,0,0
05370,15002,0,0,0
05370,15003,0,0,0
05370,15081,0,0,0
05370,15082,0,0,0
05370,15083,0,0,0
05370,15084,0,0,0
05370,15085,0,0,0
05370,15086,0,0,0
05370,15087,0,0,0
05370,15088,14,0,14
05370,15089,0,0,0
05370,15090,0,0,0
05370,15091,0,0,0
05370,16051,0,0,0
05370,16052,0,0,0
05370,16053,0,0,0
05370,16054,0,0,0
05370,16055,0,0,0
05370,16056,0,0,0
05370,16061,0,0,0
05370,16062,0,0,0
05370,16063,0,0,0
05370,16064,0,0,0
05370,16065,0,0,0
05370,16066,0,0,0
05370,16067,0,0,0
05370,16068,0,0,0
05370,16069,0,0,0
05370,16070,0,0,0
05370,16071,0,0,0
05370,16072,0,0,0
05370,16073,0,0,0
05370,16074,0,0,0
05370,16075,0,0,0
05370,16076,0,0,0
05370,16077,11,11,0
05374,01001,14,14,0
05374,01002,66,66,0
05374,01003,38,38,0
05374,01004,10,10,0
05374,01051,25,25,0
05374,01053,17,17,0
05374,01054,12,12,0
05374,01055,0,0,0
05374,01056,41,41,0
05374,01057,18,18,0
05374,01058,39,39,0
05374,01059,10,10,0
05374,01060,18,18,0
05374,01061,16,16,0
05374,01062,48,19,29
05374,02000,368,236,132
05374,03101,77,77,0
05374,03102,0,0,0
05374,03103,62,62,0
05374,03151,46,46,0
05374,03153,11,0,11
05374,03154,23,23,0
05374,03155,0,0,0
05374,03157,17,17,0
05374,03158,21,21,0
05374,03159,15,15,0
05374,03241,156,112,44
05374,03251,42,42,0
05374,03252,14,14,0
05374,03254,12,12,0
05374,03255,0,0,0
05374,03256,0,0,0
05374,03257,13,13,0
05374,03351,18,18,0
05374,03352,22,22,0
05374,03353,43,43,0
05374,03354,0,0,0
05374,03355,17,17,0
05374,03356,13,13,0
05374,03357,18,18,0
05374,03358,13,13,0
05374,03359,42,42,0
05374,03360,0,0,0
05374,03361,33,33,0
05374,03401,14,14,0
05374,03402,0,0,0
05374,03403,32,32,0
05374,03404,56,42,14
05374,03405,16,16,0
05374,03451,19,19,0
05374,03452,29,16,13
05374,03453,31,31,0
05374,03454,54,36,18
05374,03455,17,17,0
05374,03456,13,13,0
05374,03457,19,19,0
05374,03458,27,27,0
05374,03459,159,64,95
05374,03460,0,0,0
05374,03461,16,16,0
05374,03462,0,0,0
05374,04011,167,143,24
05374,04012,19,19,0
05374,05111,882,209,673
05374,05112,136,63,73
05374,05113,401,140,261
05374,05114,75,27,48
05374,05116,82,40,42
05374,05117,71,37,34
05374,05119,66,32,34
05374,05120,4966,1833,3133
05374,05122,520,201,319
05374,05124,2255,806,1449
05374,05154,74,35,39
05374,05158,796,271,525
05374,05162,318,114,204
05374,05166,79,47,32
05374,05170,118,85,33
05374,05314,849,246,603
05374,05315,7552,1870,5682
05374,05316,1230,510,720
05374,05334,268,163,105
05374,05358,162,105,57
05374,05362,710,309,401
05374,05366,111,64,47
05374,05370,77,53,24
05374,05374,0,0,0
05374,05378,9472,3887,5585
05374,05382,5553,2914,2639
05374,05512,20,20,0
05374,05513,89,53,36
05374,05515,90,38,52
05374,05554,60,36,24
05374,05558,46,35,11
05374,05562,162,119,43
05374,05566,85,58,27
05374,05570,59,34,25
05374,05711,70,42,28
05374,05754,132,48,84
05374,05758,52,31,21
05374,05762,11,11,0
05374,05766,84,62,22
05374,05770,60,36,24
05374,05774,77,56,21
05374,05911,205,131,74
05374,05913,388,202,186
05374,05914,345,166,179
05374,05915,36,23,13
05374,05916,62,39,23
05374,05954,1213,632,581
05374,05958,86,54,32
05374,05962,5719,2348,3371
05374,05966,3534,1247,2287
05374,05970,1907,833,1074
05374,05974,85,61,24
05374,05978,177,105,72
05374,06411,40,30,10
05374,06412,252,80,172
05374,06413,13,13,0
05374,06414,52,30,22
05374,06431,44,29,15
05374,06432,50,32,18
05374,06433,56,32,24
05374,06434,67,28,39
05374,06435,48,24,24
05374,06436,58,23,35
05374,06437,10,10,0
05374,06438,72,38,34
05374,06439,22,10,12
05374,06440,59,39,20
05374,06531,81,54,27
05374,06532,171,113,58
05374,06533,46,18,28
05374,06534,47,34,13
05374,06535,15,15,0
05374,06611,40,29,11
05374,06631,29,12,17
05374,06632,0,0,0
05374,06633,13,13,0
05374,06634,19,19,0
05374,06635,35,25,10
05374,06636,11,11,0
05374,07111,66,19,47
05374,07131,67,50,17
05374,07132,2737,1933,804
05374,07133,25,12,13
05374,07134,0,0,0
05374,07135,10,10,0
05374,07137,44,32,12
05374,07138,184,64,120
05374,07140,23,13,10
05374,07141,12,12,0
05374,07143,173,104,69
05374,07211,0,0,0
05374,07231,0,0,0
05374,07232,12,0,12
05374,07233,0,0,0
05374,07235,11,11,0
05374,07311,0,0,0
05374,07312,21,21,0
05374,07313,0,0,0
05374,07314,22,22,0
05374,07315,34,20,14
05374,07316,0,0,0
05374,07317,0,0,0
05374,07318,0,0,0
05374,07319,12,12,0
05374,07320,0,0,0
05374,07331,0,0,0
05374,07332,22,22,0
05374,07333,0,0,0
05374,07334,16,16,0
05374,07335,12,12,0
05374,07336,0,0,0
05374,07337,10,10,0
05374,07338,32,32,0
05374,07339,26,13,13
05374,07340,16,16,0
05374,08111,307,265,42
05374,08115,179,156,23
05374,08116,137,105,32
05374,08117,31,31,0
05374,08118,208,178,30
05374,08119,98,70,28
05374,08121,33,33,0
05374,08125,109,99,10
05374,08126,32,15,17
05374,08127,11,11,0
05374,08128,14,14,0
05374,08135,53,53,0
05374,08136,64,64,0
05374,08211,0,0,0
05374,08212,143,117,26
05374,08215,107,84,23
05374,08216,28,28,0
05374,08221,17,17,0
05374,08222,110,66,44
05374,08225,11,11,0
05374,08226,100,72,28
05374,08231,33,33,0
05374,08235,31,31,0
05374,08236,55,44,11
05374,08237,0,0,0
05374,08311,35,35,0
05374,08315,30,30,0
05374,08316,46,34,12
05374,08317,65,39,26
05374,08325,0,0,0
05374,08326,31,19,12
05374,08327,0,0,0
05374,08335,11,11,0
05374,08336,28,16,12
05374,08337,0,0,0
05374,08415,65,54,11
05374,08416,29,29,0
05374,08417,0,0,0
05374,08421,46,34,12
05374,08425,37,37,0
05374,08426,43,43,0
05374,08435,112,100,12
05374,08436,53,53,0
05374,08437,0,0,0
05374,09161,29,29,0
05374,09162,429,299,130
05374,09163,10,10,0
05374,09171,10,10,0
05374,09172,11,11,0
05374,09173,0,0,0
05374,09174,34,34,0
05374,09175,0,0,0
05374,09176,18,18,0
05374,09177,20,20,0
05374,09178,74,59,15
05374,09179,29,29,0
05374,09180,0,0,0
05374,09181,0,0,0
05374,09182,10,10,0
05374,09183,0,0,0
05374,09184,118,45,73
05374,09185,11,11,0
05374,09186,17,17,0
05374,09187,42,42,0
05374,09188,30,12,18
05374,09189,18,18,0
05374,09190,0,0,0
05374,09261,11,11,0
05374,09262,0,0,0
05374,09263,0,0,0
05374,09271,10,10,0
05374,09272,0,0,0
05374,09273,29,29,0
05374,09274,28,28,0
05374,09275,0,0,0
05374,09276,0,0,0
05374,09277,0,0,0
05374,09278,12,12,0
05374,09279,0,0,0
05374,09361,0,0,0
05374,09362,26,26,0
05374,09363,0,0,0
05374,09371,0,0,0
05374,09372,0,0,0
05374,09373,0,0,0
05374,09374,0,0,0
05374,09375,18,18,0
05374,09376,0,0,0
05374,09377,0,0,0
05374,09461,0,0,0
05374,09462,17,17,0
05374,09463,0,0,0
05374,09464,0,0,0
05374,09471,0,0,0
05374,09472,18,18,0
05374,09473,0,0,0
05374,09474,0,0,0
05374,09475,0,0,0
05374,09476,0,0,0
05374,09477,0,0,0
05374,09478,0,0,0
05374,09479,0,0,0
05374,09561,0,0,0
05374,09562,29,29,0
05374,09563,19,19,0
05374,09564,96,59,37
05374,09565,0,0,0
05374,09571,0,0,0
05374,09572,14,14,0
05374,09573,0,0,0
05374,09574,19,19,0
05374,09575,0,0,0
05374,09576,0,0,0
05374,09577,0,0,0
05374,09661,0,0,0
05374,09662,15,15,0
05374,09663,19,19,0
05374,09671,15,15,0
05374,09672,27,27,0
05374,09673,0,0,0
05374,09674,0,0,0
05374,09675,11,11,0
05374,09676,0,0,0
05374,09677,12,12,0
05374,09678,19,19,0
05374,09679,11,11,0
05374,09761,73,56,17
05374,09762,0,0,0
05374,09763,13,13,0
05374,09764,0,0,0
05374,09771,32,20,12
05374,09772,38,28,10
05374,09773,14,14,0
05374,09774,13,13,0
05374,09775,45,45,0
05374,09776,24,24,0
05374,09777,0,0,0
05374,09778,13,13,0
05374,09779,10,10,0
05374,09780,16,16,0
05374,10041,45,28,17
05374,10042,11,11,0
05374,10043,0,0,0
05374,10044,21,21,0
05374,10045,15,15,0
05374,10046,11,11,0
05374,11000,466,298,168
05374,12051,0,0,0
05374,12052,0,0,0
05374,12053,0,0,0
05374,12054,32,22,10
05374,12060,0,0,0
05374,12061,13,13,0
05374,12062,0,0,0
05374,12063,12,12,0
05374,12064,19,19,0
05374,12065,26,26,0
05374,12066,0,0,0
05374,12067,11,11,0
05374,12068,0,0,0
05374,12069,20,20,0
05374,12070,0,0,0
05374,12071,0,0,0
05374,12072,16,16,0
05374,12073,0,0,0
05374,13003,18,18,0
05374,13004,11,11,0
05374,13071,12,12,0
05374,13072,22,22,0
05374,13073,30,30,0
05374,13074,12,12,0
05374,13075,13,13,0
05374,13076,0,0,0
05374,14511,46,30,16
05374,14521,13,13,0
05374,14522,13,13,0
05374,14523,11,11,0
05374,14524,25,25,0
05374,14612,127,127,0
05374,14625,28,28,0
05374,14626,25,25,0
05374,14627,76,21,55
05374,14628,23,23,0
05374,14713,121,99,22
05374,14729,28,28,0
05374,14730,14,14,0
05374,15001,0,0,0
05374,15002,0,0,0
05374,15003,56,56,0
05374,15081,23,23,0
05374,15082,0,0,0
05374,15083,26,26,0
05374,15084,0,0,0
05374,15085,14,14,0
05374,15086,0,0,0
05374,15087,15,15,0
05374,15088,14,14,0
05374,15089,0,0,0
05374,15090,0,0,0
05374,15091,0,0,0
05374,16051,55,45,10
05374,16052,20,20,0
05374,16053,61,61,0
05374,16054,0,0,0
05374,16055,0,0,0
05374,16056,0,0,0
05374,16061,0,0,0
05374,16062,0,0,0
05374,16063,0,0,0
05374,16064,0,0,0
05374,16065,0,0,0
05374,16066,0,0,0
05374,16067,23,23,0
05374,16068,0,0,0
05374,16069,0,0,0
05374,16070,16,16,0
05374,16071,0,0,0
05374,16072,0,0,0
05374,16073,0,0,0
05374,16074,0,0,0
05374,16075,0,0,0
05374,16076,10,10,0
05374,16077,0,0,0
05378,01001,0,0,0
05378,01002,16,0,16
05378,01003,11,0,11
05378,01004,0,0,0
05378,01051,0,0,0
05378,01053,0,0,0
05378,01054,0,0,0
05378,01055,0,0,0
05378,01056,10,0,10
05378,01057,0,0,0
05378,01058,0,0,0
05378,01059,13,0,13
05378,01060,24,0,24
05378,01061,12,0,12
05378,01062,19,0,19
05378,02000,312,43,269
05378,03101,21,11,10
05378,03102,0,0,0
05378,03103,11,0,11
05378,03151,0,0,0
05378,03153,0,0,0
05378,03154,0,0,0
05378,03155,0,0,0
05378,03157,0,0,0
05378,03158,0,0,0
05378,03159,11,11,0
05378,03241,132,43,89
05378,03251,0,0,0
05378,03252,0,0,0
05378,03254,11,11,0
05378,03255,0,0,0
05378,03256,0,0,0
05378,03257,0,0,0
05378,03351,0,0,0
05378,03352,21,21,0
05378,03353,0,0,0
05378,03354,0,0,0
05378,03355,10,10,0
05378,03356,0,0,0
05378,03357,0,0,0
05378,03358,0,0,0
05378,03359,0,0,0
05378,03360,0,0,0
05378,03361,0,0,0
05378,03401,0,0,0
05378,03402,0,0,0
05378,03403,0,0,0
05378,03404,16,0,16
05378,03405,0,0,0
05378,03451,0,0,0
05378,03452,0,0,0
05378,03453,12,12,0
05378,03454,30,0,30
05378,03455,0,0,0
05378,03456,0,0,0
05378,03457,0,0,0
05378,03458,0,0,0
05378,03459,31,15,16
05378,03460,0,0,0
05378,03461,0,0,0
05378,03462,0,0,0
05378,04011,59,16,43
05378,04012,0,0,0
05378,05111,3331,578,2753
05378,05112,275,96,179
05378,05113,513,157,356
05378,05114,191,60,131
05378,05116,178,77,101
05378,05117,148,55,93
05378,05119,129,40,89
05378,05120,5715,2357,3358
05378,05122,2785,1180,1605
05378,05124,2128,805,1323
05378,05154,72,36,36
05378,05158,4593,1206,3387
05378,05162,1025,296,729
05378,05166,143,67,76
05378,05170,159,77,82
05378,05314,1952,381,1571
05378,05315,37246,9126,28120
05378,05316,13335,4552,8783
05378,05334,359,157,202
05378,05358,279,135,144
05378,05362,2612,1054,1558
05378,05366,307,186,121
05378,05370,111,65,46
05378,05374,9472,5585,3887
05378,05378,0,0,0
05378,05382,5894,3320,2574
05378,05512,33,33,0
05378,05513,89,25,64
05378,05515,136,55,81
05378,05554,69,27,42
05378,05558,36,18,18
05378,05562,180,111,69
05378,05566,48,19,29
05378,05570,44,17,27
05378,05711,51,19,32
05378,05754,87,27,60
05378,05758,28,17,11
05378,05762,0,0,0
05378,05766,34,11,23
05378,05770,42,15,27
05378,05774,59,15,44
05378,05911,249,119,130
05378,05913,319,108,211
05378,05914,139,71,68
05378,05915,28,14,14
05378,05916,49,26,23
05378,05954,571,319,252
05378,05958,74,30,44
05378,05962,373,166,207
05378,05966,361,76,285
05378,05970,241,76,165
05378,05974,35,15,20
05378,05978,140,55,85
05378,06411,39,0,39
05378,06412,490,24,466
05378,06413,15,0,15
05378,06414,77,14,63
05378,06431,25,13,12
05378,06432,31,10,21
05378,06433,34,0,34
05378,06434,102,0,102
05378,06435,58,10,48
05378,06436,111,23,88
05378,06437,0,0,0
05378,06438,82,10,72
05378,06439,12,12,0
05378,06440,31,0,31
05378,06531,34,15,19
05378,06532,61,39,22
05378,06533,69,11,58
05378,06534,54,41,13
05378,06535,0,0,0
05378,06611,28,16,12
05378,06631,0,0,0
05378,06632,0,0,0
05378,06633,0,0,0
05378,06634,0,0,0
05378,06635,0,0,0
05378,06636,0,0,0
05378,07111,72,18,54
05378,07131,98,57,41
05378,07132,125,70,55
05378,07133,11,11,0
05378,07134,0,0,0
05378,07135,13,0,13
05378,07137,56,33,23
05378,07138,206,100,106
05378,07140,27,27,0
05378,07141,17,0,17
05378,07143,61,40,21
05378,07211,13,0,13
05378,07231,12,12,0
05378,07232,16,0,16
05378,07233,0,0,0
05378,07235,0,0,0
05378,07311,0,0,0
05378,07312,0,0,0
05378,07313,0,0,0
05378,07314,12,0,12
05378,07315,33,13,20
05378,07316,0,0,0
05378,07317,0,0,0
05378,07318,0,0,0
05378,07319,0,0,0
05378,07320,0,0,0
05378,07331,0,0,0
05378,07332,0,0,0
05378,07333,0,0,0
05378,07334,0,0,0
05378,07335,0,0,0
05378,07336,0,0,0
05378,07337,0,0,0
05378,07338,0,0,0
05378,07339,87,14,73
05378,07340,0,0,0
05378,08111,109,19,90
05378,08115,64,32,32
05378,08116,58,22,36
05378,08117,12,0,12
05378,08118,47,12,35
05378,08119,33,11,22
05378,08121,0,0,0
05378,08125,20,0,20
05378,08126,18,0,18
05378,08127,0,0,0
05378,08128,10,0,10
05378,08135,0,0,0
05378,08136,11,0,11
05378,08211,10,0,10
05378,08212,56,15,41
05378,08215,38,16,22
05378,08216,29,16,13
05378,08221,17,0,17
05378,08222,82,12,70
05378,08225,0,0,0
05378,08226,52,24,28
05378,08231,11,0,11
05378,08235,0,0,0
05378,08236,0,0,0
05378,08237,0,0,0
05378,08311,18,0,18
05378,08315,0,0,0
05378,08316,0,0,0
05378,08317,27,13,14
05378,08325,0,0,0
05378,08326,0,0,0
05378,08327,0,0,0
05378,08335,12,0,12
05378,08336,11,0,11
05378,08337,0,0,0
05378,08415,0,0,0
05378,08416,0,0,0
05378,08417,0,0,0
05378,08421,17,0,17
05378,08425,0,0,0
05378,08426,0,0,0
05378,08435,0,0,0
05378,08436,0,0,0
05378,08437,0,0,0
05378,09161,12,0,12
05378,09162,301,32,269
05378,09163,0,0,0
05378,09171,0,0,0
05378,09172,0,0,0
05378,09173,0,0,0
05378,09174,0,0,0
05378,09175,10,0,10
05378,09176,0,0,0
05378,09177,0,0,0
05378,09178,23,0,23
05378,09179,0,0,0
05378,09180,0,0,0
05378,09181,0,0,0
05378,09182,10,0,10
05378,09183,0,0,0
05378,09184,131,0,131
05378,09185,0,0,0
05378,09186,10,0,10
05378,09187,0,0,0
05378,09188,13,0,13
05378,09189,0,0,0
05378,09190,10,0,10
05378,09261,0,0,0
05378,09262,10,0,10
05378,09263,0,0,0
05378,09271,11,11,0
05378,09272,0,0,0
05378,09273,0,0,0
05378,09274,10,0,10
05378,09275,0,0,0
05378,09276,0,0,0
05378,09277,0,0,0
05378,09278,0,0,0
05378,09279,0,0,0
05378,09361,0,0,0
05378,09362,10,0,10
05378,09363,0,0,0
05378,09371,0,0,0
05378,09372,0,0,0
05378,09373,12,0,12
05378,09374,0,0,0
05378,09375,0,0,0
05378,09376,13,0,13
05378,09377,0,0,0
05378,09461,0,0,0
05378,09462,0,0,0
05378,09463,0,0,0
05378,09464,0,0,0
05378,09471,0,0,0
05378,09472,0,0,0
05378,09473,0,0,0
05378,09474,0,0,0
05378,09475,11,0,11
05378,09476,0,0,0
05378,09477,0,0,0
05378,09478,0,0,0
05378,09479,0,0,0
05378,09561,0,0,0
05378,09562,0,0,0
05378,09563,0,0,0
05378,09564,83,11,72
05378,09565,0,0,0
05378,09571,0,0,0
05378,09572,0,0,0
05378,09573,0,0,0
05378,09574,0,0,0
05378,09575,0,0,0
05378,09576,0,0,0
05378,09577,0,0,0
05378,09661,0,0,0
05378,09662,0,0,0
05378,09663,0,0,0
05378,09671,0,0,0
05378,09672,0,0,0
05378,09673,0,0,0
05378,09674,0,0,0
05378,09675,0,0,0
05378,09676,0,0,0
05378,09677,0,0,0
05378,09678,0,0,0
05378,09679,0,0,0
05378,09761,34,11,23
05378,09762,0,0,0
05378,09763,0,0,0
05378,09764,0,0,0
05378,09771,0,0,0
05378,09772,22,10,12
05378,09773,0,0,0
05378,09774,0,0,0
05378,09775,0,0,0
05378,09776,0,0,0
05378,09777,0,0,0
05378,09778,0,0,0
05378,09779,0,0,0
05378,09780,0,0,0
05378,10041,27,0,27
05378,10042,0,0,0
05378,10043,0,0,0
05378,10044,0,0,0
05378,10045,0,0,0
05378,10046,0,0,0
05378,11000,436,110,326
05378,12051,0,0,0
05378,12052,0,0,0
05378,12053,0,0,0
05378,12054,14,0,14
05378,12060,0,0,0
05378,12061,0,0,0
05378,12062,0,0,0
05378,12063,0,0,0
05378,12064,0,0,0
05378,12065,0,0,0
05378,12066,0,0,0
05378,12067,0,0,0
05378,12068,0,0,0
05378,12069,0,0,0
05378,12070,0,0,0
05378,12071,0,0,0
05378,12072,0,0,0
05378,12073,0,0,0
05378,13003,0,0,0
05378,13004,0,0,0
05378,13071,0,0,0
05378,13072,0,0,0
05378,13073,0,0,0
05378,13074,0,0,0
05378,13075,0,0,0
05378,13076,0,0,0
05378,14511,0,0,0
05378,14521,0,0,0
05378,14522,0,0,0
05378,14523,0,0,0
05378,14524,0,0,0
05378,14612,24,24,0
05378,14625,0,0,0
05378,14626,0,0,0
05378,14627,0,0,0
05378,14628,0,0,0
05378,14713,50,33,17
05378,14729,12,12,0
05378,14730,0,0,0
05378,15001,0,0,0
05378,15002,0,0,0
05378,15003,0,0,0
05378,15081,0,0,0
05378,15082,0,0,0
05378,15083,0,0,0
05378,15084,0,0,0
05378,15085,0,0,0
05378,15086,0,0,0
05378,15087,0,0,0
05378,15088,0,0,0
05378,15089,0,0,0
05378,15090,0,0,0
05378,15091,0,0,0
05378,16051,98,98,0
05378,16052,0,0,0
05378,16053,0,0,0
05378,16054,0,0,0
05378,16055,0,0,0
05378,16056,0,0,0
05378,16061,0,0,0
05378,16062,0,0,0
05378,16063,0,0,0
05378,16064,0,0,0
05378,16065,0,0,0
05378,16066,0,0,0
05378,16067,11,11,0
05378,16068,18,18,0
05378,16069,0,0,0
05378,16070,13,13,0
05378,16071,0,0,0
05378,16072,0,0,0
05378,16073,0,0,0
05378,16074,0,0,0
05378,16075,0,0,0
05378,16076,0,0,0
05378,16077,0,0,0
05382,01001,0,0,0
05382,01002,48,18,30
05382,01003,35,13,22
05382,01004,14,0,14
05382,01051,13,13,0
05382,01053,31,12,19
05382,01054,78,66,12
05382,01055,22,22,0
05382,01056,56,28,28
05382,01057,0,0,0
05382,01058,33,17,16
05382,01059,33,13,20
05382,01060,52,25,27
05382,01061,20,0,20
05382,01062,50,27,23
05382,02000,889,367,522
05382,03101,56,32,24
05382,03102,22,22,0
05382,03103,33,11,22
05382,03151,18,18,0
05382,03153,40,30,10
05382,03154,11,11,0
05382,03155,10,10,0
05382,03157,0,0,0
05382,03158,23,23,0
05382,03159,49,30,19
05382,03241,308,118,190
05382,03251,23,23,0
05382,03252,11,0,11
05382,03254,31,20,11
05382,03255,0,0,0
05382,03256,25,15,10
05382,03257,12,12,0
05382,03351,28,14,14
05382,03352,15,15,0
05382,03353,44,25,19
05382,03354,0,0,0
05382,03355,64,28,36
05382,03356,34,16,18
05382,03357,27,27,0
05382,03358,29,18,11
05382,03359,13,13,0
05382,03360,17,17,0
05382,03361,26,15,11
05382,03401,0,0,0
05382,03402,29,29,0
05382,03403,29,16,13
05382,03404,60,20,40
05382,03405,10,10,0
05382,03451,14,0,14
05382,03452,48,35,13
05382,03453,17,0,17
05382,03454,51,19,32
05382,03455,0,0,0
05382,03456,13,0,13
05382,03457,13,13,0
05382,03458,12,12,0
05382,03459,69,30,39
05382,03460,0,0,0
05382,03461,0,0,0
05382,03462,0,0,0
05382,04011,195,123,72
05382,04012,0,0,0
05382,05111,2349,321,2028
05382,05112,383,178,205
05382,05113,662,190,472
05382,05114,208,73,135
05382,05116,258,101,157
05382,05117,121,56,65
05382,05119,195,53,142
05382,05120,172,65,107
05382,05122,219,100,119
05382,05124,368,145,223
05382,05154,209,76,133
05382,05158,1206,317,889
05382,05162,923,339,584
05382,05166,229,89,140
05382,05170,308,98,210
05382,05314,63205,14649,48556
05382,05315,44739,9059,35680
05382,05316,1660,464,1196
05382,05334,906,378,528
05382,05358,801,417,384
05382,05362,10361,3516,6845
05382,05366,6463,3912,2551
05382,05370,180,103,77
05382,05374,5553,2639,2914
05382,05378,5894,2574,3320
05382,05382,0,0,0
05382,05512,48,32,16
05382,05513,136,54,82
05382,05515,189,52,137
05382,05554,92,43,49
05382,05558,52,29,23
05382,05562,309,177,132
05382,05566,129,54,75
05382,05570,68,31,37
05382,05711,97,31,66
05382,05754,141,46,95
05382,05758,43,20,23
05382,05762,22,22,0
05382,05766,97,53,44
05382,05770,70,28,42
05382,05774,81,41,40
05382,05911,241,111,130
05382,05913,353,139,214
05382,05914,92,41,51
05382,05915,55,33,22
05382,05916,61,26,35
05382,05954,192,77,115
05382,05958,80,32,48
05382,05962,229,93,136
05382,05966,451,72,379
05382,05970,487,130,357
05382,05974,92,54,38
05382,05978,202,107,95
05382,06411,112,37,75
05382,06412,1435,209,1226
05382,06413,83,47,36
05382,06414,241,73,168
05382,06431,78,27,51
05382,06432,93,49,44
05382,06433,112,44,68
05382,06434,238,51,187
05382,06435,122,38,84
05382,06436,295,43,252
05382,06437,0,0,0
05382,06438,226,82,144
05382,06439,74,43,31
05382,06440,97,41,56
05382,06531,73,35,38
05382,06532,89,47,42
05382,06533,179,84,95
05382,06534,80,32,48
05382,06535,11,11,0
05382,06611,67,30,37
05382,06631,47,28,19
05382,06632,51,35,16
05382,06633,33,19,14
05382,06634,19,19,0
05382,06635,33,13,20
05382,06636,0,0,0
05382,07111,536,188,348
05382,07131,5107,3472,1635
05382,07132,2843,1893,950
05382,07133,48,28,20
05382,07134,12,12,0
05382,07135,61,47,14
05382,07137,692,374,318
05382,07138,8776,5275,3501
05382,07140,102,64,38
05382,07141,109,58,51
05382,07143,758,385,373
05382,07211,64,24,40
05382,07231,89,55,34
05382,07232,102,58,44
05382,07233,180,137,43
05382,07235,55,35,20
05382,07311,0,0,0
05382,07312,12,12,0
05382,07313,0,0,0
05382,07314,46,15,31
05382,07315,171,55,116
05382,07316,13,0,13
05382,07317,0,0,0
05382,07318,0,0,0
05382,07319,32,12,20
05382,07320,0,0,0
05382,07331,14,14,0
05382,07332,23,23,0
05382,07333,65,20,45
05382,07334,12,12,0
05382,07335,0,0,0
05382,07336,0,0,0
05382,07337,0,0,0
05382,07338,35,35,0
05382,07339,101,55,46
05382,07340,0,0,0
05382,08111,271,92,179
05382,08115,141,81,60
05382,08116,118,48,70
05382,08117,28,0,28
05382,08118,143,67,76
05382,08119,91,39,52
05382,08121,11,0,11
05382,08125,176,134,42
05382,08126,46,0,46
05382,08127,21,0,21
05382,08128,23,10,13
05382,08135,0,0,0
05382,08136,21,0,21
05382,08211,0,0,0
05382,08212,97,18,79
05382,08215,65,29,36
05382,08216,34,12,22
05382,08221,51,16,35
05382,08222,181,45,136
05382,08225,11,11,0
05382,08226,139,68,71
05382,08231,18,0,18
05382,08235,30,16,14
05382,08236,11,0,11
05382,08237,0,0,0
05382,08311,56,16,40
05382,08315,39,20,19
05382,08316,10,10,0
05382,08317,77,46,31
05382,08325,0,0,0
05382,08326,0,0,0
05382,08327,0,0,0
05382,08335,58,31,27
05382,08336,45,14,31
05382,08337,26,0,26
05382,08415,45,27,18
05382,08416,44,21,23
05382,08417,28,10,18
05382,08421,21,0,21
05382,08425,19,19,0
05382,08426,12,12,0
05382,08435,39,12,27
05382,08436,24,11,13
05382,08437,0,0,0
05382,09161,29,0,29
05382,09162,835,224,611
05382,09163,0,0,0
05382,09171,0,0,0
05382,09172,124,104,20
05382,09173,25,11,14
05382,09174,11,11,0
05382,09175,29,16,13
05382,09176,0,0,0
05382,09177,15,15,0
05382,09178,90,16,74
05382,09179,39,16,23
05382,09180,13,13,0
05382,09181,12,0,12
05382,09182,13,0,13
05382,09183,0,0,0
05382,09184,293,45,248
05382,09185,0,0,0
05382,09186,22,0,22
05382,09187,32,21,11
05382,09188,34,11,23
05382,09189,42,28,14
05382,09190,12,12,0
05382,09261,0,0,0
05382,09262,11,0,11
05382,09263,0,0,0
05382,09271,0,0,0
05382,09272,0,0,0
05382,09273,11,11,0
05382,09274,20,20,0
05382,09275,11,0,11
05382,09276,0,0,0
05382,09277,10,10,0
05382,09278,0,0,0
05382,09279,0,0,0
05382,09361,0,0,0
05382,09362,35,15,20
05382,09363,0,0,0
05382,09371,0,0,0
05382,09372,0,0,0
05382,09373,24,0,24
05382,09374,0,0,0
05382,09375,21,21,0
05382,09376,24,24,0
05382,09377,0,0,0
05382,09461,0,0,0
05382,09462,20,10,10
05382,09463,0,0,0
05382,09464,0,0,0
05382,09471,22,11,11
05382,09472,0,0,0
05382,09473,0,0,0
05382,09474,0,0,0
05382,09475,19,0,19
05382,09476,0,0,0
05382,09477,11,11,0
05382,09478,0,0,0
05382,09479,0,0,0
05382,09561,0,0,0
05382,09562,21,0,21
05382,09563,14,14,0
05382,09564,174,35,139
05382,09565,0,0,0
05382,09571,0,0,0
05382,09572,13,0,13
05382,09573,10,10,0
05382,09574,22,11,11
05382,09575,0,0,0
05382,09576,11,11,0
05382,09577,24,24,0
05382,09661,10,0,10
05382,09662,14,0,14
05382,09663,32,13,19
05382,09671,34,12,22
05382,09672,10,10,0
05382,09673,0,0,0
05382,09674,0,0,0
05382,09675,23,0,23
05382,09676,31,11,20
05382,09677,11,0,11
05382,09678,0,0,0
05382,09679,12,0,12
05382,09761,62,19,43
05382,09762,0,0,0
05382,09763,0,0,0
05382,09764,0,0,0
05382,09771,0,0,0
05382,09772,15,15,0
05382,09773,0,0,0
05382,09774,0,0,0
05382,09775,25,25,0
05382,09776,10,0,10
05382,09777,21,10,11
05382,09778,0,0,0
05382,09779,11,11,0
05382,09780,15,15,0
05382,10041,79,23,56
05382,10042,11,0,11
05382,10043,13,13,0
05382,10044,15,15,0
05382,10045,23,12,11
05382,10046,17,0,17
05382,11000,1737,941,796
05382,12051,0,0,0
05382,12052,18,18,0
05382,12053,0,0,0
05382,12054,60,35,25
05382,12060,26,26,0
05382,12061,29,29,0
05382,12062,0,0,0
05382,12063,32,32,0
05382,12064,32,32,0
05382,12065,28,28,0
05382,12066,0,0,0
05382,12067,11,11,0
05382,12068,0,0,0
05382,12069,66,56,10
05382,12070,0,0,0
05382,12071,11,11,0
05382,12072,30,30,0
05382,12073,22,22,0
05382,13003,14,14,0
05382,13004,0,0,0
05382,13071,25,25,0
05382,13072,13,13,0
05382,13073,14,14,0
05382,13074,0,0,0
05382,13075,34,34,0
05382,13076,25,25,0
05382,14511,37,16,21
05382,14521,22,11,11
05382,14522,18,18,0
05382,14523,0,0,0
05382,14524,12,12,0
05382,14612,64,47,17
05382,14625,30,15,15
05382,14626,60,47,13
05382,14627,30,20,10
05382,14628,22,22,0
05382,14713,114,75,39
05382,14729,27,27,0
05382,14730,35,20,15
05382,15001,0,0,0
05382,15002,31,21,10
05382,15003,25,25,0
05382,15081,0,0,0
05382,15082,27,13,14
05382,15083,20,20,0
05382,15084,13,13,0
05382,15085,45,45,0
05382,15086,0,0,0
05382,15087,0,0,0
05382,15088,12,12,0
05382,15089,25,25,0
05382,15090,15,15,0
05382,15091,11,11,0
05382,16051,39,18,21
05382,16052,0,0,0
05382,16053,0,0,0
05382,16054,0,0,0
05382,16055,0,0,0
05382,16056,13,13,0
05382,16061,13,13,0
05382,16062,0,0,0
05382,16063,10,0,10
05382,16064,0,0,0
05382,16065,0,0,0
05382,16066,12,12,0
05382,16067,13,13,0
05382,16068,0,0,0
05382,16069,0,0,0
05382,16070,31,17,14
05382,16071,0,0,0
05382,16072,0,0,0
05382,16073,0,0,0
05382,16074,0,0,0
05382,16075,14,14,0
05382,16076,0,0,0
05382,16077,0,0,0
05512,01001,0,0,0
05512,01002,0,0,0
05512,01003,0,0,0
05512,01004,0,0,0
05512,01051,0,0,0
05512,01053,0,0,0
05512,01054,0,0,0
05512,01055,0,0,0
05512,01056,0,0,0
05512,01057,0,0,0
05512,01058,0,0,0
05512,01059,0,0,0
05512,01060,10,10,0
05512,01061,0,0,0
05512,01062,13,0,13
05512,02000,108,21,87
05512,03101,0,0,0
05512,03102,0,0,0
05512,03103,0,0,0
05512,03151,0,0,0
05512,03153,0,0,0
05512,03154,0,0,0
05512,03155,0,0,0
05512,03157,0,0,0
05512,03158,0,0,0
05512,03159,0,0,0
05512,03241,75,35,40
05512,03251,0,0,0
05512,03252,0,0,0
05512,03254,0,0,0
05512,03255,0,0,0
05512,03256,0,0,0
05512,03257,0,0,0
05512,03351,0,0,0
05512,03352,0,0,0
05512,03353,0,0,0
05512,03354,0,0,0
05512,03355,0,0,0
05512,03356,0,0,0
05512,03357,0,0,0
05512,03358,0,0,0
05512,03359,0,0,0
05512,03360,0,0,0
05512,03361,0,0,0
05512,03401,0,0,0
05512,03402,0,0,0
05512,03403,0,0,0
05512,03404,20,0,20
05512,03405,0,0,0
05512,03451,0,0,0
05512,03452,0,0,0
05512,03453,0,0,0
05512,03454,24,12,12
05512,03455,0,0,0
05512,03456,0,0,0
05512,03457,0,0,0
05512,03458,0,0,0
05512,03459,11,0,11
05512,03460,0,0,0
05512,03461,0,0,0
05512,03462,0,0,0
05512,04011,127,15,112
05512,04012,0,0,0
05512,05111,1265,129,1136
05512,05112,2851,993,1858
05512,05113,9076,2259,6817
05512,05114,229,47,182
05512,05116,58,23,35
05512,05117,1323,347,976
05512,05119,5461,2407,3054
05512,05120,30,0,30
05512,05122,65,34,31
05512,05124,157,42,115
05512,05154,156,84,72
05512,05158,637,125,512
05512,05162,133,36,97
05512,05166,93,37,56
05512,05170,2161,1222,939
05512,05314,47,0,47
05512,05315,260,36,224
05512,05316,54,16,38
05512,05334,42,23,19
05512,05358,24,0,24
05512,05362,66,20,46
05512,05366,10,0,10
05512,05370,28,13,15
05512,05374,20,0,20
05512,05378,33,0,33
05512,05382,48,16,32
05512,05512,0,0,0
05512,05513,4847,2302,2545
05512,05515,148,45,103
05512,05554,651,389,262
05512,05558,156,72,84
05512,05562,9168,5305,3863
05512,05566,226,187,39
05512,05570,33,12,21
05512,05711,19,0,19
05512,05754,23,0,23
05512,05758,12,0,12
05512,05762,0,0,0
05512,05766,0,0,0
05512,05770,10,0,10
05512,05774,12,0,12
05512,05911,1155,448,707
05512,05913,1066,417,649
05512,05914,109,22,87
05512,05915,72,44,28
05512,05916,919,400,519
05512,05954,352,166,186
05512,05958,49,20,29
05512,05962,46,16,30
05512,05966,0,0,0
05512,05970,12,0,12
05512,05974,50,18,32
05512,05978,377,229,148
05512,06411,0,0,0
05512,06412,79,0,79
05512,06413,0,0,0
05512,06414,16,0,16
05512,06431,0,0,0
05512,06432,0,0,0
05512,06433,0,0,0
05512,06434,22,11,11
05512,06435,14,0,14
05512,06436,24,0,24
05512,06437,0,0,0
05512,06438,20,0,20
05512,06439,0,0,0
05512,06440,0,0,0
05512,06531,0,0,0
05512,06532,0,0,0
05512,06533,0,0,0
05512,06534,0,0,0
05512,06535,0,0,0
05512,06611,0,0,0
05512,06631,0,0,0
05512,06632,0,0,0
05512,06633,0,0,0
05512,06634,13,0,13
05512,06635,0,0,0
05512,06636,0,0,0
05512,07111,0,0,0
05512,07131,0,0,0
05512,07132,0,0,0
05512,07133,0,0,0
05512,07134,0,0,0
05512,07135,0,0,0
05512,07137,0,0,0
05512,07138,0,0,0
05512,07140,0,0,0
05512,07141,0,0,0
05512,07143,13,0,13
05512,07211,0,0,0
05512,07231,0,0,0
05512,07232,0,0,0
05512,07233,0,0,0
05512,07235,0,0,0
05512,07311,0,0,0
05512,07312,0,0,0
05512,07313,0,0,0
05512,07314,11,11,0
05512,07315,0,0,0
05512,07316,0,0,0
05512,07317,0,0,0
05512,07318,0,0,0
05512,07319,0,0,0
05512,07320,0,0,0
05512,07331,0,0,0
05512,07332,0,0,0
05512,07333,0,0,0
05512,07334,0,0,0
05512,07335,0,0,0
05512,07336,0,0,0
05512,07337,0,0,0
05512,07338,0,0,0
05512,07339,0,0,0
05512,07340,0,0,0
05512,08111,19,0,19
05512,08115,11,11,0
05512,08116,47,16,31
05512,08117,0,0,0
05512,08118,0,0,0
05512,08119,19,19,0
05512,08121,0,0,0
05512,08125,11,0,11
05512,08126,0,0,0
05512,08127,0,0,0
05512,08128,0,0,0
05512,08135,0,0,0
05512,08136,0,0,0
05512,08211,14,0,14
05512,08212,0,0,0
05512,08215,0,0,0
05512,08216,0,0,0
05512,08221,0,0,0
05512,08222,24,11,13
05512,08225,0,0,0
05512,08226,30,13,17
05512,08231,0,0,0
05512,08235,0,0,0
05512,08236,0,0,0
05512,08237,0,0,0
05512,08311,0,0,0
05512,08315,0,0,0
05512,08316,0,0,0
05512,08317,0,0,0
05512,08325,0,0,0
05512,08326,0,0,0
05512,08327,0,0,0
05512,08335,0,0,0
05512,08336,0,0,0
05512,08337,0,0,0
05512,08415,0,0,0
05512,08416,0,0,0
05512,08417,0,0,0
05512,08421,0,0,0
05512,08425,0,0,0
05512,08426,0,0,0
05512,08435,0,0,0
05512,08436,0,0,0
05512,08437,0,0,0
05512,09161,0,0,0
05512,09162,77,0,77
05512,09163,0,0,0
05512,09171,0,0,0
05512,09172,0,0,0
05512,09173,0,0,0
05512,09174,0,0,0
05512,09175,0,0,0
05512,09176,0,0,0
05512,09177,0,0,0
05512,09178,0,0,0
05512,09179,12,12,0
05512,09180,0,0,0
05512,09181,0,0,0
05512,09182,0,0,0
05512,09183,0,0,0
05512,09184,28,0,28
05512,09185,0,0,0
05512,09186,0,0,0
05512,09187,0,0,0
05512,09188,0,0,0
05512,09189,0,0,0
05512,09190,0,0,0
05512,09261,0,0,0
05512,09262,0,0,0
05512,09263,0,0,0
05512,09271,0,0,0
05512,09272,0,0,0
05512,09273,0,0,0
05512,09274,0,0,0
05512,09275,0,0,0
05512,09276,0,0,0
05512,09277,0,0,0
05512,09278,0,0,0
05512,09279,0,0,0
05512,09361,0,0,0
05512,09362,0,0,0
05512,09363,0,0,0
05512,09371,0,0,0
05512,09372,0,0,0
05512,09373,0,0,0
05512,09374,0,0,0
05512,09375,0,0,0
05512,09376,0,0,0
05512,09377,0,0,0
05512,09461,0,0,0
05512,09462,0,0,0
05512,09463,0,0,0
05512,09464,0,0,0
05512,09471,0,0,0
05512,09472,0,0,0
05512,09473,0,0,0
05512,09474,0,0,0
05512,09475,0,0,0
05512,09476,0,0,0
05512,09477,0,0,0
05512,09478,0,0,0
05512,09479,0,0,0
05512,09561,0,0,0
05512,09562,0,0,0
05512,09563,0,0,0
05512,09564,13,0,13
05512,09565,0,0,0
05512,09571,0,0,0
05512,09572,0,0,0
05512,09573,0,0,0
05512,09574,0,0,0
05512,09575,0,0,0
05512,09576,0,0,0
05512,09577,0,0,0
05512,09661,0,0,0
05512,09662,0,0,0
05512,09663,0,0,0
05512,09671,0,0,0
05512,09672,0,0,0
05512,09673,0,0,0
05512,09674,0,0,0
05512,09675,0,0,0
05512,09676,0,0,0
05512,09677,0,0,0
05512,09678,0,0,0
05512,09679,0,0,0
05512,09761,0,0,0
05512,09762,0,0,0
05512,09763,0,0,0
05512,09764,0,0,0
05512,09771,0,0,0
05512,09772,0,0,0
05512,09773,0,0,0
05512,09774,0,0,0
05512,09775,0,0,0
05512,09776,0,0,0
05512,09777,0,0,0
05512,09778,0,0,0
05512,09779,0,0,0
05512,09780,0,0,0
05512,10041,10,0,10
05512,10042,0,0,0
05512,10043,0,0,0
05512,10044,0,0,0
05512,10045,0,0,0
05512,10046,0,0,0
05512,11000,144,61,83
05512,12051,0,0,0
05512,12052,0,0,0
05512,12053,0,0,0
05512,12054,0,0,0
05512,12060,0,0,0
05512,12061,0,0,0
05512,12062,0,0,0
05512,12063,0,0,0
05512,12064,0,0,0
05512,12065,0,0,0
05512,12066,0,0,0
05512,12067,0,0,0
05512,12068,0,0,0
05512,12069,0,0,0
05512,12070,0,0,0
05512,12071,0,0,0
05512,12072,0,0,0
05512,12073,0,0,0
05512,13003,0,0,0
05512,13004,0,0,0
05512,13071,0,0,0
05512,13072,0,0,0
05512,13073,0,0,0
05512,13074,0,0,0
05512,13075,0,0,0
05512,13076,0,0,0
05512,14511,0,0,0
05512,14521,24,24,0
05512,14522,0,0,0
05512,14523,0,0,0
05512,14524,0,0,0
05512,14612,0,0,0
05512,14625,0,0,0
05512,14626,12,12,0
05512,14627,0,0,0
05512,14628,0,0,0
05512,14713,13,0,13
05512,14729,0,0,0
05512,14730,0,0,0
05512,15001,0,0,0
05512,15002,0,0,0
05512,15003,0,0,0
05512,15081,0,0,0
05512,15082,0,0,0
05512,15083,0,0,0
05512,15084,0,0,0
05512,15085,0,0,0
05512,15086,0,0,0
05512,15087,0,0,0
05512,15088,0,0,0
05512,15089,0,0,0
05512,15090,0,0,0
05512,15091,0,0,0
05512,16051,0,0,0
05512,16052,0,0,0
05512,16053,0,0,0
05512,16054,0,0,0
05512,16055,0,0,0
05512,16056,0,0,0
05512,16061,0,0,0
05512,16062,0,0,0
05512,16063,0,0,0
05512,16064,0,0,0
05512,16065,0,0,0
05512,16066,0,0,0
05512,16067,0,0,0
05512,16068,0,0,0
05512,16069,0,0,0
05512,16070,0,0,0
05512,16071,0,0,0
05512,16072,0,0,0
05512,16073,0,0,0
05512,16074,0,0,0
05512,16075,0,0,0
05512,16076,0,0,0
05512,16077,0,0,0
05513,01001,0,0,0
05513,01002,11,0,11
05513,01003,0,0,0
05513,01004,0,0,0
05513,01051,0,0,0
05513,01053,16,0,16
05513,01054,0,0,0
05513,01055,0,0,0
05513,01056,26,15,11
05513,01057,0,0,0
05513,01058,0,0,0
05513,01059,0,0,0
05513,01060,28,16,12
05513,01061,15,0,15
05513,01062,13,0,13
05513,02000,260,58,202
05513,03101,29,10,19
05513,03102,0,0,0
05513,03103,0,0,0
05513,03151,0,0,0
05513,03153,0,0,0
05513,03154,0,0,0
05513,03155,0,0,0
05513,03157,0,0,0
05513,03158,0,0,0
05513,03159,28,15,13
05513,03241,192,118,74
05513,03251,10,0,10
05513,03252,0,0,0
05513,03254,18,18,0
05513,03255,0,0,0
05513,03256,0,0,0
05513,03257,11,11,0
05513,03351,0,0,0
05513,03352,0,0,0
05513,03353,14,14,0
05513,03354,0,0,0
05513,03355,0,0,0
05513,03356,0,0,0
05513,03357,0,0,0
05513,03358,0,0,0
05513,03359,40,40,0
05513,03360,0,0,0
05513,03361,0,0,0
05513,03401,0,0,0
05513,03402,0,0,0
05513,03403,21,11,10
05513,03404,43,11,32
05513,03405,0,0,0
05513,03451,0,0,0
05513,03452,28,12,16
05513,03453,11,0,11
05513,03454,144,55,89
05513,03455,0,0,0
05513,03456,28,13,15
05513,03457,0,0,0
05513,03458,0,0,0
05513,03459,98,36,62
05513,03460,11,0,11
05513,03461,0,0,0
05513,03462,0,0,0
05513,04011,114,28,86
05513,04012,0,0,0
05513,05111,2346,429,1917
05513,05112,2948,1044,1904
05513,05113,16021,5116,10905
05513,05114,408,136,272
05513,05116,211,112,99
05513,05117,1467,524,943
05513,05119,2550,1213,1337
05513,05120,117,36,81
05513,05122,113,64,49
05513,05124,458,163,295
05513,05154,357,192,165
05513,05158,1379,396,983
05513,05162,343,162,181
05513,05166,246,95,151
05513,05170,1884,1193,691
05513,05314,92,35,57
05513,05315,802,276,526
05513,05316,129,84,45
05513,05334,137,95,42
05513,05358,77,55,22
05513,05362,304,109,195
05513,05366,41,25,16
05513,05370,101,79,22
05513,05374,89,36,53
05513,05378,89,64,25
05513,05382,136,82,54
05513,05512,4847,2545,2302
05513,05513,0,0,0
05513,05515,494,252,242
05513,05554,932,612,320
05513,05558,678,519,159
05513,05562,23501,14541,8960
05513,05566,223,120,103
05513,05570,218,137,81
05513,05711,160,85,75
05513,05754,117,55,62
05513,05758,82,71,11
05513,05762,36,17,19
05513,05766,77,65,12
05513,05770,200,160,40
05513,05774,58,33,25
05513,05911,9162,4059,5103
05513,05913,3813,1685,2128
05513,05914,375,137,238
05513,05915,241,136,105
05513,05916,5656,2913,2743
05513,05954,1560,706,854
05513,05958,166,120,46
05513,05962,304,198,106
05513,05966,43,27,16
05513,05970,157,118,39
05513,05974,209,128,81
05513,05978,1271,790,481
05513,06411,18,0,18
05513,06412,164,56,108
05513,06413,0,0,0
05513,06414,23,0,23
05513,06431,28,0,28
05513,06432,0,0,0
05513,06433,38,26,12
05513,06434,29,0,29
05513,06435,53,24,29
05513,06436,60,0,60
05513,06437,0,0,0
05513,06438,67,17,50
05513,06439,0,0,0
05513,06440,135,135,0
05513,06531,22,22,0
05513,06532,28,18,10
05513,06533,21,10,11
05513,06534,12,0,12
05513,06535,0,0,0
05513,06611,15,0,15
05513,06631,36,11,25
05513,06632,0,0,0
05513,06633,13,13,0
05513,06634,11,0,11
05513,06635,18,18,0
05513,06636,0,0,0
05513,07111,26,12,14
05513,07131,11,11,0
05513,07132,23,12,11
05513,07133,0,0,0
05513,07134,0,0,0
05513,07135,0,0,0
05513,07137,20,10,10
05513,07138,32,13,19
05513,07140,0,0,0
05513,07141,10,0,10
05513,07143,27,17,10
05513,07211,0,0,0
05513,07231,0,0,0
05513,07232,0,0,0
05513,07233,0,0,0
05513,07235,0,0,0
05513,07311,0,0,0
05513,07312,0,0,0
05513,07313,13,0,13
05513,07314,51,27,24
05513,07315,19,0,19
05513,07316,0,0,0
05513,07317,0,0,0
05513,07318,0,0,0
05513,07319,29,0,29
05513,07320,0,0,0
05513,07331,0,0,0
05513,07332,13,13,0
05513,07333,0,0,0
05513,07334,0,0,0
05513,07335,0,0,0
05513,07336,0,0,0
05513,07337,0,0,0
05513,07338,0,0,0
05513,07339,17,17,0
05513,07340,0,0,0
05513,08111,75,30,45
05513,08115,15,0,15
05513,08116,36,18,18
05513,08117,23,13,10
05513,08118,20,0,20
05513,08119,21,10,11
05513,08121,0,0,0
05513,08125,65,15,50
05513,08126,0,0,0
05513,08127,21,0,21
05513,08128,0,0,0
05513,08135,0,0,0
05513,08136,0,0,0
05513,08211,33,0,33
05513,08212,71,38,33
05513,08215,59,31,28
05513,08216,11,11,0
05513,08221,0,0,0
05513,08222,70,11,59
05513,08225,0,0,0
05513,08226,55,18,37
05513,08231,0,0,0
05513,08235,0,0,0
05513,08236,0,0,0
05513,08237,0,0,0
05513,08311,0,0,0
05513,08315,0,0,0
05513,08316,0,0,0
05513,08317,0,0,0
05513,08325,0,0,0
05513,08326,0,0,0
05513,08327,0,0,0
05513,08335,0,0,0
05513,08336,0,0,0
05513,08337,0,0,0
05513,08415,0,0,0
05513,08416,0,0,0
05513,08417,0,0,0
05513,08421,0,0,0
05513,08425,25,25,0
05513,08426,0,0,0
05513,08435,0,0,0
05513,08436,0,0,0
05513,08437,0,0,0
05513,09161,0,0,0
05513,09162,180,50,130
05513,09163,0,0,0
05513,09171,0,0,0
05513,09172,0,0,0
05513,09173,0,0,0
05513,09174,0,0,0
05513,09175,0,0,0
05513,09176,0,0,0
05513,09177,0,0,0
05513,09178,11,11,0
05513,09179,0,0,0
05513,09180,0,0,0
05513,09181,0,0,0
05513,09182,0,0,0
05513,09183,0,0,0
05513,09184,60,0,60
05513,09185,0,0,0
05513,09186,0,0,0
05513,09187,0,0,0
05513,09188,0,0,0
05513,09189,0,0,0
05513,09190,0,0,0
05513,09261,0,0,0
05513,09262,0,0,0
05513,09263,0,0,0
05513,09271,0,0,0
05513,09272,0,0,0
05513,09273,0,0,0
05513,09274,0,0,0
05513,09275,0,0,0
05513,09276,0,0,0
05513,09277,0,0,0
05513,09278,0,0,0
05513,09279,0,0,0
05513,09361,10,0,10
05513,09362,0,0,0
05513,09363,0,0,0
05513,09371,0,0,0
05513,09372,0,0,0
05513,09373,0,0,0
05513,09374,0,0,0
05513,09375,0,0,0
05513,09376,0,0,0
05513,09377,0,0,0
05513,09461,0,0,0
05513,09462,0,0,0
05513,09463,0,0,0
05513,09464,0,0,0
05513,09471,0,0,0
05513,09472,0,0,0
05513,09473,0,0,0
05513,09474,0,0,0
05513,09475,0,0,0
05513,09476,0,0,0
05513,09477,0,0,0
05513,09478,0,0,0
05513,09479,0,0,0
05513,09561,0,0,0
05513,09562,0,0,0
05513,09563,0,0,0
05513,09564,72,42,30
05513,09565,0,0,0
05513,09571,0,0,0
05513,09572,0,0,0
05513,09573,0,0,0
05513,09574,0,0,0
05513,09575,0,0,0
05513,09576,0,0,0
05513,09577,0,0,0
05513,09661,0,0,0
05513,09662,0,0,0
05513,09663,0,0,0
05513,09671,0,0,0
05513,09672,0,0,0
05513,09673,0,0,0
05513,09674,0,0,0
05513,09675,0,0,0
05513,09676,0,0,0
05513,09677,0,0,0
05513,09678,0,0,0
05513,09679,0,0,0
05513,09761,0,0,0
05513,09762,0,0,0
05513,09763,0,0,0
05513,09764,0,0,0
05513,09771,0,0,0
05513,09772,13,13,0
05513,09773,0,0,0
05513,09774,0,0,0
05513,09775,0,0,0
05513,09776,0,0,0
05513,09777,0,0,0
05513,09778,0,0,0
05513,09779,0,0,0
05513,09780,0,0,0
05513,10041,27,12,15
05513,10042,0,0,0
05513,10043,0,0,0
05513,10044,0,0,0
05513,10045,0,0,0
05513,10046,0,0,0
05513,11000,285,91,194
05513,12051,0,0,0
05513,12052,0,0,0
05513,12053,0,0,0
05513,12054,11,0,11
05513,12060,0,0,0
05513,12061,0,0,0
05513,12062,0,0,0
05513,12063,0,0,0
05513,12064,0,0,0
05513,12065,0,0,0
05513,12066,23,0,23
05513,12067,0,0,0
05513,12068,0,0,0
05513,12069,0,0,0
05513,12070,0,0,0
05513,12071,0,0,0
05513,12072,0,0,0
05513,12073,0,0,0
05513,13003,55,55,0
05513,13004,0,0,0
05513,13071,0,0,0
05513,13072,16,16,0
05513,13073,0,0,0
05513,13074,0,0,0
05513,13075,11,11,0
05513,13076,26,26,0
05513,14511,16,0,16
05513,14521,12,12,0
05513,14522,10,10,0
05513,14523,12,12,0
05513,14524,18,18,0
05513,14612,12,12,0
05513,14625,0,0,0
05513,14626,13,13,0
05513,14627,0,0,0
05513,14628,0,0,0
05513,14713,102,63,39
05513,14729,12,12,0
05513,14730,13,13,0
05513,15001,0,0,0
05513,15002,12,12,0
05513,15003,15,0,15
05513,15081,0,0,0
05513,15082,0,0,0
05513,15083,14,14,0
05513,15084,14,14,0
05513,15085,10,10,0
05513,15086,12,12,0
05513,15087,15,15,0
05513,15088,30,16,14
05513,15089,0,0,0
05513,15090,0,0,0
05513,15091,0,0,0
05513,16051,0,0,0
05513,16052,0,0,0
05513,16053,0,0,0
05513,16054,0,0,0
05513,16055,0,0,0
05513,16056,0,0,0
05513,16061,0,0,0
05513,16062,0,0,0
05513,16063,10,10,0
05513,16064,0,0,0
05513,16065,0,0,0
05513,16066,0,0,0
05513,16067,10,10,0
05513,16068,0,0,0
05513,16069,0,0,0
05513,16070,0,0,0
05513,16071,0,0,0
05513,16072,0,0,0
05513,16073,0,0,0
05513,16074,0,0,0
05513,16075,0,0,0
05513,16076,0,0,0
05513,16077,0,0,0
05515,01001,0,0,0
05515,01002,60,25,35
05515,01003,46,28,18
05515,01004,0,0,0
05515,01051,10,10,0
05515,01053,28,18,10
05515,01054,20,20,0
05515,01055,21,21,0
05515,01056,59,33,26
05515,01057,15,15,0
05515,01058,18,18,0
05515,01059,12,12,0
05515,01060,53,24,29
05515,01061,13,13,0
05515,01062,44,26,18
05515,02000,818,343,475
05515,03101,51,29,22
05515,03102,0,0,0
05515,03103,25,0,25
05515,03151,13,13,0
05515,03153,20,0,20
05515,03154,0,0,0
05515,03155,11,11,0
05515,03157,26,26,0
05515,03158,10,10,0
05515,03159,76,35,41
05515,03241,336,172,164
05515,03251,93,62,31
05515,03252,46,33,13
05515,03254,69,48,21
05515,03255,10,10,0
05515,03256,23,23,0
05515,03257,42,42,0
05515,03351,27,27,0
05515,03352,41,31,10
05515,03353,42,42,0
05515,03354,0,0,0
05515,03355,43,27,16
05515,03356,15,15,0
05515,03357,53,42,11
05515,03358,12,12,0
05515,03359,32,19,13
05515,03360,0,0,0
05515,03361,36,18,18
05515,03401,0,0,0
05515,03402,21,21,0
05515,03403,152,108,44
05515,03404,1631,873,758
05515,03405,16,16,0
05515,03451,37,37,0
05515,03452,101,63,38
05515,03453,92,69,23
05515,03454,865,620,245
05515,03455,19,19,0
05515,03456,408,315,93
05515,03457,36,36,0
05515,03458,49,49,0
05515,03459,1520,1125,395
05515,03460,143,88,55
05515,03461,18,18,0
05515,03462,0,0,0
05515,04011,245,135,110
05515,04012,0,0,0
05515,05111,1239,266,973
05515,05112,396,223,173
05515,05113,949,441,508
05515,05114,172,67,105
05515,05116,95,59,36
05515,05117,111,71,40
05515,05119,171,110,61
05515,05120,37,19,18
05515,05122,88,57,31
05515,05124,217,92,125
05515,05154,302,241,61
05515,05158,278,119,159
05515,05162,211,136,75
05515,05166,136,106,30
05515,05170,545,447,98
05515,05314,295,115,180
05515,05315,1242,568,674
05515,05316,66,33,33
05515,05334,191,87,104
05515,05358,104,48,56
05515,05362,229,131,98
05515,05366,33,33,0
05515,05370,62,51,11
05515,05374,90,52,38
05515,05378,136,81,55
05515,05382,189,137,52
05515,05512,148,103,45
05515,05513,494,242,252
05515,05515,0,0,0
05515,05554,3769,2850,919
05515,05558,22634,18685,3949
05515,05562,3333,2553,780
05515,05566,27812,22047,5765
05515,05570,18781,14414,4367
05515,05711,721,345,376
05515,05754,1389,784,605
05515,05758,314,231,83
05515,05762,83,65,18
05515,05766,320,254,66
05515,05770,489,405,84
05515,05774,479,370,109
05515,05911,764,514,250
05515,05913,2209,1048,1161
05515,05914,200,104,96
05515,05915,3294,2274,1020
05515,05916,255,162,93
05515,05954,377,276,101
05515,05958,435,316,119
05515,05962,506,400,106
05515,05966,74,56,18
05515,05970,175,123,52
05515,05974,857,654,203
05515,05978,3281,2404,877
05515,06411,50,16,34
05515,06412,524,141,383
05515,06413,12,12,0
05515,06414,72,27,45
05515,06431,15,15,0
05515,06432,34,21,13
05515,06433,28,15,13
05515,06434,75,23,52
05515,06435,48,28,20
05515,06436,69,21,48
05515,06437,0,0,0
05515,06438,73,32,41
05515,06439,19,19,0
05515,06440,55,29,26
05515,06531,47,21,26
05515,06532,17,17,0
05515,06533,26,12,14
05515,06534,69,29,40
05515,06535,10,10,0
05515,06611,53,27,26
05515,06631,31,20,11
05515,06632,12,12,0
05515,06633,31,31,0
05515,06634,18,18,0
05515,06635,21,21,0
05515,06636,10,10,0
05515,07111,34,22,12
05515,07131,33,33,0
05515,07132,18,18,0
05515,07133,0,0,0
05515,07134,14,0,14
05515,07135,0,0,0
05515,07137,45,35,10
05515,07138,24,13,11
05515,07140,0,0,0
05515,07141,0,0,0
05515,07143,25,14,11
05515,07211,15,15,0
05515,07231,15,15,0
05515,07232,29,29,0
05515,07233,0,0,0
05515,07235,10,10,0
05515,07311,0,0,0
05515,07312,0,0,0
05515,07313,0,0,0
05515,07314,34,10,24
05515,07315,55,24,31
05515,07316,0,0,0
05515,07317,0,0,0
05515,07318,0,0,0
05515,07319,0,0,0
05515,07320,0,0,0
05515,07331,0,0,0
05515,07332,0,0,0
05515,07333,0,0,0
05515,07334,0,0,0
05515,07335,0,0,0
05515,07336,0,0,0
05515,07337,10,10,0
05515,07338,0,0,0
05515,07339,25,14,11
05515,07340,0,0,0
05515,08111,162,87,75
05515,08115,40,17,23
05515,08116,78,41,37
05515,08117,17,17,0
05515,08118,55,24,31
05515,08119,32,22,10
05515,08121,0,0,0
05515,08125,26,15,11
05515,08126,19,0,19
05515,08127,0,0,0
05515,08128,13,0,13
05515,08135,0,0,0
05515,08136,23,11,12
05515,08211,0,0,0
05515,08212,70,37,33
05515,08215,39,22,17
05515,08216,12,12,0
05515,08221,48,25,23
05515,08222,77,35,42
05515,08225,0,0,0
05515,08226,90,42,48
05515,08231,10,10,0
05515,08235,0,0,0
05515,08236,0,0,0
05515,08237,0,0,0
05515,08311,49,20,29
05515,08315,16,16,0
05515,08316,0,0,0
05515,08317,54,54,0
05515,08325,0,0,0
05515,08326,15,0,15
05515,08327,12,12,0
05515,08335,26,12,14
05515,08336,16,0,16
05515,08337,0,0,0
05515,08415,25,15,10
05515,08416,25,11,14
05515,08417,0,0,0
05515,08421,40,13,27
05515,08425,11,11,0
05515,08426,13,13,0
05515,08435,0,0,0
05515,08436,0,0,0
05515,08437,0,0,0
05515,09161,11,0,11
05515,09162,460,170,290
05515,09163,0,0,0
05515,09171,0,0,0
05515,09172,0,0,0
05515,09173,0,0,0
05515,09174,0,0,0
05515,09175,0,0,0
05515,09176,0,0,0
05515,09177,0,0,0
05515,09178,40,18,22
05515,09179,14,14,0
05515,09180,0,0,0
05515,09181,16,16,0
05515,09182,14,0,14
05515,09183,0,0,0
05515,09184,122,21,101
05515,09185,0,0,0
05515,09186,0,0,0
05515,09187,10,10,0
05515,09188,21,10,11
05515,09189,0,0,0
05515,09190,11,11,0
05515,09261,0,0,0
05515,09262,0,0,0
05515,09263,0,0,0
05515,09271,0,0,0
05515,09272,0,0,0
05515,09273,0,0,0
05515,09274,0,0,0
05515,09275,0,0,0
05515,09276,0,0,0
05515,09277,0,0,0
05515,09278,0,0,0
05515,09279,0,0,0
05515,09361,0,0,0
05515,09362,51,11,40
05515,09363,0,0,0
05515,09371,0,0,0
05515,09372,0,0,0
05515,09373,0,0,0
05515,09374,0,0,0
05515,09375,0,0,0
05515,09376,0,0,0
05515,09377,0,0,0
05515,09461,0,0,0
05515,09462,0,0,0
05515,09463,0,0,0
05515,09464,0,0,0
05515,09471,10,10,0
05515,09472,0,0,0
05515,09473,0,0,0
05515,09474,0,0,0
05515,09475,11,0,11
05515,09476,0,0,0
05515,09477,0,0,0
05515,09478,0,0,0
05515,09479,0,0,0
05515,09561,0,0,0
05515,09562,16,0,16
05515,09563,0,0,0
05515,09564,83,26,57
05515,09565,0,0,0
05515,09571,0,0,0
05515,09572,0,0,0
05515,09573,0,0,0
05515,09574,10,10,0
05515,09575,0,0,0
05515,09576,0,0,0
05515,09577,0,0,0
05515,09661,0,0,0
05515,09662,0,0,0
05515,09663,37,16,21
05515,09671,0,0,0
05515,09672,40,0,40
05515,09673,0,0,0
05515,09674,0,0,0
05515,09675,0,0,0
05515,09676,0,0,0
05515,09677,0,0,0
05515,09678,0,0,0
05515,09679,44,20,24
05515,09761,11,0,11
05515,09762,0,0,0
05515,09763,0,0,0
05515,09764,0,0,0
05515,09771,10,10,0
05515,09772,18,18,0
05515,09773,0,0,0
05515,09774,0,0,0
05515,09775,29,10,19
05515,09776,0,0,0
05515,09777,0,0,0
05515,09778,0,0,0
05515,09779,0,0,0
05515,09780,0,0,0
05515,10041,50,29,21
05515,10042,0,0,0
05515,10043,0,0,0
05515,10044,15,15,0
05515,10045,0,0,0
05515,10046,0,0,0
05515,11000,1037,392,645
05515,12051,0,0,0
05515,12052,0,0,0
05515,12053,0,0,0
05515,12054,36,22,14
05515,12060,11,11,0
05515,12061,0,0,0
05515,12062,0,0,0
05515,12063,0,0,0
05515,12064,0,0,0
05515,12065,10,10,0
05515,12066,0,0,0
05515,12067,0,0,0
05515,12068,0,0,0
05515,12069,15,15,0
05515,12070,0,0,0
05515,12071,0,0,0
05515,12072,0,0,0
05515,12073,0,0,0
05515,13003,0,0,0
05515,13004,0,0,0
05515,13071,10,10,0
05515,13072,17,17,0
05515,13073,21,21,0
05515,13074,12,12,0
05515,13075,11,11,0
05515,13076,14,14,0
05515,14511,0,0,0
05515,14521,0,0,0
05515,14522,13,13,0
05515,14523,0,0,0
05515,14524,11,11,0
05515,14612,63,39,24
05515,14625,0,0,0
05515,14626,13,13,0
05515,14627,0,0,0
05515,14628,10,10,0
05515,14713,110,77,33
05515,14729,15,15,0
05515,14730,0,0,0
05515,15001,0,0,0
05515,15002,34,20,14
05515,15003,41,28,13
05515,15081,0,0,0
05515,15082,0,0,0
05515,15083,0,0,0
05515,15084,13,13,0
05515,15085,14,14,0
05515,15086,0,0,0
05515,15087,0,0,0
05515,15088,0,0,0
05515,15089,11,11,0
05515,15090,0,0,0
05515,15091,0,0,0
05515,16051,33,18,15
05515,16052,0,0,0
05515,16053,10,0,10
05515,16054,0,0,0
05515,16055,0,0,0
05515,16056,0,0,0
05515,16061,0,0,0
05515,16062,11,11,0
05515,16063,0,0,0
05515,16064,0,0,0
05515,16065,0,0,0
05515,16066,0,0,0
05515,16067,0,0,0
05515,16068,0,0,0
05515,16069,0,0,0
05515,16070,0,0,0
05515,16071,0,0,0
05515,16072,0,0,0
05515,16073,0,0,0
05515,16074,0,0,0
05515,16075,0,0,0
05515,16076,0,0,0
05515,16077,0,0,0
05554,01001,0,0,0
05554,01002,0,0,0
05554,01003,23,11,12
05554,01004,0,0,0
05554,01051,0,0,0
05554,01053,17,0,17
05554,01054,0,0,0
05554,01055,0,0,0
05554,01056,11,0,11
05554,01057,0,0,0
05554,01058,11,11,0
05554,01059,12,12,0
05554,01060,44,21,23
05554,01061,0,0,0
05554,01062,27,14,13
05554,02000,254,81,173
05554,03101,0,0,0
05554,03102,0,0,0
05554,03103,0,0,0
05554,03151,0,0,0
05554,03153,0,0,0
05554,03154,0,0,0
05554,03155,0,0,0
05554,03157,11,11,0
05554,03158,11,11,0
05554,03159,13,13,0
05554,03241,157,59,98
05554,03251,19,19,0
05554,03252,11,11,0
05554,03254,20,20,0
05554,03255,0,0,0
05554,03256,11,11,0
05554,03257,0,0,0
05554,03351,15,15,0
05554,03352,14,14,0
05554,03353,28,18,10
05554,03354,0,0,0
05554,03355,12,12,0
05554,03356,0,0,0
05554,03357,27,11,16
05554,03358,0,0,0
05554,03359,11,11,0
05554,03360,0,0,0
05554,03361,0,0,0
05554,03401,0,0,0
05554,03402,12,12,0
05554,03403,28,13,15
05554,03404,212,92,120
05554,03405,0,0,0
05554,03451,23,13,10
05554,03452,62,23,39
05554,03453,102,20,82
05554,03454,726,337,389
05554,03455,0,0,0
05554,03456,2066,1144,922
05554,03457,42,42,0
05554,03458,13,13,0
05554,03459,202,124,78
05554,03460,65,24,41
05554,03461,0,0,0
05554,03462,0,0,0
05554,04011,107,39,68
05554,04012,0,0,0
05554,05111,1121,204,917
05554,05112,999,341,658
05554,05113,1677,381,1296
05554,05114,233,80,153
05554,05116,99,51,48
05554,05117,307,100,207
05554,05119,697,281,416
05554,05120,34,13,21
05554,05122,50,21,29
05554,05124,164,60,104
05554,05154,3664,2265,1399
05554,05158,436,150,286
05554,05162,240,89,151
05554,05166,178,92,86
05554,05170,9295,4602,4693
05554,05314,83,24,59
05554,05315,517,122,395
05554,05316,49,17,32
05554,05334,136,78,58
05554,05358,42,15,27
05554,05362,138,46,92
05554,05366,14,14,0
05554,05370,75,52,23
05554,05374,60,24,36
05554,05378,69,42,27
05554,05382,92,49,43
05554,05512,651,262,389
05554,05513,932,320,612
05554,05515,3769,919,2850
05554,05554,0,0,0
05554,05558,10478,5061,5417
05554,05562,6585,3252,3333
05554,05566,7623,3960,3663
05554,05570,357,222,135
05554,05711,142,32,110
05554,05754,199,85,114
05554,05758,70,33,37
05554,05762,32,22,10
05554,05766,134,31,103
05554,05770,307,33,274
05554,05774,99,54,45
05554,05911,530,248,282
05554,05913,733,258,475
05554,05914,65,27,38
05554,05915,180,81,99
05554,05916,263,120,143
05554,05954,211,118,93
05554,05958,100,28,72
05554,05962,99,54,45
05554,05966,25,13,12
05554,05970,40,15,25
05554,05974,104,68,36
05554,05978,315,172,143
05554,06411,14,0,14
05554,06412,159,26,133
05554,06413,0,0,0
05554,06414,28,0,28
05554,06431,37,0,37
05554,06432,26,15,11
05554,06433,31,21,10
05554,06434,38,0,38
05554,06435,36,13,23
05554,06436,34,0,34
05554,06437,0,0,0
05554,06438,46,15,31
05554,06439,17,0,17
05554,06440,33,23,10
05554,06531,16,16,0
05554,06532,38,18,20
05554,06533,14,14,0
05554,06534,14,0,14
05554,06535,12,0,12
05554,06611,0,0,0
05554,06631,11,0,11
05554,06632,0,0,0
05554,06633,22,22,0
05554,06634,0,0,0
05554,06635,0,0,0
05554,06636,0,0,0
05554,07111,0,0,0
05554,07131,11,11,0
05554,07132,13,0,13
05554,07133,0,0,0
05554,07134,0,0,0
05554,07135,0,0,0
05554,07137,0,0,0
05554,07138,27,13,14
05554,07140,0,0,0
05554,07141,0,0,0
05554,07143,43,14,29
05554,07211,0,0,0
05554,07231,0,0,0
05554,07232,0,0,0
05554,07233,0,0,0
05554,07235,0,0,0
05554,07311,0,0,0
05554,07312,0,0,0
05554,07313,0,0,0
05554,07314,0,0,0
05554,07315,11,11,0
05554,07316,0,0,0
05554,07317,0,0,0
05554,07318,0,0,0
05554,07319,0,0,0
05554,07320,0,0,0
05554,07331,0,0,0
05554,07332,0,0,0
05554,07333,0,0,0
05554,07334,0,0,0
05554,07335,0,0,0
05554,07336,0,0,0
05554,07337,0,0,0
05554,07338,0,0,0
05554,07339,22,11,11
05554,07340,0,0,0
05554,08111,69,24,45
05554,08115,22,12,10
05554,08116,47,17,30
05554,08117,0,0,0
05554,08118,44,17,27
05554,08119,34,17,17
05554,08121,13,13,0
05554,08125,15,0,15
05554,08126,35,0,35
05554,08127,0,0,0
05554,08128,0,0,0
05554,08135,0,0,0
05554,08136,0,0,0
05554,08211,19,19,0
05554,08212,14,0,14
05554,08215,36,16,20
05554,08216,82,82,0
05554,08221,0,0,0
05554,08222,34,0,34
05554,08225,0,0,0
05554,08226,49,12,37
05554,08231,0,0,0
05554,08235,0,0,0
05554,08236,0,0,0
05554,08237,0,0,0
05554,08311,12,0,12
05554,08315,0,0,0
05554,08316,0,0,0
05554,08317,27,13,14
05554,08325,0,0,0
05554,08326,24,10,14
05554,08327,0,0,0
05554,08335,0,0,0
05554,08336,11,11,0
05554,08337,0,0,0
05554,08415,45,34,11
05554,08416,10,10,0
05554,08417,0,0,0
05554,08421,13,0,13
05554,08425,0,0,0
05554,08426,10,0,10
05554,08435,0,0,0
05554,08436,70,70,0
05554,08437,0,0,0
05554,09161,0,0,0
05554,09162,189,42,147
05554,09163,0,0,0
05554,09171,0,0,0
05554,09172,0,0,0
05554,09173,0,0,0
05554,09174,0,0,0
05554,09175,0,0,0
05554,09176,0,0,0
05554,09177,0,0,0
05554,09178,24,0,24
05554,09179,0,0,0
05554,09180,0,0,0
05554,09181,0,0,0
05554,09182,0,0,0
05554,09183,0,0,0
05554,09184,73,14,59
05554,09185,0,0,0
05554,09186,0,0,0
05554,09187,30,10,20
05554,09188,0,0,0
05554,09189,15,0,15
05554,09190,0,0,0
05554,09261,0,0,0
05554,09262,0,0,0
05554,09263,0,0,0
05554,09271,0,0,0
05554,09272,0,0,0
05554,09273,0,0,0
05554,09274,0,0,0
05554,09275,0,0,0
05554,09276,0,0,0
05554,09277,0,0,0
05554,09278,0,0,0
05554,09279,0,0,0
05554,09361,0,0,0
05554,09362,10,0,10
05554,09363,0,0,0
05554,09371,0,0,0
05554,09372,0,0,0
05554,09373,12,0,12
05554,09374,0,0,0
05554,09375,0,0,0
05554,09376,0,0,0
05554,09377,0,0,0
05554,09461,0,0,0
05554,09462,0,0,0
05554,09463,0,0,0
05554,09464,0,0,0
05554,09471,0,0,0
05554,09472,0,0,0
05554,09473,0,0,0
05554,09474,0,0,0
05554,09475,0,0,0
05554,09476,0,0,0
05554,09477,0,0,0
05554,09478,0,0,0
05554,09479,0,0,0
05554,09561,0,0,0
05554,09562,25,0,25
05554,09563,0,0,0
05554,09564,69,18,51
05554,09565,0,0,0
05554,09571,0,0,0
05554,09572,0,0,0
05554,09573,0,0,0
05554,09574,0,0,0
05554,09575,0,0,0
05554,09576,0,0,0
05554,09577,0,0,0
05554,09661,0,0,0
05554,09662,0,0,0
05554,09663,11,0,11
05554,09671,0,0,0
05554,09672,0,0,0
05554,09673,0,0,0
05554,09674,0,0,0
05554,09675,0,0,0
05554,09676,0,0,0
05554,09677,0,0,0
05554,09678,0,0,0
05554,09679,0,0,0
05554,09761,30,11,19
05554,09762,0,0,0
05554,09763,0,0,0
05554,09764,0,0,0
05554,09771,0,0,0
05554,09772,0,0,0
05554,09773,0,0,0
05554,09774,12,12,0
05554,09775,0,0,0
05554,09776,0,0,0
05554,09777,0,0,0
05554,09778,0,0,0
05554,09779,0,0,0
05554,09780,0,0,0
05554,10041,14,0,14
05554,10042,0,0,0
05554,10043,0,0,0
05554,10044,18,0,18
05554,10045,0,0,0
05554,10046,0,0,0
05554,11000,328,133,195
05554,12051,0,0,0
05554,12052,0,0,0
05554,12053,0,0,0
05554,12054,0,0,0
05554,12060,0,0,0
05554,12061,21,0,21
05554,12062,0,0,0
05554,12063,12,12,0
05554,12064,17,17,0
05554,12065,0,0,0
05554,12066,0,0,0
05554,12067,0,0,0
05554,12068,0,0,0
05554,12069,11,11,0
05554,12070,0,0,0
05554,12071,0,0,0
05554,12072,0,0,0
05554,12073,0,0,0
05554,13003,0,0,0
05554,13004,0,0,0
05554,13071,19,19,0
05554,13072,13,13,0
05554,13073,0,0,0
05554,13074,0,0,0
05554,13075,19,19,0
05554,13076,15,15,0
05554,14511,28,13,15
05554,14521,0,0,0
05554,14522,15,15,0
05554,14523,29,29,0
05554,14524,11,0,11
05554,14612,33,16,17
05554,14625,14,14,0
05554,14626,11,11,0
05554,14627,0,0,0
05554,14628,14,14,0
05554,14713,51,34,17
05554,14729,11,11,0
05554,14730,10,10,0
05554,15001,0,0,0
05554,15002,0,0,0
05554,15003,13,13,0
05554,15081,0,0,0
05554,15082,0,0,0
05554,15083,0,0,0
05554,15084,12,12,0
05554,15085,19,19,0
05554,15086,0,0,0
05554,15087,10,10,0
05554,15088,10,10,0
05554,15089,12,12,0
05554,15090,18,18,0
05554,15091,0,0,0
05554,16051,0,0,0
05554,16052,0,0,0
05554,16053,0,0,0
05554,16054,0,0,0
05554,16055,0,0,0
05554,16056,0,0,0
05554,16061,10,0,10
05554,16062,0,0,0
05554,16063,0,0,0
05554,16064,0,0,0
05554,16065,0,0,0
05554,16066,0,0,0
05554,16067,0,0,0
05554,16068,0,0,0
05554,16069,0,0,0
05554,16070,0,0,0
05554,16071,0,0,0
05554,16072,0,0,0
05554,16073,0,0,0
05554,16074,0,0,0
05554,16075,0,0,0
05554,16076,0,0,0
05554,16077,0,0,0
05558,01001,0,0,0
05558,01002,0,0,0
05558,01003,0,0,0
05558,01004,0,0,0
05558,01051,0,0,0
05558,01053,0,0,0
05558,01054,0,0,0
05558,01055,0,0,0
05558,01056,23,12,11
05558,01057,13,13,0
05558,01058,0,0,0
05558,01059,0,0,0
05558,01060,16,0,16
05558,01061,0,0,0
05558,01062,14,0,14
05558,02000,225,43,182
05558,03101,0,0,0
05558,03102,0,0,0
05558,03103,12,0,12
05558,03151,0,0,0
05558,03153,0,0,0
05558,03154,0,0,0
05558,03155,0,0,0
05558,03157,0,0,0
05558,03158,0,0,0
05558,03159,21,11,10
05558,03241,165,58,107
05558,03251,32,15,17
05558,03252,0,0,0
05558,03254,25,12,13
05558,03255,0,0,0
05558,03256,0,0,0
05558,03257,0,0,0
05558,03351,0,0,0
05558,03352,10,10,0
05558,03353,0,0,0
05558,03354,0,0,0
05558,03355,10,0,10
05558,03356,0,0,0
05558,03357,16,0,16
05558,03358,0,0,0
05558,03359,21,21,0
05558,03360,0,0,0
05558,03361,0,0,0
05558,03401,0,0,0
05558,03402,0,0,0
05558,03403,11,0,11
05558,03404,200,37,163
05558,03405,0,0,0
05558,03451,0,0,0
05558,03452,29,10,19
05558,03453,43,17,26
05558,03454,202,94,108
05558,03455,0,0,0
05558,03456,122,61,61
05558,03457,28,12,16
05558,03458,0,0,0
05558,03459,209,75,134
05558,03460,58,33,25
05558,03461,0,0,0
05558,03462,0,0,0
05558,04011,54,19,35
05558,04012,14,14,0
05558,05111,496,44,452
05558,05112,231,68,163
05558,05113,809,126,683
05558,05114,100,21,79
05558,05116,43,15,28
05558,05117,97,30,67
05558,05119,179,60,119
05558,05120,36,19,17
05558,05122,38,20,18
05558,05124,117,20,97
05558,05154,114,64,50
05558,05158,202,41,161
05558,05162,77,26,51
05558,05166,58,21,37
05558,05170,506,142,364
05558,05314,55,13,42
05558,05315,332,51,281
05558,05316,13,0,13
05558,05334,65,19,46
05558,05358,31,0,31
05558,05362,83,17,66
05558,05366,0,0,0
05558,05370,34,0,34
05558,05374,46,11,35
05558,05378,36,18,18
05558,05382,52,23,29
05558,05512,156,84,72
05558,05513,678,159,519
05558,05515,22634,3949,18685
05558,05554,10478,5417,5061
05558,05558,0,0,0
05558,05562,7803,3687,4116
05558,05566,4060,1934,2126
05558,05570,2114,1096,1018
05558,05711,194,23,171
05558,05754,268,95,173
05558,05758,109,75,34
05558,05762,57,43,14
05558,05766,61,23,38
05558,05770,73,20,53
05558,05774,111,53,58
05558,05911,597,165,432
05558,05913,2423,508,1915
05558,05914,122,32,90
05558,05915,1219,539,680
05558,05916,380,114,266
05558,05954,208,71,137
05558,05958,127,26,101
05558,05962,145,66,79
05558,05966,13,0,13
05558,05970,46,19,27
05558,05974,209,107,102
05558,05978,6247,3337,2910
05558,06411,19,0,19
05558,06412,148,17,131
05558,06413,0,0,0
05558,06414,30,0,30
05558,06431,0,0,0
05558,06432,12,0,12
05558,06433,0,0,0
05558,06434,30,0,30
05558,06435,32,0,32
05558,06436,30,0,30
05558,06437,0,0,0
05558,06438,52,0,52
05558,06439,0,0,0
05558,06440,14,0,14
05558,06531,14,14,0
05558,06532,16,0,16
05558,06533,0,0,0
05558,06534,0,0,0
05558,06535,0,0,0
05558,06611,13,0,13
05558,06631,12,0,12
05558,06632,0,0,0
05558,06633,10,10,0
05558,06634,0,0,0
05558,06635,11,11,0
05558,06636,0,0,0
05558,07111,0,0,0
05558,07131,0,0,0
05558,07132,0,0,0
05558,07133,0,0,0
05558,07134,0,0,0
05558,07135,0,0,0
05558,07137,0,0,0
05558,07138,12,0,12
05558,07140,0,0,0
05558,07141,0,0,0
05558,07143,0,0,0
05558,07211,0,0,0
05558,07231,0,0,0
05558,07232,0,0,0
05558,07233,0,0,0
05558,07235,0,0,0
05558,07311,0,0,0
05558,07312,0,0,0
05558,07313,0,0,0
05558,07314,10,0,10
05558,07315,14,0,14
05558,07316,0,0,0
05558,07317,0,0,0
05558,07318,0,0,0
05558,07319,0,0,0
05558,07320,0,0,0
05558,07331,0,0,0
05558,07332,0,0,0
05558,07333,0,0,0
05558,07334,0,0,0
05558,07335,0,0,0
05558,07336,0,0,0
05558,07337,0,0,0
05558,07338,0,0,0
05558,07339,10,10,0
05558,07340,0,0,0
05558,08111,50,0,50
05558,08115,0,0,0
05558,08116,39,10,29
05558,08117,34,34,0
05558,08118,28,12,16
05558,08119,11,0,11
05558,08121,0,0,0
05558,08125,22,11,11
05558,08126,18,0,18
05558,08127,12,0,12
05558,08128,0,0,0
05558,08135,0,0,0
05558,08136,10,10,0
05558,08211,0,0,0
05558,08212,14,0,14
05558,08215,22,0,22
05558,08216,0,0,0
05558,08221,0,0,0
05558,08222,23,0,23
05558,08225,0,0,0
05558,08226,28,0,28
05558,08231,0,0,0
05558,08235,0,0,0
05558,08236,0,0,0
05558,08237,0,0,0
05558,08311,10,0,10
05558,08315,0,0,0
05558,08316,0,0,0
05558,08317,0,0,0
05558,08325,0,0,0
05558,08326,0,0,0
05558,08327,0,0,0
05558,08335,0,0,0
05558,08336,0,0,0
05558,08337,0,0,0
05558,08415,0,0,0
05558,08416,0,0,0
05558,08417,0,0,0
05558,08421,29,12,17
05558,08425,82,82,0
05558,08426,0,0,0
05558,08435,0,0,0
05558,08436,0,0,0
05558,08437,0,0,0
05558,09161,0,0,0
05558,09162,142,22,120
05558,09163,0,0,0
05558,09171,0,0,0
05558,09172,0,0,0
05558,09173,0,0,0
05558,09174,0,0,0
05558,09175,0,0,0
05558,09176,0,0,0
05558,09177,0,0,0
05558,09178,10,0,10
05558,09179,0,0,0
05558,09180,0,0,0
05558,09181,0,0,0
05558,09182,0,0,0
05558,09183,0,0,0
05558,09184,116,0,116
05558,09185,0,0,0
05558,09186,0,0,0
05558,09187,0,0,0
05558,09188,0,0,0
05558,09189,0,0,0
05558,09190,0,0,0
05558,09261,0,0,0
05558,09262,0,0,0
05558,09263,0,0,0
05558,09271,0,0,0
05558,09272,0,0,0
05558,09273,0,0,0
05558,09274,0,0,0
05558,09275,0,0,0
05558,09276,0,0,0
05558,09277,0,0,0
05558,09278,0,0,0
05558,09279,0,0,0
05558,09361,0,0,0
05558,09362,0,0,0
05558,09363,0,0,0
05558,09371,0,0,0
05558,09372,0,0,0
05558,09373,0,0,0
05558,09374,0,0,0
05558,09375,0,0,0
05558,09376,0,0,0
05558,09377,0,0,0
05558,09461,0,0,0
05558,09462,0,0,0
05558,09463,0,0,0
05558,09464,0,0,0
05558,09471,0,0,0
05558,09472,0,0,0
05558,09473,0,0,0
05558,09474,0,0,0
05558,09475,0,0,0
05558,09476,0,0,0
05558,09477,0,0,0
05558,09478,0,0,0
05558,09479,0,0,0
05558,09561,0,0,0
05558,09562,12,0,12
05558,09563,0,0,0
05558,09564,25,0,25
05558,09565,0,0,0
05558,09571,0,0,0
05558,09572,0,0,0
05558,09573,0,0,0
05558,09574,0,0,0
05558,09575,0,0,0
05558,09576,0,0,0
05558,09577,0,0,0
05558,09661,0,0,0
05558,09662,0,0,0
05558,09663,0,0,0
05558,09671,19,0,19
05558,09672,0,0,0
05558,09673,0,0,0
05558,09674,0,0,0
05558,09675,0,0,0
05558,09676,0,0,0
05558,09677,0,0,0
05558,09678,0,0,0
05558,09679,0,0,0
05558,09761,0,0,0
05558,09762,0,0,0
05558,09763,0,0,0
05558,09764,0,0,0
05558,09771,0,0,0
05558,09772,0,0,0
05558,09773,0,0,0
05558,09774,0,0,0
05558,09775,21,21,0
05558,09776,0,0,0
05558,09777,0,0,0
05558,09778,0,0,0
05558,09779,0,0,0
05558,09780,0,0,0
05558,10041,11,0,11
05558,10042,0,0,0
05558,10043,0,0,0
05558,10044,18,0,18
05558,10045,0,0,0
05558,10046,0,0,0
05558,11000,210,41,169
05558,12051,0,0,0
05558,12052,0,0,0
05558,12053,0,0,0
05558,12054,0,0,0
05558,12060,0,0,0
05558,12061,0,0,0
05558,12062,0,0,0
05558,12063,0,0,0
05558,12064,0,0,0
05558,12065,0,0,0
05558,12066,0,0,0
05558,12067,0,0,0
05558,12068,0,0,0
05558,12069,0,0,0
05558,12070,0,0,0
05558,12071,0,0,0
05558,12072,0,0,0
05558,12073,0,0,0
05558,13003,0,0,0
05558,13004,0,0,0
05558,13071,0,0,0
05558,13072,0,0,0
05558,13073,0,0,0
05558,13074,0,0,0
05558,13075,0,0,0
05558,13076,12,12,0
05558,14511,0,0,0
05558,14521,0,0,0
05558,14522,0,0,0
05558,14523,0,0,0
05558,14524,0,0,0
05558,14612,16,0,16
05558,14625,0,0,0
05558,14626,0,0,0
05558,14627,0,0,0
05558,14628,0,0,0
05558,14713,0,0,0
05558,14729,0,0,0
05558,14730,0,0,0
05558,15001,0,0,0
05558,15002,0,0,0
05558,15003,0,0,0
05558,15081,0,0,0
05558,15082,0,0,0
05558,15083,0,0,0
05558,15084,0,0,0
05558,15085,0,0,0
05558,15086,0,0,0
05558,15087,0,0,0
05558,15088,0,0,0
05558,15089,15,15,0
05558,15090,26,26,0
05558,15091,0,0,0
05558,16051,0,0,0
05558,16052,0,0,0
05558,16053,0,0,0
05558,16054,0,0,0
05558,16055,0,0,0
05558,16056,0,0,0
05558,16061,10,10,0
05558,16062,0,0,0
05558,16063,0,0,0
05558,16064,0,0,0
05558,16065,0,0,0
05558,16066,0,0,0
05558,16067,0,0,0
05558,16068,0,0,0
05558,16069,0,0,0
05558,16070,0,0,0
05558,16071,0,0,0
05558,16072,0,0,0
05558,16073,0,0,0
05558,16074,0,0,0
05558,16075,0,0,0
05558,16076,0,0,0
05558,16077,0,0,0
05562,01001,0,0,0
05562,01002,39,0,39
05562,01003,33,0,33
05562,01004,30,14,16
05562,01051,19,19,0
05562,01053,26,16,10
05562,01054,17,0,17
05562,01055,11,11,0
05562,01056,51,23,28
05562,01057,0,0,0
05562,01058,11,0,11
05562,01059,14,0,14
05562,01060,38,0,38
05562,01061,12,0,12
05562,01062,34,12,22
05562,02000,549,97,452
05562,03101,28,0,28
05562,03102,10,10,0
05562,03103,14,0,14
05562,03151,0,0,0
05562,03153,21,10,11
05562,03154,0,0,0
05562,03155,12,0,12
05562,03157,17,17,0
05562,03158,0,0,0
05562,03159,55,27,28
05562,03241,362,99,263
05562,03251,272,249,23
05562,03252,0,0,0
05562,03254,28,17,11
05562,03255,0,0,0
05562,03256,27,12,15
05562,03257,38,12,26
05562,03351,49,18,31
05562,03352,19,0,19
05562,03353,46,20,26
05562,03354,0,0,0
05562,03355,23,11,12
05562,03356,0,0,0
05562,03357,14,14,0
05562,03358,74,52,22
05562,03359,15,15,0
05562,03360,0,0,0
05562,03361,0,0,0
05562,03401,21,21,0
05562,03402,12,0,12
05562,03403,62,18,44
05562,03404,163,41,122
05562,03405,0,0,0
05562,03451,23,13,10
05562,03452,59,20,39
05562,03453,128,19,109
05562,03454,259,85,174
05562,03455,10,10,0
05562,03456,230,47,183
05562,03457,41,23,18
05562,03458,49,39,10
05562,03459,409,69,340
05562,03460,248,221,27
05562,03461,0,0,0
05562,03462,0,0,0
05562,04011,247,62,185
05562,04012,11,0,11
05562,05111,3635,418,3217
05562,05112,4172,987,3185
05562,05113,16015,3482,12533
05562,05114,572,183,389
05562,05116,215,75,140
05562,05117,1750,497,1253
05562,05119,3603,1377,2226
05562,05120,214,45,169
05562,05122,145,64,81
05562,05124,901,216,685
05562,05154,455,226,229
05562,05158,1738,338,1400
05562,05162,523,182,341
05562,05166,275,98,177
05562,05170,4856,2298,2558
05562,05314,204,70,134
05562,05315,1599,412,1187
05562,05316,174,61,113
05562,05334,221,90,131
05562,05358,105,51,54
05562,05362,693,283,410
05562,05366,69,34,35
05562,05370,95,47,48
05562,05374,162,43,119
05562,05378,180,69,111
05562,05382,309,132,177
05562,05512,9168,3863,5305
05562,05513,23501,8960,14541
05562,05515,3333,780,2553
05562,05554,6585,3333,3252
05562,05558,7803,4116,3687
05562,05562,0,0,0
05562,05566,649,308,341
05562,05570,490,194,296
05562,05711,233,47,186
05562,05754,300,64,236
05562,05758,73,25,48
05562,05762,68,39,29
05562,05766,74,34,40
05562,05770,174,49,125
05562,05774,125,50,75
05562,05911,12802,3571,9231
05562,05913,18735,5074,13661
05562,05914,974,244,730
05562,05915,877,272,605
05562,05916,13229,4701,8528
05562,05954,3366,1074,2292
05562,05958,286,106,180
05562,05962,644,189,455
05562,05966,87,28,59
05562,05970,135,41,94
05562,05974,611,222,389
05562,05978,6579,2892,3687
05562,06411,62,17,45
05562,06412,419,80,339
05562,06413,35,15,20
05562,06414,112,19,93
05562,06431,63,30,33
05562,06432,50,17,33
05562,06433,88,34,54
05562,06434,90,15,75
05562,06435,117,50,67
05562,06436,212,39,173
05562,06437,0,0,0
05562,06438,167,32,135
05562,06439,20,0,20
05562,06440,127,90,37
05562,06531,44,21,23
05562,06532,44,17,27
05562,06533,25,12,13
05562,06534,70,15,55
05562,06535,0,0,0
05562,06611,21,0,21
05562,06631,31,0,31
05562,06632,13,0,13
05562,06633,23,13,10
05562,06634,21,0,21
05562,06635,24,12,12
05562,06636,0,0,0
05562,07111,34,0,34
05562,07131,38,16,22
05562,07132,36,16,20
05562,07133,0,0,0
05562,07134,0,0,0
05562,07135,0,0,0
05562,07137,30,0,30
05562,07138,61,29,32
05562,07140,16,0,16
05562,07141,14,0,14
05562,07143,68,18,50
05562,07211,10,0,10
05562,07231,16,0,16
05562,07232,0,0,0
05562,07233,0,0,0
05562,07235,0,0,0
05562,07311,26,16,10
05562,07312,0,0,0
05562,07313,0,0,0
05562,07314,105,80,25
05562,07315,28,0,28
05562,07316,0,0,0
05562,07317,0,0,0
05562,07318,11,11,0
05562,07319,64,11,53
05562,07320,14,0,14
05562,07331,15,0,15
05562,07332,15,15,0
05562,07333,0,0,0
05562,07334,53,23,30
05562,07335,0,0,0
05562,07336,0,0,0
05562,07337,25,25,0
05562,07338,53,39,14
05562,07339,67,28,39
05562,07340,0,0,0
05562,08111,130,41,89
05562,08115,41,16,25
05562,08116,116,33,83
05562,08117,31,10,21
05562,08118,94,29,65
05562,08119,75,25,50
05562,08121,10,0,10
05562,08125,55,15,40
05562,08126,33,0,33
05562,08127,18,0,18
05562,08128,11,0,11
05562,08135,13,0,13
05562,08136,47,13,34
05562,08211,58,0,58
05562,08212,75,19,56
05562,08215,70,30,40
05562,08216,18,0,18
05562,08221,20,0,20
05562,08222,146,46,100
05562,08225,12,12,0
05562,08226,126,47,79
05562,08231,16,0,16
05562,08235,0,0,0
05562,08236,22,22,0
05562,08237,13,13,0
05562,08311,16,0,16
05562,08315,12,0,12
05562,08316,0,0,0
05562,08317,92,58,34
05562,08325,0,0,0
05562,08326,20,0,20
05562,08327,0,0,0
05562,08335,31,12,19
05562,08336,30,12,18
05562,08337,13,0,13
05562,08415,13,0,13
05562,08416,11,0,11
05562,08417,10,0,10
05562,08421,18,0,18
05562,08425,0,0,0
05562,08426,10,0,10
05562,08435,20,0,20
05562,08436,18,0,18
05562,08437,0,0,0
05562,09161,33,13,20
05562,09162,589,100,489
05562,09163,10,0,10
05562,09171,53,53,0
05562,09172,0,0,0
05562,09173,11,0,11
05562,09174,0,0,0
05562,09175,0,0,0
05562,09176,10,10,0
05562,09177,13,13,0
05562,09178,54,23,31
05562,09179,0,0,0
05562,09180,0,0,0
05562,09181,0,0,0
05562,09182,11,0,11
05562,09183,0,0,0
05562,09184,158,13,145
05562,09185,17,17,0
05562,09186,23,0,23
05562,09187,16,0,16
05562,09188,26,10,16
05562,09189,50,26,24
05562,09190,0,0,0
05562,09261,61,61,0
05562,09262,0,0,0
05562,09263,0,0,0
05562,09271,15,0,15
05562,09272,0,0,0
05562,09273,10,10,0
05562,09274,42,42,0
05562,09275,0,0,0
05562,09276,0,0,0
05562,09277,0,0,0
05562,09278,0,0,0
05562,09279,0,0,0
05562,09361,0,0,0
05562,09362,18,0,18
05562,09363,11,0,11
05562,09371,0,0,0
05562,09372,0,0,0
05562,09373,30,12,18
05562,09374,0,0,0
05562,09375,0,0,0
05562,09376,11,11,0
05562,09377,0,0,0
05562,09461,0,0,0
05562,09462,0,0,0
05562,09463,0,0,0
05562,09464,0,0,0
05562,09471,0,0,0
05562,09472,0,0,0
05562,09473,0,0,0
05562,09474,10,0,10
05562,09475,0,0,0
05562,09476,0,0,0
05562,09477,0,0,0
05562,09478,0,0,0
05562,09479,0,0,0
05562,09561,0,0,0
05562,09562,14,0,14
05562,09563,0,0,0
05562,09564,103,25,78
05562,09565,0,0,0
05562,09571,0,0,0
05562,09572,0,0,0
05562,09573,0,0,0
05562,09574,11,0,11
05562,09575,0,0,0
05562,09576,24,24,0
05562,09577,0,0,0
05562,09661,0,0,0
05562,09662,0,0,0
05562,09663,12,0,12
05562,09671,33,18,15
05562,09672,0,0,0
05562,09673,0,0,0
05562,09674,0,0,0
05562,09675,0,0,0
05562,09676,16,0,16
05562,09677,0,0,0
05562,09678,0,0,0
05562,09679,40,17,23
05562,09761,34,15,19
05562,09762,0,0,0
05562,09763,0,0,0
05562,09764,0,0,0
05562,09771,0,0,0
05562,09772,18,18,0
05562,09773,0,0,0
05562,09774,0,0,0
05562,09775,11,0,11
05562,09776,0,0,0
05562,09777,0,0,0
05562,09778,13,0,13
05562,09779,0,0,0
05562,09780,0,0,0
05562,10041,64,22,42
05562,10042,0,0,0
05562,10043,0,0,0
05562,10044,28,13,15
05562,10045,0,0,0
05562,10046,0,0,0
05562,11000,705,189,516
05562,12051,0,0,0
05562,12052,13,13,0
05562,12053,0,0,0
05562,12054,33,14,19
05562,12060,36,14,22
05562,12061,409,409,0
05562,12062,0,0,0
05562,12063,0,0,0
05562,12064,12,12,0
05562,12065,11,11,0
05562,12066,62,36,26
05562,12067,45,45,0
05562,12068,0,0,0
05562,12069,34,19,15
05562,12070,0,0,0
05562,12071,13,13,0
05562,12072,109,99,10
05562,12073,31,31,0
05562,13003,10,10,0
05562,13004,0,0,0
05562,13071,35,23,12
05562,13072,20,0,20
05562,13073,10,10,0
05562,13074,0,0,0
05562,13075,13,13,0
05562,13076,12,0,12
05562,14511,20,0,20
05562,14521,25,25,0
05562,14522,14,14,0
05562,14523,0,0,0
05562,14524,11,11,0
05562,14612,310,20,290
05562,14625,16,16,0
05562,14626,25,25,0
05562,14627,0,0,0
05562,14628,0,0,0
05562,14713,71,27,44
05562,14729,10,10,0
05562,14730,0,0,0
05562,15001,0,0,0
05562,15002,33,17,16
05562,15003,32,18,14
05562,15081,0,0,0
05562,15082,13,0,13
05562,15083,11,11,0
05562,15084,14,14,0
05562,15085,0,0,0
05562,15086,0,0,0
05562,15087,31,31,0
05562,15088,49,31,18
05562,15089,12,12,0
05562,15090,14,0,14
05562,15091,13,13,0
05562,16051,12,12,0
05562,16052,32,12,20
05562,16053,0,0,0
05562,16054,0,0,0
05562,16055,0,0,0
05562,16056,0,0,0
05562,16061,0,0,0
05562,16062,0,0,0
05562,16063,0,0,0
05562,16064,12,0,12
05562,16065,0,0,0
05562,16066,0,0,0
05562,16067,0,0,0
05562,16068,0,0,0
05562,16069,0,0,0
05562,16070,11,0,11
05562,16071,0,0,0
05562,16072,0,0,0
05562,16073,0,0,0
05562,16074,0,0,0
05562,16075,0,0,0
05562,16076,0,0,0
05562,16077,0,0,0
05566,01001,0,0,0
05566,01002,20,10,10
05566,01003,87,14,73
05566,01004,14,0,14
05566,01051,14,14,0
05566,01053,12,0,12
05566,01054,31,11,20
05566,01055,19,19,0
05566,01056,45,29,16
05566,01057,0,0,0
05566,01058,28,16,12
05566,01059,42,27,15
05566,01060,55,28,27
05566,01061,15,15,0
05566,01062,51,22,29
05566,02000,506,162,344
05566,03101,58,15,43
05566,03102,0,0,0
05566,03103,59,0,59
05566,03151,0,0,0
05566,03153,10,10,0
05566,03154,0,0,0
05566,03155,10,10,0
05566,03157,11,11,0
05566,03158,0,0,0
05566,03159,37,22,15
05566,03241,430,145,285
05566,03251,182,72,110
05566,03252,37,18,19
05566,03254,74,24,50
05566,03255,0,0,0
05566,03256,43,21,22
05566,03257,39,24,15
05566,03351,27,13,14
05566,03352,34,21,13
05566,03353,73,63,10
05566,03354,0,0,0
05566,03355,12,12,0
05566,03356,19,19,0
05566,03357,56,30,26
05566,03358,31,11,20
05566,03359,68,46,22
05566,03360,0,0,0
05566,03361,39,16,23
05566,03401,39,15,24
05566,03402,30,15,15
05566,03403,154,52,102
05566,03404,13503,3720,9783
05566,03405,24,14,10
05566,03451,40,29,11
05566,03452,98,63,35
05566,03453,175,96,79
05566,03454,9642,4760,4882
05566,03455,14,14,0
05566,03456,3865,2205,1660
05566,03457,92,63,29
05566,03458,72,49,23
05566,03459,10799,5263,5536
05566,03460,497,177,320
05566,03461,0,0,0
05566,03462,32,13,19
05566,04011,258,95,163
05566,04012,27,11,16
05566,05111,643,99,544
05566,05112,375,105,270
05566,05113,398,156,242
05566,05114,116,24,92
05566,05116,68,31,37
05566,05117,102,71,31
05566,05119,139,72,67
05566,05120,34,12,22
05566,05122,42,22,20
05566,05124,113,48,65
05566,05154,166,112,54
05566,05158,285,115,170
05566,05162,138,71,67
05566,05166,93,58,35
05566,05170,240,147,93
05566,05314,79,32,47
05566,05315,492,148,344
05566,05316,39,15,24
05566,05334,121,53,68
05566,05358,48,24,24
05566,05362,167,66,101
05566,05366,33,21,12
05566,05370,49,38,11
05566,05374,85,27,58
05566,05378,48,29,19
05566,05382,129,75,54
05566,05512,226,39,187
05566,05513,223,103,120
05566,05515,27812,5765,22047
05566,05554,7623,3663,3960
05566,05558,4060,2126,1934
05566,05562,649,341,308
05566,05566,0,0,0
05566,05570,3003,1438,1565
05566,05711,548,121,427
05566,05754,761,203,558
05566,05758,322,152,170
05566,05762,43,26,17
05566,05766,154,73,81
05566,05770,584,322,262
05566,05774,162,59,103
05566,05911,224,79,145
05566,05913,671,211,460
05566,05914,80,41,39
05566,05915,453,220,233
05566,05916,79,40,39
05566,05954,127,46,81
05566,05958,98,42,56
05566,05962,175,77,98
05566,05966,25,11,14
05566,05970,134,25,109
05566,05974,205,93,112
05566,05978,747,248,499
05566,06411,18,0,18
05566,06412,263,60,203
05566,06413,0,0,0
05566,06414,83,11,72
05566,06431,23,11,12
05566,06432,29,13,16
05566,06433,11,0,11
05566,06434,57,12,45
05566,06435,54,34,20
05566,06436,53,18,35
05566,06437,0,0,0
05566,06438,82,24,58
05566,06439,27,13,14
05566,06440,42,23,19
05566,06531,71,19,52
05566,06532,18,0,18
05566,06533,21,10,11
05566,06534,12,0,12
05566,06535,0,0,0
05566,06611,23,0,23
05566,06631,17,0,17
05566,06632,0,0,0
05566,06633,33,13,20
05566,06634,20,20,0
05566,06635,29,13,16
05566,06636,16,16,0
05566,07111,26,0,26
05566,07131,12,12,0
05566,07132,0,0,0
05566,07133,22,0,22
05566,07134,0,0,0
05566,07135,0,0,0
05566,07137,22,0,22
05566,07138,37,19,18
05566,07140,0,0,0
05566,07141,10,0,10
05566,07143,33,19,14
05566,07211,0,0,0
05566,07231,0,0,0
05566,07232,0,0,0
05566,07233,0,0,0
05566,07235,0,0,0
05566,07311,0,0,0
05566,07312,0,0,0
05566,07313,0,0,0
05566,07314,17,0,17
05566,07315,34,11,23
05566,07316,0,0,0
05566,07317,0,0,0
05566,07318,0,0,0
05566,07319,13,13,0
05566,07320,0,0,0
05566,07331,10,10,0
05566,07332,11,11,0
05566,07333,0,0,0
05566,07334,10,10,0
05566,07335,0,0,0
05566,07336,0,0,0
05566,07337,0,0,0
05566,07338,10,10,0
05566,07339,14,14,0
05566,07340,0,0,0
05566,08111,68,28,40
05566,08115,52,12,40
05566,08116,79,22,57
05566,08117,33,16,17
05566,08118,75,29,46
05566,08119,32,17,15
05566,08121,16,16,0
05566,08125,88,70,18
05566,08126,50,0,50
05566,08127,0,0,0
05566,08128,0,0,0
05566,08135,0,0,0
05566,08136,25,15,10
05566,08211,0,0,0
05566,08212,47,21,26
05566,08215,68,21,47
05566,08216,11,0,11
05566,08221,13,0,13
05566,08222,81,46,35
05566,08225,0,0,0
05566,08226,53,23,30
05566,08231,0,0,0
05566,08235,14,0,14
05566,08236,0,0,0
05566,08237,0,0,0
05566,08311,14,0,14
05566,08315,15,15,0
05566,08316,0,0,0
05566,08317,24,0,24
05566,08325,0,0,0
05566,08326,27,17,10
05566,08327,32,32,0
05566,08335,25,0,25
05566,08336,28,0,28
05566,08337,10,0,10
05566,08415,14,0,14
05566,08416,12,12,0
05566,08417,0,0,0
05566,08421,28,0,28
05566,08425,0,0,0
05566,08426,27,12,15
05566,08435,14,0,14
05566,08436,17,17,0
05566,08437,0,0,0
05566,09161,19,0,19
05566,09162,270,56,214
05566,09163,0,0,0
05566,09171,0,0,0
05566,09172,21,11,10
05566,09173,0,0,0
05566,09174,0,0,0
05566,09175,0,0,0
05566,09176,0,0,0
05566,09177,0,0,0
05566,09178,31,15,16
05566,09179,10,10,0
05566,09180,0,0,0
05566,09181,14,0,14
05566,09182,0,0,0
05566,09183,0,0,0
05566,09184,92,13,79
05566,09185,0,0,0
05566,09186,11,0,11
05566,09187,14,0,14
05566,09188,11,0,11
05566,09189,28,12,16
05566,09190,0,0,0
05566,09261,0,0,0
05566,09262,0,0,0
05566,09263,0,0,0
05566,09271,0,0,0
05566,09272,0,0,0
05566,09273,0,0,0
05566,09274,0,0,0
05566,09275,0,0,0
05566,09276,0,0,0
05566,09277,0,0,0
05566,09278,0,0,0
05566,09279,0,0,0
05566,09361,0,0,0
05566,09362,0,0,0
05566,09363,0,0,0
05566,09371,0,0,0
05566,09372,0,0,0
05566,09373,15,0,15
05566,09374,0,0,0
05566,09375,10,0,10
05566,09376,0,0,0
05566,09377,0,0,0
05566,09461,21,0,21
05566,09462,0,0,0
05566,09463,0,0,0
05566,09464,0,0,0
05566,09471,0,0,0
05566,09472,0,0,0
05566,09473,0,0,0
05566,09474,0,0,0
05566,09475,0,0,0
05566,09476,0,0,0
05566,09477,0,0,0
05566,09478,0,0,0
05566,09479,0,0,0
05566,09561,12,0,12
05566,09562,18,0,18
05566,09563,0,0,0
05566,09564,78,21,57
05566,09565,0,0,0
05566,09571,0,0,0
05566,09572,14,0,14
05566,09573,10,10,0
05566,09574,0,0,0
05566,09575,0,0,0
05566,09576,0,0,0
05566,09577,0,0,0
05566,09661,0,0,0
05566,09662,0,0,0
05566,09663,20,0,20
05566,09671,15,0,15
05566,09672,13,0,13
05566,09673,0,0,0
05566,09674,0,0,0
05566,09675,0,0,0
05566,09676,0,0,0
05566,09677,0,0,0
05566,09678,0,0,0
05566,09679,0,0,0
05566,09761,41,27,14
05566,09762,0,0,0
05566,09763,0,0,0
05566,09764,0,0,0
05566,09771,15,15,0
05566,09772,24,24,0
05566,09773,0,0,0
05566,09774,0,0,0
05566,09775,14,0,14
05566,09776,0,0,0
05566,09777,21,10,11
05566,09778,29,29,0
05566,09779,0,0,0
05566,09780,0,0,0
05566,10041,57,34,23
05566,10042,0,0,0
05566,10043,0,0,0
05566,10044,15,15,0
05566,10045,0,0,0
05566,10046,0,0,0
05566,11000,487,205,282
05566,12051,0,0,0
05566,12052,0,0,0
05566,12053,0,0,0
05566,12054,60,13,47
05566,12060,17,17,0
05566,12061,23,13,10
05566,12062,0,0,0
05566,12063,31,13,18
05566,12064,12,12,0
05566,12065,14,14,0
05566,12066,0,0,0
05566,12067,0,0,0
05566,12068,22,22,0
05566,12069,75,62,13
05566,12070,11,11,0
05566,12071,10,10,0
05566,12072,16,16,0
05566,12073,11,11,0
05566,13003,10,10,0
05566,13004,0,0,0
05566,13071,47,47,0
05566,13072,19,19,0
05566,13073,34,23,11
05566,13074,0,0,0
05566,13075,23,23,0
05566,13076,15,15,0
05566,14511,36,14,22
05566,14521,15,15,0
05566,14522,16,16,0
05566,14523,0,0,0
05566,14524,0,0,0
05566,14612,39,26,13
05566,14625,16,16,0
05566,14626,23,11,12
05566,14627,0,0,0
05566,14628,10,10,0
05566,14713,53,29,24
05566,14729,22,22,0
05566,14730,16,16,0
05566,15001,10,10,0
05566,15002,12,12,0
05566,15003,61,49,12
05566,15081,0,0,0
05566,15082,26,26,0
05566,15083,37,23,14
05566,15084,58,58,0
05566,15085,17,17,0
05566,15086,39,39,0
05566,15087,28,28,0
05566,15088,43,43,0
05566,15089,36,36,0
05566,15090,23,23,0
05566,15091,12,12,0
05566,16051,22,0,22
05566,16052,0,0,0
05566,16053,0,0,0
05566,16054,0,0,0
05566,16055,0,0,0
05566,16056,0,0,0
05566,16061,12,12,0
05566,16062,10,10,0
05566,16063,0,0,0
05566,16064,0,0,0
05566,16065,0,0,0
05566,16066,0,0,0
05566,16067,0,0,0
05566,16068,0,0,0
05566,16069,0,0,0
05566,16070,0,0,0
05566,16071,0,0,0
05566,16072,0,0,0
05566,16073,0,0,0
05566,16074,0,0,0
05566,16075,0,0,0
05566,16076,0,0,0
05566,16077,0,0,0
05570,01001,0,0,0
05570,01002,17,0,17
05570,01003,16,0,16
05570,01004,18,0,18
05570,01051,0,0,0
05570,01053,0,0,0
05570,01054,0,0,0
05570,01055,0,0,0
05570,01056,0,0,0
05570,01057,0,0,0
05570,01058,13,0,13
05570,01059,12,0,12
05570,01060,23,10,13
05570,01061,0,0,0
05570,01062,21,0,21
05570,02000,321,114,207
05570,03101,31,15,16
05570,03102,0,0,0
05570,03103,0,0,0
05570,03151,11,11,0
05570,03153,0,0,0
05570,03154,0,0,0
05570,03155,13,0,13
05570,03157,0,0,0
05570,03158,0,0,0
05570,03159,42,19,23
05570,03241,219,53,166
05570,03251,33,18,15
05570,03252,38,10,28
05570,03254,23,12,11
05570,03255,0,0,0
05570,03256,11,11,0
05570,03257,40,19,21
05570,03351,13,0,13
05570,03352,0,0,0
05570,03353,10,10,0
05570,03354,0,0,0
05570,03355,0,0,0
05570,03356,0,0,0
05570,03357,60,11,49
05570,03358,13,13,0
05570,03359,11,0,11
05570,03360,0,0,0
05570,03361,11,0,11
05570,03401,0,0,0
05570,03402,0,0,0
05570,03403,17,0,17
05570,03404,590,201,389
05570,03405,0,0,0
05570,03451,0,0,0
05570,03452,10,10,0
05570,03453,52,25,27
05570,03454,194,54,140
05570,03455,0,0,0
05570,03456,48,26,22
05570,03457,28,14,14
05570,03458,21,11,10
05570,03459,2729,1107,1622
05570,03460,86,46,40
05570,03461,0,0,0
05570,03462,0,0,0
05570,04011,76,19,57
05570,04012,0,0,0
05570,05111,420,52,368
05570,05112,158,71,87
05570,05113,338,138,200
05570,05114,195,16,179
05570,05116,37,10,27
05570,05117,55,21,34
05570,05119,82,39,43
05570,05120,0,0,0
05570,05122,30,20,10
05570,05124,107,21,86
05570,05154,52,25,27
05570,05158,199,59,140
05570,05162,64,28,36
05570,05166,61,14,47
05570,05170,121,64,57
05570,05314,67,14,53
05570,05315,267,57,210
05570,05316,23,11,12
05570,05334,103,36,67
05570,05358,13,13,0
05570,05362,60,27,33
05570,05366,10,10,0
05570,05370,10,10,0
05570,05374,59,25,34
05570,05378,44,27,17
05570,05382,68,37,31
05570,05512,33,21,12
05570,05513,218,81,137
05570,05515,18781,4367,14414
05570,05554,357,135,222
05570,05558,2114,1018,1096
05570,05562,490,296,194
05570,05566,3003,1565,1438
05570,05570,0,0,0
05570,05711,1408,379,1029
05570,05754,15726,4619,11107
05570,05758,272,156,116
05570,05762,49,37,12
05570,05766,276,146,130
05570,05770,178,83,95
05570,05774,780,359,421
05570,05911,292,126,166
05570,05913,1329,420,909
05570,05914,114,34,80
05570,05915,7540,3519,4021
05570,05916,117,64,53
05570,05954,178,77,101
05570,05958,361,167,194
05570,05962,210,94,116
05570,05966,43,20,23
05570,05970,55,26,29
05570,05974,5334,2741,2593
05570,05978,1977,872,1105
05570,06411,0,0,0
05570,06412,125,16,109
05570,06413,0,0,0
05570,06414,22,0,22
05570,06431,24,0,24
05570,06432,11,0,11
05570,06433,0,0,0
05570,06434,42,0,42
05570,06435,35,11,24
05570,06436,29,0,29
05570,06437,0,0,0
05570,06438,46,13,33
05570,06439,12,0,12
05570,06440,25,10,15
05570,06531,21,10,11
05570,06532,13,13,0
05570,06533,0,0,0
05570,06534,17,0,17
05570,06535,0,0,0
05570,06611,20,0,20
05570,06631,10,10,0
05570,06632,0,0,0
05570,06633,20,10,10
05570,06634,12,0,12
05570,06635,14,14,0
05570,06636,0,0,0
05570,07111,0,0,0
05570,07131,0,0,0
05570,07132,0,0,0
05570,07133,0,0,0
05570,07134,0,0,0
05570,07135,0,0,0
05570,07137,23,0,23
05570,07138,12,0,12
05570,07140,0,0,0
05570,07141,0,0,0
05570,07143,40,14,26
05570,07211,0,0,0
05570,07231,0,0,0
05570,07232,0,0,0
05570,07233,0,0,0
05570,07235,0,0,0
05570,07311,0,0,0
05570,07312,0,0,0
05570,07313,0,0,0
05570,07314,10,0,10
05570,07315,11,0,11
05570,07316,0,0,0
05570,07317,0,0,0
05570,07318,0,0,0
05570,07319,0,0,0
05570,07320,0,0,0
05570,07331,0,0,0
05570,07332,0,0,0
05570,07333,0,0,0
05570,07334,0,0,0
05570,07335,0,0,0
05570,07336,0,0,0
05570,07337,0,0,0
05570,07338,0,0,0
05570,07339,0,0,0
05570,07340,0,0,0
05570,08111,61,17,44
05570,08115,14,0,14
05570,08116,40,16,24
05570,08117,0,0,0
05570,08118,26,0,26
05570,08119,15,0,15
05570,08121,0,0,0
05570,08125,26,0,26
05570,08126,19,0,19
05570,08127,79,0,79
05570,08128,0,0,0
05570,08135,0,0,0
05570,08136,0,0,0
05570,08211,0,0,0
05570,08212,12,0,12
05570,08215,34,0,34
05570,08216,0,0,0
05570,08221,0,0,0
05570,08222,26,0,26
05570,08225,0,0,0
05570,08226,33,12,21
05570,08231,0,0,0
05570,08235,0,0,0
05570,08236,0,0,0
05570,08237,0,0,0
05570,08311,0,0,0
05570,08315,0,0,0
05570,08316,0,0,0
05570,08317,20,0,20
05570,08325,0,0,0
05570,08326,0,0,0
05570,08327,0,0,0
05570,08335,0,0,0
05570,08336,13,0,13
05570,08337,0,0,0
05570,08415,0,0,0
05570,08416,0,0,0
05570,08417,0,0,0
05570,08421,20,0,20
05570,08425,0,0,0
05570,08426,0,0,0
05570,08435,0,0,0
05570,08436,0,0,0
05570,08437,0,0,0
05570,09161,0,0,0
05570,09162,231,26,205
05570,09163,0,0,0
05570,09171,0,0,0
05570,09172,0,0,0
05570,09173,0,0,0
05570,09174,0,0,0
05570,09175,0,0,0
05570,09176,0,0,0
05570,09177,0,0,0
05570,09178,12,0,12
05570,09179,0,0,0
05570,09180,0,0,0
05570,09181,0,0,0
05570,09182,0,0,0
05570,09183,0,0,0
05570,09184,59,10,49
05570,09185,0,0,0
05570,09186,0,0,0
05570,09187,0,0,0
05570,09188,0,0,0
05570,09189,0,0,0
05570,09190,0,0,0
05570,09261,0,0,0
05570,09262,0,0,0
05570,09263,0,0,0
05570,09271,0,0,0
05570,09272,0,0,0
05570,09273,0,0,0
05570,09274,0,0,0
05570,09275,0,0,0
05570,09276,0,0,0
05570,09277,0,0,0
05570,09278,0,0,0
05570,09279,0,0,0
05570,09361,0,0,0
05570,09362,17,0,17
05570,09363,0,0,0
05570,09371,0,0,0
05570,09372,0,0,0
05570,09373,0,0,0
05570,09374,0,0,0
05570,09375,0,0,0
05570,09376,0,0,0
05570,09377,0,0,0
05570,09461,0,0,0
05570,09462,0,0,0
05570,09463,0,0,0
05570,09464,0,0,0
05570,09471,0,0,0
05570,09472,0,0,0
05570,09473,0,0,0
05570,09474,0,0,0
05570,09475,0,0,0
05570,09476,0,0,0
05570,09477,0,0,0
05570,09478,0,0,0
05570,09479,0,0,0
05570,09561,42,0,42
05570,09562,0,0,0
05570,09563,0,0,0
05570,09564,30,0,30
05570,09565,0,0,0
05570,09571,0,0,0
05570,09572,0,0,0
05570,09573,0,0,0
05570,09574,0,0,0
05570,09575,0,0,0
05570,09576,0,0,0
05570,09577,0,0,0
05570,09661,0,0,0
05570,09662,0,0,0
05570,09663,0,0,0
05570,09671,0,0,0
05570,09672,10,0,10
05570,09673,0,0,0
05570,09674,0,0,0
05570,09675,0,0,0
05570,09676,0,0,0
05570,09677,0,0,0
05570,09678,0,0,0
05570,09679,0,0,0
05570,09761,30,19,11
05570,09762,0,0,0
05570,09763,0,0,0
05570,09764,0,0,0
05570,09771,0,0,0
05570,09772,16,16,0
05570,09773,0,0,0
05570,09774,33,33,0
05570,09775,0,0,0
05570,09776,0,0,0
05570,09777,0,0,0
05570,09778,0,0,0
05570,09779,0,0,0
05570,09780,0,0,0
05570,10041,10,10,0
05570,10042,0,0,0
05570,10043,0,0,0
05570,10044,11,11,0
05570,10045,0,0,0
05570,10046,0,0,0
05570,11000,245,80,165
05570,12051,0,0,0
05570,12052,0,0,0
05570,12053,0,0,0
05570,12054,32,0,32
05570,12060,0,0,0
05570,12061,37,37,0
05570,12062,0,0,0
05570,12063,0,0,0
05570,12064,0,0,0
05570,12065,0,0,0
05570,12066,0,0,0
05570,12067,0,0,0
05570,12068,0,0,0
05570,12069,0,0,0
05570,12070,0,0,0
05570,12071,0,0,0
05570,12072,0,0,0
05570,12073,0,0,0
05570,13003,11,0,11
05570,13004,0,0,0
05570,13071,0,0,0
05570,13072,0,0,0
05570,13073,15,15,0
05570,13074,0,0,0
05570,13075,0,0,0
05570,13076,10,10,0
05570,14511,0,0,0
05570,14521,13,13,0
05570,14522,0,0,0
05570,14523,0,0,0
05570,14524,0,0,0
05570,14612,10,0,10
05570,14625,0,0,0
05570,14626,0,0,0
05570,14627,0,0,0
05570,14628,0,0,0
05570,14713,45,14,31
05570,14729,0,0,0
05570,14730,18,18,0
05570,15001,0,0,0
05570,15002,11,11,0
05570,15003,0,0,0
05570,15081,0,0,0
05570,15082,17,17,0
05570,15083,0,0,0
05570,15084,59,12,47
05570,15085,17,17,0
05570,15086,0,0,0
05570,15087,24,24,0
05570,15088,13,13,0
05570,15089,17,17,0
05570,15090,0,0,0
05570,15091,15,15,0
05570,16051,10,0,10
05570,16052,0,0,0
05570,16053,0,0,0
05570,16054,0,0,0
05570,16055,0,0,0
05570,16056,0,0,0
05570,16061,0,0,0
05570,16062,0,0,0
05570,16063,0,0,0
05570,16064,0,0,0
05570,16065,0,0,0
05570,16066,0,0,0
05570,16067,0,0,0
05570,16068,0,0,0
05570,16069,0,0,0
05570,16070,0,0,0
05570,16071,0,0,0
05570,16072,0,0,0
05570,16073,0,0,0
05570,16074,0,0,0
05570,16075,0,0,0
05570,16076,0,0,0
05570,16077,0,0,0
05711,01001,11,0,11
05711,01002,72,25,47
05711,01003,40,22,18
05711,01004,0,0,0
05711,01051,10,0,10
05711,01053,20,20,0
05711,01054,13,13,0
05711,01055,41,29,12
05711,01056,56,40,16
05711,01057,13,13,0
05711,01058,24,24,0
05711,01059,23,13,10
05711,01060,44,24,20
05711,01061,11,11,0
05711,01062,69,35,34
05711,02000,769,433,336
05711,03101,92,58,34
05711,03102,45,35,10
05711,03103,20,0,20
05711,03151,10,10,0
05711,03153,41,41,0
05711,03154,15,15,0
05711,03155,41,41,0
05711,03157,30,30,0
05711,03158,27,27,0
05711,03159,115,87,28
05711,03241,1113,586,527
05711,03251,107,88,19
05711,03252,206,130,76
05711,03254,83,67,16
05711,03255,54,40,14
05711,03256,68,46,22
05711,03257,436,356,80
05711,03351,42,42,0
05711,03352,25,25,0
05711,03353,60,49,11
05711,03354,0,0,0
05711,03355,60,44,16
05711,03356,20,20,0
05711,03357,18,18,0
05711,03358,28,28,0
05711,03359,25,25,0
05711,03360,0,0,0
05711,03361,52,16,36
05711,03401,23,23,0
05711,03402,17,17,0
05711,03403,80,52,28
05711,03404,741,399,342
05711,03405,21,21,0
05711,03451,38,38,0
05711,03452,33,33,0
05711,03453,41,28,13
05711,03454,104,73,31
05711,03455,15,15,0
05711,03456,55,41,14
05711,03457,56,43,13
05711,03458,51,51,0
05711,03459,2252,1516,736
05711,03460,82,69,13
05711,03461,0,0,0
05711,03462,11,11,0
05711,04011,191,135,56
05711,04012,11,11,0
05711,05111,541,150,391
05711,05112,199,114,85
05711,05113,378,108,270
05711,05114,52,31,21
05711,05116,79,43,36
05711,05117,53,33,20
05711,05119,66,31,35
05711,05120,27,0,27
05711,05122,20,20,0
05711,05124,149,62,87
05711,05154,75,50,25
05711,05158,210,93,117
05711,05162,129,80,49
05711,05166,60,37,23
05711,05170,127,91,36
05711,05314,115,46,69
05711,05315,611,266,345
05711,05316,40,23,17
05711,05334,140,99,41
05711,05358,85,17,68
05711,05362,105,64,41
05711,05366,0,0,0
05711,05370,56,56,0
05711,05374,70,28,42
05711,05378,51,32,19
05711,05382,97,66,31
05711,05512,19,19,0
05711,05513,160,75,85
05711,05515,721,376,345
05711,05554,142,110,32
05711,05558,194,171,23
05711,05562,233,186,47
05711,05566,548,427,121
05711,05570,1408,1029,379
05711,05711,0,0,0
05711,05754,34497,18933,15564
05711,05758,18260,12297,5963
05711,05762,497,412,85
05711,05766,19773,14316,5457
05711,05770,4605,3090,1515
05711,05774,5524,3885,1639
05711,05911,267,152,115
05711,05913,1003,649,354
05711,05914,204,177,27
05711,05915,602,479,123
05711,05916,40,40,0
05711,05954,462,360,102
05711,05958,265,205,60
05711,05962,216,192,24
05711,05966,50,50,0
05711,05970,193,146,47
05711,05974,968,680,288
05711,05978,617,422,195
05711,06411,17,0,17
05711,06412,191,41,150
05711,06413,0,0,0
05711,06414,63,23,40
05711,06431,36,25,11
05711,06432,41,18,23
05711,06433,22,22,0
05711,06434,48,15,33
05711,06435,46,30,16
05711,06436,41,14,27
05711,06437,0,0,0
05711,06438,61,28,33
05711,06439,17,17,0
05711,06440,37,26,11
05711,06531,41,26,15
05711,06532,29,17,12
05711,06533,0,0,0
05711,06534,36,18,18
05711,06535,12,12,0
05711,06611,92,57,35
05711,06631,43,23,20
05711,06632,26,11,15
05711,06633,92,81,11
05711,06634,26,26,0
05711,06635,70,56,14
05711,06636,12,12,0
05711,07111,0,0,0
05711,07131,0,0,0
05711,07132,29,29,0
05711,07133,0,0,0
05711,07134,0,0,0
05711,07135,0,0,0
05711,07137,11,11,0
05711,07138,29,18,11
05711,07140,0,0,0
05711,07141,0,0,0
05711,07143,14,14,0
05711,07211,12,12,0
05711,07231,20,20,0
05711,07232,0,0,0
05711,07233,0,0,0
05711,07235,10,10,0
05711,07311,0,0,0
05711,07312,0,0,0
05711,07313,0,0,0
05711,07314,12,12,0
05711,07315,39,23,16
05711,07316,0,0,0
05711,07317,0,0,0
05711,07318,0,0,0
05711,07319,0,0,0
05711,07320,0,0,0
05711,07331,0,0,0
05711,07332,0,0,0
05711,07333,0,0,0
05711,07334,11,11,0
05711,07335,0,0,0
05711,07336,0,0,0
05711,07337,0,0,0
05711,07338,15,15,0
05711,07339,14,14,0
05711,07340,0,0,0
05711,08111,100,36,64
05711,08115,58,34,24
05711,08116,84,55,29
05711,08117,28,15,13
05711,08118,51,35,16
05711,08119,36,23,13
05711,08121,0,0,0
05711,08125,42,23,19
05711,08126,13,0,13
05711,08127,0,0,0
05711,08128,0,0,0
05711,08135,0,0,0
05711,08136,31,15,16
05711,08211,10,0,10
05711,08212,41,11,30
05711,08215,41,20,21
05711,08216,0,0,0
05711,08221,18,18,0
05711,08222,62,21,41
05711,08225,0,0,0
05711,08226,95,46,49
05711,08231,0,0,0
05711,08235,0,0,0
05711,08236,0,0,0
05711,08237,0,0,0
05711,08311,10,10,0
05711,08315,14,14,0
05711,08316,0,0,0
05711,08317,37,23,14
05711,08325,0,0,0
05711,08326,0,0,0
05711,08327,0,0,0
05711,08335,21,21,0
05711,08336,10,0,10
05711,08337,0,0,0
05711,08415,20,20,0
05711,08416,11,11,0
05711,08417,0,0,0
05711,08421,14,0,14
05711,08425,0,0,0
05711,08426,0,0,0
05711,08435,27,10,17
05711,08436,0,0,0
05711,08437,0,0,0
05711,09161,11,0,11
05711,09162,376,123,253
05711,09163,0,0,0
05711,09171,0,0,0
05711,09172,0,0,0
05711,09173,24,24,0
05711,09174,0,0,0
05711,09175,10,10,0
05711,09176,0,0,0
05711,09177,0,0,0
05711,09178,26,11,15
05711,09179,29,14,15
05711,09180,0,0,0
05711,09181,0,0,0
05711,09182,12,12,0
05711,09183,0,0,0
05711,09184,85,27,58
05711,09185,0,0,0
05711,09186,0,0,0
05711,09187,0,0,0
05711,09188,22,11,11
05711,09189,0,0,0
05711,09190,0,0,0
05711,09261,0,0,0
05711,09262,0,0,0
05711,09263,0,0,0
05711,09271,0,0,0
05711,09272,0,0,0
05711,09273,0,0,0
05711,09274,0,0,0
05711,09275,0,0,0
05711,09276,0,0,0
05711,09277,0,0,0
05711,09278,0,0,0
05711,09279,0,0,0
05711,09361,0,0,0
05711,09362,0,0,0
05711,09363,0,0,0
05711,09371,0,0,0
05711,09372,0,0,0
05711,09373,0,0,0
05711,09374,0,0,0
05711,09375,10,0,10
05711,09376,0,0,0
05711,09377,0,0,0
05711,09461,0,0,0
05711,09462,0,0,0
05711,09463,0,0,0
05711,09464,0,0,0
05711,09471,0,0,0
05711,09472,0,0,0
05711,09473,0,0,0
05711,09474,0,0,0
05711,09475,13,0,13
05711,09476,0,0,0
05711,09477,0,0,0
05711,09478,0,0,0
05711,09479,0,0,0
05711,09561,0,0,0
05711,09562,0,0,0
05711,09563,0,0,0
05711,09564,81,41,40
05711,09565,0,0,0
05711,09571,10,10,0
05711,09572,0,0,0
05711,09573,11,11,0
05711,09574,0,0,0
05711,09575,0,0,0
05711,09576,0,0,0
05711,09577,0,0,0
05711,09661,0,0,0
05711,09662,0,0,0
05711,09663,17,0,17
05711,09671,0,0,0
05711,09672,0,0,0
05711,09673,0,0,0
05711,09674,0,0,0
05711,09675,0,0,0
05711,09676,0,0,0
05711,09677,0,0,0
05711,09678,0,0,0
05711,09679,13,13,0
05711,09761,27,12,15
05711,09762,0,0,0
05711,09763,0,0,0
05711,09764,0,0,0
05711,09771,0,0,0
05711,09772,10,10,0
05711,09773,0,0,0
05711,09774,0,0,0
05711,09775,0,0,0
05711,09776,0,0,0
05711,09777,39,28,11
05711,09778,10,0,10
05711,09779,0,0,0
05711,09780,11,11,0
05711,10041,16,16,0
05711,10042,0,0,0
05711,10043,0,0,0
05711,10044,0,0,0
05711,10045,0,0,0
05711,10046,0,0,0
05711,11000,785,325,460
05711,12051,0,0,0
05711,12052,0,0,0
05711,12053,0,0,0
05711,12054,13,0,13
05711,12060,0,0,0
05711,12061,18,18,0
05711,12062,0,0,0
05711,12063,12,12,0
05711,12064,11,11,0
05711,12065,0,0,0
05711,12066,0,0,0
05711,12067,0,0,0
05711,12068,0,0,0
05711,12069,40,26,14
05711,12070,0,0,0
05711,12071,0,0,0
05711,12072,10,10,0
05711,12073,0,0,0
05711,13003,0,0,0
05711,13004,0,0,0
05711,13071,16,16,0
05711,13072,0,0,0
05711,13073,0,0,0
05711,13074,0,0,0
05711,13075,18,18,0
05711,13076,0,0,0
05711,14511,10,10,0
05711,14521,19,19,0
05711,14522,12,12,0
05711,14523,140,110,30
05711,14524,55,55,0
05711,14612,60,39,21
05711,14625,12,12,0
05711,14626,10,10,0
05711,14627,12,12,0
05711,14628,13,13,0
05711,14713,67,51,16
05711,14729,20,20,0
05711,14730,11,11,0
05711,15001,0,0,0
05711,15002,31,20,11
05711,15003,33,20,13
05711,15081,0,0,0
05711,15082,10,10,0
05711,15083,0,0,0
05711,15084,15,0,15
05711,15085,19,19,0
05711,15086,21,21,0
05711,15087,11,11,0
05711,15088,13,13,0
05711,15089,18,18,0
05711,15090,13,13,0
05711,15091,0,0,0
05711,16051,11,11,0
05711,16052,0,0,0
05711,16053,12,12,0
05711,16054,0,0,0
05711,16055,0,0,0
05711,16056,16,16,0
05711,16061,15,15,0
05711,16062,14,14,0
05711,16063,20,20,0
05711,16064,0,0,0
05711,16065,0,0,0
05711,16066,0,0,0
05711,16067,0,0,0
05711,16068,0,0,0
05711,16069,0,0,0
05711,16070,0,0,0
05711,16071,0,0,0
05711,16072,0,0,0
05711,16073,0,0,0
05711,16074,0,0,0
05711,16075,0,0,0
05711,16076,11,11,0
05711,16077,0,0,0
05754,01001,21,11,10
05754,01002,95,25,70
05754,01003,93,27,66
05754,01004,0,0,0
05754,01051,16,16,0
05754,01053,37,27,10
05754,01054,14,14,0
05754,01055,34,34,0
05754,01056,57,34,23
05754,01057,11,11,0
05754,01058,54,39,15
05754,01059,45,21,24
05754,01060,104,84,20
05754,01061,129,129,0
05754,01062,131,37,94
05754,02000,500,231,269
05754,03101,50,29,21
05754,03102,10,10,0
05754,03103,24,10,14
05754,03151,14,14,0
05754,03153,10,10,0
05754,03154,12,12,0
05754,03155,27,27,0
05754,03157,21,21,0
05754,03158,16,16,0
05754,03159,87,47,40
05754,03241,712,393,319
05754,03251,146,123,23
05754,03252,126,76,50
05754,03254,109,89,20
05754,03255,52,41,11
05754,03256,91,63,28
05754,03257,170,114,56
05754,03351,43,32,11
05754,03352,46,46,0
05754,03353,60,49,11
05754,03354,0,0,0
05754,03355,22,22,0
05754,03356,17,17,0
05754,03357,21,21,0
05754,03358,41,30,11
05754,03359,19,19,0
05754,03360,15,15,0
05754,03361,39,22,17
05754,03401,80,70,10
05754,03402,15,15,0
05754,03403,169,141,28
05754,03404,1217,644,573
05754,03405,0,0,0
05754,03451,50,34,16
05754,03452,50,35,15
05754,03453,162,139,23
05754,03454,681,633,48
05754,03455,32,32,0
05754,03456,60,43,17
05754,03457,34,17,17
05754,03458,216,204,12
05754,03459,8370,4082,4288
05754,03460,478,447,31
05754,03461,14,14,0
05754,03462,0,0,0
05754,04011,250,192,58
05754,04012,26,26,0
05754,05111,420,164,256
05754,05112,160,85,75
05754,05113,396,141,255
05754,05114,83,48,35
05754,05116,75,34,41
05754,05117,57,39,18
05754,05119,63,40,23
05754,05120,76,22,54
05754,05122,35,19,16
05754,05124,130,85,45
05754,05154,102,82,20
05754,05158,229,108,121
05754,05162,104,66,38
05754,05166,62,33,29
05754,05170,206,109,97
05754,05314,88,39,49
05754,05315,367,147,220
05754,05316,54,40,14
05754,05334,136,93,43
05754,05358,159,39,120
05754,05362,141,96,45
05754,05366,27,27,0
05754,05370,56,26,30
05754,05374,132,84,48
05754,05378,87,60,27
05754,05382,141,95,46
05754,05512,23,23,0
05754,05513,117,62,55
05754,05515,1389,605,784
05754,05554,199,114,85
05754,05558,268,173,95
05754,05562,300,236,64
05754,05566,761,558,203
05754,05570,15726,11107,4619
05754,05711,34497,15564,18933
05754,05754,0,0,0
05754,05758,4101,2704,1397
05754,05762,372,293,79
05754,05766,6562,4728,1834
05754,05770,1339,828,511
05754,05774,11178,7866,3312
05754,05911,225,167,58
05754,05913,791,357,434
05754,05914,98,68,30
05754,05915,836,548,288
05754,05916,72,53,19
05754,05954,149,84,65
05754,05958,297,194,103
05754,05962,133,86,47
05754,05966,35,18,17
05754,05970,112,79,33
05754,05974,5383,3656,1727
05754,05978,602,289,313
05754,06411,36,22,14
05754,06412,233,74,159
05754,06413,25,12,13
05754,06414,42,12,30
05754,06431,36,36,0
05754,06432,65,44,21
05754,06433,119,101,18
05754,06434,64,27,37
05754,06435,149,50,99
05754,06436,63,28,35
05754,06437,10,10,0
05754,06438,69,37,32
05754,06439,18,18,0
05754,06440,78,66,12
05754,06531,50,32,18
05754,06532,27,17,10
05754,06533,24,24,0
05754,06534,31,15,16
05754,06535,14,14,0
05754,06611,84,58,26
05754,06631,41,29,12
05754,06632,18,18,0
05754,06633,106,68,38
05754,06634,191,177,14
05754,06635,70,50,20
05754,06636,28,28,0
05754,07111,16,0,16
05754,07131,19,19,0
05754,07132,10,10,0
05754,07133,34,34,0
05754,07134,13,13,0
05754,07135,0,0,0
05754,07137,29,29,0
05754,07138,27,27,0
05754,07140,0,0,0
05754,07141,15,15,0
05754,07143,42,30,12
05754,07211,12,12,0
05754,07231,15,15,0
05754,07232,0,0,0
05754,07233,0,0,0
05754,07235,12,12,0
05754,07311,0,0,0
05754,07312,0,0,0
05754,07313,0,0,0
05754,07314,14,14,0
05754,07315,11,11,0
05754,07316,0,0,0
05754,07317,0,0,0
05754,07318,37,37,0
05754,07319,11,11,0
05754,07320,0,0,0
05754,07331,13,13,0
05754,07332,19,19,0
05754,07333,0,0,0
05754,07334,19,19,0
05754,07335,0,0,0
05754,07336,0,0,0
05754,07337,15,15,0
05754,07338,85,85,0
05754,07339,40,40,0
05754,07340,0,0,0
05754,08111,108,50,58
05754,08115,52,25,27
05754,08116,65,36,29
05754,08117,32,20,12
05754,08118,97,66,31
05754,08119,60,43,17
05754,08121,14,14,0
05754,08125,74,47,27
05754,08126,34,10,24
05754,08127,138,21,117
05754,08128,25,13,12
05754,08135,12,12,0
05754,08136,42,30,12
05754,08211,0,0,0
05754,08212,65,30,35
05754,08215,122,97,25
05754,08216,21,21,0
05754,08221,0,0,0
05754,08222,69,20,49
05754,08225,22,22,0
05754,08226,108,71,37
05754,08231,21,21,0
05754,08235,29,17,12
05754,08236,37,27,10
05754,08237,29,16,13
05754,08311,30,20,10
05754,08315,29,29,0
05754,08316,14,14,0
05754,08317,43,25,18
05754,08325,0,0,0
05754,08326,38,24,14
05754,08327,0,0,0
05754,08335,56,42,14
05754,08336,11,0,11
05754,08337,18,18,0
05754,08415,44,32,12
05754,08416,16,16,0
05754,08417,26,26,0
05754,08421,36,19,17
05754,08425,21,21,0
05754,08426,10,0,10
05754,08435,20,20,0
05754,08436,41,31,10
05754,08437,27,27,0
05754,09161,14,14,0
05754,09162,442,162,280
05754,09163,0,0,0
05754,09171,0,0,0
05754,09172,0,0,0
05754,09173,45,45,0
05754,09174,13,13,0
05754,09175,17,17,0
05754,09176,0,0,0
05754,09177,14,14,0
05754,09178,49,34,15
05754,09179,30,16,14
05754,09180,12,12,0
05754,09181,11,11,0
05754,09182,14,14,0
05754,09183,0,0,0
05754,09184,75,38,37
05754,09185,22,12,10
05754,09186,45,45,0
05754,09187,19,19,0
05754,09188,13,13,0
05754,09189,16,16,0
05754,09190,0,0,0
05754,09261,0,0,0
05754,09262,0,0,0
05754,09263,0,0,0
05754,09271,0,0,0
05754,09272,0,0,0
05754,09273,12,12,0
05754,09274,18,18,0
05754,09275,0,0,0
05754,09276,0,0,0
05754,09277,0,0,0
05754,09278,0,0,0
05754,09279,10,0,10
05754,09361,0,0,0
05754,09362,0,0,0
05754,09363,0,0,0
05754,09371,0,0,0
05754,09372,0,0,0
05754,09373,11,11,0
05754,09374,0,0,0
05754,09375,20,20,0
05754,09376,21,21,0
05754,09377,0,0,0
05754,09461,35,0,35
05754,09462,0,0,0
05754,09463,0,0,0
05754,09464,0,0,0
05754,09471,14,14,0
05754,09472,0,0,0
05754,09473,0,0,0
05754,09474,16,16,0
05754,09475,23,0,23
05754,09476,0,0,0
05754,09477,0,0,0
05754,09478,0,0,0
05754,09479,0,0,0
05754,09561,47,0,47
05754,09562,16,0,16
05754,09563,20,20,0
05754,09564,111,62,49
05754,09565,0,0,0
05754,09571,24,24,0
05754,09572,48,48,0
05754,09573,0,0,0
05754,09574,27,27,0
05754,09575,13,13,0
05754,09576,13,13,0
05754,09577,0,0,0
05754,09661,11,11,0
05754,09662,0,0,0
05754,09663,25,13,12
05754,09671,19,19,0
05754,09672,17,17,0
05754,09673,0,0,0
05754,09674,0,0,0
05754,09675,15,15,0
05754,09676,17,17,0
05754,09677,12,12,0
05754,09678,20,20,0
05754,09679,33,33,0
05754,09761,36,26,10
05754,09762,0,0,0
05754,09763,43,33,10
05754,09764,0,0,0
05754,09771,17,17,0
05754,09772,40,25,15
05754,09773,11,11,0
05754,09774,27,27,0
05754,09775,17,17,0
05754,09776,0,0,0
05754,09777,23,11,12
05754,09778,14,14,0
05754,09779,21,11,10
05754,09780,109,109,0
05754,10041,53,38,15
05754,10042,0,0,0
05754,10043,13,13,0
05754,10044,54,19,35
05754,10045,0,0,0
05754,10046,0,0,0
05754,11000,752,488,264
05754,12051,12,12,0
05754,12052,15,15,0
05754,12053,0,0,0
05754,12054,333,23,310
05754,12060,22,22,0
05754,12061,38,28,10
05754,12062,0,0,0
05754,12063,87,87,0
05754,12064,25,25,0
05754,12065,25,25,0
05754,12066,0,0,0
05754,12067,11,11,0
05754,12068,39,39,0
05754,12069,48,30,18
05754,12070,18,18,0
05754,12071,10,10,0
05754,12072,21,21,0
05754,12073,15,15,0
05754,13003,20,20,0
05754,13004,0,0,0
05754,13071,46,46,0
05754,13072,21,21,0
05754,13073,19,19,0
05754,13074,16,16,0
05754,13075,292,258,34
05754,13076,23,23,0
05754,14511,16,16,0
05754,14521,20,20,0
05754,14522,14,14,0
05754,14523,27,17,10
05754,14524,24,24,0
05754,14612,46,35,11
05754,14625,24,24,0
05754,14626,19,19,0
05754,14627,20,20,0
05754,14628,29,29,0
05754,14713,115,97,18
05754,14729,40,40,0
05754,14730,21,21,0
05754,15001,36,36,0
05754,15002,46,46,0
05754,15003,70,60,10
05754,15081,11,11,0
05754,15082,49,49,0
05754,15083,41,41,0
05754,15084,883,738,145
05754,15085,38,38,0
05754,15086,22,22,0
05754,15087,32,32,0
05754,15088,37,37,0
05754,15089,56,56,0
05754,15090,46,46,0
05754,15091,37,37,0
05754,16051,33,23,10
05754,16052,0,0,0
05754,16053,10,10,0
05754,16054,0,0,0
05754,16055,0,0,0
05754,16056,0,0,0
05754,16061,19,19,0
05754,16062,13,13,0
05754,16063,0,0,0
05754,16064,15,15,0
05754,16065,16,16,0
05754,16066,14,14,0
05754,16067,49,49,0
05754,16068,12,12,0
05754,16069,0,0,0
05754,16070,19,19,0
05754,16071,16,16,0
05754,16072,0,0,0
05754,16073,0,0,0
05754,16074,12,12,0
05754,16075,10,10,0
05754,16076,0,0,0
05754,16077,30,30,0
05758,01001,0,0,0
05758,01002,59,43,16
05758,01003,23,11,12
05758,01004,0,0,0
05758,01051,0,0,0
05758,01053,15,15,0
05758,01054,32,32,0
05758,01055,19,19,0
05758,01056,27,11,16
05758,01057,18,18,0
05758,01058,43,43,0
05758,01059,15,15,0
05758,01060,29,13,16
05758,01061,0,0,0
05758,01062,44,20,24
05758,02000,332,113,219
05758,03101,35,10,25
05758,03102,0,0,0
05758,03103,24,0,24
05758,03151,0,0,0
05758,03153,0,0,0
05758,03154,0,0,0
05758,03155,0,0,0
05758,03157,55,42,13
05758,03158,0,0,0
05758,03159,51,23,28
05758,03241,695,225,470
05758,03251,125,54,71
05758,03252,247,149,98
05758,03254,55,33,22
05758,03255,12,0,12
05758,03256,208,138,70
05758,03257,912,625,287
05758,03351,29,16,13
05758,03352,0,0,0
05758,03353,34,22,12
05758,03354,0,0,0
05758,03355,0,0,0
05758,03356,0,0,0
05758,03357,12,12,0
05758,03358,0,0,0
05758,03359,16,16,0
05758,03360,0,0,0
05758,03361,12,0,12
05758,03401,0,0,0
05758,03402,14,14,0
05758,03403,47,23,24
05758,03404,1020,413,607
05758,03405,27,27,0
05758,03451,32,16,16
05758,03452,75,63,12
05758,03453,42,27,15
05758,03454,79,36,43
05758,03455,22,22,0
05758,03456,32,20,12
05758,03457,15,15,0
05758,03458,22,22,0
05758,03459,5432,2526,2906
05758,03460,79,36,43
05758,03461,0,0,0
05758,03462,12,12,0
05758,04011,97,36,61
05758,04012,0,0,0
05758,05111,208,27,181
05758,05112,46,24,22
05758,05113,109,36,73
05758,05114,17,0,17
05758,05116,30,10,20
05758,05117,11,11,0
05758,05119,13,13,0
05758,05120,0,0,0
05758,05122,0,0,0
05758,05124,60,36,24
05758,05154,36,15,21
05758,05158,100,31,69
05758,05162,48,15,33
05758,05166,30,13,17
05758,05170,51,20,31
05758,05314,37,11,26
05758,05315,172,39,133
05758,05316,13,0,13
05758,05334,35,16,19
05758,05358,21,10,11
05758,05362,33,20,13
05758,05366,14,14,0
05758,05370,22,12,10
05758,05374,52,21,31
05758,05378,28,11,17
05758,05382,43,23,20
05758,05512,12,12,0
05758,05513,82,11,71
05758,05515,314,83,231
05758,05554,70,37,33
05758,05558,109,34,75
05758,05562,73,48,25
05758,05566,322,170,152
05758,05570,272,116,156
05758,05711,18260,5963,12297
05758,05754,4101,1397,2704
05758,05758,0,0,0
05758,05762,142,104,38
05758,05766,11281,7040,4241
05758,05770,24528,11838,12690
05758,05774,855,418,437
05758,05911,59,33,26
05758,05913,221,43,178
05758,05914,19,0,19
05758,05915,90,66,24
05758,05916,0,0,0
05758,05954,57,25,32
05758,05958,56,20,36
05758,05962,57,26,31
05758,05966,0,0,0
05758,05970,35,13,22
05758,05974,178,72,106
05758,05978,142,48,94
05758,06411,17,0,17
05758,06412,95,12,83
05758,06413,0,0,0
05758,06414,32,0,32
05758,06431,20,10,10
05758,06432,15,0,15
05758,06433,0,0,0
05758,06434,42,0,42
05758,06435,13,13,0
05758,06436,31,0,31
05758,06437,0,0,0
05758,06438,38,16,22
05758,06439,0,0,0
05758,06440,22,11,11
05758,06531,22,11,11
05758,06532,0,0,0
05758,06533,0,0,0
05758,06534,13,13,0
05758,06535,0,0,0
05758,06611,44,18,26
05758,06631,24,11,13
05758,06632,12,0,12
05758,06633,36,24,12
05758,06634,10,10,0
05758,06635,35,12,23
05758,06636,0,0,0
05758,07111,0,0,0
05758,07131,0,0,0
05758,07132,0,0,0
05758,07133,0,0,0
05758,07134,0,0,0
05758,07135,0,0,0
05758,07137,0,0,0
05758,07138,11,0,11
05758,07140,0,0,0
05758,07141,0,0,0
05758,07143,14,14,0
05758,07211,0,0,0
05758,07231,0,0,0
05758,07232,0,0,0
05758,07233,0,0,0
05758,07235,0,0,0
05758,07311,0,0,0
05758,07312,0,0,0
05758,07313,0,0,0
05758,07314,0,0,0
05758,07315,0,0,0
05758,07316,0,0,0
05758,07317,0,0,0
05758,07318,0,0,0
05758,07319,0,0,0
05758,07320,0,0,0
05758,07331,19,19,0
05758,07332,0,0,0
05758,07333,0,0,0
05758,07334,0,0,0
05758,07335,0,0,0
05758,07336,0,0,0
05758,07337,0,0,0
05758,07338,0,0,0
05758,07339,13,0,13
05758,07340,0,0,0
05758,08111,66,24,42
05758,08115,53,20,33
05758,08116,54,15,39
05758,08117,12,0,12
05758,08118,49,28,21
05758,08119,22,10,12
05758,08121,0,0,0
05758,08125,37,15,22
05758,08126,19,0,19
05758,08127,15,0,15
05758,08128,12,0,12
05758,08135,0,0,0
05758,08136,11,0,11
05758,08211,19,0,19
05758,08212,15,0,15
05758,08215,49,13,36
05758,08216,15,0,15
05758,08221,0,0,0
05758,08222,29,0,29
05758,08225,40,40,0
05758,08226,33,23,10
05758,08231,0,0,0
05758,08235,10,10,0
05758,08236,0,0,0
05758,08237,0,0,0
05758,08311,18,0,18
05758,08315,0,0,0
05758,08316,0,0,0
05758,08317,19,0,19
05758,08325,0,0,0
05758,08326,0,0,0
05758,08327,0,0,0
05758,08335,0,0,0
05758,08336,0,0,0
05758,08337,23,0,23
05758,08415,12,12,0
05758,08416,0,0,0
05758,08417,0,0,0
05758,08421,0,0,0
05758,08425,0,0,0
05758,08426,14,0,14
05758,08435,28,28,0
05758,08436,0,0,0
05758,08437,0,0,0
05758,09161,0,0,0
05758,09162,129,44,85
05758,09163,0,0,0
05758,09171,0,0,0
05758,09172,0,0,0
05758,09173,0,0,0
05758,09174,0,0,0
05758,09175,0,0,0
05758,09176,0,0,0
05758,09177,0,0,0
05758,09178,14,0,14
05758,09179,0,0,0
05758,09180,0,0,0
05758,09181,0,0,0
05758,09182,0,0,0
05758,09183,0,0,0
05758,09184,38,0,38
05758,09185,0,0,0
05758,09186,0,0,0
05758,09187,0,0,0
05758,09188,0,0,0
05758,09189,0,0,0
05758,09190,0,0,0
05758,09261,0,0,0
05758,09262,0,0,0
05758,09263,0,0,0
05758,09271,0,0,0
05758,09272,0,0,0
05758,09273,0,0,0
05758,09274,0,0,0
05758,09275,0,0,0
05758,09276,0,0,0
05758,09277,0,0,0
05758,09278,0,0,0
05758,09279,0,0,0
05758,09361,0,0,0
05758,09362,11,0,11
05758,09363,0,0,0
05758,09371,0,0,0
05758,09372,0,0,0
05758,09373,0,0,0
05758,09374,0,0,0
05758,09375,10,0,10
05758,09376,0,0,0
05758,09377,0,0,0
05758,09461,0,0,0
05758,09462,0,0,0
05758,09463,0,0,0
05758,09464,0,0,0
05758,09471,66,0,66
05758,09472,0,0,0
05758,09473,0,0,0
05758,09474,0,0,0
05758,09475,12,0,12
05758,09476,0,0,0
05758,09477,0,0,0
05758,09478,0,0,0
05758,09479,0,0,0
05758,09561,0,0,0
05758,09562,0,0,0
05758,09563,0,0,0
05758,09564,53,13,40
05758,09565,0,0,0
05758,09571,0,0,0
05758,09572,0,0,0
05758,09573,0,0,0
05758,09574,0,0,0
05758,09575,0,0,0
05758,09576,0,0,0
05758,09577,0,0,0
05758,09661,0,0,0
05758,09662,0,0,0
05758,09663,0,0,0
05758,09671,11,11,0
05758,09672,0,0,0
05758,09673,0,0,0
05758,09674,0,0,0
05758,09675,0,0,0
05758,09676,0,0,0
05758,09677,0,0,0
05758,09678,0,0,0
05758,09679,0,0,0
05758,09761,0,0,0
05758,09762,0,0,0
05758,09763,0,0,0
05758,09764,0,0,0
05758,09771,0,0,0
05758,09772,0,0,0
05758,09773,0,0,0
05758,09774,0,0,0
05758,09775,14,0,14
05758,09776,0,0,0
05758,09777,0,0,0
05758,09778,0,0,0
05758,09779,0,0,0
05758,09780,0,0,0
05758,10041,0,0,0
05758,10042,0,0,0
05758,10043,0,0,0
05758,10044,0,0,0
05758,10045,0,0,0
05758,10046,0,0,0
05758,11000,283,85,198
05758,12051,0,0,0
05758,12052,0,0,0
05758,12053,0,0,0
05758,12054,0,0,0
05758,12060,0,0,0
05758,12061,11,11,0
05758,12062,0,0,0
05758,12063,0,0,0
05758,12064,0,0,0
05758,12065,0,0,0
05758,12066,0,0,0
05758,12067,10,10,0
05758,12068,0,0,0
05758,12069,0,0,0
05758,12070,0,0,0
05758,12071,0,0,0
05758,12072,0,0,0
05758,12073,0,0,0
05758,13003,0,0,0
05758,13004,0,0,0
05758,13071,0,0,0
05758,13072,10,10,0
05758,13073,0,0,0
05758,13074,0,0,0
05758,13075,0,0,0
05758,13076,0,0,0
05758,14511,0,0,0
05758,14521,0,0,0
05758,14522,10,10,0
05758,14523,0,0,0
05758,14524,0,0,0
05758,14612,12,0,12
05758,14625,0,0,0
05758,14626,0,0,0
05758,14627,0,0,0
05758,14628,0,0,0
05758,14713,32,22,10
05758,14729,11,11,0
05758,14730,11,11,0
05758,15001,0,0,0
05758,15002,10,0,10
05758,15003,47,13,34
05758,15081,0,0,0
05758,15082,13,13,0
05758,15083,18,18,0
05758,15084,10,10,0
05758,15085,10,10,0
05758,15086,16,16,0
05758,15087,0,0,0
05758,15088,0,0,0
05758,15089,14,14,0
05758,15090,15,15,0
05758,15091,0,0,0
05758,16051,0,0,0
05758,16052,0,0,0
05758,16053,0,0,0
05758,16054,0,0,0
05758,16055,0,0,0
05758,16056,0,0,0
05758,16061,0,0,0
05758,16062,0,0,0
05758,16063,0,0,0
05758,16064,0,0,0
05758,16065,0,0,0
05758,16066,15,15,0
05758,16067,0,0,0
05758,16068,0,0,0
05758,16069,0,0,0
05758,16070,0,0,0
05758,16071,0,0,0
05758,16072,0,0,0
05758,16073,0,0,0
05758,16074,0,0,0
05758,16075,0,0,0
05758,16076,0,0,0
05758,16077,0,0,0
05762,01001,0,0,0
05762,01002,22,0,22
05762,01003,0,0,0
05762,01004,14,0,14
05762,01051,0,0,0
05762,01053,0,0,0
05762,01054,10,0,10
05762,01055,0,0,0
05762,01056,0,0,0
05762,01057,0,0,0
05762,01058,0,0,0
05762,01059,18,0,18
05762,01060,13,0,13
05762,01061,0,0,0
05762,01062,11,0,11
05762,02000,147,13,134
05762,03101,24,0,24
05762,03102,0,0,0
05762,03103,14,0,14
05762,03151,0,0,0
05762,03153,0,0,0
05762,03154,0,0,0
05762,03155,317,177,140
05762,03157,0,0,0
05762,03158,0,0,0
05762,03159,219,63,156
05762,03241,334,120,214
05762,03251,10,10,0
05762,03252,659,184,475
05762,03254,59,28,31
05762,03255,6338,2623,3715
05762,03256,0,0,0
05762,03257,37,17,20
05762,03351,12,12,0
05762,03352,0,0,0
05762,03353,0,0,0
05762,03354,0,0,0
05762,03355,0,0,0
05762,03356,0,0,0
05762,03357,0,0,0
05762,03358,0,0,0
05762,03359,13,0,13
05762,03360,0,0,0
05762,03361,11,0,11
05762,03401,0,0,0
05762,03402,0,0,0
05762,03403,10,0,10
05762,03404,49,0,49
05762,03405,0,0,0
05762,03451,0,0,0
05762,03452,0,0,0
05762,03453,0,0,0
05762,03454,0,0,0
05762,03455,0,0,0
05762,03456,0,0,0
05762,03457,0,0,0
05762,03458,0,0,0
05762,03459,40,12,28
05762,03460,0,0,0
05762,03461,0,0,0
05762,03462,0,0,0
05762,04011,19,0,19
05762,04012,0,0,0
05762,05111,78,0,78
05762,05112,15,0,15
05762,05113,26,0,26
05762,05114,10,0,10
05762,05116,0,0,0
05762,05117,0,0,0
05762,05119,0,0,0
05762,05120,0,0,0
05762,05122,0,0,0
05762,05124,22,0,22
05762,05154,11,0,11
05762,05158,32,0,32
05762,05162,19,0,19
05762,05166,11,0,11
05762,05170,32,21,11
05762,05314,16,0,16
05762,05315,118,22,96
05762,05316,0,0,0
05762,05334,10,10,0
05762,05358,0,0,0
05762,05362,10,0,10
05762,05366,0,0,0
05762,05370,0,0,0
05762,05374,11,0,11
05762,05378,0,0,0
05762,05382,22,0,22
05762,05512,0,0,0
05762,05513,36,19,17
05762,05515,83,18,65
05762,05554,32,10,22
05762,05558,57,14,43
05762,05562,68,29,39
05762,05566,43,17,26
05762,05570,49,12,37
05762,05711,497,85,412
05762,05754,372,79,293
05762,05758,142,38,104
05762,05762,0,0,0
05762,05766,5229,2025,3204
05762,05770,98,35,63
05762,05774,8011,2288,5723
05762,05911,30,0,30
05762,05913,143,31,112
05762,05914,0,0,0
05762,05915,32,15,17
05762,05916,15,15,0
05762,05954,25,12,13
05762,05958,788,257,531
05762,05962,32,11,21
05762,05966,0,0,0
05762,05970,15,0,15
05762,05974,267,85,182
05762,05978,60,31,29
05762,06411,12,0,12
05762,06412,74,0,74
05762,06413,0,0,0
05762,06414,16,0,16
05762,06431,0,0,0
05762,06432,0,0,0
05762,06433,0,0,0
05762,06434,19,0,19
05762,06435,63,0,63
05762,06436,11,0,11
05762,06437,0,0,0
05762,06438,18,0,18
05762,06439,0,0,0
05762,06440,15,0,15
05762,06531,15,0,15
05762,06532,0,0,0
05762,06533,0,0,0
05762,06534,11,0,11
05762,06535,0,0,0
05762,06611,872,193,679
05762,06631,17,0,17
05762,06632,10,0,10
05762,06633,2388,1083,1305
05762,06634,90,35,55
05762,06635,1789,634,1155
05762,06636,24,13,11
05762,07111,0,0,0
05762,07131,0,0,0
05762,07132,0,0,0
05762,07133,0,0,0
05762,07134,0,0,0
05762,07135,0,0,0
05762,07137,0,0,0
05762,07138,0,0,0
05762,07140,21,0,21
05762,07141,0,0,0
05762,07143,0,0,0
05762,07211,0,0,0
05762,07231,0,0,0
05762,07232,0,0,0
05762,07233,0,0,0
05762,07235,0,0,0
05762,07311,0,0,0
05762,07312,0,0,0
05762,07313,0,0,0
05762,07314,0,0,0
05762,07315,0,0,0
05762,07316,0,0,0
05762,07317,0,0,0
05762,07318,0,0,0
05762,07319,0,0,0
05762,07320,0,0,0
05762,07331,0,0,0
05762,07332,0,0,0
05762,07333,0,0,0
05762,07334,0,0,0
05762,07335,0,0,0
05762,07336,0,0,0
05762,07337,0,0,0
05762,07338,0,0,0
05762,07339,0,0,0
05762,07340,0,0,0
05762,08111,23,0,23
05762,08115,13,13,0
05762,08116,0,0,0
05762,08117,0,0,0
05762,08118,16,0,16
05762,08119,0,0,0
05762,08121,0,0,0
05762,08125,0,0,0
05762,08126,19,0,19
05762,08127,0,0,0
05762,08128,0,0,0
05762,08135,0,0,0
05762,08136,0,0,0
05762,08211,0,0,0
05762,08212,0,0,0
05762,08215,0,0,0
05762,08216,0,0,0
05762,08221,17,0,17
05762,08222,28,0,28
05762,08225,0,0,0
05762,08226,12,0,12
05762,08231,0,0,0
05762,08235,0,0,0
05762,08236,11,0,11
05762,08237,0,0,0
05762,08311,0,0,0
05762,08315,0,0,0
05762,08316,0,0,0
05762,08317,10,0,10
05762,08325,0,0,0
05762,08326,0,0,0
05762,08327,0,0,0
05762,08335,0,0,0
05762,08336,0,0,0
05762,08337,0,0,0
05762,08415,0,0,0
05762,08416,0,0,0
05762,08417,0,0,0
05762,08421,0,0,0
05762,08425,0,0,0
05762,08426,0,0,0
05762,08435,0,0,0
05762,08436,0,0,0
05762,08437,0,0,0
05762,09161,0,0,0
05762,09162,48,11,37
05762,09163,0,0,0
05762,09171,0,0,0
05762,09172,0,0,0
05762,09173,0,0,0
05762,09174,0,0,0
05762,09175,0,0,0
05762,09176,0,0,0
05762,09177,0,0,0
05762,09178,10,0,10
05762,09179,0,0,0
05762,09180,0,0,0
05762,09181,0,0,0
05762,09182,0,0,0
05762,09183,0,0,0
05762,09184,41,0,41
05762,09185,0,0,0
05762,09186,0,0,0
05762,09187,0,0,0
05762,09188,0,0,0
05762,09189,0,0,0
05762,09190,0,0,0
05762,09261,0,0,0
05762,09262,0,0,0
05762,09263,0,0,0
05762,09271,0,0,0
05762,09272,0,0,0
05762,09273,0,0,0
05762,09274,0,0,0
05762,09275,0,0,0
05762,09276,0,0,0
05762,09277,0,0,0
05762,09278,0,0,0
05762,09279,0,0,0
05762,09361,0,0,0
05762,09362,0,0,0
05762,09363,0,0,0
05762,09371,0,0,0
05762,09372,0,0,0
05762,09373,0,0,0
05762,09374,0,0,0
05762,09375,0,0,0
05762,09376,0,0,0
05762,09377,0,0,0
05762,09461,0,0,0
05762,09462,0,0,0
05762,09463,0,0,0
05762,09464,0,0,0
05762,09471,0,0,0
05762,09472,0,0,0
05762,09473,0,0,0
05762,09474,0,0,0
05762,09475,0,0,0
05762,09476,0,0,0
05762,09477,0,0,0
05762,09478,0,0,0
05762,09479,0,0,0
05762,09561,0,0,0
05762,09562,0,0,0
05762,09563,0,0,0
05762,09564,0,0,0
05762,09565,0,0,0
05762,09571,0,0,0
05762,09572,0,0,0
05762,09573,0,0,0
05762,09574,0,0,0
05762,09575,0,0,0
05762,09576,0,0,0
05762,09577,16,0,16
05762,09661,0,0,0
05762,09662,0,0,0
05762,09663,0,0,0
05762,09671,0,0,0
05762,09672,0,0,0
05762,09673,0,0,0
05762,09674,0,0,0
05762,09675,0,0,0
05762,09676,0,0,0
05762,09677,0,0,0
05762,09678,0,0,0
05762,09679,0,0,0
05762,09761,0,0,0
05762,09762,0,0,0
05762,09763,0,0,0
05762,09764,0,0,0
05762,09771,0,0,0
05762,09772,0,0,0
05762,09773,0,0,0
05762,09774,0,0,0
05762,09775,0,0,0
05762,09776,0,0,0
05762,09777,0,0,0
05762,09778,0,0,0
05762,09779,0,0,0
05762,09780,0,0,0
05762,10041,0,0,0
05762,10042,0,0,0
05762,10043,0,0,0
05762,10044,0,0,0
05762,10045,0,0,0
05762,10046,0,0,0
05762,11000,143,37,106
05762,12051,0,0,0
05762,12052,0,0,0
05762,12053,0,0,0
05762,12054,0,0,0
05762,12060,0,0,0
05762,12061,0,0,0
05762,12062,0,0,0
05762,12063,0,0,0
05762,12064,0,0,0
05762,12065,0,0,0
05762,12066,0,0,0
05762,12067,0,0,0
05762,12068,0,0,0
05762,12069,0,0,0
05762,12070,0,0,0
05762,12071,0,0,0
05762,12072,0,0,0
05762,12073,0,0,0
05762,13003,0,0,0
05762,13004,0,0,0
05762,13071,0,0,0
05762,13072,0,0,0
05762,13073,0,0,0
05762,13074,0,0,0
05762,13075,0,0,0
05762,13076,0,0,0
05762,14511,0,0,0
05762,14521,63,0,63
05762,14522,0,0,0
05762,14523,0,0,0
05762,14524,0,0,0
05762,14612,0,0,0
05762,14625,0,0,0
05762,14626,0,0,0
05762,14627,0,0,0
05762,14628,0,0,0
05762,14713,23,12,11
05762,14729,0,0,0
05762,14730,14,0,14
05762,15001,0,0,0
05762,15002,13,13,0
05762,15003,0,0,0
05762,15081,0,0,0
05762,15082,0,0,0
05762,15083,0,0,0
05762,15084,0,0,0
05762,15085,19,19,0
05762,15086,0,0,0
05762,15087,0,0,0
05762,15088,0,0,0
05762,15089,0,0,0
05762,15090,0,0,0
05762,15091,0,0,0
05762,16051,0,0,0
05762,16052,0,0,0
05762,16053,0,0,0
05762,16054,0,0,0
05762,16055,0,0,0
05762,16056,0,0,0
05762,16061,0,0,0
05762,16062,0,0,0
05762,16063,0,0,0
05762,16064,0,0,0
05762,16065,0,0,0
05762,16066,0,0,0
05762,16067,0,0,0
05762,16068,0,0,0
05762,16069,0,0,0
05762,16070,0,0,0
05762,16071,0,0,0
05762,16072,0,0,0
05762,16073,0,0,0
05762,16074,0,0,0
05762,16075,0,0,0
05762,16076,0,0,0
05762,16077,0,0,0
05766,01001,0,0,0
05766,01002,61,10,51
05766,01003,13,0,13
05766,01004,0,0,0
05766,01051,0,0,0
05766,01053,10,10,0
05766,01054,16,0,16
05766,01055,20,20,0
05766,01056,47,26,21
05766,01057,0,0,0
05766,01058,14,0,14
05766,01059,19,0,19
05766,01060,30,16,14
05766,01061,0,0,0
05766,01062,28,11,17
05766,02000,387,108,279
05766,03101,89,21,68
05766,03102,0,0,0
05766,03103,48,11,37
05766,03151,11,11,0
05766,03153,60,24,36
05766,03154,13,13,0
05766,03155,55,24,31
05766,03157,24,10,14
05766,03158,0,0,0
05766,03159,68,27,41
05766,03241,880,235,645
05766,03251,68,28,40
05766,03252,5762,2210,3552
05766,03254,107,72,35
05766,03255,514,241,273
05766,03256,77,33,44
05766,03257,2168,828,1340
05766,03351,15,0,15
05766,03352,0,0,0
05766,03353,37,21,16
05766,03354,0,0,0
05766,03355,12,0,12
05766,03356,0,0,0
05766,03357,11,0,11
05766,03358,29,14,15
05766,03359,10,0,10
05766,03360,0,0,0
05766,03361,28,10,18
05766,03401,0,0,0
05766,03402,0,0,0
05766,03403,34,11,23
05766,03404,277,116,161
05766,03405,0,0,0
05766,03451,12,12,0
05766,03452,49,18,31
05766,03453,28,0,28
05766,03454,69,25,44
05766,03455,10,0,10
05766,03456,29,13,16
05766,03457,26,10,16
05766,03458,11,0,11
05766,03459,436,209,227
05766,03460,57,33,24
05766,03461,0,0,0
05766,03462,0,0,0
05766,04011,73,21,52
05766,04012,0,0,0
05766,05111,336,59,277
05766,05112,75,27,48
05766,05113,155,54,101
05766,05114,33,10,23
05766,05116,57,19,38
05766,05117,15,15,0
05766,05119,55,14,41
05766,05120,20,10,10
05766,05122,25,13,12
05766,05124,42,21,21
05766,05154,50,27,23
05766,05158,136,48,88
05766,05162,76,34,42
05766,05166,34,15,19
05766,05170,58,26,32
05766,05314,64,15,49
05766,05315,295,61,234
05766,05316,14,0,14
05766,05334,53,24,29
05766,05358,22,0,22
05766,05362,48,20,28
05766,05366,22,10,12
05766,05370,22,0,22
05766,05374,84,22,62
05766,05378,34,23,11
05766,05382,97,44,53
05766,05512,0,0,0
05766,05513,77,12,65
05766,05515,320,66,254
05766,05554,134,103,31
05766,05558,61,38,23
05766,05562,74,40,34
05766,05566,154,81,73
05766,05570,276,130,146
05766,05711,19773,5457,14316
05766,05754,6562,1834,4728
05766,05758,11281,4241,7040
05766,05762,5229,3204,2025
05766,05766,0,0,0
05766,05770,3512,1404,2108
05766,05774,7871,3004,4867
05766,05911,56,24,32
05766,05913,275,72,203
05766,05914,35,18,17
05766,05915,84,35,49
05766,05916,22,10,12
05766,05954,65,24,41
05766,05958,188,75,113
05766,05962,80,42,38
05766,05966,0,0,0
05766,05970,52,13,39
05766,05974,459,209,250
05766,05978,194,66,128
05766,06411,40,18,22
05766,06412,153,30,123
05766,06413,0,0,0
05766,06414,39,16,23
05766,06431,31,19,12
05766,06432,35,35,0
05766,06433,11,11,0
05766,06434,61,13,48
05766,06435,51,22,29
05766,06436,38,13,25
05766,06437,0,0,0
05766,06438,43,12,31
05766,06439,11,0,11
05766,06440,31,16,15
05766,06531,31,16,15
05766,06532,39,17,22
05766,06533,0,0,0
05766,06534,27,17,10
05766,06535,0,0,0
05766,06611,76,35,41
05766,06631,32,12,20
05766,06632,10,0,10
05766,06633,77,39,38
05766,06634,32,19,13
05766,06635,69,40,29
05766,06636,0,0,0
05766,07111,0,0,0
05766,07131,0,0,0
05766,07132,0,0,0
05766,07133,10,0,10
05766,07134,0,0,0
05766,07135,0,0,0
05766,07137,10,10,0
05766,07138,25,12,13
05766,07140,40,0,40
05766,07141,0,0,0
05766,07143,32,0,32
05766,07211,0,0,0
05766,07231,0,0,0
05766,07232,0,0,0
05766,07233,0,0,0
05766,07235,0,0,0
05766,07311,0,0,0
05766,07312,0,0,0
05766,07313,0,0,0
05766,07314,0,0,0
05766,07315,13,0,13
05766,07316,0,0,0
05766,07317,0,0,0
05766,07318,0,0,0
05766,07319,0,0,0
05766,07320,0,0,0
05766,07331,0,0,0
05766,07332,0,0,0
05766,07333,0,0,0
05766,07334,0,0,0
05766,07335,0,0,0
05766,07336,0,0,0
05766,07337,0,0,0
05766,07338,0,0,0
05766,07339,13,0,13
05766,07340,0,0,0
05766,08111,100,20,80
05766,08115,37,18,19
05766,08116,66,22,44
05766,08117,11,0,11
05766,08118,45,23,22
05766,08119,26,12,14
05766,08121,10,0,10
05766,08125,30,12,18
05766,08126,26,0,26
05766,08127,0,0,0
05766,08128,11,0,11
05766,08135,0,0,0
05766,08136,15,0,15
05766,08211,39,0,39
05766,08212,45,11,34
05766,08215,45,16,29
05766,08216,0,0,0
05766,08221,0,0,0
05766,08222,31,0,31
05766,08225,0,0,0
05766,08226,54,17,37
05766,08231,0,0,0
05766,08235,10,0,10
05766,08236,0,0,0
05766,08237,12,0,12
05766,08311,12,0,12
05766,08315,22,10,12
05766,08316,0,0,0
05766,08317,20,0,20
05766,08325,32,32,0
05766,08326,0,0,0
05766,08327,0,0,0
05766,08335,0,0,0
05766,08336,10,0,10
05766,08337,0,0,0
05766,08415,0,0,0
05766,08416,10,10,0
05766,08417,0,0,0
05766,08421,10,0,10
05766,08425,0,0,0
05766,08426,0,0,0
05766,08435,14,0,14
05766,08436,12,0,12
05766,08437,0,0,0
05766,09161,0,0,0
05766,09162,196,49,147
05766,09163,0,0,0
05766,09171,0,0,0
05766,09172,0,0,0
05766,09173,0,0,0
05766,09174,0,0,0
05766,09175,0,0,0
05766,09176,0,0,0
05766,09177,0,0,0
05766,09178,36,0,36
05766,09179,0,0,0
05766,09180,0,0,0
05766,09181,0,0,0
05766,09182,0,0,0
05766,09183,0,0,0
05766,09184,67,10,57
05766,09185,0,0,0
05766,09186,0,0,0
05766,09187,10,10,0
05766,09188,0,0,0
05766,09189,0,0,0
05766,09190,0,0,0
05766,09261,0,0,0
05766,09262,0,0,0
05766,09263,0,0,0
05766,09271,0,0,0
05766,09272,0,0,0
05766,09273,0,0,0
05766,09274,0,0,0
05766,09275,0,0,0
05766,09276,0,0,0
05766,09277,0,0,0
05766,09278,0,0,0
05766,09279,0,0,0
05766,09361,0,0,0
05766,09362,0,0,0
05766,09363,0,0,0
05766,09371,0,0,0
05766,09372,0,0,0
05766,09373,0,0,0
05766,09374,0,0,0
05766,09375,0,0,0
05766,09376,0,0,0
05766,09377,0,0,0
05766,09461,0,0,0
05766,09462,0,0,0
05766,09463,0,0,0
05766,09464,0,0,0
05766,09471,0,0,0
05766,09472,0,0,0
05766,09473,0,0,0
05766,09474,0,0,0
05766,09475,11,0,11
05766,09476,0,0,0
05766,09477,0,0,0
05766,09478,0,0,0
05766,09479,0,0,0
05766,09561,0,0,0
05766,09562,0,0,0
05766,09563,0,0,0
05766,09564,48,11,37
05766,09565,0,0,0
05766,09571,0,0,0
05766,09572,0,0,0
05766,09573,0,0,0
05766,09574,0,0,0
05766,09575,0,0,0
05766,09576,0,0,0
05766,09577,0,0,0
05766,09661,0,0,0
05766,09662,0,0,0
05766,09663,15,0,15
05766,09671,0,0,0
05766,09672,0,0,0
05766,09673,0,0,0
05766,09674,0,0,0
05766,09675,0,0,0
05766,09676,11,0,11
05766,09677,0,0,0
05766,09678,0,0,0
05766,09679,15,0,15
05766,09761,22,12,10
05766,09762,0,0,0
05766,09763,0,0,0
05766,09764,0,0,0
05766,09771,0,0,0
05766,09772,0,0,0
05766,09773,0,0,0
05766,09774,0,0,0
05766,09775,11,0,11
05766,09776,0,0,0
05766,09777,23,0,23
05766,09778,0,0,0
05766,09779,0,0,0
05766,09780,0,0,0
05766,10041,0,0,0
05766,10042,0,0,0
05766,10043,0,0,0
05766,10044,0,0,0
05766,10045,0,0,0
05766,10046,0,0,0
05766,11000,504,178,326
05766,12051,0,0,0
05766,12052,0,0,0
05766,12053,0,0,0
05766,12054,64,10,54
05766,12060,0,0,0
05766,12061,0,0,0
05766,12062,0,0,0
05766,12063,10,10,0
05766,12064,0,0,0
05766,12065,14,14,0
05766,12066,0,0,0
05766,12067,12,12,0
05766,12068,0,0,0
05766,12069,32,14,18
05766,12070,21,21,0
05766,12071,0,0,0
05766,12072,24,10,14
05766,12073,0,0,0
05766,13003,0,0,0
05766,13004,0,0,0
05766,13071,21,10,11
05766,13072,0,0,0
05766,13073,0,0,0
05766,13074,0,0,0
05766,13075,23,23,0
05766,13076,0,0,0
05766,14511,0,0,0
05766,14521,0,0,0
05766,14522,0,0,0
05766,14523,10,0,10
05766,14524,0,0,0
05766,14612,19,19,0
05766,14625,0,0,0
05766,14626,0,0,0
05766,14627,0,0,0
05766,14628,0,0,0
05766,14713,32,18,14
05766,14729,0,0,0
05766,14730,0,0,0
05766,15001,0,0,0
05766,15002,23,13,10
05766,15003,35,22,13
05766,15081,0,0,0
05766,15082,0,0,0
05766,15083,30,30,0
05766,15084,31,15,16
05766,15085,26,14,12
05766,15086,11,11,0
05766,15087,10,10,0
05766,15088,0,0,0
05766,15089,16,16,0
05766,15090,0,0,0
05766,15091,12,12,0
05766,16051,14,0,14
05766,16052,14,14,0
05766,16053,0,0,0
05766,16054,0,0,0
05766,16055,0,0,0
05766,16056,0,0,0
05766,16061,0,0,0
05766,16062,0,0,0
05766,16063,0,0,0
05766,16064,10,10,0
05766,16065,0,0,0
05766,16066,0,0,0
05766,16067,0,0,0
05766,16068,0,0,0
05766,16069,0,0,0
05766,16070,0,0,0
05766,16071,0,0,0
05766,16072,0,0,0
05766,16073,0,0,0
05766,16074,0,0,0
05766,16075,0,0,0
05766,16076,0,0,0
05766,16077,0,0,0
05770,01001,0,0,0
05770,01002,29,14,15
05770,01003,32,0,32
05770,01004,0,0,0
05770,01051,0,0,0
05770,01053,10,10,0
05770,01054,0,0,0
05770,01055,18,18,0
05770,01056,47,30,17
05770,01057,0,0,0
05770,01058,23,23,0
05770,01059,0,0,0
05770,01060,45,22,23
05770,01061,0,0,0
05770,01062,56,19,37
05770,02000,430,118,312
05770,03101,168,56,112
05770,03102,24,10,14
05770,03103,59,14,45
05770,03151,44,32,12
05770,03153,21,21,0
05770,03154,0,0,0
05770,03155,23,12,11
05770,03157,54,37,17
05770,03158,18,18,0
05770,03159,52,25,27
05770,03241,2265,792,1473
05770,03251,3680,1981,1699
05770,03252,817,483,334
05770,03254,144,88,56
05770,03255,61,27,34
05770,03256,4672,3145,1527
05770,03257,9182,5438,3744
05770,03351,74,58,16
05770,03352,23,23,0
05770,03353,44,24,20
05770,03354,10,10,0
05770,03355,12,12,0
05770,03356,14,14,0
05770,03357,27,27,0
05770,03358,49,34,15
05770,03359,48,30,18
05770,03360,0,0,0
05770,03361,55,22,33
05770,03401,15,15,0
05770,03402,0,0,0
05770,03403,93,50,43
05770,03404,1146,598,548
05770,03405,0,0,0
05770,03451,49,37,12
05770,03452,39,20,19
05770,03453,80,42,38
05770,03454,194,122,72
05770,03455,24,14,10
05770,03456,46,46,0
05770,03457,55,35,20
05770,03458,66,49,17
05770,03459,4538,2375,2163
05770,03460,774,432,342
05770,03461,26,26,0
05770,03462,0,0,0
05770,04011,225,79,146
05770,04012,10,0,10
05770,05111,268,60,208
05770,05112,86,34,52
05770,05113,145,52,93
05770,05114,317,0,317
05770,05116,50,23,27
05770,05117,36,20,16
05770,05119,23,13,10
05770,05120,0,0,0
05770,05122,21,11,10
05770,05124,82,20,62
05770,05154,51,35,16
05770,05158,91,38,53
05770,05162,76,35,41
05770,05166,50,37,13
05770,05170,63,38,25
05770,05314,34,11,23
05770,05315,219,68,151
05770,05316,0,0,0
05770,05334,55,28,27
05770,05358,0,0,0
05770,05362,52,25,27
05770,05366,0,0,0
05770,05370,45,45,0
05770,05374,60,24,36
05770,05378,42,27,15
05770,05382,70,42,28
05770,05512,10,10,0
05770,05513,200,40,160
05770,05515,489,84,405
05770,05554,307,274,33
05770,05558,73,53,20
05770,05562,174,125,49
05770,05566,584,262,322
05770,05570,178,95,83
05770,05711,4605,1515,3090
05770,05754,1339,511,828
05770,05758,24528,12690,11838
05770,05762,98,63,35
05770,05766,3512,2108,1404
05770,05770,0,0,0
05770,05774,441,229,212
05770,05911,86,55,31
05770,05913,245,82,163
05770,05914,30,19,11
05770,05915,103,84,19
05770,05916,84,57,27
05770,05954,74,40,34
05770,05958,67,36,31
05770,05962,260,212,48
05770,05966,13,0,13
05770,05970,16,0,16
05770,05974,141,86,55
05770,05978,206,84,122
05770,06411,11,0,11
05770,06412,140,30,110
05770,06413,0,0,0
05770,06414,58,13,45
05770,06431,10,0,10
05770,06432,0,0,0
05770,06433,15,15,0
05770,06434,29,0,29
05770,06435,33,18,15
05770,06436,36,12,24
05770,06437,26,0,26
05770,06438,112,17,95
05770,06439,0,0,0
05770,06440,14,14,0
05770,06531,24,14,10
05770,06532,10,0,10
05770,06533,23,23,0
05770,06534,0,0,0
05770,06535,0,0,0
05770,06611,34,17,17
05770,06631,34,20,14
05770,06632,16,16,0
05770,06633,30,30,0
05770,06634,0,0,0
05770,06635,12,0,12
05770,06636,14,14,0
05770,07111,0,0,0
05770,07131,0,0,0
05770,07132,0,0,0
05770,07133,0,0,0
05770,07134,0,0,0
05770,07135,0,0,0
05770,07137,27,27,0
05770,07138,25,15,10
05770,07140,0,0,0
05770,07141,0,0,0
05770,07143,102,17,85
05770,07211,0,0,0
05770,07231,0,0,0
05770,07232,0,0,0
05770,07233,0,0,0
05770,07235,0,0,0
05770,07311,0,0,0
05770,07312,0,0,0
05770,07313,0,0,0
05770,07314,16,0,16
05770,07315,0,0,0
05770,07316,0,0,0
05770,07317,0,0,0
05770,07318,0,0,0
05770,07319,0,0,0
05770,07320,0,0,0
05770,07331,0,0,0
05770,07332,0,0,0
05770,07333,0,0,0
05770,07334,0,0,0
05770,07335,0,0,0
05770,07336,0,0,0
05770,07337,0,0,0
05770,07338,0,0,0
05770,07339,24,11,13
05770,07340,0,0,0
05770,08111,68,23,45
05770,08115,13,0,13
05770,08116,48,20,28
05770,08117,14,14,0
05770,08118,34,10,24
05770,08119,15,15,0
05770,08121,0,0,0
05770,08125,31,14,17
05770,08126,39,0,39
05770,08127,0,0,0
05770,08128,0,0,0
05770,08135,0,0,0
05770,08136,0,0,0
05770,08211,0,0,0
05770,08212,0,0,0
05770,08215,52,28,24
05770,08216,15,0,15
05770,08221,0,0,0
05770,08222,35,12,23
05770,08225,0,0,0
05770,08226,45,16,29
05770,08231,0,0,0
05770,08235,0,0,0
05770,08236,0,0,0
05770,08237,0,0,0
05770,08311,0,0,0
05770,08315,0,0,0
05770,08316,0,0,0
05770,08317,47,11,36
05770,08325,21,0,21
05770,08326,0,0,0
05770,08327,21,0,21
05770,08335,21,0,21
05770,08336,13,13,0
05770,08337,10,0,10
05770,08415,11,0,11
05770,08416,0,0,0
05770,08417,0,0,0
05770,08421,16,0,16
05770,08425,0,0,0
05770,08426,0,0,0
05770,08435,0,0,0
05770,08436,0,0,0
05770,08437,0,0,0
05770,09161,0,0,0
05770,09162,149,37,112
05770,09163,0,0,0
05770,09171,0,0,0
05770,09172,0,0,0
05770,09173,0,0,0
05770,09174,0,0,0
05770,09175,0,0,0
05770,09176,0,0,0
05770,09177,0,0,0
05770,09178,19,0,19
05770,09179,0,0,0
05770,09180,0,0,0
05770,09181,0,0,0
05770,09182,0,0,0
05770,09183,0,0,0
05770,09184,70,0,70
05770,09185,0,0,0
05770,09186,0,0,0
05770,09187,0,0,0
05770,09188,0,0,0
05770,09189,0,0,0
05770,09190,0,0,0
05770,09261,0,0,0
05770,09262,0,0,0
05770,09263,0,0,0
05770,09271,0,0,0
05770,09272,0,0,0
05770,09273,0,0,0
05770,09274,0,0,0
05770,09275,0,0,0
05770,09276,0,0,0
05770,09277,0,0,0
05770,09278,0,0,0
05770,09279,0,0,0
05770,09361,0,0,0
05770,09362,10,0,10
05770,09363,0,0,0
05770,09371,0,0,0
05770,09372,0,0,0
05770,09373,0,0,0
05770,09374,0,0,0
05770,09375,0,0,0
05770,09376,0,0,0
05770,09377,0,0,0
05770,09461,0,0,0
05770,09462,0,0,0
05770,09463,0,0,0
05770,09464,0,0,0
05770,09471,34,0,34
05770,09472,0,0,0
05770,09473,0,0,0
05770,09474,0,0,0
05770,09475,29,0,29
05770,09476,0,0,0
05770,09477,0,0,0
05770,09478,0,0,0
05770,09479,0,0,0
05770,09561,0,0,0
05770,09562,10,0,10
05770,09563,0,0,0
05770,09564,58,23,35
05770,09565,0,0,0
05770,09571,0,0,0
05770,09572,0,0,0
05770,09573,0,0,0
05770,09574,0,0,0
05770,09575,0,0,0
05770,09576,0,0,0
05770,09577,0,0,0
05770,09661,0,0,0
05770,09662,0,0,0
05770,09663,0,0,0
05770,09671,30,20,10
05770,09672,0,0,0
05770,09673,0,0,0
05770,09674,0,0,0
05770,09675,0,0,0
05770,09676,0,0,0
05770,09677,0,0,0
05770,09678,0,0,0
05770,09679,0,0,0
05770,09761,11,11,0
05770,09762,0,0,0
05770,09763,0,0,0
05770,09764,0,0,0
05770,09771,0,0,0
05770,09772,15,15,0
05770,09773,0,0,0
05770,09774,0,0,0
05770,09775,14,0,14
05770,09776,0,0,0
05770,09777,10,10,0
05770,09778,0,0,0
05770,09779,0,0,0
05770,09780,0,0,0
05770,10041,11,0,11
05770,10042,0,0,0
05770,10043,0,0,0
05770,10044,0,0,0
05770,10045,0,0,0
05770,10046,0,0,0
05770,11000,416,159,257
05770,12051,0,0,0
05770,12052,0,0,0
05770,12053,0,0,0
05770,12054,11,11,0
05770,12060,0,0,0
05770,12061,12,12,0
05770,12062,13,13,0
05770,12063,15,15,0
05770,12064,0,0,0
05770,12065,18,18,0
05770,12066,0,0,0
05770,12067,0,0,0
05770,12068,0,0,0
05770,12069,64,52,12
05770,12070,0,0,0
05770,12071,0,0,0
05770,12072,15,15,0
05770,12073,18,18,0
05770,13003,11,11,0
05770,13004,0,0,0
05770,13071,18,18,0
05770,13072,0,0,0
05770,13073,10,0,10
05770,13074,0,0,0
05770,13075,21,21,0
05770,13076,21,21,0
05770,14511,11,0,11
05770,14521,0,0,0
05770,14522,14,14,0
05770,14523,0,0,0
05770,14524,0,0,0
05770,14612,18,18,0
05770,14625,0,0,0
05770,14626,12,12,0
05770,14627,10,10,0
05770,14628,0,0,0
05770,14713,71,52,19
05770,14729,15,15,0
05770,14730,23,23,0
05770,15001,15,15,0
05770,15002,39,39,0
05770,15003,56,31,25
05770,15081,0,0,0
05770,15082,33,33,0
05770,15083,26,26,0
05770,15084,19,19,0
05770,15085,36,36,0
05770,15086,16,16,0
05770,15087,48,32,16
05770,15088,60,60,0
05770,15089,36,36,0
05770,15090,33,33,0
05770,15091,25,25,0
05770,16051,10,0,10
05770,16052,0,0,0
05770,16053,0,0,0
05770,16054,0,0,0
05770,16055,10,10,0
05770,16056,0,0,0
05770,16061,0,0,0
05770,16062,10,10,0
05770,16063,13,13,0
05770,16064,0,0,0
05770,16065,17,17,0
05770,16066,19,19,0
05770,16067,0,0,0
05770,16068,13,13,0
05770,16069,0,0,0
05770,16070,0,0,0
05770,16071,0,0,0
05770,16072,0,0,0
05770,16073,0,0,0
05770,16074,0,0,0
05770,16075,0,0,0
05770,16076,0,0,0
05770,16077,0,0,0
05774,01001,0,0,0
05774,01002,136,0,136
05774,01003,11,11,0
05774,01004,0,0,0
05774,01051,0,0,0
05774,01053,13,13,0
05774,01054,18,0,18
05774,01055,14,0,14
05774,01056,30,15,15
05774,01057,0,0,0
05774,01058,20,10,10
05774,01059,13,0,13
05774,01060,33,16,17
05774,01061,0,0,0
05774,01062,21,0,21
05774,02000,358,125,233
05774,03101,48,16,32
05774,03102,10,10,0
05774,03103,26,0,26
05774,03151,0,0,0
05774,03153,16,16,0
05774,03154,0,0,0
05774,03155,16,16,0
05774,03157,0,0,0
05774,03158,0,0,0
05774,03159,112,62,50
05774,03241,428,169,259
05774,03251,53,15,38
05774,03252,279,149,130
05774,03254,55,35,20
05774,03255,168,109,59
05774,03256,10,0,10
05774,03257,87,59,28
05774,03351,66,18,48
05774,03352,0,0,0
05774,03353,32,19,13
05774,03354,0,0,0
05774,03355,10,10,0
05774,03356,19,0,19
05774,03357,0,0,0
05774,03358,10,10,0
05774,03359,0,0,0
05774,03360,0,0,0
05774,03361,0,0,0
05774,03401,0,0,0
05774,03402,0,0,0
05774,03403,13,0,13
05774,03404,142,42,100
05774,03405,0,0,0
05774,03451,0,0,0
05774,03452,0,0,0
05774,03453,45,11,34
05774,03454,58,28,30
05774,03455,0,0,0
05774,03456,32,16,16
05774,03457,47,12,35
05774,03458,0,0,0
05774,03459,198,120,78
05774,03460,35,0,35
05774,03461,0,0,0
05774,03462,0,0,0
05774,04011,94,32,62
05774,04012,0,0,0
05774,05111,514,73,441
05774,05112,87,35,52
05774,05113,246,61,185
05774,05114,100,73,27
05774,05116,91,30,61
05774,05117,25,0,25
05774,05119,108,22,86
05774,05120,12,0,12
05774,05122,10,0,10
05774,05124,61,24,37
05774,05154,66,43,23
05774,05158,136,42,94
05774,05162,56,32,24
05774,05166,62,29,33
05774,05170,128,36,92
05774,05314,85,28,57
05774,05315,365,97,268
05774,05316,15,0,15
05774,05334,79,44,35
05774,05358,102,10,92
05774,05362,82,27,55
05774,05366,0,0,0
05774,05370,13,13,0
05774,05374,77,21,56
05774,05378,59,44,15
05774,05382,81,40,41
05774,05512,12,12,0
05774,05513,58,25,33
05774,05515,479,109,370
05774,05554,99,45,54
05774,05558,111,58,53
05774,05562,125,75,50
05774,05566,162,103,59
05774,05570,780,421,359
05774,05711,5524,1639,3885
05774,05754,11178,3312,7866
05774,05758,855,437,418
05774,05762,8011,5723,2288
05774,05766,7871,4867,3004
05774,05770,441,212,229
05774,05774,0,0,0
05774,05911,128,83,45
05774,05913,627,275,352
05774,05914,91,56,35
05774,05915,262,130,132
05774,05916,30,30,0
05774,05954,123,83,40
05774,05958,3288,1683,1605
05774,05962,166,102,64
05774,05966,94,69,25
05774,05970,133,99,34
05774,05974,10691,4978,5713
05774,05978,341,188,153
05774,06411,14,0,14
05774,06412,186,28,158
05774,06413,0,0,0
05774,06414,75,25,50
05774,06431,0,0,0
05774,06432,13,13,0
05774,06433,28,14,14
05774,06434,34,0,34
05774,06435,146,16,130
05774,06436,61,0,61
05774,06437,0,0,0
05774,06438,55,23,32
05774,06439,36,26,10
05774,06440,35,18,17
05774,06531,39,16,23
05774,06532,26,13,13
05774,06533,0,0,0
05774,06534,45,17,28
05774,06535,32,32,0
05774,06611,263,128,135
05774,06631,86,72,14
05774,06632,17,17,0
05774,06633,327,220,107
05774,06634,118,95,23
05774,06635,539,340,199
05774,06636,21,21,0
05774,07111,11,0,11
05774,07131,0,0,0
05774,07132,0,0,0
05774,07133,0,0,0
05774,07134,0,0,0
05774,07135,0,0,0
05774,07137,17,0,17
05774,07138,0,0,0
05774,07140,0,0,0
05774,07141,0,0,0
05774,07143,10,0,10
05774,07211,0,0,0
05774,07231,0,0,0
05774,07232,0,0,0
05774,07233,0,0,0
05774,07235,0,0,0
05774,07311,0,0,0
05774,07312,0,0,0
05774,07313,0,0,0
05774,07314,0,0,0
05774,07315,28,13,15
05774,07316,0,0,0
05774,07317,0,0,0
05774,07318,31,0,31
05774,07319,0,0,0
05774,07320,0,0,0
05774,07331,0,0,0
05774,07332,0,0,0
05774,07333,0,0,0
05774,07334,0,0,0
05774,07335,0,0,0
05774,07336,0,0,0
05774,07337,0,0,0
05774,07338,0,0,0
05774,07339,0,0,0
05774,07340,0,0,0
05774,08111,82,20,62
05774,08115,34,0,34
05774,08116,33,0,33
05774,08117,0,0,0
05774,08118,44,13,31
05774,08119,25,0,25
05774,08121,0,0,0
05774,08125,18,0,18
05774,08126,32,0,32
05774,08127,0,0,0
05774,08128,0,0,0
05774,08135,0,0,0
05774,08136,0,0,0
05774,08211,0,0,0
05774,08212,55,10,45
05774,08215,35,13,22
05774,08216,0,0,0
05774,08221,11,0,11
05774,08222,26,0,26
05774,08225,0,0,0
05774,08226,30,0,30
05774,08231,0,0,0
05774,08235,0,0,0
05774,08236,0,0,0
05774,08237,0,0,0
05774,08311,10,0,10
05774,08315,0,0,0
05774,08316,0,0,0
05774,08317,0,0,0
05774,08325,0,0,0
05774,08326,12,0,12
05774,08327,0,0,0
05774,08335,10,0,10
05774,08336,11,0,11
05774,08337,0,0,0
05774,08415,10,0,10
05774,08416,0,0,0
05774,08417,0,0,0
05774,08421,19,0,19
05774,08425,0,0,0
05774,08426,0,0,0
05774,08435,0,0,0
05774,08436,12,0,12
05774,08437,11,0,11
05774,09161,16,0,16
05774,09162,272,76,196
05774,09163,0,0,0
05774,09171,0,0,0
05774,09172,0,0,0
05774,09173,0,0,0
05774,09174,17,17,0
05774,09175,0,0,0
05774,09176,0,0,0
05774,09177,0,0,0
05774,09178,36,0,36
05774,09179,10,0,10
05774,09180,0,0,0
05774,09181,0,0,0
05774,09182,0,0,0
05774,09183,0,0,0
05774,09184,96,12,84
05774,09185,0,0,0
05774,09186,11,0,11
05774,09187,19,19,0
05774,09188,0,0,0
05774,09189,0,0,0
05774,09190,0,0,0
05774,09261,0,0,0
05774,09262,0,0,0
05774,09263,0,0,0
05774,09271,0,0,0
05774,09272,0,0,0
05774,09273,0,0,0
05774,09274,0,0,0
05774,09275,0,0,0
05774,09276,0,0,0
05774,09277,0,0,0
05774,09278,0,0,0
05774,09279,0,0,0
05774,09361,0,0,0
05774,09362,0,0,0
05774,09363,0,0,0
05774,09371,0,0,0
05774,09372,0,0,0
05774,09373,11,0,11
05774,09374,0,0,0
05774,09375,0,0,0
05774,09376,0,0,0
05774,09377,0,0,0
05774,09461,0,0,0
05774,09462,0,0,0
05774,09463,0,0,0
05774,09464,0,0,0
05774,09471,0,0,0
05774,09472,0,0,0
05774,09473,0,0,0
05774,09474,0,0,0
05774,09475,0,0,0
05774,09476,0,0,0
05774,09477,0,0,0
05774,09478,0,0,0
05774,09479,0,0,0
05774,09561,0,0,0
05774,09562,13,0,13
05774,09563,0,0,0
05774,09564,54,12,42
05774,09565,0,0,0
05774,09571,0,0,0
05774,09572,0,0,0
05774,09573,0,0,0
05774,09574,0,0,0
05774,09575,0,0,0
05774,09576,0,0,0
05774,09577,0,0,0
05774,09661,0,0,0
05774,09662,0,0,0
05774,09663,17,0,17
05774,09671,0,0,0
05774,09672,0,0,0
05774,09673,0,0,0
05774,09674,0,0,0
05774,09675,0,0,0
05774,09676,0,0,0
05774,09677,0,0,0
05774,09678,0,0,0
05774,09679,0,0,0
05774,09761,41,14,27
05774,09762,0,0,0
05774,09763,0,0,0
05774,09764,0,0,0
05774,09771,0,0,0
05774,09772,12,12,0
05774,09773,0,0,0
05774,09774,0,0,0
05774,09775,26,0,26
05774,09776,0,0,0
05774,09777,0,0,0
05774,09778,0,0,0
05774,09779,0,0,0
05774,09780,0,0,0
05774,10041,11,0,11
05774,10042,0,0,0
05774,10043,0,0,0
05774,10044,0,0,0
05774,10045,0,0,0
05774,10046,0,0,0
05774,11000,446,169,277
05774,12051,0,0,0
05774,12052,0,0,0
05774,12053,0,0,0
05774,12054,13,0,13
05774,12060,30,30,0
05774,12061,0,0,0
05774,12062,0,0,0
05774,12063,0,0,0
05774,12064,0,0,0
05774,12065,0,0,0
05774,12066,0,0,0
05774,12067,23,23,0
05774,12068,0,0,0
05774,12069,33,16,17
05774,12070,0,0,0
05774,12071,0,0,0
05774,12072,0,0,0
05774,12073,0,0,0
05774,13003,10,10,0
05774,13004,0,0,0
05774,13071,12,0,12
05774,13072,0,0,0
05774,13073,0,0,0
05774,13074,0,0,0
05774,13075,0,0,0
05774,13076,17,17,0
05774,14511,0,0,0
05774,14521,0,0,0
05774,14522,34,34,0
05774,14523,0,0,0
05774,14524,0,0,0
05774,14612,34,18,16
05774,14625,11,11,0
05774,14626,13,13,0
05774,14627,0,0,0
05774,14628,10,10,0
05774,14713,64,46,18
05774,14729,18,18,0
05774,14730,13,13,0
05774,15001,0,0,0
05774,15002,17,17,0
05774,15003,14,14,0
05774,15081,0,0,0
05774,15082,0,0,0
05774,15083,11,11,0
05774,15084,10,10,0
05774,15085,17,17,0
05774,15086,0,0,0
05774,15087,10,10,0
05774,15088,14,14,0
05774,15089,12,12,0
05774,15090,0,0,0
05774,15091,0,0,0
05774,16051,28,0,28
05774,16052,0,0,0
05774,16053,0,0,0
05774,16054,0,0,0
05774,16055,0,0,0
05774,16056,0,0,0
05774,16061,67,67,0
05774,16062,0,0,0
05774,16063,35,0,35
05774,16064,17,17,0
05774,16065,0,0,0
05774,16066,10,10,0
05774,16067,13,13,0
05774,16068,0,0,0
05774,16069,0,0,0
05774,16070,13,13,0
05774,16071,0,0,0
05774,16072,0,0,0
05774,16073,0,0,0
05774,16074,0,0,0
05774,16075,0,0,0
05774,16076,0,0,0
05774,16077,0,0,0
05911,01001,12,0,12
05911,01002,27,10,17
05911,01003,14,0,14
05911,01004,0,0,0
05911,01051,17,17,0
05911,01053,19,19,0
05911,01054,23,12,11
05911,01055,24,14,10
05911,01056,34,18,16
05911,01057,0,0,0
05911,01058,14,14,0
05911,01059,0,0,0
05911,01060,47,27,20
05911,01061,0,0,0
05911,01062,49,30,19
05911,02000,533,202,331
05911,03101,58,23,35
05911,03102,0,0,0
05911,03103,30,0,30
05911,03151,0,0,0
05911,03153,13,13,0
05911,03154,0,0,0
05911,03155,12,0,12
05911,03157,11,11,0
05911,03158,0,0,0
05911,03159,45,26,19
05911,03241,330,145,185
05911,03251,14,14,0
05911,03252,13,13,0
05911,03254,56,43,13
05911,03255,13,13,0
05911,03256,0,0,0
05911,03257,33,16,17
05911,03351,52,28,24
05911,03352,0,0,0
05911,03353,43,25,18
05911,03354,0,0,0
05911,03355,12,12,0
05911,03356,13,13,0
05911,03357,10,10,0
05911,03358,0,0,0
05911,03359,13,13,0
05911,03360,0,0,0
05911,03361,13,13,0
05911,03401,12,12,0
05911,03402,10,10,0
05911,03403,58,38,20
05911,03404,99,43,56
05911,03405,11,11,0
05911,03451,10,10,0
05911,03452,39,21,18
05911,03453,28,14,14
05911,03454,88,37,51
05911,03455,0,0,0
05911,03456,49,30,19
05911,03457,13,13,0
05911,03458,13,13,0
05911,03459,110,56,54
05911,03460,31,15,16
05911,03461,0,0,0
05911,03462,0,0,0
05911,04011,141,52,89
05911,04012,20,20,0
05911,05111,3666,676,2990
05911,05112,3069,1100,1969
05911,05113,17632,6674,10958
05911,05114,464,207,257
05911,05116,196,82,114
05911,05117,1817,820,997
05911,05119,1593,822,771
05911,05120,421,111,310
05911,05122,264,130,134
05911,05124,2187,842,1345
05911,05154,309,193,116
05911,05158,2416,819,1597
05911,05162,520,247,273
05911,05166,293,136,157
05911,05170,1054,677,377
05911,05314,242,88,154
05911,05315,1530,404,1126
05911,05316,207,71,136
05911,05334,252,112,140
05911,05358,105,54,51
05911,05362,343,137,206
05911,05366,59,47,12
05911,05370,89,48,41
05911,05374,205,74,131
05911,05378,249,130,119
05911,05382,241,130,111
05911,05512,1155,707,448
05911,05513,9162,5103,4059
05911,05515,764,250,514
05911,05554,530,282,248
05911,05558,597,432,165
05911,05562,12802,9231,3571
05911,05566,224,145,79
05911,05570,292,166,126
05911,05711,267,115,152
05911,05754,225,58,167
05911,05758,59,26,33
05911,05762,30,30,0
05911,05766,56,32,24
05911,05770,86,31,55
05911,05774,128,45,83
05911,05911,0,0,0
05911,05913,18294,8968,9326
05911,05914,2014,964,1050
05911,05915,513,313,200
05911,05916,15053,10160,4893
05911,05954,17278,9655,7623
05911,05958,309,184,125
05911,05962,1400,552,848
05911,05966,85,48,37
05911,05970,165,72,93
05911,05974,450,257,193
05911,05978,2960,1920,1040
05911,06411,66,31,35
05911,06412,378,69,309
05911,06413,14,0,14
05911,06414,78,24,54
05911,06431,32,14,18
05911,06432,42,25,17
05911,06433,89,21,68
05911,06434,60,10,50
05911,06435,44,26,18
05911,06436,138,24,114
05911,06437,0,0,0
05911,06438,84,27,57
05911,06439,31,17,14
05911,06440,53,20,33
05911,06531,31,16,15
05911,06532,40,22,18
05911,06533,36,12,24
05911,06534,112,22,90
05911,06535,0,0,0
05911,06611,39,21,18
05911,06631,28,0,28
05911,06632,18,18,0
05911,06633,15,15,0
05911,06634,11,0,11
05911,06635,0,0,0
05911,06636,0,0,0
05911,07111,24,0,24
05911,07131,12,12,0
05911,07132,36,21,15
05911,07133,20,20,0
05911,07134,0,0,0
05911,07135,0,0,0
05911,07137,44,32,12
05911,07138,61,34,27
05911,07140,0,0,0
05911,07141,12,12,0
05911,07143,49,17,32
05911,07211,12,12,0
05911,07231,0,0,0
05911,07232,0,0,0
05911,07233,0,0,0
05911,07235,0,0,0
05911,07311,0,0,0
05911,07312,0,0,0
05911,07313,13,0,13
05911,07314,13,13,0
05911,07315,50,28,22
05911,07316,0,0,0
05911,07317,0,0,0
05911,07318,0,0,0
05911,07319,12,0,12
05911,07320,0,0,0
05911,07331,10,10,0
05911,07332,0,0,0
05911,07333,0,0,0
05911,07334,0,0,0
05911,07335,0,0,0
05911,07336,0,0,0
05911,07337,0,0,0
05911,07338,0,0,0
05911,07339,34,19,15
05911,07340,0,0,0
05911,08111,121,40,81
05911,08115,50,30,20
05911,08116,113,24,89
05911,08117,0,0,0
05911,08118,50,17,33
05911,08119,35,22,13
05911,08121,11,0,11
05911,08125,10,0,10
05911,08126,15,0,15
05911,08127,11,0,11
05911,08128,0,0,0
05911,08135,0,0,0
05911,08136,27,10,17
05911,08211,0,0,0
05911,08212,78,42,36
05911,08215,65,35,30
05911,08216,23,11,12
05911,08221,33,14,19
05911,08222,96,26,70
05911,08225,0,0,0
05911,08226,61,25,36
05911,08231,0,0,0
05911,08235,0,0,0
05911,08236,12,12,0
05911,08237,0,0,0
05911,08311,37,16,21
05911,08315,0,0,0
05911,08316,0,0,0
05911,08317,11,0,11
05911,08325,0,0,0
05911,08326,11,0,11
05911,08327,0,0,0
05911,08335,12,12,0
05911,08336,25,0,25
05911,08337,11,0,11
05911,08415,10,10,0
05911,08416,22,11,11
05911,08417,0,0,0
05911,08421,15,0,15
05911,08425,0,0,0
05911,08426,0,0,0
05911,08435,13,0,13
05911,08436,12,0,12
05911,08437,0,0,0
05911,09161,12,0,12
05911,09162,476,177,299
05911,09163,0,0,0
05911,09171,0,0,0
05911,09172,0,0,0
05911,09173,14,14,0
05911,09174,16,16,0
05911,09175,0,0,0
05911,09176,0,0,0
05911,09177,0,0,0
05911,09178,13,13,0
05911,09179,16,16,0
05911,09180,0,0,0
05911,09181,0,0,0
05911,09182,0,0,0
05911,09183,0,0,0
05911,09184,138,32,106
05911,09185,0,0,0
05911,09186,0,0,0
05911,09187,10,0,10
05911,09188,24,11,13
05911,09189,14,0,14
05911,09190,0,0,0
05911,09261,0,0,0
05911,09262,0,0,0
05911,09263,0,0,0
05911,09271,12,12,0
05911,09272,0,0,0
05911,09273,0,0,0
05911,09274,0,0,0
05911,09275,0,0,0
05911,09276,0,0,0
05911,09277,0,0,0
05911,09278,0,0,0
05911,09279,0,0,0
05911,09361,12,0,12
05911,09362,14,0,14
05911,09363,0,0,0
05911,09371,0,0,0
05911,09372,0,0,0
05911,09373,13,0,13
05911,09374,0,0,0
05911,09375,0,0,0
05911,09376,0,0,0
05911,09377,0,0,0
05911,09461,0,0,0
05911,09462,0,0,0
05911,09463,0,0,0
05911,09464,0,0,0
05911,09471,12,12,0
05911,09472,0,0,0
05911,09473,0,0,0
05911,09474,0,0,0
05911,09475,14,0,14
05911,09476,0,0,0
05911,09477,0,0,0
05911,09478,0,0,0
05911,09479,0,0,0
05911,09561,0,0,0
05911,09562,16,0,16
05911,09563,0,0,0
05911,09564,101,46,55
05911,09565,0,0,0
05911,09571,0,0,0
05911,09572,26,11,15
05911,09573,11,11,0
05911,09574,21,21,0
05911,09575,0,0,0
05911,09576,0,0,0
05911,09577,0,0,0
05911,09661,0,0,0
05911,09662,0,0,0
05911,09663,0,0,0
05911,09671,12,0,12
05911,09672,0,0,0
05911,09673,0,0,0
05911,09674,0,0,0
05911,09675,0,0,0
05911,09676,0,0,0
05911,09677,11,0,11
05911,09678,0,0,0
05911,09679,30,13,17
05911,09761,57,25,32
05911,09762,0,0,0
05911,09763,0,0,0
05911,09764,0,0,0
05911,09771,0,0,0
05911,09772,18,18,0
05911,09773,0,0,0
05911,09774,0,0,0
05911,09775,0,0,0
05911,09776,0,0,0
05911,09777,0,0,0
05911,09778,0,0,0
05911,09779,0,0,0
05911,09780,0,0,0
05911,10041,36,12,24
05911,10042,0,0,0
05911,10043,0,0,0
05911,10044,0,0,0
05911,10045,14,0,14
05911,10046,0,0,0
05911,11000,745,308,437
05911,12051,0,0,0
05911,12052,0,0,0
05911,12053,0,0,0
05911,12054,27,12,15
05911,12060,12,12,0
05911,12061,0,0,0
05911,12062,0,0,0
05911,12063,0,0,0
05911,12064,10,10,0
05911,12065,12,12,0
05911,12066,0,0,0
05911,12067,17,17,0
05911,12068,0,0,0
05911,12069,10,0,10
05911,12070,0,0,0
05911,12071,0,0,0
05911,12072,11,11,0
05911,12073,23,23,0
05911,13003,18,18,0
05911,13004,0,0,0
05911,13071,10,10,0
05911,13072,15,15,0
05911,13073,18,18,0
05911,13074,10,10,0
05911,13075,18,18,0
05911,13076,10,10,0
05911,14511,26,14,12
05911,14521,12,12,0
05911,14522,21,21,0
05911,14523,20,20,0
05911,14524,17,17,0
05911,14612,53,30,23
05911,14625,11,11,0
05911,14626,0,0,0
05911,14627,11,11,0
05911,14628,11,11,0
05911,14713,81,40,41
05911,14729,12,12,0
05911,14730,15,15,0
05911,15001,0,0,0
05911,15002,18,18,0
05911,15003,26,26,0
05911,15081,0,0,0
05911,15082,15,15,0
05911,15083,10,10,0
05911,15084,0,0,0
05911,15085,0,0,0
05911,15086,0,0,0
05911,15087,16,16,0
05911,15088,19,19,0
05911,15089,17,17,0
05911,15090,0,0,0
05911,15091,0,0,0
05911,16051,14,0,14
05911,16052,19,0,19
05911,16053,0,0,0
05911,16054,0,0,0
05911,16055,0,0,0
05911,16056,0,0,0
05911,16061,0,0,0
05911,16062,19,19,0
05911,16063,0,0,0
05911,16064,0,0,0
05911,16065,0,0,0
05911,16066,0,0,0
05911,16067,10,10,0
05911,16068,0,0,0
05911,16069,0,0,0
05911,16070,13,0,13
05911,16071,0,0,0
05911,16072,0,0,0
05911,16073,0,0,0
05911,16074,13,0,13
05911,16075,0,0,0
05911,16076,0,0,0
05911,16077,10,10,0
05913,01001,0,0,0
05913,01002,98,24,74
05913,01003,111,29,82
05913,01004,0,0,0
05913,01051,11,11,0
05913,01053,57,57,0
05913,01054,33,20,13
05913,01055,42,32,10
05913,01056,150,128,22
05913,01057,10,10,0
05913,01058,33,18,15
05913,01059,25,14,11
05913,01060,138,97,41
05913,01061,13,13,0
05913,01062,131,88,43
05913,02000,1889,844,1045
05913,03101,59,23,36
05913,03102,0,0,0
05913,03103,22,0,22
05913,03151,12,12,0
05913,03153,29,29,0
05913,03154,0,0,0
05913,03155,40,12,28
05913,03157,42,24,18
05913,03158,10,10,0
05913,03159,93,52,41
05913,03241,587,269,318
05913,03251,76,35,41
05913,03252,38,28,10
05913,03254,58,45,13
05913,03255,0,0,0
05913,03256,30,20,10
05913,03257,64,49,15
05913,03351,33,14,19
05913,03352,19,19,0
05913,03353,139,122,17
05913,03354,0,0,0
05913,03355,51,36,15
05913,03356,12,12,0
05913,03357,21,21,0
05913,03358,17,17,0
05913,03359,52,52,0
05913,03360,0,0,0
05913,03361,29,19,10
05913,03401,0,0,0
05913,03402,13,13,0
05913,03403,50,28,22
05913,03404,204,98,106
05913,03405,24,10,14
05913,03451,15,15,0
05913,03452,117,86,31
05913,03453,46,29,17
05913,03454,180,104,76
05913,03455,16,16,0
05913,03456,57,35,22
05913,03457,38,27,11
05913,03458,26,15,11
05913,03459,310,129,181
05913,03460,43,20,23
05913,03461,0,0,0
05913,03462,15,15,0
05913,04011,233,126,107
05913,04012,10,10,0
05913,05111,3884,987,2897
05913,05112,3086,1264,1822
05913,05113,8941,3926,5015
05913,05114,431,244,187
05913,05116,277,143,134
05913,05117,1111,678,433
05913,05119,1573,852,721
05913,05120,455,200,255
05913,05122,266,129,137
05913,05124,2064,847,1217
05913,05154,336,240,96
05913,05158,1744,739,1005
05913,05162,662,342,320
05913,05166,344,213,131
05913,05170,1156,805,351
05913,05314,350,155,195
05913,05315,2476,916,1560
05913,05316,226,127,99
05913,05334,348,212,136
05913,05358,153,103,50
05913,05362,535,284,251
05913,05366,63,43,20
05913,05370,117,75,42
05913,05374,388,186,202
05913,05378,319,211,108
05913,05382,353,214,139
05913,05512,1066,649,417
05913,05513,3813,2128,1685
05913,05515,2209,1161,1048
05913,05554,733,475,258
05913,05558,2423,1915,508
05913,05562,18735,13661,5074
05913,05566,671,460,211
05913,05570,1329,909,420
05913,05711,1003,354,649
05913,05754,791,434,357
05913,05758,221,178,43
05913,05762,143,112,31
05913,05766,275,203,72
05913,05770,245,163,82
05913,05774,627,352,275
05913,05911,18294,9326,8968
05913,05913,0,0,0
05913,05914,7769,3799,3970
05913,05915,4767,3022,1745
05913,05916,5156,3224,1932
05913,05954,14280,8160,6120
05913,05958,1765,1135,630
05913,05962,7036,3810,3226
05913,05966,315,174,141
05913,05970,453,273,180
05913,05974,3480,2405,1075
05913,05978,45365,29157,16208
05913,06411,90,34,56
05913,06412,957,358,599
05913,06413,97,47,50
05913,06414,143,66,77
05913,06431,68,40,28
05913,06432,82,51,31
05913,06433,193,135,58
05913,06434,219,85,134
05913,06435,155,93,62
05913,06436,209,100,109
05913,06437,17,17,0
05913,06438,216,104,112
05913,06439,65,47,18
05913,06440,119,89,30
05913,06531,77,49,28
05913,06532,113,79,34
05913,06533,66,45,21
05913,06534,87,47,40
05913,06535,0,0,0
05913,06611,121,41,80
05913,06631,53,24,29
05913,06632,30,18,12
05913,06633,67,51,16
05913,06634,45,34,11
05913,06635,63,35,28
05913,06636,15,15,0
05913,07111,101,38,63
05913,07131,52,30,22
05913,07132,75,45,30
05913,07133,15,15,0
05913,07134,0,0,0
05913,07135,0,0,0
05913,07137,48,31,17
05913,07138,73,29,44
05913,07140,26,26,0
05913,07141,39,26,13
05913,07143,60,41,19
05913,07211,36,23,13
05913,07231,0,0,0
05913,07232,0,0,0
05913,07233,0,0,0
05913,07235,17,17,0
05913,07311,0,0,0
05913,07312,11,11,0
05913,07313,0,0,0
05913,07314,39,18,21
05913,07315,94,50,44
05913,07316,0,0,0
05913,07317,0,0,0
05913,07318,0,0,0
05913,07319,27,15,12
05913,07320,11,0,11
05913,07331,23,23,0
05913,07332,12,12,0
05913,07333,0,0,0
05913,07334,20,10,10
05913,07335,10,10,0
05913,07336,0,0,0
05913,07337,0,0,0
05913,07338,33,23,10
05913,07339,65,33,32
05913,07340,14,14,0
05913,08111,313,191,122
05913,08115,128,85,43
05913,08116,261,114,147
05913,08117,36,24,12
05913,08118,143,78,65
05913,08119,95,69,26
05913,08121,34,16,18
05913,08125,60,32,28
05913,08126,21,0,21
05913,08127,14,0,14
05913,08128,15,0,15
05913,08135,0,0,0
05913,08136,49,21,28
05913,08211,14,0,14
05913,08212,112,63,49
05913,08215,108,51,57
05913,08216,34,18,16
05913,08221,41,29,12
05913,08222,200,78,122
05913,08225,25,11,14
05913,08226,166,98,68
05913,08231,13,13,0
05913,08235,28,16,12
05913,08236,30,19,11
05913,08237,0,0,0
05913,08311,55,12,43
05913,08315,25,15,10
05913,08316,16,16,0
05913,08317,46,17,29
05913,08325,0,0,0
05913,08326,34,16,18
05913,08327,14,0,14
05913,08335,51,21,30
05913,08336,46,19,27
05913,08337,16,0,16
05913,08415,42,25,17
05913,08416,33,21,12
05913,08417,0,0,0
05913,08421,41,10,31
05913,08425,38,23,15
05913,08426,11,11,0
05913,08435,80,36,44
05913,08436,26,12,14
05913,08437,0,0,0
05913,09161,34,0,34
05913,09162,892,315,577
05913,09163,0,0,0
05913,09171,10,10,0
05913,09172,11,11,0
05913,09173,11,11,0
05913,09174,28,28,0
05913,09175,17,17,0
05913,09176,0,0,0
05913,09177,14,14,0
05913,09178,79,48,31
05913,09179,48,35,13
05913,09180,0,0,0
05913,09181,10,0,10
05913,09182,10,0,10
05913,09183,0,0,0
05913,09184,289,67,222
05913,09185,0,0,0
05913,09186,26,0,26
05913,09187,31,21,10
05913,09188,46,20,26
05913,09189,24,12,12
05913,09190,10,10,0
05913,09261,0,0,0
05913,09262,0,0,0
05913,09263,0,0,0
05913,09271,0,0,0
05913,09272,0,0,0
05913,09273,10,10,0
05913,09274,14,14,0
05913,09275,0,0,0
05913,09276,0,0,0
05913,09277,0,0,0
05913,09278,0,0,0
05913,09279,0,0,0
05913,09361,0,0,0
05913,09362,51,16,35
05913,09363,12,0,12
05913,09371,0,0,0
05913,09372,0,0,0
05913,09373,23,10,13
05913,09374,0,0,0
05913,09375,18,18,0
05913,09376,0,0,0
05913,09377,0,0,0
05913,09461,0,0,0
05913,09462,0,0,0
05913,09463,0,0,0
05913,09464,0,0,0
05913,09471,12,12,0
05913,09472,11,11,0
05913,09473,0,0,0
05913,09474,0,0,0
05913,09475,22,0,22
05913,09476,0,0,0
05913,09477,0,0,0
05913,09478,13,13,0
05913,09479,0,0,0
05913,09561,15,15,0
05913,09562,34,10,24
05913,09563,22,11,11
05913,09564,192,79,113
05913,09565,0,0,0
05913,09571,24,14,10
05913,09572,34,20,14
05913,09573,17,17,0
05913,09574,34,21,13
05913,09575,0,0,0
05913,09576,11,11,0
05913,09577,0,0,0
05913,09661,11,0,11
05913,09662,0,0,0
05913,09663,87,71,16
05913,09671,36,18,18
05913,09672,0,0,0
05913,09673,0,0,0
05913,09674,0,0,0
05913,09675,10,10,0
05913,09676,34,16,18
05913,09677,15,15,0
05913,09678,54,11,43
05913,09679,139,76,63
05913,09761,46,26,20
05913,09762,0,0,0
05913,09763,0,0,0
05913,09764,0,0,0
05913,09771,17,17,0
05913,09772,27,17,10
05913,09773,0,0,0
05913,09774,0,0,0
05913,09775,47,20,27
05913,09776,0,0,0
05913,09777,12,12,0
05913,09778,12,0,12
05913,09779,0,0,0
05913,09780,10,0,10
05913,10041,111,77,34
05913,10042,10,10,0
05913,10043,29,29,0
05913,10044,33,33,0
05913,10045,31,20,11
05913,10046,11,11,0
05913,11000,1692,877,815
05913,12051,0,0,0
05913,12052,0,0,0
05913,12053,0,0,0
05913,12054,83,31,52
05913,12060,31,20,11
05913,12061,33,33,0
05913,12062,0,0,0
05913,12063,18,18,0
05913,12064,31,31,0
05913,12065,29,29,0
05913,12066,12,12,0
05913,12067,16,16,0
05913,12068,0,0,0
05913,12069,54,33,21
05913,12070,0,0,0
05913,12071,0,0,0
05913,12072,32,22,10
05913,12073,0,0,0
05913,13003,39,20,19
05913,13004,13,13,0
05913,13071,42,28,14
05913,13072,16,16,0
05913,13073,43,26,17
05913,13074,0,0,0
05913,13075,12,12,0
05913,13076,35,21,14
05913,14511,41,22,19
05913,14521,12,12,0
05913,14522,24,24,0
05913,14523,17,17,0
05913,14524,17,17,0
05913,14612,97,57,40
05913,14625,14,14,0
05913,14626,14,14,0
05913,14627,19,19,0
05913,14628,14,14,0
05913,14713,151,108,43
05913,14729,33,33,0
05913,14730,17,17,0
05913,15001,0,0,0
05913,15002,44,29,15
05913,15003,33,33,0
05913,15081,0,0,0
05913,15082,45,14,31
05913,15083,19,19,0
05913,15084,30,30,0
05913,15085,55,55,0
05913,15086,10,10,0
05913,15087,30,30,0
05913,15088,30,30,0
05913,15089,17,17,0
05913,15090,11,11,0
05913,15091,11,11,0
05913,16051,54,34,20
05913,16052,23,12,11
05913,16053,14,14,0
05913,16054,0,0,0
05913,16055,0,0,0
05913,16056,0,0,0
05913,16061,0,0,0
05913,16062,18,18,0
05913,16063,0,0,0
05913,16064,0,0,0
05913,16065,12,12,0
05913,16066,16,16,0
05913,16067,11,11,0
05913,16068,0,0,0
05913,16069,0,0,0
05913,16070,14,0,14
05913,16071,11,11,0
05913,16072,0,0,0
05913,16073,0,0,0
05913,16074,11,11,0
05913,16075,0,0,0
05913,16076,0,0,0
05913,16077,11,11,0
05914,01001,0,0,0
05914,01002,0,0,0
05914,01003,0,0,0
05914,01004,0,0,0
05914,01051,0,0,0
05914,01053,10,10,0
05914,01054,0,0,0
05914,01055,0,0,0
05914,01056,12,12,0
05914,01057,0,0,0
05914,01058,0,0,0
05914,01059,0,0,0
05914,01060,0,0,0
05914,01061,0,0,0
05914,01062,29,19,10
05914,02000,309,160,149
05914,03101,0,0,0
05914,03102,0,0,0
05914,03103,0,0,0
05914,03151,0,0,0
05914,03153,0,0,0
05914,03154,0,0,0
05914,03155,0,0,0
05914,03157,0,0,0
05914,03158,0,0,0
05914,03159,24,24,0
05914,03241,136,24,112
05914,03251,0,0,0
05914,03252,0,0,0
05914,03254,0,0,0
05914,03255,0,0,0
05914,03256,0,0,0
05914,03257,11,11,0
05914,03351,0,0,0
05914,03352,0,0,0
05914,03353,23,23,0
05914,03354,0,0,0
05914,03355,0,0,0
05914,03356,0,0,0
05914,03357,0,0,0
05914,03358,0,0,0
05914,03359,0,0,0
05914,03360,0,0,0
05914,03361,0,0,0
05914,03401,0,0,0
05914,03402,0,0,0
05914,03403,13,0,13
05914,03404,27,11,16
05914,03405,0,0,0
05914,03451,0,0,0
05914,03452,10,10,0
05914,03453,0,0,0
05914,03454,10,0,10
05914,03455,0,0,0
05914,03456,0,0,0
05914,03457,0,0,0
05914,03458,0,0,0
05914,03459,45,22,23
05914,03460,0,0,0
05914,03461,0,0,0
05914,03462,0,0,0
05914,04011,43,18,25
05914,04012,0,0,0
05914,05111,877,175,702
05914,05112,312,174,138
05914,05113,1000,438,562
05914,05114,71,38,33
05914,05116,48,20,28
05914,05117,111,63,48
05914,05119,269,96,173
05914,05120,344,142,202
05914,05122,156,100,56
05914,05124,2078,736,1342
05914,05154,114,86,28
05914,05158,553,236,317
05914,05162,148,65,83
05914,05166,71,51,20
05914,05170,170,109,61
05914,05314,94,37,57
05914,05315,529,150,379
05914,05316,78,47,31
05914,05334,67,30,37
05914,05358,44,14,30
05914,05362,104,46,58
05914,05366,21,11,10
05914,05370,12,0,12
05914,05374,345,179,166
05914,05378,139,68,71
05914,05382,92,51,41
05914,05512,109,87,22
05914,05513,375,238,137
05914,05515,200,96,104
05914,05554,65,38,27
05914,05558,122,90,32
05914,05562,974,730,244
05914,05566,80,39,41
05914,05570,114,80,34
05914,05711,204,27,177
05914,05754,98,30,68
05914,05758,19,19,0
05914,05762,0,0,0
05914,05766,35,17,18
05914,05770,30,11,19
05914,05774,91,35,56
05914,05911,2014,1050,964
05914,05913,7769,3970,3799
05914,05914,0,0,0
05914,05915,426,285,141
05914,05916,345,241,104
05914,05954,18086,8651,9435
05914,05958,496,335,161
05914,05962,13408,7264,6144
05914,05966,291,172,119
05914,05970,351,152,199
05914,05974,494,319,175
05914,05978,4580,3052,1528
05914,06411,0,0,0
05914,06412,120,15,105
05914,06413,0,0,0
05914,06414,12,0,12
05914,06431,0,0,0
05914,06432,0,0,0
05914,06433,0,0,0
05914,06434,24,0,24
05914,06435,10,0,10
05914,06436,20,0,20
05914,06437,0,0,0
05914,06438,23,0,23
05914,06439,0,0,0
05914,06440,12,12,0
05914,06531,22,22,0
05914,06532,16,16,0
05914,06533,0,0,0
05914,06534,14,14,0
05914,06535,0,0,0
05914,06611,17,0,17
05914,06631,11,0,11
05914,06632,0,0,0
05914,06633,11,11,0
05914,06634,0,0,0
05914,06635,0,0,0
05914,06636,0,0,0
05914,07111,17,0,17
05914,07131,0,0,0
05914,07132,33,21,12
05914,07133,0,0,0
05914,07134,0,0,0
05914,07135,0,0,0
05914,07137,0,0,0
05914,07138,11,11,0
05914,07140,0,0,0
05914,07141,0,0,0
05914,07143,11,11,0
05914,07211,0,0,0
05914,07231,0,0,0
05914,07232,0,0,0
05914,07233,0,0,0
05914,07235,0,0,0
05914,07311,0,0,0
05914,07312,0,0,0
05914,07313,0,0,0
05914,07314,0,0,0
05914,07315,0,0,0
05914,07316,0,0,0
05914,07317,0,0,0
05914,07318,0,0,0
05914,07319,0,0,0
05914,07320,0,0,0
05914,07331,0,0,0
05914,07332,0,0,0
05914,07333,0,0,0
05914,07334,0,0,0
05914,07335,0,0,0
05914,07336,0,0,0
05914,07337,0,0,0
05914,07338,0,0,0
05914,07339,0,0,0
05914,07340,0,0,0
05914,08111,32,16,16
05914,08115,21,21,0
05914,08116,29,10,19
05914,08117,0,0,0
05914,08118,102,25,77
05914,08119,13,13,0
05914,08121,0,0,0
05914,08125,0,0,0
05914,08126,0,0,0
05914,08127,0,0,0
05914,08128,0,0,0
05914,08135,0,0,0
05914,08136,0,0,0
05914,08211,0,0,0
05914,08212,12,0,12
05914,08215,0,0,0
05914,08216,0,0,0
05914,08221,0,0,0
05914,08222,20,0,20
05914,08225,0,0,0
05914,08226,24,12,12
05914,08231,0,0,0
05914,08235,0,0,0
05914,08236,0,0,0
05914,08237,0,0,0
05914,08311,0,0,0
05914,08315,0,0,0
05914,08316,0,0,0
05914,08317,68,68,0
05914,08325,0,0,0
05914,08326,23,0,23
05914,08327,0,0,0
05914,08335,0,0,0
05914,08336,0,0,0
05914,08337,0,0,0
05914,08415,0,0,0
05914,08416,0,0,0
05914,08417,0,0,0
05914,08421,0,0,0
05914,08425,10,10,0
05914,08426,0,0,0
05914,08435,0,0,0
05914,08436,0,0,0
05914,08437,0,0,0
05914,09161,0,0,0
05914,09162,117,21,96
05914,09163,0,0,0
05914,09171,0,0,0
05914,09172,0,0,0
05914,09173,0,0,0
05914,09174,0,0,0
05914,09175,0,0,0
05914,09176,0,0,0
05914,09177,0,0,0
05914,09178,0,0,0
05914,09179,0,0,0
05914,09180,0,0,0
05914,09181,0,0,0
05914,09182,0,0,0
05914,09183,0,0,0
05914,09184,34,0,34
05914,09185,0,0,0
05914,09186,0,0,0
05914,09187,0,0,0
05914,09188,28,0,28
05914,09189,0,0,0
05914,09190,0,0,0
05914,09261,0,0,0
05914,09262,0,0,0
05914,09263,0,0,0
05914,09271,0,0,0
05914,09272,0,0,0
05914,09273,0,0,0
05914,09274,0,0,0
05914,09275,0,0,0
05914,09276,0,0,0
05914,09277,0,0,0
05914,09278,0,0,0
05914,09279,0,0,0
05914,09361,0,0,0
05914,09362,0,0,0
05914,09363,0,0,0
05914,09371,0,0,0
05914,09372,0,0,0
05914,09373,0,0,0
05914,09374,0,0,0
05914,09375,0,0,0
05914,09376,0,0,0
05914,09377,0,0,0
05914,09461,0,0,0
05914,09462,0,0,0
05914,09463,0,0,0
05914,09464,0,0,0
05914,09471,0,0,0
05914,09472,0,0,0
05914,09473,0,0,0
05914,09474,0,0,0
05914,09475,0,0,0
05914,09476,0,0,0
05914,09477,0,0,0
05914,09478,0,0,0
05914,09479,0,0,0
05914,09561,0,0,0
05914,09562,0,0,0
05914,09563,0,0,0
05914,09564,19,0,19
05914,09565,0,0,0
05914,09571,0,0,0
05914,09572,0,0,0
05914,09573,0,0,0
05914,09574,0,0,0
05914,09575,0,0,0
05914,09576,0,0,0
05914,09577,0,0,0
05914,09661,0,0,0
05914,09662,0,0,0
05914,09663,0,0,0
05914,09671,0,0,0
05914,09672,0,0,0
05914,09673,0,0,0
05914,09674,0,0,0
05914,09675,0,0,0
05914,09676,0,0,0
05914,09677,0,0,0
05914,09678,19,0,19
05914,09679,0,0,0
05914,09761,0,0,0
05914,09762,0,0,0
05914,09763,0,0,0
05914,09764,0,0,0
05914,09771,0,0,0
05914,09772,0,0,0
05914,09773,0,0,0
05914,09774,0,0,0
05914,09775,0,0,0
05914,09776,0,0,0
05914,09777,0,0,0
05914,09778,0,0,0
05914,09779,0,0,0
05914,09780,0,0,0
05914,10041,0,0,0
05914,10042,0,0,0
05914,10043,0,0,0
05914,10044,0,0,0
05914,10045,0,0,0
05914,10046,0,0,0
05914,11000,260,105,155
05914,12051,0,0,0
05914,12052,0,0,0
05914,12053,0,0,0
05914,12054,0,0,0
05914,12060,0,0,0
05914,12061,0,0,0
05914,12062,0,0,0
05914,12063,0,0,0
05914,12064,0,0,0
05914,12065,0,0,0
05914,12066,0,0,0
05914,12067,0,0,0
05914,12068,0,0,0
05914,12069,0,0,0
05914,12070,0,0,0
05914,12071,0,0,0
05914,12072,0,0,0
05914,12073,0,0,0
05914,13003,0,0,0
05914,13004,0,0,0
05914,13071,0,0,0
05914,13072,0,0,0
05914,13073,0,0,0
05914,13074,0,0,0
05914,13075,0,0,0
05914,13076,0,0,0
05914,14511,0,0,0
05914,14521,0,0,0
05914,14522,0,0,0
05914,14523,0,0,0
05914,14524,0,0,0
05914,14612,0,0,0
05914,14625,0,0,0
05914,14626,0,0,0
05914,14627,0,0,0
05914,14628,0,0,0
05914,14713,38,25,13
05914,14729,0,0,0
05914,14730,0,0,0
05914,15001,0,0,0
05914,15002,0,0,0
05914,15003,13,13,0
05914,15081,0,0,0
05914,15082,0,0,0
05914,15083,0,0,0
05914,15084,0,0,0
05914,15085,12,12,0
05914,15086,0,0,0
05914,15087,0,0,0
05914,15088,0,0,0
05914,15089,0,0,0
05914,15090,0,0,0
05914,15091,0,0,0
05914,16051,0,0,0
05914,16052,0,0,0
05914,16053,0,0,0
05914,16054,0,0,0
05914,16055,0,0,0
05914,16056,0,0,0
05914,16061,0,0,0
05914,16062,0,0,0
05914,16063,0,0,0
05914,16064,0,0,0
05914,16065,0,0,0
05914,16066,0,0,0
05914,16067,0,0,0
05914,16068,0,0,0
05914,16069,0,0,0
05914,16070,0,0,0
05914,16071,0,0,0
05914,16072,0,0,0
05914,16073,0,0,0
05914,16074,0,0,0
05914,16075,0,0,0
05914,16076,0,0,0
05914,16077,0,0,0
05915,01001,0,0,0
05915,01002,17,0,17
05915,01003,10,10,0
05915,01004,0,0,0
05915,01051,0,0,0
05915,01053,13,13,0
05915,01054,10,0,10
05915,01055,0,0,0
05915,01056,0,0,0
05915,01057,0,0,0
05915,01058,0,0,0
05915,01059,0,0,0
05915,01060,14,0,14
05915,01061,0,0,0
05915,01062,0,0,0
05915,02000,153,34,119
05915,03101,14,0,14
05915,03102,14,14,0
05915,03103,0,0,0
05915,03151,0,0,0
05915,03153,0,0,0
05915,03154,0,0,0
05915,03155,22,11,11
05915,03157,0,0,0
05915,03158,0,0,0
05915,03159,15,0,15
05915,03241,117,32,85
05915,03251,0,0,0
05915,03252,33,0,33
05915,03254,13,13,0
05915,03255,0,0,0
05915,03256,0,0,0
05915,03257,20,0,20
05915,03351,0,0,0
05915,03352,0,0,0
05915,03353,0,0,0
05915,03354,0,0,0
05915,03355,13,13,0
05915,03356,0,0,0
05915,03357,29,10,19
05915,03358,0,0,0
05915,03359,0,0,0
05915,03360,0,0,0
05915,03361,0,0,0
05915,03401,0,0,0
05915,03402,0,0,0
05915,03403,22,0,22
05915,03404,70,27,43
05915,03405,0,0,0
05915,03451,0,0,0
05915,03452,25,14,11
05915,03453,10,0,10
05915,03454,120,27,93
05915,03455,0,0,0
05915,03456,10,0,10
05915,03457,0,0,0
05915,03458,0,0,0
05915,03459,134,50,84
05915,03460,0,0,0
05915,03461,0,0,0
05915,03462,0,0,0
05915,04011,61,12,49
05915,04012,0,0,0
05915,05111,474,41,433
05915,05112,273,126,147
05915,05113,459,150,309
05915,05114,165,11,154
05915,05116,21,0,21
05915,05117,66,28,38
05915,05119,147,46,101
05915,05120,77,22,55
05915,05122,24,13,11
05915,05124,131,54,77
05915,05154,43,19,24
05915,05158,124,29,95
05915,05162,68,28,40
05915,05166,36,11,25
05915,05170,382,82,300
05915,05314,35,10,25
05915,05315,306,57,249
05915,05316,21,10,11
05915,05334,61,25,36
05915,05358,40,12,28
05915,05362,62,23,39
05915,05366,10,10,0
05915,05370,0,0,0
05915,05374,36,13,23
05915,05378,28,14,14
05915,05382,55,22,33
05915,05512,72,28,44
05915,05513,241,105,136
05915,05515,3294,1020,2274
05915,05554,180,99,81
05915,05558,1219,680,539
05915,05562,877,605,272
05915,05566,453,233,220
05915,05570,7540,4021,3519
05915,05711,602,123,479
05915,05754,836,288,548
05915,05758,90,24,66
05915,05762,32,17,15
05915,05766,84,49,35
05915,05770,103,19,84
05915,05774,262,132,130
05915,05911,513,200,313
05915,05913,4767,1745,3022
05915,05914,426,141,285
05915,05915,0,0,0
05915,05916,262,113,149
05915,05954,355,147,208
05915,05958,748,355,393
05915,05962,652,313,339
05915,05966,38,17,21
05915,05970,54,20,34
05915,05974,6544,3689,2855
05915,05978,12743,5698,7045
05915,06411,0,0,0
05915,06412,64,0,64
05915,06413,0,0,0
05915,06414,17,0,17
05915,06431,0,0,0
05915,06432,0,0,0
05915,06433,0,0,0
05915,06434,18,0,18
05915,06435,13,0,13
05915,06436,23,0,23
05915,06437,0,0,0
05915,06438,31,11,20
05915,06439,0,0,0
05915,06440,10,10,0
05915,06531,0,0,0
05915,06532,0,0,0
05915,06533,0,0,0
05915,06534,0,0,0
05915,06535,0,0,0
05915,06611,22,12,10
05915,06631,0,0,0
05915,06632,0,0,0
05915,06633,10,10,0
05915,06634,11,11,0
05915,06635,12,12,0
05915,06636,0,0,0
05915,07111,22,0,22
05915,07131,35,35,0
05915,07132,0,0,0
05915,07133,0,0,0
05915,07134,0,0,0
05915,07135,0,0,0
05915,07137,0,0,0
05915,07138,0,0,0
05915,07140,0,0,0
05915,07141,0,0,0
05915,07143,0,0,0
05915,07211,0,0,0
05915,07231,0,0,0
05915,07232,0,0,0
05915,07233,0,0,0
05915,07235,0,0,0
05915,07311,0,0,0
05915,07312,0,0,0
05915,07313,0,0,0
05915,07314,0,0,0
05915,07315,14,0,14
05915,07316,0,0,0
05915,07317,0,0,0
05915,07318,0,0,0
05915,07319,0,0,0
05915,07320,0,0,0
05915,07331,0,0,0
05915,07332,0,0,0
05915,07333,0,0,0
05915,07334,0,0,0
05915,07335,0,0,0
05915,07336,0,0,0
05915,07337,0,0,0
05915,07338,0,0,0
05915,07339,16,0,16
05915,07340,0,0,0
05915,08111,10,0,10
05915,08115,0,0,0
05915,08116,14,0,14
05915,08117,0,0,0
05915,08118,14,0,14
05915,08119,0,0,0
05915,08121,0,0,0
05915,08125,20,0,20
05915,08126,13,0,13
05915,08127,0,0,0
05915,08128,0,0,0
05915,08135,0,0,0
05915,08136,0,0,0
05915,08211,0,0,0
05915,08212,0,0,0
05915,08215,11,0,11
05915,08216,0,0,0
05915,08221,0,0,0
05915,08222,21,0,21
05915,08225,10,0,10
05915,08226,12,0,12
05915,08231,0,0,0
05915,08235,0,0,0
05915,08236,0,0,0
05915,08237,0,0,0
05915,08311,10,0,10
05915,08315,0,0,0
05915,08316,0,0,0
05915,08317,0,0,0
05915,08325,0,0,0
05915,08326,0,0,0
05915,08327,0,0,0
05915,08335,0,0,0
05915,08336,0,0,0
05915,08337,0,0,0
05915,08415,0,0,0
05915,08416,0,0,0
05915,08417,0,0,0
05915,08421,10,0,10
05915,08425,0,0,0
05915,08426,0,0,0
05915,08435,0,0,0
05915,08436,0,0,0
05915,08437,0,0,0
05915,09161,0,0,0
05915,09162,151,17,134
05915,09163,0,0,0
05915,09171,0,0,0
05915,09172,0,0,0
05915,09173,0,0,0
05915,09174,0,0,0
05915,09175,0,0,0
05915,09176,0,0,0
05915,09177,0,0,0
05915,09178,0,0,0
05915,09179,0,0,0
05915,09180,0,0,0
05915,09181,0,0,0
05915,09182,12,12,0
05915,09183,0,0,0
05915,09184,35,0,35
05915,09185,0,0,0
05915,09186,12,0,12
05915,09187,0,0,0
05915,09188,0,0,0
05915,09189,0,0,0
05915,09190,0,0,0
05915,09261,0,0,0
05915,09262,0,0,0
05915,09263,0,0,0
05915,09271,0,0,0
05915,09272,0,0,0
05915,09273,0,0,0
05915,09274,0,0,0
05915,09275,0,0,0
05915,09276,0,0,0
05915,09277,0,0,0
05915,09278,0,0,0
05915,09279,0,0,0
05915,09361,0,0,0
05915,09362,0,0,0
05915,09363,19,0,19
05915,09371,0,0,0
05915,09372,0,0,0
05915,09373,0,0,0
05915,09374,17,0,17
05915,09375,0,0,0
05915,09376,0,0,0
05915,09377,0,0,0
05915,09461,0,0,0
05915,09462,0,0,0
05915,09463,0,0,0
05915,09464,0,0,0
05915,09471,0,0,0
05915,09472,0,0,0
05915,09473,0,0,0
05915,09474,0,0,0
05915,09475,0,0,0
05915,09476,0,0,0
05915,09477,0,0,0
05915,09478,0,0,0
05915,09479,0,0,0
05915,09561,0,0,0
05915,09562,0,0,0
05915,09563,0,0,0
05915,09564,16,0,16
05915,09565,0,0,0
05915,09571,0,0,0
05915,09572,0,0,0
05915,09573,0,0,0
05915,09574,0,0,0
05915,09575,0,0,0
05915,09576,0,0,0
05915,09577,0,0,0
05915,09661,0,0,0
05915,09662,0,0,0
05915,09663,0,0,0
05915,09671,0,0,0
05915,09672,0,0,0
05915,09673,0,0,0
05915,09674,0,0,0
05915,09675,0,0,0
05915,09676,0,0,0
05915,09677,0,0,0
05915,09678,0,0,0
05915,09679,0,0,0
05915,09761,0,0,0
05915,09762,14,0,14
05915,09763,0,0,0
05915,09764,0,0,0
05915,09771,0,0,0
05915,09772,0,0,0
05915,09773,0,0,0
05915,09774,0,0,0
05915,09775,0,0,0
05915,09776,0,0,0
05915,09777,0,0,0
05915,09778,0,0,0
05915,09779,0,0,0
05915,09780,0,0,0
05915,10041,13,0,13
05915,10042,0,0,0
05915,10043,0,0,0
05915,10044,0,0,0
05915,10045,0,0,0
05915,10046,0,0,0
05915,11000,444,319,125
05915,12051,0,0,0
05915,12052,0,0,0
05915,12053,0,0,0
05915,12054,25,10,15
05915,12060,95,95,0
05915,12061,10,10,0
05915,12062,0,0,0
05915,12063,0,0,0
05915,12064,27,27,0
05915,12065,42,42,0
05915,12066,0,0,0
05915,12067,0,0,0
05915,12068,0,0,0
05915,12069,0,0,0
05915,12070,0,0,0
05915,12071,0,0,0
05915,12072,0,0,0
05915,12073,12,12,0
05915,13003,0,0,0
05915,13004,0,0,0
05915,13071,0,0,0
05915,13072,0,0,0
05915,13073,0,0,0
05915,13074,0,0,0
05915,13075,0,0,0
05915,13076,0,0,0
05915,14511,0,0,0
05915,14521,0,0,0
05915,14522,0,0,0
05915,14523,0,0,0
05915,14524,0,0,0
05915,14612,0,0,0
05915,14625,0,0,0
05915,14626,0,0,0
05915,14627,0,0,0
05915,14628,0,0,0
05915,14713,0,0,0
05915,14729,0,0,0
05915,14730,0,0,0
05915,15001,0,0,0
05915,15002,0,0,0
05915,15003,0,0,0
05915,15081,0,0,0
05915,15082,0,0,0
05915,15083,0,0,0
05915,15084,0,0,0
05915,15085,0,0,0
05915,15086,0,0,0
05915,15087,0,0,0
05915,15088,0,0,0
05915,15089,15,15,0
05915,15090,0,0,0
05915,15091,0,0,0
05915,16051,0,0,0
05915,16052,0,0,0
05915,16053,0,0,0
05915,16054,0,0,0
05915,16055,0,0,0
05915,16056,0,0,0
05915,16061,0,0,0
05915,16062,0,0,0
05915,16063,46,0,46
05915,16064,0,0,0
05915,16065,0,0,0
05915,16066,0,0,0
05915,16067,0,0,0
05915,16068,0,0,0
05915,16069,0,0,0
05915,16070,0,0,0
05915,16071,0,0,0
05915,16072,0,0,0
05915,16073,0,0,0
05915,16074,0,0,0
05915,16075,0,0,0
05915,16076,0,0,0
05915,16077,0,0,0
05916,01001,0,0,0
05916,01002,14,0,14
05916,01003,0,0,0
05916,01004,0,0,0
05916,01051,0,0,0
05916,01053,0,0,0
05916,01054,0,0,0
05916,01055,0,0,0
05916,01056,0,0,0
05916,01057,0,0,0
05916,01058,0,0,0
05916,01059,0,0,0
05916,01060,10,10,0
05916,01061,0,0,0
05916,01062,10,0,10
05916,02000,113,22,91
05916,03101,0,0,0
05916,03102,0,0,0
05916,03103,0,0,0
05916,03151,0,0,0
05916,03153,0,0,0
05916,03154,0,0,0
05916,03155,0,0,0
05916,03157,0,0,0
05916,03158,0,0,0
05916,03159,12,0,12
05916,03241,119,24,95
05916,03251,0,0,0
05916,03252,16,16,0
05916,03254,0,0,0
05916,03255,13,13,0
05916,03256,0,0,0
05916,03257,0,0,0
05916,03351,14,14,0
05916,03352,37,0,37
05916,03353,15,0,15
05916,03354,0,0,0
05916,03355,0,0,0
05916,03356,0,0,0
05916,03357,0,0,0
05916,03358,0,0,0
05916,03359,0,0,0
05916,03360,0,0,0
05916,03361,0,0,0
05916,03401,0,0,0
05916,03402,0,0,0
05916,03403,0,0,0
05916,03404,18,0,18
05916,03405,16,16,0
05916,03451,0,0,0
05916,03452,0,0,0
05916,03453,0,0,0
05916,03454,78,19,59
05916,03455,0,0,0
05916,03456,0,0,0
05916,03457,0,0,0
05916,03458,0,0,0
05916,03459,54,10,44
05916,03460,0,0,0
05916,03461,0,0,0
05916,03462,0,0,0
05916,04011,58,10,48
05916,04012,0,0,0
05916,05111,911,111,800
05916,05112,1300,470,830
05916,05113,4373,1223,3150
05916,05114,130,38,92
05916,05116,40,16,24
05916,05117,550,152,398
05916,05119,819,355,464
05916,05120,89,14,75
05916,05122,51,18,33
05916,05124,417,113,304
05916,05154,111,53,58
05916,05158,572,156,416
05916,05162,164,54,110
05916,05166,87,27,60
05916,05170,798,516,282
05916,05314,54,13,41
05916,05315,416,68,348
05916,05316,51,18,33
05916,05334,44,22,22
05916,05358,31,10,21
05916,05362,99,34,65
05916,05366,0,0,0
05916,05370,19,19,0
05916,05374,62,23,39
05916,05378,49,23,26
05916,05382,61,35,26
05916,05512,919,519,400
05916,05513,5656,2743,2913
05916,05515,255,93,162
05916,05554,263,143,120
05916,05558,380,266,114
05916,05562,13229,8528,4701
05916,05566,79,39,40
05916,05570,117,53,64
05916,05711,40,0,40
05916,05754,72,19,53
05916,05758,0,0,0
05916,05762,15,0,15
05916,05766,22,12,10
05916,05770,84,27,57
05916,05774,30,0,30
05916,05911,15053,4893,10160
05916,05913,5156,1932,3224
05916,05914,345,104,241
05916,05915,262,149,113
05916,05916,0,0,0
05916,05954,2279,1001,1278
05916,05958,62,20,42
05916,05962,230,101,129
05916,05966,11,11,0
05916,05970,57,13,44
05916,05974,144,79,65
05916,05978,1293,786,507
05916,06411,0,0,0
05916,06412,74,16,58
05916,06413,0,0,0
05916,06414,17,0,17
05916,06431,11,11,0
05916,06432,0,0,0
05916,06433,38,0,38
05916,06434,19,0,19
05916,06435,0,0,0
05916,06436,46,0,46
05916,06437,0,0,0
05916,06438,40,10,30
05916,06439,0,0,0
05916,06440,0,0,0
05916,06531,0,0,0
05916,06532,0,0,0
05916,06533,21,21,0
05916,06534,30,0,30
05916,06535,0,0,0
05916,06611,0,0,0
05916,06631,0,0,0
05916,06632,0,0,0
05916,06633,0,0,0
05916,06634,0,0,0
05916,06635,0,0,0
05916,06636,0,0,0
05916,07111,0,0,0
05916,07131,0,0,0
05916,07132,0,0,0
05916,07133,0,0,0
05916,07134,0,0,0
05916,07135,0,0,0
05916,07137,13,0,13
05916,07138,0,0,0
05916,07140,0,0,0
05916,07141,0,0,0
05916,07143,0,0,0
05916,07211,10,0,10
05916,07231,0,0,0
05916,07232,0,0,0
05916,07233,0,0,0
05916,07235,0,0,0
05916,07311,0,0,0
05916,07312,0,0,0
05916,07313,0,0,0
05916,07314,0,0,0
05916,07315,0,0,0
05916,07316,0,0,0
05916,07317,0,0,0
05916,07318,0,0,0
05916,07319,0,0,0
05916,07320,0,0,0
05916,07331,0,0,0
05916,07332,0,0,0
05916,07333,0,0,0
05916,07334,0,0,0
05916,07335,0,0,0
05916,07336,0,0,0
05916,07337,0,0,0
05916,07338,0,0,0
05916,07339,0,0,0
05916,07340,0,0,0
05916,08111,12,0,12
05916,08115,0,0,0
05916,08116,16,0,16
05916,08117,0,0,0
05916,08118,15,0,15
05916,08119,12,0,12
05916,08121,0,0,0
05916,08125,11,0,11
05916,08126,0,0,0
05916,08127,111,0,111
05916,08128,0,0,0
05916,08135,0,0,0
05916,08136,0,0,0
05916,08211,10,0,10
05916,08212,12,0,12
05916,08215,0,0,0
05916,08216,0,0,0
05916,08221,0,0,0
05916,08222,46,13,33
05916,08225,0,0,0
05916,08226,0,0,0
05916,08231,0,0,0
05916,08235,0,0,0
05916,08236,0,0,0
05916,08237,0,0,0
05916,08311,0,0,0
05916,08315,10,0,10
05916,08316,0,0,0
05916,08317,10,10,0
05916,08325,0,0,0
05916,08326,0,0,0
05916,08327,0,0,0
05916,08335,0,0,0
05916,08336,0,0,0
05916,08337,0,0,0
05916,08415,0,0,0
05916,08416,0,0,0
05916,08417,0,0,0
05916,08421,0,0,0
05916,08425,19,19,0
05916,08426,0,0,0
05916,08435,0,0,0
05916,08436,0,0,0
05916,08437,0,0,0
05916,09161,0,0,0
05916,09162,185,20,165
05916,09163,0,0,0
05916,09171,0,0,0
05916,09172,0,0,0
05916,09173,0,0,0
05916,09174,0,0,0
05916,09175,0,0,0
05916,09176,0,0,0
05916,09177,0,0,0
05916,09178,0,0,0
05916,09179,0,0,0
05916,09180,0,0,0
05916,09181,0,0,0
05916,09182,0,0,0
05916,09183,0,0,0
05916,09184,30,0,30
05916,09185,0,0,0
05916,09186,0,0,0
05916,09187,0,0,0
05916,09188,0,0,0
05916,09189,0,0,0
05916,09190,0,0,0
05916,09261,0,0,0
05916,09262,0,0,0
05916,09263,0,0,0
05916,09271,0,0,0
05916,09272,0,0,0
05916,09273,0,0,0
05916,09274,0,0,0
05916,09275,0,0,0
05916,09276,0,0,0
05916,09277,0,0,0
05916,09278,0,0,0
05916,09279,0,0,0
05916,09361,0,0,0
05916,09362,0,0,0
05916,09363,0,0,0
05916,09371,0,0,0
05916,09372,0,0,0
05916,09373,0,0,0
05916,09374,0,0,0
05916,09375,0,0,0
05916,09376,0,0,0
05916,09377,0,0,0
05916,09461,0,0,0
05916,09462,0,0,0
05916,09463,0,0,0
05916,09464,0,0,0
05916,09471,0,0,0
05916,09472,0,0,0
05916,09473,0,0,0
05916,09474,0,0,0
05916,09475,0,0,0
05916,09476,0,0,0
05916,09477,0,0,0
05916,09478,0,0,0
05916,09479,0,0,0
05916,09561,0,0,0
05916,09562,0,0,0
05916,09563,0,0,0
05916,09564,17,0,17
05916,09565,0,0,0
05916,09571,0,0,0
05916,09572,0,0,0
05916,09573,0,0,0
05916,09574,0,0,0
05916,09575,0,0,0
05916,09576,0,0,0
05916,09577,0,0,0
05916,09661,0,0,0
05916,09662,0,0,0
05916,09663,0,0,0
05916,09671,0,0,0
05916,09672,0,0,0
05916,09673,0,0,0
05916,09674,0,0,0
05916,09675,0,0,0
05916,09676,0,0,0
05916,09677,0,0,0
05916,09678,0,0,0
05916,09679,0,0,0
05916,09761,0,0,0
05916,09762,0,0,0
05916,09763,0,0,0
05916,09764,0,0,0
05916,09771,0,0,0
05916,09772,0,0,0
05916,09773,0,0,0
05916,09774,0,0,0
05916,09775,0,0,0
05916,09776,0,0,0
05916,09777,0,0,0
05916,09778,0,0,0
05916,09779,0,0,0
05916,09780,0,0,0
05916,10041,58,58,0
05916,10042,0,0,0
05916,10043,28,28,0
05916,10044,25,25,0
05916,10045,12,12,0
05916,10046,15,15,0
05916,11000,168,55,113
05916,12051,0,0,0
05916,12052,0,0,0
05916,12053,0,0,0
05916,12054,0,0,0
05916,12060,0,0,0
05916,12061,0,0,0
05916,12062,0,0,0
05916,12063,0,0,0
05916,12064,0,0,0
05916,12065,0,0,0
05916,12066,0,0,0
05916,12067,0,0,0
05916,12068,0,0,0
05916,12069,0,0,0
05916,12070,0,0,0
05916,12071,0,0,0
05916,12072,0,0,0
05916,12073,0,0,0
05916,13003,0,0,0
05916,13004,0,0,0
05916,13071,0,0,0
05916,13072,0,0,0
05916,13073,0,0,0
05916,13074,0,0,0
05916,13075,0,0,0
05916,13076,0,0,0
05916,14511,0,0,0
05916,14521,0,0,0
05916,14522,0,0,0
05916,14523,0,0,0
05916,14524,0,0,0
05916,14612,0,0,0
05916,14625,0,0,0
05916,14626,0,0,0
05916,14627,0,0,0
05916,14628,0,0,0
05916,14713,19,19,0
05916,14729,0,0,0
05916,14730,0,0,0
05916,15001,0,0,0
05916,15002,0,0,0
05916,15003,0,0,0
05916,15081,0,0,0
05916,15082,0,0,0
05916,15083,0,0,0
05916,15084,12,12,0
05916,15085,0,0,0
05916,15086,0,0,0
05916,15087,0,0,0
05916,15088,0,0,0
05916,15089,0,0,0
05916,15090,0,0,0
05916,15091,0,0,0
05916,16051,0,0,0
05916,16052,0,0,0
05916,16053,0,0,0
05916,16054,0,0,0
05916,16055,0,0,0
05916,16056,0,0,0
05916,16061,0,0,0
05916,16062,0,0,0
05916,16063,0,0,0
05916,16064,0,0,0
05916,16065,0,0,0
05916,16066,0,0,0
05916,16067,0,0,0
05916,16068,0,0,0
05916,16069,0,0,0
05916,16070,0,0,0
05916,16071,0,0,0
05916,16072,0,0,0
05916,16073,0,0,0
05916,16074,0,0,0
05916,16075,0,0,0
05916,16076,0,0,0
05916,16077,0,0,0
05954,01001,0,0,0
05954,01002,14,0,14
05954,01003,23,0,23
05954,01004,14,0,14
05954,01051,0,0,0
05954,01053,10,10,0
05954,01054,11,0,11
05954,01055,0,0,0
05954,01056,23,0,23
05954,01057,0,0,0
05954,01058,0,0,0
05954,01059,0,0,0
05954,01060,28,18,10
05954,01061,0,0,0
05954,01062,39,18,21
05954,02000,358,127,231
05954,03101,39,14,25
05954,03102,0,0,0
05954,03103,0,0,0
05954,03151,0,0,0
05954,03153,0,0,0
05954,03154,0,0,0
05954,03155,12,12,0
05954,03157,11,11,0
05954,03158,0,0,0
05954,03159,23,11,12
05954,03241,191,70,121
05954,03251,33,18,15
05954,03252,0,0,0
05954,03254,17,17,0
05954,03255,0,0,0
05954,03256,0,0,0
05954,03257,22,12,10
05954,03351,0,0,0
05954,03352,0,0,0
05954,03353,14,14,0
05954,03354,0,0,0
05954,03355,0,0,0
05954,03356,14,14,0
05954,03357,0,0,0
05954,03358,0,0,0
05954,03359,0,0,0
05954,03360,0,0,0
05954,03361,22,10,12
05954,03401,0,0,0
05954,03402,0,0,0
05954,03403,21,11,10
05954,03404,50,14,36
05954,03405,0,0,0
05954,03451,11,11,0
05954,03452,16,16,0
05954,03453,0,0,0
05954,03454,96,64,32
05954,03455,0,0,0
05954,03456,10,10,0
05954,03457,28,16,12
05954,03458,13,13,0
05954,03459,77,29,48
05954,03460,10,10,0
05954,03461,0,0,0
05954,03462,0,0,0
05954,04011,134,71,63
05954,04012,0,0,0
05954,05111,2445,376,2069
05954,05112,954,370,584
05954,05113,6477,1817,4660
05954,05114,228,99,129
05954,05116,102,58,44
05954,05117,539,199,340
05954,05119,520,208,312
05954,05120,1719,639,1080
05954,05122,686,315,371
05954,05124,14494,5334,9160
05954,05154,113,63,50
05954,05158,3776,1219,2557
05954,05162,420,153,267
05954,05166,128,84,44
05954,05170,422,265,157
05954,05314,204,84,120
05954,05315,1256,288,968
05954,05316,267,109,158
05954,05334,141,62,79
05954,05358,103,34,69
05954,05362,209,77,132
05954,05366,14,14,0
05954,05370,57,31,26
05954,05374,1213,581,632
05954,05378,571,252,319
05954,05382,192,115,77
05954,05512,352,186,166
05954,05513,1560,854,706
05954,05515,377,101,276
05954,05554,211,93,118
05954,05558,208,137,71
05954,05562,3366,2292,1074
05954,05566,127,81,46
05954,05570,178,101,77
05954,05711,462,102,360
05954,05754,149,65,84
05954,05758,57,32,25
05954,05762,25,13,12
05954,05766,65,41,24
05954,05770,74,34,40
05954,05774,123,40,83
05954,05911,17278,7623,9655
05954,05913,14280,6120,8160
05954,05914,18086,9435,8651
05954,05915,355,208,147
05954,05916,2279,1278,1001
05954,05954,0,0,0
05954,05958,305,160,145
05954,05962,4142,1828,2314
05954,05966,108,46,62
05954,05970,217,78,139
05954,05974,352,197,155
05954,05978,3128,1771,1357
05954,06411,29,0,29
05954,06412,257,40,217
05954,06413,0,0,0
05954,06414,44,16,28
05954,06431,44,26,18
05954,06432,25,13,12
05954,06433,41,15,26
05954,06434,69,10,59
05954,06435,53,30,23
05954,06436,64,0,64
05954,06437,0,0,0
05954,06438,51,14,37
05954,06439,25,13,12
05954,06440,53,30,23
05954,06531,37,27,10
05954,06532,101,69,32
05954,06533,42,21,21
05954,06534,54,41,13
05954,06535,0,0,0
05954,06611,17,0,17
05954,06631,22,0,22
05954,06632,0,0,0
05954,06633,22,11,11
05954,06634,0,0,0
05954,06635,26,14,12
05954,06636,0,0,0
05954,07111,19,0,19
05954,07131,11,11,0
05954,07132,28,13,15
05954,07133,0,0,0
05954,07134,0,0,0
05954,07135,0,0,0
05954,07137,28,13,15
05954,07138,35,12,23
05954,07140,11,0,11
05954,07141,0,0,0
05954,07143,32,21,11
05954,07211,0,0,0
05954,07231,10,0,10
05954,07232,10,0,10
05954,07233,0,0,0
05954,07235,0,0,0
05954,07311,0,0,0
05954,07312,0,0,0
05954,07313,0,0,0
05954,07314,14,0,14
05954,07315,25,12,13
05954,07316,0,0,0
05954,07317,0,0,0
05954,07318,0,0,0
05954,07319,0,0,0
05954,07320,0,0,0
05954,07331,0,0,0
05954,07332,0,0,0
05954,07333,0,0,0
05954,07334,0,0,0
05954,07335,0,0,0
05954,07336,0,0,0
05954,07337,0,0,0
05954,07338,0,0,0
05954,07339,12,0,12
05954,07340,0,0,0
05954,08111,89,28,61
05954,08115,38,13,25
05954,08116,64,18,46
05954,08117,13,0,13
05954,08118,62,20,42
05954,08119,54,38,16
05954,08121,10,0,10
05954,08125,31,16,15
05954,08126,15,0,15
05954,08127,0,0,0
05954,08128,0,0,0
05954,08135,0,0,0
05954,08136,14,0,14
05954,08211,0,0,0
05954,08212,34,10,24
05954,08215,60,29,31
05954,08216,0,0,0
05954,08221,0,0,0
05954,08222,47,12,35
05954,08225,0,0,0
05954,08226,55,29,26
05954,08231,0,0,0
05954,08235,0,0,0
05954,08236,27,11,16
05954,08237,0,0,0
05954,08311,14,0,14
05954,08315,10,10,0
05954,08316,0,0,0
05954,08317,31,18,13
05954,08325,10,10,0
05954,08326,34,15,19
05954,08327,12,0,12
05954,08335,0,0,0
05954,08336,36,11,25
05954,08337,0,0,0
05954,08415,11,0,11
05954,08416,24,14,10
05954,08417,0,0,0
05954,08421,14,0,14
05954,08425,11,11,0
05954,08426,0,0,0
05954,08435,13,0,13
05954,08436,0,0,0
05954,08437,0,0,0
05954,09161,12,0,12
05954,09162,279,38,241
05954,09163,0,0,0
05954,09171,0,0,0
05954,09172,0,0,0
05954,09173,0,0,0
05954,09174,29,19,10
05954,09175,0,0,0
05954,09176,0,0,0
05954,09177,0,0,0
05954,09178,16,0,16
05954,09179,0,0,0
05954,09180,0,0,0
05954,09181,0,0,0
05954,09182,10,0,10
05954,09183,0,0,0
05954,09184,101,13,88
05954,09185,0,0,0
05954,09186,0,0,0
05954,09187,0,0,0
05954,09188,60,0,60
05954,09189,10,0,10
05954,09190,0,0,0
05954,09261,0,0,0
05954,09262,0,0,0
05954,09263,0,0,0
05954,09271,0,0,0
05954,09272,0,0,0
05954,09273,0,0,0
05954,09274,0,0,0
05954,09275,0,0,0
05954,09276,0,0,0
05954,09277,0,0,0
05954,09278,0,0,0
05954,09279,0,0,0
05954,09361,0,0,0
05954,09362,10,0,10
05954,09363,0,0,0
05954,09371,0,0,0
05954,09372,0,0,0
05954,09373,0,0,0
05954,09374,0,0,0
05954,09375,10,10,0
05954,09376,0,0,0
05954,09377,0,0,0
05954,09461,0,0,0
05954,09462,0,0,0
05954,09463,0,0,0
05954,09464,0,0,0
05954,09471,0,0,0
05954,09472,0,0,0
05954,09473,0,0,0
05954,09474,0,0,0
05954,09475,14,0,14
05954,09476,0,0,0
05954,09477,0,0,0
05954,09478,0,0,0
05954,09479,0,0,0
05954,09561,0,0,0
05954,09562,20,0,20
05954,09563,0,0,0
05954,09564,64,15,49
05954,09565,0,0,0
05954,09571,0,0,0
05954,09572,0,0,0
05954,09573,0,0,0
05954,09574,0,0,0
05954,09575,0,0,0
05954,09576,0,0,0
05954,09577,0,0,0
05954,09661,11,0,11
05954,09662,0,0,0
05954,09663,0,0,0
05954,09671,0,0,0
05954,09672,0,0,0
05954,09673,0,0,0
05954,09674,0,0,0
05954,09675,0,0,0
05954,09676,0,0,0
05954,09677,18,0,18
05954,09678,14,0,14
05954,09679,10,0,10
05954,09761,47,22,25
05954,09762,0,0,0
05954,09763,0,0,0
05954,09764,0,0,0
05954,09771,0,0,0
05954,09772,43,33,10
05954,09773,28,28,0
05954,09774,10,10,0
05954,09775,10,10,0
05954,09776,0,0,0
05954,09777,0,0,0
05954,09778,0,0,0
05954,09779,0,0,0
05954,09780,0,0,0
05954,10041,30,11,19
05954,10042,13,0,13
05954,10043,0,0,0
05954,10044,0,0,0
05954,10045,0,0,0
05954,10046,0,0,0
05954,11000,372,119,253
05954,12051,0,0,0
05954,12052,0,0,0
05954,12053,0,0,0
05954,12054,10,0,10
05954,12060,0,0,0
05954,12061,0,0,0
05954,12062,0,0,0
05954,12063,0,0,0
05954,12064,0,0,0
05954,12065,0,0,0
05954,12066,0,0,0
05954,12067,0,0,0
05954,12068,0,0,0
05954,12069,10,10,0
05954,12070,0,0,0
05954,12071,0,0,0
05954,12072,0,0,0
05954,12073,0,0,0
05954,13003,0,0,0
05954,13004,0,0,0
05954,13071,0,0,0
05954,13072,0,0,0
05954,13073,0,0,0
05954,13074,0,0,0
05954,13075,12,12,0
05954,13076,0,0,0
05954,14511,11,11,0
05954,14521,0,0,0
05954,14522,12,12,0
05954,14523,10,10,0
05954,14524,0,0,0
05954,14612,30,13,17
05954,14625,0,0,0
05954,14626,0,0,0
05954,14627,0,0,0
05954,14628,0,0,0
05954,14713,42,25,17
05954,14729,0,0,0
05954,14730,0,0,0
05954,15001,0,0,0
05954,15002,0,0,0
05954,15003,0,0,0
05954,15081,0,0,0
05954,15082,0,0,0
05954,15083,0,0,0
05954,15084,0,0,0
05954,15085,0,0,0
05954,15086,0,0,0
05954,15087,0,0,0
05954,15088,0,0,0
05954,15089,0,0,0
05954,15090,0,0,0
05954,15091,0,0,0
05954,16051,11,11,0
05954,16052,12,0,12
05954,16053,0,0,0
05954,16054,0,0,0
05954,16055,0,0,0
05954,16056,0,0,0
05954,16061,0,0,0
05954,16062,0,0,0
05954,16063,0,0,0
05954,16064,0,0,0
05954,16065,0,0,0
05954,16066,0,0,0
05954,16067,0,0,0
05954,16068,0,0,0
05954,16069,0,0,0
05954,16070,0,0,0
05954,16071,0,0,0
05954,16072,0,0,0
05954,16073,0,0,0
05954,16074,0,0,0
05954,16075,0,0,0
05954,16076,0,0,0
05954,16077,0,0,0
05958,01001,0,0,0
05958,01002,12,0,12
05958,01003,12,0,12
05958,01004,0,0,0
05958,01051,0,0,0
05958,01053,0,0,0
05958,01054,35,35,0
05958,01055,0,0,0
05958,01056,0,0,0
05958,01057,0,0,0
05958,01058,0,0,0
05958,01059,0,0,0
05958,01060,18,18,0
05958,01061,0,0,0
05958,01062,0,0,0
05958,02000,192,65,127
05958,03101,11,0,11
05958,03102,0,0,0
05958,03103,0,0,0
05958,03151,0,0,0
05958,03153,10,10,0
05958,03154,0,0,0
05958,03155,15,15,0
05958,03157,0,0,0
05958,03158,0,0,0
05958,03159,66,41,25
05958,03241,138,40,98
05958,03251,13,13,0
05958,03252,0,0,0
05958,03254,13,13,0
05958,03255,0,0,0
05958,03256,0,0,0
05958,03257,27,17,10
05958,03351,0,0,0
05958,03352,10,0,10
05958,03353,10,10,0
05958,03354,0,0,0
05958,03355,0,0,0
05958,03356,0,0,0
05958,03357,0,0,0
05958,03358,0,0,0
05958,03359,0,0,0
05958,03360,0,0,0
05958,03361,0,0,0
05958,03401,0,0,0
05958,03402,0,0,0
05958,03403,21,0,21
05958,03404,31,19,12
05958,03405,0,0,0
05958,03451,0,0,0
05958,03452,16,0,16
05958,03453,0,0,0
05958,03454,27,11,16
05958,03455,0,0,0
05958,03456,0,0,0
05958,03457,0,0,0
05958,03458,0,0,0
05958,03459,69,38,31
05958,03460,0,0,0
05958,03461,20,20,0
05958,03462,0,0,0
05958,04011,48,19,29
05958,04012,0,0,0
05958,05111,347,77,270
05958,05112,105,37,68
05958,05113,262,65,197
05958,05114,58,20,38
05958,05116,36,21,15
05958,05117,42,26,16
05958,05119,61,19,42
05958,05120,36,18,18
05958,05122,49,32,17
05958,05124,102,42,60
05958,05154,73,29,44
05958,05158,157,50,107
05958,05162,86,41,45
05958,05166,47,29,18
05958,05170,80,34,46
05958,05314,106,19,87
05958,05315,371,119,252
05958,05316,45,20,25
05958,05334,84,46,38
05958,05358,33,17,16
05958,05362,72,37,35
05958,05366,37,24,13
05958,05370,44,13,31
05958,05374,86,32,54
05958,05378,74,44,30
05958,05382,80,48,32
05958,05512,49,29,20
05958,05513,166,46,120
05958,05515,435,119,316
05958,05554,100,72,28
05958,05558,127,101,26
05958,05562,286,180,106
05958,05566,98,56,42
05958,05570,361,194,167
05958,05711,265,60,205
05958,05754,297,103,194
05958,05758,56,36,20
05958,05762,788,531,257
05958,05766,188,113,75
05958,05770,67,31,36
05958,05774,3288,1605,1683
05958,05911,309,125,184
05958,05913,1765,630,1135
05958,05914,496,161,335
05958,05915,748,393,355
05958,05916,62,42,20
05958,05954,305,145,160
05958,05958,0,0,0
05958,05962,4702,2144,2558
05958,05966,3425,1489,1936
05958,05970,1091,574,517
05958,05974,10953,6316,4637
05958,05978,1638,814,824
05958,06411,12,0,12
05958,06412,149,18,131
05958,06413,0,0,0
05958,06414,41,28,13
05958,06431,33,23,10
05958,06432,0,0,0
05958,06433,15,15,0
05958,06434,42,11,31
05958,06435,65,19,46
05958,06436,25,0,25
05958,06437,0,0,0
05958,06438,43,14,29
05958,06439,0,0,0
05958,06440,37,18,19
05958,06531,60,33,27
05958,06532,86,40,46
05958,06533,0,0,0
05958,06534,243,90,153
05958,06535,0,0,0
05958,06611,173,62,111
05958,06631,30,14,16
05958,06632,40,23,17
05958,06633,176,95,81
05958,06634,72,51,21
05958,06635,5624,2614,3010
05958,06636,28,28,0
05958,07111,0,0,0
05958,07131,0,0,0
05958,07132,34,34,0
05958,07133,0,0,0
05958,07134,0,0,0
05958,07135,0,0,0
05958,07137,0,0,0
05958,07138,57,14,43
05958,07140,0,0,0
05958,07141,11,11,0
05958,07143,17,17,0
05958,07211,0,0,0
05958,07231,0,0,0
05958,07232,0,0,0
05958,07233,0,0,0
05958,07235,0,0,0
05958,07311,0,0,0
05958,07312,0,0,0
05958,07313,0,0,0
05958,07314,0,0,0
05958,07315,30,12,18
05958,07316,0,0,0
05958,07317,0,0,0
05958,07318,0,0,0
05958,07319,0,0,0
05958,07320,0,0,0
05958,07331,0,0,0
05958,07332,0,0,0
05958,07333,0,0,0
05958,07334,0,0,0
05958,07335,0,0,0
05958,07336,0,0,0
05958,07337,0,0,0
05958,07338,0,0,0
05958,07339,18,18,0
05958,07340,0,0,0
05958,08111,49,21,28
05958,08115,15,0,15
05958,08116,41,17,24
05958,08117,0,0,0
05958,08118,48,18,30
05958,08119,33,20,13
05958,08121,0,0,0
05958,08125,17,0,17
05958,08126,24,0,24
05958,08127,11,0,11
05958,08128,0,0,0
05958,08135,0,0,0
05958,08136,0,0,0
05958,08211,0,0,0
05958,08212,10,0,10
05958,08215,29,15,14
05958,08216,12,0,12
05958,08221,0,0,0
05958,08222,45,11,34
05958,08225,0,0,0
05958,08226,25,10,15
05958,08231,0,0,0
05958,08235,0,0,0
05958,08236,0,0,0
05958,08237,0,0,0
05958,08311,11,0,11
05958,08315,0,0,0
05958,08316,0,0,0
05958,08317,11,0,11
05958,08325,0,0,0
05958,08326,12,12,0
05958,08327,0,0,0
05958,08335,12,0,12
05958,08336,10,0,10
05958,08337,0,0,0
05958,08415,11,11,0
05958,08416,0,0,0
05958,08417,0,0,0
05958,08421,22,0,22
05958,08425,0,0,0
05958,08426,0,0,0
05958,08435,0,0,0
05958,08436,0,0,0
05958,08437,0,0,0
05958,09161,0,0,0
05958,09162,128,39,89
05958,09163,0,0,0
05958,09171,0,0,0
05958,09172,0,0,0
05958,09173,0,0,0
05958,09174,0,0,0
05958,09175,10,0,10
05958,09176,0,0,0
05958,09177,0,0,0
05958,09178,10,0,10
05958,09179,0,0,0
05958,09180,0,0,0
05958,09181,0,0,0
05958,09182,0,0,0
05958,09183,0,0,0
05958,09184,60,15,45
05958,09185,0,0,0
05958,09186,0,0,0
05958,09187,0,0,0
05958,09188,0,0,0
05958,09189,0,0,0
05958,09190,0,0,0
05958,09261,0,0,0
05958,09262,0,0,0
05958,09263,0,0,0
05958,09271,0,0,0
05958,09272,0,0,0
05958,09273,0,0,0
05958,09274,0,0,0
05958,09275,0,0,0
05958,09276,0,0,0
05958,09277,0,0,0
05958,09278,0,0,0
05958,09279,0,0,0
05958,09361,0,0,0
05958,09362,0,0,0
05958,09363,0,0,0
05958,09371,0,0,0
05958,09372,0,0,0
05958,09373,0,0,0
05958,09374,0,0,0
05958,09375,0,0,0
05958,09376,0,0,0
05958,09377,0,0,0
05958,09461,0,0,0
05958,09462,0,0,0
05958,09463,0,0,0
05958,09464,0,0,0
05958,09471,0,0,0
05958,09472,0,0,0
05958,09473,0,0,0
05958,09474,0,0,0
05958,09475,0,0,0
05958,09476,0,0,0
05958,09477,0,0,0
05958,09478,0,0,0
05958,09479,0,0,0
05958,09561,0,0,0
05958,09562,10,0,10
05958,09563,0,0,0
05958,09564,47,20,27
05958,09565,0,0,0
05958,09571,0,0,0
05958,09572,0,0,0
05958,09573,0,0,0
05958,09574,13,0,13
05958,09575,0,0,0
05958,09576,0,0,0
05958,09577,0,0,0
05958,09661,10,0,10
05958,09662,0,0,0
05958,09663,0,0,0
05958,09671,0,0,0
05958,09672,11,11,0
05958,09673,0,0,0
05958,09674,0,0,0
05958,09675,0,0,0
05958,09676,12,0,12
05958,09677,0,0,0
05958,09678,0,0,0
05958,09679,0,0,0
05958,09761,11,0,11
05958,09762,10,0,10
05958,09763,0,0,0
05958,09764,0,0,0
05958,09771,0,0,0
05958,09772,13,13,0
05958,09773,0,0,0
05958,09774,0,0,0
05958,09775,0,0,0
05958,09776,0,0,0
05958,09777,0,0,0
05958,09778,0,0,0
05958,09779,0,0,0
05958,09780,0,0,0
05958,10041,0,0,0
05958,10042,0,0,0
05958,10043,0,0,0
05958,10044,0,0,0
05958,10045,0,0,0
05958,10046,0,0,0
05958,11000,239,103,136
05958,12051,0,0,0
05958,12052,0,0,0
05958,12053,0,0,0
05958,12054,12,0,12
05958,12060,0,0,0
05958,12061,0,0,0
05958,12062,0,0,0
05958,12063,0,0,0
05958,12064,0,0,0
05958,12065,0,0,0
05958,12066,0,0,0
05958,12067,0,0,0
05958,12068,0,0,0
05958,12069,0,0,0
05958,12070,0,0,0
05958,12071,0,0,0
05958,12072,0,0,0
05958,12073,0,0,0
05958,13003,0,0,0
05958,13004,0,0,0
05958,13071,11,11,0
05958,13072,0,0,0
05958,13073,0,0,0
05958,13074,0,0,0
05958,13075,0,0,0
05958,13076,0,0,0
05958,14511,0,0,0
05958,14521,0,0,0
05958,14522,0,0,0
05958,14523,0,0,0
05958,14524,0,0,0
05958,14612,0,0,0
05958,14625,0,0,0
05958,14626,14,14,0
05958,14627,0,0,0
05958,14628,0,0,0
05958,14713,72,62,10
05958,14729,24,24,0
05958,14730,13,13,0
05958,15001,0,0,0
05958,15002,0,0,0
05958,15003,0,0,0
05958,15081,0,0,0
05958,15082,0,0,0
05958,15083,0,0,0
05958,15084,0,0,0
05958,15085,0,0,0
05958,15086,0,0,0
05958,15087,11,11,0
05958,15088,14,14,0
05958,15089,0,0,0
05958,15090,0,0,0
05958,15091,18,18,0
05958,16051,12,12,0
05958,16052,0,0,0
05958,16053,0,0,0
05958,16054,0,0,0
05958,16055,0,0,0
05958,16056,0,0,0
05958,16061,22,22,0
05958,16062,0,0,0
05958,16063,10,10,0
05958,16064,32,32,0
05958,16065,14,14,0
05958,16066,10,0,10
05958,16067,10,10,0
05958,16068,0,0,0
05958,16069,0,0,0
05958,16070,0,0,0
05958,16071,0,0,0
05958,16072,0,0,0
05958,16073,0,0,0
05958,16074,0,0,0
05958,16075,0,0,0
05958,16076,0,0,0
05958,16077,0,0,0
05962,01001,0,0,0
05962,01002,0,0,0
05962,01003,31,12,19
05962,01004,0,0,0
05962,01051,0,0,0
05962,01053,0,0,0
05962,01054,0,0,0
05962,01055,15,15,0
05962,01056,30,20,10
05962,01057,0,0,0
05962,01058,14,14,0
05962,01059,0,0,0
05962,01060,57,17,40
05962,01061,0,0,0
05962,01062,23,11,12
05962,02000,301,109,192
05962,03101,20,10,10
05962,03102,0,0,0
05962,03103,14,0,14
05962,03151,10,10,0
05962,03153,0,0,0
05962,03154,32,32,0
05962,03155,11,0,11
05962,03157,0,0,0
05962,03158,0,0,0
05962,03159,29,15,14
05962,03241,180,71,109
05962,03251,15,0,15
05962,03252,0,0,0
05962,03254,65,13,52
05962,03255,0,0,0
05962,03256,15,15,0
05962,03257,12,12,0
05962,03351,10,10,0
05962,03352,0,0,0
05962,03353,13,13,0
05962,03354,0,0,0
05962,03355,0,0,0
05962,03356,0,0,0
05962,03357,0,0,0
05962,03358,0,0,0
05962,03359,0,0,0
05962,03360,0,0,0
05962,03361,23,11,12
05962,03401,0,0,0
05962,03402,0,0,0
05962,03403,48,13,35
05962,03404,48,37,11
05962,03405,0,0,0
05962,03451,0,0,0
05962,03452,36,24,12
05962,03453,11,0,11
05962,03454,59,34,25
05962,03455,0,0,0
05962,03456,11,0,11
05962,03457,0,0,0
05962,03458,14,14,0
05962,03459,105,74,31
05962,03460,12,0,12
05962,03461,0,0,0
05962,03462,0,0,0
05962,04011,50,22,28
05962,04012,0,0,0
05962,05111,895,294,601
05962,05112,209,78,131
05962,05113,693,244,449
05962,05114,82,43,39
05962,05116,137,98,39
05962,05117,113,51,62
05962,05119,109,50,59
05962,05120,378,140,238
05962,05122,150,57,93
05962,05124,944,354,590
05962,05154,77,43,34
05962,05158,453,140,313
05962,05162,186,88,98
05962,05166,105,62,43
05962,05170,148,84,64
05962,05314,141,40,101
05962,05315,798,236,562
05962,05316,91,30,61
05962,05334,105,47,58
05962,05358,40,17,23
05962,05362,182,93,89
05962,05366,32,20,12
05962,05370,32,20,12
05962,05374,5719,3371,2348
05962,05378,373,207,166
05962,05382,229,136,93
05962,05512,46,30,16
05962,05513,304,106,198
05962,05515,506,106,400
05962,05554,99,45,54
05962,05558,145,79,66
05962,05562,644,455,189
05962,05566,175,98,77
05962,05570,210,116,94
05962,05711,216,24,192
05962,05754,133,47,86
05962,05758,57,31,26
05962,05762,32,21,11
05962,05766,80,38,42
05962,05770,260,48,212
05962,05774,166,64,102
05962,05911,1400,848,552
05962,05913,7036,3226,3810
05962,05914,13408,6144,7264
05962,05915,652,339,313
05962,05916,230,129,101
05962,05954,4142,2314,1828
05962,05958,4702,2558,2144
05962,05962,0,0,0
05962,05966,5977,3062,2915
05962,05970,1178,559,619
05962,05974,2677,1419,1258
05962,05978,9595,5034,4561
05962,06411,12,0,12
05962,06412,203,32,171
05962,06413,15,0,15
05962,06414,31,10,21
05962,06431,23,11,12
05962,06432,29,17,12
05962,06433,37,13,24
05962,06434,54,10,44
05962,06435,53,21,32
05962,06436,46,10,36
05962,06437,0,0,0
05962,06438,113,12,101
05962,06439,20,10,10
05962,06440,36,18,18
05962,06531,40,23,17
05962,06532,103,41,62
05962,06533,16,16,0
05962,06534,47,21,26
05962,06535,0,0,0
05962,06611,31,10,21
05962,06631,30,15,15
05962,06632,10,0,10
05962,06633,49,35,14
05962,06634,0,0,0
05962,06635,13,0,13
05962,06636,0,0,0
05962,07111,10,0,10
05962,07131,12,0,12
05962,07132,132,85,47
05962,07133,0,0,0
05962,07134,0,0,0
05962,07135,0,0,0
05962,07137,26,10,16
05962,07138,56,21,35
05962,07140,0,0,0
05962,07141,10,0,10
05962,07143,43,23,20
05962,07211,10,10,0
05962,07231,11,0,11
05962,07232,0,0,0
05962,07233,0,0,0
05962,07235,0,0,0
05962,07311,0,0,0
05962,07312,0,0,0
05962,07313,0,0,0
05962,07314,0,0,0
05962,07315,28,10,18
05962,07316,0,0,0
05962,07317,0,0,0
05962,07318,0,0,0
05962,07319,0,0,0
05962,07320,0,0,0
05962,07331,0,0,0
05962,07332,35,0,35
05962,07333,0,0,0
05962,07334,0,0,0
05962,07335,0,0,0
05962,07336,0,0,0
05962,07337,0,0,0
05962,07338,0,0,0
05962,07339,38,10,28
05962,07340,0,0,0
05962,08111,78,20,58
05962,08115,49,23,26
05962,08116,68,29,39
05962,08117,27,13,14
05962,08118,58,31,27
05962,08119,76,59,17
05962,08121,0,0,0
05962,08125,31,16,15
05962,08126,73,0,73
05962,08127,0,0,0
05962,08128,0,0,0
05962,08135,0,0,0
05962,08136,34,20,14
05962,08211,0,0,0
05962,08212,23,0,23
05962,08215,62,28,34
05962,08216,0,0,0
05962,08221,0,0,0
05962,08222,42,0,42
05962,08225,11,0,11
05962,08226,68,38,30
05962,08231,12,12,0
05962,08235,0,0,0
05962,08236,45,33,12
05962,08237,0,0,0
05962,08311,18,0,18
05962,08315,11,11,0
05962,08316,0,0,0
05962,08317,57,29,28
05962,08325,0,0,0
05962,08326,25,0,25
05962,08327,16,0,16
05962,08335,25,10,15
05962,08336,0,0,0
05962,08337,0,0,0
05962,08415,24,11,13
05962,08416,29,29,0
05962,08417,0,0,0
05962,08421,16,0,16
05962,08425,11,11,0
05962,08426,0,0,0
05962,08435,14,0,14
05962,08436,0,0,0
05962,08437,0,0,0
05962,09161,10,0,10
05962,09162,157,26,131
05962,09163,0,0,0
05962,09171,0,0,0
05962,09172,0,0,0
05962,09173,0,0,0
05962,09174,0,0,0
05962,09175,0,0,0
05962,09176,0,0,0
05962,09177,0,0,0
05962,09178,13,0,13
05962,09179,0,0,0
05962,09180,0,0,0
05962,09181,10,10,0
05962,09182,0,0,0
05962,09183,0,0,0
05962,09184,98,17,81
05962,09185,37,37,0
05962,09186,12,0,12
05962,09187,11,0,11
05962,09188,0,0,0
05962,09189,0,0,0
05962,09190,0,0,0
05962,09261,0,0,0
05962,09262,0,0,0
05962,09263,0,0,0
05962,09271,0,0,0
05962,09272,0,0,0
05962,09273,0,0,0
05962,09274,0,0,0
05962,09275,0,0,0
05962,09276,0,0,0
05962,09277,0,0,0
05962,09278,0,0,0
05962,09279,0,0,0
05962,09361,0,0,0
05962,09362,14,0,14
05962,09363,0,0,0
05962,09371,0,0,0
05962,09372,0,0,0
05962,09373,10,10,0
05962,09374,0,0,0
05962,09375,0,0,0
05962,09376,0,0,0
05962,09377,0,0,0
05962,09461,0,0,0
05962,09462,0,0,0
05962,09463,0,0,0
05962,09464,0,0,0
05962,09471,0,0,0
05962,09472,0,0,0
05962,09473,22,22,0
05962,09474,10,10,0
05962,09475,37,0,37
05962,09476,0,0,0
05962,09477,0,0,0
05962,09478,0,0,0
05962,09479,0,0,0
05962,09561,0,0,0
05962,09562,10,0,10
05962,09563,10,10,0
05962,09564,47,20,27
05962,09565,0,0,0
05962,09571,0,0,0
05962,09572,0,0,0
05962,09573,0,0,0
05962,09574,13,13,0
05962,09575,0,0,0
05962,09576,0,0,0
05962,09577,0,0,0
05962,09661,0,0,0
05962,09662,0,0,0
05962,09663,15,0,15
05962,09671,14,14,0
05962,09672,0,0,0
05962,09673,0,0,0
05962,09674,0,0,0
05962,09675,0,0,0
05962,09676,0,0,0
05962,09677,0,0,0
05962,09678,0,0,0
05962,09679,0,0,0
05962,09761,19,0,19
05962,09762,0,0,0
05962,09763,0,0,0
05962,09764,0,0,0
05962,09771,0,0,0
05962,09772,14,0,14
05962,09773,0,0,0
05962,09774,0,0,0
05962,09775,0,0,0
05962,09776,0,0,0
05962,09777,0,0,0
05962,09778,10,10,0
05962,09779,0,0,0
05962,09780,37,0,37
05962,10041,15,0,15
05962,10042,15,15,0
05962,10043,0,0,0
05962,10044,0,0,0
05962,10045,10,0,10
05962,10046,0,0,0
05962,11000,396,188,208
05962,12051,0,0,0
05962,12052,0,0,0
05962,12053,0,0,0
05962,12054,20,0,20
05962,12060,0,0,0
05962,12061,0,0,0
05962,12062,0,0,0
05962,12063,0,0,0
05962,12064,0,0,0
05962,12065,0,0,0
05962,12066,0,0,0
05962,12067,0,0,0
05962,12068,0,0,0
05962,12069,10,10,0
05962,12070,0,0,0
05962,12071,0,0,0
05962,12072,25,0,25
05962,12073,0,0,0
05962,13003,11,11,0
05962,13004,0,0,0
05962,13071,0,0,0
05962,13072,0,0,0
05962,13073,0,0,0
05962,13074,16,0,16
05962,13075,0,0,0
05962,13076,0,0,0
05962,14511,23,0,23
05962,14521,17,17,0
05962,14522,10,10,0
05962,14523,13,13,0
05962,14524,10,10,0
05962,14612,28,11,17
05962,14625,12,12,0
05962,14626,0,0,0
05962,14627,0,0,0
05962,14628,0,0,0
05962,14713,32,21,11
05962,14729,11,11,0
05962,14730,0,0,0
05962,15001,0,0,0
05962,15002,0,0,0
05962,15003,23,12,11
05962,15081,0,0,0
05962,15082,20,20,0
05962,15083,20,20,0
05962,15084,0,0,0
05962,15085,21,10,11
05962,15086,0,0,0
05962,15087,0,0,0
05962,15088,0,0,0
05962,15089,0,0,0
05962,15090,0,0,0
05962,15091,0,0,0
05962,16051,0,0,0
05962,16052,0,0,0
05962,16053,0,0,0
05962,16054,0,0,0
05962,16055,0,0,0
05962,16056,0,0,0
05962,16061,0,0,0
05962,16062,0,0,0
05962,16063,0,0,0
05962,16064,0,0,0
05962,16065,0,0,0
05962,16066,54,54,0
05962,16067,0,0,0
05962,16068,0,0,0
05962,16069,0,0,0
05962,16070,10,10,0
05962,16071,0,0,0
05962,16072,0,0,0
05962,16073,0,0,0
05962,16074,0,0,0
05962,16075,0,0,0
05962,16076,0,0,0
05962,16077,0,0,0
05966,01001,0,0,0
05966,01002,0,0,0
05966,01003,0,0,0
05966,01004,0,0,0
05966,01051,0,0,0
05966,01053,0,0,0
05966,01054,0,0,0
05966,01055,0,0,0
05966,01056,0,0,0
05966,01057,0,0,0
05966,01058,0,0,0
05966,01059,0,0,0
05966,01060,0,0,0
05966,01061,0,0,0
05966,01062,0,0,0
05966,02000,65,23,42
05966,03101,0,0,0
05966,03102,0,0,0
05966,03103,0,0,0
05966,03151,0,0,0
05966,03153,0,0,0
05966,03154,0,0,0
05966,03155,0,0,0
05966,03157,0,0,0
05966,03158,0,0,0
05966,03159,0,0,0
05966,03241,49,18,31
05966,03251,0,0,0
05966,03252,0,0,0
05966,03254,11,0,11
05966,03255,0,0,0
05966,03256,0,0,0
05966,03257,0,0,0
05966,03351,0,0,0
05966,03352,0,0,0
05966,03353,0,0,0
05966,03354,0,0,0
05966,03355,0,0,0
05966,03356,0,0,0
05966,03357,0,0,0
05966,03358,0,0,0
05966,03359,0,0,0
05966,03360,0,0,0
05966,03361,0,0,0
05966,03401,0,0,0
05966,03402,0,0,0
05966,03403,0,0,0
05966,03404,10,0,10
05966,03405,0,0,0
05966,03451,0,0,0
05966,03452,0,0,0
05966,03453,0,0,0
05966,03454,0,0,0
05966,03455,0,0,0
05966,03456,0,0,0
05966,03457,0,0,0
05966,03458,0,0,0
05966,03459,0,0,0
05966,03460,0,0,0
05966,03461,0,0,0
05966,03462,0,0,0
05966,04011,62,52,10
05966,04012,0,0,0
05966,05111,148,27,121
05966,05112,51,18,33
05966,05113,112,33,79
05966,05114,0,0,0
05966,05116,23,0,23
05966,05117,0,0,0
05966,05119,31,0,31
05966,05120,61,42,19
05966,05122,46,35,11
05966,05124,106,40,66
05966,05154,15,0,15
05966,05158,120,73,47
05966,05162,36,22,14
05966,05166,24,10,14
05966,05170,29,19,10
05966,05314,233,172,61
05966,05315,730,314,416
05966,05316,87,30,57
05966,05334,71,42,29
05966,05358,14,14,0
05966,05362,136,93,43
05966,05366,16,16,0
05966,05370,0,0,0
05966,05374,3534,2287,1247
05966,05378,361,285,76
05966,05382,451,379,72
05966,05512,0,0,0
05966,05513,43,16,27
05966,05515,74,18,56
05966,05554,25,12,13
05966,05558,13,13,0
05966,05562,87,59,28
05966,05566,25,14,11
05966,05570,43,23,20
05966,05711,50,0,50
05966,05754,35,17,18
05966,05758,0,0,0
05966,05762,0,0,0
05966,05766,0,0,0
05966,05770,13,13,0
05966,05774,94,25,69
05966,05911,85,37,48
05966,05913,315,141,174
05966,05914,291,119,172
05966,05915,38,21,17
05966,05916,11,0,11
05966,05954,108,62,46
05966,05958,3425,1936,1489
05966,05962,5977,2915,3062
05966,05966,0,0,0
05966,05970,9841,5075,4766
05966,05974,185,85,100
05966,05978,150,89,61
05966,06411,0,0,0
05966,06412,93,15,78
05966,06413,0,0,0
05966,06414,11,0,11
05966,06431,0,0,0
05966,06432,0,0,0
05966,06433,13,0,13
05966,06434,23,0,23
05966,06435,14,14,0
05966,06436,13,0,13
05966,06437,0,0,0
05966,06438,11,0,11
05966,06439,0,0,0
05966,06440,11,0,11
05966,06531,39,16,23
05966,06532,196,87,109
05966,06533,14,0,14
05966,06534,49,29,20
05966,06535,0,0,0
05966,06611,0,0,0
05966,06631,0,0,0
05966,06632,0,0,0
05966,06633,0,0,0
05966,06634,0,0,0
05966,06635,23,10,13
05966,06636,0,0,0
05966,07111,21,10,11
05966,07131,17,17,0
05966,07132,787,601,186
05966,07133,0,0,0
05966,07134,0,0,0
05966,07135,0,0,0
05966,07137,22,12,10
05966,07138,46,22,24
05966,07140,0,0,0
05966,07141,13,0,13
05966,07143,81,48,33
05966,07211,0,0,0
05966,07231,0,0,0
05966,07232,0,0,0
05966,07233,0,0,0
05966,07235,0,0,0
05966,07311,0,0,0
05966,07312,0,0,0
05966,07313,0,0,0
05966,07314,0,0,0
05966,07315,0,0,0
05966,07316,0,0,0
05966,07317,0,0,0
05966,07318,0,0,0
05966,07319,0,0,0
05966,07320,0,0,0
05966,07331,0,0,0
05966,07332,0,0,0
05966,07333,0,0,0
05966,07334,0,0,0
05966,07335,0,0,0
05966,07336,0,0,0
05966,07337,0,0,0
05966,07338,0,0,0
05966,07339,0,0,0
05966,07340,0,0,0
05966,08111,25,0,25
05966,08115,12,0,12
05966,08116,0,0,0
05966,08117,0,0,0
05966,08118,0,0,0
05966,08119,48,0,48
05966,08121,0,0,0
05966,08125,0,0,0
05966,08126,0,0,0
05966,08127,0,0,0
05966,08128,0,0,0
05966,08135,0,0,0
05966,08136,0,0,0
05966,08211,0,0,0
05966,08212,0,0,0
05966,08215,22,12,10
05966,08216,0,0,0
05966,08221,0,0,0
05966,08222,16,0,16
05966,08225,0,0,0
05966,08226,11,0,11
05966,08231,0,0,0
05966,08235,0,0,0
05966,08236,0,0,0
05966,08237,0,0,0
05966,08311,0,0,0
05966,08315,0,0,0
05966,08316,0,0,0
05966,08317,54,0,54
05966,08325,0,0,0
05966,08326,0,0,0
05966,08327,0,0,0
05966,08335,0,0,0
05966,08336,0,0,0
05966,08337,0,0,0
05966,08415,0,0,0
05966,08416,0,0,0
05966,08417,0,0,0
05966,08421,0,0,0
05966,08425,0,0,0
05966,08426,0,0,0
05966,08435,0,0,0
05966,08436,10,0,10
05966,08437,0,0,0
05966,09161,0,0,0
05966,09162,57,23,34
05966,09163,0,0,0
05966,09171,0,0,0
05966,09172,0,0,0
05966,09173,0,0,0
05966,09174,0,0,0
05966,09175,0,0,0
05966,09176,0,0,0
05966,09177,0,0,0
05966,09178,0,0,0
05966,09179,0,0,0
05966,09180,0,0,0
05966,09181,0,0,0
05966,09182,0,0,0
05966,09183,0,0,0
05966,09184,18,0,18
05966,09185,0,0,0
05966,09186,0,0,0
05966,09187,0,0,0
05966,09188,0,0,0
05966,09189,0,0,0
05966,09190,0,0,0
05966,09261,0,0,0
05966,09262,0,0,0
05966,09263,0,0,0
05966,09271,0,0,0
05966,09272,0,0,0
05966,09273,0,0,0
05966,09274,0,0,0
05966,09275,0,0,0
05966,09276,0,0,0
05966,09277,0,0,0
05966,09278,0,0,0
05966,09279,0,0,0
05966,09361,0,0,0
05966,09362,0,0,0
05966,09363,0,0,0
05966,09371,0,0,0
05966,09372,0,0,0
05966,09373,0,0,0
05966,09374,0,0,0
05966,09375,0,0,0
05966,09376,0,0,0
05966,09377,0,0,0
05966,09461,0,0,0
05966,09462,0,0,0
05966,09463,0,0,0
05966,09464,0,0,0
05966,09471,0,0,0
05966,09472,0,0,0
05966,09473,0,0,0
05966,09474,0,0,0
05966,09475,0,0,0
05966,09476,0,0,0
05966,09477,0,0,0
05966,09478,0,0,0
05966,09479,0,0,0
05966,09561,0,0,0
05966,09562,0,0,0
05966,09563,0,0,0
05966,09564,11,11,0
05966,09565,0,0,0
05966,09571,0,0,0
05966,09572,0,0,0
05966,09573,0,0,0
05966,09574,0,0,0
05966,09575,0,0,0
05966,09576,0,0,0
05966,09577,0,0,0
05966,09661,0,0,0
05966,09662,0,0,0
05966,09663,0,0,0
05966,09671,0,0,0
05966,09672,0,0,0
05966,09673,0,0,0
05966,09674,0,0,0
05966,09675,0,0,0
05966,09676,0,0,0
05966,09677,0,0,0
05966,09678,0,0,0
05966,09679,0,0,0
05966,09761,0,0,0
05966,09762,0,0,0
05966,09763,0,0,0
05966,09764,0,0,0
05966,09771,0,0,0
05966,09772,0,0,0
05966,09773,0,0,0
05966,09774,0,0,0
05966,09775,0,0,0
05966,09776,0,0,0
05966,09777,0,0,0
05966,09778,0,0,0
05966,09779,0,0,0
05966,09780,0,0,0
05966,10041,10,0,10
05966,10042,0,0,0
05966,10043,0,0,0
05966,10044,0,0,0
05966,10045,0,0,0
05966,10046,0,0,0
05966,11000,78,31,47
05966,12051,0,0,0
05966,12052,0,0,0
05966,12053,0,0,0
05966,12054,0,0,0
05966,12060,0,0,0
05966,12061,0,0,0
05966,12062,0,0,0
05966,12063,0,0,0
05966,12064,0,0,0
05966,12065,0,0,0
05966,12066,0,0,0
05966,12067,0,0,0
05966,12068,16,0,16
05966,12069,0,0,0
05966,12070,0,0,0
05966,12071,0,0,0
05966,12072,0,0,0
05966,12073,18,18,0
05966,13003,0,0,0
05966,13004,0,0,0
05966,13071,0,0,0
05966,13072,0,0,0
05966,13073,0,0,0
05966,13074,79,0,79
05966,13075,0,0,0
05966,13076,0,0,0
05966,14511,0,0,0
05966,14521,0,0,0
05966,14522,0,0,0
05966,14523,0,0,0
05966,14524,0,0,0
05966,14612,66,66,0
05966,14625,0,0,0
05966,14626,0,0,0
05966,14627,0,0,0
05966,14628,0,0,0
05966,14713,10,10,0
05966,14729,0,0,0
05966,14730,0,0,0
05966,15001,0,0,0
05966,15002,0,0,0
05966,15003,0,0,0
05966,15081,0,0,0
05966,15082,0,0,0
05966,15083,0,0,0
05966,15084,0,0,0
05966,15085,0,0,0
05966,15086,0,0,0
05966,15087,0,0,0
05966,15088,0,0,0
05966,15089,0,0,0
05966,15090,14,14,0
05966,15091,0,0,0
05966,16051,0,0,0
05966,16052,0,0,0
05966,16053,0,0,0
05966,16054,0,0,0
05966,16055,0,0,0
05966,16056,0,0,0
05966,16061,0,0,0
05966,16062,0,0,0
05966,16063,17,0,17
05966,16064,0,0,0
05966,16065,0,0,0
05966,16066,0,0,0
05966,16067,0,0,0
05966,16068,0,0,0
05966,16069,0,0,0
05966,16070,0,0,0
05966,16071,0,0,0
05966,16072,0,0,0
05966,16073,0,0,0
05966,16074,0,0,0
05966,16075,0,0,0
05966,16076,0,0,0
05966,16077,0,0,0
05970,01001,0,0,0
05970,01002,0,0,0
05970,01003,27,11,16
05970,01004,19,0,19
05970,01051,0,0,0
05970,01053,0,0,0
05970,01054,0,0,0
05970,01055,40,40,0
05970,01056,18,18,0
05970,01057,0,0,0
05970,01058,77,0,77
05970,01059,0,0,0
05970,01060,12,0,12
05970,01061,13,13,0
05970,01062,0,0,0
05970,02000,183,81,102
05970,03101,10,0,10
05970,03102,0,0,0
05970,03103,0,0,0
05970,03151,0,0,0
05970,03153,0,0,0
05970,03154,0,0,0
05970,03155,0,0,0
05970,03157,0,0,0
05970,03158,0,0,0
05970,03159,39,25,14
05970,03241,121,58,63
05970,03251,0,0,0
05970,03252,0,0,0
05970,03254,12,0,12
05970,03255,0,0,0
05970,03256,0,0,0
05970,03257,0,0,0
05970,03351,17,17,0
05970,03352,0,0,0
05970,03353,0,0,0
05970,03354,0,0,0
05970,03355,0,0,0
05970,03356,0,0,0
05970,03357,0,0,0
05970,03358,0,0,0
05970,03359,0,0,0
05970,03360,0,0,0
05970,03361,0,0,0
05970,03401,0,0,0
05970,03402,0,0,0
05970,03403,13,13,0
05970,03404,77,12,65
05970,03405,0,0,0
05970,03451,0,0,0
05970,03452,16,16,0
05970,03453,0,0,0
05970,03454,14,14,0
05970,03455,0,0,0
05970,03456,0,0,0
05970,03457,10,10,0
05970,03458,0,0,0
05970,03459,36,26,10
05970,03460,10,10,0
05970,03461,0,0,0
05970,03462,0,0,0
05970,04011,56,25,31
05970,04012,0,0,0
05970,05111,406,131,275
05970,05112,130,56,74
05970,05113,284,85,199
05970,05114,81,35,46
05970,05116,99,79,20
05970,05117,17,17,0
05970,05119,57,21,36
05970,05120,45,18,27
05970,05122,37,19,18
05970,05124,162,107,55
05970,05154,131,43,88
05970,05158,140,58,82
05970,05162,128,74,54
05970,05166,145,123,22
05970,05170,80,58,22
05970,05314,270,124,146
05970,05315,1237,447,790
05970,05316,77,52,25
05970,05334,124,61,63
05970,05358,59,30,29
05970,05362,269,143,126
05970,05366,37,37,0
05970,05370,99,80,19
05970,05374,1907,1074,833
05970,05378,241,165,76
05970,05382,487,357,130
05970,05512,12,12,0
05970,05513,157,39,118
05970,05515,175,52,123
05970,05554,40,25,15
05970,05558,46,27,19
05970,05562,135,94,41
05970,05566,134,109,25
05970,05570,55,29,26
05970,05711,193,47,146
05970,05754,112,33,79
05970,05758,35,22,13
05970,05762,15,15,0
05970,05766,52,39,13
05970,05770,16,16,0
05970,05774,133,34,99
05970,05911,165,93,72
05970,05913,453,180,273
05970,05914,351,199,152
05970,05915,54,34,20
05970,05916,57,44,13
05970,05954,217,139,78
05970,05958,1091,517,574
05970,05962,1178,619,559
05970,05966,9841,4766,5075
05970,05970,0,0,0
05970,05974,110,77,33
05970,05978,198,101,97
05970,06411,45,16,29
05970,06412,689,100,589
05970,06413,44,20,24
05970,06414,68,26,42
05970,06431,31,19,12
05970,06432,50,33,17
05970,06433,78,45,33
05970,06434,107,36,71
05970,06435,62,30,32
05970,06436,66,18,48
05970,06437,0,0,0
05970,06438,111,43,68
05970,06439,74,17,57
05970,06440,94,59,35
05970,06531,511,240,271
05970,06532,5944,2665,3279
05970,06533,170,108,62
05970,06534,2751,1119,1632
05970,06535,15,15,0
05970,06611,62,40,22
05970,06631,27,10,17
05970,06632,17,17,0
05970,06633,56,56,0
05970,06634,67,54,13
05970,06635,741,316,425
05970,06636,30,30,0
05970,07111,74,23,51
05970,07131,65,26,39
05970,07132,11504,8483,3021
05970,07133,13,13,0
05970,07134,0,0,0
05970,07135,0,0,0
05970,07137,55,36,19
05970,07138,126,88,38
05970,07140,14,14,0
05970,07141,36,22,14
05970,07143,1849,1409,440
05970,07211,0,0,0
05970,07231,0,0,0
05970,07232,0,0,0
05970,07233,0,0,0
05970,07235,10,10,0
05970,07311,0,0,0
05970,07312,0,0,0
05970,07313,0,0,0
05970,07314,26,11,15
05970,07315,62,18,44
05970,07316,10,0,10
05970,07317,0,0,0
05970,07318,0,0,0
05970,07319,0,0,0
05970,07320,0,0,0
05970,07331,0,0,0
05970,07332,10,10,0
05970,07333,0,0,0
05970,07334,0,0,0
05970,07335,0,0,0
05970,07336,0,0,0
05970,07337,0,0,0
05970,07338,10,10,0
05970,07339,19,0,19
05970,07340,0,0,0
05970,08111,65,20,45
05970,08115,57,14,43
05970,08116,46,17,29
05970,08117,27,10,17
05970,08118,42,16,26
05970,08119,54,25,29
05970,08121,12,0,12
05970,08125,61,45,16
05970,08126,30,0,30
05970,08127,10,0,10
05970,08128,18,0,18
05970,08135,0,0,0
05970,08136,0,0,0
05970,08211,0,0,0
05970,08212,34,12,22
05970,08215,34,16,18
05970,08216,0,0,0
05970,08221,20,10,10
05970,08222,63,34,29
05970,08225,0,0,0
05970,08226,68,42,26
05970,08231,0,0,0
05970,08235,0,0,0
05970,08236,0,0,0
05970,08237,0,0,0
05970,08311,17,0,17
05970,08315,12,12,0
05970,08316,0,0,0
05970,08317,36,0,36
05970,08325,0,0,0
05970,08326,0,0,0
05970,08327,0,0,0
05970,08335,0,0,0
05970,08336,10,0,10
05970,08337,11,0,11
05970,08415,10,0,10
05970,08416,15,15,0
05970,08417,0,0,0
05970,08421,14,0,14
05970,08425,10,0,10
05970,08426,0,0,0
05970,08435,0,0,0
05970,08436,0,0,0
05970,08437,0,0,0
05970,09161,0,0,0
05970,09162,136,43,93
05970,09163,0,0,0
05970,09171,0,0,0
05970,09172,0,0,0
05970,09173,0,0,0
05970,09174,0,0,0
05970,09175,0,0,0
05970,09176,0,0,0
05970,09177,0,0,0
05970,09178,14,0,14
05970,09179,0,0,0
05970,09180,0,0,0
05970,09181,0,0,0
05970,09182,0,0,0
05970,09183,0,0,0
05970,09184,54,11,43
05970,09185,0,0,0
05970,09186,0,0,0
05970,09187,10,10,0
05970,09188,0,0,0
05970,09189,0,0,0
05970,09190,22,22,0
05970,09261,0,0,0
05970,09262,0,0,0
05970,09263,0,0,0
05970,09271,0,0,0
05970,09272,0,0,0
05970,09273,25,0,25
05970,09274,0,0,0
05970,09275,0,0,0
05970,09276,0,0,0
05970,09277,0,0,0
05970,09278,0,0,0
05970,09279,0,0,0
05970,09361,0,0,0
05970,09362,0,0,0
05970,09363,0,0,0
05970,09371,0,0,0
05970,09372,0,0,0
05970,09373,0,0,0
05970,09374,0,0,0
05970,09375,0,0,0
05970,09376,0,0,0
05970,09377,0,0,0
05970,09461,0,0,0
05970,09462,0,0,0
05970,09463,0,0,0
05970,09464,0,0,0
05970,09471,0,0,0
05970,09472,0,0,0
05970,09473,0,0,0
05970,09474,0,0,0
05970,09475,0,0,0
05970,09476,0,0,0
05970,09477,0,0,0
05970,09478,0,0,0
05970,09479,0,0,0
05970,09561,0,0,0
05970,09562,12,0,12
05970,09563,0,0,0
05970,09564,56,28,28
05970,09565,0,0,0
05970,09571,0,0,0
05970,09572,11,11,0
05970,09573,0,0,0
05970,09574,12,12,0
05970,09575,0,0,0
05970,09576,73,73,0
05970,09577,21,21,0
05970,09661,11,0,11
05970,09662,0,0,0
05970,09663,0,0,0
05970,09671,34,16,18
05970,09672,0,0,0
05970,09673,0,0,0
05970,09674,0,0,0
05970,09675,0,0,0
05970,09676,0,0,0
05970,09677,0,0,0
05970,09678,10,10,0
05970,09679,17,17,0
05970,09761,11,0,11
05970,09762,0,0,0
05970,09763,0,0,0
05970,09764,0,0,0
05970,09771,0,0,0
05970,09772,10,10,0
05970,09773,0,0,0
05970,09774,0,0,0
05970,09775,14,0,14
05970,09776,0,0,0
05970,09777,0,0,0
05970,09778,0,0,0
05970,09779,0,0,0
05970,09780,16,0,16
05970,10041,39,10,29
05970,10042,0,0,0
05970,10043,0,0,0
05970,10044,0,0,0
05970,10045,13,13,0
05970,10046,0,0,0
05970,11000,258,115,143
05970,12051,0,0,0
05970,12052,0,0,0
05970,12053,0,0,0
05970,12054,0,0,0
05970,12060,0,0,0
05970,12061,0,0,0
05970,12062,0,0,0
05970,12063,0,0,0
05970,12064,0,0,0
05970,12065,0,0,0
05970,12066,0,0,0
05970,12067,0,0,0
05970,12068,23,0,23
05970,12069,21,11,10
05970,12070,0,0,0
05970,12071,0,0,0
05970,12072,0,0,0
05970,12073,0,0,0
05970,13003,0,0,0
05970,13004,0,0,0
05970,13071,10,10,0
05970,13072,0,0,0
05970,13073,0,0,0
05970,13074,0,0,0
05970,13075,0,0,0
05970,13076,10,10,0
05970,14511,16,16,0
05970,14521,24,24,0
05970,14522,36,36,0
05970,14523,11,11,0
05970,14524,17,17,0
05970,14612,44,34,10
05970,14625,11,11,0
05970,14626,14,14,0
05970,14627,25,11,14
05970,14628,13,13,0
05970,14713,27,27,0
05970,14729,24,24,0
05970,14730,20,20,0
05970,15001,0,0,0
05970,15002,15,15,0
05970,15003,13,13,0
05970,15081,0,0,0
05970,15082,14,14,0
05970,15083,0,0,0
05970,15084,17,17,0
05970,15085,14,14,0
05970,15086,0,0,0
05970,15087,10,10,0
05970,15088,12,12,0
05970,15089,0,0,0
05970,15090,0,0,0
05970,15091,0,0,0
05970,16051,0,0,0
05970,16052,0,0,0
05970,16053,0,0,0
05970,16054,0,0,0
05970,16055,0,0,0
05970,16056,0,0,0
05970,16061,0,0,0
05970,16062,0,0,0
05970,16063,32,12,20
05970,16064,0,0,0
05970,16065,0,0,0
05970,16066,13,13,0
05970,16067,11,11,0
05970,16068,0,0,0
05970,16069,0,0,0
05970,16070,0,0,0
05970,16071,0,0,0
05970,16072,0,0,0
05970,16073,0,0,0
05970,16074,0,0,0
05970,16075,0,0,0
05970,16076,11,0,11
05970,16077,0,0,0
05974,01001,0,0,0
05974,01002,68,0,68
05974,01003,27,12,15
05974,01004,0,0,0
05974,01051,0,0,0
05974,01053,0,0,0
05974,01054,31,12,19
05974,01055,11,11,0
05974,01056,37,27,10
05974,01057,0,0,0
05974,01058,0,0,0
05974,01059,12,12,0
05974,01060,32,16,16
05974,01061,0,0,0
05974,01062,14,0,14
05974,02000,279,66,213
05974,03101,64,46,18
05974,03102,0,0,0
05974,03103,13,0,13
05974,03151,0,0,0
05974,03153,0,0,0
05974,03154,0,0,0
05974,03155,16,16,0
05974,03157,0,0,0
05974,03158,17,17,0
05974,03159,48,31,17
05974,03241,172,52,120
05974,03251,29,10,19
05974,03252,37,15,22
05974,03254,25,13,12
05974,03255,10,0,10
05974,03256,0,0,0
05974,03257,40,14,26
05974,03351,0,0,0
05974,03352,12,12,0
05974,03353,21,10,11
05974,03354,0,0,0
05974,03355,0,0,0
05974,03356,0,0,0
05974,03357,20,10,10
05974,03358,0,0,0
05974,03359,10,10,0
05974,03360,0,0,0
05974,03361,10,10,0
05974,03401,0,0,0
05974,03402,0,0,0
05974,03403,12,0,12
05974,03404,99,53,46
05974,03405,0,0,0
05974,03451,0,0,0
05974,03452,51,32,19
05974,03453,10,0,10
05974,03454,46,19,27
05974,03455,0,0,0
05974,03456,21,0,21
05974,03457,13,0,13
05974,03458,0,0,0
05974,03459,213,95,118
05974,03460,26,10,16
05974,03461,13,0,13
05974,03462,0,0,0
05974,04011,53,18,35
05974,04012,10,0,10
05974,05111,542,89,453
05974,05112,140,52,88
05974,05113,363,100,263
05974,05114,63,28,35
05974,05116,34,15,19
05974,05117,43,21,22
05974,05119,75,28,47
05974,05120,38,10,28
05974,05122,31,14,17
05974,05124,149,52,97
05974,05154,64,36,28
05974,05158,238,61,177
05974,05162,81,27,54
05974,05166,85,25,60
05974,05170,102,51,51
05974,05314,89,30,59
05974,05315,386,77,309
05974,05316,44,11,33
05974,05334,90,40,50
05974,05358,30,12,18
05974,05362,85,27,58
05974,05366,12,0,12
05974,05370,127,12,115
05974,05374,85,24,61
05974,05378,35,20,15
05974,05382,92,38,54
05974,05512,50,32,18
05974,05513,209,81,128
05974,05515,857,203,654
05974,05554,104,36,68
05974,05558,209,102,107
05974,05562,611,389,222
05974,05566,205,112,93
05974,05570,5334,2593,2741
05974,05711,968,288,680
05974,05754,5383,1727,3656
05974,05758,178,106,72
05974,05762,267,182,85
05974,05766,459,250,209
05974,05770,141,55,86
05974,05774,10691,5713,4978
05974,05911,450,193,257
05974,05913,3480,1075,2405
05974,05914,494,175,319
05974,05915,6544,2855,3689
05974,05916,144,65,79
05974,05954,352,155,197
05974,05958,10953,4637,6316
05974,05962,2677,1258,1419
05974,05966,185,100,85
05974,05970,110,33,77
05974,05974,0,0,0
05974,05978,5389,2506,2883
05974,06411,18,0,18
05974,06412,262,19,243
05974,06413,0,0,0
05974,06414,21,0,21
05974,06431,23,0,23
05974,06432,24,13,11
05974,06433,13,0,13
05974,06434,26,0,26
05974,06435,48,17,31
05974,06436,31,0,31
05974,06437,0,0,0
05974,06438,30,0,30
05974,06439,11,0,11
05974,06440,29,13,16
05974,06531,33,16,17
05974,06532,28,10,18
05974,06533,0,0,0
05974,06534,14,14,0
05974,06535,0,0,0
05974,06611,75,26,49
05974,06631,23,11,12
05974,06632,0,0,0
05974,06633,61,34,27
05974,06634,24,12,12
05974,06635,124,72,52
05974,06636,10,10,0
05974,07111,10,0,10
05974,07131,0,0,0
05974,07132,0,0,0
05974,07133,13,0,13
05974,07134,0,0,0
05974,07135,0,0,0
05974,07137,15,0,15
05974,07138,13,0,13
05974,07140,0,0,0
05974,07141,0,0,0
05974,07143,16,16,0
05974,07211,0,0,0
05974,07231,0,0,0
05974,07232,0,0,0
05974,07233,0,0,0
05974,07235,0,0,0
05974,07311,0,0,0
05974,07312,0,0,0
05974,07313,0,0,0
05974,07314,0,0,0
05974,07315,13,0,13
05974,07316,0,0,0
05974,07317,0,0,0
05974,07318,0,0,0
05974,07319,0,0,0
05974,07320,0,0,0
05974,07331,0,0,0
05974,07332,0,0,0
05974,07333,0,0,0
05974,07334,0,0,0
05974,07335,0,0,0
05974,07336,0,0,0
05974,07337,0,0,0
05974,07338,0,0,0
05974,07339,0,0,0
05974,07340,0,0,0
05974,08111,63,19,44
05974,08115,47,22,25
05974,08116,45,14,31
05974,08117,0,0,0
05974,08118,45,20,25
05974,08119,16,0,16
05974,08121,0,0,0
05974,08125,17,0,17
05974,08126,30,0,30
05974,08127,0,0,0
05974,08128,0,0,0
05974,08135,0,0,0
05974,08136,10,0,10
05974,08211,0,0,0
05974,08212,10,0,10
05974,08215,37,13,24
05974,08216,12,0,12
05974,08221,12,0,12
05974,08222,30,0,30
05974,08225,0,0,0
05974,08226,42,13,29
05974,08231,0,0,0
05974,08235,0,0,0
05974,08236,0,0,0
05974,08237,0,0,0
05974,08311,17,0,17
05974,08315,11,11,0
05974,08316,0,0,0
05974,08317,30,12,18
05974,08325,0,0,0
05974,08326,0,0,0
05974,08327,0,0,0
05974,08335,13,0,13
05974,08336,12,0,12
05974,08337,12,0,12
05974,08415,39,12,27
05974,08416,0,0,0
05974,08417,0,0,0
05974,08421,20,0,20
05974,08425,0,0,0
05974,08426,18,0,18
05974,08435,0,0,0
05974,08436,0,0,0
05974,08437,0,0,0
05974,09161,0,0,0
05974,09162,191,45,146
05974,09163,0,0,0
05974,09171,0,0,0
05974,09172,0,0,0
05974,09173,0,0,0
05974,09174,0,0,0
05974,09175,12,12,0
05974,09176,0,0,0
05974,09177,0,0,0
05974,09178,16,0,16
05974,09179,0,0,0
05974,09180,0,0,0
05974,09181,0,0,0
05974,09182,0,0,0
05974,09183,11,11,0
05974,09184,90,20,70
05974,09185,0,0,0
05974,09186,0,0,0
05974,09187,10,0,10
05974,09188,11,0,11
05974,09189,0,0,0
05974,09190,0,0,0
05974,09261,0,0,0
05974,09262,0,0,0
05974,09263,44,44,0
05974,09271,0,0,0
05974,09272,0,0,0
05974,09273,0,0,0
05974,09274,12,12,0
05974,09275,0,0,0
05974,09276,0,0,0
05974,09277,0,0,0
05974,09278,51,51,0
05974,09279,0,0,0
05974,09361,0,0,0
05974,09362,0,0,0
05974,09363,83,0,83
05974,09371,0,0,0
05974,09372,0,0,0
05974,09373,0,0,0
05974,09374,10,0,10
05974,09375,11,11,0
05974,09376,0,0,0
05974,09377,0,0,0
05974,09461,0,0,0
05974,09462,0,0,0
05974,09463,0,0,0
05974,09464,0,0,0
05974,09471,0,0,0
05974,09472,0,0,0
05974,09473,0,0,0
05974,09474,0,0,0
05974,09475,0,0,0
05974,09476,0,0,0
05974,09477,0,0,0
05974,09478,0,0,0
05974,09479,0,0,0
05974,09561,0,0,0
05974,09562,11,0,11
05974,09563,0,0,0
05974,09564,30,0,30
05974,09565,0,0,0
05974,09571,0,0,0
05974,09572,0,0,0
05974,09573,0,0,0
05974,09574,0,0,0
05974,09575,0,0,0
05974,09576,0,0,0
05974,09577,0,0,0
05974,09661,0,0,0
05974,09662,0,0,0
05974,09663,11,0,11
05974,09671,0,0,0
05974,09672,0,0,0
05974,09673,0,0,0
05974,09674,0,0,0
05974,09675,0,0,0
05974,09676,0,0,0
05974,09677,0,0,0
05974,09678,0,0,0
05974,09679,0,0,0
05974,09761,0,0,0
05974,09762,0,0,0
05974,09763,0,0,0
05974,09764,0,0,0
05974,09771,0,0,0
05974,09772,15,15,0
05974,09773,0,0,0
05974,09774,10,0,10
05974,09775,0,0,0
05974,09776,0,0,0
05974,09777,0,0,0
05974,09778,0,0,0
05974,09779,0,0,0
05974,09780,0,0,0
05974,10041,0,0,0
05974,10042,0,0,0
05974,10043,0,0,0
05974,10044,0,0,0
05974,10045,0,0,0
05974,10046,0,0,0
05974,11000,279,100,179
05974,12051,0,0,0
05974,12052,0,0,0
05974,12053,0,0,0
05974,12054,17,0,17
05974,12060,0,0,0
05974,12061,0,0,0
05974,12062,0,0,0
05974,12063,0,0,0
05974,12064,11,11,0
05974,12065,0,0,0
05974,12066,0,0,0
05974,12067,0,0,0
05974,12068,0,0,0
05974,12069,29,16,13
05974,12070,0,0,0
05974,12071,0,0,0
05974,12072,0,0,0
05974,12073,0,0,0
05974,13003,0,0,0
05974,13004,0,0,0
05974,13071,30,15,15
05974,13072,0,0,0
05974,13073,12,12,0
05974,13074,0,0,0
05974,13075,18,18,0
05974,13076,0,0,0
05974,14511,0,0,0
05974,14521,0,0,0
05974,14522,0,0,0
05974,14523,0,0,0
05974,14524,0,0,0
05974,14612,32,19,13
05974,14625,0,0,0
05974,14626,0,0,0
05974,14627,0,0,0
05974,14628,0,0,0
05974,14713,53,25,28
05974,14729,15,15,0
05974,14730,20,20,0
05974,15001,0,0,0
05974,15002,10,10,0
05974,15003,18,18,0
05974,15081,0,0,0
05974,15082,0,0,0
05974,15083,14,14,0
05974,15084,12,12,0
05974,15085,0,0,0
05974,15086,0,0,0
05974,15087,0,0,0
05974,15088,18,18,0
05974,15089,12,12,0
05974,15090,0,0,0
05974,15091,0,0,0
05974,16051,0,0,0
05974,16052,0,0,0
05974,16053,0,0,0
05974,16054,0,0,0
05974,16055,0,0,0
05974,16056,0,0,0
05974,16061,0,0,0
05974,16062,14,14,0
05974,16063,0,0,0
05974,16064,0,0,0
05974,16065,0,0,0
05974,16066,0,0,0
05974,16067,0,0,0
05974,16068,0,0,0
05974,16069,0,0,0
05974,16070,10,0,10
05974,16071,0,0,0
05974,16072,0,0,0
05974,16073,0,0,0
05974,16074,0,0,0
05974,16075,0,0,0
05974,16076,0,0,0
05974,16077,0,0,0
05978,01001,106,106,0
05978,01002,42,0,42
05978,01003,55,30,25
05978,01004,42,28,14
05978,01051,17,17,0
05978,01053,27,17,10
05978,01054,25,13,12
05978,01055,18,18,0
05978,01056,46,29,17
05978,01057,12,12,0
05978,01058,17,17,0
05978,01059,10,0,10
05978,01060,53,16,37
05978,01061,10,10,0
05978,01062,52,36,16
05978,02000,842,438,404
05978,03101,43,16,27
05978,03102,0,0,0
05978,03103,12,0,12
05978,03151,0,0,0
05978,03153,0,0,0
05978,03154,0,0,0
05978,03155,108,17,91
05978,03157,14,14,0
05978,03158,0,0,0
05978,03159,96,37,59
05978,03241,375,145,230
05978,03251,91,59,32
05978,03252,41,21,20
05978,03254,100,72,28
05978,03255,0,0,0
05978,03256,0,0,0
05978,03257,33,21,12
05978,03351,32,18,14
05978,03352,10,10,0
05978,03353,81,68,13
05978,03354,0,0,0
05978,03355,15,15,0
05978,03356,25,25,0
05978,03357,20,20,0
05978,03358,0,0,0
05978,03359,44,44,0
05978,03360,0,0,0
05978,03361,35,25,10
05978,03401,39,39,0
05978,03402,0,0,0
05978,03403,38,19,19
05978,03404,157,95,62
05978,03405,0,0,0
05978,03451,11,11,0
05978,03452,29,18,11
05978,03453,48,36,12
05978,03454,112,55,57
05978,03455,0,0,0
05978,03456,44,31,13
05978,03457,67,52,15
05978,03458,31,31,0
05978,03459,226,137,89
05978,03460,55,29,26
05978,03461,12,12,0
05978,03462,0,0,0
05978,04011,459,392,67
05978,04012,27,16,11
05978,05111,1318,203,1115
05978,05112,1007,347,660
05978,05113,2204,632,1572
05978,05114,159,64,95
05978,05116,91,48,43
05978,05117,264,97,167
05978,05119,435,179,256
05978,05120,136,39,97
05978,05122,92,51,41
05978,05124,732,255,477
05978,05154,127,69,58
05978,05158,686,198,488
05978,05162,219,95,124
05978,05166,118,63,55
05978,05170,479,205,274
05978,05314,160,83,77
05978,05315,987,296,691
05978,05316,128,68,60
05978,05334,126,57,69
05978,05358,72,24,48
05978,05362,225,94,131
05978,05366,52,34,18
05978,05370,125,85,40
05978,05374,177,72,105
05978,05378,140,85,55
05978,05382,202,95,107
05978,05512,377,148,229
05978,05513,1271,481,790
05978,05515,3281,877,2404
05978,05554,315,143,172
05978,05558,6247,2910,3337
05978,05562,6579,3687,2892
05978,05566,747,499,248
05978,05570,1977,1105,872
05978,05711,617,195,422
05978,05754,602,313,289
05978,05758,142,94,48
05978,05762,60,29,31
05978,05766,194,128,66
05978,05770,206,122,84
05978,05774,341,153,188
05978,05911,2960,1040,1920
05978,05913,45365,16208,29157
05978,05914,4580,1528,3052
05978,05915,12743,7045,5698
05978,05916,1293,507,786
05978,05954,3128,1357,1771
05978,05958,1638,824,814
05978,05962,9595,4561,5034
05978,05966,150,61,89
05978,05970,198,97,101
05978,05974,5389,2883,2506
05978,05978,0,0,0
05978,06411,35,10,25
05978,06412,270,77,193
05978,06413,28,11,17
05978,06414,60,15,45
05978,06431,48,29,19
05978,06432,35,16,19
05978,06433,50,29,21
05978,06434,80,22,58
05978,06435,128,93,35
05978,06436,87,33,54
05978,06437,0,0,0
05978,06438,87,40,47
05978,06439,16,0,16
05978,06440,79,54,25
05978,06531,226,211,15
05978,06532,72,43,29
05978,06533,16,16,0
05978,06534,32,20,12
05978,06535,14,14,0
05978,06611,43,14,29
05978,06631,62,49,13
05978,06632,0,0,0
05978,06633,48,31,17
05978,06634,29,17,12
05978,06635,51,30,21
05978,06636,0,0,0
05978,07111,22,0,22
05978,07131,24,24,0
05978,07132,32,12,20
05978,07133,48,37,11
05978,07134,0,0,0
05978,07135,0,0,0
05978,07137,29,18,11
05978,07138,36,19,17
05978,07140,13,13,0
05978,07141,19,19,0
05978,07143,34,16,18
05978,07211,10,0,10
05978,07231,54,54,0
05978,07232,0,0,0
05978,07233,0,0,0
05978,07235,0,0,0
05978,07311,0,0,0
05978,07312,0,0,0
05978,07313,0,0,0
05978,07314,98,86,12
05978,07315,27,11,16
05978,07316,0,0,0
05978,07317,0,0,0
05978,07318,0,0,0
05978,07319,25,0,25
05978,07320,0,0,0
05978,07331,15,15,0
05978,07332,20,20,0
05978,07333,0,0,0
05978,07334,35,35,0
05978,07335,0,0,0
05978,07336,0,0,0
05978,07337,14,14,0
05978,07338,33,33,0
05978,07339,80,47,33
05978,07340,0,0,0
05978,08111,321,255,66
05978,08115,94,70,24
05978,08116,249,196,53
05978,08117,50,36,14
05978,08118,100,61,39
05978,08119,93,74,19
05978,08121,47,36,11
05978,08125,121,89,32
05978,08126,27,0,27
05978,08127,0,0,0
05978,08128,0,0,0
05978,08135,18,0,18
05978,08136,22,0,22
05978,08211,61,61,0
05978,08212,99,66,33
05978,08215,91,66,25
05978,08216,360,360,0
05978,08221,12,0,12
05978,08222,196,141,55
05978,08225,39,39,0
05978,08226,119,77,42
05978,08231,14,14,0
05978,08235,17,17,0
05978,08236,13,0,13
05978,08237,0,0,0
05978,08311,51,11,40
05978,08315,14,0,14
05978,08316,0,0,0
05978,08317,37,19,18
05978,08325,0,0,0
05978,08326,49,13,36
05978,08327,0,0,0
05978,08335,16,0,16
05978,08336,62,52,10
05978,08337,0,0,0
05978,08415,31,17,14
05978,08416,12,12,0
05978,08417,0,0,0
05978,08421,16,0,16
05978,08425,20,0,20
05978,08426,0,0,0
05978,08435,22,0,22
05978,08436,14,14,0
05978,08437,0,0,0
05978,09161,10,0,10
05978,09162,262,54,208
05978,09163,0,0,0
05978,09171,0,0,0
05978,09172,0,0,0
05978,09173,0,0,0
05978,09174,15,15,0
05978,09175,10,0,10
05978,09176,0,0,0
05978,09177,18,18,0
05978,09178,54,30,24
05978,09179,14,14,0
05978,09180,0,0,0
05978,09181,0,0,0
05978,09182,0,0,0
05978,09183,0,0,0
05978,09184,131,17,114
05978,09185,0,0,0
05978,09186,32,0,32
05978,09187,0,0,0
05978,09188,16,0,16
05978,09189,0,0,0
05978,09190,0,0,0
05978,09261,0,0,0
05978,09262,0,0,0
05978,09263,0,0,0
05978,09271,0,0,0
05978,09272,0,0,0
05978,09273,0,0,0
05978,09274,0,0,0
05978,09275,0,0,0
05978,09276,0,0,0
05978,09277,0,0,0
05978,09278,0,0,0
05978,09279,0,0,0
05978,09361,0,0,0
05978,09362,30,15,15
05978,09363,17,0,17
05978,09371,0,0,0
05978,09372,0,0,0
05978,09373,12,0,12
05978,09374,10,0,10
05978,09375,18,18,0
05978,09376,11,11,0
05978,09377,0,0,0
05978,09461,0,0,0
05978,09462,0,0,0
05978,09463,0,0,0
05978,09464,0,0,0
05978,09471,0,0,0
05978,09472,0,0,0
05978,09473,0,0,0
05978,09474,0,0,0
05978,09475,0,0,0
05978,09476,0,0,0
05978,09477,0,0,0
05978,09478,0,0,0
05978,09479,0,0,0
05978,09561,0,0,0
05978,09562,14,0,14
05978,09563,21,21,0
05978,09564,139,74,65
05978,09565,0,0,0
05978,09571,0,0,0
05978,09572,10,0,10
05978,09573,0,0,0
05978,09574,11,11,0
05978,09575,0,0,0
05978,09576,0,0,0
05978,09577,0,0,0
05978,09661,13,0,13
05978,09662,0,0,0
05978,09663,0,0,0
05978,09671,24,11,13
05978,09672,10,10,0
05978,09673,0,0,0
05978,09674,0,0,0
05978,09675,0,0,0
05978,09676,0,0,0
05978,09677,13,13,0
05978,09678,67,0,67
05978,09679,12,0,12
05978,09761,53,30,23
05978,09762,0,0,0
05978,09763,0,0,0
05978,09764,0,0,0
05978,09771,11,11,0
05978,09772,18,18,0
05978,09773,0,0,0
05978,09774,0,0,0
05978,09775,0,0,0
05978,09776,0,0,0
05978,09777,18,18,0
05978,09778,0,0,0
05978,09779,0,0,0
05978,09780,0,0,0
05978,10041,42,23,19
05978,10042,0,0,0
05978,10043,10,10,0
05978,10044,55,27,28
05978,10045,20,0,20
05978,10046,0,0,0
05978,11000,500,190,310
05978,12051,0,0,0
05978,12052,0,0,0
05978,12053,0,0,0
05978,12054,25,0,25
05978,12060,10,10,0
05978,12061,0,0,0
05978,12062,0,0,0
05978,12063,0,0,0
05978,12064,11,11,0
05978,12065,14,14,0
05978,12066,0,0,0
05978,12067,0,0,0
05978,12068,0,0,0
05978,12069,50,19,31
05978,12070,0,0,0
05978,12071,0,0,0
05978,12072,25,25,0
05978,12073,0,0,0
05978,13003,12,12,0
05978,13004,0,0,0
05978,13071,29,18,11
05978,13072,16,16,0
05978,13073,0,0,0
05978,13074,0,0,0
05978,13075,0,0,0
05978,13076,14,14,0
05978,14511,23,10,13
05978,14521,13,13,0
05978,14522,19,19,0
05978,14523,0,0,0
05978,14524,10,10,0
05978,14612,39,19,20
05978,14625,11,11,0
05978,14626,0,0,0
05978,14627,10,10,0
05978,14628,17,17,0
05978,14713,48,48,0
05978,14729,13,13,0
05978,14730,0,0,0
05978,15001,0,0,0
05978,15002,22,11,11
05978,15003,16,16,0
05978,15081,0,0,0
05978,15082,0,0,0
05978,15083,13,13,0
05978,15084,22,22,0
05978,15085,0,0,0
05978,15086,0,0,0
05978,15087,27,27,0
05978,15088,30,15,15
05978,15089,0,0,0
05978,15090,0,0,0
05978,15091,0,0,0
05978,16051,43,32,11
05978,16052,0,0,0
05978,16053,0,0,0
05978,16054,0,0,0
05978,16055,16,16,0
05978,16056,0,0,0
05978,16061,63,63,0
05978,16062,12,12,0
05978,16063,0,0,0
05978,16064,0,0,0
05978,16065,121,121,0
05978,16066,11,11,0
05978,16067,16,16,0
05978,16068,339,339,0
05978,16069,0,0,0
05978,16070,12,12,0
05978,16071,19,19,0
05978,16072,0,0,0
05978,16073,0,0,0
05978,16074,0,0,0
05978,16075,0,0,0
05978,16076,0,0,0
05978,16077,31,31,0
06411,01001,0,0,0
06411,01002,13,13,0
06411,01003,46,21,25
06411,01004,0,0,0
06411,01051,0,0,0
06411,01053,0,0,0
06411,01054,0,0,0
06411,01055,0,0,0
06411,01056,37,21,16
06411,01057,0,0,0
06411,01058,0,0,0
06411,01059,0,0,0
06411,01060,14,14,0
06411,01061,0,0,0
06411,01062,30,19,11
06411,02000,378,163,215
06411,03101,36,24,12
06411,03102,0,0,0
06411,03103,15,0,15
06411,03151,0,0,0
06411,03153,0,0,0
06411,03154,0,0,0
06411,03155,14,14,0
06411,03157,0,0,0
06411,03158,0,0,0
06411,03159,54,39,15
06411,03241,148,95,53
06411,03251,13,13,0
06411,03252,0,0,0
06411,03254,28,18,10
06411,03255,0,0,0
06411,03256,0,0,0
06411,03257,0,0,0
06411,03351,11,11,0
06411,03352,10,10,0
06411,03353,19,19,0
06411,03354,0,0,0
06411,03355,21,21,0
06411,03356,0,0,0
06411,03357,0,0,0
06411,03358,0,0,0
06411,03359,0,0,0
06411,03360,0,0,0
06411,03361,0,0,0
06411,03401,0,0,0
06411,03402,0,0,0
06411,03403,15,15,0
06411,03404,0,0,0
06411,03405,0,0,0
06411,03451,0,0,0
06411,03452,0,0,0
06411,03453,0,0,0
06411,03454,48,13,35
06411,03455,0,0,0
06411,03456,0,0,0
06411,03457,0,0,0
06411,03458,0,0,0
06411,03459,31,31,0
06411,03460,0,0,0
06411,03461,0,0,0
06411,03462,0,0,0
06411,04011,70,35,35
06411,04012,0,0,0
06411,05111,236,89,147
06411,05112,37,21,16
06411,05113,174,44,130
06411,05114,0,0,0
06411,05116,24,14,10
06411,05117,17,17,0
06411,05119,16,16,0
06411,05120,0,0,0
06411,05122,0,0,0
06411,05124,35,24,11
06411,05154,24,13,11
06411,05158,77,51,26
06411,05162,67,40,27
06411,05166,27,27,0
06411,05170,40,26,14
06411,05314,133,73,60
06411,05315,361,157,204
06411,05316,23,23,0
06411,05334,80,41,39
06411,05358,59,59,0
06411,05362,63,38,25
06411,05366,78,78,0
06411,05370,12,12,0
06411,05374,40,10,30
06411,05378,39,39,0
06411,05382,112,75,37
06411,05512,0,0,0
06411,05513,18,18,0
06411,05515,50,34,16
06411,05554,14,14,0
06411,05558,19,19,0
06411,05562,62,45,17
06411,05566,18,18,0
06411,05570,0,0,0
06411,05711,17,17,0
06411,05754,36,14,22
06411,05758,17,17,0
06411,05762,12,12,0
06411,05766,40,22,18
06411,05770,11,11,0
06411,05774,14,14,0
06411,05911,66,35,31
06411,05913,90,56,34
06411,05914,0,0,0
06411,05915,0,0,0
06411,05916,0,0,0
06411,05954,29,29,0
06411,05958,12,12,0
06411,05962,12,12,0
06411,05966,0,0,0
06411,05970,45,29,16
06411,05974,18,18,0
06411,05978,35,25,10
06411,06411,0,0,0
06411,06412,11800,3829,7971
06411,06413,914,523,391
06411,06414,1643,904,739
06411,06431,5956,4992,964
06411,06432,38349,31384,6965
06411,06433,9669,7211,2458
06411,06434,1114,576,538
06411,06435,1300,870,430
06411,06436,1964,1061,903
06411,06437,2967,2752,215
06411,06438,6214,3815,2399
06411,06439,507,401,106
06411,06440,641,496,145
06411,06531,279,212,67
06411,06532,144,112,32
06411,06533,252,197,55
06411,06534,180,109,71
06411,06535,68,49,19
06411,06611,114,40,74
06411,06631,171,142,29
06411,06632,24,24,0
06411,06633,33,33,0
06411,06634,70,59,11
06411,06635,41,26,15
06411,06636,12,12,0
06411,07111,68,47,21
06411,07131,16,16,0
06411,07132,19,19,0
06411,07133,113,96,17
06411,07134,19,19,0
06411,07135,10,0,10
06411,07137,19,19,0
06411,07138,18,18,0
06411,07140,65,46,19
06411,07141,69,53,16
06411,07143,121,108,13
06411,07211,13,13,0
06411,07231,13,13,0
06411,07232,0,0,0
06411,07233,0,0,0
06411,07235,11,11,0
06411,07311,55,36,19
06411,07312,67,31,36
06411,07313,30,12,18
06411,07314,302,143,159
06411,07315,1707,1134,573
06411,07316,30,30,0
06411,07317,0,0,0
06411,07318,38,23,15
06411,07319,295,211,84
06411,07320,0,0,0
06411,07331,324,291,33
06411,07332,123,109,14
06411,07333,74,56,18
06411,07334,46,31,15
06411,07335,18,18,0
06411,07336,17,17,0
06411,07337,32,32,0
06411,07338,170,157,13
06411,07339,774,693,81
06411,07340,19,19,0
06411,08111,262,100,162
06411,08115,102,50,52
06411,08116,95,53,42
06411,08117,20,20,0
06411,08118,97,51,46
06411,08119,46,28,18
06411,08121,19,19,0
06411,08125,86,45,41
06411,08126,26,14,12
06411,08127,42,20,22
06411,08128,35,19,16
06411,08135,0,0,0
06411,08136,10,10,0
06411,08211,11,11,0
06411,08212,204,121,83
06411,08215,179,112,67
06411,08216,47,25,22
06411,08221,544,343,201
06411,08222,1022,579,443
06411,08225,26,26,0
06411,08226,1494,1132,362
06411,08231,10,10,0
06411,08235,0,0,0
06411,08236,17,17,0
06411,08237,0,0,0
06411,08311,72,43,29
06411,08315,33,33,0
06411,08316,12,12,0
06411,08317,54,28,26
06411,08325,0,0,0
06411,08326,18,18,0
06411,08327,0,0,0
06411,08335,28,28,0
06411,08336,42,26,16
06411,08337,0,0,0
06411,08415,42,29,13
06411,08416,26,26,0
06411,08417,0,0,0
06411,08421,35,21,14
06411,08425,20,20,0
06411,08426,11,11,0
06411,08435,32,19,13
06411,08436,29,15,14
06411,08437,0,0,0
06411,09161,20,0,20
06411,09162,681,382,299
06411,09163,0,0,0
06411,09171,0,0,0
06411,09172,0,0,0
06411,09173,16,16,0
06411,09174,19,19,0
06411,09175,28,28,0
06411,09176,0,0,0
06411,09177,0,0,0
06411,09178,55,32,23
06411,09179,37,37,0
06411,09180,0,0,0
06411,09181,19,19,0
06411,09182,25,25,0
06411,09183,0,0,0
06411,09184,163,80,83
06411,09185,0,0,0
06411,09186,10,10,0
06411,09187,22,22,0
06411,09188,111,34,77
06411,09189,0,0,0
06411,09190,11,11,0
06411,09261,0,0,0
06411,09262,0,0,0
06411,09263,0,0,0
06411,09271,0,0,0
06411,09272,0,0,0
06411,09273,0,0,0
06411,09274,0,0,0
06411,09275,10,10,0
06411,09276,0,0,0
06411,09277,0,0,0
06411,09278,0,0,0
06411,09279,0,0,0
06411,09361,0,0,0
06411,09362,23,11,12
06411,09363,0,0,0
06411,09371,10,10,0
06411,09372,0,0,0
06411,09373,15,15,0
06411,09374,0,0,0
06411,09375,0,0,0
06411,09376,0,0,0
06411,09377,0,0,0
06411,09461,16,16,0
06411,09462,0,0,0
06411,09463,0,0,0
06411,09464,0,0,0
06411,09471,14,14,0
06411,09472,0,0,0
06411,09473,0,0,0
06411,09474,13,13,0
06411,09475,0,0,0
06411,09476,0,0,0
06411,09477,0,0,0
06411,09478,0,0,0
06411,09479,0,0,0
06411,09561,0,0,0
06411,09562,41,14,27
06411,09563,0,0,0
06411,09564,120,60,60
06411,09565,0,0,0
06411,09571,12,12,0
06411,09572,29,17,12
06411,09573,14,14,0
06411,09574,13,13,0
06411,09575,12,12,0
06411,09576,0,0,0
06411,09577,0,0,0
06411,09661,440,259,181
06411,09662,0,0,0
06411,09663,29,29,0
06411,09671,657,518,139
06411,09672,26,13,13
06411,09673,11,11,0
06411,09674,0,0,0
06411,09675,0,0,0
06411,09676,349,281,68
06411,09677,56,40,16
06411,09678,0,0,0
06411,09679,23,23,0
06411,09761,48,25,23
06411,09762,0,0,0
06411,09763,0,0,0
06411,09764,0,0,0
06411,09771,11,11,0
06411,09772,0,0,0
06411,09773,0,0,0
06411,09774,0,0,0
06411,09775,16,16,0
06411,09776,0,0,0
06411,09777,0,0,0
06411,09778,0,0,0
06411,09779,0,0,0
06411,09780,0,0,0
06411,10041,71,41,30
06411,10042,0,0,0
06411,10043,16,16,0
06411,10044,18,18,0
06411,10045,40,30,10
06411,10046,13,13,0
06411,11000,602,328,274
06411,12051,0,0,0
06411,12052,0,0,0
06411,12053,0,0,0
06411,12054,31,20,11
06411,12060,0,0,0
06411,12061,0,0,0
06411,12062,0,0,0
06411,12063,0,0,0
06411,12064,24,12,12
06411,12065,0,0,0
06411,12066,0,0,0
06411,12067,0,0,0
06411,12068,0,0,0
06411,12069,11,11,0
06411,12070,0,0,0
06411,12071,0,0,0
06411,12072,12,12,0
06411,12073,0,0,0
06411,13003,0,0,0
06411,13004,0,0,0
06411,13071,0,0,0
06411,13072,0,0,0
06411,13073,0,0,0
06411,13074,0,0,0
06411,13075,10,10,0
06411,13076,0,0,0
06411,14511,23,12,11
06411,14521,15,15,0
06411,14522,23,23,0
06411,14523,12,12,0
06411,14524,15,15,0
06411,14612,58,37,21
06411,14625,14,14,0
06411,14626,0,0,0
06411,14627,10,10,0
06411,14628,22,22,0
06411,14713,80,58,22
06411,14729,18,18,0
06411,14730,0,0,0
06411,15001,0,0,0
06411,15002,19,19,0
06411,15003,20,20,0
06411,15081,0,0,0
06411,15082,0,0,0
06411,15083,0,0,0
06411,15084,0,0,0
06411,15085,0,0,0
06411,15086,0,0,0
06411,15087,0,0,0
06411,15088,0,0,0
06411,15089,0,0,0
06411,15090,0,0,0
06411,15091,0,0,0
06411,16051,37,37,0
06411,16052,11,11,0
06411,16053,14,14,0
06411,16054,0,0,0
06411,16055,0,0,0
06411,16056,0,0,0
06411,16061,10,10,0
06411,16062,0,0,0
06411,16063,0,0,0
06411,16064,14,14,0
06411,16065,0,0,0
06411,16066,25,25,0
06411,16067,16,16,0
06411,16068,0,0,0
06411,16069,0,0,0
06411,16070,13,13,0
06411,16071,0,0,0
06411,16072,0,0,0
06411,16073,11,11,0
06411,16074,0,0,0
06411,16075,0,0,0
06411,16076,0,0,0
06411,16077,0,0,0
06412,01001,57,43,14
06412,01002,159,124,35
06412,01003,162,90,72
06412,01004,71,71,0
06412,01051,53,53,0
06412,01053,166,118,48
06412,01054,78,61,17
06412,01055,74,74,0
06412,01056,284,260,24
06412,01057,49,49,0
06412,01058,98,98,0
06412,01059,67,55,12
06412,01060,324,264,60
06412,01061,57,57,0
06412,01062,241,210,31
06412,02000,4795,3313,1482
06412,03101,231,153,78
06412,03102,41,29,12
06412,03103,94,58,36
06412,03151,64,51,13
06412,03153,71,71,0
06412,03154,23,23,0
06412,03155,153,101,52
06412,03157,60,50,10
06412,03158,42,42,0
06412,03159,377,331,46
06412,03241,1371,1122,249
06412,03251,139,126,13
06412,03252,151,134,17
06412,03254,163,163,0
06412,03255,66,66,0
06412,03256,33,33,0
06412,03257,148,148,0
06412,03351,113,96,17
06412,03352,68,68,0
06412,03353,220,209,11
06412,03354,11,11,0
06412,03355,126,112,14
06412,03356,58,58,0
06412,03357,153,142,11
06412,03358,86,86,0
06412,03359,98,85,13
06412,03360,41,41,0
06412,03361,80,68,12
06412,03401,19,19,0
06412,03402,0,0,0
06412,03403,118,87,31
06412,03404,129,88,41
06412,03405,44,44,0
06412,03451,53,53,0
06412,03452,64,53,11
06412,03453,51,36,15
06412,03454,149,84,65
06412,03455,44,44,0
06412,03456,44,34,10
06412,03457,34,34,0
06412,03458,79,79,0
06412,03459,115,100,15
06412,03460,58,43,15
06412,03461,21,21,0
06412,03462,23,23,0
06412,04011,572,439,133
06412,04012,67,55,12
06412,05111,3773,2279,1494
06412,05112,542,468,74
06412,05113,985,662,323
06412,05114,307,278,29
06412,05116,500,433,67
06412,05117,266,206,60
06412,05119,203,175,28
06412,05120,49,49,0
06412,05122,161,142,19
06412,05124,394,300,94
06412,05154,211,168,43
06412,05158,892,726,166
06412,05162,855,774,81
06412,05166,365,313,52
06412,05170,352,320,32
06412,05314,1127,737,390
06412,05315,4676,3193,1483
06412,05316,269,228,41
06412,05334,520,401,119
06412,05358,226,140,86
06412,05362,887,723,164
06412,05366,160,138,22
06412,05370,185,185,0
06412,05374,252,172,80
06412,05378,490,466,24
06412,05382,1435,1226,209
06412,05512,79,79,0
06412,05513,164,108,56
06412,05515,524,383,141
06412,05554,159,133,26
06412,05558,148,131,17
06412,05562,419,339,80
06412,05566,263,203,60
06412,05570,125,109,16
06412,05711,191,150,41
06412,05754,233,159,74
06412,05758,95,83,12
06412,05762,74,74,0
06412,05766,153,123,30
06412,05770,140,110,30
06412,05774,186,158,28
06412,05911,378,309,69
06412,05913,957,599,358
06412,05914,120,105,15
06412,05915,64,64,0
06412,05916,74,58,16
06412,05954,257,217,40
06412,05958,149,131,18
06412,05962,203,171,32
06412,05966,93,78,15
06412,05970,689,589,100
06412,05974,262,243,19
06412,05978,270,193,77
06412,06411,11800,7971,3829
06412,06412,0,0,0
06412,06413,26521,20883,5638
06412,06414,16786,12910,3876
06412,06431,4248,3878,370
06412,06432,13252,11786,1466
06412,06433,32145,26372,5773
06412,06434,38749,26765,11984
06412,06435,37868,33484,4384
06412,06436,52530,34183,18347
06412,06437,1392,1289,103
06412,06438,48621,38420,10201
06412,06439,8448,7663,785
06412,06440,32223,28089,4134
06412,06531,6089,5429,660
06412,06532,2791,2524,267
06412,06533,7734,7223,511
06412,06534,2734,2100,634
06412,06535,1266,1118,148
06412,06611,964,720,244
06412,06631,2419,2230,189
06412,06632,461,410,51
06412,06633,559,541,18
06412,06634,602,569,33
06412,06635,263,232,31
06412,06636,147,147,0
06412,07111,462,356,106
06412,07131,162,162,0
06412,07132,245,220,25
06412,07133,1164,1063,101
06412,07134,154,130,24
06412,07135,132,119,13
06412,07137,467,423,44
06412,07138,298,270,28
06412,07140,562,499,63
06412,07141,1441,1370,71
06412,07143,1547,1416,131
06412,07211,182,150,32
06412,07231,123,123,0
06412,07232,62,49,13
06412,07233,139,89,50
06412,07235,153,129,24
06412,07311,169,130,39
06412,07312,366,304,62
06412,07313,111,100,11
06412,07314,1061,625,436
06412,07315,10904,9211,1693
06412,07316,167,156,11
06412,07317,33,33,0
06412,07318,161,145,16
06412,07319,590,546,44
06412,07320,44,44,0
06412,07331,1537,1421,116
06412,07332,432,406,26
06412,07333,266,252,14
06412,07334,242,211,31
06412,07335,213,187,26
06412,07336,74,74,0
06412,07337,207,189,18
06412,07338,576,533,43
06412,07339,5308,4787,521
06412,07340,118,118,0
06412,08111,2044,1389,655
06412,08115,582,462,120
06412,08116,845,697,148
06412,08117,210,167,43
06412,08118,805,611,194
06412,08119,474,409,65
06412,08121,186,138,48
06412,08125,345,262,83
06412,08126,76,52,24
06412,08127,126,94,32
06412,08128,192,148,44
06412,08135,68,54,14
06412,08136,203,162,41
06412,08211,165,121,44
06412,08212,1089,854,235
06412,08215,1073,976,97
06412,08216,243,205,38
06412,08221,1337,1012,325
06412,08222,3287,2540,747
06412,08225,205,181,24
06412,08226,2846,2427,419
06412,08231,182,120,62
06412,08235,115,105,10
06412,08236,178,167,11
06412,08237,63,50,13
06412,08311,420,328,92
06412,08315,235,205,30
06412,08316,126,112,14
06412,08317,428,303,125
06412,08325,75,61,14
06412,08326,147,120,27
06412,08327,54,40,14
06412,08335,262,222,40
06412,08336,426,367,59
06412,08337,139,118,21
06412,08415,313,260,53
06412,08416,302,243,59
06412,08417,115,94,21
06412,08421,205,173,32
06412,08425,154,140,14
06412,08426,105,93,12
06412,08435,196,158,38
06412,08436,145,100,45
06412,08437,63,52,11
06412,09161,175,109,66
06412,09162,5909,3612,2297
06412,09163,38,38,0
06412,09171,29,29,0
06412,09172,57,39,18
06412,09173,96,96,0
06412,09174,165,146,19
06412,09175,223,199,24
06412,09176,38,38,0
06412,09177,239,214,25
06412,09178,591,385,206
06412,09179,245,224,21
06412,09180,61,61,0
06412,09181,112,102,10
06412,09182,131,105,26
06412,09183,62,62,0
06412,09184,1081,681,400
06412,09185,25,25,0
06412,09186,84,69,15
06412,09187,157,138,19
06412,09188,271,212,59
06412,09189,70,47,23
06412,09190,71,60,11
06412,09261,88,75,13
06412,09262,38,38,0
06412,09263,26,26,0
06412,09271,48,33,15
06412,09272,14,14,0
06412,09273,43,43,0
06412,09274,105,92,13
06412,09275,51,41,10
06412,09276,12,12,0
06412,09277,37,26,11
06412,09278,35,35,0
06412,09279,33,23,10
06412,09361,11,11,0
06412,09362,198,143,55
06412,09363,21,11,10
06412,09371,39,29,10
06412,09372,33,20,13
06412,09373,85,60,25
06412,09374,32,22,10
06412,09375,47,47,0
06412,09376,30,30,0
06412,09377,0,0,0
06412,09461,93,70,23
06412,09462,112,90,22
06412,09463,42,29,13
06412,09464,26,26,0
06412,09471,71,59,12
06412,09472,31,31,0
06412,09473,32,32,0
06412,09474,86,86,0
06412,09475,44,21,23
06412,09476,15,15,0
06412,09477,84,84,0
06412,09478,32,32,0
06412,09479,19,19,0
06412,09561,17,17,0
06412,09562,258,134,124
06412,09563,137,122,15
06412,09564,931,571,360
06412,09565,42,27,15
06412,09571,90,73,17
06412,09572,188,152,36
06412,09573,107,96,11
06412,09574,152,126,26
06412,09575,71,59,12
06412,09576,85,72,13
06412,09577,17,17,0
06412,09661,2517,2034,483
06412,09662,68,53,15
06412,09663,502,411,91
06412,09671,5752,5219,533
06412,09672,193,160,33
06412,09673,94,80,14
06412,09674,45,45,0
06412,09675,116,103,13
06412,09676,1972,1546,426
06412,09677,549,473,76
06412,09678,139,139,0
06412,09679,372,347,25
06412,09761,290,229,61
06412,09762,17,17,0
06412,09763,40,18,22
06412,09764,17,17,0
06412,09771,100,80,20
06412,09772,166,143,23
06412,09773,13,13,0
06412,09774,43,43,0
06412,09775,136,99,37
06412,09776,57,34,23
06412,09777,75,75,0
06412,09778,43,43,0
06412,09779,54,44,10
06412,09780,77,66,11
06412,10041,767,428,339
06412,10042,95,71,24
06412,10043,166,150,16
06412,10044,174,151,23
06412,10045,203,168,35
06412,10046,122,111,11
06412,11000,8184,6181,2003
06412,12051,24,24,0
06412,12052,49,49,0
06412,12053,53,53,0
06412,12054,262,196,66
06412,12060,93,93,0
06412,12061,142,124,18
06412,12062,29,29,0
06412,12063,122,122,0
06412,12064,104,104,0
06412,12065,183,173,10
06412,12066,40,40,0
06412,12067,98,86,12
06412,12068,17,17,0
06412,12069,245,212,33
06412,12070,0,0,0
06412,12071,38,38,0
06412,12072,183,183,0
06412,12073,33,33,0
06412,13003,64,64,0
06412,13004,24,24,0
06412,13071,72,72,0
06412,13072,60,60,0
06412,13073,75,75,0
06412,13074,29,29,0
06412,13075,67,67,0
06412,13076,47,47,0
06412,14511,133,108,25
06412,14521,119,105,14
06412,14522,109,98,11
06412,14523,77,65,12
06412,14524,107,97,10
06412,14612,474,374,100
06412,14625,97,78,19
06412,14626,92,75,17
06412,14627,99,84,15
06412,14628,84,84,0
06412,14713,922,788,134
06412,14729,188,171,17
06412,14730,128,110,18
06412,15001,48,48,0
06412,15002,760,741,19
06412,15003,172,129,43
06412,15081,17,17,0
06412,15082,108,108,0
06412,15083,48,48,0
06412,15084,122,122,0
06412,15085,74,74,0
06412,15086,21,21,0
06412,15087,76,76,0
06412,15088,241,227,14
06412,15089,82,82,0
06412,15090,38,38,0
06412,15091,67,53,14
06412,16051,294,258,36
06412,16052,37,37,0
06412,16053,114,90,24
06412,16054,25,25,0
06412,16055,73,73,0
06412,16056,51,51,0
06412,16061,99,80,19
06412,16062,65,65,0
06412,16063,180,169,11
06412,16064,160,138,22
06412,16065,58,58,0
06412,16066,145,145,0
06412,16067,140,121,19
06412,16068,45,45,0
06412,16069,33,33,0
06412,16070,102,86,16
06412,16071,94,94,0
06412,16072,16,16,0
06412,16073,53,53,0
06412,16074,55,55,0
06412,16075,20,20,0
06412,16076,56,56,0
06412,16077,41,41,0
06413,01001,0,0,0
06413,01002,0,0,0
06413,01003,17,0,17
06413,01004,0,0,0
06413,01051,0,0,0
06413,01053,14,0,14
06413,01054,0,0,0
06413,01055,0,0,0
06413,01056,0,0,0
06413,01057,0,0,0
06413,01058,0,0,0
06413,01059,0,0,0
06413,01060,11,0,11
06413,01061,0,0,0
06413,01062,10,10,0
06413,02000,293,69,224
06413,03101,0,0,0
06413,03102,0,0,0
06413,03103,0,0,0
06413,03151,0,0,0
06413,03153,0,0,0
06413,03154,0,0,0
06413,03155,14,0,14
06413,03157,0,0,0
06413,03158,0,0,0
06413,03159,0,0,0
06413,03241,69,28,41
06413,03251,0,0,0
06413,03252,0,0,0
06413,03254,0,0,0
06413,03255,0,0,0
06413,03256,0,0,0
06413,03257,0,0,0
06413,03351,0,0,0
06413,03352,0,0,0
06413,03353,12,12,0
06413,03354,0,0,0
06413,03355,0,0,0
06413,03356,0,0,0
06413,03357,0,0,0
06413,03358,0,0,0
06413,03359,0,0,0
06413,03360,0,0,0
06413,03361,0,0,0
06413,03401,0,0,0
06413,03402,0,0,0
06413,03403,0,0,0
06413,03404,0,0,0
06413,03405,0,0,0
06413,03451,0,0,0
06413,03452,13,13,0
06413,03453,0,0,0
06413,03454,17,0,17
06413,03455,0,0,0
06413,03456,0,0,0
06413,03457,0,0,0
06413,03458,0,0,0
06413,03459,0,0,0
06413,03460,19,0,19
06413,03461,0,0,0
06413,03462,0,0,0
06413,04011,40,15,25
06413,04012,0,0,0
06413,05111,207,44,163
06413,05112,45,32,13
06413,05113,64,28,36
06413,05114,0,0,0
06413,05116,12,12,0
06413,05117,16,16,0
06413,05119,10,0,10
06413,05120,0,0,0
06413,05122,0,0,0
06413,05124,11,11,0
06413,05154,0,0,0
06413,05158,70,29,41
06413,05162,44,24,20
06413,05166,12,12,0
06413,05170,20,20,0
06413,05314,49,19,30
06413,05315,302,54,248
06413,05316,13,13,0
06413,05334,33,14,19
06413,05358,13,0,13
06413,05362,65,42,23
06413,05366,0,0,0
06413,05370,0,0,0
06413,05374,13,0,13
06413,05378,15,15,0
06413,05382,83,36,47
06413,05512,0,0,0
06413,05513,0,0,0
06413,05515,12,0,12
06413,05554,0,0,0
06413,05558,0,0,0
06413,05562,35,20,15
06413,05566,0,0,0
06413,05570,0,0,0
06413,05711,0,0,0
06413,05754,25,13,12
06413,05758,0,0,0
06413,05762,0,0,0
06413,05766,0,0,0
06413,05770,0,0,0
06413,05774,0,0,0
06413,05911,14,14,0
06413,05913,97,50,47
06413,05914,0,0,0
06413,05915,0,0,0
06413,05916,0,0,0
06413,05954,0,0,0
06413,05958,0,0,0
06413,05962,15,15,0
06413,05966,0,0,0
06413,05970,44,24,20
06413,05974,0,0,0
06413,05978,28,17,11
06413,06411,914,391,523
06413,06412,26521,5638,20883
06413,06413,0,0,0
06413,06414,783,333,450
06413,06431,236,163,73
06413,06432,1442,1029,413
06413,06433,1980,737,1243
06413,06434,1752,780,972
06413,06435,6046,4216,1830
06413,06436,2013,762,1251
06413,06437,127,91,36
06413,06438,17893,11166,6727
06413,06439,336,220,116
06413,06440,2079,1410,669
06413,06531,294,195,99
06413,06532,137,95,42
06413,06533,211,139,72
06413,06534,134,76,58
06413,06535,102,79,23
06413,06611,72,52,20
06413,06631,224,161,63
06413,06632,29,17,12
06413,06633,31,31,0
06413,06634,29,29,0
06413,06635,12,12,0
06413,06636,0,0,0
06413,07111,0,0,0
06413,07131,0,0,0
06413,07132,11,0,11
06413,07133,78,43,35
06413,07134,0,0,0
06413,07135,0,0,0
06413,07137,31,11,20
06413,07138,14,14,0
06413,07140,17,0,17
06413,07141,44,44,0
06413,07143,42,27,15
06413,07211,0,0,0
06413,07231,0,0,0
06413,07232,0,0,0
06413,07233,0,0,0
06413,07235,19,19,0
06413,07311,0,0,0
06413,07312,0,0,0
06413,07313,0,0,0
06413,07314,86,37,49
06413,07315,465,215,250
06413,07316,0,0,0
06413,07317,0,0,0
06413,07318,46,10,36
06413,07319,14,14,0
06413,07320,0,0,0
06413,07331,64,45,19
06413,07332,20,20,0
06413,07333,10,10,0
06413,07334,16,16,0
06413,07335,18,18,0
06413,07336,0,0,0
06413,07337,12,12,0
06413,07338,39,25,14
06413,07339,232,169,63
06413,07340,10,10,0
06413,08111,188,99,89
06413,08115,55,44,11
06413,08116,60,38,22
06413,08117,19,19,0
06413,08118,55,30,25
06413,08119,35,25,10
06413,08121,32,19,13
06413,08125,79,60,19
06413,08126,0,0,0
06413,08127,19,19,0
06413,08128,0,0,0
06413,08135,0,0,0
06413,08136,0,0,0
06413,08211,23,23,0
06413,08212,38,19,19
06413,08215,47,29,18
06413,08216,12,12,0
06413,08221,40,16,24
06413,08222,188,71,117
06413,08225,386,386,0
06413,08226,185,105,80
06413,08231,0,0,0
06413,08235,0,0,0
06413,08236,15,15,0
06413,08237,0,0,0
06413,08311,21,10,11
06413,08315,17,17,0
06413,08316,0,0,0
06413,08317,45,19,26
06413,08325,0,0,0
06413,08326,0,0,0
06413,08327,0,0,0
06413,08335,11,11,0
06413,08336,0,0,0
06413,08337,14,14,0
06413,08415,13,13,0
06413,08416,10,10,0
06413,08417,0,0,0
06413,08421,0,0,0
06413,08425,10,10,0
06413,08426,0,0,0
06413,08435,0,0,0
06413,08436,0,0,0
06413,08437,0,0,0
06413,09161,10,0,10
06413,09162,364,80,284
06413,09163,0,0,0
06413,09171,0,0,0
06413,09172,0,0,0
06413,09173,0,0,0
06413,09174,0,0,0
06413,09175,0,0,0
06413,09176,0,0,0
06413,09177,0,0,0
06413,09178,19,0,19
06413,09179,10,10,0
06413,09180,10,10,0
06413,09181,0,0,0
06413,09182,0,0,0
06413,09183,0,0,0
06413,09184,83,23,60
06413,09185,0,0,0
06413,09186,0,0,0
06413,09187,0,0,0
06413,09188,0,0,0
06413,09189,0,0,0
06413,09190,0,0,0
06413,09261,0,0,0
06413,09262,0,0,0
06413,09263,0,0,0
06413,09271,0,0,0
06413,09272,0,0,0
06413,09273,0,0,0
06413,09274,0,0,0
06413,09275,0,0,0
06413,09276,0,0,0
06413,09277,0,0,0
06413,09278,0,0,0
06413,09279,0,0,0
06413,09361,0,0,0
06413,09362,0,0,0
06413,09363,0,0,0
06413,09371,0,0,0
06413,09372,0,0,0
06413,09373,0,0,0
06413,09374,0,0,0
06413,09375,0,0,0
06413,09376,0,0,0
06413,09377,0,0,0
06413,09461,0,0,0
06413,09462,0,0,0
06413,09463,0,0,0
06413,09464,0,0,0
06413,09471,10,0,10
06413,09472,0,0,0
06413,09473,0,0,0
06413,09474,11,11,0
06413,09475,0,0,0
06413,09476,0,0,0
06413,09477,0,0,0
06413,09478,0,0,0
06413,09479,0,0,0
06413,09561,0,0,0
06413,09562,35,0,35
06413,09563,0,0,0
06413,09564,88,21,67
06413,09565,0,0,0
06413,09571,0,0,0
06413,09572,0,0,0
06413,09573,0,0,0
06413,09574,0,0,0
06413,09575,0,0,0
06413,09576,0,0,0
06413,09577,0,0,0
06413,09661,345,181,164
06413,09662,0,0,0
06413,09663,25,11,14
06413,09671,882,632,250
06413,09672,0,0,0
06413,09673,0,0,0
06413,09674,0,0,0
06413,09675,0,0,0
06413,09676,286,205,81
06413,09677,50,30,20
06413,09678,0,0,0
06413,09679,24,24,0
06413,09761,22,11,11
06413,09762,0,0,0
06413,09763,0,0,0
06413,09764,0,0,0
06413,09771,0,0,0
06413,09772,0,0,0
06413,09773,0,0,0
06413,09774,0,0,0
06413,09775,0,0,0
06413,09776,0,0,0
06413,09777,0,0,0
06413,09778,0,0,0
06413,09779,0,0,0
06413,09780,0,0,0
06413,10041,35,12,23
06413,10042,0,0,0
06413,10043,13,13,0
06413,10044,0,0,0
06413,10045,13,13,0
06413,10046,0,0,0
06413,11000,361,136,225
06413,12051,0,0,0
06413,12052,0,0,0
06413,12053,0,0,0
06413,12054,0,0,0
06413,12060,0,0,0
06413,12061,0,0,0
06413,12062,0,0,0
06413,12063,0,0,0
06413,12064,0,0,0
06413,12065,0,0,0
06413,12066,0,0,0
06413,12067,0,0,0
06413,12068,0,0,0
06413,12069,18,0,18
06413,12070,0,0,0
06413,12071,12,0,12
06413,12072,0,0,0
06413,12073,0,0,0
06413,13003,0,0,0
06413,13004,0,0,0
06413,13071,0,0,0
06413,13072,0,0,0
06413,13073,0,0,0
06413,13074,0,0,0
06413,13075,0,0,0
06413,13076,0,0,0
06413,14511,88,77,11
06413,14521,0,0,0
06413,14522,0,0,0
06413,14523,0,0,0
06413,14524,10,10,0
06413,14612,55,42,13
06413,14625,0,0,0
06413,14626,0,0,0
06413,14627,0,0,0
06413,14628,0,0,0
06413,14713,36,22,14
06413,14729,0,0,0
06413,14730,0,0,0
06413,15001,0,0,0
06413,15002,0,0,0
06413,15003,0,0,0
06413,15081,0,0,0
06413,15082,0,0,0
06413,15083,0,0,0
06413,15084,0,0,0
06413,15085,0,0,0
06413,15086,0,0,0
06413,15087,0,0,0
06413,15088,0,0,0
06413,15089,0,0,0
06413,15090,0,0,0
06413,15091,0,0,0
06413,16051,24,14,10
06413,16052,0,0,0
06413,16053,0,0,0
06413,16054,0,0,0
06413,16055,0,0,0
06413,16056,0,0,0
06413,16061,18,18,0
06413,16062,0,0,0
06413,16063,0,0,0
06413,16064,12,12,0
06413,16065,0,0,0
06413,16066,0,0,0
06413,16067,0,0,0
06413,16068,0,0,0
06413,16069,0,0,0
06413,16070,0,0,0
06413,16071,0,0,0
06413,16072,0,0,0
06413,16073,0,0,0
06413,16074,0,0,0
06413,16075,0,0,0
06413,16076,0,0,0
06413,16077,0,0,0
06414,01001,0,0,0
06414,01002,13,13,0
06414,01003,44,22,22
06414,01004,11,11,0
06414,01051,0,0,0
06414,01053,50,39,11
06414,01054,14,14,0
06414,01055,0,0,0
06414,01056,71,57,14
06414,01057,0,0,0
06414,01058,26,26,0
06414,01059,0,0,0
06414,01060,65,45,20
06414,01061,14,14,0
06414,01062,68,52,16
06414,02000,960,597,363
06414,03101,32,21,11
06414,03102,0,0,0
06414,03103,17,0,17
06414,03151,0,0,0
06414,03153,13,13,0
06414,03154,0,0,0
06414,03155,14,14,0
06414,03157,17,17,0
06414,03158,10,10,0
06414,03159,68,51,17
06414,03241,260,179,81
06414,03251,0,0,0
06414,03252,26,26,0
06414,03254,36,36,0
06414,03255,0,0,0
06414,03256,0,0,0
06414,03257,18,18,0
06414,03351,17,17,0
06414,03352,0,0,0
06414,03353,48,48,0
06414,03354,0,0,0
06414,03355,19,19,0
06414,03356,0,0,0
06414,03357,16,16,0
06414,03358,19,19,0
06414,03359,29,29,0
06414,03360,0,0,0
06414,03361,14,14,0
06414,03401,0,0,0
06414,03402,0,0,0
06414,03403,17,17,0
06414,03404,71,44,27
06414,03405,0,0,0
06414,03451,11,11,0
06414,03452,0,0,0
06414,03453,0,0,0
06414,03454,34,34,0
06414,03455,0,0,0
06414,03456,15,15,0
06414,03457,0,0,0
06414,03458,17,17,0
06414,03459,74,74,0
06414,03460,10,10,0
06414,03461,0,0,0
06414,03462,0,0,0
06414,04011,90,60,30
06414,04012,0,0,0
06414,05111,434,156,278
06414,05112,134,113,21
06414,05113,138,57,81
06414,05114,47,28,19
06414,05116,39,26,13
06414,05117,30,20,10
06414,05119,12,12,0
06414,05120,0,0,0
06414,05122,34,21,13
06414,05124,64,33,31
06414,05154,54,31,23
06414,05158,140,88,52
06414,05162,173,87,86
06414,05166,51,28,23
06414,05170,67,48,19
06414,05314,169,83,86
06414,05315,701,321,380
06414,05316,43,30,13
06414,05334,90,51,39
06414,05358,39,39,0
06414,05362,167,125,42
06414,05366,34,34,0
06414,05370,34,34,0
06414,05374,52,22,30
06414,05378,77,63,14
06414,05382,241,168,73
06414,05512,16,16,0
06414,05513,23,23,0
06414,05515,72,45,27
06414,05554,28,28,0
06414,05558,30,30,0
06414,05562,112,93,19
06414,05566,83,72,11
06414,05570,22,22,0
06414,05711,63,40,23
06414,05754,42,30,12
06414,05758,32,32,0
06414,05762,16,16,0
06414,05766,39,23,16
06414,05770,58,45,13
06414,05774,75,50,25
06414,05911,78,54,24
06414,05913,143,77,66
06414,05914,12,12,0
06414,05915,17,17,0
06414,05916,17,17,0
06414,05954,44,28,16
06414,05958,41,13,28
06414,05962,31,21,10
06414,05966,11,11,0
06414,05970,68,42,26
06414,05974,21,21,0
06414,05978,60,45,15
06414,06411,1643,739,904
06414,06412,16786,3876,12910
06414,06413,783,450,333
06414,06414,0,0,0
06414,06431,500,387,113
06414,06432,1316,988,328
06414,06433,8907,4775,4132
06414,06434,2115,1081,1034
06414,06435,1055,683,372
06414,06436,10679,5972,4707
06414,06437,113,88,25
06414,06438,2262,1147,1115
06414,06439,23897,19353,4544
06414,06440,898,682,216
06414,06531,435,322,113
06414,06532,324,221,103
06414,06533,2791,2421,370
06414,06534,269,165,104
06414,06535,74,64,10
06414,06611,164,73,91
06414,06631,282,241,41
06414,06632,51,35,16
06414,06633,101,91,10
06414,06634,89,64,25
06414,06635,67,43,24
06414,06636,26,26,0
06414,07111,206,109,97
06414,07131,39,39,0
06414,07132,58,34,24
06414,07133,1520,1249,271
06414,07134,90,65,25
06414,07135,44,28,16
06414,07137,138,108,30
06414,07138,98,61,37
06414,07140,400,298,102
06414,07141,2187,2048,139
06414,07143,495,423,72
06414,07211,51,25,26
06414,07231,64,42,22
06414,07232,21,0,21
06414,07233,0,0,0
06414,07235,21,21,0
06414,07311,57,32,25
06414,07312,160,100,60
06414,07313,18,18,0
06414,07314,198,72,126
06414,07315,18100,9019,9081
06414,07316,47,47,0
06414,07317,23,11,12
06414,07318,26,26,0
06414,07319,223,158,65
06414,07320,24,0,24
06414,07331,1917,1678,239
06414,07332,90,77,13
06414,07333,243,195,48
06414,07334,38,25,13
06414,07335,96,73,23
06414,07336,48,48,0
06414,07337,37,37,0
06414,07338,71,55,16
06414,07339,8029,6490,1539
06414,07340,20,20,0
06414,08111,430,190,240
06414,08115,135,101,34
06414,08116,155,109,46
06414,08117,17,17,0
06414,08118,159,96,63
06414,08119,79,57,22
06414,08121,54,39,15
06414,08125,79,47,32
06414,08126,10,10,0
06414,08127,14,14,0
06414,08128,52,25,27
06414,08135,17,17,0
06414,08136,56,43,13
06414,08211,14,14,0
06414,08212,145,75,70
06414,08215,140,114,26
06414,08216,42,31,11
06414,08221,150,82,68
06414,08222,451,216,235
06414,08225,31,31,0
06414,08226,422,275,147
06414,08231,26,26,0
06414,08235,21,21,0
06414,08236,25,25,0
06414,08237,10,10,0
06414,08311,64,37,27
06414,08315,28,28,0
06414,08316,18,18,0
06414,08317,74,49,25
06414,08325,13,13,0
06414,08326,19,19,0
06414,08327,10,10,0
06414,08335,39,29,10
06414,08336,45,15,30
06414,08337,0,0,0
06414,08415,41,28,13
06414,08416,50,38,12
06414,08417,35,35,0
06414,08421,42,24,18
06414,08425,29,29,0
06414,08426,32,21,11
06414,08435,14,14,0
06414,08436,34,21,13
06414,08437,0,0,0
06414,09161,26,12,14
06414,09162,871,363,508
06414,09163,0,0,0
06414,09171,0,0,0
06414,09172,0,0,0
06414,09173,15,15,0
06414,09174,19,19,0
06414,09175,27,27,0
06414,09176,0,0,0
06414,09177,49,49,0
06414,09178,97,46,51
06414,09179,37,37,0
06414,09180,16,16,0
06414,09181,18,18,0
06414,09182,23,23,0
06414,09183,10,10,0
06414,09184,209,73,136
06414,09185,0,0,0
06414,09186,39,24,15
06414,09187,45,35,10
06414,09188,34,21,13
06414,09189,15,15,0
06414,09190,10,10,0
06414,09261,0,0,0
06414,09262,0,0,0
06414,09263,0,0,0
06414,09271,0,0,0
06414,09272,0,0,0
06414,09273,16,16,0
06414,09274,11,11,0
06414,09275,11,11,0
06414,09276,0,0,0
06414,09277,0,0,0
06414,09278,0,0,0
06414,09279,0,0,0
06414,09361,0,0,0
06414,09362,36,21,15
06414,09363,0,0,0
06414,09371,0,0,0
06414,09372,0,0,0
06414,09373,0,0,0
06414,09374,14,14,0
06414,09375,12,12,0
06414,09376,0,0,0
06414,09377,0,0,0
06414,09461,0,0,0
06414,09462,11,11,0
06414,09463,0,0,0
06414,09464,0,0,0
06414,09471,39,39,0
06414,09472,10,10,0
06414,09473,11,11,0
06414,09474,20,20,0
06414,09475,29,0,29
06414,09476,0,0,0
06414,09477,0,0,0
06414,09478,12,12,0
06414,09479,0,0,0
06414,09561,0,0,0
06414,09562,38,13,25
06414,09563,19,19,0
06414,09564,189,103,86
06414,09565,0,0,0
06414,09571,0,0,0
06414,09572,37,27,10
06414,09573,20,20,0
06414,09574,23,23,0
06414,09575,13,0,13
06414,09576,13,13,0
06414,09577,0,0,0
06414,09661,153,67,86
06414,09662,0,0,0
06414,09663,70,43,27
06414,09671,214,154,60
06414,09672,17,17,0
06414,09673,12,12,0
06414,09674,0,0,0
06414,09675,29,18,11
06414,09676,88,57,31
06414,09677,58,38,20
06414,09678,13,13,0
06414,09679,45,28,17
06414,09761,100,82,18
06414,09762,0,0,0
06414,09763,0,0,0
06414,09764,0,0,0
06414,09771,19,19,0
06414,09772,48,32,16
06414,09773,11,11,0
06414,09774,19,19,0
06414,09775,42,32,10
06414,09776,14,0,14
06414,09777,10,10,0
06414,09778,19,19,0
06414,09779,0,0,0
06414,09780,55,13,42
06414,10041,189,109,80
06414,10042,40,19,21
06414,10043,37,26,11
06414,10044,66,47,19
06414,10045,51,29,22
06414,10046,25,25,0
06414,11000,1084,617,467
06414,12051,0,0,0
06414,12052,0,0,0
06414,12053,0,0,0
06414,12054,47,32,15
06414,12060,17,17,0
06414,12061,23,23,0
06414,12062,0,0,0
06414,12063,22,22,0
06414,12064,20,20,0
06414,12065,28,28,0
06414,12066,0,0,0
06414,12067,18,18,0
06414,12068,11,11,0
06414,12069,56,46,10
06414,12070,0,0,0
06414,12071,0,0,0
06414,12072,28,28,0
06414,12073,0,0,0
06414,13003,32,32,0
06414,13004,0,0,0
06414,13071,15,15,0
06414,13072,16,16,0
06414,13073,0,0,0
06414,13074,11,11,0
06414,13075,0,0,0
06414,13076,17,17,0
06414,14511,36,22,14
06414,14521,13,13,0
06414,14522,20,20,0
06414,14523,19,19,0
06414,14524,18,18,0
06414,14612,77,63,14
06414,14625,20,20,0
06414,14626,10,10,0
06414,14627,19,19,0
06414,14628,22,22,0
06414,14713,124,101,23
06414,14729,66,66,0
06414,14730,13,13,0
06414,15001,0,0,0
06414,15002,21,21,0
06414,15003,20,20,0
06414,15081,0,0,0
06414,15082,16,16,0
06414,15083,13,13,0
06414,15084,16,16,0
06414,15085,0,0,0
06414,15086,0,0,0
06414,15087,14,14,0
06414,15088,16,16,0
06414,15089,0,0,0
06414,15090,0,0,0
06414,15091,12,12,0
06414,16051,38,38,0
06414,16052,11,11,0
06414,16053,23,23,0
06414,16054,0,0,0
06414,16055,12,12,0
06414,16056,0,0,0
06414,16061,0,0,0
06414,16062,0,0,0
06414,16063,22,22,0
06414,16064,23,23,0
06414,16065,0,0,0
06414,16066,21,21,0
06414,16067,16,16,0
06414,16068,0,0,0
06414,16069,0,0,0
06414,16070,13,13,0
06414,16071,12,12,0
06414,16072,0,0,0
06414,16073,21,21,0
06414,16074,15,15,0
06414,16075,10,10,0
06414,16076,0,0,0
06414,16077,0,0,0
06431,01001,0,0,0
06431,01002,0,0,0
06431,01003,0,0,0
06431,01004,0,0,0
06431,01051,0,0,0
06431,01053,0,0,0
06431,01054,0,0,0
06431,01055,0,0,0
06431,01056,18,18,0
06431,01057,0,0,0
06431,01058,0,0,0
06431,01059,16,0,16
06431,01060,23,11,12
06431,01061,0,0,0
06431,01062,15,0,15
06431,02000,269,65,204
06431,03101,16,0,16
06431,03102,0,0,0
06431,03103,0,0,0
06431,03151,0,0,0
06431,03153,0,0,0
06431,03154,0,0,0
06431,03155,0,0,0
06431,03157,0,0,0
06431,03158,0,0,0
06431,03159,0,0,0
06431,03241,88,43,45
06431,03251,0,0,0
06431,03252,0,0,0
06431,03254,14,14,0
06431,03255,0,0,0
06431,03256,0,0,0
06431,03257,0,0,0
06431,03351,0,0,0
06431,03352,0,0,0
06431,03353,22,11,11
06431,03354,0,0,0
06431,03355,0,0,0
06431,03356,0,0,0
06431,03357,18,18,0
06431,03358,0,0,0
06431,03359,0,0,0
06431,03360,0,0,0
06431,03361,0,0,0
06431,03401,0,0,0
06431,03402,0,0,0
06431,03403,0,0,0
06431,03404,25,11,14
06431,03405,12,12,0
06431,03451,0,0,0
06431,03452,0,0,0
06431,03453,0,0,0
06431,03454,28,10,18
06431,03455,0,0,0
06431,03456,0,0,0
06431,03457,0,0,0
06431,03458,0,0,0
06431,03459,68,15,53
06431,03460,0,0,0
06431,03461,0,0,0
06431,03462,0,0,0
06431,04011,39,11,28
06431,04012,0,0,0
06431,05111,187,58,129
06431,05112,129,47,82
06431,05113,205,27,178
06431,05114,17,0,17
06431,05116,12,12,0
06431,05117,14,14,0
06431,05119,35,14,21
06431,05120,0,0,0
06431,05122,0,0,0
06431,05124,36,16,20
06431,05154,27,13,14
06431,05158,92,36,56
06431,05162,49,24,25
06431,05166,29,10,19
06431,05170,44,27,17
06431,05314,52,20,32
06431,05315,300,83,217
06431,05316,17,0,17
06431,05334,50,25,25
06431,05358,18,18,0
06431,05362,72,37,35
06431,05366,0,0,0
06431,05370,29,18,11
06431,05374,44,15,29
06431,05378,25,12,13
06431,05382,78,51,27
06431,05512,0,0,0
06431,05513,28,28,0
06431,05515,15,0,15
06431,05554,37,37,0
06431,05558,0,0,0
06431,05562,63,33,30
06431,05566,23,12,11
06431,05570,24,24,0
06431,05711,36,11,25
06431,05754,36,0,36
06431,05758,20,10,10
06431,05762,0,0,0
06431,05766,31,12,19
06431,05770,10,10,0
06431,05774,0,0,0
06431,05911,32,18,14
06431,05913,68,28,40
06431,05914,0,0,0
06431,05915,0,0,0
06431,05916,11,0,11
06431,05954,44,18,26
06431,05958,33,10,23
06431,05962,23,12,11
06431,05966,0,0,0
06431,05970,31,12,19
06431,05974,23,23,0
06431,05978,48,19,29
06431,06411,5956,964,4992
06431,06412,4248,370,3878
06431,06413,236,73,163
06431,06414,500,113,387
06431,06431,0,0,0
06431,06432,5815,2803,3012
06431,06433,3241,1204,2037
06431,06434,285,63,222
06431,06435,303,132,171
06431,06436,554,111,443
06431,06437,2267,1278,989
06431,06438,1090,343,747
06431,06439,116,56,60
06431,06440,209,104,105
06431,06531,90,60,30
06431,06532,53,21,32
06431,06533,81,31,50
06431,06534,60,31,29
06431,06535,11,11,0
06431,06611,63,13,50
06431,06631,56,28,28
06431,06632,13,0,13
06431,06633,29,18,11
06431,06634,46,18,28
06431,06635,0,0,0
06431,06636,0,0,0
06431,07111,27,0,27
06431,07131,0,0,0
06431,07132,0,0,0
06431,07133,90,62,28
06431,07134,10,10,0
06431,07135,10,10,0
06431,07137,31,17,14
06431,07138,23,12,11
06431,07140,33,15,18
06431,07141,35,18,17
06431,07143,39,21,18
06431,07211,0,0,0
06431,07231,11,0,11
06431,07232,0,0,0
06431,07233,0,0,0
06431,07235,15,15,0
06431,07311,795,294,501
06431,07312,144,62,82
06431,07313,86,27,59
06431,07314,3776,1016,2760
06431,07315,472,125,347
06431,07316,151,69,82
06431,07317,0,0,0
06431,07318,312,92,220
06431,07319,4045,2148,1897
06431,07320,11,0,11
06431,07331,919,732,187
06431,07332,500,325,175
06431,07333,222,152,70
06431,07334,128,65,63
06431,07335,61,39,22
06431,07336,0,0,0
06431,07337,115,50,65
06431,07338,868,559,309
06431,07339,281,189,92
06431,07340,22,22,0
06431,08111,317,41,276
06431,08115,144,67,77
06431,08116,121,51,70
06431,08117,36,18,18
06431,08118,161,60,101
06431,08119,56,23,33
06431,08121,56,10,46
06431,08125,166,64,102
06431,08126,52,13,39
06431,08127,33,12,21
06431,08128,37,21,16
06431,08135,0,0,0
06431,08136,51,13,38
06431,08211,37,16,21
06431,08212,381,81,300
06431,08215,481,212,269
06431,08216,100,34,66
06431,08221,3502,588,2914
06431,08222,18695,3376,15319
06431,08225,261,154,107
06431,08226,17031,6132,10899
06431,08231,41,23,18
06431,08235,13,13,0
06431,08236,50,29,21
06431,08237,21,21,0
06431,08311,76,14,62
06431,08315,40,11,29
06431,08316,10,10,0
06431,08317,88,48,40
06431,08325,13,13,0
06431,08326,46,17,29
06431,08327,0,0,0
06431,08335,27,11,16
06431,08336,32,14,18
06431,08337,10,0,10
06431,08415,48,19,29
06431,08416,27,14,13
06431,08417,13,0,13
06431,08421,32,10,22
06431,08425,28,17,11
06431,08426,12,12,0
06431,08435,14,0,14
06431,08436,27,11,16
06431,08437,0,0,0
06431,09161,0,0,0
06431,09162,390,78,312
06431,09163,0,0,0
06431,09171,0,0,0
06431,09172,0,0,0
06431,09173,0,0,0
06431,09174,15,15,0
06431,09175,0,0,0
06431,09176,0,0,0
06431,09177,17,17,0
06431,09178,39,21,18
06431,09179,15,15,0
06431,09180,0,0,0
06431,09181,10,0,10
06431,09182,12,0,12
06431,09183,0,0,0
06431,09184,156,37,119
06431,09185,12,0,12
06431,09186,13,0,13
06431,09187,24,13,11
06431,09188,25,10,15
06431,09189,22,11,11
06431,09190,0,0,0
06431,09261,0,0,0
06431,09262,0,0,0
06431,09263,0,0,0
06431,09271,0,0,0
06431,09272,0,0,0
06431,09273,0,0,0
06431,09274,0,0,0
06431,09275,10,10,0
06431,09276,0,0,0
06431,09277,10,0,10
06431,09278,0,0,0
06431,09279,0,0,0
06431,09361,0,0,0
06431,09362,0,0,0
06431,09363,0,0,0
06431,09371,0,0,0
06431,09372,0,0,0
06431,09373,0,0,0
06431,09374,0,0,0
06431,09375,11,11,0
06431,09376,0,0,0
06431,09377,0,0,0
06431,09461,0,0,0
06431,09462,0,0,0
06431,09463,0,0,0
06431,09464,0,0,0
06431,09471,0,0,0
06431,09472,0,0,0
06431,09473,0,0,0
06431,09474,0,0,0
06431,09475,13,0,13
06431,09476,0,0,0
06431,09477,0,0,0
06431,09478,0,0,0
06431,09479,0,0,0
06431,09561,0,0,0
06431,09562,26,0,26
06431,09563,12,0,12
06431,09564,92,35,57
06431,09565,0,0,0
06431,09571,27,12,15
06431,09572,0,0,0
06431,09573,0,0,0
06431,09574,12,12,0
06431,09575,0,0,0
06431,09576,0,0,0
06431,09577,0,0,0
06431,09661,61,25,36
06431,09662,0,0,0
06431,09663,14,0,14
06431,09671,108,59,49
06431,09672,0,0,0
06431,09673,0,0,0
06431,09674,0,0,0
06431,09675,0,0,0
06431,09676,64,29,35
06431,09677,30,12,18
06431,09678,13,13,0
06431,09679,15,0,15
06431,09761,40,12,28
06431,09762,0,0,0
06431,09763,0,0,0
06431,09764,0,0,0
06431,09771,10,10,0
06431,09772,14,14,0
06431,09773,0,0,0
06431,09774,0,0,0
06431,09775,52,0,52
06431,09776,0,0,0
06431,09777,0,0,0
06431,09778,0,0,0
06431,09779,11,11,0
06431,09780,0,0,0
06431,10041,97,37,60
06431,10042,0,0,0
06431,10043,11,11,0
06431,10044,30,18,12
06431,10045,52,16,36
06431,10046,0,0,0
06431,11000,311,115,196
06431,12051,0,0,0
06431,12052,0,0,0
06431,12053,0,0,0
06431,12054,0,0,0
06431,12060,0,0,0
06431,12061,0,0,0
06431,12062,27,27,0
06431,12063,0,0,0
06431,12064,0,0,0
06431,12065,12,12,0
06431,12066,12,12,0
06431,12067,0,0,0
06431,12068,0,0,0
06431,12069,28,12,16
06431,12070,0,0,0
06431,12071,0,0,0
06431,12072,0,0,0
06431,12073,0,0,0
06431,13003,0,0,0
06431,13004,0,0,0
06431,13071,0,0,0
06431,13072,0,0,0
06431,13073,0,0,0
06431,13074,0,0,0
06431,13075,0,0,0
06431,13076,0,0,0
06431,14511,10,10,0
06431,14521,13,13,0
06431,14522,23,23,0
06431,14523,17,0,17
06431,14524,17,17,0
06431,14612,34,17,17
06431,14625,11,11,0
06431,14626,0,0,0
06431,14627,11,11,0
06431,14628,10,10,0
06431,14713,33,19,14
06431,14729,13,13,0
06431,14730,0,0,0
06431,15001,0,0,0
06431,15002,0,0,0
06431,15003,0,0,0
06431,15081,0,0,0
06431,15082,0,0,0
06431,15083,0,0,0
06431,15084,18,18,0
06431,15085,0,0,0
06431,15086,0,0,0
06431,15087,0,0,0
06431,15088,15,15,0
06431,15089,10,10,0
06431,15090,0,0,0
06431,15091,0,0,0
06431,16051,17,17,0
06431,16052,0,0,0
06431,16053,0,0,0
06431,16054,0,0,0
06431,16055,0,0,0
06431,16056,0,0,0
06431,16061,0,0,0
06431,16062,0,0,0
06431,16063,0,0,0
06431,16064,0,0,0
06431,16065,0,0,0
06431,16066,18,18,0
06431,16067,0,0,0
06431,16068,0,0,0
06431,16069,0,0,0
06431,16070,0,0,0
06431,16071,0,0,0
06431,16072,0,0,0
06431,16073,0,0,0
06431,16074,0,0,0
06431,16075,0,0,0
06431,16076,0,0,0
06431,16077,0,0,0
06432,01001,0,0,0
06432,01002,12,0,12
06432,01003,10,10,0
06432,01004,0,0,0
06432,01051,0,0,0
06432,01053,0,0,0
06432,01054,0,0,0
06432,01055,0,0,0
06432,01056,26,11,15
06432,01057,0,0,0
06432,01058,0,0,0
06432,01059,0,0,0
06432,01060,23,12,11
06432,01061,0,0,0
06432,01062,32,17,15
06432,02000,368,79,289
06432,03101,39,18,21
06432,03102,0,0,0
06432,03103,27,12,15
06432,03151,10,10,0
06432,03153,0,0,0
06432,03154,0,0,0
06432,03155,0,0,0
06432,03157,0,0,0
06432,03158,0,0,0
06432,03159,34,20,14
06432,03241,126,49,77
06432,03251,0,0,0
06432,03252,0,0,0
06432,03254,15,15,0
06432,03255,0,0,0
06432,03256,0,0,0
06432,03257,0,0,0
06432,03351,0,0,0
06432,03352,11,0,11
06432,03353,32,15,17
06432,03354,0,0,0
06432,03355,0,0,0
06432,03356,0,0,0
06432,03357,34,0,34
06432,03358,0,0,0
06432,03359,0,0,0
06432,03360,0,0,0
06432,03361,0,0,0
06432,03401,0,0,0
06432,03402,0,0,0
06432,03403,0,0,0
06432,03404,10,0,10
06432,03405,0,0,0
06432,03451,0,0,0
06432,03452,0,0,0
06432,03453,0,0,0
06432,03454,20,0,20
06432,03455,0,0,0
06432,03456,0,0,0
06432,03457,0,0,0
06432,03458,13,13,0
06432,03459,117,18,99
06432,03460,0,0,0
06432,03461,0,0,0
06432,03462,0,0,0
06432,04011,60,31,29
06432,04012,0,0,0
06432,05111,251,22,229
06432,05112,52,22,30
06432,05113,203,17,186
06432,05114,16,0,16
06432,05116,37,17,20
06432,05117,11,11,0
06432,05119,10,0,10
06432,05120,0,0,0
06432,05122,11,0,11
06432,05124,28,13,15
06432,05154,16,0,16
06432,05158,77,28,49
06432,05162,71,26,45
06432,05166,39,13,26
06432,05170,61,15,46
06432,05314,129,49,80
06432,05315,331,79,252
06432,05316,14,0,14
06432,05334,43,19,24
06432,05358,29,10,19
06432,05362,77,28,49
06432,05366,0,0,0
06432,05370,19,19,0
06432,05374,50,18,32
06432,05378,31,21,10
06432,05382,93,44,49
06432,05512,0,0,0
06432,05513,0,0,0
06432,05515,34,13,21
06432,05554,26,11,15
06432,05558,12,12,0
06432,05562,50,33,17
06432,05566,29,16,13
06432,05570,11,11,0
06432,05711,41,23,18
06432,05754,65,21,44
06432,05758,15,15,0
06432,05762,0,0,0
06432,05766,35,0,35
06432,05770,0,0,0
06432,05774,13,0,13
06432,05911,42,17,25
06432,05913,82,31,51
06432,05914,0,0,0
06432,05915,0,0,0
06432,05916,0,0,0
06432,05954,25,12,13
06432,05958,0,0,0
06432,05962,29,12,17
06432,05966,0,0,0
06432,05970,50,17,33
06432,05974,24,11,13
06432,05978,35,19,16
06432,06411,38349,6965,31384
06432,06412,13252,1466,11786
06432,06413,1442,413,1029
06432,06414,1316,328,988
06432,06431,5815,3012,2803
06432,06432,0,0,0
06432,06433,9116,3802,5314
06432,06434,921,242,679
06432,06435,2048,918,1130
06432,06436,1719,394,1325
06432,06437,5241,3647,1594
06432,06438,11395,3605,7790
06432,06439,341,139,202
06432,06440,606,290,316
06432,06531,334,218,116
06432,06532,144,76,68
06432,06533,197,110,87
06432,06534,116,57,59
06432,06535,69,47,22
06432,06611,102,29,73
06432,06631,131,70,61
06432,06632,23,13,10
06432,06633,25,15,10
06432,06634,28,13,15
06432,06635,18,18,0
06432,06636,0,0,0
06432,07111,43,17,26
06432,07131,0,0,0
06432,07132,12,12,0
06432,07133,86,51,35
06432,07134,14,0,14
06432,07135,30,11,19
06432,07137,25,15,10
06432,07138,28,15,13
06432,07140,40,24,16
06432,07141,54,37,17
06432,07143,61,40,21
06432,07211,11,0,11
06432,07231,11,11,0
06432,07232,0,0,0
06432,07233,0,0,0
06432,07235,10,0,10
06432,07311,94,34,60
06432,07312,69,35,34
06432,07313,33,0,33
06432,07314,372,97,275
06432,07315,982,296,686
06432,07316,16,16,0
06432,07317,0,0,0
06432,07318,43,13,30
06432,07319,281,125,156
06432,07320,0,0,0
06432,07331,199,159,40
06432,07332,71,44,27
06432,07333,46,32,14
06432,07334,31,20,11
06432,07335,39,28,11
06432,07336,13,13,0
06432,07337,26,12,14
06432,07338,107,64,43
06432,07339,344,224,120
06432,07340,18,18,0
06432,08111,267,89,178
06432,08115,117,55,62
06432,08116,106,38,68
06432,08117,44,30,14
06432,08118,110,44,66
06432,08119,86,47,39
06432,08121,35,18,17
06432,08125,115,51,64
06432,08126,47,0,47
06432,08127,61,0,61
06432,08128,46,29,17
06432,08135,0,0,0
06432,08136,27,12,15
06432,08211,16,0,16
06432,08212,143,52,91
06432,08215,124,46,78
06432,08216,61,31,30
06432,08221,300,64,236
06432,08222,1012,262,750
06432,08225,63,46,17
06432,08226,950,365,585
06432,08231,24,11,13
06432,08235,25,25,0
06432,08236,45,22,23
06432,08237,0,0,0
06432,08311,39,0,39
06432,08315,39,21,18
06432,08316,10,10,0
06432,08317,66,21,45
06432,08325,12,0,12
06432,08326,0,0,0
06432,08327,0,0,0
06432,08335,43,26,17
06432,08336,30,13,17
06432,08337,0,0,0
06432,08415,35,17,18
06432,08416,22,22,0
06432,08417,0,0,0
06432,08421,17,0,17
06432,08425,16,16,0
06432,08426,16,16,0
06432,08435,10,0,10
06432,08436,36,12,24
06432,08437,0,0,0
06432,09161,23,0,23
06432,09162,431,101,330
06432,09163,0,0,0
06432,09171,0,0,0
06432,09172,0,0,0
06432,09173,0,0,0
06432,09174,10,10,0
06432,09175,14,0,14
06432,09176,0,0,0
06432,09177,14,14,0
06432,09178,22,0,22
06432,09179,11,0,11
06432,09180,0,0,0
06432,09181,0,0,0
06432,09182,11,0,11
06432,09183,0,0,0
06432,09184,140,13,127
06432,09185,0,0,0
06432,09186,0,0,0
06432,09187,14,0,14
06432,09188,40,0,40
06432,09189,0,0,0
06432,09190,0,0,0
06432,09261,0,0,0
06432,09262,0,0,0
06432,09263,0,0,0
06432,09271,88,88,0
06432,09272,0,0,0
06432,09273,0,0,0
06432,09274,15,15,0
06432,09275,23,23,0
06432,09276,14,14,0
06432,09277,21,21,0
06432,09278,0,0,0
06432,09279,10,10,0
06432,09361,0,0,0
06432,09362,27,13,14
06432,09363,0,0,0
06432,09371,19,19,0
06432,09372,0,0,0
06432,09373,14,14,0
06432,09374,33,33,0
06432,09375,23,23,0
06432,09376,0,0,0
06432,09377,0,0,0
06432,09461,0,0,0
06432,09462,11,0,11
06432,09463,0,0,0
06432,09464,0,0,0
06432,09471,21,11,10
06432,09472,0,0,0
06432,09473,0,0,0
06432,09474,0,0,0
06432,09475,11,0,11
06432,09476,0,0,0
06432,09477,0,0,0
06432,09478,0,0,0
06432,09479,0,0,0
06432,09561,171,0,171
06432,09562,36,0,36
06432,09563,11,11,0
06432,09564,182,76,106
06432,09565,0,0,0
06432,09571,0,0,0
06432,09572,18,0,18
06432,09573,10,10,0
06432,09574,15,15,0
06432,09575,0,0,0
06432,09576,0,0,0
06432,09577,0,0,0
06432,09661,1755,615,1140
06432,09662,37,37,0
06432,09663,112,61,51
06432,09671,2640,1289,1351
06432,09672,64,41,23
06432,09673,10,10,0
06432,09674,11,11,0
06432,09675,30,13,17
06432,09676,1249,710,539
06432,09677,115,42,73
06432,09678,29,29,0
06432,09679,58,42,16
06432,09761,35,16,19
06432,09762,0,0,0
06432,09763,0,0,0
06432,09764,0,0,0
06432,09771,39,15,24
06432,09772,13,13,0
06432,09773,0,0,0
06432,09774,0,0,0
06432,09775,29,10,19
06432,09776,0,0,0
06432,09777,0,0,0
06432,09778,0,0,0
06432,09779,0,0,0
06432,09780,0,0,0
06432,10041,92,44,48
06432,10042,11,0,11
06432,10043,23,23,0
06432,10044,28,12,16
06432,10045,15,15,0
06432,10046,0,0,0
06432,11000,588,343,245
06432,12051,0,0,0
06432,12052,0,0,0
06432,12053,0,0,0
06432,12054,15,0,15
06432,12060,0,0,0
06432,12061,0,0,0
06432,12062,0,0,0
06432,12063,14,14,0
06432,12064,0,0,0
06432,12065,0,0,0
06432,12066,0,0,0
06432,12067,12,12,0
06432,12068,0,0,0
06432,12069,15,15,0
06432,12070,0,0,0
06432,12071,0,0,0
06432,12072,0,0,0
06432,12073,0,0,0
06432,13003,0,0,0
06432,13004,0,0,0
06432,13071,11,11,0
06432,13072,0,0,0
06432,13073,0,0,0
06432,13074,0,0,0
06432,13075,15,15,0
06432,13076,0,0,0
06432,14511,16,0,16
06432,14521,19,19,0
06432,14522,27,27,0
06432,14523,15,15,0
06432,14524,20,20,0
06432,14612,44,30,14
06432,14625,11,11,0
06432,14626,0,0,0
06432,14627,27,27,0
06432,14628,10,10,0
06432,14713,43,27,16
06432,14729,14,14,0
06432,14730,0,0,0
06432,15001,11,11,0
06432,15002,0,0,0
06432,15003,0,0,0
06432,15081,0,0,0
06432,15082,14,14,0
06432,15083,10,10,0
06432,15084,12,12,0
06432,15085,23,23,0
06432,15086,0,0,0
06432,15087,11,11,0
06432,15088,33,15,18
06432,15089,0,0,0
06432,15090,0,0,0
06432,15091,12,12,0
06432,16051,53,38,15
06432,16052,0,0,0
06432,16053,0,0,0
06432,16054,0,0,0
06432,16055,22,22,0
06432,16056,0,0,0
06432,16061,0,0,0
06432,16062,0,0,0
06432,16063,0,0,0
06432,16064,0,0,0
06432,16065,11,11,0
06432,16066,19,19,0
06432,16067,14,14,0
06432,16068,0,0,0
06432,16069,0,0,0
06432,16070,0,0,0
06432,16071,13,13,0
06432,16072,0,0,0
06432,16073,0,0,0
06432,16074,0,0,0
06432,16075,0,0,0
06432,16076,0,0,0
06432,16077,0,0,0
06433,01001,0,0,0
06433,01002,0,0,0
06433,01003,35,10,25
06433,01004,0,0,0
06433,01051,0,0,0
06433,01053,28,14,14
06433,01054,0,0,0
06433,01055,0,0,0
06433,01056,41,31,10
06433,01057,0,0,0
06433,01058,0,0,0
06433,01059,0,0,0
06433,01060,56,25,31
06433,01061,11,11,0
06433,01062,168,23,145
06433,02000,664,267,397
06433,03101,31,19,12
06433,03102,22,22,0
06433,03103,14,0,14
06433,03151,0,0,0
06433,03153,0,0,0
06433,03154,0,0,0
06433,03155,46,35,11
06433,03157,0,0,0
06433,03158,0,0,0
06433,03159,34,18,16
06433,03241,162,100,62
06433,03251,11,11,0
06433,03252,0,0,0
06433,03254,10,10,0
06433,03255,0,0,0
06433,03256,0,0,0
06433,03257,10,10,0
06433,03351,0,0,0
06433,03352,12,0,12
06433,03353,28,28,0
06433,03354,0,0,0
06433,03355,0,0,0
06433,03356,12,12,0
06433,03357,0,0,0
06433,03358,15,15,0
06433,03359,27,27,0
06433,03360,0,0,0
06433,03361,12,12,0
06433,03401,0,0,0
06433,03402,0,0,0
06433,03403,14,14,0
06433,03404,18,0,18
06433,03405,22,22,0
06433,03451,15,15,0
06433,03452,0,0,0
06433,03453,10,0,10
06433,03454,44,30,14
06433,03455,13,13,0
06433,03456,0,0,0
06433,03457,0,0,0
06433,03458,11,11,0
06433,03459,34,18,16
06433,03460,10,0,10
06433,03461,0,0,0
06433,03462,0,0,0
06433,04011,87,58,29
06433,04012,11,11,0
06433,05111,370,67,303
06433,05112,72,48,24
06433,05113,157,46,111
06433,05114,30,17,13
06433,05116,76,18,58
06433,05117,15,15,0
06433,05119,29,19,10
06433,05120,0,0,0
06433,05122,10,10,0
06433,05124,45,20,25
06433,05154,45,14,31
06433,05158,92,45,47
06433,05162,140,73,67
06433,05166,49,27,22
06433,05170,45,24,21
06433,05314,98,48,50
06433,05315,487,150,337
06433,05316,31,19,12
06433,05334,82,36,46
06433,05358,14,14,0
06433,05362,138,56,82
06433,05366,27,27,0
06433,05370,15,15,0
06433,05374,56,24,32
06433,05378,34,34,0
06433,05382,112,68,44
06433,05512,0,0,0
06433,05513,38,12,26
06433,05515,28,13,15
06433,05554,31,10,21
06433,05558,0,0,0
06433,05562,88,54,34
06433,05566,11,11,0
06433,05570,0,0,0
06433,05711,22,0,22
06433,05754,119,18,101
06433,05758,0,0,0
06433,05762,0,0,0
06433,05766,11,0,11
06433,05770,15,0,15
06433,05774,28,14,14
06433,05911,89,68,21
06433,05913,193,58,135
06433,05914,0,0,0
06433,05915,0,0,0
06433,05916,38,38,0
06433,05954,41,26,15
06433,05958,15,0,15
06433,05962,37,24,13
06433,05966,13,13,0
06433,05970,78,33,45
06433,05974,13,13,0
06433,05978,50,21,29
06433,06411,9669,2458,7211
06433,06412,32145,5773,26372
06433,06413,1980,1243,737
06433,06414,8907,4132,4775
06433,06431,3241,2037,1204
06433,06432,9116,5314,3802
06433,06433,0,0,0
06433,06434,1842,847,995
06433,06435,1796,1169,627
06433,06436,8371,4349,4022
06433,06437,329,266,63
06433,06438,7143,3405,3738
06433,06439,1948,1450,498
06433,06440,1153,779,374
06433,06531,281,192,89
06433,06532,240,152,88
06433,06533,651,487,164
06433,06534,120,79,41
06433,06535,82,66,16
06433,06611,168,34,134
06433,06631,182,148,34
06433,06632,198,175,23
06433,06633,46,35,11
06433,06634,86,53,33
06433,06635,26,26,0
06433,06636,25,25,0
06433,07111,89,45,44
06433,07131,24,24,0
06433,07132,38,24,14
06433,07133,667,543,124
06433,07134,64,64,0
06433,07135,22,22,0
06433,07137,115,89,26
06433,07138,88,77,11
06433,07140,352,278,74
06433,07141,233,210,23
06433,07143,157,128,29
06433,07211,10,10,0
06433,07231,30,19,11
06433,07232,0,0,0
06433,07233,56,56,0
06433,07235,22,22,0
06433,07311,72,35,37
06433,07312,83,63,20
06433,07313,18,18,0
06433,07314,353,173,180
06433,07315,8447,4072,4375
06433,07316,37,26,11
06433,07317,20,20,0
06433,07318,41,19,22
06433,07319,525,345,180
06433,07320,0,0,0
06433,07331,2082,1928,154
06433,07332,125,87,38
06433,07333,174,160,14
06433,07334,54,34,20
06433,07335,94,79,15
06433,07336,30,30,0
06433,07337,32,32,0
06433,07338,133,105,28
06433,07339,4725,3999,726
06433,07340,25,25,0
06433,08111,270,82,188
06433,08115,112,60,52
06433,08116,125,46,79
06433,08117,25,11,14
06433,08118,139,77,62
06433,08119,76,34,42
06433,08121,60,13,47
06433,08125,81,46,35
06433,08126,13,0,13
06433,08127,14,0,14
06433,08128,28,18,10
06433,08135,10,0,10
06433,08136,29,19,10
06433,08211,0,0,0
06433,08212,111,48,63
06433,08215,146,109,37
06433,08216,56,30,26
06433,08221,152,56,96
06433,08222,1007,383,624
06433,08225,24,24,0
06433,08226,619,378,241
06433,08231,15,15,0
06433,08235,12,12,0
06433,08236,34,34,0
06433,08237,10,10,0
06433,08311,30,15,15
06433,08315,39,24,15
06433,08316,0,0,0
06433,08317,141,124,17
06433,08325,0,0,0
06433,08326,21,11,10
06433,08327,0,0,0
06433,08335,29,29,0
06433,08336,23,0,23
06433,08337,0,0,0
06433,08415,44,24,20
06433,08416,13,13,0
06433,08417,13,13,0
06433,08421,10,0,10
06433,08425,30,20,10
06433,08426,10,10,0
06433,08435,12,12,0
06433,08436,55,0,55
06433,08437,10,0,10
06433,09161,38,14,24
06433,09162,626,149,477
06433,09163,0,0,0
06433,09171,0,0,0
06433,09172,24,24,0
06433,09173,0,0,0
06433,09174,18,0,18
06433,09175,19,0,19
06433,09176,0,0,0
06433,09177,15,15,0
06433,09178,89,30,59
06433,09179,11,11,0
06433,09180,0,0,0
06433,09181,0,0,0
06433,09182,0,0,0
06433,09183,0,0,0
06433,09184,165,40,125
06433,09185,0,0,0
06433,09186,0,0,0
06433,09187,17,17,0
06433,09188,40,10,30
06433,09189,10,10,0
06433,09190,0,0,0
06433,09261,0,0,0
06433,09262,0,0,0
06433,09263,15,0,15
06433,09271,0,0,0
06433,09272,0,0,0
06433,09273,0,0,0
06433,09274,13,13,0
06433,09275,0,0,0
06433,09276,0,0,0
06433,09277,0,0,0
06433,09278,0,0,0
06433,09279,0,0,0
06433,09361,0,0,0
06433,09362,58,42,16
06433,09363,0,0,0
06433,09371,0,0,0
06433,09372,10,10,0
06433,09373,18,18,0
06433,09374,0,0,0
06433,09375,46,46,0
06433,09376,10,10,0
06433,09377,0,0,0
06433,09461,0,0,0
06433,09462,11,11,0
06433,09463,14,14,0
06433,09464,0,0,0
06433,09471,0,0,0
06433,09472,0,0,0
06433,09473,19,19,0
06433,09474,0,0,0
06433,09475,10,0,10
06433,09476,0,0,0
06433,09477,0,0,0
06433,09478,0,0,0
06433,09479,0,0,0
06433,09561,0,0,0
06433,09562,20,0,20
06433,09563,0,0,0
06433,09564,125,36,89
06433,09565,0,0,0
06433,09571,0,0,0
06433,09572,0,0,0
06433,09573,0,0,0
06433,09574,0,0,0
06433,09575,0,0,0
06433,09576,10,10,0
06433,09577,0,0,0
06433,09661,270,102,168
06433,09662,0,0,0
06433,09663,34,19,15
06433,09671,481,332,149
06433,09672,59,45,14
06433,09673,0,0,0
06433,09674,0,0,0
06433,09675,31,11,20
06433,09676,161,112,49
06433,09677,50,31,19
06433,09678,0,0,0
06433,09679,37,19,18
06433,09761,55,44,11
06433,09762,0,0,0
06433,09763,0,0,0
06433,09764,0,0,0
06433,09771,0,0,0
06433,09772,25,25,0
06433,09773,0,0,0
06433,09774,0,0,0
06433,09775,27,0,27
06433,09776,0,0,0
06433,09777,0,0,0
06433,09778,0,0,0
06433,09779,0,0,0
06433,09780,0,0,0
06433,10041,219,70,149
06433,10042,24,24,0
06433,10043,24,24,0
06433,10044,60,20,40
06433,10045,58,39,19
06433,10046,38,38,0
06433,11000,478,232,246
06433,12051,0,0,0
06433,12052,0,0,0
06433,12053,0,0,0
06433,12054,22,12,10
06433,12060,12,12,0
06433,12061,10,10,0
06433,12062,0,0,0
06433,12063,0,0,0
06433,12064,12,12,0
06433,12065,15,15,0
06433,12066,0,0,0
06433,12067,0,0,0
06433,12068,0,0,0
06433,12069,15,15,0
06433,12070,0,0,0
06433,12071,0,0,0
06433,12072,12,12,0
06433,12073,0,0,0
06433,13003,18,18,0
06433,13004,0,0,0
06433,13071,11,11,0
06433,13072,17,17,0
06433,13073,10,10,0
06433,13074,0,0,0
06433,13075,0,0,0
06433,13076,0,0,0
06433,14511,29,19,10
06433,14521,17,17,0
06433,14522,16,16,0
06433,14523,13,13,0
06433,14524,25,25,0
06433,14612,84,63,21
06433,14625,17,17,0
06433,14626,16,16,0
06433,14627,0,0,0
06433,14628,19,19,0
06433,14713,65,46,19
06433,14729,18,18,0
06433,14730,26,16,10
06433,15001,0,0,0
06433,15002,12,12,0
06433,15003,12,12,0
06433,15081,0,0,0
06433,15082,11,11,0
06433,15083,34,34,0
06433,15084,13,13,0
06433,15085,0,0,0
06433,15086,0,0,0
06433,15087,13,13,0
06433,15088,30,19,11
06433,15089,12,12,0
06433,15090,0,0,0
06433,15091,37,0,37
06433,16051,19,19,0
06433,16052,0,0,0
06433,16053,11,11,0
06433,16054,0,0,0
06433,16055,0,0,0
06433,16056,16,16,0
06433,16061,0,0,0
06433,16062,11,11,0
06433,16063,34,34,0
06433,16064,40,40,0
06433,16065,0,0,0
06433,16066,25,25,0
06433,16067,14,14,0
06433,16068,13,13,0
06433,16069,0,0,0
06433,16070,13,13,0
06433,16071,14,14,0
06433,16072,0,0,0
06433,16073,10,10,0
06433,16074,0,0,0
06433,16075,0,0,0
06433,16076,0,0,0
06433,16077,0,0,0
06434,01001,0,0,0
06434,01002,32,32,0
06434,01003,30,30,0
06434,01004,0,0,0
06434,01051,0,0,0
06434,01053,18,18,0
06434,01054,19,19,0
06434,01055,25,25,0
06434,01056,59,59,0
06434,01057,13,13,0
06434,01058,27,27,0
06434,01059,13,13,0
06434,01060,87,62,25
06434,01061,0,0,0
06434,01062,94,78,16
06434,02000,1038,737,301
06434,03101,38,38,0
06434,03102,0,0,0
06434,03103,23,12,11
06434,03151,10,10,0
06434,03153,22,22,0
06434,03154,0,0,0
06434,03155,11,11,0
06434,03157,19,19,0
06434,03158,25,25,0
06434,03159,93,71,22
06434,03241,303,237,66
06434,03251,20,20,0
06434,03252,11,11,0
06434,03254,42,42,0
06434,03255,0,0,0
06434,03256,11,11,0
06434,03257,19,19,0
06434,03351,21,21,0
06434,03352,0,0,0
06434,03353,59,59,0
06434,03354,0,0,0
06434,03355,28,28,0
06434,03356,0,0,0
06434,03357,16,16,0
06434,03358,11,11,0
06434,03359,53,42,11
06434,03360,16,16,0
06434,03361,33,33,0
06434,03401,0,0,0
06434,03402,0,0,0
06434,03403,35,35,0
06434,03404,37,21,16
06434,03405,10,10,0
06434,03451,12,12,0
06434,03452,0,0,0
06434,03453,0,0,0
06434,03454,35,35,0
06434,03455,10,10,0
06434,03456,0,0,0
06434,03457,10,10,0
06434,03458,12,12,0
06434,03459,33,33,0
06434,03460,0,0,0
06434,03461,0,0,0
06434,03462,0,0,0
06434,04011,111,79,32
06434,04012,0,0,0
06434,05111,866,553,313
06434,05112,99,84,15
06434,05113,226,155,71
06434,05114,44,44,0
06434,05116,57,42,15
06434,05117,31,31,0
06434,05119,45,33,12
06434,05120,15,15,0
06434,05122,19,19,0
06434,05124,85,67,18
06434,05154,33,33,0
06434,05158,203,135,68
06434,05162,176,152,24
06434,05166,76,65,11
06434,05170,56,56,0
06434,05314,228,146,82
06434,05315,828,538,290
06434,05316,48,36,12
06434,05334,130,94,36
06434,05358,38,38,0
06434,05362,146,136,10
06434,05366,31,31,0
06434,05370,45,45,0
06434,05374,67,39,28
06434,05378,102,102,0
06434,05382,238,187,51
06434,05512,22,11,11
06434,05513,29,29,0
06434,05515,75,52,23
06434,05554,38,38,0
06434,05558,30,30,0
06434,05562,90,75,15
06434,05566,57,45,12
06434,05570,42,42,0
06434,05711,48,33,15
06434,05754,64,37,27
06434,05758,42,42,0
06434,05762,19,19,0
06434,05766,61,48,13
06434,05770,29,29,0
06434,05774,34,34,0
06434,05911,60,50,10
06434,05913,219,134,85
06434,05914,24,24,0
06434,05915,18,18,0
06434,05916,19,19,0
06434,05954,69,59,10
06434,05958,42,31,11
06434,05962,54,44,10
06434,05966,23,23,0
06434,05970,107,71,36
06434,05974,26,26,0
06434,05978,80,58,22
06434,06411,1114,538,576
06434,06412,38749,11984,26765
06434,06413,1752,972,780
06434,06414,2115,1034,1081
06434,06431,285,222,63
06434,06432,921,679,242
06434,06433,1842,995,847
06434,06434,0,0,0
06434,06435,2651,1974,677
06434,06436,11240,5111,6129
06434,06437,74,58,16
06434,06438,3570,2109,1461
06434,06439,1691,1212,479
06434,06440,10325,7648,2677
06434,06531,1779,1403,376
06434,06532,1270,1015,255
06434,06533,2400,1814,586
06434,06534,336,258,78
06434,06535,179,145,34
06434,06611,142,77,65
06434,06631,191,137,54
06434,06632,65,45,20
06434,06633,106,96,10
06434,06634,144,126,18
06434,06635,154,141,13
06434,06636,25,25,0
06434,07111,59,35,24
06434,07131,35,35,0
06434,07132,32,20,12
06434,07133,82,67,15
06434,07134,35,25,10
06434,07135,11,11,0
06434,07137,39,39,0
06434,07138,54,42,12
06434,07140,57,41,16
06434,07141,170,139,31
06434,07143,162,130,32
06434,07211,28,17,11
06434,07231,19,19,0
06434,07232,31,31,0
06434,07233,0,0,0
06434,07235,16,16,0
06434,07311,36,16,20
06434,07312,94,82,12
06434,07313,14,14,0
06434,07314,195,100,95
06434,07315,811,514,297
06434,07316,10,10,0
06434,07317,0,0,0
06434,07318,13,13,0
06434,07319,51,51,0
06434,07320,0,0,0
06434,07331,99,86,13
06434,07332,47,47,0
06434,07333,22,22,0
06434,07334,16,16,0
06434,07335,57,57,0
06434,07336,20,20,0
06434,07337,26,26,0
06434,07338,40,40,0
06434,07339,410,315,95
06434,07340,32,32,0
06434,08111,449,289,160
06434,08115,181,142,39
06434,08116,222,156,66
06434,08117,27,27,0
06434,08118,199,150,49
06434,08119,96,70,26
06434,08121,58,45,13
06434,08125,107,80,27
06434,08126,23,10,13
06434,08127,44,28,16
06434,08128,45,30,15
06434,08135,16,16,0
06434,08136,65,33,32
06434,08211,10,0,10
06434,08212,153,96,57
06434,08215,123,95,28
06434,08216,29,29,0
06434,08221,154,101,53
06434,08222,389,243,146
06434,08225,45,45,0
06434,08226,405,297,108
06434,08231,42,29,13
06434,08235,27,27,0
06434,08236,38,38,0
06434,08237,15,15,0
06434,08311,67,39,28
06434,08315,41,29,12
06434,08316,15,15,0
06434,08317,71,53,18
06434,08325,15,15,0
06434,08326,34,22,12
06434,08327,0,0,0
06434,08335,92,63,29
06434,08336,28,12,16
06434,08337,0,0,0
06434,08415,80,70,10
06434,08416,47,47,0
06434,08417,32,32,0
06434,08421,33,33,0
06434,08425,28,28,0
06434,08426,25,25,0
06434,08435,54,44,10
06434,08436,68,68,0
06434,08437,0,0,0
06434,09161,36,22,14
06434,09162,1905,1423,482
06434,09163,16,16,0
06434,09171,0,0,0
06434,09172,0,0,0
06434,09173,78,78,0
06434,09174,52,52,0
06434,09175,73,63,10
06434,09176,14,14,0
06434,09177,56,31,25
06434,09178,115,57,58
06434,09179,89,79,10
06434,09180,17,17,0
06434,09181,27,27,0
06434,09182,38,38,0
06434,09183,11,11,0
06434,09184,298,194,104
06434,09185,0,0,0
06434,09186,20,20,0
06434,09187,52,52,0
06434,09188,88,71,17
06434,09189,0,0,0
06434,09190,22,22,0
06434,09261,18,18,0
06434,09262,10,10,0
06434,09263,0,0,0
06434,09271,0,0,0
06434,09272,0,0,0
06434,09273,0,0,0
06434,09274,45,30,15
06434,09275,10,10,0
06434,09276,0,0,0
06434,09277,0,0,0
06434,09278,12,12,0
06434,09279,0,0,0
06434,09361,0,0,0
06434,09362,51,33,18
06434,09363,0,0,0
06434,09371,17,17,0
06434,09372,0,0,0
06434,09373,23,23,0
06434,09374,22,22,0
06434,09375,29,29,0
06434,09376,14,14,0
06434,09377,0,0,0
06434,09461,17,17,0
06434,09462,19,19,0
06434,09463,0,0,0
06434,09464,33,33,0
06434,09471,14,14,0
06434,09472,13,13,0
06434,09473,0,0,0
06434,09474,17,17,0
06434,09475,30,30,0
06434,09476,0,0,0
06434,09477,0,0,0
06434,09478,0,0,0
06434,09479,10,10,0
06434,09561,16,16,0
06434,09562,72,41,31
06434,09563,31,31,0
06434,09564,253,172,81
06434,09565,0,0,0
06434,09571,17,17,0
06434,09572,40,27,13
06434,09573,17,17,0
06434,09574,27,27,0
06434,09575,12,12,0
06434,09576,19,19,0
06434,09577,0,0,0
06434,09661,176,106,70
06434,09662,14,14,0
06434,09663,71,56,15
06434,09671,363,262,101
06434,09672,28,18,10
06434,09673,26,26,0
06434,09674,11,11,0
06434,09675,14,14,0
06434,09676,126,93,33
06434,09677,49,34,15
06434,09678,11,11,0
06434,09679,28,28,0
06434,09761,103,87,16
06434,09762,0,0,0
06434,09763,0,0,0
06434,09764,0,0,0
06434,09771,29,29,0
06434,09772,42,42,0
06434,09773,0,0,0
06434,09774,10,10,0
06434,09775,39,39,0
06434,09776,19,19,0
06434,09777,15,15,0
06434,09778,19,19,0
06434,09779,16,16,0
06434,09780,0,0,0
06434,10041,98,65,33
06434,10042,0,0,0
06434,10043,21,21,0
06434,10044,28,28,0
06434,10045,36,36,0
06434,10046,18,18,0
06434,11000,1446,1088,358
06434,12051,18,18,0
06434,12052,0,0,0
06434,12053,11,11,0
06434,12054,39,39,0
06434,12060,19,19,0
06434,12061,21,21,0
06434,12062,0,0,0
06434,12063,21,21,0
06434,12064,24,24,0
06434,12065,37,37,0
06434,12066,0,0,0
06434,12067,33,33,0
06434,12068,0,0,0
06434,12069,44,44,0
06434,12070,0,0,0
06434,12071,0,0,0
06434,12072,43,33,10
06434,12073,55,55,0
06434,13003,19,19,0
06434,13004,0,0,0
06434,13071,11,11,0
06434,13072,13,13,0
06434,13073,0,0,0
06434,13074,12,12,0
06434,13075,13,13,0
06434,13076,15,15,0
06434,14511,35,35,0
06434,14521,16,16,0
06434,14522,30,30,0
06434,14523,27,27,0
06434,14524,11,11,0
06434,14612,106,91,15
06434,14625,24,24,0
06434,14626,15,15,0
06434,14627,19,19,0
06434,14628,12,12,0
06434,14713,150,129,21
06434,14729,28,28,0
06434,14730,21,21,0
06434,15001,0,0,0
06434,15002,26,26,0
06434,15003,40,40,0
06434,15081,0,0,0
06434,15082,18,18,0
06434,15083,19,19,0
06434,15084,81,81,0
06434,15085,19,19,0
06434,15086,14,14,0
06434,15087,13,13,0
06434,15088,29,29,0
06434,15089,16,16,0
06434,15090,0,0,0
06434,15091,0,0,0
06434,16051,51,51,0
06434,16052,15,15,0
06434,16053,88,88,0
06434,16054,0,0,0
06434,16055,16,16,0
06434,16056,15,15,0
06434,16061,10,10,0
06434,16062,0,0,0
06434,16063,18,18,0
06434,16064,23,23,0
06434,16065,12,12,0
06434,16066,19,19,0
06434,16067,12,12,0
06434,16068,0,0,0
06434,16069,0,0,0
06434,16070,19,19,0
06434,16071,16,16,0
06434,16072,0,0,0
06434,16073,12,12,0
06434,16074,17,17,0
06434,16075,0,0,0
06434,16076,15,15,0
06434,16077,0,0,0
06435,01001,10,0,10
06435,01002,0,0,0
06435,01003,19,0,19
06435,01004,0,0,0
06435,01051,10,10,0
06435,01053,10,10,0
06435,01054,16,0,16
06435,01055,10,10,0
06435,01056,27,11,16
06435,01057,0,0,0
06435,01058,10,10,0
06435,01059,17,0,17
06435,01060,47,25,22
06435,01061,13,13,0
06435,01062,29,16,13
06435,02000,584,158,426
06435,03101,29,12,17
06435,03102,0,0,0
06435,03103,22,12,10
06435,03151,14,14,0
06435,03153,10,10,0
06435,03154,0,0,0
06435,03155,10,10,0
06435,03157,16,16,0
06435,03158,0,0,0
06435,03159,65,39,26
06435,03241,220,96,124
06435,03251,0,0,0
06435,03252,78,78,0
06435,03254,36,24,12
06435,03255,19,19,0
06435,03256,0,0,0
06435,03257,26,26,0
06435,03351,57,46,11
06435,03352,29,29,0
06435,03353,55,44,11
06435,03354,0,0,0
06435,03355,43,24,19
06435,03356,0,0,0
06435,03357,15,15,0
06435,03358,0,0,0
06435,03359,19,19,0
06435,03360,0,0,0
06435,03361,11,11,0
06435,03401,0,0,0
06435,03402,0,0,0
06435,03403,14,14,0
06435,03404,27,0,27
06435,03405,12,12,0
06435,03451,0,0,0
06435,03452,0,0,0
06435,03453,11,11,0
06435,03454,33,21,12
06435,03455,17,17,0
06435,03456,11,11,0
06435,03457,0,0,0
06435,03458,0,0,0
06435,03459,69,57,12
06435,03460,0,0,0
06435,03461,62,62,0
06435,03462,0,0,0
06435,04011,83,51,32
06435,04012,13,13,0
06435,05111,427,61,366
06435,05112,97,43,54
06435,05113,165,57,108
06435,05114,57,30,27
06435,05116,61,37,24
06435,05117,25,15,10
06435,05119,82,28,54
06435,05120,0,0,0
06435,05122,24,13,11
06435,05124,58,25,33
06435,05154,61,41,20
06435,05158,113,31,82
06435,05162,87,47,40
06435,05166,58,29,29
06435,05170,73,58,15
06435,05314,113,41,72
06435,05315,508,186,322
06435,05316,64,48,16
06435,05334,87,59,28
06435,05358,54,33,21
06435,05362,85,49,36
06435,05366,29,16,13
06435,05370,47,36,11
06435,05374,48,24,24
06435,05378,58,48,10
06435,05382,122,84,38
06435,05512,14,14,0
06435,05513,53,29,24
06435,05515,48,20,28
06435,05554,36,23,13
06435,05558,32,32,0
06435,05562,117,67,50
06435,05566,54,20,34
06435,05570,35,24,11
06435,05711,46,16,30
06435,05754,149,99,50
06435,05758,13,0,13
06435,05762,63,63,0
06435,05766,51,29,22
06435,05770,33,15,18
06435,05774,146,130,16
06435,05911,44,18,26
06435,05913,155,62,93
06435,05914,10,10,0
06435,05915,13,13,0
06435,05916,0,0,0
06435,05954,53,23,30
06435,05958,65,46,19
06435,05962,53,32,21
06435,05966,14,0,14
06435,05970,62,32,30
06435,05974,48,31,17
06435,05978,128,35,93
06435,06411,1300,430,870
06435,06412,37868,4384,33484
06435,06413,6046,1830,4216
06435,06414,1055,372,683
06435,06431,303,171,132
06435,06432,2048,1130,918
06435,06433,1796,627,1169
06435,06434,2651,677,1974
06435,06435,0,0,0
06435,06436,2386,562,1824
06435,06437,299,166,133
06435,06438,12274,5226,7048
06435,06439,348,205,143
06435,06440,13110,7714,5396
06435,06531,1040,594,446
06435,06532,478,257,221
06435,06533,202,139,63
06435,06534,247,122,125
06435,06535,1416,1033,383
06435,06611,229,65,164
06435,06631,5229,2689,2540
06435,06632,223,120,103
06435,06633,74,46,28
06435,06634,72,44,28
06435,06635,89,57,32
06435,06636,20,20,0
06435,07111,52,33,19
06435,07131,12,12,0
06435,07132,42,16,26
06435,07133,117,87,30
06435,07134,109,92,17
06435,07135,21,21,0
06435,07137,40,28,12
06435,07138,43,25,18
06435,07140,61,39,22
06435,07141,78,57,21
06435,07143,84,49,35
06435,07211,12,12,0
06435,07231,31,21,10
06435,07232,0,0,0
06435,07233,0,0,0
06435,07235,25,25,0
06435,07311,28,18,10
06435,07312,164,152,12
06435,07313,0,0,0
06435,07314,134,70,64
06435,07315,489,221,268
06435,07316,13,13,0
06435,07317,24,24,0
06435,07318,65,20,45
06435,07319,55,38,17
06435,07320,13,13,0
06435,07331,73,53,20
06435,07332,42,30,12
06435,07333,31,31,0
06435,07334,58,47,11
06435,07335,138,138,0
06435,07336,96,96,0
06435,07337,15,15,0
06435,07338,42,31,11
06435,07339,205,133,72
06435,07340,82,65,17
06435,08111,281,126,155
06435,08115,149,88,61
06435,08116,128,79,49
06435,08117,51,28,23
06435,08118,169,67,102
06435,08119,62,27,35
06435,08121,27,0,27
06435,08125,63,24,39
06435,08126,53,0,53
06435,08127,16,0,16
06435,08128,56,21,35
06435,08135,13,13,0
06435,08136,33,14,19
06435,08211,13,0,13
06435,08212,136,62,74
06435,08215,138,89,49
06435,08216,44,22,22
06435,08221,90,26,64
06435,08222,399,162,237
06435,08225,41,24,17
06435,08226,321,204,117
06435,08231,33,10,23
06435,08235,19,19,0
06435,08236,21,21,0
06435,08237,10,0,10
06435,08311,44,31,13
06435,08315,58,41,17
06435,08316,20,20,0
06435,08317,78,26,52
06435,08325,15,15,0
06435,08326,64,0,64
06435,08327,27,11,16
06435,08335,25,11,14
06435,08336,52,29,23
06435,08337,20,0,20
06435,08415,57,27,30
06435,08416,31,19,12
06435,08417,12,0,12
06435,08421,33,18,15
06435,08425,12,12,0
06435,08426,27,17,10
06435,08435,23,0,23
06435,08436,35,17,18
06435,08437,12,0,12
06435,09161,28,0,28
06435,09162,592,154,438
06435,09163,0,0,0
06435,09171,0,0,0
06435,09172,10,0,10
06435,09173,0,0,0
06435,09174,29,13,16
06435,09175,25,12,13
06435,09176,0,0,0
06435,09177,26,14,12
06435,09178,54,14,40
06435,09179,31,15,16
06435,09180,93,93,0
06435,09181,0,0,0
06435,09182,14,14,0
06435,09183,14,14,0
06435,09184,192,37,155
06435,09185,0,0,0
06435,09186,12,0,12
06435,09187,25,12,13
06435,09188,0,0,0
06435,09189,12,12,0
06435,09190,10,10,0
06435,09261,10,10,0
06435,09262,13,13,0
06435,09263,0,0,0
06435,09271,0,0,0
06435,09272,0,0,0
06435,09273,15,15,0
06435,09274,12,12,0
06435,09275,0,0,0
06435,09276,0,0,0
06435,09277,20,0,20
06435,09278,11,11,0
06435,09279,0,0,0
06435,09361,15,15,0
06435,09362,44,26,18
06435,09363,30,30,0
06435,09371,92,92,0
06435,09372,0,0,0
06435,09373,58,43,15
06435,09374,75,75,0
06435,09375,35,35,0
06435,09376,30,30,0
06435,09377,31,31,0
06435,09461,22,0,22
06435,09462,14,14,0
06435,09463,0,0,0
06435,09464,0,0,0
06435,09471,68,16,52
06435,09472,19,19,0
06435,09473,0,0,0
06435,09474,10,10,0
06435,09475,13,0,13
06435,09476,0,0,0
06435,09477,0,0,0
06435,09478,0,0,0
06435,09479,0,0,0
06435,09561,62,38,24
06435,09562,69,0,69
06435,09563,35,19,16
06435,09564,212,85,127
06435,09565,0,0,0
06435,09571,83,69,14
06435,09572,16,0,16
06435,09573,15,15,0
06435,09574,30,19,11
06435,09575,23,23,0
06435,09576,0,0,0
06435,09577,0,0,0
06435,09661,2021,761,1260
06435,09662,53,29,24
06435,09663,144,64,80
06435,09671,9346,5344,4002
06435,09672,857,388,469
06435,09673,45,26,19
06435,09674,25,14,11
06435,09675,47,27,20
06435,09676,838,524,314
06435,09677,1034,552,482
06435,09678,54,43,11
06435,09679,80,55,25
06435,09761,65,29,36
06435,09762,0,0,0
06435,09763,0,0,0
06435,09764,0,0,0
06435,09771,0,0,0
06435,09772,45,26,19
06435,09773,0,0,0
06435,09774,13,13,0
06435,09775,87,18,69
06435,09776,0,0,0
06435,09777,0,0,0
06435,09778,22,10,12
06435,09779,15,0,15
06435,09780,17,17,0
06435,10041,251,35,216
06435,10042,39,28,11
06435,10043,23,23,0
06435,10044,36,24,12
06435,10045,18,18,0
06435,10046,18,18,0
06435,11000,977,547,430
06435,12051,0,0,0
06435,12052,0,0,0
06435,12053,0,0,0
06435,12054,25,11,14
06435,12060,24,24,0
06435,12061,28,17,11
06435,12062,0,0,0
06435,12063,12,12,0
06435,12064,17,17,0
06435,12065,33,33,0
06435,12066,10,10,0
06435,12067,0,0,0
06435,12068,0,0,0
06435,12069,44,14,30
06435,12070,13,13,0
06435,12071,0,0,0
06435,12072,10,10,0
06435,12073,53,53,0
06435,13003,0,0,0
06435,13004,0,0,0
06435,13071,20,20,0
06435,13072,17,17,0
06435,13073,0,0,0
06435,13074,0,0,0
06435,13075,17,17,0
06435,13076,16,16,0
06435,14511,89,71,18
06435,14521,55,41,14
06435,14522,59,59,0
06435,14523,16,16,0
06435,14524,35,35,0
06435,14612,109,88,21
06435,14625,54,22,32
06435,14626,10,10,0
06435,14627,22,22,0
06435,14628,27,27,0
06435,14713,118,74,44
06435,14729,36,36,0
06435,14730,26,26,0
06435,15001,0,0,0
06435,15002,27,14,13
06435,15003,44,34,10
06435,15081,13,13,0
06435,15082,0,0,0
06435,15083,50,50,0
06435,15084,28,28,0
06435,15085,20,20,0
06435,15086,11,11,0
06435,15087,25,25,0
06435,15088,26,26,0
06435,15089,0,0,0
06435,15090,81,81,0
06435,15091,15,15,0
06435,16051,135,111,24
06435,16052,25,15,10
06435,16053,27,14,13
06435,16054,18,18,0
06435,16055,14,14,0
06435,16056,10,10,0
06435,16061,10,10,0
06435,16062,0,0,0
06435,16063,136,95,41
06435,16064,41,41,0
06435,16065,19,19,0
06435,16066,86,86,0
06435,16067,63,46,17
06435,16068,12,12,0
06435,16069,10,10,0
06435,16070,44,32,12
06435,16071,21,21,0
06435,16072,0,0,0
06435,16073,12,12,0
06435,16074,12,12,0
06435,16075,0,0,0
06435,16076,12,12,0
06435,16077,14,14,0
06436,01001,0,0,0
06436,01002,28,28,0
06436,01003,43,28,15
06436,01004,0,0,0
06436,01051,0,0,0
06436,01053,52,39,13
06436,01054,11,0,11
06436,01055,20,20,0
06436,01056,59,59,0
06436,01057,20,20,0
06436,01058,27,27,0
06436,01059,14,14,0
06436,01060,71,53,18
06436,01061,14,14,0
06436,01062,71,55,16
06436,02000,875,502,373
06436,03101,78,62,16
06436,03102,13,13,0
06436,03103,0,0,0
06436,03151,21,21,0
06436,03153,18,18,0
06436,03154,0,0,0
06436,03155,29,17,12
06436,03157,23,23,0
06436,03158,14,14,0
06436,03159,93,80,13
06436,03241,285,224,61
06436,03251,23,23,0
06436,03252,17,17,0
06436,03254,55,55,0
06436,03255,0,0,0
06436,03256,16,16,0
06436,03257,16,16,0
06436,03351,20,20,0
06436,03352,13,13,0
06436,03353,92,80,12
06436,03354,0,0,0
06436,03355,34,34,0
06436,03356,20,20,0
06436,03357,18,18,0
06436,03358,18,18,0
06436,03359,33,33,0
06436,03360,0,0,0
06436,03361,15,15,0
06436,03401,0,0,0
06436,03402,0,0,0
06436,03403,14,14,0
06436,03404,46,24,22
06436,03405,0,0,0
06436,03451,13,13,0
06436,03452,0,0,0
06436,03453,10,10,0
06436,03454,27,27,0
06436,03455,0,0,0
06436,03456,0,0,0
06436,03457,11,11,0
06436,03458,21,21,0
06436,03459,32,32,0
06436,03460,0,0,0
06436,03461,0,0,0
06436,03462,0,0,0
06436,04011,116,79,37
06436,04012,0,0,0
06436,05111,625,283,342
06436,05112,127,93,34
06436,05113,204,113,91
06436,05114,55,45,10
06436,05116,67,45,22
06436,05117,41,31,10
06436,05119,29,29,0
06436,05120,14,14,0
06436,05122,23,23,0
06436,05124,93,74,19
06436,05154,49,38,11
06436,05158,174,121,53
06436,05162,181,128,53
06436,05166,71,61,10
06436,05170,82,70,12
06436,05314,350,262,88
06436,05315,907,538,369
06436,05316,73,50,23
06436,05334,113,80,33
06436,05358,59,59,0
06436,05362,329,267,62
06436,05366,79,79,0
06436,05370,39,39,0
06436,05374,58,35,23
06436,05378,111,88,23
06436,05382,295,252,43
06436,05512,24,24,0
06436,05513,60,60,0
06436,05515,69,48,21
06436,05554,34,34,0
06436,05558,30,30,0
06436,05562,212,173,39
06436,05566,53,35,18
06436,05570,29,29,0
06436,05711,41,27,14
06436,05754,63,35,28
06436,05758,31,31,0
06436,05762,11,11,0
06436,05766,38,25,13
06436,05770,36,24,12
06436,05774,61,61,0
06436,05911,138,114,24
06436,05913,209,109,100
06436,05914,20,20,0
06436,05915,23,23,0
06436,05916,46,46,0
06436,05954,64,64,0
06436,05958,25,25,0
06436,05962,46,36,10
06436,05966,13,13,0
06436,05970,66,48,18
06436,05974,31,31,0
06436,05978,87,54,33
06436,06411,1964,903,1061
06436,06412,52530,18347,34183
06436,06413,2013,1251,762
06436,06414,10679,4707,5972
06436,06431,554,443,111
06436,06432,1719,1325,394
06436,06433,8371,4022,4349
06436,06434,11240,6129,5111
06436,06435,2386,1824,562
06436,06436,0,0,0
06436,06437,145,120,25
06436,06438,5016,2843,2173
06436,06439,3689,2856,833
06436,06440,3097,2482,615
06436,06531,782,673,109
06436,06532,399,319,80
06436,06533,1777,1444,333
06436,06534,368,279,89
06436,06535,122,96,26
06436,06611,126,61,65
06436,06631,198,152,46
06436,06632,56,45,11
06436,06633,48,48,0
06436,06634,72,62,10
06436,06635,60,46,14
06436,06636,19,19,0
06436,07111,127,76,51
06436,07131,34,34,0
06436,07132,21,21,0
06436,07133,394,317,77
06436,07134,40,27,13
06436,07135,11,11,0
06436,07137,109,87,22
06436,07138,74,61,13
06436,07140,126,94,32
06436,07141,340,297,43
06436,07143,266,208,58
06436,07211,40,30,10
06436,07231,49,49,0
06436,07232,16,16,0
06436,07233,26,11,15
06436,07235,28,28,0
06436,07311,35,23,12
06436,07312,70,48,22
06436,07313,0,0,0
06436,07314,220,136,84
06436,07315,3614,1840,1774
06436,07316,25,15,10
06436,07317,0,0,0
06436,07318,14,14,0
06436,07319,93,81,12
06436,07320,0,0,0
06436,07331,372,314,58
06436,07332,62,62,0
06436,07333,67,57,10
06436,07334,27,27,0
06436,07335,43,31,12
06436,07336,12,12,0
06436,07337,21,21,0
06436,07338,86,73,13
06436,07339,1560,1133,427
06436,07340,24,24,0
06436,08111,343,197,146
06436,08115,146,104,42
06436,08116,160,108,52
06436,08117,46,35,11
06436,08118,186,130,56
06436,08119,109,82,27
06436,08121,34,20,14
06436,08125,78,42,36
06436,08126,26,11,15
06436,08127,15,15,0
06436,08128,45,28,17
06436,08135,20,20,0
06436,08136,46,27,19
06436,08211,0,0,0
06436,08212,151,95,56
06436,08215,140,100,40
06436,08216,49,31,18
06436,08221,179,113,66
06436,08222,491,319,172
06436,08225,32,32,0
06436,08226,373,261,112
06436,08231,36,17,19
06436,08235,23,23,0
06436,08236,24,24,0
06436,08237,0,0,0
06436,08311,82,55,27
06436,08315,25,25,0
06436,08316,23,23,0
06436,08317,81,57,24
06436,08325,10,10,0
06436,08326,24,24,0
06436,08327,10,10,0
06436,08335,28,28,0
06436,08336,47,17,30
06436,08337,12,12,0
06436,08415,38,38,0
06436,08416,50,33,17
06436,08417,19,19,0
06436,08421,34,23,11
06436,08425,26,26,0
06436,08426,17,17,0
06436,08435,37,27,10
06436,08436,48,34,14
06436,08437,0,0,0
06436,09161,29,19,10
06436,09162,1041,592,449
06436,09163,11,11,0
06436,09171,10,10,0
06436,09172,0,0,0
06436,09173,31,31,0
06436,09174,45,35,10
06436,09175,58,42,16
06436,09176,0,0,0
06436,09177,23,23,0
06436,09178,126,58,68
06436,09179,53,37,16
06436,09180,0,0,0
06436,09181,15,15,0
06436,09182,20,20,0
06436,09183,11,11,0
06436,09184,256,128,128
06436,09185,0,0,0
06436,09186,30,20,10
06436,09187,32,32,0
06436,09188,46,46,0
06436,09189,15,15,0
06436,09190,16,16,0
06436,09261,11,11,0
06436,09262,0,0,0
06436,09263,0,0,0
06436,09271,12,12,0
06436,09272,0,0,0
06436,09273,14,14,0
06436,09274,16,16,0
06436,09275,0,0,0
06436,09276,0,0,0
06436,09277,0,0,0
06436,09278,0,0,0
06436,09279,0,0,0
06436,09361,12,12,0
06436,09362,43,22,21
06436,09363,0,0,0
06436,09371,0,0,0
06436,09372,0,0,0
06436,09373,24,12,12
06436,09374,0,0,0
06436,09375,18,18,0
06436,09376,0,0,0
06436,09377,0,0,0
06436,09461,13,13,0
06436,09462,17,17,0
06436,09463,0,0,0
06436,09464,13,13,0
06436,09471,0,0,0
06436,09472,10,10,0
06436,09473,0,0,0
06436,09474,16,16,0
06436,09475,10,0,10
06436,09476,0,0,0
06436,09477,0,0,0
06436,09478,0,0,0
06436,09479,0,0,0
06436,09561,0,0,0
06436,09562,65,37,28
06436,09563,24,24,0
06436,09564,279,174,105
06436,09565,10,10,0
06436,09571,27,27,0
06436,09572,28,28,0
06436,09573,28,28,0
06436,09574,25,25,0
06436,09575,0,0,0
06436,09576,18,18,0
06436,09577,0,0,0
06436,09661,253,162,91
06436,09662,0,0,0
06436,09663,74,51,23
06436,09671,488,393,95
06436,09672,30,20,10
06436,09673,12,12,0
06436,09674,0,0,0
06436,09675,0,0,0
06436,09676,195,150,45
06436,09677,56,38,18
06436,09678,18,18,0
06436,09679,44,44,0
06436,09761,77,63,14
06436,09762,0,0,0
06436,09763,0,0,0
06436,09764,0,0,0
06436,09771,26,26,0
06436,09772,34,34,0
06436,09773,0,0,0
06436,09774,0,0,0
06436,09775,24,24,0
06436,09776,0,0,0
06436,09777,0,0,0
06436,09778,18,18,0
06436,09779,0,0,0
06436,09780,0,0,0
06436,10041,114,63,51
06436,10042,15,15,0
06436,10043,24,13,11
06436,10044,31,31,0
06436,10045,43,33,10
06436,10046,15,15,0
06436,11000,1367,1045,322
06436,12051,0,0,0
06436,12052,0,0,0
06436,12053,0,0,0
06436,12054,39,39,0
06436,12060,32,32,0
06436,12061,22,22,0
06436,12062,10,10,0
06436,12063,25,25,0
06436,12064,21,21,0
06436,12065,26,26,0
06436,12066,0,0,0
06436,12067,11,11,0
06436,12068,0,0,0
06436,12069,56,42,14
06436,12070,0,0,0
06436,12071,13,13,0
06436,12072,28,28,0
06436,12073,0,0,0
06436,13003,18,18,0
06436,13004,0,0,0
06436,13071,16,16,0
06436,13072,13,13,0
06436,13073,10,10,0
06436,13074,10,10,0
06436,13075,15,15,0
06436,13076,13,13,0
06436,14511,35,35,0
06436,14521,22,22,0
06436,14522,24,24,0
06436,14523,15,15,0
06436,14524,26,26,0
06436,14612,90,75,15
06436,14625,22,22,0
06436,14626,0,0,0
06436,14627,22,22,0
06436,14628,25,25,0
06436,14713,165,127,38
06436,14729,36,36,0
06436,14730,29,29,0
06436,15001,0,0,0
06436,15002,21,21,0
06436,15003,42,32,10
06436,15081,0,0,0
06436,15082,0,0,0
06436,15083,14,14,0
06436,15084,19,19,0
06436,15085,15,15,0
06436,15086,0,0,0
06436,15087,10,10,0
06436,15088,23,23,0
06436,15089,0,0,0
06436,15090,0,0,0
06436,15091,0,0,0
06436,16051,56,45,11
06436,16052,12,12,0
06436,16053,17,17,0
06436,16054,0,0,0
06436,16055,15,15,0
06436,16056,11,11,0
06436,16061,14,14,0
06436,16062,0,0,0
06436,16063,24,24,0
06436,16064,13,13,0
06436,16065,10,10,0
06436,16066,18,18,0
06436,16067,24,24,0
06436,16068,0,0,0
06436,16069,0,0,0
06436,16070,20,20,0
06436,16071,14,14,0
06436,16072,0,0,0
06436,16073,0,0,0
06436,16074,12,12,0
06436,16075,0,0,0
06436,16076,0,0,0
06436,16077,11,11,0
06437,01001,0,0,0
06437,01002,0,0,0
06437,01003,0,0,0
06437,01004,0,0,0
06437,01051,0,0,0
06437,01053,0,0,0
06437,01054,0,0,0
06437,01055,0,0,0
06437,01056,0,0,0
06437,01057,0,0,0
06437,01058,0,0,0
06437,01059,0,0,0
06437,01060,0,0,0
06437,01061,0,0,0
06437,01062,0,0,0
06437,02000,87,55,32
06437,03101,0,0,0
06437,03102,0,0,0
06437,03103,0,0,0
06437,03151,0,0,0
06437,03153,0,0,0
06437,03154,0,0,0
06437,03155,0,0,0
06437,03157,0,0,0
06437,03158,0,0,0
06437,03159,0,0,0
06437,03241,12,0,12
06437,03251,0,0,0
06437,03252,0,0,0
06437,03254,0,0,0
06437,03255,0,0,0
06437,03256,0,0,0
06437,03257,0,0,0
06437,03351,0,0,0
06437,03352,0,0,0
06437,03353,0,0,0
06437,03354,0,0,0
06437,03355,0,0,0
06437,03356,0,0,0
06437,03357,0,0,0
06437,03358,0,0,0
06437,03359,12,12,0
06437,03360,0,0,0
06437,03361,0,0,0
06437,03401,0,0,0
06437,03402,0,0,0
06437,03403,0,0,0
06437,03404,0,0,0
06437,03405,0,0,0
06437,03451,0,0,0
06437,03452,0,0,0
06437,03453,0,0,0
06437,03454,0,0,0
06437,03455,0,0,0
06437,03456,0,0,0
06437,03457,0,0,0
06437,03458,0,0,0
06437,03459,0,0,0
06437,03460,10,0,10
06437,03461,0,0,0
06437,03462,0,0,0
06437,04011,0,0,0
06437,04012,0,0,0
06437,05111,28,0,28
06437,05112,17,17,0
06437,05113,24,0,24
06437,05114,0,0,0
06437,05116,0,0,0
06437,05117,0,0,0
06437,05119,0,0,0
06437,05120,0,0,0
06437,05122,0,0,0
06437,05124,0,0,0
06437,05154,0,0,0
06437,05158,16,0,16
06437,05162,14,14,0
06437,05166,0,0,0
06437,05170,0,0,0
06437,05314,15,0,15
06437,05315,58,12,46
06437,05316,0,0,0
06437,05334,62,62,0
06437,05358,13,13,0
06437,05362,31,0,31
06437,05366,0,0,0
06437,05370,0,0,0
06437,05374,10,0,10
06437,05378,0,0,0
06437,05382,0,0,0
06437,05512,0,0,0
06437,05513,0,0,0
06437,05515,0,0,0
06437,05554,0,0,0
06437,05558,0,0,0
06437,05562,0,0,0
06437,05566,0,0,0
06437,05570,0,0,0
06437,05711,0,0,0
06437,05754,10,0,10
06437,05758,0,0,0
06437,05762,0,0,0
06437,05766,0,0,0
06437,05770,26,26,0
06437,05774,0,0,0
06437,05911,0,0,0
06437,05913,17,0,17
06437,05914,0,0,0
06437,05915,0,0,0
06437,05916,0,0,0
06437,05954,0,0,0
06437,05958,0,0,0
06437,05962,0,0,0
06437,05966,0,0,0
06437,05970,0,0,0
06437,05974,0,0,0
06437,05978,0,0,0
06437,06411,2967,215,2752
06437,06412,1392,103,1289
06437,06413,127,36,91
06437,06414,113,25,88
06437,06431,2267,989,1278
06437,06432,5241,1594,3647
06437,06433,329,63,266
06437,06434,74,16,58
06437,06435,299,133,166
06437,06436,145,25,120
06437,06437,0,0,0
06437,06438,758,127,631
06437,06439,25,0,25
06437,06440,69,18,51
06437,06531,30,13,17
06437,06532,0,0,0
06437,06533,23,23,0
06437,06534,0,0,0
06437,06535,12,0,12
06437,06611,11,0,11
06437,06631,58,58,0
06437,06632,0,0,0
06437,06633,0,0,0
06437,06634,0,0,0
06437,06635,51,51,0
06437,06636,0,0,0
06437,07111,0,0,0
06437,07131,0,0,0
06437,07132,54,54,0
06437,07133,10,10,0
06437,07134,0,0,0
06437,07135,0,0,0
06437,07137,0,0,0
06437,07138,0,0,0
06437,07140,0,0,0
06437,07141,0,0,0
06437,07143,0,0,0
06437,07211,0,0,0
06437,07231,0,0,0
06437,07232,0,0,0
06437,07233,0,0,0
06437,07235,0,0,0
06437,07311,0,0,0
06437,07312,0,0,0
06437,07313,36,0,36
06437,07314,81,19,62
06437,07315,95,30,65
06437,07316,0,0,0
06437,07317,0,0,0
06437,07318,0,0,0
06437,07319,32,14,18
06437,07320,0,0,0
06437,07331,10,0,10
06437,07332,12,12,0
06437,07333,0,0,0
06437,07334,14,14,0
06437,07335,0,0,0
06437,07336,0,0,0
06437,07337,0,0,0
06437,07338,17,0,17
06437,07339,30,12,18
06437,07340,0,0,0
06437,08111,43,0,43
06437,08115,14,0,14
06437,08116,19,0,19
06437,08117,0,0,0
06437,08118,32,0,32
06437,08119,13,0,13
06437,08121,24,11,13
06437,08125,77,23,54
06437,08126,31,0,31
06437,08127,0,0,0
06437,08128,78,63,15
06437,08135,0,0,0
06437,08136,0,0,0
06437,08211,0,0,0
06437,08212,21,0,21
06437,08215,45,23,22
06437,08216,0,0,0
06437,08221,310,35,275
06437,08222,287,59,228
06437,08225,318,103,215
06437,08226,1250,292,958
06437,08231,0,0,0
06437,08235,0,0,0
06437,08236,0,0,0
06437,08237,0,0,0
06437,08311,0,0,0
06437,08315,0,0,0
06437,08316,0,0,0
06437,08317,0,0,0
06437,08325,0,0,0
06437,08326,0,0,0
06437,08327,0,0,0
06437,08335,0,0,0
06437,08336,0,0,0
06437,08337,0,0,0
06437,08415,0,0,0
06437,08416,0,0,0
06437,08417,0,0,0
06437,08421,0,0,0
06437,08425,0,0,0
06437,08426,0,0,0
06437,08435,0,0,0
06437,08436,0,0,0
06437,08437,0,0,0
06437,09161,0,0,0
06437,09162,69,12,57
06437,09163,0,0,0
06437,09171,0,0,0
06437,09172,0,0,0
06437,09173,0,0,0
06437,09174,0,0,0
06437,09175,0,0,0
06437,09176,0,0,0
06437,09177,0,0,0
06437,09178,0,0,0
06437,09179,0,0,0
06437,09180,0,0,0
06437,09181,0,0,0
06437,09182,0,0,0
06437,09183,0,0,0
06437,09184,27,0,27
06437,09185,0,0,0
06437,09186,0,0,0
06437,09187,0,0,0
06437,09188,0,0,0
06437,09189,0,0,0
06437,09190,0,0,0
06437,09261,0,0,0
06437,09262,0,0,0
06437,09263,0,0,0
06437,09271,0,0,0
06437,09272,0,0,0
06437,09273,0,0,0
06437,09274,0,0,0
06437,09275,0,0,0
06437,09276,0,0,0
06437,09277,0,0,0
06437,09278,0,0,0
06437,09279,0,0,0
06437,09361,0,0,0
06437,09362,0,0,0
06437,09363,0,0,0
06437,09371,0,0,0
06437,09372,0,0,0
06437,09373,0,0,0
06437,09374,14,14,0
06437,09375,0,0,0
06437,09376,0,0,0
06437,09377,0,0,0
06437,09461,0,0,0
06437,09462,0,0,0
06437,09463,0,0,0
06437,09464,0,0,0
06437,09471,0,0,0
06437,09472,0,0,0
06437,09473,0,0,0
06437,09474,0,0,0
06437,09475,0,0,0
06437,09476,0,0,0
06437,09477,0,0,0
06437,09478,0,0,0
06437,09479,0,0,0
06437,09561,0,0,0
06437,09562,0,0,0
06437,09563,0,0,0
06437,09564,16,0,16
06437,09565,0,0,0
06437,09571,0,0,0
06437,09572,0,0,0
06437,09573,0,0,0
06437,09574,0,0,0
06437,09575,0,0,0
06437,09576,0,0,0
06437,09577,0,0,0
06437,09661,438,75,363
06437,09662,0,0,0
06437,09663,17,0,17
06437,09671,461,114,347
06437,09672,0,0,0
06437,09673,0,0,0
06437,09674,0,0,0
06437,09675,16,16,0
06437,09676,2510,985,1525
06437,09677,56,12,44
06437,09678,0,0,0
06437,09679,0,0,0
06437,09761,0,0,0
06437,09762,0,0,0
06437,09763,0,0,0
06437,09764,0,0,0
06437,09771,0,0,0
06437,09772,0,0,0
06437,09773,0,0,0
06437,09774,0,0,0
06437,09775,0,0,0
06437,09776,0,0,0
06437,09777,0,0,0
06437,09778,0,0,0
06437,09779,0,0,0
06437,09780,0,0,0
06437,10041,0,0,0
06437,10042,0,0,0
06437,10043,20,0,20
06437,10044,0,0,0
06437,10045,0,0,0
06437,10046,0,0,0
06437,11000,58,11,47
06437,12051,0,0,0
06437,12052,0,0,0
06437,12053,0,0,0
06437,12054,13,0,13
06437,12060,0,0,0
06437,12061,0,0,0
06437,12062,0,0,0
06437,12063,0,0,0
06437,12064,0,0,0
06437,12065,0,0,0
06437,12066,0,0,0
06437,12067,0,0,0
06437,12068,0,0,0
06437,12069,0,0,0
06437,12070,0,0,0
06437,12071,0,0,0
06437,12072,0,0,0
06437,12073,0,0,0
06437,13003,0,0,0
06437,13004,0,0,0
06437,13071,0,0,0
06437,13072,0,0,0
06437,13073,0,0,0
06437,13074,0,0,0
06437,13075,0,0,0
06437,13076,0,0,0
06437,14511,0,0,0
06437,14521,0,0,0
06437,14522,0,0,0
06437,14523,0,0,0
06437,14524,0,0,0
06437,14612,0,0,0
06437,14625,0,0,0
06437,14626,0,0,0
06437,14627,0,0,0
06437,14628,0,0,0
06437,14713,0,0,0
06437,14729,0,0,0
06437,14730,0,0,0
06437,15001,0,0,0
06437,15002,0,0,0
06437,15003,0,0,0
06437,15081,0,0,0
06437,15082,0,0,0
06437,15083,0,0,0
06437,15084,0,0,0
06437,15085,0,0,0
06437,15086,0,0,0
06437,15087,0,0,0
06437,15088,0,0,0
06437,15089,0,0,0
06437,15090,0,0,0
06437,15091,0,0,0
06437,16051,0,0,0
06437,16052,0,0,0
06437,16053,0,0,0
06437,16054,0,0,0
06437,16055,0,0,0
06437,16056,0,0,0
06437,16061,0,0,0
06437,16062,0,0,0
06437,16063,0,0,0
06437,16064,0,0,0
06437,16065,0,0,0
06437,16066,0,0,0
06437,16067,0,0,0
06437,16068,0,0,0
06437,16069,0,0,0
06437,16070,0,0,0
06437,16071,0,0,0
06437,16072,0,0,0
06437,16073,0,0,0
06437,16074,0,0,0
06437,16075,0,0,0
06437,16076,0,0,0
06437,16077,0,0,0
06438,01001,10,10,0
06438,01002,30,15,15
06438,01003,43,17,26
06438,01004,27,27,0
06438,01051,64,64,0
06438,01053,39,29,10
06438,01054,11,11,0
06438,01055,19,19,0
06438,01056,91,78,13
06438,01057,13,13,0
06438,01058,23,23,0
06438,01059,39,39,0
06438,01060,83,61,22
06438,01061,26,26,0
06438,01062,60,45,15
06438,02000,909,429,480
06438,03101,66,49,17
06438,03102,0,0,0
06438,03103,49,37,12
06438,03151,30,30,0
06438,03153,10,10,0
06438,03154,16,16,0
06438,03155,26,10,16
06438,03157,17,17,0
06438,03158,16,16,0
06438,03159,59,40,19
06438,03241,346,219,127
06438,03251,40,40,0
06438,03252,32,17,15
06438,03254,28,28,0
06438,03255,0,0,0
06438,03256,16,16,0
06438,03257,39,39,0
06438,03351,26,26,0
06438,03352,11,11,0
06438,03353,62,45,17
06438,03354,0,0,0
06438,03355,24,24,0
06438,03356,18,18,0
06438,03357,24,24,0
06438,03358,17,17,0
06438,03359,41,31,10
06438,03360,0,0,0
06438,03361,65,65,0
06438,03401,0,0,0
06438,03402,0,0,0
06438,03403,26,26,0
06438,03404,34,16,18
06438,03405,0,0,0
06438,03451,10,10,0
06438,03452,0,0,0
06438,03453,10,10,0
06438,03454,46,23,23
06438,03455,10,10,0
06438,03456,0,0,0
06438,03457,12,12,0
06438,03458,21,21,0
06438,03459,57,57,0
06438,03460,0,0,0
06438,03461,0,0,0
06438,03462,0,0,0
06438,04011,154,102,52
06438,04012,0,0,0
06438,05111,630,271,359
06438,05112,138,86,52
06438,05113,248,154,94
06438,05114,63,37,26
06438,05116,95,50,45
06438,05117,52,34,18
06438,05119,66,47,19
06438,05120,14,14,0
06438,05122,46,31,15
06438,05124,103,63,40
06438,05154,53,33,20
06438,05158,250,157,93
06438,05162,206,135,71
06438,05166,86,65,21
06438,05170,99,79,20
06438,05314,160,79,81
06438,05315,754,313,441
06438,05316,71,55,16
06438,05334,102,65,37
06438,05358,81,69,12
06438,05362,159,111,48
06438,05366,40,18,22
06438,05370,118,118,0
06438,05374,72,34,38
06438,05378,82,72,10
06438,05382,226,144,82
06438,05512,20,20,0
06438,05513,67,50,17
06438,05515,73,41,32
06438,05554,46,31,15
06438,05558,52,52,0
06438,05562,167,135,32
06438,05566,82,58,24
06438,05570,46,33,13
06438,05711,61,33,28
06438,05754,69,32,37
06438,05758,38,22,16
06438,05762,18,18,0
06438,05766,43,31,12
06438,05770,112,95,17
06438,05774,55,32,23
06438,05911,84,57,27
06438,05913,216,112,104
06438,05914,23,23,0
06438,05915,31,20,11
06438,05916,40,30,10
06438,05954,51,37,14
06438,05958,43,29,14
06438,05962,113,101,12
06438,05966,11,11,0
06438,05970,111,68,43
06438,05974,30,30,0
06438,05978,87,47,40
06438,06411,6214,2399,3815
06438,06412,48621,10201,38420
06438,06413,17893,6727,11166
06438,06414,2262,1115,1147
06438,06431,1090,747,343
06438,06432,11395,7790,3605
06438,06433,7143,3738,3405
06438,06434,3570,1461,2109
06438,06435,12274,7048,5226
06438,06436,5016,2173,2843
06438,06437,758,631,127
06438,06438,0,0,0
06438,06439,857,694,163
06438,06440,3208,2144,1064
06438,06531,633,437,196
06438,06532,294,205,89
06438,06533,583,483,100
06438,06534,230,157,73
06438,06535,197,152,45
06438,06611,101,44,57
06438,06631,315,208,107
06438,06632,74,55,19
06438,06633,71,59,12
06438,06634,85,68,17
06438,06635,52,39,13
06438,06636,23,23,0
06438,07111,94,64,30
06438,07131,29,29,0
06438,07132,42,28,14
06438,07133,220,182,38
06438,07134,50,36,14
06438,07135,55,55,0
06438,07137,124,100,24
06438,07138,76,60,16
06438,07140,109,80,29
06438,07141,148,124,24
06438,07143,215,185,30
06438,07211,29,17,12
06438,07231,41,41,0
06438,07232,15,15,0
06438,07233,38,38,0
06438,07235,32,32,0
06438,07311,61,29,32
06438,07312,106,85,21
06438,07313,10,10,0
06438,07314,255,156,99
06438,07315,1252,713,539
06438,07316,26,26,0
06438,07317,16,16,0
06438,07318,100,27,73
06438,07319,154,120,34
06438,07320,18,18,0
06438,07331,274,228,46
06438,07332,113,100,13
06438,07333,61,61,0
06438,07334,80,68,12
06438,07335,73,60,13
06438,07336,27,27,0
06438,07337,39,25,14
06438,07338,153,124,29
06438,07339,670,524,146
06438,07340,45,33,12
06438,08111,472,256,216
06438,08115,200,143,57
06438,08116,240,162,78
06438,08117,87,61,26
06438,08118,284,162,122
06438,08119,133,106,27
06438,08121,52,33,19
06438,08125,112,68,44
06438,08126,51,18,33
06438,08127,55,26,29
06438,08128,89,57,32
06438,08135,23,13,10
06438,08136,63,44,19
06438,08211,10,0,10
06438,08212,218,125,93
06438,08215,253,165,88
06438,08216,73,46,27
06438,08221,200,121,79
06438,08222,825,479,346
06438,08225,70,57,13
06438,08226,678,467,211
06438,08231,43,22,21
06438,08235,34,34,0
06438,08236,47,34,13
06438,08237,19,19,0
06438,08311,50,29,21
06438,08315,41,28,13
06438,08316,34,20,14
06438,08317,88,60,28
06438,08325,14,14,0
06438,08326,39,23,16
06438,08327,12,12,0
06438,08335,51,31,20
06438,08336,40,15,25
06438,08337,20,0,20
06438,08415,63,48,15
06438,08416,42,32,10
06438,08417,34,24,10
06438,08421,42,16,26
06438,08425,36,36,0
06438,08426,28,28,0
06438,08435,45,25,20
06438,08436,51,34,17
06438,08437,22,12,10
06438,09161,57,34,23
06438,09162,1113,495,618
06438,09163,10,10,0
06438,09171,12,0,12
06438,09172,10,10,0
06438,09173,37,37,0
06438,09174,85,57,28
06438,09175,67,48,19
06438,09176,40,40,0
06438,09177,66,49,17
06438,09178,160,65,95
06438,09179,79,68,11
06438,09180,0,0,0
06438,09181,22,22,0
06438,09182,15,15,0
06438,09183,15,15,0
06438,09184,279,110,169
06438,09185,16,16,0
06438,09186,35,35,0
06438,09187,49,49,0
06438,09188,49,32,17
06438,09189,25,14,11
06438,09190,21,21,0
06438,09261,12,12,0
06438,09262,0,0,0
06438,09263,0,0,0
06438,09271,10,0,10
06438,09272,0,0,0
06438,09273,12,12,0
06438,09274,44,32,12
06438,09275,18,18,0
06438,09276,0,0,0
06438,09277,16,0,16
06438,09278,0,0,0
06438,09279,0,0,0
06438,09361,0,0,0
06438,09362,54,28,26
06438,09363,0,0,0
06438,09371,0,0,0
06438,09372,15,15,0
06438,09373,19,19,0
06438,09374,57,10,47
06438,09375,10,10,0
06438,09376,12,12,0
06438,09377,0,0,0
06438,09461,10,0,10
06438,09462,12,12,0
06438,09463,0,0,0
06438,09464,0,0,0
06438,09471,44,32,12
06438,09472,12,12,0
06438,09473,0,0,0
06438,09474,26,26,0
06438,09475,0,0,0
06438,09476,0,0,0
06438,09477,0,0,0
06438,09478,0,0,0
06438,09479,0,0,0
06438,09561,65,10,55
06438,09562,132,35,97
06438,09563,50,34,16
06438,09564,330,144,186
06438,09565,0,0,0
06438,09571,42,26,16
06438,09572,63,49,14
06438,09573,39,39,0
06438,09574,53,42,11
06438,09575,28,28,0
06438,09576,30,30,0
06438,09577,0,0,0
06438,09661,2006,886,1120
06438,09662,12,12,0
06438,09663,86,41,45
06438,09671,4384,2746,1638
06438,09672,55,38,17
06438,09673,20,20,0
06438,09674,12,12,0
06438,09675,25,25,0
06438,09676,1219,857,362
06438,09677,195,103,92
06438,09678,21,21,0
06438,09679,77,55,22
06438,09761,86,62,24
06438,09762,0,0,0
06438,09763,0,0,0
06438,09764,0,0,0
06438,09771,38,38,0
06438,09772,133,118,15
06438,09773,15,15,0
06438,09774,13,13,0
06438,09775,50,29,21
06438,09776,0,0,0
06438,09777,12,12,0
06438,09778,20,20,0
06438,09779,13,13,0
06438,09780,0,0,0
06438,10041,252,82,170
06438,10042,34,24,10
06438,10043,33,33,0
06438,10044,77,40,37
06438,10045,33,33,0
06438,10046,15,15,0
06438,11000,1139,741,398
06438,12051,0,0,0
06438,12052,23,23,0
06438,12053,15,15,0
06438,12054,49,29,20
06438,12060,37,37,0
06438,12061,36,36,0
06438,12062,11,11,0
06438,12063,30,30,0
06438,12064,21,21,0
06438,12065,34,34,0
06438,12066,0,0,0
06438,12067,16,16,0
06438,12068,0,0,0
06438,12069,58,36,22
06438,12070,0,0,0
06438,12071,16,16,0
06438,12072,26,26,0
06438,12073,12,12,0
06438,13003,12,12,0
06438,13004,0,0,0
06438,13071,11,11,0
06438,13072,16,16,0
06438,13073,13,13,0
06438,13074,10,10,0
06438,13075,0,0,0
06438,13076,19,19,0
06438,14511,41,24,17
06438,14521,32,32,0
06438,14522,32,32,0
06438,14523,20,20,0
06438,14524,38,28,10
06438,14612,93,70,23
06438,14625,26,26,0
06438,14626,15,15,0
06438,14627,22,22,0
06438,14628,20,20,0
06438,14713,187,130,57
06438,14729,110,110,0
06438,14730,49,35,14
06438,15001,10,10,0
06438,15002,61,61,0
06438,15003,30,30,0
06438,15081,10,10,0
06438,15082,100,100,0
06438,15083,23,23,0
06438,15084,92,92,0
06438,15085,11,11,0
06438,15086,0,0,0
06438,15087,28,28,0
06438,15088,220,206,14
06438,15089,19,19,0
06438,15090,0,0,0
06438,15091,46,46,0
06438,16051,64,41,23
06438,16052,10,10,0
06438,16053,48,37,11
06438,16054,12,12,0
06438,16055,0,0,0
06438,16056,12,12,0
06438,16061,12,12,0
06438,16062,10,10,0
06438,16063,51,51,0
06438,16064,21,21,0
06438,16065,25,25,0
06438,16066,43,43,0
06438,16067,24,24,0
06438,16068,15,15,0
06438,16069,0,0,0
06438,16070,37,24,13
06438,16071,34,34,0
06438,16072,0,0,0
06438,16073,20,20,0
06438,16074,16,16,0
06438,16075,0,0,0
06438,16076,15,15,0
06438,16077,0,0,0
06439,01001,0,0,0
06439,01002,0,0,0
06439,01003,11,0,11
06439,01004,0,0,0
06439,01051,0,0,0
06439,01053,0,0,0
06439,01054,0,0,0
06439,01055,0,0,0
06439,01056,0,0,0
06439,01057,0,0,0
06439,01058,0,0,0
06439,01059,0,0,0
06439,01060,22,12,10
06439,01061,0,0,0
06439,01062,10,0,10
06439,02000,277,99,178
06439,03101,0,0,0
06439,03102,0,0,0
06439,03103,0,0,0
06439,03151,0,0,0
06439,03153,0,0,0
06439,03154,0,0,0
06439,03155,0,0,0
06439,03157,0,0,0
06439,03158,0,0,0
06439,03159,26,14,12
06439,03241,69,34,35
06439,03251,0,0,0
06439,03252,0,0,0
06439,03254,0,0,0
06439,03255,0,0,0
06439,03256,0,0,0
06439,03257,0,0,0
06439,03351,0,0,0
06439,03352,0,0,0
06439,03353,31,13,18
06439,03354,0,0,0
06439,03355,0,0,0
06439,03356,0,0,0
06439,03357,0,0,0
06439,03358,0,0,0
06439,03359,15,15,0
06439,03360,0,0,0
06439,03361,0,0,0
06439,03401,0,0,0
06439,03402,0,0,0
06439,03403,0,0,0
06439,03404,13,0,13
06439,03405,0,0,0
06439,03451,0,0,0
06439,03452,0,0,0
06439,03453,0,0,0
06439,03454,0,0,0
06439,03455,0,0,0
06439,03456,0,0,0
06439,03457,0,0,0
06439,03458,12,12,0
06439,03459,11,0,11
06439,03460,13,13,0
06439,03461,0,0,0
06439,03462,0,0,0
06439,04011,38,24,14
06439,04012,0,0,0
06439,05111,205,36,169
06439,05112,27,12,15
06439,05113,67,17,50
06439,05114,13,0,13
06439,05116,10,10,0
06439,05117,11,0,11
06439,05119,0,0,0
06439,05120,0,0,0
06439,05122,0,0,0
06439,05124,19,0,19
06439,05154,18,0,18
06439,05158,45,19,26
06439,05162,57,37,20
06439,05166,71,28,43
06439,05170,30,19,11
06439,05314,73,23,50
06439,05315,355,58,297
06439,05316,16,0,16
06439,05334,51,28,23
06439,05358,30,19,11
06439,05362,39,16,23
06439,05366,10,10,0
06439,05370,0,0,0
06439,05374,22,12,10
06439,05378,12,0,12
06439,05382,74,31,43
06439,05512,0,0,0
06439,05513,0,0,0
06439,05515,19,0,19
06439,05554,17,17,0
06439,05558,0,0,0
06439,05562,20,20,0
06439,05566,27,14,13
06439,05570,12,12,0
06439,05711,17,0,17
06439,05754,18,0,18
06439,05758,0,0,0
06439,05762,0,0,0
06439,05766,11,11,0
06439,05770,0,0,0
06439,05774,36,10,26
06439,05911,31,14,17
06439,05913,65,18,47
06439,05914,0,0,0
06439,05915,0,0,0
06439,05916,0,0,0
06439,05954,25,12,13
06439,05958,0,0,0
06439,05962,20,10,10
06439,05966,0,0,0
06439,05970,74,57,17
06439,05974,11,11,0
06439,05978,16,16,0
06439,06411,507,106,401
06439,06412,8448,785,7663
06439,06413,336,116,220
06439,06414,23897,4544,19353
06439,06431,116,60,56
06439,06432,341,202,139
06439,06433,1948,498,1450
06439,06434,1691,479,1212
06439,06435,348,143,205
06439,06436,3689,833,2856
06439,06437,25,25,0
06439,06438,857,163,694
06439,06439,0,0,0
06439,06440,319,152,167
06439,06531,139,62,77
06439,06532,251,185,66
06439,06533,3634,2235,1399
06439,06534,73,44,29
06439,06535,30,17,13
06439,06611,132,16,116
06439,06631,46,15,31
06439,06632,10,0,10
06439,06633,48,48,0
06439,06634,71,45,26
06439,06635,113,103,10
06439,06636,0,0,0
06439,07111,155,32,123
06439,07131,16,16,0
06439,07132,23,12,11
06439,07133,400,238,162
06439,07134,25,11,14
06439,07135,0,0,0
06439,07137,80,42,38
06439,07138,55,23,32
06439,07140,125,75,50
06439,07141,3103,2359,744
06439,07143,329,206,123
06439,07211,0,0,0
06439,07231,10,10,0
06439,07232,0,0,0
06439,07233,0,0,0
06439,07235,14,0,14
06439,07311,12,0,12
06439,07312,17,0,17
06439,07313,0,0,0
06439,07314,76,0,76
06439,07315,3433,890,2543
06439,07316,0,0,0
06439,07317,0,0,0
06439,07318,0,0,0
06439,07319,46,23,23
06439,07320,11,0,11
06439,07331,227,132,95
06439,07332,16,16,0
06439,07333,44,29,15
06439,07334,0,0,0
06439,07335,20,10,10
06439,07336,0,0,0
06439,07337,0,0,0
06439,07338,26,15,11
06439,07339,1650,870,780
06439,07340,12,12,0
06439,08111,130,27,103
06439,08115,49,15,34
06439,08116,52,17,35
06439,08117,24,0,24
06439,08118,70,33,37
06439,08119,30,17,13
06439,08121,0,0,0
06439,08125,32,13,19
06439,08126,16,0,16
06439,08127,0,0,0
06439,08128,0,0,0
06439,08135,0,0,0
06439,08136,14,0,14
06439,08211,0,0,0
06439,08212,44,16,28
06439,08215,40,22,18
06439,08216,19,0,19
06439,08221,32,12,20
06439,08222,126,22,104
06439,08225,0,0,0
06439,08226,107,33,74
06439,08231,0,0,0
06439,08235,0,0,0
06439,08236,10,10,0
06439,08237,0,0,0
06439,08311,18,0,18
06439,08315,23,12,11
06439,08316,0,0,0
06439,08317,38,23,15
06439,08325,0,0,0
06439,08326,0,0,0
06439,08327,0,0,0
06439,08335,22,11,11
06439,08336,18,0,18
06439,08337,0,0,0
06439,08415,28,16,12
06439,08416,0,0,0
06439,08417,0,0,0
06439,08421,17,0,17
06439,08425,11,11,0
06439,08426,0,0,0
06439,08435,0,0,0
06439,08436,0,0,0
06439,08437,0,0,0
06439,09161,0,0,0
06439,09162,296,76,220
06439,09163,0,0,0
06439,09171,0,0,0
06439,09172,0,0,0
06439,09173,0,0,0
06439,09174,0,0,0
06439,09175,0,0,0
06439,09176,0,0,0
06439,09177,0,0,0
06439,09178,30,0,30
06439,09179,13,13,0
06439,09180,12,12,0
06439,09181,0,0,0
06439,09182,0,0,0
06439,09183,0,0,0
06439,09184,95,21,74
06439,09185,0,0,0
06439,09186,0,0,0
06439,09187,17,17,0
06439,09188,0,0,0
06439,09189,0,0,0
06439,09190,0,0,0
06439,09261,0,0,0
06439,09262,0,0,0
06439,09263,0,0,0
06439,09271,0,0,0
06439,09272,0,0,0
06439,09273,0,0,0
06439,09274,0,0,0
06439,09275,0,0,0
06439,09276,0,0,0
06439,09277,0,0,0
06439,09278,0,0,0
06439,09279,0,0,0
06439,09361,0,0,0
06439,09362,0,0,0
06439,09363,0,0,0
06439,09371,0,0,0
06439,09372,0,0,0
06439,09373,12,0,12
06439,09374,0,0,0
06439,09375,0,0,0
06439,09376,0,0,0
06439,09377,0,0,0
06439,09461,0,0,0
06439,09462,0,0,0
06439,09463,0,0,0
06439,09464,0,0,0
06439,09471,0,0,0
06439,09472,0,0,0
06439,09473,0,0,0
06439,09474,0,0,0
06439,09475,0,0,0
06439,09476,0,0,0
06439,09477,0,0,0
06439,09478,0,0,0
06439,09479,0,0,0
06439,09561,0,0,0
06439,09562,15,0,15
06439,09563,0,0,0
06439,09564,44,17,27
06439,09565,0,0,0
06439,09571,0,0,0
06439,09572,0,0,0
06439,09573,0,0,0
06439,09574,0,0,0
06439,09575,0,0,0
06439,09576,0,0,0
06439,09577,0,0,0
06439,09661,58,12,46
06439,09662,0,0,0
06439,09663,24,10,14
06439,09671,75,36,39
06439,09672,0,0,0
06439,09673,0,0,0
06439,09674,0,0,0
06439,09675,0,0,0
06439,09676,18,0,18
06439,09677,0,0,0
06439,09678,0,0,0
06439,09679,0,0,0
06439,09761,11,11,0
06439,09762,0,0,0
06439,09763,0,0,0
06439,09764,0,0,0
06439,09771,0,0,0
06439,09772,10,0,10
06439,09773,0,0,0
06439,09774,0,0,0
06439,09775,0,0,0
06439,09776,0,0,0
06439,09777,0,0,0
06439,09778,0,0,0
06439,09779,0,0,0
06439,09780,0,0,0
06439,10041,160,106,54
06439,10042,0,0,0
06439,10043,0,0,0
06439,10044,19,19,0
06439,10045,27,11,16
06439,10046,0,0,0
06439,11000,309,122,187
06439,12051,0,0,0
06439,12052,0,0,0
06439,12053,0,0,0
06439,12054,0,0,0
06439,12060,0,0,0
06439,12061,0,0,0
06439,12062,0,0,0
06439,12063,0,0,0
06439,12064,0,0,0
06439,12065,0,0,0
06439,12066,0,0,0
06439,12067,0,0,0
06439,12068,0,0,0
06439,12069,0,0,0
06439,12070,0,0,0
06439,12071,0,0,0
06439,12072,0,0,0
06439,12073,0,0,0
06439,13003,0,0,0
06439,13004,0,0,0
06439,13071,0,0,0
06439,13072,10,10,0
06439,13073,0,0,0
06439,13074,0,0,0
06439,13075,0,0,0
06439,13076,0,0,0
06439,14511,0,0,0
06439,14521,0,0,0
06439,14522,0,0,0
06439,14523,0,0,0
06439,14524,0,0,0
06439,14612,27,15,12
06439,14625,0,0,0
06439,14626,0,0,0
06439,14627,0,0,0
06439,14628,0,0,0
06439,14713,38,27,11
06439,14729,0,0,0
06439,14730,0,0,0
06439,15001,0,0,0
06439,15002,0,0,0
06439,15003,0,0,0
06439,15081,0,0,0
06439,15082,0,0,0
06439,15083,0,0,0
06439,15084,15,15,0
06439,15085,0,0,0
06439,15086,0,0,0
06439,15087,0,0,0
06439,15088,0,0,0
06439,15089,0,0,0
06439,15090,0,0,0
06439,15091,0,0,0
06439,16051,0,0,0
06439,16052,0,0,0
06439,16053,0,0,0
06439,16054,0,0,0
06439,16055,0,0,0
06439,16056,0,0,0
06439,16061,0,0,0
06439,16062,0,0,0
06439,16063,0,0,0
06439,16064,0,0,0
06439,16065,0,0,0
06439,16066,0,0,0
06439,16067,0,0,0
06439,16068,0,0,0
06439,16069,0,0,0
06439,16070,0,0,0
06439,16071,0,0,0
06439,16072,0,0,0
06439,16073,0,0,0
06439,16074,0,0,0
06439,16075,0,0,0
06439,16076,0,0,0
06439,16077,0,0,0
06440,01001,12,0,12
06440,01002,11,0,11
06440,01003,27,0,27
06440,01004,0,0,0
06440,01051,0,0,0
06440,01053,13,0,13
06440,01054,0,0,0
06440,01055,0,0,0
06440,01056,10,10,0
06440,01057,0,0,0
06440,01058,16,16,0
06440,01059,0,0,0
06440,01060,46,12,34
06440,01061,0,0,0
06440,01062,35,13,22
06440,02000,461,111,350
06440,03101,29,13,16
06440,03102,0,0,0
06440,03103,10,0,10
06440,03151,0,0,0
06440,03153,30,30,0
06440,03154,0,0,0
06440,03155,16,16,0
06440,03157,0,0,0
06440,03158,0,0,0
06440,03159,628,607,21
06440,03241,204,70,134
06440,03251,15,15,0
06440,03252,0,0,0
06440,03254,13,13,0
06440,03255,0,0,0
06440,03256,0,0,0
06440,03257,0,0,0
06440,03351,0,0,0
06440,03352,0,0,0
06440,03353,22,22,0
06440,03354,0,0,0
06440,03355,10,10,0
06440,03356,0,0,0
06440,03357,0,0,0
06440,03358,0,0,0
06440,03359,0,0,0
06440,03360,0,0,0
06440,03361,12,12,0
06440,03401,0,0,0
06440,03402,0,0,0
06440,03403,0,0,0
06440,03404,27,0,27
06440,03405,0,0,0
06440,03451,0,0,0
06440,03452,12,12,0
06440,03453,0,0,0
06440,03454,22,10,12
06440,03455,0,0,0
06440,03456,0,0,0
06440,03457,0,0,0
06440,03458,0,0,0
06440,03459,16,16,0
06440,03460,13,0,13
06440,03461,0,0,0
06440,03462,0,0,0
06440,04011,71,25,46
06440,04012,0,0,0
06440,05111,358,46,312
06440,05112,65,36,29
06440,05113,127,58,69
06440,05114,14,0,14
06440,05116,44,25,19
06440,05117,25,15,10
06440,05119,20,0,20
06440,05120,0,0,0
06440,05122,0,0,0
06440,05124,44,10,34
06440,05154,23,12,11
06440,05158,126,29,97
06440,05162,50,21,29
06440,05166,21,21,0
06440,05170,61,43,18
06440,05314,107,23,84
06440,05315,403,104,299
06440,05316,25,14,11
06440,05334,67,22,45
06440,05358,22,10,12
06440,05362,73,38,35
06440,05366,0,0,0
06440,05370,23,23,0
06440,05374,59,20,39
06440,05378,31,31,0
06440,05382,97,56,41
06440,05512,0,0,0
06440,05513,135,0,135
06440,05515,55,26,29
06440,05554,33,10,23
06440,05558,14,14,0
06440,05562,127,37,90
06440,05566,42,19,23
06440,05570,25,15,10
06440,05711,37,11,26
06440,05754,78,12,66
06440,05758,22,11,11
06440,05762,15,15,0
06440,05766,31,15,16
06440,05770,14,0,14
06440,05774,35,17,18
06440,05911,53,33,20
06440,05913,119,30,89
06440,05914,12,0,12
06440,05915,10,0,10
06440,05916,0,0,0
06440,05954,53,23,30
06440,05958,37,19,18
06440,05962,36,18,18
06440,05966,11,11,0
06440,05970,94,35,59
06440,05974,29,16,13
06440,05978,79,25,54
06440,06411,641,145,496
06440,06412,32223,4134,28089
06440,06413,2079,669,1410
06440,06414,898,216,682
06440,06431,209,105,104
06440,06432,606,316,290
06440,06433,1153,374,779
06440,06434,10325,2677,7648
06440,06435,13110,5396,7714
06440,06436,3097,615,2482
06440,06437,69,51,18
06440,06438,3208,1064,2144
06440,06439,319,167,152
06440,06440,0,0,0
06440,06531,11634,6018,5616
06440,06532,2587,1419,1168
06440,06533,666,472,194
06440,06534,751,414,337
06440,06535,2698,1848,850
06440,06611,133,46,87
06440,06631,285,126,159
06440,06632,72,38,34
06440,06633,64,38,26
06440,06634,121,76,45
06440,06635,76,48,28
06440,06636,21,21,0
06440,07111,51,15,36
06440,07131,0,0,0
06440,07132,29,14,15
06440,07133,47,28,19
06440,07134,0,0,0
06440,07135,0,0,0
06440,07137,47,29,18
06440,07138,31,18,13
06440,07140,35,16,19
06440,07141,101,52,49
06440,07143,94,68,26
06440,07211,0,0,0
06440,07231,0,0,0
06440,07232,12,0,12
06440,07233,0,0,0
06440,07235,0,0,0
06440,07311,15,0,15
06440,07312,0,0,0
06440,07313,0,0,0
06440,07314,103,28,75
06440,07315,365,111,254
06440,07316,0,0,0
06440,07317,0,0,0
06440,07318,12,0,12
06440,07319,40,0,40
06440,07320,0,0,0
06440,07331,49,31,18
06440,07332,16,16,0
06440,07333,13,13,0
06440,07334,17,17,0
06440,07335,10,10,0
06440,07336,0,0,0
06440,07337,0,0,0
06440,07338,16,16,0
06440,07339,127,72,55
06440,07340,0,0,0
06440,08111,182,39,143
06440,08115,56,26,30
06440,08116,83,23,60
06440,08117,25,11,14
06440,08118,83,33,50
06440,08119,33,16,17
06440,08121,0,0,0
06440,08125,67,23,44
06440,08126,18,0,18
06440,08127,30,11,19
06440,08128,17,17,0
06440,08135,11,11,0
06440,08136,18,0,18
06440,08211,0,0,0
06440,08212,115,44,71
06440,08215,102,59,43
06440,08216,31,13,18
06440,08221,72,25,47
06440,08222,210,61,149
06440,08225,45,15,30
06440,08226,167,87,80
06440,08231,13,0,13
06440,08235,0,0,0
06440,08236,10,10,0
06440,08237,0,0,0
06440,08311,49,0,49
06440,08315,10,10,0
06440,08316,15,15,0
06440,08317,53,21,32
06440,08325,12,0,12
06440,08326,15,0,15
06440,08327,11,0,11
06440,08335,39,20,19
06440,08336,11,0,11
06440,08337,12,0,12
06440,08415,16,0,16
06440,08416,11,0,11
06440,08417,14,0,14
06440,08421,21,0,21
06440,08425,0,0,0
06440,08426,32,22,10
06440,08435,12,12,0
06440,08436,33,18,15
06440,08437,0,0,0
06440,09161,15,0,15
06440,09162,422,74,348
06440,09163,0,0,0
06440,09171,0,0,0
06440,09172,0,0,0
06440,09173,0,0,0
06440,09174,10,10,0
06440,09175,0,0,0
06440,09176,0,0,0
06440,09177,20,10,10
06440,09178,37,0,37
06440,09179,28,16,12
06440,09180,0,0,0
06440,09181,10,10,0
06440,09182,0,0,0
06440,09183,0,0,0
06440,09184,116,18,98
06440,09185,41,41,0
06440,09186,0,0,0
06440,09187,22,11,11
06440,09188,10,0,10
06440,09189,0,0,0
06440,09190,0,0,0
06440,09261,0,0,0
06440,09262,0,0,0
06440,09263,0,0,0
06440,09271,0,0,0
06440,09272,0,0,0
06440,09273,0,0,0
06440,09274,0,0,0
06440,09275,0,0,0
06440,09276,0,0,0
06440,09277,0,0,0
06440,09278,0,0,0
06440,09279,0,0,0
06440,09361,0,0,0
06440,09362,23,0,23
06440,09363,0,0,0
06440,09371,0,0,0
06440,09372,0,0,0
06440,09373,21,11,10
06440,09374,14,14,0
06440,09375,0,0,0
06440,09376,0,0,0
06440,09377,0,0,0
06440,09461,32,32,0
06440,09462,0,0,0
06440,09463,0,0,0
06440,09464,0,0,0
06440,09471,26,15,11
06440,09472,0,0,0
06440,09473,0,0,0
06440,09474,0,0,0
06440,09475,0,0,0
06440,09476,0,0,0
06440,09477,0,0,0
06440,09478,0,0,0
06440,09479,0,0,0
06440,09561,0,0,0
06440,09562,34,0,34
06440,09563,0,0,0
06440,09564,142,28,114
06440,09565,0,0,0
06440,09571,13,13,0
06440,09572,12,0,12
06440,09573,0,0,0
06440,09574,26,15,11
06440,09575,0,0,0
06440,09576,14,14,0
06440,09577,0,0,0
06440,09661,265,54,211
06440,09662,0,0,0
06440,09663,50,17,33
06440,09671,730,267,463
06440,09672,51,29,22
06440,09673,26,15,11
06440,09674,0,0,0
06440,09675,12,12,0
06440,09676,145,72,73
06440,09677,57,18,39
06440,09678,12,0,12
06440,09679,17,17,0
06440,09761,35,14,21
06440,09762,0,0,0
06440,09763,0,0,0
06440,09764,0,0,0
06440,09771,0,0,0
06440,09772,11,11,0
06440,09773,0,0,0
06440,09774,11,0,11
06440,09775,18,0,18
06440,09776,0,0,0
06440,09777,0,0,0
06440,09778,0,0,0
06440,09779,0,0,0
06440,09780,0,0,0
06440,10041,86,11,75
06440,10042,0,0,0
06440,10043,0,0,0
06440,10044,0,0,0
06440,10045,0,0,0
06440,10046,0,0,0
06440,11000,508,165,343
06440,12051,0,0,0
06440,12052,0,0,0
06440,12053,0,0,0
06440,12054,0,0,0
06440,12060,0,0,0
06440,12061,0,0,0
06440,12062,0,0,0
06440,12063,0,0,0
06440,12064,0,0,0
06440,12065,11,11,0
06440,12066,0,0,0
06440,12067,0,0,0
06440,12068,0,0,0
06440,12069,22,11,11
06440,12070,0,0,0
06440,12071,0,0,0
06440,12072,10,0,10
06440,12073,0,0,0
06440,13003,0,0,0
06440,13004,0,0,0
06440,13071,0,0,0
06440,13072,0,0,0
06440,13073,0,0,0
06440,13074,0,0,0
06440,13075,0,0,0
06440,13076,27,27,0
06440,14511,10,10,0
06440,14521,13,13,0
06440,14522,26,16,10
06440,14523,10,10,0
06440,14524,0,0,0
06440,14612,49,25,24
06440,14625,16,16,0
06440,14626,0,0,0
06440,14627,11,11,0
06440,14628,0,0,0
06440,14713,59,35,24
06440,14729,16,16,0
06440,14730,0,0,0
06440,15001,0,0,0
06440,15002,0,0,0
06440,15003,0,0,0
06440,15081,0,0,0
06440,15082,15,15,0
06440,15083,0,0,0
06440,15084,0,0,0
06440,15085,12,12,0
06440,15086,0,0,0
06440,15087,12,12,0
06440,15088,13,13,0
06440,15089,0,0,0
06440,15090,0,0,0
06440,15091,0,0,0
06440,16051,39,19,20
06440,16052,0,0,0
06440,16053,0,0,0
06440,16054,0,0,0
06440,16055,0,0,0
06440,16056,0,0,0
06440,16061,47,47,0
06440,16062,37,37,0
06440,16063,23,13,10
06440,16064,40,30,10
06440,16065,12,12,0
06440,16066,21,21,0
06440,16067,14,14,0
06440,16068,24,24,0
06440,16069,14,14,0
06440,16070,0,0,0
06440,16071,10,10,0
06440,16072,0,0,0
06440,16073,0,0,0
06440,16074,0,0,0
06440,16075,0,0,0
06440,16076,0,0,0
06440,16077,0,0,0
06531,01001,0,0,0
06531,01002,11,0,11
06531,01003,31,0,31
06531,01004,0,0,0
06531,01051,0,0,0
06531,01053,0,0,0
06531,01054,0,0,0
06531,01055,0,0,0
06531,01056,0,0,0
06531,01057,0,0,0
06531,01058,0,0,0
06531,01059,0,0,0
06531,01060,17,0,17
06531,01061,0,0,0
06531,01062,10,0,10
06531,02000,253,66,187
06531,03101,17,0,17
06531,03102,0,0,0
06531,03103,13,0,13
06531,03151,0,0,0
06531,03153,0,0,0
06531,03154,0,0,0
06531,03155,43,43,0
06531,03157,0,0,0
06531,03158,0,0,0
06531,03159,70,41,29
06531,03241,161,65,96
06531,03251,0,0,0
06531,03252,0,0,0
06531,03254,18,18,0
06531,03255,0,0,0
06531,03256,0,0,0
06531,03257,0,0,0
06531,03351,0,0,0
06531,03352,0,0,0
06531,03353,16,16,0
06531,03354,0,0,0
06531,03355,0,0,0
06531,03356,0,0,0
06531,03357,0,0,0
06531,03358,0,0,0
06531,03359,0,0,0
06531,03360,0,0,0
06531,03361,0,0,0
06531,03401,0,0,0
06531,03402,0,0,0
06531,03403,13,0,13
06531,03404,52,35,17
06531,03405,0,0,0
06531,03451,0,0,0
06531,03452,0,0,0
06531,03453,0,0,0
06531,03454,16,0,16
06531,03455,0,0,0
06531,03456,16,0,16
06531,03457,0,0,0
06531,03458,0,0,0
06531,03459,69,42,27
06531,03460,13,0,13
06531,03461,0,0,0
06531,03462,0,0,0
06531,04011,58,23,35
06531,04012,0,0,0
06531,05111,182,30,152
06531,05112,35,0,35
06531,05113,67,19,48
06531,05114,32,18,14
06531,05116,14,0,14
06531,05117,14,0,14
06531,05119,22,10,12
06531,05120,0,0,0
06531,05122,0,0,0
06531,05124,53,24,29
06531,05154,14,14,0
06531,05158,78,20,58
06531,05162,46,18,28
06531,05166,26,12,14
06531,05170,41,23,18
06531,05314,102,20,82
06531,05315,373,78,295
06531,05316,16,0,16
06531,05334,62,22,40
06531,05358,26,12,14
06531,05362,60,23,37
06531,05366,25,12,13
06531,05370,0,0,0
06531,05374,81,27,54
06531,05378,34,19,15
06531,05382,73,38,35
06531,05512,0,0,0
06531,05513,22,0,22
06531,05515,47,26,21
06531,05554,16,0,16
06531,05558,14,0,14
06531,05562,44,23,21
06531,05566,71,52,19
06531,05570,21,11,10
06531,05711,41,15,26
06531,05754,50,18,32
06531,05758,22,11,11
06531,05762,15,15,0
06531,05766,31,15,16
06531,05770,24,10,14
06531,05774,39,23,16
06531,05911,31,15,16
06531,05913,77,28,49
06531,05914,22,0,22
06531,05915,0,0,0
06531,05916,0,0,0
06531,05954,37,10,27
06531,05958,60,27,33
06531,05962,40,17,23
06531,05966,39,23,16
06531,05970,511,271,240
06531,05974,33,17,16
06531,05978,226,15,211
06531,06411,279,67,212
06531,06412,6089,660,5429
06531,06413,294,99,195
06531,06414,435,113,322
06531,06431,90,30,60
06531,06432,334,116,218
06531,06433,281,89,192
06531,06434,1779,376,1403
06531,06435,1040,446,594
06531,06436,782,109,673
06531,06437,30,17,13
06531,06438,633,196,437
06531,06439,139,77,62
06531,06440,11634,5616,6018
06531,06531,0,0,0
06531,06532,17562,10493,7069
06531,06533,1168,739,429
06531,06534,9355,5700,3655
06531,06535,5055,3555,1500
06531,06611,403,116,287
06531,06631,323,202,121
06531,06632,191,112,79
06531,06633,107,73,34
06531,06634,278,200,78
06531,06635,511,284,227
06531,06636,62,48,14
06531,07111,125,65,60
06531,07131,0,0,0
06531,07132,92,61,31
06531,07133,39,23,16
06531,07134,0,0,0
06531,07135,0,0,0
06531,07137,59,35,24
06531,07138,49,30,19
06531,07140,27,11,16
06531,07141,105,61,44
06531,07143,225,150,75
06531,07211,10,0,10
06531,07231,0,0,0
06531,07232,40,0,40
06531,07233,21,21,0
06531,07235,10,10,0
06531,07311,15,0,15
06531,07312,24,13,11
06531,07313,0,0,0
06531,07314,32,0,32
06531,07315,215,50,165
06531,07316,0,0,0
06531,07317,0,0,0
06531,07318,0,0,0
06531,07319,20,0,20
06531,07320,0,0,0
06531,07331,34,23,11
06531,07332,0,0,0
06531,07333,10,10,0
06531,07334,32,10,22
06531,07335,0,0,0
06531,07336,0,0,0
06531,07337,57,0,57
06531,07338,10,10,0
06531,07339,74,39,35
06531,07340,0,0,0
06531,08111,117,27,90
06531,08115,55,17,38
06531,08116,75,28,47
06531,08117,11,0,11
06531,08118,81,39,42
06531,08119,33,19,14
06531,08121,11,0,11
06531,08125,44,17,27
06531,08126,35,0,35
06531,08127,0,0,0
06531,08128,28,11,17
06531,08135,0,0,0
06531,08136,37,15,22
06531,08211,0,0,0
06531,08212,51,14,37
06531,08215,52,30,22
06531,08216,33,20,13
06531,08221,50,11,39
06531,08222,100,24,76
06531,08225,0,0,0
06531,08226,97,38,59
06531,08231,0,0,0
06531,08235,0,0,0
06531,08236,26,13,13
06531,08237,0,0,0
06531,08311,32,12,20
06531,08315,10,10,0
06531,08316,0,0,0
06531,08317,34,17,17
06531,08325,0,0,0
06531,08326,12,0,12
06531,08327,0,0,0
06531,08335,13,0,13
06531,08336,28,15,13
06531,08337,10,0,10
06531,08415,15,0,15
06531,08416,11,0,11
06531,08417,13,13,0
06531,08421,0,0,0
06531,08425,0,0,0
06531,08426,0,0,0
06531,08435,0,0,0
06531,08436,0,0,0
06531,08437,0,0,0
06531,09161,14,0,14
06531,09162,304,43,261
06531,09163,0,0,0
06531,09171,0,0,0
06531,09172,0,0,0
06531,09173,0,0,0
06531,09174,0,0,0
06531,09175,0,0,0
06531,09176,0,0,0
06531,09177,0,0,0
06531,09178,10,0,10
06531,09179,12,0,12
06531,09180,0,0,0
06531,09181,0,0,0
06531,09182,0,0,0
06531,09183,0,0,0
06531,09184,88,16,72
06531,09185,0,0,0
06531,09186,14,0,14
06531,09187,0,0,0
06531,09188,10,0,10
06531,09189,0,0,0
06531,09190,0,0,0
06531,09261,0,0,0
06531,09262,0,0,0
06531,09263,0,0,0
06531,09271,0,0,0
06531,09272,0,0,0
06531,09273,0,0,0
06531,09274,0,0,0
06531,09275,0,0,0
06531,09276,0,0,0
06531,09277,0,0,0
06531,09278,0,0,0
06531,09279,12,12,0
06531,09361,0,0,0
06531,09362,0,0,0
06531,09363,20,0,20
06531,09371,0,0,0
06531,09372,0,0,0
06531,09373,0,0,0
06531,09374,0,0,0
06531,09375,0,0,0
06531,09376,0,0,0
06531,09377,0,0,0
06531,09461,0,0,0
06531,09462,12,0,12
06531,09463,0,0,0
06531,09464,0,0,0
06531,09471,0,0,0
06531,09472,0,0,0
06531,09473,0,0,0
06531,09474,0,0,0
06531,09475,20,0,20
06531,09476,0,0,0
06531,09477,0,0,0
06531,09478,0,0,0
06531,09479,0,0,0
06531,09561,0,0,0
06531,09562,27,0,27
06531,09563,0,0,0
06531,09564,87,30,57
06531,09565,0,0,0
06531,09571,0,0,0
06531,09572,0,0,0
06531,09573,0,0,0
06531,09574,13,13,0
06531,09575,0,0,0
06531,09576,0,0,0
06531,09577,0,0,0
06531,09661,51,16,35
06531,09662,0,0,0
06531,09663,36,10,26
06531,09671,187,83,104
06531,09672,23,12,11
06531,09673,0,0,0
06531,09674,0,0,0
06531,09675,0,0,0
06531,09676,55,16,39
06531,09677,0,0,0
06531,09678,0,0,0
06531,09679,15,15,0
06531,09761,33,10,23
06531,09762,0,0,0
06531,09763,0,0,0
06531,09764,0,0,0
06531,09771,0,0,0
06531,09772,0,0,0
06531,09773,0,0,0
06531,09774,0,0,0
06531,09775,10,0,10
06531,09776,0,0,0
06531,09777,0,0,0
06531,09778,0,0,0
06531,09779,0,0,0
06531,09780,0,0,0
06531,10041,35,13,22
06531,10042,0,0,0
06531,10043,0,0,0
06531,10044,0,0,0
06531,10045,0,0,0
06531,10046,0,0,0
06531,11000,404,137,267
06531,12051,0,0,0
06531,12052,0,0,0
06531,12053,0,0,0
06531,12054,0,0,0
06531,12060,0,0,0
06531,12061,0,0,0
06531,12062,0,0,0
06531,12063,0,0,0
06531,12064,0,0,0
06531,12065,0,0,0
06531,12066,0,0,0
06531,12067,0,0,0
06531,12068,0,0,0
06531,12069,11,0,11
06531,12070,0,0,0
06531,12071,0,0,0
06531,12072,0,0,0
06531,12073,0,0,0
06531,13003,0,0,0
06531,13004,0,0,0
06531,13071,0,0,0
06531,13072,0,0,0
06531,13073,0,0,0
06531,13074,0,0,0
06531,13075,12,12,0
06531,13076,0,0,0
06531,14511,24,11,13
06531,14521,12,12,0
06531,14522,11,11,0
06531,14523,0,0,0
06531,14524,18,18,0
06531,14612,74,38,36
06531,14625,12,12,0
06531,14626,0,0,0
06531,14627,0,0,0
06531,14628,0,0,0
06531,14713,84,49,35
06531,14729,14,14,0
06531,14730,0,0,0
06531,15001,0,0,0
06531,15002,10,10,0
06531,15003,0,0,0
06531,15081,0,0,0
06531,15082,0,0,0
06531,15083,0,0,0
06531,15084,0,0,0
06531,15085,0,0,0
06531,15086,0,0,0
06531,15087,0,0,0
06531,15088,0,0,0
06531,15089,0,0,0
06531,15090,0,0,0
06531,15091,0,0,0
06531,16051,34,15,19
06531,16052,0,0,0
06531,16053,24,13,11
06531,16054,0,0,0
06531,16055,0,0,0
06531,16056,13,13,0
06531,16061,0,0,0
06531,16062,0,0,0
06531,16063,33,20,13
06531,16064,24,24,0
06531,16065,0,0,0
06531,16066,21,10,11
06531,16067,28,28,0
06531,16068,0,0,0
06531,16069,0,0,0
06531,16070,0,0,0
06531,16071,0,0,0
06531,16072,0,0,0
06531,16073,0,0,0
06531,16074,10,10,0
06531,16075,0,0,0
06531,16076,11,11,0
06531,16077,0,0,0
06532,01001,0,0,0
06532,01002,0,0,0
06532,01003,0,0,0
06532,01004,0,0,0
06532,01051,0,0,0
06532,01053,13,13,0
06532,01054,0,0,0
06532,01055,0,0,0
06532,01056,24,10,14
06532,01057,0,0,0
06532,01058,0,0,0
06532,01059,0,0,0
06532,01060,11,0,11
06532,01061,0,0,0
06532,01062,0,0,0
06532,02000,204,112,92
06532,03101,15,0,15
06532,03102,21,21,0
06532,03103,0,0,0
06532,03151,0,0,0
06532,03153,0,0,0
06532,03154,0,0,0
06532,03155,20,20,0
06532,03157,12,12,0
06532,03158,0,0,0
06532,03159,163,151,12
06532,03241,192,114,78
06532,03251,0,0,0
06532,03252,0,0,0
06532,03254,14,14,0
06532,03255,0,0,0
06532,03256,0,0,0
06532,03257,10,10,0
06532,03351,11,11,0
06532,03352,0,0,0
06532,03353,0,0,0
06532,03354,0,0,0
06532,03355,0,0,0
06532,03356,0,0,0
06532,03357,0,0,0
06532,03358,0,0,0
06532,03359,10,10,0
06532,03360,0,0,0
06532,03361,0,0,0
06532,03401,0,0,0
06532,03402,0,0,0
06532,03403,0,0,0
06532,03404,20,0,20
06532,03405,0,0,0
06532,03451,0,0,0
06532,03452,0,0,0
06532,03453,0,0,0
06532,03454,0,0,0
06532,03455,0,0,0
06532,03456,0,0,0
06532,03457,0,0,0
06532,03458,0,0,0
06532,03459,28,10,18
06532,03460,0,0,0
06532,03461,0,0,0
06532,03462,0,0,0
06532,04011,38,16,22
06532,04012,0,0,0
06532,05111,116,31,85
06532,05112,60,39,21
06532,05113,71,20,51
06532,05114,37,19,18
06532,05116,0,0,0
06532,05117,10,10,0
06532,05119,34,0,34
06532,05120,0,0,0
06532,05122,10,10,0
06532,05124,20,0,20
06532,05154,14,14,0
06532,05158,58,22,36
06532,05162,54,21,33
06532,05166,25,12,13
06532,05170,83,60,23
06532,05314,61,19,42
06532,05315,234,66,168
06532,05316,16,0,16
06532,05334,39,20,19
06532,05358,23,10,13
06532,05362,68,30,38
06532,05366,30,0,30
06532,05370,0,0,0
06532,05374,171,58,113
06532,05378,61,22,39
06532,05382,89,42,47
06532,05512,0,0,0
06532,05513,28,10,18
06532,05515,17,0,17
06532,05554,38,20,18
06532,05558,16,16,0
06532,05562,44,27,17
06532,05566,18,18,0
06532,05570,13,0,13
06532,05711,29,12,17
06532,05754,27,10,17
06532,05758,0,0,0
06532,05762,0,0,0
06532,05766,39,22,17
06532,05770,10,10,0
06532,05774,26,13,13
06532,05911,40,18,22
06532,05913,113,34,79
06532,05914,16,0,16
06532,05915,0,0,0
06532,05916,0,0,0
06532,05954,101,32,69
06532,05958,86,46,40
06532,05962,103,62,41
06532,05966,196,109,87
06532,05970,5944,3279,2665
06532,05974,28,18,10
06532,05978,72,29,43
06532,06411,144,32,112
06532,06412,2791,267,2524
06532,06413,137,42,95
06532,06414,324,103,221
06532,06431,53,32,21
06532,06432,144,68,76
06532,06433,240,88,152
06532,06434,1270,255,1015
06532,06435,478,221,257
06532,06436,399,80,319
06532,06437,0,0,0
06532,06438,294,89,205
06532,06439,251,66,185
06532,06440,2587,1168,1419
06532,06531,17562,7069,10493
06532,06532,0,0,0
06532,06533,5114,3009,2105
06532,06534,6087,3709,2378
06532,06535,378,273,105
06532,06611,201,37,164
06532,06631,85,49,36
06532,06632,54,27,27
06532,06633,39,25,14
06532,06634,71,51,20
06532,06635,188,87,101
06532,06636,10,10,0
06532,07111,90,25,65
06532,07131,0,0,0
06532,07132,717,527,190
06532,07133,29,16,13
06532,07134,0,0,0
06532,07135,0,0,0
06532,07137,81,41,40
06532,07138,76,35,41
06532,07140,13,13,0
06532,07141,266,140,126
06532,07143,2524,1611,913
06532,07211,0,0,0
06532,07231,0,0,0
06532,07232,0,0,0
06532,07233,0,0,0
06532,07235,10,10,0
06532,07311,0,0,0
06532,07312,0,0,0
06532,07313,0,0,0
06532,07314,0,0,0
06532,07315,94,49,45
06532,07316,0,0,0
06532,07317,0,0,0
06532,07318,0,0,0
06532,07319,0,0,0
06532,07320,0,0,0
06532,07331,45,27,18
06532,07332,22,11,11
06532,07333,0,0,0
06532,07334,99,99,0
06532,07335,0,0,0
06532,07336,0,0,0
06532,07337,0,0,0
06532,07338,0,0,0
06532,07339,83,46,37
06532,07340,0,0,0
06532,08111,84,31,53
06532,08115,46,24,22
06532,08116,82,34,48
06532,08117,13,0,13
06532,08118,44,27,17
06532,08119,32,19,13
06532,08121,10,0,10
06532,08125,40,10,30
06532,08126,22,0,22
06532,08127,10,10,0
06532,08128,0,0,0
06532,08135,0,0,0
06532,08136,61,17,44
06532,08211,0,0,0
06532,08212,28,0,28
06532,08215,58,36,22
06532,08216,0,0,0
06532,08221,14,0,14
06532,08222,34,0,34
06532,08225,0,0,0
06532,08226,73,45,28
06532,08231,0,0,0
06532,08235,10,0,10
06532,08236,11,11,0
06532,08237,0,0,0
06532,08311,0,0,0
06532,08315,0,0,0
06532,08316,0,0,0
06532,08317,22,10,12
06532,08325,0,0,0
06532,08326,0,0,0
06532,08327,0,0,0
06532,08335,14,0,14
06532,08336,23,11,12
06532,08337,0,0,0
06532,08415,10,10,0
06532,08416,12,12,0
06532,08417,0,0,0
06532,08421,10,0,10
06532,08425,0,0,0
06532,08426,0,0,0
06532,08435,12,12,0
06532,08436,10,10,0
06532,08437,0,0,0
06532,09161,0,0,0
06532,09162,174,62,112
06532,09163,0,0,0
06532,09171,0,0,0
06532,09172,0,0,0
06532,09173,0,0,0
06532,09174,0,0,0
06532,09175,0,0,0
06532,09176,0,0,0
06532,09177,0,0,0
06532,09178,10,10,0
06532,09179,12,12,0
06532,09180,0,0,0
06532,09181,0,0,0
06532,09182,0,0,0
06532,09183,0,0,0
06532,09184,55,14,41
06532,09185,0,0,0
06532,09186,0,0,0
06532,09187,0,0,0
06532,09188,0,0,0
06532,09189,0,0,0
06532,09190,0,0,0
06532,09261,0,0,0
06532,09262,0,0,0
06532,09263,0,0,0
06532,09271,0,0,0
06532,09272,0,0,0
06532,09273,0,0,0
06532,09274,0,0,0
06532,09275,0,0,0
06532,09276,0,0,0
06532,09277,0,0,0
06532,09278,0,0,0
06532,09279,0,0,0
06532,09361,0,0,0
06532,09362,0,0,0
06532,09363,0,0,0
06532,09371,0,0,0
06532,09372,0,0,0
06532,09373,0,0,0
06532,09374,0,0,0
06532,09375,0,0,0
06532,09376,0,0,0
06532,09377,0,0,0
06532,09461,0,0,0
06532,09462,0,0,0
06532,09463,0,0,0
06532,09464,0,0,0
06532,09471,0,0,0
06532,09472,0,0,0
06532,09473,0,0,0
06532,09474,0,0,0
06532,09475,0,0,0
06532,09476,0,0,0
06532,09477,0,0,0
06532,09478,0,0,0
06532,09479,0,0,0
06532,09561,0,0,0
06532,09562,0,0,0
06532,09563,0,0,0
06532,09564,78,16,62
06532,09565,0,0,0
06532,09571,0,0,0
06532,09572,10,10,0
06532,09573,0,0,0
06532,09574,0,0,0
06532,09575,0,0,0
06532,09576,0,0,0
06532,09577,0,0,0
06532,09661,16,0,16
06532,09662,0,0,0
06532,09663,17,0,17
06532,09671,68,30,38
06532,09672,0,0,0
06532,09673,0,0,0
06532,09674,0,0,0
06532,09675,0,0,0
06532,09676,40,15,25
06532,09677,0,0,0
06532,09678,0,0,0
06532,09679,16,16,0
06532,09761,13,0,13
06532,09762,0,0,0
06532,09763,0,0,0
06532,09764,0,0,0
06532,09771,0,0,0
06532,09772,13,13,0
06532,09773,0,0,0
06532,09774,0,0,0
06532,09775,10,10,0
06532,09776,0,0,0
06532,09777,0,0,0
06532,09778,0,0,0
06532,09779,0,0,0
06532,09780,0,0,0
06532,10041,65,41,24
06532,10042,0,0,0
06532,10043,10,10,0
06532,10044,17,17,0
06532,10045,12,12,0
06532,10046,0,0,0
06532,11000,243,112,131
06532,12051,0,0,0
06532,12052,0,0,0
06532,12053,0,0,0
06532,12054,0,0,0
06532,12060,0,0,0
06532,12061,0,0,0
06532,12062,0,0,0
06532,12063,10,10,0
06532,12064,0,0,0
06532,12065,0,0,0
06532,12066,0,0,0
06532,12067,0,0,0
06532,12068,0,0,0
06532,12069,11,11,0
06532,12070,0,0,0
06532,12071,0,0,0
06532,12072,0,0,0
06532,12073,15,15,0
06532,13003,0,0,0
06532,13004,0,0,0
06532,13071,0,0,0
06532,13072,0,0,0
06532,13073,0,0,0
06532,13074,0,0,0
06532,13075,0,0,0
06532,13076,0,0,0
06532,14511,12,12,0
06532,14521,10,10,0
06532,14522,14,14,0
06532,14523,0,0,0
06532,14524,17,17,0
06532,14612,21,11,10
06532,14625,20,10,10
06532,14626,13,13,0
06532,14627,0,0,0
06532,14628,10,10,0
06532,14713,33,22,11
06532,14729,0,0,0
06532,14730,17,17,0
06532,15001,0,0,0
06532,15002,0,0,0
06532,15003,0,0,0
06532,15081,0,0,0
06532,15082,0,0,0
06532,15083,0,0,0
06532,15084,0,0,0
06532,15085,12,12,0
06532,15086,0,0,0
06532,15087,0,0,0
06532,15088,0,0,0
06532,15089,0,0,0
06532,15090,0,0,0
06532,15091,0,0,0
06532,16051,25,15,10
06532,16052,0,0,0
06532,16053,0,0,0
06532,16054,0,0,0
06532,16055,0,0,0
06532,16056,0,0,0
06532,16061,0,0,0
06532,16062,0,0,0
06532,16063,0,0,0
06532,16064,0,0,0
06532,16065,0,0,0
06532,16066,12,12,0
06532,16067,17,17,0
06532,16068,0,0,0
06532,16069,0,0,0
06532,16070,18,18,0
06532,16071,0,0,0
06532,16072,0,0,0
06532,16073,0,0,0
06532,16074,17,17,0
06532,16075,0,0,0
06532,16076,11,11,0
06532,16077,10,10,0
06533,01001,0,0,0
06533,01002,0,0,0
06533,01003,0,0,0
06533,01004,0,0,0
06533,01051,0,0,0
06533,01053,0,0,0
06533,01054,0,0,0
06533,01055,0,0,0
06533,01056,0,0,0
06533,01057,0,0,0
06533,01058,0,0,0
06533,01059,0,0,0
06533,01060,20,10,10
06533,01061,0,0,0
06533,01062,0,0,0
06533,02000,183,38,145
06533,03101,19,0,19
06533,03102,0,0,0
06533,03103,0,0,0
06533,03151,0,0,0
06533,03153,0,0,0
06533,03154,0,0,0
06533,03155,0,0,0
06533,03157,0,0,0
06533,03158,0,0,0
06533,03159,19,19,0
06533,03241,62,22,40
06533,03251,10,10,0
06533,03252,0,0,0
06533,03254,0,0,0
06533,03255,0,0,0
06533,03256,0,0,0
06533,03257,0,0,0
06533,03351,0,0,0
06533,03352,0,0,0
06533,03353,14,14,0
06533,03354,0,0,0
06533,03355,0,0,0
06533,03356,0,0,0
06533,03357,0,0,0
06533,03358,0,0,0
06533,03359,0,0,0
06533,03360,0,0,0
06533,03361,0,0,0
06533,03401,0,0,0
06533,03402,0,0,0
06533,03403,0,0,0
06533,03404,0,0,0
06533,03405,0,0,0
06533,03451,0,0,0
06533,03452,0,0,0
06533,03453,0,0,0
06533,03454,0,0,0
06533,03455,0,0,0
06533,03456,0,0,0
06533,03457,0,0,0
06533,03458,0,0,0
06533,03459,0,0,0
06533,03460,23,0,23
06533,03461,0,0,0
06533,03462,0,0,0
06533,04011,31,15,16
06533,04012,0,0,0
06533,05111,143,27,116
06533,05112,36,19,17
06533,05113,45,12,33
06533,05114,19,19,0
06533,05116,10,0,10
06533,05117,15,0,15
06533,05119,0,0,0
06533,05120,0,0,0
06533,05122,0,0,0
06533,05124,19,19,0
06533,05154,0,0,0
06533,05158,56,29,27
06533,05162,43,10,33
06533,05166,17,17,0
06533,05170,18,0,18
06533,05314,115,23,92
06533,05315,316,117,199
06533,05316,31,13,18
06533,05334,42,22,20
06533,05358,35,14,21
06533,05362,79,41,38
06533,05366,16,16,0
06533,05370,12,12,0
06533,05374,46,28,18
06533,05378,69,58,11
06533,05382,179,95,84
06533,05512,0,0,0
06533,05513,21,11,10
06533,05515,26,14,12
06533,05554,14,0,14
06533,05558,0,0,0
06533,05562,25,13,12
06533,05566,21,11,10
06533,05570,0,0,0
06533,05711,0,0,0
06533,05754,24,0,24
06533,05758,0,0,0
06533,05762,0,0,0
06533,05766,0,0,0
06533,05770,23,0,23
06533,05774,0,0,0
06533,05911,36,24,12
06533,05913,66,21,45
06533,05914,0,0,0
06533,05915,0,0,0
06533,05916,21,0,21
06533,05954,42,21,21
06533,05958,0,0,0
06533,05962,16,0,16
06533,05966,14,14,0
06533,05970,170,62,108
06533,05974,0,0,0
06533,05978,16,0,16
06533,06411,252,55,197
06533,06412,7734,511,7223
06533,06413,211,72,139
06533,06414,2791,370,2421
06533,06431,81,50,31
06533,06432,197,87,110
06533,06433,651,164,487
06533,06434,2400,586,1814
06533,06435,202,63,139
06533,06436,1777,333,1444
06533,06437,23,0,23
06533,06438,583,100,483
06533,06439,3634,1399,2235
06533,06440,666,194,472
06533,06531,1168,429,739
06533,06532,5114,2105,3009
06533,06533,0,0,0
06533,06534,214,90,124
06533,06535,55,41,14
06533,06611,151,14,137
06533,06631,35,17,18
06533,06632,35,16,19
06533,06633,12,12,0
06533,06634,99,12,87
06533,06635,19,0,19
06533,06636,10,10,0
06533,07111,513,169,344
06533,07131,36,25,11
06533,07132,182,96,86
06533,07133,45,25,20
06533,07134,13,13,0
06533,07135,130,130,0
06533,07137,324,178,146
06533,07138,430,269,161
06533,07140,82,63,19
06533,07141,7125,4780,2345
06533,07143,6756,4464,2292
06533,07211,12,0,12
06533,07231,17,17,0
06533,07232,0,0,0
06533,07233,0,0,0
06533,07235,0,0,0
06533,07311,0,0,0
06533,07312,22,11,11
06533,07313,0,0,0
06533,07314,43,18,25
06533,07315,466,117,349
06533,07316,0,0,0
06533,07317,0,0,0
06533,07318,0,0,0
06533,07319,16,0,16
06533,07320,0,0,0
06533,07331,44,30,14
06533,07332,13,13,0
06533,07333,0,0,0
06533,07334,0,0,0
06533,07335,10,10,0
06533,07336,0,0,0
06533,07337,0,0,0
06533,07338,0,0,0
06533,07339,141,57,84
06533,07340,18,18,0
06533,08111,74,13,61
06533,08115,34,0,34
06533,08116,42,14,28
06533,08117,17,0,17
06533,08118,42,12,30
06533,08119,25,12,13
06533,08121,0,0,0
06533,08125,21,0,21
06533,08126,19,0,19
06533,08127,13,0,13
06533,08128,0,0,0
06533,08135,0,0,0
06533,08136,0,0,0
06533,08211,0,0,0
06533,08212,29,0,29
06533,08215,22,0,22
06533,08216,0,0,0
06533,08221,23,11,12
06533,08222,96,46,50
06533,08225,12,12,0
06533,08226,71,20,51
06533,08231,0,0,0
06533,08235,0,0,0
06533,08236,0,0,0
06533,08237,0,0,0
06533,08311,11,0,11
06533,08315,14,0,14
06533,08316,0,0,0
06533,08317,12,0,12
06533,08325,0,0,0
06533,08326,0,0,0
06533,08327,0,0,0
06533,08335,0,0,0
06533,08336,0,0,0
06533,08337,0,0,0
06533,08415,16,0,16
06533,08416,0,0,0
06533,08417,0,0,0
06533,08421,14,0,14
06533,08425,10,10,0
06533,08426,0,0,0
06533,08435,0,0,0
06533,08436,0,0,0
06533,08437,0,0,0
06533,09161,14,0,14
06533,09162,149,38,111
06533,09163,0,0,0
06533,09171,0,0,0
06533,09172,0,0,0
06533,09173,0,0,0
06533,09174,52,52,0
06533,09175,0,0,0
06533,09176,0,0,0
06533,09177,0,0,0
06533,09178,15,0,15
06533,09179,0,0,0
06533,09180,0,0,0
06533,09181,0,0,0
06533,09182,0,0,0
06533,09183,0,0,0
06533,09184,37,0,37
06533,09185,0,0,0
06533,09186,0,0,0
06533,09187,14,14,0
06533,09188,0,0,0
06533,09189,0,0,0
06533,09190,0,0,0
06533,09261,14,0,14
06533,09262,0,0,0
06533,09263,0,0,0
06533,09271,0,0,0
06533,09272,0,0,0
06533,09273,0,0,0
06533,09274,0,0,0
06533,09275,0,0,0
06533,09276,0,0,0
06533,09277,0,0,0
06533,09278,0,0,0
06533,09279,0,0,0
06533,09361,0,0,0
06533,09362,0,0,0
06533,09363,0,0,0
06533,09371,0,0,0
06533,09372,0,0,0
06533,09373,0,0,0
06533,09374,0,0,0
06533,09375,0,0,0
06533,09376,0,0,0
06533,09377,0,0,0
06533,09461,0,0,0
06533,09462,0,0,0
06533,09463,0,0,0
06533,09464,0,0,0
06533,09471,0,0,0
06533,09472,0,0,0
06533,09473,0,0,0
06533,09474,0,0,0
06533,09475,0,0,0
06533,09476,0,0,0
06533,09477,0,0,0
06533,09478,0,0,0
06533,09479,0,0,0
06533,09561,0,0,0
06533,09562,13,0,13
06533,09563,0,0,0
06533,09564,34,12,22
06533,09565,0,0,0
06533,09571,0,0,0
06533,09572,0,0,0
06533,09573,0,0,0
06533,09574,0,0,0
06533,09575,0,0,0
06533,09576,0,0,0
06533,09577,0,0,0
06533,09661,31,0,31
06533,09662,0,0,0
06533,09663,0,0,0
06533,09671,56,28,28
06533,09672,0,0,0
06533,09673,0,0,0
06533,09674,0,0,0
06533,09675,0,0,0
06533,09676,14,0,14
06533,09677,0,0,0
06533,09678,0,0,0
06533,09679,0,0,0
06533,09761,36,18,18
06533,09762,0,0,0
06533,09763,0,0,0
06533,09764,0,0,0
06533,09771,0,0,0
06533,09772,47,47,0
06533,09773,28,28,0
06533,09774,0,0,0
06533,09775,0,0,0
06533,09776,0,0,0
06533,09777,0,0,0
06533,09778,0,0,0
06533,09779,0,0,0
06533,09780,0,0,0
06533,10041,17,0,17
06533,10042,0,0,0
06533,10043,0,0,0
06533,10044,0,0,0
06533,10045,0,0,0
06533,10046,0,0,0
06533,11000,224,63,161
06533,12051,0,0,0
06533,12052,0,0,0
06533,12053,0,0,0
06533,12054,0,0,0
06533,12060,0,0,0
06533,12061,0,0,0
06533,12062,0,0,0
06533,12063,0,0,0
06533,12064,0,0,0
06533,12065,0,0,0
06533,12066,0,0,0
06533,12067,0,0,0
06533,12068,0,0,0
06533,12069,0,0,0
06533,12070,0,0,0
06533,12071,0,0,0
06533,12072,0,0,0
06533,12073,0,0,0
06533,13003,0,0,0
06533,13004,0,0,0
06533,13071,0,0,0
06533,13072,0,0,0
06533,13073,0,0,0
06533,13074,0,0,0
06533,13075,0,0,0
06533,13076,0,0,0
06533,14511,0,0,0
06533,14521,0,0,0
06533,14522,0,0,0
06533,14523,0,0,0
06533,14524,0,0,0
06533,14612,16,16,0
06533,14625,0,0,0
06533,14626,0,0,0
06533,14627,0,0,0
06533,14628,0,0,0
06533,14713,14,14,0
06533,14729,0,0,0
06533,14730,0,0,0
06533,15001,0,0,0
06533,15002,0,0,0
06533,15003,0,0,0
06533,15081,0,0,0
06533,15082,20,20,0
06533,15083,0,0,0
06533,15084,0,0,0
06533,15085,19,19,0
06533,15086,0,0,0
06533,15087,0,0,0
06533,15088,0,0,0
06533,15089,0,0,0
06533,15090,0,0,0
06533,15091,0,0,0
06533,16051,11,11,0
06533,16052,0,0,0
06533,16053,0,0,0
06533,16054,0,0,0
06533,16055,0,0,0
06533,16056,0,0,0
06533,16061,0,0,0
06533,16062,0,0,0
06533,16063,0,0,0
06533,16064,0,0,0
06533,16065,0,0,0
06533,16066,0,0,0
06533,16067,0,0,0
06533,16068,0,0,0
06533,16069,0,0,0
06533,16070,0,0,0
06533,16071,0,0,0
06533,16072,0,0,0
06533,16073,0,0,0
06533,16074,0,0,0
06533,16075,0,0,0
06533,16076,0,0,0
06533,16077,0,0,0
06534,01001,0,0,0
06534,01002,10,0,10
06534,01003,0,0,0
06534,01004,13,0,13
06534,01051,0,0,0
06534,01053,0,0,0
06534,01054,0,0,0
06534,01055,0,0,0
06534,01056,0,0,0
06534,01057,0,0,0
06534,01058,0,0,0
06534,01059,0,0,0
06534,01060,0,0,0
06534,01061,0,0,0
06534,01062,0,0,0
06534,02000,198,43,155
06534,03101,11,11,0
06534,03102,0,0,0
06534,03103,17,0,17
06534,03151,0,0,0
06534,03153,0,0,0
06534,03154,0,0,0
06534,03155,0,0,0
06534,03157,0,0,0
06534,03158,0,0,0
06534,03159,77,41,36
06534,03241,128,44,84
06534,03251,10,0,10
06534,03252,0,0,0
06534,03254,28,16,12
06534,03255,0,0,0
06534,03256,0,0,0
06534,03257,0,0,0
06534,03351,0,0,0
06534,03352,0,0,0
06534,03353,0,0,0
06534,03354,0,0,0
06534,03355,11,11,0
06534,03356,0,0,0
06534,03357,0,0,0
06534,03358,11,11,0
06534,03359,0,0,0
06534,03360,0,0,0
06534,03361,0,0,0
06534,03401,0,0,0
06534,03402,0,0,0
06534,03403,10,0,10
06534,03404,42,0,42
06534,03405,0,0,0
06534,03451,0,0,0
06534,03452,0,0,0
06534,03453,0,0,0
06534,03454,18,0,18
06534,03455,0,0,0
06534,03456,0,0,0
06534,03457,0,0,0
06534,03458,0,0,0
06534,03459,15,15,0
06534,03460,0,0,0
06534,03461,0,0,0
06534,03462,0,0,0
06534,04011,36,15,21
06534,04012,0,0,0
06534,05111,146,61,85
06534,05112,19,19,0
06534,05113,54,30,24
06534,05114,10,0,10
06534,05116,0,0,0
06534,05117,0,0,0
06534,05119,12,0,12
06534,05120,0,0,0
06534,05122,0,0,0
06534,05124,39,15,24
06534,05154,14,14,0
06534,05158,64,27,37
06534,05162,25,11,14
06534,05166,0,0,0
06534,05170,13,0,13
06534,05314,95,31,64
06534,05315,261,91,170
06534,05316,0,0,0
06534,05334,57,16,41
06534,05358,68,14,54
06534,05362,67,15,52
06534,05366,0,0,0
06534,05370,0,0,0
06534,05374,47,13,34
06534,05378,54,13,41
06534,05382,80,48,32
06534,05512,0,0,0
06534,05513,12,12,0
06534,05515,69,40,29
06534,05554,14,14,0
06534,05558,0,0,0
06534,05562,70,55,15
06534,05566,12,12,0
06534,05570,17,17,0
06534,05711,36,18,18
06534,05754,31,16,15
06534,05758,13,0,13
06534,05762,11,11,0
06534,05766,27,10,17
06534,05770,0,0,0
06534,05774,45,28,17
06534,05911,112,90,22
06534,05913,87,40,47
06534,05914,14,0,14
06534,05915,0,0,0
06534,05916,30,30,0
06534,05954,54,13,41
06534,05958,243,153,90
06534,05962,47,26,21
06534,05966,49,20,29
06534,05970,2751,1632,1119
06534,05974,14,0,14
06534,05978,32,12,20
06534,06411,180,71,109
06534,06412,2734,634,2100
06534,06413,134,58,76
06534,06414,269,104,165
06534,06431,60,29,31
06534,06432,116,59,57
06534,06433,120,41,79
06534,06434,336,78,258
06534,06435,247,125,122
06534,06436,368,89,279
06534,06437,0,0,0
06534,06438,230,73,157
06534,06439,73,29,44
06534,06440,751,337,414
06534,06531,9355,3655,5700
06534,06532,6087,2378,3709
06534,06533,214,124,90
06534,06534,0,0,0
06534,06535,3107,2070,1037
06534,06611,598,150,448
06534,06631,290,153,137
06534,06632,162,90,72
06534,06633,286,127,159
06534,06634,4085,3064,1021
06534,06635,4251,2278,1973
06534,06636,40,40,0
06534,07111,24,0,24
06534,07131,0,0,0
06534,07132,38,24,14
06534,07133,42,42,0
06534,07134,0,0,0
06534,07135,0,0,0
06534,07137,160,10,150
06534,07138,15,0,15
06534,07140,0,0,0
06534,07141,30,17,13
06534,07143,101,53,48
06534,07211,0,0,0
06534,07231,0,0,0
06534,07232,0,0,0
06534,07233,0,0,0
06534,07235,0,0,0
06534,07311,0,0,0
06534,07312,0,0,0
06534,07313,0,0,0
06534,07314,32,14,18
06534,07315,259,183,76
06534,07316,0,0,0
06534,07317,0,0,0
06534,07318,0,0,0
06534,07319,0,0,0
06534,07320,0,0,0
06534,07331,45,45,0
06534,07332,21,21,0
06534,07333,0,0,0
06534,07334,0,0,0
06534,07335,0,0,0
06534,07336,14,14,0
06534,07337,24,12,12
06534,07338,0,0,0
06534,07339,77,58,19
06534,07340,0,0,0
06534,08111,103,13,90
06534,08115,29,13,16
06534,08116,39,12,27
06534,08117,0,0,0
06534,08118,28,0,28
06534,08119,16,16,0
06534,08121,0,0,0
06534,08125,15,0,15
06534,08126,15,0,15
06534,08127,12,0,12
06534,08128,10,0,10
06534,08135,0,0,0
06534,08136,12,0,12
06534,08211,0,0,0
06534,08212,61,27,34
06534,08215,53,23,30
06534,08216,0,0,0
06534,08221,56,18,38
06534,08222,55,16,39
06534,08225,0,0,0
06534,08226,77,36,41
06534,08231,20,0,20
06534,08235,0,0,0
06534,08236,0,0,0
06534,08237,0,0,0
06534,08311,25,0,25
06534,08315,16,0,16
06534,08316,0,0,0
06534,08317,15,0,15
06534,08325,0,0,0
06534,08326,0,0,0
06534,08327,0,0,0
06534,08335,15,0,15
06534,08336,10,0,10
06534,08337,0,0,0
06534,08415,12,0,12
06534,08416,13,13,0
06534,08417,0,0,0
06534,08421,16,0,16
06534,08425,0,0,0
06534,08426,0,0,0
06534,08435,0,0,0
06534,08436,0,0,0
06534,08437,0,0,0
06534,09161,0,0,0
06534,09162,240,81,159
06534,09163,0,0,0
06534,09171,0,0,0
06534,09172,0,0,0
06534,09173,0,0,0
06534,09174,0,0,0
06534,09175,0,0,0
06534,09176,0,0,0
06534,09177,0,0,0
06534,09178,11,0,11
06534,09179,13,13,0
06534,09180,0,0,0
06534,09181,0,0,0
06534,09182,0,0,0
06534,09183,0,0,0
06534,09184,70,19,51
06534,09185,0,0,0
06534,09186,0,0,0
06534,09187,0,0,0
06534,09188,0,0,0
06534,09189,0,0,0
06534,09190,0,0,0
06534,09261,0,0,0
06534,09262,0,0,0
06534,09263,0,0,0
06534,09271,0,0,0
06534,09272,0,0,0
06534,09273,0,0,0
06534,09274,0,0,0
06534,09275,0,0,0
06534,09276,0,0,0
06534,09277,0,0,0
06534,09278,0,0,0
06534,09279,0,0,0
06534,09361,0,0,0
06534,09362,11,0,11
06534,09363,0,0,0
06534,09371,0,0,0
06534,09372,0,0,0
06534,09373,0,0,0
06534,09374,0,0,0
06534,09375,0,0,0
06534,09376,0,0,0
06534,09377,0,0,0
06534,09461,0,0,0
06534,09462,0,0,0
06534,09463,0,0,0
06534,09464,0,0,0
06534,09471,0,0,0
06534,09472,0,0,0
06534,09473,0,0,0
06534,09474,0,0,0
06534,09475,17,0,17
06534,09476,0,0,0
06534,09477,0,0,0
06534,09478,0,0,0
06534,09479,0,0,0
06534,09561,0,0,0
06534,09562,35,0,35
06534,09563,0,0,0
06534,09564,66,25,41
06534,09565,0,0,0
06534,09571,0,0,0
06534,09572,0,0,0
06534,09573,0,0,0
06534,09574,0,0,0
06534,09575,0,0,0
06534,09576,0,0,0
06534,09577,11,11,0
06534,09661,22,0,22
06534,09662,0,0,0
06534,09663,25,10,15
06534,09671,47,18,29
06534,09672,35,35,0
06534,09673,12,0,12
06534,09674,0,0,0
06534,09675,0,0,0
06534,09676,0,0,0
06534,09677,15,15,0
06534,09678,0,0,0
06534,09679,10,10,0
06534,09761,13,13,0
06534,09762,0,0,0
06534,09763,0,0,0
06534,09764,0,0,0
06534,09771,0,0,0
06534,09772,11,0,11
06534,09773,0,0,0
06534,09774,12,12,0
06534,09775,0,0,0
06534,09776,12,0,12
06534,09777,0,0,0
06534,09778,0,0,0
06534,09779,0,0,0
06534,09780,0,0,0
06534,10041,13,13,0
06534,10042,0,0,0
06534,10043,0,0,0
06534,10044,0,0,0
06534,10045,0,0,0
06534,10046,0,0,0
06534,11000,489,144,345
06534,12051,0,0,0
06534,12052,0,0,0
06534,12053,0,0,0
06534,12054,13,0,13
06534,12060,0,0,0
06534,12061,0,0,0
06534,12062,0,0,0
06534,12063,0,0,0
06534,12064,0,0,0
06534,12065,0,0,0
06534,12066,0,0,0
06534,12067,0,0,0
06534,12068,0,0,0
06534,12069,0,0,0
06534,12070,0,0,0
06534,12071,0,0,0
06534,12072,0,0,0
06534,12073,0,0,0
06534,13003,0,0,0
06534,13004,0,0,0
06534,13071,10,10,0
06534,13072,0,0,0
06534,13073,0,0,0
06534,13074,0,0,0
06534,13075,0,0,0
06534,13076,0,0,0
06534,14511,20,10,10
06534,14521,17,17,0
06534,14522,0,0,0
06534,14523,0,0,0
06534,14524,0,0,0
06534,14612,28,14,14
06534,14625,0,0,0
06534,14626,0,0,0
06534,14627,0,0,0
06534,14628,0,0,0
06534,14713,46,25,21
06534,14729,0,0,0
06534,14730,0,0,0
06534,15001,0,0,0
06534,15002,0,0,0
06534,15003,0,0,0
06534,15081,0,0,0
06534,15082,0,0,0
06534,15083,0,0,0
06534,15084,0,0,0
06534,15085,13,0,13
06534,15086,0,0,0
06534,15087,0,0,0
06534,15088,0,0,0
06534,15089,0,0,0
06534,15090,0,0,0
06534,15091,0,0,0
06534,16051,25,12,13
06534,16052,0,0,0
06534,16053,10,0,10
06534,16054,0,0,0
06534,16055,0,0,0
06534,16056,0,0,0
06534,16061,14,14,0
06534,16062,0,0,0
06534,16063,25,12,13
06534,16064,11,11,0
06534,16065,0,0,0
06534,16066,11,0,11
06534,16067,14,14,0
06534,16068,0,0,0
06534,16069,0,0,0
06534,16070,0,0,0
06534,16071,0,0,0
06534,16072,0,0,0
06534,16073,0,0,0
06534,16074,0,0,0
06534,16075,0,0,0
06534,16076,0,0,0
06534,16077,0,0,0
06535,01001,0,0,0
06535,01002,0,0,0
06535,01003,0,0,0
06535,01004,0,0,0
06535,01051,0,0,0
06535,01053,0,0,0
06535,01054,0,0,0
06535,01055,0,0,0
06535,01056,0,0,0
06535,01057,0,0,0
06535,01058,0,0,0
06535,01059,0,0,0
06535,01060,0,0,0
06535,01061,0,0,0
06535,01062,0,0,0
06535,02000,62,11,51
06535,03101,0,0,0
06535,03102,0,0,0
06535,03103,0,0,0
06535,03151,0,0,0
06535,03153,0,0,0
06535,03154,0,0,0
06535,03155,0,0,0
06535,03157,0,0,0
06535,03158,0,0,0
06535,03159,41,17,24
06535,03241,32,0,32
06535,03251,0,0,0
06535,03252,0,0,0
06535,03254,0,0,0
06535,03255,0,0,0
06535,03256,0,0,0
06535,03257,0,0,0
06535,03351,0,0,0
06535,03352,0,0,0
06535,03353,0,0,0
06535,03354,0,0,0
06535,03355,0,0,0
06535,03356,0,0,0
06535,03357,0,0,0
06535,03358,0,0,0
06535,03359,0,0,0
06535,03360,0,0,0
06535,03361,0,0,0
06535,03401,0,0,0
06535,03402,0,0,0
06535,03403,0,0,0
06535,03404,0,0,0
06535,03405,0,0,0
06535,03451,0,0,0
06535,03452,0,0,0
06535,03453,0,0,0
06535,03454,0,0,0
06535,03455,0,0,0
06535,03456,0,0,0
06535,03457,0,0,0
06535,03458,0,0,0
06535,03459,0,0,0
06535,03460,0,0,0
06535,03461,0,0,0
06535,03462,0,0,0
06535,04011,0,0,0
06535,04012,0,0,0
06535,05111,31,13,18
06535,05112,10,0,10
06535,05113,37,0,37
06535,05114,0,0,0
06535,05116,0,0,0
06535,05117,0,0,0
06535,05119,0,0,0
06535,05120,0,0,0
06535,05122,0,0,0
06535,05124,0,0,0
06535,05154,0,0,0
06535,05158,16,0,16
06535,05162,0,0,0
06535,05166,0,0,0
06535,05170,0,0,0
06535,05314,23,0,23
06535,05315,62,0,62
06535,05316,0,0,0
06535,05334,12,0,12
06535,05358,0,0,0
06535,05362,0,0,0
06535,05366,0,0,0
06535,05370,0,0,0
06535,05374,15,0,15
06535,05378,0,0,0
06535,05382,11,0,11
06535,05512,0,0,0
06535,05513,0,0,0
06535,05515,10,0,10
06535,05554,12,12,0
06535,05558,0,0,0
06535,05562,0,0,0
06535,05566,0,0,0
06535,05570,0,0,0
06535,05711,12,0,12
06535,05754,14,0,14
06535,05758,0,0,0
06535,05762,0,0,0
06535,05766,0,0,0
06535,05770,0,0,0
06535,05774,32,0,32
06535,05911,0,0,0
06535,05913,0,0,0
06535,05914,0,0,0
06535,05915,0,0,0
06535,05916,0,0,0
06535,05954,0,0,0
06535,05958,0,0,0
06535,05962,0,0,0
06535,05966,0,0,0
06535,05970,15,0,15
06535,05974,0,0,0
06535,05978,14,0,14
06535,06411,68,19,49
06535,06412,1266,148,1118
06535,06413,102,23,79
06535,06414,74,10,64
06535,06431,11,0,11
06535,06432,69,22,47
06535,06433,82,16,66
06535,06434,179,34,145
06535,06435,1416,383,1033
06535,06436,122,26,96
06535,06437,12,12,0
06535,06438,197,45,152
06535,06439,30,13,17
06535,06440,2698,850,1848
06535,06531,5055,1500,3555
06535,06532,378,105,273
06535,06533,55,14,41
06535,06534,3107,1037,2070
06535,06535,0,0,0
06535,06611,182,26,156
06535,06631,5950,1791,4159
06535,06632,1135,491,644
06535,06633,81,36,45
06535,06634,1650,1080,570
06535,06635,105,49,56
06535,06636,88,52,36
06535,07111,0,0,0
06535,07131,0,0,0
06535,07132,0,0,0
06535,07133,0,0,0
06535,07134,0,0,0
06535,07135,0,0,0
06535,07137,0,0,0
06535,07138,0,0,0
06535,07140,0,0,0
06535,07141,0,0,0
06535,07143,0,0,0
06535,07211,0,0,0
06535,07231,0,0,0
06535,07232,0,0,0
06535,07233,0,0,0
06535,07235,0,0,0
06535,07311,0,0,0
06535,07312,0,0,0
06535,07313,0,0,0
06535,07314,0,0,0
06535,07315,34,0,34
06535,07316,0,0,0
06535,07317,0,0,0
06535,07318,0,0,0
06535,07319,0,0,0
06535,07320,0,0,0
06535,07331,0,0,0
06535,07332,0,0,0
06535,07333,0,0,0
06535,07334,0,0,0
06535,07335,0,0,0
06535,07336,0,0,0
06535,07337,0,0,0
06535,07338,0,0,0
06535,07339,0,0,0
06535,07340,0,0,0
06535,08111,19,0,19
06535,08115,12,0,12
06535,08116,12,0,12
06535,08117,0,0,0
06535,08118,14,0,14
06535,08119,0,0,0
06535,08121,0,0,0
06535,08125,0,0,0
06535,08126,16,0,16
06535,08127,0,0,0
06535,08128,0,0,0
06535,08135,0,0,0
06535,08136,23,0,23
06535,08211,0,0,0
06535,08212,0,0,0
06535,08215,10,10,0
06535,08216,0,0,0
06535,08221,0,0,0
06535,08222,17,0,17
06535,08225,0,0,0
06535,08226,15,0,15
06535,08231,0,0,0
06535,08235,0,0,0
06535,08236,0,0,0
06535,08237,0,0,0
06535,08311,0,0,0
06535,08315,0,0,0
06535,08316,0,0,0
06535,08317,0,0,0
06535,08325,0,0,0
06535,08326,10,0,10
06535,08327,0,0,0
06535,08335,0,0,0
06535,08336,0,0,0
06535,08337,0,0,0
06535,08415,10,0,10
06535,08416,0,0,0
06535,08417,0,0,0
06535,08421,0,0,0
06535,08425,0,0,0
06535,08426,0,0,0
06535,08435,0,0,0
06535,08436,0,0,0
06535,08437,0,0,0
06535,09161,0,0,0
06535,09162,70,23,47
06535,09163,0,0,0
06535,09171,0,0,0
06535,09172,0,0,0
06535,09173,0,0,0
06535,09174,0,0,0
06535,09175,0,0,0
06535,09176,0,0,0
06535,09177,0,0,0
06535,09178,0,0,0
06535,09179,0,0,0
06535,09180,0,0,0
06535,09181,0,0,0
06535,09182,0,0,0
06535,09183,0,0,0
06535,09184,20,0,20
06535,09185,0,0,0
06535,09186,0,0,0
06535,09187,0,0,0
06535,09188,0,0,0
06535,09189,0,0,0
06535,09190,0,0,0
06535,09261,0,0,0
06535,09262,0,0,0
06535,09263,0,0,0
06535,09271,0,0,0
06535,09272,0,0,0
06535,09273,0,0,0
06535,09274,0,0,0
06535,09275,0,0,0
06535,09276,0,0,0
06535,09277,0,0,0
06535,09278,0,0,0
06535,09279,0,0,0
06535,09361,0,0,0
06535,09362,0,0,0
06535,09363,0,0,0
06535,09371,0,0,0
06535,09372,0,0,0
06535,09373,0,0,0
06535,09374,0,0,0
06535,09375,0,0,0
06535,09376,0,0,0
06535,09377,0,0,0
06535,09461,0,0,0
06535,09462,0,0,0
06535,09463,0,0,0
06535,09464,0,0,0
06535,09471,0,0,0
06535,09472,0,0,0
06535,09473,0,0,0
06535,09474,0,0,0
06535,09475,0,0,0
06535,09476,0,0,0
06535,09477,0,0,0
06535,09478,0,0,0
06535,09479,0,0,0
06535,09561,0,0,0
06535,09562,0,0,0
06535,09563,0,0,0
06535,09564,18,0,18
06535,09565,0,0,0
06535,09571,0,0,0
06535,09572,0,0,0
06535,09573,0,0,0
06535,09574,0,0,0
06535,09575,0,0,0
06535,09576,0,0,0
06535,09577,0,0,0
06535,09661,22,0,22
06535,09662,0,0,0
06535,09663,27,0,27
06535,09671,52,18,34
06535,09672,41,12,29
06535,09673,0,0,0
06535,09674,0,0,0
06535,09675,0,0,0
06535,09676,13,0,13
06535,09677,26,0,26
06535,09678,0,0,0
06535,09679,0,0,0
06535,09761,0,0,0
06535,09762,0,0,0
06535,09763,0,0,0
06535,09764,0,0,0
06535,09771,0,0,0
06535,09772,0,0,0
06535,09773,0,0,0
06535,09774,0,0,0
06535,09775,0,0,0
06535,09776,0,0,0
06535,09777,0,0,0
06535,09778,0,0,0
06535,09779,0,0,0
06535,09780,0,0,0
06535,10041,0,0,0
06535,10042,0,0,0
06535,10043,0,0,0
06535,10044,0,0,0
06535,10045,0,0,0
06535,10046,0,0,0
06535,11000,133,27,106
06535,12051,0,0,0
06535,12052,0,0,0
06535,12053,0,0,0
06535,12054,0,0,0
06535,12060,0,0,0
06535,12061,0,0,0
06535,12062,0,0,0
06535,12063,0,0,0
06535,12064,0,0,0
06535,12065,0,0,0
06535,12066,0,0,0
06535,12067,0,0,0
06535,12068,0,0,0
06535,12069,0,0,0
06535,12070,0,0,0
06535,12071,0,0,0
06535,12072,0,0,0
06535,12073,0,0,0
06535,13003,0,0,0
06535,13004,0,0,0
06535,13071,0,0,0
06535,13072,0,0,0
06535,13073,0,0,0
06535,13074,0,0,0
06535,13075,0,0,0
06535,13076,0,0,0
06535,14511,0,0,0
06535,14521,0,0,0
06535,14522,0,0,0
06535,14523,0,0,0
06535,14524,0,0,0
06535,14612,0,0,0
06535,14625,0,0,0
06535,14626,0,0,0
06535,14627,0,0,0
06535,14628,0,0,0
06535,14713,0,0,0
06535,14729,0,0,0
06535,14730,0,0,0
06535,15001,0,0,0
06535,15002,0,0,0
06535,15003,0,0,0
06535,15081,0,0,0
06535,15082,0,0,0
06535,15083,0,0,0
06535,15084,0,0,0
06535,15085,0,0,0
06535,15086,0,0,0
06535,15087,0,0,0
06535,15088,0,0,0
06535,15089,0,0,0
06535,15090,0,0,0
06535,15091,0,0,0
06535,16051,11,11,0
06535,16052,0,0,0
06535,16053,0,0,0
06535,16054,0,0,0
06535,16055,0,0,0
06535,16056,11,11,0
06535,16061,18,18,0
06535,16062,0,0,0
06535,16063,84,59,25
06535,16064,39,27,12
06535,16065,0,0,0
06535,16066,42,23,19
06535,16067,0,0,0
06535,16068,0,0,0
06535,16069,0,0,0
06535,16070,0,0,0
06535,16071,0,0,0
06535,16072,0,0,0
06535,16073,0,0,0
06535,16074,0,0,0
06535,16075,0,0,0
06535,16076,0,0,0
06535,16077,0,0,0
06611,01001,0,0,0
06611,01002,44,12,32
06611,01003,0,0,0
06611,01004,0,0,0
06611,01051,0,0,0
06611,01053,12,12,0
06611,01054,0,0,0
06611,01055,10,10,0
06611,01056,24,0,24
06611,01057,10,10,0
06611,01058,0,0,0
06611,01059,12,0,12
06611,01060,29,0,29
06611,01061,0,0,0
06611,01062,23,13,10
06611,02000,336,138,198
06611,03101,132,38,94
06611,03102,25,13,12
06611,03103,100,0,100
06611,03151,26,11,15
06611,03153,61,51,10
06611,03154,0,0,0
06611,03155,418,334,84
06611,03157,0,0,0
06611,03158,10,10,0
06611,03159,5140,3571,1569
06611,03241,618,253,365
06611,03251,46,25,21
06611,03252,19,19,0
06611,03254,92,50,42
06611,03255,49,33,16
06611,03256,16,16,0
06611,03257,15,15,0
06611,03351,45,31,14
06611,03352,0,0,0
06611,03353,0,0,0
06611,03354,0,0,0
06611,03355,32,20,12
06611,03356,0,0,0
06611,03357,0,0,0
06611,03358,15,15,0
06611,03359,0,0,0
06611,03360,0,0,0
06611,03361,22,11,11
06611,03401,0,0,0
06611,03402,0,0,0
06611,03403,11,11,0
06611,03404,27,10,17
06611,03405,0,0,0
06611,03451,0,0,0
06611,03452,0,0,0
06611,03453,0,0,0
06611,03454,15,15,0
06611,03455,0,0,0
06611,03456,0,0,0
06611,03457,41,41,0
06611,03458,0,0,0
06611,03459,31,19,12
06611,03460,17,17,0
06611,03461,16,0,16
06611,03462,0,0,0
06611,04011,87,52,35
06611,04012,0,0,0
06611,05111,180,47,133
06611,05112,71,18,53
06611,05113,84,48,36
06611,05114,37,25,12
06611,05116,11,11,0
06611,05117,11,11,0
06611,05119,25,0,25
06611,05120,0,0,0
06611,05122,0,0,0
06611,05124,33,22,11
06611,05154,31,20,11
06611,05158,75,27,48
06611,05162,46,26,20
06611,05166,33,17,16
06611,05170,36,21,15
06611,05314,62,28,34
06611,05315,259,91,168
06611,05316,11,0,11
06611,05334,48,26,22
06611,05358,0,0,0
06611,05362,58,26,32
06611,05366,0,0,0
06611,05370,12,12,0
06611,05374,40,11,29
06611,05378,28,12,16
06611,05382,67,37,30
06611,05512,0,0,0
06611,05513,15,15,0
06611,05515,53,26,27
06611,05554,0,0,0
06611,05558,13,13,0
06611,05562,21,21,0
06611,05566,23,23,0
06611,05570,20,20,0
06611,05711,92,35,57
06611,05754,84,26,58
06611,05758,44,26,18
06611,05762,872,679,193
06611,05766,76,41,35
06611,05770,34,17,17
06611,05774,263,135,128
06611,05911,39,18,21
06611,05913,121,80,41
06611,05914,17,17,0
06611,05915,22,10,12
06611,05916,0,0,0
06611,05954,17,17,0
06611,05958,173,111,62
06611,05962,31,21,10
06611,05966,0,0,0
06611,05970,62,22,40
06611,05974,75,49,26
06611,05978,43,29,14
06611,06411,114,74,40
06611,06412,964,244,720
06611,06413,72,20,52
06611,06414,164,91,73
06611,06431,63,50,13
06611,06432,102,73,29
06611,06433,168,134,34
06611,06434,142,65,77
06611,06435,229,164,65
06611,06436,126,65,61
06611,06437,11,11,0
06611,06438,101,57,44
06611,06439,132,116,16
06611,06440,133,87,46
06611,06531,403,287,116
06611,06532,201,164,37
06611,06533,151,137,14
06611,06534,598,448,150
06611,06535,182,156,26
06611,06611,0,0,0
06611,06631,741,522,219
06611,06632,1362,1088,274
06611,06633,49429,35462,13967
06611,06634,11656,8982,2674
06611,06635,2616,1940,676
06611,06636,3901,3444,457
06611,07111,21,11,10
06611,07131,0,0,0
06611,07132,0,0,0
06611,07133,18,18,0
06611,07134,0,0,0
06611,07135,0,0,0
06611,07137,0,0,0
06611,07138,0,0,0
06611,07140,0,0,0
06611,07141,37,37,0
06611,07143,38,38,0
06611,07211,0,0,0
06611,07231,0,0,0
06611,07232,0,0,0
06611,07233,0,0,0
06611,07235,0,0,0
06611,07311,0,0,0
06611,07312,0,0,0
06611,07313,0,0,0
06611,07314,72,16,56
06611,07315,84,48,36
06611,07316,0,0,0
06611,07317,0,0,0
06611,07318,0,0,0
06611,07319,17,17,0
06611,07320,0,0,0
06611,07331,22,22,0
06611,07332,14,14,0
06611,07333,0,0,0
06611,07334,34,34,0
06611,07335,0,0,0
06611,07336,0,0,0
06611,07337,0,0,0
06611,07338,24,24,0
06611,07339,64,30,34
06611,07340,0,0,0
06611,08111,108,28,80
06611,08115,34,17,17
06611,08116,41,12,29
06611,08117,24,24,0
06611,08118,34,13,21
06611,08119,29,13,16
06611,08121,0,0,0
06611,08125,14,0,14
06611,08126,16,0,16
06611,08127,0,0,0
06611,08128,0,0,0
06611,08135,0,0,0
06611,08136,0,0,0
06611,08211,0,0,0
06611,08212,61,34,27
06611,08215,39,26,13
06611,08216,0,0,0
06611,08221,32,18,14
06611,08222,83,39,44
06611,08225,0,0,0
06611,08226,70,31,39
06611,08231,0,0,0
06611,08235,0,0,0
06611,08236,11,11,0
06611,08237,0,0,0
06611,08311,32,15,17
06611,08315,0,0,0
06611,08316,0,0,0
06611,08317,28,13,15
06611,08325,0,0,0
06611,08326,0,0,0
06611,08327,0,0,0
06611,08335,0,0,0
06611,08336,26,11,15
06611,08337,0,0,0
06611,08415,0,0,0
06611,08416,0,0,0
06611,08417,0,0,0
06611,08421,18,0,18
06611,08425,0,0,0
06611,08426,0,0,0
06611,08435,0,0,0
06611,08436,0,0,0
06611,08437,0,0,0
06611,09161,13,0,13
06611,09162,275,103,172
06611,09163,0,0,0
06611,09171,0,0,0
06611,09172,0,0,0
06611,09173,0,0,0
06611,09174,0,0,0
06611,09175,10,10,0
06611,09176,0,0,0
06611,09177,0,0,0
06611,09178,0,0,0
06611,09179,17,17,0
06611,09180,0,0,0
06611,09181,0,0,0
06611,09182,0,0,0
06611,09183,0,0,0
06611,09184,72,26,46
06611,09185,0,0,0
06611,09186,0,0,0
06611,09187,0,0,0
06611,09188,0,0,0
06611,09189,0,0,0
06611,09190,0,0,0
06611,09261,0,0,0
06611,09262,0,0,0
06611,09263,0,0,0
06611,09271,0,0,0
06611,09272,0,0,0
06611,09273,0,0,0
06611,09274,0,0,0
06611,09275,0,0,0
06611,09276,0,0,0
06611,09277,0,0,0
06611,09278,0,0,0
06611,09279,0,0,0
06611,09361,0,0,0
06611,09362,0,0,0
06611,09363,0,0,0
06611,09371,0,0,0
06611,09372,0,0,0
06611,09373,0,0,0
06611,09374,0,0,0
06611,09375,0,0,0
06611,09376,0,0,0
06611,09377,0,0,0
06611,09461,0,0,0
06611,09462,0,0,0
06611,09463,0,0,0
06611,09464,0,0,0
06611,09471,0,0,0
06611,09472,0,0,0
06611,09473,0,0,0
06611,09474,0,0,0
06611,09475,0,0,0
06611,09476,0,0,0
06611,09477,0,0,0
06611,09478,0,0,0
06611,09479,0,0,0
06611,09561,0,0,0
06611,09562,36,12,24
06611,09563,17,17,0
06611,09564,102,28,74
06611,09565,30,0,30
06611,09571,0,0,0
06611,09572,0,0,0
06611,09573,0,0,0
06611,09574,0,0,0
06611,09575,0,0,0
06611,09576,0,0,0
06611,09577,0,0,0
06611,09661,13,13,0
06611,09662,0,0,0
06611,09663,44,20,24
06611,09671,30,20,10
06611,09672,12,12,0
06611,09673,0,0,0
06611,09674,0,0,0
06611,09675,0,0,0
06611,09676,11,11,0
06611,09677,0,0,0
06611,09678,0,0,0
06611,09679,25,25,0
06611,09761,24,11,13
06611,09762,0,0,0
06611,09763,0,0,0
06611,09764,0,0,0
06611,09771,0,0,0
06611,09772,0,0,0
06611,09773,0,0,0
06611,09774,0,0,0
06611,09775,10,10,0
06611,09776,0,0,0
06611,09777,0,0,0
06611,09778,0,0,0
06611,09779,0,0,0
06611,09780,0,0,0
06611,10041,40,13,27
06611,10042,0,0,0
06611,10043,0,0,0
06611,10044,0,0,0
06611,10045,0,0,0
06611,10046,0,0,0
06611,11000,664,301,363
06611,12051,0,0,0
06611,12052,0,0,0
06611,12053,0,0,0
06611,12054,27,10,17
06611,12060,0,0,0
06611,12061,0,0,0
06611,12062,0,0,0
06611,12063,14,14,0
06611,12064,0,0,0
06611,12065,0,0,0
06611,12066,0,0,0
06611,12067,11,0,11
06611,12068,0,0,0
06611,12069,27,13,14
06611,12070,0,0,0
06611,12071,0,0,0
06611,12072,0,0,0
06611,12073,0,0,0
06611,13003,10,10,0
06611,13004,0,0,0
06611,13071,14,14,0
06611,13072,0,0,0
06611,13073,0,0,0
06611,13074,18,0,18
06611,13075,12,12,0
06611,13076,14,14,0
06611,14511,13,13,0
06611,14521,0,0,0
06611,14522,18,18,0
06611,14523,0,0,0
06611,14524,16,16,0
06611,14612,54,28,26
06611,14625,13,13,0
06611,14626,10,10,0
06611,14627,0,0,0
06611,14628,0,0,0
06611,14713,90,49,41
06611,14729,13,13,0
06611,14730,0,0,0
06611,15001,0,0,0
06611,15002,17,17,0
06611,15003,60,26,34
06611,15081,0,0,0
06611,15082,0,0,0
06611,15083,13,13,0
06611,15084,25,25,0
06611,15085,30,30,0
06611,15086,0,0,0
06611,15087,24,24,0
06611,15088,20,20,0
06611,15089,10,10,0
06611,15090,0,0,0
06611,15091,0,0,0
06611,16051,109,62,47
06611,16052,0,0,0
06611,16053,24,10,14
06611,16054,0,0,0
06611,16055,24,24,0
06611,16056,42,42,0
06611,16061,550,475,75
06611,16062,72,62,10
06611,16063,131,111,20
06611,16064,148,130,18
06611,16065,31,31,0
06611,16066,62,62,0
06611,16067,55,42,13
06611,16068,14,14,0
06611,16069,0,0,0
06611,16070,31,15,16
06611,16071,28,17,11
06611,16072,0,0,0
06611,16073,13,13,0
06611,16074,0,0,0
06611,16075,0,0,0
06611,16076,0,0,0
06611,16077,0,0,0
06631,01001,0,0,0
06631,01002,0,0,0
06631,01003,13,13,0
06631,01004,0,0,0
06631,01051,0,0,0
06631,01053,12,12,0
06631,01054,0,0,0
06631,01055,10,10,0
06631,01056,10,0,10
06631,01057,0,0,0
06631,01058,11,11,0
06631,01059,10,10,0
06631,01060,16,16,0
06631,01061,0,0,0
06631,01062,15,15,0
06631,02000,181,48,133
06631,03101,30,15,15
06631,03102,0,0,0
06631,03103,29,0,29
06631,03151,0,0,0
06631,03153,0,0,0
06631,03154,0,0,0
06631,03155,0,0,0
06631,03157,0,0,0
06631,03158,0,0,0
06631,03159,145,85,60
06631,03241,140,49,91
06631,03251,0,0,0
06631,03252,11,11,0
06631,03254,20,20,0
06631,03255,11,0,11
06631,03256,0,0,0
06631,03257,0,0,0
06631,03351,15,15,0
06631,03352,0,0,0
06631,03353,14,14,0
06631,03354,0,0,0
06631,03355,0,0,0
06631,03356,0,0,0
06631,03357,0,0,0
06631,03358,14,14,0
06631,03359,0,0,0
06631,03360,0,0,0
06631,03361,0,0,0
06631,03401,0,0,0
06631,03402,0,0,0
06631,03403,10,0,10
06631,03404,0,0,0
06631,03405,0,0,0
06631,03451,0,0,0
06631,03452,0,0,0
06631,03453,10,10,0
06631,03454,29,19,10
06631,03455,0,0,0
06631,03456,0,0,0
06631,03457,0,0,0
06631,03458,0,0,0
06631,03459,18,18,0
06631,03460,0,0,0
06631,03461,0,0,0
06631,03462,0,0,0
06631,04011,28,14,14
06631,04012,0,0,0
06631,05111,86,22,64
06631,05112,10,0,10
06631,05113,55,20,35
06631,05114,15,0,15
06631,05116,0,0,0
06631,05117,0,0,0
06631,05119,0,0,0
06631,05120,0,0,0
06631,05122,0,0,0
06631,05124,0,0,0
06631,05154,0,0,0
06631,05158,55,17,38
06631,05162,31,11,20
06631,05166,15,0,15
06631,05170,26,15,11
06631,05314,160,0,160
06631,05315,199,36,163
06631,05316,0,0,0
06631,05334,34,17,17
06631,05358,26,0,26
06631,05362,29,11,18
06631,05366,11,11,0
06631,05370,0,0,0
06631,05374,29,17,12
06631,05378,0,0,0
06631,05382,47,19,28
06631,05512,0,0,0
06631,05513,36,25,11
06631,05515,31,11,20
06631,05554,11,11,0
06631,05558,12,12,0
06631,05562,31,31,0
06631,05566,17,17,0
06631,05570,10,0,10
06631,05711,43,20,23
06631,05754,41,12,29
06631,05758,24,13,11
06631,05762,17,17,0
06631,05766,32,20,12
06631,05770,34,14,20
06631,05774,86,14,72
06631,05911,28,28,0
06631,05913,53,29,24
06631,05914,11,11,0
06631,05915,0,0,0
06631,05916,0,0,0
06631,05954,22,22,0
06631,05958,30,16,14
06631,05962,30,15,15
06631,05966,0,0,0
06631,05970,27,17,10
06631,05974,23,12,11
06631,05978,62,13,49
06631,06411,171,29,142
06631,06412,2419,189,2230
06631,06413,224,63,161
06631,06414,282,41,241
06631,06431,56,28,28
06631,06432,131,61,70
06631,06433,182,34,148
06631,06434,191,54,137
06631,06435,5229,2540,2689
06631,06436,198,46,152
06631,06437,58,0,58
06631,06438,315,107,208
06631,06439,46,31,15
06631,06440,285,159,126
06631,06531,323,121,202
06631,06532,85,36,49
06631,06533,35,18,17
06631,06534,290,137,153
06631,06535,5950,4159,1791
06631,06611,741,219,522
06631,06631,0,0,0
06631,06632,4449,2535,1914
06631,06633,185,131,54
06631,06634,463,280,183
06631,06635,67,42,25
06631,06636,130,98,32
06631,07111,15,0,15
06631,07131,0,0,0
06631,07132,0,0,0
06631,07133,11,11,0
06631,07134,0,0,0
06631,07135,0,0,0
06631,07137,0,0,0
06631,07138,0,0,0
06631,07140,0,0,0
06631,07141,20,20,0
06631,07143,26,15,11
06631,07211,0,0,0
06631,07231,10,0,10
06631,07232,0,0,0
06631,07233,0,0,0
06631,07235,0,0,0
06631,07311,0,0,0
06631,07312,0,0,0
06631,07313,0,0,0
06631,07314,30,11,19
06631,07315,81,16,65
06631,07316,0,0,0
06631,07317,0,0,0
06631,07318,0,0,0
06631,07319,11,11,0
06631,07320,0,0,0
06631,07331,32,16,16
06631,07332,0,0,0
06631,07333,0,0,0
06631,07334,0,0,0
06631,07335,13,0,13
06631,07336,0,0,0
06631,07337,0,0,0
06631,07338,12,12,0
06631,07339,44,19,25
06631,07340,0,0,0
06631,08111,105,24,81
06631,08115,42,16,26
06631,08116,57,24,33
06631,08117,15,15,0
06631,08118,66,23,43
06631,08119,31,19,12
06631,08121,20,0,20
06631,08125,31,16,15
06631,08126,17,0,17
06631,08127,17,0,17
06631,08128,45,16,29
06631,08135,11,11,0
06631,08136,25,13,12
06631,08211,0,0,0
06631,08212,38,11,27
06631,08215,216,16,200
06631,08216,10,10,0
06631,08221,31,11,20
06631,08222,82,25,57
06631,08225,23,23,0
06631,08226,68,35,33
06631,08231,0,0,0
06631,08235,0,0,0
06631,08236,0,0,0
06631,08237,0,0,0
06631,08311,14,0,14
06631,08315,11,0,11
06631,08316,0,0,0
06631,08317,23,0,23
06631,08325,0,0,0
06631,08326,80,0,80
06631,08327,0,0,0
06631,08335,10,0,10
06631,08336,11,0,11
06631,08337,0,0,0
06631,08415,10,10,0
06631,08416,13,13,0
06631,08417,0,0,0
06631,08421,17,0,17
06631,08425,0,0,0
06631,08426,34,14,20
06631,08435,13,13,0
06631,08436,18,18,0
06631,08437,0,0,0
06631,09161,42,11,31
06631,09162,208,46,162
06631,09163,0,0,0
06631,09171,0,0,0
06631,09172,0,0,0
06631,09173,0,0,0
06631,09174,0,0,0
06631,09175,0,0,0
06631,09176,0,0,0
06631,09177,0,0,0
06631,09178,25,11,14
06631,09179,0,0,0
06631,09180,0,0,0
06631,09181,0,0,0
06631,09182,0,0,0
06631,09183,0,0,0
06631,09184,68,0,68
06631,09185,10,10,0
06631,09186,37,26,11
06631,09187,11,11,0
06631,09188,0,0,0
06631,09189,0,0,0
06631,09190,0,0,0
06631,09261,0,0,0
06631,09262,0,0,0
06631,09263,0,0,0
06631,09271,0,0,0
06631,09272,0,0,0
06631,09273,0,0,0
06631,09274,0,0,0
06631,09275,15,15,0
06631,09276,0,0,0
06631,09277,0,0,0
06631,09278,0,0,0
06631,09279,20,20,0
06631,09361,0,0,0
06631,09362,10,0,10
06631,09363,0,0,0
06631,09371,0,0,0
06631,09372,0,0,0
06631,09373,0,0,0
06631,09374,0,0,0
06631,09375,0,0,0
06631,09376,10,10,0
06631,09377,0,0,0
06631,09461,29,12,17
06631,09462,0,0,0
06631,09463,11,0,11
06631,09464,0,0,0
06631,09471,36,26,10
06631,09472,0,0,0
06631,09473,12,12,0
06631,09474,14,14,0
06631,09475,15,0,15
06631,09476,0,0,0
06631,09477,10,0,10
06631,09478,0,0,0
06631,09479,0,0,0
06631,09561,0,0,0
06631,09562,21,0,21
06631,09563,0,0,0
06631,09564,131,33,98
06631,09565,0,0,0
06631,09571,14,14,0
06631,09572,0,0,0
06631,09573,0,0,0
06631,09574,0,0,0
06631,09575,0,0,0
06631,09576,0,0,0
06631,09577,0,0,0
06631,09661,55,19,36
06631,09662,93,40,53
06631,09663,205,66,139
06631,09671,119,67,52
06631,09672,1673,987,686
06631,09673,870,614,256
06631,09674,29,29,0
06631,09675,17,17,0
06631,09676,43,20,23
06631,09677,116,84,32
06631,09678,89,65,24
06631,09679,100,64,36
06631,09761,16,0,16
06631,09762,0,0,0
06631,09763,0,0,0
06631,09764,0,0,0
06631,09771,15,0,15
06631,09772,10,0,10
06631,09773,0,0,0
06631,09774,0,0,0
06631,09775,0,0,0
06631,09776,0,0,0
06631,09777,0,0,0
06631,09778,0,0,0
06631,09779,0,0,0
06631,09780,0,0,0
06631,10041,11,0,11
06631,10042,0,0,0
06631,10043,0,0,0
06631,10044,0,0,0
06631,10045,0,0,0
06631,10046,0,0,0
06631,11000,287,103,184
06631,12051,0,0,0
06631,12052,10,10,0
06631,12053,0,0,0
06631,12054,11,0,11
06631,12060,0,0,0
06631,12061,12,12,0
06631,12062,0,0,0
06631,12063,10,10,0
06631,12064,11,11,0
06631,12065,0,0,0
06631,12066,0,0,0
06631,12067,0,0,0
06631,12068,15,15,0
06631,12069,10,10,0
06631,12070,0,0,0
06631,12071,0,0,0
06631,12072,0,0,0
06631,12073,0,0,0
06631,13003,0,0,0
06631,13004,0,0,0
06631,13071,0,0,0
06631,13072,0,0,0
06631,13073,0,0,0
06631,13074,0,0,0
06631,13075,10,10,0
06631,13076,0,0,0
06631,14511,12,12,0
06631,14521,16,16,0
06631,14522,18,18,0
06631,14523,0,0,0
06631,14524,41,27,14
06631,14612,35,17,18
06631,14625,0,0,0
06631,14626,19,19,0
06631,14627,0,0,0
06631,14628,10,10,0
06631,14713,54,33,21
06631,14729,0,0,0
06631,14730,15,15,0
06631,15001,0,0,0
06631,15002,50,50,0
06631,15003,14,14,0
06631,15081,0,0,0
06631,15082,13,13,0
06631,15083,0,0,0
06631,15084,14,14,0
06631,15085,0,0,0
06631,15086,0,0,0
06631,15087,58,26,32
06631,15088,20,20,0
06631,15089,0,0,0
06631,15090,0,0,0
06631,15091,11,11,0
06631,16051,149,98,51
06631,16052,10,10,0
06631,16053,12,12,0
06631,16054,32,21,11
06631,16055,11,11,0
06631,16056,57,38,19
06631,16061,22,22,0
06631,16062,0,0,0
06631,16063,3504,3067,437
06631,16064,93,49,44
06631,16065,32,32,0
06631,16066,1508,1378,130
06631,16067,97,79,18
06631,16068,27,27,0
06631,16069,29,29,0
06631,16070,83,73,10
06631,16071,23,23,0
06631,16072,0,0,0
06631,16073,20,20,0
06631,16074,0,0,0
06631,16075,0,0,0
06631,16076,0,0,0
06631,16077,0,0,0
06632,01001,0,0,0
06632,01002,0,0,0
06632,01003,0,0,0
06632,01004,0,0,0
06632,01051,0,0,0
06632,01053,0,0,0
06632,01054,0,0,0
06632,01055,0,0,0
06632,01056,0,0,0
06632,01057,0,0,0
06632,01058,0,0,0
06632,01059,0,0,0
06632,01060,0,0,0
06632,01061,0,0,0
06632,01062,0,0,0
06632,02000,110,28,82
06632,03101,0,0,0
06632,03102,0,0,0
06632,03103,10,0,10
06632,03151,0,0,0
06632,03153,0,0,0
06632,03154,0,0,0
06632,03155,10,10,0
06632,03157,0,0,0
06632,03158,0,0,0
06632,03159,143,71,72
06632,03241,151,58,93
06632,03251,0,0,0
06632,03252,0,0,0
06632,03254,0,0,0
06632,03255,0,0,0
06632,03256,0,0,0
06632,03257,0,0,0
06632,03351,0,0,0
06632,03352,0,0,0
06632,03353,0,0,0
06632,03354,0,0,0
06632,03355,0,0,0
06632,03356,0,0,0
06632,03357,0,0,0
06632,03358,0,0,0
06632,03359,0,0,0
06632,03360,0,0,0
06632,03361,0,0,0
06632,03401,0,0,0
06632,03402,0,0,0
06632,03403,0,0,0
06632,03404,0,0,0
06632,03405,0,0,0
06632,03451,0,0,0
06632,03452,0,0,0
06632,03453,0,0,0
06632,03454,13,0,13
06632,03455,0,0,0
06632,03456,0,0,0
06632,03457,0,0,0
06632,03458,0,0,0
06632,03459,0,0,0
06632,03460,0,0,0
06632,03461,0,0,0
06632,03462,0,0,0
06632,04011,16,0,16
06632,04012,0,0,0
06632,05111,23,0,23
06632,05112,0,0,0
06632,05113,27,13,14
06632,05114,30,0,30
06632,05116,0,0,0
06632,05117,0,0,0
06632,05119,0,0,0
06632,05120,0,0,0
06632,05122,0,0,0
06632,05124,0,0,0
06632,05154,0,0,0
06632,05158,26,10,16
06632,05162,13,0,13
06632,05166,0,0,0
06632,05170,0,0,0
06632,05314,68,0,68
06632,05315,115,29,86
06632,05316,0,0,0
06632,05334,10,0,10
06632,05358,0,0,0
06632,05362,0,0,0
06632,05366,0,0,0
06632,05370,0,0,0
06632,05374,0,0,0
06632,05378,0,0,0
06632,05382,51,16,35
06632,05512,0,0,0
06632,05513,0,0,0
06632,05515,12,0,12
06632,05554,0,0,0
06632,05558,0,0,0
06632,05562,13,13,0
06632,05566,0,0,0
06632,05570,0,0,0
06632,05711,26,15,11
06632,05754,18,0,18
06632,05758,12,12,0
06632,05762,10,10,0
06632,05766,10,10,0
06632,05770,16,0,16
06632,05774,17,0,17
06632,05911,18,0,18
06632,05913,30,12,18
06632,05914,0,0,0
06632,05915,0,0,0
06632,05916,0,0,0
06632,05954,0,0,0
06632,05958,40,17,23
06632,05962,10,10,0
06632,05966,0,0,0
06632,05970,17,0,17
06632,05974,0,0,0
06632,05978,0,0,0
06632,06411,24,0,24
06632,06412,461,51,410
06632,06413,29,12,17
06632,06414,51,16,35
06632,06431,13,13,0
06632,06432,23,10,13
06632,06433,198,23,175
06632,06434,65,20,45
06632,06435,223,103,120
06632,06436,56,11,45
06632,06437,0,0,0
06632,06438,74,19,55
06632,06439,10,10,0
06632,06440,72,34,38
06632,06531,191,79,112
06632,06532,54,27,27
06632,06533,35,19,16
06632,06534,162,72,90
06632,06535,1135,644,491
06632,06611,1362,274,1088
06632,06631,4449,1914,2535
06632,06632,0,0,0
06632,06633,633,220,413
06632,06634,4255,1909,2346
06632,06635,159,78,81
06632,06636,2409,1741,668
06632,07111,0,0,0
06632,07131,0,0,0
06632,07132,0,0,0
06632,07133,0,0,0
06632,07134,0,0,0
06632,07135,0,0,0
06632,07137,0,0,0
06632,07138,0,0,0
06632,07140,0,0,0
06632,07141,0,0,0
06632,07143,11,0,11
06632,07211,0,0,0
06632,07231,0,0,0
06632,07232,0,0,0
06632,07233,0,0,0
06632,07235,0,0,0
06632,07311,0,0,0
06632,07312,0,0,0
06632,07313,0,0,0
06632,07314,20,0,20
06632,07315,14,0,14
06632,07316,0,0,0
06632,07317,0,0,0
06632,07318,0,0,0
06632,07319,0,0,0
06632,07320,0,0,0
06632,07331,0,0,0
06632,07332,0,0,0
06632,07333,0,0,0
06632,07334,0,0,0
06632,07335,0,0,0
06632,07336,0,0,0
06632,07337,0,0,0
06632,07338,0,0,0
06632,07339,0,0,0
06632,07340,0,0,0
06632,08111,39,17,22
06632,08115,10,0,10
06632,08116,25,0,25
06632,08117,0,0,0
06632,08118,27,10,17
06632,08119,0,0,0
06632,08121,0,0,0
06632,08125,15,15,0
06632,08126,0,0,0
06632,08127,0,0,0
06632,08128,0,0,0
06632,08135,0,0,0
06632,08136,0,0,0
06632,08211,0,0,0
06632,08212,10,0,10
06632,08215,0,0,0
06632,08216,0,0,0
06632,08221,26,0,26
06632,08222,35,10,25
06632,08225,0,0,0
06632,08226,31,12,19
06632,08231,0,0,0
06632,08235,0,0,0
06632,08236,0,0,0
06632,08237,0,0,0
06632,08311,0,0,0
06632,08315,0,0,0
06632,08316,0,0,0
06632,08317,13,0,13
06632,08325,0,0,0
06632,08326,14,0,14
06632,08327,0,0,0
06632,08335,0,0,0
06632,08336,0,0,0
06632,08337,0,0,0
06632,08415,0,0,0
06632,08416,0,0,0
06632,08417,0,0,0
06632,08421,0,0,0
06632,08425,0,0,0
06632,08426,0,0,0
06632,08435,0,0,0
06632,08436,12,0,12
06632,08437,0,0,0
06632,09161,0,0,0
06632,09162,116,39,77
06632,09163,0,0,0
06632,09171,0,0,0
06632,09172,0,0,0
06632,09173,0,0,0
06632,09174,0,0,0
06632,09175,0,0,0
06632,09176,0,0,0
06632,09177,0,0,0
06632,09178,0,0,0
06632,09179,0,0,0
06632,09180,0,0,0
06632,09181,0,0,0
06632,09182,0,0,0
06632,09183,0,0,0
06632,09184,28,0,28
06632,09185,0,0,0
06632,09186,0,0,0
06632,09187,0,0,0
06632,09188,0,0,0
06632,09189,0,0,0
06632,09190,0,0,0
06632,09261,0,0,0
06632,09262,0,0,0
06632,09263,0,0,0
06632,09271,0,0,0
06632,09272,0,0,0
06632,09273,0,0,0
06632,09274,0,0,0
06632,09275,0,0,0
06632,09276,0,0,0
06632,09277,0,0,0
06632,09278,0,0,0
06632,09279,0,0,0
06632,09361,0,0,0
06632,09362,0,0,0
06632,09363,0,0,0
06632,09371,0,0,0
06632,09372,0,0,0
06632,09373,0,0,0
06632,09374,0,0,0
06632,09375,0,0,0
06632,09376,0,0,0
06632,09377,0,0,0
06632,09461,17,0,17
06632,09462,0,0,0
06632,09463,0,0,0
06632,09464,0,0,0
06632,09471,16,0,16
06632,09472,0,0,0
06632,09473,0,0,0
06632,09474,0,0,0
06632,09475,0,0,0
06632,09476,0,0,0
06632,09477,0,0,0
06632,09478,0,0,0
06632,09479,0,0,0
06632,09561,0,0,0
06632,09562,0,0,0
06632,09563,0,0,0
06632,09564,54,10,44
06632,09565,0,0,0
06632,09571,0,0,0
06632,09572,0,0,0
06632,09573,0,0,0
06632,09574,0,0,0
06632,09575,0,0,0
06632,09576,0,0,0
06632,09577,0,0,0
06632,09661,0,0,0
06632,09662,0,0,0
06632,09663,15,0,15
06632,09671,0,0,0
06632,09672,36,21,15
06632,09673,14,14,0
06632,09674,0,0,0
06632,09675,0,0,0
06632,09676,0,0,0
06632,09677,0,0,0
06632,09678,0,0,0
06632,09679,12,12,0
06632,09761,10,0,10
06632,09762,0,0,0
06632,09763,0,0,0
06632,09764,0,0,0
06632,09771,0,0,0
06632,09772,0,0,0
06632,09773,0,0,0
06632,09774,0,0,0
06632,09775,0,0,0
06632,09776,0,0,0
06632,09777,0,0,0
06632,09778,0,0,0
06632,09779,0,0,0
06632,09780,0,0,0
06632,10041,0,0,0
06632,10042,0,0,0
06632,10043,0,0,0
06632,10044,0,0,0
06632,10045,0,0,0
06632,10046,0,0,0
06632,11000,249,72,177
06632,12051,0,0,0
06632,12052,0,0,0
06632,12053,0,0,0
06632,12054,0,0,0
06632,12060,10,10,0
06632,12061,0,0,0
06632,12062,0,0,0
06632,12063,0,0,0
06632,12064,10,10,0
06632,12065,0,0,0
06632,12066,0,0,0
06632,12067,0,0,0
06632,12068,0,0,0
06632,12069,0,0,0
06632,12070,0,0,0
06632,12071,10,10,0
06632,12072,0,0,0
06632,12073,13,13,0
06632,13003,0,0,0
06632,13004,0,0,0
06632,13071,0,0,0
06632,13072,18,18,0
06632,13073,0,0,0
06632,13074,0,0,0
06632,13075,0,0,0
06632,13076,0,0,0
06632,14511,0,0,0
06632,14521,12,12,0
06632,14522,12,12,0
06632,14523,26,13,13
06632,14524,13,13,0
06632,14612,23,23,0
06632,14625,18,18,0
06632,14626,15,15,0
06632,14627,12,12,0
06632,14628,22,22,0
06632,14713,39,24,15
06632,14729,15,15,0
06632,14730,12,12,0
06632,15001,0,0,0
06632,15002,13,13,0
06632,15003,14,14,0
06632,15081,0,0,0
06632,15082,0,0,0
06632,15083,14,14,0
06632,15084,22,22,0
06632,15085,0,0,0
06632,15086,0,0,0
06632,15087,78,13,65
06632,15088,16,16,0
06632,15089,0,0,0
06632,15090,0,0,0
06632,15091,0,0,0
06632,16051,205,76,129
06632,16052,14,14,0
06632,16053,12,0,12
06632,16054,0,0,0
06632,16055,19,19,0
06632,16056,607,337,270
06632,16061,76,61,15
06632,16062,11,11,0
06632,16063,5233,3680,1553
06632,16064,182,145,37
06632,16065,33,33,0
06632,16066,213,169,44
06632,16067,158,104,54
06632,16068,35,35,0
06632,16069,0,0,0
06632,16070,33,33,0
06632,16071,30,30,0
06632,16072,0,0,0
06632,16073,20,20,0
06632,16074,20,20,0
06632,16075,13,13,0
06632,16076,15,15,0
06632,16077,0,0,0
06633,01001,0,0,0
06633,01002,18,0,18
06633,01003,16,0,16
06633,01004,0,0,0
06633,01051,0,0,0
06633,01053,0,0,0
06633,01054,15,0,15
06633,01055,0,0,0
06633,01056,20,0,20
06633,01057,0,0,0
06633,01058,0,0,0
06633,01059,14,0,14
06633,01060,15,0,15
06633,01061,0,0,0
06633,01062,12,0,12
06633,02000,203,38,165
06633,03101,129,68,61
06633,03102,29,18,11
06633,03103,167,29,138
06633,03151,32,15,17
06633,03153,31,20,11
06633,03154,28,28,0
06633,03155,1126,611,515
06633,03157,17,17,0
06633,03158,18,18,0
06633,03159,4477,1911,2566
06633,03241,418,93,325
06633,03251,0,0,0
06633,03252,31,16,15
06633,03254,70,19,51
06633,03255,257,103,154
06633,03256,0,0,0
06633,03257,35,35,0
06633,03351,30,13,17
06633,03352,0,0,0
06633,03353,0,0,0
06633,03354,0,0,0
06633,03355,11,0,11
06633,03356,0,0,0
06633,03357,0,0,0
06633,03358,0,0,0
06633,03359,0,0,0
06633,03360,0,0,0
06633,03361,0,0,0
06633,03401,0,0,0
06633,03402,0,0,0
06633,03403,0,0,0
06633,03404,14,0,14
06633,03405,0,0,0
06633,03451,0,0,0
06633,03452,0,0,0
06633,03453,12,0,12
06633,03454,25,13,12
06633,03455,0,0,0
06633,03456,0,0,0
06633,03457,0,0,0
06633,03458,0,0,0
06633,03459,18,0,18
06633,03460,10,0,10
06633,03461,17,0,17
06633,03462,0,0,0
06633,04011,55,14,41
06633,04012,0,0,0
06633,05111,99,0,99
06633,05112,61,0,61
06633,05113,53,0,53
06633,05114,0,0,0
06633,05116,10,0,10
06633,05117,0,0,0
06633,05119,19,0,19
06633,05120,0,0,0
06633,05122,0,0,0
06633,05124,15,0,15
06633,05154,0,0,0
06633,05158,55,0,55
06633,05162,11,0,11
06633,05166,13,0,13
06633,05170,22,0,22
06633,05314,34,0,34
06633,05315,113,22,91
06633,05316,0,0,0
06633,05334,32,15,17
06633,05358,0,0,0
06633,05362,32,0,32
06633,05366,0,0,0
06633,05370,0,0,0
06633,05374,13,0,13
06633,05378,0,0,0
06633,05382,33,14,19
06633,05512,0,0,0
06633,05513,13,0,13
06633,05515,31,0,31
06633,05554,22,0,22
06633,05558,10,0,10
06633,05562,23,10,13
06633,05566,33,20,13
06633,05570,20,10,10
06633,05711,92,11,81
06633,05754,106,38,68
06633,05758,36,12,24
06633,05762,2388,1305,1083
06633,05766,77,38,39
06633,05770,30,0,30
06633,05774,327,107,220
06633,05911,15,0,15
06633,05913,67,16,51
06633,05914,11,0,11
06633,05915,10,0,10
06633,05916,0,0,0
06633,05954,22,11,11
06633,05958,176,81,95
06633,05962,49,14,35
06633,05966,0,0,0
06633,05970,56,0,56
06633,05974,61,27,34
06633,05978,48,17,31
06633,06411,33,0,33
06633,06412,559,18,541
06633,06413,31,0,31
06633,06414,101,10,91
06633,06431,29,11,18
06633,06432,25,10,15
06633,06433,46,11,35
06633,06434,106,10,96
06633,06435,74,28,46
06633,06436,48,0,48
06633,06437,0,0,0
06633,06438,71,12,59
06633,06439,48,0,48
06633,06440,64,26,38
06633,06531,107,34,73
06633,06532,39,14,25
06633,06533,12,0,12
06633,06534,286,159,127
06633,06535,81,45,36
06633,06611,49429,13967,35462
06633,06631,185,54,131
06633,06632,633,413,220
06633,06633,0,0,0
06633,06634,11925,8804,3121
06633,06635,3736,1936,1800
06633,06636,2858,2032,826
06633,07111,0,0,0
06633,07131,0,0,0
06633,07132,0,0,0
06633,07133,0,0,0
06633,07134,0,0,0
06633,07135,0,0,0
06633,07137,0,0,0
06633,07138,11,0,11
06633,07140,0,0,0
06633,07141,0,0,0
06633,07143,10,0,10
06633,07211,0,0,0
06633,07231,0,0,0
06633,07232,0,0,0
06633,07233,0,0,0
06633,07235,0,0,0
06633,07311,0,0,0
06633,07312,0,0,0
06633,07313,0,0,0
06633,07314,38,0,38
06633,07315,39,11,28
06633,07316,0,0,0
06633,07317,0,0,0
06633,07318,0,0,0
06633,07319,15,0,15
06633,07320,29,29,0
06633,07331,0,0,0
06633,07332,0,0,0
06633,07333,0,0,0
06633,07334,0,0,0
06633,07335,0,0,0
06633,07336,0,0,0
06633,07337,0,0,0
06633,07338,0,0,0
06633,07339,35,0,35
06633,07340,0,0,0
06633,08111,65,0,65
06633,08115,14,0,14
06633,08116,22,0,22
06633,08117,0,0,0
06633,08118,21,0,21
06633,08119,0,0,0
06633,08121,0,0,0
06633,08125,19,0,19
06633,08126,26,0,26
06633,08127,0,0,0
06633,08128,0,0,0
06633,08135,0,0,0
06633,08136,18,0,18
06633,08211,0,0,0
06633,08212,44,0,44
06633,08215,23,0,23
06633,08216,0,0,0
06633,08221,13,0,13
06633,08222,45,0,45
06633,08225,0,0,0
06633,08226,30,0,30
06633,08231,0,0,0
06633,08235,0,0,0
06633,08236,0,0,0
06633,08237,0,0,0
06633,08311,0,0,0
06633,08315,0,0,0
06633,08316,0,0,0
06633,08317,15,0,15
06633,08325,0,0,0
06633,08326,0,0,0
06633,08327,0,0,0
06633,08335,0,0,0
06633,08336,12,0,12
06633,08337,0,0,0
06633,08415,16,0,16
06633,08416,0,0,0
06633,08417,0,0,0
06633,08421,18,0,18
06633,08425,0,0,0
06633,08426,0,0,0
06633,08435,0,0,0
06633,08436,0,0,0
06633,08437,0,0,0
06633,09161,13,0,13
06633,09162,164,30,134
06633,09163,0,0,0
06633,09171,0,0,0
06633,09172,0,0,0
06633,09173,0,0,0
06633,09174,22,0,22
06633,09175,0,0,0
06633,09176,0,0,0
06633,09177,0,0,0
06633,09178,0,0,0
06633,09179,0,0,0
06633,09180,0,0,0
06633,09181,0,0,0
06633,09182,0,0,0
06633,09183,0,0,0
06633,09184,71,0,71
06633,09185,0,0,0
06633,09186,0,0,0
06633,09187,0,0,0
06633,09188,0,0,0
06633,09189,0,0,0
06633,09190,0,0,0
06633,09261,0,0,0
06633,09262,0,0,0
06633,09263,0,0,0
06633,09271,0,0,0
06633,09272,0,0,0
06633,09273,0,0,0
06633,09274,0,0,0
06633,09275,0,0,0
06633,09276,0,0,0
06633,09277,0,0,0
06633,09278,0,0,0
06633,09279,0,0,0
06633,09361,0,0,0
06633,09362,0,0,0
06633,09363,0,0,0
06633,09371,0,0,0
06633,09372,0,0,0
06633,09373,0,0,0
06633,09374,0,0,0
06633,09375,0,0,0
06633,09376,0,0,0
06633,09377,0,0,0
06633,09461,0,0,0
06633,09462,0,0,0
06633,09463,0,0,0
06633,09464,0,0,0
06633,09471,0,0,0
06633,09472,0,0,0
06633,09473,0,0,0
06633,09474,0,0,0
06633,09475,0,0,0
06633,09476,0,0,0
06633,09477,0,0,0
06633,09478,0,0,0
06633,09479,0,0,0
06633,09561,0,0,0
06633,09562,17,0,17
06633,09563,0,0,0
06633,09564,41,10,31
06633,09565,14,0,14
06633,09571,12,12,0
06633,09572,0,0,0
06633,09573,0,0,0
06633,09574,0,0,0
06633,09575,0,0,0
06633,09576,0,0,0
06633,09577,17,0,17
06633,09661,0,0,0
06633,09662,0,0,0
06633,09663,13,0,13
06633,09671,11,11,0
06633,09672,12,12,0
06633,09673,0,0,0
06633,09674,0,0,0
06633,09675,0,0,0
06633,09676,0,0,0
06633,09677,0,0,0
06633,09678,0,0,0
06633,09679,0,0,0
06633,09761,16,0,16
06633,09762,0,0,0
06633,09763,0,0,0
06633,09764,0,0,0
06633,09771,0,0,0
06633,09772,0,0,0
06633,09773,0,0,0
06633,09774,0,0,0
06633,09775,31,31,0
06633,09776,0,0,0
06633,09777,0,0,0
06633,09778,0,0,0
06633,09779,0,0,0
06633,09780,0,0,0
06633,10041,21,0,21
06633,10042,0,0,0
06633,10043,0,0,0
06633,10044,0,0,0
06633,10045,0,0,0
06633,10046,0,0,0
06633,11000,252,47,205
06633,12051,0,0,0
06633,12052,0,0,0
06633,12053,0,0,0
06633,12054,14,0,14
06633,12060,0,0,0
06633,12061,0,0,0
06633,12062,0,0,0
06633,12063,0,0,0
06633,12064,0,0,0
06633,12065,17,0,17
06633,12066,0,0,0
06633,12067,14,0,14
06633,12068,0,0,0
06633,12069,0,0,0
06633,12070,0,0,0
06633,12071,0,0,0
06633,12072,0,0,0
06633,12073,0,0,0
06633,13003,0,0,0
06633,13004,0,0,0
06633,13071,0,0,0
06633,13072,0,0,0
06633,13073,11,0,11
06633,13074,0,0,0
06633,13075,0,0,0
06633,13076,0,0,0
06633,14511,0,0,0
06633,14521,0,0,0
06633,14522,0,0,0
06633,14523,0,0,0
06633,14524,0,0,0
06633,14612,14,0,14
06633,14625,0,0,0
06633,14626,0,0,0
06633,14627,0,0,0
06633,14628,0,0,0
06633,14713,44,23,21
06633,14729,0,0,0
06633,14730,0,0,0
06633,15001,0,0,0
06633,15002,12,12,0
06633,15003,11,0,11
06633,15081,0,0,0
06633,15082,0,0,0
06633,15083,0,0,0
06633,15084,12,12,0
06633,15085,13,13,0
06633,15086,0,0,0
06633,15087,0,0,0
06633,15088,0,0,0
06633,15089,0,0,0
06633,15090,0,0,0
06633,15091,0,0,0
06633,16051,58,20,38
06633,16052,0,0,0
06633,16053,0,0,0
06633,16054,0,0,0
06633,16055,0,0,0
06633,16056,31,20,11
06633,16061,251,193,58
06633,16062,45,45,0
06633,16063,95,66,29
06633,16064,95,68,27
06633,16065,14,14,0
06633,16066,14,14,0
06633,16067,21,21,0
06633,16068,11,11,0
06633,16069,0,0,0
06633,16070,0,0,0
06633,16071,0,0,0
06633,16072,0,0,0
06633,16073,0,0,0
06633,16074,0,0,0
06633,16075,0,0,0
06633,16076,0,0,0
06633,16077,0,0,0
06634,01001,0,0,0
06634,01002,11,0,11
06634,01003,0,0,0
06634,01004,17,0,17
06634,01051,0,0,0
06634,01053,0,0,0
06634,01054,0,0,0
06634,01055,0,0,0
06634,01056,0,0,0
06634,01057,0,0,0
06634,01058,0,0,0
06634,01059,10,0,10
06634,01060,13,0,13
06634,01061,0,0,0
06634,01062,0,0,0
06634,02000,151,38,113
06634,03101,10,0,10
06634,03102,0,0,0
06634,03103,52,0,52
06634,03151,0,0,0
06634,03153,0,0,0
06634,03154,0,0,0
06634,03155,68,48,20
06634,03157,0,0,0
06634,03158,0,0,0
06634,03159,555,269,286
06634,03241,183,32,151
06634,03251,11,0,11
06634,03252,0,0,0
06634,03254,38,11,27
06634,03255,0,0,0
06634,03256,0,0,0
06634,03257,0,0,0
06634,03351,14,0,14
06634,03352,0,0,0
06634,03353,15,15,0
06634,03354,0,0,0
06634,03355,0,0,0
06634,03356,0,0,0
06634,03357,0,0,0
06634,03358,0,0,0
06634,03359,0,0,0
06634,03360,0,0,0
06634,03361,0,0,0
06634,03401,0,0,0
06634,03402,0,0,0
06634,03403,0,0,0
06634,03404,13,0,13
06634,03405,0,0,0
06634,03451,0,0,0
06634,03452,0,0,0
06634,03453,0,0,0
06634,03454,0,0,0
06634,03455,0,0,0
06634,03456,0,0,0
06634,03457,0,0,0
06634,03458,0,0,0
06634,03459,21,11,10
06634,03460,17,0,17
06634,03461,13,0,13
06634,03462,0,0,0
06634,04011,23,0,23
06634,04012,0,0,0
06634,05111,71,23,48
06634,05112,49,10,39
06634,05113,42,16,26
06634,05114,12,0,12
06634,05116,0,0,0
06634,05117,0,0,0
06634,05119,10,10,0
06634,05120,0,0,0
06634,05122,0,0,0
06634,05124,11,0,11
06634,05154,53,0,53
06634,05158,79,0,79
06634,05162,45,27,18
06634,05166,10,0,10
06634,05170,25,10,15
06634,05314,20,0,20
06634,05315,94,21,73
06634,05316,0,0,0
06634,05334,0,0,0
06634,05358,0,0,0
06634,05362,21,10,11
06634,05366,0,0,0
06634,05370,0,0,0
06634,05374,19,0,19
06634,05378,0,0,0
06634,05382,19,0,19
06634,05512,13,13,0
06634,05513,11,11,0
06634,05515,18,0,18
06634,05554,0,0,0
06634,05558,0,0,0
06634,05562,21,21,0
06634,05566,20,0,20
06634,05570,12,12,0
06634,05711,26,0,26
06634,05754,191,14,177
06634,05758,10,0,10
06634,05762,90,55,35
06634,05766,32,13,19
06634,05770,0,0,0
06634,05774,118,23,95
06634,05911,11,11,0
06634,05913,45,11,34
06634,05914,0,0,0
06634,05915,11,0,11
06634,05916,0,0,0
06634,05954,0,0,0
06634,05958,72,21,51
06634,05962,0,0,0
06634,05966,0,0,0
06634,05970,67,13,54
06634,05974,24,12,12
06634,05978,29,12,17
06634,06411,70,11,59
06634,06412,602,33,569
06634,06413,29,0,29
06634,06414,89,25,64
06634,06431,46,28,18
06634,06432,28,15,13
06634,06433,86,33,53
06634,06434,144,18,126
06634,06435,72,28,44
06634,06436,72,10,62
06634,06437,0,0,0
06634,06438,85,17,68
06634,06439,71,26,45
06634,06440,121,45,76
06634,06531,278,78,200
06634,06532,71,20,51
06634,06533,99,87,12
06634,06534,4085,1021,3064
06634,06535,1650,570,1080
06634,06611,11656,2674,8982
06634,06631,463,183,280
06634,06632,4255,2346,1909
06634,06633,11925,3121,8804
06634,06634,0,0,0
06634,06635,3576,1443,2133
06634,06636,1647,1311,336
06634,07111,0,0,0
06634,07131,0,0,0
06634,07132,0,0,0
06634,07133,0,0,0
06634,07134,0,0,0
06634,07135,0,0,0
06634,07137,11,0,11
06634,07138,0,0,0
06634,07140,10,10,0
06634,07141,24,24,0
06634,07143,37,16,21
06634,07211,0,0,0
06634,07231,0,0,0
06634,07232,0,0,0
06634,07233,0,0,0
06634,07235,0,0,0
06634,07311,0,0,0
06634,07312,0,0,0
06634,07313,0,0,0
06634,07314,69,42,27
06634,07315,45,13,32
06634,07316,0,0,0
06634,07317,0,0,0
06634,07318,0,0,0
06634,07319,0,0,0
06634,07320,0,0,0
06634,07331,0,0,0
06634,07332,0,0,0
06634,07333,0,0,0
06634,07334,0,0,0
06634,07335,0,0,0
06634,07336,0,0,0
06634,07337,0,0,0
06634,07338,0,0,0
06634,07339,31,17,14
06634,07340,0,0,0
06634,08111,57,18,39
06634,08115,0,0,0
06634,08116,32,10,22
06634,08117,0,0,0
06634,08118,18,0,18
06634,08119,10,0,10
06634,08121,11,0,11
06634,08125,13,0,13
06634,08126,12,0,12
06634,08127,0,0,0
06634,08128,0,0,0
06634,08135,0,0,0
06634,08136,10,10,0
06634,08211,0,0,0
06634,08212,31,0,31
06634,08215,27,14,13
06634,08216,0,0,0
06634,08221,0,0,0
06634,08222,48,22,26
06634,08225,0,0,0
06634,08226,48,20,28
06634,08231,0,0,0
06634,08235,0,0,0
06634,08236,0,0,0
06634,08237,0,0,0
06634,08311,19,19,0
06634,08315,0,0,0
06634,08316,0,0,0
06634,08317,16,16,0
06634,08325,0,0,0
06634,08326,0,0,0
06634,08327,10,0,10
06634,08335,11,11,0
06634,08336,0,0,0
06634,08337,0,0,0
06634,08415,0,0,0
06634,08416,0,0,0
06634,08417,0,0,0
06634,08421,0,0,0
06634,08425,0,0,0
06634,08426,0,0,0
06634,08435,10,0,10
06634,08436,0,0,0
06634,08437,0,0,0
06634,09161,0,0,0
06634,09162,100,13,87
06634,09163,0,0,0
06634,09171,0,0,0
06634,09172,13,13,0
06634,09173,0,0,0
06634,09174,0,0,0
06634,09175,0,0,0
06634,09176,0,0,0
06634,09177,0,0,0
06634,09178,0,0,0
06634,09179,0,0,0
06634,09180,0,0,0
06634,09181,0,0,0
06634,09182,0,0,0
06634,09183,0,0,0
06634,09184,36,0,36
06634,09185,0,0,0
06634,09186,0,0,0
06634,09187,0,0,0
06634,09188,0,0,0
06634,09189,0,0,0
06634,09190,0,0,0
06634,09261,0,0,0
06634,09262,0,0,0
06634,09263,0,0,0
06634,09271,0,0,0
06634,09272,0,0,0
06634,09273,0,0,0
06634,09274,0,0,0
06634,09275,0,0,0
06634,09276,0,0,0
06634,09277,0,0,0
06634,09278,0,0,0
06634,09279,0,0,0
06634,09361,0,0,0
06634,09362,0,0,0
06634,09363,0,0,0
06634,09371,0,0,0
06634,09372,0,0,0
06634,09373,0,0,0
06634,09374,0,0,0
06634,09375,0,0,0
06634,09376,0,0,0
06634,09377,0,0,0
06634,09461,49,0,49
06634,09462,0,0,0
06634,09463,0,0,0
06634,09464,0,0,0
06634,09471,0,0,0
06634,09472,0,0,0
06634,09473,0,0,0
06634,09474,0,0,0
06634,09475,0,0,0
06634,09476,0,0,0
06634,09477,0,0,0
06634,09478,0,0,0
06634,09479,0,0,0
06634,09561,0,0,0
06634,09562,10,0,10
06634,09563,0,0,0
06634,09564,28,0,28
06634,09565,0,0,0
06634,09571,35,35,0
06634,09572,0,0,0
06634,09573,0,0,0
06634,09574,0,0,0
06634,09575,0,0,0
06634,09576,0,0,0
06634,09577,0,0,0
06634,09661,0,0,0
06634,09662,0,0,0
06634,09663,16,0,16
06634,09671,0,0,0
06634,09672,0,0,0
06634,09673,10,0,10
06634,09674,0,0,0
06634,09675,0,0,0
06634,09676,0,0,0
06634,09677,0,0,0
06634,09678,0,0,0
06634,09679,0,0,0
06634,09761,11,0,11
06634,09762,0,0,0
06634,09763,0,0,0
06634,09764,0,0,0
06634,09771,0,0,0
06634,09772,0,0,0
06634,09773,0,0,0
06634,09774,0,0,0
06634,09775,12,0,12
06634,09776,0,0,0
06634,09777,0,0,0
06634,09778,0,0,0
06634,09779,0,0,0
06634,09780,0,0,0
06634,10041,24,0,24
06634,10042,0,0,0
06634,10043,0,0,0
06634,10044,0,0,0
06634,10045,0,0,0
06634,10046,0,0,0
06634,11000,177,45,132
06634,12051,0,0,0
06634,12052,0,0,0
06634,12053,0,0,0
06634,12054,75,0,75
06634,12060,0,0,0
06634,12061,0,0,0
06634,12062,0,0,0
06634,12063,0,0,0
06634,12064,0,0,0
06634,12065,0,0,0
06634,12066,0,0,0
06634,12067,16,0,16
06634,12068,0,0,0
06634,12069,0,0,0
06634,12070,0,0,0
06634,12071,0,0,0
06634,12072,0,0,0
06634,12073,0,0,0
06634,13003,0,0,0
06634,13004,0,0,0
06634,13071,0,0,0
06634,13072,0,0,0
06634,13073,0,0,0
06634,13074,0,0,0
06634,13075,0,0,0
06634,13076,0,0,0
06634,14511,0,0,0
06634,14521,0,0,0
06634,14522,0,0,0
06634,14523,0,0,0
06634,14524,0,0,0
06634,14612,30,13,17
06634,14625,0,0,0
06634,14626,0,0,0
06634,14627,13,13,0
06634,14628,0,0,0
06634,14713,33,18,15
06634,14729,0,0,0
06634,14730,0,0,0
06634,15001,0,0,0
06634,15002,0,0,0
06634,15003,0,0,0
06634,15081,0,0,0
06634,15082,0,0,0
06634,15083,0,0,0
06634,15084,12,12,0
06634,15085,10,10,0
06634,15086,0,0,0
06634,15087,50,38,12
06634,15088,0,0,0
06634,15089,0,0,0
06634,15090,0,0,0
06634,15091,0,0,0
06634,16051,19,0,19
06634,16052,0,0,0
06634,16053,0,0,0
06634,16054,0,0,0
06634,16055,0,0,0
06634,16056,28,17,11
06634,16061,114,72,42
06634,16062,14,14,0
06634,16063,114,68,46
06634,16064,61,39,22
06634,16065,22,22,0
06634,16066,11,11,0
06634,16067,31,13,18
06634,16068,0,0,0
06634,16069,0,0,0
06634,16070,16,0,16
06634,16071,0,0,0
06634,16072,0,0,0
06634,16073,0,0,0
06634,16074,0,0,0
06634,16075,0,0,0
06634,16076,0,0,0
06634,16077,0,0,0
06635,01001,0,0,0
06635,01002,0,0,0
06635,01003,0,0,0
06635,01004,0,0,0
06635,01051,0,0,0
06635,01053,0,0,0
06635,01054,0,0,0
06635,01055,0,0,0
06635,01056,0,0,0
06635,01057,0,0,0
06635,01058,0,0,0
06635,01059,0,0,0
06635,01060,0,0,0
06635,01061,0,0,0
06635,01062,0,0,0
06635,02000,106,39,67
06635,03101,0,0,0
06635,03102,0,0,0
06635,03103,12,0,12
06635,03151,0,0,0
06635,03153,0,0,0
06635,03154,0,0,0
06635,03155,18,18,0
06635,03157,0,0,0
06635,03158,0,0,0
06635,03159,156,81,75
06635,03241,197,114,83
06635,03251,0,0,0
06635,03252,16,0,16
06635,03254,15,0,15
06635,03255,0,0,0
06635,03256,0,0,0
06635,03257,10,0,10
06635,03351,11,11,0
06635,03352,0,0,0
06635,03353,0,0,0
06635,03354,0,0,0
06635,03355,0,0,0
06635,03356,0,0,0
06635,03357,0,0,0
06635,03358,0,0,0
06635,03359,0,0,0
06635,03360,0,0,0
06635,03361,0,0,0
06635,03401,0,0,0
06635,03402,0,0,0
06635,03403,0,0,0
06635,03404,0,0,0
06635,03405,0,0,0
06635,03451,0,0,0
06635,03452,0,0,0
06635,03453,0,0,0
06635,03454,0,0,0
06635,03455,0,0,0
06635,03456,0,0,0
06635,03457,0,0,0
06635,03458,0,0,0
06635,03459,0,0,0
06635,03460,0,0,0
06635,03461,0,0,0
06635,03462,0,0,0
06635,04011,34,34,0
06635,04012,0,0,0
06635,05111,54,16,38
06635,05112,33,13,20
06635,05113,29,0,29
06635,05114,0,0,0
06635,05116,0,0,0
06635,05117,0,0,0
06635,05119,13,0,13
06635,05120,0,0,0
06635,05122,0,0,0
06635,05124,25,12,13
06635,05154,28,0,28
06635,05158,46,18,28
06635,05162,12,0,12
06635,05166,0,0,0
06635,05170,11,0,11
06635,05314,12,0,12
06635,05315,97,20,77
06635,05316,0,0,0
06635,05334,18,0,18
06635,05358,0,0,0
06635,05362,12,0,12
06635,05366,0,0,0
06635,05370,0,0,0
06635,05374,35,10,25
06635,05378,0,0,0
06635,05382,33,20,13
06635,05512,0,0,0
06635,05513,18,0,18
06635,05515,21,0,21
06635,05554,0,0,0
06635,05558,11,0,11
06635,05562,24,12,12
06635,05566,29,16,13
06635,05570,14,0,14
06635,05711,70,14,56
06635,05754,70,20,50
06635,05758,35,23,12
06635,05762,1789,1155,634
06635,05766,69,29,40
06635,05770,12,12,0
06635,05774,539,199,340
06635,05911,0,0,0
06635,05913,63,28,35
06635,05914,0,0,0
06635,05915,12,0,12
06635,05916,0,0,0
06635,05954,26,12,14
06635,05958,5624,3010,2614
06635,05962,13,13,0
06635,05966,23,13,10
06635,05970,741,425,316
06635,05974,124,52,72
06635,05978,51,21,30
06635,06411,41,15,26
06635,06412,263,31,232
06635,06413,12,0,12
06635,06414,67,24,43
06635,06431,0,0,0
06635,06432,18,0,18
06635,06433,26,0,26
06635,06434,154,13,141
06635,06435,89,32,57
06635,06436,60,14,46
06635,06437,51,0,51
06635,06438,52,13,39
06635,06439,113,10,103
06635,06440,76,28,48
06635,06531,511,227,284
06635,06532,188,101,87
06635,06533,19,19,0
06635,06534,4251,1973,2278
06635,06535,105,56,49
06635,06611,2616,676,1940
06635,06631,67,25,42
06635,06632,159,81,78
06635,06633,3736,1800,1936
06635,06634,3576,2133,1443
06635,06635,0,0,0
06635,06636,85,55,30
06635,07111,0,0,0
06635,07131,0,0,0
06635,07132,0,0,0
06635,07133,0,0,0
06635,07134,0,0,0
06635,07135,0,0,0
06635,07137,0,0,0
06635,07138,0,0,0
06635,07140,0,0,0
06635,07141,0,0,0
06635,07143,10,10,0
06635,07211,0,0,0
06635,07231,0,0,0
06635,07232,0,0,0
06635,07233,0,0,0
06635,07235,0,0,0
06635,07311,0,0,0
06635,07312,0,0,0
06635,07313,0,0,0
06635,07314,0,0,0
06635,07315,10,0,10
06635,07316,0,0,0
06635,07317,0,0,0
06635,07318,0,0,0
06635,07319,0,0,0
06635,07320,0,0,0
06635,07331,0,0,0
06635,07332,0,0,0
06635,07333,0,0,0
06635,07334,0,0,0
06635,07335,0,0,0
06635,07336,0,0,0
06635,07337,0,0,0
06635,07338,0,0,0
06635,07339,11,11,0
06635,07340,0,0,0
06635,08111,34,0,34
06635,08115,10,0,10
06635,08116,23,10,13
06635,08117,0,0,0
06635,08118,13,0,13
06635,08119,0,0,0
06635,08121,0,0,0
06635,08125,0,0,0
06635,08126,16,0,16
06635,08127,0,0,0
06635,08128,0,0,0
06635,08135,0,0,0
06635,08136,0,0,0
06635,08211,0,0,0
06635,08212,18,0,18
06635,08215,15,0,15
06635,08216,0,0,0
06635,08221,0,0,0
06635,08222,39,0,39
06635,08225,0,0,0
06635,08226,16,0,16
06635,08231,0,0,0
06635,08235,0,0,0
06635,08236,0,0,0
06635,08237,0,0,0
06635,08311,0,0,0
06635,08315,0,0,0
06635,08316,0,0,0
06635,08317,0,0,0
06635,08325,0,0,0
06635,08326,0,0,0
06635,08327,0,0,0
06635,08335,0,0,0
06635,08336,0,0,0
06635,08337,0,0,0
06635,08415,0,0,0
06635,08416,0,0,0
06635,08417,0,0,0
06635,08421,0,0,0
06635,08425,0,0,0
06635,08426,0,0,0
06635,08435,0,0,0
06635,08436,0,0,0
06635,08437,0,0,0
06635,09161,0,0,0
06635,09162,87,33,54
06635,09163,0,0,0
06635,09171,0,0,0
06635,09172,0,0,0
06635,09173,0,0,0
06635,09174,0,0,0
06635,09175,0,0,0
06635,09176,0,0,0
06635,09177,0,0,0
06635,09178,0,0,0
06635,09179,25,25,0
06635,09180,0,0,0
06635,09181,0,0,0
06635,09182,0,0,0
06635,09183,0,0,0
06635,09184,30,0,30
06635,09185,0,0,0
06635,09186,0,0,0
06635,09187,0,0,0
06635,09188,0,0,0
06635,09189,0,0,0
06635,09190,0,0,0
06635,09261,0,0,0
06635,09262,0,0,0
06635,09263,0,0,0
06635,09271,0,0,0
06635,09272,0,0,0
06635,09273,0,0,0
06635,09274,0,0,0
06635,09275,0,0,0
06635,09276,0,0,0
06635,09277,0,0,0
06635,09278,0,0,0
06635,09279,0,0,0
06635,09361,0,0,0
06635,09362,0,0,0
06635,09363,0,0,0
06635,09371,0,0,0
06635,09372,0,0,0
06635,09373,0,0,0
06635,09374,0,0,0
06635,09375,0,0,0
06635,09376,0,0,0
06635,09377,0,0,0
06635,09461,0,0,0
06635,09462,0,0,0
06635,09463,0,0,0
06635,09464,0,0,0
06635,09471,0,0,0
06635,09472,0,0,0
06635,09473,0,0,0
06635,09474,0,0,0
06635,09475,0,0,0
06635,09476,0,0,0
06635,09477,0,0,0
06635,09478,0,0,0
06635,09479,0,0,0
06635,09561,0,0,0
06635,09562,0,0,0
06635,09563,0,0,0
06635,09564,25,0,25
06635,09565,0,0,0
06635,09571,0,0,0
06635,09572,0,0,0
06635,09573,0,0,0
06635,09574,0,0,0
06635,09575,10,0,10
06635,09576,0,0,0
06635,09577,0,0,0
06635,09661,21,0,21
06635,09662,0,0,0
06635,09663,0,0,0
06635,09671,10,0,10
06635,09672,0,0,0
06635,09673,0,0,0
06635,09674,0,0,0
06635,09675,0,0,0
06635,09676,13,0,13
06635,09677,0,0,0
06635,09678,0,0,0
06635,09679,0,0,0
06635,09761,0,0,0
06635,09762,0,0,0
06635,09763,0,0,0
06635,09764,0,0,0
06635,09771,0,0,0
06635,09772,0,0,0
06635,09773,0,0,0
06635,09774,0,0,0
06635,09775,0,0,0
06635,09776,0,0,0
06635,09777,0,0,0
06635,09778,0,0,0
06635,09779,0,0,0
06635,09780,0,0,0
06635,10041,0,0,0
06635,10042,0,0,0
06635,10043,0,0,0
06635,10044,0,0,0
06635,10045,0,0,0
06635,10046,0,0,0
06635,11000,216,126,90
06635,12051,0,0,0
06635,12052,0,0,0
06635,12053,0,0,0
06635,12054,0,0,0
06635,12060,0,0,0
06635,12061,10,10,0
06635,12062,0,0,0
06635,12063,0,0,0
06635,12064,0,0,0
06635,12065,0,0,0
06635,12066,0,0,0
06635,12067,0,0,0
06635,12068,0,0,0
06635,12069,0,0,0
06635,12070,0,0,0
06635,12071,0,0,0
06635,12072,0,0,0
06635,12073,0,0,0
06635,13003,0,0,0
06635,13004,0,0,0
06635,13071,0,0,0
06635,13072,0,0,0
06635,13073,0,0,0
06635,13074,0,0,0
06635,13075,0,0,0
06635,13076,0,0,0
06635,14511,12,12,0
06635,14521,0,0,0
06635,14522,0,0,0
06635,14523,0,0,0
06635,14524,10,10,0
06635,14612,73,73,0
06635,14625,0,0,0
06635,14626,0,0,0
06635,14627,0,0,0
06635,14628,10,10,0
06635,14713,52,40,12
06635,14729,0,0,0
06635,14730,21,21,0
06635,15001,0,0,0
06635,15002,16,16,0
06635,15003,10,0,10
06635,15081,0,0,0
06635,15082,0,0,0
06635,15083,0,0,0
06635,15084,108,108,0
06635,15085,0,0,0
06635,15086,0,0,0
06635,15087,12,12,0
06635,15088,10,10,0
06635,15089,0,0,0
06635,15090,0,0,0
06635,15091,0,0,0
06635,16051,30,13,17
06635,16052,0,0,0
06635,16053,0,0,0
06635,16054,0,0,0
06635,16055,0,0,0
06635,16056,0,0,0
06635,16061,25,25,0
06635,16062,10,10,0
06635,16063,15,15,0
06635,16064,17,17,0
06635,16065,0,0,0
06635,16066,0,0,0
06635,16067,0,0,0
06635,16068,0,0,0
06635,16069,0,0,0
06635,16070,0,0,0
06635,16071,0,0,0
06635,16072,0,0,0
06635,16073,0,0,0
06635,16074,0,0,0
06635,16075,0,0,0
06635,16076,0,0,0
06635,16077,71,71,0
06636,01001,0,0,0
06636,01002,0,0,0
06636,01003,0,0,0
06636,01004,0,0,0
06636,01051,0,0,0
06636,01053,0,0,0
06636,01054,0,0,0
06636,01055,0,0,0
06636,01056,0,0,0
06636,01057,0,0,0
06636,01058,0,0,0
06636,01059,0,0,0
06636,01060,0,0,0
06636,01061,0,0,0
06636,01062,0,0,0
06636,02000,88,27,61
06636,03101,20,0,20
06636,03102,0,0,0
06636,03103,14,0,14
06636,03151,0,0,0
06636,03153,16,16,0
06636,03154,0,0,0
06636,03155,110,43,67
06636,03157,0,0,0
06636,03158,0,0,0
06636,03159,2826,692,2134
06636,03241,176,16,160
06636,03251,0,0,0
06636,03252,11,0,11
06636,03254,18,0,18
06636,03255,0,0,0
06636,03256,21,0,21
06636,03257,13,0,13
06636,03351,0,0,0
06636,03352,0,0,0
06636,03353,0,0,0
06636,03354,0,0,0
06636,03355,0,0,0
06636,03356,0,0,0
06636,03357,0,0,0
06636,03358,0,0,0
06636,03359,0,0,0
06636,03360,0,0,0
06636,03361,0,0,0
06636,03401,0,0,0
06636,03402,0,0,0
06636,03403,0,0,0
06636,03404,0,0,0
06636,03405,0,0,0
06636,03451,0,0,0
06636,03452,0,0,0
06636,03453,0,0,0
06636,03454,0,0,0
06636,03455,0,0,0
06636,03456,0,0,0
06636,03457,0,0,0
06636,03458,0,0,0
06636,03459,0,0,0
06636,03460,0,0,0
06636,03461,0,0,0
06636,03462,0,0,0
06636,04011,20,0,20
06636,04012,0,0,0
06636,05111,30,0,30
06636,05112,18,0,18
06636,05113,10,0,10
06636,05114,0,0,0
06636,05116,0,0,0
06636,05117,0,0,0
06636,05119,0,0,0
06636,05120,0,0,0
06636,05122,0,0,0
06636,05124,0,0,0
06636,05154,0,0,0
06636,05158,20,0,20
06636,05162,0,0,0
06636,05166,0,0,0
06636,05170,0,0,0
06636,05314,0,0,0
06636,05315,69,11,58
06636,05316,0,0,0
06636,05334,0,0,0
06636,05358,0,0,0
06636,05362,0,0,0
06636,05366,0,0,0
06636,05370,0,0,0
06636,05374,11,0,11
06636,05378,0,0,0
06636,05382,0,0,0
06636,05512,0,0,0
06636,05513,0,0,0
06636,05515,10,0,10
06636,05554,0,0,0
06636,05558,0,0,0
06636,05562,0,0,0
06636,05566,16,0,16
06636,05570,0,0,0
06636,05711,12,0,12
06636,05754,28,0,28
06636,05758,0,0,0
06636,05762,24,11,13
06636,05766,0,0,0
06636,05770,14,0,14
06636,05774,21,0,21
06636,05911,0,0,0
06636,05913,15,0,15
06636,05914,0,0,0
06636,05915,0,0,0
06636,05916,0,0,0
06636,05954,0,0,0
06636,05958,28,0,28
06636,05962,0,0,0
06636,05966,0,0,0
06636,05970,30,0,30
06636,05974,10,0,10
06636,05978,0,0,0
06636,06411,12,0,12
06636,06412,147,0,147
06636,06413,0,0,0
06636,06414,26,0,26
06636,06431,0,0,0
06636,06432,0,0,0
06636,06433,25,0,25
06636,06434,25,0,25
06636,06435,20,0,20
06636,06436,19,0,19
06636,06437,0,0,0
06636,06438,23,0,23
06636,06439,0,0,0
06636,06440,21,0,21
06636,06531,62,14,48
06636,06532,10,0,10
06636,06533,10,0,10
06636,06534,40,0,40
06636,06535,88,36,52
06636,06611,3901,457,3444
06636,06631,130,32,98
06636,06632,2409,668,1741
06636,06633,2858,826,2032
06636,06634,1647,336,1311
06636,06635,85,30,55
06636,06636,0,0,0
06636,07111,0,0,0
06636,07131,0,0,0
06636,07132,0,0,0
06636,07133,0,0,0
06636,07134,0,0,0
06636,07135,0,0,0
06636,07137,0,0,0
06636,07138,0,0,0
06636,07140,0,0,0
06636,07141,0,0,0
06636,07143,0,0,0
06636,07211,0,0,0
06636,07231,0,0,0
06636,07232,0,0,0
06636,07233,0,0,0
06636,07235,0,0,0
06636,07311,0,0,0
06636,07312,0,0,0
06636,07313,0,0,0
06636,07314,14,0,14
06636,07315,28,0,28
06636,07316,0,0,0
06636,07317,0,0,0
06636,07318,0,0,0
06636,07319,0,0,0
06636,07320,0,0,0
06636,07331,0,0,0
06636,07332,0,0,0
06636,07333,0,0,0
06636,07334,0,0,0
06636,07335,0,0,0
06636,07336,0,0,0
06636,07337,0,0,0
06636,07338,0,0,0
06636,07339,0,0,0
06636,07340,0,0,0
06636,08111,35,0,35
06636,08115,0,0,0
06636,08116,23,0,23
06636,08117,0,0,0
06636,08118,15,0,15
06636,08119,0,0,0
06636,08121,0,0,0
06636,08125,11,0,11
06636,08126,0,0,0
06636,08127,0,0,0
06636,08128,0,0,0
06636,08135,0,0,0
06636,08136,0,0,0
06636,08211,0,0,0
06636,08212,14,0,14
06636,08215,11,0,11
06636,08216,0,0,0
06636,08221,0,0,0
06636,08222,0,0,0
06636,08225,0,0,0
06636,08226,10,0,10
06636,08231,0,0,0
06636,08235,0,0,0
06636,08236,0,0,0
06636,08237,0,0,0
06636,08311,0,0,0
06636,08315,0,0,0
06636,08316,0,0,0
06636,08317,0,0,0
06636,08325,0,0,0
06636,08326,0,0,0
06636,08327,0,0,0
06636,08335,0,0,0
06636,08336,0,0,0
06636,08337,0,0,0
06636,08415,0,0,0
06636,08416,0,0,0
06636,08417,0,0,0
06636,08421,0,0,0
06636,08425,0,0,0
06636,08426,0,0,0
06636,08435,0,0,0
06636,08436,0,0,0
06636,08437,0,0,0
06636,09161,0,0,0
06636,09162,38,0,38
06636,09163,0,0,0
06636,09171,0,0,0
06636,09172,0,0,0
06636,09173,0,0,0
06636,09174,0,0,0
06636,09175,0,0,0
06636,09176,0,0,0
06636,09177,0,0,0
06636,09178,0,0,0
06636,09179,0,0,0
06636,09180,0,0,0
06636,09181,0,0,0
06636,09182,0,0,0
06636,09183,0,0,0
06636,09184,23,0,23
06636,09185,0,0,0
06636,09186,0,0,0
06636,09187,0,0,0
06636,09188,0,0,0
06636,09189,0,0,0
06636,09190,0,0,0
06636,09261,0,0,0
06636,09262,0,0,0
06636,09263,0,0,0
06636,09271,0,0,0
06636,09272,0,0,0
06636,09273,0,0,0
06636,09274,0,0,0
06636,09275,0,0,0
06636,09276,0,0,0
06636,09277,0,0,0
06636,09278,0,0,0
06636,09279,0,0,0
06636,09361,0,0,0
06636,09362,0,0,0
06636,09363,0,0,0
06636,09371,0,0,0
06636,09372,0,0,0
06636,09373,0,0,0
06636,09374,0,0,0
06636,09375,0,0,0
06636,09376,0,0,0
06636,09377,0,0,0
06636,09461,0,0,0
06636,09462,0,0,0
06636,09463,0,0,0
06636,09464,0,0,0
06636,09471,0,0,0
06636,09472,0,0,0
06636,09473,0,0,0
06636,09474,0,0,0
06636,09475,0,0,0
06636,09476,0,0,0
06636,09477,0,0,0
06636,09478,0,0,0
06636,09479,0,0,0
06636,09561,0,0,0
06636,09562,0,0,0
06636,09563,0,0,0
06636,09564,19,0,19
06636,09565,0,0,0
06636,09571,0,0,0
06636,09572,0,0,0
06636,09573,0,0,0
06636,09574,0,0,0
06636,09575,0,0,0
06636,09576,0,0,0
06636,09577,0,0,0
06636,09661,0,0,0
06636,09662,0,0,0
06636,09663,0,0,0
06636,09671,0,0,0
06636,09672,0,0,0
06636,09673,0,0,0
06636,09674,0,0,0
06636,09675,0,0,0
06636,09676,0,0,0
06636,09677,0,0,0
06636,09678,0,0,0
06636,09679,0,0,0
06636,09761,0,0,0
06636,09762,0,0,0
06636,09763,0,0,0
06636,09764,0,0,0
06636,09771,0,0,0
06636,09772,0,0,0
06636,09773,0,0,0
06636,09774,0,0,0
06636,09775,0,0,0
06636,09776,0,0,0
06636,09777,0,0,0
06636,09778,0,0,0
06636,09779,0,0,0
06636,09780,0,0,0
06636,10041,0,0,0
06636,10042,0,0,0
06636,10043,0,0,0
06636,10044,0,0,0
06636,10045,0,0,0
06636,10046,0,0,0
06636,11000,116,27,89
06636,12051,0,0,0
06636,12052,0,0,0
06636,12053,0,0,0
06636,12054,0,0,0
06636,12060,0,0,0
06636,12061,0,0,0
06636,12062,0,0,0
06636,12063,0,0,0
06636,12064,0,0,0
06636,12065,0,0,0
06636,12066,0,0,0
06636,12067,0,0,0
06636,12068,0,0,0
06636,12069,13,13,0
06636,12070,0,0,0
06636,12071,0,0,0
06636,12072,13,13,0
06636,12073,0,0,0
06636,13003,0,0,0
06636,13004,0,0,0
06636,13071,0,0,0
06636,13072,0,0,0
06636,13073,0,0,0
06636,13074,0,0,0
06636,13075,0,0,0
06636,13076,0,0,0
06636,14511,0,0,0
06636,14521,0,0,0
06636,14522,0,0,0
06636,14523,0,0,0
06636,14524,0,0,0
06636,14612,0,0,0
06636,14625,0,0,0
06636,14626,0,0,0
06636,14627,0,0,0
06636,14628,0,0,0
06636,14713,18,0,18
06636,14729,0,0,0
06636,14730,0,0,0
06636,15001,0,0,0
06636,15002,0,0,0
06636,15003,0,0,0
06636,15081,0,0,0
06636,15082,0,0,0
06636,15083,0,0,0
06636,15084,11,0,11
06636,15085,16,16,0
06636,15086,0,0,0
06636,15087,0,0,0
06636,15088,0,0,0
06636,15089,0,0,0
06636,15090,0,0,0
06636,15091,0,0,0
06636,16051,74,11,63
06636,16052,0,0,0
06636,16053,17,0,17
06636,16054,0,0,0
06636,16055,0,0,0
06636,16056,632,170,462
06636,16061,2040,1469,571
06636,16062,31,19,12
06636,16063,1083,582,501
06636,16064,886,637,249
06636,16065,11,11,0
06636,16066,0,0,0
06636,16067,69,28,41
06636,16068,0,0,0
06636,16069,0,0,0
06636,16070,10,0,10
06636,16071,0,0,0
06636,16072,0,0,0
06636,16073,0,0,0
06636,16074,0,0,0
06636,16075,0,0,0
06636,16076,0,0,0
06636,16077,0,0,0
07111,01001,0,0,0
07111,01002,32,32,0
07111,01003,0,0,0
07111,01004,20,0,20
07111,01051,0,0,0
07111,01053,0,0,0
07111,01054,0,0,0
07111,01055,0,0,0
07111,01056,0,0,0
07111,01057,13,13,0
07111,01058,21,21,0
07111,01059,0,0,0
07111,01060,10,10,0
07111,01061,0,0,0
07111,01062,49,0,49
07111,02000,124,54,70
07111,03101,13,13,0
07111,03102,10,10,0
07111,03103,0,0,0
07111,03151,10,10,0
07111,03153,10,10,0
07111,03154,0,0,0
07111,03155,0,0,0
07111,03157,41,41,0
07111,03158,0,0,0
07111,03159,19,19,0
07111,03241,135,111,24
07111,03251,0,0,0
07111,03252,0,0,0
07111,03254,11,11,0
07111,03255,0,0,0
07111,03256,0,0,0
07111,03257,0,0,0
07111,03351,10,10,0
07111,03352,0,0,0
07111,03353,26,26,0
07111,03354,0,0,0
07111,03355,0,0,0
07111,03356,0,0,0
07111,03357,0,0,0
07111,03358,0,0,0
07111,03359,0,0,0
07111,03360,0,0,0
07111,03361,0,0,0
07111,03401,0,0,0
07111,03402,0,0,0
07111,03403,0,0,0
07111,03404,43,43,0
07111,03405,0,0,0
07111,03451,0,0,0
07111,03452,0,0,0
07111,03453,0,0,0
07111,03454,0,0,0
07111,03455,0,0,0
07111,03456,0,0,0
07111,03457,0,0,0
07111,03458,0,0,0
07111,03459,38,38,0
07111,03460,0,0,0
07111,03461,0,0,0
07111,03462,0,0,0
07111,04011,25,13,12
07111,04012,0,0,0
07111,05111,169,48,121
07111,05112,63,41,22
07111,05113,61,35,26
07111,05114,17,17,0
07111,05116,31,18,13
07111,05117,0,0,0
07111,05119,11,11,0
07111,05120,11,11,0
07111,05122,18,18,0
07111,05124,52,36,16
07111,05154,14,0,14
07111,05158,79,37,42
07111,05162,61,37,24
07111,05166,27,14,13
07111,05170,27,17,10
07111,05314,824,383,441
07111,05315,637,274,363
07111,05316,47,30,17
07111,05334,122,66,56
07111,05358,91,25,66
07111,05362,176,118,58
07111,05366,67,49,18
07111,05370,36,25,11
07111,05374,66,47,19
07111,05378,72,54,18
07111,05382,536,348,188
07111,05512,0,0,0
07111,05513,26,14,12
07111,05515,34,12,22
07111,05554,0,0,0
07111,05558,0,0,0
07111,05562,34,34,0
07111,05566,26,26,0
07111,05570,0,0,0
07111,05711,0,0,0
07111,05754,16,16,0
07111,05758,0,0,0
07111,05762,0,0,0
07111,05766,0,0,0
07111,05770,0,0,0
07111,05774,11,11,0
07111,05911,24,24,0
07111,05913,101,63,38
07111,05914,17,17,0
07111,05915,22,22,0
07111,05916,0,0,0
07111,05954,19,19,0
07111,05958,0,0,0
07111,05962,10,10,0
07111,05966,21,11,10
07111,05970,74,51,23
07111,05974,10,10,0
07111,05978,22,22,0
07111,06411,68,21,47
07111,06412,462,106,356
07111,06413,0,0,0
07111,06414,206,97,109
07111,06431,27,27,0
07111,06432,43,26,17
07111,06433,89,44,45
07111,06434,59,24,35
07111,06435,52,19,33
07111,06436,127,51,76
07111,06437,0,0,0
07111,06438,94,30,64
07111,06439,155,123,32
07111,06440,51,36,15
07111,06531,125,60,65
07111,06532,90,65,25
07111,06533,513,344,169
07111,06534,24,24,0
07111,06535,0,0,0
07111,06611,21,10,11
07111,06631,15,15,0
07111,06632,0,0,0
07111,06633,0,0,0
07111,06634,0,0,0
07111,06635,0,0,0
07111,06636,0,0,0
07111,07111,0,0,0
07111,07131,1668,1365,303
07111,07132,389,322,67
07111,07133,330,272,58
07111,07134,80,69,11
07111,07135,1720,1546,174
07111,07137,25132,19688,5444
07111,07138,6926,5019,1907
07111,07140,3939,3108,831
07111,07141,7434,5872,1562
07111,07143,6933,5564,1369
07111,07211,254,143,111
07111,07231,219,183,36
07111,07232,132,110,22
07111,07233,223,186,37
07111,07235,195,185,10
07111,07311,12,0,12
07111,07312,56,41,15
07111,07313,16,16,0
07111,07314,51,23,28
07111,07315,521,259,262
07111,07316,11,11,0
07111,07317,0,0,0
07111,07318,48,0,48
07111,07319,63,53,10
07111,07320,28,28,0
07111,07331,119,104,15
07111,07332,16,16,0
07111,07333,20,20,0
07111,07334,0,0,0
07111,07335,34,34,0
07111,07336,16,16,0
07111,07337,35,35,0
07111,07338,13,13,0
07111,07339,347,281,66
07111,07340,35,35,0
07111,08111,61,21,40
07111,08115,43,32,11
07111,08116,38,21,17
07111,08117,0,0,0
07111,08118,35,14,21
07111,08119,0,0,0
07111,08121,0,0,0
07111,08125,12,12,0
07111,08126,0,0,0
07111,08127,0,0,0
07111,08128,55,55,0
07111,08135,0,0,0
07111,08136,0,0,0
07111,08211,0,0,0
07111,08212,55,32,23
07111,08215,42,42,0
07111,08216,12,12,0
07111,08221,33,17,16
07111,08222,78,44,34
07111,08225,61,13,48
07111,08226,128,78,50
07111,08231,0,0,0
07111,08235,24,24,0
07111,08236,0,0,0
07111,08237,21,21,0
07111,08311,0,0,0
07111,08315,0,0,0
07111,08316,0,0,0
07111,08317,11,11,0
07111,08325,0,0,0
07111,08326,0,0,0
07111,08327,0,0,0
07111,08335,10,10,0
07111,08336,11,0,11
07111,08337,0,0,0
07111,08415,11,11,0
07111,08416,19,19,0
07111,08417,0,0,0
07111,08421,0,0,0
07111,08425,0,0,0
07111,08426,0,0,0
07111,08435,0,0,0
07111,08436,10,10,0
07111,08437,0,0,0
07111,09161,0,0,0
07111,09162,166,65,101
07111,09163,0,0,0
07111,09171,0,0,0
07111,09172,0,0,0
07111,09173,0,0,0
07111,09174,0,0,0
07111,09175,0,0,0
07111,09176,0,0,0
07111,09177,0,0,0
07111,09178,0,0,0
07111,09179,0,0,0
07111,09180,0,0,0
07111,09181,0,0,0
07111,09182,0,0,0
07111,09183,0,0,0
07111,09184,51,18,33
07111,09185,0,0,0
07111,09186,0,0,0
07111,09187,0,0,0
07111,09188,0,0,0
07111,09189,0,0,0
07111,09190,0,0,0
07111,09261,0,0,0
07111,09262,0,0,0
07111,09263,0,0,0
07111,09271,0,0,0
07111,09272,0,0,0
07111,09273,0,0,0
07111,09274,0,0,0
07111,09275,0,0,0
07111,09276,0,0,0
07111,09277,0,0,0
07111,09278,0,0,0
07111,09279,0,0,0
07111,09361,0,0,0
07111,09362,0,0,0
07111,09363,0,0,0
07111,09371,0,0,0
07111,09372,0,0,0
07111,09373,0,0,0
07111,09374,0,0,0
07111,09375,0,0,0
07111,09376,0,0,0
07111,09377,0,0,0
07111,09461,0,0,0
07111,09462,0,0,0
07111,09463,0,0,0
07111,09464,0,0,0
07111,09471,0,0,0
07111,09472,0,0,0
07111,09473,0,0,0
07111,09474,0,0,0
07111,09475,0,0,0
07111,09476,0,0,0
07111,09477,0,0,0
07111,09478,0,0,0
07111,09479,0,0,0
07111,09561,0,0,0
07111,09562,0,0,0
07111,09563,0,0,0
07111,09564,46,17,29
07111,09565,0,0,0
07111,09571,0,0,0
07111,09572,0,0,0
07111,09573,0,0,0
07111,09574,0,0,0
07111,09575,0,0,0
07111,09576,0,0,0
07111,09577,0,0,0
07111,09661,10,0,10
07111,09662,0,0,0
07111,09663,0,0,0
07111,09671,11,11,0
07111,09672,0,0,0
07111,09673,0,0,0
07111,09674,0,0,0
07111,09675,0,0,0
07111,09676,0,0,0
07111,09677,0,0,0
07111,09678,0,0,0
07111,09679,0,0,0
07111,09761,0,0,0
07111,09762,0,0,0
07111,09763,0,0,0
07111,09764,0,0,0
07111,09771,0,0,0
07111,09772,0,0,0
07111,09773,0,0,0
07111,09774,0,0,0
07111,09775,0,0,0
07111,09776,15,0,15
07111,09777,0,0,0
07111,09778,0,0,0
07111,09779,0,0,0
07111,09780,0,0,0
07111,10041,156,101,55
07111,10042,18,18,0
07111,10043,24,24,0
07111,10044,32,32,0
07111,10045,48,31,17
07111,10046,25,25,0
07111,11000,261,122,139
07111,12051,0,0,0
07111,12052,0,0,0
07111,12053,0,0,0
07111,12054,11,11,0
07111,12060,0,0,0
07111,12061,10,10,0
07111,12062,0,0,0
07111,12063,0,0,0
07111,12064,0,0,0
07111,12065,0,0,0
07111,12066,0,0,0
07111,12067,0,0,0
07111,12068,0,0,0
07111,12069,0,0,0
07111,12070,0,0,0
07111,12071,0,0,0
07111,12072,0,0,0
07111,12073,0,0,0
07111,13003,0,0,0
07111,13004,0,0,0
07111,13071,0,0,0
07111,13072,0,0,0
07111,13073,0,0,0
07111,13074,0,0,0
07111,13075,0,0,0
07111,13076,0,0,0
07111,14511,0,0,0
07111,14521,0,0,0
07111,14522,0,0,0
07111,14523,0,0,0
07111,14524,0,0,0
07111,14612,16,16,0
07111,14625,0,0,0
07111,14626,0,0,0
07111,14627,0,0,0
07111,14628,0,0,0
07111,14713,21,21,0
07111,14729,0,0,0
07111,14730,0,0,0
07111,15001,0,0,0
07111,15002,0,0,0
07111,15003,0,0,0
07111,15081,0,0,0
07111,15082,0,0,0
07111,15083,0,0,0
07111,15084,0,0,0
07111,15085,0,0,0
07111,15086,0,0,0
07111,15087,11,11,0
07111,15088,0,0,0
07111,15089,0,0,0
07111,15090,0,0,0
07111,15091,0,0,0
07111,16051,25,25,0
07111,16052,0,0,0
07111,16053,0,0,0
07111,16054,0,0,0
07111,16055,0,0,0
07111,16056,0,0,0
07111,16061,0,0,0
07111,16062,0,0,0
07111,16063,0,0,0
07111,16064,0,0,0
07111,16065,12,12,0
07111,16066,0,0,0
07111,16067,0,0,0
07111,16068,0,0,0
07111,16069,0,0,0
07111,16070,0,0,0
07111,16071,0,0,0
07111,16072,0,0,0
07111,16073,0,0,0
07111,16074,0,0,0
07111,16075,0,0,0
07111,16076,0,0,0
07111,16077,0,0,0
07131,01001,0,0,0
07131,01002,0,0,0
07131,01003,0,0,0
07131,01004,0,0,0
07131,01051,0,0,0
07131,01053,0,0,0
07131,01054,0,0,0
07131,01055,0,0,0
07131,01056,0,0,0
07131,01057,0,0,0
07131,01058,0,0,0
07131,01059,0,0,0
07131,01060,0,0,0
07131,01061,0,0,0
07131,01062,0,0,0
07131,02000,67,16,51
07131,03101,0,0,0
07131,03102,0,0,0
07131,03103,0,0,0
07131,03151,0,0,0
07131,03153,0,0,0
07131,03154,0,0,0
07131,03155,0,0,0
07131,03157,0,0,0
07131,03158,0,0,0
07131,03159,0,0,0
07131,03241,45,15,30
07131,03251,0,0,0
07131,03252,0,0,0
07131,03254,0,0,0
07131,03255,0,0,0
07131,03256,0,0,0
07131,03257,0,0,0
07131,03351,0,0,0
07131,03352,0,0,0
07131,03353,16,0,16
07131,03354,0,0,0
07131,03355,0,0,0
07131,03356,0,0,0
07131,03357,0,0,0
07131,03358,0,0,0
07131,03359,0,0,0
07131,03360,0,0,0
07131,03361,0,0,0
07131,03401,0,0,0
07131,03402,0,0,0
07131,03403,0,0,0
07131,03404,0,0,0
07131,03405,0,0,0
07131,03451,0,0,0
07131,03452,0,0,0
07131,03453,0,0,0
07131,03454,0,0,0
07131,03455,0,0,0
07131,03456,0,0,0
07131,03457,0,0,0
07131,03458,0,0,0
07131,03459,0,0,0
07131,03460,0,0,0
07131,03461,0,0,0
07131,03462,0,0,0
07131,04011,0,0,0
07131,04012,0,0,0
07131,05111,314,39,275
07131,05112,42,14,28
07131,05113,146,20,126
07131,05114,34,11,23
07131,05116,26,13,13
07131,05117,0,0,0
07131,05119,23,0,23
07131,05120,0,0,0
07131,05122,14,0,14
07131,05124,39,14,25
07131,05154,10,10,0
07131,05158,95,25,70
07131,05162,83,20,63
07131,05166,47,24,23
07131,05170,22,0,22
07131,05314,8619,1031,7588
07131,05315,2049,330,1719
07131,05316,92,19,73
07131,05334,157,45,112
07131,05358,110,34,76
07131,05362,713,198,515
07131,05366,1323,523,800
07131,05370,17,17,0
07131,05374,67,17,50
07131,05378,98,41,57
07131,05382,5107,1635,3472
07131,05512,0,0,0
07131,05513,11,0,11
07131,05515,33,0,33
07131,05554,11,0,11
07131,05558,0,0,0
07131,05562,38,22,16
07131,05566,12,0,12
07131,05570,0,0,0
07131,05711,0,0,0
07131,05754,19,0,19
07131,05758,0,0,0
07131,05762,0,0,0
07131,05766,0,0,0
07131,05770,0,0,0
07131,05774,0,0,0
07131,05911,12,0,12
07131,05913,52,22,30
07131,05914,0,0,0
07131,05915,35,0,35
07131,05916,0,0,0
07131,05954,11,0,11
07131,05958,0,0,0
07131,05962,12,12,0
07131,05966,17,0,17
07131,05970,65,39,26
07131,05974,0,0,0
07131,05978,24,0,24
07131,06411,16,0,16
07131,06412,162,0,162
07131,06413,0,0,0
07131,06414,39,0,39
07131,06431,0,0,0
07131,06432,0,0,0
07131,06433,24,0,24
07131,06434,35,0,35
07131,06435,12,0,12
07131,06436,34,0,34
07131,06437,0,0,0
07131,06438,29,0,29
07131,06439,16,0,16
07131,06440,0,0,0
07131,06531,0,0,0
07131,06532,0,0,0
07131,06533,36,11,25
07131,06534,0,0,0
07131,06535,0,0,0
07131,06611,0,0,0
07131,06631,0,0,0
07131,06632,0,0,0
07131,06633,0,0,0
07131,06634,0,0,0
07131,06635,0,0,0
07131,06636,0,0,0
07131,07111,1668,303,1365
07131,07131,0,0,0
07131,07132,114,38,76
07131,07133,26,10,16
07131,07134,0,0,0
07131,07135,311,170,141
07131,07137,6504,3061,3443
07131,07138,2024,901,1123
07131,07140,138,54,84
07131,07141,163,77,86
07131,07143,301,98,203
07131,07211,100,15,85
07131,07231,74,39,35
07131,07232,76,17,59
07131,07233,985,528,457
07131,07235,27,0,27
07131,07311,0,0,0
07131,07312,0,0,0
07131,07313,0,0,0
07131,07314,0,0,0
07131,07315,90,0,90
07131,07316,10,0,10
07131,07317,0,0,0
07131,07318,0,0,0
07131,07319,0,0,0
07131,07320,0,0,0
07131,07331,0,0,0
07131,07332,0,0,0
07131,07333,15,15,0
07131,07334,0,0,0
07131,07335,0,0,0
07131,07336,0,0,0
07131,07337,0,0,0
07131,07338,14,14,0
07131,07339,10,10,0
07131,07340,0,0,0
07131,08111,34,0,34
07131,08115,0,0,0
07131,08116,17,0,17
07131,08117,0,0,0
07131,08118,13,0,13
07131,08119,0,0,0
07131,08121,0,0,0
07131,08125,11,0,11
07131,08126,0,0,0
07131,08127,0,0,0
07131,08128,0,0,0
07131,08135,0,0,0
07131,08136,15,15,0
07131,08211,0,0,0
07131,08212,0,0,0
07131,08215,11,0,11
07131,08216,0,0,0
07131,08221,13,0,13
07131,08222,21,0,21
07131,08225,0,0,0
07131,08226,15,0,15
07131,08231,0,0,0
07131,08235,0,0,0
07131,08236,0,0,0
07131,08237,0,0,0
07131,08311,0,0,0
07131,08315,0,0,0
07131,08316,0,0,0
07131,08317,0,0,0
07131,08325,0,0,0
07131,08326,0,0,0
07131,08327,0,0,0
07131,08335,0,0,0
07131,08336,0,0,0
07131,08337,0,0,0
07131,08415,0,0,0
07131,08416,0,0,0
07131,08417,0,0,0
07131,08421,0,0,0
07131,08425,0,0,0
07131,08426,0,0,0
07131,08435,0,0,0
07131,08436,0,0,0
07131,08437,0,0,0
07131,09161,0,0,0
07131,09162,103,14,89
07131,09163,0,0,0
07131,09171,0,0,0
07131,09172,0,0,0
07131,09173,0,0,0
07131,09174,0,0,0
07131,09175,0,0,0
07131,09176,0,0,0
07131,09177,0,0,0
07131,09178,10,0,10
07131,09179,0,0,0
07131,09180,0,0,0
07131,09181,0,0,0
07131,09182,0,0,0
07131,09183,0,0,0
07131,09184,46,0,46
07131,09185,0,0,0
07131,09186,0,0,0
07131,09187,0,0,0
07131,09188,0,0,0
07131,09189,0,0,0
07131,09190,0,0,0
07131,09261,0,0,0
07131,09262,0,0,0
07131,09263,0,0,0
07131,09271,0,0,0
07131,09272,0,0,0
07131,09273,0,0,0
07131,09274,0,0,0
07131,09275,0,0,0
07131,09276,0,0,0
07131,09277,0,0,0
07131,09278,0,0,0
07131,09279,0,0,0
07131,09361,0,0,0
07131,09362,0,0,0
07131,09363,0,0,0
07131,09371,0,0,0
07131,09372,0,0,0
07131,09373,0,0,0
07131,09374,0,0,0
07131,09375,0,0,0
07131,09376,0,0,0
07131,09377,0,0,0
07131,09461,0,0,0
07131,09462,0,0,0
07131,09463,0,0,0
07131,09464,0,0,0
07131,09471,0,0,0
07131,09472,0,0,0
07131,09473,0,0,0
07131,09474,0,0,0
07131,09475,0,0,0
07131,09476,0,0,0
07131,09477,0,0,0
07131,09478,0,0,0
07131,09479,0,0,0
07131,09561,0,0,0
07131,09562,0,0,0
07131,09563,0,0,0
07131,09564,24,0,24
07131,09565,0,0,0
07131,09571,0,0,0
07131,09572,0,0,0
07131,09573,0,0,0
07131,09574,0,0,0
07131,09575,0,0,0
07131,09576,0,0,0
07131,09577,0,0,0
07131,09661,0,0,0
07131,09662,0,0,0
07131,09663,0,0,0
07131,09671,0,0,0
07131,09672,0,0,0
07131,09673,0,0,0
07131,09674,0,0,0
07131,09675,0,0,0
07131,09676,0,0,0
07131,09677,0,0,0
07131,09678,0,0,0
07131,09679,0,0,0
07131,09761,0,0,0
07131,09762,0,0,0
07131,09763,0,0,0
07131,09764,0,0,0
07131,09771,0,0,0
07131,09772,0,0,0
07131,09773,0,0,0
07131,09774,0,0,0
07131,09775,0,0,0
07131,09776,0,0,0
07131,09777,0,0,0
07131,09778,0,0,0
07131,09779,0,0,0
07131,09780,0,0,0
07131,10041,46,12,34
07131,10042,0,0,0
07131,10043,0,0,0
07131,10044,0,0,0
07131,10045,0,0,0
07131,10046,0,0,0
07131,11000,194,57,137
07131,12051,0,0,0
07131,12052,0,0,0
07131,12053,0,0,0
07131,12054,0,0,0
07131,12060,0,0,0
07131,12061,0,0,0
07131,12062,0,0,0
07131,12063,0,0,0
07131,12064,0,0,0
07131,12065,0,0,0
07131,12066,0,0,0
07131,12067,0,0,0
07131,12068,0,0,0
07131,12069,0,0,0
07131,12070,0,0,0
07131,12071,0,0,0
07131,12072,0,0,0
07131,12073,0,0,0
07131,13003,0,0,0
07131,13004,0,0,0
07131,13071,0,0,0
07131,13072,0,0,0
07131,13073,0,0,0
07131,13074,0,0,0
07131,13075,0,0,0
07131,13076,0,0,0
07131,14511,17,0,17
07131,14521,0,0,0
07131,14522,0,0,0
07131,14523,0,0,0
07131,14524,0,0,0
07131,14612,0,0,0
07131,14625,0,0,0
07131,14626,0,0,0
07131,14627,0,0,0
07131,14628,0,0,0
07131,14713,0,0,0
07131,14729,0,0,0
07131,14730,0,0,0
07131,15001,0,0,0
07131,15002,0,0,0
07131,15003,0,0,0
07131,15081,0,0,0
07131,15082,0,0,0
07131,15083,0,0,0
07131,15084,0,0,0
07131,15085,0,0,0
07131,15086,0,0,0
07131,15087,0,0,0
07131,15088,0,0,0
07131,15089,0,0,0
07131,15090,0,0,0
07131,15091,0,0,0
07131,16051,0,0,0
07131,16052,0,0,0
07131,16053,0,0,0
07131,16054,0,0,0
07131,16055,0,0,0
07131,16056,0,0,0
07131,16061,0,0,0
07131,16062,0,0,0
07131,16063,0,0,0
07131,16064,0,0,0
07131,16065,0,0,0
07131,16066,0,0,0
07131,16067,0,0,0
07131,16068,0,0,0
07131,16069,0,0,0
07131,16070,0,0,0
07131,16071,0,0,0
07131,16072,0,0,0
07131,16073,0,0,0
07131,16074,0,0,0
07131,16075,0,0,0
07131,16076,0,0,0
07131,16077,0,0,0
07132,01001,0,0,0
07132,01002,0,0,0
07132,01003,0,0,0
07132,01004,0,0,0
07132,01051,0,0,0
07132,01053,0,0,0
07132,01054,0,0,0
07132,01055,0,0,0
07132,01056,0,0,0
07132,01057,0,0,0
07132,01058,0,0,0
07132,01059,0,0,0
07132,01060,11,0,11
07132,01061,0,0,0
07132,01062,0,0,0
07132,02000,64,17,47
07132,03101,0,0,0
07132,03102,0,0,0
07132,03103,0,0,0
07132,03151,0,0,0
07132,03153,0,0,0
07132,03154,0,0,0
07132,03155,0,0,0
07132,03157,0,0,0
07132,03158,0,0,0
07132,03159,0,0,0
07132,03241,28,0,28
07132,03251,0,0,0
07132,03252,0,0,0
07132,03254,0,0,0
07132,03255,0,0,0
07132,03256,0,0,0
07132,03257,0,0,0
07132,03351,0,0,0
07132,03352,0,0,0
07132,03353,0,0,0
07132,03354,0,0,0
07132,03355,0,0,0
07132,03356,0,0,0
07132,03357,0,0,0
07132,03358,0,0,0
07132,03359,0,0,0
07132,03360,0,0,0
07132,03361,0,0,0
07132,03401,0,0,0
07132,03402,0,0,0
07132,03403,0,0,0
07132,03404,0,0,0
07132,03405,0,0,0
07132,03451,0,0,0
07132,03452,0,0,0
07132,03453,0,0,0
07132,03454,11,0,11
07132,03455,0,0,0
07132,03456,0,0,0
07132,03457,0,0,0
07132,03458,0,0,0
07132,03459,0,0,0
07132,03460,0,0,0
07132,03461,0,0,0
07132,03462,0,0,0
07132,04011,0,0,0
07132,04012,0,0,0
07132,05111,136,20,116
07132,05112,49,27,22
07132,05113,99,15,84
07132,05114,15,0,15
07132,05116,25,13,12
07132,05117,0,0,0
07132,05119,23,10,13
07132,05120,10,0,10
07132,05122,12,12,0
07132,05124,23,0,23
07132,05154,13,0,13
07132,05158,78,20,58
07132,05162,50,11,39
07132,05166,17,0,17
07132,05170,21,0,21
07132,05314,580,84,496
07132,05315,1003,132,871
07132,05316,57,12,45
07132,05334,37,19,18
07132,05358,34,13,21
07132,05362,127,37,90
07132,05366,31,15,16
07132,05370,0,0,0
07132,05374,2737,804,1933
07132,05378,125,55,70
07132,05382,2843,950,1893
07132,05512,0,0,0
07132,05513,23,11,12
07132,05515,18,0,18
07132,05554,13,13,0
07132,05558,0,0,0
07132,05562,36,20,16
07132,05566,0,0,0
07132,05570,0,0,0
07132,05711,29,0,29
07132,05754,10,0,10
07132,05758,0,0,0
07132,05762,0,0,0
07132,05766,0,0,0
07132,05770,0,0,0
07132,05774,0,0,0
07132,05911,36,15,21
07132,05913,75,30,45
07132,05914,33,12,21
07132,05915,0,0,0
07132,05916,0,0,0
07132,05954,28,15,13
07132,05958,34,0,34
07132,05962,132,47,85
07132,05966,787,186,601
07132,05970,11504,3021,8483
07132,05974,0,0,0
07132,05978,32,20,12
07132,06411,19,0,19
07132,06412,245,25,220
07132,06413,11,11,0
07132,06414,58,24,34
07132,06431,0,0,0
07132,06432,12,0,12
07132,06433,38,14,24
07132,06434,32,12,20
07132,06435,42,26,16
07132,06436,21,0,21
07132,06437,54,0,54
07132,06438,42,14,28
07132,06439,23,11,12
07132,06440,29,15,14
07132,06531,92,31,61
07132,06532,717,190,527
07132,06533,182,86,96
07132,06534,38,14,24
07132,06535,0,0,0
07132,06611,0,0,0
07132,06631,0,0,0
07132,06632,0,0,0
07132,06633,0,0,0
07132,06634,0,0,0
07132,06635,0,0,0
07132,06636,0,0,0
07132,07111,389,67,322
07132,07131,114,76,38
07132,07132,0,0,0
07132,07133,28,18,10
07132,07134,0,0,0
07132,07135,31,10,21
07132,07137,429,147,282
07132,07138,4450,1859,2591
07132,07140,26,14,12
07132,07141,149,77,72
07132,07143,7123,3686,3437
07132,07211,23,0,23
07132,07231,0,0,0
07132,07232,0,0,0
07132,07233,0,0,0
07132,07235,0,0,0
07132,07311,13,0,13
07132,07312,0,0,0
07132,07313,0,0,0
07132,07314,12,0,12
07132,07315,107,17,90
07132,07316,56,0,56
07132,07317,0,0,0
07132,07318,0,0,0
07132,07319,0,0,0
07132,07320,0,0,0
07132,07331,0,0,0
07132,07332,0,0,0
07132,07333,0,0,0
07132,07334,10,0,10
07132,07335,0,0,0
07132,07336,0,0,0
07132,07337,0,0,0
07132,07338,0,0,0
07132,07339,13,0,13
07132,07340,0,0,0
07132,08111,26,0,26
07132,08115,0,0,0
07132,08116,16,0,16
07132,08117,0,0,0
07132,08118,17,0,17
07132,08119,0,0,0
07132,08121,0,0,0
07132,08125,0,0,0
07132,08126,10,0,10
07132,08127,0,0,0
07132,08128,0,0,0
07132,08135,0,0,0
07132,08136,0,0,0
07132,08211,0,0,0
07132,08212,0,0,0
07132,08215,13,0,13
07132,08216,0,0,0
07132,08221,0,0,0
07132,08222,18,0,18
07132,08225,0,0,0
07132,08226,12,0,12
07132,08231,0,0,0
07132,08235,0,0,0
07132,08236,0,0,0
07132,08237,0,0,0
07132,08311,0,0,0
07132,08315,0,0,0
07132,08316,0,0,0
07132,08317,10,0,10
07132,08325,0,0,0
07132,08326,0,0,0
07132,08327,0,0,0
07132,08335,0,0,0
07132,08336,0,0,0
07132,08337,0,0,0
07132,08415,0,0,0
07132,08416,0,0,0
07132,08417,0,0,0
07132,08421,0,0,0
07132,08425,0,0,0
07132,08426,0,0,0
07132,08435,0,0,0
07132,08436,0,0,0
07132,08437,0,0,0
07132,09161,0,0,0
07132,09162,61,11,50
07132,09163,0,0,0
07132,09171,0,0,0
07132,09172,0,0,0
07132,09173,0,0,0
07132,09174,0,0,0
07132,09175,0,0,0
07132,09176,0,0,0
07132,09177,0,0,0
07132,09178,11,0,11
07132,09179,0,0,0
07132,09180,0,0,0
07132,09181,0,0,0
07132,09182,0,0,0
07132,09183,0,0,0
07132,09184,35,0,35
07132,09185,0,0,0
07132,09186,0,0,0
07132,09187,0,0,0
07132,09188,0,0,0
07132,09189,0,0,0
07132,09190,0,0,0
07132,09261,0,0,0
07132,09262,0,0,0
07132,09263,0,0,0
07132,09271,0,0,0
07132,09272,0,0,0
07132,09273,0,0,0
07132,09274,0,0,0
07132,09275,0,0,0
07132,09276,0,0,0
07132,09277,0,0,0
07132,09278,0,0,0
07132,09279,0,0,0
07132,09361,0,0,0
07132,09362,0,0,0
07132,09363,0,0,0
07132,09371,0,0,0
07132,09372,0,0,0
07132,09373,0,0,0
07132,09374,0,0,0
07132,09375,0,0,0
07132,09376,0,0,0
07132,09377,0,0,0
07132,09461,0,0,0
07132,09462,0,0,0
07132,09463,0,0,0
07132,09464,0,0,0
07132,09471,0,0,0
07132,09472,0,0,0
07132,09473,0,0,0
07132,09474,0,0,0
07132,09475,0,0,0
07132,09476,0,0,0
07132,09477,0,0,0
07132,09478,0,0,0
07132,09479,0,0,0
07132,09561,0,0,0
07132,09562,0,0,0
07132,09563,0,0,0
07132,09564,17,0,17
07132,09565,0,0,0
07132,09571,0,0,0
07132,09572,0,0,0
07132,09573,0,0,0
07132,09574,0,0,0
07132,09575,0,0,0
07132,09576,0,0,0
07132,09577,0,0,0
07132,09661,0,0,0
07132,09662,0,0,0
07132,09663,0,0,0
07132,09671,0,0,0
07132,09672,0,0,0
07132,09673,0,0,0
07132,09674,0,0,0
07132,09675,0,0,0
07132,09676,0,0,0
07132,09677,0,0,0
07132,09678,0,0,0
07132,09679,0,0,0
07132,09761,0,0,0
07132,09762,0,0,0
07132,09763,0,0,0
07132,09764,0,0,0
07132,09771,0,0,0
07132,09772,0,0,0
07132,09773,0,0,0
07132,09774,0,0,0
07132,09775,0,0,0
07132,09776,0,0,0
07132,09777,0,0,0
07132,09778,0,0,0
07132,09779,0,0,0
07132,09780,86,0,86
07132,10041,23,0,23
07132,10042,0,0,0
07132,10043,0,0,0
07132,10044,0,0,0
07132,10045,0,0,0
07132,10046,0,0,0
07132,11000,105,45,60
07132,12051,0,0,0
07132,12052,0,0,0
07132,12053,0,0,0
07132,12054,0,0,0
07132,12060,0,0,0
07132,12061,0,0,0
07132,12062,0,0,0
07132,12063,0,0,0
07132,12064,0,0,0
07132,12065,0,0,0
07132,12066,0,0,0
07132,12067,0,0,0
07132,12068,0,0,0
07132,12069,0,0,0
07132,12070,0,0,0
07132,12071,0,0,0
07132,12072,0,0,0
07132,12073,0,0,0
07132,13003,0,0,0
07132,13004,0,0,0
07132,13071,0,0,0
07132,13072,0,0,0
07132,13073,0,0,0
07132,13074,0,0,0
07132,13075,0,0,0
07132,13076,0,0,0
07132,14511,0,0,0
07132,14521,0,0,0
07132,14522,0,0,0
07132,14523,0,0,0
07132,14524,0,0,0
07132,14612,10,10,0
07132,14625,0,0,0
07132,14626,0,0,0
07132,14627,58,0,58
07132,14628,0,0,0
07132,14713,0,0,0
07132,14729,0,0,0
07132,14730,0,0,0
07132,15001,0,0,0
07132,15002,0,0,0
07132,15003,0,0,0
07132,15081,0,0,0
07132,15082,0,0,0
07132,15083,0,0,0
07132,15084,0,0,0
07132,15085,0,0,0
07132,15086,0,0,0
07132,15087,0,0,0
07132,15088,0,0,0
07132,15089,0,0,0
07132,15090,0,0,0
07132,15091,0,0,0
07132,16051,0,0,0
07132,16052,0,0,0
07132,16053,0,0,0
07132,16054,0,0,0
07132,16055,0,0,0
07132,16056,0,0,0
07132,16061,0,0,0
07132,16062,0,0,0
07132,16063,0,0,0
07132,16064,0,0,0
07132,16065,0,0,0
07132,16066,0,0,0
07132,16067,0,0,0
07132,16068,0,0,0
07132,16069,0,0,0
07132,16070,0,0,0
07132,16071,0,0,0
07132,16072,0,0,0
07132,16073,0,0,0
07132,16074,0,0,0
07132,16075,0,0,0
07132,16076,0,0,0
07132,16077,0,0,0
07133,01001,0,0,0
07133,01002,0,0,0
07133,01003,0,0,0
07133,01004,0,0,0
07133,01051,0,0,0
07133,01053,0,0,0
07133,01054,0,0,0
07133,01055,0,0,0
07133,01056,0,0,0
07133,01057,0,0,0
07133,01058,0,0,0
07133,01059,0,0,0
07133,01060,0,0,0
07133,01061,0,0,0
07133,01062,0,0,0
07133,02000,91,23,68
07133,03101,0,0,0
07133,03102,0,0,0
07133,03103,0,0,0
07133,03151,0,0,0
07133,03153,0,0,0
07133,03154,0,0,0
07133,03155,0,0,0
07133,03157,0,0,0
07133,03158,0,0,0
07133,03159,0,0,0
07133,03241,42,32,10
07133,03251,0,0,0
07133,03252,0,0,0
07133,03254,14,14,0
07133,03255,0,0,0
07133,03256,0,0,0
07133,03257,0,0,0
07133,03351,0,0,0
07133,03352,0,0,0
07133,03353,0,0,0
07133,03354,279,279,0
07133,03355,0,0,0
07133,03356,0,0,0
07133,03357,0,0,0
07133,03358,0,0,0
07133,03359,0,0,0
07133,03360,0,0,0
07133,03361,0,0,0
07133,03401,0,0,0
07133,03402,0,0,0
07133,03403,0,0,0
07133,03404,0,0,0
07133,03405,0,0,0
07133,03451,0,0,0
07133,03452,0,0,0
07133,03453,0,0,0
07133,03454,0,0,0
07133,03455,0,0,0
07133,03456,0,0,0
07133,03457,0,0,0
07133,03458,0,0,0
07133,03459,0,0,0
07133,03460,0,0,0
07133,03461,0,0,0
07133,03462,0,0,0
07133,04011,21,0,21
07133,04012,0,0,0
07133,05111,73,12,61
07133,05112,11,11,0
07133,05113,32,13,19
07133,05114,35,24,11
07133,05116,12,12,0
07133,05117,13,0,13
07133,05119,12,0,12
07133,05120,0,0,0
07133,05122,0,0,0
07133,05124,10,0,10
07133,05154,45,17,28
07133,05158,46,13,33
07133,05162,30,15,15
07133,05166,19,19,0
07133,05170,13,13,0
07133,05314,56,16,40
07133,05315,137,24,113
07133,05316,0,0,0
07133,05334,10,0,10
07133,05358,0,0,0
07133,05362,59,33,26
07133,05366,0,0,0
07133,05370,0,0,0
07133,05374,25,13,12
07133,05378,11,0,11
07133,05382,48,20,28
07133,05512,0,0,0
07133,05513,0,0,0
07133,05515,0,0,0
07133,05554,0,0,0
07133,05558,0,0,0
07133,05562,0,0,0
07133,05566,22,22,0
07133,05570,0,0,0
07133,05711,0,0,0
07133,05754,34,0,34
07133,05758,0,0,0
07133,05762,0,0,0
07133,05766,10,10,0
07133,05770,0,0,0
07133,05774,0,0,0
07133,05911,20,0,20
07133,05913,15,0,15
07133,05914,0,0,0
07133,05915,0,0,0
07133,05916,0,0,0
07133,05954,0,0,0
07133,05958,0,0,0
07133,05962,0,0,0
07133,05966,0,0,0
07133,05970,13,0,13
07133,05974,13,13,0
07133,05978,48,11,37
07133,06411,113,17,96
07133,06412,1164,101,1063
07133,06413,78,35,43
07133,06414,1520,271,1249
07133,06431,90,28,62
07133,06432,86,35,51
07133,06433,667,124,543
07133,06434,82,15,67
07133,06435,117,30,87
07133,06436,394,77,317
07133,06437,10,0,10
07133,06438,220,38,182
07133,06439,400,162,238
07133,06440,47,19,28
07133,06531,39,16,23
07133,06532,29,13,16
07133,06533,45,20,25
07133,06534,42,0,42
07133,06535,0,0,0
07133,06611,18,0,18
07133,06631,11,0,11
07133,06632,0,0,0
07133,06633,0,0,0
07133,06634,0,0,0
07133,06635,0,0,0
07133,06636,0,0,0
07133,07111,330,58,272
07133,07131,26,16,10
07133,07132,28,10,18
07133,07133,0,0,0
07133,07134,3715,2000,1715
07133,07135,243,72,171
07133,07137,164,88,76
07133,07138,176,79,97
07133,07140,2788,1440,1348
07133,07141,85,59,26
07133,07143,87,43,44
07133,07211,144,22,122
07133,07231,181,85,96
07133,07232,46,27,19
07133,07233,33,20,13
07133,07235,58,32,26
07133,07311,56,17,39
07133,07312,328,106,222
07133,07313,0,0,0
07133,07314,123,34,89
07133,07315,4158,739,3419
07133,07316,22,10,12
07133,07317,0,0,0
07133,07318,35,11,24
07133,07319,239,92,147
07133,07320,16,0,16
07133,07331,3245,1815,1430
07133,07332,95,45,50
07133,07333,1791,1268,523
07133,07334,21,11,10
07133,07335,186,127,59
07133,07336,1507,1198,309
07133,07337,55,39,16
07133,07338,60,30,30
07133,07339,10301,3549,6752
07133,07340,24,24,0
07133,08111,183,10,173
07133,08115,40,12,28
07133,08116,45,12,33
07133,08117,12,0,12
07133,08118,25,0,25
07133,08119,19,0,19
07133,08121,17,0,17
07133,08125,28,10,18
07133,08126,14,0,14
07133,08127,0,0,0
07133,08128,0,0,0
07133,08135,0,0,0
07133,08136,0,0,0
07133,08211,0,0,0
07133,08212,45,0,45
07133,08215,52,18,34
07133,08216,0,0,0
07133,08221,26,10,16
07133,08222,188,39,149
07133,08225,0,0,0
07133,08226,110,45,65
07133,08231,0,0,0
07133,08235,0,0,0
07133,08236,0,0,0
07133,08237,0,0,0
07133,08311,0,0,0
07133,08315,11,11,0
07133,08316,0,0,0
07133,08317,47,10,37
07133,08325,0,0,0
07133,08326,12,12,0
07133,08327,0,0,0
07133,08335,0,0,0
07133,08336,0,0,0
07133,08337,0,0,0
07133,08415,0,0,0
07133,08416,0,0,0
07133,08417,0,0,0
07133,08421,0,0,0
07133,08425,0,0,0
07133,08426,23,13,10
07133,08435,0,0,0
07133,08436,13,0,13
07133,08437,0,0,0
07133,09161,0,0,0
07133,09162,98,20,78
07133,09163,0,0,0
07133,09171,0,0,0
07133,09172,0,0,0
07133,09173,11,11,0
07133,09174,0,0,0
07133,09175,0,0,0
07133,09176,0,0,0
07133,09177,0,0,0
07133,09178,0,0,0
07133,09179,0,0,0
07133,09180,0,0,0
07133,09181,0,0,0
07133,09182,0,0,0
07133,09183,0,0,0
07133,09184,47,0,47
07133,09185,0,0,0
07133,09186,0,0,0
07133,09187,0,0,0
07133,09188,0,0,0
07133,09189,0,0,0
07133,09190,0,0,0
07133,09261,0,0,0
07133,09262,0,0,0
07133,09263,0,0,0
07133,09271,0,0,0
07133,09272,0,0,0
07133,09273,0,0,0
07133,09274,0,0,0
07133,09275,0,0,0
07133,09276,0,0,0
07133,09277,0,0,0
07133,09278,0,0,0
07133,09279,0,0,0
07133,09361,0,0,0
07133,09362,0,0,0
07133,09363,0,0,0
07133,09371,0,0,0
07133,09372,0,0,0
07133,09373,0,0,0
07133,09374,0,0,0
07133,09375,0,0,0
07133,09376,0,0,0
07133,09377,0,0,0
07133,09461,0,0,0
07133,09462,0,0,0
07133,09463,0,0,0
07133,09464,0,0,0
07133,09471,106,0,106
07133,09472,0,0,0
07133,09473,0,0,0
07133,09474,0,0,0
07133,09475,11,0,11
07133,09476,0,0,0
07133,09477,0,0,0
07133,09478,0,0,0
07133,09479,0,0,0
07133,09561,0,0,0
07133,09562,0,0,0
07133,09563,0,0,0
07133,09564,30,0,30
07133,09565,0,0,0
07133,09571,0,0,0
07133,09572,0,0,0
07133,09573,0,0,0
07133,09574,0,0,0
07133,09575,0,0,0
07133,09576,0,0,0
07133,09577,0,0,0
07133,09661,15,0,15
07133,09662,0,0,0
07133,09663,0,0,0
07133,09671,19,0,19
07133,09672,0,0,0
07133,09673,0,0,0
07133,09674,0,0,0
07133,09675,0,0,0
07133,09676,11,0,11
07133,09677,0,0,0
07133,09678,0,0,0
07133,09679,0,0,0
07133,09761,0,0,0
07133,09762,0,0,0
07133,09763,0,0,0
07133,09764,0,0,0
07133,09771,0,0,0
07133,09772,0,0,0
07133,09773,0,0,0
07133,09774,0,0,0
07133,09775,0,0,0
07133,09776,0,0,0
07133,09777,0,0,0
07133,09778,0,0,0
07133,09779,0,0,0
07133,09780,0,0,0
07133,10041,140,48,92
07133,10042,15,15,0
07133,10043,59,48,11
07133,10044,46,26,20
07133,10045,58,22,36
07133,10046,82,53,29
07133,11000,157,57,100
07133,12051,0,0,0
07133,12052,0,0,0
07133,12053,0,0,0
07133,12054,0,0,0
07133,12060,0,0,0
07133,12061,0,0,0
07133,12062,0,0,0
07133,12063,0,0,0
07133,12064,16,16,0
07133,12065,0,0,0
07133,12066,0,0,0
07133,12067,0,0,0
07133,12068,0,0,0
07133,12069,0,0,0
07133,12070,0,0,0
07133,12071,0,0,0
07133,12072,0,0,0
07133,12073,0,0,0
07133,13003,0,0,0
07133,13004,0,0,0
07133,13071,0,0,0
07133,13072,0,0,0
07133,13073,0,0,0
07133,13074,0,0,0
07133,13075,0,0,0
07133,13076,0,0,0
07133,14511,0,0,0
07133,14521,0,0,0
07133,14522,10,10,0
07133,14523,0,0,0
07133,14524,0,0,0
07133,14612,0,0,0
07133,14625,14,14,0
07133,14626,0,0,0
07133,14627,0,0,0
07133,14628,0,0,0
07133,14713,17,17,0
07133,14729,0,0,0
07133,14730,0,0,0
07133,15001,0,0,0
07133,15002,0,0,0
07133,15003,0,0,0
07133,15081,21,21,0
07133,15082,0,0,0
07133,15083,0,0,0
07133,15084,0,0,0
07133,15085,0,0,0
07133,15086,0,0,0
07133,15087,0,0,0
07133,15088,10,10,0
07133,15089,0,0,0
07133,15090,0,0,0
07133,15091,0,0,0
07133,16051,0,0,0
07133,16052,0,0,0
07133,16053,0,0,0
07133,16054,0,0,0
07133,16055,0,0,0
07133,16056,0,0,0
07133,16061,0,0,0
07133,16062,0,0,0
07133,16063,0,0,0
07133,16064,30,30,0
07133,16065,0,0,0
07133,16066,0,0,0
07133,16067,15,15,0
07133,16068,0,0,0
07133,16069,0,0,0
07133,16070,0,0,0
07133,16071,0,0,0
07133,16072,0,0,0
07133,16073,0,0,0
07133,16074,0,0,0
07133,16075,0,0,0
07133,16076,0,0,0
07133,16077,0,0,0
07134,01001,0,0,0
07134,01002,0,0,0
07134,01003,0,0,0
07134,01004,27,0,27
07134,01051,0,0,0
07134,01053,0,0,0
07134,01054,0,0,0
07134,01055,0,0,0
07134,01056,0,0,0
07134,01057,0,0,0
07134,01058,0,0,0
07134,01059,0,0,0
07134,01060,0,0,0
07134,01061,0,0,0
07134,01062,0,0,0
07134,02000,53,30,23
07134,03101,0,0,0
07134,03102,0,0,0
07134,03103,0,0,0
07134,03151,0,0,0
07134,03153,0,0,0
07134,03154,0,0,0
07134,03155,0,0,0
07134,03157,0,0,0
07134,03158,0,0,0
07134,03159,0,0,0
07134,03241,36,14,22
07134,03251,0,0,0
07134,03252,0,0,0
07134,03254,0,0,0
07134,03255,0,0,0
07134,03256,0,0,0
07134,03257,0,0,0
07134,03351,0,0,0
07134,03352,0,0,0
07134,03353,0,0,0
07134,03354,0,0,0
07134,03355,0,0,0
07134,03356,0,0,0
07134,03357,0,0,0
07134,03358,0,0,0
07134,03359,0,0,0
07134,03360,0,0,0
07134,03361,0,0,0
07134,03401,0,0,0
07134,03402,0,0,0
07134,03403,0,0,0
07134,03404,0,0,0
07134,03405,0,0,0
07134,03451,0,0,0
07134,03452,0,0,0
07134,03453,0,0,0
07134,03454,0,0,0
07134,03455,0,0,0
07134,03456,0,0,0
07134,03457,0,0,0
07134,03458,0,0,0
07134,03459,0,0,0
07134,03460,0,0,0
07134,03461,0,0,0
07134,03462,0,0,0
07134,04011,0,0,0
07134,04012,0,0,0
07134,05111,30,0,30
07134,05112,0,0,0
07134,05113,10,0,10
07134,05114,0,0,0
07134,05116,0,0,0
07134,05117,0,0,0
07134,05119,0,0,0
07134,05120,0,0,0
07134,05122,0,0,0
07134,05124,0,0,0
07134,05154,0,0,0
07134,05158,0,0,0
07134,05162,0,0,0
07134,05166,0,0,0
07134,05170,0,0,0
07134,05314,11,0,11
07134,05315,69,29,40
07134,05316,0,0,0
07134,05334,0,0,0
07134,05358,11,0,11
07134,05362,21,0,21
07134,05366,0,0,0
07134,05370,0,0,0
07134,05374,0,0,0
07134,05378,0,0,0
07134,05382,12,0,12
07134,05512,0,0,0
07134,05513,0,0,0
07134,05515,14,14,0
07134,05554,0,0,0
07134,05558,0,0,0
07134,05562,0,0,0
07134,05566,0,0,0
07134,05570,0,0,0
07134,05711,0,0,0
07134,05754,13,0,13
07134,05758,0,0,0
07134,05762,0,0,0
07134,05766,0,0,0
07134,05770,0,0,0
07134,05774,0,0,0
07134,05911,0,0,0
07134,05913,0,0,0
07134,05914,0,0,0
07134,05915,0,0,0
07134,05916,0,0,0
07134,05954,0,0,0
07134,05958,0,0,0
07134,05962,0,0,0
07134,05966,0,0,0
07134,05970,0,0,0
07134,05974,0,0,0
07134,05978,0,0,0
07134,06411,19,0,19
07134,06412,154,24,130
07134,06413,0,0,0
07134,06414,90,25,65
07134,06431,10,0,10
07134,06432,14,14,0
07134,06433,64,0,64
07134,06434,35,10,25
07134,06435,109,17,92
07134,06436,40,13,27
07134,06437,0,0,0
07134,06438,50,14,36
07134,06439,25,14,11
07134,06440,0,0,0
07134,06531,0,0,0
07134,06532,0,0,0
07134,06533,13,0,13
07134,06534,0,0,0
07134,06535,0,0,0
07134,06611,0,0,0
07134,06631,0,0,0
07134,06632,0,0,0
07134,06633,0,0,0
07134,06634,0,0,0
07134,06635,0,0,0
07134,06636,0,0,0
07134,07111,80,11,69
07134,07131,0,0,0
07134,07132,0,0,0
07134,07133,3715,1715,2000
07134,07134,0,0,0
07134,07135,95,26,69
07134,07137,45,22,23
07134,07138,33,0,33
07134,07140,1411,382,1029
07134,07141,40,14,26
07134,07143,26,10,16
07134,07211,328,80,248
07134,07231,1727,525,1202
07134,07232,33,0,33
07134,07233,56,0,56
07134,07235,416,195,221
07134,07311,0,0,0
07134,07312,302,59,243
07134,07313,0,0,0
07134,07314,64,0,64
07134,07315,384,47,337
07134,07316,0,0,0
07134,07317,16,16,0
07134,07318,0,0,0
07134,07319,45,16,29
07134,07320,31,13,18
07134,07331,64,30,34
07134,07332,22,12,10
07134,07333,79,39,40
07134,07334,0,0,0
07134,07335,254,126,128
07134,07336,1199,900,299
07134,07337,0,0,0
07134,07338,11,0,11
07134,07339,209,67,142
07134,07340,58,44,14
07134,08111,17,0,17
07134,08115,12,0,12
07134,08116,0,0,0
07134,08117,0,0,0
07134,08118,0,0,0
07134,08119,0,0,0
07134,08121,0,0,0
07134,08125,10,10,0
07134,08126,12,0,12
07134,08127,0,0,0
07134,08128,0,0,0
07134,08135,0,0,0
07134,08136,0,0,0
07134,08211,0,0,0
07134,08212,19,0,19
07134,08215,0,0,0
07134,08216,0,0,0
07134,08221,0,0,0
07134,08222,37,0,37
07134,08225,0,0,0
07134,08226,20,0,20
07134,08231,0,0,0
07134,08235,0,0,0
07134,08236,0,0,0
07134,08237,0,0,0
07134,08311,0,0,0
07134,08315,0,0,0
07134,08316,0,0,0
07134,08317,0,0,0
07134,08325,0,0,0
07134,08326,0,0,0
07134,08327,0,0,0
07134,08335,0,0,0
07134,08336,0,0,0
07134,08337,0,0,0
07134,08415,0,0,0
07134,08416,0,0,0
07134,08417,0,0,0
07134,08421,0,0,0
07134,08425,24,0,24
07134,08426,0,0,0
07134,08435,0,0,0
07134,08436,0,0,0
07134,08437,0,0,0
07134,09161,0,0,0
07134,09162,63,34,29
07134,09163,0,0,0
07134,09171,0,0,0
07134,09172,0,0,0
07134,09173,0,0,0
07134,09174,0,0,0
07134,09175,0,0,0
07134,09176,0,0,0
07134,09177,0,0,0
07134,09178,0,0,0
07134,09179,0,0,0
07134,09180,0,0,0
07134,09181,0,0,0
07134,09182,0,0,0
07134,09183,11,11,0
07134,09184,35,0,35
07134,09185,0,0,0
07134,09186,0,0,0
07134,09187,0,0,0
07134,09188,0,0,0
07134,09189,0,0,0
07134,09190,0,0,0
07134,09261,0,0,0
07134,09262,0,0,0
07134,09263,0,0,0
07134,09271,0,0,0
07134,09272,0,0,0
07134,09273,0,0,0
07134,09274,0,0,0
07134,09275,0,0,0
07134,09276,0,0,0
07134,09277,0,0,0
07134,09278,0,0,0
07134,09279,0,0,0
07134,09361,0,0,0
07134,09362,0,0,0
07134,09363,0,0,0
07134,09371,0,0,0
07134,09372,0,0,0
07134,09373,0,0,0
07134,09374,0,0,0
07134,09375,0,0,0
07134,09376,0,0,0
07134,09377,0,0,0
07134,09461,0,0,0
07134,09462,0,0,0
07134,09463,0,0,0
07134,09464,0,0,0
07134,09471,0,0,0
07134,09472,0,0,0
07134,09473,0,0,0
07134,09474,0,0,0
07134,09475,0,0,0
07134,09476,0,0,0
07134,09477,0,0,0
07134,09478,0,0,0
07134,09479,0,0,0
07134,09561,0,0,0
07134,09562,0,0,0
07134,09563,0,0,0
07134,09564,18,0,18
07134,09565,0,0,0
07134,09571,0,0,0
07134,09572,0,0,0
07134,09573,0,0,0
07134,09574,0,0,0
07134,09575,0,0,0
07134,09576,0,0,0
07134,09577,0,0,0
07134,09661,0,0,0
07134,09662,0,0,0
07134,09663,0,0,0
07134,09671,0,0,0
07134,09672,0,0,0
07134,09673,0,0,0
07134,09674,0,0,0
07134,09675,0,0,0
07134,09676,0,0,0
07134,09677,0,0,0
07134,09678,0,0,0
07134,09679,0,0,0
07134,09761,0,0,0
07134,09762,0,0,0
07134,09763,18,18,0
07134,09764,0,0,0
07134,09771,0,0,0
07134,09772,0,0,0
07134,09773,0,0,0
07134,09774,0,0,0
07134,09775,0,0,0
07134,09776,0,0,0
07134,09777,47,47,0
07134,09778,0,0,0
07134,09779,0,0,0
07134,09780,21,21,0
07134,10041,404,146,258
07134,10042,188,71,117
07134,10043,309,132,177
07134,10044,146,71,75
07134,10045,162,62,100
07134,10046,2354,1067,1287
07134,11000,87,52,35
07134,12051,0,0,0
07134,12052,0,0,0
07134,12053,0,0,0
07134,12054,0,0,0
07134,12060,0,0,0
07134,12061,0,0,0
07134,12062,0,0,0
07134,12063,0,0,0
07134,12064,0,0,0
07134,12065,0,0,0
07134,12066,0,0,0
07134,12067,0,0,0
07134,12068,0,0,0
07134,12069,0,0,0
07134,12070,0,0,0
07134,12071,0,0,0
07134,12072,0,0,0
07134,12073,0,0,0
07134,13003,0,0,0
07134,13004,0,0,0
07134,13071,0,0,0
07134,13072,0,0,0
07134,13073,0,0,0
07134,13074,0,0,0
07134,13075,0,0,0
07134,13076,0,0,0
07134,14511,0,0,0
07134,14521,0,0,0
07134,14522,0,0,0
07134,14523,0,0,0
07134,14524,0,0,0
07134,14612,0,0,0
07134,14625,0,0,0
07134,14626,0,0,0
07134,14627,0,0,0
07134,14628,0,0,0
07134,14713,0,0,0
07134,14729,0,0,0
07134,14730,0,0,0
07134,15001,0,0,0
07134,15002,0,0,0
07134,15003,0,0,0
07134,15081,0,0,0
07134,15082,0,0,0
07134,15083,0,0,0
07134,15084,0,0,0
07134,15085,0,0,0
07134,15086,0,0,0
07134,15087,0,0,0
07134,15088,0,0,0
07134,15089,0,0,0
07134,15090,0,0,0
07134,15091,0,0,0
07134,16051,0,0,0
07134,16052,0,0,0
07134,16053,0,0,0
07134,16054,0,0,0
07134,16055,0,0,0
07134,16056,0,0,0
07134,16061,0,0,0
07134,16062,0,0,0
07134,16063,0,0,0
07134,16064,0,0,0
07134,16065,0,0,0
07134,16066,0,0,0
07134,16067,0,0,0
07134,16068,0,0,0
07134,16069,0,0,0
07134,16070,0,0,0
07134,16071,0,0,0
07134,16072,0,0,0
07134,16073,0,0,0
07134,16074,0,0,0
07134,16075,0,0,0
07134,16076,0,0,0
07134,16077,0,0,0
07135,01001,0,0,0
07135,01002,0,0,0
07135,01003,0,0,0
07135,01004,35,0,35
07135,01051,0,0,0
07135,01053,0,0,0
07135,01054,0,0,0
07135,01055,0,0,0
07135,01056,0,0,0
07135,01057,0,0,0
07135,01058,0,0,0
07135,01059,0,0,0
07135,01060,0,0,0
07135,01061,0,0,0
07135,01062,0,0,0
07135,02000,18,0,18
07135,03101,0,0,0
07135,03102,0,0,0
07135,03103,0,0,0
07135,03151,0,0,0
07135,03153,0,0,0
07135,03154,0,0,0
07135,03155,0,0,0
07135,03157,0,0,0
07135,03158,0,0,0
07135,03159,0,0,0
07135,03241,0,0,0
07135,03251,0,0,0
07135,03252,0,0,0
07135,03254,0,0,0
07135,03255,0,0,0
07135,03256,0,0,0
07135,03257,0,0,0
07135,03351,0,0,0
07135,03352,0,0,0
07135,03353,0,0,0
07135,03354,0,0,0
07135,03355,0,0,0
07135,03356,0,0,0
07135,03357,0,0,0
07135,03358,0,0,0
07135,03359,0,0,0
07135,03360,0,0,0
07135,03361,0,0,0
07135,03401,0,0,0
07135,03402,0,0,0
07135,03403,0,0,0
07135,03404,11,0,11
07135,03405,0,0,0
07135,03451,0,0,0
07135,03452,0,0,0
07135,03453,0,0,0
07135,03454,0,0,0
07135,03455,0,0,0
07135,03456,0,0,0
07135,03457,0,0,0
07135,03458,0,0,0
07135,03459,0,0,0
07135,03460,0,0,0
07135,03461,0,0,0
07135,03462,0,0,0
07135,04011,13,0,13
07135,04012,0,0,0
07135,05111,90,0,90
07135,05112,0,0,0
07135,05113,21,0,21
07135,05114,0,0,0
07135,05116,0,0,0
07135,05117,0,0,0
07135,05119,0,0,0
07135,05120,0,0,0
07135,05122,0,0,0
07135,05124,0,0,0
07135,05154,0,0,0
07135,05158,11,0,11
07135,05162,11,0,11
07135,05166,0,0,0
07135,05170,0,0,0
07135,05314,83,0,83
07135,05315,140,22,118
07135,05316,0,0,0
07135,05334,28,0,28
07135,05358,0,0,0
07135,05362,45,15,30
07135,05366,33,13,20
07135,05370,0,0,0
07135,05374,10,0,10
07135,05378,13,13,0
07135,05382,61,14,47
07135,05512,0,0,0
07135,05513,0,0,0
07135,05515,0,0,0
07135,05554,0,0,0
07135,05558,0,0,0
07135,05562,0,0,0
07135,05566,0,0,0
07135,05570,0,0,0
07135,05711,0,0,0
07135,05754,0,0,0
07135,05758,0,0,0
07135,05762,0,0,0
07135,05766,0,0,0
07135,05770,0,0,0
07135,05774,0,0,0
07135,05911,0,0,0
07135,05913,0,0,0
07135,05914,0,0,0
07135,05915,0,0,0
07135,05916,0,0,0
07135,05954,0,0,0
07135,05958,0,0,0
07135,05962,0,0,0
07135,05966,0,0,0
07135,05970,0,0,0
07135,05974,0,0,0
07135,05978,0,0,0
07135,06411,10,10,0
07135,06412,132,13,119
07135,06413,0,0,0
07135,06414,44,16,28
07135,06431,10,0,10
07135,06432,30,19,11
07135,06433,22,0,22
07135,06434,11,0,11
07135,06435,21,0,21
07135,06436,11,0,11
07135,06437,0,0,0
07135,06438,55,0,55
07135,06439,0,0,0
07135,06440,0,0,0
07135,06531,0,0,0
07135,06532,0,0,0
07135,06533,130,0,130
07135,06534,0,0,0
07135,06535,0,0,0
07135,06611,0,0,0
07135,06631,0,0,0
07135,06632,0,0,0
07135,06633,0,0,0
07135,06634,0,0,0
07135,06635,0,0,0
07135,06636,0,0,0
07135,07111,1720,174,1546
07135,07131,311,141,170
07135,07132,31,21,10
07135,07133,243,171,72
07135,07134,95,69,26
07135,07135,0,0,0
07135,07137,4380,1571,2809
07135,07138,298,135,163
07135,07140,2086,822,1264
07135,07141,132,50,82
07135,07143,234,73,161
07135,07211,476,245,231
07135,07231,2088,993,1095
07135,07232,129,62,67
07135,07233,1655,887,768
07135,07235,140,94,46
07135,07311,0,0,0
07135,07312,0,0,0
07135,07313,0,0,0
07135,07314,0,0,0
07135,07315,73,13,60
07135,07316,0,0,0
07135,07317,0,0,0
07135,07318,0,0,0
07135,07319,0,0,0
07135,07320,0,0,0
07135,07331,22,10,12
07135,07332,0,0,0
07135,07333,0,0,0
07135,07334,0,0,0
07135,07335,0,0,0
07135,07336,20,20,0
07135,07337,13,13,0
07135,07338,0,0,0
07135,07339,72,34,38
07135,07340,0,0,0
07135,08111,14,0,14
07135,08115,0,0,0
07135,08116,0,0,0
07135,08117,0,0,0
07135,08118,0,0,0
07135,08119,0,0,0
07135,08121,0,0,0
07135,08125,0,0,0
07135,08126,0,0,0
07135,08127,0,0,0
07135,08128,0,0,0
07135,08135,0,0,0
07135,08136,0,0,0
07135,08211,0,0,0
07135,08212,13,0,13
07135,08215,0,0,0
07135,08216,0,0,0
07135,08221,0,0,0
07135,08222,12,0,12
07135,08225,0,0,0
07135,08226,15,0,15
07135,08231,0,0,0
07135,08235,0,0,0
07135,08236,0,0,0
07135,08237,0,0,0
07135,08311,0,0,0
07135,08315,0,0,0
07135,08316,0,0,0
07135,08317,15,0,15
07135,08325,0,0,0
07135,08326,0,0,0
07135,08327,0,0,0
07135,08335,0,0,0
07135,08336,0,0,0
07135,08337,0,0,0
07135,08415,0,0,0
07135,08416,0,0,0
07135,08417,0,0,0
07135,08421,0,0,0
07135,08425,0,0,0
07135,08426,0,0,0
07135,08435,0,0,0
07135,08436,0,0,0
07135,08437,0,0,0
07135,09161,0,0,0
07135,09162,30,0,30
07135,09163,0,0,0
07135,09171,0,0,0
07135,09172,0,0,0
07135,09173,0,0,0
07135,09174,0,0,0
07135,09175,0,0,0
07135,09176,0,0,0
07135,09177,0,0,0
07135,09178,0,0,0
07135,09179,0,0,0
07135,09180,0,0,0
07135,09181,0,0,0
07135,09182,0,0,0
07135,09183,0,0,0
07135,09184,12,0,12
07135,09185,0,0,0
07135,09186,0,0,0
07135,09187,0,0,0
07135,09188,0,0,0
07135,09189,0,0,0
07135,09190,0,0,0
07135,09261,0,0,0
07135,09262,0,0,0
07135,09263,0,0,0
07135,09271,0,0,0
07135,09272,0,0,0
07135,09273,0,0,0
07135,09274,0,0,0
07135,09275,0,0,0
07135,09276,0,0,0
07135,09277,0,0,0
07135,09278,0,0,0
07135,09279,0,0,0
07135,09361,0,0,0
07135,09362,0,0,0
07135,09363,0,0,0
07135,09371,0,0,0
07135,09372,0,0,0
07135,09373,0,0,0
07135,09374,0,0,0
07135,09375,0,0,0
07135,09376,0,0,0
07135,09377,0,0,0
07135,09461,0,0,0
07135,09462,0,0,0
07135,09463,0,0,0
07135,09464,0,0,0
07135,09471,0,0,0
07135,09472,0,0,0
07135,09473,0,0,0
07135,09474,0,0,0
07135,09475,0,0,0
07135,09476,0,0,0
07135,09477,0,0,0
07135,09478,0,0,0
07135,09479,0,0,0
07135,09561,0,0,0
07135,09562,0,0,0
07135,09563,0,0,0
07135,09564,0,0,0
07135,09565,0,0,0
07135,09571,0,0,0
07135,09572,0,0,0
07135,09573,0,0,0
07135,09574,0,0,0
07135,09575,0,0,0
07135,09576,0,0,0
07135,09577,0,0,0
07135,09661,0,0,0
07135,09662,0,0,0
07135,09663,0,0,0
07135,09671,10,10,0
07135,09672,0,0,0
07135,09673,0,0,0
07135,09674,0,0,0
07135,09675,0,0,0
07135,09676,0,0,0
07135,09677,0,0,0
07135,09678,0,0,0
07135,09679,0,0,0
07135,09761,0,0,0
07135,09762,0,0,0
07135,09763,0,0,0
07135,09764,0,0,0
07135,09771,0,0,0
07135,09772,0,0,0
07135,09773,0,0,0
07135,09774,0,0,0
07135,09775,0,0,0
07135,09776,0,0,0
07135,09777,0,0,0
07135,09778,0,0,0
07135,09779,0,0,0
07135,09780,0,0,0
07135,10041,68,34,34
07135,10042,18,18,0
07135,10043,62,62,0
07135,10044,21,11,10
07135,10045,0,0,0
07135,10046,0,0,0
07135,11000,104,0,104
07135,12051,0,0,0
07135,12052,0,0,0
07135,12053,0,0,0
07135,12054,0,0,0
07135,12060,0,0,0
07135,12061,0,0,0
07135,12062,0,0,0
07135,12063,0,0,0
07135,12064,0,0,0
07135,12065,0,0,0
07135,12066,0,0,0
07135,12067,0,0,0
07135,12068,0,0,0
07135,12069,0,0,0
07135,12070,0,0,0
07135,12071,0,0,0
07135,12072,0,0,0
07135,12073,0,0,0
07135,13003,0,0,0
07135,13004,0,0,0
07135,13071,0,0,0
07135,13072,0,0,0
07135,13073,0,0,0
07135,13074,0,0,0
07135,13075,0,0,0
07135,13076,0,0,0
07135,14511,0,0,0
07135,14521,0,0,0
07135,14522,0,0,0
07135,14523,0,0,0
07135,14524,0,0,0
07135,14612,0,0,0
07135,14625,0,0,0
07135,14626,0,0,0
07135,14627,0,0,0
07135,14628,0,0,0
07135,14713,0,0,0
07135,14729,0,0,0
07135,14730,0,0,0
07135,15001,0,0,0
07135,15002,0,0,0
07135,15003,0,0,0
07135,15081,0,0,0
07135,15082,0,0,0
07135,15083,0,0,0
07135,15084,13,0,13
07135,15085,0,0,0
07135,15086,0,0,0
07135,15087,0,0,0
07135,15088,0,0,0
07135,15089,0,0,0
07135,15090,0,0,0
07135,15091,0,0,0
07135,16051,0,0,0
07135,16052,0,0,0
07135,16053,0,0,0
07135,16054,0,0,0
07135,16055,0,0,0
07135,16056,0,0,0
07135,16061,0,0,0
07135,16062,0,0,0
07135,16063,0,0,0
07135,16064,0,0,0
07135,16065,0,0,0
07135,16066,0,0,0
07135,16067,0,0,0
07135,16068,0,0,0
07135,16069,0,0,0
07135,16070,0,0,0
07135,16071,0,0,0
07135,16072,0,0,0
07135,16073,0,0,0
07135,16074,0,0,0
07135,16075,0,0,0
07135,16076,0,0,0
07135,16077,0,0,0
07137,01001,0,0,0
07137,01002,0,0,0
07137,01003,0,0,0
07137,01004,21,0,21
07137,01051,0,0,0
07137,01053,0,0,0
07137,01054,0,0,0
07137,01055,0,0,0
07137,01056,0,0,0
07137,01057,0,0,0
07137,01058,0,0,0
07137,01059,13,0,13
07137,01060,10,0,10
07137,01061,0,0,0
07137,01062,68,0,68
07137,02000,148,37,111
07137,03101,0,0,0
07137,03102,0,0,0
07137,03103,0,0,0
07137,03151,0,0,0
07137,03153,0,0,0
07137,03154,0,0,0
07137,03155,0,0,0
07137,03157,0,0,0
07137,03158,0,0,0
07137,03159,12,12,0
07137,03241,57,21,36
07137,03251,0,0,0
07137,03252,0,0,0
07137,03254,11,0,11
07137,03255,0,0,0
07137,03256,0,0,0
07137,03257,0,0,0
07137,03351,0,0,0
07137,03352,0,0,0
07137,03353,18,0,18
07137,03354,0,0,0
07137,03355,0,0,0
07137,03356,0,0,0
07137,03357,0,0,0
07137,03358,0,0,0
07137,03359,16,16,0
07137,03360,0,0,0
07137,03361,0,0,0
07137,03401,0,0,0
07137,03402,0,0,0
07137,03403,0,0,0
07137,03404,25,0,25
07137,03405,0,0,0
07137,03451,0,0,0
07137,03452,0,0,0
07137,03453,0,0,0
07137,03454,28,11,17
07137,03455,0,0,0
07137,03456,0,0,0
07137,03457,0,0,0
07137,03458,0,0,0
07137,03459,12,0,12
07137,03460,0,0,0
07137,03461,22,0,22
07137,03462,0,0,0
07137,04011,44,13,31
07137,04012,0,0,0
07137,05111,237,52,185
07137,05112,68,19,49
07137,05113,70,17,53
07137,05114,18,0,18
07137,05116,31,16,15
07137,05117,12,0,12
07137,05119,20,0,20
07137,05120,0,0,0
07137,05122,24,12,12
07137,05124,47,23,24
07137,05154,29,0,29
07137,05158,93,28,65
07137,05162,99,32,67
07137,05166,39,15,24
07137,05170,44,14,30
07137,05314,1276,269,1007
07137,05315,863,191,672
07137,05316,37,19,18
07137,05334,116,49,67
07137,05358,84,31,53
07137,05362,247,98,149
07137,05366,142,70,72
07137,05370,35,17,18
07137,05374,44,12,32
07137,05378,56,23,33
07137,05382,692,318,374
07137,05512,0,0,0
07137,05513,20,10,10
07137,05515,45,10,35
07137,05554,0,0,0
07137,05558,0,0,0
07137,05562,30,30,0
07137,05566,22,22,0
07137,05570,23,23,0
07137,05711,11,0,11
07137,05754,29,0,29
07137,05758,0,0,0
07137,05762,0,0,0
07137,05766,10,0,10
07137,05770,27,0,27
07137,05774,17,17,0
07137,05911,44,12,32
07137,05913,48,17,31
07137,05914,0,0,0
07137,05915,0,0,0
07137,05916,13,13,0
07137,05954,28,15,13
07137,05958,0,0,0
07137,05962,26,16,10
07137,05966,22,10,12
07137,05970,55,19,36
07137,05974,15,15,0
07137,05978,29,11,18
07137,06411,19,0,19
07137,06412,467,44,423
07137,06413,31,20,11
07137,06414,138,30,108
07137,06431,31,14,17
07137,06432,25,10,15
07137,06433,115,26,89
07137,06434,39,0,39
07137,06435,40,12,28
07137,06436,109,22,87
07137,06437,0,0,0
07137,06438,124,24,100
07137,06439,80,38,42
07137,06440,47,18,29
07137,06531,59,24,35
07137,06532,81,40,41
07137,06533,324,146,178
07137,06534,160,150,10
07137,06535,0,0,0
07137,06611,0,0,0
07137,06631,0,0,0
07137,06632,0,0,0
07137,06633,0,0,0
07137,06634,11,11,0
07137,06635,0,0,0
07137,06636,0,0,0
07137,07111,25132,5444,19688
07137,07131,6504,3443,3061
07137,07132,429,282,147
07137,07133,164,76,88
07137,07134,45,23,22
07137,07135,4380,2809,1571
07137,07137,0,0,0
07137,07138,12480,6426,6054
07137,07140,2426,1125,1301
07137,07141,2750,1535,1215
07137,07143,4093,2264,1829
07137,07211,289,68,221
07137,07231,263,157,106
07137,07232,100,25,75
07137,07233,897,543,354
07137,07235,98,66,32
07137,07311,25,0,25
07137,07312,28,14,14
07137,07313,0,0,0
07137,07314,62,29,33
07137,07315,332,44,288
07137,07316,12,0,12
07137,07317,14,0,14
07137,07318,35,0,35
07137,07319,24,11,13
07137,07320,0,0,0
07137,07331,63,32,31
07137,07332,29,29,0
07137,07333,32,20,12
07137,07334,0,0,0
07137,07335,22,22,0
07137,07336,0,0,0
07137,07337,10,10,0
07137,07338,33,22,11
07137,07339,114,48,66
07137,07340,0,0,0
07137,08111,66,15,51
07137,08115,20,0,20
07137,08116,36,11,25
07137,08117,0,0,0
07137,08118,49,13,36
07137,08119,11,0,11
07137,08121,0,0,0
07137,08125,37,18,19
07137,08126,24,0,24
07137,08127,0,0,0
07137,08128,13,0,13
07137,08135,0,0,0
07137,08136,0,0,0
07137,08211,0,0,0
07137,08212,19,0,19
07137,08215,26,14,12
07137,08216,0,0,0
07137,08221,20,0,20
07137,08222,81,35,46
07137,08225,0,0,0
07137,08226,76,27,49
07137,08231,0,0,0
07137,08235,0,0,0
07137,08236,0,0,0
07137,08237,0,0,0
07137,08311,0,0,0
07137,08315,0,0,0
07137,08316,0,0,0
07137,08317,55,34,21
07137,08325,0,0,0
07137,08326,13,0,13
07137,08327,0,0,0
07137,08335,14,0,14
07137,08336,12,0,12
07137,08337,0,0,0
07137,08415,0,0,0
07137,08416,0,0,0
07137,08417,0,0,0
07137,08421,17,0,17
07137,08425,0,0,0
07137,08426,0,0,0
07137,08435,0,0,0
07137,08436,10,0,10
07137,08437,0,0,0
07137,09161,0,0,0
07137,09162,158,43,115
07137,09163,0,0,0
07137,09171,0,0,0
07137,09172,0,0,0
07137,09173,0,0,0
07137,09174,0,0,0
07137,09175,0,0,0
07137,09176,0,0,0
07137,09177,0,0,0
07137,09178,12,0,12
07137,09179,0,0,0
07137,09180,0,0,0
07137,09181,0,0,0
07137,09182,0,0,0
07137,09183,0,0,0
07137,09184,53,0,53
07137,09185,0,0,0
07137,09186,0,0,0
07137,09187,0,0,0
07137,09188,0,0,0
07137,09189,0,0,0
07137,09190,0,0,0
07137,09261,0,0,0
07137,09262,0,0,0
07137,09263,0,0,0
07137,09271,0,0,0
07137,09272,0,0,0
07137,09273,0,0,0
07137,09274,0,0,0
07137,09275,0,0,0
07137,09276,0,0,0
07137,09277,0,0,0
07137,09278,0,0,0
07137,09279,0,0,0
07137,09361,0,0,0
07137,09362,0,0,0
07137,09363,0,0,0
07137,09371,0,0,0
07137,09372,0,0,0
07137,09373,0,0,0
07137,09374,0,0,0
07137,09375,0,0,0
07137,09376,18,18,0
07137,09377,0,0,0
07137,09461,0,0,0
07137,09462,0,0,0
07137,09463,0,0,0
07137,09464,0,0,0
07137,09471,0,0,0
07137,09472,0,0,0
07137,09473,0,0,0
07137,09474,0,0,0
07137,09475,0,0,0
07137,09476,0,0,0
07137,09477,0,0,0
07137,09478,0,0,0
07137,09479,0,0,0
07137,09561,0,0,0
07137,09562,0,0,0
07137,09563,0,0,0
07137,09564,33,0,33
07137,09565,0,0,0
07137,09571,0,0,0
07137,09572,0,0,0
07137,09573,0,0,0
07137,09574,0,0,0
07137,09575,0,0,0
07137,09576,0,0,0
07137,09577,0,0,0
07137,09661,0,0,0
07137,09662,0,0,0
07137,09663,0,0,0
07137,09671,28,10,18
07137,09672,0,0,0
07137,09673,0,0,0
07137,09674,0,0,0
07137,09675,10,0,10
07137,09676,0,0,0
07137,09677,0,0,0
07137,09678,0,0,0
07137,09679,11,0,11
07137,09761,21,10,11
07137,09762,0,0,0
07137,09763,0,0,0
07137,09764,0,0,0
07137,09771,0,0,0
07137,09772,18,0,18
07137,09773,0,0,0
07137,09774,0,0,0
07137,09775,0,0,0
07137,09776,0,0,0
07137,09777,0,0,0
07137,09778,0,0,0
07137,09779,0,0,0
07137,09780,13,0,13
07137,10041,101,16,85
07137,10042,0,0,0
07137,10043,0,0,0
07137,10044,16,0,16
07137,10045,46,15,31
07137,10046,0,0,0
07137,11000,242,70,172
07137,12051,0,0,0
07137,12052,0,0,0
07137,12053,0,0,0
07137,12054,0,0,0
07137,12060,0,0,0
07137,12061,0,0,0
07137,12062,10,0,10
07137,12063,0,0,0
07137,12064,0,0,0
07137,12065,0,0,0
07137,12066,0,0,0
07137,12067,16,0,16
07137,12068,0,0,0
07137,12069,0,0,0
07137,12070,0,0,0
07137,12071,0,0,0
07137,12072,0,0,0
07137,12073,0,0,0
07137,13003,0,0,0
07137,13004,0,0,0
07137,13071,0,0,0
07137,13072,0,0,0
07137,13073,0,0,0
07137,13074,22,22,0
07137,13075,39,39,0
07137,13076,11,11,0
07137,14511,0,0,0
07137,14521,0,0,0
07137,14522,0,0,0
07137,14523,0,0,0
07137,14524,10,10,0
07137,14612,13,0,13
07137,14625,0,0,0
07137,14626,0,0,0
07137,14627,0,0,0
07137,14628,0,0,0
07137,14713,20,20,0
07137,14729,0,0,0
07137,14730,0,0,0
07137,15001,0,0,0
07137,15002,0,0,0
07137,15003,0,0,0
07137,15081,0,0,0
07137,15082,0,0,0
07137,15083,0,0,0
07137,15084,13,13,0
07137,15085,0,0,0
07137,15086,0,0,0
07137,15087,0,0,0
07137,15088,22,12,10
07137,15089,0,0,0
07137,15090,0,0,0
07137,15091,0,0,0
07137,16051,0,0,0
07137,16052,0,0,0
07137,16053,0,0,0
07137,16054,0,0,0
07137,16055,0,0,0
07137,16056,0,0,0
07137,16061,0,0,0
07137,16062,0,0,0
07137,16063,0,0,0
07137,16064,0,0,0
07137,16065,0,0,0
07137,16066,0,0,0
07137,16067,0,0,0
07137,16068,0,0,0
07137,16069,0,0,0
07137,16070,0,0,0
07137,16071,0,0,0
07137,16072,0,0,0
07137,16073,0,0,0
07137,16074,23,23,0
07137,16075,0,0,0
07137,16076,0,0,0
07137,16077,0,0,0
07138,01001,0,0,0
07138,01002,10,10,0
07138,01003,16,16,0
07138,01004,10,0,10
07138,01051,0,0,0
07138,01053,0,0,0
07138,01054,0,0,0
07138,01055,10,10,0
07138,01056,0,0,0
07138,01057,0,0,0
07138,01058,0,0,0
07138,01059,0,0,0
07138,01060,10,10,0
07138,01061,0,0,0
07138,01062,44,0,44
07138,02000,129,44,85
07138,03101,0,0,0
07138,03102,0,0,0
07138,03103,0,0,0
07138,03151,0,0,0
07138,03153,0,0,0
07138,03154,0,0,0
07138,03155,0,0,0
07138,03157,0,0,0
07138,03158,0,0,0
07138,03159,0,0,0
07138,03241,68,37,31
07138,03251,0,0,0
07138,03252,0,0,0
07138,03254,22,11,11
07138,03255,0,0,0
07138,03256,0,0,0
07138,03257,0,0,0
07138,03351,0,0,0
07138,03352,0,0,0
07138,03353,10,0,10
07138,03354,0,0,0
07138,03355,0,0,0
07138,03356,0,0,0
07138,03357,0,0,0
07138,03358,0,0,0
07138,03359,0,0,0
07138,03360,0,0,0
07138,03361,0,0,0
07138,03401,0,0,0
07138,03402,0,0,0
07138,03403,0,0,0
07138,03404,0,0,0
07138,03405,0,0,0
07138,03451,0,0,0
07138,03452,0,0,0
07138,03453,0,0,0
07138,03454,28,17,11
07138,03455,0,0,0
07138,03456,0,0,0
07138,03457,0,0,0
07138,03458,0,0,0
07138,03459,33,12,21
07138,03460,0,0,0
07138,03461,0,0,0
07138,03462,0,0,0
07138,04011,11,0,11
07138,04012,0,0,0
07138,05111,287,52,235
07138,05112,106,56,50
07138,05113,109,38,71
07138,05114,32,17,15
07138,05116,35,15,20
07138,05117,15,0,15
07138,05119,26,15,11
07138,05120,25,10,15
07138,05122,30,17,13
07138,05124,71,28,43
07138,05154,28,18,10
07138,05158,123,45,78
07138,05162,127,51,76
07138,05166,76,37,39
07138,05170,55,30,25
07138,05314,4673,801,3872
07138,05315,2112,473,1639
07138,05316,109,42,67
07138,05334,99,45,54
07138,05358,147,40,107
07138,05362,390,139,251
07138,05366,126,56,70
07138,05370,28,18,10
07138,05374,184,120,64
07138,05378,206,106,100
07138,05382,8776,3501,5275
07138,05512,0,0,0
07138,05513,32,19,13
07138,05515,24,11,13
07138,05554,27,14,13
07138,05558,12,12,0
07138,05562,61,32,29
07138,05566,37,18,19
07138,05570,12,12,0
07138,05711,29,11,18
07138,05754,27,0,27
07138,05758,11,11,0
07138,05762,0,0,0
07138,05766,25,13,12
07138,05770,25,10,15
07138,05774,0,0,0
07138,05911,61,27,34
07138,05913,73,44,29
07138,05914,11,0,11
07138,05915,0,0,0
07138,05916,0,0,0
07138,05954,35,23,12
07138,05958,57,43,14
07138,05962,56,35,21
07138,05966,46,24,22
07138,05970,126,38,88
07138,05974,13,13,0
07138,05978,36,17,19
07138,06411,18,0,18
07138,06412,298,28,270
07138,06413,14,0,14
07138,06414,98,37,61
07138,06431,23,11,12
07138,06432,28,13,15
07138,06433,88,11,77
07138,06434,54,12,42
07138,06435,43,18,25
07138,06436,74,13,61
07138,06437,0,0,0
07138,06438,76,16,60
07138,06439,55,32,23
07138,06440,31,13,18
07138,06531,49,19,30
07138,06532,76,41,35
07138,06533,430,161,269
07138,06534,15,15,0
07138,06535,0,0,0
07138,06611,0,0,0
07138,06631,0,0,0
07138,06632,0,0,0
07138,06633,11,11,0
07138,06634,0,0,0
07138,06635,0,0,0
07138,06636,0,0,0
07138,07111,6926,1907,5019
07138,07131,2024,1123,901
07138,07132,4450,2591,1859
07138,07133,176,97,79
07138,07134,33,33,0
07138,07135,298,163,135
07138,07137,12480,6054,6426
07138,07138,0,0,0
07138,07140,455,257,198
07138,07141,1059,649,410
07138,07143,6054,3185,2869
07138,07211,111,31,80
07138,07231,66,43,23
07138,07232,104,90,14
07138,07233,96,84,12
07138,07235,51,37,14
07138,07311,0,0,0
07138,07312,12,0,12
07138,07313,0,0,0
07138,07314,34,15,19
07138,07315,188,24,164
07138,07316,74,52,22
07138,07317,0,0,0
07138,07318,0,0,0
07138,07319,0,0,0
07138,07320,14,14,0
07138,07331,11,11,0
07138,07332,25,25,0
07138,07333,14,14,0
07138,07334,12,12,0
07138,07335,13,13,0
07138,07336,19,19,0
07138,07337,43,43,0
07138,07338,16,16,0
07138,07339,82,55,27
07138,07340,24,24,0
07138,08111,54,19,35
07138,08115,0,0,0
07138,08116,34,17,17
07138,08117,10,0,10
07138,08118,58,22,36
07138,08119,10,10,0
07138,08121,10,0,10
07138,08125,30,16,14
07138,08126,25,0,25
07138,08127,0,0,0
07138,08128,0,0,0
07138,08135,11,0,11
07138,08136,10,10,0
07138,08211,0,0,0
07138,08212,17,0,17
07138,08215,29,12,17
07138,08216,0,0,0
07138,08221,14,0,14
07138,08222,58,18,40
07138,08225,10,0,10
07138,08226,46,23,23
07138,08231,0,0,0
07138,08235,0,0,0
07138,08236,0,0,0
07138,08237,0,0,0
07138,08311,11,0,11
07138,08315,10,10,0
07138,08316,0,0,0
07138,08317,53,16,37
07138,08325,0,0,0
07138,08326,0,0,0
07138,08327,0,0,0
07138,08335,0,0,0
07138,08336,0,0,0
07138,08337,0,0,0
07138,08415,12,0,12
07138,08416,0,0,0
07138,08417,0,0,0
07138,08421,13,0,13
07138,08425,0,0,0
07138,08426,0,0,0
07138,08435,0,0,0
07138,08436,10,10,0
07138,08437,0,0,0
07138,09161,0,0,0
07138,09162,178,67,111
07138,09163,0,0,0
07138,09171,0,0,0
07138,09172,0,0,0
07138,09173,0,0,0
07138,09174,0,0,0
07138,09175,0,0,0
07138,09176,0,0,0
07138,09177,0,0,0
07138,09178,13,0,13
07138,09179,0,0,0
07138,09180,0,0,0
07138,09181,0,0,0
07138,09182,0,0,0
07138,09183,0,0,0
07138,09184,38,0,38
07138,09185,0,0,0
07138,09186,0,0,0
07138,09187,0,0,0
07138,09188,0,0,0
07138,09189,0,0,0
07138,09190,0,0,0
07138,09261,0,0,0
07138,09262,0,0,0
07138,09263,0,0,0
07138,09271,0,0,0
07138,09272,0,0,0
07138,09273,0,0,0
07138,09274,0,0,0
07138,09275,0,0,0
07138,09276,0,0,0
07138,09277,0,0,0
07138,09278,0,0,0
07138,09279,0,0,0
07138,09361,0,0,0
07138,09362,11,11,0
07138,09363,0,0,0
07138,09371,0,0,0
07138,09372,0,0,0
07138,09373,0,0,0
07138,09374,0,0,0
07138,09375,0,0,0
07138,09376,0,0,0
07138,09377,0,0,0
07138,09461,0,0,0
07138,09462,0,0,0
07138,09463,0,0,0
07138,09464,0,0,0
07138,09471,0,0,0
07138,09472,0,0,0
07138,09473,0,0,0
07138,09474,0,0,0
07138,09475,0,0,0
07138,09476,0,0,0
07138,09477,0,0,0
07138,09478,0,0,0
07138,09479,0,0,0
07138,09561,0,0,0
07138,09562,0,0,0
07138,09563,0,0,0
07138,09564,48,13,35
07138,09565,0,0,0
07138,09571,0,0,0
07138,09572,0,0,0
07138,09573,0,0,0
07138,09574,0,0,0
07138,09575,0,0,0
07138,09576,0,0,0
07138,09577,0,0,0
07138,09661,0,0,0
07138,09662,0,0,0
07138,09663,0,0,0
07138,09671,13,0,13
07138,09672,0,0,0
07138,09673,0,0,0
07138,09674,0,0,0
07138,09675,0,0,0
07138,09676,0,0,0
07138,09677,0,0,0
07138,09678,0,0,0
07138,09679,0,0,0
07138,09761,0,0,0
07138,09762,0,0,0
07138,09763,0,0,0
07138,09764,0,0,0
07138,09771,0,0,0
07138,09772,26,13,13
07138,09773,0,0,0
07138,09774,0,0,0
07138,09775,0,0,0
07138,09776,0,0,0
07138,09777,0,0,0
07138,09778,0,0,0
07138,09779,0,0,0
07138,09780,53,10,43
07138,10041,95,64,31
07138,10042,18,18,0
07138,10043,113,113,0
07138,10044,93,93,0
07138,10045,33,33,0
07138,10046,86,86,0
07138,11000,208,83,125
07138,12051,0,0,0
07138,12052,0,0,0
07138,12053,0,0,0
07138,12054,10,0,10
07138,12060,0,0,0
07138,12061,0,0,0
07138,12062,0,0,0
07138,12063,0,0,0
07138,12064,0,0,0
07138,12065,0,0,0
07138,12066,0,0,0
07138,12067,0,0,0
07138,12068,0,0,0
07138,12069,0,0,0
07138,12070,0,0,0
07138,12071,0,0,0
07138,12072,0,0,0
07138,12073,0,0,0
07138,13003,0,0,0
07138,13004,0,0,0
07138,13071,0,0,0
07138,13072,0,0,0
07138,13073,0,0,0
07138,13074,0,0,0
07138,13075,0,0,0
07138,13076,0,0,0
07138,14511,0,0,0
07138,14521,0,0,0
07138,14522,0,0,0
07138,14523,0,0,0
07138,14524,10,10,0
07138,14612,11,11,0
07138,14625,12,12,0
07138,14626,0,0,0
07138,14627,0,0,0
07138,14628,0,0,0
07138,14713,12,12,0
07138,14729,11,11,0
07138,14730,0,0,0
07138,15001,0,0,0
07138,15002,0,0,0
07138,15003,0,0,0
07138,15081,0,0,0
07138,15082,0,0,0
07138,15083,0,0,0
07138,15084,0,0,0
07138,15085,0,0,0
07138,15086,0,0,0
07138,15087,0,0,0
07138,15088,0,0,0
07138,15089,0,0,0
07138,15090,0,0,0
07138,15091,0,0,0
07138,16051,0,0,0
07138,16052,0,0,0
07138,16053,0,0,0
07138,16054,13,13,0
07138,16055,0,0,0
07138,16056,0,0,0
07138,16061,0,0,0
07138,16062,0,0,0
07138,16063,0,0,0
07138,16064,0,0,0
07138,16065,0,0,0
07138,16066,17,17,0
07138,16067,12,12,0
07138,16068,0,0,0
07138,16069,95,95,0
07138,16070,107,107,0
07138,16071,0,0,0
07138,16072,10,10,0
07138,16073,24,24,0
07138,16074,0,0,0
07138,16075,0,0,0
07138,16076,0,0,0
07138,16077,0,0,0
07140,01001,11,0,11
07140,01002,0,0,0
07140,01003,0,0,0
07140,01004,0,0,0
07140,01051,0,0,0
07140,01053,0,0,0
07140,01054,0,0,0
07140,01055,0,0,0
07140,01056,0,0,0
07140,01057,0,0,0
07140,01058,0,0,0
07140,01059,12,0,12
07140,01060,0,0,0
07140,01061,0,0,0
07140,01062,17,0,17
07140,02000,94,19,75
07140,03101,0,0,0
07140,03102,0,0,0
07140,03103,0,0,0
07140,03151,0,0,0
07140,03153,0,0,0
07140,03154,0,0,0
07140,03155,0,0,0
07140,03157,0,0,0
07140,03158,0,0,0
07140,03159,0,0,0
07140,03241,10,0,10
07140,03251,0,0,0
07140,03252,0,0,0
07140,03254,0,0,0
07140,03255,0,0,0
07140,03256,0,0,0
07140,03257,0,0,0
07140,03351,0,0,0
07140,03352,0,0,0
07140,03353,0,0,0
07140,03354,0,0,0
07140,03355,0,0,0
07140,03356,0,0,0
07140,03357,0,0,0
07140,03358,0,0,0
07140,03359,0,0,0
07140,03360,0,0,0
07140,03361,0,0,0
07140,03401,0,0,0
07140,03402,0,0,0
07140,03403,0,0,0
07140,03404,0,0,0
07140,03405,0,0,0
07140,03451,0,0,0
07140,03452,0,0,0
07140,03453,0,0,0
07140,03454,0,0,0
07140,03455,0,0,0
07140,03456,0,0,0
07140,03457,0,0,0
07140,03458,0,0,0
07140,03459,0,0,0
07140,03460,0,0,0
07140,03461,0,0,0
07140,03462,0,0,0
07140,04011,16,0,16
07140,04012,0,0,0
07140,05111,104,30,74
07140,05112,0,0,0
07140,05113,58,0,58
07140,05114,0,0,0
07140,05116,15,0,15
07140,05117,0,0,0
07140,05119,0,0,0
07140,05120,0,0,0
07140,05122,0,0,0
07140,05124,0,0,0
07140,05154,11,0,11
07140,05158,46,24,22
07140,05162,101,26,75
07140,05166,22,10,12
07140,05170,0,0,0
07140,05314,109,22,87
07140,05315,191,40,151
07140,05316,0,0,0
07140,05334,33,13,20
07140,05358,10,10,0
07140,05362,61,31,30
07140,05366,13,13,0
07140,05370,0,0,0
07140,05374,23,10,13
07140,05378,27,0,27
07140,05382,102,38,64
07140,05512,0,0,0
07140,05513,0,0,0
07140,05515,0,0,0
07140,05554,0,0,0
07140,05558,0,0,0
07140,05562,16,16,0
07140,05566,0,0,0
07140,05570,0,0,0
07140,05711,0,0,0
07140,05754,0,0,0
07140,05758,0,0,0
07140,05762,21,21,0
07140,05766,40,40,0
07140,05770,0,0,0
07140,05774,0,0,0
07140,05911,0,0,0
07140,05913,26,0,26
07140,05914,0,0,0
07140,05915,0,0,0
07140,05916,0,0,0
07140,05954,11,11,0
07140,05958,0,0,0
07140,05962,0,0,0
07140,05966,0,0,0
07140,05970,14,0,14
07140,05974,0,0,0
07140,05978,13,0,13
07140,06411,65,19,46
07140,06412,562,63,499
07140,06413,17,17,0
07140,06414,400,102,298
07140,06431,33,18,15
07140,06432,40,16,24
07140,06433,352,74,278
07140,06434,57,16,41
07140,06435,61,22,39
07140,06436,126,32,94
07140,06437,0,0,0
07140,06438,109,29,80
07140,06439,125,50,75
07140,06440,35,19,16
07140,06531,27,16,11
07140,06532,13,0,13
07140,06533,82,19,63
07140,06534,0,0,0
07140,06535,0,0,0
07140,06611,0,0,0
07140,06631,0,0,0
07140,06632,0,0,0
07140,06633,0,0,0
07140,06634,10,0,10
07140,06635,0,0,0
07140,06636,0,0,0
07140,07111,3939,831,3108
07140,07131,138,84,54
07140,07132,26,12,14
07140,07133,2788,1348,1440
07140,07134,1411,1029,382
07140,07135,2086,1264,822
07140,07137,2426,1301,1125
07140,07138,455,198,257
07140,07140,0,0,0
07140,07141,694,421,273
07140,07143,361,189,172
07140,07211,169,26,143
07140,07231,1399,718,681
07140,07232,37,17,20
07140,07233,58,40,18
07140,07235,69,36,33
07140,07311,0,0,0
07140,07312,102,45,57
07140,07313,0,0,0
07140,07314,58,18,40
07140,07315,998,195,803
07140,07316,11,0,11
07140,07317,17,0,17
07140,07318,0,0,0
07140,07319,49,30,19
07140,07320,0,0,0
07140,07331,254,110,144
07140,07332,0,0,0
07140,07333,53,36,17
07140,07334,10,0,10
07140,07335,16,16,0
07140,07336,43,43,0
07140,07337,0,0,0
07140,07338,25,11,14
07140,07339,1836,701,1135
07140,07340,11,11,0
07140,08111,61,33,28
07140,08115,54,32,22
07140,08116,15,0,15
07140,08117,0,0,0
07140,08118,37,0,37
07140,08119,0,0,0
07140,08121,0,0,0
07140,08125,0,0,0
07140,08126,0,0,0
07140,08127,0,0,0
07140,08128,0,0,0
07140,08135,0,0,0
07140,08136,0,0,0
07140,08211,0,0,0
07140,08212,14,0,14
07140,08215,22,10,12
07140,08216,0,0,0
07140,08221,0,0,0
07140,08222,64,19,45
07140,08225,0,0,0
07140,08226,46,18,28
07140,08231,0,0,0
07140,08235,11,0,11
07140,08236,0,0,0
07140,08237,0,0,0
07140,08311,0,0,0
07140,08315,0,0,0
07140,08316,0,0,0
07140,08317,21,10,11
07140,08325,0,0,0
07140,08326,0,0,0
07140,08327,0,0,0
07140,08335,0,0,0
07140,08336,0,0,0
07140,08337,0,0,0
07140,08415,0,0,0
07140,08416,10,10,0
07140,08417,0,0,0
07140,08421,0,0,0
07140,08425,0,0,0
07140,08426,0,0,0
07140,08435,0,0,0
07140,08436,0,0,0
07140,08437,0,0,0
07140,09161,0,0,0
07140,09162,59,16,43
07140,09163,0,0,0
07140,09171,0,0,0
07140,09172,17,17,0
07140,09173,0,0,0
07140,09174,0,0,0
07140,09175,0,0,0
07140,09176,0,0,0
07140,09177,0,0,0
07140,09178,20,20,0
07140,09179,0,0,0
07140,09180,0,0,0
07140,09181,0,0,0
07140,09182,0,0,0
07140,09183,0,0,0
07140,09184,20,0,20
07140,09185,0,0,0
07140,09186,0,0,0
07140,09187,0,0,0
07140,09188,0,0,0
07140,09189,0,0,0
07140,09190,0,0,0
07140,09261,0,0,0
07140,09262,0,0,0
07140,09263,0,0,0
07140,09271,0,0,0
07140,09272,0,0,0
07140,09273,0,0,0
07140,09274,0,0,0
07140,09275,0,0,0
07140,09276,0,0,0
07140,09277,0,0,0
07140,09278,0,0,0
07140,09279,0,0,0
07140,09361,0,0,0
07140,09362,0,0,0
07140,09363,0,0,0
07140,09371,0,0,0
07140,09372,0,0,0
07140,09373,0,0,0
07140,09374,0,0,0
07140,09375,0,0,0
07140,09376,0,0,0
07140,09377,0,0,0
07140,09461,0,0,0
07140,09462,0,0,0
07140,09463,0,0,0
07140,09464,0,0,0
07140,09471,0,0,0
07140,09472,0,0,0
07140,09473,0,0,0
07140,09474,0,0,0
07140,09475,0,0,0
07140,09476,0,0,0
07140,09477,0,0,0
07140,09478,0,0,0
07140,09479,0,0,0
07140,09561,0,0,0
07140,09562,0,0,0
07140,09563,0,0,0
07140,09564,39,0,39
07140,09565,0,0,0
07140,09571,0,0,0
07140,09572,0,0,0
07140,09573,0,0,0
07140,09574,0,0,0
07140,09575,0,0,0
07140,09576,0,0,0
07140,09577,0,0,0
07140,09661,0,0,0
07140,09662,0,0,0
07140,09663,0,0,0
07140,09671,0,0,0
07140,09672,0,0,0
07140,09673,0,0,0
07140,09674,0,0,0
07140,09675,0,0,0
07140,09676,10,10,0
07140,09677,0,0,0
07140,09678,0,0,0
07140,09679,0,0,0
07140,09761,0,0,0
07140,09762,0,0,0
07140,09763,0,0,0
07140,09764,0,0,0
07140,09771,0,0,0
07140,09772,0,0,0
07140,09773,0,0,0
07140,09774,0,0,0
07140,09775,0,0,0
07140,09776,0,0,0
07140,09777,0,0,0
07140,09778,0,0,0
07140,09779,0,0,0
07140,09780,0,0,0
07140,10041,127,37,90
07140,10042,13,13,0
07140,10043,21,21,0
07140,10044,36,14,22
07140,10045,15,0,15
07140,10046,23,10,13
07140,11000,157,108,49
07140,12051,0,0,0
07140,12052,0,0,0
07140,12053,0,0,0
07140,12054,0,0,0
07140,12060,0,0,0
07140,12061,20,0,20
07140,12062,10,10,0
07140,12063,0,0,0
07140,12064,11,11,0
07140,12065,0,0,0
07140,12066,0,0,0
07140,12067,0,0,0
07140,12068,24,24,0
07140,12069,0,0,0
07140,12070,0,0,0
07140,12071,0,0,0
07140,12072,0,0,0
07140,12073,0,0,0
07140,13003,0,0,0
07140,13004,0,0,0
07140,13071,0,0,0
07140,13072,0,0,0
07140,13073,0,0,0
07140,13074,0,0,0
07140,13075,0,0,0
07140,13076,0,0,0
07140,14511,0,0,0
07140,14521,11,11,0
07140,14522,21,21,0
07140,14523,0,0,0
07140,14524,0,0,0
07140,14612,0,0,0
07140,14625,0,0,0
07140,14626,0,0,0
07140,14627,0,0,0
07140,14628,0,0,0
07140,14713,10,10,0
07140,14729,0,0,0
07140,14730,38,38,0
07140,15001,0,0,0
07140,15002,0,0,0
07140,15003,0,0,0
07140,15081,0,0,0
07140,15082,0,0,0
07140,15083,0,0,0
07140,15084,0,0,0
07140,15085,0,0,0
07140,15086,0,0,0
07140,15087,0,0,0
07140,15088,0,0,0
07140,15089,0,0,0
07140,15090,0,0,0
07140,15091,12,12,0
07140,16051,0,0,0
07140,16052,0,0,0
07140,16053,0,0,0
07140,16054,0,0,0
07140,16055,0,0,0
07140,16056,0,0,0
07140,16061,0,0,0
07140,16062,0,0,0
07140,16063,0,0,0
07140,16064,0,0,0
07140,16065,0,0,0
07140,16066,11,11,0
07140,16067,15,15,0
07140,16068,0,0,0
07140,16069,0,0,0
07140,16070,0,0,0
07140,16071,0,0,0
07140,16072,0,0,0
07140,16073,0,0,0
07140,16074,0,0,0
07140,16075,0,0,0
07140,16076,0,0,0
07140,16077,0,0,0
07141,01001,0,0,0
07141,01002,0,0,0
07141,01003,0,0,0
07141,01004,0,0,0
07141,01051,0,0,0
07141,01053,0,0,0
07141,01054,0,0,0
07141,01055,0,0,0
07141,01056,0,0,0
07141,01057,0,0,0
07141,01058,21,0,21
07141,01059,0,0,0
07141,01060,0,0,0
07141,01061,0,0,0
07141,01062,14,0,14
07141,02000,86,18,68
07141,03101,0,0,0
07141,03102,0,0,0
07141,03103,0,0,0
07141,03151,0,0,0
07141,03153,0,0,0
07141,03154,0,0,0
07141,03155,0,0,0
07141,03157,0,0,0
07141,03158,0,0,0
07141,03159,0,0,0
07141,03241,36,14,22
07141,03251,0,0,0
07141,03252,0,0,0
07141,03254,0,0,0
07141,03255,0,0,0
07141,03256,0,0,0
07141,03257,0,0,0
07141,03351,0,0,0
07141,03352,0,0,0
07141,03353,0,0,0
07141,03354,0,0,0
07141,03355,0,0,0
07141,03356,0,0,0
07141,03357,0,0,0
07141,03358,0,0,0
07141,03359,0,0,0
07141,03360,0,0,0
07141,03361,0,0,0
07141,03401,0,0,0
07141,03402,0,0,0
07141,03403,0,0,0
07141,03404,11,0,11
07141,03405,0,0,0
07141,03451,0,0,0
07141,03452,0,0,0
07141,03453,0,0,0
07141,03454,0,0,0
07141,03455,0,0,0
07141,03456,12,12,0
07141,03457,0,0,0
07141,03458,0,0,0
07141,03459,10,0,10
07141,03460,0,0,0
07141,03461,0,0,0
07141,03462,0,0,0
07141,04011,0,0,0
07141,04012,0,0,0
07141,05111,81,15,66
07141,05112,60,41,19
07141,05113,43,14,29
07141,05114,10,0,10
07141,05116,0,0,0
07141,05117,21,10,11
07141,05119,0,0,0
07141,05120,0,0,0
07141,05122,0,0,0
07141,05124,0,0,0
07141,05154,0,0,0
07141,05158,36,0,36
07141,05162,41,16,25
07141,05166,0,0,0
07141,05170,25,25,0
07141,05314,182,20,162
07141,05315,225,40,185
07141,05316,0,0,0
07141,05334,48,25,23
07141,05358,61,25,36
07141,05362,50,15,35
07141,05366,15,0,15
07141,05370,0,0,0
07141,05374,12,0,12
07141,05378,17,17,0
07141,05382,109,51,58
07141,05512,0,0,0
07141,05513,10,10,0
07141,05515,0,0,0
07141,05554,0,0,0
07141,05558,0,0,0
07141,05562,14,14,0
07141,05566,10,10,0
07141,05570,0,0,0
07141,05711,0,0,0
07141,05754,15,0,15
07141,05758,0,0,0
07141,05762,0,0,0
07141,05766,0,0,0
07141,05770,0,0,0
07141,05774,0,0,0
07141,05911,12,0,12
07141,05913,39,13,26
07141,05914,0,0,0
07141,05915,0,0,0
07141,05916,0,0,0
07141,05954,0,0,0
07141,05958,11,0,11
07141,05962,10,10,0
07141,05966,13,13,0
07141,05970,36,14,22
07141,05974,0,0,0
07141,05978,19,0,19
07141,06411,69,16,53
07141,06412,1441,71,1370
07141,06413,44,0,44
07141,06414,2187,139,2048
07141,06431,35,17,18
07141,06432,54,17,37
07141,06433,233,23,210
07141,06434,170,31,139
07141,06435,78,21,57
07141,06436,340,43,297
07141,06437,0,0,0
07141,06438,148,24,124
07141,06439,3103,744,2359
07141,06440,101,49,52
07141,06531,105,44,61
07141,06532,266,126,140
07141,06533,7125,2345,4780
07141,06534,30,13,17
07141,06535,0,0,0
07141,06611,37,0,37
07141,06631,20,0,20
07141,06632,0,0,0
07141,06633,0,0,0
07141,06634,24,0,24
07141,06635,0,0,0
07141,06636,0,0,0
07141,07111,7434,1562,5872
07141,07131,163,86,77
07141,07132,149,72,77
07141,07133,85,26,59
07141,07134,40,26,14
07141,07135,132,82,50
07141,07137,2750,1215,1535
07141,07138,1059,410,649
07141,07140,694,273,421
07141,07141,0,0,0
07141,07143,4704,2285,2419
07141,07211,39,17,22
07141,07231,44,32,12
07141,07232,0,0,0
07141,07233,25,25,0
07141,07235,19,19,0
07141,07311,79,0,79
07141,07312,0,0,0
07141,07313,14,14,0
07141,07314,17,0,17
07141,07315,483,57,426
07141,07316,0,0,0
07141,07317,0,0,0
07141,07318,0,0,0
07141,07319,16,0,16
07141,07320,0,0,0
07141,07331,47,17,30
07141,07332,15,15,0
07141,07333,0,0,0
07141,07334,0,0,0
07141,07335,0,0,0
07141,07336,0,0,0
07141,07337,27,27,0
07141,07338,0,0,0
07141,07339,179,67,112
07141,07340,0,0,0
07141,08111,50,10,40
07141,08115,13,0,13
07141,08116,23,0,23
07141,08117,0,0,0
07141,08118,33,12,21
07141,08119,12,0,12
07141,08121,0,0,0
07141,08125,11,11,0
07141,08126,16,0,16
07141,08127,0,0,0
07141,08128,0,0,0
07141,08135,0,0,0
07141,08136,0,0,0
07141,08211,0,0,0
07141,08212,18,0,18
07141,08215,14,0,14
07141,08216,11,11,0
07141,08221,16,0,16
07141,08222,45,11,34
07141,08225,0,0,0
07141,08226,53,17,36
07141,08231,0,0,0
07141,08235,0,0,0
07141,08236,0,0,0
07141,08237,0,0,0
07141,08311,0,0,0
07141,08315,0,0,0
07141,08316,0,0,0
07141,08317,0,0,0
07141,08325,0,0,0
07141,08326,0,0,0
07141,08327,0,0,0
07141,08335,0,0,0
07141,08336,0,0,0
07141,08337,0,0,0
07141,08415,0,0,0
07141,08416,0,0,0
07141,08417,0,0,0
07141,08421,0,0,0
07141,08425,0,0,0
07141,08426,0,0,0
07141,08435,0,0,0
07141,08436,0,0,0
07141,08437,0,0,0
07141,09161,0,0,0
07141,09162,81,16,65
07141,09163,0,0,0
07141,09171,0,0,0
07141,09172,0,0,0
07141,09173,0,0,0
07141,09174,0,0,0
07141,09175,0,0,0
07141,09176,0,0,0
07141,09177,0,0,0
07141,09178,0,0,0
07141,09179,0,0,0
07141,09180,0,0,0
07141,09181,0,0,0
07141,09182,0,0,0
07141,09183,0,0,0
07141,09184,26,0,26
07141,09185,0,0,0
07141,09186,0,0,0
07141,09187,0,0,0
07141,09188,0,0,0
07141,09189,0,0,0
07141,09190,0,0,0
07141,09261,0,0,0
07141,09262,0,0,0
07141,09263,0,0,0
07141,09271,0,0,0
07141,09272,0,0,0
07141,09273,0,0,0
07141,09274,0,0,0
07141,09275,0,0,0
07141,09276,0,0,0
07141,09277,0,0,0
07141,09278,0,0,0
07141,09279,0,0,0
07141,09361,0,0,0
07141,09362,0,0,0
07141,09363,0,0,0
07141,09371,0,0,0
07141,09372,0,0,0
07141,09373,0,0,0
07141,09374,0,0,0
07141,09375,0,0,0
07141,09376,0,0,0
07141,09377,0,0,0
07141,09461,0,0,0
07141,09462,0,0,0
07141,09463,0,0,0
07141,09464,0,0,0
07141,09471,0,0,0
07141,09472,0,0,0
07141,09473,0,0,0
07141,09474,0,0,0
07141,09475,0,0,0
07141,09476,0,0,0
07141,09477,0,0,0
07141,09478,0,0,0
07141,09479,0,0,0
07141,09561,0,0,0
07141,09562,0,0,0
07141,09563,0,0,0
07141,09564,18,0,18
07141,09565,0,0,0
07141,09571,0,0,0
07141,09572,0,0,0
07141,09573,0,0,0
07141,09574,0,0,0
07141,09575,0,0,0
07141,09576,0,0,0
07141,09577,0,0,0
07141,09661,0,0,0
07141,09662,0,0,0
07141,09663,0,0,0
07141,09671,14,0,14
07141,09672,0,0,0
07141,09673,0,0,0
07141,09674,0,0,0
07141,09675,0,0,0
07141,09676,0,0,0
07141,09677,0,0,0
07141,09678,0,0,0
07141,09679,0,0,0
07141,09761,0,0,0
07141,09762,0,0,0
07141,09763,0,0,0
07141,09764,0,0,0
07141,09771,0,0,0
07141,09772,0,0,0
07141,09773,0,0,0
07141,09774,0,0,0
07141,09775,0,0,0
07141,09776,0,0,0
07141,09777,0,0,0
07141,09778,0,0,0
07141,09779,0,0,0
07141,09780,0,0,0
07141,10041,65,35,30
07141,10042,0,0,0
07141,10043,0,0,0
07141,10044,0,0,0
07141,10045,16,0,16
07141,10046,0,0,0
07141,11000,158,30,128
07141,12051,0,0,0
07141,12052,0,0,0
07141,12053,0,0,0
07141,12054,0,0,0
07141,12060,0,0,0
07141,12061,0,0,0
07141,12062,0,0,0
07141,12063,0,0,0
07141,12064,0,0,0
07141,12065,0,0,0
07141,12066,0,0,0
07141,12067,0,0,0
07141,12068,0,0,0
07141,12069,0,0,0
07141,12070,0,0,0
07141,12071,0,0,0
07141,12072,0,0,0
07141,12073,0,0,0
07141,13003,0,0,0
07141,13004,0,0,0
07141,13071,0,0,0
07141,13072,0,0,0
07141,13073,0,0,0
07141,13074,0,0,0
07141,13075,0,0,0
07141,13076,0,0,0
07141,14511,0,0,0
07141,14521,0,0,0
07141,14522,0,0,0
07141,14523,0,0,0
07141,14524,0,0,0
07141,14612,0,0,0
07141,14625,0,0,0
07141,14626,0,0,0
07141,14627,0,0,0
07141,14628,0,0,0
07141,14713,0,0,0
07141,14729,0,0,0
07141,14730,0,0,0
07141,15001,0,0,0
07141,15002,0,0,0
07141,15003,0,0,0
07141,15081,0,0,0
07141,15082,0,0,0
07141,15083,10,10,0
07141,15084,0,0,0
07141,15085,0,0,0
07141,15086,0,0,0
07141,15087,0,0,0
07141,15088,0,0,0
07141,15089,0,0,0
07141,15090,0,0,0
07141,15091,0,0,0
07141,16051,0,0,0
07141,16052,0,0,0
07141,16053,0,0,0
07141,16054,0,0,0
07141,16055,0,0,0
07141,16056,0,0,0
07141,16061,0,0,0
07141,16062,0,0,0
07141,16063,0,0,0
07141,16064,0,0,0
07141,16065,0,0,0
07141,16066,11,11,0
07141,16067,0,0,0
07141,16068,0,0,0
07141,16069,0,0,0
07141,16070,0,0,0
07141,16071,0,0,0
07141,16072,0,0,0
07141,16073,0,0,0
07141,16074,0,0,0
07141,16075,0,0,0
07141,16076,0,0,0
07141,16077,0,0,0
07143,01001,0,0,0
07143,01002,0,0,0
07143,01003,10,0,10
07143,01004,0,0,0
07143,01051,0,0,0
07143,01053,0,0,0
07143,01054,0,0,0
07143,01055,0,0,0
07143,01056,0,0,0
07143,01057,0,0,0
07143,01058,0,0,0
07143,01059,13,0,13
07143,01060,0,0,0
07143,01061,0,0,0
07143,01062,27,0,27
07143,02000,124,33,91
07143,03101,0,0,0
07143,03102,0,0,0
07143,03103,0,0,0
07143,03151,0,0,0
07143,03153,10,10,0
07143,03154,0,0,0
07143,03155,0,0,0
07143,03157,12,12,0
07143,03158,0,0,0
07143,03159,41,41,0
07143,03241,73,37,36
07143,03251,0,0,0
07143,03252,0,0,0
07143,03254,10,10,0
07143,03255,0,0,0
07143,03256,0,0,0
07143,03257,17,0,17
07143,03351,0,0,0
07143,03352,0,0,0
07143,03353,0,0,0
07143,03354,0,0,0
07143,03355,0,0,0
07143,03356,0,0,0
07143,03357,0,0,0
07143,03358,0,0,0
07143,03359,0,0,0
07143,03360,0,0,0
07143,03361,0,0,0
07143,03401,0,0,0
07143,03402,0,0,0
07143,03403,0,0,0
07143,03404,23,0,23
07143,03405,0,0,0
07143,03451,0,0,0
07143,03452,0,0,0
07143,03453,0,0,0
07143,03454,12,0,12
07143,03455,0,0,0
07143,03456,0,0,0
07143,03457,0,0,0
07143,03458,0,0,0
07143,03459,13,0,13
07143,03460,0,0,0
07143,03461,0,0,0
07143,03462,0,0,0
07143,04011,46,17,29
07143,04012,0,0,0
07143,05111,282,102,180
07143,05112,83,55,28
07143,05113,96,47,49
07143,05114,16,16,0
07143,05116,47,30,17
07143,05117,14,0,14
07143,05119,28,17,11
07143,05120,17,0,17
07143,05122,15,15,0
07143,05124,37,15,22
07143,05154,25,10,15
07143,05158,139,74,65
07143,05162,98,25,73
07143,05166,48,26,22
07143,05170,50,35,15
07143,05314,452,100,352
07143,05315,703,160,543
07143,05316,55,18,37
07143,05334,66,27,39
07143,05358,49,15,34
07143,05362,222,167,55
07143,05366,57,36,21
07143,05370,150,150,0
07143,05374,173,69,104
07143,05378,61,21,40
07143,05382,758,373,385
07143,05512,13,13,0
07143,05513,27,10,17
07143,05515,25,11,14
07143,05554,43,29,14
07143,05558,0,0,0
07143,05562,68,50,18
07143,05566,33,14,19
07143,05570,40,26,14
07143,05711,14,0,14
07143,05754,42,12,30
07143,05758,14,0,14
07143,05762,0,0,0
07143,05766,32,32,0
07143,05770,102,85,17
07143,05774,10,10,0
07143,05911,49,32,17
07143,05913,60,19,41
07143,05914,11,0,11
07143,05915,0,0,0
07143,05916,0,0,0
07143,05954,32,11,21
07143,05958,17,0,17
07143,05962,43,20,23
07143,05966,81,33,48
07143,05970,1849,440,1409
07143,05974,16,0,16
07143,05978,34,18,16
07143,06411,121,13,108
07143,06412,1547,131,1416
07143,06413,42,15,27
07143,06414,495,72,423
07143,06431,39,18,21
07143,06432,61,21,40
07143,06433,157,29,128
07143,06434,162,32,130
07143,06435,84,35,49
07143,06436,266,58,208
07143,06437,0,0,0
07143,06438,215,30,185
07143,06439,329,123,206
07143,06440,94,26,68
07143,06531,225,75,150
07143,06532,2524,913,1611
07143,06533,6756,2292,4464
07143,06534,101,48,53
07143,06535,0,0,0
07143,06611,38,0,38
07143,06631,26,11,15
07143,06632,11,11,0
07143,06633,10,10,0
07143,06634,37,21,16
07143,06635,10,0,10
07143,06636,0,0,0
07143,07111,6933,1369,5564
07143,07131,301,203,98
07143,07132,7123,3437,3686
07143,07133,87,44,43
07143,07134,26,16,10
07143,07135,234,161,73
07143,07137,4093,1829,2264
07143,07138,6054,2869,3185
07143,07140,361,172,189
07143,07141,4704,2419,2285
07143,07143,0,0,0
07143,07211,48,19,29
07143,07231,71,49,22
07143,07232,26,16,10
07143,07233,61,50,11
07143,07235,17,17,0
07143,07311,0,0,0
07143,07312,89,78,11
07143,07313,0,0,0
07143,07314,34,15,19
07143,07315,339,55,284
07143,07316,51,0,51
07143,07317,0,0,0
07143,07318,0,0,0
07143,07319,45,17,28
07143,07320,0,0,0
07143,07331,38,19,19
07143,07332,42,42,0
07143,07333,20,20,0
07143,07334,13,13,0
07143,07335,41,41,0
07143,07336,22,22,0
07143,07337,10,10,0
07143,07338,21,10,11
07143,07339,105,60,45
07143,07340,23,23,0
07143,08111,96,17,79
07143,08115,28,0,28
07143,08116,55,15,40
07143,08117,0,0,0
07143,08118,51,14,37
07143,08119,0,0,0
07143,08121,0,0,0
07143,08125,13,0,13
07143,08126,19,0,19
07143,08127,0,0,0
07143,08128,0,0,0
07143,08135,0,0,0
07143,08136,0,0,0
07143,08211,0,0,0
07143,08212,54,20,34
07143,08215,16,0,16
07143,08216,0,0,0
07143,08221,18,0,18
07143,08222,65,23,42
07143,08225,13,0,13
07143,08226,93,29,64
07143,08231,0,0,0
07143,08235,0,0,0
07143,08236,11,0,11
07143,08237,0,0,0
07143,08311,0,0,0
07143,08315,12,0,12
07143,08316,0,0,0
07143,08317,11,0,11
07143,08325,0,0,0
07143,08326,0,0,0
07143,08327,0,0,0
07143,08335,0,0,0
07143,08336,15,0,15
07143,08337,0,0,0
07143,08415,20,0,20
07143,08416,0,0,0
07143,08417,0,0,0
07143,08421,20,0,20
07143,08425,0,0,0
07143,08426,0,0,0
07143,08435,12,0,12
07143,08436,12,0,12
07143,08437,0,0,0
07143,09161,10,0,10
07143,09162,157,38,119
07143,09163,0,0,0
07143,09171,35,35,0
07143,09172,0,0,0
07143,09173,0,0,0
07143,09174,0,0,0
07143,09175,0,0,0
07143,09176,0,0,0
07143,09177,0,0,0
07143,09178,0,0,0
07143,09179,0,0,0
07143,09180,0,0,0
07143,09181,0,0,0
07143,09182,0,0,0
07143,09183,0,0,0
07143,09184,51,0,51
07143,09185,0,0,0
07143,09186,0,0,0
07143,09187,0,0,0
07143,09188,0,0,0
07143,09189,11,0,11
07143,09190,0,0,0
07143,09261,0,0,0
07143,09262,0,0,0
07143,09263,0,0,0
07143,09271,0,0,0
07143,09272,0,0,0
07143,09273,0,0,0
07143,09274,0,0,0
07143,09275,0,0,0
07143,09276,0,0,0
07143,09277,0,0,0
07143,09278,0,0,0
07143,09279,0,0,0
07143,09361,0,0,0
07143,09362,0,0,0
07143,09363,0,0,0
07143,09371,12,12,0
07143,09372,0,0,0
07143,09373,0,0,0
07143,09374,0,0,0
07143,09375,0,0,0
07143,09376,0,0,0
07143,09377,0,0,0
07143,09461,0,0,0
07143,09462,0,0,0
07143,09463,0,0,0
07143,09464,0,0,0
07143,09471,0,0,0
07143,09472,0,0,0
07143,09473,0,0,0
07143,09474,0,0,0
07143,09475,0,0,0
07143,09476,0,0,0
07143,09477,0,0,0
07143,09478,0,0,0
07143,09479,0,0,0
07143,09561,0,0,0
07143,09562,0,0,0
07143,09563,0,0,0
07143,09564,43,14,29
07143,09565,0,0,0
07143,09571,28,16,12
07143,09572,0,0,0
07143,09573,0,0,0
07143,09574,0,0,0
07143,09575,0,0,0
07143,09576,0,0,0
07143,09577,12,12,0
07143,09661,12,0,12
07143,09662,0,0,0
07143,09663,17,0,17
07143,09671,17,0,17
07143,09672,0,0,0
07143,09673,0,0,0
07143,09674,0,0,0
07143,09675,0,0,0
07143,09676,0,0,0
07143,09677,0,0,0
07143,09678,0,0,0
07143,09679,0,0,0
07143,09761,11,0,11
07143,09762,0,0,0
07143,09763,0,0,0
07143,09764,0,0,0
07143,09771,0,0,0
07143,09772,0,0,0
07143,09773,0,0,0
07143,09774,0,0,0
07143,09775,0,0,0
07143,09776,10,0,10
07143,09777,0,0,0
07143,09778,17,0,17
07143,09779,0,0,0
07143,09780,34,0,34
07143,10041,74,20,54
07143,10042,0,0,0
07143,10043,13,13,0
07143,10044,14,14,0
07143,10045,40,15,25
07143,10046,0,0,0
07143,11000,230,100,130
07143,12051,0,0,0
07143,12052,0,0,0
07143,12053,0,0,0
07143,12054,0,0,0
07143,12060,0,0,0
07143,12061,0,0,0
07143,12062,10,0,10
07143,12063,0,0,0
07143,12064,0,0,0
07143,12065,0,0,0
07143,12066,0,0,0
07143,12067,0,0,0
07143,12068,0,0,0
07143,12069,0,0,0
07143,12070,0,0,0
07143,12071,0,0,0
07143,12072,0,0,0
07143,12073,0,0,0
07143,13003,0,0,0
07143,13004,0,0,0
07143,13071,0,0,0
07143,13072,0,0,0
07143,13073,0,0,0
07143,13074,0,0,0
07143,13075,0,0,0
07143,13076,14,14,0
07143,14511,12,0,12
07143,14521,0,0,0
07143,14522,10,10,0
07143,14523,0,0,0
07143,14524,0,0,0
07143,14612,18,18,0
07143,14625,0,0,0
07143,14626,14,14,0
07143,14627,16,16,0
07143,14628,0,0,0
07143,14713,31,19,12
07143,14729,12,12,0
07143,14730,0,0,0
07143,15001,0,0,0
07143,15002,0,0,0
07143,15003,0,0,0
07143,15081,0,0,0
07143,15082,0,0,0
07143,15083,0,0,0
07143,15084,13,13,0
07143,15085,0,0,0
07143,15086,0,0,0
07143,15087,19,19,0
07143,15088,14,14,0
07143,15089,15,15,0
07143,15090,20,20,0
07143,15091,23,23,0
07143,16051,0,0,0
07143,16052,0,0,0
07143,16053,0,0,0
07143,16054,0,0,0
07143,16055,0,0,0
07143,16056,0,0,0
07143,16061,28,28,0
07143,16062,0,0,0
07143,16063,0,0,0
07143,16064,0,0,0
07143,16065,0,0,0
07143,16066,0,0,0
07143,16067,14,14,0
07143,16068,0,0,0
07143,16069,0,0,0
07143,16070,0,0,0
07143,16071,0,0,0
07143,16072,0,0,0
07143,16073,0,0,0
07143,16074,0,0,0
07143,16075,0,0,0
07143,16076,0,0,0
07143,16077,0,0,0
07211,01001,0,0,0
07211,01002,0,0,0
07211,01003,0,0,0
07211,01004,0,0,0
07211,01051,0,0,0
07211,01053,0,0,0
07211,01054,0,0,0
07211,01055,0,0,0
07211,01056,0,0,0
07211,01057,0,0,0
07211,01058,0,0,0
07211,01059,0,0,0
07211,01060,0,0,0
07211,01061,0,0,0
07211,01062,0,0,0
07211,02000,102,28,74
07211,03101,0,0,0
07211,03102,0,0,0
07211,03103,0,0,0
07211,03151,0,0,0
07211,03153,0,0,0
07211,03154,0,0,0
07211,03155,0,0,0
07211,03157,0,0,0
07211,03158,0,0,0
07211,03159,0,0,0
07211,03241,34,17,17
07211,03251,0,0,0
07211,03252,0,0,0
07211,03254,0,0,0
07211,03255,0,0,0
07211,03256,0,0,0
07211,03257,0,0,0
07211,03351,0,0,0
07211,03352,0,0,0
07211,03353,0,0,0
07211,03354,0,0,0
07211,03355,0,0,0
07211,03356,0,0,0
07211,03357,0,0,0
07211,03358,0,0,0
07211,03359,0,0,0
07211,03360,0,0,0
07211,03361,0,0,0
07211,03401,0,0,0
07211,03402,0,0,0
07211,03403,0,0,0
07211,03404,13,0,13
07211,03405,0,0,0
07211,03451,0,0,0
07211,03452,0,0,0
07211,03453,0,0,0
07211,03454,0,0,0
07211,03455,0,0,0
07211,03456,0,0,0
07211,03457,0,0,0
07211,03458,0,0,0
07211,03459,0,0,0
07211,03460,0,0,0
07211,03461,0,0,0
07211,03462,0,0,0
07211,04011,28,15,13
07211,04012,0,0,0
07211,05111,116,22,94
07211,05112,12,0,12
07211,05113,34,21,13
07211,05114,0,0,0
07211,05116,14,0,14
07211,05117,0,0,0
07211,05119,0,0,0
07211,05120,0,0,0
07211,05122,0,0,0
07211,05124,31,12,19
07211,05154,10,0,10
07211,05158,36,20,16
07211,05162,29,10,19
07211,05166,18,0,18
07211,05170,10,0,10
07211,05314,119,32,87
07211,05315,266,90,176
07211,05316,0,0,0
07211,05334,90,43,47
07211,05358,0,0,0
07211,05362,77,22,55
07211,05366,46,19,27
07211,05370,0,0,0
07211,05374,0,0,0
07211,05378,13,13,0
07211,05382,64,40,24
07211,05512,0,0,0
07211,05513,0,0,0
07211,05515,15,0,15
07211,05554,0,0,0
07211,05558,0,0,0
07211,05562,10,10,0
07211,05566,0,0,0
07211,05570,0,0,0
07211,05711,12,0,12
07211,05754,12,0,12
07211,05758,0,0,0
07211,05762,0,0,0
07211,05766,0,0,0
07211,05770,0,0,0
07211,05774,0,0,0
07211,05911,12,0,12
07211,05913,36,13,23
07211,05914,0,0,0
07211,05915,0,0,0
07211,05916,10,10,0
07211,05954,0,0,0
07211,05958,0,0,0
07211,05962,10,0,10
07211,05966,0,0,0
07211,05970,0,0,0
07211,05974,0,0,0
07211,05978,10,10,0
07211,06411,13,0,13
07211,06412,182,32,150
07211,06413,0,0,0
07211,06414,51,26,25
07211,06431,0,0,0
07211,06432,11,11,0
07211,06433,10,0,10
07211,06434,28,11,17
07211,06435,12,0,12
07211,06436,40,10,30
07211,06437,0,0,0
07211,06438,29,12,17
07211,06439,0,0,0
07211,06440,0,0,0
07211,06531,10,10,0
07211,06532,0,0,0
07211,06533,12,12,0
07211,06534,0,0,0
07211,06535,0,0,0
07211,06611,0,0,0
07211,06631,0,0,0
07211,06632,0,0,0
07211,06633,0,0,0
07211,06634,0,0,0
07211,06635,0,0,0
07211,06636,0,0,0
07211,07111,254,111,143
07211,07131,100,85,15
07211,07132,23,23,0
07211,07133,144,122,22
07211,07134,328,248,80
07211,07135,476,231,245
07211,07137,289,221,68
07211,07138,111,80,31
07211,07140,169,143,26
07211,07141,39,22,17
07211,07143,48,29,19
07211,07211,0,0,0
07211,07231,4478,3590,888
07211,07232,3215,2585,630
07211,07233,553,442,111
07211,07235,22794,18386,4408
07211,07311,0,0,0
07211,07312,197,59,138
07211,07313,12,12,0
07211,07314,33,0,33
07211,07315,191,73,118
07211,07316,13,13,0
07211,07317,21,11,10
07211,07318,0,0,0
07211,07319,0,0,0
07211,07320,23,23,0
07211,07331,20,20,0
07211,07332,27,27,0
07211,07333,29,14,15
07211,07334,12,12,0
07211,07335,58,34,24
07211,07336,33,33,0
07211,07337,19,19,0
07211,07338,13,13,0
07211,07339,78,63,15
07211,07340,35,23,12
07211,08111,50,0,50
07211,08115,0,0,0
07211,08116,12,0,12
07211,08117,0,0,0
07211,08118,0,0,0
07211,08119,12,0,12
07211,08121,0,0,0
07211,08125,0,0,0
07211,08126,10,0,10
07211,08127,0,0,0
07211,08128,0,0,0
07211,08135,0,0,0
07211,08136,0,0,0
07211,08211,0,0,0
07211,08212,29,12,17
07211,08215,26,14,12
07211,08216,0,0,0
07211,08221,13,0,13
07211,08222,76,29,47
07211,08225,0,0,0
07211,08226,39,22,17
07211,08231,0,0,0
07211,08235,0,0,0
07211,08236,0,0,0
07211,08237,0,0,0
07211,08311,24,10,14
07211,08315,0,0,0
07211,08316,0,0,0
07211,08317,13,0,13
07211,08325,0,0,0
07211,08326,0,0,0
07211,08327,0,0,0
07211,08335,0,0,0
07211,08336,0,0,0
07211,08337,0,0,0
07211,08415,0,0,0
07211,08416,0,0,0
07211,08417,0,0,0
07211,08421,0,0,0
07211,08425,0,0,0
07211,08426,0,0,0
07211,08435,0,0,0
07211,08436,0,0,0
07211,08437,0,0,0
07211,09161,31,0,31
07211,09162,139,21,118
07211,09163,0,0,0
07211,09171,0,0,0
07211,09172,0,0,0
07211,09173,0,0,0
07211,09174,0,0,0
07211,09175,0,0,0
07211,09176,0,0,0
07211,09177,0,0,0
07211,09178,0,0,0
07211,09179,0,0,0
07211,09180,0,0,0
07211,09181,0,0,0
07211,09182,0,0,0
07211,09183,0,0,0
07211,09184,43,0,43
07211,09185,0,0,0
07211,09186,0,0,0
07211,09187,0,0,0
07211,09188,0,0,0
07211,09189,0,0,0
07211,09190,0,0,0
07211,09261,0,0,0
07211,09262,0,0,0
07211,09263,0,0,0
07211,09271,0,0,0
07211,09272,0,0,0
07211,09273,0,0,0
07211,09274,16,0,16
07211,09275,0,0,0
07211,09276,0,0,0
07211,09277,0,0,0
07211,09278,0,0,0
07211,09279,0,0,0
07211,09361,0,0,0
07211,09362,0,0,0
07211,09363,0,0,0
07211,09371,0,0,0
07211,09372,0,0,0
07211,09373,0,0,0
07211,09374,0,0,0
07211,09375,0,0,0
07211,09376,0,0,0
07211,09377,0,0,0
07211,09461,0,0,0
07211,09462,0,0,0
07211,09463,0,0,0
07211,09464,0,0,0
07211,09471,0,0,0
07211,09472,0,0,0
07211,09473,0,0,0
07211,09474,0,0,0
07211,09475,0,0,0
07211,09476,0,0,0
07211,09477,0,0,0
07211,09478,0,0,0
07211,09479,0,0,0
07211,09561,0,0,0
07211,09562,0,0,0
07211,09563,0,0,0
07211,09564,16,0,16
07211,09565,0,0,0
07211,09571,0,0,0
07211,09572,0,0,0
07211,09573,0,0,0
07211,09574,0,0,0
07211,09575,0,0,0
07211,09576,0,0,0
07211,09577,0,0,0
07211,09661,0,0,0
07211,09662,0,0,0
07211,09663,0,0,0
07211,09671,0,0,0
07211,09672,0,0,0
07211,09673,0,0,0
07211,09674,0,0,0
07211,09675,0,0,0
07211,09676,0,0,0
07211,09677,0,0,0
07211,09678,0,0,0
07211,09679,0,0,0
07211,09761,0,0,0
07211,09762,0,0,0
07211,09763,0,0,0
07211,09764,0,0,0
07211,09771,0,0,0
07211,09772,0,0,0
07211,09773,0,0,0
07211,09774,0,0,0
07211,09775,0,0,0
07211,09776,0,0,0
07211,09777,0,0,0
07211,09778,0,0,0
07211,09779,0,0,0
07211,09780,0,0,0
07211,10041,631,333,298
07211,10042,957,742,215
07211,10043,134,104,30
07211,10044,410,318,92
07211,10045,105,65,40
07211,10046,401,351,50
07211,11000,180,60,120
07211,12051,0,0,0
07211,12052,0,0,0
07211,12053,0,0,0
07211,12054,0,0,0
07211,12060,0,0,0
07211,12061,0,0,0
07211,12062,0,0,0
07211,12063,0,0,0
07211,12064,0,0,0
07211,12065,0,0,0
07211,12066,0,0,0
07211,12067,0,0,0
07211,12068,0,0,0
07211,12069,0,0,0
07211,12070,0,0,0
07211,12071,0,0,0
07211,12072,0,0,0
07211,12073,0,0,0
07211,13003,0,0,0
07211,13004,0,0,0
07211,13071,0,0,0
07211,13072,0,0,0
07211,13073,0,0,0
07211,13074,0,0,0
07211,13075,0,0,0
07211,13076,0,0,0
07211,14511,0,0,0
07211,14521,0,0,0
07211,14522,0,0,0
07211,14523,0,0,0
07211,14524,0,0,0
07211,14612,0,0,0
07211,14625,0,0,0
07211,14626,0,0,0
07211,14627,0,0,0
07211,14628,0,0,0
07211,14713,14,14,0
07211,14729,0,0,0
07211,14730,0,0,0
07211,15001,0,0,0
07211,15002,0,0,0
07211,15003,0,0,0
07211,15081,0,0,0
07211,15082,0,0,0
07211,15083,0,0,0
07211,15084,0,0,0
07211,15085,0,0,0
07211,15086,0,0,0
07211,15087,0,0,0
07211,15088,0,0,0
07211,15089,0,0,0
07211,15090,0,0,0
07211,15091,0,0,0
07211,16051,0,0,0
07211,16052,0,0,0
07211,16053,0,0,0
07211,16054,0,0,0
07211,16055,0,0,0
07211,16056,0,0,0
07211,16061,0,0,0
07211,16062,0,0,0
07211,16063,0,0,0
07211,16064,0,0,0
07211,16065,0,0,0
07211,16066,0,0,0
07211,16067,0,0,0
07211,16068,0,0,0
07211,16069,0,0,0
07211,16070,0,0,0
07211,16071,0,0,0
07211,16072,0,0,0
07211,16073,0,0,0
07211,16074,0,0,0
07211,16075,0,0,0
07211,16076,0,0,0
07211,16077,0,0,0
07231,01001,0,0,0
07231,01002,0,0,0
07231,01003,0,0,0
07231,01004,0,0,0
07231,01051,0,0,0
07231,01053,0,0,0
07231,01054,22,0,22
07231,01055,0,0,0
07231,01056,0,0,0
07231,01057,0,0,0
07231,01058,0,0,0
07231,01059,0,0,0
07231,01060,0,0,0
07231,01061,0,0,0
07231,01062,0,0,0
07231,02000,114,55,59
07231,03101,11,11,0
07231,03102,0,0,0
07231,03103,0,0,0
07231,03151,0,0,0
07231,03153,0,0,0
07231,03154,0,0,0
07231,03155,0,0,0
07231,03157,0,0,0
07231,03158,0,0,0
07231,03159,0,0,0
07231,03241,22,12,10
07231,03251,0,0,0
07231,03252,0,0,0
07231,03254,0,0,0
07231,03255,0,0,0
07231,03256,0,0,0
07231,03257,0,0,0
07231,03351,16,16,0
07231,03352,0,0,0
07231,03353,0,0,0
07231,03354,0,0,0
07231,03355,0,0,0
07231,03356,0,0,0
07231,03357,0,0,0
07231,03358,0,0,0
07231,03359,0,0,0
07231,03360,0,0,0
07231,03361,0,0,0
07231,03401,0,0,0
07231,03402,0,0,0
07231,03403,0,0,0
07231,03404,21,0,21
07231,03405,0,0,0
07231,03451,0,0,0
07231,03452,0,0,0
07231,03453,0,0,0
07231,03454,0,0,0
07231,03455,0,0,0
07231,03456,0,0,0
07231,03457,0,0,0
07231,03458,0,0,0
07231,03459,89,37,52
07231,03460,0,0,0
07231,03461,0,0,0
07231,03462,0,0,0
07231,04011,0,0,0
07231,04012,0,0,0
07231,05111,45,0,45
07231,05112,14,0,14
07231,05113,38,0,38
07231,05114,0,0,0
07231,05116,0,0,0
07231,05117,0,0,0
07231,05119,10,0,10
07231,05120,0,0,0
07231,05122,0,0,0
07231,05124,0,0,0
07231,05154,0,0,0
07231,05158,23,10,13
07231,05162,17,0,17
07231,05166,15,0,15
07231,05170,28,0,28
07231,05314,52,18,34
07231,05315,124,28,96
07231,05316,0,0,0
07231,05334,34,13,21
07231,05358,16,0,16
07231,05362,20,0,20
07231,05366,57,39,18
07231,05370,31,0,31
07231,05374,0,0,0
07231,05378,12,0,12
07231,05382,89,34,55
07231,05512,0,0,0
07231,05513,0,0,0
07231,05515,15,0,15
07231,05554,0,0,0
07231,05558,0,0,0
07231,05562,16,16,0
07231,05566,0,0,0
07231,05570,0,0,0
07231,05711,20,0,20
07231,05754,15,0,15
07231,05758,0,0,0
07231,05762,0,0,0
07231,05766,0,0,0
07231,05770,0,0,0
07231,05774,0,0,0
07231,05911,0,0,0
07231,05913,0,0,0
07231,05914,0,0,0
07231,05915,0,0,0
07231,05916,0,0,0
07231,05954,10,10,0
07231,05958,0,0,0
07231,05962,11,11,0
07231,05966,0,0,0
07231,05970,0,0,0
07231,05974,0,0,0
07231,05978,54,0,54
07231,06411,13,0,13
07231,06412,123,0,123
07231,06413,0,0,0
07231,06414,64,22,42
07231,06431,11,11,0
07231,06432,11,0,11
07231,06433,30,11,19
07231,06434,19,0,19
07231,06435,31,10,21
07231,06436,49,0,49
07231,06437,0,0,0
07231,06438,41,0,41
07231,06439,10,0,10
07231,06440,0,0,0
07231,06531,0,0,0
07231,06532,0,0,0
07231,06533,17,0,17
07231,06534,0,0,0
07231,06535,0,0,0
07231,06611,0,0,0
07231,06631,10,10,0
07231,06632,0,0,0
07231,06633,0,0,0
07231,06634,0,0,0
07231,06635,0,0,0
07231,06636,0,0,0
07231,07111,219,36,183
07231,07131,74,35,39
07231,07132,0,0,0
07231,07133,181,96,85
07231,07134,1727,1202,525
07231,07135,2088,1095,993
07231,07137,263,106,157
07231,07138,66,23,43
07231,07140,1399,681,718
07231,07141,44,12,32
07231,07143,71,22,49
07231,07211,4478,888,3590
07231,07231,0,0,0
07231,07232,2237,1219,1018
07231,07233,2146,1436,710
07231,07235,4615,1964,2651
07231,07311,0,0,0
07231,07312,83,13,70
07231,07313,0,0,0
07231,07314,37,25,12
07231,07315,178,23,155
07231,07316,0,0,0
07231,07317,0,0,0
07231,07318,0,0,0
07231,07319,0,0,0
07231,07320,0,0,0
07231,07331,30,19,11
07231,07332,21,11,10
07231,07333,0,0,0
07231,07334,0,0,0
07231,07335,38,22,16
07231,07336,27,27,0
07231,07337,16,16,0
07231,07338,26,14,12
07231,07339,57,22,35
07231,07340,0,0,0
07231,08111,28,0,28
07231,08115,0,0,0
07231,08116,16,0,16
07231,08117,0,0,0
07231,08118,24,12,12
07231,08119,0,0,0
07231,08121,0,0,0
07231,08125,11,0,11
07231,08126,14,0,14
07231,08127,0,0,0
07231,08128,0,0,0
07231,08135,0,0,0
07231,08136,0,0,0
07231,08211,0,0,0
07231,08212,14,0,14
07231,08215,0,0,0
07231,08216,0,0,0
07231,08221,0,0,0
07231,08222,50,15,35
07231,08225,0,0,0
07231,08226,36,18,18
07231,08231,0,0,0
07231,08235,0,0,0
07231,08236,0,0,0
07231,08237,0,0,0
07231,08311,20,20,0
07231,08315,0,0,0
07231,08316,0,0,0
07231,08317,10,0,10
07231,08325,0,0,0
07231,08326,0,0,0
07231,08327,0,0,0
07231,08335,0,0,0
07231,08336,13,13,0
07231,08337,11,0,11
07231,08415,0,0,0
07231,08416,0,0,0
07231,08417,0,0,0
07231,08421,0,0,0
07231,08425,0,0,0
07231,08426,0,0,0
07231,08435,0,0,0
07231,08436,0,0,0
07231,08437,0,0,0
07231,09161,0,0,0
07231,09162,53,11,42
07231,09163,0,0,0
07231,09171,0,0,0
07231,09172,0,0,0
07231,09173,0,0,0
07231,09174,0,0,0
07231,09175,0,0,0
07231,09176,0,0,0
07231,09177,0,0,0
07231,09178,0,0,0
07231,09179,0,0,0
07231,09180,0,0,0
07231,09181,11,11,0
07231,09182,0,0,0
07231,09183,0,0,0
07231,09184,34,10,24
07231,09185,0,0,0
07231,09186,0,0,0
07231,09187,0,0,0
07231,09188,0,0,0
07231,09189,0,0,0
07231,09190,0,0,0
07231,09261,0,0,0
07231,09262,0,0,0
07231,09263,0,0,0
07231,09271,0,0,0
07231,09272,0,0,0
07231,09273,0,0,0
07231,09274,0,0,0
07231,09275,0,0,0
07231,09276,0,0,0
07231,09277,0,0,0
07231,09278,0,0,0
07231,09279,0,0,0
07231,09361,0,0,0
07231,09362,0,0,0
07231,09363,0,0,0
07231,09371,0,0,0
07231,09372,0,0,0
07231,09373,0,0,0
07231,09374,0,0,0
07231,09375,0,0,0
07231,09376,0,0,0
07231,09377,0,0,0
07231,09461,0,0,0
07231,09462,0,0,0
07231,09463,0,0,0
07231,09464,0,0,0
07231,09471,0,0,0
07231,09472,0,0,0
07231,09473,0,0,0
07231,09474,0,0,0
07231,09475,0,0,0
07231,09476,0,0,0
07231,09477,0,0,0
07231,09478,0,0,0
07231,09479,0,0,0
07231,09561,0,0,0
07231,09562,0,0,0
07231,09563,0,0,0
07231,09564,15,0,15
07231,09565,0,0,0
07231,09571,0,0,0
07231,09572,0,0,0
07231,09573,0,0,0
07231,09574,0,0,0
07231,09575,0,0,0
07231,09576,0,0,0
07231,09577,0,0,0
07231,09661,0,0,0
07231,09662,0,0,0
07231,09663,0,0,0
07231,09671,0,0,0
07231,09672,0,0,0
07231,09673,0,0,0
07231,09674,0,0,0
07231,09675,0,0,0
07231,09676,0,0,0
07231,09677,0,0,0
07231,09678,0,0,0
07231,09679,0,0,0
07231,09761,0,0,0
07231,09762,0,0,0
07231,09763,0,0,0
07231,09764,0,0,0
07231,09771,0,0,0
07231,09772,0,0,0
07231,09773,0,0,0
07231,09774,0,0,0
07231,09775,0,0,0
07231,09776,0,0,0
07231,09777,0,0,0
07231,09778,0,0,0
07231,09779,0,0,0
07231,09780,0,0,0
07231,10041,223,35,188
07231,10042,132,61,71
07231,10043,61,33,28
07231,10044,69,24,45
07231,10045,50,21,29
07231,10046,241,138,103
07231,11000,76,26,50
07231,12051,0,0,0
07231,12052,0,0,0
07231,12053,0,0,0
07231,12054,0,0,0
07231,12060,0,0,0
07231,12061,0,0,0
07231,12062,0,0,0
07231,12063,0,0,0
07231,12064,0,0,0
07231,12065,0,0,0
07231,12066,0,0,0
07231,12067,0,0,0
07231,12068,0,0,0
07231,12069,0,0,0
07231,12070,0,0,0
07231,12071,0,0,0
07231,12072,0,0,0
07231,12073,0,0,0
07231,13003,0,0,0
07231,13004,0,0,0
07231,13071,0,0,0
07231,13072,0,0,0
07231,13073,0,0,0
07231,13074,0,0,0
07231,13075,0,0,0
07231,13076,0,0,0
07231,14511,0,0,0
07231,14521,0,0,0
07231,14522,0,0,0
07231,14523,0,0,0
07231,14524,0,0,0
07231,14612,0,0,0
07231,14625,0,0,0
07231,14626,0,0,0
07231,14627,0,0,0
07231,14628,0,0,0
07231,14713,0,0,0
07231,14729,0,0,0
07231,14730,0,0,0
07231,15001,0,0,0
07231,15002,0,0,0
07231,15003,10,10,0
07231,15081,0,0,0
07231,15082,0,0,0
07231,15083,0,0,0
07231,15084,0,0,0
07231,15085,0,0,0
07231,15086,0,0,0
07231,15087,0,0,0
07231,15088,0,0,0
07231,15089,0,0,0
07231,15090,0,0,0
07231,15091,0,0,0
07231,16051,0,0,0
07231,16052,0,0,0
07231,16053,0,0,0
07231,16054,0,0,0
07231,16055,0,0,0
07231,16056,0,0,0
07231,16061,0,0,0
07231,16062,0,0,0
07231,16063,0,0,0
07231,16064,0,0,0
07231,16065,0,0,0
07231,16066,0,0,0
07231,16067,0,0,0
07231,16068,0,0,0
07231,16069,0,0,0
07231,16070,0,0,0
07231,16071,0,0,0
07231,16072,0,0,0
07231,16073,0,0,0
07231,16074,0,0,0
07231,16075,0,0,0
07231,16076,0,0,0
07231,16077,0,0,0
07232,01001,0,0,0
07232,01002,0,0,0
07232,01003,0,0,0
07232,01004,0,0,0
07232,01051,0,0,0
07232,01053,0,0,0
07232,01054,12,0,12
07232,01055,0,0,0
07232,01056,0,0,0
07232,01057,0,0,0
07232,01058,0,0,0
07232,01059,0,0,0
07232,01060,0,0,0
07232,01061,0,0,0
07232,01062,0,0,0
07232,02000,30,10,20
07232,03101,0,0,0
07232,03102,0,0,0
07232,03103,0,0,0
07232,03151,0,0,0
07232,03153,0,0,0
07232,03154,0,0,0
07232,03155,0,0,0
07232,03157,0,0,0
07232,03158,0,0,0
07232,03159,0,0,0
07232,03241,0,0,0
07232,03251,0,0,0
07232,03252,0,0,0
07232,03254,0,0,0
07232,03255,0,0,0
07232,03256,0,0,0
07232,03257,0,0,0
07232,03351,0,0,0
07232,03352,0,0,0
07232,03353,0,0,0
07232,03354,0,0,0
07232,03355,0,0,0
07232,03356,0,0,0
07232,03357,0,0,0
07232,03358,0,0,0
07232,03359,0,0,0
07232,03360,0,0,0
07232,03361,0,0,0
07232,03401,0,0,0
07232,03402,0,0,0
07232,03403,0,0,0
07232,03404,0,0,0
07232,03405,0,0,0
07232,03451,0,0,0
07232,03452,0,0,0
07232,03453,0,0,0
07232,03454,11,11,0
07232,03455,0,0,0
07232,03456,0,0,0
07232,03457,0,0,0
07232,03458,0,0,0
07232,03459,0,0,0
07232,03460,0,0,0
07232,03461,0,0,0
07232,03462,0,0,0
07232,04011,0,0,0
07232,04012,0,0,0
07232,05111,76,18,58
07232,05112,20,20,0
07232,05113,0,0,0
07232,05114,0,0,0
07232,05116,0,0,0
07232,05117,0,0,0
07232,05119,13,0,13
07232,05120,0,0,0
07232,05122,0,0,0
07232,05124,0,0,0
07232,05154,0,0,0
07232,05158,23,12,11
07232,05162,27,14,13
07232,05166,18,18,0
07232,05170,21,21,0
07232,05314,106,16,90
07232,05315,190,59,131
07232,05316,0,0,0
07232,05334,122,81,41
07232,05358,64,37,27
07232,05362,82,39,43
07232,05366,524,361,163
07232,05370,25,14,11
07232,05374,12,12,0
07232,05378,16,16,0
07232,05382,102,44,58
07232,05512,0,0,0
07232,05513,0,0,0
07232,05515,29,0,29
07232,05554,0,0,0
07232,05558,0,0,0
07232,05562,0,0,0
07232,05566,0,0,0
07232,05570,0,0,0
07232,05711,0,0,0
07232,05754,0,0,0
07232,05758,0,0,0
07232,05762,0,0,0
07232,05766,0,0,0
07232,05770,0,0,0
07232,05774,0,0,0
07232,05911,0,0,0
07232,05913,0,0,0
07232,05914,0,0,0
07232,05915,0,0,0
07232,05916,0,0,0
07232,05954,10,10,0
07232,05958,0,0,0
07232,05962,0,0,0
07232,05966,0,0,0
07232,05970,0,0,0
07232,05974,0,0,0
07232,05978,0,0,0
07232,06411,0,0,0
07232,06412,62,13,49
07232,06413,0,0,0
07232,06414,21,21,0
07232,06431,0,0,0
07232,06432,0,0,0
07232,06433,0,0,0
07232,06434,31,0,31
07232,06435,0,0,0
07232,06436,16,0,16
07232,06437,0,0,0
07232,06438,15,0,15
07232,06439,0,0,0
07232,06440,12,12,0
07232,06531,40,40,0
07232,06532,0,0,0
07232,06533,0,0,0
07232,06534,0,0,0
07232,06535,0,0,0
07232,06611,0,0,0
07232,06631,0,0,0
07232,06632,0,0,0
07232,06633,0,0,0
07232,06634,0,0,0
07232,06635,0,0,0
07232,06636,0,0,0
07232,07111,132,22,110
07232,07131,76,59,17
07232,07132,0,0,0
07232,07133,46,19,27
07232,07134,33,33,0
07232,07135,129,67,62
07232,07137,100,75,25
07232,07138,104,14,90
07232,07140,37,20,17
07232,07141,0,0,0
07232,07143,26,10,16
07232,07211,3215,630,2585
07232,07231,2237,1018,1219
07232,07232,0,0,0
07232,07233,4011,2054,1957
07232,07235,1899,878,1021
07232,07311,0,0,0
07232,07312,53,17,36
07232,07313,0,0,0
07232,07314,0,0,0
07232,07315,91,13,78
07232,07316,0,0,0
07232,07317,0,0,0
07232,07318,12,0,12
07232,07319,0,0,0
07232,07320,0,0,0
07232,07331,40,23,17
07232,07332,0,0,0
07232,07333,0,0,0
07232,07334,0,0,0
07232,07335,43,16,27
07232,07336,25,25,0
07232,07337,0,0,0
07232,07338,0,0,0
07232,07339,23,12,11
07232,07340,0,0,0
07232,08111,14,0,14
07232,08115,11,11,0
07232,08116,0,0,0
07232,08117,0,0,0
07232,08118,0,0,0
07232,08119,0,0,0
07232,08121,0,0,0
07232,08125,0,0,0
07232,08126,0,0,0
07232,08127,0,0,0
07232,08128,0,0,0
07232,08135,0,0,0
07232,08136,0,0,0
07232,08211,0,0,0
07232,08212,13,0,13
07232,08215,0,0,0
07232,08216,0,0,0
07232,08221,0,0,0
07232,08222,21,0,21
07232,08225,0,0,0
07232,08226,0,0,0
07232,08231,0,0,0
07232,08235,0,0,0
07232,08236,0,0,0
07232,08237,0,0,0
07232,08311,0,0,0
07232,08315,0,0,0
07232,08316,0,0,0
07232,08317,0,0,0
07232,08325,0,0,0
07232,08326,0,0,0
07232,08327,0,0,0
07232,08335,0,0,0
07232,08336,0,0,0
07232,08337,0,0,0
07232,08415,0,0,0
07232,08416,0,0,0
07232,08417,0,0,0
07232,08421,0,0,0
07232,08425,0,0,0
07232,08426,0,0,0
07232,08435,0,0,0
07232,08436,0,0,0
07232,08437,0,0,0
07232,09161,28,0,28
07232,09162,34,0,34
07232,09163,0,0,0
07232,09171,0,0,0
07232,09172,0,0,0
07232,09173,0,0,0
07232,09174,0,0,0
07232,09175,0,0,0
07232,09176,0,0,0
07232,09177,0,0,0
07232,09178,0,0,0
07232,09179,0,0,0
07232,09180,0,0,0
07232,09181,0,0,0
07232,09182,0,0,0
07232,09183,0,0,0
07232,09184,0,0,0
07232,09185,0,0,0
07232,09186,0,0,0
07232,09187,0,0,0
07232,09188,0,0,0
07232,09189,0,0,0
07232,09190,0,0,0
07232,09261,0,0,0
07232,09262,0,0,0
07232,09263,0,0,0
07232,09271,0,0,0
07232,09272,0,0,0
07232,09273,0,0,0
07232,09274,0,0,0
07232,09275,0,0,0
07232,09276,0,0,0
07232,09277,0,0,0
07232,09278,0,0,0
07232,09279,0,0,0
07232,09361,0,0,0
07232,09362,0,0,0
07232,09363,0,0,0
07232,09371,0,0,0
07232,09372,0,0,0
07232,09373,0,0,0
07232,09374,17,17,0
07232,09375,0,0,0
07232,09376,0,0,0
07232,09377,0,0,0
07232,09461,0,0,0
07232,09462,0,0,0
07232,09463,0,0,0
07232,09464,0,0,0
07232,09471,0,0,0
07232,09472,0,0,0
07232,09473,0,0,0
07232,09474,0,0,0
07232,09475,0,0,0
07232,09476,0,0,0
07232,09477,0,0,0
07232,09478,0,0,0
07232,09479,0,0,0
07232,09561,0,0,0
07232,09562,0,0,0
07232,09563,0,0,0
07232,09564,0,0,0
07232,09565,0,0,0
07232,09571,0,0,0
07232,09572,0,0,0
07232,09573,0,0,0
07232,09574,0,0,0
07232,09575,0,0,0
07232,09576,0,0,0
07232,09577,0,0,0
07232,09661,0,0,0
07232,09662,0,0,0
07232,09663,0,0,0
07232,09671,0,0,0
07232,09672,0,0,0
07232,09673,0,0,0
07232,09674,0,0,0
07232,09675,0,0,0
07232,09676,0,0,0
07232,09677,0,0,0
07232,09678,0,0,0
07232,09679,0,0,0
07232,09761,0,0,0
07232,09762,0,0,0
07232,09763,0,0,0
07232,09764,0,0,0
07232,09771,0,0,0
07232,09772,0,0,0
07232,09773,0,0,0
07232,09774,0,0,0
07232,09775,0,0,0
07232,09776,0,0,0
07232,09777,0,0,0
07232,09778,0,0,0
07232,09779,0,0,0
07232,09780,0,0,0
07232,10041,73,19,54
07232,10042,37,24,13
07232,10043,76,10,66
07232,10044,16,0,16
07232,10045,11,0,11
07232,10046,42,16,26
07232,11000,46,17,29
07232,12051,0,0,0
07232,12052,0,0,0
07232,12053,0,0,0
07232,12054,0,0,0
07232,12060,0,0,0
07232,12061,0,0,0
07232,12062,0,0,0
07232,12063,0,0,0
07232,12064,0,0,0
07232,12065,0,0,0
07232,12066,0,0,0
07232,12067,0,0,0
07232,12068,0,0,0
07232,12069,0,0,0
07232,12070,0,0,0
07232,12071,0,0,0
07232,12072,0,0,0
07232,12073,0,0,0
07232,13003,0,0,0
07232,13004,0,0,0
07232,13071,0,0,0
07232,13072,0,0,0
07232,13073,0,0,0
07232,13074,0,0,0
07232,13075,0,0,0
07232,13076,0,0,0
07232,14511,0,0,0
07232,14521,0,0,0
07232,14522,0,0,0
07232,14523,21,21,0
07232,14524,0,0,0
07232,14612,0,0,0
07232,14625,0,0,0
07232,14626,0,0,0
07232,14627,0,0,0
07232,14628,0,0,0
07232,14713,0,0,0
07232,14729,0,0,0
07232,14730,0,0,0
07232,15001,0,0,0
07232,15002,0,0,0
07232,15003,0,0,0
07232,15081,0,0,0
07232,15082,0,0,0
07232,15083,0,0,0
07232,15084,0,0,0
07232,15085,0,0,0
07232,15086,0,0,0
07232,15087,0,0,0
07232,15088,0,0,0
07232,15089,13,13,0
07232,15090,0,0,0
07232,15091,0,0,0
07232,16051,0,0,0
07232,16052,13,13,0
07232,16053,0,0,0
07232,16054,0,0,0
07232,16055,0,0,0
07232,16056,0,0,0
07232,16061,0,0,0
07232,16062,0,0,0
07232,16063,0,0,0
07232,16064,0,0,0
07232,16065,0,0,0
07232,16066,0,0,0
07232,16067,0,0,0
07232,16068,0,0,0
07232,16069,0,0,0
07232,16070,0,0,0
07232,16071,11,0,11
07232,16072,0,0,0
07232,16073,0,0,0
07232,16074,0,0,0
07232,16075,0,0,0
07232,16076,17,17,0
07232,16077,0,0,0
07233,01001,0,0,0
07233,01002,0,0,0
07233,01003,0,0,0
07233,01004,22,0,22
07233,01051,0,0,0
07233,01053,0,0,0
07233,01054,0,0,0
07233,01055,0,0,0
07233,01056,0,0,0
07233,01057,0,0,0
07233,01058,0,0,0
07233,01059,13,0,13
07233,01060,0,0,0
07233,01061,0,0,0
07233,01062,0,0,0
07233,02000,17,0,17
07233,03101,0,0,0
07233,03102,0,0,0
07233,03103,0,0,0
07233,03151,0,0,0
07233,03153,0,0,0
07233,03154,0,0,0
07233,03155,0,0,0
07233,03157,0,0,0
07233,03158,0,0,0
07233,03159,0,0,0
07233,03241,17,0,17
07233,03251,0,0,0
07233,03252,0,0,0
07233,03254,0,0,0
07233,03255,0,0,0
07233,03256,0,0,0
07233,03257,0,0,0
07233,03351,0,0,0
07233,03352,0,0,0
07233,03353,0,0,0
07233,03354,0,0,0
07233,03355,0,0,0
07233,03356,0,0,0
07233,03357,0,0,0
07233,03358,0,0,0
07233,03359,0,0,0
07233,03360,0,0,0
07233,03361,0,0,0
07233,03401,0,0,0
07233,03402,0,0,0
07233,03403,0,0,0
07233,03404,0,0,0
07233,03405,0,0,0
07233,03451,0,0,0
07233,03452,0,0,0
07233,03453,0,0,0
07233,03454,0,0,0
07233,03455,0,0,0
07233,03456,0,0,0
07233,03457,0,0,0
07233,03458,0,0,0
07233,03459,0,0,0
07233,03460,0,0,0
07233,03461,0,0,0
07233,03462,0,0,0
07233,04011,40,0,40
07233,04012,0,0,0
07233,05111,68,0,68
07233,05112,15,0,15
07233,05113,18,0,18
07233,05114,0,0,0
07233,05116,0,0,0
07233,05117,0,0,0
07233,05119,11,0,11
07233,05120,0,0,0
07233,05122,0,0,0
07233,05124,0,0,0
07233,05154,0,0,0
07233,05158,22,0,22
07233,05162,37,18,19
07233,05166,37,0,37
07233,05170,0,0,0
07233,05314,180,24,156
07233,05315,417,48,369
07233,05316,16,0,16
07233,05334,60,27,33
07233,05358,68,24,44
07233,05362,166,45,121
07233,05366,1373,665,708
07233,05370,10,0,10
07233,05374,0,0,0
07233,05378,0,0,0
07233,05382,180,43,137
07233,05512,0,0,0
07233,05513,0,0,0
07233,05515,0,0,0
07233,05554,0,0,0
07233,05558,0,0,0
07233,05562,0,0,0
07233,05566,0,0,0
07233,05570,0,0,0
07233,05711,0,0,0
07233,05754,0,0,0
07233,05758,0,0,0
07233,05762,0,0,0
07233,05766,0,0,0
07233,05770,0,0,0
07233,05774,0,0,0
07233,05911,0,0,0
07233,05913,0,0,0
07233,05914,0,0,0
07233,05915,0,0,0
07233,05916,0,0,0
07233,05954,0,0,0
07233,05958,0,0,0
07233,05962,0,0,0
07233,05966,0,0,0
07233,05970,0,0,0
07233,05974,0,0,0
07233,05978,0,0,0
07233,06411,0,0,0
07233,06412,139,50,89
07233,06413,0,0,0
07233,06414,0,0,0
07233,06431,0,0,0
07233,06432,0,0,0
07233,06433,56,0,56
07233,06434,0,0,0
07233,06435,0,0,0
07233,06436,26,15,11
07233,06437,0,0,0
07233,06438,38,0,38
07233,06439,0,0,0
07233,06440,0,0,0
07233,06531,21,0,21
07233,06532,0,0,0
07233,06533,0,0,0
07233,06534,0,0,0
07233,06535,0,0,0
07233,06611,0,0,0
07233,06631,0,0,0
07233,06632,0,0,0
07233,06633,0,0,0
07233,06634,0,0,0
07233,06635,0,0,0
07233,06636,0,0,0
07233,07111,223,37,186
07233,07131,985,457,528
07233,07132,0,0,0
07233,07133,33,13,20
07233,07134,56,56,0
07233,07135,1655,768,887
07233,07137,897,354,543
07233,07138,96,12,84
07233,07140,58,18,40
07233,07141,25,0,25
07233,07143,61,11,50
07233,07211,553,111,442
07233,07231,2146,710,1436
07233,07232,4011,1957,2054
07233,07233,0,0,0
07233,07235,265,98,167
07233,07311,0,0,0
07233,07312,0,0,0
07233,07313,0,0,0
07233,07314,0,0,0
07233,07315,52,0,52
07233,07316,0,0,0
07233,07317,0,0,0
07233,07318,0,0,0
07233,07319,0,0,0
07233,07320,0,0,0
07233,07331,0,0,0
07233,07332,0,0,0
07233,07333,0,0,0
07233,07334,0,0,0
07233,07335,0,0,0
07233,07336,0,0,0
07233,07337,0,0,0
07233,07338,0,0,0
07233,07339,0,0,0
07233,07340,0,0,0
07233,08111,12,0,12
07233,08115,0,0,0
07233,08116,0,0,0
07233,08117,0,0,0
07233,08118,10,0,10
07233,08119,0,0,0
07233,08121,0,0,0
07233,08125,0,0,0
07233,08126,0,0,0
07233,08127,0,0,0
07233,08128,0,0,0
07233,08135,0,0,0
07233,08136,0,0,0
07233,08211,0,0,0
07233,08212,0,0,0
07233,08215,0,0,0
07233,08216,11,0,11
07233,08221,0,0,0
07233,08222,12,0,12
07233,08225,0,0,0
07233,08226,0,0,0
07233,08231,0,0,0
07233,08235,0,0,0
07233,08236,0,0,0
07233,08237,0,0,0
07233,08311,0,0,0
07233,08315,0,0,0
07233,08316,0,0,0
07233,08317,0,0,0
07233,08325,0,0,0
07233,08326,0,0,0
07233,08327,0,0,0
07233,08335,0,0,0
07233,08336,0,0,0
07233,08337,0,0,0
07233,08415,0,0,0
07233,08416,0,0,0
07233,08417,0,0,0
07233,08421,0,0,0
07233,08425,0,0,0
07233,08426,0,0,0
07233,08435,0,0,0
07233,08436,0,0,0
07233,08437,0,0,0
07233,09161,0,0,0
07233,09162,32,0,32
07233,09163,0,0,0
07233,09171,0,0,0
07233,09172,0,0,0
07233,09173,0,0,0
07233,09174,0,0,0
07233,09175,0,0,0
07233,09176,0,0,0
07233,09177,0,0,0
07233,09178,0,0,0
07233,09179,0,0,0
07233,09180,0,0,0
07233,09181,0,0,0
07233,09182,0,0,0
07233,09183,0,0,0
07233,09184,0,0,0
07233,09185,0,0,0
07233,09186,0,0,0
07233,09187,0,0,0
07233,09188,0,0,0
07233,09189,0,0,0
07233,09190,0,0,0
07233,09261,0,0,0
07233,09262,0,0,0
07233,09263,0,0,0
07233,09271,0,0,0
07233,09272,0,0,0
07233,09273,0,0,0
07233,09274,0,0,0
07233,09275,0,0,0
07233,09276,0,0,0
07233,09277,0,0,0
07233,09278,0,0,0
07233,09279,0,0,0
07233,09361,0,0,0
07233,09362,0,0,0
07233,09363,0,0,0
07233,09371,0,0,0
07233,09372,0,0,0
07233,09373,0,0,0
07233,09374,0,0,0
07233,09375,0,0,0
07233,09376,0,0,0
07233,09377,0,0,0
07233,09461,0,0,0
07233,09462,0,0,0
07233,09463,0,0,0
07233,09464,0,0,0
07233,09471,0,0,0
07233,09472,0,0,0
07233,09473,0,0,0
07233,09474,0,0,0
07233,09475,0,0,0
07233,09476,0,0,0
07233,09477,0,0,0
07233,09478,0,0,0
07233,09479,0,0,0
07233,09561,0,0,0
07233,09562,0,0,0
07233,09563,0,0,0
07233,09564,0,0,0
07233,09565,0,0,0
07233,09571,0,0,0
07233,09572,0,0,0
07233,09573,0,0,0
07233,09574,0,0,0
07233,09575,0,0,0
07233,09576,0,0,0
07233,09577,0,0,0
07233,09661,0,0,0
07233,09662,0,0,0
07233,09663,0,0,0
07233,09671,0,0,0
07233,09672,0,0,0
07233,09673,0,0,0
07233,09674,0,0,0
07233,09675,0,0,0
07233,09676,0,0,0
07233,09677,0,0,0
07233,09678,0,0,0
07233,09679,0,0,0
07233,09761,0,0,0
07233,09762,0,0,0
07233,09763,0,0,0
07233,09764,0,0,0
07233,09771,0,0,0
07233,09772,0,0,0
07233,09773,0,0,0
07233,09774,0,0,0
07233,09775,0,0,0
07233,09776,0,0,0
07233,09777,0,0,0
07233,09778,0,0,0
07233,09779,0,0,0
07233,09780,0,0,0
07233,10041,33,12,21
07233,10042,19,0,19
07233,10043,0,0,0
07233,10044,11,0,11
07233,10045,0,0,0
07233,10046,0,0,0
07233,11000,49,18,31
07233,12051,0,0,0
07233,12052,0,0,0
07233,12053,0,0,0
07233,12054,0,0,0
07233,12060,0,0,0
07233,12061,0,0,0
07233,12062,0,0,0
07233,12063,0,0,0
07233,12064,0,0,0
07233,12065,0,0,0
07233,12066,0,0,0
07233,12067,0,0,0
07233,12068,0,0,0
07233,12069,0,0,0
07233,12070,0,0,0
07233,12071,0,0,0
07233,12072,0,0,0
07233,12073,0,0,0
07233,13003,0,0,0
07233,13004,0,0,0
07233,13071,0,0,0
07233,13072,0,0,0
07233,13073,0,0,0
07233,13074,0,0,0
07233,13075,0,0,0
07233,13076,0,0,0
07233,14511,0,0,0
07233,14521,0,0,0
07233,14522,0,0,0
07233,14523,0,0,0
07233,14524,0,0,0
07233,14612,0,0,0
07233,14625,0,0,0
07233,14626,0,0,0
07233,14627,0,0,0
07233,14628,0,0,0
07233,14713,0,0,0
07233,14729,0,0,0
07233,14730,0,0,0
07233,15001,0,0,0
07233,15002,0,0,0
07233,15003,0,0,0
07233,15081,0,0,0
07233,15082,0,0,0
07233,15083,0,0,0
07233,15084,0,0,0
07233,15085,0,0,0
07233,15086,0,0,0
07233,15087,0,0,0
07233,15088,0,0,0
07233,15089,10,10,0
07233,15090,0,0,0
07233,15091,0,0,0
07233,16051,0,0,0
07233,16052,0,0,0
07233,16053,0,0,0
07233,16054,0,0,0
07233,16055,0,0,0
07233,16056,0,0,0
07233,16061,0,0,0
07233,16062,0,0,0
07233,16063,0,0,0
07233,16064,0,0,0
07233,16065,0,0,0
07233,16066,0,0,0
07233,16067,0,0,0
07233,16068,0,0,0
07233,16069,0,0,0
07233,16070,0,0,0
07233,16071,0,0,0
07233,16072,0,0,0
07233,16073,0,0,0
07233,16074,0,0,0
07233,16075,0,0,0
07233,16076,0,0,0
07233,16077,0,0,0
07235,01001,0,0,0
07235,01002,0,0,0
07235,01003,0,0,0
07235,01004,0,0,0
07235,01051,0,0,0
07235,01053,0,0,0
07235,01054,0,0,0
07235,01055,0,0,0
07235,01056,0,0,0
07235,01057,0,0,0
07235,01058,0,0,0
07235,01059,0,0,0
07235,01060,0,0,0
07235,01061,0,0,0
07235,01062,0,0,0
07235,02000,55,10,45
07235,03101,0,0,0
07235,03102,0,0,0
07235,03103,0,0,0
07235,03151,0,0,0
07235,03153,0,0,0
07235,03154,0,0,0
07235,03155,0,0,0
07235,03157,0,0,0
07235,03158,0,0,0
07235,03159,0,0,0
07235,03241,15,0,15
07235,03251,0,0,0
07235,03252,0,0,0
07235,03254,0,0,0
07235,03255,0,0,0
07235,03256,0,0,0
07235,03257,0,0,0
07235,03351,0,0,0
07235,03352,0,0,0
07235,03353,0,0,0
07235,03354,0,0,0
07235,03355,0,0,0
07235,03356,0,0,0
07235,03357,0,0,0
07235,03358,0,0,0
07235,03359,0,0,0
07235,03360,0,0,0
07235,03361,0,0,0
07235,03401,0,0,0
07235,03402,0,0,0
07235,03403,0,0,0
07235,03404,0,0,0
07235,03405,0,0,0
07235,03451,0,0,0
07235,03452,0,0,0
07235,03453,0,0,0
07235,03454,0,0,0
07235,03455,0,0,0
07235,03456,0,0,0
07235,03457,0,0,0
07235,03458,0,0,0
07235,03459,0,0,0
07235,03460,0,0,0
07235,03461,0,0,0
07235,03462,0,0,0
07235,04011,0,0,0
07235,04012,0,0,0
07235,05111,77,0,77
07235,05112,0,0,0
07235,05113,13,0,13
07235,05114,0,0,0
07235,05116,0,0,0
07235,05117,0,0,0
07235,05119,0,0,0
07235,05120,0,0,0
07235,05122,0,0,0
07235,05124,0,0,0
07235,05154,0,0,0
07235,05158,22,0,22
07235,05162,0,0,0
07235,05166,0,0,0
07235,05170,0,0,0
07235,05314,52,12,40
07235,05315,135,21,114
07235,05316,0,0,0
07235,05334,22,0,22
07235,05358,0,0,0
07235,05362,18,0,18
07235,05366,19,19,0
07235,05370,0,0,0
07235,05374,11,0,11
07235,05378,0,0,0
07235,05382,55,20,35
07235,05512,0,0,0
07235,05513,0,0,0
07235,05515,10,0,10
07235,05554,0,0,0
07235,05558,0,0,0
07235,05562,0,0,0
07235,05566,0,0,0
07235,05570,0,0,0
07235,05711,10,0,10
07235,05754,12,0,12
07235,05758,0,0,0
07235,05762,0,0,0
07235,05766,0,0,0
07235,05770,0,0,0
07235,05774,0,0,0
07235,05911,0,0,0
07235,05913,17,0,17
07235,05914,0,0,0
07235,05915,0,0,0
07235,05916,0,0,0
07235,05954,0,0,0
07235,05958,0,0,0
07235,05962,0,0,0
07235,05966,0,0,0
07235,05970,10,0,10
07235,05974,0,0,0
07235,05978,0,0,0
07235,06411,11,0,11
07235,06412,153,24,129
07235,06413,19,0,19
07235,06414,21,0,21
07235,06431,15,0,15
07235,06432,10,10,0
07235,06433,22,0,22
07235,06434,16,0,16
07235,06435,25,0,25
07235,06436,28,0,28
07235,06437,0,0,0
07235,06438,32,0,32
07235,06439,14,14,0
07235,06440,0,0,0
07235,06531,10,0,10
07235,06532,10,0,10
07235,06533,0,0,0
07235,06534,0,0,0
07235,06535,0,0,0
07235,06611,0,0,0
07235,06631,0,0,0
07235,06632,0,0,0
07235,06633,0,0,0
07235,06634,0,0,0
07235,06635,0,0,0
07235,06636,0,0,0
07235,07111,195,10,185
07235,07131,27,27,0
07235,07132,0,0,0
07235,07133,58,26,32
07235,07134,416,221,195
07235,07135,140,46,94
07235,07137,98,32,66
07235,07138,51,14,37
07235,07140,69,33,36
07235,07141,19,0,19
07235,07143,17,0,17
07235,07211,22794,4408,18386
07235,07231,4615,2651,1964
07235,07232,1899,1021,878
07235,07233,265,167,98
07235,07235,0,0,0
07235,07311,0,0,0
07235,07312,134,15,119
07235,07313,0,0,0
07235,07314,21,0,21
07235,07315,120,11,109
07235,07316,0,0,0
07235,07317,0,0,0
07235,07318,11,0,11
07235,07319,0,0,0
07235,07320,12,0,12
07235,07331,10,0,10
07235,07332,0,0,0
07235,07333,11,0,11
07235,07334,0,0,0
07235,07335,24,10,14
07235,07336,38,25,13
07235,07337,0,0,0
07235,07338,0,0,0
07235,07339,24,0,24
07235,07340,28,12,16
07235,08111,35,0,35
07235,08115,0,0,0
07235,08116,18,0,18
07235,08117,0,0,0
07235,08118,17,0,17
07235,08119,0,0,0
07235,08121,0,0,0
07235,08125,12,0,12
07235,08126,21,0,21
07235,08127,0,0,0
07235,08128,0,0,0
07235,08135,0,0,0
07235,08136,13,13,0
07235,08211,0,0,0
07235,08212,22,0,22
07235,08215,14,0,14
07235,08216,17,0,17
07235,08221,10,0,10
07235,08222,41,0,41
07235,08225,0,0,0
07235,08226,16,0,16
07235,08231,0,0,0
07235,08235,0,0,0
07235,08236,0,0,0
07235,08237,0,0,0
07235,08311,0,0,0
07235,08315,0,0,0
07235,08316,0,0,0
07235,08317,14,0,14
07235,08325,0,0,0
07235,08326,0,0,0
07235,08327,0,0,0
07235,08335,0,0,0
07235,08336,0,0,0
07235,08337,0,0,0
07235,08415,0,0,0
07235,08416,0,0,0
07235,08417,0,0,0
07235,08421,0,0,0
07235,08425,0,0,0
07235,08426,0,0,0
07235,08435,0,0,0
07235,08436,0,0,0
07235,08437,0,0,0
07235,09161,12,0,12
07235,09162,74,18,56
07235,09163,0,0,0
07235,09171,0,0,0
07235,09172,0,0,0
07235,09173,0,0,0
07235,09174,0,0,0
07235,09175,0,0,0
07235,09176,0,0,0
07235,09177,0,0,0
07235,09178,0,0,0
07235,09179,0,0,0
07235,09180,0,0,0
07235,09181,0,0,0
07235,09182,0,0,0
07235,09183,0,0,0
07235,09184,27,0,27
07235,09185,0,0,0
07235,09186,0,0,0
07235,09187,0,0,0
07235,09188,0,0,0
07235,09189,0,0,0
07235,09190,0,0,0
07235,09261,0,0,0
07235,09262,0,0,0
07235,09263,0,0,0
07235,09271,0,0,0
07235,09272,0,0,0
07235,09273,0,0,0
07235,09274,21,0,21
07235,09275,0,0,0
07235,09276,0,0,0
07235,09277,0,0,0
07235,09278,0,0,0
07235,09279,0,0,0
07235,09361,0,0,0
07235,09362,0,0,0
07235,09363,0,0,0
07235,09371,0,0,0
07235,09372,0,0,0
07235,09373,0,0,0
07235,09374,0,0,0
07235,09375,0,0,0
07235,09376,0,0,0
07235,09377,0,0,0
07235,09461,0,0,0
07235,09462,0,0,0
07235,09463,0,0,0
07235,09464,0,0,0
07235,09471,0,0,0
07235,09472,0,0,0
07235,09473,0,0,0
07235,09474,0,0,0
07235,09475,0,0,0
07235,09476,0,0,0
07235,09477,0,0,0
07235,09478,0,0,0
07235,09479,0,0,0
07235,09561,0,0,0
07235,09562,0,0,0
07235,09563,0,0,0
07235,09564,11,0,11
07235,09565,0,0,0
07235,09571,0,0,0
07235,09572,0,0,0
07235,09573,0,0,0
07235,09574,0,0,0
07235,09575,0,0,0
07235,09576,0,0,0
07235,09577,0,0,0
07235,09661,0,0,0
07235,09662,0,0,0
07235,09663,0,0,0
07235,09671,0,0,0
07235,09672,0,0,0
07235,09673,0,0,0
07235,09674,0,0,0
07235,09675,0,0,0
07235,09676,0,0,0
07235,09677,0,0,0
07235,09678,0,0,0
07235,09679,0,0,0
07235,09761,0,0,0
07235,09762,0,0,0
07235,09763,0,0,0
07235,09764,0,0,0
07235,09771,0,0,0
07235,09772,0,0,0
07235,09773,0,0,0
07235,09774,0,0,0
07235,09775,0,0,0
07235,09776,0,0,0
07235,09777,0,0,0
07235,09778,0,0,0
07235,09779,0,0,0
07235,09780,0,0,0
07235,10041,526,119,407
07235,10042,2609,1276,1333
07235,10043,163,96,67
07235,10044,407,187,220
07235,10045,118,42,76
07235,10046,1035,518,517
07235,11000,72,12,60
07235,12051,0,0,0
07235,12052,0,0,0
07235,12053,0,0,0
07235,12054,0,0,0
07235,12060,0,0,0
07235,12061,0,0,0
07235,12062,0,0,0
07235,12063,0,0,0
07235,12064,0,0,0
07235,12065,0,0,0
07235,12066,0,0,0
07235,12067,0,0,0
07235,12068,0,0,0
07235,12069,0,0,0
07235,12070,0,0,0
07235,12071,0,0,0
07235,12072,0,0,0
07235,12073,0,0,0
07235,13003,0,0,0
07235,13004,0,0,0
07235,13071,0,0,0
07235,13072,0,0,0
07235,13073,0,0,0
07235,13074,0,0,0
07235,13075,0,0,0
07235,13076,0,0,0
07235,14511,0,0,0
07235,14521,0,0,0
07235,14522,0,0,0
07235,14523,0,0,0
07235,14524,0,0,0
07235,14612,0,0,0
07235,14625,0,0,0
07235,14626,0,0,0
07235,14627,0,0,0
07235,14628,0,0,0
07235,14713,0,0,0
07235,14729,0,0,0
07235,14730,0,0,0
07235,15001,0,0,0
07235,15002,0,0,0
07235,15003,0,0,0
07235,15081,0,0,0
07235,15082,0,0,0
07235,15083,0,0,0
07235,15084,0,0,0
07235,15085,0,0,0
07235,15086,0,0,0
07235,15087,0,0,0
07235,15088,0,0,0
07235,15089,0,0,0
07235,15090,0,0,0
07235,15091,0,0,0
07235,16051,0,0,0
07235,16052,0,0,0
07235,16053,0,0,0
07235,16054,0,0,0
07235,16055,0,0,0
07235,16056,0,0,0
07235,16061,0,0,0
07235,16062,0,0,0
07235,16063,0,0,0
07235,16064,0,0,0
07235,16065,0,0,0
07235,16066,0,0,0
07235,16067,0,0,0
07235,16068,0,0,0
07235,16069,0,0,0
07235,16070,0,0,0
07235,16071,0,0,0
07235,16072,0,0,0
07235,16073,0,0,0
07235,16074,0,0,0
07235,16075,0,0,0
07235,16076,0,0,0
07235,16077,0,0,0
07311,01001,0,0,0
07311,01002,0,0,0
07311,01003,0,0,0
07311,01004,0,0,0
07311,01051,0,0,0
07311,01053,0,0,0
07311,01054,0,0,0
07311,01055,0,0,0
07311,01056,0,0,0
07311,01057,0,0,0
07311,01058,0,0,0
07311,01059,0,0,0
07311,01060,0,0,0
07311,01061,0,0,0
07311,01062,0,0,0
07311,02000,18,0,18
07311,03101,0,0,0
07311,03102,0,0,0
07311,03103,0,0,0
07311,03151,0,0,0
07311,03153,0,0,0
07311,03154,0,0,0
07311,03155,0,0,0
07311,03157,0,0,0
07311,03158,0,0,0
07311,03159,0,0,0
07311,03241,15,15,0
07311,03251,0,0,0
07311,03252,0,0,0
07311,03254,0,0,0
07311,03255,0,0,0
07311,03256,0,0,0
07311,03257,0,0,0
07311,03351,0,0,0
07311,03352,0,0,0
07311,03353,0,0,0
07311,03354,0,0,0
07311,03355,0,0,0
07311,03356,0,0,0
07311,03357,0,0,0
07311,03358,0,0,0
07311,03359,0,0,0
07311,03360,0,0,0
07311,03361,0,0,0
07311,03401,0,0,0
07311,03402,0,0,0
07311,03403,0,0,0
07311,03404,22,0,22
07311,03405,0,0,0
07311,03451,0,0,0
07311,03452,0,0,0
07311,03453,0,0,0
07311,03454,20,0,20
07311,03455,0,0,0
07311,03456,0,0,0
07311,03457,0,0,0
07311,03458,0,0,0
07311,03459,0,0,0
07311,03460,0,0,0
07311,03461,0,0,0
07311,03462,0,0,0
07311,04011,0,0,0
07311,04012,0,0,0
07311,05111,11,0,11
07311,05112,16,0,16
07311,05113,10,10,0
07311,05114,0,0,0
07311,05116,0,0,0
07311,05117,0,0,0
07311,05119,0,0,0
07311,05120,0,0,0
07311,05122,0,0,0
07311,05124,0,0,0
07311,05154,0,0,0
07311,05158,11,0,11
07311,05162,0,0,0
07311,05166,0,0,0
07311,05170,0,0,0
07311,05314,0,0,0
07311,05315,36,12,24
07311,05316,0,0,0
07311,05334,0,0,0
07311,05358,0,0,0
07311,05362,21,10,11
07311,05366,0,0,0
07311,05370,0,0,0
07311,05374,0,0,0
07311,05378,0,0,0
07311,05382,0,0,0
07311,05512,0,0,0
07311,05513,0,0,0
07311,05515,0,0,0
07311,05554,0,0,0
07311,05558,0,0,0
07311,05562,26,10,16
07311,05566,0,0,0
07311,05570,0,0,0
07311,05711,0,0,0
07311,05754,0,0,0
07311,05758,0,0,0
07311,05762,0,0,0
07311,05766,0,0,0
07311,05770,0,0,0
07311,05774,0,0,0
07311,05911,0,0,0
07311,05913,0,0,0
07311,05914,0,0,0
07311,05915,0,0,0
07311,05916,0,0,0
07311,05954,0,0,0
07311,05958,0,0,0
07311,05962,0,0,0
07311,05966,0,0,0
07311,05970,0,0,0
07311,05974,0,0,0
07311,05978,0,0,0
07311,06411,55,19,36
07311,06412,169,39,130
07311,06413,0,0,0
07311,06414,57,25,32
07311,06431,795,501,294
07311,06432,94,60,34
07311,06433,72,37,35
07311,06434,36,20,16
07311,06435,28,10,18
07311,06436,35,12,23
07311,06437,0,0,0
07311,06438,61,32,29
07311,06439,12,12,0
07311,06440,15,15,0
07311,06531,15,15,0
07311,06532,0,0,0
07311,06533,0,0,0
07311,06534,0,0,0
07311,06535,0,0,0
07311,06611,0,0,0
07311,06631,0,0,0
07311,06632,0,0,0
07311,06633,0,0,0
07311,06634,0,0,0
07311,06635,0,0,0
07311,06636,0,0,0
07311,07111,12,12,0
07311,07131,0,0,0
07311,07132,13,13,0
07311,07133,56,39,17
07311,07134,0,0,0
07311,07135,0,0,0
07311,07137,25,25,0
07311,07138,0,0,0
07311,07140,0,0,0
07311,07141,79,79,0
07311,07143,0,0,0
07311,07211,0,0,0
07311,07231,0,0,0
07311,07232,0,0,0
07311,07233,0,0,0
07311,07235,0,0,0
07311,07311,0,0,0
07311,07312,232,160,72
07311,07313,101,49,52
07311,07314,5870,2070,3800
07311,07315,148,57,91
07311,07316,266,194,72
07311,07317,12,12,0
07311,07318,422,175,247
07311,07319,1564,968,596
07311,07320,11,11,0
07311,07331,499,418,81
07311,07332,2565,1982,583
07311,07333,410,329,81
07311,07334,140,84,56
07311,07335,132,118,14
07311,07336,41,41,0
07311,07337,158,107,51
07311,07338,3840,2776,1064
07311,07339,86,65,21
07311,07340,34,34,0
07311,08111,56,13,43
07311,08115,0,0,0
07311,08116,10,10,0
07311,08117,0,0,0
07311,08118,25,11,14
07311,08119,0,0,0
07311,08121,0,0,0
07311,08125,0,0,0
07311,08126,0,0,0
07311,08127,0,0,0
07311,08128,0,0,0
07311,08135,0,0,0
07311,08136,0,0,0
07311,08211,22,0,22
07311,08212,165,64,101
07311,08215,133,80,53
07311,08216,11,11,0
07311,08221,241,91,150
07311,08222,3138,1016,2122
07311,08225,11,11,0
07311,08226,784,437,347
07311,08231,0,0,0
07311,08235,0,0,0
07311,08236,0,0,0
07311,08237,0,0,0
07311,08311,0,0,0
07311,08315,0,0,0
07311,08316,0,0,0
07311,08317,0,0,0
07311,08325,0,0,0
07311,08326,0,0,0
07311,08327,0,0,0
07311,08335,0,0,0
07311,08336,0,0,0
07311,08337,0,0,0
07311,08415,0,0,0
07311,08416,0,0,0
07311,08417,0,0,0
07311,08421,0,0,0
07311,08425,0,0,0
07311,08426,0,0,0
07311,08435,0,0,0
07311,08436,0,0,0
07311,08437,0,0,0
07311,09161,0,0,0
07311,09162,51,15,36
07311,09163,0,0,0
07311,09171,0,0,0
07311,09172,0,0,0
07311,09173,0,0,0
07311,09174,0,0,0
07311,09175,0,0,0
07311,09176,0,0,0
07311,09177,0,0,0
07311,09178,0,0,0
07311,09179,0,0,0
07311,09180,0,0,0
07311,09181,0,0,0
07311,09182,0,0,0
07311,09183,0,0,0
07311,09184,0,0,0
07311,09185,0,0,0
07311,09186,0,0,0
07311,09187,0,0,0
07311,09188,0,0,0
07311,09189,0,0,0
07311,09190,0,0,0
07311,09261,0,0,0
07311,09262,0,0,0
07311,09263,0,0,0
07311,09271,0,0,0
07311,09272,0,0,0
07311,09273,0,0,0
07311,09274,0,0,0
07311,09275,0,0,0
07311,09276,0,0,0
07311,09277,0,0,0
07311,09278,0,0,0
07311,09279,0,0,0
07311,09361,0,0,0
07311,09362,0,0,0
07311,09363,0,0,0
07311,09371,0,0,0
07311,09372,0,0,0
07311,09373,0,0,0
07311,09374,0,0,0
07311,09375,0,0,0
07311,09376,0,0,0
07311,09377,0,0,0
07311,09461,0,0,0
07311,09462,0,0,0
07311,09463,0,0,0
07311,09464,0,0,0
07311,09471,0,0,0
07311,09472,25,25,0
07311,09473,0,0,0
07311,09474,0,0,0
07311,09475,0,0,0
07311,09476,0,0,0
07311,09477,0,0,0
07311,09478,0,0,0
07311,09479,0,0,0
07311,09561,0,0,0
07311,09562,0,0,0
07311,09563,0,0,0
07311,09564,0,0,0
07311,09565,0,0,0
07311,09571,0,0,0
07311,09572,0,0,0
07311,09573,0,0,0
07311,09574,0,0,0
07311,09575,0,0,0
07311,09576,0,0,0
07311,09577,0,0,0
07311,09661,0,0,0
07311,09662,0,0,0
07311,09663,0,0,0
07311,09671,0,0,0
07311,09672,0,0,0
07311,09673,0,0,0
07311,09674,0,0,0
07311,09675,0,0,0
07311,09676,0,0,0
07311,09677,0,0,0
07311,09678,0,0,0
07311,09679,0,0,0
07311,09761,0,0,0
07311,09762,0,0,0
07311,09763,0,0,0
07311,09764,0,0,0
07311,09771,0,0,0
07311,09772,0,0,0
07311,09773,0,0,0
07311,09774,0,0,0
07311,09775,0,0,0
07311,09776,0,0,0
07311,09777,0,0,0
07311,09778,0,0,0
07311,09779,0,0,0
07311,09780,0,0,0
07311,10041,24,10,14
07311,10042,0,0,0
07311,10043,19,19,0
07311,10044,0,0,0
07311,10045,26,26,0
07311,10046,0,0,0
07311,11000,33,18,15
07311,12051,0,0,0
07311,12052,0,0,0
07311,12053,0,0,0
07311,12054,0,0,0
07311,12060,0,0,0
07311,12061,0,0,0
07311,12062,0,0,0
07311,12063,0,0,0
07311,12064,0,0,0
07311,12065,0,0,0
07311,12066,0,0,0
07311,12067,0,0,0
07311,12068,0,0,0
07311,12069,0,0,0
07311,12070,0,0,0
07311,12071,0,0,0
07311,12072,0,0,0
07311,12073,0,0,0
07311,13003,0,0,0
07311,13004,0,0,0
07311,13071,0,0,0
07311,13072,0,0,0
07311,13073,0,0,0
07311,13074,0,0,0
07311,13075,0,0,0
07311,13076,0,0,0
07311,14511,0,0,0
07311,14521,0,0,0
07311,14522,0,0,0
07311,14523,0,0,0
07311,14524,0,0,0
07311,14612,0,0,0
07311,14625,0,0,0
07311,14626,0,0,0
07311,14627,0,0,0
07311,14628,0,0,0
07311,14713,0,0,0
07311,14729,0,0,0
07311,14730,0,0,0
07311,15001,0,0,0
07311,15002,0,0,0
07311,15003,0,0,0
07311,15081,0,0,0
07311,15082,0,0,0
07311,15083,0,0,0
07311,15084,0,0,0
07311,15085,0,0,0
07311,15086,0,0,0
07311,15087,0,0,0
07311,15088,0,0,0
07311,15089,0,0,0
07311,15090,0,0,0
07311,15091,0,0,0
07311,16051,0,0,0
07311,16052,0,0,0
07311,16053,0,0,0
07311,16054,0,0,0
07311,16055,0,0,0
07311,16056,0,0,0
07311,16061,0,0,0
07311,16062,0,0,0
07311,16063,0,0,0
07311,16064,0,0,0
07311,16065,0,0,0
07311,16066,0,0,0
07311,16067,0,0,0
07311,16068,0,0,0
07311,16069,0,0,0
07311,16070,0,0,0
07311,16071,0,0,0
07311,16072,0,0,0
07311,16073,0,0,0
07311,16074,0,0,0
07311,16075,0,0,0
07311,16076,0,0,0
07311,16077,0,0,0
07312,01001,0,0,0
07312,01002,0,0,0
07312,01003,0,0,0
07312,01004,0,0,0
07312,01051,0,0,0
07312,01053,0,0,0
07312,01054,0,0,0
07312,01055,0,0,0
07312,01056,0,0,0
07312,01057,0,0,0
07312,01058,0,0,0
07312,01059,0,0,0
07312,01060,0,0,0
07312,01061,0,0,0
07312,01062,0,0,0
07312,02000,64,20,44
07312,03101,11,0,11
07312,03102,0,0,0
07312,03103,0,0,0
07312,03151,0,0,0
07312,03153,0,0,0
07312,03154,0,0,0
07312,03155,0,0,0
07312,03157,0,0,0
07312,03158,0,0,0
07312,03159,0,0,0
07312,03241,36,13,23
07312,03251,0,0,0
07312,03252,0,0,0
07312,03254,0,0,0
07312,03255,0,0,0
07312,03256,0,0,0
07312,03257,0,0,0
07312,03351,0,0,0
07312,03352,0,0,0
07312,03353,0,0,0
07312,03354,0,0,0
07312,03355,0,0,0
07312,03356,0,0,0
07312,03357,0,0,0
07312,03358,0,0,0
07312,03359,0,0,0
07312,03360,0,0,0
07312,03361,0,0,0
07312,03401,0,0,0
07312,03402,0,0,0
07312,03403,0,0,0
07312,03404,0,0,0
07312,03405,0,0,0
07312,03451,0,0,0
07312,03452,0,0,0
07312,03453,0,0,0
07312,03454,11,0,11
07312,03455,0,0,0
07312,03456,0,0,0
07312,03457,0,0,0
07312,03458,0,0,0
07312,03459,0,0,0
07312,03460,0,0,0
07312,03461,0,0,0
07312,03462,0,0,0
07312,04011,16,16,0
07312,04012,0,0,0
07312,05111,49,10,39
07312,05112,0,0,0
07312,05113,142,12,130
07312,05114,13,0,13
07312,05116,0,0,0
07312,05117,0,0,0
07312,05119,0,0,0
07312,05120,0,0,0
07312,05122,0,0,0
07312,05124,0,0,0
07312,05154,0,0,0
07312,05158,23,0,23
07312,05162,0,0,0
07312,05166,0,0,0
07312,05170,0,0,0
07312,05314,27,12,15
07312,05315,118,22,96
07312,05316,0,0,0
07312,05334,31,11,20
07312,05358,0,0,0
07312,05362,19,0,19
07312,05366,0,0,0
07312,05370,0,0,0
07312,05374,21,0,21
07312,05378,0,0,0
07312,05382,12,0,12
07312,05512,0,0,0
07312,05513,0,0,0
07312,05515,0,0,0
07312,05554,0,0,0
07312,05558,0,0,0
07312,05562,0,0,0
07312,05566,0,0,0
07312,05570,0,0,0
07312,05711,0,0,0
07312,05754,0,0,0
07312,05758,0,0,0
07312,05762,0,0,0
07312,05766,0,0,0
07312,05770,0,0,0
07312,05774,0,0,0
07312,05911,0,0,0
07312,05913,11,0,11
07312,05914,0,0,0
07312,05915,0,0,0
07312,05916,0,0,0
07312,05954,0,0,0
07312,05958,0,0,0
07312,05962,0,0,0
07312,05966,0,0,0
07312,05970,0,0,0
07312,05974,0,0,0
07312,05978,0,0,0
07312,06411,67,36,31
07312,06412,366,62,304
07312,06413,0,0,0
07312,06414,160,60,100
07312,06431,144,82,62
07312,06432,69,34,35
07312,06433,83,20,63
07312,06434,94,12,82
07312,06435,164,12,152
07312,06436,70,22,48
07312,06437,0,0,0
07312,06438,106,21,85
07312,06439,17,17,0
07312,06440,0,0,0
07312,06531,24,11,13
07312,06532,0,0,0
07312,06533,22,11,11
07312,06534,0,0,0
07312,06535,0,0,0
07312,06611,0,0,0
07312,06631,0,0,0
07312,06632,0,0,0
07312,06633,0,0,0
07312,06634,0,0,0
07312,06635,0,0,0
07312,06636,0,0,0
07312,07111,56,15,41
07312,07131,0,0,0
07312,07132,0,0,0
07312,07133,328,222,106
07312,07134,302,243,59
07312,07135,0,0,0
07312,07137,28,14,14
07312,07138,12,12,0
07312,07140,102,57,45
07312,07141,0,0,0
07312,07143,89,11,78
07312,07211,197,138,59
07312,07231,83,70,13
07312,07232,53,36,17
07312,07233,0,0,0
07312,07235,134,119,15
07312,07311,232,72,160
07312,07312,0,0,0
07312,07313,143,56,87
07312,07314,761,220,541
07312,07315,309,100,209
07312,07316,443,229,214
07312,07317,821,532,289
07312,07318,209,38,171
07312,07319,178,101,77
07312,07320,414,305,109
07312,07331,349,192,157
07312,07332,1124,764,360
07312,07333,3414,2271,1143
07312,07334,164,79,85
07312,07335,18467,14609,3858
07312,07336,3959,3612,347
07312,07337,306,116,190
07312,07338,266,180,86
07312,07339,167,82,85
07312,07340,3104,2756,348
07312,08111,186,43,143
07312,08115,49,26,23
07312,08116,43,26,17
07312,08117,0,0,0
07312,08118,47,12,35
07312,08119,23,0,23
07312,08121,0,0,0
07312,08125,23,0,23
07312,08126,11,0,11
07312,08127,0,0,0
07312,08128,0,0,0
07312,08135,0,0,0
07312,08136,0,0,0
07312,08211,18,0,18
07312,08212,119,23,96
07312,08215,78,32,46
07312,08216,18,0,18
07312,08221,109,60,49
07312,08222,803,248,555
07312,08225,0,0,0
07312,08226,365,168,197
07312,08231,0,0,0
07312,08235,0,0,0
07312,08236,0,0,0
07312,08237,0,0,0
07312,08311,29,14,15
07312,08315,21,21,0
07312,08316,14,14,0
07312,08317,32,14,18
07312,08325,0,0,0
07312,08326,0,0,0
07312,08327,0,0,0
07312,08335,0,0,0
07312,08336,0,0,0
07312,08337,0,0,0
07312,08415,0,0,0
07312,08416,11,11,0
07312,08417,0,0,0
07312,08421,0,0,0
07312,08425,0,0,0
07312,08426,0,0,0
07312,08435,0,0,0
07312,08436,0,0,0
07312,08437,0,0,0
07312,09161,31,0,31
07312,09162,173,37,136
07312,09163,0,0,0
07312,09171,0,0,0
07312,09172,0,0,0
07312,09173,0,0,0
07312,09174,0,0,0
07312,09175,0,0,0
07312,09176,0,0,0
07312,09177,0,0,0
07312,09178,0,0,0
07312,09179,0,0,0
07312,09180,0,0,0
07312,09181,0,0,0
07312,09182,0,0,0
07312,09183,0,0,0
07312,09184,29,0,29
07312,09185,0,0,0
07312,09186,0,0,0
07312,09187,0,0,0
07312,09188,0,0,0
07312,09189,0,0,0
07312,09190,0,0,0
07312,09261,0,0,0
07312,09262,0,0,0
07312,09263,0,0,0
07312,09271,0,0,0
07312,09272,0,0,0
07312,09273,0,0,0
07312,09274,0,0,0
07312,09275,0,0,0
07312,09276,0,0,0
07312,09277,0,0,0
07312,09278,0,0,0
07312,09279,0,0,0
07312,09361,14,0,14
07312,09362,0,0,0
07312,09363,0,0,0
07312,09371,12,12,0
07312,09372,0,0,0
07312,09373,0,0,0
07312,09374,31,31,0
07312,09375,0,0,0
07312,09376,0,0,0
07312,09377,0,0,0
07312,09461,0,0,0
07312,09462,0,0,0
07312,09463,0,0,0
07312,09464,0,0,0
07312,09471,0,0,0
07312,09472,0,0,0
07312,09473,0,0,0
07312,09474,0,0,0
07312,09475,0,0,0
07312,09476,0,0,0
07312,09477,0,0,0
07312,09478,0,0,0
07312,09479,0,0,0
07312,09561,0,0,0
07312,09562,0,0,0
07312,09563,0,0,0
07312,09564,44,14,30
07312,09565,0,0,0
07312,09571,0,0,0
07312,09572,0,0,0
07312,09573,0,0,0
07312,09574,0,0,0
07312,09575,0,0,0
07312,09576,0,0,0
07312,09577,0,0,0
07312,09661,0,0,0
07312,09662,0,0,0
07312,09663,18,0,18
07312,09671,0,0,0
07312,09672,0,0,0
07312,09673,0,0,0
07312,09674,0,0,0
07312,09675,0,0,0
07312,09676,0,0,0
07312,09677,0,0,0
07312,09678,0,0,0
07312,09679,0,0,0
07312,09761,0,0,0
07312,09762,0,0,0
07312,09763,0,0,0
07312,09764,0,0,0
07312,09771,0,0,0
07312,09772,0,0,0
07312,09773,0,0,0
07312,09774,0,0,0
07312,09775,0,0,0
07312,09776,0,0,0
07312,09777,0,0,0
07312,09778,0,0,0
07312,09779,0,0,0
07312,09780,0,0,0
07312,10041,799,402,397
07312,10042,79,48,31
07312,10043,391,295,96
07312,10044,164,99,65
07312,10045,1114,682,432
07312,10046,273,229,44
07312,11000,162,69,93
07312,12051,0,0,0
07312,12052,0,0,0
07312,12053,0,0,0
07312,12054,0,0,0
07312,12060,0,0,0
07312,12061,0,0,0
07312,12062,0,0,0
07312,12063,0,0,0
07312,12064,0,0,0
07312,12065,0,0,0
07312,12066,0,0,0
07312,12067,0,0,0
07312,12068,0,0,0
07312,12069,0,0,0
07312,12070,0,0,0
07312,12071,0,0,0
07312,12072,0,0,0
07312,12073,0,0,0
07312,13003,0,0,0
07312,13004,0,0,0
07312,13071,0,0,0
07312,13072,0,0,0
07312,13073,0,0,0
07312,13074,0,0,0
07312,13075,0,0,0
07312,13076,0,0,0
07312,14511,0,0,0
07312,14521,0,0,0
07312,14522,0,0,0
07312,14523,0,0,0
07312,14524,0,0,0
07312,14612,12,12,0
07312,14625,0,0,0
07312,14626,0,0,0
07312,14627,0,0,0
07312,14628,0,0,0
07312,14713,12,0,12
07312,14729,0,0,0
07312,14730,0,0,0
07312,15001,0,0,0
07312,15002,0,0,0
07312,15003,0,0,0
07312,15081,0,0,0
07312,15082,0,0,0
07312,15083,0,0,0
07312,15084,0,0,0
07312,15085,0,0,0
07312,15086,0,0,0
07312,15087,0,0,0
07312,15088,0,0,0
07312,15089,0,0,0
07312,15090,0,0,0
07312,15091,0,0,0
07312,16051,0,0,0
07312,16052,0,0,0
07312,16053,0,0,0
07312,16054,0,0,0
07312,16055,0,0,0
07312,16056,0,0,0
07312,16061,0,0,0
07312,16062,0,0,0
07312,16063,0,0,0
07312,16064,0,0,0
07312,16065,0,0,0
07312,16066,0,0,0
07312,16067,0,0,0
07312,16068,0,0,0
07312,16069,0,0,0
07312,16070,0,0,0
07312,16071,0,0,0
07312,16072,0,0,0
07312,16073,0,0,0
07312,16074,0,0,0
07312,16075,0,0,0
07312,16076,0,0,0
07312,16077,0,0,0
07313,01001,0,0,0
07313,01002,0,0,0
07313,01003,0,0,0
07313,01004,0,0,0
07313,01051,0,0,0
07313,01053,0,0,0
07313,01054,0,0,0
07313,01055,0,0,0
07313,01056,0,0,0
07313,01057,0,0,0
07313,01058,0,0,0
07313,01059,0,0,0
07313,01060,0,0,0
07313,01061,0,0,0
07313,01062,0,0,0
07313,02000,19,0,19
07313,03101,0,0,0
07313,03102,0,0,0
07313,03103,0,0,0
07313,03151,0,0,0
07313,03153,0,0,0
07313,03154,0,0,0
07313,03155,0,0,0
07313,03157,0,0,0
07313,03158,0,0,0
07313,03159,0,0,0
07313,03241,0,0,0
07313,03251,0,0,0
07313,03252,0,0,0
07313,03254,0,0,0
07313,03255,0,0,0
07313,03256,0,0,0
07313,03257,0,0,0
07313,03351,0,0,0
07313,03352,0,0,0
07313,03353,0,0,0
07313,03354,0,0,0
07313,03355,0,0,0
07313,03356,0,0,0
07313,03357,0,0,0
07313,03358,0,0,0
07313,03359,0,0,0
07313,03360,0,0,0
07313,03361,0,0,0
07313,03401,0,0,0
07313,03402,0,0,0
07313,03403,0,0,0
07313,03404,13,0,13
07313,03405,0,0,0
07313,03451,0,0,0
07313,03452,0,0,0
07313,03453,0,0,0
07313,03454,0,0,0
07313,03455,0,0,0
07313,03456,0,0,0
07313,03457,0,0,0
07313,03458,0,0,0
07313,03459,0,0,0
07313,03460,10,10,0
07313,03461,0,0,0
07313,03462,0,0,0
07313,04011,0,0,0
07313,04012,0,0,0
07313,05111,24,0,24
07313,05112,0,0,0
07313,05113,0,0,0
07313,05114,0,0,0
07313,05116,0,0,0
07313,05117,0,0,0
07313,05119,0,0,0
07313,05120,0,0,0
07313,05122,0,0,0
07313,05124,0,0,0
07313,05154,0,0,0
07313,05158,0,0,0
07313,05162,0,0,0
07313,05166,0,0,0
07313,05170,0,0,0
07313,05314,0,0,0
07313,05315,16,0,16
07313,05316,0,0,0
07313,05334,0,0,0
07313,05358,0,0,0
07313,05362,0,0,0
07313,05366,0,0,0
07313,05370,0,0,0
07313,05374,0,0,0
07313,05378,0,0,0
07313,05382,0,0,0
07313,05512,0,0,0
07313,05513,13,13,0
07313,05515,0,0,0
07313,05554,0,0,0
07313,05558,0,0,0
07313,05562,0,0,0
07313,05566,0,0,0
07313,05570,0,0,0
07313,05711,0,0,0
07313,05754,0,0,0
07313,05758,0,0,0
07313,05762,0,0,0
07313,05766,0,0,0
07313,05770,0,0,0
07313,05774,0,0,0
07313,05911,13,13,0
07313,05913,0,0,0
07313,05914,0,0,0
07313,05915,0,0,0
07313,05916,0,0,0
07313,05954,0,0,0
07313,05958,0,0,0
07313,05962,0,0,0
07313,05966,0,0,0
07313,05970,0,0,0
07313,05974,0,0,0
07313,05978,0,0,0
07313,06411,30,18,12
07313,06412,111,11,100
07313,06413,0,0,0
07313,06414,18,0,18
07313,06431,86,59,27
07313,06432,33,33,0
07313,06433,18,0,18
07313,06434,14,0,14
07313,06435,0,0,0
07313,06436,0,0,0
07313,06437,36,36,0
07313,06438,10,0,10
07313,06439,0,0,0
07313,06440,0,0,0
07313,06531,0,0,0
07313,06532,0,0,0
07313,06533,0,0,0
07313,06534,0,0,0
07313,06535,0,0,0
07313,06611,0,0,0
07313,06631,0,0,0
07313,06632,0,0,0
07313,06633,0,0,0
07313,06634,0,0,0
07313,06635,0,0,0
07313,06636,0,0,0
07313,07111,16,0,16
07313,07131,0,0,0
07313,07132,0,0,0
07313,07133,0,0,0
07313,07134,0,0,0
07313,07135,0,0,0
07313,07137,0,0,0
07313,07138,0,0,0
07313,07140,0,0,0
07313,07141,14,0,14
07313,07143,0,0,0
07313,07211,12,0,12
07313,07231,0,0,0
07313,07232,0,0,0
07313,07233,0,0,0
07313,07235,0,0,0
07313,07311,101,52,49
07313,07312,143,87,56
07313,07313,0,0,0
07313,07314,748,182,566
07313,07315,91,21,70
07313,07316,1367,916,451
07313,07317,160,107,53
07313,07318,679,219,460
07313,07319,151,131,20
07313,07320,47,37,10
07313,07331,37,37,0
07313,07332,787,631,156
07313,07333,24,24,0
07313,07334,4326,2661,1665
07313,07335,83,69,14
07313,07336,20,20,0
07313,07337,11073,7688,3385
07313,07338,559,432,127
07313,07339,15,15,0
07313,07340,933,839,94
07313,08111,74,14,60
07313,08115,22,0,22
07313,08116,25,10,15
07313,08117,0,0,0
07313,08118,43,22,21
07313,08119,12,12,0
07313,08121,10,10,0
07313,08125,31,15,16
07313,08126,0,0,0
07313,08127,0,0,0
07313,08128,0,0,0
07313,08135,0,0,0
07313,08136,0,0,0
07313,08211,21,0,21
07313,08212,1255,302,953
07313,08215,496,250,246
07313,08216,128,51,77
07313,08221,72,24,48
07313,08222,439,107,332
07313,08225,0,0,0
07313,08226,230,110,120
07313,08231,26,11,15
07313,08235,12,12,0
07313,08236,29,15,14
07313,08237,0,0,0
07313,08311,0,0,0
07313,08315,0,0,0
07313,08316,0,0,0
07313,08317,26,11,15
07313,08325,0,0,0
07313,08326,0,0,0
07313,08327,0,0,0
07313,08335,0,0,0
07313,08336,0,0,0
07313,08337,0,0,0
07313,08415,0,0,0
07313,08416,0,0,0
07313,08417,0,0,0
07313,08421,10,0,10
07313,08425,0,0,0
07313,08426,0,0,0
07313,08435,10,10,0
07313,08436,0,0,0
07313,08437,0,0,0
07313,09161,0,0,0
07313,09162,81,45,36
07313,09163,0,0,0
07313,09171,0,0,0
07313,09172,0,0,0
07313,09173,0,0,0
07313,09174,0,0,0
07313,09175,0,0,0
07313,09176,0,0,0
07313,09177,25,25,0
07313,09178,0,0,0
07313,09179,0,0,0
07313,09180,0,0,0
07313,09181,0,0,0
07313,09182,0,0,0
07313,09183,0,0,0
07313,09184,10,0,10
07313,09185,0,0,0
07313,09186,0,0,0
07313,09187,0,0,0
07313,09188,0,0,0
07313,09189,0,0,0
07313,09190,0,0,0
07313,09261,0,0,0
07313,09262,0,0,0
07313,09263,0,0,0
07313,09271,0,0,0
07313,09272,0,0,0
07313,09273,0,0,0
07313,09274,16,16,0
07313,09275,0,0,0
07313,09276,0,0,0
07313,09277,0,0,0
07313,09278,0,0,0
07313,09279,0,0,0
07313,09361,0,0,0
07313,09362,0,0,0
07313,09363,0,0,0
07313,09371,0,0,0
07313,09372,0,0,0
07313,09373,0,0,0
07313,09374,0,0,0
07313,09375,0,0,0
07313,09376,0,0,0
07313,09377,0,0,0
07313,09461,0,0,0
07313,09462,0,0,0
07313,09463,0,0,0
07313,09464,0,0,0
07313,09471,0,0,0
07313,09472,0,0,0
07313,09473,0,0,0
07313,09474,0,0,0
07313,09475,0,0,0
07313,09476,0,0,0
07313,09477,0,0,0
07313,09478,0,0,0
07313,09479,0,0,0
07313,09561,0,0,0
07313,09562,0,0,0
07313,09563,0,0,0
07313,09564,0,0,0
07313,09565,0,0,0
07313,09571,0,0,0
07313,09572,0,0,0
07313,09573,0,0,0
07313,09574,0,0,0
07313,09575,0,0,0
07313,09576,0,0,0
07313,09577,0,0,0
07313,09661,0,0,0
07313,09662,0,0,0
07313,09663,0,0,0
07313,09671,0,0,0
07313,09672,0,0,0
07313,09673,0,0,0
07313,09674,0,0,0
07313,09675,0,0,0
07313,09676,0,0,0
07313,09677,0,0,0
07313,09678,0,0,0
07313,09679,0,0,0
07313,09761,0,0,0
07313,09762,0,0,0
07313,09763,0,0,0
07313,09764,0,0,0
07313,09771,0,0,0
07313,09772,0,0,0
07313,09773,0,0,0
07313,09774,0,0,0
07313,09775,0,0,0
07313,09776,0,0,0
07313,09777,0,0,0
07313,09778,0,0,0
07313,09779,0,0,0
07313,09780,18,0,18
07313,10041,64,24,40
07313,10042,0,0,0
07313,10043,15,0,15
07313,10044,10,0,10
07313,10045,77,49,28
07313,10046,10,0,10
07313,11000,145,102,43
07313,12051,0,0,0
07313,12052,0,0,0
07313,12053,0,0,0
07313,12054,0,0,0
07313,12060,0,0,0
07313,12061,0,0,0
07313,12062,0,0,0
07313,12063,0,0,0
07313,12064,0,0,0
07313,12065,0,0,0
07313,12066,0,0,0
07313,12067,0,0,0
07313,12068,0,0,0
07313,12069,0,0,0
07313,12070,0,0,0
07313,12071,0,0,0
07313,12072,0,0,0
07313,12073,0,0,0
07313,13003,0,0,0
07313,13004,0,0,0
07313,13071,0,0,0
07313,13072,0,0,0
07313,13073,0,0,0
07313,13074,0,0,0
07313,13075,0,0,0
07313,13076,0,0,0
07313,14511,0,0,0
07313,14521,0,0,0
07313,14522,0,0,0
07313,14523,0,0,0
07313,14524,0,0,0
07313,14612,12,12,0
07313,14625,0,0,0
07313,14626,0,0,0
07313,14627,0,0,0
07313,14628,0,0,0
07313,14713,0,0,0
07313,14729,0,0,0
07313,14730,0,0,0
07313,15001,0,0,0
07313,15002,0,0,0
07313,15003,0,0,0
07313,15081,0,0,0
07313,15082,0,0,0
07313,15083,0,0,0
07313,15084,0,0,0
07313,15085,0,0,0
07313,15086,0,0,0
07313,15087,0,0,0
07313,15088,0,0,0
07313,15089,0,0,0
07313,15090,0,0,0
07313,15091,0,0,0
07313,16051,0,0,0
07313,16052,0,0,0
07313,16053,0,0,0
07313,16054,0,0,0
07313,16055,0,0,0
07313,16056,0,0,0
07313,16061,0,0,0
07313,16062,0,0,0
07313,16063,0,0,0
07313,16064,0,0,0
07313,16065,0,0,0
07313,16066,0,0,0
07313,16067,0,0,0
07313,16068,0,0,0
07313,16069,0,0,0
07313,16070,0,0,0
07313,16071,0,0,0
07313,16072,0,0,0
07313,16073,0,0,0
07313,16074,0,0,0
07313,16075,0,0,0
07313,16076,0,0,0
07313,16077,0,0,0
07314,01001,0,0,0
07314,01002,0,0,0
07314,01003,0,0,0
07314,01004,0,0,0
07314,01051,0,0,0
07314,01053,0,0,0
07314,01054,0,0,0
07314,01055,0,0,0
07314,01056,0,0,0
07314,01057,0,0,0
07314,01058,0,0,0
07314,01059,0,0,0
07314,01060,0,0,0
07314,01061,0,0,0
07314,01062,26,26,0
07314,02000,149,40,109
07314,03101,0,0,0
07314,03102,0,0,0
07314,03103,0,0,0
07314,03151,0,0,0
07314,03153,0,0,0
07314,03154,0,0,0
07314,03155,0,0,0
07314,03157,0,0,0
07314,03158,0,0,0
07314,03159,15,15,0
07314,03241,70,30,40
07314,03251,0,0,0
07314,03252,0,0,0
07314,03254,0,0,0
07314,03255,0,0,0
07314,03256,0,0,0
07314,03257,0,0,0
07314,03351,0,0,0
07314,03352,0,0,0
07314,03353,0,0,0
07314,03354,0,0,0
07314,03355,0,0,0
07314,03356,0,0,0
07314,03357,0,0,0
07314,03358,0,0,0
07314,03359,0,0,0
07314,03360,0,0,0
07314,03361,0,0,0
07314,03401,0,0,0
07314,03402,31,0,31
07314,03403,0,0,0
07314,03404,54,17,37
07314,03405,0,0,0
07314,03451,0,0,0
07314,03452,0,0,0
07314,03453,0,0,0
07314,03454,77,0,77
07314,03455,0,0,0
07314,03456,0,0,0
07314,03457,0,0,0
07314,03458,0,0,0
07314,03459,77,45,32
07314,03460,0,0,0
07314,03461,0,0,0
07314,03462,0,0,0
07314,04011,41,15,26
07314,04012,0,0,0
07314,05111,200,58,142
07314,05112,94,38,56
07314,05113,67,35,32
07314,05114,62,0,62
07314,05116,28,10,18
07314,05117,23,0,23
07314,05119,10,0,10
07314,05120,0,0,0
07314,05122,0,0,0
07314,05124,24,11,13
07314,05154,0,0,0
07314,05158,104,24,80
07314,05162,41,27,14
07314,05166,12,0,12
07314,05170,30,19,11
07314,05314,40,19,21
07314,05315,169,64,105
07314,05316,24,0,24
07314,05334,46,27,19
07314,05358,41,0,41
07314,05362,97,18,79
07314,05366,0,0,0
07314,05370,0,0,0
07314,05374,22,0,22
07314,05378,12,12,0
07314,05382,46,31,15
07314,05512,11,0,11
07314,05513,51,24,27
07314,05515,34,24,10
07314,05554,0,0,0
07314,05558,10,10,0
07314,05562,105,25,80
07314,05566,17,17,0
07314,05570,10,10,0
07314,05711,12,0,12
07314,05754,14,0,14
07314,05758,0,0,0
07314,05762,0,0,0
07314,05766,0,0,0
07314,05770,16,16,0
07314,05774,0,0,0
07314,05911,13,0,13
07314,05913,39,21,18
07314,05914,0,0,0
07314,05915,0,0,0
07314,05916,0,0,0
07314,05954,14,14,0
07314,05958,0,0,0
07314,05962,0,0,0
07314,05966,0,0,0
07314,05970,26,15,11
07314,05974,0,0,0
07314,05978,98,12,86
07314,06411,302,159,143
07314,06412,1061,436,625
07314,06413,86,49,37
07314,06414,198,126,72
07314,06431,3776,2760,1016
07314,06432,372,275,97
07314,06433,353,180,173
07314,06434,195,95,100
07314,06435,134,64,70
07314,06436,220,84,136
07314,06437,81,62,19
07314,06438,255,99,156
07314,06439,76,76,0
07314,06440,103,75,28
07314,06531,32,32,0
07314,06532,0,0,0
07314,06533,43,25,18
07314,06534,32,18,14
07314,06535,0,0,0
07314,06611,72,56,16
07314,06631,30,19,11
07314,06632,20,20,0
07314,06633,38,38,0
07314,06634,69,27,42
07314,06635,0,0,0
07314,06636,14,14,0
07314,07111,51,28,23
07314,07131,0,0,0
07314,07132,12,12,0
07314,07133,123,89,34
07314,07134,64,64,0
07314,07135,0,0,0
07314,07137,62,33,29
07314,07138,34,19,15
07314,07140,58,40,18
07314,07141,17,17,0
07314,07143,34,19,15
07314,07211,33,33,0
07314,07231,37,12,25
07314,07232,0,0,0
07314,07233,0,0,0
07314,07235,21,21,0
07314,07311,5870,3800,2070
07314,07312,761,541,220
07314,07313,748,566,182
07314,07314,0,0,0
07314,07315,499,261,238
07314,07316,2479,2195,284
07314,07317,76,61,15
07314,07318,3423,2114,1309
07314,07319,3201,2438,763
07314,07320,88,66,22
07314,07331,1684,1507,177
07314,07332,10412,9386,1026
07314,07333,1629,1527,102
07314,07334,2067,1742,325
07314,07335,731,693,38
07314,07336,198,187,11
07314,07337,2017,1795,222
07314,07338,20148,17037,3111
07314,07339,342,281,61
07314,07340,311,288,23
07314,08111,366,122,244
07314,08115,51,20,31
07314,08116,98,48,50
07314,08117,12,12,0
07314,08118,119,56,63
07314,08119,80,25,55
07314,08121,67,21,46
07314,08125,118,66,52
07314,08126,11,11,0
07314,08127,28,17,11
07314,08128,21,11,10
07314,08135,0,0,0
07314,08136,28,15,13
07314,08211,94,14,80
07314,08212,695,284,411
07314,08215,971,643,328
07314,08216,138,79,59
07314,08221,2291,1112,1179
07314,08222,23990,9850,14140
07314,08225,75,64,11
07314,08226,7220,4946,2274
07314,08231,31,19,12
07314,08235,14,14,0
07314,08236,40,26,14
07314,08237,10,10,0
07314,08311,90,73,17
07314,08315,56,43,13
07314,08316,27,27,0
07314,08317,74,44,30
07314,08325,0,0,0
07314,08326,14,14,0
07314,08327,0,0,0
07314,08335,21,11,10
07314,08336,47,31,16
07314,08337,0,0,0
07314,08415,28,11,17
07314,08416,25,25,0
07314,08417,0,0,0
07314,08421,19,0,19
07314,08425,13,13,0
07314,08426,11,11,0
07314,08435,11,11,0
07314,08436,12,12,0
07314,08437,0,0,0
07314,09161,10,0,10
07314,09162,223,55,168
07314,09163,0,0,0
07314,09171,12,0,12
07314,09172,0,0,0
07314,09173,0,0,0
07314,09174,0,0,0
07314,09175,0,0,0
07314,09176,0,0,0
07314,09177,16,16,0
07314,09178,12,0,12
07314,09179,0,0,0
07314,09180,0,0,0
07314,09181,0,0,0
07314,09182,0,0,0
07314,09183,0,0,0
07314,09184,39,0,39
07314,09185,0,0,0
07314,09186,0,0,0
07314,09187,0,0,0
07314,09188,0,0,0
07314,09189,13,0,13
07314,09190,0,0,0
07314,09261,0,0,0
07314,09262,0,0,0
07314,09263,0,0,0
07314,09271,0,0,0
07314,09272,0,0,0
07314,09273,0,0,0
07314,09274,0,0,0
07314,09275,0,0,0
07314,09276,0,0,0
07314,09277,0,0,0
07314,09278,0,0,0
07314,09279,0,0,0
07314,09361,0,0,0
07314,09362,10,10,0
07314,09363,0,0,0
07314,09371,0,0,0
07314,09372,0,0,0
07314,09373,0,0,0
07314,09374,0,0,0
07314,09375,0,0,0
07314,09376,0,0,0
07314,09377,0,0,0
07314,09461,12,12,0
07314,09462,0,0,0
07314,09463,0,0,0
07314,09464,0,0,0
07314,09471,0,0,0
07314,09472,0,0,0
07314,09473,0,0,0
07314,09474,0,0,0
07314,09475,0,0,0
07314,09476,0,0,0
07314,09477,0,0,0
07314,09478,0,0,0
07314,09479,0,0,0
07314,09561,0,0,0
07314,09562,10,0,10
07314,09563,12,12,0
07314,09564,125,85,40
07314,09565,0,0,0
07314,09571,0,0,0
07314,09572,0,0,0
07314,09573,10,10,0
07314,09574,0,0,0
07314,09575,0,0,0
07314,09576,0,0,0
07314,09577,0,0,0
07314,09661,0,0,0
07314,09662,0,0,0
07314,09663,0,0,0
07314,09671,38,17,21
07314,09672,0,0,0
07314,09673,0,0,0
07314,09674,0,0,0
07314,09675,0,0,0
07314,09676,13,13,0
07314,09677,0,0,0
07314,09678,0,0,0
07314,09679,0,0,0
07314,09761,11,0,11
07314,09762,0,0,0
07314,09763,0,0,0
07314,09764,0,0,0
07314,09771,0,0,0
07314,09772,0,0,0
07314,09773,0,0,0
07314,09774,0,0,0
07314,09775,13,13,0
07314,09776,0,0,0
07314,09777,0,0,0
07314,09778,0,0,0
07314,09779,0,0,0
07314,09780,0,0,0
07314,10041,222,119,103
07314,10042,14,14,0
07314,10043,65,55,10
07314,10044,96,56,40
07314,10045,144,90,54
07314,10046,55,55,0
07314,11000,276,141,135
07314,12051,0,0,0
07314,12052,0,0,0
07314,12053,0,0,0
07314,12054,0,0,0
07314,12060,0,0,0
07314,12061,0,0,0
07314,12062,0,0,0
07314,12063,0,0,0
07314,12064,0,0,0
07314,12065,0,0,0
07314,12066,32,32,0
07314,12067,0,0,0
07314,12068,0,0,0
07314,12069,0,0,0
07314,12070,0,0,0
07314,12071,0,0,0
07314,12072,18,0,18
07314,12073,0,0,0
07314,13003,0,0,0
07314,13004,0,0,0
07314,13071,0,0,0
07314,13072,0,0,0
07314,13073,0,0,0
07314,13074,0,0,0
07314,13075,0,0,0
07314,13076,0,0,0
07314,14511,0,0,0
07314,14521,0,0,0
07314,14522,0,0,0
07314,14523,0,0,0
07314,14524,0,0,0
07314,14612,30,30,0
07314,14625,12,12,0
07314,14626,0,0,0
07314,14627,0,0,0
07314,14628,0,0,0
07314,14713,37,26,11
07314,14729,0,0,0
07314,14730,0,0,0
07314,15001,0,0,0
07314,15002,0,0,0
07314,15003,0,0,0
07314,15081,0,0,0
07314,15082,11,11,0
07314,15083,0,0,0
07314,15084,0,0,0
07314,15085,0,0,0
07314,15086,0,0,0
07314,15087,0,0,0
07314,15088,29,19,10
07314,15089,0,0,0
07314,15090,0,0,0
07314,15091,0,0,0
07314,16051,0,0,0
07314,16052,0,0,0
07314,16053,0,0,0
07314,16054,0,0,0
07314,16055,0,0,0
07314,16056,0,0,0
07314,16061,0,0,0
07314,16062,0,0,0
07314,16063,0,0,0
07314,16064,0,0,0
07314,16065,0,0,0
07314,16066,0,0,0
07314,16067,0,0,0
07314,16068,0,0,0
07314,16069,0,0,0
07314,16070,0,0,0
07314,16071,0,0,0
07314,16072,0,0,0
07314,16073,0,0,0
07314,16074,0,0,0
07314,16075,0,0,0
07314,16076,0,0,0
07314,16077,12,12,0
07315,01001,0,0,0
07315,01002,29,29,0
07315,01003,0,0,0
07315,01004,0,0,0
07315,01051,0,0,0
07315,01053,10,10,0
07315,01054,0,0,0
07315,01055,12,12,0
07315,01056,27,12,15
07315,01057,0,0,0
07315,01058,11,11,0
07315,01059,0,0,0
07315,01060,31,18,13
07315,01061,0,0,0
07315,01062,32,21,11
07315,02000,467,229,238
07315,03101,0,0,0
07315,03102,0,0,0
07315,03103,42,31,11
07315,03151,0,0,0
07315,03153,0,0,0
07315,03154,0,0,0
07315,03155,18,18,0
07315,03157,0,0,0
07315,03158,0,0,0
07315,03159,73,50,23
07315,03241,154,89,65
07315,03251,0,0,0
07315,03252,0,0,0
07315,03254,15,15,0
07315,03255,0,0,0
07315,03256,0,0,0
07315,03257,0,0,0
07315,03351,0,0,0
07315,03352,10,10,0
07315,03353,21,21,0
07315,03354,0,0,0
07315,03355,0,0,0
07315,03356,0,0,0
07315,03357,0,0,0
07315,03358,0,0,0
07315,03359,0,0,0
07315,03360,0,0,0
07315,03361,0,0,0
07315,03401,0,0,0
07315,03402,0,0,0
07315,03403,15,15,0
07315,03404,34,14,20
07315,03405,0,0,0
07315,03451,0,0,0
07315,03452,16,0,16
07315,03453,0,0,0
07315,03454,13,13,0
07315,03455,0,0,0
07315,03456,0,0,0
07315,03457,0,0,0
07315,03458,0,0,0
07315,03459,17,17,0
07315,03460,0,0,0
07315,03461,0,0,0
07315,03462,0,0,0
07315,04011,81,43,38
07315,04012,18,18,0
07315,05111,336,154,182
07315,05112,71,43,28
07315,05113,91,43,48
07315,05114,29,16,13
07315,05116,26,12,14
07315,05117,0,0,0
07315,05119,0,0,0
07315,05120,0,0,0
07315,05122,10,10,0
07315,05124,43,25,18
07315,05154,33,23,10
07315,05158,72,34,38
07315,05162,86,56,30
07315,05166,43,24,19
07315,05170,29,19,10
07315,05314,265,155,110
07315,05315,543,239,304
07315,05316,26,15,11
07315,05334,78,38,40
07315,05358,49,13,36
07315,05362,100,38,62
07315,05366,0,0,0
07315,05370,10,10,0
07315,05374,34,14,20
07315,05378,33,20,13
07315,05382,171,116,55
07315,05512,0,0,0
07315,05513,19,19,0
07315,05515,55,31,24
07315,05554,11,0,11
07315,05558,14,14,0
07315,05562,28,28,0
07315,05566,34,23,11
07315,05570,11,11,0
07315,05711,39,16,23
07315,05754,11,0,11
07315,05758,0,0,0
07315,05762,0,0,0
07315,05766,13,13,0
07315,05770,0,0,0
07315,05774,28,15,13
07315,05911,50,22,28
07315,05913,94,44,50
07315,05914,0,0,0
07315,05915,14,14,0
07315,05916,0,0,0
07315,05954,25,13,12
07315,05958,30,18,12
07315,05962,28,18,10
07315,05966,0,0,0
07315,05970,62,44,18
07315,05974,13,13,0
07315,05978,27,16,11
07315,06411,1707,573,1134
07315,06412,10904,1693,9211
07315,06413,465,250,215
07315,06414,18100,9081,9019
07315,06431,472,347,125
07315,06432,982,686,296
07315,06433,8447,4375,4072
07315,06434,811,297,514
07315,06435,489,268,221
07315,06436,3614,1774,1840
07315,06437,95,65,30
07315,06438,1252,539,713
07315,06439,3433,2543,890
07315,06440,365,254,111
07315,06531,215,165,50
07315,06532,94,45,49
07315,06533,466,349,117
07315,06534,259,76,183
07315,06535,34,34,0
07315,06611,84,36,48
07315,06631,81,65,16
07315,06632,14,14,0
07315,06633,39,28,11
07315,06634,45,32,13
07315,06635,10,10,0
07315,06636,28,28,0
07315,07111,521,262,259
07315,07131,90,90,0
07315,07132,107,90,17
07315,07133,4158,3419,739
07315,07134,384,337,47
07315,07135,73,60,13
07315,07137,332,288,44
07315,07138,188,164,24
07315,07140,998,803,195
07315,07141,483,426,57
07315,07143,339,284,55
07315,07211,191,118,73
07315,07231,178,155,23
07315,07232,91,78,13
07315,07233,52,52,0
07315,07235,120,109,11
07315,07311,148,91,57
07315,07312,309,209,100
07315,07313,91,70,21
07315,07314,499,238,261
07315,07315,0,0,0
07315,07316,107,83,24
07315,07317,29,29,0
07315,07318,84,52,32
07315,07319,916,685,231
07315,07320,71,21,50
07315,07331,8050,7094,956
07315,07332,266,227,39
07315,07333,828,656,172
07315,07334,114,88,26
07315,07335,239,217,22
07315,07336,99,88,11
07315,07337,119,107,12
07315,07338,305,275,30
07315,07339,27549,22400,5149
07315,07340,75,75,0
07315,08111,590,94,496
07315,08115,124,87,37
07315,08116,86,45,41
07315,08117,0,0,0
07315,08118,96,50,46
07315,08119,67,39,28
07315,08121,20,20,0
07315,08125,59,37,22
07315,08126,0,0,0
07315,08127,11,0,11
07315,08128,30,0,30
07315,08135,0,0,0
07315,08136,0,0,0
07315,08211,15,0,15
07315,08212,150,89,61
07315,08215,115,84,31
07315,08216,42,32,10
07315,08221,209,110,99
07315,08222,559,282,277
07315,08225,29,29,0
07315,08226,348,210,138
07315,08231,0,0,0
07315,08235,26,26,0
07315,08236,12,12,0
07315,08237,0,0,0
07315,08311,67,36,31
07315,08315,37,24,13
07315,08316,0,0,0
07315,08317,42,26,16
07315,08325,0,0,0
07315,08326,27,15,12
07315,08327,0,0,0
07315,08335,49,49,0
07315,08336,35,19,16
07315,08337,0,0,0
07315,08415,32,20,12
07315,08416,64,44,20
07315,08417,12,12,0
07315,08421,27,12,15
07315,08425,0,0,0
07315,08426,18,0,18
07315,08435,36,36,0
07315,08436,13,13,0
07315,08437,0,0,0
07315,09161,15,15,0
07315,09162,629,229,400
07315,09163,0,0,0
07315,09171,20,20,0
07315,09172,0,0,0
07315,09173,0,0,0
07315,09174,12,12,0
07315,09175,11,11,0
07315,09176,12,12,0
07315,09177,10,10,0
07315,09178,35,0,35
07315,09179,18,18,0
07315,09180,0,0,0
07315,09181,0,0,0
07315,09182,12,0,12
07315,09183,0,0,0
07315,09184,166,38,128
07315,09185,0,0,0
07315,09186,14,14,0
07315,09187,18,18,0
07315,09188,32,19,13
07315,09189,0,0,0
07315,09190,10,10,0
07315,09261,0,0,0
07315,09262,0,0,0
07315,09263,0,0,0
07315,09271,0,0,0
07315,09272,0,0,0
07315,09273,11,11,0
07315,09274,10,10,0
07315,09275,0,0,0
07315,09276,0,0,0
07315,09277,0,0,0
07315,09278,0,0,0
07315,09279,0,0,0
07315,09361,0,0,0
07315,09362,40,26,14
07315,09363,0,0,0
07315,09371,0,0,0
07315,09372,0,0,0
07315,09373,0,0,0
07315,09374,0,0,0
07315,09375,30,30,0
07315,09376,0,0,0
07315,09377,0,0,0
07315,09461,0,0,0
07315,09462,0,0,0
07315,09463,0,0,0
07315,09464,0,0,0
07315,09471,0,0,0
07315,09472,0,0,0
07315,09473,0,0,0
07315,09474,0,0,0
07315,09475,13,0,13
07315,09476,0,0,0
07315,09477,0,0,0
07315,09478,0,0,0
07315,09479,0,0,0
07315,09561,0,0,0
07315,09562,36,18,18
07315,09563,10,10,0
07315,09564,102,51,51
07315,09565,0,0,0
07315,09571,12,12,0
07315,09572,10,10,0
07315,09573,0,0,0
07315,09574,20,20,0
07315,09575,0,0,0
07315,09576,11,11,0
07315,09577,0,0,0
07315,09661,82,27,55
07315,09662,0,0,0
07315,09663,46,22,24
07315,09671,98,69,29
07315,09672,11,11,0
07315,09673,0,0,0
07315,09674,0,0,0
07315,09675,0,0,0
07315,09676,56,24,32
07315,09677,13,13,0
07315,09678,0,0,0
07315,09679,13,13,0
07315,09761,59,34,25
07315,09762,0,0,0
07315,09763,0,0,0
07315,09764,0,0,0
07315,09771,12,12,0
07315,09772,31,31,0
07315,09773,0,0,0
07315,09774,0,0,0
07315,09775,10,10,0
07315,09776,0,0,0
07315,09777,16,16,0
07315,09778,0,0,0
07315,09779,0,0,0
07315,09780,32,21,11
07315,10041,296,171,125
07315,10042,28,28,0
07315,10043,57,57,0
07315,10044,75,50,25
07315,10045,92,78,14
07315,10046,70,70,0
07315,11000,1205,808,397
07315,12051,10,10,0
07315,12052,0,0,0
07315,12053,0,0,0
07315,12054,34,34,0
07315,12060,17,17,0
07315,12061,16,16,0
07315,12062,0,0,0
07315,12063,0,0,0
07315,12064,14,14,0
07315,12065,12,12,0
07315,12066,0,0,0
07315,12067,15,15,0
07315,12068,0,0,0
07315,12069,22,22,0
07315,12070,0,0,0
07315,12071,0,0,0
07315,12072,13,13,0
07315,12073,0,0,0
07315,13003,0,0,0
07315,13004,0,0,0
07315,13071,0,0,0
07315,13072,0,0,0
07315,13073,0,0,0
07315,13074,0,0,0
07315,13075,0,0,0
07315,13076,0,0,0
07315,14511,12,12,0
07315,14521,10,10,0
07315,14522,0,0,0
07315,14523,0,0,0
07315,14524,11,11,0
07315,14612,63,36,27
07315,14625,0,0,0
07315,14626,0,0,0
07315,14627,24,24,0
07315,14628,19,19,0
07315,14713,81,63,18
07315,14729,13,13,0
07315,14730,11,11,0
07315,15001,0,0,0
07315,15002,48,35,13
07315,15003,22,22,0
07315,15081,0,0,0
07315,15082,20,20,0
07315,15083,0,0,0
07315,15084,0,0,0
07315,15085,10,10,0
07315,15086,0,0,0
07315,15087,14,14,0
07315,15088,36,36,0
07315,15089,12,12,0
07315,15090,0,0,0
07315,15091,0,0,0
07315,16051,41,30,11
07315,16052,0,0,0
07315,16053,15,15,0
07315,16054,0,0,0
07315,16055,0,0,0
07315,16056,0,0,0
07315,16061,0,0,0
07315,16062,0,0,0
07315,16063,15,15,0
07315,16064,12,12,0
07315,16065,0,0,0
07315,16066,0,0,0
07315,16067,15,15,0
07315,16068,0,0,0
07315,16069,0,0,0
07315,16070,0,0,0
07315,16071,0,0,0
07315,16072,0,0,0
07315,16073,0,0,0
07315,16074,0,0,0
07315,16075,0,0,0
07315,16076,0,0,0
07315,16077,0,0,0
07316,01001,0,0,0
07316,01002,0,0,0
07316,01003,0,0,0
07316,01004,0,0,0
07316,01051,0,0,0
07316,01053,0,0,0
07316,01054,0,0,0
07316,01055,0,0,0
07316,01056,0,0,0
07316,01057,0,0,0
07316,01058,0,0,0
07316,01059,0,0,0
07316,01060,0,0,0
07316,01061,0,0,0
07316,01062,0,0,0
07316,02000,28,0,28
07316,03101,0,0,0
07316,03102,0,0,0
07316,03103,0,0,0
07316,03151,0,0,0
07316,03153,0,0,0
07316,03154,0,0,0
07316,03155,0,0,0
07316,03157,0,0,0
07316,03158,0,0,0
07316,03159,0,0,0
07316,03241,25,15,10
07316,03251,0,0,0
07316,03252,0,0,0
07316,03254,0,0,0
07316,03255,0,0,0
07316,03256,0,0,0
07316,03257,0,0,0
07316,03351,0,0,0
07316,03352,0,0,0
07316,03353,0,0,0
07316,03354,0,0,0
07316,03355,0,0,0
07316,03356,0,0,0
07316,03357,0,0,0
07316,03358,0,0,0
07316,03359,0,0,0
07316,03360,0,0,0
07316,03361,0,0,0
07316,03401,0,0,0
07316,03402,0,0,0
07316,03403,0,0,0
07316,03404,0,0,0
07316,03405,0,0,0
07316,03451,0,0,0
07316,03452,0,0,0
07316,03453,0,0,0
07316,03454,0,0,0
07316,03455,0,0,0
07316,03456,11,0,11
07316,03457,0,0,0
07316,03458,0,0,0
07316,03459,0,0,0
07316,03460,0,0,0
07316,03461,0,0,0
07316,03462,0,0,0
07316,04011,0,0,0
07316,04012,0,0,0
07316,05111,23,0,23
07316,05112,0,0,0
07316,05113,0,0,0
07316,05114,0,0,0
07316,05116,0,0,0
07316,05117,0,0,0
07316,05119,0,0,0
07316,05120,0,0,0
07316,05122,0,0,0
07316,05124,0,0,0
07316,05154,0,0,0
07316,05158,0,0,0
07316,05162,0,0,0
07316,05166,0,0,0
07316,05170,0,0,0
07316,05314,15,0,15
07316,05315,31,0,31
07316,05316,0,0,0
07316,05334,0,0,0
07316,05358,0,0,0
07316,05362,0,0,0
07316,05366,0,0,0
07316,05370,0,0,0
07316,05374,0,0,0
07316,05378,0,0,0
07316,05382,13,13,0
07316,05512,0,0,0
07316,05513,0,0,0
07316,05515,0,0,0
07316,05554,0,0,0
07316,05558,0,0,0
07316,05562,0,0,0
07316,05566,0,0,0
07316,05570,0,0,0
07316,05711,0,0,0
07316,05754,0,0,0
07316,05758,0,0,0
07316,05762,0,0,0
07316,05766,0,0,0
07316,05770,0,0,0
07316,05774,0,0,0
07316,05911,0,0,0
07316,05913,0,0,0
07316,05914,0,0,0
07316,05915,0,0,0
07316,05916,0,0,0
07316,05954,0,0,0
07316,05958,0,0,0
07316,05962,0,0,0
07316,05966,0,0,0
07316,05970,10,10,0
07316,05974,0,0,0
07316,05978,0,0,0
07316,06411,30,0,30
07316,06412,167,11,156
07316,06413,0,0,0
07316,06414,47,0,47
07316,06431,151,82,69
07316,06432,16,0,16
07316,06433,37,11,26
07316,06434,10,0,10
07316,06435,13,0,13
07316,06436,25,10,15
07316,06437,0,0,0
07316,06438,26,0,26
07316,06439,0,0,0
07316,06440,0,0,0
07316,06531,0,0,0
07316,06532,0,0,0
07316,06533,0,0,0
07316,06534,0,0,0
07316,06535,0,0,0
07316,06611,0,0,0
07316,06631,0,0,0
07316,06632,0,0,0
07316,06633,0,0,0
07316,06634,0,0,0
07316,06635,0,0,0
07316,06636,0,0,0
07316,07111,11,0,11
07316,07131,10,10,0
07316,07132,56,56,0
07316,07133,22,12,10
07316,07134,0,0,0
07316,07135,0,0,0
07316,07137,12,12,0
07316,07138,74,22,52
07316,07140,11,11,0
07316,07141,0,0,0
07316,07143,51,51,0
07316,07211,13,0,13
07316,07231,0,0,0
07316,07232,0,0,0
07316,07233,0,0,0
07316,07235,0,0,0
07316,07311,266,72,194
07316,07312,443,214,229
07316,07313,1367,451,916
07316,07314,2479,284,2195
07316,07315,107,24,83
07316,07316,0,0,0
07316,07317,65,43,22
07316,07318,900,176,724
07316,07319,128,61,67
07316,07320,25,12,13
07316,07331,118,94,24
07316,07332,5161,3260,1901
07316,07333,114,83,31
07316,07334,917,385,532
07316,07335,288,240,48
07316,07336,29,29,0
07316,07337,3233,1826,1407
07316,07338,1398,813,585
07316,07339,44,23,21
07316,07340,173,152,21
07316,08111,59,0,59
07316,08115,21,0,21
07316,08116,18,0,18
07316,08117,0,0,0
07316,08118,26,0,26
07316,08119,27,0,27
07316,08121,0,0,0
07316,08125,22,0,22
07316,08126,0,0,0
07316,08127,0,0,0
07316,08128,0,0,0
07316,08135,0,0,0
07316,08136,0,0,0
07316,08211,18,0,18
07316,08212,365,53,312
07316,08215,195,55,140
07316,08216,23,0,23
07316,08221,202,37,165
07316,08222,1310,187,1123
07316,08225,10,10,0
07316,08226,442,154,288
07316,08231,0,0,0
07316,08235,0,0,0
07316,08236,0,0,0
07316,08237,0,0,0
07316,08311,0,0,0
07316,08315,10,0,10
07316,08316,0,0,0
07316,08317,16,0,16
07316,08325,0,0,0
07316,08326,0,0,0
07316,08327,0,0,0
07316,08335,0,0,0
07316,08336,0,0,0
07316,08337,0,0,0
07316,08415,0,0,0
07316,08416,0,0,0
07316,08417,0,0,0
07316,08421,0,0,0
07316,08425,0,0,0
07316,08426,0,0,0
07316,08435,0,0,0
07316,08436,0,0,0
07316,08437,0,0,0
07316,09161,0,0,0
07316,09162,47,0,47
07316,09163,0,0,0
07316,09171,0,0,0
07316,09172,0,0,0
07316,09173,0,0,0
07316,09174,0,0,0
07316,09175,0,0,0
07316,09176,0,0,0
07316,09177,0,0,0
07316,09178,0,0,0
07316,09179,0,0,0
07316,09180,0,0,0
07316,09181,0,0,0
07316,09182,0,0,0
07316,09183,0,0,0
07316,09184,20,0,20
07316,09185,0,0,0
07316,09186,0,0,0
07316,09187,0,0,0
07316,09188,0,0,0
07316,09189,0,0,0
07316,09190,0,0,0
07316,09261,0,0,0
07316,09262,0,0,0
07316,09263,0,0,0
07316,09271,0,0,0
07316,09272,0,0,0
07316,09273,0,0,0
07316,09274,0,0,0
07316,09275,0,0,0
07316,09276,0,0,0
07316,09277,0,0,0
07316,09278,0,0,0
07316,09279,0,0,0
07316,09361,0,0,0
07316,09362,0,0,0
07316,09363,0,0,0
07316,09371,0,0,0
07316,09372,0,0,0
07316,09373,0,0,0
07316,09374,0,0,0
07316,09375,0,0,0
07316,09376,0,0,0
07316,09377,0,0,0
07316,09461,0,0,0
07316,09462,0,0,0
07316,09463,0,0,0
07316,09464,0,0,0
07316,09471,0,0,0
07316,09472,0,0,0
07316,09473,0,0,0
07316,09474,0,0,0
07316,09475,0,0,0
07316,09476,0,0,0
07316,09477,0,0,0
07316,09478,0,0,0
07316,09479,0,0,0
07316,09561,0,0,0
07316,09562,0,0,0
07316,09563,0,0,0
07316,09564,0,0,0
07316,09565,0,0,0
07316,09571,0,0,0
07316,09572,0,0,0
07316,09573,0,0,0
07316,09574,0,0,0
07316,09575,0,0,0
07316,09576,0,0,0
07316,09577,0,0,0
07316,09661,0,0,0
07316,09662,0,0,0
07316,09663,0,0,0
07316,09671,0,0,0
07316,09672,0,0,0
07316,09673,0,0,0
07316,09674,0,0,0
07316,09675,0,0,0
07316,09676,0,0,0
07316,09677,0,0,0
07316,09678,0,0,0
07316,09679,0,0,0
07316,09761,0,0,0
07316,09762,0,0,0
07316,09763,0,0,0
07316,09764,0,0,0
07316,09771,0,0,0
07316,09772,0,0,0
07316,09773,0,0,0
07316,09774,0,0,0
07316,09775,0,0,0
07316,09776,0,0,0
07316,09777,0,0,0
07316,09778,0,0,0
07316,09779,0,0,0
07316,09780,0,0,0
07316,10041,65,42,23
07316,10042,41,41,0
07316,10043,18,18,0
07316,10044,194,194,0
07316,10045,37,14,23
07316,10046,0,0,0
07316,11000,46,14,32
07316,12051,0,0,0
07316,12052,0,0,0
07316,12053,0,0,0
07316,12054,0,0,0
07316,12060,0,0,0
07316,12061,0,0,0
07316,12062,0,0,0
07316,12063,0,0,0
07316,12064,0,0,0
07316,12065,0,0,0
07316,12066,0,0,0
07316,12067,0,0,0
07316,12068,0,0,0
07316,12069,0,0,0
07316,12070,0,0,0
07316,12071,0,0,0
07316,12072,0,0,0
07316,12073,0,0,0
07316,13003,0,0,0
07316,13004,0,0,0
07316,13071,0,0,0
07316,13072,0,0,0
07316,13073,0,0,0
07316,13074,0,0,0
07316,13075,0,0,0
07316,13076,0,0,0
07316,14511,0,0,0
07316,14521,0,0,0
07316,14522,0,0,0
07316,14523,0,0,0
07316,14524,0,0,0
07316,14612,0,0,0
07316,14625,0,0,0
07316,14626,0,0,0
07316,14627,0,0,0
07316,14628,0,0,0
07316,14713,0,0,0
07316,14729,0,0,0
07316,14730,0,0,0
07316,15001,0,0,0
07316,15002,0,0,0
07316,15003,0,0,0
07316,15081,0,0,0
07316,15082,0,0,0
07316,15083,0,0,0
07316,15084,0,0,0
07316,15085,0,0,0
07316,15086,0,0,0
07316,15087,0,0,0
07316,15088,0,0,0
07316,15089,0,0,0
07316,15090,0,0,0
07316,15091,0,0,0
07316,16051,0,0,0
07316,16052,0,0,0
07316,16053,0,0,0
07316,16054,0,0,0
07316,16055,0,0,0
07316,16056,0,0,0
07316,16061,0,0,0
07316,16062,0,0,0
07316,16063,0,0,0
07316,16064,0,0,0
07316,16065,0,0,0
07316,16066,0,0,0
07316,16067,0,0,0
07316,16068,0,0,0
07316,16069,0,0,0
07316,16070,0,0,0
07316,16071,0,0,0
07316,16072,0,0,0
07316,16073,0,0,0
07316,16074,0,0,0
07316,16075,0,0,0
07316,16076,0,0,0
07316,16077,0,0,0
07317,01001,0,0,0
07317,01002,0,0,0
07317,01003,0,0,0
07317,01004,0,0,0
07317,01051,0,0,0
07317,01053,0,0,0
07317,01054,0,0,0
07317,01055,0,0,0
07317,01056,0,0,0
07317,01057,0,0,0
07317,01058,0,0,0
07317,01059,0,0,0
07317,01060,0,0,0
07317,01061,0,0,0
07317,01062,0,0,0
07317,02000,58,0,58
07317,03101,0,0,0
07317,03102,0,0,0
07317,03103,0,0,0
07317,03151,0,0,0
07317,03153,30,30,0
07317,03154,0,0,0
07317,03155,0,0,0
07317,03157,0,0,0
07317,03158,0,0,0
07317,03159,0,0,0
07317,03241,0,0,0
07317,03251,0,0,0
07317,03252,0,0,0
07317,03254,0,0,0
07317,03255,0,0,0
07317,03256,0,0,0
07317,03257,0,0,0
07317,03351,0,0,0
07317,03352,0,0,0
07317,03353,0,0,0
07317,03354,0,0,0
07317,03355,0,0,0
07317,03356,0,0,0
07317,03357,0,0,0
07317,03358,0,0,0
07317,03359,0,0,0
07317,03360,0,0,0
07317,03361,0,0,0
07317,03401,0,0,0
07317,03402,0,0,0
07317,03403,0,0,0
07317,03404,0,0,0
07317,03405,0,0,0
07317,03451,0,0,0
07317,03452,0,0,0
07317,03453,0,0,0
07317,03454,0,0,0
07317,03455,0,0,0
07317,03456,0,0,0
07317,03457,0,0,0
07317,03458,0,0,0
07317,03459,0,0,0
07317,03460,0,0,0
07317,03461,0,0,0
07317,03462,0,0,0
07317,04011,0,0,0
07317,04012,0,0,0
07317,05111,0,0,0
07317,05112,0,0,0
07317,05113,0,0,0
07317,05114,0,0,0
07317,05116,0,0,0
07317,05117,0,0,0
07317,05119,0,0,0
07317,05120,0,0,0
07317,05122,0,0,0
07317,05124,0,0,0
07317,05154,0,0,0
07317,05158,0,0,0
07317,05162,0,0,0
07317,05166,0,0,0
07317,05170,0,0,0
07317,05314,0,0,0
07317,05315,16,0,16
07317,05316,0,0,0
07317,05334,0,0,0
07317,05358,0,0,0
07317,05362,0,0,0
07317,05366,0,0,0
07317,05370,0,0,0
07317,05374,0,0,0
07317,05378,0,0,0
07317,05382,0,0,0
07317,05512,0,0,0
07317,05513,0,0,0
07317,05515,0,0,0
07317,05554,0,0,0
07317,05558,0,0,0
07317,05562,0,0,0
07317,05566,0,0,0
07317,05570,0,0,0
07317,05711,0,0,0
07317,05754,0,0,0
07317,05758,0,0,0
07317,05762,0,0,0
07317,05766,0,0,0
07317,05770,0,0,0
07317,05774,0,0,0
07317,05911,0,0,0
07317,05913,0,0,0
07317,05914,0,0,0
07317,05915,0,0,0
07317,05916,0,0,0
07317,05954,0,0,0
07317,05958,0,0,0
07317,05962,0,0,0
07317,05966,0,0,0
07317,05970,0,0,0
07317,05974,0,0,0
07317,05978,0,0,0
07317,06411,0,0,0
07317,06412,33,0,33
07317,06413,0,0,0
07317,06414,23,12,11
07317,06431,0,0,0
07317,06432,0,0,0
07317,06433,20,0,20
07317,06434,0,0,0
07317,06435,24,0,24
07317,06436,0,0,0
07317,06437,0,0,0
07317,06438,16,0,16
07317,06439,0,0,0
07317,06440,0,0,0
07317,06531,0,0,0
07317,06532,0,0,0
07317,06533,0,0,0
07317,06534,0,0,0
07317,06535,0,0,0
07317,06611,0,0,0
07317,06631,0,0,0
07317,06632,0,0,0
07317,06633,0,0,0
07317,06634,0,0,0
07317,06635,0,0,0
07317,06636,0,0,0
07317,07111,0,0,0
07317,07131,0,0,0
07317,07132,0,0,0
07317,07133,0,0,0
07317,07134,16,0,16
07317,07135,0,0,0
07317,07137,14,14,0
07317,07138,0,0,0
07317,07140,17,17,0
07317,07141,0,0,0
07317,07143,0,0,0
07317,07211,21,10,11
07317,07231,0,0,0
07317,07232,0,0,0
07317,07233,0,0,0
07317,07235,0,0,0
07317,07311,12,0,12
07317,07312,821,289,532
07317,07313,160,53,107
07317,07314,76,15,61
07317,07315,29,0,29
07317,07316,65,22,43
07317,07317,0,0,0
07317,07318,70,0,70
07317,07319,0,0,0
07317,07320,1546,923,623
07317,07331,17,17,0
07317,07332,46,29,17
07317,07333,42,22,20
07317,07334,188,27,161
07317,07335,629,411,218
07317,07336,173,128,45
07317,07337,277,130,147
07317,07338,37,19,18
07317,07339,0,0,0
07317,07340,10146,8317,1829
07317,08111,14,0,14
07317,08115,0,0,0
07317,08116,15,0,15
07317,08117,0,0,0
07317,08118,0,0,0
07317,08119,0,0,0
07317,08121,0,0,0
07317,08125,29,0,29
07317,08126,0,0,0
07317,08127,0,0,0
07317,08128,0,0,0
07317,08135,0,0,0
07317,08136,0,0,0
07317,08211,0,0,0
07317,08212,67,16,51
07317,08215,45,21,24
07317,08216,23,23,0
07317,08221,16,0,16
07317,08222,56,10,46
07317,08225,0,0,0
07317,08226,57,17,40
07317,08231,0,0,0
07317,08235,0,0,0
07317,08236,0,0,0
07317,08237,0,0,0
07317,08311,0,0,0
07317,08315,0,0,0
07317,08316,0,0,0
07317,08317,12,0,12
07317,08325,0,0,0
07317,08326,0,0,0
07317,08327,0,0,0
07317,08335,0,0,0
07317,08336,0,0,0
07317,08337,0,0,0
07317,08415,0,0,0
07317,08416,0,0,0
07317,08417,0,0,0
07317,08421,0,0,0
07317,08425,0,0,0
07317,08426,0,0,0
07317,08435,0,0,0
07317,08436,0,0,0
07317,08437,0,0,0
07317,09161,0,0,0
07317,09162,20,0,20
07317,09163,0,0,0
07317,09171,0,0,0
07317,09172,0,0,0
07317,09173,0,0,0
07317,09174,0,0,0
07317,09175,0,0,0
07317,09176,0,0,0
07317,09177,0,0,0
07317,09178,0,0,0
07317,09179,0,0,0
07317,09180,0,0,0
07317,09181,0,0,0
07317,09182,0,0,0
07317,09183,0,0,0
07317,09184,0,0,0
07317,09185,0,0,0
07317,09186,0,0,0
07317,09187,0,0,0
07317,09188,0,0,0
07317,09189,0,0,0
07317,09190,0,0,0
07317,09261,0,0,0
07317,09262,0,0,0
07317,09263,0,0,0
07317,09271,0,0,0
07317,09272,0,0,0
07317,09273,0,0,0
07317,09274,0,0,0
07317,09275,0,0,0
07317,09276,0,0,0
07317,09277,0,0,0
07317,09278,0,0,0
07317,09279,0,0,0
07317,09361,0,0,0
07317,09362,0,0,0
07317,09363,0,0,0
07317,09371,0,0,0
07317,09372,0,0,0
07317,09373,0,0,0
07317,09374,0,0,0
07317,09375,0,0,0
07317,09376,0,0,0
07317,09377,0,0,0
07317,09461,0,0,0
07317,09462,0,0,0
07317,09463,0,0,0
07317,09464,0,0,0
07317,09471,0,0,0
07317,09472,0,0,0
07317,09473,0,0,0
07317,09474,0,0,0
07317,09475,0,0,0
07317,09476,0,0,0
07317,09477,0,0,0
07317,09478,0,0,0
07317,09479,0,0,0
07317,09561,0,0,0
07317,09562,0,0,0
07317,09563,0,0,0
07317,09564,11,11,0
07317,09565,0,0,0
07317,09571,0,0,0
07317,09572,0,0,0
07317,09573,0,0,0
07317,09574,0,0,0
07317,09575,0,0,0
07317,09576,0,0,0
07317,09577,0,0,0
07317,09661,0,0,0
07317,09662,0,0,0
07317,09663,0,0,0
07317,09671,0,0,0
07317,09672,0,0,0
07317,09673,0,0,0
07317,09674,0,0,0
07317,09675,0,0,0
07317,09676,0,0,0
07317,09677,0,0,0
07317,09678,0,0,0
07317,09679,0,0,0
07317,09761,0,0,0
07317,09762,0,0,0
07317,09763,0,0,0
07317,09764,0,0,0
07317,09771,0,0,0
07317,09772,0,0,0
07317,09773,0,0,0
07317,09774,0,0,0
07317,09775,0,0,0
07317,09776,0,0,0
07317,09777,0,0,0
07317,09778,0,0,0
07317,09779,0,0,0
07317,09780,0,0,0
07317,10041,365,158,207
07317,10042,24,10,14
07317,10043,186,122,64
07317,10044,73,44,29
07317,10045,716,357,359
07317,10046,75,55,20
07317,11000,38,10,28
07317,12051,0,0,0
07317,12052,0,0,0
07317,12053,0,0,0
07317,12054,0,0,0
07317,12060,0,0,0
07317,12061,0,0,0
07317,12062,0,0,0
07317,12063,0,0,0
07317,12064,0,0,0
07317,12065,0,0,0
07317,12066,0,0,0
07317,12067,0,0,0
07317,12068,0,0,0
07317,12069,0,0,0
07317,12070,0,0,0
07317,12071,0,0,0
07317,12072,0,0,0
07317,12073,0,0,0
07317,13003,0,0,0
07317,13004,0,0,0
07317,13071,0,0,0
07317,13072,0,0,0
07317,13073,0,0,0
07317,13074,0,0,0
07317,13075,0,0,0
07317,13076,0,0,0
07317,14511,0,0,0
07317,14521,0,0,0
07317,14522,0,0,0
07317,14523,0,0,0
07317,14524,0,0,0
07317,14612,0,0,0
07317,14625,0,0,0
07317,14626,0,0,0
07317,14627,0,0,0
07317,14628,0,0,0
07317,14713,0,0,0
07317,14729,0,0,0
07317,14730,0,0,0
07317,15001,0,0,0
07317,15002,0,0,0
07317,15003,0,0,0
07317,15081,0,0,0
07317,15082,0,0,0
07317,15083,0,0,0
07317,15084,0,0,0
07317,15085,0,0,0
07317,15086,0,0,0
07317,15087,0,0,0
07317,15088,0,0,0
07317,15089,0,0,0
07317,15090,0,0,0
07317,15091,0,0,0
07317,16051,0,0,0
07317,16052,0,0,0
07317,16053,0,0,0
07317,16054,0,0,0
07317,16055,0,0,0
07317,16056,0,0,0
07317,16061,0,0,0
07317,16062,0,0,0
07317,16063,0,0,0
07317,16064,0,0,0
07317,16065,0,0,0
07317,16066,0,0,0
07317,16067,0,0,0
07317,16068,0,0,0
07317,16069,0,0,0
07317,16070,0,0,0
07317,16071,0,0,0
07317,16072,0,0,0
07317,16073,0,0,0
07317,16074,0,0,0
07317,16075,0,0,0
07317,16076,0,0,0
07317,16077,0,0,0
07318,01001,0,0,0
07318,01002,0,0,0
07318,01003,0,0,0
07318,01004,0,0,0
07318,01051,0,0,0
07318,01053,0,0,0
07318,01054,0,0,0
07318,01055,0,0,0
07318,01056,0,0,0
07318,01057,0,0,0
07318,01058,0,0,0
07318,01059,0,0,0
07318,01060,0,0,0
07318,01061,0,0,0
07318,01062,0,0,0
07318,02000,56,24,32
07318,03101,0,0,0
07318,03102,0,0,0
07318,03103,0,0,0
07318,03151,0,0,0
07318,03153,0,0,0
07318,03154,0,0,0
07318,03155,0,0,0
07318,03157,0,0,0
07318,03158,0,0,0
07318,03159,0,0,0
07318,03241,0,0,0
07318,03251,0,0,0
07318,03252,0,0,0
07318,03254,0,0,0
07318,03255,0,0,0
07318,03256,0,0,0
07318,03257,0,0,0
07318,03351,0,0,0
07318,03352,0,0,0
07318,03353,0,0,0
07318,03354,0,0,0
07318,03355,0,0,0
07318,03356,0,0,0
07318,03357,0,0,0
07318,03358,0,0,0
07318,03359,10,10,0
07318,03360,0,0,0
07318,03361,0,0,0
07318,03401,0,0,0
07318,03402,102,0,102
07318,03403,0,0,0
07318,03404,0,0,0
07318,03405,0,0,0
07318,03451,0,0,0
07318,03452,0,0,0
07318,03453,0,0,0
07318,03454,16,0,16
07318,03455,0,0,0
07318,03456,0,0,0
07318,03457,0,0,0
07318,03458,0,0,0
07318,03459,0,0,0
07318,03460,0,0,0
07318,03461,0,0,0
07318,03462,0,0,0
07318,04011,16,16,0
07318,04012,0,0,0
07318,05111,17,0,17
07318,05112,16,0,16
07318,05113,0,0,0
07318,05114,0,0,0
07318,05116,0,0,0
07318,05117,0,0,0
07318,05119,0,0,0
07318,05120,0,0,0
07318,05122,0,0,0
07318,05124,0,0,0
07318,05154,0,0,0
07318,05158,0,0,0
07318,05162,0,0,0
07318,05166,0,0,0
07318,05170,12,0,12
07318,05314,0,0,0
07318,05315,49,10,39
07318,05316,0,0,0
07318,05334,0,0,0
07318,05358,0,0,0
07318,05362,0,0,0
07318,05366,0,0,0
07318,05370,0,0,0
07318,05374,0,0,0
07318,05378,0,0,0
07318,05382,0,0,0
07318,05512,0,0,0
07318,05513,0,0,0
07318,05515,0,0,0
07318,05554,0,0,0
07318,05558,0,0,0
07318,05562,11,0,11
07318,05566,0,0,0
07318,05570,0,0,0
07318,05711,0,0,0
07318,05754,37,0,37
07318,05758,0,0,0
07318,05762,0,0,0
07318,05766,0,0,0
07318,05770,0,0,0
07318,05774,31,31,0
07318,05911,0,0,0
07318,05913,0,0,0
07318,05914,0,0,0
07318,05915,0,0,0
07318,05916,0,0,0
07318,05954,0,0,0
07318,05958,0,0,0
07318,05962,0,0,0
07318,05966,0,0,0
07318,05970,0,0,0
07318,05974,0,0,0
07318,05978,0,0,0
07318,06411,38,15,23
07318,06412,161,16,145
07318,06413,46,36,10
07318,06414,26,0,26
07318,06431,312,220,92
07318,06432,43,30,13
07318,06433,41,22,19
07318,06434,13,0,13
07318,06435,65,45,20
07318,06436,14,0,14
07318,06437,0,0,0
07318,06438,100,73,27
07318,06439,0,0,0
07318,06440,12,12,0
07318,06531,0,0,0
07318,06532,0,0,0
07318,06533,0,0,0
07318,06534,0,0,0
07318,06535,0,0,0
07318,06611,0,0,0
07318,06631,0,0,0
07318,06632,0,0,0
07318,06633,0,0,0
07318,06634,0,0,0
07318,06635,0,0,0
07318,06636,0,0,0
07318,07111,48,48,0
07318,07131,0,0,0
07318,07132,0,0,0
07318,07133,35,24,11
07318,07134,0,0,0
07318,07135,0,0,0
07318,07137,35,35,0
07318,07138,0,0,0
07318,07140,0,0,0
07318,07141,0,0,0
07318,07143,0,0,0
07318,07211,0,0,0
07318,07231,0,0,0
07318,07232,12,12,0
07318,07233,0,0,0
07318,07235,11,11,0
07318,07311,422,247,175
07318,07312,209,171,38
07318,07313,679,460,219
07318,07314,3423,1309,2114
07318,07315,84,32,52
07318,07316,900,724,176
07318,07317,70,70,0
07318,07318,0,0,0
07318,07319,175,110,65
07318,07320,36,36,0
07318,07331,107,88,19
07318,07332,1468,1238,230
07318,07333,167,150,17
07318,07334,3222,2537,685
07318,07335,200,184,16
07318,07336,62,62,0
07318,07337,1254,1067,187
07318,07338,7947,6458,1489
07318,07339,37,37,0
07318,07340,217,217,0
07318,08111,93,14,79
07318,08115,14,0,14
07318,08116,10,0,10
07318,08117,0,0,0
07318,08118,36,13,23
07318,08119,24,0,24
07318,08121,14,0,14
07318,08125,59,27,32
07318,08126,0,0,0
07318,08127,0,0,0
07318,08128,0,0,0
07318,08135,0,0,0
07318,08136,0,0,0
07318,08211,42,0,42
07318,08212,435,159,276
07318,08215,954,652,302
07318,08216,57,37,20
07318,08221,503,155,348
07318,08222,2282,863,1419
07318,08225,12,12,0
07318,08226,2852,1681,1171
07318,08231,0,0,0
07318,08235,0,0,0
07318,08236,26,11,15
07318,08237,0,0,0
07318,08311,0,0,0
07318,08315,0,0,0
07318,08316,0,0,0
07318,08317,0,0,0
07318,08325,0,0,0
07318,08326,0,0,0
07318,08327,0,0,0
07318,08335,0,0,0
07318,08336,0,0,0
07318,08337,0,0,0
07318,08415,0,0,0
07318,08416,0,0,0
07318,08417,0,0,0
07318,08421,0,0,0
07318,08425,0,0,0
07318,08426,0,0,0
07318,08435,0,0,0
07318,08436,0,0,0
07318,08437,0,0,0
07318,09161,0,0,0
07318,09162,55,0,55
07318,09163,0,0,0
07318,09171,0,0,0
07318,09172,0,0,0
07318,09173,0,0,0
07318,09174,0,0,0
07318,09175,0,0,0
07318,09176,0,0,0
07318,09177,0,0,0
07318,09178,0,0,0
07318,09179,0,0,0
07318,09180,0,0,0
07318,09181,0,0,0
07318,09182,0,0,0
07318,09183,0,0,0
07318,09184,12,0,12
07318,09185,0,0,0
07318,09186,0,0,0
07318,09187,0,0,0
07318,09188,0,0,0
07318,09189,0,0,0
07318,09190,0,0,0
07318,09261,0,0,0
07318,09262,0,0,0
07318,09263,0,0,0
07318,09271,0,0,0
07318,09272,0,0,0
07318,09273,0,0,0
07318,09274,0,0,0
07318,09275,0,0,0
07318,09276,0,0,0
07318,09277,0,0,0
07318,09278,0,0,0
07318,09279,0,0,0
07318,09361,0,0,0
07318,09362,0,0,0
07318,09363,0,0,0
07318,09371,0,0,0
07318,09372,0,0,0
07318,09373,0,0,0
07318,09374,0,0,0
07318,09375,0,0,0
07318,09376,0,0,0
07318,09377,0,0,0
07318,09461,0,0,0
07318,09462,0,0,0
07318,09463,0,0,0
07318,09464,0,0,0
07318,09471,0,0,0
07318,09472,0,0,0
07318,09473,0,0,0
07318,09474,0,0,0
07318,09475,0,0,0
07318,09476,0,0,0
07318,09477,0,0,0
07318,09478,0,0,0
07318,09479,0,0,0
07318,09561,0,0,0
07318,09562,0,0,0
07318,09563,0,0,0
07318,09564,22,0,22
07318,09565,0,0,0
07318,09571,0,0,0
07318,09572,0,0,0
07318,09573,0,0,0
07318,09574,0,0,0
07318,09575,0,0,0
07318,09576,0,0,0
07318,09577,0,0,0
07318,09661,0,0,0
07318,09662,0,0,0
07318,09663,0,0,0
07318,09671,0,0,0
07318,09672,0,0,0
07318,09673,0,0,0
07318,09674,0,0,0
07318,09675,0,0,0
07318,09676,0,0,0
07318,09677,0,0,0
07318,09678,0,0,0
07318,09679,0,0,0
07318,09761,0,0,0
07318,09762,0,0,0
07318,09763,0,0,0
07318,09764,0,0,0
07318,09771,0,0,0
07318,09772,0,0,0
07318,09773,0,0,0
07318,09774,0,0,0
07318,09775,0,0,0
07318,09776,0,0,0
07318,09777,0,0,0
07318,09778,0,0,0
07318,09779,0,0,0
07318,09780,0,0,0
07318,10041,31,21,10
07318,10042,0,0,0
07318,10043,14,14,0
07318,10044,0,0,0
07318,10045,136,123,13
07318,10046,10,10,0
07318,11000,63,25,38
07318,12051,0,0,0
07318,12052,0,0,0
07318,12053,0,0,0
07318,12054,0,0,0
07318,12060,0,0,0
07318,12061,0,0,0
07318,12062,0,0,0
07318,12063,0,0,0
07318,12064,0,0,0
07318,12065,0,0,0
07318,12066,0,0,0
07318,12067,0,0,0
07318,12068,0,0,0
07318,12069,0,0,0
07318,12070,0,0,0
07318,12071,0,0,0
07318,12072,0,0,0
07318,12073,0,0,0
07318,13003,0,0,0
07318,13004,0,0,0
07318,13071,0,0,0
07318,13072,0,0,0
07318,13073,0,0,0
07318,13074,0,0,0
07318,13075,0,0,0
07318,13076,0,0,0
07318,14511,0,0,0
07318,14521,0,0,0
07318,14522,0,0,0
07318,14523,0,0,0
07318,14524,0,0,0
07318,14612,0,0,0
07318,14625,0,0,0
07318,14626,0,0,0
07318,14627,0,0,0
07318,14628,0,0,0
07318,14713,0,0,0
07318,14729,0,0,0
07318,14730,0,0,0
07318,15001,0,0,0
07318,15002,0,0,0
07318,15003,0,0,0
07318,15081,0,0,0
07318,15082,0,0,0
07318,15083,0,0,0
07318,15084,0,0,0
07318,15085,0,0,0
07318,15086,0,0,0
07318,15087,0,0,0
07318,15088,0,0,0
07318,15089,0,0,0
07318,15090,0,0,0
07318,15091,0,0,0
07318,16051,0,0,0
07318,16052,0,0,0
07318,16053,0,0,0
07318,16054,0,0,0
07318,16055,0,0,0
07318,16056,0,0,0
07318,16061,0,0,0
07318,16062,0,0,0
07318,16063,0,0,0
07318,16064,0,0,0
07318,16065,0,0,0
07318,16066,0,0,0
07318,16067,0,0,0
07318,16068,0,0,0
07318,16069,0,0,0
07318,16070,0,0,0
07318,16071,0,0,0
07318,16072,0,0,0
07318,16073,0,0,0
07318,16074,0,0,0
07318,16075,0,0,0
07318,16076,0,0,0
07318,16077,0,0,0
07319,01001,0,0,0
07319,01002,0,0,0
07319,01003,0,0,0
07319,01004,0,0,0
07319,01051,0,0,0
07319,01053,0,0,0
07319,01054,0,0,0
07319,01055,0,0,0
07319,01056,0,0,0
07319,01057,0,0,0
07319,01058,0,0,0
07319,01059,0,0,0
07319,01060,0,0,0
07319,01061,0,0,0
07319,01062,0,0,0
07319,02000,143,17,126
07319,03101,0,0,0
07319,03102,0,0,0
07319,03103,0,0,0
07319,03151,0,0,0
07319,03153,0,0,0
07319,03154,0,0,0
07319,03155,0,0,0
07319,03157,0,0,0
07319,03158,0,0,0
07319,03159,0,0,0
07319,03241,15,0,15
07319,03251,0,0,0
07319,03252,0,0,0
07319,03254,0,0,0
07319,03255,0,0,0
07319,03256,0,0,0
07319,03257,0,0,0
07319,03351,0,0,0
07319,03352,0,0,0
07319,03353,0,0,0
07319,03354,0,0,0
07319,03355,0,0,0
07319,03356,0,0,0
07319,03357,0,0,0
07319,03358,0,0,0
07319,03359,0,0,0
07319,03360,0,0,0
07319,03361,0,0,0
07319,03401,0,0,0
07319,03402,0,0,0
07319,03403,0,0,0
07319,03404,0,0,0
07319,03405,0,0,0
07319,03451,0,0,0
07319,03452,0,0,0
07319,03453,0,0,0
07319,03454,22,0,22
07319,03455,0,0,0
07319,03456,0,0,0
07319,03457,0,0,0
07319,03458,0,0,0
07319,03459,0,0,0
07319,03460,0,0,0
07319,03461,0,0,0
07319,03462,0,0,0
07319,04011,14,14,0
07319,04012,0,0,0
07319,05111,57,23,34
07319,05112,51,36,15
07319,05113,54,15,39
07319,05114,0,0,0
07319,05116,0,0,0
07319,05117,0,0,0
07319,05119,10,0,10
07319,05120,0,0,0
07319,05122,0,0,0
07319,05124,0,0,0
07319,05154,0,0,0
07319,05158,37,24,13
07319,05162,16,16,0
07319,05166,0,0,0
07319,05170,24,11,13
07319,05314,11,0,11
07319,05315,72,28,44
07319,05316,0,0,0
07319,05334,10,10,0
07319,05358,0,0,0
07319,05362,28,13,15
07319,05366,0,0,0
07319,05370,0,0,0
07319,05374,12,0,12
07319,05378,0,0,0
07319,05382,32,20,12
07319,05512,0,0,0
07319,05513,29,29,0
07319,05515,0,0,0
07319,05554,0,0,0
07319,05558,0,0,0
07319,05562,64,53,11
07319,05566,13,0,13
07319,05570,0,0,0
07319,05711,0,0,0
07319,05754,11,0,11
07319,05758,0,0,0
07319,05762,0,0,0
07319,05766,0,0,0
07319,05770,0,0,0
07319,05774,0,0,0
07319,05911,12,12,0
07319,05913,27,12,15
07319,05914,0,0,0
07319,05915,0,0,0
07319,05916,0,0,0
07319,05954,0,0,0
07319,05958,0,0,0
07319,05962,0,0,0
07319,05966,0,0,0
07319,05970,0,0,0
07319,05974,0,0,0
07319,05978,25,25,0
07319,06411,295,84,211
07319,06412,590,44,546
07319,06413,14,0,14
07319,06414,223,65,158
07319,06431,4045,1897,2148
07319,06432,281,156,125
07319,06433,525,180,345
07319,06434,51,0,51
07319,06435,55,17,38
07319,06436,93,12,81
07319,06437,32,18,14
07319,06438,154,34,120
07319,06439,46,23,23
07319,06440,40,40,0
07319,06531,20,20,0
07319,06532,0,0,0
07319,06533,16,16,0
07319,06534,0,0,0
07319,06535,0,0,0
07319,06611,17,0,17
07319,06631,11,0,11
07319,06632,0,0,0
07319,06633,15,15,0
07319,06634,0,0,0
07319,06635,0,0,0
07319,06636,0,0,0
07319,07111,63,10,53
07319,07131,0,0,0
07319,07132,0,0,0
07319,07133,239,147,92
07319,07134,45,29,16
07319,07135,0,0,0
07319,07137,24,13,11
07319,07138,0,0,0
07319,07140,49,19,30
07319,07141,16,16,0
07319,07143,45,28,17
07319,07211,0,0,0
07319,07231,0,0,0
07319,07232,0,0,0
07319,07233,0,0,0
07319,07235,0,0,0
07319,07311,1564,596,968
07319,07312,178,77,101
07319,07313,151,20,131
07319,07314,3201,763,2438
07319,07315,916,231,685
07319,07316,128,67,61
07319,07317,0,0,0
07319,07318,175,65,110
07319,07319,0,0,0
07319,07320,0,0,0
07319,07331,8037,6218,1819
07319,07332,1458,836,622
07319,07333,1119,879,240
07319,07334,87,45,42
07319,07335,90,69,21
07319,07336,43,43,0
07319,07337,88,46,42
07319,07338,1616,981,635
07319,07339,1000,716,284
07319,07340,26,26,0
07319,08111,94,16,78
07319,08115,12,0,12
07319,08116,11,0,11
07319,08117,0,0,0
07319,08118,25,0,25
07319,08119,11,0,11
07319,08121,26,0,26
07319,08125,50,13,37
07319,08126,0,0,0
07319,08127,0,0,0
07319,08128,0,0,0
07319,08135,11,0,11
07319,08136,0,0,0
07319,08211,15,0,15
07319,08212,109,20,89
07319,08215,110,49,61
07319,08216,33,15,18
07319,08221,231,57,174
07319,08222,3088,627,2461
07319,08225,18,18,0
07319,08226,935,385,550
07319,08231,0,0,0
07319,08235,0,0,0
07319,08236,0,0,0
07319,08237,0,0,0
07319,08311,10,0,10
07319,08315,0,0,0
07319,08316,0,0,0
07319,08317,0,0,0
07319,08325,0,0,0
07319,08326,27,0,27
07319,08327,0,0,0
07319,08335,0,0,0
07319,08336,0,0,0
07319,08337,0,0,0
07319,08415,12,12,0
07319,08416,0,0,0
07319,08417,0,0,0
07319,08421,11,11,0
07319,08425,0,0,0
07319,08426,18,0,18
07319,08435,0,0,0
07319,08436,13,0,13
07319,08437,0,0,0
07319,09161,10,0,10
07319,09162,81,11,70
07319,09163,0,0,0
07319,09171,0,0,0
07319,09172,0,0,0
07319,09173,0,0,0
07319,09174,0,0,0
07319,09175,0,0,0
07319,09176,0,0,0
07319,09177,0,0,0
07319,09178,0,0,0
07319,09179,0,0,0
07319,09180,0,0,0
07319,09181,0,0,0
07319,09182,0,0,0
07319,09183,0,0,0
07319,09184,17,0,17
07319,09185,0,0,0
07319,09186,0,0,0
07319,09187,0,0,0
07319,09188,0,0,0
07319,09189,0,0,0
07319,09190,0,0,0
07319,09261,0,0,0
07319,09262,0,0,0
07319,09263,0,0,0
07319,09271,0,0,0
07319,09272,0,0,0
07319,09273,0,0,0
07319,09274,0,0,0
07319,09275,0,0,0
07319,09276,0,0,0
07319,09277,0,0,0
07319,09278,0,0,0
07319,09279,0,0,0
07319,09361,0,0,0
07319,09362,0,0,0
07319,09363,0,0,0
07319,09371,0,0,0
07319,09372,0,0,0
07319,09373,0,0,0
07319,09374,0,0,0
07319,09375,0,0,0
07319,09376,0,0,0
07319,09377,0,0,0
07319,09461,0,0,0
07319,09462,0,0,0
07319,09463,0,0,0
07319,09464,0,0,0
07319,09471,0,0,0
07319,09472,0,0,0
07319,09473,0,0,0
07319,09474,0,0,0
07319,09475,0,0,0
07319,09476,0,0,0
07319,09477,0,0,0
07319,09478,0,0,0
07319,09479,0,0,0
07319,09561,0,0,0
07319,09562,0,0,0
07319,09563,0,0,0
07319,09564,20,0,20
07319,09565,0,0,0
07319,09571,0,0,0
07319,09572,0,0,0
07319,09573,0,0,0
07319,09574,0,0,0
07319,09575,0,0,0
07319,09576,0,0,0
07319,09577,0,0,0
07319,09661,11,0,11
07319,09662,0,0,0
07319,09663,0,0,0
07319,09671,14,0,14
07319,09672,0,0,0
07319,09673,0,0,0
07319,09674,0,0,0
07319,09675,0,0,0
07319,09676,0,0,0
07319,09677,0,0,0
07319,09678,0,0,0
07319,09679,0,0,0
07319,09761,0,0,0
07319,09762,0,0,0
07319,09763,0,0,0
07319,09764,0,0,0
07319,09771,0,0,0
07319,09772,0,0,0
07319,09773,0,0,0
07319,09774,0,0,0
07319,09775,52,0,52
07319,09776,0,0,0
07319,09777,0,0,0
07319,09778,0,0,0
07319,09779,0,0,0
07319,09780,10,0,10
07319,10041,69,22,47
07319,10042,0,0,0
07319,10043,0,0,0
07319,10044,12,12,0
07319,10045,20,0,20
07319,10046,0,0,0
07319,11000,112,38,74
07319,12051,0,0,0
07319,12052,0,0,0
07319,12053,0,0,0
07319,12054,0,0,0
07319,12060,0,0,0
07319,12061,0,0,0
07319,12062,0,0,0
07319,12063,0,0,0
07319,12064,0,0,0
07319,12065,0,0,0
07319,12066,0,0,0
07319,12067,0,0,0
07319,12068,0,0,0
07319,12069,0,0,0
07319,12070,0,0,0
07319,12071,0,0,0
07319,12072,13,13,0
07319,12073,0,0,0
07319,13003,0,0,0
07319,13004,0,0,0
07319,13071,0,0,0
07319,13072,0,0,0
07319,13073,0,0,0
07319,13074,0,0,0
07319,13075,0,0,0
07319,13076,0,0,0
07319,14511,0,0,0
07319,14521,0,0,0
07319,14522,0,0,0
07319,14523,0,0,0
07319,14524,0,0,0
07319,14612,0,0,0
07319,14625,0,0,0
07319,14626,0,0,0
07319,14627,0,0,0
07319,14628,0,0,0
07319,14713,0,0,0
07319,14729,0,0,0
07319,14730,0,0,0
07319,15001,0,0,0
07319,15002,0,0,0
07319,15003,0,0,0
07319,15081,0,0,0
07319,15082,0,0,0
07319,15083,0,0,0
07319,15084,0,0,0
07319,15085,0,0,0
07319,15086,0,0,0
07319,15087,0,0,0
07319,15088,0,0,0
07319,15089,0,0,0
07319,15090,0,0,0
07319,15091,0,0,0
07319,16051,0,0,0
07319,16052,0,0,0
07319,16053,0,0,0
07319,16054,0,0,0
07319,16055,0,0,0
07319,16056,0,0,0
07319,16061,0,0,0
07319,16062,0,0,0
07319,16063,0,0,0
07319,16064,0,0,0
07319,16065,0,0,0
07319,16066,0,0,0
07319,16067,0,0,0
07319,16068,0,0,0
07319,16069,0,0,0
07319,16070,0,0,0
07319,16071,0,0,0
07319,16072,0,0,0
07319,16073,0,0,0
07319,16074,0,0,0
07319,16075,0,0,0
07319,16076,0,0,0
07319,16077,0,0,0
07320,01001,0,0,0
07320,01002,0,0,0
07320,01003,0,0,0
07320,01004,0,0,0
07320,01051,0,0,0
07320,01053,0,0,0
07320,01054,0,0,0
07320,01055,0,0,0
07320,01056,0,0,0
07320,01057,0,0,0
07320,01058,0,0,0
07320,01059,0,0,0
07320,01060,0,0,0
07320,01061,0,0,0
07320,01062,0,0,0
07320,02000,14,0,14
07320,03101,0,0,0
07320,03102,0,0,0
07320,03103,0,0,0
07320,03151,0,0,0
07320,03153,0,0,0
07320,03154,0,0,0
07320,03155,0,0,0
07320,03157,0,0,0
07320,03158,0,0,0
07320,03159,0,0,0
07320,03241,0,0,0
07320,03251,0,0,0
07320,03252,0,0,0
07320,03254,0,0,0
07320,03255,0,0,0
07320,03256,0,0,0
07320,03257,0,0,0
07320,03351,0,0,0
07320,03352,0,0,0
07320,03353,0,0,0
07320,03354,0,0,0
07320,03355,0,0,0
07320,03356,0,0,0
07320,03357,0,0,0
07320,03358,0,0,0
07320,03359,0,0,0
07320,03360,0,0,0
07320,03361,0,0,0
07320,03401,0,0,0
07320,03402,0,0,0
07320,03403,0,0,0
07320,03404,0,0,0
07320,03405,0,0,0
07320,03451,0,0,0
07320,03452,0,0,0
07320,03453,0,0,0
07320,03454,0,0,0
07320,03455,0,0,0
07320,03456,0,0,0
07320,03457,0,0,0
07320,03458,0,0,0
07320,03459,0,0,0
07320,03460,0,0,0
07320,03461,0,0,0
07320,03462,0,0,0
07320,04011,0,0,0
07320,04012,0,0,0
07320,05111,22,0,22
07320,05112,0,0,0
07320,05113,0,0,0
07320,05114,0,0,0
07320,05116,0,0,0
07320,05117,0,0,0
07320,05119,0,0,0
07320,05120,0,0,0
07320,05122,0,0,0
07320,05124,0,0,0
07320,05154,0,0,0
07320,05158,0,0,0
07320,05162,0,0,0
07320,05166,0,0,0
07320,05170,0,0,0
07320,05314,11,0,11
07320,05315,23,0,23
07320,05316,0,0,0
07320,05334,10,0,10
07320,05358,0,0,0
07320,05362,0,0,0
07320,05366,0,0,0
07320,05370,0,0,0
07320,05374,0,0,0
07320,05378,0,0,0
07320,05382,0,0,0
07320,05512,0,0,0
07320,05513,0,0,0
07320,05515,0,0,0
07320,05554,0,0,0
07320,05558,0,0,0
07320,05562,14,14,0
07320,05566,0,0,0
07320,05570,0,0,0
07320,05711,0,0,0
07320,05754,0,0,0
07320,05758,0,0,0
07320,05762,0,0,0
07320,05766,0,0,0
07320,05770,0,0,0
07320,05774,0,0,0
07320,05911,0,0,0
07320,05913,11,11,0
07320,05914,0,0,0
07320,05915,0,0,0
07320,05916,0,0,0
07320,05954,0,0,0
07320,05958,0,0,0
07320,05962,0,0,0
07320,05966,0,0,0
07320,05970,0,0,0
07320,05974,0,0,0
07320,05978,0,0,0
07320,06411,0,0,0
07320,06412,44,0,44
07320,06413,0,0,0
07320,06414,24,24,0
07320,06431,11,11,0
07320,06432,0,0,0
07320,06433,0,0,0
07320,06434,0,0,0
07320,06435,13,0,13
07320,06436,0,0,0
07320,06437,0,0,0
07320,06438,18,0,18
07320,06439,11,11,0
07320,06440,0,0,0
07320,06531,0,0,0
07320,06532,0,0,0
07320,06533,0,0,0
07320,06534,0,0,0
07320,06535,0,0,0
07320,06611,0,0,0
07320,06631,0,0,0
07320,06632,0,0,0
07320,06633,29,0,29
07320,06634,0,0,0
07320,06635,0,0,0
07320,06636,0,0,0
07320,07111,28,0,28
07320,07131,0,0,0
07320,07132,0,0,0
07320,07133,16,16,0
07320,07134,31,18,13
07320,07135,0,0,0
07320,07137,0,0,0
07320,07138,14,0,14
07320,07140,0,0,0
07320,07141,0,0,0
07320,07143,0,0,0
07320,07211,23,0,23
07320,07231,0,0,0
07320,07232,0,0,0
07320,07233,0,0,0
07320,07235,12,12,0
07320,07311,11,0,11
07320,07312,414,109,305
07320,07313,47,10,37
07320,07314,88,22,66
07320,07315,71,50,21
07320,07316,25,13,12
07320,07317,1546,623,923
07320,07318,36,0,36
07320,07319,0,0,0
07320,07320,0,0,0
07320,07331,19,19,0
07320,07332,33,15,18
07320,07333,17,17,0
07320,07334,55,41,14
07320,07335,641,453,188
07320,07336,316,261,55
07320,07337,42,25,17
07320,07338,33,18,15
07320,07339,36,36,0
07320,07340,4004,3505,499
07320,08111,22,0,22
07320,08115,0,0,0
07320,08116,15,0,15
07320,08117,0,0,0
07320,08118,0,0,0
07320,08119,0,0,0
07320,08121,0,0,0
07320,08125,10,0,10
07320,08126,0,0,0
07320,08127,0,0,0
07320,08128,0,0,0
07320,08135,0,0,0
07320,08136,0,0,0
07320,08211,0,0,0
07320,08212,25,0,25
07320,08215,18,0,18
07320,08216,0,0,0
07320,08221,0,0,0
07320,08222,37,12,25
07320,08225,0,0,0
07320,08226,73,13,60
07320,08231,0,0,0
07320,08235,0,0,0
07320,08236,0,0,0
07320,08237,0,0,0
07320,08311,0,0,0
07320,08315,0,0,0
07320,08316,0,0,0
07320,08317,0,0,0
07320,08325,0,0,0
07320,08326,0,0,0
07320,08327,0,0,0
07320,08335,0,0,0
07320,08336,0,0,0
07320,08337,0,0,0
07320,08415,0,0,0
07320,08416,0,0,0
07320,08417,0,0,0
07320,08421,0,0,0
07320,08425,0,0,0
07320,08426,0,0,0
07320,08435,0,0,0
07320,08436,0,0,0
07320,08437,0,0,0
07320,09161,0,0,0
07320,09162,47,0,47
07320,09163,0,0,0
07320,09171,0,0,0
07320,09172,0,0,0
07320,09173,0,0,0
07320,09174,0,0,0
07320,09175,0,0,0
07320,09176,0,0,0
07320,09177,0,0,0
07320,09178,0,0,0
07320,09179,0,0,0
07320,09180,0,0,0
07320,09181,0,0,0
07320,09182,0,0,0
07320,09183,0,0,0
07320,09184,18,0,18
07320,09185,0,0,0
07320,09186,0,0,0
07320,09187,11,0,11
07320,09188,0,0,0
07320,09189,0,0,0
07320,09190,0,0,0
07320,09261,0,0,0
07320,09262,0,0,0
07320,09263,0,0,0
07320,09271,0,0,0
07320,09272,0,0,0
07320,09273,0,0,0
07320,09274,0,0,0
07320,09275,0,0,0
07320,09276,0,0,0
07320,09277,0,0,0
07320,09278,0,0,0
07320,09279,0,0,0
07320,09361,0,0,0
07320,09362,0,0,0
07320,09363,0,0,0
07320,09371,0,0,0
07320,09372,0,0,0
07320,09373,0,0,0
07320,09374,0,0,0
07320,09375,0,0,0
07320,09376,0,0,0
07320,09377,0,0,0
07320,09461,0,0,0
07320,09462,0,0,0
07320,09463,0,0,0
07320,09464,0,0,0
07320,09471,0,0,0
07320,09472,0,0,0
07320,09473,0,0,0
07320,09474,0,0,0
07320,09475,0,0,0
07320,09476,0,0,0
07320,09477,0,0,0
07320,09478,0,0,0
07320,09479,0,0,0
07320,09561,0,0,0
07320,09562,0,0,0
07320,09563,0,0,0
07320,09564,0,0,0
07320,09565,0,0,0
07320,09571,0,0,0
07320,09572,0,0,0
07320,09573,0,0,0
07320,09574,0,0,0
07320,09575,0,0,0
07320,09576,0,0,0
07320,09577,0,0,0
07320,09661,0,0,0
07320,09662,0,0,0
07320,09663,0,0,0
07320,09671,0,0,0
07320,09672,0,0,0
07320,09673,0,0,0
07320,09674,0,0,0
07320,09675,0,0,0
07320,09676,0,0,0
07320,09677,0,0,0
07320,09678,0,0,0
07320,09679,0,0,0
07320,09761,0,0,0
07320,09762,0,0,0
07320,09763,0,0,0
07320,09764,0,0,0
07320,09771,0,0,0
07320,09772,0,0,0
07320,09773,0,0,0
07320,09774,0,0,0
07320,09775,0,0,0
07320,09776,0,0,0
07320,09777,0,0,0
07320,09778,0,0,0
07320,09779,0,0,0
07320,09780,0,0,0
07320,10041,1243,456,787
07320,10042,44,26,18
07320,10043,844,471,373
07320,10044,216,110,106
07320,10045,4576,1826,2750
07320,10046,162,123,39
07320,11000,31,0,31
07320,12051,0,0,0
07320,12052,0,0,0
07320,12053,0,0,0
07320,12054,0,0,0
07320,12060,0,0,0
07320,12061,0,0,0
07320,12062,0,0,0
07320,12063,0,0,0
07320,12064,0,0,0
07320,12065,0,0,0
07320,12066,0,0,0
07320,12067,0,0,0
07320,12068,0,0,0
07320,12069,0,0,0
07320,12070,0,0,0
07320,12071,0,0,0
07320,12072,0,0,0
07320,12073,0,0,0
07320,13003,0,0,0
07320,13004,0,0,0
07320,13071,0,0,0
07320,13072,0,0,0
07320,13073,0,0,0
07320,13074,0,0,0
07320,13075,0,0,0
07320,13076,0,0,0
07320,14511,0,0,0
07320,14521,0,0,0
07320,14522,0,0,0
07320,14523,0,0,0
07320,14524,0,0,0
07320,14612,0,0,0
07320,14625,0,0,0
07320,14626,0,0,0
07320,14627,0,0,0
07320,14628,0,0,0
07320,14713,0,0,0
07320,14729,0,0,0
07320,14730,0,0,0
07320,15001,0,0,0
07320,15002,0,0,0
07320,15003,0,0,0
07320,15081,0,0,0
07320,15082,0,0,0
07320,15083,0,0,0
07320,15084,0,0,0
07320,15085,0,0,0
07320,15086,0,0,0
07320,15087,0,0,0
07320,15088,0,0,0
07320,15089,0,0,0
07320,15090,0,0,0
07320,15091,0,0,0
07320,16051,0,0,0
07320,16052,0,0,0
07320,16053,0,0,0
07320,16054,0,0,0
07320,16055,0,0,0
07320,16056,0,0,0
07320,16061,0,0,0
07320,16062,0,0,0
07320,16063,0,0,0
07320,16064,0,0,0
07320,16065,0,0,0
07320,16066,0,0,0
07320,16067,0,0,0
07320,16068,0,0,0
07320,16069,0,0,0
07320,16070,0,0,0
07320,16071,0,0,0
07320,16072,0,0,0
07320,16073,0,0,0
07320,16074,0,0,0
07320,16075,0,0,0
07320,16076,0,0,0
07320,16077,0,0,0
07331,01001,0,0,0
07331,01002,0,0,0
07331,01003,33,0,33
07331,01004,0,0,0
07331,01051,0,0,0
07331,01053,0,0,0
07331,01054,0,0,0
07331,01055,0,0,0
07331,01056,10,0,10
07331,01057,0,0,0
07331,01058,0,0,0
07331,01059,0,0,0
07331,01060,0,0,0
07331,01061,0,0,0
07331,01062,0,0,0
07331,02000,106,11,95
07331,03101,0,0,0
07331,03102,0,0,0
07331,03103,0,0,0
07331,03151,0,0,0
07331,03153,0,0,0
07331,03154,0,0,0
07331,03155,0,0,0
07331,03157,0,0,0
07331,03158,0,0,0
07331,03159,0,0,0
07331,03241,18,0,18
07331,03251,0,0,0
07331,03252,0,0,0
07331,03254,0,0,0
07331,03255,0,0,0
07331,03256,0,0,0
07331,03257,19,0,19
07331,03351,0,0,0
07331,03352,0,0,0
07331,03353,0,0,0
07331,03354,0,0,0
07331,03355,0,0,0
07331,03356,0,0,0
07331,03357,0,0,0
07331,03358,0,0,0
07331,03359,0,0,0
07331,03360,0,0,0
07331,03361,0,0,0
07331,03401,0,0,0
07331,03402,0,0,0
07331,03403,0,0,0
07331,03404,11,0,11
07331,03405,0,0,0
07331,03451,0,0,0
07331,03452,0,0,0
07331,03453,0,0,0
07331,03454,14,0,14
07331,03455,0,0,0
07331,03456,0,0,0
07331,03457,0,0,0
07331,03458,0,0,0
07331,03459,0,0,0
07331,03460,0,0,0
07331,03461,0,0,0
07331,03462,0,0,0
07331,04011,14,0,14
07331,04012,0,0,0
07331,05111,70,0,70
07331,05112,17,0,17
07331,05113,74,32,42
07331,05114,0,0,0
07331,05116,17,0,17
07331,05117,0,0,0
07331,05119,17,0,17
07331,05120,0,0,0
07331,05122,0,0,0
07331,05124,0,0,0
07331,05154,0,0,0
07331,05158,32,0,32
07331,05162,0,0,0
07331,05166,0,0,0
07331,05170,16,0,16
07331,05314,27,0,27
07331,05315,73,0,73
07331,05316,12,0,12
07331,05334,0,0,0
07331,05358,0,0,0
07331,05362,16,0,16
07331,05366,0,0,0
07331,05370,0,0,0
07331,05374,0,0,0
07331,05378,0,0,0
07331,05382,14,0,14
07331,05512,0,0,0
07331,05513,0,0,0
07331,05515,0,0,0
07331,05554,0,0,0
07331,05558,0,0,0
07331,05562,15,15,0
07331,05566,10,0,10
07331,05570,0,0,0
07331,05711,0,0,0
07331,05754,13,0,13
07331,05758,19,0,19
07331,05762,0,0,0
07331,05766,0,0,0
07331,05770,0,0,0
07331,05774,0,0,0
07331,05911,10,0,10
07331,05913,23,0,23
07331,05914,0,0,0
07331,05915,0,0,0
07331,05916,0,0,0
07331,05954,0,0,0
07331,05958,0,0,0
07331,05962,0,0,0
07331,05966,0,0,0
07331,05970,0,0,0
07331,05974,0,0,0
07331,05978,15,0,15
07331,06411,324,33,291
07331,06412,1537,116,1421
07331,06413,64,19,45
07331,06414,1917,239,1678
07331,06431,919,187,732
07331,06432,199,40,159
07331,06433,2082,154,1928
07331,06434,99,13,86
07331,06435,73,20,53
07331,06436,372,58,314
07331,06437,10,10,0
07331,06438,274,46,228
07331,06439,227,95,132
07331,06440,49,18,31
07331,06531,34,11,23
07331,06532,45,18,27
07331,06533,44,14,30
07331,06534,45,0,45
07331,06535,0,0,0
07331,06611,22,0,22
07331,06631,32,16,16
07331,06632,0,0,0
07331,06633,0,0,0
07331,06634,0,0,0
07331,06635,0,0,0
07331,06636,0,0,0
07331,07111,119,15,104
07331,07131,0,0,0
07331,07132,0,0,0
07331,07133,3245,1430,1815
07331,07134,64,34,30
07331,07135,22,12,10
07331,07137,63,31,32
07331,07138,11,0,11
07331,07140,254,144,110
07331,07141,47,30,17
07331,07143,38,19,19
07331,07211,20,0,20
07331,07231,30,11,19
07331,07232,40,17,23
07331,07233,0,0,0
07331,07235,10,10,0
07331,07311,499,81,418
07331,07312,349,157,192
07331,07313,37,0,37
07331,07314,1684,177,1507
07331,07315,8050,956,7094
07331,07316,118,24,94
07331,07317,17,0,17
07331,07318,107,19,88
07331,07319,8037,1819,6218
07331,07320,19,0,19
07331,07331,0,0,0
07331,07332,1033,345,688
07331,07333,3149,1796,1353
07331,07334,53,17,36
07331,07335,214,167,47
07331,07336,97,59,38
07331,07337,44,16,28
07331,07338,447,153,294
07331,07339,6689,2570,4119
07331,07340,24,24,0
07331,08111,340,10,330
07331,08115,20,0,20
07331,08116,18,0,18
07331,08117,16,16,0
07331,08118,34,0,34
07331,08119,36,0,36
07331,08121,14,0,14
07331,08125,53,11,42
07331,08126,17,0,17
07331,08127,0,0,0
07331,08128,0,0,0
07331,08135,0,0,0
07331,08136,11,0,11
07331,08211,0,0,0
07331,08212,56,0,56
07331,08215,71,23,48
07331,08216,14,0,14
07331,08221,121,18,103
07331,08222,1318,148,1170
07331,08225,0,0,0
07331,08226,334,89,245
07331,08231,0,0,0
07331,08235,0,0,0
07331,08236,14,0,14
07331,08237,10,0,10
07331,08311,0,0,0
07331,08315,16,0,16
07331,08316,10,10,0
07331,08317,21,0,21
07331,08325,0,0,0
07331,08326,11,0,11
07331,08327,0,0,0
07331,08335,0,0,0
07331,08336,0,0,0
07331,08337,28,0,28
07331,08415,0,0,0
07331,08416,0,0,0
07331,08417,0,0,0
07331,08421,12,0,12
07331,08425,0,0,0
07331,08426,26,26,0
07331,08435,10,10,0
07331,08436,0,0,0
07331,08437,0,0,0
07331,09161,19,0,19
07331,09162,68,11,57
07331,09163,0,0,0
07331,09171,0,0,0
07331,09172,0,0,0
07331,09173,0,0,0
07331,09174,0,0,0
07331,09175,0,0,0
07331,09176,0,0,0
07331,09177,0,0,0
07331,09178,0,0,0
07331,09179,0,0,0
07331,09180,0,0,0
07331,09181,0,0,0
07331,09182,0,0,0
07331,09183,0,0,0
07331,09184,45,0,45
07331,09185,0,0,0
07331,09186,0,0,0
07331,09187,0,0,0
07331,09188,0,0,0
07331,09189,0,0,0
07331,09190,0,0,0
07331,09261,0,0,0
07331,09262,0,0,0
07331,09263,0,0,0
07331,09271,0,0,0
07331,09272,0,0,0
07331,09273,0,0,0
07331,09274,0,0,0
07331,09275,0,0,0
07331,09276,0,0,0
07331,09277,0,0,0
07331,09278,0,0,0
07331,09279,0,0,0
07331,09361,0,0,0
07331,09362,0,0,0
07331,09363,0,0,0
07331,09371,0,0,0
07331,09372,0,0,0
07331,09373,0,0,0
07331,09374,0,0,0
07331,09375,0,0,0
07331,09376,0,0,0
07331,09377,0,0,0
07331,09461,0,0,0
07331,09462,0,0,0
07331,09463,0,0,0
07331,09464,0,0,0
07331,09471,0,0,0
07331,09472,0,0,0
07331,09473,0,0,0
07331,09474,0,0,0
07331,09475,0,0,0
07331,09476,0,0,0
07331,09477,0,0,0
07331,09478,0,0,0
07331,09479,0,0,0
07331,09561,0,0,0
07331,09562,0,0,0
07331,09563,0,0,0
07331,09564,33,12,21
07331,09565,0,0,0
07331,09571,0,0,0
07331,09572,0,0,0
07331,09573,0,0,0
07331,09574,0,0,0
07331,09575,0,0,0
07331,09576,0,0,0
07331,09577,0,0,0
07331,09661,21,0,21
07331,09662,0,0,0
07331,09663,11,0,11
07331,09671,20,0,20
07331,09672,0,0,0
07331,09673,0,0,0
07331,09674,0,0,0
07331,09675,0,0,0
07331,09676,0,0,0
07331,09677,0,0,0
07331,09678,0,0,0
07331,09679,0,0,0
07331,09761,0,0,0
07331,09762,0,0,0
07331,09763,0,0,0
07331,09764,0,0,0
07331,09771,0,0,0
07331,09772,0,0,0
07331,09773,0,0,0
07331,09774,0,0,0
07331,09775,22,0,22
07331,09776,0,0,0
07331,09777,0,0,0
07331,09778,0,0,0
07331,09779,0,0,0
07331,09780,21,0,21
07331,10041,102,21,81
07331,10042,0,0,0
07331,10043,24,24,0
07331,10044,23,11,12
07331,10045,45,26,19
07331,10046,0,0,0
07331,11000,103,21,82
07331,12051,0,0,0
07331,12052,0,0,0
07331,12053,0,0,0
07331,12054,0,0,0
07331,12060,0,0,0
07331,12061,0,0,0
07331,12062,0,0,0
07331,12063,0,0,0
07331,12064,0,0,0
07331,12065,0,0,0
07331,12066,0,0,0
07331,12067,0,0,0
07331,12068,0,0,0
07331,12069,0,0,0
07331,12070,0,0,0
07331,12071,0,0,0
07331,12072,0,0,0
07331,12073,0,0,0
07331,13003,0,0,0
07331,13004,0,0,0
07331,13071,0,0,0
07331,13072,0,0,0
07331,13073,0,0,0
07331,13074,0,0,0
07331,13075,0,0,0
07331,13076,0,0,0
07331,14511,10,0,10
07331,14521,0,0,0
07331,14522,0,0,0
07331,14523,0,0,0
07331,14524,0,0,0
07331,14612,0,0,0
07331,14625,10,10,0
07331,14626,13,13,0
07331,14627,0,0,0
07331,14628,0,0,0
07331,14713,0,0,0
07331,14729,0,0,0
07331,14730,0,0,0
07331,15001,0,0,0
07331,15002,0,0,0
07331,15003,0,0,0
07331,15081,0,0,0
07331,15082,0,0,0
07331,15083,0,0,0
07331,15084,0,0,0
07331,15085,0,0,0
07331,15086,0,0,0
07331,15087,0,0,0
07331,15088,0,0,0
07331,15089,0,0,0
07331,15090,0,0,0
07331,15091,0,0,0
07331,16051,0,0,0
07331,16052,0,0,0
07331,16053,0,0,0
07331,16054,0,0,0
07331,16055,0,0,0
07331,16056,0,0,0
07331,16061,0,0,0
07331,16062,0,0,0
07331,16063,0,0,0
07331,16064,0,0,0
07331,16065,0,0,0
07331,16066,0,0,0
07331,16067,0,0,0
07331,16068,0,0,0
07331,16069,0,0,0
07331,16070,0,0,0
07331,16071,0,0,0
07331,16072,0,0,0
07331,16073,0,0,0
07331,16074,0,0,0
07331,16075,0,0,0
07331,16076,0,0,0
07331,16077,0,0,0
07332,01001,0,0,0
07332,01002,0,0,0
07332,01003,0,0,0
07332,01004,0,0,0
07332,01051,0,0,0
07332,01053,0,0,0
07332,01054,0,0,0
07332,01055,0,0,0
07332,01056,0,0,0
07332,01057,0,0,0
07332,01058,0,0,0
07332,01059,0,0,0
07332,01060,0,0,0
07332,01061,0,0,0
07332,01062,0,0,0
07332,02000,60,0,60
07332,03101,0,0,0
07332,03102,0,0,0
07332,03103,0,0,0
07332,03151,0,0,0
07332,03153,0,0,0
07332,03154,0,0,0
07332,03155,0,0,0
07332,03157,0,0,0
07332,03158,0,0,0
07332,03159,0,0,0
07332,03241,31,0,31
07332,03251,0,0,0
07332,03252,0,0,0
07332,03254,0,0,0
07332,03255,0,0,0
07332,03256,0,0,0
07332,03257,10,0,10
07332,03351,0,0,0
07332,03352,0,0,0
07332,03353,0,0,0
07332,03354,0,0,0
07332,03355,0,0,0
07332,03356,0,0,0
07332,03357,0,0,0
07332,03358,0,0,0
07332,03359,0,0,0
07332,03360,0,0,0
07332,03361,0,0,0
07332,03401,0,0,0
07332,03402,10,0,10
07332,03403,0,0,0
07332,03404,12,0,12
07332,03405,0,0,0
07332,03451,0,0,0
07332,03452,0,0,0
07332,03453,0,0,0
07332,03454,12,0,12
07332,03455,0,0,0
07332,03456,23,0,23
07332,03457,0,0,0
07332,03458,0,0,0
07332,03459,0,0,0
07332,03460,0,0,0
07332,03461,0,0,0
07332,03462,0,0,0
07332,04011,0,0,0
07332,04012,0,0,0
07332,05111,79,0,79
07332,05112,43,13,30
07332,05113,20,0,20
07332,05114,17,0,17
07332,05116,21,0,21
07332,05117,0,0,0
07332,05119,0,0,0
07332,05120,0,0,0
07332,05122,0,0,0
07332,05124,0,0,0
07332,05154,0,0,0
07332,05158,35,0,35
07332,05162,10,0,10
07332,05166,14,0,14
07332,05170,0,0,0
07332,05314,24,0,24
07332,05315,117,21,96
07332,05316,0,0,0
07332,05334,14,0,14
07332,05358,0,0,0
07332,05362,23,0,23
07332,05366,0,0,0
07332,05370,0,0,0
07332,05374,22,0,22
07332,05378,0,0,0
07332,05382,23,0,23
07332,05512,0,0,0
07332,05513,13,0,13
07332,05515,0,0,0
07332,05554,0,0,0
07332,05558,0,0,0
07332,05562,15,0,15
07332,05566,11,0,11
07332,05570,0,0,0
07332,05711,0,0,0
07332,05754,19,0,19
07332,05758,0,0,0
07332,05762,0,0,0
07332,05766,0,0,0
07332,05770,0,0,0
07332,05774,0,0,0
07332,05911,0,0,0
07332,05913,12,0,12
07332,05914,0,0,0
07332,05915,0,0,0
07332,05916,0,0,0
07332,05954,0,0,0
07332,05958,0,0,0
07332,05962,35,35,0
07332,05966,0,0,0
07332,05970,10,0,10
07332,05974,0,0,0
07332,05978,20,0,20
07332,06411,123,14,109
07332,06412,432,26,406
07332,06413,20,0,20
07332,06414,90,13,77
07332,06431,500,175,325
07332,06432,71,27,44
07332,06433,125,38,87
07332,06434,47,0,47
07332,06435,42,12,30
07332,06436,62,0,62
07332,06437,12,0,12
07332,06438,113,13,100
07332,06439,16,0,16
07332,06440,16,0,16
07332,06531,0,0,0
07332,06532,22,11,11
07332,06533,13,0,13
07332,06534,21,0,21
07332,06535,0,0,0
07332,06611,14,0,14
07332,06631,0,0,0
07332,06632,0,0,0
07332,06633,0,0,0
07332,06634,0,0,0
07332,06635,0,0,0
07332,06636,0,0,0
07332,07111,16,0,16
07332,07131,0,0,0
07332,07132,0,0,0
07332,07133,95,50,45
07332,07134,22,10,12
07332,07135,0,0,0
07332,07137,29,0,29
07332,07138,25,0,25
07332,07140,0,0,0
07332,07141,15,0,15
07332,07143,42,0,42
07332,07211,27,0,27
07332,07231,21,10,11
07332,07232,0,0,0
07332,07233,0,0,0
07332,07235,0,0,0
07332,07311,2565,583,1982
07332,07312,1124,360,764
07332,07313,787,156,631
07332,07314,10412,1026,9386
07332,07315,266,39,227
07332,07316,5161,1901,3260
07332,07317,46,17,29
07332,07318,1468,230,1238
07332,07319,1458,622,836
07332,07320,33,18,15
07332,07331,1033,688,345
07332,07332,0,0,0
07332,07333,3117,1991,1126
07332,07334,681,253,428
07332,07335,703,455,248
07332,07336,59,43,16
07332,07337,1487,599,888
07332,07338,4522,2195,2327
07332,07339,183,113,70
07332,07340,126,94,32
07332,08111,131,13,118
07332,08115,31,0,31
07332,08116,49,17,32
07332,08117,0,0,0
07332,08118,60,10,50
07332,08119,31,0,31
07332,08121,22,0,22
07332,08125,46,0,46
07332,08126,13,0,13
07332,08127,0,0,0
07332,08128,0,0,0
07332,08135,0,0,0
07332,08136,0,0,0
07332,08211,33,0,33
07332,08212,342,23,319
07332,08215,266,59,207
07332,08216,37,12,25
07332,08221,391,53,338
07332,08222,5003,555,4448
07332,08225,17,0,17
07332,08226,1056,296,760
07332,08231,0,0,0
07332,08235,0,0,0
07332,08236,24,11,13
07332,08237,0,0,0
07332,08311,15,0,15
07332,08315,14,14,0
07332,08316,0,0,0
07332,08317,31,0,31
07332,08325,0,0,0
07332,08326,0,0,0
07332,08327,0,0,0
07332,08335,0,0,0
07332,08336,12,0,12
07332,08337,11,0,11
07332,08415,15,0,15
07332,08416,0,0,0
07332,08417,0,0,0
07332,08421,12,0,12
07332,08425,0,0,0
07332,08426,0,0,0
07332,08435,0,0,0
07332,08436,0,0,0
07332,08437,0,0,0
07332,09161,0,0,0
07332,09162,182,30,152
07332,09163,0,0,0
07332,09171,0,0,0
07332,09172,0,0,0
07332,09173,0,0,0
07332,09174,0,0,0
07332,09175,0,0,0
07332,09176,0,0,0
07332,09177,0,0,0
07332,09178,0,0,0
07332,09179,0,0,0
07332,09180,0,0,0
07332,09181,0,0,0
07332,09182,0,0,0
07332,09183,0,0,0
07332,09184,63,0,63
07332,09185,0,0,0
07332,09186,0,0,0
07332,09187,0,0,0
07332,09188,0,0,0
07332,09189,0,0,0
07332,09190,12,0,12
07332,09261,0,0,0
07332,09262,18,18,0
07332,09263,0,0,0
07332,09271,0,0,0
07332,09272,0,0,0
07332,09273,0,0,0
07332,09274,0,0,0
07332,09275,13,13,0
07332,09276,0,0,0
07332,09277,0,0,0
07332,09278,0,0,0
07332,09279,0,0,0
07332,09361,0,0,0
07332,09362,0,0,0
07332,09363,0,0,0
07332,09371,0,0,0
07332,09372,0,0,0
07332,09373,0,0,0
07332,09374,0,0,0
07332,09375,0,0,0
07332,09376,0,0,0
07332,09377,0,0,0
07332,09461,0,0,0
07332,09462,0,0,0
07332,09463,0,0,0
07332,09464,0,0,0
07332,09471,0,0,0
07332,09472,0,0,0
07332,09473,0,0,0
07332,09474,0,0,0
07332,09475,0,0,0
07332,09476,0,0,0
07332,09477,0,0,0
07332,09478,0,0,0
07332,09479,0,0,0
07332,09561,0,0,0
07332,09562,11,0,11
07332,09563,0,0,0
07332,09564,31,0,31
07332,09565,0,0,0
07332,09571,0,0,0
07332,09572,0,0,0
07332,09573,0,0,0
07332,09574,0,0,0
07332,09575,0,0,0
07332,09576,0,0,0
07332,09577,0,0,0
07332,09661,0,0,0
07332,09662,0,0,0
07332,09663,0,0,0
07332,09671,13,0,13
07332,09672,0,0,0
07332,09673,0,0,0
07332,09674,0,0,0
07332,09675,0,0,0
07332,09676,0,0,0
07332,09677,0,0,0
07332,09678,0,0,0
07332,09679,0,0,0
07332,09761,0,0,0
07332,09762,0,0,0
07332,09763,0,0,0
07332,09764,0,0,0
07332,09771,0,0,0
07332,09772,0,0,0
07332,09773,0,0,0
07332,09774,0,0,0
07332,09775,0,0,0
07332,09776,0,0,0
07332,09777,0,0,0
07332,09778,0,0,0
07332,09779,0,0,0
07332,09780,0,0,0
07332,10041,116,33,83
07332,10042,23,0,23
07332,10043,21,10,11
07332,10044,25,11,14
07332,10045,86,25,61
07332,10046,0,0,0
07332,11000,144,17,127
07332,12051,0,0,0
07332,12052,0,0,0
07332,12053,0,0,0
07332,12054,0,0,0
07332,12060,0,0,0
07332,12061,0,0,0
07332,12062,0,0,0
07332,12063,0,0,0
07332,12064,0,0,0
07332,12065,0,0,0
07332,12066,0,0,0
07332,12067,0,0,0
07332,12068,0,0,0
07332,12069,0,0,0
07332,12070,0,0,0
07332,12071,0,0,0
07332,12072,0,0,0
07332,12073,0,0,0
07332,13003,0,0,0
07332,13004,0,0,0
07332,13071,0,0,0
07332,13072,0,0,0
07332,13073,0,0,0
07332,13074,0,0,0
07332,13075,0,0,0
07332,13076,0,0,0
07332,14511,0,0,0
07332,14521,0,0,0
07332,14522,0,0,0
07332,14523,0,0,0
07332,14524,0,0,0
07332,14612,18,18,0
07332,14625,0,0,0
07332,14626,0,0,0
07332,14627,0,0,0
07332,14628,0,0,0
07332,14713,17,17,0
07332,14729,0,0,0
07332,14730,0,0,0
07332,15001,0,0,0
07332,15002,0,0,0
07332,15003,0,0,0
07332,15081,0,0,0
07332,15082,0,0,0
07332,15083,0,0,0
07332,15084,0,0,0
07332,15085,0,0,0
07332,15086,0,0,0
07332,15087,0,0,0
07332,15088,0,0,0
07332,15089,0,0,0
07332,15090,0,0,0
07332,15091,0,0,0
07332,16051,0,0,0
07332,16052,0,0,0
07332,16053,0,0,0
07332,16054,0,0,0
07332,16055,0,0,0
07332,16056,0,0,0
07332,16061,0,0,0
07332,16062,0,0,0
07332,16063,0,0,0
07332,16064,0,0,0
07332,16065,0,0,0
07332,16066,0,0,0
07332,16067,0,0,0
07332,16068,0,0,0
07332,16069,0,0,0
07332,16070,0,0,0
07332,16071,0,0,0
07332,16072,0,0,0
07332,16073,0,0,0
07332,16074,0,0,0
07332,16075,0,0,0
07332,16076,0,0,0
07332,16077,0,0,0
07333,01001,0,0,0
07333,01002,0,0,0
07333,01003,0,0,0
07333,01004,0,0,0
07333,01051,0,0,0
07333,01053,0,0,0
07333,01054,0,0,0
07333,01055,0,0,0
07333,01056,0,0,0
07333,01057,0,0,0
07333,01058,0,0,0
07333,01059,0,0,0
07333,01060,0,0,0
07333,01061,0,0,0
07333,01062,0,0,0
07333,02000,44,12,32
07333,03101,0,0,0
07333,03102,0,0,0
07333,03103,0,0,0
07333,03151,0,0,0
07333,03153,0,0,0
07333,03154,0,0,0
07333,03155,0,0,0
07333,03157,0,0,0
07333,03158,0,0,0
07333,03159,0,0,0
07333,03241,15,0,15
07333,03251,0,0,0
07333,03252,0,0,0
07333,03254,0,0,0
07333,03255,0,0,0
07333,03256,0,0,0
07333,03257,0,0,0
07333,03351,0,0,0
07333,03352,0,0,0
07333,03353,0,0,0
07333,03354,0,0,0
07333,03355,0,0,0
07333,03356,0,0,0
07333,03357,0,0,0
07333,03358,0,0,0
07333,03359,0,0,0
07333,03360,0,0,0
07333,03361,0,0,0
07333,03401,0,0,0
07333,03402,0,0,0
07333,03403,0,0,0
07333,03404,0,0,0
07333,03405,0,0,0
07333,03451,0,0,0
07333,03452,0,0,0
07333,03453,0,0,0
07333,03454,0,0,0
07333,03455,0,0,0
07333,03456,0,0,0
07333,03457,0,0,0
07333,03458,0,0,0
07333,03459,0,0,0
07333,03460,0,0,0
07333,03461,0,0,0
07333,03462,0,0,0
07333,04011,0,0,0
07333,04012,0,0,0
07333,05111,26,0,26
07333,05112,15,0,15
07333,05113,13,0,13
07333,05114,0,0,0
07333,05116,0,0,0
07333,05117,0,0,0
07333,05119,0,0,0
07333,05120,0,0,0
07333,05122,0,0,0
07333,05124,0,0,0
07333,05154,0,0,0
07333,05158,18,0,18
07333,05162,21,0,21
07333,05166,0,0,0
07333,05170,0,0,0
07333,05314,0,0,0
07333,05315,28,0,28
07333,05316,0,0,0
07333,05334,18,0,18
07333,05358,0,0,0
07333,05362,11,0,11
07333,05366,0,0,0
07333,05370,0,0,0
07333,05374,0,0,0
07333,05378,0,0,0
07333,05382,65,45,20
07333,05512,0,0,0
07333,05513,0,0,0
07333,05515,0,0,0
07333,05554,0,0,0
07333,05558,0,0,0
07333,05562,0,0,0
07333,05566,0,0,0
07333,05570,0,0,0
07333,05711,0,0,0
07333,05754,0,0,0
07333,05758,0,0,0
07333,05762,0,0,0
07333,05766,0,0,0
07333,05770,0,0,0
07333,05774,0,0,0
07333,05911,0,0,0
07333,05913,0,0,0
07333,05914,0,0,0
07333,05915,0,0,0
07333,05916,0,0,0
07333,05954,0,0,0
07333,05958,0,0,0
07333,05962,0,0,0
07333,05966,0,0,0
07333,05970,0,0,0
07333,05974,0,0,0
07333,05978,0,0,0
07333,06411,74,18,56
07333,06412,266,14,252
07333,06413,10,0,10
07333,06414,243,48,195
07333,06431,222,70,152
07333,06432,46,14,32
07333,06433,174,14,160
07333,06434,22,0,22
07333,06435,31,0,31
07333,06436,67,10,57
07333,06437,0,0,0
07333,06438,61,0,61
07333,06439,44,15,29
07333,06440,13,0,13
07333,06531,10,0,10
07333,06532,0,0,0
07333,06533,0,0,0
07333,06534,0,0,0
07333,06535,0,0,0
07333,06611,0,0,0
07333,06631,0,0,0
07333,06632,0,0,0
07333,06633,0,0,0
07333,06634,0,0,0
07333,06635,0,0,0
07333,06636,0,0,0
07333,07111,20,0,20
07333,07131,15,0,15
07333,07132,0,0,0
07333,07133,1791,523,1268
07333,07134,79,40,39
07333,07135,0,0,0
07333,07137,32,12,20
07333,07138,14,0,14
07333,07140,53,17,36
07333,07141,0,0,0
07333,07143,20,0,20
07333,07211,29,15,14
07333,07231,0,0,0
07333,07232,0,0,0
07333,07233,0,0,0
07333,07235,11,11,0
07333,07311,410,81,329
07333,07312,3414,1143,2271
07333,07313,24,0,24
07333,07314,1629,102,1527
07333,07315,828,172,656
07333,07316,114,31,83
07333,07317,42,20,22
07333,07318,167,17,150
07333,07319,1119,240,879
07333,07320,17,0,17
07333,07331,3149,1353,1796
07333,07332,3117,1126,1991
07333,07333,0,0,0
07333,07334,40,15,25
07333,07335,2248,1238,1010
07333,07336,627,523,104
07333,07337,141,22,119
07333,07338,336,126,210
07333,07339,762,338,424
07333,07340,128,88,40
07333,08111,33,0,33
07333,08115,0,0,0
07333,08116,17,0,17
07333,08117,0,0,0
07333,08118,19,0,19
07333,08119,13,0,13
07333,08121,0,0,0
07333,08125,12,0,12
07333,08126,0,0,0
07333,08127,0,0,0
07333,08128,0,0,0
07333,08135,0,0,0
07333,08136,0,0,0
07333,08211,19,0,19
07333,08212,37,0,37
07333,08215,43,10,33
07333,08216,0,0,0
07333,08221,68,20,48
07333,08222,752,99,653
07333,08225,0,0,0
07333,08226,228,66,162
07333,08231,0,0,0
07333,08235,0,0,0
07333,08236,25,0,25
07333,08237,0,0,0
07333,08311,0,0,0
07333,08315,0,0,0
07333,08316,0,0,0
07333,08317,18,0,18
07333,08325,0,0,0
07333,08326,0,0,0
07333,08327,0,0,0
07333,08335,0,0,0
07333,08336,0,0,0
07333,08337,11,0,11
07333,08415,0,0,0
07333,08416,0,0,0
07333,08417,0,0,0
07333,08421,0,0,0
07333,08425,0,0,0
07333,08426,0,0,0
07333,08435,0,0,0
07333,08436,0,0,0
07333,08437,0,0,0
07333,09161,73,0,73
07333,09162,55,0,55
07333,09163,0,0,0
07333,09171,0,0,0
07333,09172,0,0,0
07333,09173,0,0,0
07333,09174,0,0,0
07333,09175,0,0,0
07333,09176,0,0,0
07333,09177,0,0,0
07333,09178,0,0,0
07333,09179,0,0,0
07333,09180,0,0,0
07333,09181,0,0,0
07333,09182,0,0,0
07333,09183,0,0,0
07333,09184,22,0,22
07333,09185,0,0,0
07333,09186,0,0,0
07333,09187,0,0,0
07333,09188,0,0,0
07333,09189,0,0,0
07333,09190,0,0,0
07333,09261,0,0,0
07333,09262,0,0,0
07333,09263,0,0,0
07333,09271,0,0,0
07333,09272,0,0,0
07333,09273,0,0,0
07333,09274,0,0,0
07333,09275,0,0,0
07333,09276,0,0,0
07333,09277,0,0,0
07333,09278,0,0,0
07333,09279,0,0,0
07333,09361,0,0,0
07333,09362,0,0,0
07333,09363,0,0,0
07333,09371,0,0,0
07333,09372,0,0,0
07333,09373,0,0,0
07333,09374,0,0,0
07333,09375,0,0,0
07333,09376,0,0,0
07333,09377,0,0,0
07333,09461,0,0,0
07333,09462,0,0,0
07333,09463,0,0,0
07333,09464,0,0,0
07333,09471,0,0,0
07333,09472,0,0,0
07333,09473,0,0,0
07333,09474,0,0,0
07333,09475,0,0,0
07333,09476,0,0,0
07333,09477,0,0,0
07333,09478,0,0,0
07333,09479,0,0,0
07333,09561,0,0,0
07333,09562,0,0,0
07333,09563,0,0,0
07333,09564,11,0,11
07333,09565,0,0,0
07333,09571,0,0,0
07333,09572,0,0,0
07333,09573,0,0,0
07333,09574,0,0,0
07333,09575,0,0,0
07333,09576,0,0,0
07333,09577,0,0,0
07333,09661,0,0,0
07333,09662,0,0,0
07333,09663,0,0,0
07333,09671,12,0,12
07333,09672,0,0,0
07333,09673,0,0,0
07333,09674,0,0,0
07333,09675,0,0,0
07333,09676,0,0,0
07333,09677,0,0,0
07333,09678,0,0,0
07333,09679,0,0,0
07333,09761,0,0,0
07333,09762,0,0,0
07333,09763,0,0,0
07333,09764,0,0,0
07333,09771,0,0,0
07333,09772,0,0,0
07333,09773,0,0,0
07333,09774,0,0,0
07333,09775,0,0,0
07333,09776,0,0,0
07333,09777,0,0,0
07333,09778,0,0,0
07333,09779,0,0,0
07333,09780,0,0,0
07333,10041,112,38,74
07333,10042,14,0,14
07333,10043,32,19,13
07333,10044,25,14,11
07333,10045,84,28,56
07333,10046,31,31,0
07333,11000,34,0,34
07333,12051,0,0,0
07333,12052,0,0,0
07333,12053,0,0,0
07333,12054,0,0,0
07333,12060,0,0,0
07333,12061,0,0,0
07333,12062,0,0,0
07333,12063,0,0,0
07333,12064,0,0,0
07333,12065,0,0,0
07333,12066,0,0,0
07333,12067,0,0,0
07333,12068,0,0,0
07333,12069,0,0,0
07333,12070,0,0,0
07333,12071,0,0,0
07333,12072,0,0,0
07333,12073,0,0,0
07333,13003,0,0,0
07333,13004,0,0,0
07333,13071,0,0,0
07333,13072,0,0,0
07333,13073,0,0,0
07333,13074,0,0,0
07333,13075,0,0,0
07333,13076,0,0,0
07333,14511,0,0,0
07333,14521,0,0,0
07333,14522,0,0,0
07333,14523,0,0,0
07333,14524,0,0,0
07333,14612,0,0,0
07333,14625,0,0,0
07333,14626,0,0,0
07333,14627,0,0,0
07333,14628,0,0,0
07333,14713,13,13,0
07333,14729,0,0,0
07333,14730,0,0,0
07333,15001,0,0,0
07333,15002,0,0,0
07333,15003,0,0,0
07333,15081,0,0,0
07333,15082,0,0,0
07333,15083,0,0,0
07333,15084,0,0,0
07333,15085,0,0,0
07333,15086,0,0,0
07333,15087,0,0,0
07333,15088,0,0,0
07333,15089,0,0,0
07333,15090,0,0,0
07333,15091,0,0,0
07333,16051,0,0,0
07333,16052,0,0,0
07333,16053,0,0,0
07333,16054,0,0,0
07333,16055,0,0,0
07333,16056,0,0,0
07333,16061,0,0,0
07333,16062,0,0,0
07333,16063,0,0,0
07333,16064,0,0,0
07333,16065,0,0,0
07333,16066,0,0,0
07333,16067,0,0,0
07333,16068,0,0,0
07333,16069,0,0,0
07333,16070,0,0,0
07333,16071,0,0,0
07333,16072,0,0,0
07333,16073,0,0,0
07333,16074,0,0,0
07333,16075,0,0,0
07333,16076,0,0,0
07333,16077,0,0,0
07334,01001,0,0,0
07334,01002,0,0,0
07334,01003,0,0,0
07334,01004,0,0,0
07334,01051,0,0,0
07334,01053,0,0,0
07334,01054,0,0,0
07334,01055,0,0,0
07334,01056,0,0,0
07334,01057,0,0,0
07334,01058,0,0,0
07334,01059,0,0,0
07334,01060,0,0,0
07334,01061,0,0,0
07334,01062,0,0,0
07334,02000,66,18,48
07334,03101,0,0,0
07334,03102,0,0,0
07334,03103,0,0,0
07334,03151,0,0,0
07334,03153,0,0,0
07334,03154,0,0,0
07334,03155,0,0,0
07334,03157,0,0,0
07334,03158,0,0,0
07334,03159,0,0,0
07334,03241,34,15,19
07334,03251,0,0,0
07334,03252,0,0,0
07334,03254,0,0,0
07334,03255,0,0,0
07334,03256,0,0,0
07334,03257,0,0,0
07334,03351,0,0,0
07334,03352,0,0,0
07334,03353,0,0,0
07334,03354,0,0,0
07334,03355,0,0,0
07334,03356,0,0,0
07334,03357,0,0,0
07334,03358,0,0,0
07334,03359,0,0,0
07334,03360,0,0,0
07334,03361,0,0,0
07334,03401,0,0,0
07334,03402,41,0,41
07334,03403,0,0,0
07334,03404,18,0,18
07334,03405,0,0,0
07334,03451,0,0,0
07334,03452,0,0,0
07334,03453,0,0,0
07334,03454,14,0,14
07334,03455,0,0,0
07334,03456,0,0,0
07334,03457,0,0,0
07334,03458,0,0,0
07334,03459,0,0,0
07334,03460,0,0,0
07334,03461,0,0,0
07334,03462,0,0,0
07334,04011,23,0,23
07334,04012,0,0,0
07334,05111,39,0,39
07334,05112,17,0,17
07334,05113,25,13,12
07334,05114,0,0,0
07334,05116,0,0,0
07334,05117,0,0,0
07334,05119,0,0,0
07334,05120,0,0,0
07334,05122,0,0,0
07334,05124,0,0,0
07334,05154,0,0,0
07334,05158,17,0,17
07334,05162,26,12,14
07334,05166,0,0,0
07334,05170,0,0,0
07334,05314,24,0,24
07334,05315,79,17,62
07334,05316,0,0,0
07334,05334,0,0,0
07334,05358,0,0,0
07334,05362,24,0,24
07334,05366,0,0,0
07334,05370,0,0,0
07334,05374,16,0,16
07334,05378,0,0,0
07334,05382,12,0,12
07334,05512,0,0,0
07334,05513,0,0,0
07334,05515,0,0,0
07334,05554,0,0,0
07334,05558,0,0,0
07334,05562,53,30,23
07334,05566,10,0,10
07334,05570,0,0,0
07334,05711,11,0,11
07334,05754,19,0,19
07334,05758,0,0,0
07334,05762,0,0,0
07334,05766,0,0,0
07334,05770,0,0,0
07334,05774,0,0,0
07334,05911,0,0,0
07334,05913,20,10,10
07334,05914,0,0,0
07334,05915,0,0,0
07334,05916,0,0,0
07334,05954,0,0,0
07334,05958,0,0,0
07334,05962,0,0,0
07334,05966,0,0,0
07334,05970,0,0,0
07334,05974,0,0,0
07334,05978,35,0,35
07334,06411,46,15,31
07334,06412,242,31,211
07334,06413,16,0,16
07334,06414,38,13,25
07334,06431,128,63,65
07334,06432,31,11,20
07334,06433,54,20,34
07334,06434,16,0,16
07334,06435,58,11,47
07334,06436,27,0,27
07334,06437,14,0,14
07334,06438,80,12,68
07334,06439,0,0,0
07334,06440,17,0,17
07334,06531,32,22,10
07334,06532,99,0,99
07334,06533,0,0,0
07334,06534,0,0,0
07334,06535,0,0,0
07334,06611,34,0,34
07334,06631,0,0,0
07334,06632,0,0,0
07334,06633,0,0,0
07334,06634,0,0,0
07334,06635,0,0,0
07334,06636,0,0,0
07334,07111,0,0,0
07334,07131,0,0,0
07334,07132,10,10,0
07334,07133,21,10,11
07334,07134,0,0,0
07334,07135,0,0,0
07334,07137,0,0,0
07334,07138,12,0,12
07334,07140,10,10,0
07334,07141,0,0,0
07334,07143,13,0,13
07334,07211,12,0,12
07334,07231,0,0,0
07334,07232,0,0,0
07334,07233,0,0,0
07334,07235,0,0,0
07334,07311,140,56,84
07334,07312,164,85,79
07334,07313,4326,1665,2661
07334,07314,2067,325,1742
07334,07315,114,26,88
07334,07316,917,532,385
07334,07317,188,161,27
07334,07318,3222,685,2537
07334,07319,87,42,45
07334,07320,55,14,41
07334,07331,53,36,17
07334,07332,681,428,253
07334,07333,40,25,15
07334,07334,0,0,0
07334,07335,56,42,14
07334,07336,17,17,0
07334,07337,8742,5534,3208
07334,07338,1735,1101,634
07334,07339,42,20,22
07334,07340,904,860,44
07334,08111,371,60,311
07334,08115,154,54,100
07334,08116,93,38,55
07334,08117,24,10,14
07334,08118,152,65,87
07334,08119,58,30,28
07334,08121,25,11,14
07334,08125,88,32,56
07334,08126,17,0,17
07334,08127,0,0,0
07334,08128,0,0,0
07334,08135,0,0,0
07334,08136,10,0,10
07334,08211,181,65,116
07334,08212,11985,2281,9704
07334,08215,5289,2180,3109
07334,08216,1359,740,619
07334,08221,284,80,204
07334,08222,1378,375,1003
07334,08225,0,0,0
07334,08226,1062,490,572
07334,08231,238,111,127
07334,08235,69,50,19
07334,08236,201,111,90
07334,08237,0,0,0
07334,08311,37,0,37
07334,08315,25,10,15
07334,08316,21,0,21
07334,08317,132,63,69
07334,08325,0,0,0
07334,08326,0,0,0
07334,08327,0,0,0
07334,08335,18,0,18
07334,08336,13,13,0
07334,08337,0,0,0
07334,08415,19,0,19
07334,08416,12,12,0
07334,08417,0,0,0
07334,08421,23,0,23
07334,08425,0,0,0
07334,08426,10,0,10
07334,08435,0,0,0
07334,08436,0,0,0
07334,08437,0,0,0
07334,09161,16,16,0
07334,09162,133,16,117
07334,09163,0,0,0
07334,09171,0,0,0
07334,09172,0,0,0
07334,09173,0,0,0
07334,09174,0,0,0
07334,09175,0,0,0
07334,09176,0,0,0
07334,09177,0,0,0
07334,09178,0,0,0
07334,09179,0,0,0
07334,09180,0,0,0
07334,09181,0,0,0
07334,09182,0,0,0
07334,09183,0,0,0
07334,09184,37,0,37
07334,09185,0,0,0
07334,09186,13,13,0
07334,09187,0,0,0
07334,09188,0,0,0
07334,09189,0,0,0
07334,09190,10,0,10
07334,09261,0,0,0
07334,09262,0,0,0
07334,09263,0,0,0
07334,09271,10,10,0
07334,09272,0,0,0
07334,09273,28,28,0
07334,09274,0,0,0
07334,09275,0,0,0
07334,09276,0,0,0
07334,09277,0,0,0
07334,09278,0,0,0
07334,09279,0,0,0
07334,09361,0,0,0
07334,09362,0,0,0
07334,09363,0,0,0
07334,09371,0,0,0
07334,09372,0,0,0
07334,09373,0,0,0
07334,09374,0,0,0
07334,09375,0,0,0
07334,09376,0,0,0
07334,09377,0,0,0
07334,09461,0,0,0
07334,09462,0,0,0
07334,09463,0,0,0
07334,09464,0,0,0
07334,09471,0,0,0
07334,09472,0,0,0
07334,09473,0,0,0
07334,09474,0,0,0
07334,09475,0,0,0
07334,09476,0,0,0
07334,09477,0,0,0
07334,09478,0,0,0
07334,09479,0,0,0
07334,09561,0,0,0
07334,09562,13,0,13
07334,09563,0,0,0
07334,09564,70,0,70
07334,09565,0,0,0
07334,09571,0,0,0
07334,09572,0,0,0
07334,09573,0,0,0
07334,09574,0,0,0
07334,09575,0,0,0
07334,09576,19,0,19
07334,09577,0,0,0
07334,09661,0,0,0
07334,09662,0,0,0
07334,09663,0,0,0
07334,09671,0,0,0
07334,09672,0,0,0
07334,09673,0,0,0
07334,09674,0,0,0
07334,09675,0,0,0
07334,09676,13,0,13
07334,09677,25,25,0
07334,09678,0,0,0
07334,09679,0,0,0
07334,09761,15,0,15
07334,09762,0,0,0
07334,09763,0,0,0
07334,09764,0,0,0
07334,09771,0,0,0
07334,09772,0,0,0
07334,09773,0,0,0
07334,09774,0,0,0
07334,09775,0,0,0
07334,09776,0,0,0
07334,09777,0,0,0
07334,09778,0,0,0
07334,09779,0,0,0
07334,09780,0,0,0
07334,10041,94,22,72
07334,10042,10,10,0
07334,10043,14,14,0
07334,10044,31,11,20
07334,10045,57,27,30
07334,10046,12,12,0
07334,11000,121,25,96
07334,12051,0,0,0
07334,12052,0,0,0
07334,12053,0,0,0
07334,12054,0,0,0
07334,12060,0,0,0
07334,12061,0,0,0
07334,12062,0,0,0
07334,12063,0,0,0
07334,12064,0,0,0
07334,12065,0,0,0
07334,12066,0,0,0
07334,12067,0,0,0
07334,12068,0,0,0
07334,12069,0,0,0
07334,12070,0,0,0
07334,12071,0,0,0
07334,12072,0,0,0
07334,12073,0,0,0
07334,13003,0,0,0
07334,13004,0,0,0
07334,13071,0,0,0
07334,13072,0,0,0
07334,13073,0,0,0
07334,13074,0,0,0
07334,13075,0,0,0
07334,13076,0,0,0
07334,14511,0,0,0
07334,14521,0,0,0
07334,14522,0,0,0
07334,14523,0,0,0
07334,14524,0,0,0
07334,14612,0,0,0
07334,14625,0,0,0
07334,14626,0,0,0
07334,14627,0,0,0
07334,14628,0,0,0
07334,14713,0,0,0
07334,14729,0,0,0
07334,14730,0,0,0
07334,15001,0,0,0
07334,15002,0,0,0
07334,15003,0,0,0
07334,15081,0,0,0
07334,15082,0,0,0
07334,15083,0,0,0
07334,15084,0,0,0
07334,15085,0,0,0
07334,15086,0,0,0
07334,15087,0,0,0
07334,15088,0,0,0
07334,15089,0,0,0
07334,15090,0,0,0
07334,15091,0,0,0
07334,16051,0,0,0
07334,16052,0,0,0
07334,16053,0,0,0
07334,16054,0,0,0
07334,16055,0,0,0
07334,16056,0,0,0
07334,16061,0,0,0
07334,16062,0,0,0
07334,16063,0,0,0
07334,16064,0,0,0
07334,16065,0,0,0
07334,16066,0,0,0
07334,16067,0,0,0
07334,16068,0,0,0
07334,16069,0,0,0
07334,16070,0,0,0
07334,16071,0,0,0
07334,16072,0,0,0
07334,16073,0,0,0
07334,16074,0,0,0
07334,16075,0,0,0
07334,16076,0,0,0
07334,16077,0,0,0
07335,01001,0,0,0
07335,01002,0,0,0
07335,01003,0,0,0
07335,01004,0,0,0
07335,01051,0,0,0
07335,01053,0,0,0
07335,01054,0,0,0
07335,01055,0,0,0
07335,01056,0,0,0
07335,01057,0,0,0
07335,01058,0,0,0
07335,01059,0,0,0
07335,01060,0,0,0
07335,01061,0,0,0
07335,01062,0,0,0
07335,02000,38,0,38
07335,03101,0,0,0
07335,03102,0,0,0
07335,03103,0,0,0
07335,03151,0,0,0
07335,03153,0,0,0
07335,03154,0,0,0
07335,03155,0,0,0
07335,03157,0,0,0
07335,03158,0,0,0
07335,03159,0,0,0
07335,03241,17,0,17
07335,03251,0,0,0
07335,03252,0,0,0
07335,03254,0,0,0
07335,03255,0,0,0
07335,03256,0,0,0
07335,03257,0,0,0
07335,03351,0,0,0
07335,03352,0,0,0
07335,03353,0,0,0
07335,03354,0,0,0
07335,03355,0,0,0
07335,03356,0,0,0
07335,03357,0,0,0
07335,03358,0,0,0
07335,03359,0,0,0
07335,03360,0,0,0
07335,03361,0,0,0
07335,03401,0,0,0
07335,03402,0,0,0
07335,03403,0,0,0
07335,03404,0,0,0
07335,03405,0,0,0
07335,03451,0,0,0
07335,03452,0,0,0
07335,03453,0,0,0
07335,03454,0,0,0
07335,03455,0,0,0
07335,03456,0,0,0
07335,03457,0,0,0
07335,03458,0,0,0
07335,03459,0,0,0
07335,03460,0,0,0
07335,03461,0,0,0
07335,03462,0,0,0
07335,04011,0,0,0
07335,04012,0,0,0
07335,05111,43,0,43
07335,05112,0,0,0
07335,05113,48,0,48
07335,05114,0,0,0
07335,05116,0,0,0
07335,05117,0,0,0
07335,05119,0,0,0
07335,05120,0,0,0
07335,05122,0,0,0
07335,05124,0,0,0
07335,05154,0,0,0
07335,05158,14,0,14
07335,05162,11,0,11
07335,05166,0,0,0
07335,05170,0,0,0
07335,05314,14,0,14
07335,05315,58,0,58
07335,05316,0,0,0
07335,05334,10,0,10
07335,05358,0,0,0
07335,05362,20,0,20
07335,05366,0,0,0
07335,05370,0,0,0
07335,05374,12,0,12
07335,05378,0,0,0
07335,05382,0,0,0
07335,05512,0,0,0
07335,05513,0,0,0
07335,05515,0,0,0
07335,05554,0,0,0
07335,05558,0,0,0
07335,05562,0,0,0
07335,05566,0,0,0
07335,05570,0,0,0
07335,05711,0,0,0
07335,05754,0,0,0
07335,05758,0,0,0
07335,05762,0,0,0
07335,05766,0,0,0
07335,05770,0,0,0
07335,05774,0,0,0
07335,05911,0,0,0
07335,05913,10,0,10
07335,05914,0,0,0
07335,05915,0,0,0
07335,05916,0,0,0
07335,05954,0,0,0
07335,05958,0,0,0
07335,05962,0,0,0
07335,05966,0,0,0
07335,05970,0,0,0
07335,05974,0,0,0
07335,05978,0,0,0
07335,06411,18,0,18
07335,06412,213,26,187
07335,06413,18,0,18
07335,06414,96,23,73
07335,06431,61,22,39
07335,06432,39,11,28
07335,06433,94,15,79
07335,06434,57,0,57
07335,06435,138,0,138
07335,06436,43,12,31
07335,06437,0,0,0
07335,06438,73,13,60
07335,06439,20,10,10
07335,06440,10,0,10
07335,06531,0,0,0
07335,06532,0,0,0
07335,06533,10,0,10
07335,06534,0,0,0
07335,06535,0,0,0
07335,06611,0,0,0
07335,06631,13,13,0
07335,06632,0,0,0
07335,06633,0,0,0
07335,06634,0,0,0
07335,06635,0,0,0
07335,06636,0,0,0
07335,07111,34,0,34
07335,07131,0,0,0
07335,07132,0,0,0
07335,07133,186,59,127
07335,07134,254,128,126
07335,07135,0,0,0
07335,07137,22,0,22
07335,07138,13,0,13
07335,07140,16,0,16
07335,07141,0,0,0
07335,07143,41,0,41
07335,07211,58,24,34
07335,07231,38,16,22
07335,07232,43,27,16
07335,07233,0,0,0
07335,07235,24,14,10
07335,07311,132,14,118
07335,07312,18467,3858,14609
07335,07313,83,14,69
07335,07314,731,38,693
07335,07315,239,22,217
07335,07316,288,48,240
07335,07317,629,218,411
07335,07318,200,16,184
07335,07319,90,21,69
07335,07320,641,188,453
07335,07331,214,47,167
07335,07332,703,248,455
07335,07333,2248,1010,1238
07335,07334,56,14,42
07335,07335,0,0,0
07335,07336,3859,2833,1026
07335,07337,140,17,123
07335,07338,149,44,105
07335,07339,127,41,86
07335,07340,1959,1448,511
07335,08111,93,11,82
07335,08115,31,15,16
07335,08116,20,0,20
07335,08117,0,0,0
07335,08118,16,0,16
07335,08119,0,0,0
07335,08121,14,0,14
07335,08125,18,0,18
07335,08126,0,0,0
07335,08127,0,0,0
07335,08128,0,0,0
07335,08135,0,0,0
07335,08136,10,0,10
07335,08211,30,0,30
07335,08212,70,0,70
07335,08215,45,13,32
07335,08216,18,0,18
07335,08221,51,10,41
07335,08222,455,46,409
07335,08225,0,0,0
07335,08226,153,37,116
07335,08231,0,0,0
07335,08235,10,0,10
07335,08236,14,0,14
07335,08237,0,0,0
07335,08311,0,0,0
07335,08315,0,0,0
07335,08316,0,0,0
07335,08317,22,0,22
07335,08325,0,0,0
07335,08326,0,0,0
07335,08327,0,0,0
07335,08335,0,0,0
07335,08336,0,0,0
07335,08337,0,0,0
07335,08415,0,0,0
07335,08416,10,0,10
07335,08417,0,0,0
07335,08421,0,0,0
07335,08425,0,0,0
07335,08426,0,0,0
07335,08435,0,0,0
07335,08436,0,0,0
07335,08437,0,0,0
07335,09161,12,0,12
07335,09162,87,10,77
07335,09163,0,0,0
07335,09171,0,0,0
07335,09172,0,0,0
07335,09173,0,0,0
07335,09174,0,0,0
07335,09175,0,0,0
07335,09176,0,0,0
07335,09177,0,0,0
07335,09178,0,0,0
07335,09179,0,0,0
07335,09180,0,0,0
07335,09181,0,0,0
07335,09182,0,0,0
07335,09183,0,0,0
07335,09184,35,0,35
07335,09185,0,0,0
07335,09186,0,0,0
07335,09187,0,0,0
07335,09188,0,0,0
07335,09189,0,0,0
07335,09190,0,0,0
07335,09261,0,0,0
07335,09262,0,0,0
07335,09263,0,0,0
07335,09271,0,0,0
07335,09272,0,0,0
07335,09273,0,0,0
07335,09274,0,0,0
07335,09275,0,0,0
07335,09276,0,0,0
07335,09277,0,0,0
07335,09278,0,0,0
07335,09279,0,0,0
07335,09361,0,0,0
07335,09362,0,0,0
07335,09363,0,0,0
07335,09371,17,17,0
07335,09372,0,0,0
07335,09373,0,0,0
07335,09374,30,30,0
07335,09375,0,0,0
07335,09376,0,0,0
07335,09377,0,0,0
07335,09461,0,0,0
07335,09462,0,0,0
07335,09463,0,0,0
07335,09464,0,0,0
07335,09471,0,0,0
07335,09472,0,0,0
07335,09473,0,0,0
07335,09474,0,0,0
07335,09475,0,0,0
07335,09476,0,0,0
07335,09477,0,0,0
07335,09478,0,0,0
07335,09479,0,0,0
07335,09561,0,0,0
07335,09562,0,0,0
07335,09563,0,0,0
07335,09564,25,0,25
07335,09565,0,0,0
07335,09571,12,0,12
07335,09572,0,0,0
07335,09573,0,0,0
07335,09574,0,0,0
07335,09575,20,0,20
07335,09576,0,0,0
07335,09577,0,0,0
07335,09661,0,0,0
07335,09662,0,0,0
07335,09663,17,0,17
07335,09671,0,0,0
07335,09672,0,0,0
07335,09673,0,0,0
07335,09674,0,0,0
07335,09675,0,0,0
07335,09676,0,0,0
07335,09677,0,0,0
07335,09678,0,0,0
07335,09679,0,0,0
07335,09761,0,0,0
07335,09762,0,0,0
07335,09763,0,0,0
07335,09764,0,0,0
07335,09771,0,0,0
07335,09772,0,0,0
07335,09773,0,0,0
07335,09774,0,0,0
07335,09775,0,0,0
07335,09776,0,0,0
07335,09777,0,0,0
07335,09778,0,0,0
07335,09779,0,0,0
07335,09780,0,0,0
07335,10041,779,192,587
07335,10042,53,20,33
07335,10043,440,190,250
07335,10044,147,54,93
07335,10045,2194,444,1750
07335,10046,235,132,103
07335,11000,53,0,53
07335,12051,0,0,0
07335,12052,0,0,0
07335,12053,0,0,0
07335,12054,0,0,0
07335,12060,0,0,0
07335,12061,0,0,0
07335,12062,0,0,0
07335,12063,0,0,0
07335,12064,0,0,0
07335,12065,0,0,0
07335,12066,0,0,0
07335,12067,0,0,0
07335,12068,0,0,0
07335,12069,0,0,0
07335,12070,0,0,0
07335,12071,0,0,0
07335,12072,0,0,0
07335,12073,0,0,0
07335,13003,0,0,0
07335,13004,0,0,0
07335,13071,0,0,0
07335,13072,0,0,0
07335,13073,0,0,0
07335,13074,0,0,0
07335,13075,0,0,0
07335,13076,0,0,0
07335,14511,0,0,0
07335,14521,0,0,0
07335,14522,0,0,0
07335,14523,0,0,0
07335,14524,0,0,0
07335,14612,0,0,0
07335,14625,0,0,0
07335,14626,0,0,0
07335,14627,0,0,0
07335,14628,0,0,0
07335,14713,0,0,0
07335,14729,0,0,0
07335,14730,0,0,0
07335,15001,0,0,0
07335,15002,0,0,0
07335,15003,0,0,0
07335,15081,0,0,0
07335,15082,0,0,0
07335,15083,0,0,0
07335,15084,0,0,0
07335,15085,0,0,0
07335,15086,0,0,0
07335,15087,0,0,0
07335,15088,0,0,0
07335,15089,0,0,0
07335,15090,0,0,0
07335,15091,0,0,0
07335,16051,0,0,0
07335,16052,0,0,0
07335,16053,0,0,0
07335,16054,0,0,0
07335,16055,0,0,0
07335,16056,0,0,0
07335,16061,0,0,0
07335,16062,0,0,0
07335,16063,0,0,0
07335,16064,0,0,0
07335,16065,0,0,0
07335,16066,0,0,0
07335,16067,0,0,0
07335,16068,0,0,0
07335,16069,0,0,0
07335,16070,0,0,0
07335,16071,0,0,0
07335,16072,0,0,0
07335,16073,0,0,0
07335,16074,0,0,0
07335,16075,0,0,0
07335,16076,0,0,0
07335,16077,0,0,0
07336,01001,0,0,0
07336,01002,0,0,0
07336,01003,0,0,0
07336,01004,0,0,0
07336,01051,0,0,0
07336,01053,0,0,0
07336,01054,0,0,0
07336,01055,0,0,0
07336,01056,0,0,0
07336,01057,0,0,0
07336,01058,0,0,0
07336,01059,0,0,0
07336,01060,0,0,0
07336,01061,0,0,0
07336,01062,0,0,0
07336,02000,18,0,18
07336,03101,0,0,0
07336,03102,0,0,0
07336,03103,0,0,0
07336,03151,0,0,0
07336,03153,0,0,0
07336,03154,0,0,0
07336,03155,0,0,0
07336,03157,0,0,0
07336,03158,0,0,0
07336,03159,0,0,0
07336,03241,0,0,0
07336,03251,0,0,0
07336,03252,0,0,0
07336,03254,0,0,0
07336,03255,0,0,0
07336,03256,0,0,0
07336,03257,0,0,0
07336,03351,0,0,0
07336,03352,0,0,0
07336,03353,0,0,0
07336,03354,0,0,0
07336,03355,0,0,0
07336,03356,0,0,0
07336,03357,0,0,0
07336,03358,0,0,0
07336,03359,0,0,0
07336,03360,0,0,0
07336,03361,0,0,0
07336,03401,0,0,0
07336,03402,0,0,0
07336,03403,0,0,0
07336,03404,0,0,0
07336,03405,0,0,0
07336,03451,0,0,0
07336,03452,0,0,0
07336,03453,0,0,0
07336,03454,0,0,0
07336,03455,0,0,0
07336,03456,0,0,0
07336,03457,0,0,0
07336,03458,0,0,0
07336,03459,0,0,0
07336,03460,0,0,0
07336,03461,0,0,0
07336,03462,0,0,0
07336,04011,0,0,0
07336,04012,0,0,0
07336,05111,20,0,20
07336,05112,0,0,0
07336,05113,14,0,14
07336,05114,0,0,0
07336,05116,0,0,0
07336,05117,0,0,0
07336,05119,0,0,0
07336,05120,0,0,0
07336,05122,0,0,0
07336,05124,0,0,0
07336,05154,0,0,0
07336,05158,0,0,0
07336,05162,0,0,0
07336,05166,0,0,0
07336,05170,0,0,0
07336,05314,0,0,0
07336,05315,34,0,34
07336,05316,0,0,0
07336,05334,0,0,0
07336,05358,0,0,0
07336,05362,0,0,0
07336,05366,0,0,0
07336,05370,0,0,0
07336,05374,0,0,0
07336,05378,0,0,0
07336,05382,0,0,0
07336,05512,0,0,0
07336,05513,0,0,0
07336,05515,0,0,0
07336,05554,0,0,0
07336,05558,0,0,0
07336,05562,0,0,0
07336,05566,0,0,0
07336,05570,0,0,0
07336,05711,0,0,0
07336,05754,0,0,0
07336,05758,0,0,0
07336,05762,0,0,0
07336,05766,0,0,0
07336,05770,0,0,0
07336,05774,0,0,0
07336,05911,0,0,0
07336,05913,0,0,0
07336,05914,0,0,0
07336,05915,0,0,0
07336,05916,0,0,0
07336,05954,0,0,0
07336,05958,0,0,0
07336,05962,0,0,0
07336,05966,0,0,0
07336,05970,0,0,0
07336,05974,0,0,0
07336,05978,0,0,0
07336,06411,17,0,17
07336,06412,74,0,74
07336,06413,0,0,0
07336,06414,48,0,48
07336,06431,0,0,0
07336,06432,13,0,13
07336,06433,30,0,30
07336,06434,20,0,20
07336,06435,96,0,96
07336,06436,12,0,12
07336,06437,0,0,0
07336,06438,27,0,27
07336,06439,0,0,0
07336,06440,0,0,0
07336,06531,0,0,0
07336,06532,0,0,0
07336,06533,0,0,0
07336,06534,14,0,14
07336,06535,0,0,0
07336,06611,0,0,0
07336,06631,0,0,0
07336,06632,0,0,0
07336,06633,0,0,0
07336,06634,0,0,0
07336,06635,0,0,0
07336,06636,0,0,0
07336,07111,16,0,16
07336,07131,0,0,0
07336,07132,0,0,0
07336,07133,1507,309,1198
07336,07134,1199,299,900
07336,07135,20,0,20
07336,07137,0,0,0
07336,07138,19,0,19
07336,07140,43,0,43
07336,07141,0,0,0
07336,07143,22,0,22
07336,07211,33,0,33
07336,07231,27,0,27
07336,07232,25,0,25
07336,07233,0,0,0
07336,07235,38,13,25
07336,07311,41,0,41
07336,07312,3959,347,3612
07336,07313,20,0,20
07336,07314,198,11,187
07336,07315,99,11,88
07336,07316,29,0,29
07336,07317,173,45,128
07336,07318,62,0,62
07336,07319,43,0,43
07336,07320,316,55,261
07336,07331,97,38,59
07336,07332,59,16,43
07336,07333,627,104,523
07336,07334,17,0,17
07336,07335,3859,1026,2833
07336,07336,0,0,0
07336,07337,37,0,37
07336,07338,35,0,35
07336,07339,86,19,67
07336,07340,275,165,110
07336,08111,21,0,21
07336,08115,11,0,11
07336,08116,14,0,14
07336,08117,74,0,74
07336,08118,13,0,13
07336,08119,0,0,0
07336,08121,0,0,0
07336,08125,0,0,0
07336,08126,0,0,0
07336,08127,0,0,0
07336,08128,0,0,0
07336,08135,0,0,0
07336,08136,0,0,0
07336,08211,13,0,13
07336,08212,37,0,37
07336,08215,19,0,19
07336,08216,0,0,0
07336,08221,17,0,17
07336,08222,113,0,113
07336,08225,0,0,0
07336,08226,54,17,37
07336,08231,0,0,0
07336,08235,0,0,0
07336,08236,0,0,0
07336,08237,0,0,0
07336,08311,0,0,0
07336,08315,0,0,0
07336,08316,0,0,0
07336,08317,0,0,0
07336,08325,0,0,0
07336,08326,0,0,0
07336,08327,0,0,0
07336,08335,0,0,0
07336,08336,0,0,0
07336,08337,0,0,0
07336,08415,0,0,0
07336,08416,0,0,0
07336,08417,0,0,0
07336,08421,0,0,0
07336,08425,0,0,0
07336,08426,0,0,0
07336,08435,0,0,0
07336,08436,0,0,0
07336,08437,0,0,0
07336,09161,0,0,0
07336,09162,30,0,30
07336,09163,0,0,0
07336,09171,0,0,0
07336,09172,0,0,0
07336,09173,0,0,0
07336,09174,0,0,0
07336,09175,0,0,0
07336,09176,0,0,0
07336,09177,0,0,0
07336,09178,0,0,0
07336,09179,0,0,0
07336,09180,0,0,0
07336,09181,0,0,0
07336,09182,0,0,0
07336,09183,0,0,0
07336,09184,19,0,19
07336,09185,0,0,0
07336,09186,0,0,0
07336,09187,0,0,0
07336,09188,0,0,0
07336,09189,0,0,0
07336,09190,0,0,0
07336,09261,0,0,0
07336,09262,0,0,0
07336,09263,0,0,0
07336,09271,0,0,0
07336,09272,0,0,0
07336,09273,0,0,0
07336,09274,0,0,0
07336,09275,0,0,0
07336,09276,0,0,0
07336,09277,0,0,0
07336,09278,0,0,0
07336,09279,0,0,0
07336,09361,0,0,0
07336,09362,0,0,0
07336,09363,0,0,0
07336,09371,0,0,0
07336,09372,0,0,0
07336,09373,0,0,0
07336,09374,0,0,0
07336,09375,0,0,0
07336,09376,0,0,0
07336,09377,0,0,0
07336,09461,0,0,0
07336,09462,0,0,0
07336,09463,0,0,0
07336,09464,0,0,0
07336,09471,0,0,0
07336,09472,0,0,0
07336,09473,0,0,0
07336,09474,0,0,0
07336,09475,0,0,0
07336,09476,0,0,0
07336,09477,0,0,0
07336,09478,0,0,0
07336,09479,0,0,0
07336,09561,0,0,0
07336,09562,0,0,0
07336,09563,0,0,0
07336,09564,0,0,0
07336,09565,0,0,0
07336,09571,0,0,0
07336,09572,0,0,0
07336,09573,0,0,0
07336,09574,0,0,0
07336,09575,0,0,0
07336,09576,0,0,0
07336,09577,0,0,0
07336,09661,0,0,0
07336,09662,0,0,0
07336,09663,0,0,0
07336,09671,0,0,0
07336,09672,0,0,0
07336,09673,0,0,0
07336,09674,0,0,0
07336,09675,0,0,0
07336,09676,0,0,0
07336,09677,0,0,0
07336,09678,0,0,0
07336,09679,0,0,0
07336,09761,0,0,0
07336,09762,0,0,0
07336,09763,0,0,0
07336,09764,0,0,0
07336,09771,0,0,0
07336,09772,0,0,0
07336,09773,0,0,0
07336,09774,0,0,0
07336,09775,0,0,0
07336,09776,0,0,0
07336,09777,0,0,0
07336,09778,0,0,0
07336,09779,0,0,0
07336,09780,0,0,0
07336,10041,772,90,682
07336,10042,34,0,34
07336,10043,872,152,720
07336,10044,108,26,82
07336,10045,4608,530,4078
07336,10046,1113,296,817
07336,11000,21,0,21
07336,12051,0,0,0
07336,12052,0,0,0
07336,12053,0,0,0
07336,12054,0,0,0
07336,12060,0,0,0
07336,12061,0,0,0
07336,12062,0,0,0
07336,12063,0,0,0
07336,12064,0,0,0
07336,12065,0,0,0
07336,12066,0,0,0
07336,12067,0,0,0
07336,12068,0,0,0
07336,12069,0,0,0
07336,12070,0,0,0
07336,12071,0,0,0
07336,12072,0,0,0
07336,12073,0,0,0
07336,13003,0,0,0
07336,13004,0,0,0
07336,13071,0,0,0
07336,13072,0,0,0
07336,13073,0,0,0
07336,13074,0,0,0
07336,13075,0,0,0
07336,13076,0,0,0
07336,14511,0,0,0
07336,14521,0,0,0
07336,14522,0,0,0
07336,14523,0,0,0
07336,14524,0,0,0
07336,14612,0,0,0
07336,14625,0,0,0
07336,14626,0,0,0
07336,14627,0,0,0
07336,14628,0,0,0
07336,14713,0,0,0
07336,14729,0,0,0
07336,14730,0,0,0
07336,15001,0,0,0
07336,15002,0,0,0
07336,15003,0,0,0
07336,15081,0,0,0
07336,15082,0,0,0
07336,15083,0,0,0
07336,15084,0,0,0
07336,15085,0,0,0
07336,15086,0,0,0
07336,15087,0,0,0
07336,15088,0,0,0
07336,15089,0,0,0
07336,15090,0,0,0
07336,15091,0,0,0
07336,16051,0,0,0
07336,16052,0,0,0
07336,16053,0,0,0
07336,16054,0,0,0
07336,16055,0,0,0
07336,16056,0,0,0
07336,16061,0,0,0
07336,16062,0,0,0
07336,16063,0,0,0
07336,16064,0,0,0
07336,16065,0,0,0
07336,16066,0,0,0
07336,16067,0,0,0
07336,16068,0,0,0
07336,16069,0,0,0
07336,16070,0,0,0
07336,16071,0,0,0
07336,16072,0,0,0
07336,16073,0,0,0
07336,16074,0,0,0
07336,16075,0,0,0
07336,16076,0,0,0
07336,16077,0,0,0
07337,01001,0,0,0
07337,01002,0,0,0
07337,01003,0,0,0
07337,01004,0,0,0
07337,01051,18,18,0
07337,01053,0,0,0
07337,01054,0,0,0
07337,01055,0,0,0
07337,01056,0,0,0
07337,01057,0,0,0
07337,01058,0,0,0
07337,01059,0,0,0
07337,01060,0,0,0
07337,01061,0,0,0
07337,01062,0,0,0
07337,02000,61,20,41
07337,03101,0,0,0
07337,03102,0,0,0
07337,03103,0,0,0
07337,03151,0,0,0
07337,03153,0,0,0
07337,03154,0,0,0
07337,03155,0,0,0
07337,03157,0,0,0
07337,03158,0,0,0
07337,03159,0,0,0
07337,03241,34,24,10
07337,03251,10,10,0
07337,03252,0,0,0
07337,03254,0,0,0
07337,03255,0,0,0
07337,03256,0,0,0
07337,03257,0,0,0
07337,03351,0,0,0
07337,03352,0,0,0
07337,03353,0,0,0
07337,03354,0,0,0
07337,03355,0,0,0
07337,03356,0,0,0
07337,03357,0,0,0
07337,03358,0,0,0
07337,03359,0,0,0
07337,03360,0,0,0
07337,03361,0,0,0
07337,03401,0,0,0
07337,03402,0,0,0
07337,03403,0,0,0
07337,03404,0,0,0
07337,03405,0,0,0
07337,03451,0,0,0
07337,03452,0,0,0
07337,03453,0,0,0
07337,03454,0,0,0
07337,03455,0,0,0
07337,03456,0,0,0
07337,03457,0,0,0
07337,03458,0,0,0
07337,03459,0,0,0
07337,03460,0,0,0
07337,03461,0,0,0
07337,03462,0,0,0
07337,04011,11,0,11
07337,04012,0,0,0
07337,05111,41,0,41
07337,05112,12,0,12
07337,05113,0,0,0
07337,05114,0,0,0
07337,05116,0,0,0
07337,05117,0,0,0
07337,05119,0,0,0
07337,05120,0,0,0
07337,05122,0,0,0
07337,05124,0,0,0
07337,05154,0,0,0
07337,05158,22,0,22
07337,05162,12,0,12
07337,05166,0,0,0
07337,05170,0,0,0
07337,05314,14,0,14
07337,05315,52,15,37
07337,05316,0,0,0
07337,05334,12,0,12
07337,05358,0,0,0
07337,05362,0,0,0
07337,05366,0,0,0
07337,05370,0,0,0
07337,05374,10,0,10
07337,05378,0,0,0
07337,05382,0,0,0
07337,05512,0,0,0
07337,05513,0,0,0
07337,05515,10,0,10
07337,05554,0,0,0
07337,05558,0,0,0
07337,05562,25,0,25
07337,05566,0,0,0
07337,05570,0,0,0
07337,05711,0,0,0
07337,05754,15,0,15
07337,05758,0,0,0
07337,05762,0,0,0
07337,05766,0,0,0
07337,05770,0,0,0
07337,05774,0,0,0
07337,05911,0,0,0
07337,05913,0,0,0
07337,05914,0,0,0
07337,05915,0,0,0
07337,05916,0,0,0
07337,05954,0,0,0
07337,05958,0,0,0
07337,05962,0,0,0
07337,05966,0,0,0
07337,05970,0,0,0
07337,05974,0,0,0
07337,05978,14,0,14
07337,06411,32,0,32
07337,06412,207,18,189
07337,06413,12,0,12
07337,06414,37,0,37
07337,06431,115,65,50
07337,06432,26,14,12
07337,06433,32,0,32
07337,06434,26,0,26
07337,06435,15,0,15
07337,06436,21,0,21
07337,06437,0,0,0
07337,06438,39,14,25
07337,06439,0,0,0
07337,06440,0,0,0
07337,06531,57,57,0
07337,06532,0,0,0
07337,06533,0,0,0
07337,06534,24,12,12
07337,06535,0,0,0
07337,06611,0,0,0
07337,06631,0,0,0
07337,06632,0,0,0
07337,06633,0,0,0
07337,06634,0,0,0
07337,06635,0,0,0
07337,06636,0,0,0
07337,07111,35,0,35
07337,07131,0,0,0
07337,07132,0,0,0
07337,07133,55,16,39
07337,07134,0,0,0
07337,07135,13,0,13
07337,07137,10,0,10
07337,07138,43,0,43
07337,07140,0,0,0
07337,07141,27,0,27
07337,07143,10,0,10
07337,07211,19,0,19
07337,07231,16,0,16
07337,07232,0,0,0
07337,07233,0,0,0
07337,07235,0,0,0
07337,07311,158,51,107
07337,07312,306,190,116
07337,07313,11073,3385,7688
07337,07314,2017,222,1795
07337,07315,119,12,107
07337,07316,3233,1407,1826
07337,07317,277,147,130
07337,07318,1254,187,1067
07337,07319,88,42,46
07337,07320,42,17,25
07337,07331,44,28,16
07337,07332,1487,888,599
07337,07333,141,119,22
07337,07334,8742,3208,5534
07337,07335,140,123,17
07337,07336,37,37,0
07337,07337,0,0,0
07337,07338,888,488,400
07337,07339,45,10,35
07337,07340,2213,1762,451
07337,08111,205,18,187
07337,08115,58,10,48
07337,08116,49,0,49
07337,08117,0,0,0
07337,08118,53,11,42
07337,08119,28,0,28
07337,08121,12,12,0
07337,08125,52,18,34
07337,08126,0,0,0
07337,08127,0,0,0
07337,08128,0,0,0
07337,08135,0,0,0
07337,08136,11,0,11
07337,08211,63,0,63
07337,08212,2905,271,2634
07337,08215,975,256,719
07337,08216,338,80,258
07337,08221,134,22,112
07337,08222,1024,191,833
07337,08225,0,0,0
07337,08226,455,164,291
07337,08231,57,17,40
07337,08235,51,41,10
07337,08236,68,29,39
07337,08237,11,11,0
07337,08311,28,10,18
07337,08315,15,0,15
07337,08316,0,0,0
07337,08317,62,15,47
07337,08325,0,0,0
07337,08326,0,0,0
07337,08327,0,0,0
07337,08335,12,0,12
07337,08336,0,0,0
07337,08337,0,0,0
07337,08415,12,0,12
07337,08416,12,0,12
07337,08417,0,0,0
07337,08421,14,0,14
07337,08425,0,0,0
07337,08426,0,0,0
07337,08435,0,0,0
07337,08436,0,0,0
07337,08437,0,0,0
07337,09161,15,0,15
07337,09162,95,0,95
07337,09163,0,0,0
07337,09171,30,30,0
07337,09172,0,0,0
07337,09173,0,0,0
07337,09174,0,0,0
07337,09175,0,0,0
07337,09176,0,0,0
07337,09177,0,0,0
07337,09178,0,0,0
07337,09179,0,0,0
07337,09180,0,0,0
07337,09181,0,0,0
07337,09182,0,0,0
07337,09183,0,0,0
07337,09184,35,0,35
07337,09185,0,0,0
07337,09186,0,0,0
07337,09187,20,0,20
07337,09188,0,0,0
07337,09189,0,0,0
07337,09190,0,0,0
07337,09261,0,0,0
07337,09262,0,0,0
07337,09263,0,0,0
07337,09271,0,0,0
07337,09272,0,0,0
07337,09273,0,0,0
07337,09274,0,0,0
07337,09275,0,0,0
07337,09276,0,0,0
07337,09277,0,0,0
07337,09278,0,0,0
07337,09279,0,0,0
07337,09361,0,0,0
07337,09362,0,0,0
07337,09363,0,0,0
07337,09371,0,0,0
07337,09372,0,0,0
07337,09373,0,0,0
07337,09374,0,0,0
07337,09375,0,0,0
07337,09376,0,0,0
07337,09377,0,0,0
07337,09461,0,0,0
07337,09462,0,0,0
07337,09463,0,0,0
07337,09464,0,0,0
07337,09471,0,0,0
07337,09472,0,0,0
07337,09473,0,0,0
07337,09474,0,0,0
07337,09475,0,0,0
07337,09476,0,0,0
07337,09477,0,0,0
07337,09478,0,0,0
07337,09479,0,0,0
07337,09561,0,0,0
07337,09562,0,0,0
07337,09563,0,0,0
07337,09564,31,0,31
07337,09565,0,0,0
07337,09571,0,0,0
07337,09572,0,0,0
07337,09573,0,0,0
07337,09574,0,0,0
07337,09575,0,0,0
07337,09576,0,0,0
07337,09577,0,0,0
07337,09661,0,0,0
07337,09662,0,0,0
07337,09663,0,0,0
07337,09671,0,0,0
07337,09672,0,0,0
07337,09673,0,0,0
07337,09674,0,0,0
07337,09675,0,0,0
07337,09676,0,0,0
07337,09677,0,0,0
07337,09678,0,0,0
07337,09679,0,0,0
07337,09761,14,0,14
07337,09762,0,0,0
07337,09763,0,0,0
07337,09764,0,0,0
07337,09771,0,0,0
07337,09772,0,0,0
07337,09773,0,0,0
07337,09774,0,0,0
07337,09775,0,0,0
07337,09776,0,0,0
07337,09777,0,0,0
07337,09778,0,0,0
07337,09779,0,0,0
07337,09780,32,0,32
07337,10041,56,23,33
07337,10042,0,0,0
07337,10043,14,14,0
07337,10044,20,0,20
07337,10045,67,24,43
07337,10046,12,12,0
07337,11000,90,21,69
07337,12051,0,0,0
07337,12052,0,0,0
07337,12053,0,0,0
07337,12054,0,0,0
07337,12060,0,0,0
07337,12061,0,0,0
07337,12062,0,0,0
07337,12063,0,0,0
07337,12064,0,0,0
07337,12065,0,0,0
07337,12066,12,12,0
07337,12067,0,0,0
07337,12068,0,0,0
07337,12069,0,0,0
07337,12070,0,0,0
07337,12071,0,0,0
07337,12072,0,0,0
07337,12073,0,0,0
07337,13003,0,0,0
07337,13004,0,0,0
07337,13071,0,0,0
07337,13072,0,0,0
07337,13073,0,0,0
07337,13074,0,0,0
07337,13075,0,0,0
07337,13076,0,0,0
07337,14511,0,0,0
07337,14521,0,0,0
07337,14522,0,0,0
07337,14523,0,0,0
07337,14524,0,0,0
07337,14612,0,0,0
07337,14625,0,0,0
07337,14626,0,0,0
07337,14627,0,0,0
07337,14628,0,0,0
07337,14713,24,24,0
07337,14729,18,18,0
07337,14730,0,0,0
07337,15001,0,0,0
07337,15002,12,12,0
07337,15003,0,0,0
07337,15081,0,0,0
07337,15082,0,0,0
07337,15083,0,0,0
07337,15084,10,10,0
07337,15085,0,0,0
07337,15086,0,0,0
07337,15087,12,12,0
07337,15088,17,17,0
07337,15089,0,0,0
07337,15090,0,0,0
07337,15091,0,0,0
07337,16051,0,0,0
07337,16052,0,0,0
07337,16053,0,0,0
07337,16054,0,0,0
07337,16055,0,0,0
07337,16056,0,0,0
07337,16061,0,0,0
07337,16062,0,0,0
07337,16063,0,0,0
07337,16064,0,0,0
07337,16065,0,0,0
07337,16066,0,0,0
07337,16067,0,0,0
07337,16068,0,0,0
07337,16069,14,14,0
07337,16070,0,0,0
07337,16071,0,0,0
07337,16072,0,0,0
07337,16073,0,0,0
07337,16074,0,0,0
07337,16075,0,0,0
07337,16076,0,0,0
07337,16077,0,0,0
07338,01001,0,0,0
07338,01002,10,0,10
07338,01003,0,0,0
07338,01004,0,0,0
07338,01051,0,0,0
07338,01053,0,0,0
07338,01054,0,0,0
07338,01055,0,0,0
07338,01056,0,0,0
07338,01057,0,0,0
07338,01058,0,0,0
07338,01059,0,0,0
07338,01060,0,0,0
07338,01061,0,0,0
07338,01062,0,0,0
07338,02000,72,0,72
07338,03101,0,0,0
07338,03102,0,0,0
07338,03103,0,0,0
07338,03151,0,0,0
07338,03153,0,0,0
07338,03154,0,0,0
07338,03155,0,0,0
07338,03157,0,0,0
07338,03158,0,0,0
07338,03159,0,0,0
07338,03241,25,0,25
07338,03251,0,0,0
07338,03252,0,0,0
07338,03254,0,0,0
07338,03255,0,0,0
07338,03256,0,0,0
07338,03257,0,0,0
07338,03351,0,0,0
07338,03352,0,0,0
07338,03353,0,0,0
07338,03354,0,0,0
07338,03355,0,0,0
07338,03356,0,0,0
07338,03357,0,0,0
07338,03358,0,0,0
07338,03359,0,0,0
07338,03360,0,0,0
07338,03361,0,0,0
07338,03401,0,0,0
07338,03402,54,0,54
07338,03403,0,0,0
07338,03404,18,0,18
07338,03405,0,0,0
07338,03451,0,0,0
07338,03452,0,0,0
07338,03453,0,0,0
07338,03454,29,0,29
07338,03455,0,0,0
07338,03456,0,0,0
07338,03457,0,0,0
07338,03458,0,0,0
07338,03459,14,0,14
07338,03460,0,0,0
07338,03461,0,0,0
07338,03462,0,0,0
07338,04011,25,0,25
07338,04012,0,0,0
07338,05111,79,11,68
07338,05112,45,0,45
07338,05113,21,0,21
07338,05114,14,0,14
07338,05116,0,0,0
07338,05117,0,0,0
07338,05119,0,0,0
07338,05120,0,0,0
07338,05122,0,0,0
07338,05124,0,0,0
07338,05154,13,0,13
07338,05158,35,0,35
07338,05162,17,0,17
07338,05166,14,0,14
07338,05170,0,0,0
07338,05314,39,12,27
07338,05315,132,24,108
07338,05316,13,0,13
07338,05334,10,0,10
07338,05358,0,0,0
07338,05362,29,0,29
07338,05366,0,0,0
07338,05370,0,0,0
07338,05374,32,0,32
07338,05378,0,0,0
07338,05382,35,0,35
07338,05512,0,0,0
07338,05513,0,0,0
07338,05515,0,0,0
07338,05554,0,0,0
07338,05558,0,0,0
07338,05562,53,14,39
07338,05566,10,0,10
07338,05570,0,0,0
07338,05711,15,0,15
07338,05754,85,0,85
07338,05758,0,0,0
07338,05762,0,0,0
07338,05766,0,0,0
07338,05770,0,0,0
07338,05774,0,0,0
07338,05911,0,0,0
07338,05913,33,10,23
07338,05914,0,0,0
07338,05915,0,0,0
07338,05916,0,0,0
07338,05954,0,0,0
07338,05958,0,0,0
07338,05962,0,0,0
07338,05966,0,0,0
07338,05970,10,0,10
07338,05974,0,0,0
07338,05978,33,0,33
07338,06411,170,13,157
07338,06412,576,43,533
07338,06413,39,14,25
07338,06414,71,16,55
07338,06431,868,309,559
07338,06432,107,43,64
07338,06433,133,28,105
07338,06434,40,0,40
07338,06435,42,11,31
07338,06436,86,13,73
07338,06437,17,17,0
07338,06438,153,29,124
07338,06439,26,11,15
07338,06440,16,0,16
07338,06531,10,0,10
07338,06532,0,0,0
07338,06533,0,0,0
07338,06534,0,0,0
07338,06535,0,0,0
07338,06611,24,0,24
07338,06631,12,0,12
07338,06632,0,0,0
07338,06633,0,0,0
07338,06634,0,0,0
07338,06635,0,0,0
07338,06636,0,0,0
07338,07111,13,0,13
07338,07131,14,0,14
07338,07132,0,0,0
07338,07133,60,30,30
07338,07134,11,11,0
07338,07135,0,0,0
07338,07137,33,11,22
07338,07138,16,0,16
07338,07140,25,14,11
07338,07141,0,0,0
07338,07143,21,11,10
07338,07211,13,0,13
07338,07231,26,12,14
07338,07232,0,0,0
07338,07233,0,0,0
07338,07235,0,0,0
07338,07311,3840,1064,2776
07338,07312,266,86,180
07338,07313,559,127,432
07338,07314,20148,3111,17037
07338,07315,305,30,275
07338,07316,1398,585,813
07338,07317,37,18,19
07338,07318,7947,1489,6458
07338,07319,1616,635,981
07338,07320,33,15,18
07338,07331,447,294,153
07338,07332,4522,2327,2195
07338,07333,336,210,126
07338,07334,1735,634,1101
07338,07335,149,105,44
07338,07336,35,35,0
07338,07337,888,400,488
07338,07338,0,0,0
07338,07339,147,93,54
07338,07340,76,58,18
07338,08111,245,15,230
07338,08115,38,0,38
07338,08116,34,0,34
07338,08117,12,0,12
07338,08118,86,14,72
07338,08119,38,0,38
07338,08121,64,10,54
07338,08125,111,39,72
07338,08126,14,0,14
07338,08127,0,0,0
07338,08128,0,0,0
07338,08135,0,0,0
07338,08136,12,0,12
07338,08211,55,0,55
07338,08212,629,59,570
07338,08215,662,168,494
07338,08216,90,31,59
07338,08221,1032,121,911
07338,08222,9945,1133,8812
07338,08225,30,15,15
07338,08226,2949,756,2193
07338,08231,11,0,11
07338,08235,0,0,0
07338,08236,20,0,20
07338,08237,0,0,0
07338,08311,20,0,20
07338,08315,15,0,15
07338,08316,0,0,0
07338,08317,53,17,36
07338,08325,0,0,0
07338,08326,0,0,0
07338,08327,0,0,0
07338,08335,12,0,12
07338,08336,0,0,0
07338,08337,0,0,0
07338,08415,14,0,14
07338,08416,0,0,0
07338,08417,0,0,0
07338,08421,15,0,15
07338,08425,19,19,0
07338,08426,0,0,0
07338,08435,11,0,11
07338,08436,0,0,0
07338,08437,0,0,0
07338,09161,0,0,0
07338,09162,153,14,139
07338,09163,0,0,0
07338,09171,0,0,0
07338,09172,0,0,0
07338,09173,0,0,0
07338,09174,0,0,0
07338,09175,0,0,0
07338,09176,0,0,0
07338,09177,0,0,0
07338,09178,0,0,0
07338,09179,0,0,0
07338,09180,0,0,0
07338,09181,0,0,0
07338,09182,10,0,10
07338,09183,0,0,0
07338,09184,53,0,53
07338,09185,0,0,0
07338,09186,0,0,0
07338,09187,0,0,0
07338,09188,0,0,0
07338,09189,0,0,0
07338,09190,0,0,0
07338,09261,0,0,0
07338,09262,0,0,0
07338,09263,0,0,0
07338,09271,0,0,0
07338,09272,0,0,0
07338,09273,0,0,0
07338,09274,0,0,0
07338,09275,0,0,0
07338,09276,0,0,0
07338,09277,0,0,0
07338,09278,0,0,0
07338,09279,0,0,0
07338,09361,0,0,0
07338,09362,0,0,0
07338,09363,0,0,0
07338,09371,0,0,0
07338,09372,0,0,0
07338,09373,0,0,0
07338,09374,0,0,0
07338,09375,0,0,0
07338,09376,0,0,0
07338,09377,0,0,0
07338,09461,0,0,0
07338,09462,0,0,0
07338,09463,0,0,0
07338,09464,0,0,0
07338,09471,0,0,0
07338,09472,0,0,0
07338,09473,0,0,0
07338,09474,0,0,0
07338,09475,0,0,0
07338,09476,0,0,0
07338,09477,0,0,0
07338,09478,0,0,0
07338,09479,0,0,0
07338,09561,0,0,0
07338,09562,14,0,14
07338,09563,0,0,0
07338,09564,56,16,40
07338,09565,0,0,0
07338,09571,0,0,0
07338,09572,0,0,0
07338,09573,0,0,0
07338,09574,0,0,0
07338,09575,0,0,0
07338,09576,0,0,0
07338,09577,0,0,0
07338,09661,10,0,10
07338,09662,0,0,0
07338,09663,14,0,14
07338,09671,12,0,12
07338,09672,0,0,0
07338,09673,0,0,0
07338,09674,0,0,0
07338,09675,0,0,0
07338,09676,0,0,0
07338,09677,0,0,0
07338,09678,0,0,0
07338,09679,0,0,0
07338,09761,13,0,13
07338,09762,0,0,0
07338,09763,0,0,0
07338,09764,0,0,0
07338,09771,0,0,0
07338,09772,0,0,0
07338,09773,0,0,0
07338,09774,0,0,0
07338,09775,10,0,10
07338,09776,0,0,0
07338,09777,0,0,0
07338,09778,0,0,0
07338,09779,0,0,0
07338,09780,0,0,0
07338,10041,118,28,90
07338,10042,10,0,10
07338,10043,13,13,0
07338,10044,37,12,25
07338,10045,50,16,34
07338,10046,12,12,0
07338,11000,143,31,112
07338,12051,0,0,0
07338,12052,0,0,0
07338,12053,0,0,0
07338,12054,0,0,0
07338,12060,0,0,0
07338,12061,0,0,0
07338,12062,0,0,0
07338,12063,0,0,0
07338,12064,0,0,0
07338,12065,0,0,0
07338,12066,0,0,0
07338,12067,0,0,0
07338,12068,0,0,0
07338,12069,0,0,0
07338,12070,0,0,0
07338,12071,0,0,0
07338,12072,0,0,0
07338,12073,0,0,0
07338,13003,0,0,0
07338,13004,0,0,0
07338,13071,0,0,0
07338,13072,0,0,0
07338,13073,0,0,0
07338,13074,0,0,0
07338,13075,0,0,0
07338,13076,0,0,0
07338,14511,20,10,10
07338,14521,0,0,0
07338,14522,0,0,0
07338,14523,11,11,0
07338,14524,11,11,0
07338,14612,25,12,13
07338,14625,12,12,0
07338,14626,0,0,0
07338,14627,0,0,0
07338,14628,0,0,0
07338,14713,15,15,0
07338,14729,11,11,0
07338,14730,0,0,0
07338,15001,0,0,0
07338,15002,10,10,0
07338,15003,0,0,0
07338,15081,0,0,0
07338,15082,0,0,0
07338,15083,0,0,0
07338,15084,0,0,0
07338,15085,0,0,0
07338,15086,0,0,0
07338,15087,0,0,0
07338,15088,0,0,0
07338,15089,0,0,0
07338,15090,0,0,0
07338,15091,0,0,0
07338,16051,0,0,0
07338,16052,0,0,0
07338,16053,0,0,0
07338,16054,0,0,0
07338,16055,0,0,0
07338,16056,0,0,0
07338,16061,0,0,0
07338,16062,0,0,0
07338,16063,0,0,0
07338,16064,0,0,0
07338,16065,0,0,0
07338,16066,0,0,0
07338,16067,0,0,0
07338,16068,0,0,0
07338,16069,0,0,0
07338,16070,0,0,0
07338,16071,0,0,0
07338,16072,0,0,0
07338,16073,0,0,0
07338,16074,0,0,0
07338,16075,0,0,0
07338,16076,0,0,0
07338,16077,0,0,0
07339,01001,0,0,0
07339,01002,0,0,0
07339,01003,16,0,16
07339,01004,0,0,0
07339,01051,0,0,0
07339,01053,0,0,0
07339,01054,0,0,0
07339,01055,0,0,0
07339,01056,0,0,0
07339,01057,0,0,0
07339,01058,14,14,0
07339,01059,0,0,0
07339,01060,11,0,11
07339,01061,0,0,0
07339,01062,14,0,14
07339,02000,200,51,149
07339,03101,12,12,0
07339,03102,0,0,0
07339,03103,23,11,12
07339,03151,0,0,0
07339,03153,0,0,0
07339,03154,0,0,0
07339,03155,0,0,0
07339,03157,0,0,0
07339,03158,0,0,0
07339,03159,11,0,11
07339,03241,62,27,35
07339,03251,0,0,0
07339,03252,0,0,0
07339,03254,0,0,0
07339,03255,0,0,0
07339,03256,0,0,0
07339,03257,0,0,0
07339,03351,0,0,0
07339,03352,0,0,0
07339,03353,0,0,0
07339,03354,0,0,0
07339,03355,0,0,0
07339,03356,0,0,0
07339,03357,0,0,0
07339,03358,0,0,0
07339,03359,0,0,0
07339,03360,0,0,0
07339,03361,0,0,0
07339,03401,0,0,0
07339,03402,0,0,0
07339,03403,0,0,0
07339,03404,14,0,14
07339,03405,0,0,0
07339,03451,0,0,0
07339,03452,10,0,10
07339,03453,0,0,0
07339,03454,0,0,0
07339,03455,0,0,0
07339,03456,0,0,0
07339,03457,0,0,0
07339,03458,0,0,0
07339,03459,11,11,0
07339,03460,0,0,0
07339,03461,0,0,0
07339,03462,0,0,0
07339,04011,41,16,25
07339,04012,0,0,0
07339,05111,163,33,130
07339,05112,46,18,28
07339,05113,70,17,53
07339,05114,13,13,0
07339,05116,31,13,18
07339,05117,11,0,11
07339,05119,0,0,0
07339,05120,0,0,0
07339,05122,0,0,0
07339,05124,22,11,11
07339,05154,35,10,25
07339,05158,72,28,44
07339,05162,55,26,29
07339,05166,22,22,0
07339,05170,32,18,14
07339,05314,73,15,58
07339,05315,268,61,207
07339,05316,17,17,0
07339,05334,52,21,31
07339,05358,23,10,13
07339,05362,94,40,54
07339,05366,16,16,0
07339,05370,0,0,0
07339,05374,26,13,13
07339,05378,87,73,14
07339,05382,101,46,55
07339,05512,0,0,0
07339,05513,17,0,17
07339,05515,25,11,14
07339,05554,22,11,11
07339,05558,10,0,10
07339,05562,67,39,28
07339,05566,14,0,14
07339,05570,0,0,0
07339,05711,14,0,14
07339,05754,40,0,40
07339,05758,13,13,0
07339,05762,0,0,0
07339,05766,13,13,0
07339,05770,24,13,11
07339,05774,0,0,0
07339,05911,34,15,19
07339,05913,65,32,33
07339,05914,0,0,0
07339,05915,16,16,0
07339,05916,0,0,0
07339,05954,12,12,0
07339,05958,18,0,18
07339,05962,38,28,10
07339,05966,0,0,0
07339,05970,19,19,0
07339,05974,0,0,0
07339,05978,80,33,47
07339,06411,774,81,693
07339,06412,5308,521,4787
07339,06413,232,63,169
07339,06414,8029,1539,6490
07339,06431,281,92,189
07339,06432,344,120,224
07339,06433,4725,726,3999
07339,06434,410,95,315
07339,06435,205,72,133
07339,06436,1560,427,1133
07339,06437,30,18,12
07339,06438,670,146,524
07339,06439,1650,780,870
07339,06440,127,55,72
07339,06531,74,35,39
07339,06532,83,37,46
07339,06533,141,84,57
07339,06534,77,19,58
07339,06535,0,0,0
07339,06611,64,34,30
07339,06631,44,25,19
07339,06632,0,0,0
07339,06633,35,35,0
07339,06634,31,14,17
07339,06635,11,0,11
07339,06636,0,0,0
07339,07111,347,66,281
07339,07131,10,0,10
07339,07132,13,13,0
07339,07133,10301,6752,3549
07339,07134,209,142,67
07339,07135,72,38,34
07339,07137,114,66,48
07339,07138,82,27,55
07339,07140,1836,1135,701
07339,07141,179,112,67
07339,07143,105,45,60
07339,07211,78,15,63
07339,07231,57,35,22
07339,07232,23,11,12
07339,07233,0,0,0
07339,07235,24,24,0
07339,07311,86,21,65
07339,07312,167,85,82
07339,07313,15,0,15
07339,07314,342,61,281
07339,07315,27549,5149,22400
07339,07316,44,21,23
07339,07317,0,0,0
07339,07318,37,0,37
07339,07319,1000,284,716
07339,07320,36,0,36
07339,07331,6689,4119,2570
07339,07332,183,70,113
07339,07333,762,424,338
07339,07334,42,22,20
07339,07335,127,86,41
07339,07336,86,67,19
07339,07337,45,35,10
07339,07338,147,54,93
07339,07339,0,0,0
07339,07340,24,24,0
07339,08111,291,54,237
07339,08115,92,44,48
07339,08116,83,38,45
07339,08117,0,0,0
07339,08118,69,22,47
07339,08119,49,19,30
07339,08121,11,0,11
07339,08125,45,14,31
07339,08126,33,0,33
07339,08127,10,0,10
07339,08128,21,0,21
07339,08135,13,13,0
07339,08136,11,0,11
07339,08211,0,0,0
07339,08212,75,19,56
07339,08215,55,23,32
07339,08216,0,0,0
07339,08221,63,21,42
07339,08222,341,79,262
07339,08225,0,0,0
07339,08226,201,88,113
07339,08231,0,0,0
07339,08235,0,0,0
07339,08236,10,10,0
07339,08237,0,0,0
07339,08311,41,12,29
07339,08315,26,13,13
07339,08316,0,0,0
07339,08317,47,23,24
07339,08325,0,0,0
07339,08326,0,0,0
07339,08327,0,0,0
07339,08335,10,0,10
07339,08336,11,0,11
07339,08337,12,0,12
07339,08415,10,10,0
07339,08416,0,0,0
07339,08417,26,26,0
07339,08421,46,30,16
07339,08425,43,43,0
07339,08426,356,323,33
07339,08435,0,0,0
07339,08436,40,40,0
07339,08437,47,37,10
07339,09161,20,0,20
07339,09162,305,57,248
07339,09163,0,0,0
07339,09171,0,0,0
07339,09172,0,0,0
07339,09173,0,0,0
07339,09174,0,0,0
07339,09175,11,0,11
07339,09176,0,0,0
07339,09177,0,0,0
07339,09178,32,0,32
07339,09179,10,10,0
07339,09180,0,0,0
07339,09181,26,0,26
07339,09182,0,0,0
07339,09183,0,0,0
07339,09184,85,15,70
07339,09185,0,0,0
07339,09186,0,0,0
07339,09187,30,15,15
07339,09188,13,0,13
07339,09189,0,0,0
07339,09190,0,0,0
07339,09261,0,0,0
07339,09262,23,0,23
07339,09263,0,0,0
07339,09271,0,0,0
07339,09272,0,0,0
07339,09273,0,0,0
07339,09274,0,0,0
07339,09275,0,0,0
07339,09276,0,0,0
07339,09277,0,0,0
07339,09278,0,0,0
07339,09279,0,0,0
07339,09361,0,0,0
07339,09362,0,0,0
07339,09363,0,0,0
07339,09371,0,0,0
07339,09372,0,0,0
07339,09373,11,0,11
07339,09374,0,0,0
07339,09375,0,0,0
07339,09376,0,0,0
07339,09377,0,0,0
07339,09461,0,0,0
07339,09462,0,0,0
07339,09463,0,0,0
07339,09464,0,0,0
07339,09471,0,0,0
07339,09472,0,0,0
07339,09473,0,0,0
07339,09474,0,0,0
07339,09475,0,0,0
07339,09476,0,0,0
07339,09477,0,0,0
07339,09478,0,0,0
07339,09479,0,0,0
07339,09561,0,0,0
07339,09562,10,0,10
07339,09563,0,0,0
07339,09564,64,13,51
07339,09565,0,0,0
07339,09571,0,0,0
07339,09572,0,0,0
07339,09573,0,0,0
07339,09574,0,0,0
07339,09575,0,0,0
07339,09576,0,0,0
07339,09577,0,0,0
07339,09661,52,0,52
07339,09662,0,0,0
07339,09663,11,0,11
07339,09671,56,18,38
07339,09672,0,0,0
07339,09673,0,0,0
07339,09674,0,0,0
07339,09675,0,0,0
07339,09676,12,12,0
07339,09677,0,0,0
07339,09678,0,0,0
07339,09679,0,0,0
07339,09761,14,0,14
07339,09762,0,0,0
07339,09763,0,0,0
07339,09764,0,0,0
07339,09771,0,0,0
07339,09772,0,0,0
07339,09773,0,0,0
07339,09774,0,0,0
07339,09775,28,28,0
07339,09776,0,0,0
07339,09777,0,0,0
07339,09778,0,0,0
07339,09779,0,0,0
07339,09780,10,0,10
07339,10041,157,37,120
07339,10042,0,0,0
07339,10043,25,25,0
07339,10044,37,19,18
07339,10045,84,62,22
07339,10046,18,18,0
07339,11000,252,85,167
07339,12051,0,0,0
07339,12052,0,0,0
07339,12053,0,0,0
07339,12054,0,0,0
07339,12060,0,0,0
07339,12061,0,0,0
07339,12062,0,0,0
07339,12063,0,0,0
07339,12064,0,0,0
07339,12065,0,0,0
07339,12066,0,0,0
07339,12067,0,0,0
07339,12068,0,0,0
07339,12069,0,0,0
07339,12070,0,0,0
07339,12071,0,0,0
07339,12072,0,0,0
07339,12073,0,0,0
07339,13003,0,0,0
07339,13004,0,0,0
07339,13071,0,0,0
07339,13072,0,0,0
07339,13073,0,0,0
07339,13074,0,0,0
07339,13075,0,0,0
07339,13076,0,0,0
07339,14511,0,0,0
07339,14521,0,0,0
07339,14522,0,0,0
07339,14523,0,0,0
07339,14524,0,0,0
07339,14612,32,16,16
07339,14625,0,0,0
07339,14626,0,0,0
07339,14627,0,0,0
07339,14628,0,0,0
07339,14713,27,13,14
07339,14729,0,0,0
07339,14730,0,0,0
07339,15001,0,0,0
07339,15002,0,0,0
07339,15003,0,0,0
07339,15081,0,0,0
07339,15082,0,0,0
07339,15083,0,0,0
07339,15084,0,0,0
07339,15085,0,0,0
07339,15086,0,0,0
07339,15087,0,0,0
07339,15088,0,0,0
07339,15089,0,0,0
07339,15090,0,0,0
07339,15091,0,0,0
07339,16051,10,10,0
07339,16052,0,0,0
07339,16053,0,0,0
07339,16054,0,0,0
07339,16055,0,0,0
07339,16056,0,0,0
07339,16061,0,0,0
07339,16062,0,0,0
07339,16063,0,0,0
07339,16064,0,0,0
07339,16065,0,0,0
07339,16066,0,0,0
07339,16067,0,0,0
07339,16068,0,0,0
07339,16069,0,0,0
07339,16070,11,11,0
07339,16071,0,0,0
07339,16072,0,0,0
07339,16073,0,0,0
07339,16074,0,0,0
07339,16075,0,0,0
07339,16076,0,0,0
07339,16077,0,0,0
07340,01001,0,0,0
07340,01002,0,0,0
07340,01003,0,0,0
07340,01004,0,0,0
07340,01051,0,0,0
07340,01053,0,0,0
07340,01054,0,0,0
07340,01055,0,0,0
07340,01056,0,0,0
07340,01057,0,0,0
07340,01058,0,0,0
07340,01059,0,0,0
07340,01060,0,0,0
07340,01061,0,0,0
07340,01062,0,0,0
07340,02000,43,0,43
07340,03101,0,0,0
07340,03102,0,0,0
07340,03103,0,0,0
07340,03151,0,0,0
07340,03153,0,0,0
07340,03154,0,0,0
07340,03155,0,0,0
07340,03157,0,0,0
07340,03158,0,0,0
07340,03159,0,0,0
07340,03241,20,0,20
07340,03251,0,0,0
07340,03252,0,0,0
07340,03254,0,0,0
07340,03255,0,0,0
07340,03256,0,0,0
07340,03257,0,0,0
07340,03351,0,0,0
07340,03352,0,0,0
07340,03353,0,0,0
07340,03354,0,0,0
07340,03355,0,0,0
07340,03356,0,0,0
07340,03357,0,0,0
07340,03358,0,0,0
07340,03359,0,0,0
07340,03360,0,0,0
07340,03361,0,0,0
07340,03401,0,0,0
07340,03402,0,0,0
07340,03403,0,0,0
07340,03404,0,0,0
07340,03405,0,0,0
07340,03451,0,0,0
07340,03452,0,0,0
07340,03453,0,0,0
07340,03454,0,0,0
07340,03455,0,0,0
07340,03456,0,0,0
07340,03457,0,0,0
07340,03458,0,0,0
07340,03459,0,0,0
07340,03460,0,0,0
07340,03461,0,0,0
07340,03462,0,0,0
07340,04011,0,0,0
07340,04012,0,0,0
07340,05111,38,0,38
07340,05112,0,0,0
07340,05113,14,0,14
07340,05114,0,0,0
07340,05116,0,0,0
07340,05117,0,0,0
07340,05119,0,0,0
07340,05120,0,0,0
07340,05122,0,0,0
07340,05124,0,0,0
07340,05154,0,0,0
07340,05158,13,0,13
07340,05162,0,0,0
07340,05166,0,0,0
07340,05170,0,0,0
07340,05314,12,0,12
07340,05315,47,0,47
07340,05316,0,0,0
07340,05334,0,0,0
07340,05358,0,0,0
07340,05362,0,0,0
07340,05366,0,0,0
07340,05370,0,0,0
07340,05374,16,0,16
07340,05378,0,0,0
07340,05382,0,0,0
07340,05512,0,0,0
07340,05513,0,0,0
07340,05515,0,0,0
07340,05554,0,0,0
07340,05558,0,0,0
07340,05562,0,0,0
07340,05566,0,0,0
07340,05570,0,0,0
07340,05711,0,0,0
07340,05754,0,0,0
07340,05758,0,0,0
07340,05762,0,0,0
07340,05766,0,0,0
07340,05770,0,0,0
07340,05774,0,0,0
07340,05911,0,0,0
07340,05913,14,0,14
07340,05914,0,0,0
07340,05915,0,0,0
07340,05916,0,0,0
07340,05954,0,0,0
07340,05958,0,0,0
07340,05962,0,0,0
07340,05966,0,0,0
07340,05970,0,0,0
07340,05974,0,0,0
07340,05978,0,0,0
07340,06411,19,0,19
07340,06412,118,0,118
07340,06413,10,0,10
07340,06414,20,0,20
07340,06431,22,0,22
07340,06432,18,0,18
07340,06433,25,0,25
07340,06434,32,0,32
07340,06435,82,17,65
07340,06436,24,0,24
07340,06437,0,0,0
07340,06438,45,12,33
07340,06439,12,0,12
07340,06440,0,0,0
07340,06531,0,0,0
07340,06532,0,0,0
07340,06533,18,0,18
07340,06534,0,0,0
07340,06535,0,0,0
07340,06611,0,0,0
07340,06631,0,0,0
07340,06632,0,0,0
07340,06633,0,0,0
07340,06634,0,0,0
07340,06635,0,0,0
07340,06636,0,0,0
07340,07111,35,0,35
07340,07131,0,0,0
07340,07132,0,0,0
07340,07133,24,0,24
07340,07134,58,14,44
07340,07135,0,0,0
07340,07137,0,0,0
07340,07138,24,0,24
07340,07140,11,0,11
07340,07141,0,0,0
07340,07143,23,0,23
07340,07211,35,12,23
07340,07231,0,0,0
07340,07232,0,0,0
07340,07233,0,0,0
07340,07235,28,16,12
07340,07311,34,0,34
07340,07312,3104,348,2756
07340,07313,933,94,839
07340,07314,311,23,288
07340,07315,75,0,75
07340,07316,173,21,152
07340,07317,10146,1829,8317
07340,07318,217,0,217
07340,07319,26,0,26
07340,07320,4004,499,3505
07340,07331,24,0,24
07340,07332,126,32,94
07340,07333,128,40,88
07340,07334,904,44,860
07340,07335,1959,511,1448
07340,07336,275,110,165
07340,07337,2213,451,1762
07340,07338,76,18,58
07340,07339,24,0,24
07340,07340,0,0,0
07340,08111,76,0,76
07340,08115,29,0,29
07340,08116,24,0,24
07340,08117,0,0,0
07340,08118,23,0,23
07340,08119,14,0,14
07340,08121,0,0,0
07340,08125,64,0,64
07340,08126,15,0,15
07340,08127,0,0,0
07340,08128,0,0,0
07340,08135,0,0,0
07340,08136,0,0,0
07340,08211,12,0,12
07340,08212,291,11,280
07340,08215,107,11,96
07340,08216,88,0,88
07340,08221,28,0,28
07340,08222,214,19,195
07340,08225,0,0,0
07340,08226,95,13,82
07340,08231,12,0,12
07340,08235,0,0,0
07340,08236,11,0,11
07340,08237,0,0,0
07340,08311,0,0,0
07340,08315,0,0,0
07340,08316,0,0,0
07340,08317,19,0,19
07340,08325,0,0,0
07340,08326,0,0,0
07340,08327,0,0,0
07340,08335,0,0,0
07340,08336,0,0,0
07340,08337,0,0,0
07340,08415,0,0,0
07340,08416,0,0,0
07340,08417,0,0,0
07340,08421,0,0,0
07340,08425,10,0,10
07340,08426,0,0,0
07340,08435,0,0,0
07340,08436,0,0,0
07340,08437,0,0,0
07340,09161,0,0,0
07340,09162,72,0,72
07340,09163,0,0,0
07340,09171,0,0,0
07340,09172,0,0,0
07340,09173,0,0,0
07340,09174,0,0,0
07340,09175,0,0,0
07340,09176,0,0,0
07340,09177,0,0,0
07340,09178,0,0,0
07340,09179,0,0,0
07340,09180,0,0,0
07340,09181,0,0,0
07340,09182,0,0,0
07340,09183,0,0,0
07340,09184,20,0,20
07340,09185,0,0,0
07340,09186,0,0,0
07340,09187,10,0,10
07340,09188,0,0,0
07340,09189,0,0,0
07340,09190,0,0,0
07340,09261,0,0,0
07340,09262,0,0,0
07340,09263,0,0,0
07340,09271,0,0,0
07340,09272,0,0,0
07340,09273,0,0,0
07340,09274,0,0,0
07340,09275,0,0,0
07340,09276,0,0,0
07340,09277,0,0,0
07340,09278,0,0,0
07340,09279,0,0,0
07340,09361,0,0,0
07340,09362,0,0,0
07340,09363,0,0,0
07340,09371,0,0,0
07340,09372,0,0,0
07340,09373,0,0,0
07340,09374,0,0,0
07340,09375,0,0,0
07340,09376,0,0,0
07340,09377,0,0,0
07340,09461,0,0,0
07340,09462,0,0,0
07340,09463,0,0,0
07340,09464,0,0,0
07340,09471,0,0,0
07340,09472,0,0,0
07340,09473,0,0,0
07340,09474,0,0,0
07340,09475,0,0,0
07340,09476,0,0,0
07340,09477,0,0,0
07340,09478,0,0,0
07340,09479,0,0,0
07340,09561,0,0,0
07340,09562,0,0,0
07340,09563,0,0,0
07340,09564,14,0,14
07340,09565,0,0,0
07340,09571,0,0,0
07340,09572,14,0,14
07340,09573,0,0,0
07340,09574,0,0,0
07340,09575,0,0,0
07340,09576,0,0,0
07340,09577,0,0,0
07340,09661,0,0,0
07340,09662,0,0,0
07340,09663,0,0,0
07340,09671,0,0,0
07340,09672,0,0,0
07340,09673,0,0,0
07340,09674,0,0,0
07340,09675,0,0,0
07340,09676,0,0,0
07340,09677,0,0,0
07340,09678,0,0,0
07340,09679,0,0,0
07340,09761,0,0,0
07340,09762,0,0,0
07340,09763,0,0,0
07340,09764,0,0,0
07340,09771,0,0,0
07340,09772,0,0,0
07340,09773,0,0,0
07340,09774,0,0,0
07340,09775,0,0,0
07340,09776,0,0,0
07340,09777,0,0,0
07340,09778,0,0,0
07340,09779,0,0,0
07340,09780,0,0,0
07340,10041,667,75,592
07340,10042,38,0,38
07340,10043,366,58,308
07340,10044,93,22,71
07340,10045,2701,218,2483
07340,10046,100,37,63
07340,11000,47,0,47
07340,12051,0,0,0
07340,12052,0,0,0
07340,12053,0,0,0
07340,12054,0,0,0
07340,12060,0,0,0
07340,12061,0,0,0
07340,12062,0,0,0
07340,12063,0,0,0
07340,12064,0,0,0
07340,12065,0,0,0
07340,12066,0,0,0
07340,12067,0,0,0
07340,12068,0,0,0
07340,12069,0,0,0
07340,12070,0,0,0
07340,12071,0,0,0
07340,12072,0,0,0
07340,12073,0,0,0
07340,13003,0,0,0
07340,13004,0,0,0
07340,13071,0,0,0
07340,13072,0,0,0
07340,13073,0,0,0
07340,13074,0,0,0
07340,13075,0,0,0
07340,13076,0,0,0
07340,14511,0,0,0
07340,14521,0,0,0
07340,14522,0,0,0
07340,14523,0,0,0
07340,14524,0,0,0
07340,14612,0,0,0
07340,14625,0,0,0
07340,14626,0,0,0
07340,14627,0,0,0
07340,14628,0,0,0
07340,14713,0,0,0
07340,14729,0,0,0
07340,14730,0,0,0
07340,15001,0,0,0
07340,15002,0,0,0
07340,15003,0,0,0
07340,15081,0,0,0
07340,15082,0,0,0
07340,15083,0,0,0
07340,15084,0,0,0
07340,15085,0,0,0
07340,15086,0,0,0
07340,15087,0,0,0
07340,15088,0,0,0
07340,15089,0,0,0
07340,15090,0,0,0
07340,15091,0,0,0
07340,16051,0,0,0
07340,16052,0,0,0
07340,16053,0,0,0
07340,16054,0,0,0
07340,16055,0,0,0
07340,16056,0,0,0
07340,16061,0,0,0
07340,16062,0,0,0
07340,16063,0,0,0
07340,16064,0,0,0
07340,16065,0,0,0
07340,16066,0,0,0
07340,16067,0,0,0
07340,16068,0,0,0
07340,16069,0,0,0
07340,16070,0,0,0
07340,16071,0,0,0
07340,16072,0,0,0
07340,16073,0,0,0
07340,16074,0,0,0
07340,16075,0,0,0
07340,16076,0,0,0
07340,16077,0,0,0
08111,01001,12,12,0
08111,01002,135,56,79
08111,01003,83,41,42
08111,01004,21,21,0
08111,01051,18,18,0
08111,01053,32,32,0
08111,01054,22,12,10
08111,01055,35,35,0
08111,01056,83,73,10
08111,01057,31,31,0
08111,01058,46,46,0
08111,01059,31,20,11
08111,01060,72,57,15
08111,01061,23,23,0
08111,01062,106,65,41
08111,02000,1303,635,668
08111,03101,185,156,29
08111,03102,40,40,0
08111,03103,77,35,42
08111,03151,37,37,0
08111,03153,31,31,0
08111,03154,20,20,0
08111,03155,29,13,16
08111,03157,28,28,0
08111,03158,32,32,0
08111,03159,94,63,31
08111,03241,524,341,183
08111,03251,35,35,0
08111,03252,27,27,0
08111,03254,111,91,20
08111,03255,0,0,0
08111,03256,16,16,0
08111,03257,37,37,0
08111,03351,28,28,0
08111,03352,28,28,0
08111,03353,84,72,12
08111,03354,0,0,0
08111,03355,37,37,0
08111,03356,25,25,0
08111,03357,24,24,0
08111,03358,14,14,0
08111,03359,37,37,0
08111,03360,18,18,0
08111,03361,36,36,0
08111,03401,0,0,0
08111,03402,29,29,0
08111,03403,30,30,0
08111,03404,104,42,62
08111,03405,0,0,0
08111,03451,21,21,0
08111,03452,33,33,0
08111,03453,37,14,23
08111,03454,95,22,73
08111,03455,0,0,0
08111,03456,0,0,0
08111,03457,22,22,0
08111,03458,29,29,0
08111,03459,69,44,25
08111,03460,15,15,0
08111,03461,0,0,0
08111,03462,0,0,0
08111,04011,249,127,122
08111,04012,25,25,0
08111,05111,1011,342,669
08111,05112,211,100,111
08111,05113,311,123,188
08111,05114,65,42,23
08111,05116,78,47,31
08111,05117,72,45,27
08111,05119,91,71,20
08111,05120,37,18,19
08111,05122,77,57,20
08111,05124,119,77,42
08111,05154,70,47,23
08111,05158,304,188,116
08111,05162,190,128,62
08111,05166,109,77,32
08111,05170,142,118,24
08111,05314,248,112,136
08111,05315,1170,525,645
08111,05316,57,28,29
08111,05334,385,183,202
08111,05358,81,58,23
08111,05362,203,167,36
08111,05366,90,45,45
08111,05370,32,32,0
08111,05374,307,42,265
08111,05378,109,90,19
08111,05382,271,179,92
08111,05512,19,19,0
08111,05513,75,45,30
08111,05515,162,75,87
08111,05554,69,45,24
08111,05558,50,50,0
08111,05562,130,89,41
08111,05566,68,40,28
08111,05570,61,44,17
08111,05711,100,64,36
08111,05754,108,58,50
08111,05758,66,42,24
08111,05762,23,23,0
08111,05766,100,80,20
08111,05770,68,45,23
08111,05774,82,62,20
08111,05911,121,81,40
08111,05913,313,122,191
08111,05914,32,16,16
08111,05915,10,10,0
08111,05916,12,12,0
08111,05954,89,61,28
08111,05958,49,28,21
08111,05962,78,58,20
08111,05966,25,25,0
08111,05970,65,45,20
08111,05974,63,44,19
08111,05978,321,66,255
08111,06411,262,162,100
08111,06412,2044,655,1389
08111,06413,188,89,99
08111,06414,430,240,190
08111,06431,317,276,41
08111,06432,267,178,89
08111,06433,270,188,82
08111,06434,449,160,289
08111,06435,281,155,126
08111,06436,343,146,197
08111,06437,43,43,0
08111,06438,472,216,256
08111,06439,130,103,27
08111,06440,182,143,39
08111,06531,117,90,27
08111,06532,84,53,31
08111,06533,74,61,13
08111,06534,103,90,13
08111,06535,19,19,0
08111,06611,108,80,28
08111,06631,105,81,24
08111,06632,39,22,17
08111,06633,65,65,0
08111,06634,57,39,18
08111,06635,34,34,0
08111,06636,35,35,0
08111,07111,61,40,21
08111,07131,34,34,0
08111,07132,26,26,0
08111,07133,183,173,10
08111,07134,17,17,0
08111,07135,14,14,0
08111,07137,66,51,15
08111,07138,54,35,19
08111,07140,61,28,33
08111,07141,50,40,10
08111,07143,96,79,17
08111,07211,50,50,0
08111,07231,28,28,0
08111,07232,14,14,0
08111,07233,12,12,0
08111,07235,35,35,0
08111,07311,56,43,13
08111,07312,186,143,43
08111,07313,74,60,14
08111,07314,366,244,122
08111,07315,590,496,94
08111,07316,59,59,0
08111,07317,14,14,0
08111,07318,93,79,14
08111,07319,94,78,16
08111,07320,22,22,0
08111,07331,340,330,10
08111,07332,131,118,13
08111,07333,33,33,0
08111,07334,371,311,60
08111,07335,93,82,11
08111,07336,21,21,0
08111,07337,205,187,18
08111,07338,245,230,15
08111,07339,291,237,54
08111,07340,76,76,0
08111,08111,0,0,0
08111,08115,47058,30922,16136
08111,08116,68713,48218,20495
08111,08117,8972,7635,1337
08111,08118,72335,53032,19303
08111,08119,49261,38084,11177
08111,08121,1987,1480,507
08111,08125,5608,4186,1422
08111,08126,751,608,143
08111,08127,1348,1147,201
08111,08128,485,392,93
08111,08135,726,654,72
08111,08136,4466,3635,831
08111,08211,505,428,77
08111,08212,3148,2338,810
08111,08215,2574,2252,322
08111,08216,968,810,158
08111,08221,745,535,210
08111,08222,1538,1023,515
08111,08225,462,410,52
08111,08226,1663,1400,263
08111,08231,1825,1447,378
08111,08235,3692,3292,400
08111,08236,4788,4176,612
08111,08237,1149,1004,145
08111,08311,671,512,159
08111,08315,486,438,48
08111,08316,269,242,27
08111,08317,838,694,144
08111,08325,922,791,131
08111,08326,660,529,131
08111,08327,388,311,77
08111,08335,898,724,174
08111,08336,285,195,90
08111,08337,188,154,34
08111,08415,7202,5241,1961
08111,08416,6121,4806,1315
08111,08417,1301,1135,166
08111,08421,1221,900,321
08111,08425,1263,1166,97
08111,08426,802,707,95
08111,08435,705,549,156
08111,08436,976,852,124
08111,08437,446,392,54
08111,09161,187,121,66
08111,09162,3902,1748,2154
08111,09163,38,24,14
08111,09171,29,15,14
08111,09172,37,17,20
08111,09173,75,64,11
08111,09174,130,96,34
08111,09175,128,107,21
08111,09176,97,76,21
08111,09177,101,59,42
08111,09178,218,114,104
08111,09179,167,141,26
08111,09180,68,68,0
08111,09181,118,61,57
08111,09182,71,33,38
08111,09183,23,23,0
08111,09184,758,314,444
08111,09185,42,42,0
08111,09186,98,62,36
08111,09187,104,84,20
08111,09188,138,87,51
08111,09189,77,59,18
08111,09190,59,40,19
08111,09261,21,21,0
08111,09262,26,26,0
08111,09263,23,23,0
08111,09271,38,24,14
08111,09272,10,10,0
08111,09273,41,41,0
08111,09274,64,49,15
08111,09275,28,28,0
08111,09276,0,0,0
08111,09277,19,19,0
08111,09278,32,32,0
08111,09279,23,23,0
08111,09361,11,11,0
08111,09362,202,171,31
08111,09363,13,13,0
08111,09371,23,23,0
08111,09372,16,16,0
08111,09373,91,50,41
08111,09374,18,18,0
08111,09375,93,93,0
08111,09376,37,37,0
08111,09377,10,10,0
08111,09461,49,38,11
08111,09462,57,41,16
08111,09463,32,18,14
08111,09464,13,13,0
08111,09471,64,64,0
08111,09472,32,32,0
08111,09473,21,21,0
08111,09474,39,39,0
08111,09475,32,17,15
08111,09476,11,11,0
08111,09477,31,17,14
08111,09478,15,15,0
08111,09479,14,14,0
08111,09561,57,43,14
08111,09562,131,73,58
08111,09563,79,59,20
08111,09564,555,328,227
08111,09565,17,17,0
08111,09571,135,113,22
08111,09572,107,63,44
08111,09573,65,51,14
08111,09574,103,89,14
08111,09575,47,32,15
08111,09576,70,57,13
08111,09577,43,32,11
08111,09661,43,28,15
08111,09662,44,28,16
08111,09663,180,102,78
08111,09671,88,62,26
08111,09672,36,36,0
08111,09673,29,29,0
08111,09674,37,25,12
08111,09675,73,55,18
08111,09676,51,39,12
08111,09677,120,66,54
08111,09678,66,66,0
08111,09679,125,91,34
08111,09761,276,172,104
08111,09762,10,10,0
08111,09763,68,49,19
08111,09764,63,40,23
08111,09771,84,70,14
08111,09772,197,134,63
08111,09773,84,71,13
08111,09774,189,150,39
08111,09775,712,578,134
08111,09776,185,142,43
08111,09777,61,43,18
08111,09778,111,90,21
08111,09779,102,81,21
08111,09780,178,128,50
08111,10041,292,156,136
08111,10042,23,12,11
08111,10043,50,50,0
08111,10044,68,57,11
08111,10045,97,76,21
08111,10046,21,21,0
08111,11000,3005,1819,1186
08111,12051,15,15,0
08111,12052,32,32,0
08111,12053,0,0,0
08111,12054,100,73,27
08111,12060,64,64,0
08111,12061,51,51,0
08111,12062,22,22,0
08111,12063,36,36,0
08111,12064,36,36,0
08111,12065,61,61,0
08111,12066,31,31,0
08111,12067,50,40,10
08111,12068,14,14,0
08111,12069,106,87,19
08111,12070,0,0,0
08111,12071,23,23,0
08111,12072,49,39,10
08111,12073,10,10,0
08111,13003,38,38,0
08111,13004,16,16,0
08111,13071,32,32,0
08111,13072,24,24,0
08111,13073,25,25,0
08111,13074,23,23,0
08111,13075,35,35,0
08111,13076,28,28,0
08111,14511,98,70,28
08111,14521,94,72,22
08111,14522,75,75,0
08111,14523,49,49,0
08111,14524,83,83,0
08111,14612,331,264,67
08111,14625,74,63,11
08111,14626,52,52,0
08111,14627,66,66,0
08111,14628,80,80,0
08111,14713,348,245,103
08111,14729,86,75,11
08111,14730,56,56,0
08111,15001,15,15,0
08111,15002,90,65,25
08111,15003,101,101,0
08111,15081,0,0,0
08111,15082,30,30,0
08111,15083,32,32,0
08111,15084,51,51,0
08111,15085,33,33,0
08111,15086,23,23,0
08111,15087,32,32,0
08111,15088,68,58,10
08111,15089,32,32,0
08111,15090,25,25,0
08111,15091,28,28,0
08111,16051,146,96,50
08111,16052,28,28,0
08111,16053,65,40,25
08111,16054,16,16,0
08111,16055,34,34,0
08111,16056,17,17,0
08111,16061,30,30,0
08111,16062,15,15,0
08111,16063,20,20,0
08111,16064,17,17,0
08111,16065,23,23,0
08111,16066,47,47,0
08111,16067,34,34,0
08111,16068,24,24,0
08111,16069,14,14,0
08111,16070,61,48,13
08111,16071,23,23,0
08111,16072,13,13,0
08111,16073,32,32,0
08111,16074,17,17,0
08111,16075,30,30,0
08111,16076,25,25,0
08111,16077,30,30,0
08115,01001,0,0,0
08115,01002,33,0,33
08115,01003,13,0,13
08115,01004,0,0,0
08115,01051,0,0,0
08115,01053,12,12,0
08115,01054,0,0,0
08115,01055,10,10,0
08115,01056,38,24,14
08115,01057,0,0,0
08115,01058,15,15,0
08115,01059,10,10,0
08115,01060,35,19,16
08115,01061,0,0,0
08115,01062,32,0,32
08115,02000,363,138,225
08115,03101,64,50,14
08115,03102,10,10,0
08115,03103,49,16,33
08115,03151,20,20,0
08115,03153,11,11,0
08115,03154,0,0,0
08115,03155,0,0,0
08115,03157,0,0,0
08115,03158,10,10,0
08115,03159,72,12,60
08115,03241,255,148,107
08115,03251,10,10,0
08115,03252,10,10,0
08115,03254,44,34,10
08115,03255,0,0,0
08115,03256,26,26,0
08115,03257,51,51,0
08115,03351,14,14,0
08115,03352,10,10,0
08115,03353,40,25,15
08115,03354,0,0,0
08115,03355,13,13,0
08115,03356,0,0,0
08115,03357,0,0,0
08115,03358,0,0,0
08115,03359,0,0,0
08115,03360,0,0,0
08115,03361,11,0,11
08115,03401,0,0,0
08115,03402,10,0,10
08115,03403,10,10,0
08115,03404,68,13,55
08115,03405,0,0,0
08115,03451,0,0,0
08115,03452,0,0,0
08115,03453,0,0,0
08115,03454,48,14,34
08115,03455,0,0,0
08115,03456,0,0,0
08115,03457,24,14,10
08115,03458,0,0,0
08115,03459,48,38,10
08115,03460,0,0,0
08115,03461,0,0,0
08115,03462,0,0,0
08115,04011,112,57,55
08115,04012,0,0,0
08115,05111,285,63,222
08115,05112,124,41,83
08115,05113,97,38,59
08115,05114,33,20,13
08115,05116,37,10,27
08115,05117,33,15,18
08115,05119,49,11,38
08115,05120,0,0,0
08115,05122,40,19,21
08115,05124,84,29,55
08115,05154,24,13,11
08115,05158,114,50,64
08115,05162,91,26,65
08115,05166,32,19,13
08115,05170,74,50,24
08115,05314,68,25,43
08115,05315,296,113,183
08115,05316,23,11,12
08115,05334,142,95,47
08115,05358,156,156,0
08115,05362,69,52,17
08115,05366,25,11,14
08115,05370,11,11,0
08115,05374,179,23,156
08115,05378,64,32,32
08115,05382,141,60,81
08115,05512,11,0,11
08115,05513,15,15,0
08115,05515,40,23,17
08115,05554,22,10,12
08115,05558,0,0,0
08115,05562,41,25,16
08115,05566,52,40,12
08115,05570,14,14,0
08115,05711,58,24,34
08115,05754,52,27,25
08115,05758,53,33,20
08115,05762,13,0,13
08115,05766,37,19,18
08115,05770,13,13,0
08115,05774,34,34,0
08115,05911,50,20,30
08115,05913,128,43,85
08115,05914,21,0,21
08115,05915,0,0,0
08115,05916,0,0,0
08115,05954,38,25,13
08115,05958,15,15,0
08115,05962,49,26,23
08115,05966,12,12,0
08115,05970,57,43,14
08115,05974,47,25,22
08115,05978,94,24,70
08115,06411,102,52,50
08115,06412,582,120,462
08115,06413,55,11,44
08115,06414,135,34,101
08115,06431,144,77,67
08115,06432,117,62,55
08115,06433,112,52,60
08115,06434,181,39,142
08115,06435,149,61,88
08115,06436,146,42,104
08115,06437,14,14,0
08115,06438,200,57,143
08115,06439,49,34,15
08115,06440,56,30,26
08115,06531,55,38,17
08115,06532,46,22,24
08115,06533,34,34,0
08115,06534,29,16,13
08115,06535,12,12,0
08115,06611,34,17,17
08115,06631,42,26,16
08115,06632,10,10,0
08115,06633,14,14,0
08115,06634,0,0,0
08115,06635,10,10,0
08115,06636,0,0,0
08115,07111,43,11,32
08115,07131,0,0,0
08115,07132,0,0,0
08115,07133,40,28,12
08115,07134,12,12,0
08115,07135,0,0,0
08115,07137,20,20,0
08115,07138,0,0,0
08115,07140,54,22,32
08115,07141,13,13,0
08115,07143,28,28,0
08115,07211,0,0,0
08115,07231,0,0,0
08115,07232,11,0,11
08115,07233,0,0,0
08115,07235,0,0,0
08115,07311,0,0,0
08115,07312,49,23,26
08115,07313,22,22,0
08115,07314,51,31,20
08115,07315,124,37,87
08115,07316,21,21,0
08115,07317,0,0,0
08115,07318,14,14,0
08115,07319,12,12,0
08115,07320,0,0,0
08115,07331,20,20,0
08115,07332,31,31,0
08115,07333,0,0,0
08115,07334,154,100,54
08115,07335,31,16,15
08115,07336,11,11,0
08115,07337,58,48,10
08115,07338,38,38,0
08115,07339,92,48,44
08115,07340,29,29,0
08115,08111,47058,16136,30922
08115,08115,0,0,0
08115,08116,14652,7535,7117
08115,08117,1285,972,313
08115,08118,17422,9090,8332
08115,08119,3835,2349,1486
08115,08121,464,286,178
08115,08125,1279,802,477
08115,08126,171,96,75
08115,08127,223,130,93
08115,08128,96,78,18
08115,08135,128,75,53
08115,08136,518,319,199
08115,08211,66,43,23
08115,08212,1160,729,431
08115,08215,952,664,288
08115,08216,312,197,115
08115,08221,127,81,46
08115,08222,308,136,172
08115,08225,122,106,16
08115,08226,386,242,144
08115,08231,1990,1441,549
08115,08235,17449,13631,3818
08115,08236,6104,4676,1428
08115,08237,3742,3014,728
08115,08311,144,82,62
08115,08315,157,79,78
08115,08316,78,56,22
08115,08317,264,172,92
08115,08325,1029,833,196
08115,08326,436,296,140
08115,08327,288,170,118
08115,08335,330,247,83
08115,08336,94,39,55
08115,08337,59,39,20
08115,08415,3936,2589,1347
08115,08416,11735,8124,3611
08115,08417,1523,1235,288
08115,08421,293,169,124
08115,08425,283,222,61
08115,08426,126,79,47
08115,08435,174,115,59
08115,08436,149,88,61
08115,08437,172,144,28
08115,09161,163,85,78
08115,09162,1205,324,881
08115,09163,0,0,0
08115,09171,0,0,0
08115,09172,13,0,13
08115,09173,22,22,0
08115,09174,77,27,50
08115,09175,35,15,20
08115,09176,53,35,18
08115,09177,39,22,17
08115,09178,87,39,48
08115,09179,50,30,20
08115,09180,0,0,0
08115,09181,51,25,26
08115,09182,0,0,0
08115,09183,0,0,0
08115,09184,305,67,238
08115,09185,24,24,0
08115,09186,44,31,13
08115,09187,43,27,16
08115,09188,54,20,34
08115,09189,11,0,11
08115,09190,12,12,0
08115,09261,11,0,11
08115,09262,0,0,0
08115,09263,17,17,0
08115,09271,0,0,0
08115,09272,0,0,0
08115,09273,30,16,14
08115,09274,35,13,22
08115,09275,0,0,0
08115,09276,0,0,0
08115,09277,0,0,0
08115,09278,12,12,0
08115,09279,0,0,0
08115,09361,0,0,0
08115,09362,36,20,16
08115,09363,0,0,0
08115,09371,0,0,0
08115,09372,0,0,0
08115,09373,10,0,10
08115,09374,14,0,14
08115,09375,20,20,0
08115,09376,0,0,0
08115,09377,0,0,0
08115,09461,38,18,20
08115,09462,28,16,12
08115,09463,0,0,0
08115,09464,0,0,0
08115,09471,12,12,0
08115,09472,10,10,0
08115,09473,0,0,0
08115,09474,13,13,0
08115,09475,25,10,15
08115,09476,0,0,0
08115,09477,0,0,0
08115,09478,0,0,0
08115,09479,0,0,0
08115,09561,11,11,0
08115,09562,37,18,19
08115,09563,21,21,0
08115,09564,183,51,132
08115,09565,0,0,0
08115,09571,55,38,17
08115,09572,52,15,37
08115,09573,12,12,0
08115,09574,38,20,18
08115,09575,19,0,19
08115,09576,27,15,12
08115,09577,10,10,0
08115,09661,13,0,13
08115,09662,10,0,10
08115,09663,65,39,26
08115,09671,69,28,41
08115,09672,11,11,0
08115,09673,19,19,0
08115,09674,12,12,0
08115,09675,44,19,25
08115,09676,43,24,19
08115,09677,56,26,30
08115,09678,24,24,0
08115,09679,47,32,15
08115,09761,98,50,48
08115,09762,0,0,0
08115,09763,25,25,0
08115,09764,11,0,11
08115,09771,36,23,13
08115,09772,58,30,28
08115,09773,27,15,12
08115,09774,79,51,28
08115,09775,176,125,51
08115,09776,76,32,44
08115,09777,28,17,11
08115,09778,64,37,27
08115,09779,0,0,0
08115,09780,58,33,25
08115,10041,90,55,35
08115,10042,15,15,0
08115,10043,15,15,0
08115,10044,18,18,0
08115,10045,15,15,0
08115,10046,0,0,0
08115,11000,549,277,272
08115,12051,0,0,0
08115,12052,10,10,0
08115,12053,0,0,0
08115,12054,12,12,0
08115,12060,0,0,0
08115,12061,0,0,0
08115,12062,0,0,0
08115,12063,0,0,0
08115,12064,17,17,0
08115,12065,11,11,0
08115,12066,0,0,0
08115,12067,0,0,0
08115,12068,0,0,0
08115,12069,0,0,0
08115,12070,0,0,0
08115,12071,0,0,0
08115,12072,0,0,0
08115,12073,0,0,0
08115,13003,0,0,0
08115,13004,0,0,0
08115,13071,12,12,0
08115,13072,0,0,0
08115,13073,0,0,0
08115,13074,0,0,0
08115,13075,0,0,0
08115,13076,15,0,15
08115,14511,70,24,46
08115,14521,36,36,0
08115,14522,28,28,0
08115,14523,21,21,0
08115,14524,37,37,0
08115,14612,85,69,16
08115,14625,33,21,12
08115,14626,34,34,0
08115,14627,14,14,0
08115,14628,29,29,0
08115,14713,110,80,30
08115,14729,26,26,0
08115,14730,25,25,0
08115,15001,0,0,0
08115,15002,18,18,0
08115,15003,33,33,0
08115,15081,14,14,0
08115,15082,13,13,0
08115,15083,0,0,0
08115,15084,26,26,0
08115,15085,14,14,0
08115,15086,0,0,0
08115,15087,17,17,0
08115,15088,22,22,0
08115,15089,0,0,0
08115,15090,10,10,0
08115,15091,0,0,0
08115,16051,89,15,74
08115,16052,12,12,0
08115,16053,21,11,10
08115,16054,10,10,0
08115,16055,0,0,0
08115,16056,0,0,0
08115,16061,0,0,0
08115,16062,0,0,0
08115,16063,0,0,0
08115,16064,12,12,0
08115,16065,12,12,0
08115,16066,12,12,0
08115,16067,0,0,0
08115,16068,0,0,0
08115,16069,0,0,0
08115,16070,16,16,0
08115,16071,14,14,0
08115,16072,0,0,0
08115,16073,0,0,0
08115,16074,0,0,0
08115,16075,0,0,0
08115,16076,13,13,0
08115,16077,0,0,0
08116,01001,0,0,0
08116,01002,64,29,35
08116,01003,47,26,21
08116,01004,0,0,0
08116,01051,0,0,0
08116,01053,27,27,0
08116,01054,0,0,0
08116,01055,17,17,0
08116,01056,69,49,20
08116,01057,0,0,0
08116,01058,26,26,0
08116,01059,13,13,0
08116,01060,82,50,32
08116,01061,11,11,0
08116,01062,74,48,26
08116,02000,649,264,385
08116,03101,68,45,23
08116,03102,17,17,0
08116,03103,37,10,27
08116,03151,15,15,0
08116,03153,20,20,0
08116,03154,0,0,0
08116,03155,28,14,14
08116,03157,18,18,0
08116,03158,18,18,0
08116,03159,64,33,31
08116,03241,301,136,165
08116,03251,36,24,12
08116,03252,32,18,14
08116,03254,42,29,13
08116,03255,0,0,0
08116,03256,14,14,0
08116,03257,15,15,0
08116,03351,14,14,0
08116,03352,0,0,0
08116,03353,62,40,22
08116,03354,10,10,0
08116,03355,24,24,0
08116,03356,12,12,0
08116,03357,20,20,0
08116,03358,14,14,0
08116,03359,26,26,0
08116,03360,0,0,0
08116,03361,11,11,0
08116,03401,0,0,0
08116,03402,0,0,0
08116,03403,15,15,0
08116,03404,103,17,86
08116,03405,0,0,0
08116,03451,14,14,0
08116,03452,0,0,0
08116,03453,26,13,13
08116,03454,54,20,34
08116,03455,0,0,0
08116,03456,0,0,0
08116,03457,14,14,0
08116,03458,14,14,0
08116,03459,60,34,26
08116,03460,0,0,0
08116,03461,0,0,0
08116,03462,0,0,0
08116,04011,119,46,73
08116,04012,0,0,0
08116,05111,461,90,371
08116,05112,108,52,56
08116,05113,179,63,116
08116,05114,40,26,14
08116,05116,55,19,36
08116,05117,42,21,21
08116,05119,48,30,18
08116,05120,30,13,17
08116,05122,28,28,0
08116,05124,99,55,44
08116,05154,52,34,18
08116,05158,179,74,105
08116,05162,125,62,63
08116,05166,66,37,29
08116,05170,51,40,11
08116,05314,119,41,78
08116,05315,558,224,334
08116,05316,25,25,0
08116,05334,137,53,84
08116,05358,31,21,10
08116,05362,84,52,32
08116,05366,46,33,13
08116,05370,22,22,0
08116,05374,137,32,105
08116,05378,58,36,22
08116,05382,118,70,48
08116,05512,47,31,16
08116,05513,36,18,18
08116,05515,78,37,41
08116,05554,47,30,17
08116,05558,39,29,10
08116,05562,116,83,33
08116,05566,79,57,22
08116,05570,40,24,16
08116,05711,84,29,55
08116,05754,65,29,36
08116,05758,54,39,15
08116,05762,0,0,0
08116,05766,66,44,22
08116,05770,48,28,20
08116,05774,33,33,0
08116,05911,113,89,24
08116,05913,261,147,114
08116,05914,29,19,10
08116,05915,14,14,0
08116,05916,16,16,0
08116,05954,64,46,18
08116,05958,41,24,17
08116,05962,68,39,29
08116,05966,0,0,0
08116,05970,46,29,17
08116,05974,45,31,14
08116,05978,249,53,196
08116,06411,95,42,53
08116,06412,845,148,697
08116,06413,60,22,38
08116,06414,155,46,109
08116,06431,121,70,51
08116,06432,106,68,38
08116,06433,125,79,46
08116,06434,222,66,156
08116,06435,128,49,79
08116,06436,160,52,108
08116,06437,19,19,0
08116,06438,240,78,162
08116,06439,52,35,17
08116,06440,83,60,23
08116,06531,75,47,28
08116,06532,82,48,34
08116,06533,42,28,14
08116,06534,39,27,12
08116,06535,12,12,0
08116,06611,41,29,12
08116,06631,57,33,24
08116,06632,25,25,0
08116,06633,22,22,0
08116,06634,32,22,10
08116,06635,23,13,10
08116,06636,23,23,0
08116,07111,38,17,21
08116,07131,17,17,0
08116,07132,16,16,0
08116,07133,45,33,12
08116,07134,0,0,0
08116,07135,0,0,0
08116,07137,36,25,11
08116,07138,34,17,17
08116,07140,15,15,0
08116,07141,23,23,0
08116,07143,55,40,15
08116,07211,12,12,0
08116,07231,16,16,0
08116,07232,0,0,0
08116,07233,0,0,0
08116,07235,18,18,0
08116,07311,10,0,10
08116,07312,43,17,26
08116,07313,25,15,10
08116,07314,98,50,48
08116,07315,86,41,45
08116,07316,18,18,0
08116,07317,15,15,0
08116,07318,10,10,0
08116,07319,11,11,0
08116,07320,15,15,0
08116,07331,18,18,0
08116,07332,49,32,17
08116,07333,17,17,0
08116,07334,93,55,38
08116,07335,20,20,0
08116,07336,14,14,0
08116,07337,49,49,0
08116,07338,34,34,0
08116,07339,83,45,38
08116,07340,24,24,0
08116,08111,68713,20495,48218
08116,08115,14652,7117,7535
08116,08116,0,0,0
08116,08117,19797,13197,6600
08116,08118,8619,4860,3759
08116,08119,13338,7750,5588
08116,08121,372,193,179
08116,08125,982,618,364
08116,08126,250,115,135
08116,08127,348,220,128
08116,08128,147,86,61
08116,08135,325,209,116
08116,08136,1605,995,610
08116,08211,65,35,30
08116,08212,684,311,373
08116,08215,564,382,182
08116,08216,225,136,89
08116,08221,148,80,68
08116,08222,413,160,253
08116,08225,130,100,30
08116,08226,426,278,148
08116,08231,392,252,140
08116,08235,878,682,196
08116,08236,834,580,254
08116,08237,371,266,105
08116,08311,192,89,103
08116,08315,166,117,49
08116,08316,78,51,27
08116,08317,251,159,92
08116,08325,281,198,83
08116,08326,298,203,95
08116,08327,169,105,64
08116,08335,307,218,89
08116,08336,129,49,80
08116,08337,83,56,27
08116,08415,16088,8904,7184
08116,08416,4543,2610,1933
08116,08417,744,552,192
08116,08421,591,239,352
08116,08425,1137,820,317
08116,08426,281,164,117
08116,08435,249,135,114
08116,08436,249,149,100
08116,08437,175,111,64
08116,09161,89,55,34
08116,09162,1674,607,1067
08116,09163,45,45,0
08116,09171,15,15,0
08116,09172,13,0,13
08116,09173,24,24,0
08116,09174,112,81,31
08116,09175,49,36,13
08116,09176,22,22,0
08116,09177,64,37,27
08116,09178,168,60,108
08116,09179,138,103,35
08116,09180,0,0,0
08116,09181,66,36,30
08116,09182,58,31,27
08116,09183,0,0,0
08116,09184,481,130,351
08116,09185,23,23,0
08116,09186,54,40,14
08116,09187,151,122,29
08116,09188,100,61,39
08116,09189,31,15,16
08116,09190,38,24,14
08116,09261,21,21,0
08116,09262,10,0,10
08116,09263,0,0,0
08116,09271,15,15,0
08116,09272,10,10,0
08116,09273,40,25,15
08116,09274,63,32,31
08116,09275,40,30,10
08116,09276,0,0,0
08116,09277,11,11,0
08116,09278,0,0,0
08116,09279,11,11,0
08116,09361,0,0,0
08116,09362,57,39,18
08116,09363,10,10,0
08116,09371,11,11,0
08116,09372,10,10,0
08116,09373,42,27,15
08116,09374,0,0,0
08116,09375,29,29,0
08116,09376,41,19,22
08116,09377,0,0,0
08116,09461,15,15,0
08116,09462,17,17,0
08116,09463,0,0,0
08116,09464,0,0,0
08116,09471,22,22,0
08116,09472,16,16,0
08116,09473,0,0,0
08116,09474,33,33,0
08116,09475,35,13,22
08116,09476,0,0,0
08116,09477,11,11,0
08116,09478,0,0,0
08116,09479,0,0,0
08116,09561,0,0,0
08116,09562,54,30,24
08116,09563,60,60,0
08116,09564,341,207,134
08116,09565,11,11,0
08116,09571,80,56,24
08116,09572,67,50,17
08116,09573,72,57,15
08116,09574,68,50,18
08116,09575,26,26,0
08116,09576,50,50,0
08116,09577,24,24,0
08116,09661,26,14,12
08116,09662,15,15,0
08116,09663,87,38,49
08116,09671,59,31,28
08116,09672,16,16,0
08116,09673,15,15,0
08116,09674,12,12,0
08116,09675,34,24,10
08116,09676,42,29,13
08116,09677,78,37,41
08116,09678,29,18,11
08116,09679,74,60,14
08116,09761,200,131,69
08116,09762,16,16,0
08116,09763,29,16,13
08116,09764,18,18,0
08116,09771,33,33,0
08116,09772,152,87,65
08116,09773,69,42,27
08116,09774,117,62,55
08116,09775,396,245,151
08116,09776,58,33,25
08116,09777,83,66,17
08116,09778,71,46,25
08116,09779,38,19,19
08116,09780,85,52,33
08116,10041,113,57,56
08116,10042,25,10,15
08116,10043,25,25,0
08116,10044,29,29,0
08116,10045,65,51,14
08116,10046,12,12,0
08116,11000,985,563,422
08116,12051,0,0,0
08116,12052,35,35,0
08116,12053,0,0,0
08116,12054,16,16,0
08116,12060,20,20,0
08116,12061,23,23,0
08116,12062,18,18,0
08116,12063,18,18,0
08116,12064,14,14,0
08116,12065,28,28,0
08116,12066,17,17,0
08116,12067,18,18,0
08116,12068,0,0,0
08116,12069,58,44,14
08116,12070,0,0,0
08116,12071,24,24,0
08116,12072,27,15,12
08116,12073,0,0,0
08116,13003,10,10,0
08116,13004,0,0,0
08116,13071,15,15,0
08116,13072,15,15,0
08116,13073,25,25,0
08116,13074,10,10,0
08116,13075,22,22,0
08116,13076,0,0,0
08116,14511,56,38,18
08116,14521,56,46,10
08116,14522,35,35,0
08116,14523,37,37,0
08116,14524,50,38,12
08116,14612,135,103,32
08116,14625,32,32,0
08116,14626,39,39,0
08116,14627,41,41,0
08116,14628,50,50,0
08116,14713,237,130,107
08116,14729,62,52,10
08116,14730,62,41,21
08116,15001,0,0,0
08116,15002,51,31,20
08116,15003,44,31,13
08116,15081,0,0,0
08116,15082,22,22,0
08116,15083,16,16,0
08116,15084,33,33,0
08116,15085,27,27,0
08116,15086,0,0,0
08116,15087,23,23,0
08116,15088,22,22,0
08116,15089,14,14,0
08116,15090,0,0,0
08116,15091,37,12,25
08116,16051,56,28,28
08116,16052,30,30,0
08116,16053,13,0,13
08116,16054,0,0,0
08116,16055,0,0,0
08116,16056,0,0,0
08116,16061,0,0,0
08116,16062,11,11,0
08116,16063,13,13,0
08116,16064,15,15,0
08116,16065,0,0,0
08116,16066,26,26,0
08116,16067,46,29,17
08116,16068,0,0,0
08116,16069,0,0,0
08116,16070,24,24,0
08116,16071,12,12,0
08116,16072,10,10,0
08116,16073,24,24,0
08116,16074,13,13,0
08116,16075,14,14,0
08116,16076,17,17,0
08116,16077,17,17,0
08117,01001,0,0,0
08117,01002,0,0,0
08117,01003,0,0,0
08117,01004,0,0,0
08117,01051,0,0,0
08117,01053,0,0,0
08117,01054,11,0,11
08117,01055,0,0,0
08117,01056,0,0,0
08117,01057,0,0,0
08117,01058,0,0,0
08117,01059,0,0,0
08117,01060,10,0,10
08117,01061,0,0,0
08117,01062,12,12,0
08117,02000,175,58,117
08117,03101,22,10,12
08117,03102,0,0,0
08117,03103,0,0,0
08117,03151,0,0,0
08117,03153,0,0,0
08117,03154,0,0,0
08117,03155,0,0,0
08117,03157,0,0,0
08117,03158,0,0,0
08117,03159,10,10,0
08117,03241,117,74,43
08117,03251,0,0,0
08117,03252,0,0,0
08117,03254,10,10,0
08117,03255,0,0,0
08117,03256,0,0,0
08117,03257,0,0,0
08117,03351,0,0,0
08117,03352,0,0,0
08117,03353,15,15,0
08117,03354,0,0,0
08117,03355,0,0,0
08117,03356,0,0,0
08117,03357,12,12,0
08117,03358,0,0,0
08117,03359,0,0,0
08117,03360,0,0,0
08117,03361,0,0,0
08117,03401,0,0,0
08117,03402,0,0,0
08117,03403,0,0,0
08117,03404,19,0,19
08117,03405,0,0,0
08117,03451,0,0,0
08117,03452,0,0,0
08117,03453,0,0,0
08117,03454,21,10,11
08117,03455,0,0,0
08117,03456,0,0,0
08117,03457,0,0,0
08117,03458,0,0,0
08117,03459,10,10,0
08117,03460,0,0,0
08117,03461,0,0,0
08117,03462,0,0,0
08117,04011,24,10,14
08117,04012,0,0,0
08117,05111,113,19,94
08117,05112,31,0,31
08117,05113,42,13,29
08117,05114,0,0,0
08117,05116,0,0,0
08117,05117,0,0,0
08117,05119,0,0,0
08117,05120,0,0,0
08117,05122,0,0,0
08117,05124,23,10,13
08117,05154,0,0,0
08117,05158,54,21,33
08117,05162,29,10,19
08117,05166,10,0,10
08117,05170,18,18,0
08117,05314,27,11,16
08117,05315,159,26,133
08117,05316,0,0,0
08117,05334,39,14,25
08117,05358,0,0,0
08117,05362,26,16,10
08117,05366,0,0,0
08117,05370,0,0,0
08117,05374,31,0,31
08117,05378,12,12,0
08117,05382,28,28,0
08117,05512,0,0,0
08117,05513,23,10,13
08117,05515,17,0,17
08117,05554,0,0,0
08117,05558,34,0,34
08117,05562,31,21,10
08117,05566,33,17,16
08117,05570,0,0,0
08117,05711,28,13,15
08117,05754,32,12,20
08117,05758,12,12,0
08117,05762,0,0,0
08117,05766,11,11,0
08117,05770,14,0,14
08117,05774,0,0,0
08117,05911,0,0,0
08117,05913,36,12,24
08117,05914,0,0,0
08117,05915,0,0,0
08117,05916,0,0,0
08117,05954,13,13,0
08117,05958,0,0,0
08117,05962,27,14,13
08117,05966,0,0,0
08117,05970,27,17,10
08117,05974,0,0,0
08117,05978,50,14,36
08117,06411,20,0,20
08117,06412,210,43,167
08117,06413,19,0,19
08117,06414,17,0,17
08117,06431,36,18,18
08117,06432,44,14,30
08117,06433,25,14,11
08117,06434,27,0,27
08117,06435,51,23,28
08117,06436,46,11,35
08117,06437,0,0,0
08117,06438,87,26,61
08117,06439,24,24,0
08117,06440,25,14,11
08117,06531,11,11,0
08117,06532,13,13,0
08117,06533,17,17,0
08117,06534,0,0,0
08117,06535,0,0,0
08117,06611,24,0,24
08117,06631,15,0,15
08117,06632,0,0,0
08117,06633,0,0,0
08117,06634,0,0,0
08117,06635,0,0,0
08117,06636,0,0,0
08117,07111,0,0,0
08117,07131,0,0,0
08117,07132,0,0,0
08117,07133,12,12,0
08117,07134,0,0,0
08117,07135,0,0,0
08117,07137,0,0,0
08117,07138,10,10,0
08117,07140,0,0,0
08117,07141,0,0,0
08117,07143,0,0,0
08117,07211,0,0,0
08117,07231,0,0,0
08117,07232,0,0,0
08117,07233,0,0,0
08117,07235,0,0,0
08117,07311,0,0,0
08117,07312,0,0,0
08117,07313,0,0,0
08117,07314,12,0,12
08117,07315,0,0,0
08117,07316,0,0,0
08117,07317,0,0,0
08117,07318,0,0,0
08117,07319,0,0,0
08117,07320,0,0,0
08117,07331,16,0,16
08117,07332,0,0,0
08117,07333,0,0,0
08117,07334,24,14,10
08117,07335,0,0,0
08117,07336,74,74,0
08117,07337,0,0,0
08117,07338,12,12,0
08117,07339,0,0,0
08117,07340,0,0,0
08117,08111,8972,1337,7635
08117,08115,1285,313,972
08117,08116,19797,6600,13197
08117,08117,0,0,0
08117,08118,1205,510,695
08117,08119,4005,1791,2214
08117,08121,105,56,49
08117,08125,227,116,111
08117,08126,74,31,43
08117,08127,165,89,76
08117,08128,17,17,0
08117,08135,2116,891,1225
08117,08136,4320,2064,2256
08117,08211,0,0,0
08117,08212,150,48,102
08117,08215,139,71,68
08117,08216,43,11,32
08117,08221,17,17,0
08117,08222,101,20,81
08117,08225,21,21,0
08117,08226,112,57,55
08117,08231,66,30,36
08117,08235,155,78,77
08117,08236,136,64,72
08117,08237,56,33,23
08117,08311,62,27,35
08117,08315,57,29,28
08117,08316,31,11,20
08117,08317,81,37,44
08117,08325,54,31,23
08117,08326,57,37,20
08117,08327,56,30,26
08117,08335,146,72,74
08117,08336,45,17,28
08117,08337,24,10,14
08117,08415,1078,520,558
08117,08416,346,152,194
08117,08417,173,95,78
08117,08421,1557,318,1239
08117,08425,4023,1891,2132
08117,08426,216,73,143
08117,08435,85,36,49
08117,08436,158,80,78
08117,08437,101,73,28
08117,09161,61,0,61
08117,09162,556,146,410
08117,09163,0,0,0
08117,09171,0,0,0
08117,09172,0,0,0
08117,09173,14,14,0
08117,09174,34,11,23
08117,09175,26,16,10
08117,09176,0,0,0
08117,09177,27,11,16
08117,09178,58,17,41
08117,09179,34,14,20
08117,09180,0,0,0
08117,09181,13,0,13
08117,09182,13,0,13
08117,09183,12,0,12
08117,09184,143,34,109
08117,09185,10,10,0
08117,09186,0,0,0
08117,09187,27,11,16
08117,09188,31,16,15
08117,09189,19,0,19
08117,09190,12,12,0
08117,09261,0,0,0
08117,09262,0,0,0
08117,09263,0,0,0
08117,09271,0,0,0
08117,09272,0,0,0
08117,09273,0,0,0
08117,09274,0,0,0
08117,09275,0,0,0
08117,09276,0,0,0
08117,09277,0,0,0
08117,09278,0,0,0
08117,09279,0,0,0
08117,09361,0,0,0
08117,09362,10,0,10
08117,09363,0,0,0
08117,09371,0,0,0
08117,09372,0,0,0
08117,09373,10,0,10
08117,09374,0,0,0
08117,09375,15,15,0
08117,09376,0,0,0
08117,09377,0,0,0
08117,09461,0,0,0
08117,09462,0,0,0
08117,09463,0,0,0
08117,09464,0,0,0
08117,09471,0,0,0
08117,09472,0,0,0
08117,09473,0,0,0
08117,09474,0,0,0
08117,09475,21,0,21
08117,09476,0,0,0
08117,09477,0,0,0
08117,09478,0,0,0
08117,09479,0,0,0
08117,09561,0,0,0
08117,09562,13,0,13
08117,09563,0,0,0
08117,09564,75,26,49
08117,09565,0,0,0
08117,09571,21,21,0
08117,09572,0,0,0
08117,09573,34,0,34
08117,09574,25,14,11
08117,09575,11,0,11
08117,09576,0,0,0
08117,09577,0,0,0
08117,09661,0,0,0
08117,09662,0,0,0
08117,09663,26,15,11
08117,09671,12,12,0
08117,09672,0,0,0
08117,09673,11,11,0
08117,09674,0,0,0
08117,09675,0,0,0
08117,09676,0,0,0
08117,09677,12,0,12
08117,09678,0,0,0
08117,09679,13,13,0
08117,09761,112,42,70
08117,09762,0,0,0
08117,09763,30,11,19
08117,09764,0,0,0
08117,09771,13,13,0
08117,09772,76,40,36
08117,09773,44,26,18
08117,09774,137,53,84
08117,09775,561,243,318
08117,09776,16,0,16
08117,09777,16,0,16
08117,09778,41,18,23
08117,09779,56,22,34
08117,09780,59,24,35
08117,10041,31,16,15
08117,10042,10,10,0
08117,10043,0,0,0
08117,10044,0,0,0
08117,10045,15,15,0
08117,10046,0,0,0
08117,11000,224,97,127
08117,12051,0,0,0
08117,12052,0,0,0
08117,12053,0,0,0
08117,12054,0,0,0
08117,12060,0,0,0
08117,12061,0,0,0
08117,12062,0,0,0
08117,12063,0,0,0
08117,12064,0,0,0
08117,12065,14,14,0
08117,12066,0,0,0
08117,12067,0,0,0
08117,12068,0,0,0
08117,12069,0,0,0
08117,12070,0,0,0
08117,12071,0,0,0
08117,12072,0,0,0
08117,12073,0,0,0
08117,13003,0,0,0
08117,13004,0,0,0
08117,13071,0,0,0
08117,13072,0,0,0
08117,13073,0,0,0
08117,13074,0,0,0
08117,13075,0,0,0
08117,13076,0,0,0
08117,14511,13,13,0
08117,14521,25,25,0
08117,14522,13,13,0
08117,14523,19,19,0
08117,14524,16,16,0
08117,14612,30,18,12
08117,14625,12,12,0
08117,14626,23,23,0
08117,14627,15,15,0
08117,14628,17,17,0
08117,14713,37,37,0
08117,14729,23,23,0
08117,14730,21,21,0
08117,15001,0,0,0
08117,15002,29,29,0
08117,15003,0,0,0
08117,15081,0,0,0
08117,15082,14,14,0
08117,15083,0,0,0
08117,15084,15,15,0
08117,15085,0,0,0
08117,15086,0,0,0
08117,15087,13,13,0
08117,15088,13,13,0
08117,15089,13,13,0
08117,15090,0,0,0
08117,15091,15,15,0
08117,16051,0,0,0
08117,16052,13,13,0
08117,16053,0,0,0
08117,16054,0,0,0
08117,16055,0,0,0
08117,16056,0,0,0
08117,16061,0,0,0
08117,16062,0,0,0
08117,16063,0,0,0
08117,16064,0,0,0
08117,16065,10,10,0
08117,16066,0,0,0
08117,16067,14,14,0
08117,16068,0,0,0
08117,16069,0,0,0
08117,16070,0,0,0
08117,16071,0,0,0
08117,16072,0,0,0
08117,16073,0,0,0
08117,16074,0,0,0
08117,16075,11,11,0
08117,16076,11,11,0
08117,16077,0,0,0
08118,01001,0,0,0
08118,01002,86,14,72
08118,01003,47,20,27
08118,01004,11,11,0
08118,01051,0,0,0
08118,01053,15,15,0
08118,01054,10,0,10
08118,01055,0,0,0
08118,01056,41,28,13
08118,01057,0,0,0
08118,01058,27,16,11
08118,01059,0,0,0
08118,01060,34,21,13
08118,01061,0,0,0
08118,01062,50,31,19
08118,02000,573,247,326
08118,03101,115,97,18
08118,03102,0,0,0
08118,03103,68,34,34
08118,03151,28,28,0
08118,03153,16,16,0
08118,03154,15,15,0
08118,03155,12,12,0
08118,03157,24,24,0
08118,03158,11,11,0
08118,03159,60,45,15
08118,03241,292,165,127
08118,03251,26,26,0
08118,03252,17,17,0
08118,03254,76,58,18
08118,03255,0,0,0
08118,03256,11,11,0
08118,03257,10,10,0
08118,03351,13,13,0
08118,03352,18,18,0
08118,03353,40,30,10
08118,03354,0,0,0
08118,03355,19,19,0
08118,03356,21,21,0
08118,03357,0,0,0
08118,03358,17,17,0
08118,03359,14,14,0
08118,03360,0,0,0
08118,03361,36,36,0
08118,03401,29,11,18
08118,03402,0,0,0
08118,03403,20,20,0
08118,03404,61,17,44
08118,03405,0,0,0
08118,03451,16,16,0
08118,03452,13,13,0
08118,03453,17,17,0
08118,03454,67,33,34
08118,03455,0,0,0
08118,03456,23,0,23
08118,03457,0,0,0
08118,03458,12,12,0
08118,03459,50,32,18
08118,03460,0,0,0
08118,03461,0,0,0
08118,03462,0,0,0
08118,04011,172,106,66
08118,04012,0,0,0
08118,05111,353,99,254
08118,05112,124,46,78
08118,05113,153,72,81
08118,05114,64,30,34
08118,05116,62,28,34
08118,05117,39,23,16
08118,05119,49,31,18
08118,05120,11,11,0
08118,05122,20,0,20
08118,05124,68,29,39
08118,05154,44,29,15
08118,05158,150,67,83
08118,05162,114,60,54
08118,05166,58,33,25
08118,05170,74,52,22
08118,05314,114,47,67
08118,05315,419,118,301
08118,05316,22,12,10
08118,05334,162,77,85
08118,05358,46,20,26
08118,05362,121,70,51
08118,05366,20,20,0
08118,05370,20,20,0
08118,05374,208,30,178
08118,05378,47,35,12
08118,05382,143,76,67
08118,05512,0,0,0
08118,05513,20,20,0
08118,05515,55,31,24
08118,05554,44,27,17
08118,05558,28,16,12
08118,05562,94,65,29
08118,05566,75,46,29
08118,05570,26,26,0
08118,05711,51,16,35
08118,05754,97,31,66
08118,05758,49,21,28
08118,05762,16,16,0
08118,05766,45,22,23
08118,05770,34,24,10
08118,05774,44,31,13
08118,05911,50,33,17
08118,05913,143,65,78
08118,05914,102,77,25
08118,05915,14,14,0
08118,05916,15,15,0
08118,05954,62,42,20
08118,05958,48,30,18
08118,05962,58,27,31
08118,05966,0,0,0
08118,05970,42,26,16
08118,05974,45,25,20
08118,05978,100,39,61
08118,06411,97,46,51
08118,06412,805,194,611
08118,06413,55,25,30
08118,06414,159,63,96
08118,06431,161,101,60
08118,06432,110,66,44
08118,06433,139,62,77
08118,06434,199,49,150
08118,06435,169,102,67
08118,06436,186,56,130
08118,06437,32,32,0
08118,06438,284,122,162
08118,06439,70,37,33
08118,06440,83,50,33
08118,06531,81,42,39
08118,06532,44,17,27
08118,06533,42,30,12
08118,06534,28,28,0
08118,06535,14,14,0
08118,06611,34,21,13
08118,06631,66,43,23
08118,06632,27,17,10
08118,06633,21,21,0
08118,06634,18,18,0
08118,06635,13,13,0
08118,06636,15,15,0
08118,07111,35,21,14
08118,07131,13,13,0
08118,07132,17,17,0
08118,07133,25,25,0
08118,07134,0,0,0
08118,07135,0,0,0
08118,07137,49,36,13
08118,07138,58,36,22
08118,07140,37,37,0
08118,07141,33,21,12
08118,07143,51,37,14
08118,07211,0,0,0
08118,07231,24,12,12
08118,07232,0,0,0
08118,07233,10,10,0
08118,07235,17,17,0
08118,07311,25,14,11
08118,07312,47,35,12
08118,07313,43,21,22
08118,07314,119,63,56
08118,07315,96,46,50
08118,07316,26,26,0
08118,07317,0,0,0
08118,07318,36,23,13
08118,07319,25,25,0
08118,07320,0,0,0
08118,07331,34,34,0
08118,07332,60,50,10
08118,07333,19,19,0
08118,07334,152,87,65
08118,07335,16,16,0
08118,07336,13,13,0
08118,07337,53,42,11
08118,07338,86,72,14
08118,07339,69,47,22
08118,07340,23,23,0
08118,08111,72335,19303,53032
08118,08115,17422,8332,9090
08118,08116,8619,3759,4860
08118,08117,1205,695,510
08118,08118,0,0,0
08118,08119,17709,9585,8124
08118,08121,4302,1695,2607
08118,08125,16596,7854,8742
08118,08126,852,441,411
08118,08127,634,349,285
08118,08128,230,156,74
08118,08135,177,91,86
08118,08136,955,529,426
08118,08211,102,56,46
08118,08212,1223,565,658
08118,08215,1302,823,479
08118,08216,334,224,110
08118,08221,226,99,127
08118,08222,603,239,364
08118,08225,411,255,156
08118,08226,826,520,306
08118,08231,1449,858,591
08118,08235,1148,913,235
08118,08236,7249,4707,2542
08118,08237,255,176,79
08118,08311,163,92,71
08118,08315,125,76,49
08118,08316,74,52,22
08118,08317,272,165,107
08118,08325,275,216,59
08118,08326,192,106,86
08118,08327,139,78,61
08118,08335,217,133,84
08118,08336,75,32,43
08118,08337,63,38,25
08118,08415,1204,709,495
08118,08416,804,511,293
08118,08417,301,192,109
08118,08421,254,107,147
08118,08425,222,174,48
08118,08426,124,76,48
08118,08435,194,99,95
08118,08436,202,140,62
08118,08437,103,72,31
08118,09161,98,38,60
08118,09162,1428,582,846
08118,09163,24,14,10
08118,09171,10,0,10
08118,09172,31,0,31
08118,09173,31,21,10
08118,09174,55,34,21
08118,09175,55,33,22
08118,09176,34,18,16
08118,09177,44,13,31
08118,09178,94,33,61
08118,09179,66,50,16
08118,09180,0,0,0
08118,09181,40,20,20
08118,09182,20,20,0
08118,09183,16,16,0
08118,09184,349,92,257
08118,09185,18,18,0
08118,09186,43,21,22
08118,09187,46,31,15
08118,09188,57,25,32
08118,09189,32,14,18
08118,09190,38,19,19
08118,09261,22,11,11
08118,09262,0,0,0
08118,09263,0,0,0
08118,09271,13,13,0
08118,09272,0,0,0
08118,09273,14,14,0
08118,09274,43,17,26
08118,09275,11,11,0
08118,09276,0,0,0
08118,09277,0,0,0
08118,09278,10,10,0
08118,09279,18,18,0
08118,09361,0,0,0
08118,09362,66,39,27
08118,09363,0,0,0
08118,09371,16,16,0
08118,09372,0,0,0
08118,09373,34,14,20
08118,09374,10,0,10
08118,09375,40,29,11
08118,09376,22,22,0
08118,09377,0,0,0
08118,09461,52,36,16
08118,09462,13,13,0
08118,09463,0,0,0
08118,09464,0,0,0
08118,09471,42,42,0
08118,09472,23,23,0
08118,09473,15,15,0
08118,09474,21,21,0
08118,09475,30,0,30
08118,09476,29,29,0
08118,09477,28,13,15
08118,09478,12,12,0
08118,09479,0,0,0
08118,09561,22,11,11
08118,09562,54,20,34
08118,09563,33,21,12
08118,09564,322,167,155
08118,09565,12,0,12
08118,09571,85,59,26
08118,09572,50,18,32
08118,09573,31,31,0
08118,09574,59,42,17
08118,09575,19,19,0
08118,09576,49,37,12
08118,09577,17,17,0
08118,09661,28,14,14
08118,09662,10,10,0
08118,09663,113,66,47
08118,09671,59,34,25
08118,09672,18,18,0
08118,09673,22,12,10
08118,09674,28,17,11
08118,09675,37,25,12
08118,09676,45,25,20
08118,09677,105,47,58
08118,09678,38,38,0
08118,09679,70,56,14
08118,09761,140,83,57
08118,09762,0,0,0
08118,09763,43,24,19
08118,09764,21,0,21
08118,09771,41,26,15
08118,09772,87,48,39
08118,09773,46,23,23
08118,09774,49,25,24
08118,09775,164,93,71
08118,09776,48,22,26
08118,09777,28,28,0
08118,09778,38,17,21
08118,09779,47,27,20
08118,09780,80,48,32
08118,10041,115,62,53
08118,10042,19,19,0
08118,10043,36,36,0
08118,10044,36,36,0
08118,10045,81,24,57
08118,10046,13,13,0
08118,11000,949,545,404
08118,12051,0,0,0
08118,12052,10,10,0
08118,12053,0,0,0
08118,12054,39,20,19
08118,12060,31,31,0
08118,12061,22,22,0
08118,12062,10,10,0
08118,12063,15,15,0
08118,12064,22,22,0
08118,12065,15,15,0
08118,12066,0,0,0
08118,12067,10,10,0
08118,12068,0,0,0
08118,12069,23,23,0
08118,12070,0,0,0
08118,12071,0,0,0
08118,12072,0,0,0
08118,12073,11,11,0
08118,13003,0,0,0
08118,13004,0,0,0
08118,13071,0,0,0
08118,13072,14,14,0
08118,13073,10,10,0
08118,13074,0,0,0
08118,13075,11,11,0
08118,13076,0,0,0
08118,14511,55,30,25
08118,14521,32,32,0
08118,14522,46,31,15
08118,14523,42,31,11
08118,14524,63,47,16
08118,14612,380,250,130
08118,14625,61,61,0
08118,14626,22,22,0
08118,14627,60,48,12
08118,14628,56,46,10
08118,14713,136,94,42
08118,14729,18,18,0
08118,14730,48,16,32
08118,15001,16,16,0
08118,15002,24,24,0
08118,15003,33,33,0
08118,15081,0,0,0
08118,15082,11,11,0
08118,15083,11,11,0
08118,15084,23,23,0
08118,15085,11,11,0
08118,15086,0,0,0
08118,15087,28,28,0
08118,15088,32,22,10
08118,15089,21,21,0
08118,15090,0,0,0
08118,15091,18,18,0
08118,16051,61,34,27
08118,16052,0,0,0
08118,16053,14,14,0
08118,16054,12,12,0
08118,16055,11,0,11
08118,16056,0,0,0
08118,16061,11,11,0
08118,16062,0,0,0
08118,16063,0,0,0
08118,16064,19,19,0
08118,16065,13,13,0
08118,16066,18,18,0
08118,16067,33,22,11
08118,16068,0,0,0
08118,16069,12,12,0
08118,16070,31,31,0
08118,16071,14,14,0
08118,16072,0,0,0
08118,16073,13,13,0
08118,16074,13,13,0
08118,16075,11,11,0
08118,16076,20,20,0
08118,16077,0,0,0
08119,01001,0,0,0
08119,01002,21,0,21
08119,01003,21,0,21
08119,01004,0,0,0
08119,01051,0,0,0
08119,01053,0,0,0
08119,01054,0,0,0
08119,01055,0,0,0
08119,01056,30,18,12
08119,01057,0,0,0
08119,01058,0,0,0
08119,01059,0,0,0
08119,01060,34,21,13
08119,01061,0,0,0
08119,01062,0,0,0
08119,02000,298,89,209
08119,03101,14,14,0
08119,03102,0,0,0
08119,03103,32,22,10
08119,03151,33,33,0
08119,03153,0,0,0
08119,03154,12,12,0
08119,03155,12,12,0
08119,03157,10,10,0
08119,03158,0,0,0
08119,03159,33,18,15
08119,03241,167,71,96
08119,03251,10,0,10
08119,03252,14,14,0
08119,03254,16,16,0
08119,03255,0,0,0
08119,03256,0,0,0
08119,03257,0,0,0
08119,03351,11,11,0
08119,03352,14,14,0
08119,03353,10,10,0
08119,03354,0,0,0
08119,03355,0,0,0
08119,03356,0,0,0
08119,03357,0,0,0
08119,03358,11,11,0
08119,03359,0,0,0
08119,03360,0,0,0
08119,03361,0,0,0
08119,03401,0,0,0
08119,03402,0,0,0
08119,03403,10,0,10
08119,03404,35,0,35
08119,03405,0,0,0
08119,03451,0,0,0
08119,03452,0,0,0
08119,03453,0,0,0
08119,03454,33,15,18
08119,03455,0,0,0
08119,03456,0,0,0
08119,03457,0,0,0
08119,03458,0,0,0
08119,03459,44,34,10
08119,03460,0,0,0
08119,03461,0,0,0
08119,03462,0,0,0
08119,04011,77,30,47
08119,04012,0,0,0
08119,05111,231,26,205
08119,05112,73,21,52
08119,05113,88,26,62
08119,05114,21,11,10
08119,05116,64,26,38
08119,05117,15,0,15
08119,05119,0,0,0
08119,05120,0,0,0
08119,05122,26,12,14
08119,05124,53,30,23
08119,05154,33,17,16
08119,05158,123,23,100
08119,05162,70,34,36
08119,05166,28,12,16
08119,05170,38,24,14
08119,05314,54,15,39
08119,05315,289,71,218
08119,05316,0,0,0
08119,05334,156,72,84
08119,05358,78,48,30
08119,05362,55,41,14
08119,05366,10,10,0
08119,05370,10,10,0
08119,05374,98,28,70
08119,05378,33,22,11
08119,05382,91,52,39
08119,05512,19,0,19
08119,05513,21,11,10
08119,05515,32,10,22
08119,05554,34,17,17
08119,05558,11,11,0
08119,05562,75,50,25
08119,05566,32,15,17
08119,05570,15,15,0
08119,05711,36,13,23
08119,05754,60,17,43
08119,05758,22,12,10
08119,05762,0,0,0
08119,05766,26,14,12
08119,05770,15,0,15
08119,05774,25,25,0
08119,05911,35,13,22
08119,05913,95,26,69
08119,05914,13,0,13
08119,05915,0,0,0
08119,05916,12,12,0
08119,05954,54,16,38
08119,05958,33,13,20
08119,05962,76,17,59
08119,05966,48,48,0
08119,05970,54,29,25
08119,05974,16,16,0
08119,05978,93,19,74
08119,06411,46,18,28
08119,06412,474,65,409
08119,06413,35,10,25
08119,06414,79,22,57
08119,06431,56,33,23
08119,06432,86,39,47
08119,06433,76,42,34
08119,06434,96,26,70
08119,06435,62,35,27
08119,06436,109,27,82
08119,06437,13,13,0
08119,06438,133,27,106
08119,06439,30,13,17
08119,06440,33,17,16
08119,06531,33,14,19
08119,06532,32,13,19
08119,06533,25,13,12
08119,06534,16,0,16
08119,06535,0,0,0
08119,06611,29,16,13
08119,06631,31,12,19
08119,06632,0,0,0
08119,06633,0,0,0
08119,06634,10,10,0
08119,06635,0,0,0
08119,06636,0,0,0
08119,07111,0,0,0
08119,07131,0,0,0
08119,07132,0,0,0
08119,07133,19,19,0
08119,07134,0,0,0
08119,07135,0,0,0
08119,07137,11,11,0
08119,07138,10,0,10
08119,07140,0,0,0
08119,07141,12,12,0
08119,07143,0,0,0
08119,07211,12,12,0
08119,07231,0,0,0
08119,07232,0,0,0
08119,07233,0,0,0
08119,07235,0,0,0
08119,07311,0,0,0
08119,07312,23,23,0
08119,07313,12,0,12
08119,07314,80,55,25
08119,07315,67,28,39
08119,07316,27,27,0
08119,07317,0,0,0
08119,07318,24,24,0
08119,07319,11,11,0
08119,07320,0,0,0
08119,07331,36,36,0
08119,07332,31,31,0
08119,07333,13,13,0
08119,07334,58,28,30
08119,07335,0,0,0
08119,07336,0,0,0
08119,07337,28,28,0
08119,07338,38,38,0
08119,07339,49,30,19
08119,07340,14,14,0
08119,08111,49261,11177,38084
08119,08115,3835,1486,2349
08119,08116,13338,5588,7750
08119,08117,4005,2214,1791
08119,08118,17709,8124,9585
08119,08119,0,0,0
08119,08121,740,282,458
08119,08125,2597,1231,1366
08119,08126,474,233,241
08119,08127,3198,1635,1563
08119,08128,261,158,103
08119,08135,200,137,63
08119,08136,10036,6220,3816
08119,08211,70,47,23
08119,08212,453,210,243
08119,08215,405,250,155
08119,08216,126,78,48
08119,08221,86,33,53
08119,08222,270,85,185
08119,08225,132,97,35
08119,08226,311,173,138
08119,08231,232,147,85
08119,08235,379,294,85
08119,08236,460,294,166
08119,08237,171,120,51
08119,08311,175,48,127
08119,08315,100,67,33
08119,08316,57,40,17
08119,08317,200,127,73
08119,08325,112,79,33
08119,08326,163,110,53
08119,08327,79,47,32
08119,08335,164,101,63
08119,08336,108,84,24
08119,08337,87,69,18
08119,08415,904,578,326
08119,08416,542,265,277
08119,08417,238,151,87
08119,08421,225,98,127
08119,08425,213,142,71
08119,08426,128,79,49
08119,08435,165,119,46
08119,08436,153,87,66
08119,08437,83,59,24
08119,09161,53,26,27
08119,09162,652,135,517
08119,09163,0,0,0
08119,09171,12,0,12
08119,09172,21,10,11
08119,09173,10,10,0
08119,09174,34,19,15
08119,09175,30,17,13
08119,09176,24,13,11
08119,09177,40,17,23
08119,09178,72,32,40
08119,09179,34,20,14
08119,09180,0,0,0
08119,09181,27,0,27
08119,09182,0,0,0
08119,09183,13,13,0
08119,09184,168,27,141
08119,09185,12,12,0
08119,09186,36,25,11
08119,09187,28,28,0
08119,09188,40,10,30
08119,09189,214,214,0
08119,09190,0,0,0
08119,09261,14,14,0
08119,09262,0,0,0
08119,09263,0,0,0
08119,09271,0,0,0
08119,09272,0,0,0
08119,09273,10,10,0
08119,09274,25,14,11
08119,09275,15,0,15
08119,09276,0,0,0
08119,09277,0,0,0
08119,09278,10,10,0
08119,09279,0,0,0
08119,09361,0,0,0
08119,09362,20,0,20
08119,09363,0,0,0
08119,09371,0,0,0
08119,09372,0,0,0
08119,09373,12,0,12
08119,09374,0,0,0
08119,09375,0,0,0
08119,09376,18,0,18
08119,09377,0,0,0
08119,09461,11,11,0
08119,09462,12,12,0
08119,09463,0,0,0
08119,09464,0,0,0
08119,09471,0,0,0
08119,09472,0,0,0
08119,09473,0,0,0
08119,09474,13,13,0
08119,09475,34,10,24
08119,09476,0,0,0
08119,09477,0,0,0
08119,09478,0,0,0
08119,09479,0,0,0
08119,09561,0,0,0
08119,09562,41,19,22
08119,09563,11,11,0
08119,09564,166,68,98
08119,09565,0,0,0
08119,09571,102,79,23
08119,09572,24,12,12
08119,09573,15,15,0
08119,09574,10,10,0
08119,09575,29,29,0
08119,09576,19,19,0
08119,09577,14,14,0
08119,09661,16,16,0
08119,09662,11,0,11
08119,09663,56,31,25
08119,09671,34,22,12
08119,09672,15,15,0
08119,09673,0,0,0
08119,09674,0,0,0
08119,09675,32,21,11
08119,09676,37,26,11
08119,09677,78,22,56
08119,09678,0,0,0
08119,09679,84,72,12
08119,09761,88,50,38
08119,09762,0,0,0
08119,09763,0,0,0
08119,09764,13,0,13
08119,09771,38,0,38
08119,09772,50,23,27
08119,09773,33,23,10
08119,09774,50,26,24
08119,09775,121,56,65
08119,09776,16,16,0
08119,09777,29,16,13
08119,09778,37,20,17
08119,09779,74,35,39
08119,09780,68,46,22
08119,10041,84,53,31
08119,10042,0,0,0
08119,10043,0,0,0
08119,10044,12,12,0
08119,10045,28,16,12
08119,10046,0,0,0
08119,11000,418,161,257
08119,12051,0,0,0
08119,12052,0,0,0
08119,12053,0,0,0
08119,12054,0,0,0
08119,12060,0,0,0
08119,12061,10,10,0
08119,12062,11,11,0
08119,12063,0,0,0
08119,12064,13,13,0
08119,12065,0,0,0
08119,12066,0,0,0
08119,12067,0,0,0
08119,12068,0,0,0
08119,12069,20,20,0
08119,12070,0,0,0
08119,12071,10,10,0
08119,12072,0,0,0
08119,12073,0,0,0
08119,13003,0,0,0
08119,13004,0,0,0
08119,13071,10,10,0
08119,13072,10,10,0
08119,13073,0,0,0
08119,13074,0,0,0
08119,13075,0,0,0
08119,13076,0,0,0
08119,14511,66,45,21
08119,14521,29,29,0
08119,14522,47,47,0
08119,14523,30,30,0
08119,14524,33,33,0
08119,14612,78,50,28
08119,14625,38,38,0
08119,14626,26,26,0
08119,14627,14,14,0
08119,14628,22,22,0
08119,14713,73,56,17
08119,14729,26,26,0
08119,14730,14,14,0
08119,15001,0,0,0
08119,15002,14,14,0
08119,15003,16,16,0
08119,15081,14,14,0
08119,15082,21,21,0
08119,15083,16,16,0
08119,15084,11,11,0
08119,15085,0,0,0
08119,15086,0,0,0
08119,15087,11,11,0
08119,15088,17,17,0
08119,15089,0,0,0
08119,15090,0,0,0
08119,15091,0,0,0
08119,16051,49,36,13
08119,16052,17,17,0
08119,16053,10,10,0
08119,16054,0,0,0
08119,16055,0,0,0
08119,16056,0,0,0
08119,16061,0,0,0
08119,16062,0,0,0
08119,16063,22,11,11
08119,16064,0,0,0
08119,16065,0,0,0
08119,16066,20,20,0
08119,16067,10,10,0
08119,16068,0,0,0
08119,16069,0,0,0
08119,16070,0,0,0
08119,16071,0,0,0
08119,16072,0,0,0
08119,16073,10,10,0
08119,16074,13,13,0
08119,16075,11,11,0
08119,16076,11,11,0
08119,16077,15,15,0
08121,01001,0,0,0
08121,01002,0,0,0
08121,01003,0,0,0
08121,01004,0,0,0
08121,01051,0,0,0
08121,01053,0,0,0
08121,01054,0,0,0
08121,01055,0,0,0
08121,01056,13,13,0
08121,01057,0,0,0
08121,01058,0,0,0
08121,01059,0,0,0
08121,01060,0,0,0
08121,01061,0,0,0
08121,01062,10,10,0
08121,02000,169,34,135
08121,03101,0,0,0
08121,03102,0,0,0
08121,03103,10,0,10
08121,03151,0,0,0
08121,03153,0,0,0
08121,03154,0,0,0
08121,03155,0,0,0
08121,03157,0,0,0
08121,03158,0,0,0
08121,03159,0,0,0
08121,03241,48,25,23
08121,03251,0,0,0
08121,03252,0,0,0
08121,03254,0,0,0
08121,03255,0,0,0
08121,03256,0,0,0
08121,03257,0,0,0
08121,03351,0,0,0
08121,03352,0,0,0
08121,03353,0,0,0
08121,03354,0,0,0
08121,03355,0,0,0
08121,03356,0,0,0
08121,03357,0,0,0
08121,03358,0,0,0
08121,03359,0,0,0
08121,03360,0,0,0
08121,03361,0,0,0
08121,03401,0,0,0
08121,03402,0,0,0
08121,03403,0,0,0
08121,03404,14,0,14
08121,03405,0,0,0
08121,03451,0,0,0
08121,03452,0,0,0
08121,03453,11,11,0
08121,03454,0,0,0
08121,03455,0,0,0
08121,03456,0,0,0
08121,03457,0,0,0
08121,03458,0,0,0
08121,03459,0,0,0
08121,03460,0,0,0
08121,03461,0,0,0
08121,03462,0,0,0
08121,04011,33,23,10
08121,04012,0,0,0
08121,05111,71,28,43
08121,05112,0,0,0
08121,05113,65,12,53
08121,05114,0,0,0
08121,05116,0,0,0
08121,05117,0,0,0
08121,05119,0,0,0
08121,05120,0,0,0
08121,05122,0,0,0
08121,05124,0,0,0
08121,05154,23,11,12
08121,05158,14,14,0
08121,05162,27,16,11
08121,05166,23,10,13
08121,05170,15,0,15
08121,05314,10,0,10
08121,05315,94,33,61
08121,05316,0,0,0
08121,05334,34,17,17
08121,05358,12,12,0
08121,05362,29,12,17
08121,05366,0,0,0
08121,05370,0,0,0
08121,05374,33,0,33
08121,05378,0,0,0
08121,05382,11,11,0
08121,05512,0,0,0
08121,05513,0,0,0
08121,05515,0,0,0
08121,05554,13,0,13
08121,05558,0,0,0
08121,05562,10,10,0
08121,05566,16,0,16
08121,05570,0,0,0
08121,05711,0,0,0
08121,05754,14,0,14
08121,05758,0,0,0
08121,05762,0,0,0
08121,05766,10,10,0
08121,05770,0,0,0
08121,05774,0,0,0
08121,05911,11,11,0
08121,05913,34,18,16
08121,05914,0,0,0
08121,05915,0,0,0
08121,05916,0,0,0
08121,05954,10,10,0
08121,05958,0,0,0
08121,05962,0,0,0
08121,05966,0,0,0
08121,05970,12,12,0
08121,05974,0,0,0
08121,05978,47,11,36
08121,06411,19,0,19
08121,06412,186,48,138
08121,06413,32,13,19
08121,06414,54,15,39
08121,06431,56,46,10
08121,06432,35,17,18
08121,06433,60,47,13
08121,06434,58,13,45
08121,06435,27,27,0
08121,06436,34,14,20
08121,06437,24,13,11
08121,06438,52,19,33
08121,06439,0,0,0
08121,06440,0,0,0
08121,06531,11,11,0
08121,06532,10,10,0
08121,06533,0,0,0
08121,06534,0,0,0
08121,06535,0,0,0
08121,06611,0,0,0
08121,06631,20,20,0
08121,06632,0,0,0
08121,06633,0,0,0
08121,06634,11,11,0
08121,06635,0,0,0
08121,06636,0,0,0
08121,07111,0,0,0
08121,07131,0,0,0
08121,07132,0,0,0
08121,07133,17,17,0
08121,07134,0,0,0
08121,07135,0,0,0
08121,07137,0,0,0
08121,07138,10,10,0
08121,07140,0,0,0
08121,07141,0,0,0
08121,07143,0,0,0
08121,07211,0,0,0
08121,07231,0,0,0
08121,07232,0,0,0
08121,07233,0,0,0
08121,07235,0,0,0
08121,07311,0,0,0
08121,07312,0,0,0
08121,07313,10,0,10
08121,07314,67,46,21
08121,07315,20,0,20
08121,07316,0,0,0
08121,07317,0,0,0
08121,07318,14,14,0
08121,07319,26,26,0
08121,07320,0,0,0
08121,07331,14,14,0
08121,07332,22,22,0
08121,07333,0,0,0
08121,07334,25,14,11
08121,07335,14,14,0
08121,07336,0,0,0
08121,07337,12,0,12
08121,07338,64,54,10
08121,07339,11,11,0
08121,07340,0,0,0
08121,08111,1987,507,1480
08121,08115,464,178,286
08121,08116,372,179,193
08121,08117,105,49,56
08121,08118,4302,2607,1695
08121,08119,740,458,282
08121,08121,0,0,0
08121,08125,48900,30585,18315
08121,08126,2951,2142,809
08121,08127,654,488,166
08121,08128,282,209,73
08121,08135,20,20,0
08121,08136,133,83,50
08121,08211,19,0,19
08121,08212,239,95,144
08121,08215,618,466,152
08121,08216,51,25,26
08121,08221,204,110,94
08121,08222,270,117,153
08121,08225,2066,1816,250
08121,08226,1464,1093,371
08121,08231,93,55,38
08121,08235,66,45,21
08121,08236,204,143,61
08121,08237,33,15,18
08121,08311,41,26,15
08121,08315,25,13,12
08121,08316,14,14,0
08121,08317,79,39,40
08121,08325,13,13,0
08121,08326,33,18,15
08121,08327,10,10,0
08121,08335,45,22,23
08121,08336,32,20,12
08121,08337,0,0,0
08121,08415,158,82,76
08121,08416,74,48,26
08121,08417,35,18,17
08121,08421,33,13,20
08121,08425,31,31,0
08121,08426,31,16,15
08121,08435,15,15,0
08121,08436,27,14,13
08121,08437,17,17,0
08121,09161,115,13,102
08121,09162,285,71,214
08121,09163,0,0,0
08121,09171,26,26,0
08121,09172,0,0,0
08121,09173,0,0,0
08121,09174,0,0,0
08121,09175,0,0,0
08121,09176,19,0,19
08121,09177,0,0,0
08121,09178,25,0,25
08121,09179,0,0,0
08121,09180,0,0,0
08121,09181,0,0,0
08121,09182,0,0,0
08121,09183,0,0,0
08121,09184,73,21,52
08121,09185,0,0,0
08121,09186,46,46,0
08121,09187,11,11,0
08121,09188,0,0,0
08121,09189,0,0,0
08121,09190,0,0,0
08121,09261,0,0,0
08121,09262,0,0,0
08121,09263,12,0,12
08121,09271,0,0,0
08121,09272,0,0,0
08121,09273,64,64,0
08121,09274,0,0,0
08121,09275,0,0,0
08121,09276,0,0,0
08121,09277,0,0,0
08121,09278,0,0,0
08121,09279,0,0,0
08121,09361,0,0,0
08121,09362,0,0,0
08121,09363,0,0,0
08121,09371,0,0,0
08121,09372,10,10,0
08121,09373,0,0,0
08121,09374,0,0,0
08121,09375,0,0,0
08121,09376,45,45,0
08121,09377,0,0,0
08121,09461,0,0,0
08121,09462,0,0,0
08121,09463,0,0,0
08121,09464,0,0,0
08121,09471,0,0,0
08121,09472,0,0,0
08121,09473,0,0,0
08121,09474,0,0,0
08121,09475,0,0,0
08121,09476,0,0,0
08121,09477,0,0,0
08121,09478,0,0,0
08121,09479,0,0,0
08121,09561,0,0,0
08121,09562,14,0,14
08121,09563,0,0,0
08121,09564,96,50,46
08121,09565,0,0,0
08121,09571,30,30,0
08121,09572,0,0,0
08121,09573,0,0,0
08121,09574,12,12,0
08121,09575,0,0,0
08121,09576,10,10,0
08121,09577,0,0,0
08121,09661,0,0,0
08121,09662,0,0,0
08121,09663,50,38,12
08121,09671,11,0,11
08121,09672,12,12,0
08121,09673,0,0,0
08121,09674,11,11,0
08121,09675,0,0,0
08121,09676,33,22,11
08121,09677,12,12,0
08121,09678,16,16,0
08121,09679,32,32,0
08121,09761,41,27,14
08121,09762,0,0,0
08121,09763,0,0,0
08121,09764,0,0,0
08121,09771,10,10,0
08121,09772,35,18,17
08121,09773,10,10,0
08121,09774,0,0,0
08121,09775,45,12,33
08121,09776,0,0,0
08121,09777,0,0,0
08121,09778,0,0,0
08121,09779,24,10,14
08121,09780,16,0,16
08121,10041,12,12,0
08121,10042,0,0,0
08121,10043,12,12,0
08121,10044,14,14,0
08121,10045,0,0,0
08121,10046,0,0,0
08121,11000,224,80,144
08121,12051,0,0,0
08121,12052,0,0,0
08121,12053,0,0,0
08121,12054,0,0,0
08121,12060,0,0,0
08121,12061,0,0,0
08121,12062,0,0,0
08121,12063,0,0,0
08121,12064,0,0,0
08121,12065,0,0,0
08121,12066,0,0,0
08121,12067,0,0,0
08121,12068,0,0,0
08121,12069,0,0,0
08121,12070,0,0,0
08121,12071,0,0,0
08121,12072,0,0,0
08121,12073,0,0,0
08121,13003,0,0,0
08121,13004,0,0,0
08121,13071,0,0,0
08121,13072,0,0,0
08121,13073,0,0,0
08121,13074,0,0,0
08121,13075,0,0,0
08121,13076,0,0,0
08121,14511,0,0,0
08121,14521,0,0,0
08121,14522,11,11,0
08121,14523,11,11,0
08121,14524,0,0,0
08121,14612,24,14,10
08121,14625,0,0,0
08121,14626,13,13,0
08121,14627,0,0,0
08121,14628,0,0,0
08121,14713,82,36,46
08121,14729,12,12,0
08121,14730,0,0,0
08121,15001,0,0,0
08121,15002,0,0,0
08121,15003,10,10,0
08121,15081,0,0,0
08121,15082,0,0,0
08121,15083,0,0,0
08121,15084,11,11,0
08121,15085,0,0,0
08121,15086,0,0,0
08121,15087,11,11,0
08121,15088,0,0,0
08121,15089,16,16,0
08121,15090,0,0,0
08121,15091,0,0,0
08121,16051,17,17,0
08121,16052,0,0,0
08121,16053,22,0,22
08121,16054,0,0,0
08121,16055,0,0,0
08121,16056,0,0,0
08121,16061,14,0,14
08121,16062,0,0,0
08121,16063,0,0,0
08121,16064,10,10,0
08121,16065,0,0,0
08121,16066,13,13,0
08121,16067,13,13,0
08121,16068,0,0,0
08121,16069,0,0,0
08121,16070,0,0,0
08121,16071,0,0,0
08121,16072,0,0,0
08121,16073,0,0,0
08121,16074,0,0,0
08121,16075,0,0,0
08121,16076,0,0,0
08121,16077,0,0,0
08125,01001,0,0,0
08125,01002,10,0,10
08125,01003,12,0,12
08125,01004,0,0,0
08125,01051,0,0,0
08125,01053,16,16,0
08125,01054,0,0,0
08125,01055,0,0,0
08125,01056,16,16,0
08125,01057,0,0,0
08125,01058,11,11,0
08125,01059,0,0,0
08125,01060,14,0,14
08125,01061,0,0,0
08125,01062,27,14,13
08125,02000,299,115,184
08125,03101,44,30,14
08125,03102,0,0,0
08125,03103,39,18,21
08125,03151,17,17,0
08125,03153,0,0,0
08125,03154,13,13,0
08125,03155,0,0,0
08125,03157,12,12,0
08125,03158,0,0,0
08125,03159,26,12,14
08125,03241,154,87,67
08125,03251,10,10,0
08125,03252,0,0,0
08125,03254,30,30,0
08125,03255,0,0,0
08125,03256,0,0,0
08125,03257,14,14,0
08125,03351,0,0,0
08125,03352,0,0,0
08125,03353,15,15,0
08125,03354,0,0,0
08125,03355,18,18,0
08125,03356,0,0,0
08125,03357,0,0,0
08125,03358,12,12,0
08125,03359,14,14,0
08125,03360,0,0,0
08125,03361,0,0,0
08125,03401,0,0,0
08125,03402,0,0,0
08125,03403,0,0,0
08125,03404,32,0,32
08125,03405,0,0,0
08125,03451,0,0,0
08125,03452,11,11,0
08125,03453,10,10,0
08125,03454,38,11,27
08125,03455,0,0,0
08125,03456,0,0,0
08125,03457,0,0,0
08125,03458,13,13,0
08125,03459,26,13,13
08125,03460,0,0,0
08125,03461,0,0,0
08125,03462,0,0,0
08125,04011,50,34,16
08125,04012,0,0,0
08125,05111,133,38,95
08125,05112,88,64,24
08125,05113,157,36,121
08125,05114,29,17,12
08125,05116,15,15,0
08125,05117,10,10,0
08125,05119,21,10,11
08125,05120,0,0,0
08125,05122,16,16,0
08125,05124,29,18,11
08125,05154,44,16,28
08125,05158,73,32,41
08125,05162,89,56,33
08125,05166,33,16,17
08125,05170,66,38,28
08125,05314,61,42,19
08125,05315,214,73,141
08125,05316,0,0,0
08125,05334,79,47,32
08125,05358,34,21,13
08125,05362,70,41,29
08125,05366,24,13,11
08125,05370,12,12,0
08125,05374,109,10,99
08125,05378,20,20,0
08125,05382,176,42,134
08125,05512,11,11,0
08125,05513,65,50,15
08125,05515,26,11,15
08125,05554,15,15,0
08125,05558,22,11,11
08125,05562,55,40,15
08125,05566,88,18,70
08125,05570,26,26,0
08125,05711,42,19,23
08125,05754,74,27,47
08125,05758,37,22,15
08125,05762,0,0,0
08125,05766,30,18,12
08125,05770,31,17,14
08125,05774,18,18,0
08125,05911,10,10,0
08125,05913,60,28,32
08125,05914,0,0,0
08125,05915,20,20,0
08125,05916,11,11,0
08125,05954,31,15,16
08125,05958,17,17,0
08125,05962,31,15,16
08125,05966,0,0,0
08125,05970,61,16,45
08125,05974,17,17,0
08125,05978,121,32,89
08125,06411,86,41,45
08125,06412,345,83,262
08125,06413,79,19,60
08125,06414,79,32,47
08125,06431,166,102,64
08125,06432,115,64,51
08125,06433,81,35,46
08125,06434,107,27,80
08125,06435,63,39,24
08125,06436,78,36,42
08125,06437,77,54,23
08125,06438,112,44,68
08125,06439,32,19,13
08125,06440,67,44,23
08125,06531,44,27,17
08125,06532,40,30,10
08125,06533,21,21,0
08125,06534,15,15,0
08125,06535,0,0,0
08125,06611,14,14,0
08125,06631,31,15,16
08125,06632,15,0,15
08125,06633,19,19,0
08125,06634,13,13,0
08125,06635,0,0,0
08125,06636,11,11,0
08125,07111,12,0,12
08125,07131,11,11,0
08125,07132,0,0,0
08125,07133,28,18,10
08125,07134,10,0,10
08125,07135,0,0,0
08125,07137,37,19,18
08125,07138,30,14,16
08125,07140,0,0,0
08125,07141,11,0,11
08125,07143,13,13,0
08125,07211,0,0,0
08125,07231,11,11,0
08125,07232,0,0,0
08125,07233,0,0,0
08125,07235,12,12,0
08125,07311,0,0,0
08125,07312,23,23,0
08125,07313,31,16,15
08125,07314,118,52,66
08125,07315,59,22,37
08125,07316,22,22,0
08125,07317,29,29,0
08125,07318,59,32,27
08125,07319,50,37,13
08125,07320,10,10,0
08125,07331,53,42,11
08125,07332,46,46,0
08125,07333,12,12,0
08125,07334,88,56,32
08125,07335,18,18,0
08125,07336,0,0,0
08125,07337,52,34,18
08125,07338,111,72,39
08125,07339,45,31,14
08125,07340,64,64,0
08125,08111,5608,1422,4186
08125,08115,1279,477,802
08125,08116,982,364,618
08125,08117,227,111,116
08125,08118,16596,8742,7854
08125,08119,2597,1366,1231
08125,08121,48900,18315,30585
08125,08125,0,0,0
08125,08126,8978,4753,4225
08125,08127,1725,914,811
08125,08128,623,371,252
08125,08135,108,59,49
08125,08136,301,179,122
08125,08211,24,0,24
08125,08212,781,260,521
08125,08215,3812,1708,2104
08125,08216,150,95,55
08125,08221,580,241,339
08125,08222,575,215,360
08125,08225,8651,7041,1610
08125,08226,6932,4119,2813
08125,08231,251,103,148
08125,08235,188,121,67
08125,08236,1016,482,534
08125,08237,57,29,28
08125,08311,66,34,32
08125,08315,66,25,41
08125,08316,40,25,15
08125,08317,139,82,57
08125,08325,71,50,21
08125,08326,74,38,36
08125,08327,48,27,21
08125,08335,83,50,33
08125,08336,40,22,18
08125,08337,14,14,0
08125,08415,242,96,146
08125,08416,163,83,80
08125,08417,92,59,33
08125,08421,66,28,38
08125,08425,63,42,21
08125,08426,71,40,31
08125,08435,84,52,32
08125,08436,76,34,42
08125,08437,45,30,15
08125,09161,252,69,183
08125,09162,489,128,361
08125,09163,0,0,0
08125,09171,11,0,11
08125,09172,21,0,21
08125,09173,0,0,0
08125,09174,30,14,16
08125,09175,29,12,17
08125,09176,111,56,55
08125,09177,20,10,10
08125,09178,64,20,44
08125,09179,32,18,14
08125,09180,0,0,0
08125,09181,28,15,13
08125,09182,10,10,0
08125,09183,0,0,0
08125,09184,161,27,134
08125,09185,36,16,20
08125,09186,41,26,15
08125,09187,33,23,10
08125,09188,10,0,10
08125,09189,23,13,10
08125,09190,0,0,0
08125,09261,0,0,0
08125,09262,0,0,0
08125,09263,10,0,10
08125,09271,10,0,10
08125,09272,0,0,0
08125,09273,31,20,11
08125,09274,23,13,10
08125,09275,0,0,0
08125,09276,0,0,0
08125,09277,14,0,14
08125,09278,0,0,0
08125,09279,0,0,0
08125,09361,0,0,0
08125,09362,34,10,24
08125,09363,0,0,0
08125,09371,0,0,0
08125,09372,0,0,0
08125,09373,24,11,13
08125,09374,0,0,0
08125,09375,24,14,10
08125,09376,34,34,0
08125,09377,0,0,0
08125,09461,16,0,16
08125,09462,10,10,0
08125,09463,0,0,0
08125,09464,0,0,0
08125,09471,14,14,0
08125,09472,0,0,0
08125,09473,0,0,0
08125,09474,16,16,0
08125,09475,33,10,23
08125,09476,0,0,0
08125,09477,13,13,0
08125,09478,0,0,0
08125,09479,12,0,12
08125,09561,10,0,10
08125,09562,53,21,32
08125,09563,16,16,0
08125,09564,141,52,89
08125,09565,10,10,0
08125,09571,71,44,27
08125,09572,25,15,10
08125,09573,24,24,0
08125,09574,39,22,17
08125,09575,29,15,14
08125,09576,21,21,0
08125,09577,20,20,0
08125,09661,30,14,16
08125,09662,14,0,14
08125,09663,111,62,49
08125,09671,41,22,19
08125,09672,0,0,0
08125,09673,0,0,0
08125,09674,0,0,0
08125,09675,47,32,15
08125,09676,55,36,19
08125,09677,37,24,13
08125,09678,27,11,16
08125,09679,97,77,20
08125,09761,88,57,31
08125,09762,0,0,0
08125,09763,0,0,0
08125,09764,11,11,0
08125,09771,16,16,0
08125,09772,82,33,49
08125,09773,11,11,0
08125,09774,19,19,0
08125,09775,110,28,82
08125,09776,0,0,0
08125,09777,37,25,12
08125,09778,17,17,0
08125,09779,60,14,46
08125,09780,67,27,40
08125,10041,51,33,18
08125,10042,17,17,0
08125,10043,23,23,0
08125,10044,13,13,0
08125,10045,26,26,0
08125,10046,15,15,0
08125,11000,463,206,257
08125,12051,0,0,0
08125,12052,10,10,0
08125,12053,0,0,0
08125,12054,45,14,31
08125,12060,11,11,0
08125,12061,10,10,0
08125,12062,0,0,0
08125,12063,0,0,0
08125,12064,0,0,0
08125,12065,17,17,0
08125,12066,0,0,0
08125,12067,0,0,0
08125,12068,0,0,0
08125,12069,10,10,0
08125,12070,0,0,0
08125,12071,0,0,0
08125,12072,18,18,0
08125,12073,0,0,0
08125,13003,0,0,0
08125,13004,0,0,0
08125,13071,11,11,0
08125,13072,0,0,0
08125,13073,0,0,0
08125,13074,0,0,0
08125,13075,0,0,0
08125,13076,0,0,0
08125,14511,39,19,20
08125,14521,41,41,0
08125,14522,25,25,0
08125,14523,43,43,0
08125,14524,56,30,26
08125,14612,60,38,22
08125,14625,13,13,0
08125,14626,15,15,0
08125,14627,27,27,0
08125,14628,14,14,0
08125,14713,95,44,51
08125,14729,36,25,11
08125,14730,24,24,0
08125,15001,0,0,0
08125,15002,15,15,0
08125,15003,0,0,0
08125,15081,0,0,0
08125,15082,0,0,0
08125,15083,0,0,0
08125,15084,31,31,0
08125,15085,0,0,0
08125,15086,0,0,0
08125,15087,25,25,0
08125,15088,12,12,0
08125,15089,16,16,0
08125,15090,0,0,0
08125,15091,12,12,0
08125,16051,45,27,18
08125,16052,0,0,0
08125,16053,65,10,55
08125,16054,0,0,0
08125,16055,0,0,0
08125,16056,10,10,0
08125,16061,13,0,13
08125,16062,10,10,0
08125,16063,18,18,0
08125,16064,10,10,0
08125,16065,0,0,0
08125,16066,35,35,0
08125,16067,21,21,0
08125,16068,0,0,0
08125,16069,10,10,0
08125,16070,20,20,0
08125,16071,0,0,0
08125,16072,0,0,0
08125,16073,13,13,0
08125,16074,0,0,0
08125,16075,0,0,0
08125,16076,0,0,0
08125,16077,10,10,0
08126,01001,0,0,0
08126,01002,0,0,0
08126,01003,21,21,0
08126,01004,0,0,0
08126,01051,10,10,0
08126,01053,16,16,0
08126,01054,0,0,0
08126,01055,17,17,0
08126,01056,21,21,0
08126,01057,14,14,0
08126,01058,17,17,0
08126,01059,17,17,0
08126,01060,30,30,0
08126,01061,10,10,0
08126,01062,26,26,0
08126,02000,116,80,36
08126,03101,11,11,0
08126,03102,0,0,0
08126,03103,0,0,0
08126,03151,0,0,0
08126,03153,14,14,0
08126,03154,0,0,0
08126,03155,11,11,0
08126,03157,0,0,0
08126,03158,0,0,0
08126,03159,19,19,0
08126,03241,114,114,0
08126,03251,15,15,0
08126,03252,11,11,0
08126,03254,35,35,0
08126,03255,0,0,0
08126,03256,13,13,0
08126,03257,13,13,0
08126,03351,12,12,0
08126,03352,0,0,0
08126,03353,28,28,0
08126,03354,0,0,0
08126,03355,15,15,0
08126,03356,0,0,0
08126,03357,10,10,0
08126,03358,11,11,0
08126,03359,12,12,0
08126,03360,0,0,0
08126,03361,15,15,0
08126,03401,0,0,0
08126,03402,0,0,0
08126,03403,18,18,0
08126,03404,34,13,21
08126,03405,0,0,0
08126,03451,12,12,0
08126,03452,0,0,0
08126,03453,18,18,0
08126,03454,20,20,0
08126,03455,0,0,0
08126,03456,13,13,0
08126,03457,13,13,0
08126,03458,20,20,0
08126,03459,23,23,0
08126,03460,0,0,0
08126,03461,0,0,0
08126,03462,0,0,0
08126,04011,36,24,12
08126,04012,0,0,0
08126,05111,48,23,25
08126,05112,11,11,0
08126,05113,51,40,11
08126,05114,14,14,0
08126,05116,10,10,0
08126,05117,11,11,0
08126,05119,15,15,0
08126,05120,0,0,0
08126,05122,10,10,0
08126,05124,23,23,0
08126,05154,18,18,0
08126,05158,32,22,10
08126,05162,39,19,20
08126,05166,30,30,0
08126,05170,29,29,0
08126,05314,0,0,0
08126,05315,62,35,27
08126,05316,11,11,0
08126,05334,24,24,0
08126,05358,18,18,0
08126,05362,28,28,0
08126,05366,22,22,0
08126,05370,26,26,0
08126,05374,32,17,15
08126,05378,18,18,0
08126,05382,46,46,0
08126,05512,0,0,0
08126,05513,0,0,0
08126,05515,19,19,0
08126,05554,35,35,0
08126,05558,18,18,0
08126,05562,33,33,0
08126,05566,50,50,0
08126,05570,19,19,0
08126,05711,13,13,0
08126,05754,34,24,10
08126,05758,19,19,0
08126,05762,19,19,0
08126,05766,26,26,0
08126,05770,39,39,0
08126,05774,32,32,0
08126,05911,15,15,0
08126,05913,21,21,0
08126,05914,0,0,0
08126,05915,13,13,0
08126,05916,0,0,0
08126,05954,15,15,0
08126,05958,24,24,0
08126,05962,73,73,0
08126,05966,0,0,0
08126,05970,30,30,0
08126,05974,30,30,0
08126,05978,27,27,0
08126,06411,26,12,14
08126,06412,76,24,52
08126,06413,0,0,0
08126,06414,10,0,10
08126,06431,52,39,13
08126,06432,47,47,0
08126,06433,13,13,0
08126,06434,23,13,10
08126,06435,53,53,0
08126,06436,26,15,11
08126,06437,31,31,0
08126,06438,51,33,18
08126,06439,16,16,0
08126,06440,18,18,0
08126,06531,35,35,0
08126,06532,22,22,0
08126,06533,19,19,0
08126,06534,15,15,0
08126,06535,16,16,0
08126,06611,16,16,0
08126,06631,17,17,0
08126,06632,0,0,0
08126,06633,26,26,0
08126,06634,12,12,0
08126,06635,16,16,0
08126,06636,0,0,0
08126,07111,0,0,0
08126,07131,0,0,0
08126,07132,10,10,0
08126,07133,14,14,0
08126,07134,12,12,0
08126,07135,0,0,0
08126,07137,24,24,0
08126,07138,25,25,0
08126,07140,0,0,0
08126,07141,16,16,0
08126,07143,19,19,0
08126,07211,10,10,0
08126,07231,14,14,0
08126,07232,0,0,0
08126,07233,0,0,0
08126,07235,21,21,0
08126,07311,0,0,0
08126,07312,11,11,0
08126,07313,0,0,0
08126,07314,11,0,11
08126,07315,0,0,0
08126,07316,0,0,0
08126,07317,0,0,0
08126,07318,0,0,0
08126,07319,0,0,0
08126,07320,0,0,0
08126,07331,17,17,0
08126,07332,13,13,0
08126,07333,0,0,0
08126,07334,17,17,0
08126,07335,0,0,0
08126,07336,0,0,0
08126,07337,0,0,0
08126,07338,14,14,0
08126,07339,33,33,0
08126,07340,15,15,0
08126,08111,751,143,608
08126,08115,171,75,96
08126,08116,250,135,115
08126,08117,74,43,31
08126,08118,852,411,441
08126,08119,474,241,233
08126,08121,2951,809,2142
08126,08125,8978,4225,4753
08126,08126,0,0,0
08126,08127,8368,5591,2777
08126,08128,4084,2893,1191
08126,08135,46,31,15
08126,08136,247,167,80
08126,08211,0,0,0
08126,08212,95,39,56
08126,08215,116,81,35
08126,08216,19,19,0
08126,08221,50,16,34
08126,08222,95,39,56
08126,08225,1358,1083,275
08126,08226,220,126,94
08126,08231,33,21,12
08126,08235,51,29,22
08126,08236,59,27,32
08126,08237,41,22,19
08126,08311,20,20,0
08126,08315,32,32,0
08126,08316,27,27,0
08126,08317,72,52,20
08126,08325,22,22,0
08126,08326,23,23,0
08126,08327,13,13,0
08126,08335,24,24,0
08126,08336,19,19,0
08126,08337,0,0,0
08126,08415,68,46,22
08126,08416,67,36,31
08126,08417,37,27,10
08126,08421,24,12,12
08126,08425,27,27,0
08126,08426,17,17,0
08126,08435,23,23,0
08126,08436,51,39,12
08126,08437,22,22,0
08126,09161,23,0,23
08126,09162,137,71,66
08126,09163,11,11,0
08126,09171,0,0,0
08126,09172,0,0,0
08126,09173,10,10,0
08126,09174,18,18,0
08126,09175,15,15,0
08126,09176,28,28,0
08126,09177,13,13,0
08126,09178,10,10,0
08126,09179,0,0,0
08126,09180,0,0,0
08126,09181,14,14,0
08126,09182,18,18,0
08126,09183,12,12,0
08126,09184,48,21,27
08126,09185,12,12,0
08126,09186,11,11,0
08126,09187,43,43,0
08126,09188,10,10,0
08126,09189,17,17,0
08126,09190,15,15,0
08126,09261,0,0,0
08126,09262,0,0,0
08126,09263,0,0,0
08126,09271,16,16,0
08126,09272,10,10,0
08126,09273,0,0,0
08126,09274,20,20,0
08126,09275,36,36,0
08126,09276,0,0,0
08126,09277,18,18,0
08126,09278,16,16,0
08126,09279,0,0,0
08126,09361,0,0,0
08126,09362,12,12,0
08126,09363,0,0,0
08126,09371,13,13,0
08126,09372,14,14,0
08126,09373,25,25,0
08126,09374,10,10,0
08126,09375,27,27,0
08126,09376,15,15,0
08126,09377,0,0,0
08126,09461,0,0,0
08126,09462,0,0,0
08126,09463,0,0,0
08126,09464,10,10,0
08126,09471,0,0,0
08126,09472,19,19,0
08126,09473,13,13,0
08126,09474,15,15,0
08126,09475,13,13,0
08126,09476,0,0,0
08126,09477,0,0,0
08126,09478,0,0,0
08126,09479,0,0,0
08126,09561,25,12,13
08126,09562,0,0,0
08126,09563,11,11,0
08126,09564,89,59,30
08126,09565,0,0,0
08126,09571,176,131,45
08126,09572,10,10,0
08126,09573,28,28,0
08126,09574,20,20,0
08126,09575,13,13,0
08126,09576,21,21,0
08126,09577,24,24,0
08126,09661,0,0,0
08126,09662,0,0,0
08126,09663,106,45,61
08126,09671,23,23,0
08126,09672,12,12,0
08126,09673,0,0,0
08126,09674,0,0,0
08126,09675,30,20,10
08126,09676,28,28,0
08126,09677,20,20,0
08126,09678,22,11,11
08126,09679,156,133,23
08126,09761,13,13,0
08126,09762,0,0,0
08126,09763,10,10,0
08126,09764,0,0,0
08126,09771,15,15,0
08126,09772,35,35,0
08126,09773,38,11,27
08126,09774,19,19,0
08126,09775,55,25,30
08126,09776,0,0,0
08126,09777,12,12,0
08126,09778,23,23,0
08126,09779,27,14,13
08126,09780,30,15,15
08126,10041,41,27,14
08126,10042,0,0,0
08126,10043,11,11,0
08126,10044,16,16,0
08126,10045,0,0,0
08126,10046,14,0,14
08126,11000,182,118,64
08126,12051,0,0,0
08126,12052,0,0,0
08126,12053,0,0,0
08126,12054,0,0,0
08126,12060,13,13,0
08126,12061,0,0,0
08126,12062,0,0,0
08126,12063,0,0,0
08126,12064,18,18,0
08126,12065,13,13,0
08126,12066,0,0,0
08126,12067,10,10,0
08126,12068,0,0,0
08126,12069,11,11,0
08126,12070,0,0,0
08126,12071,0,0,0
08126,12072,18,18,0
08126,12073,0,0,0
08126,13003,0,0,0
08126,13004,0,0,0
08126,13071,0,0,0
08126,13072,0,0,0
08126,13073,0,0,0
08126,13074,13,13,0
08126,13075,10,10,0
08126,13076,14,14,0
08126,14511,10,10,0
08126,14521,19,19,0
08126,14522,22,22,0
08126,14523,32,32,0
08126,14524,38,28,10
08126,14612,31,20,11
08126,14625,18,18,0
08126,14626,12,12,0
08126,14627,13,13,0
08126,14628,14,14,0
08126,14713,28,28,0
08126,14729,21,21,0
08126,14730,13,13,0
08126,15001,0,0,0
08126,15002,0,0,0
08126,15003,0,0,0
08126,15081,0,0,0
08126,15082,0,0,0
08126,15083,0,0,0
08126,15084,24,24,0
08126,15085,17,17,0
08126,15086,0,0,0
08126,15087,0,0,0
08126,15088,16,16,0
08126,15089,11,11,0
08126,15090,0,0,0
08126,15091,0,0,0
08126,16051,12,12,0
08126,16052,0,0,0
08126,16053,0,0,0
08126,16054,0,0,0
08126,16055,0,0,0
08126,16056,0,0,0
08126,16061,0,0,0
08126,16062,0,0,0
08126,16063,0,0,0
08126,16064,0,0,0
08126,16065,0,0,0
08126,16066,15,15,0
08126,16067,0,0,0
08126,16068,0,0,0
08126,16069,0,0,0
08126,16070,11,11,0
08126,16071,0,0,0
08126,16072,0,0,0
08126,16073,0,0,0
08126,16074,0,0,0
08126,16075,0,0,0
08126,16076,0,0,0
08126,16077,0,0,0
08127,01001,0,0,0
08127,01002,0,0,0
08127,01003,51,0,51
08127,01004,0,0,0
08127,01051,0,0,0
08127,01053,0,0,0
08127,01054,0,0,0
08127,01055,0,0,0
08127,01056,0,0,0
08127,01057,0,0,0
08127,01058,0,0,0
08127,01059,0,0,0
08127,01060,0,0,0
08127,01061,0,0,0
08127,01062,0,0,0
08127,02000,137,66,71
08127,03101,0,0,0
08127,03102,0,0,0
08127,03103,0,0,0
08127,03151,0,0,0
08127,03153,0,0,0
08127,03154,0,0,0
08127,03155,0,0,0
08127,03157,0,0,0
08127,03158,0,0,0
08127,03159,25,25,0
08127,03241,50,19,31
08127,03251,0,0,0
08127,03252,0,0,0
08127,03254,20,20,0
08127,03255,0,0,0
08127,03256,0,0,0
08127,03257,0,0,0
08127,03351,0,0,0
08127,03352,0,0,0
08127,03353,0,0,0
08127,03354,0,0,0
08127,03355,0,0,0
08127,03356,0,0,0
08127,03357,0,0,0
08127,03358,0,0,0
08127,03359,0,0,0
08127,03360,0,0,0
08127,03361,0,0,0
08127,03401,0,0,0
08127,03402,0,0,0
08127,03403,0,0,0
08127,03404,12,0,12
08127,03405,57,57,0
08127,03451,0,0,0
08127,03452,0,0,0
08127,03453,10,10,0
08127,03454,21,11,10
08127,03455,0,0,0
08127,03456,0,0,0
08127,03457,0,0,0
08127,03458,0,0,0
08127,03459,0,0,0
08127,03460,0,0,0
08127,03461,0,0,0
08127,03462,0,0,0
08127,04011,17,17,0
08127,04012,0,0,0
08127,05111,70,28,42
08127,05112,0,0,0
08127,05113,98,18,80
08127,05114,218,0,218
08127,05116,0,0,0
08127,05117,0,0,0
08127,05119,0,0,0
08127,05120,0,0,0
08127,05122,0,0,0
08127,05124,10,0,10
08127,05154,0,0,0
08127,05158,26,12,14
08127,05162,12,12,0
08127,05166,10,0,10
08127,05170,0,0,0
08127,05314,17,0,17
08127,05315,82,37,45
08127,05316,0,0,0
08127,05334,0,0,0
08127,05358,0,0,0
08127,05362,38,28,10
08127,05366,0,0,0
08127,05370,10,10,0
08127,05374,11,0,11
08127,05378,0,0,0
08127,05382,21,21,0
08127,05512,0,0,0
08127,05513,21,21,0
08127,05515,0,0,0
08127,05554,0,0,0
08127,05558,12,12,0
08127,05562,18,18,0
08127,05566,0,0,0
08127,05570,79,79,0
08127,05711,0,0,0
08127,05754,138,117,21
08127,05758,15,15,0
08127,05762,0,0,0
08127,05766,0,0,0
08127,05770,0,0,0
08127,05774,0,0,0
08127,05911,11,11,0
08127,05913,14,14,0
08127,05914,0,0,0
08127,05915,0,0,0
08127,05916,111,111,0
08127,05954,0,0,0
08127,05958,11,11,0
08127,05962,0,0,0
08127,05966,0,0,0
08127,05970,10,10,0
08127,05974,0,0,0
08127,05978,0,0,0
08127,06411,42,22,20
08127,06412,126,32,94
08127,06413,19,0,19
08127,06414,14,0,14
08127,06431,33,21,12
08127,06432,61,61,0
08127,06433,14,14,0
08127,06434,44,16,28
08127,06435,16,16,0
08127,06436,15,0,15
08127,06437,0,0,0
08127,06438,55,29,26
08127,06439,0,0,0
08127,06440,30,19,11
08127,06531,0,0,0
08127,06532,10,0,10
08127,06533,13,13,0
08127,06534,12,12,0
08127,06535,0,0,0
08127,06611,0,0,0
08127,06631,17,17,0
08127,06632,0,0,0
08127,06633,0,0,0
08127,06634,0,0,0
08127,06635,0,0,0
08127,06636,0,0,0
08127,07111,0,0,0
08127,07131,0,0,0
08127,07132,0,0,0
08127,07133,0,0,0
08127,07134,0,0,0
08127,07135,0,0,0
08127,07137,0,0,0
08127,07138,0,0,0
08127,07140,0,0,0
08127,07141,0,0,0
08127,07143,0,0,0
08127,07211,0,0,0
08127,07231,0,0,0
08127,07232,0,0,0
08127,07233,0,0,0
08127,07235,0,0,0
08127,07311,0,0,0
08127,07312,0,0,0
08127,07313,0,0,0
08127,07314,28,11,17
08127,07315,11,11,0
08127,07316,0,0,0
08127,07317,0,0,0
08127,07318,0,0,0
08127,07319,0,0,0
08127,07320,0,0,0
08127,07331,0,0,0
08127,07332,0,0,0
08127,07333,0,0,0
08127,07334,0,0,0
08127,07335,0,0,0
08127,07336,0,0,0
08127,07337,0,0,0
08127,07338,0,0,0
08127,07339,10,10,0
08127,07340,0,0,0
08127,08111,1348,201,1147
08127,08115,223,93,130
08127,08116,348,128,220
08127,08117,165,76,89
08127,08118,634,285,349
08127,08119,3198,1563,1635
08127,08121,654,166,488
08127,08125,1725,811,914
08127,08126,8368,2777,5591
08127,08127,0,0,0
08127,08128,1640,966,674
08127,08135,254,109,145
08127,08136,5477,2918,2559
08127,08211,0,0,0
08127,08212,142,40,102
08127,08215,96,65,31
08127,08216,39,25,14
08127,08221,42,20,22
08127,08222,93,42,51
08127,08225,195,151,44
08127,08226,263,122,141
08127,08231,63,51,12
08127,08235,41,31,10
08127,08236,67,29,38
08127,08237,0,0,0
08127,08311,25,0,25
08127,08315,13,13,0
08127,08316,13,13,0
08127,08317,42,17,25
08127,08325,10,0,10
08127,08326,35,23,12
08127,08327,0,0,0
08127,08335,35,19,16
08127,08336,14,14,0
08127,08337,0,0,0
08127,08415,100,29,71
08127,08416,84,40,44
08127,08417,11,11,0
08127,08421,104,25,79
08127,08425,66,40,26
08127,08426,44,26,18
08127,08435,38,15,23
08127,08436,60,25,35
08127,08437,32,13,19
08127,09161,13,0,13
08127,09162,268,81,187
08127,09163,0,0,0
08127,09171,0,0,0
08127,09172,0,0,0
08127,09173,0,0,0
08127,09174,17,17,0
08127,09175,0,0,0
08127,09176,0,0,0
08127,09177,0,0,0
08127,09178,13,0,13
08127,09179,12,12,0
08127,09180,0,0,0
08127,09181,0,0,0
08127,09182,0,0,0
08127,09183,0,0,0
08127,09184,88,19,69
08127,09185,0,0,0
08127,09186,12,0,12
08127,09187,0,0,0
08127,09188,14,0,14
08127,09189,0,0,0
08127,09190,0,0,0
08127,09261,0,0,0
08127,09262,0,0,0
08127,09263,43,0,43
08127,09271,22,11,11
08127,09272,0,0,0
08127,09273,0,0,0
08127,09274,0,0,0
08127,09275,69,0,69
08127,09276,0,0,0
08127,09277,0,0,0
08127,09278,0,0,0
08127,09279,0,0,0
08127,09361,0,0,0
08127,09362,20,0,20
08127,09363,0,0,0
08127,09371,0,0,0
08127,09372,0,0,0
08127,09373,53,0,53
08127,09374,0,0,0
08127,09375,11,11,0
08127,09376,0,0,0
08127,09377,0,0,0
08127,09461,0,0,0
08127,09462,0,0,0
08127,09463,0,0,0
08127,09464,0,0,0
08127,09471,13,13,0
08127,09472,0,0,0
08127,09473,0,0,0
08127,09474,0,0,0
08127,09475,15,0,15
08127,09476,0,0,0
08127,09477,0,0,0
08127,09478,0,0,0
08127,09479,0,0,0
08127,09561,249,104,145
08127,09562,29,10,19
08127,09563,28,12,16
08127,09564,203,78,125
08127,09565,0,0,0
08127,09571,5051,3066,1985
08127,09572,13,0,13
08127,09573,0,0,0
08127,09574,33,15,18
08127,09575,126,74,52
08127,09576,29,16,13
08127,09577,42,25,17
08127,09661,0,0,0
08127,09662,0,0,0
08127,09663,113,42,71
08127,09671,17,17,0
08127,09672,0,0,0
08127,09673,0,0,0
08127,09674,0,0,0
08127,09675,41,28,13
08127,09676,25,25,0
08127,09677,24,24,0
08127,09678,0,0,0
08127,09679,126,97,29
08127,09761,34,16,18
08127,09762,0,0,0
08127,09763,0,0,0
08127,09764,0,0,0
08127,09771,15,0,15
08127,09772,21,0,21
08127,09773,29,18,11
08127,09774,22,12,10
08127,09775,54,24,30
08127,09776,0,0,0
08127,09777,13,0,13
08127,09778,12,0,12
08127,09779,157,64,93
08127,09780,21,0,21
08127,10041,86,13,73
08127,10042,0,0,0
08127,10043,22,10,12
08127,10044,0,0,0
08127,10045,0,0,0
08127,10046,0,0,0
08127,11000,149,73,76
08127,12051,0,0,0
08127,12052,0,0,0
08127,12053,0,0,0
08127,12054,0,0,0
08127,12060,25,0,25
08127,12061,0,0,0
08127,12062,0,0,0
08127,12063,0,0,0
08127,12064,0,0,0
08127,12065,0,0,0
08127,12066,0,0,0
08127,12067,0,0,0
08127,12068,0,0,0
08127,12069,0,0,0
08127,12070,0,0,0
08127,12071,10,10,0
08127,12072,0,0,0
08127,12073,0,0,0
08127,13003,0,0,0
08127,13004,0,0,0
08127,13071,0,0,0
08127,13072,0,0,0
08127,13073,0,0,0
08127,13074,0,0,0
08127,13075,0,0,0
08127,13076,0,0,0
08127,14511,0,0,0
08127,14521,37,37,0
08127,14522,26,26,0
08127,14523,24,24,0
08127,14524,33,33,0
08127,14612,41,30,11
08127,14625,13,13,0
08127,14626,16,16,0
08127,14627,78,18,60
08127,14628,14,14,0
08127,14713,36,25,11
08127,14729,17,17,0
08127,14730,13,13,0
08127,15001,0,0,0
08127,15002,0,0,0
08127,15003,10,10,0
08127,15081,0,0,0
08127,15082,11,11,0
08127,15083,0,0,0
08127,15084,23,23,0
08127,15085,0,0,0
08127,15086,0,0,0
08127,15087,19,19,0
08127,15088,0,0,0
08127,15089,11,11,0
08127,15090,0,0,0
08127,15091,0,0,0
08127,16051,0,0,0
08127,16052,20,20,0
08127,16053,0,0,0
08127,16054,0,0,0
08127,16055,0,0,0
08127,16056,0,0,0
08127,16061,0,0,0
08127,16062,0,0,0
08127,16063,0,0,0
08127,16064,19,19,0
08127,16065,0,0,0
08127,16066,0,0,0
08127,16067,0,0,0
08127,16068,0,0,0
08127,16069,0,0,0
08127,16070,0,0,0
08127,16071,0,0,0
08127,16072,0,0,0
08127,16073,0,0,0
08127,16074,18,18,0
08127,16075,0,0,0
08127,16076,26,13,13
08127,16077,0,0,0
08128,01001,0,0,0
08128,01002,0,0,0
08128,01003,0,0,0
08128,01004,0,0,0
08128,01051,0,0,0
08128,01053,0,0,0
08128,01054,0,0,0
08128,01055,0,0,0
08128,01056,0,0,0
08128,01057,0,0,0
08128,01058,0,0,0
08128,01059,0,0,0
08128,01060,13,13,0
08128,01061,0,0,0
08128,01062,0,0,0
08128,02000,103,41,62
08128,03101,14,14,0
08128,03102,0,0,0
08128,03103,0,0,0
08128,03151,0,0,0
08128,03153,0,0,0
08128,03154,0,0,0
08128,03155,0,0,0
08128,03157,10,10,0
08128,03158,0,0,0
08128,03159,11,11,0
08128,03241,65,32,33
08128,03251,0,0,0
08128,03252,0,0,0
08128,03254,16,16,0
08128,03255,0,0,0
08128,03256,0,0,0
08128,03257,0,0,0
08128,03351,0,0,0
08128,03352,0,0,0
08128,03353,11,11,0
08128,03354,0,0,0
08128,03355,0,0,0
08128,03356,0,0,0
08128,03357,0,0,0
08128,03358,0,0,0
08128,03359,0,0,0
08128,03360,0,0,0
08128,03361,0,0,0
08128,03401,0,0,0
08128,03402,0,0,0
08128,03403,0,0,0
08128,03404,14,0,14
08128,03405,0,0,0
08128,03451,0,0,0
08128,03452,0,0,0
08128,03453,0,0,0
08128,03454,0,0,0
08128,03455,0,0,0
08128,03456,0,0,0
08128,03457,0,0,0
08128,03458,0,0,0
08128,03459,0,0,0
08128,03460,0,0,0
08128,03461,0,0,0
08128,03462,0,0,0
08128,04011,21,21,0
08128,04012,0,0,0
08128,05111,57,18,39
08128,05112,0,0,0
08128,05113,10,0,10
08128,05114,0,0,0
08128,05116,74,0,74
08128,05117,0,0,0
08128,05119,0,0,0
08128,05120,0,0,0
08128,05122,0,0,0
08128,05124,0,0,0
08128,05154,0,0,0
08128,05158,35,24,11
08128,05162,30,17,13
08128,05166,0,0,0
08128,05170,17,17,0
08128,05314,29,10,19
08128,05315,64,36,28
08128,05316,0,0,0
08128,05334,30,15,15
08128,05358,47,14,33
08128,05362,27,11,16
08128,05366,0,0,0
08128,05370,0,0,0
08128,05374,14,0,14
08128,05378,10,10,0
08128,05382,23,13,10
08128,05512,0,0,0
08128,05513,0,0,0
08128,05515,13,13,0
08128,05554,0,0,0
08128,05558,0,0,0
08128,05562,11,11,0
08128,05566,0,0,0
08128,05570,0,0,0
08128,05711,0,0,0
08128,05754,25,12,13
08128,05758,12,12,0
08128,05762,0,0,0
08128,05766,11,11,0
08128,05770,0,0,0
08128,05774,0,0,0
08128,05911,0,0,0
08128,05913,15,15,0
08128,05914,0,0,0
08128,05915,0,0,0
08128,05916,0,0,0
08128,05954,0,0,0
08128,05958,0,0,0
08128,05962,0,0,0
08128,05966,0,0,0
08128,05970,18,18,0
08128,05974,0,0,0
08128,05978,0,0,0
08128,06411,35,16,19
08128,06412,192,44,148
08128,06413,0,0,0
08128,06414,52,27,25
08128,06431,37,16,21
08128,06432,46,17,29
08128,06433,28,10,18
08128,06434,45,15,30
08128,06435,56,35,21
08128,06436,45,17,28
08128,06437,78,15,63
08128,06438,89,32,57
08128,06439,0,0,0
08128,06440,17,0,17
08128,06531,28,17,11
08128,06532,0,0,0
08128,06533,0,0,0
08128,06534,10,10,0
08128,06535,0,0,0
08128,06611,0,0,0
08128,06631,45,29,16
08128,06632,0,0,0
08128,06633,0,0,0
08128,06634,0,0,0
08128,06635,0,0,0
08128,06636,0,0,0
08128,07111,55,0,55
08128,07131,0,0,0
08128,07132,0,0,0
08128,07133,0,0,0
08128,07134,0,0,0
08128,07135,0,0,0
08128,07137,13,13,0
08128,07138,0,0,0
08128,07140,0,0,0
08128,07141,0,0,0
08128,07143,0,0,0
08128,07211,0,0,0
08128,07231,0,0,0
08128,07232,0,0,0
08128,07233,0,0,0
08128,07235,0,0,0
08128,07311,0,0,0
08128,07312,0,0,0
08128,07313,0,0,0
08128,07314,21,10,11
08128,07315,30,30,0
08128,07316,0,0,0
08128,07317,0,0,0
08128,07318,0,0,0
08128,07319,0,0,0
08128,07320,0,0,0
08128,07331,0,0,0
08128,07332,0,0,0
08128,07333,0,0,0
08128,07334,0,0,0
08128,07335,0,0,0
08128,07336,0,0,0
08128,07337,0,0,0
08128,07338,0,0,0
08128,07339,21,21,0
08128,07340,0,0,0
08128,08111,485,93,392
08128,08115,96,18,78
08128,08116,147,61,86
08128,08117,17,0,17
08128,08118,230,74,156
08128,08119,261,103,158
08128,08121,282,73,209
08128,08125,623,252,371
08128,08126,4084,1191,2893
08128,08127,1640,674,966
08128,08128,0,0,0
08128,08135,10,10,0
08128,08136,93,41,52
08128,08211,0,0,0
08128,08212,75,21,54
08128,08215,67,37,30
08128,08216,0,0,0
08128,08221,47,15,32
08128,08222,87,25,62
08128,08225,3679,2192,1487
08128,08226,113,45,68
08128,08231,11,11,0
08128,08235,62,49,13
08128,08236,26,13,13
08128,08237,0,0,0
08128,08311,86,10,76
08128,08315,14,14,0
08128,08316,27,12,15
08128,08317,36,18,18
08128,08325,0,0,0
08128,08326,23,10,13
08128,08327,0,0,0
08128,08335,11,11,0
08128,08336,0,0,0
08128,08337,0,0,0
08128,08415,31,15,16
08128,08416,34,12,22
08128,08417,0,0,0
08128,08421,13,0,13
08128,08425,0,0,0
08128,08426,10,0,10
08128,08435,11,11,0
08128,08436,11,11,0
08128,08437,0,0,0
08128,09161,58,37,21
08128,09162,316,77,239
08128,09163,0,0,0
08128,09171,0,0,0
08128,09172,0,0,0
08128,09173,0,0,0
08128,09174,10,10,0
08128,09175,12,12,0
08128,09176,14,14,0
08128,09177,0,0,0
08128,09178,0,0,0
08128,09179,0,0,0
08128,09180,0,0,0
08128,09181,10,10,0
08128,09182,0,0,0
08128,09183,0,0,0
08128,09184,171,12,159
08128,09185,0,0,0
08128,09186,11,11,0
08128,09187,0,0,0
08128,09188,19,0,19
08128,09189,13,0,13
08128,09190,0,0,0
08128,09261,0,0,0
08128,09262,0,0,0
08128,09263,0,0,0
08128,09271,0,0,0
08128,09272,0,0,0
08128,09273,0,0,0
08128,09274,0,0,0
08128,09275,18,18,0
08128,09276,0,0,0
08128,09277,0,0,0
08128,09278,0,0,0
08128,09279,0,0,0
08128,09361,0,0,0
08128,09362,14,0,14
08128,09363,0,0,0
08128,09371,0,0,0
08128,09372,0,0,0
08128,09373,0,0,0
08128,09374,0,0,0
08128,09375,16,16,0
08128,09376,283,283,0
08128,09377,0,0,0
08128,09461,14,0,14
08128,09462,0,0,0
08128,09463,0,0,0
08128,09464,0,0,0
08128,09471,28,28,0
08128,09472,0,0,0
08128,09473,0,0,0
08128,09474,0,0,0
08128,09475,0,0,0
08128,09476,0,0,0
08128,09477,0,0,0
08128,09478,0,0,0
08128,09479,0,0,0
08128,09561,18,0,18
08128,09562,35,10,25
08128,09563,0,0,0
08128,09564,148,34,114
08128,09565,0,0,0
08128,09571,635,289,346
08128,09572,12,12,0
08128,09573,0,0,0
08128,09574,17,0,17
08128,09575,359,171,188
08128,09576,0,0,0
08128,09577,20,20,0
08128,09661,146,54,92
08128,09662,76,25,51
08128,09663,3051,1072,1979
08128,09671,234,146,88
08128,09672,60,30,30
08128,09673,21,11,10
08128,09674,35,25,10
08128,09675,349,199,150
08128,09676,2906,1986,920
08128,09677,4416,2524,1892
08128,09678,75,55,20
08128,09679,4850,3144,1706
08128,09761,0,0,0
08128,09762,0,0,0
08128,09763,0,0,0
08128,09764,0,0,0
08128,09771,0,0,0
08128,09772,31,18,13
08128,09773,52,0,52
08128,09774,0,0,0
08128,09775,32,15,17
08128,09776,0,0,0
08128,09777,0,0,0
08128,09778,0,0,0
08128,09779,12,12,0
08128,09780,0,0,0
08128,10041,21,10,11
08128,10042,0,0,0
08128,10043,46,0,46
08128,10044,0,0,0
08128,10045,0,0,0
08128,10046,0,0,0
08128,11000,164,83,81
08128,12051,0,0,0
08128,12052,0,0,0
08128,12053,0,0,0
08128,12054,0,0,0
08128,12060,0,0,0
08128,12061,0,0,0
08128,12062,0,0,0
08128,12063,0,0,0
08128,12064,0,0,0
08128,12065,12,12,0
08128,12066,0,0,0
08128,12067,0,0,0
08128,12068,0,0,0
08128,12069,10,10,0
08128,12070,0,0,0
08128,12071,0,0,0
08128,12072,0,0,0
08128,12073,0,0,0
08128,13003,0,0,0
08128,13004,0,0,0
08128,13071,0,0,0
08128,13072,0,0,0
08128,13073,0,0,0
08128,13074,0,0,0
08128,13075,0,0,0
08128,13076,0,0,0
08128,14511,0,0,0
08128,14521,0,0,0
08128,14522,10,10,0
08128,14523,19,19,0
08128,14524,0,0,0
08128,14612,27,14,13
08128,14625,0,0,0
08128,14626,0,0,0
08128,14627,0,0,0
08128,14628,0,0,0
08128,14713,15,15,0
08128,14729,0,0,0
08128,14730,0,0,0
08128,15001,0,0,0
08128,15002,0,0,0
08128,15003,0,0,0
08128,15081,0,0,0
08128,15082,0,0,0
08128,15083,0,0,0
08128,15084,0,0,0
08128,15085,0,0,0
08128,15086,0,0,0
08128,15087,0,0,0
08128,15088,0,0,0
08128,15089,0,0,0
08128,15090,0,0,0
08128,15091,0,0,0
08128,16051,21,10,11
08128,16052,0,0,0
08128,16053,0,0,0
08128,16054,0,0,0
08128,16055,0,0,0
08128,16056,0,0,0
08128,16061,0,0,0
08128,16062,0,0,0
08128,16063,0,0,0
08128,16064,0,0,0
08128,16065,23,0,23
08128,16066,15,15,0
08128,16067,0,0,0
08128,16068,0,0,0
08128,16069,0,0,0
08128,16070,0,0,0
08128,16071,0,0,0
08128,16072,0,0,0
08128,16073,0,0,0
08128,16074,0,0,0
08128,16075,0,0,0
08128,16076,0,0,0
08128,16077,0,0,0
08135,01001,0,0,0
08135,01002,0,0,0
08135,01003,0,0,0
08135,01004,0,0,0
08135,01051,0,0,0
08135,01053,0,0,0
08135,01054,0,0,0
08135,01055,0,0,0
08135,01056,0,0,0
08135,01057,0,0,0
08135,01058,0,0,0
08135,01059,0,0,0
08135,01060,0,0,0
08135,01061,0,0,0
08135,01062,0,0,0
08135,02000,62,19,43
08135,03101,0,0,0
08135,03102,0,0,0
08135,03103,0,0,0
08135,03151,0,0,0
08135,03153,0,0,0
08135,03154,0,0,0
08135,03155,0,0,0
08135,03157,0,0,0
08135,03158,0,0,0
08135,03159,0,0,0
08135,03241,34,21,13
08135,03251,0,0,0
08135,03252,0,0,0
08135,03254,0,0,0
08135,03255,0,0,0
08135,03256,0,0,0
08135,03257,0,0,0
08135,03351,0,0,0
08135,03352,0,0,0
08135,03353,0,0,0
08135,03354,0,0,0
08135,03355,0,0,0
08135,03356,0,0,0
08135,03357,0,0,0
08135,03358,0,0,0
08135,03359,0,0,0
08135,03360,0,0,0
08135,03361,0,0,0
08135,03401,0,0,0
08135,03402,0,0,0
08135,03403,0,0,0
08135,03404,0,0,0
08135,03405,0,0,0
08135,03451,0,0,0
08135,03452,0,0,0
08135,03453,0,0,0
08135,03454,0,0,0
08135,03455,0,0,0
08135,03456,0,0,0
08135,03457,0,0,0
08135,03458,0,0,0
08135,03459,0,0,0
08135,03460,0,0,0
08135,03461,0,0,0
08135,03462,0,0,0
08135,04011,10,10,0
08135,04012,0,0,0
08135,05111,43,15,28
08135,05112,0,0,0
08135,05113,0,0,0
08135,05114,0,0,0
08135,05116,11,11,0
08135,05117,0,0,0
08135,05119,0,0,0
08135,05120,0,0,0
08135,05122,0,0,0
08135,05124,0,0,0
08135,05154,0,0,0
08135,05158,0,0,0
08135,05162,51,18,33
08135,05166,13,0,13
08135,05170,0,0,0
08135,05314,0,0,0
08135,05315,62,19,43
08135,05316,0,0,0
08135,05334,36,25,11
08135,05358,161,161,0
08135,05362,13,13,0
08135,05366,0,0,0
08135,05370,12,12,0
08135,05374,53,0,53
08135,05378,0,0,0
08135,05382,0,0,0
08135,05512,0,0,0
08135,05513,0,0,0
08135,05515,0,0,0
08135,05554,0,0,0
08135,05558,0,0,0
08135,05562,13,13,0
08135,05566,0,0,0
08135,05570,0,0,0
08135,05711,0,0,0
08135,05754,12,0,12
08135,05758,0,0,0
08135,05762,0,0,0
08135,05766,0,0,0
08135,05770,0,0,0
08135,05774,0,0,0
08135,05911,0,0,0
08135,05913,0,0,0
08135,05914,0,0,0
08135,05915,0,0,0
08135,05916,0,0,0
08135,05954,0,0,0
08135,05958,0,0,0
08135,05962,0,0,0
08135,05966,0,0,0
08135,05970,0,0,0
08135,05974,0,0,0
08135,05978,18,18,0
08135,06411,0,0,0
08135,06412,68,14,54
08135,06413,0,0,0
08135,06414,17,0,17
08135,06431,0,0,0
08135,06432,0,0,0
08135,06433,10,10,0
08135,06434,16,0,16
08135,06435,13,0,13
08135,06436,20,0,20
08135,06437,0,0,0
08135,06438,23,10,13
08135,06439,0,0,0
08135,06440,11,0,11
08135,06531,0,0,0
08135,06532,0,0,0
08135,06533,0,0,0
08135,06534,0,0,0
08135,06535,0,0,0
08135,06611,0,0,0
08135,06631,11,0,11
08135,06632,0,0,0
08135,06633,0,0,0
08135,06634,0,0,0
08135,06635,0,0,0
08135,06636,0,0,0
08135,07111,0,0,0
08135,07131,0,0,0
08135,07132,0,0,0
08135,07133,0,0,0
08135,07134,0,0,0
08135,07135,0,0,0
08135,07137,0,0,0
08135,07138,11,11,0
08135,07140,0,0,0
08135,07141,0,0,0
08135,07143,0,0,0
08135,07211,0,0,0
08135,07231,0,0,0
08135,07232,0,0,0
08135,07233,0,0,0
08135,07235,0,0,0
08135,07311,0,0,0
08135,07312,0,0,0
08135,07313,0,0,0
08135,07314,0,0,0
08135,07315,0,0,0
08135,07316,0,0,0
08135,07317,0,0,0
08135,07318,0,0,0
08135,07319,11,11,0
08135,07320,0,0,0
08135,07331,0,0,0
08135,07332,0,0,0
08135,07333,0,0,0
08135,07334,0,0,0
08135,07335,0,0,0
08135,07336,0,0,0
08135,07337,0,0,0
08135,07338,0,0,0
08135,07339,13,0,13
08135,07340,0,0,0
08135,08111,726,72,654
08135,08115,128,53,75
08135,08116,325,116,209
08135,08117,2116,1225,891
08135,08118,177,86,91
08135,08119,200,63,137
08135,08121,20,0,20
08135,08125,108,49,59
08135,08126,46,15,31
08135,08127,254,145,109
08135,08128,10,0,10
08135,08135,0,0,0
08135,08136,9137,3681,5456
08135,08211,0,0,0
08135,08212,47,16,31
08135,08215,39,26,13
08135,08216,0,0,0
08135,08221,17,0,17
08135,08222,38,13,25
08135,08225,0,0,0
08135,08226,55,15,40
08135,08231,0,0,0
08135,08235,13,13,0
08135,08236,63,22,41
08135,08237,0,0,0
08135,08311,0,0,0
08135,08315,14,14,0
08135,08316,0,0,0
08135,08317,36,26,10
08135,08325,0,0,0
08135,08326,27,14,13
08135,08327,12,0,12
08135,08335,29,13,16
08135,08336,0,0,0
08135,08337,0,0,0
08135,08415,119,88,31
08135,08416,51,20,31
08135,08417,23,10,13
08135,08421,2664,659,2005
08135,08425,2858,1369,1489
08135,08426,203,84,119
08135,08435,55,34,21
08135,08436,184,144,40
08135,08437,30,12,18
08135,09161,18,0,18
08135,09162,261,74,187
08135,09163,0,0,0
08135,09171,0,0,0
08135,09172,0,0,0
08135,09173,0,0,0
08135,09174,0,0,0
08135,09175,0,0,0
08135,09176,0,0,0
08135,09177,0,0,0
08135,09178,45,12,33
08135,09179,27,13,14
08135,09180,0,0,0
08135,09181,0,0,0
08135,09182,0,0,0
08135,09183,0,0,0
08135,09184,91,14,77
08135,09185,0,0,0
08135,09186,18,0,18
08135,09187,11,0,11
08135,09188,0,0,0
08135,09189,22,22,0
08135,09190,0,0,0
08135,09261,0,0,0
08135,09262,0,0,0
08135,09263,0,0,0
08135,09271,0,0,0
08135,09272,0,0,0
08135,09273,0,0,0
08135,09274,0,0,0
08135,09275,0,0,0
08135,09276,0,0,0
08135,09277,0,0,0
08135,09278,0,0,0
08135,09279,0,0,0
08135,09361,0,0,0
08135,09362,19,0,19
08135,09363,0,0,0
08135,09371,0,0,0
08135,09372,0,0,0
08135,09373,0,0,0
08135,09374,0,0,0
08135,09375,0,0,0
08135,09376,0,0,0
08135,09377,0,0,0
08135,09461,0,0,0
08135,09462,0,0,0
08135,09463,0,0,0
08135,09464,0,0,0
08135,09471,0,0,0
08135,09472,0,0,0
08135,09473,0,0,0
08135,09474,22,22,0
08135,09475,11,0,11
08135,09476,0,0,0
08135,09477,0,0,0
08135,09478,0,0,0
08135,09479,0,0,0
08135,09561,10,0,10
08135,09562,0,0,0
08135,09563,0,0,0
08135,09564,58,19,39
08135,09565,0,0,0
08135,09571,73,47,26
08135,09572,15,15,0
08135,09573,0,0,0
08135,09574,0,0,0
08135,09575,0,0,0
08135,09576,0,0,0
08135,09577,13,13,0
08135,09661,0,0,0
08135,09662,0,0,0
08135,09663,18,0,18
08135,09671,0,0,0
08135,09672,0,0,0
08135,09673,0,0,0
08135,09674,0,0,0
08135,09675,0,0,0
08135,09676,0,0,0
08135,09677,11,0,11
08135,09678,18,0,18
08135,09679,0,0,0
08135,09761,204,51,153
08135,09762,0,0,0
08135,09763,21,11,10
08135,09764,40,22,18
08135,09771,14,14,0
08135,09772,109,58,51
08135,09773,4787,3373,1414
08135,09774,1421,466,955
08135,09775,1650,658,992
08135,09776,24,14,10
08135,09777,35,21,14
08135,09778,71,58,13
08135,09779,496,328,168
08135,09780,38,16,22
08135,10041,22,12,10
08135,10042,0,0,0
08135,10043,0,0,0
08135,10044,0,0,0
08135,10045,0,0,0
08135,10046,0,0,0
08135,11000,131,42,89
08135,12051,0,0,0
08135,12052,0,0,0
08135,12053,0,0,0
08135,12054,0,0,0
08135,12060,0,0,0
08135,12061,0,0,0
08135,12062,0,0,0
08135,12063,0,0,0
08135,12064,0,0,0
08135,12065,0,0,0
08135,12066,0,0,0
08135,12067,0,0,0
08135,12068,0,0,0
08135,12069,0,0,0
08135,12070,0,0,0
08135,12071,0,0,0
08135,12072,0,0,0
08135,12073,0,0,0
08135,13003,0,0,0
08135,13004,0,0,0
08135,13071,0,0,0
08135,13072,0,0,0
08135,13073,0,0,0
08135,13074,0,0,0
08135,13075,0,0,0
08135,13076,0,0,0
08135,14511,0,0,0
08135,14521,0,0,0
08135,14522,10,10,0
08135,14523,0,0,0
08135,14524,15,15,0
08135,14612,16,16,0
08135,14625,0,0,0
08135,14626,0,0,0
08135,14627,10,10,0
08135,14628,0,0,0
08135,14713,12,12,0
08135,14729,0,0,0
08135,14730,10,10,0
08135,15001,0,0,0
08135,15002,0,0,0
08135,15003,0,0,0
08135,15081,0,0,0
08135,15082,0,0,0
08135,15083,0,0,0
08135,15084,0,0,0
08135,15085,0,0,0
08135,15086,0,0,0
08135,15087,0,0,0
08135,15088,0,0,0
08135,15089,0,0,0
08135,15090,0,0,0
08135,15091,0,0,0
08135,16051,0,0,0
08135,16052,0,0,0
08135,16053,0,0,0
08135,16054,0,0,0
08135,16055,0,0,0
08135,16056,0,0,0
08135,16061,0,0,0
08135,16062,0,0,0
08135,16063,0,0,0
08135,16064,0,0,0
08135,16065,0,0,0
08135,16066,0,0,0
08135,16067,0,0,0
08135,16068,0,0,0
08135,16069,0,0,0
08135,16070,0,0,0
08135,16071,0,0,0
08135,16072,0,0,0
08135,16073,0,0,0
08135,16074,0,0,0
08135,16075,0,0,0
08135,16076,0,0,0
08135,16077,0,0,0
08136,01001,0,0,0
08136,01002,0,0,0
08136,01003,10,0,10
08136,01004,0,0,0
08136,01051,0,0,0
08136,01053,45,45,0
08136,01054,0,0,0
08136,01055,0,0,0
08136,01056,10,10,0
08136,01057,0,0,0
08136,01058,0,0,0
08136,01059,0,0,0
08136,01060,0,0,0
08136,01061,0,0,0
08136,01062,16,16,0
08136,02000,255,73,182
08136,03101,17,17,0
08136,03102,0,0,0
08136,03103,17,0,17
08136,03151,0,0,0
08136,03153,0,0,0
08136,03154,0,0,0
08136,03155,0,0,0
08136,03157,0,0,0
08136,03158,0,0,0
08136,03159,39,24,15
08136,03241,114,74,40
08136,03251,12,12,0
08136,03252,0,0,0
08136,03254,11,11,0
08136,03255,0,0,0
08136,03256,0,0,0
08136,03257,0,0,0
08136,03351,16,16,0
08136,03352,0,0,0
08136,03353,10,10,0
08136,03354,0,0,0
08136,03355,0,0,0
08136,03356,0,0,0
08136,03357,0,0,0
08136,03358,0,0,0
08136,03359,0,0,0
08136,03360,0,0,0
08136,03361,0,0,0
08136,03401,0,0,0
08136,03402,0,0,0
08136,03403,0,0,0
08136,03404,0,0,0
08136,03405,0,0,0
08136,03451,0,0,0
08136,03452,0,0,0
08136,03453,0,0,0
08136,03454,16,16,0
08136,03455,0,0,0
08136,03456,0,0,0
08136,03457,10,10,0
08136,03458,0,0,0
08136,03459,12,12,0
08136,03460,0,0,0
08136,03461,0,0,0
08136,03462,0,0,0
08136,04011,27,15,12
08136,04012,0,0,0
08136,05111,115,20,95
08136,05112,25,11,14
08136,05113,25,14,11
08136,05114,0,0,0
08136,05116,22,0,22
08136,05117,0,0,0
08136,05119,0,0,0
08136,05120,0,0,0
08136,05122,0,0,0
08136,05124,64,12,52
08136,05154,0,0,0
08136,05158,58,23,35
08136,05162,35,0,35
08136,05166,10,10,0
08136,05170,14,14,0
08136,05314,30,13,17
08136,05315,108,36,72
08136,05316,0,0,0
08136,05334,44,21,23
08136,05358,0,0,0
08136,05362,34,14,20
08136,05366,0,0,0
08136,05370,0,0,0
08136,05374,64,0,64
08136,05378,11,11,0
08136,05382,21,21,0
08136,05512,0,0,0
08136,05513,0,0,0
08136,05515,23,12,11
08136,05554,0,0,0
08136,05558,10,0,10
08136,05562,47,34,13
08136,05566,25,10,15
08136,05570,0,0,0
08136,05711,31,16,15
08136,05754,42,12,30
08136,05758,11,11,0
08136,05762,0,0,0
08136,05766,15,15,0
08136,05770,0,0,0
08136,05774,0,0,0
08136,05911,27,17,10
08136,05913,49,28,21
08136,05914,0,0,0
08136,05915,0,0,0
08136,05916,0,0,0
08136,05954,14,14,0
08136,05958,0,0,0
08136,05962,34,14,20
08136,05966,0,0,0
08136,05970,0,0,0
08136,05974,10,10,0
08136,05978,22,22,0
08136,06411,10,0,10
08136,06412,203,41,162
08136,06413,0,0,0
08136,06414,56,13,43
08136,06431,51,38,13
08136,06432,27,15,12
08136,06433,29,10,19
08136,06434,65,32,33
08136,06435,33,19,14
08136,06436,46,19,27
08136,06437,0,0,0
08136,06438,63,19,44
08136,06439,14,14,0
08136,06440,18,18,0
08136,06531,37,22,15
08136,06532,61,44,17
08136,06533,0,0,0
08136,06534,12,12,0
08136,06535,23,23,0
08136,06611,0,0,0
08136,06631,25,12,13
08136,06632,0,0,0
08136,06633,18,18,0
08136,06634,10,0,10
08136,06635,0,0,0
08136,06636,0,0,0
08136,07111,0,0,0
08136,07131,15,0,15
08136,07132,0,0,0
08136,07133,0,0,0
08136,07134,0,0,0
08136,07135,0,0,0
08136,07137,0,0,0
08136,07138,10,0,10
08136,07140,0,0,0
08136,07141,0,0,0
08136,07143,0,0,0
08136,07211,0,0,0
08136,07231,0,0,0
08136,07232,0,0,0
08136,07233,0,0,0
08136,07235,13,0,13
08136,07311,0,0,0
08136,07312,0,0,0
08136,07313,0,0,0
08136,07314,28,13,15
08136,07315,0,0,0
08136,07316,0,0,0
08136,07317,0,0,0
08136,07318,0,0,0
08136,07319,0,0,0
08136,07320,0,0,0
08136,07331,11,11,0
08136,07332,0,0,0
08136,07333,0,0,0
08136,07334,10,10,0
08136,07335,10,10,0
08136,07336,0,0,0
08136,07337,11,11,0
08136,07338,12,12,0
08136,07339,11,11,0
08136,07340,0,0,0
08136,08111,4466,831,3635
08136,08115,518,199,319
08136,08116,1605,610,995
08136,08117,4320,2256,2064
08136,08118,955,426,529
08136,08119,10036,3816,6220
08136,08121,133,50,83
08136,08125,301,122,179
08136,08126,247,80,167
08136,08127,5477,2559,2918
08136,08128,93,52,41
08136,08135,9137,5456,3681
08136,08136,0,0,0
08136,08211,0,0,0
08136,08212,241,68,173
08136,08215,116,76,40
08136,08216,56,30,26
08136,08221,51,23,28
08136,08222,105,51,54
08136,08225,61,44,17
08136,08226,164,108,56
08136,08231,79,62,17
08136,08235,73,52,21
08136,08236,104,73,31
08136,08237,99,39,60
08136,08311,59,31,28
08136,08315,58,40,18
08136,08316,30,20,10
08136,08317,119,81,38
08136,08325,108,83,25
08136,08326,72,26,46
08136,08327,76,56,20
08136,08335,70,35,35
08136,08336,29,14,15
08136,08337,28,14,14
08136,08415,211,122,89
08136,08416,243,93,150
08136,08417,102,76,26
08136,08421,879,321,558
08136,08425,505,382,123
08136,08426,194,123,71
08136,08435,134,68,66
08136,08436,178,126,52
08136,08437,81,56,25
08136,09161,39,10,29
08136,09162,504,137,367
08136,09163,0,0,0
08136,09171,0,0,0
08136,09172,13,0,13
08136,09173,10,0,10
08136,09174,29,14,15
08136,09175,0,0,0
08136,09176,24,11,13
08136,09177,10,0,10
08136,09178,53,15,38
08136,09179,21,0,21
08136,09180,0,0,0
08136,09181,28,12,16
08136,09182,0,0,0
08136,09183,0,0,0
08136,09184,136,25,111
08136,09185,10,0,10
08136,09186,13,0,13
08136,09187,23,11,12
08136,09188,33,13,20
08136,09189,0,0,0
08136,09190,10,0,10
08136,09261,0,0,0
08136,09262,0,0,0
08136,09263,0,0,0
08136,09271,0,0,0
08136,09272,0,0,0
08136,09273,24,14,10
08136,09274,21,0,21
08136,09275,0,0,0
08136,09276,0,0,0
08136,09277,13,13,0
08136,09278,0,0,0
08136,09279,0,0,0
08136,09361,0,0,0
08136,09362,33,18,15
08136,09363,0,0,0
08136,09371,0,0,0
08136,09372,0,0,0
08136,09373,16,0,16
08136,09374,0,0,0
08136,09375,30,10,20
08136,09376,0,0,0
08136,09377,0,0,0
08136,09461,0,0,0
08136,09462,0,0,0
08136,09463,0,0,0
08136,09464,0,0,0
08136,09471,11,11,0
08136,09472,13,13,0
08136,09473,0,0,0
08136,09474,10,10,0
08136,09475,16,0,16
08136,09476,0,0,0
08136,09477,0,0,0
08136,09478,0,0,0
08136,09479,0,0,0
08136,09561,93,33,60
08136,09562,20,0,20
08136,09563,13,13,0
08136,09564,163,56,107
08136,09565,13,13,0
08136,09571,2359,1549,810
08136,09572,30,18,12
08136,09573,24,24,0
08136,09574,13,0,13
08136,09575,40,23,17
08136,09576,22,22,0
08136,09577,86,52,34
08136,09661,0,0,0
08136,09662,12,0,12
08136,09663,60,26,34
08136,09671,16,16,0
08136,09672,11,11,0
08136,09673,0,0,0
08136,09674,0,0,0
08136,09675,32,21,11
08136,09676,0,0,0
08136,09677,34,18,16
08136,09678,20,20,0
08136,09679,51,28,23
08136,09761,144,64,80
08136,09762,0,0,0
08136,09763,0,0,0
08136,09764,11,0,11
08136,09771,33,19,14
08136,09772,127,40,87
08136,09773,524,360,164
08136,09774,164,88,76
08136,09775,449,268,181
08136,09776,34,21,13
08136,09777,37,20,17
08136,09778,41,28,13
08136,09779,3881,1895,1986
08136,09780,44,22,22
08136,10041,72,25,47
08136,10042,0,0,0
08136,10043,0,0,0
08136,10044,11,11,0
08136,10045,17,17,0
08136,10046,0,0,0
08136,11000,270,111,159
08136,12051,0,0,0
08136,12052,0,0,0
08136,12053,0,0,0
08136,12054,0,0,0
08136,12060,0,0,0
08136,12061,13,13,0
08136,12062,15,15,0
08136,12063,0,0,0
08136,12064,0,0,0
08136,12065,0,0,0
08136,12066,12,12,0
08136,12067,0,0,0
08136,12068,14,14,0
08136,12069,23,23,0
08136,12070,0,0,0
08136,12071,11,11,0
08136,12072,0,0,0
08136,12073,0,0,0
08136,13003,0,0,0
08136,13004,0,0,0
08136,13071,11,11,0
08136,13072,0,0,0
08136,13073,12,12,0
08136,13074,0,0,0
08136,13075,10,10,0
08136,13076,15,15,0
08136,14511,22,22,0
08136,14521,29,29,0
08136,14522,13,13,0
08136,14523,16,16,0
08136,14524,29,29,0
08136,14612,57,35,22
08136,14625,10,10,0
08136,14626,0,0,0
08136,14627,15,15,0
08136,14628,16,16,0
08136,14713,44,25,19
08136,14729,34,34,0
08136,14730,11,11,0
08136,15001,0,0,0
08136,15002,15,15,0
08136,15003,0,0,0
08136,15081,0,0,0
08136,15082,0,0,0
08136,15083,0,0,0
08136,15084,12,12,0
08136,15085,0,0,0
08136,15086,0,0,0
08136,15087,17,0,17
08136,15088,12,12,0
08136,15089,0,0,0
08136,15090,0,0,0
08136,15091,0,0,0
08136,16051,19,19,0
08136,16052,13,13,0
08136,16053,37,23,14
08136,16054,0,0,0
08136,16055,0,0,0
08136,16056,0,0,0
08136,16061,0,0,0
08136,16062,0,0,0
08136,16063,0,0,0
08136,16064,0,0,0
08136,16065,0,0,0
08136,16066,0,0,0
08136,16067,0,0,0
08136,16068,0,0,0
08136,16069,0,0,0
08136,16070,13,13,0
08136,16071,10,10,0
08136,16072,0,0,0
08136,16073,10,10,0
08136,16074,0,0,0
08136,16075,10,10,0
08136,16076,16,16,0
08136,16077,22,22,0
08211,01001,0,0,0
08211,01002,0,0,0
08211,01003,0,0,0
08211,01004,0,0,0
08211,01051,0,0,0
08211,01053,0,0,0
08211,01054,10,10,0
08211,01055,0,0,0
08211,01056,0,0,0
08211,01057,0,0,0
08211,01058,0,0,0
08211,01059,0,0,0
08211,01060,0,0,0
08211,01061,0,0,0
08211,01062,12,12,0
08211,02000,166,116,50
08211,03101,0,0,0
08211,03102,0,0,0
08211,03103,0,0,0
08211,03151,0,0,0
08211,03153,0,0,0
08211,03154,0,0,0
08211,03155,0,0,0
08211,03157,0,0,0
08211,03158,0,0,0
08211,03159,0,0,0
08211,03241,30,16,14
08211,03251,0,0,0
08211,03252,0,0,0
08211,03254,0,0,0
08211,03255,0,0,0
08211,03256,0,0,0
08211,03257,0,0,0
08211,03351,0,0,0
08211,03352,0,0,0
08211,03353,0,0,0
08211,03354,0,0,0
08211,03355,0,0,0
08211,03356,0,0,0
08211,03357,0,0,0
08211,03358,0,0,0
08211,03359,0,0,0
08211,03360,0,0,0
08211,03361,0,0,0
08211,03401,0,0,0
08211,03402,0,0,0
08211,03403,0,0,0
08211,03404,0,0,0
08211,03405,0,0,0
08211,03451,0,0,0
08211,03452,0,0,0
08211,03453,0,0,0
08211,03454,11,0,11
08211,03455,0,0,0
08211,03456,0,0,0
08211,03457,0,0,0
08211,03458,0,0,0
08211,03459,0,0,0
08211,03460,0,0,0
08211,03461,0,0,0
08211,03462,0,0,0
08211,04011,0,0,0
08211,04012,0,0,0
08211,05111,65,27,38
08211,05112,18,18,0
08211,05113,53,53,0
08211,05114,0,0,0
08211,05116,0,0,0
08211,05117,0,0,0
08211,05119,0,0,0
08211,05120,0,0,0
08211,05122,0,0,0
08211,05124,10,10,0
08211,05154,0,0,0
08211,05158,16,16,0
08211,05162,14,0,14
08211,05166,0,0,0
08211,05170,25,25,0
08211,05314,11,11,0
08211,05315,69,30,39
08211,05316,11,11,0
08211,05334,0,0,0
08211,05358,0,0,0
08211,05362,0,0,0
08211,05366,0,0,0
08211,05370,0,0,0
08211,05374,0,0,0
08211,05378,10,10,0
08211,05382,0,0,0
08211,05512,14,14,0
08211,05513,33,33,0
08211,05515,0,0,0
08211,05554,19,0,19
08211,05558,0,0,0
08211,05562,58,58,0
08211,05566,0,0,0
08211,05570,0,0,0
08211,05711,10,10,0
08211,05754,0,0,0
08211,05758,19,19,0
08211,05762,0,0,0
08211,05766,39,39,0
08211,05770,0,0,0
08211,05774,0,0,0
08211,05911,0,0,0
08211,05913,14,14,0
08211,05914,0,0,0
08211,05915,0,0,0
08211,05916,10,10,0
08211,05954,0,0,0
08211,05958,0,0,0
08211,05962,0,0,0
08211,05966,0,0,0
08211,05970,0,0,0
08211,05974,0,0,0
08211,05978,61,0,61
08211,06411,11,0,11
08211,06412,165,44,121
08211,06413,23,0,23
08211,06414,14,0,14
08211,06431,37,21,16
08211,06432,16,16,0
08211,06433,0,0,0
08211,06434,10,10,0
08211,06435,13,13,0
08211,06436,0,0,0
08211,06437,0,0,0
08211,06438,10,10,0
08211,06439,0,0,0
08211,06440,0,0,0
08211,06531,0,0,0
08211,06532,0,0,0
08211,06533,0,0,0
08211,06534,0,0,0
08211,06535,0,0,0
08211,06611,0,0,0
08211,06631,0,0,0
08211,06632,0,0,0
08211,06633,0,0,0
08211,06634,0,0,0
08211,06635,0,0,0
08211,06636,0,0,0
08211,07111,0,0,0
08211,07131,0,0,0
08211,07132,0,0,0
08211,07133,0,0,0
08211,07134,0,0,0
08211,07135,0,0,0
08211,07137,0,0,0
08211,07138,0,0,0
08211,07140,0,0,0
08211,07141,0,0,0
08211,07143,0,0,0
08211,07211,0,0,0
08211,07231,0,0,0
08211,07232,0,0,0
08211,07233,0,0,0
08211,07235,0,0,0
08211,07311,22,22,0
08211,07312,18,18,0
08211,07313,21,21,0
08211,07314,94,80,14
08211,07315,15,15,0
08211,07316,18,18,0
08211,07317,0,0,0
08211,07318,42,42,0
08211,07319,15,15,0
08211,07320,0,0,0
08211,07331,0,0,0
08211,07332,33,33,0
08211,07333,19,19,0
08211,07334,181,116,65
08211,07335,30,30,0
08211,07336,13,13,0
08211,07337,63,63,0
08211,07338,55,55,0
08211,07339,0,0,0
08211,07340,12,12,0
08211,08111,505,77,428
08211,08115,66,23,43
08211,08116,65,30,35
08211,08117,0,0,0
08211,08118,102,46,56
08211,08119,70,23,47
08211,08121,19,19,0
08211,08125,24,24,0
08211,08126,0,0,0
08211,08127,0,0,0
08211,08128,0,0,0
08211,08135,0,0,0
08211,08136,0,0,0
08211,08211,0,0,0
08211,08212,2236,1073,1163
08211,08215,1415,858,557
08211,08216,18613,12293,6320
08211,08221,56,24,32
08211,08222,185,78,107
08211,08225,0,0,0
08211,08226,150,90,60
08211,08231,134,55,79
08211,08235,137,93,44
08211,08236,142,99,43
08211,08237,94,55,39
08211,08311,224,79,145
08211,08315,75,44,31
08211,08316,64,52,12
08211,08317,2175,1510,665
08211,08325,16,16,0
08211,08326,20,20,0
08211,08327,0,0,0
08211,08335,22,22,0
08211,08336,16,16,0
08211,08337,20,10,10
08211,08415,14,14,0
08211,08416,16,16,0
08211,08417,12,12,0
08211,08421,0,0,0
08211,08425,0,0,0
08211,08426,0,0,0
08211,08435,10,10,0
08211,08436,0,0,0
08211,08437,0,0,0
08211,09161,0,0,0
08211,09162,143,42,101
08211,09163,0,0,0
08211,09171,0,0,0
08211,09172,0,0,0
08211,09173,0,0,0
08211,09174,0,0,0
08211,09175,0,0,0
08211,09176,0,0,0
08211,09177,0,0,0
08211,09178,0,0,0
08211,09179,22,22,0
08211,09180,0,0,0
08211,09181,0,0,0
08211,09182,0,0,0
08211,09183,0,0,0
08211,09184,13,0,13
08211,09185,0,0,0
08211,09186,0,0,0
08211,09187,0,0,0
08211,09188,0,0,0
08211,09189,0,0,0
08211,09190,0,0,0
08211,09261,0,0,0
08211,09262,0,0,0
08211,09263,0,0,0
08211,09271,0,0,0
08211,09272,0,0,0
08211,09273,0,0,0
08211,09274,0,0,0
08211,09275,0,0,0
08211,09276,0,0,0
08211,09277,0,0,0
08211,09278,0,0,0
08211,09279,0,0,0
08211,09361,0,0,0
08211,09362,0,0,0
08211,09363,0,0,0
08211,09371,0,0,0
08211,09372,0,0,0
08211,09373,0,0,0
08211,09374,0,0,0
08211,09375,0,0,0
08211,09376,0,0,0
08211,09377,0,0,0
08211,09461,0,0,0
08211,09462,0,0,0
08211,09463,0,0,0
08211,09464,0,0,0
08211,09471,0,0,0
08211,09472,0,0,0
08211,09473,0,0,0
08211,09474,0,0,0
08211,09475,0,0,0
08211,09476,0,0,0
08211,09477,0,0,0
08211,09478,0,0,0
08211,09479,0,0,0
08211,09561,0,0,0
08211,09562,0,0,0
08211,09563,0,0,0
08211,09564,26,15,11
08211,09565,0,0,0
08211,09571,0,0,0
08211,09572,0,0,0
08211,09573,0,0,0
08211,09574,0,0,0
08211,09575,0,0,0
08211,09576,0,0,0
08211,09577,0,0,0
08211,09661,0,0,0
08211,09662,0,0,0
08211,09663,0,0,0
08211,09671,0,0,0
08211,09672,0,0,0
08211,09673,0,0,0
08211,09674,0,0,0
08211,09675,0,0,0
08211,09676,0,0,0
08211,09677,0,0,0
08211,09678,0,0,0
08211,09679,0,0,0
08211,09761,0,0,0
08211,09762,0,0,0
08211,09763,0,0,0
08211,09764,0,0,0
08211,09771,0,0,0
08211,09772,0,0,0
08211,09773,0,0,0
08211,09774,0,0,0
08211,09775,0,0,0
08211,09776,0,0,0
08211,09777,0,0,0
08211,09778,0,0,0
08211,09779,0,0,0
08211,09780,0,0,0
08211,10041,27,17,10
08211,10042,0,0,0
08211,10043,0,0,0
08211,10044,0,0,0
08211,10045,0,0,0
08211,10046,0,0,0
08211,11000,147,75,72
08211,12051,0,0,0
08211,12052,0,0,0
08211,12053,0,0,0
08211,12054,0,0,0
08211,12060,0,0,0
08211,12061,0,0,0
08211,12062,0,0,0
08211,12063,0,0,0
08211,12064,0,0,0
08211,12065,0,0,0
08211,12066,0,0,0
08211,12067,0,0,0
08211,12068,0,0,0
08211,12069,0,0,0
08211,12070,0,0,0
08211,12071,0,0,0
08211,12072,0,0,0
08211,12073,0,0,0
08211,13003,0,0,0
08211,13004,0,0,0
08211,13071,0,0,0
08211,13072,0,0,0
08211,13073,0,0,0
08211,13074,0,0,0
08211,13075,0,0,0
08211,13076,0,0,0
08211,14511,0,0,0
08211,14521,0,0,0
08211,14522,0,0,0
08211,14523,0,0,0
08211,14524,0,0,0
08211,14612,10,10,0
08211,14625,0,0,0
08211,14626,0,0,0
08211,14627,0,0,0
08211,14628,0,0,0
08211,14713,0,0,0
08211,14729,0,0,0
08211,14730,0,0,0
08211,15001,0,0,0
08211,15002,0,0,0
08211,15003,0,0,0
08211,15081,0,0,0
08211,15082,0,0,0
08211,15083,0,0,0
08211,15084,0,0,0
08211,15085,0,0,0
08211,15086,0,0,0
08211,15087,0,0,0
08211,15088,0,0,0
08211,15089,0,0,0
08211,15090,0,0,0
08211,15091,0,0,0
08211,16051,0,0,0
08211,16052,0,0,0
08211,16053,0,0,0
08211,16054,0,0,0
08211,16055,0,0,0
08211,16056,0,0,0
08211,16061,0,0,0
08211,16062,0,0,0
08211,16063,0,0,0
08211,16064,0,0,0
08211,16065,0,0,0
08211,16066,0,0,0
08211,16067,0,0,0
08211,16068,0,0,0
08211,16069,0,0,0
08211,16070,0,0,0
08211,16071,0,0,0
08211,16072,0,0,0
08211,16073,0,0,0
08211,16074,0,0,0
08211,16075,0,0,0
08211,16076,0,0,0
08211,16077,0,0,0
08212,01001,0,0,0
08212,01002,15,15,0
08212,01003,13,13,0
08212,01004,0,0,0
08212,01051,0,0,0
08212,01053,10,10,0
08212,01054,0,0,0
08212,01055,0,0,0
08212,01056,36,24,12
08212,01057,0,0,0
08212,01058,11,11,0
08212,01059,0,0,0
08212,01060,27,17,10
08212,01061,0,0,0
08212,01062,23,23,0
08212,02000,429,189,240
08212,03101,37,25,12
08212,03102,0,0,0
08212,03103,20,0,20
08212,03151,21,21,0
08212,03153,12,12,0
08212,03154,0,0,0
08212,03155,22,11,11
08212,03157,0,0,0
08212,03158,0,0,0
08212,03159,47,32,15
08212,03241,206,116,90
08212,03251,13,13,0
08212,03252,0,0,0
08212,03254,21,21,0
08212,03255,0,0,0
08212,03256,0,0,0
08212,03257,0,0,0
08212,03351,11,11,0
08212,03352,11,11,0
08212,03353,25,25,0
08212,03354,0,0,0
08212,03355,14,14,0
08212,03356,0,0,0
08212,03357,0,0,0
08212,03358,25,25,0
08212,03359,13,13,0
08212,03360,0,0,0
08212,03361,0,0,0
08212,03401,0,0,0
08212,03402,0,0,0
08212,03403,11,11,0
08212,03404,15,0,15
08212,03405,0,0,0
08212,03451,0,0,0
08212,03452,0,0,0
08212,03453,0,0,0
08212,03454,60,13,47
08212,03455,0,0,0
08212,03456,0,0,0
08212,03457,0,0,0
08212,03458,10,10,0
08212,03459,34,15,19
08212,03460,0,0,0
08212,03461,0,0,0
08212,03462,0,0,0
08212,04011,81,54,27
08212,04012,0,0,0
08212,05111,276,109,167
08212,05112,101,70,31
08212,05113,96,50,46
08212,05114,50,40,10
08212,05116,17,17,0
08212,05117,20,20,0
08212,05119,42,31,11
08212,05120,0,0,0
08212,05122,42,13,29
08212,05124,50,37,13
08212,05154,21,21,0
08212,05158,112,69,43
08212,05162,80,44,36
08212,05166,28,28,0
08212,05170,66,51,15
08212,05314,101,45,56
08212,05315,433,176,257
08212,05316,41,20,21
08212,05334,123,70,53
08212,05358,41,16,25
08212,05362,76,48,28
08212,05366,12,12,0
08212,05370,13,13,0
08212,05374,143,26,117
08212,05378,56,41,15
08212,05382,97,79,18
08212,05512,0,0,0
08212,05513,71,33,38
08212,05515,70,33,37
08212,05554,14,14,0
08212,05558,14,14,0
08212,05562,75,56,19
08212,05566,47,26,21
08212,05570,12,12,0
08212,05711,41,30,11
08212,05754,65,35,30
08212,05758,15,15,0
08212,05762,0,0,0
08212,05766,45,34,11
08212,05770,0,0,0
08212,05774,55,45,10
08212,05911,78,36,42
08212,05913,112,49,63
08212,05914,12,12,0
08212,05915,0,0,0
08212,05916,12,12,0
08212,05954,34,24,10
08212,05958,10,10,0
08212,05962,23,23,0
08212,05966,0,0,0
08212,05970,34,22,12
08212,05974,10,10,0
08212,05978,99,33,66
08212,06411,204,83,121
08212,06412,1089,235,854
08212,06413,38,19,19
08212,06414,145,70,75
08212,06431,381,300,81
08212,06432,143,91,52
08212,06433,111,63,48
08212,06434,153,57,96
08212,06435,136,74,62
08212,06436,151,56,95
08212,06437,21,21,0
08212,06438,218,93,125
08212,06439,44,28,16
08212,06440,115,71,44
08212,06531,51,37,14
08212,06532,28,28,0
08212,06533,29,29,0
08212,06534,61,34,27
08212,06535,0,0,0
08212,06611,61,27,34
08212,06631,38,27,11
08212,06632,10,10,0
08212,06633,44,44,0
08212,06634,31,31,0
08212,06635,18,18,0
08212,06636,14,14,0
08212,07111,55,23,32
08212,07131,0,0,0
08212,07132,0,0,0
08212,07133,45,45,0
08212,07134,19,19,0
08212,07135,13,13,0
08212,07137,19,19,0
08212,07138,17,17,0
08212,07140,14,14,0
08212,07141,18,18,0
08212,07143,54,34,20
08212,07211,29,17,12
08212,07231,14,14,0
08212,07232,13,13,0
08212,07233,0,0,0
08212,07235,22,22,0
08212,07311,165,101,64
08212,07312,119,96,23
08212,07313,1255,953,302
08212,07314,695,411,284
08212,07315,150,61,89
08212,07316,365,312,53
08212,07317,67,51,16
08212,07318,435,276,159
08212,07319,109,89,20
08212,07320,25,25,0
08212,07331,56,56,0
08212,07332,342,319,23
08212,07333,37,37,0
08212,07334,11985,9704,2281
08212,07335,70,70,0
08212,07336,37,37,0
08212,07337,2905,2634,271
08212,07338,629,570,59
08212,07339,75,56,19
08212,07340,291,280,11
08212,08111,3148,810,2338
08212,08115,1160,431,729
08212,08116,684,373,311
08212,08117,150,102,48
08212,08118,1223,658,565
08212,08119,453,243,210
08212,08121,239,144,95
08212,08125,781,521,260
08212,08126,95,56,39
08212,08127,142,102,40
08212,08128,75,54,21
08212,08135,47,31,16
08212,08136,241,173,68
08212,08211,2236,1163,1073
08212,08212,0,0,0
08212,08215,65244,45204,20040
08212,08216,13542,9696,3846
08212,08221,1141,599,542
08212,08222,2153,1162,991
08212,08225,258,237,21
08212,08226,4270,2870,1400
08212,08231,3453,1858,1595
08212,08235,1439,1224,215
08212,08236,4809,3711,1098
08212,08237,211,162,49
08212,08311,1019,464,555
08212,08315,393,315,78
08212,08316,358,232,126
08212,08317,2180,1669,511
08212,08325,86,63,23
08212,08326,161,104,57
08212,08327,66,42,24
08212,08335,190,141,49
08212,08336,194,135,59
08212,08337,100,66,34
08212,08415,190,123,67
08212,08416,177,117,60
08212,08417,90,44,46
08212,08421,178,42,136
08212,08425,53,39,14
08212,08426,70,37,33
08212,08435,115,63,52
08212,08436,71,44,27
08212,08437,47,47,0
08212,09161,44,14,30
08212,09162,961,330,631
08212,09163,17,17,0
08212,09171,25,25,0
08212,09172,10,10,0
08212,09173,10,10,0
08212,09174,16,16,0
08212,09175,25,25,0
08212,09176,0,0,0
08212,09177,32,20,12
08212,09178,37,15,22
08212,09179,49,36,13
08212,09180,0,0,0
08212,09181,32,22,10
08212,09182,13,13,0
08212,09183,15,15,0
08212,09184,243,72,171
08212,09185,0,0,0
08212,09186,13,13,0
08212,09187,42,42,0
08212,09188,39,19,20
08212,09189,26,10,16
08212,09190,0,0,0
08212,09261,0,0,0
08212,09262,0,0,0
08212,09263,0,0,0
08212,09271,10,10,0
08212,09272,0,0,0
08212,09273,0,0,0
08212,09274,13,13,0
08212,09275,10,10,0
08212,09276,0,0,0
08212,09277,0,0,0
08212,09278,22,0,22
08212,09279,0,0,0
08212,09361,0,0,0
08212,09362,60,10,50
08212,09363,0,0,0
08212,09371,0,0,0
08212,09372,0,0,0
08212,09373,0,0,0
08212,09374,0,0,0
08212,09375,11,11,0
08212,09376,11,11,0
08212,09377,0,0,0
08212,09461,16,16,0
08212,09462,0,0,0
08212,09463,0,0,0
08212,09464,0,0,0
08212,09471,21,21,0
08212,09472,0,0,0
08212,09473,0,0,0
08212,09474,10,0,10
08212,09475,10,0,10
08212,09476,0,0,0
08212,09477,10,10,0
08212,09478,0,0,0
08212,09479,0,0,0
08212,09561,0,0,0
08212,09562,87,24,63
08212,09563,32,20,12
08212,09564,194,86,108
08212,09565,0,0,0
08212,09571,106,106,0
08212,09572,76,19,57
08212,09573,12,12,0
08212,09574,21,21,0
08212,09575,45,45,0
08212,09576,31,19,12
08212,09577,0,0,0
08212,09661,52,13,39
08212,09662,0,0,0
08212,09663,57,19,38
08212,09671,48,34,14
08212,09672,0,0,0
08212,09673,0,0,0
08212,09674,0,0,0
08212,09675,14,14,0
08212,09676,65,30,35
08212,09677,12,12,0
08212,09678,13,13,0
08212,09679,20,20,0
08212,09761,89,46,43
08212,09762,0,0,0
08212,09763,12,0,12
08212,09764,16,16,0
08212,09771,12,12,0
08212,09772,53,34,19
08212,09773,12,12,0
08212,09774,10,10,0
08212,09775,57,35,22
08212,09776,0,0,0
08212,09777,14,14,0
08212,09778,12,12,0
08212,09779,11,11,0
08212,09780,24,13,11
08212,10041,220,171,49
08212,10042,24,14,10
08212,10043,47,47,0
08212,10044,57,57,0
08212,10045,129,94,35
08212,10046,27,27,0
08212,11000,1097,613,484
08212,12051,10,10,0
08212,12052,0,0,0
08212,12053,0,0,0
08212,12054,25,11,14
08212,12060,16,16,0
08212,12061,22,11,11
08212,12062,12,12,0
08212,12063,29,29,0
08212,12064,11,11,0
08212,12065,30,18,12
08212,12066,12,12,0
08212,12067,19,19,0
08212,12068,15,15,0
08212,12069,25,25,0
08212,12070,0,0,0
08212,12071,11,11,0
08212,12072,21,21,0
08212,12073,0,0,0
08212,13003,0,0,0
08212,13004,0,0,0
08212,13071,14,14,0
08212,13072,10,10,0
08212,13073,10,10,0
08212,13074,0,0,0
08212,13075,13,13,0
08212,13076,0,0,0
08212,14511,20,20,0
08212,14521,18,18,0
08212,14522,31,31,0
08212,14523,19,19,0
08212,14524,18,18,0
08212,14612,69,42,27
08212,14625,15,15,0
08212,14626,14,14,0
08212,14627,36,36,0
08212,14628,11,11,0
08212,14713,139,100,39
08212,14729,37,37,0
08212,14730,24,24,0
08212,15001,11,11,0
08212,15002,37,24,13
08212,15003,28,18,10
08212,15081,0,0,0
08212,15082,10,10,0
08212,15083,0,0,0
08212,15084,15,15,0
08212,15085,19,19,0
08212,15086,0,0,0
08212,15087,0,0,0
08212,15088,28,28,0
08212,15089,0,0,0
08212,15090,10,10,0
08212,15091,0,0,0
08212,16051,40,40,0
08212,16052,0,0,0
08212,16053,28,12,16
08212,16054,0,0,0
08212,16055,0,0,0
08212,16056,0,0,0
08212,16061,0,0,0
08212,16062,10,10,0
08212,16063,0,0,0
08212,16064,0,0,0
08212,16065,0,0,0
08212,16066,11,11,0
08212,16067,14,14,0
08212,16068,0,0,0
08212,16069,0,0,0
08212,16070,12,12,0
08212,16071,12,12,0
08212,16072,0,0,0
08212,16073,0,0,0
08212,16074,0,0,0
08212,16075,0,0,0
08212,16076,0,0,0
08212,16077,0,0,0
08215,01001,0,0,0
08215,01002,33,20,13
08215,01003,44,14,30
08215,01004,0,0,0
08215,01051,20,20,0
08215,01053,13,13,0
08215,01054,12,12,0
08215,01055,18,18,0
08215,01056,67,28,39
08215,01057,14,14,0
08215,01058,30,19,11
08215,01059,12,12,0
08215,01060,29,17,12
08215,01061,11,11,0
08215,01062,39,20,19
08215,02000,371,145,226
08215,03101,26,16,10
08215,03102,0,0,0
08215,03103,0,0,0
08215,03151,0,0,0
08215,03153,19,19,0
08215,03154,12,12,0
08215,03155,90,69,21
08215,03157,11,11,0
08215,03158,0,0,0
08215,03159,139,120,19
08215,03241,146,76,70
08215,03251,18,18,0
08215,03252,10,10,0
08215,03254,20,20,0
08215,03255,0,0,0
08215,03256,12,12,0
08215,03257,14,14,0
08215,03351,18,18,0
08215,03352,19,19,0
08215,03353,42,32,10
08215,03354,0,0,0
08215,03355,16,16,0
08215,03356,0,0,0
08215,03357,0,0,0
08215,03358,15,15,0
08215,03359,14,14,0
08215,03360,0,0,0
08215,03361,17,0,17
08215,03401,0,0,0
08215,03402,16,0,16
08215,03403,0,0,0
08215,03404,42,11,31
08215,03405,0,0,0
08215,03451,10,10,0
08215,03452,18,18,0
08215,03453,13,0,13
08215,03454,54,33,21
08215,03455,0,0,0
08215,03456,11,11,0
08215,03457,17,17,0
08215,03458,16,16,0
08215,03459,47,20,27
08215,03460,15,15,0
08215,03461,0,0,0
08215,03462,10,10,0
08215,04011,90,42,48
08215,04012,0,0,0
08215,05111,279,55,224
08215,05112,66,33,33
08215,05113,110,45,65
08215,05114,32,15,17
08215,05116,36,15,21
08215,05117,25,25,0
08215,05119,40,26,14
08215,05120,0,0,0
08215,05122,27,13,14
08215,05124,40,21,19
08215,05154,81,65,16
08215,05158,126,50,76
08215,05162,94,35,59
08215,05166,36,20,16
08215,05170,63,49,14
08215,05314,73,29,44
08215,05315,330,79,251
08215,05316,11,11,0
08215,05334,91,46,45
08215,05358,46,25,21
08215,05362,75,39,36
08215,05366,14,14,0
08215,05370,25,14,11
08215,05374,107,23,84
08215,05378,38,22,16
08215,05382,65,36,29
08215,05512,0,0,0
08215,05513,59,28,31
08215,05515,39,17,22
08215,05554,36,20,16
08215,05558,22,22,0
08215,05562,70,40,30
08215,05566,68,47,21
08215,05570,34,34,0
08215,05711,41,21,20
08215,05754,122,25,97
08215,05758,49,36,13
08215,05762,0,0,0
08215,05766,45,29,16
08215,05770,52,24,28
08215,05774,35,22,13
08215,05911,65,30,35
08215,05913,108,57,51
08215,05914,0,0,0
08215,05915,11,11,0
08215,05916,0,0,0
08215,05954,60,31,29
08215,05958,29,14,15
08215,05962,62,34,28
08215,05966,22,10,12
08215,05970,34,18,16
08215,05974,37,24,13
08215,05978,91,25,66
08215,06411,179,67,112
08215,06412,1073,97,976
08215,06413,47,18,29
08215,06414,140,26,114
08215,06431,481,269,212
08215,06432,124,78,46
08215,06433,146,37,109
08215,06434,123,28,95
08215,06435,138,49,89
08215,06436,140,40,100
08215,06437,45,22,23
08215,06438,253,88,165
08215,06439,40,18,22
08215,06440,102,43,59
08215,06531,52,22,30
08215,06532,58,22,36
08215,06533,22,22,0
08215,06534,53,30,23
08215,06535,10,0,10
08215,06611,39,13,26
08215,06631,216,200,16
08215,06632,0,0,0
08215,06633,23,23,0
08215,06634,27,13,14
08215,06635,15,15,0
08215,06636,11,11,0
08215,07111,42,0,42
08215,07131,11,11,0
08215,07132,13,13,0
08215,07133,52,34,18
08215,07134,0,0,0
08215,07135,0,0,0
08215,07137,26,12,14
08215,07138,29,17,12
08215,07140,22,12,10
08215,07141,14,14,0
08215,07143,16,16,0
08215,07211,26,12,14
08215,07231,0,0,0
08215,07232,0,0,0
08215,07233,0,0,0
08215,07235,14,14,0
08215,07311,133,53,80
08215,07312,78,46,32
08215,07313,496,246,250
08215,07314,971,328,643
08215,07315,115,31,84
08215,07316,195,140,55
08215,07317,45,24,21
08215,07318,954,302,652
08215,07319,110,61,49
08215,07320,18,18,0
08215,07331,71,48,23
08215,07332,266,207,59
08215,07333,43,33,10
08215,07334,5289,3109,2180
08215,07335,45,32,13
08215,07336,19,19,0
08215,07337,975,719,256
08215,07338,662,494,168
08215,07339,55,32,23
08215,07340,107,96,11
08215,08111,2574,322,2252
08215,08115,952,288,664
08215,08116,564,182,382
08215,08117,139,68,71
08215,08118,1302,479,823
08215,08119,405,155,250
08215,08121,618,152,466
08215,08125,3812,2104,1708
08215,08126,116,35,81
08215,08127,96,31,65
08215,08128,67,30,37
08215,08135,39,13,26
08215,08136,116,40,76
08215,08211,1415,557,858
08215,08212,65244,20040,45204
08215,08215,0,0,0
08215,08216,9998,5493,4505
08215,08221,2808,628,2180
08215,08222,3560,820,2740
08215,08225,298,211,87
08215,08226,13852,6135,7717
08215,08231,5247,2484,2763
08215,08235,1543,1125,418
08215,08236,11571,6230,5341
08215,08237,134,72,62
08215,08311,697,124,573
08215,08315,182,84,98
08215,08316,163,90,73
08215,08317,1056,600,456
08215,08325,52,25,27
08215,08326,113,53,60
08215,08327,50,22,28
08215,08335,99,49,50
08215,08336,92,40,52
08215,08337,52,20,32
08215,08415,211,86,125
08215,08416,117,72,45
08215,08417,69,35,34
08215,08421,172,79,93
08215,08425,142,121,21
08215,08426,69,44,25
08215,08435,77,31,46
08215,08436,55,27,28
08215,08437,37,26,11
08215,09161,40,18,22
08215,09162,649,166,483
08215,09163,0,0,0
08215,09171,28,13,15
08215,09172,14,0,14
08215,09173,24,12,12
08215,09174,22,22,0
08215,09175,30,18,12
08215,09176,0,0,0
08215,09177,27,0,27
08215,09178,47,20,27
08215,09179,37,14,23
08215,09180,0,0,0
08215,09181,32,13,19
08215,09182,12,0,12
08215,09183,11,11,0
08215,09184,189,37,152
08215,09185,0,0,0
08215,09186,33,13,20
08215,09187,35,17,18
08215,09188,30,15,15
08215,09189,32,12,20
08215,09190,0,0,0
08215,09261,0,0,0
08215,09262,0,0,0
08215,09263,0,0,0
08215,09271,0,0,0
08215,09272,0,0,0
08215,09273,17,17,0
08215,09274,27,15,12
08215,09275,10,10,0
08215,09276,0,0,0
08215,09277,0,0,0
08215,09278,12,0,12
08215,09279,0,0,0
08215,09361,0,0,0
08215,09362,27,11,16
08215,09363,0,0,0
08215,09371,0,0,0
08215,09372,0,0,0
08215,09373,13,13,0
08215,09374,0,0,0
08215,09375,27,17,10
08215,09376,0,0,0
08215,09377,0,0,0
08215,09461,0,0,0
08215,09462,10,0,10
08215,09463,0,0,0
08215,09464,0,0,0
08215,09471,12,0,12
08215,09472,0,0,0
08215,09473,0,0,0
08215,09474,12,12,0
08215,09475,10,0,10
08215,09476,0,0,0
08215,09477,0,0,0
08215,09478,0,0,0
08215,09479,0,0,0
08215,09561,19,0,19
08215,09562,40,0,40
08215,09563,0,0,0
08215,09564,129,50,79
08215,09565,0,0,0
08215,09571,37,22,15
08215,09572,19,0,19
08215,09573,0,0,0
08215,09574,15,15,0
08215,09575,0,0,0
08215,09576,22,11,11
08215,09577,0,0,0
08215,09661,39,0,39
08215,09662,0,0,0
08215,09663,48,19,29
08215,09671,52,27,25
08215,09672,0,0,0
08215,09673,0,0,0
08215,09674,0,0,0
08215,09675,10,0,10
08215,09676,83,19,64
08215,09677,22,12,10
08215,09678,0,0,0
08215,09679,27,0,27
08215,09761,128,28,100
08215,09762,0,0,0
08215,09763,0,0,0
08215,09764,0,0,0
08215,09771,0,0,0
08215,09772,68,34,34
08215,09773,0,0,0
08215,09774,0,0,0
08215,09775,64,37,27
08215,09776,0,0,0
08215,09777,10,0,10
08215,09778,31,20,11
08215,09779,16,16,0
08215,09780,31,11,20
08215,10041,148,75,73
08215,10042,0,0,0
08215,10043,19,19,0
08215,10044,34,24,10
08215,10045,84,28,56
08215,10046,0,0,0
08215,11000,566,269,297
08215,12051,0,0,0
08215,12052,15,15,0
08215,12053,0,0,0
08215,12054,23,13,10
08215,12060,11,11,0
08215,12061,21,11,10
08215,12062,0,0,0
08215,12063,12,12,0
08215,12064,0,0,0
08215,12065,12,12,0
08215,12066,11,11,0
08215,12067,0,0,0
08215,12068,0,0,0
08215,12069,16,16,0
08215,12070,0,0,0
08215,12071,0,0,0
08215,12072,14,14,0
08215,12073,0,0,0
08215,13003,10,10,0
08215,13004,0,0,0
08215,13071,0,0,0
08215,13072,13,13,0
08215,13073,16,16,0
08215,13074,10,10,0
08215,13075,40,27,13
08215,13076,0,0,0
08215,14511,31,19,12
08215,14521,16,16,0
08215,14522,46,35,11
08215,14523,12,12,0
08215,14524,29,19,10
08215,14612,80,55,25
08215,14625,47,30,17
08215,14626,17,17,0
08215,14627,0,0,0
08215,14628,36,36,0
08215,14713,74,57,17
08215,14729,43,31,12
08215,14730,24,24,0
08215,15001,13,13,0
08215,15002,30,30,0
08215,15003,15,15,0
08215,15081,0,0,0
08215,15082,27,27,0
08215,15083,10,10,0
08215,15084,19,19,0
08215,15085,10,10,0
08215,15086,0,0,0
08215,15087,16,16,0
08215,15088,20,20,0
08215,15089,17,17,0
08215,15090,0,0,0
08215,15091,0,0,0
08215,16051,35,25,10
08215,16052,11,11,0
08215,16053,25,14,11
08215,16054,0,0,0
08215,16055,10,10,0
08215,16056,0,0,0
08215,16061,22,22,0
08215,16062,0,0,0
08215,16063,0,0,0
08215,16064,24,24,0
08215,16065,22,22,0
08215,16066,11,11,0
08215,16067,17,17,0
08215,16068,0,0,0
08215,16069,0,0,0
08215,16070,26,14,12
08215,16071,0,0,0
08215,16072,0,0,0
08215,16073,15,15,0
08215,16074,17,17,0
08215,16075,0,0,0
08215,16076,0,0,0
08215,16077,0,0,0
08216,01001,0,0,0
08216,01002,0,0,0
08216,01003,0,0,0
08216,01004,0,0,0
08216,01051,0,0,0
08216,01053,0,0,0
08216,01054,0,0,0
08216,01055,0,0,0
08216,01056,0,0,0
08216,01057,0,0,0
08216,01058,10,10,0
08216,01059,0,0,0
08216,01060,0,0,0
08216,01061,0,0,0
08216,01062,10,10,0
08216,02000,164,45,119
08216,03101,13,13,0
08216,03102,0,0,0
08216,03103,0,0,0
08216,03151,0,0,0
08216,03153,0,0,0
08216,03154,0,0,0
08216,03155,0,0,0
08216,03157,0,0,0
08216,03158,0,0,0
08216,03159,0,0,0
08216,03241,80,49,31
08216,03251,0,0,0
08216,03252,0,0,0
08216,03254,0,0,0
08216,03255,0,0,0
08216,03256,0,0,0
08216,03257,0,0,0
08216,03351,0,0,0
08216,03352,0,0,0
08216,03353,0,0,0
08216,03354,0,0,0
08216,03355,0,0,0
08216,03356,0,0,0
08216,03357,10,10,0
08216,03358,0,0,0
08216,03359,0,0,0
08216,03360,0,0,0
08216,03361,0,0,0
08216,03401,0,0,0
08216,03402,0,0,0
08216,03403,0,0,0
08216,03404,12,0,12
08216,03405,0,0,0
08216,03451,0,0,0
08216,03452,0,0,0
08216,03453,0,0,0
08216,03454,19,0,19
08216,03455,0,0,0
08216,03456,0,0,0
08216,03457,0,0,0
08216,03458,0,0,0
08216,03459,12,0,12
08216,03460,0,0,0
08216,03461,0,0,0
08216,03462,0,0,0
08216,04011,33,13,20
08216,04012,0,0,0
08216,05111,94,22,72
08216,05112,11,0,11
08216,05113,22,0,22
08216,05114,21,10,11
08216,05116,10,10,0
08216,05117,0,0,0
08216,05119,0,0,0
08216,05120,0,0,0
08216,05122,0,0,0
08216,05124,10,0,10
08216,05154,0,0,0
08216,05158,34,10,24
08216,05162,67,13,54
08216,05166,10,10,0
08216,05170,13,13,0
08216,05314,20,0,20
08216,05315,131,35,96
08216,05316,0,0,0
08216,05334,26,14,12
08216,05358,0,0,0
08216,05362,78,13,65
08216,05366,0,0,0
08216,05370,0,0,0
08216,05374,28,0,28
08216,05378,29,13,16
08216,05382,34,22,12
08216,05512,0,0,0
08216,05513,11,0,11
08216,05515,12,0,12
08216,05554,82,0,82
08216,05558,0,0,0
08216,05562,18,18,0
08216,05566,11,11,0
08216,05570,0,0,0
08216,05711,0,0,0
08216,05754,21,0,21
08216,05758,15,15,0
08216,05762,0,0,0
08216,05766,0,0,0
08216,05770,15,15,0
08216,05774,0,0,0
08216,05911,23,12,11
08216,05913,34,16,18
08216,05914,0,0,0
08216,05915,0,0,0
08216,05916,0,0,0
08216,05954,0,0,0
08216,05958,12,12,0
08216,05962,0,0,0
08216,05966,0,0,0
08216,05970,0,0,0
08216,05974,12,12,0
08216,05978,360,0,360
08216,06411,47,22,25
08216,06412,243,38,205
08216,06413,12,0,12
08216,06414,42,11,31
08216,06431,100,66,34
08216,06432,61,30,31
08216,06433,56,26,30
08216,06434,29,0,29
08216,06435,44,22,22
08216,06436,49,18,31
08216,06437,0,0,0
08216,06438,73,27,46
08216,06439,19,19,0
08216,06440,31,18,13
08216,06531,33,13,20
08216,06532,0,0,0
08216,06533,0,0,0
08216,06534,0,0,0
08216,06535,0,0,0
08216,06611,0,0,0
08216,06631,10,0,10
08216,06632,0,0,0
08216,06633,0,0,0
08216,06634,0,0,0
08216,06635,0,0,0
08216,06636,0,0,0
08216,07111,12,0,12
08216,07131,0,0,0
08216,07132,0,0,0
08216,07133,0,0,0
08216,07134,0,0,0
08216,07135,0,0,0
08216,07137,0,0,0
08216,07138,0,0,0
08216,07140,0,0,0
08216,07141,11,0,11
08216,07143,0,0,0
08216,07211,0,0,0
08216,07231,0,0,0
08216,07232,0,0,0
08216,07233,11,11,0
08216,07235,17,17,0
08216,07311,11,0,11
08216,07312,18,18,0
08216,07313,128,77,51
08216,07314,138,59,79
08216,07315,42,10,32
08216,07316,23,23,0
08216,07317,23,0,23
08216,07318,57,20,37
08216,07319,33,18,15
08216,07320,0,0,0
08216,07331,14,14,0
08216,07332,37,25,12
08216,07333,0,0,0
08216,07334,1359,619,740
08216,07335,18,18,0
08216,07336,0,0,0
08216,07337,338,258,80
08216,07338,90,59,31
08216,07339,0,0,0
08216,07340,88,88,0
08216,08111,968,158,810
08216,08115,312,115,197
08216,08116,225,89,136
08216,08117,43,32,11
08216,08118,334,110,224
08216,08119,126,48,78
08216,08121,51,26,25
08216,08125,150,55,95
08216,08126,19,0,19
08216,08127,39,14,25
08216,08128,0,0,0
08216,08135,0,0,0
08216,08136,56,26,30
08216,08211,18613,6320,12293
08216,08212,13542,3846,9696
08216,08215,9998,4505,5493
08216,08216,0,0,0
08216,08221,158,50,108
08216,08222,463,163,300
08216,08225,28,17,11
08216,08226,444,221,223
08216,08231,670,309,361
08216,08235,617,436,181
08216,08236,669,403,266
08216,08237,598,328,270
08216,08311,569,90,479
08216,08315,242,104,138
08216,08316,144,84,60
08216,08317,11287,7145,4142
08216,08325,48,28,20
08216,08326,95,40,55
08216,08327,30,10,20
08216,08335,63,37,26
08216,08336,63,22,41
08216,08337,46,17,29
08216,08415,62,32,30
08216,08416,55,27,28
08216,08417,49,37,12
08216,08421,35,0,35
08216,08425,20,20,0
08216,08426,18,18,0
08216,08435,31,19,12
08216,08436,29,12,17
08216,08437,0,0,0
08216,09161,10,10,0
08216,09162,253,54,199
08216,09163,0,0,0
08216,09171,0,0,0
08216,09172,0,0,0
08216,09173,0,0,0
08216,09174,26,0,26
08216,09175,0,0,0
08216,09176,0,0,0
08216,09177,0,0,0
08216,09178,14,0,14
08216,09179,11,11,0
08216,09180,0,0,0
08216,09181,0,0,0
08216,09182,15,15,0
08216,09183,0,0,0
08216,09184,76,13,63
08216,09185,0,0,0
08216,09186,0,0,0
08216,09187,0,0,0
08216,09188,0,0,0
08216,09189,0,0,0
08216,09190,0,0,0
08216,09261,0,0,0
08216,09262,0,0,0
08216,09263,0,0,0
08216,09271,0,0,0
08216,09272,0,0,0
08216,09273,0,0,0
08216,09274,13,13,0
08216,09275,0,0,0
08216,09276,0,0,0
08216,09277,0,0,0
08216,09278,0,0,0
08216,09279,32,32,0
08216,09361,0,0,0
08216,09362,0,0,0
08216,09363,0,0,0
08216,09371,0,0,0
08216,09372,0,0,0
08216,09373,0,0,0
08216,09374,0,0,0
08216,09375,0,0,0
08216,09376,0,0,0
08216,09377,0,0,0
08216,09461,0,0,0
08216,09462,0,0,0
08216,09463,0,0,0
08216,09464,0,0,0
08216,09471,0,0,0
08216,09472,0,0,0
08216,09473,0,0,0
08216,09474,0,0,0
08216,09475,11,0,11
08216,09476,0,0,0
08216,09477,0,0,0
08216,09478,0,0,0
08216,09479,0,0,0
08216,09561,47,0,47
08216,09562,16,0,16
08216,09563,0,0,0
08216,09564,98,51,47
08216,09565,0,0,0
08216,09571,0,0,0
08216,09572,0,0,0
08216,09573,0,0,0
08216,09574,0,0,0
08216,09575,0,0,0
08216,09576,0,0,0
08216,09577,0,0,0
08216,09661,0,0,0
08216,09662,0,0,0
08216,09663,12,0,12
08216,09671,10,10,0
08216,09672,0,0,0
08216,09673,0,0,0
08216,09674,0,0,0
08216,09675,11,0,11
08216,09676,20,0,20
08216,09677,0,0,0
08216,09678,0,0,0
08216,09679,0,0,0
08216,09761,28,12,16
08216,09762,0,0,0
08216,09763,0,0,0
08216,09764,0,0,0
08216,09771,0,0,0
08216,09772,10,10,0
08216,09773,0,0,0
08216,09774,0,0,0
08216,09775,13,0,13
08216,09776,0,0,0
08216,09777,0,0,0
08216,09778,0,0,0
08216,09779,0,0,0
08216,09780,0,0,0
08216,10041,81,16,65
08216,10042,0,0,0
08216,10043,10,0,10
08216,10044,0,0,0
08216,10045,27,15,12
08216,10046,0,0,0
08216,11000,233,73,160
08216,12051,0,0,0
08216,12052,0,0,0
08216,12053,11,0,11
08216,12054,0,0,0
08216,12060,0,0,0
08216,12061,0,0,0
08216,12062,0,0,0
08216,12063,0,0,0
08216,12064,0,0,0
08216,12065,0,0,0
08216,12066,0,0,0
08216,12067,0,0,0
08216,12068,0,0,0
08216,12069,0,0,0
08216,12070,0,0,0
08216,12071,0,0,0
08216,12072,0,0,0
08216,12073,0,0,0
08216,13003,0,0,0
08216,13004,0,0,0
08216,13071,0,0,0
08216,13072,0,0,0
08216,13073,0,0,0
08216,13074,0,0,0
08216,13075,0,0,0
08216,13076,0,0,0
08216,14511,12,12,0
08216,14521,0,0,0
08216,14522,11,11,0
08216,14523,12,12,0
08216,14524,12,12,0
08216,14612,14,14,0
08216,14625,0,0,0
08216,14626,0,0,0
08216,14627,0,0,0
08216,14628,0,0,0
08216,14713,44,34,10
08216,14729,0,0,0
08216,14730,0,0,0
08216,15001,0,0,0
08216,15002,0,0,0
08216,15003,0,0,0
08216,15081,0,0,0
08216,15082,0,0,0
08216,15083,0,0,0
08216,15084,0,0,0
08216,15085,10,10,0
08216,15086,0,0,0
08216,15087,0,0,0
08216,15088,0,0,0
08216,15089,0,0,0
08216,15090,0,0,0
08216,15091,0,0,0
08216,16051,0,0,0
08216,16052,0,0,0
08216,16053,0,0,0
08216,16054,0,0,0
08216,16055,0,0,0
08216,16056,0,0,0
08216,16061,0,0,0
08216,16062,0,0,0
08216,16063,0,0,0
08216,16064,0,0,0
08216,16065,0,0,0
08216,16066,0,0,0
08216,16067,0,0,0
08216,16068,0,0,0
08216,16069,0,0,0
08216,16070,0,0,0
08216,16071,0,0,0
08216,16072,0,0,0
08216,16073,0,0,0
08216,16074,0,0,0
08216,16075,0,0,0
08216,16076,0,0,0
08216,16077,0,0,0
08221,01001,0,0,0
08221,01002,18,18,0
08221,01003,19,19,0
08221,01004,0,0,0
08221,01051,0,0,0
08221,01053,0,0,0
08221,01054,0,0,0
08221,01055,0,0,0
08221,01056,16,16,0
08221,01057,0,0,0
08221,01058,0,0,0
08221,01059,0,0,0
08221,01060,24,13,11
08221,01061,0,0,0
08221,01062,13,13,0
08221,02000,306,147,159
08221,03101,13,0,13
08221,03102,0,0,0
08221,03103,0,0,0
08221,03151,0,0,0
08221,03153,0,0,0
08221,03154,0,0,0
08221,03155,0,0,0
08221,03157,0,0,0
08221,03158,0,0,0
08221,03159,59,24,35
08221,03241,103,49,54
08221,03251,0,0,0
08221,03252,0,0,0
08221,03254,0,0,0
08221,03255,10,10,0
08221,03256,0,0,0
08221,03257,0,0,0
08221,03351,0,0,0
08221,03352,13,13,0
08221,03353,13,13,0
08221,03354,0,0,0
08221,03355,11,11,0
08221,03356,0,0,0
08221,03357,0,0,0
08221,03358,0,0,0
08221,03359,24,24,0
08221,03360,0,0,0
08221,03361,0,0,0
08221,03401,0,0,0
08221,03402,0,0,0
08221,03403,10,10,0
08221,03404,23,13,10
08221,03405,0,0,0
08221,03451,0,0,0
08221,03452,0,0,0
08221,03453,12,12,0
08221,03454,18,18,0
08221,03455,0,0,0
08221,03456,0,0,0
08221,03457,0,0,0
08221,03458,0,0,0
08221,03459,14,14,0
08221,03460,0,0,0
08221,03461,0,0,0
08221,03462,0,0,0
08221,04011,38,24,14
08221,04012,0,0,0
08221,05111,154,52,102
08221,05112,27,13,14
08221,05113,73,44,29
08221,05114,0,0,0
08221,05116,0,0,0
08221,05117,0,0,0
08221,05119,11,11,0
08221,05120,0,0,0
08221,05122,0,0,0
08221,05124,37,0,37
08221,05154,0,0,0
08221,05158,52,25,27
08221,05162,52,33,19
08221,05166,19,19,0
08221,05170,12,12,0
08221,05314,107,40,67
08221,05315,316,139,177
08221,05316,12,0,12
08221,05334,75,32,43
08221,05358,19,19,0
08221,05362,33,23,10
08221,05366,0,0,0
08221,05370,0,0,0
08221,05374,17,0,17
08221,05378,17,17,0
08221,05382,51,35,16
08221,05512,0,0,0
08221,05513,0,0,0
08221,05515,48,23,25
08221,05554,0,0,0
08221,05558,0,0,0
08221,05562,20,20,0
08221,05566,13,13,0
08221,05570,0,0,0
08221,05711,18,0,18
08221,05754,0,0,0
08221,05758,0,0,0
08221,05762,17,17,0
08221,05766,0,0,0
08221,05770,0,0,0
08221,05774,11,11,0
08221,05911,33,19,14
08221,05913,41,12,29
08221,05914,0,0,0
08221,05915,0,0,0
08221,05916,0,0,0
08221,05954,0,0,0
08221,05958,0,0,0
08221,05962,0,0,0
08221,05966,0,0,0
08221,05970,20,10,10
08221,05974,12,12,0
08221,05978,12,12,0
08221,06411,544,201,343
08221,06412,1337,325,1012
08221,06413,40,24,16
08221,06414,150,68,82
08221,06431,3502,2914,588
08221,06432,300,236,64
08221,06433,152,96,56
08221,06434,154,53,101
08221,06435,90,64,26
08221,06436,179,66,113
08221,06437,310,275,35
08221,06438,200,79,121
08221,06439,32,20,12
08221,06440,72,47,25
08221,06531,50,39,11
08221,06532,14,14,0
08221,06533,23,12,11
08221,06534,56,38,18
08221,06535,0,0,0
08221,06611,32,14,18
08221,06631,31,20,11
08221,06632,26,26,0
08221,06633,13,13,0
08221,06634,0,0,0
08221,06635,0,0,0
08221,06636,0,0,0
08221,07111,33,16,17
08221,07131,13,13,0
08221,07132,0,0,0
08221,07133,26,16,10
08221,07134,0,0,0
08221,07135,0,0,0
08221,07137,20,20,0
08221,07138,14,14,0
08221,07140,0,0,0
08221,07141,16,16,0
08221,07143,18,18,0
08221,07211,13,13,0
08221,07231,0,0,0
08221,07232,0,0,0
08221,07233,0,0,0
08221,07235,10,10,0
08221,07311,241,150,91
08221,07312,109,49,60
08221,07313,72,48,24
08221,07314,2291,1179,1112
08221,07315,209,99,110
08221,07316,202,165,37
08221,07317,16,16,0
08221,07318,503,348,155
08221,07319,231,174,57
08221,07320,0,0,0
08221,07331,121,103,18
08221,07332,391,338,53
08221,07333,68,48,20
08221,07334,284,204,80
08221,07335,51,41,10
08221,07336,17,17,0
08221,07337,134,112,22
08221,07338,1032,911,121
08221,07339,63,42,21
08221,07340,28,28,0
08221,08111,745,210,535
08221,08115,127,46,81
08221,08116,148,68,80
08221,08117,17,0,17
08221,08118,226,127,99
08221,08119,86,53,33
08221,08121,204,94,110
08221,08125,580,339,241
08221,08126,50,34,16
08221,08127,42,22,20
08221,08128,47,32,15
08221,08135,17,17,0
08221,08136,51,28,23
08221,08211,56,32,24
08221,08212,1141,542,599
08221,08215,2808,2180,628
08221,08216,158,108,50
08221,08221,0,0,0
08221,08222,10373,5890,4483
08221,08225,1049,869,180
08221,08226,47426,37930,9496
08221,08231,93,55,38
08221,08235,36,20,16
08221,08236,104,83,21
08221,08237,22,12,10
08221,08311,245,115,130
08221,08315,61,40,21
08221,08316,27,27,0
08221,08317,119,73,46
08221,08325,30,14,16
08221,08326,37,26,11
08221,08327,26,26,0
08221,08335,69,35,34
08221,08336,73,52,21
08221,08337,126,126,0
08221,08415,46,34,12
08221,08416,110,67,43
08221,08417,19,19,0
08221,08421,42,18,24
08221,08425,14,14,0
08221,08426,23,12,11
08221,08435,26,15,11
08221,08436,22,22,0
08221,08437,13,13,0
08221,09161,11,11,0
08221,09162,514,208,306
08221,09163,0,0,0
08221,09171,0,0,0
08221,09172,0,0,0
08221,09173,0,0,0
08221,09174,13,13,0
08221,09175,0,0,0
08221,09176,0,0,0
08221,09177,0,0,0
08221,09178,29,15,14
08221,09179,13,13,0
08221,09180,0,0,0
08221,09181,0,0,0
08221,09182,10,10,0
08221,09183,0,0,0
08221,09184,140,37,103
08221,09185,0,0,0
08221,09186,0,0,0
08221,09187,0,0,0
08221,09188,27,17,10
08221,09189,21,0,21
08221,09190,0,0,0
08221,09261,0,0,0
08221,09262,0,0,0
08221,09263,0,0,0
08221,09271,0,0,0
08221,09272,0,0,0
08221,09273,0,0,0
08221,09274,0,0,0
08221,09275,0,0,0
08221,09276,0,0,0
08221,09277,0,0,0
08221,09278,0,0,0
08221,09279,0,0,0
08221,09361,0,0,0
08221,09362,25,10,15
08221,09363,0,0,0
08221,09371,0,0,0
08221,09372,0,0,0
08221,09373,0,0,0
08221,09374,0,0,0
08221,09375,0,0,0
08221,09376,0,0,0
08221,09377,0,0,0
08221,09461,0,0,0
08221,09462,0,0,0
08221,09463,0,0,0
08221,09464,0,0,0
08221,09471,0,0,0
08221,09472,0,0,0
08221,09473,0,0,0
08221,09474,0,0,0
08221,09475,0,0,0
08221,09476,0,0,0
08221,09477,0,0,0
08221,09478,0,0,0
08221,09479,0,0,0
08221,09561,0,0,0
08221,09562,38,12,26
08221,09563,0,0,0
08221,09564,79,34,45
08221,09565,0,0,0
08221,09571,0,0,0
08221,09572,0,0,0
08221,09573,0,0,0
08221,09574,0,0,0
08221,09575,0,0,0
08221,09576,0,0,0
08221,09577,0,0,0
08221,09661,0,0,0
08221,09662,0,0,0
08221,09663,36,19,17
08221,09671,32,32,0
08221,09672,0,0,0
08221,09673,0,0,0
08221,09674,0,0,0
08221,09675,0,0,0
08221,09676,20,20,0
08221,09677,0,0,0
08221,09678,0,0,0
08221,09679,16,16,0
08221,09761,14,0,14
08221,09762,0,0,0
08221,09763,0,0,0
08221,09764,0,0,0
08221,09771,11,11,0
08221,09772,14,14,0
08221,09773,0,0,0
08221,09774,12,12,0
08221,09775,12,12,0
08221,09776,0,0,0
08221,09777,0,0,0
08221,09778,0,0,0
08221,09779,0,0,0
08221,09780,0,0,0
08221,10041,94,55,39
08221,10042,0,0,0
08221,10043,16,16,0
08221,10044,14,14,0
08221,10045,52,39,13
08221,10046,0,0,0
08221,11000,775,394,381
08221,12051,0,0,0
08221,12052,0,0,0
08221,12053,0,0,0
08221,12054,37,19,18
08221,12060,10,10,0
08221,12061,0,0,0
08221,12062,0,0,0
08221,12063,0,0,0
08221,12064,0,0,0
08221,12065,12,12,0
08221,12066,0,0,0
08221,12067,0,0,0
08221,12068,0,0,0
08221,12069,11,11,0
08221,12070,0,0,0
08221,12071,0,0,0
08221,12072,0,0,0
08221,12073,0,0,0
08221,13003,0,0,0
08221,13004,0,0,0
08221,13071,0,0,0
08221,13072,0,0,0
08221,13073,10,10,0
08221,13074,0,0,0
08221,13075,28,28,0
08221,13076,0,0,0
08221,14511,16,16,0
08221,14521,13,13,0
08221,14522,15,15,0
08221,14523,12,12,0
08221,14524,19,19,0
08221,14612,181,141,40
08221,14625,18,18,0
08221,14626,0,0,0
08221,14627,0,0,0
08221,14628,14,14,0
08221,14713,51,40,11
08221,14729,20,20,0
08221,14730,0,0,0
08221,15001,0,0,0
08221,15002,27,17,10
08221,15003,10,10,0
08221,15081,0,0,0
08221,15082,0,0,0
08221,15083,0,0,0
08221,15084,0,0,0
08221,15085,0,0,0
08221,15086,0,0,0
08221,15087,0,0,0
08221,15088,0,0,0
08221,15089,0,0,0
08221,15090,0,0,0
08221,15091,0,0,0
08221,16051,13,13,0
08221,16052,21,21,0
08221,16053,30,15,15
08221,16054,11,11,0
08221,16055,0,0,0
08221,16056,0,0,0
08221,16061,0,0,0
08221,16062,0,0,0
08221,16063,0,0,0
08221,16064,0,0,0
08221,16065,0,0,0
08221,16066,0,0,0
08221,16067,11,11,0
08221,16068,0,0,0
08221,16069,0,0,0
08221,16070,0,0,0
08221,16071,0,0,0
08221,16072,0,0,0
08221,16073,0,0,0
08221,16074,0,0,0
08221,16075,0,0,0
08221,16076,0,0,0
08221,16077,0,0,0
08222,01001,0,0,0
08222,01002,76,59,17
08222,01003,22,22,0
08222,01004,0,0,0
08222,01051,23,23,0
08222,01053,13,13,0
08222,01054,10,10,0
08222,01055,12,12,0
08222,01056,26,26,0
08222,01057,28,28,0
08222,01058,52,52,0
08222,01059,0,0,0
08222,01060,49,32,17
08222,01061,11,11,0
08222,01062,43,28,15
08222,02000,525,280,245
08222,03101,27,27,0
08222,03102,0,0,0
08222,03103,10,0,10
08222,03151,0,0,0
08222,03153,10,10,0
08222,03154,0,0,0
08222,03155,29,0,29
08222,03157,13,13,0
08222,03158,15,15,0
08222,03159,66,48,18
08222,03241,282,172,110
08222,03251,16,16,0
08222,03252,13,13,0
08222,03254,18,18,0
08222,03255,10,10,0
08222,03256,0,0,0
08222,03257,13,13,0
08222,03351,20,20,0
08222,03352,12,12,0
08222,03353,58,47,11
08222,03354,0,0,0
08222,03355,32,32,0
08222,03356,0,0,0
08222,03357,18,18,0
08222,03358,23,23,0
08222,03359,18,18,0
08222,03360,10,10,0
08222,03361,0,0,0
08222,03401,0,0,0
08222,03402,32,0,32
08222,03403,23,23,0
08222,03404,41,12,29
08222,03405,0,0,0
08222,03451,13,13,0
08222,03452,12,12,0
08222,03453,28,16,12
08222,03454,87,26,61
08222,03455,12,12,0
08222,03456,0,0,0
08222,03457,12,12,0
08222,03458,0,0,0
08222,03459,70,26,44
08222,03460,13,0,13
08222,03461,0,0,0
08222,03462,0,0,0
08222,04011,148,62,86
08222,04012,10,10,0
08222,05111,470,190,280
08222,05112,184,84,100
08222,05113,190,121,69
08222,05114,64,30,34
08222,05116,42,27,15
08222,05117,74,36,38
08222,05119,59,41,18
08222,05120,16,16,0
08222,05122,36,26,10
08222,05124,71,44,27
08222,05154,36,36,0
08222,05158,170,110,60
08222,05162,127,97,30
08222,05166,83,58,25
08222,05170,84,71,13
08222,05314,155,73,82
08222,05315,756,445,311
08222,05316,64,35,29
08222,05334,279,113,166
08222,05358,72,44,28
08222,05362,197,159,38
08222,05366,53,43,10
08222,05370,43,33,10
08222,05374,110,44,66
08222,05378,82,70,12
08222,05382,181,136,45
08222,05512,24,13,11
08222,05513,70,59,11
08222,05515,77,42,35
08222,05554,34,34,0
08222,05558,23,23,0
08222,05562,146,100,46
08222,05566,81,35,46
08222,05570,26,26,0
08222,05711,62,41,21
08222,05754,69,49,20
08222,05758,29,29,0
08222,05762,28,28,0
08222,05766,31,31,0
08222,05770,35,23,12
08222,05774,26,26,0
08222,05911,96,70,26
08222,05913,200,122,78
08222,05914,20,20,0
08222,05915,21,21,0
08222,05916,46,33,13
08222,05954,47,35,12
08222,05958,45,34,11
08222,05962,42,42,0
08222,05966,16,16,0
08222,05970,63,29,34
08222,05974,30,30,0
08222,05978,196,55,141
08222,06411,1022,443,579
08222,06412,3287,747,2540
08222,06413,188,117,71
08222,06414,451,235,216
08222,06431,18695,15319,3376
08222,06432,1012,750,262
08222,06433,1007,624,383
08222,06434,389,146,243
08222,06435,399,237,162
08222,06436,491,172,319
08222,06437,287,228,59
08222,06438,825,346,479
08222,06439,126,104,22
08222,06440,210,149,61
08222,06531,100,76,24
08222,06532,34,34,0
08222,06533,96,50,46
08222,06534,55,39,16
08222,06535,17,17,0
08222,06611,83,44,39
08222,06631,82,57,25
08222,06632,35,25,10
08222,06633,45,45,0
08222,06634,48,26,22
08222,06635,39,39,0
08222,06636,0,0,0
08222,07111,78,34,44
08222,07131,21,21,0
08222,07132,18,18,0
08222,07133,188,149,39
08222,07134,37,37,0
08222,07135,12,12,0
08222,07137,81,46,35
08222,07138,58,40,18
08222,07140,64,45,19
08222,07141,45,34,11
08222,07143,65,42,23
08222,07211,76,47,29
08222,07231,50,35,15
08222,07232,21,21,0
08222,07233,12,12,0
08222,07235,41,41,0
08222,07311,3138,2122,1016
08222,07312,803,555,248
08222,07313,439,332,107
08222,07314,23990,14140,9850
08222,07315,559,277,282
08222,07316,1310,1123,187
08222,07317,56,46,10
08222,07318,2282,1419,863
08222,07319,3088,2461,627
08222,07320,37,25,12
08222,07331,1318,1170,148
08222,07332,5003,4448,555
08222,07333,752,653,99
08222,07334,1378,1003,375
08222,07335,455,409,46
08222,07336,113,113,0
08222,07337,1024,833,191
08222,07338,9945,8812,1133
08222,07339,341,262,79
08222,07340,214,195,19
08222,08111,1538,515,1023
08222,08115,308,172,136
08222,08116,413,253,160
08222,08117,101,81,20
08222,08118,603,364,239
08222,08119,270,185,85
08222,08121,270,153,117
08222,08125,575,360,215
08222,08126,95,56,39
08222,08127,93,51,42
08222,08128,87,62,25
08222,08135,38,25,13
08222,08136,105,54,51
08222,08211,185,107,78
08222,08212,2153,991,1162
08222,08215,3560,2740,820
08222,08216,463,300,163
08222,08221,10373,4483,5890
08222,08222,0,0,0
08222,08225,612,512,100
08222,08226,41669,30513,11156
08222,08231,143,88,55
08222,08235,88,72,16
08222,08236,186,146,40
08222,08237,42,28,14
08222,08311,302,125,177
08222,08315,244,196,48
08222,08316,90,74,16
08222,08317,281,204,77
08222,08325,48,35,13
08222,08326,73,60,13
08222,08327,45,33,12
08222,08335,165,135,30
08222,08336,159,122,37
08222,08337,97,67,30
08222,08415,134,67,67
08222,08416,99,67,32
08222,08417,50,36,14
08222,08421,92,59,33
08222,08425,52,52,0
08222,08426,38,23,15
08222,08435,42,23,19
08222,08436,49,37,12
08222,08437,22,22,0
08222,09161,40,22,18
08222,09162,921,429,492
08222,09163,10,0,10
08222,09171,0,0,0
08222,09172,0,0,0
08222,09173,28,28,0
08222,09174,20,20,0
08222,09175,49,39,10
08222,09176,0,0,0
08222,09177,33,33,0
08222,09178,52,37,15
08222,09179,49,49,0
08222,09180,0,0,0
08222,09181,26,16,10
08222,09182,29,16,13
08222,09183,13,13,0
08222,09184,252,81,171
08222,09185,0,0,0
08222,09186,38,25,13
08222,09187,41,23,18
08222,09188,26,26,0
08222,09189,11,0,11
08222,09190,54,36,18
08222,09261,0,0,0
08222,09262,0,0,0
08222,09263,45,0,45
08222,09271,0,0,0
08222,09272,0,0,0
08222,09273,12,12,0
08222,09274,12,12,0
08222,09275,10,10,0
08222,09276,0,0,0
08222,09277,0,0,0
08222,09278,0,0,0
08222,09279,13,13,0
08222,09361,0,0,0
08222,09362,22,22,0
08222,09363,0,0,0
08222,09371,11,11,0
08222,09372,0,0,0
08222,09373,17,17,0
08222,09374,12,12,0
08222,09375,33,21,12
08222,09376,12,12,0
08222,09377,0,0,0
08222,09461,18,18,0
08222,09462,22,12,10
08222,09463,0,0,0
08222,09464,11,11,0
08222,09471,14,14,0
08222,09472,12,12,0
08222,09473,0,0,0
08222,09474,11,11,0
08222,09475,0,0,0
08222,09476,0,0,0
08222,09477,12,12,0
08222,09478,0,0,0
08222,09479,0,0,0
08222,09561,0,0,0
08222,09562,55,23,32
08222,09563,65,65,0
08222,09564,258,149,109
08222,09565,0,0,0
08222,09571,35,25,10
08222,09572,50,33,17
08222,09573,42,42,0
08222,09574,25,25,0
08222,09575,24,24,0
08222,09576,25,25,0
08222,09577,31,12,19
08222,09661,58,33,25
08222,09662,10,10,0
08222,09663,78,54,24
08222,09671,98,64,34
08222,09672,27,27,0
08222,09673,0,0,0
08222,09674,10,10,0
08222,09675,26,26,0
08222,09676,91,60,31
08222,09677,25,25,0
08222,09678,20,20,0
08222,09679,45,45,0
08222,09761,72,45,27
08222,09762,0,0,0
08222,09763,0,0,0
08222,09764,0,0,0
08222,09771,19,19,0
08222,09772,52,38,14
08222,09773,17,17,0
08222,09774,40,40,0
08222,09775,62,39,23
08222,09776,15,15,0
08222,09777,13,13,0
08222,09778,19,19,0
08222,09779,22,22,0
08222,09780,13,13,0
08222,10041,392,250,142
08222,10042,47,29,18
08222,10043,82,67,15
08222,10044,132,102,30
08222,10045,182,132,50
08222,10046,63,63,0
08222,11000,1208,665,543
08222,12051,0,0,0
08222,12052,35,35,0
08222,12053,0,0,0
08222,12054,43,30,13
08222,12060,29,29,0
08222,12061,43,43,0
08222,12062,18,18,0
08222,12063,22,22,0
08222,12064,30,30,0
08222,12065,26,26,0
08222,12066,39,29,10
08222,12067,0,0,0
08222,12068,0,0,0
08222,12069,55,37,18
08222,12070,0,0,0
08222,12071,19,19,0
08222,12072,39,17,22
08222,12073,15,15,0
08222,13003,19,19,0
08222,13004,10,10,0
08222,13071,19,19,0
08222,13072,11,11,0
08222,13073,18,18,0
08222,13074,0,0,0
08222,13075,22,22,0
08222,13076,17,17,0
08222,14511,75,75,0
08222,14521,34,34,0
08222,14522,45,45,0
08222,14523,21,21,0
08222,14524,33,33,0
08222,14612,118,95,23
08222,14625,34,34,0
08222,14626,47,34,13
08222,14627,38,38,0
08222,14628,33,33,0
08222,14713,249,214,35
08222,14729,47,47,0
08222,14730,50,50,0
08222,15001,19,19,0
08222,15002,41,41,0
08222,15003,30,30,0
08222,15081,0,0,0
08222,15082,18,18,0
08222,15083,19,19,0
08222,15084,31,31,0
08222,15085,14,14,0
08222,15086,10,10,0
08222,15087,17,17,0
08222,15088,41,41,0
08222,15089,15,15,0
08222,15090,13,13,0
08222,15091,20,20,0
08222,16051,46,36,10
08222,16052,25,25,0
08222,16053,10,10,0
08222,16054,0,0,0
08222,16055,0,0,0
08222,16056,10,10,0
08222,16061,12,12,0
08222,16062,10,10,0
08222,16063,12,12,0
08222,16064,24,24,0
08222,16065,10,10,0
08222,16066,10,10,0
08222,16067,24,24,0
08222,16068,10,10,0
08222,16069,0,0,0
08222,16070,0,0,0
08222,16071,14,14,0
08222,16072,0,0,0
08222,16073,0,0,0
08222,16074,10,10,0
08222,16075,0,0,0
08222,16076,13,13,0
08222,16077,22,22,0
08225,01001,0,0,0
08225,01002,0,0,0
08225,01003,0,0,0
08225,01004,0,0,0
08225,01051,0,0,0
08225,01053,0,0,0
08225,01054,0,0,0
08225,01055,0,0,0
08225,01056,0,0,0
08225,01057,0,0,0
08225,01058,0,0,0
08225,01059,0,0,0
08225,01060,0,0,0
08225,01061,0,0,0
08225,01062,0,0,0
08225,02000,63,13,50
08225,03101,0,0,0
08225,03102,0,0,0
08225,03103,0,0,0
08225,03151,0,0,0
08225,03153,0,0,0
08225,03154,0,0,0
08225,03155,0,0,0
08225,03157,0,0,0
08225,03158,0,0,0
08225,03159,0,0,0
08225,03241,45,24,21
08225,03251,0,0,0
08225,03252,24,24,0
08225,03254,0,0,0
08225,03255,0,0,0
08225,03256,0,0,0
08225,03257,0,0,0
08225,03351,0,0,0
08225,03352,0,0,0
08225,03353,12,0,12
08225,03354,0,0,0
08225,03355,0,0,0
08225,03356,0,0,0
08225,03357,0,0,0
08225,03358,0,0,0
08225,03359,0,0,0
08225,03360,0,0,0
08225,03361,0,0,0
08225,03401,0,0,0
08225,03402,0,0,0
08225,03403,0,0,0
08225,03404,0,0,0
08225,03405,0,0,0
08225,03451,0,0,0
08225,03452,0,0,0
08225,03453,0,0,0
08225,03454,86,0,86
08225,03455,0,0,0
08225,03456,0,0,0
08225,03457,0,0,0
08225,03458,0,0,0
08225,03459,0,0,0
08225,03460,0,0,0
08225,03461,0,0,0
08225,03462,0,0,0
08225,04011,0,0,0
08225,04012,0,0,0
08225,05111,31,0,31
08225,05112,0,0,0
08225,05113,16,0,16
08225,05114,0,0,0
08225,05116,0,0,0
08225,05117,0,0,0
08225,05119,0,0,0
08225,05120,0,0,0
08225,05122,0,0,0
08225,05124,0,0,0
08225,05154,0,0,0
08225,05158,10,0,10
08225,05162,60,60,0
08225,05166,0,0,0
08225,05170,0,0,0
08225,05314,10,0,10
08225,05315,87,35,52
08225,05316,35,35,0
08225,05334,44,0,44
08225,05358,0,0,0
08225,05362,0,0,0
08225,05366,0,0,0
08225,05370,0,0,0
08225,05374,11,0,11
08225,05378,0,0,0
08225,05382,11,0,11
08225,05512,0,0,0
08225,05513,0,0,0
08225,05515,0,0,0
08225,05554,0,0,0
08225,05558,0,0,0
08225,05562,12,0,12
08225,05566,0,0,0
08225,05570,0,0,0
08225,05711,0,0,0
08225,05754,22,0,22
08225,05758,40,0,40
08225,05762,0,0,0
08225,05766,0,0,0
08225,05770,0,0,0
08225,05774,0,0,0
08225,05911,0,0,0
08225,05913,25,14,11
08225,05914,0,0,0
08225,05915,10,10,0
08225,05916,0,0,0
08225,05954,0,0,0
08225,05958,0,0,0
08225,05962,11,11,0
08225,05966,0,0,0
08225,05970,0,0,0
08225,05974,0,0,0
08225,05978,39,0,39
08225,06411,26,0,26
08225,06412,205,24,181
08225,06413,386,0,386
08225,06414,31,0,31
08225,06431,261,107,154
08225,06432,63,17,46
08225,06433,24,0,24
08225,06434,45,0,45
08225,06435,41,17,24
08225,06436,32,0,32
08225,06437,318,215,103
08225,06438,70,13,57
08225,06439,0,0,0
08225,06440,45,30,15
08225,06531,0,0,0
08225,06532,0,0,0
08225,06533,12,0,12
08225,06534,0,0,0
08225,06535,0,0,0
08225,06611,0,0,0
08225,06631,23,0,23
08225,06632,0,0,0
08225,06633,0,0,0
08225,06634,0,0,0
08225,06635,0,0,0
08225,06636,0,0,0
08225,07111,61,48,13
08225,07131,0,0,0
08225,07132,0,0,0
08225,07133,0,0,0
08225,07134,0,0,0
08225,07135,0,0,0
08225,07137,0,0,0
08225,07138,10,10,0
08225,07140,0,0,0
08225,07141,0,0,0
08225,07143,13,13,0
08225,07211,0,0,0
08225,07231,0,0,0
08225,07232,0,0,0
08225,07233,0,0,0
08225,07235,0,0,0
08225,07311,11,0,11
08225,07312,0,0,0
08225,07313,0,0,0
08225,07314,75,11,64
08225,07315,29,0,29
08225,07316,10,0,10
08225,07317,0,0,0
08225,07318,12,0,12
08225,07319,18,0,18
08225,07320,0,0,0
08225,07331,0,0,0
08225,07332,17,17,0
08225,07333,0,0,0
08225,07334,0,0,0
08225,07335,0,0,0
08225,07336,0,0,0
08225,07337,0,0,0
08225,07338,30,15,15
08225,07339,0,0,0
08225,07340,0,0,0
08225,08111,462,52,410
08225,08115,122,16,106
08225,08116,130,30,100
08225,08117,21,0,21
08225,08118,411,156,255
08225,08119,132,35,97
08225,08121,2066,250,1816
08225,08125,8651,1610,7041
08225,08126,1358,275,1083
08225,08127,195,44,151
08225,08128,3679,1487,2192
08225,08135,0,0,0
08225,08136,61,17,44
08225,08211,0,0,0
08225,08212,258,21,237
08225,08215,298,87,211
08225,08216,28,11,17
08225,08221,1049,180,869
08225,08222,612,100,512
08225,08225,0,0,0
08225,08226,5935,2436,3499
08225,08231,48,22,26
08225,08235,35,19,16
08225,08236,38,21,17
08225,08237,11,0,11
08225,08311,117,0,117
08225,08315,20,10,10
08225,08316,11,0,11
08225,08317,19,0,19
08225,08325,0,0,0
08225,08326,26,10,16
08225,08327,0,0,0
08225,08335,0,0,0
08225,08336,0,0,0
08225,08337,0,0,0
08225,08415,40,13,27
08225,08416,18,0,18
08225,08417,10,0,10
08225,08421,12,0,12
08225,08425,16,0,16
08225,08426,0,0,0
08225,08435,0,0,0
08225,08436,20,0,20
08225,08437,0,0,0
08225,09161,20,0,20
08225,09162,115,18,97
08225,09163,0,0,0
08225,09171,0,0,0
08225,09172,0,0,0
08225,09173,0,0,0
08225,09174,12,0,12
08225,09175,0,0,0
08225,09176,0,0,0
08225,09177,0,0,0
08225,09178,0,0,0
08225,09179,0,0,0
08225,09180,0,0,0
08225,09181,0,0,0
08225,09182,0,0,0
08225,09183,0,0,0
08225,09184,58,0,58
08225,09185,0,0,0
08225,09186,0,0,0
08225,09187,0,0,0
08225,09188,0,0,0
08225,09189,0,0,0
08225,09190,0,0,0
08225,09261,0,0,0
08225,09262,0,0,0
08225,09263,0,0,0
08225,09271,0,0,0
08225,09272,0,0,0
08225,09273,0,0,0
08225,09274,0,0,0
08225,09275,0,0,0
08225,09276,0,0,0
08225,09277,0,0,0
08225,09278,0,0,0
08225,09279,0,0,0
08225,09361,0,0,0
08225,09362,0,0,0
08225,09363,0,0,0
08225,09371,0,0,0
08225,09372,13,0,13
08225,09373,0,0,0
08225,09374,0,0,0
08225,09375,0,0,0
08225,09376,0,0,0
08225,09377,0,0,0
08225,09461,0,0,0
08225,09462,0,0,0
08225,09463,0,0,0
08225,09464,0,0,0
08225,09471,0,0,0
08225,09472,0,0,0
08225,09473,0,0,0
08225,09474,0,0,0
08225,09475,0,0,0
08225,09476,0,0,0
08225,09477,0,0,0
08225,09478,0,0,0
08225,09479,0,0,0
08225,09561,0,0,0
08225,09562,11,0,11
08225,09563,0,0,0
08225,09564,41,0,41
08225,09565,0,0,0
08225,09571,0,0,0
08225,09572,0,0,0
08225,09573,0,0,0
08225,09574,0,0,0
08225,09575,65,0,65
08225,09576,0,0,0
08225,09577,0,0,0
08225,09661,67,11,56
08225,09662,16,0,16
08225,09663,222,55,167
08225,09671,44,19,25
08225,09672,0,0,0
08225,09673,0,0,0
08225,09674,0,0,0
08225,09675,15,0,15
08225,09676,1309,638,671
08225,09677,151,39,112
08225,09678,24,0,24
08225,09679,176,58,118
08225,09761,0,0,0
08225,09762,0,0,0
08225,09763,0,0,0
08225,09764,21,21,0
08225,09771,0,0,0
08225,09772,0,0,0
08225,09773,0,0,0
08225,09774,0,0,0
08225,09775,0,0,0
08225,09776,0,0,0
08225,09777,0,0,0
08225,09778,12,12,0
08225,09779,73,55,18
08225,09780,0,0,0
08225,10041,10,0,10
08225,10042,0,0,0
08225,10043,0,0,0
08225,10044,0,0,0
08225,10045,0,0,0
08225,10046,0,0,0
08225,11000,91,31,60
08225,12051,0,0,0
08225,12052,0,0,0
08225,12053,0,0,0
08225,12054,0,0,0
08225,12060,0,0,0
08225,12061,0,0,0
08225,12062,0,0,0
08225,12063,0,0,0
08225,12064,0,0,0
08225,12065,62,0,62
08225,12066,0,0,0
08225,12067,0,0,0
08225,12068,0,0,0
08225,12069,0,0,0
08225,12070,0,0,0
08225,12071,0,0,0
08225,12072,0,0,0
08225,12073,0,0,0
08225,13003,0,0,0
08225,13004,0,0,0
08225,13071,0,0,0
08225,13072,0,0,0
08225,13073,0,0,0
08225,13074,0,0,0
08225,13075,0,0,0
08225,13076,0,0,0
08225,14511,0,0,0
08225,14521,0,0,0
08225,14522,0,0,0
08225,14523,0,0,0
08225,14524,0,0,0
08225,14612,0,0,0
08225,14625,0,0,0
08225,14626,0,0,0
08225,14627,10,10,0
08225,14628,0,0,0
08225,14713,21,10,11
08225,14729,0,0,0
08225,14730,0,0,0
08225,15001,0,0,0
08225,15002,0,0,0
08225,15003,0,0,0
08225,15081,0,0,0
08225,15082,15,15,0
08225,15083,0,0,0
08225,15084,0,0,0
08225,15085,0,0,0
08225,15086,0,0,0
08225,15087,0,0,0
08225,15088,0,0,0
08225,15089,0,0,0
08225,15090,0,0,0
08225,15091,0,0,0
08225,16051,0,0,0
08225,16052,0,0,0
08225,16053,0,0,0
08225,16054,0,0,0
08225,16055,0,0,0
08225,16056,0,0,0
08225,16061,11,0,11
08225,16062,0,0,0
08225,16063,0,0,0
08225,16064,0,0,0
08225,16065,0,0,0
08225,16066,0,0,0
08225,16067,0,0,0
08225,16068,0,0,0
08225,16069,0,0,0
08225,16070,0,0,0
08225,16071,0,0,0
08225,16072,0,0,0
08225,16073,0,0,0
08225,16074,0,0,0
08225,16075,0,0,0
08225,16076,0,0,0
08225,16077,0,0,0
08226,01001,11,0,11
08226,01002,35,11,24
08226,01003,25,14,11
08226,01004,10,10,0
08226,01051,0,0,0
08226,01053,20,20,0
08226,01054,0,0,0
08226,01055,18,18,0
08226,01056,61,30,31
08226,01057,10,10,0
08226,01058,34,23,11
08226,01059,13,13,0
08226,01060,55,36,19
08226,01061,0,0,0
08226,01062,48,31,17
08226,02000,597,219,378
08226,03101,49,30,19
08226,03102,20,20,0
08226,03103,35,15,20
08226,03151,15,15,0
08226,03153,13,13,0
08226,03154,0,0,0
08226,03155,16,16,0
08226,03157,19,19,0
08226,03158,0,0,0
08226,03159,79,55,24
08226,03241,247,133,114
08226,03251,28,14,14
08226,03252,28,15,13
08226,03254,27,27,0
08226,03255,0,0,0
08226,03256,12,0,12
08226,03257,30,14,16
08226,03351,0,0,0
08226,03352,12,12,0
08226,03353,57,45,12
08226,03354,0,0,0
08226,03355,17,17,0
08226,03356,0,0,0
08226,03357,17,17,0
08226,03358,19,19,0
08226,03359,35,20,15
08226,03360,0,0,0
08226,03361,17,17,0
08226,03401,0,0,0
08226,03402,57,11,46
08226,03403,16,16,0
08226,03404,64,20,44
08226,03405,0,0,0
08226,03451,11,11,0
08226,03452,14,14,0
08226,03453,10,10,0
08226,03454,56,0,56
08226,03455,0,0,0
08226,03456,0,0,0
08226,03457,21,0,21
08226,03458,13,13,0
08226,03459,101,18,83
08226,03460,10,0,10
08226,03461,0,0,0
08226,03462,0,0,0
08226,04011,131,67,64
08226,04012,0,0,0
08226,05111,371,104,267
08226,05112,166,48,118
08226,05113,210,73,137
08226,05114,52,17,35
08226,05116,41,18,23
08226,05117,55,29,26
08226,05119,49,33,16
08226,05120,43,10,33
08226,05122,29,19,10
08226,05124,72,20,52
08226,05154,49,25,24
08226,05158,158,54,104
08226,05162,135,65,70
08226,05166,63,31,32
08226,05170,72,48,24
08226,05314,97,39,58
08226,05315,469,131,338
08226,05316,41,21,20
08226,05334,93,46,47
08226,05358,31,19,12
08226,05362,118,60,58
08226,05366,36,25,11
08226,05370,31,19,12
08226,05374,100,28,72
08226,05378,52,28,24
08226,05382,139,71,68
08226,05512,30,17,13
08226,05513,55,37,18
08226,05515,90,48,42
08226,05554,49,37,12
08226,05558,28,28,0
08226,05562,126,79,47
08226,05566,53,30,23
08226,05570,33,21,12
08226,05711,95,49,46
08226,05754,108,37,71
08226,05758,33,10,23
08226,05762,12,12,0
08226,05766,54,37,17
08226,05770,45,29,16
08226,05774,30,30,0
08226,05911,61,36,25
08226,05913,166,68,98
08226,05914,24,12,12
08226,05915,12,12,0
08226,05916,0,0,0
08226,05954,55,26,29
08226,05958,25,15,10
08226,05962,68,30,38
08226,05966,11,11,0
08226,05970,68,26,42
08226,05974,42,29,13
08226,05978,119,42,77
08226,06411,1494,362,1132
08226,06412,2846,419,2427
08226,06413,185,80,105
08226,06414,422,147,275
08226,06431,17031,10899,6132
08226,06432,950,585,365
08226,06433,619,241,378
08226,06434,405,108,297
08226,06435,321,117,204
08226,06436,373,112,261
08226,06437,1250,958,292
08226,06438,678,211,467
08226,06439,107,74,33
08226,06440,167,80,87
08226,06531,97,59,38
08226,06532,73,28,45
08226,06533,71,51,20
08226,06534,77,41,36
08226,06535,15,15,0
08226,06611,70,39,31
08226,06631,68,33,35
08226,06632,31,19,12
08226,06633,30,30,0
08226,06634,48,28,20
08226,06635,16,16,0
08226,06636,10,10,0
08226,07111,128,50,78
08226,07131,15,15,0
08226,07132,12,12,0
08226,07133,110,65,45
08226,07134,20,20,0
08226,07135,15,15,0
08226,07137,76,49,27
08226,07138,46,23,23
08226,07140,46,28,18
08226,07141,53,36,17
08226,07143,93,64,29
08226,07211,39,17,22
08226,07231,36,18,18
08226,07232,0,0,0
08226,07233,0,0,0
08226,07235,16,16,0
08226,07311,784,347,437
08226,07312,365,197,168
08226,07313,230,120,110
08226,07314,7220,2274,4946
08226,07315,348,138,210
08226,07316,442,288,154
08226,07317,57,40,17
08226,07318,2852,1171,1681
08226,07319,935,550,385
08226,07320,73,60,13
08226,07331,334,245,89
08226,07332,1056,760,296
08226,07333,228,162,66
08226,07334,1062,572,490
08226,07335,153,116,37
08226,07336,54,37,17
08226,07337,455,291,164
08226,07338,2949,2193,756
08226,07339,201,113,88
08226,07340,95,82,13
08226,08111,1663,263,1400
08226,08115,386,144,242
08226,08116,426,148,278
08226,08117,112,55,57
08226,08118,826,306,520
08226,08119,311,138,173
08226,08121,1464,371,1093
08226,08125,6932,2813,4119
08226,08126,220,94,126
08226,08127,263,141,122
08226,08128,113,68,45
08226,08135,55,40,15
08226,08136,164,56,108
08226,08211,150,60,90
08226,08212,4270,1400,2870
08226,08215,13852,7717,6135
08226,08216,444,223,221
08226,08221,47426,9496,37930
08226,08222,41669,11156,30513
08226,08225,5935,3499,2436
08226,08226,0,0,0
08226,08231,335,96,239
08226,08235,87,54,33
08226,08236,381,233,148
08226,08237,64,30,34
08226,08311,398,119,279
08226,08315,510,436,74
08226,08316,89,57,32
08226,08317,337,186,151
08226,08325,42,17,25
08226,08326,74,45,29
08226,08327,48,26,22
08226,08335,163,104,59
08226,08336,140,106,34
08226,08337,62,31,31
08226,08415,161,69,92
08226,08416,146,75,71
08226,08417,66,45,21
08226,08421,102,47,55
08226,08425,78,65,13
08226,08426,72,45,27
08226,08435,86,50,36
08226,08436,84,51,33
08226,08437,24,24,0
08226,09161,38,0,38
08226,09162,905,278,627
08226,09163,25,11,14
08226,09171,14,0,14
08226,09172,0,0,0
08226,09173,21,10,11
08226,09174,17,17,0
08226,09175,35,21,14
08226,09176,0,0,0
08226,09177,20,20,0
08226,09178,79,32,47
08226,09179,63,41,22
08226,09180,15,15,0
08226,09181,43,16,27
08226,09182,32,16,16
08226,09183,27,27,0
08226,09184,355,48,307
08226,09185,23,10,13
08226,09186,32,14,18
08226,09187,75,54,21
08226,09188,39,18,21
08226,09189,27,0,27
08226,09190,13,13,0
08226,09261,0,0,0
08226,09262,15,0,15
08226,09263,13,0,13
08226,09271,13,13,0
08226,09272,0,0,0
08226,09273,22,12,10
08226,09274,15,15,0
08226,09275,16,16,0
08226,09276,0,0,0
08226,09277,33,16,17
08226,09278,0,0,0
08226,09279,16,16,0
08226,09361,0,0,0
08226,09362,44,21,23
08226,09363,0,0,0
08226,09371,0,0,0
08226,09372,0,0,0
08226,09373,10,10,0
08226,09374,0,0,0
08226,09375,36,24,12
08226,09376,0,0,0
08226,09377,0,0,0
08226,09461,23,0,23
08226,09462,26,14,12
08226,09463,0,0,0
08226,09464,0,0,0
08226,09471,29,13,16
08226,09472,0,0,0
08226,09473,15,0,15
08226,09474,11,11,0
08226,09475,34,10,24
08226,09476,0,0,0
08226,09477,0,0,0
08226,09478,0,0,0
08226,09479,0,0,0
08226,09561,0,0,0
08226,09562,63,12,51
08226,09563,31,13,18
08226,09564,218,63,155
08226,09565,0,0,0
08226,09571,30,30,0
08226,09572,31,20,11
08226,09573,18,18,0
08226,09574,32,20,12
08226,09575,16,16,0
08226,09576,27,11,16
08226,09577,0,0,0
08226,09661,57,27,30
08226,09662,13,0,13
08226,09663,88,37,51
08226,09671,113,69,44
08226,09672,0,0,0
08226,09673,10,10,0
08226,09674,0,0,0
08226,09675,28,16,12
08226,09676,103,57,46
08226,09677,42,26,16
08226,09678,21,21,0
08226,09679,58,42,16
08226,09761,77,25,52
08226,09762,0,0,0
08226,09763,12,0,12
08226,09764,11,0,11
08226,09771,36,25,11
08226,09772,66,37,29
08226,09773,12,12,0
08226,09774,21,21,0
08226,09775,103,78,25
08226,09776,13,13,0
08226,09777,28,17,11
08226,09778,32,19,13
08226,09779,35,13,22
08226,09780,47,19,28
08226,10041,287,187,100
08226,10042,38,22,16
08226,10043,72,58,14
08226,10044,84,61,23
08226,10045,156,81,75
08226,10046,24,24,0
08226,11000,889,407,482
08226,12051,0,0,0
08226,12052,0,0,0
08226,12053,0,0,0
08226,12054,34,21,13
08226,12060,13,13,0
08226,12061,14,14,0
08226,12062,0,0,0
08226,12063,16,16,0
08226,12064,12,12,0
08226,12065,17,17,0
08226,12066,28,0,28
08226,12067,11,11,0
08226,12068,0,0,0
08226,12069,26,26,0
08226,12070,0,0,0
08226,12071,0,0,0
08226,12072,35,24,11
08226,12073,0,0,0
08226,13003,13,13,0
08226,13004,0,0,0
08226,13071,10,10,0
08226,13072,13,13,0
08226,13073,0,0,0
08226,13074,0,0,0
08226,13075,0,0,0
08226,13076,15,15,0
08226,14511,41,27,14
08226,14521,29,29,0
08226,14522,43,43,0
08226,14523,27,15,12
08226,14524,45,35,10
08226,14612,75,48,27
08226,14625,26,14,12
08226,14626,10,10,0
08226,14627,42,29,13
08226,14628,13,13,0
08226,14713,81,49,32
08226,14729,22,22,0
08226,14730,20,20,0
08226,15001,0,0,0
08226,15002,19,19,0
08226,15003,16,16,0
08226,15081,0,0,0
08226,15082,14,14,0
08226,15083,0,0,0
08226,15084,27,27,0
08226,15085,18,18,0
08226,15086,0,0,0
08226,15087,12,12,0
08226,15088,14,14,0
08226,15089,13,13,0
08226,15090,0,0,0
08226,15091,0,0,0
08226,16051,35,21,14
08226,16052,0,0,0
08226,16053,29,0,29
08226,16054,0,0,0
08226,16055,0,0,0
08226,16056,0,0,0
08226,16061,10,10,0
08226,16062,10,10,0
08226,16063,10,10,0
08226,16064,12,12,0
08226,16065,11,11,0
08226,16066,15,15,0
08226,16067,0,0,0
08226,16068,0,0,0
08226,16069,0,0,0
08226,16070,27,27,0
08226,16071,0,0,0
08226,16072,13,0,13
08226,16073,0,0,0
08226,16074,0,0,0
08226,16075,0,0,0
08226,16076,0,0,0
08226,16077,20,20,0
08231,01001,0,0,0
08231,01002,0,0,0
08231,01003,0,0,0
08231,01004,0,0,0
08231,01051,0,0,0
08231,01053,0,0,0
08231,01054,0,0,0
08231,01055,0,0,0
08231,01056,0,0,0
08231,01057,0,0,0
08231,01058,0,0,0
08231,01059,0,0,0
08231,01060,0,0,0
08231,01061,0,0,0
08231,01062,0,0,0
08231,02000,112,61,51
08231,03101,0,0,0
08231,03102,0,0,0
08231,03103,0,0,0
08231,03151,0,0,0
08231,03153,15,0,15
08231,03154,0,0,0
08231,03155,0,0,0
08231,03157,0,0,0
08231,03158,0,0,0
08231,03159,0,0,0
08231,03241,54,33,21
08231,03251,0,0,0
08231,03252,0,0,0
08231,03254,0,0,0
08231,03255,0,0,0
08231,03256,0,0,0
08231,03257,0,0,0
08231,03351,0,0,0
08231,03352,0,0,0
08231,03353,0,0,0
08231,03354,0,0,0
08231,03355,0,0,0
08231,03356,0,0,0
08231,03357,0,0,0
08231,03358,0,0,0
08231,03359,0,0,0
08231,03360,0,0,0
08231,03361,0,0,0
08231,03401,0,0,0
08231,03402,0,0,0
08231,03403,0,0,0
08231,03404,14,0,14
08231,03405,0,0,0
08231,03451,0,0,0
08231,03452,0,0,0
08231,03453,0,0,0
08231,03454,0,0,0
08231,03455,0,0,0
08231,03456,0,0,0
08231,03457,0,0,0
08231,03458,0,0,0
08231,03459,0,0,0
08231,03460,0,0,0
08231,03461,0,0,0
08231,03462,0,0,0
08231,04011,0,0,0
08231,04012,0,0,0
08231,05111,60,19,41
08231,05112,24,12,12
08231,05113,33,20,13
08231,05114,11,11,0
08231,05116,0,0,0
08231,05117,0,0,0
08231,05119,0,0,0
08231,05120,0,0,0
08231,05122,0,0,0
08231,05124,0,0,0
08231,05154,11,0,11
08231,05158,10,0,10
08231,05162,12,12,0
08231,05166,0,0,0
08231,05170,12,12,0
08231,05314,0,0,0
08231,05315,108,51,57
08231,05316,0,0,0
08231,05334,11,11,0
08231,05358,0,0,0
08231,05362,0,0,0
08231,05366,15,15,0
08231,05370,0,0,0
08231,05374,33,0,33
08231,05378,11,11,0
08231,05382,18,18,0
08231,05512,0,0,0
08231,05513,0,0,0
08231,05515,10,0,10
08231,05554,0,0,0
08231,05558,0,0,0
08231,05562,16,16,0
08231,05566,0,0,0
08231,05570,0,0,0
08231,05711,0,0,0
08231,05754,21,0,21
08231,05758,0,0,0
08231,05762,0,0,0
08231,05766,0,0,0
08231,05770,0,0,0
08231,05774,0,0,0
08231,05911,0,0,0
08231,05913,13,0,13
08231,05914,0,0,0
08231,05915,0,0,0
08231,05916,0,0,0
08231,05954,0,0,0
08231,05958,0,0,0
08231,05962,12,0,12
08231,05966,0,0,0
08231,05970,0,0,0
08231,05974,0,0,0
08231,05978,14,0,14
08231,06411,10,0,10
08231,06412,182,62,120
08231,06413,0,0,0
08231,06414,26,0,26
08231,06431,41,18,23
08231,06432,24,13,11
08231,06433,15,0,15
08231,06434,42,13,29
08231,06435,33,23,10
08231,06436,36,19,17
08231,06437,0,0,0
08231,06438,43,21,22
08231,06439,0,0,0
08231,06440,13,13,0
08231,06531,0,0,0
08231,06532,0,0,0
08231,06533,0,0,0
08231,06534,20,20,0
08231,06535,0,0,0
08231,06611,0,0,0
08231,06631,0,0,0
08231,06632,0,0,0
08231,06633,0,0,0
08231,06634,0,0,0
08231,06635,0,0,0
08231,06636,0,0,0
08231,07111,0,0,0
08231,07131,0,0,0
08231,07132,0,0,0
08231,07133,0,0,0
08231,07134,0,0,0
08231,07135,0,0,0
08231,07137,0,0,0
08231,07138,0,0,0
08231,07140,0,0,0
08231,07141,0,0,0
08231,07143,0,0,0
08231,07211,0,0,0
08231,07231,0,0,0
08231,07232,0,0,0
08231,07233,0,0,0
08231,07235,0,0,0
08231,07311,0,0,0
08231,07312,0,0,0
08231,07313,26,15,11
08231,07314,31,12,19
08231,07315,0,0,0
08231,07316,0,0,0
08231,07317,0,0,0
08231,07318,0,0,0
08231,07319,0,0,0
08231,07320,0,0,0
08231,07331,0,0,0
08231,07332,0,0,0
08231,07333,0,0,0
08231,07334,238,127,111
08231,07335,0,0,0
08231,07336,0,0,0
08231,07337,57,40,17
08231,07338,11,11,0
08231,07339,0,0,0
08231,07340,12,12,0
08231,08111,1825,378,1447
08231,08115,1990,549,1441
08231,08116,392,140,252
08231,08117,66,36,30
08231,08118,1449,591,858
08231,08119,232,85,147
08231,08121,93,38,55
08231,08125,251,148,103
08231,08126,33,12,21
08231,08127,63,12,51
08231,08128,11,0,11
08231,08135,0,0,0
08231,08136,79,17,62
08231,08211,134,79,55
08231,08212,3453,1595,1858
08231,08215,5247,2763,2484
08231,08216,670,361,309
08231,08221,93,38,55
08231,08222,143,55,88
08231,08225,48,26,22
08231,08226,335,239,96
08231,08231,0,0,0
08231,08235,3843,2930,913
08231,08236,29790,18826,10964
08231,08237,95,61,34
08231,08311,105,35,70
08231,08315,42,20,22
08231,08316,13,13,0
08231,08317,154,83,71
08231,08325,34,18,16
08231,08326,47,20,27
08231,08327,30,11,19
08231,08335,33,20,13
08231,08336,0,0,0
08231,08337,0,0,0
08231,08415,80,47,33
08231,08416,117,68,49
08231,08417,55,25,30
08231,08421,17,0,17
08231,08425,35,35,0
08231,08426,14,0,14
08231,08435,88,14,74
08231,08436,27,10,17
08231,08437,14,0,14
08231,09161,22,0,22
08231,09162,226,97,129
08231,09163,0,0,0
08231,09171,0,0,0
08231,09172,0,0,0
08231,09173,0,0,0
08231,09174,0,0,0
08231,09175,0,0,0
08231,09176,0,0,0
08231,09177,0,0,0
08231,09178,0,0,0
08231,09179,0,0,0
08231,09180,0,0,0
08231,09181,0,0,0
08231,09182,0,0,0
08231,09183,0,0,0
08231,09184,54,14,40
08231,09185,0,0,0
08231,09186,0,0,0
08231,09187,0,0,0
08231,09188,14,0,14
08231,09189,0,0,0
08231,09190,0,0,0
08231,09261,13,0,13
08231,09262,0,0,0
08231,09263,0,0,0
08231,09271,0,0,0
08231,09272,0,0,0
08231,09273,0,0,0
08231,09274,0,0,0
08231,09275,0,0,0
08231,09276,0,0,0
08231,09277,0,0,0
08231,09278,0,0,0
08231,09279,0,0,0
08231,09361,0,0,0
08231,09362,0,0,0
08231,09363,0,0,0
08231,09371,0,0,0
08231,09372,0,0,0
08231,09373,0,0,0
08231,09374,0,0,0
08231,09375,0,0,0
08231,09376,0,0,0
08231,09377,0,0,0
08231,09461,0,0,0
08231,09462,0,0,0
08231,09463,0,0,0
08231,09464,0,0,0
08231,09471,0,0,0
08231,09472,0,0,0
08231,09473,0,0,0
08231,09474,0,0,0
08231,09475,0,0,0
08231,09476,0,0,0
08231,09477,0,0,0
08231,09478,0,0,0
08231,09479,0,0,0
08231,09561,0,0,0
08231,09562,0,0,0
08231,09563,0,0,0
08231,09564,46,19,27
08231,09565,0,0,0
08231,09571,0,0,0
08231,09572,0,0,0
08231,09573,0,0,0
08231,09574,0,0,0
08231,09575,0,0,0
08231,09576,0,0,0
08231,09577,0,0,0
08231,09661,0,0,0
08231,09662,0,0,0
08231,09663,0,0,0
08231,09671,0,0,0
08231,09672,0,0,0
08231,09673,0,0,0
08231,09674,0,0,0
08231,09675,0,0,0
08231,09676,0,0,0
08231,09677,0,0,0
08231,09678,0,0,0
08231,09679,0,0,0
08231,09761,45,20,25
08231,09762,0,0,0
08231,09763,0,0,0
08231,09764,0,0,0
08231,09771,0,0,0
08231,09772,33,11,22
08231,09773,0,0,0
08231,09774,0,0,0
08231,09775,11,11,0
08231,09776,0,0,0
08231,09777,0,0,0
08231,09778,0,0,0
08231,09779,0,0,0
08231,09780,0,0,0
08231,10041,27,13,14
08231,10042,0,0,0
08231,10043,0,0,0
08231,10044,0,0,0
08231,10045,11,11,0
08231,10046,0,0,0
08231,11000,173,88,85
08231,12051,10,10,0
08231,12052,0,0,0
08231,12053,0,0,0
08231,12054,19,0,19
08231,12060,0,0,0
08231,12061,0,0,0
08231,12062,0,0,0
08231,12063,10,0,10
08231,12064,0,0,0
08231,12065,0,0,0
08231,12066,0,0,0
08231,12067,0,0,0
08231,12068,0,0,0
08231,12069,10,10,0
08231,12070,0,0,0
08231,12071,0,0,0
08231,12072,0,0,0
08231,12073,0,0,0
08231,13003,0,0,0
08231,13004,0,0,0
08231,13071,0,0,0
08231,13072,0,0,0
08231,13073,0,0,0
08231,13074,0,0,0
08231,13075,0,0,0
08231,13076,0,0,0
08231,14511,0,0,0
08231,14521,0,0,0
08231,14522,0,0,0
08231,14523,0,0,0
08231,14524,0,0,0
08231,14612,0,0,0
08231,14625,0,0,0
08231,14626,0,0,0
08231,14627,0,0,0
08231,14628,0,0,0
08231,14713,16,16,0
08231,14729,0,0,0
08231,14730,0,0,0
08231,15001,0,0,0
08231,15002,11,11,0
08231,15003,0,0,0
08231,15081,0,0,0
08231,15082,0,0,0
08231,15083,0,0,0
08231,15084,0,0,0
08231,15085,0,0,0
08231,15086,0,0,0
08231,15087,0,0,0
08231,15088,0,0,0
08231,15089,0,0,0
08231,15090,0,0,0
08231,15091,0,0,0
08231,16051,0,0,0
08231,16052,0,0,0
08231,16053,0,0,0
08231,16054,0,0,0
08231,16055,0,0,0
08231,16056,0,0,0
08231,16061,0,0,0
08231,16062,0,0,0
08231,16063,0,0,0
08231,16064,0,0,0
08231,16065,0,0,0
08231,16066,0,0,0
08231,16067,0,0,0
08231,16068,0,0,0
08231,16069,0,0,0
08231,16070,0,0,0
08231,16071,0,0,0
08231,16072,0,0,0
08231,16073,0,0,0
08231,16074,0,0,0
08231,16075,0,0,0
08231,16076,0,0,0
08231,16077,0,0,0
08235,01001,0,0,0
08235,01002,0,0,0
08235,01003,0,0,0
08235,01004,0,0,0
08235,01051,0,0,0
08235,01053,0,0,0
08235,01054,0,0,0
08235,01055,0,0,0
08235,01056,0,0,0
08235,01057,0,0,0
08235,01058,0,0,0
08235,01059,0,0,0
08235,01060,10,10,0
08235,01061,0,0,0
08235,01062,14,0,14
08235,02000,91,27,64
08235,03101,0,0,0
08235,03102,0,0,0
08235,03103,0,0,0
08235,03151,14,14,0
08235,03153,0,0,0
08235,03154,0,0,0
08235,03155,0,0,0
08235,03157,0,0,0
08235,03158,0,0,0
08235,03159,12,0,12
08235,03241,68,36,32
08235,03251,0,0,0
08235,03252,0,0,0
08235,03254,0,0,0
08235,03255,0,0,0
08235,03256,0,0,0
08235,03257,0,0,0
08235,03351,0,0,0
08235,03352,0,0,0
08235,03353,0,0,0
08235,03354,0,0,0
08235,03355,0,0,0
08235,03356,0,0,0
08235,03357,0,0,0
08235,03358,0,0,0
08235,03359,0,0,0
08235,03360,0,0,0
08235,03361,0,0,0
08235,03401,0,0,0
08235,03402,0,0,0
08235,03403,0,0,0
08235,03404,0,0,0
08235,03405,0,0,0
08235,03451,0,0,0
08235,03452,0,0,0
08235,03453,0,0,0
08235,03454,17,0,17
08235,03455,0,0,0
08235,03456,0,0,0
08235,03457,0,0,0
08235,03458,0,0,0
08235,03459,0,0,0
08235,03460,0,0,0
08235,03461,0,0,0
08235,03462,0,0,0
08235,04011,12,0,12
08235,04012,0,0,0
08235,05111,79,0,79
08235,05112,11,0,11
08235,05113,11,0,11
08235,05114,0,0,0
08235,05116,0,0,0
08235,05117,0,0,0
08235,05119,0,0,0
08235,05120,0,0,0
08235,05122,0,0,0
08235,05124,0,0,0
08235,05154,0,0,0
08235,05158,24,0,24
08235,05162,16,0,16
08235,05166,0,0,0
08235,05170,0,0,0
08235,05314,0,0,0
08235,05315,67,18,49
08235,05316,0,0,0
08235,05334,13,0,13
08235,05358,0,0,0
08235,05362,0,0,0
08235,05366,0,0,0
08235,05370,0,0,0
08235,05374,31,0,31
08235,05378,0,0,0
08235,05382,30,14,16
08235,05512,0,0,0
08235,05513,0,0,0
08235,05515,0,0,0
08235,05554,0,0,0
08235,05558,0,0,0
08235,05562,0,0,0
08235,05566,14,14,0
08235,05570,0,0,0
08235,05711,0,0,0
08235,05754,29,12,17
08235,05758,10,0,10
08235,05762,0,0,0
08235,05766,10,10,0
08235,05770,0,0,0
08235,05774,0,0,0
08235,05911,0,0,0
08235,05913,28,12,16
08235,05914,0,0,0
08235,05915,0,0,0
08235,05916,0,0,0
08235,05954,0,0,0
08235,05958,0,0,0
08235,05962,0,0,0
08235,05966,0,0,0
08235,05970,0,0,0
08235,05974,0,0,0
08235,05978,17,0,17
08235,06411,0,0,0
08235,06412,115,10,105
08235,06413,0,0,0
08235,06414,21,0,21
08235,06431,13,0,13
08235,06432,25,0,25
08235,06433,12,0,12
08235,06434,27,0,27
08235,06435,19,0,19
08235,06436,23,0,23
08235,06437,0,0,0
08235,06438,34,0,34
08235,06439,0,0,0
08235,06440,0,0,0
08235,06531,0,0,0
08235,06532,10,10,0
08235,06533,0,0,0
08235,06534,0,0,0
08235,06535,0,0,0
08235,06611,0,0,0
08235,06631,0,0,0
08235,06632,0,0,0
08235,06633,0,0,0
08235,06634,0,0,0
08235,06635,0,0,0
08235,06636,0,0,0
08235,07111,24,0,24
08235,07131,0,0,0
08235,07132,0,0,0
08235,07133,0,0,0
08235,07134,0,0,0
08235,07135,0,0,0
08235,07137,0,0,0
08235,07138,0,0,0
08235,07140,11,11,0
08235,07141,0,0,0
08235,07143,0,0,0
08235,07211,0,0,0
08235,07231,0,0,0
08235,07232,0,0,0
08235,07233,0,0,0
08235,07235,0,0,0
08235,07311,0,0,0
08235,07312,0,0,0
08235,07313,12,0,12
08235,07314,14,0,14
08235,07315,26,0,26
08235,07316,0,0,0
08235,07317,0,0,0
08235,07318,0,0,0
08235,07319,0,0,0
08235,07320,0,0,0
08235,07331,0,0,0
08235,07332,0,0,0
08235,07333,0,0,0
08235,07334,69,19,50
08235,07335,10,10,0
08235,07336,0,0,0
08235,07337,51,10,41
08235,07338,0,0,0
08235,07339,0,0,0
08235,07340,0,0,0
08235,08111,3692,400,3292
08235,08115,17449,3818,13631
08235,08116,878,196,682
08235,08117,155,77,78
08235,08118,1148,235,913
08235,08119,379,85,294
08235,08121,66,21,45
08235,08125,188,67,121
08235,08126,51,22,29
08235,08127,41,10,31
08235,08128,62,13,49
08235,08135,13,0,13
08235,08136,73,21,52
08235,08211,137,44,93
08235,08212,1439,215,1224
08235,08215,1543,418,1125
08235,08216,617,181,436
08235,08221,36,16,20
08235,08222,88,16,72
08235,08225,35,16,19
08235,08226,87,33,54
08235,08231,3843,913,2930
08235,08235,0,0,0
08235,08236,3473,1305,2168
08235,08237,6597,3272,3325
08235,08311,75,28,47
08235,08315,82,42,40
08235,08316,24,10,14
08235,08317,149,71,78
08235,08325,313,170,143
08235,08326,201,38,163
08235,08327,57,21,36
08235,08335,68,23,45
08235,08336,10,0,10
08235,08337,11,0,11
08235,08415,358,127,231
08235,08416,1539,794,745
08235,08417,283,185,98
08235,08421,41,16,25
08235,08425,48,36,12
08235,08426,20,0,20
08235,08435,80,20,60
08235,08436,36,16,20
08235,08437,28,16,12
08235,09161,77,0,77
08235,09162,164,27,137
08235,09163,0,0,0
08235,09171,0,0,0
08235,09172,28,28,0
08235,09173,0,0,0
08235,09174,10,0,10
08235,09175,0,0,0
08235,09176,0,0,0
08235,09177,0,0,0
08235,09178,28,0,28
08235,09179,0,0,0
08235,09180,0,0,0
08235,09181,11,0,11
08235,09182,0,0,0
08235,09183,0,0,0
08235,09184,67,13,54
08235,09185,0,0,0
08235,09186,12,0,12
08235,09187,0,0,0
08235,09188,13,0,13
08235,09189,0,0,0
08235,09190,0,0,0
08235,09261,0,0,0
08235,09262,0,0,0
08235,09263,0,0,0
08235,09271,0,0,0
08235,09272,13,13,0
08235,09273,0,0,0
08235,09274,10,0,10
08235,09275,0,0,0
08235,09276,28,28,0
08235,09277,0,0,0
08235,09278,0,0,0
08235,09279,0,0,0
08235,09361,16,16,0
08235,09362,0,0,0
08235,09363,0,0,0
08235,09371,11,11,0
08235,09372,33,33,0
08235,09373,0,0,0
08235,09374,10,10,0
08235,09375,0,0,0
08235,09376,27,27,0
08235,09377,0,0,0
08235,09461,0,0,0
08235,09462,0,0,0
08235,09463,0,0,0
08235,09464,0,0,0
08235,09471,0,0,0
08235,09472,0,0,0
08235,09473,0,0,0
08235,09474,0,0,0
08235,09475,0,0,0
08235,09476,0,0,0
08235,09477,0,0,0
08235,09478,0,0,0
08235,09479,0,0,0
08235,09561,0,0,0
08235,09562,0,0,0
08235,09563,0,0,0
08235,09564,37,14,23
08235,09565,0,0,0
08235,09571,10,10,0
08235,09572,0,0,0
08235,09573,0,0,0
08235,09574,0,0,0
08235,09575,0,0,0
08235,09576,0,0,0
08235,09577,0,0,0
08235,09661,0,0,0
08235,09662,0,0,0
08235,09663,0,0,0
08235,09671,19,0,19
08235,09672,0,0,0
08235,09673,0,0,0
08235,09674,0,0,0
08235,09675,0,0,0
08235,09676,15,0,15
08235,09677,16,0,16
08235,09678,20,0,20
08235,09679,0,0,0
08235,09761,19,0,19
08235,09762,0,0,0
08235,09763,0,0,0
08235,09764,0,0,0
08235,09771,0,0,0
08235,09772,0,0,0
08235,09773,0,0,0
08235,09774,0,0,0
08235,09775,32,20,12
08235,09776,12,0,12
08235,09777,0,0,0
08235,09778,0,0,0
08235,09779,0,0,0
08235,09780,0,0,0
08235,10041,13,13,0
08235,10042,0,0,0
08235,10043,0,0,0
08235,10044,10,10,0
08235,10045,0,0,0
08235,10046,0,0,0
08235,11000,124,41,83
08235,12051,0,0,0
08235,12052,0,0,0
08235,12053,0,0,0
08235,12054,0,0,0
08235,12060,0,0,0
08235,12061,0,0,0
08235,12062,0,0,0
08235,12063,0,0,0
08235,12064,0,0,0
08235,12065,0,0,0
08235,12066,0,0,0
08235,12067,0,0,0
08235,12068,0,0,0
08235,12069,0,0,0
08235,12070,0,0,0
08235,12071,0,0,0
08235,12072,0,0,0
08235,12073,0,0,0
08235,13003,0,0,0
08235,13004,0,0,0
08235,13071,0,0,0
08235,13072,0,0,0
08235,13073,0,0,0
08235,13074,0,0,0
08235,13075,0,0,0
08235,13076,0,0,0
08235,14511,0,0,0
08235,14521,12,12,0
08235,14522,0,0,0
08235,14523,0,0,0
08235,14524,0,0,0
08235,14612,13,0,13
08235,14625,0,0,0
08235,14626,0,0,0
08235,14627,0,0,0
08235,14628,0,0,0
08235,14713,13,0,13
08235,14729,0,0,0
08235,14730,0,0,0
08235,15001,0,0,0
08235,15002,0,0,0
08235,15003,0,0,0
08235,15081,0,0,0
08235,15082,0,0,0
08235,15083,0,0,0
08235,15084,12,12,0
08235,15085,0,0,0
08235,15086,0,0,0
08235,15087,0,0,0
08235,15088,0,0,0
08235,15089,0,0,0
08235,15090,0,0,0
08235,15091,0,0,0
08235,16051,20,0,20
08235,16052,0,0,0
08235,16053,0,0,0
08235,16054,0,0,0
08235,16055,0,0,0
08235,16056,0,0,0
08235,16061,0,0,0
08235,16062,0,0,0
08235,16063,0,0,0
08235,16064,0,0,0
08235,16065,0,0,0
08235,16066,0,0,0
08235,16067,0,0,0
08235,16068,0,0,0
08235,16069,12,0,12
08235,16070,0,0,0
08235,16071,0,0,0
08235,16072,0,0,0
08235,16073,0,0,0
08235,16074,0,0,0
08235,16075,0,0,0
08235,16076,0,0,0
08235,16077,0,0,0
08236,01001,0,0,0
08236,01002,0,0,0
08236,01003,0,0,0
08236,01004,0,0,0
08236,01051,0,0,0
08236,01053,0,0,0
08236,01054,0,0,0
08236,01055,0,0,0
08236,01056,13,0,13
08236,01057,0,0,0
08236,01058,0,0,0
08236,01059,0,0,0
08236,01060,10,0,10
08236,01061,0,0,0
08236,01062,12,0,12
08236,02000,105,29,76
08236,03101,0,0,0
08236,03102,10,10,0
08236,03103,0,0,0
08236,03151,0,0,0
08236,03153,11,0,11
08236,03154,0,0,0
08236,03155,0,0,0
08236,03157,0,0,0
08236,03158,0,0,0
08236,03159,0,0,0
08236,03241,46,17,29
08236,03251,0,0,0
08236,03252,0,0,0
08236,03254,0,0,0
08236,03255,0,0,0
08236,03256,0,0,0
08236,03257,0,0,0
08236,03351,0,0,0
08236,03352,0,0,0
08236,03353,0,0,0
08236,03354,0,0,0
08236,03355,11,11,0
08236,03356,0,0,0
08236,03357,0,0,0
08236,03358,0,0,0
08236,03359,0,0,0
08236,03360,0,0,0
08236,03361,0,0,0
08236,03401,0,0,0
08236,03402,0,0,0
08236,03403,0,0,0
08236,03404,11,0,11
08236,03405,0,0,0
08236,03451,0,0,0
08236,03452,0,0,0
08236,03453,0,0,0
08236,03454,11,0,11
08236,03455,0,0,0
08236,03456,0,0,0
08236,03457,0,0,0
08236,03458,0,0,0
08236,03459,14,0,14
08236,03460,0,0,0
08236,03461,0,0,0
08236,03462,0,0,0
08236,04011,22,22,0
08236,04012,0,0,0
08236,05111,88,15,73
08236,05112,12,0,12
08236,05113,26,0,26
08236,05114,0,0,0
08236,05116,11,0,11
08236,05117,0,0,0
08236,05119,0,0,0
08236,05120,0,0,0
08236,05122,0,0,0
08236,05124,29,12,17
08236,05154,0,0,0
08236,05158,47,10,37
08236,05162,29,15,14
08236,05166,10,10,0
08236,05170,11,11,0
08236,05314,16,0,16
08236,05315,115,23,92
08236,05316,0,0,0
08236,05334,14,0,14
08236,05358,0,0,0
08236,05362,31,16,15
08236,05366,0,0,0
08236,05370,0,0,0
08236,05374,55,11,44
08236,05378,0,0,0
08236,05382,11,11,0
08236,05512,0,0,0
08236,05513,0,0,0
08236,05515,0,0,0
08236,05554,0,0,0
08236,05558,0,0,0
08236,05562,22,0,22
08236,05566,0,0,0
08236,05570,0,0,0
08236,05711,0,0,0
08236,05754,37,10,27
08236,05758,0,0,0
08236,05762,11,11,0
08236,05766,0,0,0
08236,05770,0,0,0
08236,05774,0,0,0
08236,05911,12,0,12
08236,05913,30,11,19
08236,05914,0,0,0
08236,05915,0,0,0
08236,05916,0,0,0
08236,05954,27,16,11
08236,05958,0,0,0
08236,05962,45,12,33
08236,05966,0,0,0
08236,05970,0,0,0
08236,05974,0,0,0
08236,05978,13,13,0
08236,06411,17,0,17
08236,06412,178,11,167
08236,06413,15,0,15
08236,06414,25,0,25
08236,06431,50,21,29
08236,06432,45,23,22
08236,06433,34,0,34
08236,06434,38,0,38
08236,06435,21,0,21
08236,06436,24,0,24
08236,06437,0,0,0
08236,06438,47,13,34
08236,06439,10,0,10
08236,06440,10,0,10
08236,06531,26,13,13
08236,06532,11,0,11
08236,06533,0,0,0
08236,06534,0,0,0
08236,06535,0,0,0
08236,06611,11,0,11
08236,06631,0,0,0
08236,06632,0,0,0
08236,06633,0,0,0
08236,06634,0,0,0
08236,06635,0,0,0
08236,06636,0,0,0
08236,07111,0,0,0
08236,07131,0,0,0
08236,07132,0,0,0
08236,07133,0,0,0
08236,07134,0,0,0
08236,07135,0,0,0
08236,07137,0,0,0
08236,07138,0,0,0
08236,07140,0,0,0
08236,07141,0,0,0
08236,07143,11,11,0
08236,07211,0,0,0
08236,07231,0,0,0
08236,07232,0,0,0
08236,07233,0,0,0
08236,07235,0,0,0
08236,07311,0,0,0
08236,07312,0,0,0
08236,07313,29,14,15
08236,07314,40,14,26
08236,07315,12,0,12
08236,07316,0,0,0
08236,07317,0,0,0
08236,07318,26,15,11
08236,07319,0,0,0
08236,07320,0,0,0
08236,07331,14,14,0
08236,07332,24,13,11
08236,07333,25,25,0
08236,07334,201,90,111
08236,07335,14,14,0
08236,07336,0,0,0
08236,07337,68,39,29
08236,07338,20,20,0
08236,07339,10,0,10
08236,07340,11,11,0
08236,08111,4788,612,4176
08236,08115,6104,1428,4676
08236,08116,834,254,580
08236,08117,136,72,64
08236,08118,7249,2542,4707
08236,08119,460,166,294
08236,08121,204,61,143
08236,08125,1016,534,482
08236,08126,59,32,27
08236,08127,67,38,29
08236,08128,26,13,13
08236,08135,63,41,22
08236,08136,104,31,73
08236,08211,142,43,99
08236,08212,4809,1098,3711
08236,08215,11571,5341,6230
08236,08216,669,266,403
08236,08221,104,21,83
08236,08222,186,40,146
08236,08225,38,17,21
08236,08226,381,148,233
08236,08231,29790,10964,18826
08236,08235,3473,2168,1305
08236,08236,0,0,0
08236,08237,113,48,65
08236,08311,124,27,97
08236,08315,57,33,24
08236,08316,53,41,12
08236,08317,230,126,104
08236,08325,54,24,30
08236,08326,66,22,44
08236,08327,42,15,27
08236,08335,49,21,28
08236,08336,30,11,19
08236,08337,17,0,17
08236,08415,159,61,98
08236,08416,145,74,71
08236,08417,128,34,94
08236,08421,71,26,45
08236,08425,61,47,14
08236,08426,32,20,12
08236,08435,106,41,65
08236,08436,73,55,18
08236,08437,13,13,0
08236,09161,18,0,18
08236,09162,215,42,173
08236,09163,0,0,0
08236,09171,0,0,0
08236,09172,20,10,10
08236,09173,0,0,0
08236,09174,0,0,0
08236,09175,0,0,0
08236,09176,0,0,0
08236,09177,0,0,0
08236,09178,20,0,20
08236,09179,25,10,15
08236,09180,0,0,0
08236,09181,0,0,0
08236,09182,0,0,0
08236,09183,0,0,0
08236,09184,78,10,68
08236,09185,23,23,0
08236,09186,0,0,0
08236,09187,0,0,0
08236,09188,23,11,12
08236,09189,0,0,0
08236,09190,0,0,0
08236,09261,13,0,13
08236,09262,0,0,0
08236,09263,0,0,0
08236,09271,0,0,0
08236,09272,0,0,0
08236,09273,0,0,0
08236,09274,12,0,12
08236,09275,0,0,0
08236,09276,0,0,0
08236,09277,0,0,0
08236,09278,0,0,0
08236,09279,0,0,0
08236,09361,0,0,0
08236,09362,10,10,0
08236,09363,0,0,0
08236,09371,0,0,0
08236,09372,0,0,0
08236,09373,0,0,0
08236,09374,0,0,0
08236,09375,14,14,0
08236,09376,34,34,0
08236,09377,0,0,0
08236,09461,0,0,0
08236,09462,0,0,0
08236,09463,0,0,0
08236,09464,0,0,0
08236,09471,0,0,0
08236,09472,0,0,0
08236,09473,0,0,0
08236,09474,0,0,0
08236,09475,0,0,0
08236,09476,0,0,0
08236,09477,0,0,0
08236,09478,0,0,0
08236,09479,0,0,0
08236,09561,0,0,0
08236,09562,14,0,14
08236,09563,0,0,0
08236,09564,84,30,54
08236,09565,0,0,0
08236,09571,10,10,0
08236,09572,0,0,0
08236,09573,0,0,0
08236,09574,13,13,0
08236,09575,0,0,0
08236,09576,0,0,0
08236,09577,0,0,0
08236,09661,0,0,0
08236,09662,0,0,0
08236,09663,12,0,12
08236,09671,0,0,0
08236,09672,0,0,0
08236,09673,0,0,0
08236,09674,0,0,0
08236,09675,0,0,0
08236,09676,10,0,10
08236,09677,0,0,0
08236,09678,0,0,0
08236,09679,11,11,0
08236,09761,34,12,22
08236,09762,0,0,0
08236,09763,0,0,0
08236,09764,0,0,0
08236,09771,0,0,0
08236,09772,12,12,0
08236,09773,0,0,0
08236,09774,12,12,0
08236,09775,61,40,21
08236,09776,0,0,0
08236,09777,12,12,0
08236,09778,22,12,10
08236,09779,0,0,0
08236,09780,29,12,17
08236,10041,28,10,18
08236,10042,0,0,0
08236,10043,0,0,0
08236,10044,10,10,0
08236,10045,13,0,13
08236,10046,0,0,0
08236,11000,199,87,112
08236,12051,0,0,0
08236,12052,0,0,0
08236,12053,0,0,0
08236,12054,0,0,0
08236,12060,0,0,0
08236,12061,0,0,0
08236,12062,0,0,0
08236,12063,22,10,12
08236,12064,0,0,0
08236,12065,0,0,0
08236,12066,0,0,0
08236,12067,0,0,0
08236,12068,0,0,0
08236,12069,14,14,0
08236,12070,0,0,0
08236,12071,0,0,0
08236,12072,0,0,0
08236,12073,0,0,0
08236,13003,0,0,0
08236,13004,0,0,0
08236,13071,0,0,0
08236,13072,0,0,0
08236,13073,0,0,0
08236,13074,0,0,0
08236,13075,0,0,0
08236,13076,0,0,0
08236,14511,0,0,0
08236,14521,11,11,0
08236,14522,30,30,0
08236,14523,0,0,0
08236,14524,0,0,0
08236,14612,15,15,0
08236,14625,16,16,0
08236,14626,0,0,0
08236,14627,0,0,0
08236,14628,10,10,0
08236,14713,0,0,0
08236,14729,13,13,0
08236,14730,0,0,0
08236,15001,0,0,0
08236,15002,0,0,0
08236,15003,0,0,0
08236,15081,10,0,10
08236,15082,0,0,0
08236,15083,0,0,0
08236,15084,0,0,0
08236,15085,0,0,0
08236,15086,0,0,0
08236,15087,0,0,0
08236,15088,0,0,0
08236,15089,0,0,0
08236,15090,0,0,0
08236,15091,0,0,0
08236,16051,0,0,0
08236,16052,0,0,0
08236,16053,0,0,0
08236,16054,0,0,0
08236,16055,0,0,0
08236,16056,0,0,0
08236,16061,0,0,0
08236,16062,0,0,0
08236,16063,0,0,0
08236,16064,0,0,0
08236,16065,0,0,0
08236,16066,11,11,0
08236,16067,0,0,0
08236,16068,0,0,0
08236,16069,0,0,0
08236,16070,0,0,0
08236,16071,0,0,0
08236,16072,0,0,0
08236,16073,0,0,0
08236,16074,0,0,0
08236,16075,0,0,0
08236,16076,0,0,0
08236,16077,0,0,0
08237,01001,0,0,0
08237,01002,0,0,0
08237,01003,0,0,0
08237,01004,0,0,0
08237,01051,0,0,0
08237,01053,0,0,0
08237,01054,0,0,0
08237,01055,0,0,0
08237,01056,0,0,0
08237,01057,0,0,0
08237,01058,0,0,0
08237,01059,0,0,0
08237,01060,0,0,0
08237,01061,0,0,0
08237,01062,0,0,0
08237,02000,57,15,42
08237,03101,0,0,0
08237,03102,0,0,0
08237,03103,0,0,0
08237,03151,0,0,0
08237,03153,0,0,0
08237,03154,0,0,0
08237,03155,0,0,0
08237,03157,0,0,0
08237,03158,0,0,0
08237,03159,0,0,0
08237,03241,26,10,16
08237,03251,0,0,0
08237,03252,0,0,0
08237,03254,0,0,0
08237,03255,0,0,0
08237,03256,0,0,0
08237,03257,0,0,0
08237,03351,0,0,0
08237,03352,0,0,0
08237,03353,0,0,0
08237,03354,0,0,0
08237,03355,0,0,0
08237,03356,0,0,0
08237,03357,0,0,0
08237,03358,0,0,0
08237,03359,0,0,0
08237,03360,0,0,0
08237,03361,0,0,0
08237,03401,0,0,0
08237,03402,0,0,0
08237,03403,0,0,0
08237,03404,0,0,0
08237,03405,0,0,0
08237,03451,0,0,0
08237,03452,0,0,0
08237,03453,0,0,0
08237,03454,0,0,0
08237,03455,0,0,0
08237,03456,0,0,0
08237,03457,0,0,0
08237,03458,0,0,0
08237,03459,0,0,0
08237,03460,0,0,0
08237,03461,0,0,0
08237,03462,0,0,0
08237,04011,10,0,10
08237,04012,0,0,0
08237,05111,41,10,31
08237,05112,0,0,0
08237,05113,23,12,11
08237,05114,0,0,0
08237,05116,0,0,0
08237,05117,0,0,0
08237,05119,0,0,0
08237,05120,0,0,0
08237,05122,0,0,0
08237,05124,0,0,0
08237,05154,0,0,0
08237,05158,10,0,10
08237,05162,105,48,57
08237,05166,10,10,0
08237,05170,0,0,0
08237,05314,0,0,0
08237,05315,20,0,20
08237,05316,0,0,0
08237,05334,0,0,0
08237,05358,0,0,0
08237,05362,0,0,0
08237,05366,0,0,0
08237,05370,0,0,0
08237,05374,0,0,0
08237,05378,0,0,0
08237,05382,0,0,0
08237,05512,0,0,0
08237,05513,0,0,0
08237,05515,0,0,0
08237,05554,0,0,0
08237,05558,0,0,0
08237,05562,13,0,13
08237,05566,0,0,0
08237,05570,0,0,0
08237,05711,0,0,0
08237,05754,29,13,16
08237,05758,0,0,0
08237,05762,0,0,0
08237,05766,12,12,0
08237,05770,0,0,0
08237,05774,0,0,0
08237,05911,0,0,0
08237,05913,0,0,0
08237,05914,0,0,0
08237,05915,0,0,0
08237,05916,0,0,0
08237,05954,0,0,0
08237,05958,0,0,0
08237,05962,0,0,0
08237,05966,0,0,0
08237,05970,0,0,0
08237,05974,0,0,0
08237,05978,0,0,0
08237,06411,0,0,0
08237,06412,63,13,50
08237,06413,0,0,0
08237,06414,10,0,10
08237,06431,21,0,21
08237,06432,0,0,0
08237,06433,10,0,10
08237,06434,15,0,15
08237,06435,10,10,0
08237,06436,0,0,0
08237,06437,0,0,0
08237,06438,19,0,19
08237,06439,0,0,0
08237,06440,0,0,0
08237,06531,0,0,0
08237,06532,0,0,0
08237,06533,0,0,0
08237,06534,0,0,0
08237,06535,0,0,0
08237,06611,0,0,0
08237,06631,0,0,0
08237,06632,0,0,0
08237,06633,0,0,0
08237,06634,0,0,0
08237,06635,0,0,0
08237,06636,0,0,0
08237,07111,21,0,21
08237,07131,0,0,0
08237,07132,0,0,0
08237,07133,0,0,0
08237,07134,0,0,0
08237,07135,0,0,0
08237,07137,0,0,0
08237,07138,0,0,0
08237,07140,0,0,0
08237,07141,0,0,0
08237,07143,0,0,0
08237,07211,0,0,0
08237,07231,0,0,0
08237,07232,0,0,0
08237,07233,0,0,0
08237,07235,0,0,0
08237,07311,0,0,0
08237,07312,0,0,0
08237,07313,0,0,0
08237,07314,10,0,10
08237,07315,0,0,0
08237,07316,0,0,0
08237,07317,0,0,0
08237,07318,0,0,0
08237,07319,0,0,0
08237,07320,0,0,0
08237,07331,10,10,0
08237,07332,0,0,0
08237,07333,0,0,0
08237,07334,0,0,0
08237,07335,0,0,0
08237,07336,0,0,0
08237,07337,11,0,11
08237,07338,0,0,0
08237,07339,0,0,0
08237,07340,0,0,0
08237,08111,1149,145,1004
08237,08115,3742,728,3014
08237,08116,371,105,266
08237,08117,56,23,33
08237,08118,255,79,176
08237,08119,171,51,120
08237,08121,33,18,15
08237,08125,57,28,29
08237,08126,41,19,22
08237,08127,0,0,0
08237,08128,0,0,0
08237,08135,0,0,0
08237,08136,99,60,39
08237,08211,94,39,55
08237,08212,211,49,162
08237,08215,134,62,72
08237,08216,598,270,328
08237,08221,22,10,12
08237,08222,42,14,28
08237,08225,11,11,0
08237,08226,64,34,30
08237,08231,95,34,61
08237,08235,6597,3325,3272
08237,08236,113,65,48
08237,08237,0,0,0
08237,08311,56,14,42
08237,08315,63,33,30
08237,08316,43,21,22
08237,08317,1124,427,697
08237,08325,6099,3241,2858
08237,08326,475,161,314
08237,08327,170,72,98
08237,08335,101,41,60
08237,08336,50,0,50
08237,08337,0,0,0
08237,08415,448,142,306
08237,08416,2369,1147,1222
08237,08417,1430,849,581
08237,08421,16,0,16
08237,08425,17,17,0
08237,08426,34,17,17
08237,08435,56,27,29
08237,08436,45,25,20
08237,08437,48,23,25
08237,09161,44,0,44
08237,09162,118,23,95
08237,09163,0,0,0
08237,09171,0,0,0
08237,09172,0,0,0
08237,09173,0,0,0
08237,09174,0,0,0
08237,09175,0,0,0
08237,09176,0,0,0
08237,09177,0,0,0
08237,09178,0,0,0
08237,09179,0,0,0
08237,09180,0,0,0
08237,09181,0,0,0
08237,09182,0,0,0
08237,09183,0,0,0
08237,09184,50,0,50
08237,09185,0,0,0
08237,09186,0,0,0
08237,09187,0,0,0
08237,09188,15,15,0
08237,09189,0,0,0
08237,09190,0,0,0
08237,09261,0,0,0
08237,09262,0,0,0
08237,09263,0,0,0
08237,09271,0,0,0
08237,09272,0,0,0
08237,09273,0,0,0
08237,09274,0,0,0
08237,09275,0,0,0
08237,09276,0,0,0
08237,09277,0,0,0
08237,09278,0,0,0
08237,09279,0,0,0
08237,09361,0,0,0
08237,09362,0,0,0
08237,09363,0,0,0
08237,09371,0,0,0
08237,09372,0,0,0
08237,09373,0,0,0
08237,09374,0,0,0
08237,09375,0,0,0
08237,09376,0,0,0
08237,09377,0,0,0
08237,09461,0,0,0
08237,09462,0,0,0
08237,09463,0,0,0
08237,09464,0,0,0
08237,09471,0,0,0
08237,09472,0,0,0
08237,09473,0,0,0
08237,09474,0,0,0
08237,09475,0,0,0
08237,09476,0,0,0
08237,09477,0,0,0
08237,09478,0,0,0
08237,09479,0,0,0
08237,09561,0,0,0
08237,09562,0,0,0
08237,09563,0,0,0
08237,09564,19,0,19
08237,09565,0,0,0
08237,09571,0,0,0
08237,09572,0,0,0
08237,09573,0,0,0
08237,09574,0,0,0
08237,09575,0,0,0
08237,09576,0,0,0
08237,09577,0,0,0
08237,09661,0,0,0
08237,09662,0,0,0
08237,09663,0,0,0
08237,09671,0,0,0
08237,09672,0,0,0
08237,09673,0,0,0
08237,09674,0,0,0
08237,09675,0,0,0
08237,09676,0,0,0
08237,09677,45,0,45
08237,09678,98,0,98
08237,09679,0,0,0
08237,09761,0,0,0
08237,09762,0,0,0
08237,09763,0,0,0
08237,09764,0,0,0
08237,09771,0,0,0
08237,09772,0,0,0
08237,09773,0,0,0
08237,09774,0,0,0
08237,09775,16,0,16
08237,09776,0,0,0
08237,09777,0,0,0
08237,09778,0,0,0
08237,09779,0,0,0
08237,09780,0,0,0
08237,10041,0,0,0
08237,10042,0,0,0
08237,10043,0,0,0
08237,10044,0,0,0
08237,10045,0,0,0
08237,10046,0,0,0
08237,11000,91,35,56
08237,12051,0,0,0
08237,12052,0,0,0
08237,12053,0,0,0
08237,12054,0,0,0
08237,12060,0,0,0
08237,12061,0,0,0
08237,12062,0,0,0
08237,12063,0,0,0
08237,12064,0,0,0
08237,12065,0,0,0
08237,12066,0,0,0
08237,12067,0,0,0
08237,12068,0,0,0
08237,12069,0,0,0
08237,12070,0,0,0
08237,12071,0,0,0
08237,12072,0,0,0
08237,12073,0,0,0
08237,13003,0,0,0
08237,13004,0,0,0
08237,13071,0,0,0
08237,13072,0,0,0
08237,13073,0,0,0
08237,13074,0,0,0
08237,13075,0,0,0
08237,13076,0,0,0
08237,14511,0,0,0
08237,14521,0,0,0
08237,14522,0,0,0
08237,14523,0,0,0
08237,14524,0,0,0
08237,14612,11,11,0
08237,14625,0,0,0
08237,14626,0,0,0
08237,14627,0,0,0
08237,14628,0,0,0
08237,14713,0,0,0
08237,14729,0,0,0
08237,14730,0,0,0
08237,15001,0,0,0
08237,15002,0,0,0
08237,15003,0,0,0
08237,15081,0,0,0
08237,15082,0,0,0
08237,15083,0,0,0
08237,15084,0,0,0
08237,15085,0,0,0
08237,15086,0,0,0
08237,15087,0,0,0
08237,15088,0,0,0
08237,15089,0,0,0
08237,15090,0,0,0
08237,15091,0,0,0
08237,16051,0,0,0
08237,16052,0,0,0
08237,16053,0,0,0
08237,16054,0,0,0
08237,16055,0,0,0
08237,16056,0,0,0
08237,16061,0,0,0
08237,16062,0,0,0
08237,16063,0,0,0
08237,16064,0,0,0
08237,16065,0,0,0
08237,16066,0,0,0
08237,16067,0,0,0
08237,16068,0,0,0
08237,16069,0,0,0
08237,16070,0,0,0
08237,16071,0,0,0
08237,16072,0,0,0
08237,16073,0,0,0
08237,16074,0,0,0
08237,16075,0,0,0
08237,16076,0,0,0
08237,16077,0,0,0
08311,01001,17,0,17
08311,01002,13,13,0
08311,01003,11,11,0
08311,01004,0,0,0
08311,01051,0,0,0
08311,01053,0,0,0
08311,01054,0,0,0
08311,01055,0,0,0
08311,01056,17,17,0
08311,01057,0,0,0
08311,01058,0,0,0
08311,01059,0,0,0
08311,01060,30,20,10
08311,01061,0,0,0
08311,01062,11,11,0
08311,02000,326,169,157
08311,03101,29,13,16
08311,03102,0,0,0
08311,03103,0,0,0
08311,03151,0,0,0
08311,03153,0,0,0
08311,03154,0,0,0
08311,03155,13,13,0
08311,03157,0,0,0
08311,03158,0,0,0
08311,03159,65,46,19
08311,03241,138,67,71
08311,03251,14,14,0
08311,03252,0,0,0
08311,03254,0,0,0
08311,03255,0,0,0
08311,03256,0,0,0
08311,03257,11,11,0
08311,03351,0,0,0
08311,03352,0,0,0
08311,03353,18,18,0
08311,03354,0,0,0
08311,03355,24,11,13
08311,03356,0,0,0
08311,03357,0,0,0
08311,03358,0,0,0
08311,03359,0,0,0
08311,03360,0,0,0
08311,03361,0,0,0
08311,03401,0,0,0
08311,03402,0,0,0
08311,03403,19,19,0
08311,03404,89,10,79
08311,03405,0,0,0
08311,03451,12,12,0
08311,03452,0,0,0
08311,03453,0,0,0
08311,03454,0,0,0
08311,03455,0,0,0
08311,03456,0,0,0
08311,03457,0,0,0
08311,03458,0,0,0
08311,03459,0,0,0
08311,03460,0,0,0
08311,03461,0,0,0
08311,03462,0,0,0
08311,04011,58,21,37
08311,04012,0,0,0
08311,05111,167,49,118
08311,05112,36,16,20
08311,05113,53,27,26
08311,05114,0,0,0
08311,05116,14,0,14
08311,05117,11,11,0
08311,05119,0,0,0
08311,05120,0,0,0
08311,05122,0,0,0
08311,05124,25,15,10
08311,05154,0,0,0
08311,05158,52,21,31
08311,05162,49,30,19
08311,05166,25,14,11
08311,05170,12,12,0
08311,05314,117,44,73
08311,05315,301,87,214
08311,05316,0,0,0
08311,05334,60,34,26
08311,05358,18,0,18
08311,05362,30,17,13
08311,05366,0,0,0
08311,05370,0,0,0
08311,05374,35,0,35
08311,05378,18,18,0
08311,05382,56,40,16
08311,05512,0,0,0
08311,05513,0,0,0
08311,05515,49,29,20
08311,05554,12,12,0
08311,05558,10,10,0
08311,05562,16,16,0
08311,05566,14,14,0
08311,05570,0,0,0
08311,05711,10,0,10
08311,05754,30,10,20
08311,05758,18,18,0
08311,05762,0,0,0
08311,05766,12,12,0
08311,05770,0,0,0
08311,05774,10,10,0
08311,05911,37,21,16
08311,05913,55,43,12
08311,05914,0,0,0
08311,05915,10,10,0
08311,05916,0,0,0
08311,05954,14,14,0
08311,05958,11,11,0
08311,05962,18,18,0
08311,05966,0,0,0
08311,05970,17,17,0
08311,05974,17,17,0
08311,05978,51,40,11
08311,06411,72,29,43
08311,06412,420,92,328
08311,06413,21,11,10
08311,06414,64,27,37
08311,06431,76,62,14
08311,06432,39,39,0
08311,06433,30,15,15
08311,06434,67,28,39
08311,06435,44,13,31
08311,06436,82,27,55
08311,06437,0,0,0
08311,06438,50,21,29
08311,06439,18,18,0
08311,06440,49,49,0
08311,06531,32,20,12
08311,06532,0,0,0
08311,06533,11,11,0
08311,06534,25,25,0
08311,06535,0,0,0
08311,06611,32,17,15
08311,06631,14,14,0
08311,06632,0,0,0
08311,06633,0,0,0
08311,06634,19,0,19
08311,06635,0,0,0
08311,06636,0,0,0
08311,07111,0,0,0
08311,07131,0,0,0
08311,07132,0,0,0
08311,07133,0,0,0
08311,07134,0,0,0
08311,07135,0,0,0
08311,07137,0,0,0
08311,07138,11,11,0
08311,07140,0,0,0
08311,07141,0,0,0
08311,07143,0,0,0
08311,07211,24,14,10
08311,07231,20,0,20
08311,07232,0,0,0
08311,07233,0,0,0
08311,07235,0,0,0
08311,07311,0,0,0
08311,07312,29,15,14
08311,07313,0,0,0
08311,07314,90,17,73
08311,07315,67,31,36
08311,07316,0,0,0
08311,07317,0,0,0
08311,07318,0,0,0
08311,07319,10,10,0
08311,07320,0,0,0
08311,07331,0,0,0
08311,07332,15,15,0
08311,07333,0,0,0
08311,07334,37,37,0
08311,07335,0,0,0
08311,07336,0,0,0
08311,07337,28,18,10
08311,07338,20,20,0
08311,07339,41,29,12
08311,07340,0,0,0
08311,08111,671,159,512
08311,08115,144,62,82
08311,08116,192,103,89
08311,08117,62,35,27
08311,08118,163,71,92
08311,08119,175,127,48
08311,08121,41,15,26
08311,08125,66,32,34
08311,08126,20,0,20
08311,08127,25,25,0
08311,08128,86,76,10
08311,08135,0,0,0
08311,08136,59,28,31
08311,08211,224,145,79
08311,08212,1019,555,464
08311,08215,697,573,124
08311,08216,569,479,90
08311,08221,245,130,115
08311,08222,302,177,125
08311,08225,117,117,0
08311,08226,398,279,119
08311,08231,105,70,35
08311,08235,75,47,28
08311,08236,124,97,27
08311,08237,56,42,14
08311,08311,0,0,0
08311,08315,42560,32143,10417
08311,08316,24084,19068,5016
08311,08317,6035,4409,1626
08311,08325,162,118,44
08311,08326,1111,775,336
08311,08327,204,137,67
08311,08335,907,795,112
08311,08336,3187,1983,1204
08311,08337,1084,844,240
08311,08415,86,44,42
08311,08416,118,80,38
08311,08417,109,81,28
08311,08421,81,31,50
08311,08425,58,27,31
08311,08426,48,29,19
08311,08435,191,145,46
08311,08436,98,62,36
08311,08437,174,145,29
08311,09161,21,11,10
08311,09162,554,169,385
08311,09163,0,0,0
08311,09171,0,0,0
08311,09172,0,0,0
08311,09173,0,0,0
08311,09174,12,12,0
08311,09175,25,25,0
08311,09176,0,0,0
08311,09177,0,0,0
08311,09178,39,18,21
08311,09179,22,12,10
08311,09180,10,10,0
08311,09181,0,0,0
08311,09182,0,0,0
08311,09183,0,0,0
08311,09184,110,32,78
08311,09185,0,0,0
08311,09186,0,0,0
08311,09187,12,12,0
08311,09188,11,11,0
08311,09189,0,0,0
08311,09190,0,0,0
08311,09261,0,0,0
08311,09262,0,0,0
08311,09263,0,0,0
08311,09271,0,0,0
08311,09272,0,0,0
08311,09273,0,0,0
08311,09274,0,0,0
08311,09275,0,0,0
08311,09276,0,0,0
08311,09277,0,0,0
08311,09278,0,0,0
08311,09279,0,0,0
08311,09361,0,0,0
08311,09362,0,0,0
08311,09363,0,0,0
08311,09371,0,0,0
08311,09372,0,0,0
08311,09373,0,0,0
08311,09374,0,0,0
08311,09375,10,10,0
08311,09376,0,0,0
08311,09377,0,0,0
08311,09461,0,0,0
08311,09462,0,0,0
08311,09463,0,0,0
08311,09464,0,0,0
08311,09471,0,0,0
08311,09472,0,0,0
08311,09473,0,0,0
08311,09474,0,0,0
08311,09475,0,0,0
08311,09476,0,0,0
08311,09477,0,0,0
08311,09478,0,0,0
08311,09479,0,0,0
08311,09561,0,0,0
08311,09562,24,11,13
08311,09563,0,0,0
08311,09564,75,24,51
08311,09565,0,0,0
08311,09571,12,12,0
08311,09572,0,0,0
08311,09573,10,10,0
08311,09574,13,13,0
08311,09575,0,0,0
08311,09576,0,0,0
08311,09577,0,0,0
08311,09661,0,0,0
08311,09662,0,0,0
08311,09663,35,22,13
08311,09671,18,18,0
08311,09672,0,0,0
08311,09673,0,0,0
08311,09674,0,0,0
08311,09675,0,0,0
08311,09676,11,11,0
08311,09677,0,0,0
08311,09678,0,0,0
08311,09679,16,16,0
08311,09761,38,25,13
08311,09762,0,0,0
08311,09763,0,0,0
08311,09764,0,0,0
08311,09771,12,12,0
08311,09772,11,11,0
08311,09773,0,0,0
08311,09774,0,0,0
08311,09775,15,15,0
08311,09776,10,10,0
08311,09777,0,0,0
08311,09778,0,0,0
08311,09779,0,0,0
08311,09780,11,11,0
08311,10041,84,25,59
08311,10042,0,0,0
08311,10043,10,10,0
08311,10044,11,11,0
08311,10045,0,0,0
08311,10046,0,0,0
08311,11000,810,335,475
08311,12051,0,0,0
08311,12052,0,0,0
08311,12053,0,0,0
08311,12054,31,18,13
08311,12060,0,0,0
08311,12061,17,17,0
08311,12062,0,0,0
08311,12063,0,0,0
08311,12064,13,13,0
08311,12065,0,0,0
08311,12066,12,0,12
08311,12067,0,0,0
08311,12068,0,0,0
08311,12069,16,16,0
08311,12070,0,0,0
08311,12071,0,0,0
08311,12072,0,0,0
08311,12073,0,0,0
08311,13003,0,0,0
08311,13004,0,0,0
08311,13071,0,0,0
08311,13072,0,0,0
08311,13073,0,0,0
08311,13074,0,0,0
08311,13075,0,0,0
08311,13076,0,0,0
08311,14511,0,0,0
08311,14521,11,11,0
08311,14522,81,81,0
08311,14523,0,0,0
08311,14524,0,0,0
08311,14612,80,31,49
08311,14625,24,24,0
08311,14626,0,0,0
08311,14627,12,12,0
08311,14628,18,18,0
08311,14713,80,51,29
08311,14729,0,0,0
08311,14730,10,10,0
08311,15001,0,0,0
08311,15002,21,21,0
08311,15003,11,11,0
08311,15081,0,0,0
08311,15082,0,0,0
08311,15083,0,0,0
08311,15084,0,0,0
08311,15085,0,0,0
08311,15086,0,0,0
08311,15087,0,0,0
08311,15088,0,0,0
08311,15089,0,0,0
08311,15090,0,0,0
08311,15091,0,0,0
08311,16051,29,29,0
08311,16052,0,0,0
08311,16053,11,0,11
08311,16054,0,0,0
08311,16055,0,0,0
08311,16056,0,0,0
08311,16061,0,0,0
08311,16062,0,0,0
08311,16063,0,0,0
08311,16064,0,0,0
08311,16065,0,0,0
08311,16066,0,0,0
08311,16067,13,13,0
08311,16068,0,0,0
08311,16069,0,0,0
08311,16070,13,13,0
08311,16071,10,10,0
08311,16072,0,0,0
08311,16073,0,0,0
08311,16074,0,0,0
08311,16075,0,0,0
08311,16076,0,0,0
08311,16077,0,0,0
08315,01001,53,0,53
08315,01002,0,0,0
08315,01003,0,0,0
08315,01004,0,0,0
08315,01051,0,0,0
08315,01053,0,0,0
08315,01054,0,0,0
08315,01055,0,0,0
08315,01056,13,13,0
08315,01057,0,0,0
08315,01058,0,0,0
08315,01059,0,0,0
08315,01060,23,13,10
08315,01061,0,0,0
08315,01062,14,14,0
08315,02000,220,121,99
08315,03101,13,13,0
08315,03102,0,0,0
08315,03103,0,0,0
08315,03151,0,0,0
08315,03153,0,0,0
08315,03154,0,0,0
08315,03155,12,12,0
08315,03157,0,0,0
08315,03158,0,0,0
08315,03159,23,12,11
08315,03241,88,35,53
08315,03251,0,0,0
08315,03252,11,0,11
08315,03254,0,0,0
08315,03255,0,0,0
08315,03256,0,0,0
08315,03257,0,0,0
08315,03351,0,0,0
08315,03352,0,0,0
08315,03353,31,31,0
08315,03354,0,0,0
08315,03355,10,10,0
08315,03356,0,0,0
08315,03357,0,0,0
08315,03358,0,0,0
08315,03359,29,11,18
08315,03360,0,0,0
08315,03361,0,0,0
08315,03401,0,0,0
08315,03402,64,64,0
08315,03403,0,0,0
08315,03404,25,0,25
08315,03405,0,0,0
08315,03451,0,0,0
08315,03452,43,43,0
08315,03453,0,0,0
08315,03454,0,0,0
08315,03455,0,0,0
08315,03456,0,0,0
08315,03457,23,23,0
08315,03458,0,0,0
08315,03459,19,0,19
08315,03460,0,0,0
08315,03461,0,0,0
08315,03462,0,0,0
08315,04011,34,12,22
08315,04012,0,0,0
08315,05111,111,12,99
08315,05112,17,0,17
08315,05113,34,17,17
08315,05114,17,0,17
08315,05116,0,0,0
08315,05117,0,0,0
08315,05119,0,0,0
08315,05120,0,0,0
08315,05122,0,0,0
08315,05124,0,0,0
08315,05154,22,0,22
08315,05158,30,0,30
08315,05162,33,0,33
08315,05166,14,0,14
08315,05170,12,12,0
08315,05314,27,0,27
08315,05315,149,28,121
08315,05316,0,0,0
08315,05334,29,14,15
08315,05358,0,0,0
08315,05362,49,11,38
08315,05366,0,0,0
08315,05370,0,0,0
08315,05374,30,0,30
08315,05378,0,0,0
08315,05382,39,19,20
08315,05512,0,0,0
08315,05513,0,0,0
08315,05515,16,0,16
08315,05554,0,0,0
08315,05558,0,0,0
08315,05562,12,12,0
08315,05566,15,0,15
08315,05570,0,0,0
08315,05711,14,0,14
08315,05754,29,0,29
08315,05758,0,0,0
08315,05762,0,0,0
08315,05766,22,12,10
08315,05770,0,0,0
08315,05774,0,0,0
08315,05911,0,0,0
08315,05913,25,10,15
08315,05914,0,0,0
08315,05915,0,0,0
08315,05916,10,10,0
08315,05954,10,0,10
08315,05958,0,0,0
08315,05962,11,0,11
08315,05966,0,0,0
08315,05970,12,0,12
08315,05974,11,0,11
08315,05978,14,14,0
08315,06411,33,0,33
08315,06412,235,30,205
08315,06413,17,0,17
08315,06414,28,0,28
08315,06431,40,29,11
08315,06432,39,18,21
08315,06433,39,15,24
08315,06434,41,12,29
08315,06435,58,17,41
08315,06436,25,0,25
08315,06437,0,0,0
08315,06438,41,13,28
08315,06439,23,11,12
08315,06440,10,0,10
08315,06531,10,0,10
08315,06532,0,0,0
08315,06533,14,14,0
08315,06534,16,16,0
08315,06535,0,0,0
08315,06611,0,0,0
08315,06631,11,11,0
08315,06632,0,0,0
08315,06633,0,0,0
08315,06634,0,0,0
08315,06635,0,0,0
08315,06636,0,0,0
08315,07111,0,0,0
08315,07131,0,0,0
08315,07132,0,0,0
08315,07133,11,0,11
08315,07134,0,0,0
08315,07135,0,0,0
08315,07137,0,0,0
08315,07138,10,0,10
08315,07140,0,0,0
08315,07141,0,0,0
08315,07143,12,12,0
08315,07211,0,0,0
08315,07231,0,0,0
08315,07232,0,0,0
08315,07233,0,0,0
08315,07235,0,0,0
08315,07311,0,0,0
08315,07312,21,0,21
08315,07313,0,0,0
08315,07314,56,13,43
08315,07315,37,13,24
08315,07316,10,10,0
08315,07317,0,0,0
08315,07318,0,0,0
08315,07319,0,0,0
08315,07320,0,0,0
08315,07331,16,16,0
08315,07332,14,0,14
08315,07333,0,0,0
08315,07334,25,15,10
08315,07335,0,0,0
08315,07336,0,0,0
08315,07337,15,15,0
08315,07338,15,15,0
08315,07339,26,13,13
08315,07340,0,0,0
08315,08111,486,48,438
08315,08115,157,78,79
08315,08116,166,49,117
08315,08117,57,28,29
08315,08118,125,49,76
08315,08119,100,33,67
08315,08121,25,12,13
08315,08125,66,41,25
08315,08126,32,0,32
08315,08127,13,0,13
08315,08128,14,0,14
08315,08135,14,0,14
08315,08136,58,18,40
08315,08211,75,31,44
08315,08212,393,78,315
08315,08215,182,98,84
08315,08216,242,138,104
08315,08221,61,21,40
08315,08222,244,48,196
08315,08225,20,10,10
08315,08226,510,74,436
08315,08231,42,22,20
08315,08235,82,40,42
08315,08236,57,24,33
08315,08237,63,30,33
08315,08311,42560,10417,32143
08315,08315,0,0,0
08315,08316,10814,5874,4940
08315,08317,2225,1161,1064
08315,08325,165,87,78
08315,08326,3377,1465,1912
08315,08327,262,105,157
08315,08335,295,170,125
08315,08336,6056,2960,3096
08315,08337,2234,1151,1083
08315,08415,69,31,38
08315,08416,64,29,35
08315,08417,81,34,47
08315,08421,63,22,41
08315,08425,38,21,17
08315,08426,36,17,19
08315,08435,126,57,69
08315,08436,73,30,43
08315,08437,66,37,29
08315,09161,35,23,12
08315,09162,337,109,228
08315,09163,0,0,0
08315,09171,0,0,0
08315,09172,0,0,0
08315,09173,0,0,0
08315,09174,78,78,0
08315,09175,0,0,0
08315,09176,16,16,0
08315,09177,0,0,0
08315,09178,20,0,20
08315,09179,10,10,0
08315,09180,0,0,0
08315,09181,21,0,21
08315,09182,10,0,10
08315,09183,0,0,0
08315,09184,81,13,68
08315,09185,29,0,29
08315,09186,14,14,0
08315,09187,0,0,0
08315,09188,0,0,0
08315,09189,0,0,0
08315,09190,0,0,0
08315,09261,0,0,0
08315,09262,0,0,0
08315,09263,0,0,0
08315,09271,0,0,0
08315,09272,0,0,0
08315,09273,31,31,0
08315,09274,0,0,0
08315,09275,0,0,0
08315,09276,0,0,0
08315,09277,0,0,0
08315,09278,0,0,0
08315,09279,0,0,0
08315,09361,0,0,0
08315,09362,15,15,0
08315,09363,0,0,0
08315,09371,0,0,0
08315,09372,0,0,0
08315,09373,0,0,0
08315,09374,0,0,0
08315,09375,10,10,0
08315,09376,0,0,0
08315,09377,0,0,0
08315,09461,0,0,0
08315,09462,0,0,0
08315,09463,0,0,0
08315,09464,0,0,0
08315,09471,0,0,0
08315,09472,0,0,0
08315,09473,0,0,0
08315,09474,10,10,0
08315,09475,0,0,0
08315,09476,17,17,0
08315,09477,0,0,0
08315,09478,0,0,0
08315,09479,0,0,0
08315,09561,0,0,0
08315,09562,0,0,0
08315,09563,0,0,0
08315,09564,62,0,62
08315,09565,0,0,0
08315,09571,0,0,0
08315,09572,0,0,0
08315,09573,0,0,0
08315,09574,0,0,0
08315,09575,0,0,0
08315,09576,0,0,0
08315,09577,0,0,0
08315,09661,0,0,0
08315,09662,0,0,0
08315,09663,15,0,15
08315,09671,14,14,0
08315,09672,25,25,0
08315,09673,0,0,0
08315,09674,0,0,0
08315,09675,0,0,0
08315,09676,0,0,0
08315,09677,0,0,0
08315,09678,0,0,0
08315,09679,0,0,0
08315,09761,41,10,31
08315,09762,0,0,0
08315,09763,0,0,0
08315,09764,0,0,0
08315,09771,14,14,0
08315,09772,25,10,15
08315,09773,0,0,0
08315,09774,10,0,10
08315,09775,28,14,14
08315,09776,0,0,0
08315,09777,0,0,0
08315,09778,0,0,0
08315,09779,0,0,0
08315,09780,0,0,0
08315,10041,59,26,33
08315,10042,0,0,0
08315,10043,30,0,30
08315,10044,0,0,0
08315,10045,26,12,14
08315,10046,0,0,0
08315,11000,358,80,278
08315,12051,0,0,0
08315,12052,0,0,0
08315,12053,0,0,0
08315,12054,0,0,0
08315,12060,0,0,0
08315,12061,0,0,0
08315,12062,0,0,0
08315,12063,0,0,0
08315,12064,0,0,0
08315,12065,0,0,0
08315,12066,0,0,0
08315,12067,0,0,0
08315,12068,0,0,0
08315,12069,0,0,0
08315,12070,0,0,0
08315,12071,0,0,0
08315,12072,0,0,0
08315,12073,0,0,0
08315,13003,0,0,0
08315,13004,0,0,0
08315,13071,0,0,0
08315,13072,0,0,0
08315,13073,0,0,0
08315,13074,0,0,0
08315,13075,0,0,0
08315,13076,0,0,0
08315,14511,0,0,0
08315,14521,0,0,0
08315,14522,10,10,0
08315,14523,0,0,0
08315,14524,0,0,0
08315,14612,49,16,33
08315,14625,0,0,0
08315,14626,10,10,0
08315,14627,15,15,0
08315,14628,0,0,0
08315,14713,49,23,26
08315,14729,0,0,0
08315,14730,0,0,0
08315,15001,0,0,0
08315,15002,0,0,0
08315,15003,0,0,0
08315,15081,0,0,0
08315,15082,0,0,0
08315,15083,0,0,0
08315,15084,0,0,0
08315,15085,0,0,0
08315,15086,0,0,0
08315,15087,0,0,0
08315,15088,0,0,0
08315,15089,0,0,0
08315,15090,0,0,0
08315,15091,0,0,0
08315,16051,10,0,10
08315,16052,0,0,0
08315,16053,10,0,10
08315,16054,0,0,0
08315,16055,0,0,0
08315,16056,0,0,0
08315,16061,0,0,0
08315,16062,0,0,0
08315,16063,0,0,0
08315,16064,0,0,0
08315,16065,0,0,0
08315,16066,0,0,0
08315,16067,0,0,0
08315,16068,0,0,0
08315,16069,0,0,0
08315,16070,0,0,0
08315,16071,0,0,0
08315,16072,0,0,0
08315,16073,0,0,0
08315,16074,0,0,0
08315,16075,0,0,0
08315,16076,0,0,0
08315,16077,0,0,0
08316,01001,48,0,48
08316,01002,0,0,0
08316,01003,0,0,0
08316,01004,0,0,0
08316,01051,0,0,0
08316,01053,0,0,0
08316,01054,0,0,0
08316,01055,0,0,0
08316,01056,0,0,0
08316,01057,0,0,0
08316,01058,0,0,0
08316,01059,0,0,0
08316,01060,0,0,0
08316,01061,0,0,0
08316,01062,0,0,0
08316,02000,87,19,68
08316,03101,0,0,0
08316,03102,0,0,0
08316,03103,0,0,0
08316,03151,0,0,0
08316,03153,0,0,0
08316,03154,0,0,0
08316,03155,0,0,0
08316,03157,0,0,0
08316,03158,0,0,0
08316,03159,0,0,0
08316,03241,51,17,34
08316,03251,0,0,0
08316,03252,0,0,0
08316,03254,0,0,0
08316,03255,0,0,0
08316,03256,0,0,0
08316,03257,0,0,0
08316,03351,0,0,0
08316,03352,0,0,0
08316,03353,0,0,0
08316,03354,0,0,0
08316,03355,0,0,0
08316,03356,0,0,0
08316,03357,0,0,0
08316,03358,0,0,0
08316,03359,0,0,0
08316,03360,0,0,0
08316,03361,0,0,0
08316,03401,0,0,0
08316,03402,0,0,0
08316,03403,0,0,0
08316,03404,68,0,68
08316,03405,0,0,0
08316,03451,0,0,0
08316,03452,0,0,0
08316,03453,0,0,0
08316,03454,0,0,0
08316,03455,0,0,0
08316,03456,0,0,0
08316,03457,0,0,0
08316,03458,0,0,0
08316,03459,0,0,0
08316,03460,0,0,0
08316,03461,0,0,0
08316,03462,0,0,0
08316,04011,17,0,17
08316,04012,0,0,0
08316,05111,44,0,44
08316,05112,0,0,0
08316,05113,33,12,21
08316,05114,0,0,0
08316,05116,0,0,0
08316,05117,0,0,0
08316,05119,0,0,0
08316,05120,0,0,0
08316,05122,0,0,0
08316,05124,0,0,0
08316,05154,0,0,0
08316,05158,21,0,21
08316,05162,29,15,14
08316,05166,0,0,0
08316,05170,16,0,16
08316,05314,21,0,21
08316,05315,86,17,69
08316,05316,0,0,0
08316,05334,10,10,0
08316,05358,0,0,0
08316,05362,12,0,12
08316,05366,0,0,0
08316,05370,0,0,0
08316,05374,46,12,34
08316,05378,0,0,0
08316,05382,10,0,10
08316,05512,0,0,0
08316,05513,0,0,0
08316,05515,0,0,0
08316,05554,0,0,0
08316,05558,0,0,0
08316,05562,0,0,0
08316,05566,0,0,0
08316,05570,0,0,0
08316,05711,0,0,0
08316,05754,14,0,14
08316,05758,0,0,0
08316,05762,0,0,0
08316,05766,0,0,0
08316,05770,0,0,0
08316,05774,0,0,0
08316,05911,0,0,0
08316,05913,16,0,16
08316,05914,0,0,0
08316,05915,0,0,0
08316,05916,0,0,0
08316,05954,0,0,0
08316,05958,0,0,0
08316,05962,0,0,0
08316,05966,0,0,0
08316,05970,0,0,0
08316,05974,0,0,0
08316,05978,0,0,0
08316,06411,12,0,12
08316,06412,126,14,112
08316,06413,0,0,0
08316,06414,18,0,18
08316,06431,10,0,10
08316,06432,10,0,10
08316,06433,0,0,0
08316,06434,15,0,15
08316,06435,20,0,20
08316,06436,23,0,23
08316,06437,0,0,0
08316,06438,34,14,20
08316,06439,0,0,0
08316,06440,15,0,15
08316,06531,0,0,0
08316,06532,0,0,0
08316,06533,0,0,0
08316,06534,0,0,0
08316,06535,0,0,0
08316,06611,0,0,0
08316,06631,0,0,0
08316,06632,0,0,0
08316,06633,0,0,0
08316,06634,0,0,0
08316,06635,0,0,0
08316,06636,0,0,0
08316,07111,0,0,0
08316,07131,0,0,0
08316,07132,0,0,0
08316,07133,0,0,0
08316,07134,0,0,0
08316,07135,0,0,0
08316,07137,0,0,0
08316,07138,0,0,0
08316,07140,0,0,0
08316,07141,0,0,0
08316,07143,0,0,0
08316,07211,0,0,0
08316,07231,0,0,0
08316,07232,0,0,0
08316,07233,0,0,0
08316,07235,0,0,0
08316,07311,0,0,0
08316,07312,14,0,14
08316,07313,0,0,0
08316,07314,27,0,27
08316,07315,0,0,0
08316,07316,0,0,0
08316,07317,0,0,0
08316,07318,0,0,0
08316,07319,0,0,0
08316,07320,0,0,0
08316,07331,10,0,10
08316,07332,0,0,0
08316,07333,0,0,0
08316,07334,21,21,0
08316,07335,0,0,0
08316,07336,0,0,0
08316,07337,0,0,0
08316,07338,0,0,0
08316,07339,0,0,0
08316,07340,0,0,0
08316,08111,269,27,242
08316,08115,78,22,56
08316,08116,78,27,51
08316,08117,31,20,11
08316,08118,74,22,52
08316,08119,57,17,40
08316,08121,14,0,14
08316,08125,40,15,25
08316,08126,27,0,27
08316,08127,13,0,13
08316,08128,27,15,12
08316,08135,0,0,0
08316,08136,30,10,20
08316,08211,64,12,52
08316,08212,358,126,232
08316,08215,163,73,90
08316,08216,144,60,84
08316,08221,27,0,27
08316,08222,90,16,74
08316,08225,11,11,0
08316,08226,89,32,57
08316,08231,13,0,13
08316,08235,24,14,10
08316,08236,53,12,41
08316,08237,43,22,21
08316,08311,24084,5016,19068
08316,08315,10814,4940,5874
08316,08316,0,0,0
08316,08317,8590,4232,4358
08316,08325,89,39,50
08316,08326,730,258,472
08316,08327,61,31,30
08316,08335,87,43,44
08316,08336,591,243,348
08316,08337,152,59,93
08316,08415,51,13,38
08316,08416,33,14,19
08316,08417,44,16,28
08316,08421,44,0,44
08316,08425,15,0,15
08316,08426,23,10,13
08316,08435,54,18,36
08316,08436,35,20,15
08316,08437,18,18,0
08316,09161,0,0,0
08316,09162,151,18,133
08316,09163,0,0,0
08316,09171,0,0,0
08316,09172,0,0,0
08316,09173,0,0,0
08316,09174,0,0,0
08316,09175,0,0,0
08316,09176,0,0,0
08316,09177,0,0,0
08316,09178,10,0,10
08316,09179,0,0,0
08316,09180,0,0,0
08316,09181,12,0,12
08316,09182,0,0,0
08316,09183,0,0,0
08316,09184,51,12,39
08316,09185,26,0,26
08316,09186,0,0,0
08316,09187,0,0,0
08316,09188,10,0,10
08316,09189,0,0,0
08316,09190,0,0,0
08316,09261,0,0,0
08316,09262,0,0,0
08316,09263,0,0,0
08316,09271,0,0,0
08316,09272,0,0,0
08316,09273,0,0,0
08316,09274,0,0,0
08316,09275,0,0,0
08316,09276,0,0,0
08316,09277,0,0,0
08316,09278,0,0,0
08316,09279,0,0,0
08316,09361,0,0,0
08316,09362,0,0,0
08316,09363,0,0,0
08316,09371,0,0,0
08316,09372,0,0,0
08316,09373,0,0,0
08316,09374,0,0,0
08316,09375,0,0,0
08316,09376,0,0,0
08316,09377,0,0,0
08316,09461,0,0,0
08316,09462,0,0,0
08316,09463,0,0,0
08316,09464,0,0,0
08316,09471,0,0,0
08316,09472,0,0,0
08316,09473,0,0,0
08316,09474,0,0,0
08316,09475,0,0,0
08316,09476,0,0,0
08316,09477,0,0,0
08316,09478,0,0,0
08316,09479,0,0,0
08316,09561,0,0,0
08316,09562,0,0,0
08316,09563,0,0,0
08316,09564,76,0,76
08316,09565,0,0,0
08316,09571,0,0,0
08316,09572,0,0,0
08316,09573,0,0,0
08316,09574,0,0,0
08316,09575,0,0,0
08316,09576,0,0,0
08316,09577,0,0,0
08316,09661,0,0,0
08316,09662,0,0,0
08316,09663,15,0,15
08316,09671,0,0,0
08316,09672,0,0,0
08316,09673,0,0,0
08316,09674,0,0,0
08316,09675,0,0,0
08316,09676,0,0,0
08316,09677,0,0,0
08316,09678,0,0,0
08316,09679,0,0,0
08316,09761,0,0,0
08316,09762,0,0,0
08316,09763,0,0,0
08316,09764,0,0,0
08316,09771,0,0,0
08316,09772,0,0,0
08316,09773,0,0,0
08316,09774,0,0,0
08316,09775,0,0,0
08316,09776,0,0,0
08316,09777,0,0,0
08316,09778,13,13,0
08316,09779,0,0,0
08316,09780,0,0,0
08316,10041,19,0,19
08316,10042,0,0,0
08316,10043,44,0,44
08316,10044,0,0,0
08316,10045,12,0,12
08316,10046,0,0,0
08316,11000,138,42,96
08316,12051,0,0,0
08316,12052,0,0,0
08316,12053,0,0,0
08316,12054,11,11,0
08316,12060,0,0,0
08316,12061,0,0,0
08316,12062,0,0,0
08316,12063,0,0,0
08316,12064,0,0,0
08316,12065,0,0,0
08316,12066,24,0,24
08316,12067,0,0,0
08316,12068,0,0,0
08316,12069,0,0,0
08316,12070,0,0,0
08316,12071,0,0,0
08316,12072,0,0,0
08316,12073,0,0,0
08316,13003,0,0,0
08316,13004,0,0,0
08316,13071,0,0,0
08316,13072,0,0,0
08316,13073,0,0,0
08316,13074,0,0,0
08316,13075,0,0,0
08316,13076,0,0,0
08316,14511,0,0,0
08316,14521,0,0,0
08316,14522,0,0,0
08316,14523,0,0,0
08316,14524,0,0,0
08316,14612,10,0,10
08316,14625,0,0,0
08316,14626,0,0,0
08316,14627,16,16,0
08316,14628,0,0,0
08316,14713,0,0,0
08316,14729,0,0,0
08316,14730,0,0,0
08316,15001,0,0,0
08316,15002,0,0,0
08316,15003,0,0,0
08316,15081,0,0,0
08316,15082,0,0,0
08316,15083,0,0,0
08316,15084,0,0,0
08316,15085,0,0,0
08316,15086,0,0,0
08316,15087,0,0,0
08316,15088,0,0,0
08316,15089,0,0,0
08316,15090,0,0,0
08316,15091,0,0,0
08316,16051,0,0,0
08316,16052,0,0,0
08316,16053,0,0,0
08316,16054,0,0,0
08316,16055,0,0,0
08316,16056,0,0,0
08316,16061,0,0,0
08316,16062,0,0,0
08316,16063,0,0,0
08316,16064,0,0,0
08316,16065,0,0,0
08316,16066,0,0,0
08316,16067,0,0,0
08316,16068,0,0,0
08316,16069,0,0,0
08316,16070,0,0,0
08316,16071,0,0,0
08316,16072,0,0,0
08316,16073,0,0,0
08316,16074,0,0,0
08316,16075,0,0,0
08316,16076,0,0,0
08316,16077,0,0,0
08317,01001,0,0,0
08317,01002,14,14,0
08317,01003,16,0,16
08317,01004,0,0,0
08317,01051,0,0,0
08317,01053,13,13,0
08317,01054,10,10,0
08317,01055,13,13,0
08317,01056,17,17,0
08317,01057,0,0,0
08317,01058,17,17,0
08317,01059,0,0,0
08317,01060,34,22,12
08317,01061,14,14,0
08317,01062,28,14,14
08317,02000,256,102,154
08317,03101,11,11,0
08317,03102,0,0,0
08317,03103,0,0,0
08317,03151,0,0,0
08317,03153,11,11,0
08317,03154,0,0,0
08317,03155,0,0,0
08317,03157,0,0,0
08317,03158,0,0,0
08317,03159,25,13,12
08317,03241,125,61,64
08317,03251,0,0,0
08317,03252,0,0,0
08317,03254,34,34,0
08317,03255,0,0,0
08317,03256,12,12,0
08317,03257,0,0,0
08317,03351,0,0,0
08317,03352,0,0,0
08317,03353,15,15,0
08317,03354,0,0,0
08317,03355,0,0,0
08317,03356,0,0,0
08317,03357,21,21,0
08317,03358,10,10,0
08317,03359,21,21,0
08317,03360,0,0,0
08317,03361,12,12,0
08317,03401,0,0,0
08317,03402,0,0,0
08317,03403,0,0,0
08317,03404,33,0,33
08317,03405,0,0,0
08317,03451,0,0,0
08317,03452,0,0,0
08317,03453,0,0,0
08317,03454,16,16,0
08317,03455,0,0,0
08317,03456,0,0,0
08317,03457,22,0,22
08317,03458,11,11,0
08317,03459,131,16,115
08317,03460,0,0,0
08317,03461,0,0,0
08317,03462,0,0,0
08317,04011,48,33,15
08317,04012,0,0,0
08317,05111,190,49,141
08317,05112,47,21,26
08317,05113,57,21,36
08317,05114,17,0,17
08317,05116,29,14,15
08317,05117,13,0,13
08317,05119,13,0,13
08317,05120,0,0,0
08317,05122,17,17,0
08317,05124,36,12,24
08317,05154,45,16,29
08317,05158,69,32,37
08317,05162,54,23,31
08317,05166,28,10,18
08317,05170,42,29,13
08317,05314,78,24,54
08317,05315,199,65,134
08317,05316,0,0,0
08317,05334,56,32,24
08317,05358,14,14,0
08317,05362,98,70,28
08317,05366,11,11,0
08317,05370,15,15,0
08317,05374,65,26,39
08317,05378,27,14,13
08317,05382,77,31,46
08317,05512,0,0,0
08317,05513,0,0,0
08317,05515,54,0,54
08317,05554,27,14,13
08317,05558,0,0,0
08317,05562,92,34,58
08317,05566,24,24,0
08317,05570,20,20,0
08317,05711,37,14,23
08317,05754,43,18,25
08317,05758,19,19,0
08317,05762,10,10,0
08317,05766,20,20,0
08317,05770,47,36,11
08317,05774,0,0,0
08317,05911,11,11,0
08317,05913,46,29,17
08317,05914,68,0,68
08317,05915,0,0,0
08317,05916,10,0,10
08317,05954,31,13,18
08317,05958,11,11,0
08317,05962,57,28,29
08317,05966,54,54,0
08317,05970,36,36,0
08317,05974,30,18,12
08317,05978,37,18,19
08317,06411,54,26,28
08317,06412,428,125,303
08317,06413,45,26,19
08317,06414,74,25,49
08317,06431,88,40,48
08317,06432,66,45,21
08317,06433,141,17,124
08317,06434,71,18,53
08317,06435,78,52,26
08317,06436,81,24,57
08317,06437,0,0,0
08317,06438,88,28,60
08317,06439,38,15,23
08317,06440,53,32,21
08317,06531,34,17,17
08317,06532,22,12,10
08317,06533,12,12,0
08317,06534,15,15,0
08317,06535,0,0,0
08317,06611,28,15,13
08317,06631,23,23,0
08317,06632,13,13,0
08317,06633,15,15,0
08317,06634,16,0,16
08317,06635,0,0,0
08317,06636,0,0,0
08317,07111,11,0,11
08317,07131,0,0,0
08317,07132,10,10,0
08317,07133,47,37,10
08317,07134,0,0,0
08317,07135,15,15,0
08317,07137,55,21,34
08317,07138,53,37,16
08317,07140,21,11,10
08317,07141,0,0,0
08317,07143,11,11,0
08317,07211,13,13,0
08317,07231,10,10,0
08317,07232,0,0,0
08317,07233,0,0,0
08317,07235,14,14,0
08317,07311,0,0,0
08317,07312,32,18,14
08317,07313,26,15,11
08317,07314,74,30,44
08317,07315,42,16,26
08317,07316,16,16,0
08317,07317,12,12,0
08317,07318,0,0,0
08317,07319,0,0,0
08317,07320,0,0,0
08317,07331,21,21,0
08317,07332,31,31,0
08317,07333,18,18,0
08317,07334,132,69,63
08317,07335,22,22,0
08317,07336,0,0,0
08317,07337,62,47,15
08317,07338,53,36,17
08317,07339,47,24,23
08317,07340,19,19,0
08317,08111,838,144,694
08317,08115,264,92,172
08317,08116,251,92,159
08317,08117,81,44,37
08317,08118,272,107,165
08317,08119,200,73,127
08317,08121,79,40,39
08317,08125,139,57,82
08317,08126,72,20,52
08317,08127,42,25,17
08317,08128,36,18,18
08317,08135,36,10,26
08317,08136,119,38,81
08317,08211,2175,665,1510
08317,08212,2180,511,1669
08317,08215,1056,456,600
08317,08216,11287,4142,7145
08317,08221,119,46,73
08317,08222,281,77,204
08317,08225,19,19,0
08317,08226,337,151,186
08317,08231,154,71,83
08317,08235,149,78,71
08317,08236,230,104,126
08317,08237,1124,697,427
08317,08311,6035,1626,4409
08317,08315,2225,1064,1161
08317,08316,8590,4358,4232
08317,08317,0,0,0
08317,08325,2673,868,1805
08317,08326,1490,736,754
08317,08327,107,37,70
08317,08335,179,83,96
08317,08336,439,160,279
08317,08337,273,58,215
08317,08415,129,64,65
08317,08416,159,65,94
08317,08417,148,92,56
08317,08421,98,30,68
08317,08425,50,23,27
08317,08426,57,26,31
08317,08435,80,38,42
08317,08436,88,38,50
08317,08437,63,39,24
08317,09161,0,0,0
08317,09162,362,108,254
08317,09163,0,0,0
08317,09171,0,0,0
08317,09172,0,0,0
08317,09173,0,0,0
08317,09174,58,18,40
08317,09175,19,19,0
08317,09176,0,0,0
08317,09177,12,12,0
08317,09178,42,16,26
08317,09179,15,15,0
08317,09180,0,0,0
08317,09181,39,12,27
08317,09182,22,0,22
08317,09183,0,0,0
08317,09184,106,29,77
08317,09185,0,0,0
08317,09186,25,12,13
08317,09187,26,16,10
08317,09188,33,15,18
08317,09189,0,0,0
08317,09190,0,0,0
08317,09261,0,0,0
08317,09262,11,11,0
08317,09263,0,0,0
08317,09271,0,0,0
08317,09272,0,0,0
08317,09273,0,0,0
08317,09274,37,0,37
08317,09275,10,0,10
08317,09276,0,0,0
08317,09277,0,0,0
08317,09278,0,0,0
08317,09279,0,0,0
08317,09361,0,0,0
08317,09362,11,0,11
08317,09363,0,0,0
08317,09371,0,0,0
08317,09372,0,0,0
08317,09373,0,0,0
08317,09374,0,0,0
08317,09375,0,0,0
08317,09376,22,11,11
08317,09377,0,0,0
08317,09461,0,0,0
08317,09462,0,0,0
08317,09463,0,0,0
08317,09464,0,0,0
08317,09471,0,0,0
08317,09472,10,10,0
08317,09473,0,0,0
08317,09474,0,0,0
08317,09475,0,0,0
08317,09476,0,0,0
08317,09477,0,0,0
08317,09478,0,0,0
08317,09479,0,0,0
08317,09561,0,0,0
08317,09562,10,0,10
08317,09563,0,0,0
08317,09564,151,31,120
08317,09565,0,0,0
08317,09571,10,10,0
08317,09572,12,0,12
08317,09573,10,0,10
08317,09574,15,15,0
08317,09575,0,0,0
08317,09576,0,0,0
08317,09577,0,0,0
08317,09661,12,0,12
08317,09662,0,0,0
08317,09663,30,15,15
08317,09671,33,16,17
08317,09672,0,0,0
08317,09673,10,10,0
08317,09674,0,0,0
08317,09675,0,0,0
08317,09676,0,0,0
08317,09677,17,17,0
08317,09678,0,0,0
08317,09679,18,18,0
08317,09761,64,42,22
08317,09762,0,0,0
08317,09763,0,0,0
08317,09764,0,0,0
08317,09771,29,19,10
08317,09772,49,28,21
08317,09773,0,0,0
08317,09774,31,14,17
08317,09775,46,28,18
08317,09776,0,0,0
08317,09777,0,0,0
08317,09778,10,10,0
08317,09779,27,17,10
08317,09780,28,13,15
08317,10041,137,47,90
08317,10042,14,14,0
08317,10043,42,11,31
08317,10044,15,15,0
08317,10045,42,27,15
08317,10046,11,11,0
08317,11000,418,195,223
08317,12051,0,0,0
08317,12052,0,0,0
08317,12053,0,0,0
08317,12054,10,10,0
08317,12060,0,0,0
08317,12061,11,11,0
08317,12062,16,16,0
08317,12063,0,0,0
08317,12064,0,0,0
08317,12065,14,14,0
08317,12066,10,10,0
08317,12067,11,11,0
08317,12068,0,0,0
08317,12069,10,10,0
08317,12070,0,0,0
08317,12071,11,11,0
08317,12072,0,0,0
08317,12073,0,0,0
08317,13003,0,0,0
08317,13004,0,0,0
08317,13071,12,12,0
08317,13072,0,0,0
08317,13073,0,0,0
08317,13074,0,0,0
08317,13075,11,11,0
08317,13076,0,0,0
08317,14511,35,16,19
08317,14521,10,10,0
08317,14522,11,11,0
08317,14523,16,16,0
08317,14524,17,17,0
08317,14612,48,28,20
08317,14625,38,26,12
08317,14626,13,13,0
08317,14627,20,20,0
08317,14628,19,19,0
08317,14713,84,51,33
08317,14729,20,20,0
08317,14730,11,11,0
08317,15001,0,0,0
08317,15002,0,0,0
08317,15003,12,12,0
08317,15081,0,0,0
08317,15082,10,10,0
08317,15083,0,0,0
08317,15084,11,11,0
08317,15085,0,0,0
08317,15086,10,10,0
08317,15087,12,12,0
08317,15088,14,14,0
08317,15089,11,11,0
08317,15090,0,0,0
08317,15091,19,19,0
08317,16051,29,29,0
08317,16052,0,0,0
08317,16053,0,0,0
08317,16054,0,0,0
08317,16055,0,0,0
08317,16056,0,0,0
08317,16061,0,0,0
08317,16062,0,0,0
08317,16063,0,0,0
08317,16064,0,0,0
08317,16065,0,0,0
08317,16066,0,0,0
08317,16067,27,27,0
08317,16068,14,14,0
08317,16069,0,0,0
08317,16070,36,36,0
08317,16071,11,11,0
08317,16072,0,0,0
08317,16073,16,16,0
08317,16074,0,0,0
08317,16075,0,0,0
08317,16076,0,0,0
08317,16077,0,0,0
08325,01001,0,0,0
08325,01002,0,0,0
08325,01003,0,0,0
08325,01004,0,0,0
08325,01051,0,0,0
08325,01053,0,0,0
08325,01054,0,0,0
08325,01055,0,0,0
08325,01056,0,0,0
08325,01057,0,0,0
08325,01058,0,0,0
08325,01059,0,0,0
08325,01060,0,0,0
08325,01061,0,0,0
08325,01062,0,0,0
08325,02000,25,0,25
08325,03101,0,0,0
08325,03102,0,0,0
08325,03103,0,0,0
08325,03151,0,0,0
08325,03153,0,0,0
08325,03154,0,0,0
08325,03155,0,0,0
08325,03157,0,0,0
08325,03158,0,0,0
08325,03159,0,0,0
08325,03241,21,10,11
08325,03251,0,0,0
08325,03252,0,0,0
08325,03254,0,0,0
08325,03255,0,0,0
08325,03256,0,0,0
08325,03257,0,0,0
08325,03351,0,0,0
08325,03352,0,0,0
08325,03353,0,0,0
08325,03354,0,0,0
08325,03355,0,0,0
08325,03356,0,0,0
08325,03357,0,0,0
08325,03358,0,0,0
08325,03359,0,0,0
08325,03360,0,0,0
08325,03361,0,0,0
08325,03401,0,0,0
08325,03402,0,0,0
08325,03403,0,0,0
08325,03404,0,0,0
08325,03405,0,0,0
08325,03451,0,0,0
08325,03452,0,0,0
08325,03453,0,0,0
08325,03454,10,0,10
08325,03455,0,0,0
08325,03456,0,0,0
08325,03457,11,11,0
08325,03458,0,0,0
08325,03459,0,0,0
08325,03460,0,0,0
08325,03461,0,0,0
08325,03462,0,0,0
08325,04011,24,24,0
08325,04012,0,0,0
08325,05111,21,0,21
08325,05112,0,0,0
08325,05113,0,0,0
08325,05114,0,0,0
08325,05116,0,0,0
08325,05117,0,0,0
08325,05119,0,0,0
08325,05120,0,0,0
08325,05122,0,0,0
08325,05124,11,11,0
08325,05154,0,0,0
08325,05158,13,0,13
08325,05162,12,0,12
08325,05166,0,0,0
08325,05170,0,0,0
08325,05314,0,0,0
08325,05315,39,10,29
08325,05316,0,0,0
08325,05334,0,0,0
08325,05358,0,0,0
08325,05362,0,0,0
08325,05366,0,0,0
08325,05370,0,0,0
08325,05374,0,0,0
08325,05378,0,0,0
08325,05382,0,0,0
08325,05512,0,0,0
08325,05513,0,0,0
08325,05515,0,0,0
08325,05554,0,0,0
08325,05558,0,0,0
08325,05562,0,0,0
08325,05566,0,0,0
08325,05570,0,0,0
08325,05711,0,0,0
08325,05754,0,0,0
08325,05758,0,0,0
08325,05762,0,0,0
08325,05766,32,0,32
08325,05770,21,21,0
08325,05774,0,0,0
08325,05911,0,0,0
08325,05913,0,0,0
08325,05914,0,0,0
08325,05915,0,0,0
08325,05916,0,0,0
08325,05954,10,0,10
08325,05958,0,0,0
08325,05962,0,0,0
08325,05966,0,0,0
08325,05970,0,0,0
08325,05974,0,0,0
08325,05978,0,0,0
08325,06411,0,0,0
08325,06412,75,14,61
08325,06413,0,0,0
08325,06414,13,0,13
08325,06431,13,0,13
08325,06432,12,12,0
08325,06433,0,0,0
08325,06434,15,0,15
08325,06435,15,0,15
08325,06436,10,0,10
08325,06437,0,0,0
08325,06438,14,0,14
08325,06439,0,0,0
08325,06440,12,12,0
08325,06531,0,0,0
08325,06532,0,0,0
08325,06533,0,0,0
08325,06534,0,0,0
08325,06535,0,0,0
08325,06611,0,0,0
08325,06631,0,0,0
08325,06632,0,0,0
08325,06633,0,0,0
08325,06634,0,0,0
08325,06635,0,0,0
08325,06636,0,0,0
08325,07111,0,0,0
08325,07131,0,0,0
08325,07132,0,0,0
08325,07133,0,0,0
08325,07134,0,0,0
08325,07135,0,0,0
08325,07137,0,0,0
08325,07138,0,0,0
08325,07140,0,0,0
08325,07141,0,0,0
08325,07143,0,0,0
08325,07211,0,0,0
08325,07231,0,0,0
08325,07232,0,0,0
08325,07233,0,0,0
08325,07235,0,0,0
08325,07311,0,0,0
08325,07312,0,0,0
08325,07313,0,0,0
08325,07314,0,0,0
08325,07315,0,0,0
08325,07316,0,0,0
08325,07317,0,0,0
08325,07318,0,0,0
08325,07319,0,0,0
08325,07320,0,0,0
08325,07331,0,0,0
08325,07332,0,0,0
08325,07333,0,0,0
08325,07334,0,0,0
08325,07335,0,0,0
08325,07336,0,0,0
08325,07337,0,0,0
08325,07338,0,0,0
08325,07339,0,0,0
08325,07340,0,0,0
08325,08111,922,131,791
08325,08115,1029,196,833
08325,08116,281,83,198
08325,08117,54,23,31
08325,08118,275,59,216
08325,08119,112,33,79
08325,08121,13,0,13
08325,08125,71,21,50
08325,08126,22,0,22
08325,08127,10,10,0
08325,08128,0,0,0
08325,08135,0,0,0
08325,08136,108,25,83
08325,08211,16,0,16
08325,08212,86,23,63
08325,08215,52,27,25
08325,08216,48,20,28
08325,08221,30,16,14
08325,08222,48,13,35
08325,08225,0,0,0
08325,08226,42,25,17
08325,08231,34,16,18
08325,08235,313,143,170
08325,08236,54,30,24
08325,08237,6099,2858,3241
08325,08311,162,44,118
08325,08315,165,78,87
08325,08316,89,50,39
08325,08317,2673,1805,868
08325,08325,0,0,0
08325,08326,9308,4306,5002
08325,08327,6201,2670,3531
08325,08335,486,254,232
08325,08336,89,36,53
08325,08337,117,72,45
08325,08415,307,99,208
08325,08416,697,317,380
08325,08417,4425,2601,1824
08325,08421,38,12,26
08325,08425,36,21,15
08325,08426,60,24,36
08325,08435,85,49,36
08325,08436,177,145,32
08325,08437,139,72,67
08325,09161,12,0,12
08325,09162,97,21,76
08325,09163,0,0,0
08325,09171,0,0,0
08325,09172,0,0,0
08325,09173,0,0,0
08325,09174,0,0,0
08325,09175,0,0,0
08325,09176,0,0,0
08325,09177,0,0,0
08325,09178,0,0,0
08325,09179,0,0,0
08325,09180,0,0,0
08325,09181,0,0,0
08325,09182,0,0,0
08325,09183,0,0,0
08325,09184,22,0,22
08325,09185,0,0,0
08325,09186,0,0,0
08325,09187,0,0,0
08325,09188,0,0,0
08325,09189,0,0,0
08325,09190,0,0,0
08325,09261,0,0,0
08325,09262,0,0,0
08325,09263,0,0,0
08325,09271,0,0,0
08325,09272,0,0,0
08325,09273,14,14,0
08325,09274,0,0,0
08325,09275,0,0,0
08325,09276,0,0,0
08325,09277,0,0,0
08325,09278,10,10,0
08325,09279,0,0,0
08325,09361,0,0,0
08325,09362,0,0,0
08325,09363,0,0,0
08325,09371,0,0,0
08325,09372,0,0,0
08325,09373,0,0,0
08325,09374,0,0,0
08325,09375,0,0,0
08325,09376,0,0,0
08325,09377,0,0,0
08325,09461,0,0,0
08325,09462,0,0,0
08325,09463,0,0,0
08325,09464,0,0,0
08325,09471,0,0,0
08325,09472,0,0,0
08325,09473,0,0,0
08325,09474,0,0,0
08325,09475,0,0,0
08325,09476,0,0,0
08325,09477,0,0,0
08325,09478,0,0,0
08325,09479,0,0,0
08325,09561,0,0,0
08325,09562,0,0,0
08325,09563,0,0,0
08325,09564,34,11,23
08325,09565,0,0,0
08325,09571,0,0,0
08325,09572,0,0,0
08325,09573,0,0,0
08325,09574,0,0,0
08325,09575,0,0,0
08325,09576,0,0,0
08325,09577,0,0,0
08325,09661,0,0,0
08325,09662,0,0,0
08325,09663,0,0,0
08325,09671,10,10,0
08325,09672,0,0,0
08325,09673,0,0,0
08325,09674,0,0,0
08325,09675,0,0,0
08325,09676,0,0,0
08325,09677,14,0,14
08325,09678,23,0,23
08325,09679,0,0,0
08325,09761,11,0,11
08325,09762,0,0,0
08325,09763,0,0,0
08325,09764,0,0,0
08325,09771,0,0,0
08325,09772,11,0,11
08325,09773,0,0,0
08325,09774,0,0,0
08325,09775,15,0,15
08325,09776,0,0,0
08325,09777,0,0,0
08325,09778,0,0,0
08325,09779,0,0,0
08325,09780,17,0,17
08325,10041,0,0,0
08325,10042,0,0,0
08325,10043,0,0,0
08325,10044,0,0,0
08325,10045,0,0,0
08325,10046,0,0,0
08325,11000,99,29,70
08325,12051,0,0,0
08325,12052,0,0,0
08325,12053,0,0,0
08325,12054,0,0,0
08325,12060,0,0,0
08325,12061,0,0,0
08325,12062,0,0,0
08325,12063,0,0,0
08325,12064,0,0,0
08325,12065,0,0,0
08325,12066,0,0,0
08325,12067,0,0,0
08325,12068,0,0,0
08325,12069,0,0,0
08325,12070,0,0,0
08325,12071,0,0,0
08325,12072,0,0,0
08325,12073,0,0,0
08325,13003,0,0,0
08325,13004,0,0,0
08325,13071,0,0,0
08325,13072,0,0,0
08325,13073,0,0,0
08325,13074,0,0,0
08325,13075,0,0,0
08325,13076,0,0,0
08325,14511,0,0,0
08325,14521,0,0,0
08325,14522,0,0,0
08325,14523,0,0,0
08325,14524,0,0,0
08325,14612,16,16,0
08325,14625,0,0,0
08325,14626,0,0,0
08325,14627,0,0,0
08325,14628,0,0,0
08325,14713,10,10,0
08325,14729,0,0,0
08325,14730,0,0,0
08325,15001,0,0,0
08325,15002,0,0,0
08325,15003,0,0,0
08325,15081,0,0,0
08325,15082,0,0,0
08325,15083,0,0,0
08325,15084,0,0,0
08325,15085,0,0,0
08325,15086,0,0,0
08325,15087,0,0,0
08325,15088,0,0,0
08325,15089,0,0,0
08325,15090,0,0,0
08325,15091,0,0,0
08325,16051,0,0,0
08325,16052,0,0,0
08325,16053,0,0,0
08325,16054,0,0,0
08325,16055,0,0,0
08325,16056,0,0,0
08325,16061,0,0,0
08325,16062,0,0,0
08325,16063,0,0,0
08325,16064,0,0,0
08325,16065,0,0,0
08325,16066,0,0,0
08325,16067,0,0,0
08325,16068,0,0,0
08325,16069,0,0,0
08325,16070,0,0,0
08325,16071,0,0,0
08325,16072,0,0,0
08325,16073,0,0,0
08325,16074,0,0,0
08325,16075,0,0,0
08325,16076,0,0,0
08325,16077,0,0,0
08326,01001,0,0,0
08326,01002,0,0,0
08326,01003,0,0,0
08326,01004,0,0,0
08326,01051,0,0,0
08326,01053,0,0,0
08326,01054,0,0,0
08326,01055,0,0,0
08326,01056,13,13,0
08326,01057,0,0,0
08326,01058,0,0,0
08326,01059,28,0,28
08326,01060,0,0,0
08326,01061,0,0,0
08326,01062,10,10,0
08326,02000,105,41,64
08326,03101,0,0,0
08326,03102,0,0,0
08326,03103,0,0,0
08326,03151,0,0,0
08326,03153,0,0,0
08326,03154,0,0,0
08326,03155,0,0,0
08326,03157,0,0,0
08326,03158,0,0,0
08326,03159,25,15,10
08326,03241,69,35,34
08326,03251,0,0,0
08326,03252,0,0,0
08326,03254,0,0,0
08326,03255,0,0,0
08326,03256,0,0,0
08326,03257,0,0,0
08326,03351,0,0,0
08326,03352,0,0,0
08326,03353,0,0,0
08326,03354,0,0,0
08326,03355,0,0,0
08326,03356,0,0,0
08326,03357,0,0,0
08326,03358,0,0,0
08326,03359,0,0,0
08326,03360,0,0,0
08326,03361,0,0,0
08326,03401,0,0,0
08326,03402,0,0,0
08326,03403,0,0,0
08326,03404,33,0,33
08326,03405,0,0,0
08326,03451,0,0,0
08326,03452,0,0,0
08326,03453,0,0,0
08326,03454,0,0,0
08326,03455,0,0,0
08326,03456,0,0,0
08326,03457,0,0,0
08326,03458,0,0,0
08326,03459,13,0,13
08326,03460,0,0,0
08326,03461,0,0,0
08326,03462,0,0,0
08326,04011,27,13,14
08326,04012,0,0,0
08326,05111,66,16,50
08326,05112,0,0,0
08326,05113,28,15,13
08326,05114,0,0,0
08326,05116,10,0,10
08326,05117,14,0,14
08326,05119,16,0,16
08326,05120,0,0,0
08326,05122,0,0,0
08326,05124,0,0,0
08326,05154,10,10,0
08326,05158,44,10,34
08326,05162,32,14,18
08326,05166,10,10,0
08326,05170,0,0,0
08326,05314,15,0,15
08326,05315,100,20,80
08326,05316,0,0,0
08326,05334,17,17,0
08326,05358,0,0,0
08326,05362,29,0,29
08326,05366,12,0,12
08326,05370,0,0,0
08326,05374,31,12,19
08326,05378,0,0,0
08326,05382,0,0,0
08326,05512,0,0,0
08326,05513,0,0,0
08326,05515,15,15,0
08326,05554,24,14,10
08326,05558,0,0,0
08326,05562,20,20,0
08326,05566,27,10,17
08326,05570,0,0,0
08326,05711,0,0,0
08326,05754,38,14,24
08326,05758,0,0,0
08326,05762,0,0,0
08326,05766,0,0,0
08326,05770,0,0,0
08326,05774,12,12,0
08326,05911,11,11,0
08326,05913,34,18,16
08326,05914,23,23,0
08326,05915,0,0,0
08326,05916,0,0,0
08326,05954,34,19,15
08326,05958,12,0,12
08326,05962,25,25,0
08326,05966,0,0,0
08326,05970,0,0,0
08326,05974,0,0,0
08326,05978,49,36,13
08326,06411,18,0,18
08326,06412,147,27,120
08326,06413,0,0,0
08326,06414,19,0,19
08326,06431,46,29,17
08326,06432,0,0,0
08326,06433,21,10,11
08326,06434,34,12,22
08326,06435,64,64,0
08326,06436,24,0,24
08326,06437,0,0,0
08326,06438,39,16,23
08326,06439,0,0,0
08326,06440,15,15,0
08326,06531,12,12,0
08326,06532,0,0,0
08326,06533,0,0,0
08326,06534,0,0,0
08326,06535,10,10,0
08326,06611,0,0,0
08326,06631,80,80,0
08326,06632,14,14,0
08326,06633,0,0,0
08326,06634,0,0,0
08326,06635,0,0,0
08326,06636,0,0,0
08326,07111,0,0,0
08326,07131,0,0,0
08326,07132,0,0,0
08326,07133,12,0,12
08326,07134,0,0,0
08326,07135,0,0,0
08326,07137,13,13,0
08326,07138,0,0,0
08326,07140,0,0,0
08326,07141,0,0,0
08326,07143,0,0,0
08326,07211,0,0,0
08326,07231,0,0,0
08326,07232,0,0,0
08326,07233,0,0,0
08326,07235,0,0,0
08326,07311,0,0,0
08326,07312,0,0,0
08326,07313,0,0,0
08326,07314,14,0,14
08326,07315,27,12,15
08326,07316,0,0,0
08326,07317,0,0,0
08326,07318,0,0,0
08326,07319,27,27,0
08326,07320,0,0,0
08326,07331,11,11,0
08326,07332,0,0,0
08326,07333,0,0,0
08326,07334,0,0,0
08326,07335,0,0,0
08326,07336,0,0,0
08326,07337,0,0,0
08326,07338,0,0,0
08326,07339,0,0,0
08326,07340,0,0,0
08326,08111,660,131,529
08326,08115,436,140,296
08326,08116,298,95,203
08326,08117,57,20,37
08326,08118,192,86,106
08326,08119,163,53,110
08326,08121,33,15,18
08326,08125,74,36,38
08326,08126,23,0,23
08326,08127,35,12,23
08326,08128,23,13,10
08326,08135,27,13,14
08326,08136,72,46,26
08326,08211,20,0,20
08326,08212,161,57,104
08326,08215,113,60,53
08326,08216,95,55,40
08326,08221,37,11,26
08326,08222,73,13,60
08326,08225,26,16,10
08326,08226,74,29,45
08326,08231,47,27,20
08326,08235,201,163,38
08326,08236,66,44,22
08326,08237,475,314,161
08326,08311,1111,336,775
08326,08315,3377,1912,1465
08326,08316,730,472,258
08326,08317,1490,754,736
08326,08325,9308,5002,4306
08326,08326,0,0,0
08326,08327,10404,4837,5567
08326,08335,2786,1530,1256
08326,08336,220,127,93
08326,08337,1315,740,575
08326,08415,308,68,240
08326,08416,200,109,91
08326,08417,739,448,291
08326,08421,49,10,39
08326,08425,33,19,14
08326,08426,54,34,20
08326,08435,327,138,189
08326,08436,188,82,106
08326,08437,231,134,97
08326,09161,0,0,0
08326,09162,206,60,146
08326,09163,0,0,0
08326,09171,0,0,0
08326,09172,57,0,57
08326,09173,16,16,0
08326,09174,15,0,15
08326,09175,0,0,0
08326,09176,0,0,0
08326,09177,0,0,0
08326,09178,19,0,19
08326,09179,27,0,27
08326,09180,0,0,0
08326,09181,0,0,0
08326,09182,30,30,0
08326,09183,0,0,0
08326,09184,87,27,60
08326,09185,0,0,0
08326,09186,10,0,10
08326,09187,13,13,0
08326,09188,13,0,13
08326,09189,0,0,0
08326,09190,0,0,0
08326,09261,0,0,0
08326,09262,0,0,0
08326,09263,0,0,0
08326,09271,0,0,0
08326,09272,0,0,0
08326,09273,0,0,0
08326,09274,0,0,0
08326,09275,0,0,0
08326,09276,0,0,0
08326,09277,0,0,0
08326,09278,0,0,0
08326,09279,0,0,0
08326,09361,0,0,0
08326,09362,10,0,10
08326,09363,0,0,0
08326,09371,0,0,0
08326,09372,11,0,11
08326,09373,0,0,0
08326,09374,0,0,0
08326,09375,0,0,0
08326,09376,0,0,0
08326,09377,0,0,0
08326,09461,0,0,0
08326,09462,0,0,0
08326,09463,0,0,0
08326,09464,0,0,0
08326,09471,0,0,0
08326,09472,0,0,0
08326,09473,0,0,0
08326,09474,0,0,0
08326,09475,0,0,0
08326,09476,0,0,0
08326,09477,0,0,0
08326,09478,0,0,0
08326,09479,0,0,0
08326,09561,34,34,0
08326,09562,0,0,0
08326,09563,0,0,0
08326,09564,59,17,42
08326,09565,0,0,0
08326,09571,50,50,0
08326,09572,0,0,0
08326,09573,0,0,0
08326,09574,0,0,0
08326,09575,17,17,0
08326,09576,0,0,0
08326,09577,0,0,0
08326,09661,11,0,11
08326,09662,0,0,0
08326,09663,12,0,12
08326,09671,23,10,13
08326,09672,0,0,0
08326,09673,0,0,0
08326,09674,0,0,0
08326,09675,0,0,0
08326,09676,0,0,0
08326,09677,0,0,0
08326,09678,0,0,0
08326,09679,10,10,0
08326,09761,28,0,28
08326,09762,0,0,0
08326,09763,0,0,0
08326,09764,0,0,0
08326,09771,0,0,0
08326,09772,15,0,15
08326,09773,12,0,12
08326,09774,0,0,0
08326,09775,35,14,21
08326,09776,36,21,15
08326,09777,11,0,11
08326,09778,0,0,0
08326,09779,0,0,0
08326,09780,37,14,23
08326,10041,28,12,16
08326,10042,0,0,0
08326,10043,0,0,0
08326,10044,0,0,0
08326,10045,0,0,0
08326,10046,0,0,0
08326,11000,240,121,119
08326,12051,0,0,0
08326,12052,0,0,0
08326,12053,0,0,0
08326,12054,0,0,0
08326,12060,0,0,0
08326,12061,0,0,0
08326,12062,0,0,0
08326,12063,0,0,0
08326,12064,0,0,0
08326,12065,0,0,0
08326,12066,0,0,0
08326,12067,10,10,0
08326,12068,0,0,0
08326,12069,0,0,0
08326,12070,0,0,0
08326,12071,0,0,0
08326,12072,0,0,0
08326,12073,0,0,0
08326,13003,0,0,0
08326,13004,0,0,0
08326,13071,0,0,0
08326,13072,0,0,0
08326,13073,0,0,0
08326,13074,0,0,0
08326,13075,0,0,0
08326,13076,0,0,0
08326,14511,0,0,0
08326,14521,15,15,0
08326,14522,12,12,0
08326,14523,0,0,0
08326,14524,0,0,0
08326,14612,36,23,13
08326,14625,10,10,0
08326,14626,18,18,0
08326,14627,0,0,0
08326,14628,0,0,0
08326,14713,25,14,11
08326,14729,14,14,0
08326,14730,0,0,0
08326,15001,0,0,0
08326,15002,0,0,0
08326,15003,0,0,0
08326,15081,0,0,0
08326,15082,0,0,0
08326,15083,0,0,0
08326,15084,0,0,0
08326,15085,0,0,0
08326,15086,0,0,0
08326,15087,0,0,0
08326,15088,0,0,0
08326,15089,0,0,0
08326,15090,15,15,0
08326,15091,0,0,0
08326,16051,14,14,0
08326,16052,0,0,0
08326,16053,0,0,0
08326,16054,0,0,0
08326,16055,0,0,0
08326,16056,0,0,0
08326,16061,0,0,0
08326,16062,0,0,0
08326,16063,13,13,0
08326,16064,0,0,0
08326,16065,0,0,0
08326,16066,0,0,0
08326,16067,0,0,0
08326,16068,0,0,0
08326,16069,0,0,0
08326,16070,22,22,0
08326,16071,0,0,0
08326,16072,0,0,0
08326,16073,0,0,0
08326,16074,0,0,0
08326,16075,0,0,0
08326,16076,0,0,0
08326,16077,0,0,0
08327,01001,0,0,0
08327,01002,0,0,0
08327,01003,0,0,0
08327,01004,0,0,0
08327,01051,0,0,0
08327,01053,0,0,0
08327,01054,0,0,0
08327,01055,0,0,0
08327,01056,0,0,0
08327,01057,0,0,0
08327,01058,0,0,0
08327,01059,0,0,0
08327,01060,0,0,0
08327,01061,0,0,0
08327,01062,0,0,0
08327,02000,68,29,39
08327,03101,0,0,0
08327,03102,0,0,0
08327,03103,0,0,0
08327,03151,0,0,0
08327,03153,0,0,0
08327,03154,0,0,0
08327,03155,0,0,0
08327,03157,0,0,0
08327,03158,0,0,0
08327,03159,0,0,0
08327,03241,23,12,11
08327,03251,0,0,0
08327,03252,0,0,0
08327,03254,0,0,0
08327,03255,0,0,0
08327,03256,0,0,0
08327,03257,0,0,0
08327,03351,0,0,0
08327,03352,0,0,0
08327,03353,0,0,0
08327,03354,0,0,0
08327,03355,0,0,0
08327,03356,0,0,0
08327,03357,10,10,0
08327,03358,0,0,0
08327,03359,0,0,0
08327,03360,0,0,0
08327,03361,0,0,0
08327,03401,0,0,0
08327,03402,0,0,0
08327,03403,0,0,0
08327,03404,12,0,12
08327,03405,0,0,0
08327,03451,0,0,0
08327,03452,0,0,0
08327,03453,0,0,0
08327,03454,0,0,0
08327,03455,0,0,0
08327,03456,0,0,0
08327,03457,0,0,0
08327,03458,0,0,0
08327,03459,0,0,0
08327,03460,0,0,0
08327,03461,0,0,0
08327,03462,0,0,0
08327,04011,0,0,0
08327,04012,0,0,0
08327,05111,30,10,20
08327,05112,0,0,0
08327,05113,20,20,0
08327,05114,0,0,0
08327,05116,0,0,0
08327,05117,0,0,0
08327,05119,0,0,0
08327,05120,0,0,0
08327,05122,0,0,0
08327,05124,12,12,0
08327,05154,0,0,0
08327,05158,28,13,15
08327,05162,10,0,10
08327,05166,0,0,0
08327,05170,0,0,0
08327,05314,0,0,0
08327,05315,63,21,42
08327,05316,0,0,0
08327,05334,0,0,0
08327,05358,0,0,0
08327,05362,0,0,0
08327,05366,0,0,0
08327,05370,0,0,0
08327,05374,0,0,0
08327,05378,0,0,0
08327,05382,0,0,0
08327,05512,0,0,0
08327,05513,0,0,0
08327,05515,12,0,12
08327,05554,0,0,0
08327,05558,0,0,0
08327,05562,0,0,0
08327,05566,32,0,32
08327,05570,0,0,0
08327,05711,0,0,0
08327,05754,0,0,0
08327,05758,0,0,0
08327,05762,0,0,0
08327,05766,0,0,0
08327,05770,21,21,0
08327,05774,0,0,0
08327,05911,0,0,0
08327,05913,14,14,0
08327,05914,0,0,0
08327,05915,0,0,0
08327,05916,0,0,0
08327,05954,12,12,0
08327,05958,0,0,0
08327,05962,16,16,0
08327,05966,0,0,0
08327,05970,0,0,0
08327,05974,0,0,0
08327,05978,0,0,0
08327,06411,0,0,0
08327,06412,54,14,40
08327,06413,0,0,0
08327,06414,10,0,10
08327,06431,0,0,0
08327,06432,0,0,0
08327,06433,0,0,0
08327,06434,0,0,0
08327,06435,27,16,11
08327,06436,10,0,10
08327,06437,0,0,0
08327,06438,12,0,12
08327,06439,0,0,0
08327,06440,11,11,0
08327,06531,0,0,0
08327,06532,0,0,0
08327,06533,0,0,0
08327,06534,0,0,0
08327,06535,0,0,0
08327,06611,0,0,0
08327,06631,0,0,0
08327,06632,0,0,0
08327,06633,0,0,0
08327,06634,10,10,0
08327,06635,0,0,0
08327,06636,0,0,0
08327,07111,0,0,0
08327,07131,0,0,0
08327,07132,0,0,0
08327,07133,0,0,0
08327,07134,0,0,0
08327,07135,0,0,0
08327,07137,0,0,0
08327,07138,0,0,0
08327,07140,0,0,0
08327,07141,0,0,0
08327,07143,0,0,0
08327,07211,0,0,0
08327,07231,0,0,0
08327,07232,0,0,0
08327,07233,0,0,0
08327,07235,0,0,0
08327,07311,0,0,0
08327,07312,0,0,0
08327,07313,0,0,0
08327,07314,0,0,0
08327,07315,0,0,0
08327,07316,0,0,0
08327,07317,0,0,0
08327,07318,0,0,0
08327,07319,0,0,0
08327,07320,0,0,0
08327,07331,0,0,0
08327,07332,0,0,0
08327,07333,0,0,0
08327,07334,0,0,0
08327,07335,0,0,0
08327,07336,0,0,0
08327,07337,0,0,0
08327,07338,0,0,0
08327,07339,0,0,0
08327,07340,0,0,0
08327,08111,388,77,311
08327,08115,288,118,170
08327,08116,169,64,105
08327,08117,56,26,30
08327,08118,139,61,78
08327,08119,79,32,47
08327,08121,10,0,10
08327,08125,48,21,27
08327,08126,13,0,13
08327,08127,0,0,0
08327,08128,0,0,0
08327,08135,12,12,0
08327,08136,76,20,56
08327,08211,0,0,0
08327,08212,66,24,42
08327,08215,50,28,22
08327,08216,30,20,10
08327,08221,26,0,26
08327,08222,45,12,33
08327,08225,0,0,0
08327,08226,48,22,26
08327,08231,30,19,11
08327,08235,57,36,21
08327,08236,42,27,15
08327,08237,170,98,72
08327,08311,204,67,137
08327,08315,262,157,105
08327,08316,61,30,31
08327,08317,107,70,37
08327,08325,6201,3531,2670
08327,08326,10404,5567,4837
08327,08327,0,0,0
08327,08335,4566,2967,1599
08327,08336,50,25,25
08327,08337,157,76,81
08327,08415,132,54,78
08327,08416,277,173,104
08327,08417,3114,2468,646
08327,08421,43,16,27
08327,08425,35,19,16
08327,08426,66,35,31
08327,08435,440,272,168
08327,08436,166,82,84
08327,08437,2086,1651,435
08327,09161,0,0,0
08327,09162,121,35,86
08327,09163,0,0,0
08327,09171,0,0,0
08327,09172,0,0,0
08327,09173,0,0,0
08327,09174,0,0,0
08327,09175,0,0,0
08327,09176,0,0,0
08327,09177,0,0,0
08327,09178,11,0,11
08327,09179,0,0,0
08327,09180,0,0,0
08327,09181,0,0,0
08327,09182,0,0,0
08327,09183,0,0,0
08327,09184,35,0,35
08327,09185,0,0,0
08327,09186,15,0,15
08327,09187,0,0,0
08327,09188,10,0,10
08327,09189,0,0,0
08327,09190,0,0,0
08327,09261,0,0,0
08327,09262,0,0,0
08327,09263,0,0,0
08327,09271,0,0,0
08327,09272,0,0,0
08327,09273,0,0,0
08327,09274,0,0,0
08327,09275,0,0,0
08327,09276,0,0,0
08327,09277,0,0,0
08327,09278,0,0,0
08327,09279,0,0,0
08327,09361,0,0,0
08327,09362,0,0,0
08327,09363,0,0,0
08327,09371,0,0,0
08327,09372,0,0,0
08327,09373,0,0,0
08327,09374,0,0,0
08327,09375,0,0,0
08327,09376,0,0,0
08327,09377,0,0,0
08327,09461,0,0,0
08327,09462,0,0,0
08327,09463,0,0,0
08327,09464,0,0,0
08327,09471,0,0,0
08327,09472,0,0,0
08327,09473,0,0,0
08327,09474,0,0,0
08327,09475,0,0,0
08327,09476,0,0,0
08327,09477,0,0,0
08327,09478,0,0,0
08327,09479,0,0,0
08327,09561,0,0,0
08327,09562,0,0,0
08327,09563,0,0,0
08327,09564,17,0,17
08327,09565,24,0,24
08327,09571,0,0,0
08327,09572,0,0,0
08327,09573,0,0,0
08327,09574,0,0,0
08327,09575,0,0,0
08327,09576,0,0,0
08327,09577,0,0,0
08327,09661,0,0,0
08327,09662,0,0,0
08327,09663,0,0,0
08327,09671,0,0,0
08327,09672,0,0,0
08327,09673,0,0,0
08327,09674,0,0,0
08327,09675,0,0,0
08327,09676,0,0,0
08327,09677,0,0,0
08327,09678,0,0,0
08327,09679,0,0,0
08327,09761,16,0,16
08327,09762,0,0,0
08327,09763,0,0,0
08327,09764,0,0,0
08327,09771,0,0,0
08327,09772,0,0,0
08327,09773,0,0,0
08327,09774,0,0,0
08327,09775,16,16,0
08327,09776,0,0,0
08327,09777,0,0,0
08327,09778,0,0,0
08327,09779,0,0,0
08327,09780,0,0,0
08327,10041,0,0,0
08327,10042,0,0,0
08327,10043,0,0,0
08327,10044,0,0,0
08327,10045,0,0,0
08327,10046,0,0,0
08327,11000,120,49,71
08327,12051,0,0,0
08327,12052,0,0,0
08327,12053,0,0,0
08327,12054,0,0,0
08327,12060,0,0,0
08327,12061,0,0,0
08327,12062,0,0,0
08327,12063,0,0,0
08327,12064,0,0,0
08327,12065,0,0,0
08327,12066,0,0,0
08327,12067,0,0,0
08327,12068,0,0,0
08327,12069,0,0,0
08327,12070,0,0,0
08327,12071,0,0,0
08327,12072,0,0,0
08327,12073,0,0,0
08327,13003,0,0,0
08327,13004,0,0,0
08327,13071,0,0,0
08327,13072,0,0,0
08327,13073,0,0,0
08327,13074,0,0,0
08327,13075,0,0,0
08327,13076,0,0,0
08327,14511,0,0,0
08327,14521,0,0,0
08327,14522,0,0,0
08327,14523,0,0,0
08327,14524,0,0,0
08327,14612,13,13,0
08327,14625,0,0,0
08327,14626,0,0,0
08327,14627,10,10,0
08327,14628,0,0,0
08327,14713,16,16,0
08327,14729,0,0,0
08327,14730,0,0,0
08327,15001,0,0,0
08327,15002,0,0,0
08327,15003,0,0,0
08327,15081,0,0,0
08327,15082,0,0,0
08327,15083,0,0,0
08327,15084,0,0,0
08327,15085,0,0,0
08327,15086,0,0,0
08327,15087,0,0,0
08327,15088,0,0,0
08327,15089,0,0,0
08327,15090,0,0,0
08327,15091,0,0,0
08327,16051,0,0,0
08327,16052,0,0,0
08327,16053,0,0,0
08327,16054,0,0,0
08327,16055,0,0,0
08327,16056,0,0,0
08327,16061,0,0,0
08327,16062,0,0,0
08327,16063,0,0,0
08327,16064,0,0,0
08327,16065,0,0,0
08327,16066,0,0,0
08327,16067,0,0,0
08327,16068,0,0,0
08327,16069,0,0,0
08327,16070,0,0,0
08327,16071,0,0,0
08327,16072,0,0,0
08327,16073,0,0,0
08327,16074,0,0,0
08327,16075,0,0,0
08327,16076,0,0,0
08327,16077,0,0,0
08335,01001,0,0,0
08335,01002,0,0,0
08335,01003,27,0,27
08335,01004,0,0,0
08335,01051,0,0,0
08335,01053,11,11,0
08335,01054,0,0,0
08335,01055,10,10,0
08335,01056,15,15,0
08335,01057,0,0,0
08335,01058,34,0,34
08335,01059,0,0,0
08335,01060,20,20,0
08335,01061,0,0,0
08335,01062,0,0,0
08335,02000,211,68,143
08335,03101,34,12,22
08335,03102,0,0,0
08335,03103,0,0,0
08335,03151,0,0,0
08335,03153,0,0,0
08335,03154,0,0,0
08335,03155,0,0,0
08335,03157,0,0,0
08335,03158,0,0,0
08335,03159,35,24,11
08335,03241,71,34,37
08335,03251,0,0,0
08335,03252,0,0,0
08335,03254,10,10,0
08335,03255,0,0,0
08335,03256,0,0,0
08335,03257,0,0,0
08335,03351,0,0,0
08335,03352,0,0,0
08335,03353,0,0,0
08335,03354,0,0,0
08335,03355,0,0,0
08335,03356,0,0,0
08335,03357,0,0,0
08335,03358,0,0,0
08335,03359,0,0,0
08335,03360,0,0,0
08335,03361,0,0,0
08335,03401,0,0,0
08335,03402,0,0,0
08335,03403,0,0,0
08335,03404,44,0,44
08335,03405,0,0,0
08335,03451,0,0,0
08335,03452,0,0,0
08335,03453,0,0,0
08335,03454,11,0,11
08335,03455,0,0,0
08335,03456,0,0,0
08335,03457,0,0,0
08335,03458,0,0,0
08335,03459,0,0,0
08335,03460,0,0,0
08335,03461,0,0,0
08335,03462,0,0,0
08335,04011,34,14,20
08335,04012,0,0,0
08335,05111,132,26,106
08335,05112,18,18,0
08335,05113,32,14,18
08335,05114,10,10,0
08335,05116,14,0,14
08335,05117,0,0,0
08335,05119,10,0,10
08335,05120,0,0,0
08335,05122,0,0,0
08335,05124,12,12,0
08335,05154,11,0,11
08335,05158,52,20,32
08335,05162,65,27,38
08335,05166,32,12,20
08335,05170,0,0,0
08335,05314,48,12,36
08335,05315,217,79,138
08335,05316,0,0,0
08335,05334,43,17,26
08335,05358,0,0,0
08335,05362,43,24,19
08335,05366,10,10,0
08335,05370,0,0,0
08335,05374,11,0,11
08335,05378,12,12,0
08335,05382,58,27,31
08335,05512,0,0,0
08335,05513,0,0,0
08335,05515,26,14,12
08335,05554,0,0,0
08335,05558,0,0,0
08335,05562,31,19,12
08335,05566,25,25,0
08335,05570,0,0,0
08335,05711,21,0,21
08335,05754,56,14,42
08335,05758,0,0,0
08335,05762,0,0,0
08335,05766,0,0,0
08335,05770,21,21,0
08335,05774,10,10,0
08335,05911,12,0,12
08335,05913,51,30,21
08335,05914,0,0,0
08335,05915,0,0,0
08335,05916,0,0,0
08335,05954,0,0,0
08335,05958,12,12,0
08335,05962,25,15,10
08335,05966,0,0,0
08335,05970,0,0,0
08335,05974,13,13,0
08335,05978,16,16,0
08335,06411,28,0,28
08335,06412,262,40,222
08335,06413,11,0,11
08335,06414,39,10,29
08335,06431,27,16,11
08335,06432,43,17,26
08335,06433,29,0,29
08335,06434,92,29,63
08335,06435,25,14,11
08335,06436,28,0,28
08335,06437,0,0,0
08335,06438,51,20,31
08335,06439,22,11,11
08335,06440,39,19,20
08335,06531,13,13,0
08335,06532,14,14,0
08335,06533,0,0,0
08335,06534,15,15,0
08335,06535,0,0,0
08335,06611,0,0,0
08335,06631,10,10,0
08335,06632,0,0,0
08335,06633,0,0,0
08335,06634,11,0,11
08335,06635,0,0,0
08335,06636,0,0,0
08335,07111,10,0,10
08335,07131,0,0,0
08335,07132,0,0,0
08335,07133,0,0,0
08335,07134,0,0,0
08335,07135,0,0,0
08335,07137,14,14,0
08335,07138,0,0,0
08335,07140,0,0,0
08335,07141,0,0,0
08335,07143,0,0,0
08335,07211,0,0,0
08335,07231,0,0,0
08335,07232,0,0,0
08335,07233,0,0,0
08335,07235,0,0,0
08335,07311,0,0,0
08335,07312,0,0,0
08335,07313,0,0,0
08335,07314,21,10,11
08335,07315,49,0,49
08335,07316,0,0,0
08335,07317,0,0,0
08335,07318,0,0,0
08335,07319,0,0,0
08335,07320,0,0,0
08335,07331,0,0,0
08335,07332,0,0,0
08335,07333,0,0,0
08335,07334,18,18,0
08335,07335,0,0,0
08335,07336,0,0,0
08335,07337,12,12,0
08335,07338,12,12,0
08335,07339,10,10,0
08335,07340,0,0,0
08335,08111,898,174,724
08335,08115,330,83,247
08335,08116,307,89,218
08335,08117,146,74,72
08335,08118,217,84,133
08335,08119,164,63,101
08335,08121,45,23,22
08335,08125,83,33,50
08335,08126,24,0,24
08335,08127,35,16,19
08335,08128,11,0,11
08335,08135,29,16,13
08335,08136,70,35,35
08335,08211,22,0,22
08335,08212,190,49,141
08335,08215,99,50,49
08335,08216,63,26,37
08335,08221,69,34,35
08335,08222,165,30,135
08335,08225,0,0,0
08335,08226,163,59,104
08335,08231,33,13,20
08335,08235,68,45,23
08335,08236,49,28,21
08335,08237,101,60,41
08335,08311,907,112,795
08335,08315,295,125,170
08335,08316,87,44,43
08335,08317,179,96,83
08335,08325,486,232,254
08335,08326,2786,1256,1530
08335,08327,4566,1599,2967
08335,08335,0,0,0
08335,08336,208,96,112
08335,08337,1152,657,495
08335,08415,283,71,212
08335,08416,179,86,93
08335,08417,285,130,155
08335,08421,159,24,135
08335,08425,73,53,20
08335,08426,150,61,89
08335,08435,6186,3007,3179
08335,08436,891,443,448
08335,08437,2219,1461,758
08335,09161,13,0,13
08335,09162,473,135,338
08335,09163,0,0,0
08335,09171,0,0,0
08335,09172,0,0,0
08335,09173,11,0,11
08335,09174,13,0,13
08335,09175,59,20,39
08335,09176,0,0,0
08335,09177,26,11,15
08335,09178,28,10,18
08335,09179,14,14,0
08335,09180,10,10,0
08335,09181,22,10,12
08335,09182,0,0,0
08335,09183,0,0,0
08335,09184,146,24,122
08335,09185,28,0,28
08335,09186,0,0,0
08335,09187,41,24,17
08335,09188,44,13,31
08335,09189,0,0,0
08335,09190,11,11,0
08335,09261,0,0,0
08335,09262,0,0,0
08335,09263,0,0,0
08335,09271,0,0,0
08335,09272,0,0,0
08335,09273,0,0,0
08335,09274,0,0,0
08335,09275,0,0,0
08335,09276,0,0,0
08335,09277,12,0,12
08335,09278,0,0,0
08335,09279,0,0,0
08335,09361,0,0,0
08335,09362,0,0,0
08335,09363,0,0,0
08335,09371,0,0,0
08335,09372,0,0,0
08335,09373,0,0,0
08335,09374,0,0,0
08335,09375,0,0,0
08335,09376,11,11,0
08335,09377,0,0,0
08335,09461,0,0,0
08335,09462,0,0,0
08335,09463,0,0,0
08335,09464,0,0,0
08335,09471,0,0,0
08335,09472,0,0,0
08335,09473,0,0,0
08335,09474,0,0,0
08335,09475,41,0,41
08335,09476,0,0,0
08335,09477,0,0,0
08335,09478,0,0,0
08335,09479,0,0,0
08335,09561,0,0,0
08335,09562,32,10,22
08335,09563,0,0,0
08335,09564,118,33,85
08335,09565,0,0,0
08335,09571,0,0,0
08335,09572,10,10,0
08335,09573,0,0,0
08335,09574,11,0,11
08335,09575,0,0,0
08335,09576,0,0,0
08335,09577,0,0,0
08335,09661,15,15,0
08335,09662,0,0,0
08335,09663,13,0,13
08335,09671,11,11,0
08335,09672,0,0,0
08335,09673,0,0,0
08335,09674,0,0,0
08335,09675,0,0,0
08335,09676,10,0,10
08335,09677,0,0,0
08335,09678,0,0,0
08335,09679,0,0,0
08335,09761,46,17,29
08335,09762,0,0,0
08335,09763,38,20,18
08335,09764,0,0,0
08335,09771,0,0,0
08335,09772,39,19,20
08335,09773,0,0,0
08335,09774,0,0,0
08335,09775,74,32,42
08335,09776,115,63,52
08335,09777,31,11,20
08335,09778,26,15,11
08335,09779,0,0,0
08335,09780,42,20,22
08335,10041,38,16,22
08335,10042,0,0,0
08335,10043,0,0,0
08335,10044,0,0,0
08335,10045,10,0,10
08335,10046,0,0,0
08335,11000,492,230,262
08335,12051,0,0,0
08335,12052,0,0,0
08335,12053,0,0,0
08335,12054,12,0,12
08335,12060,0,0,0
08335,12061,0,0,0
08335,12062,0,0,0
08335,12063,0,0,0
08335,12064,0,0,0
08335,12065,0,0,0
08335,12066,0,0,0
08335,12067,0,0,0
08335,12068,0,0,0
08335,12069,0,0,0
08335,12070,0,0,0
08335,12071,10,10,0
08335,12072,10,0,10
08335,12073,0,0,0
08335,13003,0,0,0
08335,13004,0,0,0
08335,13071,0,0,0
08335,13072,0,0,0
08335,13073,0,0,0
08335,13074,0,0,0
08335,13075,0,0,0
08335,13076,0,0,0
08335,14511,0,0,0
08335,14521,20,20,0
08335,14522,0,0,0
08335,14523,0,0,0
08335,14524,10,10,0
08335,14612,40,22,18
08335,14625,27,17,10
08335,14626,10,10,0
08335,14627,0,0,0
08335,14628,0,0,0
08335,14713,54,25,29
08335,14729,0,0,0
08335,14730,12,12,0
08335,15001,0,0,0
08335,15002,10,10,0
08335,15003,0,0,0
08335,15081,0,0,0
08335,15082,0,0,0
08335,15083,0,0,0
08335,15084,0,0,0
08335,15085,0,0,0
08335,15086,0,0,0
08335,15087,0,0,0
08335,15088,0,0,0
08335,15089,0,0,0
08335,15090,0,0,0
08335,15091,0,0,0
08335,16051,0,0,0
08335,16052,0,0,0
08335,16053,0,0,0
08335,16054,0,0,0
08335,16055,0,0,0
08335,16056,0,0,0
08335,16061,0,0,0
08335,16062,0,0,0
08335,16063,0,0,0
08335,16064,0,0,0
08335,16065,0,0,0
08335,16066,0,0,0
08335,16067,0,0,0
08335,16068,0,0,0
08335,16069,0,0,0
08335,16070,64,64,0
08335,16071,0,0,0
08335,16072,0,0,0
08335,16073,11,11,0
08335,16074,0,0,0
08335,16075,0,0,0
08335,16076,0,0,0
08335,16077,0,0,0
08336,01001,0,0,0
08336,01002,14,0,14
08336,01003,0,0,0
08336,01004,0,0,0
08336,01051,0,0,0
08336,01053,0,0,0
08336,01054,0,0,0
08336,01055,0,0,0
08336,01056,18,18,0
08336,01057,0,0,0
08336,01058,0,0,0
08336,01059,0,0,0
08336,01060,19,19,0
08336,01061,0,0,0
08336,01062,11,11,0
08336,02000,192,118,74
08336,03101,0,0,0
08336,03102,0,0,0
08336,03103,0,0,0
08336,03151,0,0,0
08336,03153,0,0,0
08336,03154,0,0,0
08336,03155,0,0,0
08336,03157,0,0,0
08336,03158,0,0,0
08336,03159,18,18,0
08336,03241,57,36,21
08336,03251,0,0,0
08336,03252,0,0,0
08336,03254,0,0,0
08336,03255,0,0,0
08336,03256,0,0,0
08336,03257,0,0,0
08336,03351,0,0,0
08336,03352,0,0,0
08336,03353,14,14,0
08336,03354,0,0,0
08336,03355,0,0,0
08336,03356,0,0,0
08336,03357,0,0,0
08336,03358,0,0,0
08336,03359,0,0,0
08336,03360,0,0,0
08336,03361,0,0,0
08336,03401,0,0,0
08336,03402,0,0,0
08336,03403,10,10,0
08336,03404,65,0,65
08336,03405,0,0,0
08336,03451,0,0,0
08336,03452,10,10,0
08336,03453,44,0,44
08336,03454,0,0,0
08336,03455,0,0,0
08336,03456,0,0,0
08336,03457,0,0,0
08336,03458,0,0,0
08336,03459,19,19,0
08336,03460,0,0,0
08336,03461,0,0,0
08336,03462,0,0,0
08336,04011,19,19,0
08336,04012,0,0,0
08336,05111,70,36,34
08336,05112,43,23,20
08336,05113,55,34,21
08336,05114,12,0,12
08336,05116,23,23,0
08336,05117,0,0,0
08336,05119,0,0,0
08336,05120,0,0,0
08336,05122,0,0,0
08336,05124,11,11,0
08336,05154,10,10,0
08336,05158,48,19,29
08336,05162,55,39,16
08336,05166,36,19,17
08336,05170,56,24,32
08336,05314,34,22,12
08336,05315,111,58,53
08336,05316,11,11,0
08336,05334,29,17,12
08336,05358,0,0,0
08336,05362,46,25,21
08336,05366,0,0,0
08336,05370,22,22,0
08336,05374,28,12,16
08336,05378,11,11,0
08336,05382,45,31,14
08336,05512,0,0,0
08336,05513,0,0,0
08336,05515,16,16,0
08336,05554,11,0,11
08336,05558,0,0,0
08336,05562,30,18,12
08336,05566,28,28,0
08336,05570,13,13,0
08336,05711,10,10,0
08336,05754,11,11,0
08336,05758,0,0,0
08336,05762,0,0,0
08336,05766,10,10,0
08336,05770,13,0,13
08336,05774,11,11,0
08336,05911,25,25,0
08336,05913,46,27,19
08336,05914,0,0,0
08336,05915,0,0,0
08336,05916,0,0,0
08336,05954,36,25,11
08336,05958,10,10,0
08336,05962,0,0,0
08336,05966,0,0,0
08336,05970,10,10,0
08336,05974,12,12,0
08336,05978,62,10,52
08336,06411,42,16,26
08336,06412,426,59,367
08336,06413,0,0,0
08336,06414,45,30,15
08336,06431,32,18,14
08336,06432,30,17,13
08336,06433,23,23,0
08336,06434,28,16,12
08336,06435,52,23,29
08336,06436,47,30,17
08336,06437,0,0,0
08336,06438,40,25,15
08336,06439,18,18,0
08336,06440,11,11,0
08336,06531,28,13,15
08336,06532,23,12,11
08336,06533,0,0,0
08336,06534,10,10,0
08336,06535,0,0,0
08336,06611,26,15,11
08336,06631,11,11,0
08336,06632,0,0,0
08336,06633,12,12,0
08336,06634,0,0,0
08336,06635,0,0,0
08336,06636,0,0,0
08336,07111,11,11,0
08336,07131,0,0,0
08336,07132,0,0,0
08336,07133,0,0,0
08336,07134,0,0,0
08336,07135,0,0,0
08336,07137,12,12,0
08336,07138,0,0,0
08336,07140,0,0,0
08336,07141,0,0,0
08336,07143,15,15,0
08336,07211,0,0,0
08336,07231,13,0,13
08336,07232,0,0,0
08336,07233,0,0,0
08336,07235,0,0,0
08336,07311,0,0,0
08336,07312,0,0,0
08336,07313,0,0,0
08336,07314,47,16,31
08336,07315,35,16,19
08336,07316,0,0,0
08336,07317,0,0,0
08336,07318,0,0,0
08336,07319,0,0,0
08336,07320,0,0,0
08336,07331,0,0,0
08336,07332,12,12,0
08336,07333,0,0,0
08336,07334,13,0,13
08336,07335,0,0,0
08336,07336,0,0,0
08336,07337,0,0,0
08336,07338,0,0,0
08336,07339,11,11,0
08336,07340,0,0,0
08336,08111,285,90,195
08336,08115,94,55,39
08336,08116,129,80,49
08336,08117,45,28,17
08336,08118,75,43,32
08336,08119,108,24,84
08336,08121,32,12,20
08336,08125,40,18,22
08336,08126,19,0,19
08336,08127,14,0,14
08336,08128,0,0,0
08336,08135,0,0,0
08336,08136,29,15,14
08336,08211,16,0,16
08336,08212,194,59,135
08336,08215,92,52,40
08336,08216,63,41,22
08336,08221,73,21,52
08336,08222,159,37,122
08336,08225,0,0,0
08336,08226,140,34,106
08336,08231,0,0,0
08336,08235,10,10,0
08336,08236,30,19,11
08336,08237,50,50,0
08336,08311,3187,1204,1983
08336,08315,6056,3096,2960
08336,08316,591,348,243
08336,08317,439,279,160
08336,08325,89,53,36
08336,08326,220,93,127
08336,08327,50,25,25
08336,08335,208,112,96
08336,08336,0,0,0
08336,08337,7120,3991,3129
08336,08415,40,40,0
08336,08416,42,28,14
08336,08417,40,28,12
08336,08421,31,18,13
08336,08425,30,30,0
08336,08426,33,22,11
08336,08435,64,29,35
08336,08436,73,52,21
08336,08437,41,22,19
08336,09161,10,10,0
08336,09162,247,144,103
08336,09163,0,0,0
08336,09171,0,0,0
08336,09172,0,0,0
08336,09173,0,0,0
08336,09174,12,12,0
08336,09175,14,14,0
08336,09176,0,0,0
08336,09177,0,0,0
08336,09178,11,11,0
08336,09179,10,10,0
08336,09180,0,0,0
08336,09181,0,0,0
08336,09182,13,13,0
08336,09183,0,0,0
08336,09184,73,32,41
08336,09185,14,0,14
08336,09186,0,0,0
08336,09187,20,20,0
08336,09188,10,10,0
08336,09189,0,0,0
08336,09190,0,0,0
08336,09261,0,0,0
08336,09262,0,0,0
08336,09263,0,0,0
08336,09271,0,0,0
08336,09272,0,0,0
08336,09273,0,0,0
08336,09274,0,0,0
08336,09275,0,0,0
08336,09276,0,0,0
08336,09277,0,0,0
08336,09278,0,0,0
08336,09279,0,0,0
08336,09361,0,0,0
08336,09362,0,0,0
08336,09363,0,0,0
08336,09371,0,0,0
08336,09372,0,0,0
08336,09373,0,0,0
08336,09374,0,0,0
08336,09375,0,0,0
08336,09376,0,0,0
08336,09377,0,0,0
08336,09461,0,0,0
08336,09462,0,0,0
08336,09463,0,0,0
08336,09464,0,0,0
08336,09471,0,0,0
08336,09472,0,0,0
08336,09473,0,0,0
08336,09474,0,0,0
08336,09475,0,0,0
08336,09476,0,0,0
08336,09477,0,0,0
08336,09478,0,0,0
08336,09479,0,0,0
08336,09561,0,0,0
08336,09562,0,0,0
08336,09563,0,0,0
08336,09564,53,27,26
08336,09565,0,0,0
08336,09571,0,0,0
08336,09572,0,0,0
08336,09573,0,0,0
08336,09574,15,15,0
08336,09575,0,0,0
08336,09576,11,11,0
08336,09577,0,0,0
08336,09661,0,0,0
08336,09662,0,0,0
08336,09663,0,0,0
08336,09671,12,12,0
08336,09672,0,0,0
08336,09673,0,0,0
08336,09674,0,0,0
08336,09675,0,0,0
08336,09676,0,0,0
08336,09677,0,0,0
08336,09678,0,0,0
08336,09679,0,0,0
08336,09761,18,18,0
08336,09762,0,0,0
08336,09763,0,0,0
08336,09764,0,0,0
08336,09771,0,0,0
08336,09772,37,0,37
08336,09773,0,0,0
08336,09774,0,0,0
08336,09775,15,15,0
08336,09776,0,0,0
08336,09777,0,0,0
08336,09778,0,0,0
08336,09779,0,0,0
08336,09780,0,0,0
08336,10041,48,23,25
08336,10042,0,0,0
08336,10043,0,0,0
08336,10044,0,0,0
08336,10045,0,0,0
08336,10046,0,0,0
08336,11000,309,163,146
08336,12051,0,0,0
08336,12052,0,0,0
08336,12053,0,0,0
08336,12054,0,0,0
08336,12060,0,0,0
08336,12061,0,0,0
08336,12062,0,0,0
08336,12063,0,0,0
08336,12064,0,0,0
08336,12065,0,0,0
08336,12066,0,0,0
08336,12067,0,0,0
08336,12068,0,0,0
08336,12069,0,0,0
08336,12070,0,0,0
08336,12071,0,0,0
08336,12072,0,0,0
08336,12073,0,0,0
08336,13003,0,0,0
08336,13004,0,0,0
08336,13071,0,0,0
08336,13072,0,0,0
08336,13073,28,28,0
08336,13074,0,0,0
08336,13075,0,0,0
08336,13076,10,10,0
08336,14511,10,10,0
08336,14521,0,0,0
08336,14522,0,0,0
08336,14523,0,0,0
08336,14524,10,10,0
08336,14612,21,21,0
08336,14625,0,0,0
08336,14626,0,0,0
08336,14627,0,0,0
08336,14628,0,0,0
08336,14713,24,24,0
08336,14729,0,0,0
08336,14730,0,0,0
08336,15001,0,0,0
08336,15002,0,0,0
08336,15003,15,15,0
08336,15081,0,0,0
08336,15082,0,0,0
08336,15083,0,0,0
08336,15084,0,0,0
08336,15085,0,0,0
08336,15086,0,0,0
08336,15087,0,0,0
08336,15088,0,0,0
08336,15089,0,0,0
08336,15090,0,0,0
08336,15091,0,0,0
08336,16051,0,0,0
08336,16052,0,0,0
08336,16053,0,0,0
08336,16054,0,0,0
08336,16055,0,0,0
08336,16056,0,0,0
08336,16061,0,0,0
08336,16062,0,0,0
08336,16063,0,0,0
08336,16064,0,0,0
08336,16065,0,0,0
08336,16066,0,0,0
08336,16067,0,0,0
08336,16068,0,0,0
08336,16069,0,0,0
08336,16070,0,0,0
08336,16071,0,0,0
08336,16072,0,0,0
08336,16073,0,0,0
08336,16074,0,0,0
08336,16075,0,0,0
08336,16076,0,0,0
08336,16077,0,0,0
08337,01001,0,0,0
08337,01002,0,0,0
08337,01003,0,0,0
08337,01004,0,0,0
08337,01051,0,0,0
08337,01053,0,0,0
08337,01054,0,0,0
08337,01055,0,0,0
08337,01056,0,0,0
08337,01057,0,0,0
08337,01058,0,0,0
08337,01059,0,0,0
08337,01060,0,0,0
08337,01061,0,0,0
08337,01062,0,0,0
08337,02000,56,27,29
08337,03101,0,0,0
08337,03102,0,0,0
08337,03103,0,0,0
08337,03151,0,0,0
08337,03153,0,0,0
08337,03154,0,0,0
08337,03155,0,0,0
08337,03157,0,0,0
08337,03158,0,0,0
08337,03159,0,0,0
08337,03241,65,18,47
08337,03251,11,0,11
08337,03252,0,0,0
08337,03254,0,0,0
08337,03255,0,0,0
08337,03256,0,0,0
08337,03257,0,0,0
08337,03351,0,0,0
08337,03352,0,0,0
08337,03353,0,0,0
08337,03354,0,0,0
08337,03355,0,0,0
08337,03356,0,0,0
08337,03357,0,0,0
08337,03358,0,0,0
08337,03359,0,0,0
08337,03360,0,0,0
08337,03361,0,0,0
08337,03401,0,0,0
08337,03402,0,0,0
08337,03403,0,0,0
08337,03404,0,0,0
08337,03405,0,0,0
08337,03451,0,0,0
08337,03452,0,0,0
08337,03453,0,0,0
08337,03454,0,0,0
08337,03455,0,0,0
08337,03456,0,0,0
08337,03457,0,0,0
08337,03458,0,0,0
08337,03459,0,0,0
08337,03460,0,0,0
08337,03461,0,0,0
08337,03462,0,0,0
08337,04011,11,0,11
08337,04012,0,0,0
08337,05111,23,0,23
08337,05112,0,0,0
08337,05113,15,0,15
08337,05114,0,0,0
08337,05116,0,0,0
08337,05117,0,0,0
08337,05119,0,0,0
08337,05120,0,0,0
08337,05122,0,0,0
08337,05124,0,0,0
08337,05154,0,0,0
08337,05158,0,0,0
08337,05162,10,10,0
08337,05166,0,0,0
08337,05170,15,0,15
08337,05314,0,0,0
08337,05315,48,21,27
08337,05316,0,0,0
08337,05334,13,13,0
08337,05358,11,11,0
08337,05362,18,18,0
08337,05366,11,11,0
08337,05370,0,0,0
08337,05374,0,0,0
08337,05378,0,0,0
08337,05382,26,26,0
08337,05512,0,0,0
08337,05513,0,0,0
08337,05515,0,0,0
08337,05554,0,0,0
08337,05558,0,0,0
08337,05562,13,13,0
08337,05566,10,10,0
08337,05570,0,0,0
08337,05711,0,0,0
08337,05754,18,0,18
08337,05758,23,23,0
08337,05762,0,0,0
08337,05766,0,0,0
08337,05770,10,10,0
08337,05774,0,0,0
08337,05911,11,11,0
08337,05913,16,16,0
08337,05914,0,0,0
08337,05915,0,0,0
08337,05916,0,0,0
08337,05954,0,0,0
08337,05958,0,0,0
08337,05962,0,0,0
08337,05966,0,0,0
08337,05970,11,11,0
08337,05974,12,12,0
08337,05978,0,0,0
08337,06411,0,0,0
08337,06412,139,21,118
08337,06413,14,0,14
08337,06414,0,0,0
08337,06431,10,10,0
08337,06432,0,0,0
08337,06433,0,0,0
08337,06434,0,0,0
08337,06435,20,20,0
08337,06436,12,0,12
08337,06437,0,0,0
08337,06438,20,20,0
08337,06439,0,0,0
08337,06440,12,12,0
08337,06531,10,10,0
08337,06532,0,0,0
08337,06533,0,0,0
08337,06534,0,0,0
08337,06535,0,0,0
08337,06611,0,0,0
08337,06631,0,0,0
08337,06632,0,0,0
08337,06633,0,0,0
08337,06634,0,0,0
08337,06635,0,0,0
08337,06636,0,0,0
08337,07111,0,0,0
08337,07131,0,0,0
08337,07132,0,0,0
08337,07133,0,0,0
08337,07134,0,0,0
08337,07135,0,0,0
08337,07137,0,0,0
08337,07138,0,0,0
08337,07140,0,0,0
08337,07141,0,0,0
08337,07143,0,0,0
08337,07211,0,0,0
08337,07231,11,11,0
08337,07232,0,0,0
08337,07233,0,0,0
08337,07235,0,0,0
08337,07311,0,0,0
08337,07312,0,0,0
08337,07313,0,0,0
08337,07314,0,0,0
08337,07315,0,0,0
08337,07316,0,0,0
08337,07317,0,0,0
08337,07318,0,0,0
08337,07319,0,0,0
08337,07320,0,0,0
08337,07331,28,28,0
08337,07332,11,11,0
08337,07333,11,11,0
08337,07334,0,0,0
08337,07335,0,0,0
08337,07336,0,0,0
08337,07337,0,0,0
08337,07338,0,0,0
08337,07339,12,12,0
08337,07340,0,0,0
08337,08111,188,34,154
08337,08115,59,20,39
08337,08116,83,27,56
08337,08117,24,14,10
08337,08118,63,25,38
08337,08119,87,18,69
08337,08121,0,0,0
08337,08125,14,0,14
08337,08126,0,0,0
08337,08127,0,0,0
08337,08128,0,0,0
08337,08135,0,0,0
08337,08136,28,14,14
08337,08211,20,10,10
08337,08212,100,34,66
08337,08215,52,32,20
08337,08216,46,29,17
08337,08221,126,0,126
08337,08222,97,30,67
08337,08225,0,0,0
08337,08226,62,31,31
08337,08231,0,0,0
08337,08235,11,11,0
08337,08236,17,17,0
08337,08237,0,0,0
08337,08311,1084,240,844
08337,08315,2234,1083,1151
08337,08316,152,93,59
08337,08317,273,215,58
08337,08325,117,45,72
08337,08326,1315,575,740
08337,08327,157,81,76
08337,08335,1152,495,657
08337,08336,7120,3129,3991
08337,08337,0,0,0
08337,08415,37,15,22
08337,08416,32,17,15
08337,08417,61,37,24
08337,08421,26,12,14
08337,08425,0,0,0
08337,08426,10,0,10
08337,08435,81,42,39
08337,08436,52,27,25
08337,08437,36,13,23
08337,09161,0,0,0
08337,09162,125,35,90
08337,09163,0,0,0
08337,09171,0,0,0
08337,09172,0,0,0
08337,09173,0,0,0
08337,09174,0,0,0
08337,09175,0,0,0
08337,09176,0,0,0
08337,09177,0,0,0
08337,09178,0,0,0
08337,09179,0,0,0
08337,09180,0,0,0
08337,09181,0,0,0
08337,09182,0,0,0
08337,09183,12,0,12
08337,09184,21,0,21
08337,09185,0,0,0
08337,09186,0,0,0
08337,09187,0,0,0
08337,09188,0,0,0
08337,09189,0,0,0
08337,09190,0,0,0
08337,09261,0,0,0
08337,09262,0,0,0
08337,09263,0,0,0
08337,09271,0,0,0
08337,09272,0,0,0
08337,09273,0,0,0
08337,09274,0,0,0
08337,09275,0,0,0
08337,09276,0,0,0
08337,09277,0,0,0
08337,09278,0,0,0
08337,09279,0,0,0
08337,09361,0,0,0
08337,09362,0,0,0
08337,09363,0,0,0
08337,09371,0,0,0
08337,09372,0,0,0
08337,09373,0,0,0
08337,09374,0,0,0
08337,09375,0,0,0
08337,09376,0,0,0
08337,09377,0,0,0
08337,09461,0,0,0
08337,09462,0,0,0
08337,09463,0,0,0
08337,09464,0,0,0
08337,09471,0,0,0
08337,09472,0,0,0
08337,09473,0,0,0
08337,09474,0,0,0
08337,09475,0,0,0
08337,09476,0,0,0
08337,09477,0,0,0
08337,09478,0,0,0
08337,09479,0,0,0
08337,09561,0,0,0
08337,09562,0,0,0
08337,09563,0,0,0
08337,09564,15,0,15
08337,09565,0,0,0
08337,09571,0,0,0
08337,09572,0,0,0
08337,09573,0,0,0
08337,09574,0,0,0
08337,09575,0,0,0
08337,09576,0,0,0
08337,09577,0,0,0
08337,09661,0,0,0
08337,09662,0,0,0
08337,09663,0,0,0
08337,09671,0,0,0
08337,09672,0,0,0
08337,09673,0,0,0
08337,09674,0,0,0
08337,09675,0,0,0
08337,09676,12,12,0
08337,09677,0,0,0
08337,09678,0,0,0
08337,09679,0,0,0
08337,09761,10,0,10
08337,09762,0,0,0
08337,09763,0,0,0
08337,09764,0,0,0
08337,09771,0,0,0
08337,09772,26,0,26
08337,09773,0,0,0
08337,09774,0,0,0
08337,09775,15,15,0
08337,09776,0,0,0
08337,09777,0,0,0
08337,09778,0,0,0
08337,09779,0,0,0
08337,09780,11,0,11
08337,10041,11,0,11
08337,10042,0,0,0
08337,10043,0,0,0
08337,10044,10,10,0
08337,10045,0,0,0
08337,10046,0,0,0
08337,11000,146,55,91
08337,12051,0,0,0
08337,12052,0,0,0
08337,12053,0,0,0
08337,12054,0,0,0
08337,12060,0,0,0
08337,12061,0,0,0
08337,12062,0,0,0
08337,12063,0,0,0
08337,12064,0,0,0
08337,12065,0,0,0
08337,12066,0,0,0
08337,12067,0,0,0
08337,12068,0,0,0
08337,12069,0,0,0
08337,12070,0,0,0
08337,12071,0,0,0
08337,12072,0,0,0
08337,12073,0,0,0
08337,13003,0,0,0
08337,13004,0,0,0
08337,13071,0,0,0
08337,13072,0,0,0
08337,13073,0,0,0
08337,13074,0,0,0
08337,13075,0,0,0
08337,13076,0,0,0
08337,14511,0,0,0
08337,14521,11,11,0
08337,14522,0,0,0
08337,14523,0,0,0
08337,14524,12,12,0
08337,14612,12,12,0
08337,14625,10,10,0
08337,14626,0,0,0
08337,14627,0,0,0
08337,14628,0,0,0
08337,14713,11,11,0
08337,14729,0,0,0
08337,14730,18,18,0
08337,15001,0,0,0
08337,15002,0,0,0
08337,15003,0,0,0
08337,15081,0,0,0
08337,15082,0,0,0
08337,15083,0,0,0
08337,15084,0,0,0
08337,15085,0,0,0
08337,15086,0,0,0
08337,15087,0,0,0
08337,15088,0,0,0
08337,15089,0,0,0
08337,15090,0,0,0
08337,15091,0,0,0
08337,16051,0,0,0
08337,16052,0,0,0
08337,16053,0,0,0
08337,16054,0,0,0
08337,16055,0,0,0
08337,16056,0,0,0
08337,16061,0,0,0
08337,16062,0,0,0
08337,16063,0,0,0
08337,16064,0,0,0
08337,16065,0,0,0
08337,16066,0,0,0
08337,16067,0,0,0
08337,16068,0,0,0
08337,16069,0,0,0
08337,16070,0,0,0
08337,16071,0,0,0
08337,16072,0,0,0
08337,16073,0,0,0
08337,16074,12,12,0
08337,16075,0,0,0
08337,16076,0,0,0
08337,16077,0,0,0
08415,01001,0,0,0
08415,01002,0,0,0
08415,01003,19,0,19
08415,01004,0,0,0
08415,01051,0,0,0
08415,01053,0,0,0
08415,01054,0,0,0
08415,01055,0,0,0
08415,01056,12,0,12
08415,01057,0,0,0
08415,01058,0,0,0
08415,01059,0,0,0
08415,01060,15,0,15
08415,01061,0,0,0
08415,01062,15,0,15
08415,02000,259,90,169
08415,03101,22,12,10
08415,03102,0,0,0
08415,03103,0,0,0
08415,03151,0,0,0
08415,03153,0,0,0
08415,03154,0,0,0
08415,03155,0,0,0
08415,03157,0,0,0
08415,03158,0,0,0
08415,03159,26,15,11
08415,03241,100,36,64
08415,03251,0,0,0
08415,03252,0,0,0
08415,03254,0,0,0
08415,03255,0,0,0
08415,03256,0,0,0
08415,03257,10,10,0
08415,03351,0,0,0
08415,03352,0,0,0
08415,03353,25,13,12
08415,03354,0,0,0
08415,03355,0,0,0
08415,03356,0,0,0
08415,03357,0,0,0
08415,03358,0,0,0
08415,03359,0,0,0
08415,03360,0,0,0
08415,03361,0,0,0
08415,03401,0,0,0
08415,03402,0,0,0
08415,03403,0,0,0
08415,03404,30,0,30
08415,03405,0,0,0
08415,03451,0,0,0
08415,03452,0,0,0
08415,03453,0,0,0
08415,03454,0,0,0
08415,03455,0,0,0
08415,03456,0,0,0
08415,03457,0,0,0
08415,03458,0,0,0
08415,03459,11,0,11
08415,03460,15,15,0
08415,03461,0,0,0
08415,03462,0,0,0
08415,04011,38,15,23
08415,04012,0,0,0
08415,05111,171,32,139
08415,05112,21,0,21
08415,05113,45,20,25
08415,05114,0,0,0
08415,05116,31,19,12
08415,05117,0,0,0
08415,05119,44,10,34
08415,05120,14,0,14
08415,05122,0,0,0
08415,05124,29,17,12
08415,05154,25,14,11
08415,05158,71,21,50
08415,05162,49,19,30
08415,05166,44,27,17
08415,05170,15,15,0
08415,05314,49,16,33
08415,05315,154,44,110
08415,05316,0,0,0
08415,05334,68,27,41
08415,05358,10,0,10
08415,05362,25,14,11
08415,05366,11,11,0
08415,05370,0,0,0
08415,05374,65,11,54
08415,05378,0,0,0
08415,05382,45,18,27
08415,05512,0,0,0
08415,05513,0,0,0
08415,05515,25,10,15
08415,05554,45,11,34
08415,05558,0,0,0
08415,05562,13,13,0
08415,05566,14,14,0
08415,05570,0,0,0
08415,05711,20,0,20
08415,05754,44,12,32
08415,05758,12,0,12
08415,05762,0,0,0
08415,05766,0,0,0
08415,05770,11,11,0
08415,05774,10,10,0
08415,05911,10,0,10
08415,05913,42,17,25
08415,05914,0,0,0
08415,05915,0,0,0
08415,05916,0,0,0
08415,05954,11,11,0
08415,05958,11,0,11
08415,05962,24,13,11
08415,05966,0,0,0
08415,05970,10,10,0
08415,05974,39,27,12
08415,05978,31,14,17
08415,06411,42,13,29
08415,06412,313,53,260
08415,06413,13,0,13
08415,06414,41,13,28
08415,06431,48,29,19
08415,06432,35,18,17
08415,06433,44,20,24
08415,06434,80,10,70
08415,06435,57,30,27
08415,06436,38,0,38
08415,06437,0,0,0
08415,06438,63,15,48
08415,06439,28,12,16
08415,06440,16,16,0
08415,06531,15,15,0
08415,06532,10,0,10
08415,06533,16,16,0
08415,06534,12,12,0
08415,06535,10,10,0
08415,06611,0,0,0
08415,06631,10,0,10
08415,06632,0,0,0
08415,06633,16,16,0
08415,06634,0,0,0
08415,06635,0,0,0
08415,06636,0,0,0
08415,07111,11,0,11
08415,07131,0,0,0
08415,07132,0,0,0
08415,07133,0,0,0
08415,07134,0,0,0
08415,07135,0,0,0
08415,07137,0,0,0
08415,07138,12,12,0
08415,07140,0,0,0
08415,07141,0,0,0
08415,07143,20,20,0
08415,07211,0,0,0
08415,07231,0,0,0
08415,07232,0,0,0
08415,07233,0,0,0
08415,07235,0,0,0
08415,07311,0,0,0
08415,07312,0,0,0
08415,07313,0,0,0
08415,07314,28,17,11
08415,07315,32,12,20
08415,07316,0,0,0
08415,07317,0,0,0
08415,07318,0,0,0
08415,07319,12,0,12
08415,07320,0,0,0
08415,07331,0,0,0
08415,07332,15,15,0
08415,07333,0,0,0
08415,07334,19,19,0
08415,07335,0,0,0
08415,07336,0,0,0
08415,07337,12,12,0
08415,07338,14,14,0
08415,07339,10,0,10
08415,07340,0,0,0
08415,08111,7202,1961,5241
08415,08115,3936,1347,2589
08415,08116,16088,7184,8904
08415,08117,1078,558,520
08415,08118,1204,495,709
08415,08119,904,326,578
08415,08121,158,76,82
08415,08125,242,146,96
08415,08126,68,22,46
08415,08127,100,71,29
08415,08128,31,16,15
08415,08135,119,31,88
08415,08136,211,89,122
08415,08211,14,0,14
08415,08212,190,67,123
08415,08215,211,125,86
08415,08216,62,30,32
08415,08221,46,12,34
08415,08222,134,67,67
08415,08225,40,27,13
08415,08226,161,92,69
08415,08231,80,33,47
08415,08235,358,231,127
08415,08236,159,98,61
08415,08237,448,306,142
08415,08311,86,42,44
08415,08315,69,38,31
08415,08316,51,38,13
08415,08317,129,65,64
08415,08325,307,208,99
08415,08326,308,240,68
08415,08327,132,78,54
08415,08335,283,212,71
08415,08336,40,0,40
08415,08337,37,22,15
08415,08415,0,0,0
08415,08416,21113,10348,10765
08415,08417,3065,2168,897
08415,08421,439,97,342
08415,08425,2173,998,1175
08415,08426,1166,593,573
08415,08435,164,107,57
08415,08436,393,258,135
08415,08437,1801,900,901
08415,09161,17,0,17
08415,09162,569,144,425
08415,09163,0,0,0
08415,09171,0,0,0
08415,09172,0,0,0
08415,09173,11,11,0
08415,09174,16,0,16
08415,09175,11,11,0
08415,09176,23,13,10
08415,09177,21,11,10
08415,09178,50,16,34
08415,09179,57,30,27
08415,09180,0,0,0
08415,09181,25,14,11
08415,09182,0,0,0
08415,09183,0,0,0
08415,09184,192,25,167
08415,09185,0,0,0
08415,09186,13,0,13
08415,09187,26,14,12
08415,09188,31,15,16
08415,09189,32,13,19
08415,09190,0,0,0
08415,09261,0,0,0
08415,09262,0,0,0
08415,09263,0,0,0
08415,09271,11,0,11
08415,09272,0,0,0
08415,09273,0,0,0
08415,09274,20,0,20
08415,09275,0,0,0
08415,09276,0,0,0
08415,09277,0,0,0
08415,09278,0,0,0
08415,09279,0,0,0
08415,09361,0,0,0
08415,09362,29,17,12
08415,09363,0,0,0
08415,09371,0,0,0
08415,09372,0,0,0
08415,09373,20,20,0
08415,09374,0,0,0
08415,09375,15,15,0
08415,09376,0,0,0
08415,09377,0,0,0
08415,09461,12,0,12
08415,09462,0,0,0
08415,09463,0,0,0
08415,09464,0,0,0
08415,09471,0,0,0
08415,09472,0,0,0
08415,09473,0,0,0
08415,09474,0,0,0
08415,09475,24,0,24
08415,09476,0,0,0
08415,09477,0,0,0
08415,09478,0,0,0
08415,09479,0,0,0
08415,09561,0,0,0
08415,09562,30,13,17
08415,09563,0,0,0
08415,09564,100,43,57
08415,09565,0,0,0
08415,09571,12,12,0
08415,09572,39,0,39
08415,09573,0,0,0
08415,09574,11,11,0
08415,09575,0,0,0
08415,09576,17,17,0
08415,09577,0,0,0
08415,09661,10,0,10
08415,09662,0,0,0
08415,09663,26,13,13
08415,09671,11,0,11
08415,09672,0,0,0
08415,09673,0,0,0
08415,09674,0,0,0
08415,09675,0,0,0
08415,09676,12,12,0
08415,09677,0,0,0
08415,09678,0,0,0
08415,09679,12,12,0
08415,09761,50,25,25
08415,09762,0,0,0
08415,09763,11,0,11
08415,09764,0,0,0
08415,09771,0,0,0
08415,09772,61,18,43
08415,09773,32,14,18
08415,09774,67,33,34
08415,09775,160,81,79
08415,09776,30,16,14
08415,09777,16,16,0
08415,09778,17,0,17
08415,09779,23,12,11
08415,09780,35,14,21
08415,10041,29,13,16
08415,10042,0,0,0
08415,10043,14,14,0
08415,10044,0,0,0
08415,10045,19,19,0
08415,10046,0,0,0
08415,11000,302,129,173
08415,12051,0,0,0
08415,12052,0,0,0
08415,12053,0,0,0
08415,12054,0,0,0
08415,12060,0,0,0
08415,12061,0,0,0
08415,12062,10,10,0
08415,12063,10,10,0
08415,12064,0,0,0
08415,12065,0,0,0
08415,12066,0,0,0
08415,12067,0,0,0
08415,12068,0,0,0
08415,12069,12,12,0
08415,12070,0,0,0
08415,12071,0,0,0
08415,12072,0,0,0
08415,12073,0,0,0
08415,13003,0,0,0
08415,13004,0,0,0
08415,13071,0,0,0
08415,13072,0,0,0
08415,13073,0,0,0
08415,13074,0,0,0
08415,13075,0,0,0
08415,13076,0,0,0
08415,14511,13,13,0
08415,14521,12,12,0
08415,14522,23,23,0
08415,14523,13,13,0
08415,14524,11,11,0
08415,14612,63,39,24
08415,14625,18,18,0
08415,14626,10,10,0
08415,14627,11,11,0
08415,14628,0,0,0
08415,14713,52,34,18
08415,14729,16,16,0
08415,14730,0,0,0
08415,15001,18,18,0
08415,15002,20,10,10
08415,15003,0,0,0
08415,15081,0,0,0
08415,15082,0,0,0
08415,15083,0,0,0
08415,15084,0,0,0
08415,15085,0,0,0
08415,15086,0,0,0
08415,15087,13,13,0
08415,15088,15,15,0
08415,15089,0,0,0
08415,15090,0,0,0
08415,15091,27,27,0
08415,16051,26,14,12
08415,16052,0,0,0
08415,16053,0,0,0
08415,16054,0,0,0
08415,16055,0,0,0
08415,16056,0,0,0
08415,16061,0,0,0
08415,16062,0,0,0
08415,16063,0,0,0
08415,16064,27,27,0
08415,16065,0,0,0
08415,16066,13,13,0
08415,16067,15,15,0
08415,16068,0,0,0
08415,16069,0,0,0
08415,16070,0,0,0
08415,16071,0,0,0
08415,16072,0,0,0
08415,16073,0,0,0
08415,16074,0,0,0
08415,16075,0,0,0
08415,16076,0,0,0
08415,16077,0,0,0
08416,01001,0,0,0
08416,01002,13,0,13
08416,01003,0,0,0
08416,01004,0,0,0
08416,01051,0,0,0
08416,01053,0,0,0
08416,01054,0,0,0
08416,01055,0,0,0
08416,01056,0,0,0
08416,01057,0,0,0
08416,01058,0,0,0
08416,01059,0,0,0
08416,01060,0,0,0
08416,01061,0,0,0
08416,01062,16,16,0
08416,02000,200,54,146
08416,03101,10,0,10
08416,03102,0,0,0
08416,03103,0,0,0
08416,03151,0,0,0
08416,03153,0,0,0
08416,03154,0,0,0
08416,03155,0,0,0
08416,03157,0,0,0
08416,03158,0,0,0
08416,03159,30,10,20
08416,03241,73,36,37
08416,03251,0,0,0
08416,03252,0,0,0
08416,03254,0,0,0
08416,03255,0,0,0
08416,03256,0,0,0
08416,03257,0,0,0
08416,03351,0,0,0
08416,03352,0,0,0
08416,03353,36,36,0
08416,03354,0,0,0
08416,03355,0,0,0
08416,03356,0,0,0
08416,03357,0,0,0
08416,03358,0,0,0
08416,03359,0,0,0
08416,03360,0,0,0
08416,03361,0,0,0
08416,03401,0,0,0
08416,03402,0,0,0
08416,03403,0,0,0
08416,03404,38,0,38
08416,03405,0,0,0
08416,03451,0,0,0
08416,03452,0,0,0
08416,03453,0,0,0
08416,03454,0,0,0
08416,03455,0,0,0
08416,03456,0,0,0
08416,03457,0,0,0
08416,03458,0,0,0
08416,03459,0,0,0
08416,03460,0,0,0
08416,03461,0,0,0
08416,03462,0,0,0
08416,04011,38,10,28
08416,04012,0,0,0
08416,05111,118,26,92
08416,05112,11,0,11
08416,05113,46,20,26
08416,05114,0,0,0
08416,05116,10,0,10
08416,05117,0,0,0
08416,05119,0,0,0
08416,05120,0,0,0
08416,05122,0,0,0
08416,05124,0,0,0
08416,05154,0,0,0
08416,05158,50,20,30
08416,05162,34,13,21
08416,05166,0,0,0
08416,05170,20,20,0
08416,05314,56,18,38
08416,05315,286,155,131
08416,05316,0,0,0
08416,05334,38,17,21
08416,05358,0,0,0
08416,05362,29,29,0
08416,05366,13,13,0
08416,05370,0,0,0
08416,05374,29,0,29
08416,05378,0,0,0
08416,05382,44,23,21
08416,05512,0,0,0
08416,05513,0,0,0
08416,05515,25,14,11
08416,05554,10,0,10
08416,05558,0,0,0
08416,05562,11,11,0
08416,05566,12,0,12
08416,05570,0,0,0
08416,05711,11,0,11
08416,05754,16,0,16
08416,05758,0,0,0
08416,05762,0,0,0
08416,05766,10,0,10
08416,05770,0,0,0
08416,05774,0,0,0
08416,05911,22,11,11
08416,05913,33,12,21
08416,05914,0,0,0
08416,05915,0,0,0
08416,05916,0,0,0
08416,05954,24,10,14
08416,05958,0,0,0
08416,05962,29,0,29
08416,05966,0,0,0
08416,05970,15,0,15
08416,05974,0,0,0
08416,05978,12,0,12
08416,06411,26,0,26
08416,06412,302,59,243
08416,06413,10,0,10
08416,06414,50,12,38
08416,06431,27,13,14
08416,06432,22,0,22
08416,06433,13,0,13
08416,06434,47,0,47
08416,06435,31,12,19
08416,06436,50,17,33
08416,06437,0,0,0
08416,06438,42,10,32
08416,06439,0,0,0
08416,06440,11,11,0
08416,06531,11,11,0
08416,06532,12,0,12
08416,06533,0,0,0
08416,06534,13,0,13
08416,06535,0,0,0
08416,06611,0,0,0
08416,06631,13,0,13
08416,06632,0,0,0
08416,06633,0,0,0
08416,06634,0,0,0
08416,06635,0,0,0
08416,06636,0,0,0
08416,07111,19,0,19
08416,07131,0,0,0
08416,07132,0,0,0
08416,07133,0,0,0
08416,07134,0,0,0
08416,07135,0,0,0
08416,07137,0,0,0
08416,07138,0,0,0
08416,07140,10,0,10
08416,07141,0,0,0
08416,07143,0,0,0
08416,07211,0,0,0
08416,07231,0,0,0
08416,07232,0,0,0
08416,07233,0,0,0
08416,07235,0,0,0
08416,07311,0,0,0
08416,07312,11,0,11
08416,07313,0,0,0
08416,07314,25,0,25
08416,07315,64,20,44
08416,07316,0,0,0
08416,07317,0,0,0
08416,07318,0,0,0
08416,07319,0,0,0
08416,07320,0,0,0
08416,07331,0,0,0
08416,07332,0,0,0
08416,07333,0,0,0
08416,07334,12,0,12
08416,07335,10,10,0
08416,07336,0,0,0
08416,07337,12,12,0
08416,07338,0,0,0
08416,07339,0,0,0
08416,07340,0,0,0
08416,08111,6121,1315,4806
08416,08115,11735,3611,8124
08416,08116,4543,1933,2610
08416,08117,346,194,152
08416,08118,804,293,511
08416,08119,542,277,265
08416,08121,74,26,48
08416,08125,163,80,83
08416,08126,67,31,36
08416,08127,84,44,40
08416,08128,34,22,12
08416,08135,51,31,20
08416,08136,243,150,93
08416,08211,16,0,16
08416,08212,177,60,117
08416,08215,117,45,72
08416,08216,55,28,27
08416,08221,110,43,67
08416,08222,99,32,67
08416,08225,18,18,0
08416,08226,146,71,75
08416,08231,117,49,68
08416,08235,1539,745,794
08416,08236,145,71,74
08416,08237,2369,1222,1147
08416,08311,118,38,80
08416,08315,64,35,29
08416,08316,33,19,14
08416,08317,159,94,65
08416,08325,697,380,317
08416,08326,200,91,109
08416,08327,277,104,173
08416,08335,179,93,86
08416,08336,42,14,28
08416,08337,32,15,17
08416,08415,21113,10765,10348
08416,08416,0,0,0
08416,08417,8563,5438,3125
08416,08421,149,56,93
08416,08425,148,109,39
08416,08426,167,104,63
08416,08435,93,52,41
08416,08436,187,108,79
08416,08437,345,188,157
08416,09161,31,0,31
08416,09162,553,111,442
08416,09163,0,0,0
08416,09171,0,0,0
08416,09172,0,0,0
08416,09173,0,0,0
08416,09174,13,0,13
08416,09175,0,0,0
08416,09176,0,0,0
08416,09177,0,0,0
08416,09178,43,11,32
08416,09179,21,10,11
08416,09180,0,0,0
08416,09181,0,0,0
08416,09182,0,0,0
08416,09183,0,0,0
08416,09184,138,16,122
08416,09185,0,0,0
08416,09186,10,0,10
08416,09187,10,10,0
08416,09188,27,12,15
08416,09189,0,0,0
08416,09190,18,18,0
08416,09261,0,0,0
08416,09262,0,0,0
08416,09263,0,0,0
08416,09271,0,0,0
08416,09272,0,0,0
08416,09273,0,0,0
08416,09274,0,0,0
08416,09275,0,0,0
08416,09276,0,0,0
08416,09277,0,0,0
08416,09278,0,0,0
08416,09279,0,0,0
08416,09361,0,0,0
08416,09362,14,0,14
08416,09363,0,0,0
08416,09371,0,0,0
08416,09372,0,0,0
08416,09373,10,0,10
08416,09374,0,0,0
08416,09375,0,0,0
08416,09376,0,0,0
08416,09377,0,0,0
08416,09461,13,0,13
08416,09462,0,0,0
08416,09463,0,0,0
08416,09464,0,0,0
08416,09471,10,10,0
08416,09472,0,0,0
08416,09473,0,0,0
08416,09474,0,0,0
08416,09475,0,0,0
08416,09476,0,0,0
08416,09477,0,0,0
08416,09478,0,0,0
08416,09479,0,0,0
08416,09561,0,0,0
08416,09562,37,16,21
08416,09563,0,0,0
08416,09564,85,24,61
08416,09565,0,0,0
08416,09571,0,0,0
08416,09572,23,12,11
08416,09573,0,0,0
08416,09574,0,0,0
08416,09575,0,0,0
08416,09576,0,0,0
08416,09577,0,0,0
08416,09661,0,0,0
08416,09662,0,0,0
08416,09663,54,19,35
08416,09671,0,0,0
08416,09672,0,0,0
08416,09673,0,0,0
08416,09674,0,0,0
08416,09675,12,0,12
08416,09676,0,0,0
08416,09677,17,0,17
08416,09678,11,0,11
08416,09679,0,0,0
08416,09761,62,25,37
08416,09762,0,0,0
08416,09763,0,0,0
08416,09764,0,0,0
08416,09771,0,0,0
08416,09772,19,0,19
08416,09773,20,0,20
08416,09774,28,15,13
08416,09775,74,41,33
08416,09776,33,13,20
08416,09777,0,0,0
08416,09778,20,10,10
08416,09779,0,0,0
08416,09780,22,11,11
08416,10041,38,23,15
08416,10042,0,0,0
08416,10043,0,0,0
08416,10044,49,49,0
08416,10045,0,0,0
08416,10046,0,0,0
08416,11000,374,107,267
08416,12051,0,0,0
08416,12052,0,0,0
08416,12053,0,0,0
08416,12054,21,10,11
08416,12060,0,0,0
08416,12061,0,0,0
08416,12062,0,0,0
08416,12063,0,0,0
08416,12064,0,0,0
08416,12065,0,0,0
08416,12066,0,0,0
08416,12067,0,0,0
08416,12068,0,0,0
08416,12069,0,0,0
08416,12070,0,0,0
08416,12071,0,0,0
08416,12072,0,0,0
08416,12073,0,0,0
08416,13003,0,0,0
08416,13004,0,0,0
08416,13071,0,0,0
08416,13072,0,0,0
08416,13073,0,0,0
08416,13074,0,0,0
08416,13075,11,11,0
08416,13076,0,0,0
08416,14511,34,23,11
08416,14521,20,0,20
08416,14522,12,12,0
08416,14523,0,0,0
08416,14524,0,0,0
08416,14612,86,56,30
08416,14625,0,0,0
08416,14626,0,0,0
08416,14627,0,0,0
08416,14628,0,0,0
08416,14713,48,17,31
08416,14729,14,14,0
08416,14730,0,0,0
08416,15001,0,0,0
08416,15002,0,0,0
08416,15003,0,0,0
08416,15081,0,0,0
08416,15082,0,0,0
08416,15083,0,0,0
08416,15084,16,16,0
08416,15085,0,0,0
08416,15086,0,0,0
08416,15087,0,0,0
08416,15088,0,0,0
08416,15089,0,0,0
08416,15090,0,0,0
08416,15091,0,0,0
08416,16051,15,0,15
08416,16052,0,0,0
08416,16053,15,15,0
08416,16054,0,0,0
08416,16055,0,0,0
08416,16056,0,0,0
08416,16061,0,0,0
08416,16062,0,0,0
08416,16063,0,0,0
08416,16064,0,0,0
08416,16065,0,0,0
08416,16066,0,0,0
08416,16067,0,0,0
08416,16068,0,0,0
08416,16069,23,0,23
08416,16070,0,0,0
08416,16071,0,0,0
08416,16072,0,0,0
08416,16073,0,0,0
08416,16074,0,0,0
08416,16075,0,0,0
08416,16076,0,0,0
08416,16077,0,0,0
08417,01001,0,0,0
08417,01002,0,0,0
08417,01003,11,11,0
08417,01004,0,0,0
08417,01051,0,0,0
08417,01053,0,0,0
08417,01054,0,0,0
08417,01055,14,14,0
08417,01056,10,10,0
08417,01057,0,0,0
08417,01058,0,0,0
08417,01059,0,0,0
08417,01060,0,0,0
08417,01061,0,0,0
08417,01062,10,0,10
08417,02000,135,27,108
08417,03101,0,0,0
08417,03102,0,0,0
08417,03103,0,0,0
08417,03151,0,0,0
08417,03153,0,0,0
08417,03154,0,0,0
08417,03155,0,0,0
08417,03157,0,0,0
08417,03158,0,0,0
08417,03159,0,0,0
08417,03241,58,24,34
08417,03251,0,0,0
08417,03252,0,0,0
08417,03254,12,12,0
08417,03255,0,0,0
08417,03256,0,0,0
08417,03257,0,0,0
08417,03351,0,0,0
08417,03352,0,0,0
08417,03353,12,12,0
08417,03354,0,0,0
08417,03355,0,0,0
08417,03356,0,0,0
08417,03357,0,0,0
08417,03358,0,0,0
08417,03359,0,0,0
08417,03360,0,0,0
08417,03361,0,0,0
08417,03401,0,0,0
08417,03402,0,0,0
08417,03403,0,0,0
08417,03404,21,0,21
08417,03405,0,0,0
08417,03451,0,0,0
08417,03452,0,0,0
08417,03453,0,0,0
08417,03454,0,0,0
08417,03455,0,0,0
08417,03456,0,0,0
08417,03457,20,20,0
08417,03458,0,0,0
08417,03459,80,0,80
08417,03460,0,0,0
08417,03461,0,0,0
08417,03462,0,0,0
08417,04011,0,0,0
08417,04012,0,0,0
08417,05111,56,15,41
08417,05112,0,0,0
08417,05113,27,16,11
08417,05114,0,0,0
08417,05116,10,0,10
08417,05117,0,0,0
08417,05119,0,0,0
08417,05120,0,0,0
08417,05122,0,0,0
08417,05124,17,0,17
08417,05154,0,0,0
08417,05158,31,10,21
08417,05162,16,0,16
08417,05166,0,0,0
08417,05170,0,0,0
08417,05314,14,0,14
08417,05315,69,13,56
08417,05316,0,0,0
08417,05334,26,11,15
08417,05358,16,0,16
08417,05362,15,15,0
08417,05366,0,0,0
08417,05370,0,0,0
08417,05374,0,0,0
08417,05378,0,0,0
08417,05382,28,18,10
08417,05512,0,0,0
08417,05513,0,0,0
08417,05515,0,0,0
08417,05554,0,0,0
08417,05558,0,0,0
08417,05562,10,10,0
08417,05566,0,0,0
08417,05570,0,0,0
08417,05711,0,0,0
08417,05754,26,0,26
08417,05758,0,0,0
08417,05762,0,0,0
08417,05766,0,0,0
08417,05770,0,0,0
08417,05774,0,0,0
08417,05911,0,0,0
08417,05913,0,0,0
08417,05914,0,0,0
08417,05915,0,0,0
08417,05916,0,0,0
08417,05954,0,0,0
08417,05958,0,0,0
08417,05962,0,0,0
08417,05966,0,0,0
08417,05970,0,0,0
08417,05974,0,0,0
08417,05978,0,0,0
08417,06411,0,0,0
08417,06412,115,21,94
08417,06413,0,0,0
08417,06414,35,0,35
08417,06431,13,13,0
08417,06432,0,0,0
08417,06433,13,0,13
08417,06434,32,0,32
08417,06435,12,12,0
08417,06436,19,0,19
08417,06437,0,0,0
08417,06438,34,10,24
08417,06439,0,0,0
08417,06440,14,14,0
08417,06531,13,0,13
08417,06532,0,0,0
08417,06533,0,0,0
08417,06534,0,0,0
08417,06535,0,0,0
08417,06611,0,0,0
08417,06631,0,0,0
08417,06632,0,0,0
08417,06633,0,0,0
08417,06634,0,0,0
08417,06635,0,0,0
08417,06636,0,0,0
08417,07111,0,0,0
08417,07131,0,0,0
08417,07132,0,0,0
08417,07133,0,0,0
08417,07134,0,0,0
08417,07135,0,0,0
08417,07137,0,0,0
08417,07138,0,0,0
08417,07140,0,0,0
08417,07141,0,0,0
08417,07143,0,0,0
08417,07211,0,0,0
08417,07231,0,0,0
08417,07232,0,0,0
08417,07233,0,0,0
08417,07235,0,0,0
08417,07311,0,0,0
08417,07312,0,0,0
08417,07313,0,0,0
08417,07314,0,0,0
08417,07315,12,0,12
08417,07316,0,0,0
08417,07317,0,0,0
08417,07318,0,0,0
08417,07319,0,0,0
08417,07320,0,0,0
08417,07331,0,0,0
08417,07332,0,0,0
08417,07333,0,0,0
08417,07334,0,0,0
08417,07335,0,0,0
08417,07336,0,0,0
08417,07337,0,0,0
08417,07338,0,0,0
08417,07339,26,0,26
08417,07340,0,0,0
08417,08111,1301,166,1135
08417,08115,1523,288,1235
08417,08116,744,192,552
08417,08117,173,78,95
08417,08118,301,109,192
08417,08119,238,87,151
08417,08121,35,17,18
08417,08125,92,33,59
08417,08126,37,10,27
08417,08127,11,0,11
08417,08128,0,0,0
08417,08135,23,13,10
08417,08136,102,26,76
08417,08211,12,0,12
08417,08212,90,46,44
08417,08215,69,34,35
08417,08216,49,12,37
08417,08221,19,0,19
08417,08222,50,14,36
08417,08225,10,10,0
08417,08226,66,21,45
08417,08231,55,30,25
08417,08235,283,98,185
08417,08236,128,94,34
08417,08237,1430,581,849
08417,08311,109,28,81
08417,08315,81,47,34
08417,08316,44,28,16
08417,08317,148,56,92
08417,08325,4425,1824,2601
08417,08326,739,291,448
08417,08327,3114,646,2468
08417,08335,285,155,130
08417,08336,40,12,28
08417,08337,61,24,37
08417,08415,3065,897,2168
08417,08416,8563,3125,5438
08417,08417,0,0,0
08417,08421,67,28,39
08417,08425,70,43,27
08417,08426,212,96,116
08417,08435,158,77,81
08417,08436,167,68,99
08417,08437,5086,2568,2518
08417,09161,112,0,112
08417,09162,167,34,133
08417,09163,0,0,0
08417,09171,0,0,0
08417,09172,0,0,0
08417,09173,0,0,0
08417,09174,10,10,0
08417,09175,15,15,0
08417,09176,0,0,0
08417,09177,0,0,0
08417,09178,24,0,24
08417,09179,22,22,0
08417,09180,0,0,0
08417,09181,0,0,0
08417,09182,0,0,0
08417,09183,0,0,0
08417,09184,59,0,59
08417,09185,0,0,0
08417,09186,0,0,0
08417,09187,41,10,31
08417,09188,13,0,13
08417,09189,0,0,0
08417,09190,0,0,0
08417,09261,0,0,0
08417,09262,0,0,0
08417,09263,0,0,0
08417,09271,0,0,0
08417,09272,0,0,0
08417,09273,0,0,0
08417,09274,0,0,0
08417,09275,10,10,0
08417,09276,0,0,0
08417,09277,0,0,0
08417,09278,0,0,0
08417,09279,0,0,0
08417,09361,0,0,0
08417,09362,0,0,0
08417,09363,0,0,0
08417,09371,0,0,0
08417,09372,11,0,11
08417,09373,0,0,0
08417,09374,0,0,0
08417,09375,0,0,0
08417,09376,0,0,0
08417,09377,0,0,0
08417,09461,0,0,0
08417,09462,0,0,0
08417,09463,0,0,0
08417,09464,0,0,0
08417,09471,0,0,0
08417,09472,0,0,0
08417,09473,0,0,0
08417,09474,0,0,0
08417,09475,0,0,0
08417,09476,12,12,0
08417,09477,0,0,0
08417,09478,0,0,0
08417,09479,0,0,0
08417,09561,0,0,0
08417,09562,0,0,0
08417,09563,0,0,0
08417,09564,33,14,19
08417,09565,0,0,0
08417,09571,0,0,0
08417,09572,12,12,0
08417,09573,0,0,0
08417,09574,0,0,0
08417,09575,0,0,0
08417,09576,0,0,0
08417,09577,0,0,0
08417,09661,0,0,0
08417,09662,0,0,0
08417,09663,0,0,0
08417,09671,12,12,0
08417,09672,0,0,0
08417,09673,0,0,0
08417,09674,0,0,0
08417,09675,0,0,0
08417,09676,0,0,0
08417,09677,15,0,15
08417,09678,20,0,20
08417,09679,0,0,0
08417,09761,30,13,17
08417,09762,0,0,0
08417,09763,0,0,0
08417,09764,11,0,11
08417,09771,10,10,0
08417,09772,32,17,15
08417,09773,0,0,0
08417,09774,0,0,0
08417,09775,46,20,26
08417,09776,0,0,0
08417,09777,13,13,0
08417,09778,13,13,0
08417,09779,0,0,0
08417,09780,20,20,0
08417,10041,0,0,0
08417,10042,0,0,0
08417,10043,0,0,0
08417,10044,0,0,0
08417,10045,0,0,0
08417,10046,0,0,0
08417,11000,160,69,91
08417,12051,0,0,0
08417,12052,0,0,0
08417,12053,0,0,0
08417,12054,16,0,16
08417,12060,0,0,0
08417,12061,11,11,0
08417,12062,0,0,0
08417,12063,0,0,0
08417,12064,0,0,0
08417,12065,0,0,0
08417,12066,0,0,0
08417,12067,0,0,0
08417,12068,0,0,0
08417,12069,0,0,0
08417,12070,0,0,0
08417,12071,0,0,0
08417,12072,0,0,0
08417,12073,0,0,0
08417,13003,0,0,0
08417,13004,0,0,0
08417,13071,0,0,0
08417,13072,0,0,0
08417,13073,0,0,0
08417,13074,0,0,0
08417,13075,0,0,0
08417,13076,0,0,0
08417,14511,13,13,0
08417,14521,12,0,12
08417,14522,14,14,0
08417,14523,10,10,0
08417,14524,23,12,11
08417,14612,13,0,13
08417,14625,0,0,0
08417,14626,0,0,0
08417,14627,0,0,0
08417,14628,0,0,0
08417,14713,11,11,0
08417,14729,0,0,0
08417,14730,0,0,0
08417,15001,17,17,0
08417,15002,0,0,0
08417,15003,0,0,0
08417,15081,0,0,0
08417,15082,0,0,0
08417,15083,0,0,0
08417,15084,0,0,0
08417,15085,0,0,0
08417,15086,0,0,0
08417,15087,0,0,0
08417,15088,0,0,0
08417,15089,0,0,0
08417,15090,0,0,0
08417,15091,0,0,0
08417,16051,10,10,0
08417,16052,0,0,0
08417,16053,0,0,0
08417,16054,0,0,0
08417,16055,0,0,0
08417,16056,0,0,0
08417,16061,0,0,0
08417,16062,35,35,0
08417,16063,0,0,0
08417,16064,0,0,0
08417,16065,0,0,0
08417,16066,0,0,0
08417,16067,0,0,0
08417,16068,0,0,0
08417,16069,56,0,56
08417,16070,0,0,0
08417,16071,0,0,0
08417,16072,0,0,0
08417,16073,0,0,0
08417,16074,0,0,0
08417,16075,0,0,0
08417,16076,0,0,0
08417,16077,0,0,0
08421,01001,0,0,0
08421,01002,0,0,0
08421,01003,13,13,0
08421,01004,0,0,0
08421,01051,0,0,0
08421,01053,0,0,0
08421,01054,0,0,0
08421,01055,0,0,0
08421,01056,22,22,0
08421,01057,0,0,0
08421,01058,12,12,0
08421,01059,0,0,0
08421,01060,21,21,0
08421,01061,10,10,0
08421,01062,51,51,0
08421,02000,228,122,106
08421,03101,12,12,0
08421,03102,0,0,0
08421,03103,0,0,0
08421,03151,0,0,0
08421,03153,0,0,0
08421,03154,0,0,0
08421,03155,0,0,0
08421,03157,0,0,0
08421,03158,0,0,0
08421,03159,18,18,0
08421,03241,102,76,26
08421,03251,0,0,0
08421,03252,10,10,0
08421,03254,11,11,0
08421,03255,0,0,0
08421,03256,0,0,0
08421,03257,0,0,0
08421,03351,0,0,0
08421,03352,0,0,0
08421,03353,44,44,0
08421,03354,0,0,0
08421,03355,14,14,0
08421,03356,0,0,0
08421,03357,12,12,0
08421,03358,0,0,0
08421,03359,13,13,0
08421,03360,0,0,0
08421,03361,0,0,0
08421,03401,0,0,0
08421,03402,0,0,0
08421,03403,0,0,0
08421,03404,12,12,0
08421,03405,0,0,0
08421,03451,0,0,0
08421,03452,0,0,0
08421,03453,0,0,0
08421,03454,15,15,0
08421,03455,0,0,0
08421,03456,0,0,0
08421,03457,0,0,0
08421,03458,12,12,0
08421,03459,17,17,0
08421,03460,0,0,0
08421,03461,0,0,0
08421,03462,0,0,0
08421,04011,52,28,24
08421,04012,0,0,0
08421,05111,87,40,47
08421,05112,35,10,25
08421,05113,30,30,0
08421,05114,12,12,0
08421,05116,13,13,0
08421,05117,0,0,0
08421,05119,0,0,0
08421,05120,0,0,0
08421,05122,0,0,0
08421,05124,15,15,0
08421,05154,11,11,0
08421,05158,46,23,23
08421,05162,34,23,11
08421,05166,15,15,0
08421,05170,19,19,0
08421,05314,30,18,12
08421,05315,125,52,73
08421,05316,0,0,0
08421,05334,114,23,91
08421,05358,16,16,0
08421,05362,32,17,15
08421,05366,0,0,0
08421,05370,0,0,0
08421,05374,46,12,34
08421,05378,17,17,0
08421,05382,21,21,0
08421,05512,0,0,0
08421,05513,0,0,0
08421,05515,40,27,13
08421,05554,13,13,0
08421,05558,29,17,12
08421,05562,18,18,0
08421,05566,28,28,0
08421,05570,20,20,0
08421,05711,14,14,0
08421,05754,36,17,19
08421,05758,0,0,0
08421,05762,0,0,0
08421,05766,10,10,0
08421,05770,16,16,0
08421,05774,19,19,0
08421,05911,15,15,0
08421,05913,41,31,10
08421,05914,0,0,0
08421,05915,10,10,0
08421,05916,0,0,0
08421,05954,14,14,0
08421,05958,22,22,0
08421,05962,16,16,0
08421,05966,0,0,0
08421,05970,14,14,0
08421,05974,20,20,0
08421,05978,16,16,0
08421,06411,35,14,21
08421,06412,205,32,173
08421,06413,0,0,0
08421,06414,42,18,24
08421,06431,32,22,10
08421,06432,17,17,0
08421,06433,10,10,0
08421,06434,33,0,33
08421,06435,33,15,18
08421,06436,34,11,23
08421,06437,0,0,0
08421,06438,42,26,16
08421,06439,17,17,0
08421,06440,21,21,0
08421,06531,0,0,0
08421,06532,10,10,0
08421,06533,14,14,0
08421,06534,16,16,0
08421,06535,0,0,0
08421,06611,18,18,0
08421,06631,17,17,0
08421,06632,0,0,0
08421,06633,18,18,0
08421,06634,0,0,0
08421,06635,0,0,0
08421,06636,0,0,0
08421,07111,0,0,0
08421,07131,0,0,0
08421,07132,0,0,0
08421,07133,0,0,0
08421,07134,0,0,0
08421,07135,0,0,0
08421,07137,17,17,0
08421,07138,13,13,0
08421,07140,0,0,0
08421,07141,0,0,0
08421,07143,20,20,0
08421,07211,0,0,0
08421,07231,0,0,0
08421,07232,0,0,0
08421,07233,0,0,0
08421,07235,0,0,0
08421,07311,0,0,0
08421,07312,0,0,0
08421,07313,10,10,0
08421,07314,19,19,0
08421,07315,27,15,12
08421,07316,0,0,0
08421,07317,0,0,0
08421,07318,0,0,0
08421,07319,11,0,11
08421,07320,0,0,0
08421,07331,12,12,0
08421,07332,12,12,0
08421,07333,0,0,0
08421,07334,23,23,0
08421,07335,0,0,0
08421,07336,0,0,0
08421,07337,14,14,0
08421,07338,15,15,0
08421,07339,46,16,30
08421,07340,0,0,0
08421,08111,1221,321,900
08421,08115,293,124,169
08421,08116,591,352,239
08421,08117,1557,1239,318
08421,08118,254,147,107
08421,08119,225,127,98
08421,08121,33,20,13
08421,08125,66,38,28
08421,08126,24,12,12
08421,08127,104,79,25
08421,08128,13,13,0
08421,08135,2664,2005,659
08421,08136,879,558,321
08421,08211,0,0,0
08421,08212,178,136,42
08421,08215,172,93,79
08421,08216,35,35,0
08421,08221,42,24,18
08421,08222,92,33,59
08421,08225,12,12,0
08421,08226,102,55,47
08421,08231,17,17,0
08421,08235,41,25,16
08421,08236,71,45,26
08421,08237,16,16,0
08421,08311,81,50,31
08421,08315,63,41,22
08421,08316,44,44,0
08421,08317,98,68,30
08421,08325,38,26,12
08421,08326,49,39,10
08421,08327,43,27,16
08421,08335,159,135,24
08421,08336,31,13,18
08421,08337,26,14,12
08421,08415,439,342,97
08421,08416,149,93,56
08421,08417,67,39,28
08421,08421,0,0,0
08421,08425,26029,22206,3823
08421,08426,6481,4487,1994
08421,08435,339,266,73
08421,08436,834,580,254
08421,08437,187,155,32
08421,09161,46,32,14
08421,09162,1080,420,660
08421,09163,0,0,0
08421,09171,0,0,0
08421,09172,0,0,0
08421,09173,17,17,0
08421,09174,55,33,22
08421,09175,28,28,0
08421,09176,19,19,0
08421,09177,25,25,0
08421,09178,87,57,30
08421,09179,85,75,10
08421,09180,0,0,0
08421,09181,53,35,18
08421,09182,17,17,0
08421,09183,0,0,0
08421,09184,221,79,142
08421,09185,27,27,0
08421,09186,53,37,16
08421,09187,45,31,14
08421,09188,56,35,21
08421,09189,22,22,0
08421,09190,16,16,0
08421,09261,12,12,0
08421,09262,0,0,0
08421,09263,0,0,0
08421,09271,0,0,0
08421,09272,0,0,0
08421,09273,14,14,0
08421,09274,33,33,0
08421,09275,0,0,0
08421,09276,0,0,0
08421,09277,0,0,0
08421,09278,0,0,0
08421,09279,16,16,0
08421,09361,0,0,0
08421,09362,37,20,17
08421,09363,0,0,0
08421,09371,0,0,0
08421,09372,0,0,0
08421,09373,34,16,18
08421,09374,0,0,0
08421,09375,14,14,0
08421,09376,0,0,0
08421,09377,0,0,0
08421,09461,10,10,0
08421,09462,0,0,0
08421,09463,0,0,0
08421,09464,0,0,0
08421,09471,11,11,0
08421,09472,0,0,0
08421,09473,10,10,0
08421,09474,14,14,0
08421,09475,0,0,0
08421,09476,0,0,0
08421,09477,0,0,0
08421,09478,0,0,0
08421,09479,0,0,0
08421,09561,10,0,10
08421,09562,19,19,0
08421,09563,0,0,0
08421,09564,131,64,67
08421,09565,0,0,0
08421,09571,36,26,10
08421,09572,0,0,0
08421,09573,0,0,0
08421,09574,12,12,0
08421,09575,0,0,0
08421,09576,19,19,0
08421,09577,0,0,0
08421,09661,0,0,0
08421,09662,0,0,0
08421,09663,38,26,12
08421,09671,11,11,0
08421,09672,0,0,0
08421,09673,0,0,0
08421,09674,0,0,0
08421,09675,0,0,0
08421,09676,0,0,0
08421,09677,52,10,42
08421,09678,26,15,11
08421,09679,25,25,0
08421,09761,476,267,209
08421,09762,111,30,81
08421,09763,117,80,37
08421,09764,273,150,123
08421,09771,61,61,0
08421,09772,273,218,55
08421,09773,536,459,77
08421,09774,3273,2553,720
08421,09775,28088,20487,7601
08421,09776,168,56,112
08421,09777,72,59,13
08421,09778,420,338,82
08421,09779,140,77,63
08421,09780,159,121,38
08421,10041,140,22,118
08421,10042,0,0,0
08421,10043,0,0,0
08421,10044,0,0,0
08421,10045,14,14,0
08421,10046,0,0,0
08421,11000,284,149,135
08421,12051,0,0,0
08421,12052,0,0,0
08421,12053,0,0,0
08421,12054,0,0,0
08421,12060,0,0,0
08421,12061,11,11,0
08421,12062,0,0,0
08421,12063,0,0,0
08421,12064,11,0,11
08421,12065,10,10,0
08421,12066,0,0,0
08421,12067,0,0,0
08421,12068,0,0,0
08421,12069,0,0,0
08421,12070,0,0,0
08421,12071,0,0,0
08421,12072,0,0,0
08421,12073,0,0,0
08421,13003,13,13,0
08421,13004,0,0,0
08421,13071,0,0,0
08421,13072,16,16,0
08421,13073,0,0,0
08421,13074,0,0,0
08421,13075,0,0,0
08421,13076,0,0,0
08421,14511,0,0,0
08421,14521,17,17,0
08421,14522,15,15,0
08421,14523,18,18,0
08421,14524,17,17,0
08421,14612,50,35,15
08421,14625,0,0,0
08421,14626,15,15,0
08421,14627,0,0,0
08421,14628,0,0,0
08421,14713,65,54,11
08421,14729,66,66,0
08421,14730,11,11,0
08421,15001,0,0,0
08421,15002,0,0,0
08421,15003,12,12,0
08421,15081,0,0,0
08421,15082,0,0,0
08421,15083,0,0,0
08421,15084,0,0,0
08421,15085,0,0,0
08421,15086,0,0,0
08421,15087,14,14,0
08421,15088,0,0,0
08421,15089,13,13,0
08421,15090,0,0,0
08421,15091,13,13,0
08421,16051,16,16,0
08421,16052,10,10,0
08421,16053,26,16,10
08421,16054,0,0,0
08421,16055,0,0,0
08421,16056,0,0,0
08421,16061,0,0,0
08421,16062,0,0,0
08421,16063,0,0,0
08421,16064,0,0,0
08421,16065,0,0,0
08421,16066,10,10,0
08421,16067,14,14,0
08421,16068,0,0,0
08421,16069,0,0,0
08421,16070,0,0,0
08421,16071,0,0,0
08421,16072,0,0,0
08421,16073,0,0,0
08421,16074,12,12,0
08421,16075,0,0,0
08421,16076,0,0,0
08421,16077,0,0,0
08425,01001,0,0,0
08425,01002,11,11,0
08425,01003,0,0,0
08425,01004,0,0,0
08425,01051,0,0,0
08425,01053,11,0,11
08425,01054,0,0,0
08425,01055,0,0,0
08425,01056,0,0,0
08425,01057,0,0,0
08425,01058,0,0,0
08425,01059,0,0,0
08425,01060,12,0,12
08425,01061,0,0,0
08425,01062,0,0,0
08425,02000,71,0,71
08425,03101,0,0,0
08425,03102,0,0,0
08425,03103,0,0,0
08425,03151,0,0,0
08425,03153,0,0,0
08425,03154,0,0,0
08425,03155,0,0,0
08425,03157,0,0,0
08425,03158,0,0,0
08425,03159,13,0,13
08425,03241,50,17,33
08425,03251,0,0,0
08425,03252,0,0,0
08425,03254,0,0,0
08425,03255,0,0,0
08425,03256,0,0,0
08425,03257,0,0,0
08425,03351,0,0,0
08425,03352,0,0,0
08425,03353,0,0,0
08425,03354,0,0,0
08425,03355,0,0,0
08425,03356,0,0,0
08425,03357,0,0,0
08425,03358,0,0,0
08425,03359,0,0,0
08425,03360,0,0,0
08425,03361,0,0,0
08425,03401,0,0,0
08425,03402,0,0,0
08425,03403,0,0,0
08425,03404,12,0,12
08425,03405,0,0,0
08425,03451,0,0,0
08425,03452,0,0,0
08425,03453,0,0,0
08425,03454,0,0,0
08425,03455,0,0,0
08425,03456,0,0,0
08425,03457,0,0,0
08425,03458,0,0,0
08425,03459,11,0,11
08425,03460,0,0,0
08425,03461,0,0,0
08425,03462,0,0,0
08425,04011,20,0,20
08425,04012,0,0,0
08425,05111,45,0,45
08425,05112,22,0,22
08425,05113,0,0,0
08425,05114,0,0,0
08425,05116,0,0,0
08425,05117,0,0,0
08425,05119,0,0,0
08425,05120,36,0,36
08425,05122,0,0,0
08425,05124,14,0,14
08425,05154,10,0,10
08425,05158,23,0,23
08425,05162,0,0,0
08425,05166,12,0,12
08425,05170,0,0,0
08425,05314,12,0,12
08425,05315,70,0,70
08425,05316,0,0,0
08425,05334,38,0,38
08425,05358,0,0,0
08425,05362,0,0,0
08425,05366,0,0,0
08425,05370,0,0,0
08425,05374,37,0,37
08425,05378,0,0,0
08425,05382,19,0,19
08425,05512,0,0,0
08425,05513,25,0,25
08425,05515,11,0,11
08425,05554,0,0,0
08425,05558,82,0,82
08425,05562,0,0,0
08425,05566,0,0,0
08425,05570,0,0,0
08425,05711,0,0,0
08425,05754,21,0,21
08425,05758,0,0,0
08425,05762,0,0,0
08425,05766,0,0,0
08425,05770,0,0,0
08425,05774,0,0,0
08425,05911,0,0,0
08425,05913,38,15,23
08425,05914,10,0,10
08425,05915,0,0,0
08425,05916,19,0,19
08425,05954,11,0,11
08425,05958,0,0,0
08425,05962,11,0,11
08425,05966,0,0,0
08425,05970,10,10,0
08425,05974,0,0,0
08425,05978,20,20,0
08425,06411,20,0,20
08425,06412,154,14,140
08425,06413,10,0,10
08425,06414,29,0,29
08425,06431,28,11,17
08425,06432,16,0,16
08425,06433,30,10,20
08425,06434,28,0,28
08425,06435,12,0,12
08425,06436,26,0,26
08425,06437,0,0,0
08425,06438,36,0,36
08425,06439,11,0,11
08425,06440,0,0,0
08425,06531,0,0,0
08425,06532,0,0,0
08425,06533,10,0,10
08425,06534,0,0,0
08425,06535,0,0,0
08425,06611,0,0,0
08425,06631,0,0,0
08425,06632,0,0,0
08425,06633,0,0,0
08425,06634,0,0,0
08425,06635,0,0,0
08425,06636,0,0,0
08425,07111,0,0,0
08425,07131,0,0,0
08425,07132,0,0,0
08425,07133,0,0,0
08425,07134,24,24,0
08425,07135,0,0,0
08425,07137,0,0,0
08425,07138,0,0,0
08425,07140,0,0,0
08425,07141,0,0,0
08425,07143,0,0,0
08425,07211,0,0,0
08425,07231,0,0,0
08425,07232,0,0,0
08425,07233,0,0,0
08425,07235,0,0,0
08425,07311,0,0,0
08425,07312,0,0,0
08425,07313,0,0,0
08425,07314,13,0,13
08425,07315,0,0,0
08425,07316,0,0,0
08425,07317,0,0,0
08425,07318,0,0,0
08425,07319,0,0,0
08425,07320,0,0,0
08425,07331,0,0,0
08425,07332,0,0,0
08425,07333,0,0,0
08425,07334,0,0,0
08425,07335,0,0,0
08425,07336,0,0,0
08425,07337,0,0,0
08425,07338,19,0,19
08425,07339,43,0,43
08425,07340,10,10,0
08425,08111,1263,97,1166
08425,08115,283,61,222
08425,08116,1137,317,820
08425,08117,4023,2132,1891
08425,08118,222,48,174
08425,08119,213,71,142
08425,08121,31,0,31
08425,08125,63,21,42
08425,08126,27,0,27
08425,08127,66,26,40
08425,08128,0,0,0
08425,08135,2858,1489,1369
08425,08136,505,123,382
08425,08211,0,0,0
08425,08212,53,14,39
08425,08215,142,21,121
08425,08216,20,0,20
08425,08221,14,0,14
08425,08222,52,0,52
08425,08225,16,16,0
08425,08226,78,13,65
08425,08231,35,0,35
08425,08235,48,12,36
08425,08236,61,14,47
08425,08237,17,0,17
08425,08311,58,31,27
08425,08315,38,17,21
08425,08316,15,15,0
08425,08317,50,27,23
08425,08325,36,15,21
08425,08326,33,14,19
08425,08327,35,16,19
08425,08335,73,20,53
08425,08336,30,0,30
08425,08337,0,0,0
08425,08415,2173,1175,998
08425,08416,148,39,109
08425,08417,70,27,43
08425,08421,26029,3823,22206
08425,08425,0,0,0
08425,08426,9271,3170,6101
08425,08435,153,42,111
08425,08436,702,142,560
08425,08437,286,144,142
08425,09161,17,0,17
08425,09162,474,48,426
08425,09163,13,0,13
08425,09171,0,0,0
08425,09172,0,0,0
08425,09173,0,0,0
08425,09174,0,0,0
08425,09175,15,0,15
08425,09176,10,0,10
08425,09177,0,0,0
08425,09178,49,0,49
08425,09179,57,21,36
08425,09180,0,0,0
08425,09181,16,0,16
08425,09182,0,0,0
08425,09183,0,0,0
08425,09184,118,0,118
08425,09185,0,0,0
08425,09186,25,0,25
08425,09187,22,0,22
08425,09188,16,0,16
08425,09189,0,0,0
08425,09190,0,0,0
08425,09261,0,0,0
08425,09262,0,0,0
08425,09263,0,0,0
08425,09271,0,0,0
08425,09272,0,0,0
08425,09273,0,0,0
08425,09274,0,0,0
08425,09275,0,0,0
08425,09276,0,0,0
08425,09277,0,0,0
08425,09278,0,0,0
08425,09279,0,0,0
08425,09361,0,0,0
08425,09362,12,0,12
08425,09363,0,0,0
08425,09371,0,0,0
08425,09372,0,0,0
08425,09373,15,0,15
08425,09374,0,0,0
08425,09375,0,0,0
08425,09376,0,0,0
08425,09377,0,0,0
08425,09461,0,0,0
08425,09462,0,0,0
08425,09463,0,0,0
08425,09464,0,0,0
08425,09471,0,0,0
08425,09472,0,0,0
08425,09473,0,0,0
08425,09474,0,0,0
08425,09475,0,0,0
08425,09476,0,0,0
08425,09477,0,0,0
08425,09478,0,0,0
08425,09479,0,0,0
08425,09561,0,0,0
08425,09562,0,0,0
08425,09563,0,0,0
08425,09564,68,19,49
08425,09565,0,0,0
08425,09571,11,11,0
08425,09572,0,0,0
08425,09573,0,0,0
08425,09574,28,0,28
08425,09575,10,0,10
08425,09576,17,0,17
08425,09577,0,0,0
08425,09661,0,0,0
08425,09662,0,0,0
08425,09663,12,0,12
08425,09671,0,0,0
08425,09672,0,0,0
08425,09673,0,0,0
08425,09674,0,0,0
08425,09675,0,0,0
08425,09676,0,0,0
08425,09677,40,0,40
08425,09678,27,0,27
08425,09679,0,0,0
08425,09761,208,35,173
08425,09762,52,0,52
08425,09763,50,12,38
08425,09764,226,39,187
08425,09771,34,17,17
08425,09772,120,71,49
08425,09773,290,164,126
08425,09774,1421,689,732
08425,09775,12232,4034,8198
08425,09776,82,14,68
08425,09777,42,11,31
08425,09778,308,191,117
08425,09779,87,18,69
08425,09780,81,44,37
08425,10041,22,0,22
08425,10042,0,0,0
08425,10043,0,0,0
08425,10044,0,0,0
08425,10045,0,0,0
08425,10046,0,0,0
08425,11000,242,131,111
08425,12051,0,0,0
08425,12052,0,0,0
08425,12053,0,0,0
08425,12054,0,0,0
08425,12060,0,0,0
08425,12061,0,0,0
08425,12062,16,16,0
08425,12063,0,0,0
08425,12064,15,0,15
08425,12065,0,0,0
08425,12066,14,14,0
08425,12067,0,0,0
08425,12068,0,0,0
08425,12069,0,0,0
08425,12070,0,0,0
08425,12071,0,0,0
08425,12072,0,0,0
08425,12073,0,0,0
08425,13003,0,0,0
08425,13004,0,0,0
08425,13071,0,0,0
08425,13072,0,0,0
08425,13073,0,0,0
08425,13074,0,0,0
08425,13075,0,0,0
08425,13076,0,0,0
08425,14511,0,0,0
08425,14521,0,0,0
08425,14522,11,11,0
08425,14523,0,0,0
08425,14524,0,0,0
08425,14612,27,17,10
08425,14625,0,0,0
08425,14626,10,10,0
08425,14627,11,11,0
08425,14628,0,0,0
08425,14713,32,18,14
08425,14729,10,10,0
08425,14730,33,33,0
08425,15001,0,0,0
08425,15002,0,0,0
08425,15003,0,0,0
08425,15081,0,0,0
08425,15082,0,0,0
08425,15083,0,0,0
08425,15084,12,12,0
08425,15085,0,0,0
08425,15086,0,0,0
08425,15087,0,0,0
08425,15088,15,15,0
08425,15089,0,0,0
08425,15090,0,0,0
08425,15091,0,0,0
08425,16051,0,0,0
08425,16052,0,0,0
08425,16053,0,0,0
08425,16054,0,0,0
08425,16055,0,0,0
08425,16056,0,0,0
08425,16061,0,0,0
08425,16062,0,0,0
08425,16063,0,0,0
08425,16064,0,0,0
08425,16065,0,0,0
08425,16066,0,0,0
08425,16067,0,0,0
08425,16068,0,0,0
08425,16069,0,0,0
08425,16070,0,0,0
08425,16071,0,0,0
08425,16072,0,0,0
08425,16073,0,0,0
08425,16074,0,0,0
08425,16075,0,0,0
08425,16076,0,0,0
08425,16077,0,0,0
08426,01001,0,0,0
08426,01002,0,0,0
08426,01003,0,0,0
08426,01004,0,0,0
08426,01051,0,0,0
08426,01053,0,0,0
08426,01054,0,0,0
08426,01055,0,0,0
08426,01056,12,12,0
08426,01057,0,0,0
08426,01058,0,0,0
08426,01059,0,0,0
08426,01060,13,13,0
08426,01061,0,0,0
08426,01062,0,0,0
08426,02000,199,119,80
08426,03101,0,0,0
08426,03102,0,0,0
08426,03103,0,0,0
08426,03151,0,0,0
08426,03153,0,0,0
08426,03154,0,0,0
08426,03155,0,0,0
08426,03157,0,0,0
08426,03158,0,0,0
08426,03159,0,0,0
08426,03241,30,14,16
08426,03251,0,0,0
08426,03252,0,0,0
08426,03254,0,0,0
08426,03255,0,0,0
08426,03256,0,0,0
08426,03257,0,0,0
08426,03351,0,0,0
08426,03352,0,0,0
08426,03353,20,20,0
08426,03354,0,0,0
08426,03355,0,0,0
08426,03356,0,0,0
08426,03357,0,0,0
08426,03358,0,0,0
08426,03359,23,23,0
08426,03360,0,0,0
08426,03361,0,0,0
08426,03401,0,0,0
08426,03402,0,0,0
08426,03403,0,0,0
08426,03404,0,0,0
08426,03405,0,0,0
08426,03451,0,0,0
08426,03452,0,0,0
08426,03453,0,0,0
08426,03454,0,0,0
08426,03455,0,0,0
08426,03456,0,0,0
08426,03457,0,0,0
08426,03458,0,0,0
08426,03459,15,15,0
08426,03460,0,0,0
08426,03461,0,0,0
08426,03462,0,0,0
08426,04011,11,0,11
08426,04012,0,0,0
08426,05111,46,12,34
08426,05112,13,0,13
08426,05113,0,0,0
08426,05114,0,0,0
08426,05116,0,0,0
08426,05117,0,0,0
08426,05119,0,0,0
08426,05120,0,0,0
08426,05122,0,0,0
08426,05124,0,0,0
08426,05154,0,0,0
08426,05158,12,0,12
08426,05162,11,0,11
08426,05166,10,0,10
08426,05170,10,0,10
08426,05314,10,0,10
08426,05315,65,30,35
08426,05316,0,0,0
08426,05334,18,0,18
08426,05358,0,0,0
08426,05362,0,0,0
08426,05366,0,0,0
08426,05370,0,0,0
08426,05374,43,0,43
08426,05378,0,0,0
08426,05382,12,0,12
08426,05512,0,0,0
08426,05513,0,0,0
08426,05515,13,0,13
08426,05554,10,10,0
08426,05558,0,0,0
08426,05562,10,10,0
08426,05566,27,15,12
08426,05570,0,0,0
08426,05711,0,0,0
08426,05754,10,10,0
08426,05758,14,14,0
08426,05762,0,0,0
08426,05766,0,0,0
08426,05770,0,0,0
08426,05774,0,0,0
08426,05911,0,0,0
08426,05913,11,0,11
08426,05914,0,0,0
08426,05915,0,0,0
08426,05916,0,0,0
08426,05954,0,0,0
08426,05958,0,0,0
08426,05962,0,0,0
08426,05966,0,0,0
08426,05970,0,0,0
08426,05974,18,18,0
08426,05978,0,0,0
08426,06411,11,0,11
08426,06412,105,12,93
08426,06413,0,0,0
08426,06414,32,11,21
08426,06431,12,0,12
08426,06432,16,0,16
08426,06433,10,0,10
08426,06434,25,0,25
08426,06435,27,10,17
08426,06436,17,0,17
08426,06437,0,0,0
08426,06438,28,0,28
08426,06439,0,0,0
08426,06440,32,10,22
08426,06531,0,0,0
08426,06532,0,0,0
08426,06533,0,0,0
08426,06534,0,0,0
08426,06535,0,0,0
08426,06611,0,0,0
08426,06631,34,20,14
08426,06632,0,0,0
08426,06633,0,0,0
08426,06634,0,0,0
08426,06635,0,0,0
08426,06636,0,0,0
08426,07111,0,0,0
08426,07131,0,0,0
08426,07132,0,0,0
08426,07133,23,10,13
08426,07134,0,0,0
08426,07135,0,0,0
08426,07137,0,0,0
08426,07138,0,0,0
08426,07140,0,0,0
08426,07141,0,0,0
08426,07143,0,0,0
08426,07211,0,0,0
08426,07231,0,0,0
08426,07232,0,0,0
08426,07233,0,0,0
08426,07235,0,0,0
08426,07311,0,0,0
08426,07312,0,0,0
08426,07313,0,0,0
08426,07314,11,0,11
08426,07315,18,18,0
08426,07316,0,0,0
08426,07317,0,0,0
08426,07318,0,0,0
08426,07319,18,18,0
08426,07320,0,0,0
08426,07331,26,0,26
08426,07332,0,0,0
08426,07333,0,0,0
08426,07334,10,10,0
08426,07335,0,0,0
08426,07336,0,0,0
08426,07337,0,0,0
08426,07338,0,0,0
08426,07339,356,33,323
08426,07340,0,0,0
08426,08111,802,95,707
08426,08115,126,47,79
08426,08116,281,117,164
08426,08117,216,143,73
08426,08118,124,48,76
08426,08119,128,49,79
08426,08121,31,15,16
08426,08125,71,31,40
08426,08126,17,0,17
08426,08127,44,18,26
08426,08128,10,10,0
08426,08135,203,119,84
08426,08136,194,71,123
08426,08211,0,0,0
08426,08212,70,33,37
08426,08215,69,25,44
08426,08216,18,0,18
08426,08221,23,11,12
08426,08222,38,15,23
08426,08225,0,0,0
08426,08226,72,27,45
08426,08231,14,14,0
08426,08235,20,20,0
08426,08236,32,12,20
08426,08237,34,17,17
08426,08311,48,19,29
08426,08315,36,19,17
08426,08316,23,13,10
08426,08317,57,31,26
08426,08325,60,36,24
08426,08326,54,20,34
08426,08327,66,31,35
08426,08335,150,89,61
08426,08336,33,11,22
08426,08337,10,10,0
08426,08415,1166,573,593
08426,08416,167,63,104
08426,08417,212,116,96
08426,08421,6481,1994,4487
08426,08425,9271,6101,3170
08426,08426,0,0,0
08426,08435,669,269,400
08426,08436,9230,3959,5271
08426,08437,4844,2540,2304
08426,09161,20,0,20
08426,09162,405,102,303
08426,09163,0,0,0
08426,09171,0,0,0
08426,09172,0,0,0
08426,09173,13,0,13
08426,09174,0,0,0
08426,09175,0,0,0
08426,09176,0,0,0
08426,09177,0,0,0
08426,09178,26,0,26
08426,09179,23,10,13
08426,09180,0,0,0
08426,09181,48,26,22
08426,09182,10,0,10
08426,09183,0,0,0
08426,09184,112,11,101
08426,09185,0,0,0
08426,09186,0,0,0
08426,09187,17,0,17
08426,09188,27,15,12
08426,09189,0,0,0
08426,09190,11,0,11
08426,09261,0,0,0
08426,09262,0,0,0
08426,09263,0,0,0
08426,09271,0,0,0
08426,09272,0,0,0
08426,09273,0,0,0
08426,09274,18,0,18
08426,09275,10,0,10
08426,09276,0,0,0
08426,09277,0,0,0
08426,09278,0,0,0
08426,09279,0,0,0
08426,09361,0,0,0
08426,09362,0,0,0
08426,09363,0,0,0
08426,09371,0,0,0
08426,09372,10,0,10
08426,09373,12,0,12
08426,09374,0,0,0
08426,09375,43,43,0
08426,09376,10,10,0
08426,09377,0,0,0
08426,09461,0,0,0
08426,09462,0,0,0
08426,09463,0,0,0
08426,09464,0,0,0
08426,09471,0,0,0
08426,09472,0,0,0
08426,09473,0,0,0
08426,09474,0,0,0
08426,09475,0,0,0
08426,09476,0,0,0
08426,09477,0,0,0
08426,09478,0,0,0
08426,09479,0,0,0
08426,09561,0,0,0
08426,09562,10,0,10
08426,09563,0,0,0
08426,09564,44,15,29
08426,09565,0,0,0
08426,09571,17,17,0
08426,09572,0,0,0
08426,09573,0,0,0
08426,09574,10,10,0
08426,09575,0,0,0
08426,09576,0,0,0
08426,09577,0,0,0
08426,09661,0,0,0
08426,09662,0,0,0
08426,09663,0,0,0
08426,09671,0,0,0
08426,09672,0,0,0
08426,09673,0,0,0
08426,09674,0,0,0
08426,09675,0,0,0
08426,09676,0,0,0
08426,09677,0,0,0
08426,09678,0,0,0
08426,09679,0,0,0
08426,09761,163,67,96
08426,09762,60,29,31
08426,09763,227,79,148
08426,09764,3207,807,2400
08426,09771,11,11,0
08426,09772,110,72,38
08426,09773,47,29,18
08426,09774,368,243,125
08426,09775,5139,2961,2178
08426,09776,121,62,59
08426,09777,125,78,47
08426,09778,2192,1248,944
08426,09779,47,19,28
08426,09780,279,166,113
08426,10041,42,0,42
08426,10042,0,0,0
08426,10043,0,0,0
08426,10044,0,0,0
08426,10045,0,0,0
08426,10046,0,0,0
08426,11000,150,59,91
08426,12051,0,0,0
08426,12052,17,17,0
08426,12053,0,0,0
08426,12054,0,0,0
08426,12060,0,0,0
08426,12061,0,0,0
08426,12062,0,0,0
08426,12063,0,0,0
08426,12064,0,0,0
08426,12065,0,0,0
08426,12066,0,0,0
08426,12067,0,0,0
08426,12068,0,0,0
08426,12069,10,10,0
08426,12070,0,0,0
08426,12071,14,14,0
08426,12072,0,0,0
08426,12073,0,0,0
08426,13003,0,0,0
08426,13004,0,0,0
08426,13071,0,0,0
08426,13072,10,10,0
08426,13073,0,0,0
08426,13074,0,0,0
08426,13075,0,0,0
08426,13076,0,0,0
08426,14511,10,10,0
08426,14521,11,11,0
08426,14522,0,0,0
08426,14523,11,11,0
08426,14524,0,0,0
08426,14612,16,16,0
08426,14625,0,0,0
08426,14626,24,24,0
08426,14627,0,0,0
08426,14628,10,10,0
08426,14713,33,22,11
08426,14729,14,14,0
08426,14730,0,0,0
08426,15001,0,0,0
08426,15002,0,0,0
08426,15003,0,0,0
08426,15081,0,0,0
08426,15082,0,0,0
08426,15083,23,23,0
08426,15084,0,0,0
08426,15085,0,0,0
08426,15086,0,0,0
08426,15087,0,0,0
08426,15088,0,0,0
08426,15089,10,10,0
08426,15090,0,0,0
08426,15091,0,0,0
08426,16051,0,0,0
08426,16052,0,0,0
08426,16053,0,0,0
08426,16054,0,0,0
08426,16055,0,0,0
08426,16056,0,0,0
08426,16061,0,0,0
08426,16062,0,0,0
08426,16063,0,0,0
08426,16064,0,0,0
08426,16065,0,0,0
08426,16066,0,0,0
08426,16067,0,0,0
08426,16068,0,0,0
08426,16069,0,0,0
08426,16070,10,10,0
08426,16071,0,0,0
08426,16072,0,0,0
08426,16073,0,0,0
08426,16074,0,0,0
08426,16075,13,0,13
08426,16076,0,0,0
08426,16077,0,0,0
08435,01001,0,0,0
08435,01002,0,0,0
08435,01003,0,0,0
08435,01004,0,0,0
08435,01051,0,0,0
08435,01053,0,0,0
08435,01054,0,0,0
08435,01055,0,0,0
08435,01056,0,0,0
08435,01057,0,0,0
08435,01058,0,0,0
08435,01059,0,0,0
08435,01060,0,0,0
08435,01061,0,0,0
08435,01062,0,0,0
08435,02000,169,73,96
08435,03101,42,0,42
08435,03102,0,0,0
08435,03103,0,0,0
08435,03151,0,0,0
08435,03153,0,0,0
08435,03154,0,0,0
08435,03155,0,0,0
08435,03157,0,0,0
08435,03158,0,0,0
08435,03159,11,11,0
08435,03241,65,29,36
08435,03251,0,0,0
08435,03252,0,0,0
08435,03254,11,11,0
08435,03255,0,0,0
08435,03256,0,0,0
08435,03257,0,0,0
08435,03351,0,0,0
08435,03352,0,0,0
08435,03353,11,11,0
08435,03354,0,0,0
08435,03355,0,0,0
08435,03356,0,0,0
08435,03357,0,0,0
08435,03358,10,10,0
08435,03359,15,15,0
08435,03360,0,0,0
08435,03361,0,0,0
08435,03401,0,0,0
08435,03402,0,0,0
08435,03403,0,0,0
08435,03404,62,0,62
08435,03405,0,0,0
08435,03451,0,0,0
08435,03452,0,0,0
08435,03453,0,0,0
08435,03454,0,0,0
08435,03455,0,0,0
08435,03456,0,0,0
08435,03457,0,0,0
08435,03458,0,0,0
08435,03459,0,0,0
08435,03460,0,0,0
08435,03461,0,0,0
08435,03462,0,0,0
08435,04011,62,30,32
08435,04012,0,0,0
08435,05111,70,17,53
08435,05112,0,0,0
08435,05113,36,0,36
08435,05114,0,0,0
08435,05116,0,0,0
08435,05117,0,0,0
08435,05119,0,0,0
08435,05120,0,0,0
08435,05122,0,0,0
08435,05124,0,0,0
08435,05154,0,0,0
08435,05158,13,0,13
08435,05162,14,0,14
08435,05166,0,0,0
08435,05170,0,0,0
08435,05314,27,0,27
08435,05315,77,19,58
08435,05316,0,0,0
08435,05334,35,24,11
08435,05358,0,0,0
08435,05362,0,0,0
08435,05366,10,10,0
08435,05370,0,0,0
08435,05374,112,12,100
08435,05378,0,0,0
08435,05382,39,27,12
08435,05512,0,0,0
08435,05513,0,0,0
08435,05515,0,0,0
08435,05554,0,0,0
08435,05558,0,0,0
08435,05562,20,20,0
08435,05566,14,14,0
08435,05570,0,0,0
08435,05711,27,17,10
08435,05754,20,0,20
08435,05758,28,0,28
08435,05762,0,0,0
08435,05766,14,14,0
08435,05770,0,0,0
08435,05774,0,0,0
08435,05911,13,13,0
08435,05913,80,44,36
08435,05914,0,0,0
08435,05915,0,0,0
08435,05916,0,0,0
08435,05954,13,13,0
08435,05958,0,0,0
08435,05962,14,14,0
08435,05966,0,0,0
08435,05970,0,0,0
08435,05974,0,0,0
08435,05978,22,22,0
08435,06411,32,13,19
08435,06412,196,38,158
08435,06413,0,0,0
08435,06414,14,0,14
08435,06431,14,14,0
08435,06432,10,10,0
08435,06433,12,0,12
08435,06434,54,10,44
08435,06435,23,23,0
08435,06436,37,10,27
08435,06437,0,0,0
08435,06438,45,20,25
08435,06439,0,0,0
08435,06440,12,0,12
08435,06531,0,0,0
08435,06532,12,0,12
08435,06533,0,0,0
08435,06534,0,0,0
08435,06535,0,0,0
08435,06611,0,0,0
08435,06631,13,0,13
08435,06632,0,0,0
08435,06633,0,0,0
08435,06634,10,10,0
08435,06635,0,0,0
08435,06636,0,0,0
08435,07111,0,0,0
08435,07131,0,0,0
08435,07132,0,0,0
08435,07133,0,0,0
08435,07134,0,0,0
08435,07135,0,0,0
08435,07137,0,0,0
08435,07138,0,0,0
08435,07140,0,0,0
08435,07141,0,0,0
08435,07143,12,12,0
08435,07211,0,0,0
08435,07231,0,0,0
08435,07232,0,0,0
08435,07233,0,0,0
08435,07235,0,0,0
08435,07311,0,0,0
08435,07312,0,0,0
08435,07313,10,0,10
08435,07314,11,0,11
08435,07315,36,0,36
08435,07316,0,0,0
08435,07317,0,0,0
08435,07318,0,0,0
08435,07319,0,0,0
08435,07320,0,0,0
08435,07331,10,0,10
08435,07332,0,0,0
08435,07333,0,0,0
08435,07334,0,0,0
08435,07335,0,0,0
08435,07336,0,0,0
08435,07337,0,0,0
08435,07338,11,11,0
08435,07339,0,0,0
08435,07340,0,0,0
08435,08111,705,156,549
08435,08115,174,59,115
08435,08116,249,114,135
08435,08117,85,49,36
08435,08118,194,95,99
08435,08119,165,46,119
08435,08121,15,0,15
08435,08125,84,32,52
08435,08126,23,0,23
08435,08127,38,23,15
08435,08128,11,0,11
08435,08135,55,21,34
08435,08136,134,66,68
08435,08211,10,0,10
08435,08212,115,52,63
08435,08215,77,46,31
08435,08216,31,12,19
08435,08221,26,11,15
08435,08222,42,19,23
08435,08225,0,0,0
08435,08226,86,36,50
08435,08231,88,74,14
08435,08235,80,60,20
08435,08236,106,65,41
08435,08237,56,29,27
08435,08311,191,46,145
08435,08315,126,69,57
08435,08316,54,36,18
08435,08317,80,42,38
08435,08325,85,36,49
08435,08326,327,189,138
08435,08327,440,168,272
08435,08335,6186,3179,3007
08435,08336,64,35,29
08435,08337,81,39,42
08435,08415,164,57,107
08435,08416,93,41,52
08435,08417,158,81,77
08435,08421,339,73,266
08435,08425,153,111,42
08435,08426,669,400,269
08435,08435,0,0,0
08435,08436,19507,10727,8780
08435,08437,3883,2689,1194
08435,09161,70,11,59
08435,09162,584,196,388
08435,09163,0,0,0
08435,09171,0,0,0
08435,09172,0,0,0
08435,09173,10,10,0
08435,09174,25,25,0
08435,09175,20,0,20
08435,09176,0,0,0
08435,09177,14,0,14
08435,09178,64,24,40
08435,09179,48,48,0
08435,09180,12,12,0
08435,09181,39,18,21
08435,09182,0,0,0
08435,09183,0,0,0
08435,09184,229,51,178
08435,09185,25,0,25
08435,09186,33,12,21
08435,09187,39,22,17
08435,09188,62,25,37
08435,09189,0,0,0
08435,09190,0,0,0
08435,09261,0,0,0
08435,09262,13,13,0
08435,09263,0,0,0
08435,09271,11,11,0
08435,09272,0,0,0
08435,09273,0,0,0
08435,09274,0,0,0
08435,09275,29,29,0
08435,09276,0,0,0
08435,09277,0,0,0
08435,09278,0,0,0
08435,09279,0,0,0
08435,09361,0,0,0
08435,09362,12,0,12
08435,09363,0,0,0
08435,09371,0,0,0
08435,09372,0,0,0
08435,09373,0,0,0
08435,09374,0,0,0
08435,09375,0,0,0
08435,09376,0,0,0
08435,09377,0,0,0
08435,09461,0,0,0
08435,09462,0,0,0
08435,09463,0,0,0
08435,09464,0,0,0
08435,09471,0,0,0
08435,09472,0,0,0
08435,09473,0,0,0
08435,09474,0,0,0
08435,09475,0,0,0
08435,09476,0,0,0
08435,09477,0,0,0
08435,09478,0,0,0
08435,09479,0,0,0
08435,09561,0,0,0
08435,09562,25,13,12
08435,09563,0,0,0
08435,09564,86,36,50
08435,09565,0,0,0
08435,09571,0,0,0
08435,09572,11,11,0
08435,09573,0,0,0
08435,09574,11,11,0
08435,09575,0,0,0
08435,09576,0,0,0
08435,09577,0,0,0
08435,09661,0,0,0
08435,09662,19,0,19
08435,09663,14,0,14
08435,09671,0,0,0
08435,09672,12,12,0
08435,09673,0,0,0
08435,09674,0,0,0
08435,09675,0,0,0
08435,09676,16,16,0
08435,09677,0,0,0
08435,09678,23,23,0
08435,09679,10,0,10
08435,09761,102,39,63
08435,09762,0,0,0
08435,09763,69,24,45
08435,09764,46,18,28
08435,09771,17,17,0
08435,09772,52,23,29
08435,09773,0,0,0
08435,09774,33,18,15
08435,09775,146,61,85
08435,09776,4551,2341,2210
08435,09777,35,22,13
08435,09778,65,46,19
08435,09779,21,0,21
08435,09780,154,95,59
08435,10041,72,25,47
08435,10042,0,0,0
08435,10043,0,0,0
08435,10044,0,0,0
08435,10045,10,10,0
08435,10046,0,0,0
08435,11000,324,124,200
08435,12051,0,0,0
08435,12052,0,0,0
08435,12053,0,0,0
08435,12054,30,30,0
08435,12060,0,0,0
08435,12061,0,0,0
08435,12062,0,0,0
08435,12063,0,0,0
08435,12064,0,0,0
08435,12065,0,0,0
08435,12066,0,0,0
08435,12067,0,0,0
08435,12068,0,0,0
08435,12069,16,16,0
08435,12070,0,0,0
08435,12071,0,0,0
08435,12072,10,0,10
08435,12073,0,0,0
08435,13003,0,0,0
08435,13004,54,54,0
08435,13071,0,0,0
08435,13072,0,0,0
08435,13073,0,0,0
08435,13074,0,0,0
08435,13075,0,0,0
08435,13076,33,33,0
08435,14511,0,0,0
08435,14521,0,0,0
08435,14522,12,12,0
08435,14523,0,0,0
08435,14524,0,0,0
08435,14612,41,25,16
08435,14625,14,14,0
08435,14626,0,0,0
08435,14627,0,0,0
08435,14628,0,0,0
08435,14713,36,21,15
08435,14729,13,13,0
08435,14730,0,0,0
08435,15001,0,0,0
08435,15002,0,0,0
08435,15003,123,123,0
08435,15081,0,0,0
08435,15082,0,0,0
08435,15083,26,26,0
08435,15084,0,0,0
08435,15085,0,0,0
08435,15086,12,12,0
08435,15087,0,0,0
08435,15088,0,0,0
08435,15089,29,29,0
08435,15090,0,0,0
08435,15091,0,0,0
08435,16051,0,0,0
08435,16052,0,0,0
08435,16053,0,0,0
08435,16054,0,0,0
08435,16055,0,0,0
08435,16056,0,0,0
08435,16061,0,0,0
08435,16062,0,0,0
08435,16063,0,0,0
08435,16064,0,0,0
08435,16065,0,0,0
08435,16066,0,0,0
08435,16067,0,0,0
08435,16068,0,0,0
08435,16069,0,0,0
08435,16070,0,0,0
08435,16071,0,0,0
08435,16072,0,0,0
08435,16073,0,0,0
08435,16074,0,0,0
08435,16075,0,0,0
08435,16076,0,0,0
08435,16077,0,0,0
08436,01001,0,0,0
08436,01002,0,0,0
08436,01003,0,0,0
08436,01004,0,0,0
08436,01051,0,0,0
08436,01053,0,0,0
08436,01054,0,0,0
08436,01055,0,0,0
08436,01056,12,0,12
08436,01057,0,0,0
08436,01058,14,0,14
08436,01059,0,0,0
08436,01060,0,0,0
08436,01061,0,0,0
08436,01062,0,0,0
08436,02000,173,52,121
08436,03101,0,0,0
08436,03102,0,0,0
08436,03103,0,0,0
08436,03151,0,0,0
08436,03153,0,0,0
08436,03154,0,0,0
08436,03155,0,0,0
08436,03157,0,0,0
08436,03158,0,0,0
08436,03159,12,12,0
08436,03241,78,43,35
08436,03251,13,13,0
08436,03252,10,10,0
08436,03254,0,0,0
08436,03255,0,0,0
08436,03256,60,60,0
08436,03257,0,0,0
08436,03351,15,15,0
08436,03352,0,0,0
08436,03353,0,0,0
08436,03354,0,0,0
08436,03355,0,0,0
08436,03356,0,0,0
08436,03357,0,0,0
08436,03358,11,11,0
08436,03359,0,0,0
08436,03360,0,0,0
08436,03361,0,0,0
08436,03401,0,0,0
08436,03402,0,0,0
08436,03403,0,0,0
08436,03404,13,0,13
08436,03405,0,0,0
08436,03451,0,0,0
08436,03452,0,0,0
08436,03453,0,0,0
08436,03454,11,11,0
08436,03455,0,0,0
08436,03456,0,0,0
08436,03457,0,0,0
08436,03458,0,0,0
08436,03459,32,19,13
08436,03460,0,0,0
08436,03461,0,0,0
08436,03462,0,0,0
08436,04011,40,14,26
08436,04012,0,0,0
08436,05111,88,29,59
08436,05112,12,12,0
08436,05113,44,17,27
08436,05114,0,0,0
08436,05116,16,16,0
08436,05117,0,0,0
08436,05119,0,0,0
08436,05120,0,0,0
08436,05122,0,0,0
08436,05124,0,0,0
08436,05154,0,0,0
08436,05158,31,17,14
08436,05162,39,21,18
08436,05166,25,15,10
08436,05170,15,15,0
08436,05314,27,0,27
08436,05315,90,30,60
08436,05316,0,0,0
08436,05334,43,30,13
08436,05358,0,0,0
08436,05362,15,15,0
08436,05366,0,0,0
08436,05370,20,10,10
08436,05374,53,0,53
08436,05378,0,0,0
08436,05382,24,13,11
08436,05512,0,0,0
08436,05513,0,0,0
08436,05515,0,0,0
08436,05554,70,0,70
08436,05558,0,0,0
08436,05562,18,18,0
08436,05566,17,0,17
08436,05570,0,0,0
08436,05711,0,0,0
08436,05754,41,10,31
08436,05758,0,0,0
08436,05762,0,0,0
08436,05766,12,12,0
08436,05770,0,0,0
08436,05774,12,12,0
08436,05911,12,12,0
08436,05913,26,14,12
08436,05914,0,0,0
08436,05915,0,0,0
08436,05916,0,0,0
08436,05954,0,0,0
08436,05958,0,0,0
08436,05962,0,0,0
08436,05966,10,10,0
08436,05970,0,0,0
08436,05974,0,0,0
08436,05978,14,0,14
08436,06411,29,14,15
08436,06412,145,45,100
08436,06413,0,0,0
08436,06414,34,13,21
08436,06431,27,16,11
08436,06432,36,24,12
08436,06433,55,55,0
08436,06434,68,0,68
08436,06435,35,18,17
08436,06436,48,14,34
08436,06437,0,0,0
08436,06438,51,17,34
08436,06439,0,0,0
08436,06440,33,15,18
08436,06531,0,0,0
08436,06532,10,0,10
08436,06533,0,0,0
08436,06534,0,0,0
08436,06535,0,0,0
08436,06611,0,0,0
08436,06631,18,0,18
08436,06632,12,12,0
08436,06633,0,0,0
08436,06634,0,0,0
08436,06635,0,0,0
08436,06636,0,0,0
08436,07111,10,0,10
08436,07131,0,0,0
08436,07132,0,0,0
08436,07133,13,13,0
08436,07134,0,0,0
08436,07135,0,0,0
08436,07137,10,10,0
08436,07138,10,0,10
08436,07140,0,0,0
08436,07141,0,0,0
08436,07143,12,12,0
08436,07211,0,0,0
08436,07231,0,0,0
08436,07232,0,0,0
08436,07233,0,0,0
08436,07235,0,0,0
08436,07311,0,0,0
08436,07312,0,0,0
08436,07313,0,0,0
08436,07314,12,0,12
08436,07315,13,0,13
08436,07316,0,0,0
08436,07317,0,0,0
08436,07318,0,0,0
08436,07319,13,13,0
08436,07320,0,0,0
08436,07331,0,0,0
08436,07332,0,0,0
08436,07333,0,0,0
08436,07334,0,0,0
08436,07335,0,0,0
08436,07336,0,0,0
08436,07337,0,0,0
08436,07338,0,0,0
08436,07339,40,0,40
08436,07340,0,0,0
08436,08111,976,124,852
08436,08115,149,61,88
08436,08116,249,100,149
08436,08117,158,78,80
08436,08118,202,62,140
08436,08119,153,66,87
08436,08121,27,13,14
08436,08125,76,42,34
08436,08126,51,12,39
08436,08127,60,35,25
08436,08128,11,0,11
08436,08135,184,40,144
08436,08136,178,52,126
08436,08211,0,0,0
08436,08212,71,27,44
08436,08215,55,28,27
08436,08216,29,17,12
08436,08221,22,0,22
08436,08222,49,12,37
08436,08225,20,20,0
08436,08226,84,33,51
08436,08231,27,17,10
08436,08235,36,20,16
08436,08236,73,18,55
08436,08237,45,20,25
08436,08311,98,36,62
08436,08315,73,43,30
08436,08316,35,15,20
08436,08317,88,50,38
08436,08325,177,32,145
08436,08326,188,106,82
08436,08327,166,84,82
08436,08335,891,448,443
08436,08336,73,21,52
08436,08337,52,25,27
08436,08415,393,135,258
08436,08416,187,79,108
08436,08417,167,99,68
08436,08421,834,254,580
08436,08425,702,560,142
08436,08426,9230,5271,3959
08436,08435,19507,8780,10727
08436,08436,0,0,0
08436,08437,5560,3584,1976
08436,09161,49,0,49
08436,09162,712,253,459
08436,09163,0,0,0
08436,09171,0,0,0
08436,09172,0,0,0
08436,09173,13,13,0
08436,09174,27,12,15
08436,09175,10,0,10
08436,09176,0,0,0
08436,09177,23,13,10
08436,09178,73,23,50
08436,09179,54,25,29
08436,09180,0,0,0
08436,09181,52,29,23
08436,09182,0,0,0
08436,09183,0,0,0
08436,09184,218,39,179
08436,09185,44,30,14
08436,09186,17,0,17
08436,09187,35,24,11
08436,09188,35,13,22
08436,09189,13,0,13
08436,09190,39,22,17
08436,09261,0,0,0
08436,09262,0,0,0
08436,09263,0,0,0
08436,09271,0,0,0
08436,09272,0,0,0
08436,09273,0,0,0
08436,09274,13,0,13
08436,09275,0,0,0
08436,09276,0,0,0
08436,09277,0,0,0
08436,09278,0,0,0
08436,09279,0,0,0
08436,09361,0,0,0
08436,09362,22,0,22
08436,09363,0,0,0
08436,09371,0,0,0
08436,09372,0,0,0
08436,09373,0,0,0
08436,09374,0,0,0
08436,09375,14,14,0
08436,09376,0,0,0
08436,09377,0,0,0
08436,09461,0,0,0
08436,09462,0,0,0
08436,09463,0,0,0
08436,09464,0,0,0
08436,09471,11,11,0
08436,09472,0,0,0
08436,09473,0,0,0
08436,09474,0,0,0
08436,09475,0,0,0
08436,09476,0,0,0
08436,09477,0,0,0
08436,09478,0,0,0
08436,09479,0,0,0
08436,09561,0,0,0
08436,09562,17,0,17
08436,09563,0,0,0
08436,09564,84,24,60
08436,09565,0,0,0
08436,09571,31,21,10
08436,09572,0,0,0
08436,09573,0,0,0
08436,09574,10,10,0
08436,09575,0,0,0
08436,09576,11,11,0
08436,09577,0,0,0
08436,09661,0,0,0
08436,09662,0,0,0
08436,09663,11,0,11
08436,09671,0,0,0
08436,09672,0,0,0
08436,09673,0,0,0
08436,09674,0,0,0
08436,09675,0,0,0
08436,09676,0,0,0
08436,09677,0,0,0
08436,09678,0,0,0
08436,09679,38,38,0
08436,09761,170,48,122
08436,09762,67,31,36
08436,09763,1274,548,726
08436,09764,1874,553,1321
08436,09771,14,0,14
08436,09772,84,48,36
08436,09773,46,30,16
08436,09774,107,61,46
08436,09775,561,316,245
08436,09776,8161,3944,4217
08436,09777,178,104,74
08436,09778,1515,785,730
08436,09779,31,11,20
08436,09780,2541,1831,710
08436,10041,40,19,21
08436,10042,0,0,0
08436,10043,0,0,0
08436,10044,0,0,0
08436,10045,0,0,0
08436,10046,0,0,0
08436,11000,273,89,184
08436,12051,0,0,0
08436,12052,0,0,0
08436,12053,0,0,0
08436,12054,11,11,0
08436,12060,0,0,0
08436,12061,0,0,0
08436,12062,0,0,0
08436,12063,0,0,0
08436,12064,0,0,0
08436,12065,0,0,0
08436,12066,0,0,0
08436,12067,0,0,0
08436,12068,0,0,0
08436,12069,0,0,0
08436,12070,0,0,0
08436,12071,0,0,0
08436,12072,0,0,0
08436,12073,0,0,0
08436,13003,0,0,0
08436,13004,0,0,0
08436,13071,0,0,0
08436,13072,0,0,0
08436,13073,0,0,0
08436,13074,0,0,0
08436,13075,0,0,0
08436,13076,14,14,0
08436,14511,15,15,0
08436,14521,18,18,0
08436,14522,15,15,0
08436,14523,14,14,0
08436,14524,0,0,0
08436,14612,41,25,16
08436,14625,0,0,0
08436,14626,13,13,0
08436,14627,0,0,0
08436,14628,14,14,0
08436,14713,38,16,22
08436,14729,20,20,0
08436,14730,0,0,0
08436,15001,0,0,0
08436,15002,0,0,0
08436,15003,0,0,0
08436,15081,0,0,0
08436,15082,0,0,0
08436,15083,0,0,0
08436,15084,0,0,0
08436,15085,0,0,0
08436,15086,0,0,0
08436,15087,13,13,0
08436,15088,0,0,0
08436,15089,0,0,0
08436,15090,0,0,0
08436,15091,0,0,0
08436,16051,32,22,10
08436,16052,0,0,0
08436,16053,11,11,0
08436,16054,0,0,0
08436,16055,0,0,0
08436,16056,0,0,0
08436,16061,0,0,0
08436,16062,0,0,0
08436,16063,0,0,0
08436,16064,0,0,0
08436,16065,0,0,0
08436,16066,10,10,0
08436,16067,0,0,0
08436,16068,0,0,0
08436,16069,0,0,0
08436,16070,0,0,0
08436,16071,0,0,0
08436,16072,0,0,0
08436,16073,23,23,0
08436,16074,0,0,0
08436,16075,0,0,0
08436,16076,0,0,0
08436,16077,40,40,0
08437,01001,0,0,0
08437,01002,0,0,0
08437,01003,0,0,0
08437,01004,17,0,17
08437,01051,0,0,0
08437,01053,0,0,0
08437,01054,0,0,0
08437,01055,0,0,0
08437,01056,11,11,0
08437,01057,0,0,0
08437,01058,0,0,0
08437,01059,0,0,0
08437,01060,0,0,0
08437,01061,0,0,0
08437,01062,0,0,0
08437,02000,55,11,44
08437,03101,0,0,0
08437,03102,0,0,0
08437,03103,0,0,0
08437,03151,0,0,0
08437,03153,0,0,0
08437,03154,0,0,0
08437,03155,0,0,0
08437,03157,0,0,0
08437,03158,0,0,0
08437,03159,0,0,0
08437,03241,19,19,0
08437,03251,0,0,0
08437,03252,0,0,0
08437,03254,0,0,0
08437,03255,0,0,0
08437,03256,0,0,0
08437,03257,0,0,0
08437,03351,0,0,0
08437,03352,0,0,0
08437,03353,0,0,0
08437,03354,0,0,0
08437,03355,0,0,0
08437,03356,0,0,0
08437,03357,0,0,0
08437,03358,0,0,0
08437,03359,0,0,0
08437,03360,0,0,0
08437,03361,0,0,0
08437,03401,0,0,0
08437,03402,0,0,0
08437,03403,0,0,0
08437,03404,21,0,21
08437,03405,0,0,0
08437,03451,0,0,0
08437,03452,0,0,0
08437,03453,0,0,0
08437,03454,0,0,0
08437,03455,0,0,0
08437,03456,0,0,0
08437,03457,0,0,0
08437,03458,0,0,0
08437,03459,11,0,11
08437,03460,0,0,0
08437,03461,0,0,0
08437,03462,0,0,0
08437,04011,0,0,0
08437,04012,0,0,0
08437,05111,35,13,22
08437,05112,0,0,0
08437,05113,12,0,12
08437,05114,0,0,0
08437,05116,0,0,0
08437,05117,0,0,0
08437,05119,0,0,0
08437,05120,0,0,0
08437,05122,0,0,0
08437,05124,0,0,0
08437,05154,0,0,0
08437,05158,12,0,12
08437,05162,0,0,0
08437,05166,0,0,0
08437,05170,0,0,0
08437,05314,10,0,10
08437,05315,67,22,45
08437,05316,0,0,0
08437,05334,0,0,0
08437,05358,0,0,0
08437,05362,0,0,0
08437,05366,0,0,0
08437,05370,0,0,0
08437,05374,0,0,0
08437,05378,0,0,0
08437,05382,0,0,0
08437,05512,0,0,0
08437,05513,0,0,0
08437,05515,0,0,0
08437,05554,0,0,0
08437,05558,0,0,0
08437,05562,0,0,0
08437,05566,0,0,0
08437,05570,0,0,0
08437,05711,0,0,0
08437,05754,27,0,27
08437,05758,0,0,0
08437,05762,0,0,0
08437,05766,0,0,0
08437,05770,0,0,0
08437,05774,11,11,0
08437,05911,0,0,0
08437,05913,0,0,0
08437,05914,0,0,0
08437,05915,0,0,0
08437,05916,0,0,0
08437,05954,0,0,0
08437,05958,0,0,0
08437,05962,0,0,0
08437,05966,0,0,0
08437,05970,0,0,0
08437,05974,0,0,0
08437,05978,0,0,0
08437,06411,0,0,0
08437,06412,63,11,52
08437,06413,0,0,0
08437,06414,0,0,0
08437,06431,0,0,0
08437,06432,0,0,0
08437,06433,10,10,0
08437,06434,0,0,0
08437,06435,12,12,0
08437,06436,0,0,0
08437,06437,0,0,0
08437,06438,22,10,12
08437,06439,0,0,0
08437,06440,0,0,0
08437,06531,0,0,0
08437,06532,0,0,0
08437,06533,0,0,0
08437,06534,0,0,0
08437,06535,0,0,0
08437,06611,0,0,0
08437,06631,0,0,0
08437,06632,0,0,0
08437,06633,0,0,0
08437,06634,0,0,0
08437,06635,0,0,0
08437,06636,0,0,0
08437,07111,0,0,0
08437,07131,0,0,0
08437,07132,0,0,0
08437,07133,0,0,0
08437,07134,0,0,0
08437,07135,0,0,0
08437,07137,0,0,0
08437,07138,0,0,0
08437,07140,0,0,0
08437,07141,0,0,0
08437,07143,0,0,0
08437,07211,0,0,0
08437,07231,0,0,0
08437,07232,0,0,0
08437,07233,0,0,0
08437,07235,0,0,0
08437,07311,0,0,0
08437,07312,0,0,0
08437,07313,0,0,0
08437,07314,0,0,0
08437,07315,0,0,0
08437,07316,0,0,0
08437,07317,0,0,0
08437,07318,0,0,0
08437,07319,0,0,0
08437,07320,0,0,0
08437,07331,0,0,0
08437,07332,0,0,0
08437,07333,0,0,0
08437,07334,0,0,0
08437,07335,0,0,0
08437,07336,0,0,0
08437,07337,0,0,0
08437,07338,0,0,0
08437,07339,47,10,37
08437,07340,0,0,0
08437,08111,446,54,392
08437,08115,172,28,144
08437,08116,175,64,111
08437,08117,101,28,73
08437,08118,103,31,72
08437,08119,83,24,59
08437,08121,17,0,17
08437,08125,45,15,30
08437,08126,22,0,22
08437,08127,32,19,13
08437,08128,0,0,0
08437,08135,30,18,12
08437,08136,81,25,56
08437,08211,0,0,0
08437,08212,47,0,47
08437,08215,37,11,26
08437,08216,0,0,0
08437,08221,13,0,13
08437,08222,22,0,22
08437,08225,0,0,0
08437,08226,24,0,24
08437,08231,14,14,0
08437,08235,28,12,16
08437,08236,13,0,13
08437,08237,48,25,23
08437,08311,174,29,145
08437,08315,66,29,37
08437,08316,18,0,18
08437,08317,63,24,39
08437,08325,139,67,72
08437,08326,231,97,134
08437,08327,2086,435,1651
08437,08335,2219,758,1461
08437,08336,41,19,22
08437,08337,36,23,13
08437,08415,1801,901,900
08437,08416,345,157,188
08437,08417,5086,2518,2568
08437,08421,187,32,155
08437,08425,286,142,144
08437,08426,4844,2304,2540
08437,08435,3883,1194,2689
08437,08436,5560,1976,3584
08437,08437,0,0,0
08437,09161,0,0,0
08437,09162,109,26,83
08437,09163,0,0,0
08437,09171,0,0,0
08437,09172,0,0,0
08437,09173,10,0,10
08437,09174,0,0,0
08437,09175,0,0,0
08437,09176,0,0,0
08437,09177,0,0,0
08437,09178,0,0,0
08437,09179,0,0,0
08437,09180,0,0,0
08437,09181,13,0,13
08437,09182,0,0,0
08437,09183,0,0,0
08437,09184,39,0,39
08437,09185,0,0,0
08437,09186,0,0,0
08437,09187,11,11,0
08437,09188,18,0,18
08437,09189,0,0,0
08437,09190,0,0,0
08437,09261,0,0,0
08437,09262,0,0,0
08437,09263,0,0,0
08437,09271,0,0,0
08437,09272,0,0,0
08437,09273,0,0,0
08437,09274,0,0,0
08437,09275,0,0,0
08437,09276,0,0,0
08437,09277,0,0,0
08437,09278,0,0,0
08437,09279,0,0,0
08437,09361,0,0,0
08437,09362,0,0,0
08437,09363,0,0,0
08437,09371,0,0,0
08437,09372,19,0,19
08437,09373,0,0,0
08437,09374,0,0,0
08437,09375,0,0,0
08437,09376,0,0,0
08437,09377,0,0,0
08437,09461,0,0,0
08437,09462,0,0,0
08437,09463,0,0,0
08437,09464,0,0,0
08437,09471,0,0,0
08437,09472,0,0,0
08437,09473,0,0,0
08437,09474,0,0,0
08437,09475,0,0,0
08437,09476,0,0,0
08437,09477,0,0,0
08437,09478,0,0,0
08437,09479,0,0,0
08437,09561,0,0,0
08437,09562,0,0,0
08437,09563,0,0,0
08437,09564,25,0,25
08437,09565,0,0,0
08437,09571,10,10,0
08437,09572,0,0,0
08437,09573,0,0,0
08437,09574,0,0,0
08437,09575,0,0,0
08437,09576,0,0,0
08437,09577,0,0,0
08437,09661,0,0,0
08437,09662,0,0,0
08437,09663,0,0,0
08437,09671,0,0,0
08437,09672,0,0,0
08437,09673,0,0,0
08437,09674,0,0,0
08437,09675,0,0,0
08437,09676,0,0,0
08437,09677,0,0,0
08437,09678,0,0,0
08437,09679,0,0,0
08437,09761,22,11,11
08437,09762,0,0,0
08437,09763,10,0,10
08437,09764,17,0,17
08437,09771,0,0,0
08437,09772,12,12,0
08437,09773,0,0,0
08437,09774,24,11,13
08437,09775,87,25,62
08437,09776,79,25,54
08437,09777,0,0,0
08437,09778,23,13,10
08437,09779,0,0,0
08437,09780,30,30,0
08437,10041,0,0,0
08437,10042,0,0,0
08437,10043,0,0,0
08437,10044,0,0,0
08437,10045,0,0,0
08437,10046,0,0,0
08437,11000,125,20,105
08437,12051,0,0,0
08437,12052,0,0,0
08437,12053,0,0,0
08437,12054,0,0,0
08437,12060,0,0,0
08437,12061,0,0,0
08437,12062,0,0,0
08437,12063,0,0,0
08437,12064,0,0,0
08437,12065,0,0,0
08437,12066,0,0,0
08437,12067,0,0,0
08437,12068,0,0,0
08437,12069,0,0,0
08437,12070,0,0,0
08437,12071,0,0,0
08437,12072,0,0,0
08437,12073,0,0,0
08437,13003,0,0,0
08437,13004,0,0,0
08437,13071,0,0,0
08437,13072,0,0,0
08437,13073,0,0,0
08437,13074,0,0,0
08437,13075,0,0,0
08437,13076,0,0,0
08437,14511,0,0,0
08437,14521,0,0,0
08437,14522,0,0,0
08437,14523,0,0,0
08437,14524,0,0,0
08437,14612,0,0,0
08437,14625,0,0,0
08437,14626,0,0,0
08437,14627,0,0,0
08437,14628,0,0,0
08437,14713,14,14,0
08437,14729,0,0,0
08437,14730,0,0,0
08437,15001,0,0,0
08437,15002,0,0,0
08437,15003,0,0,0
08437,15081,0,0,0
08437,15082,0,0,0
08437,15083,0,0,0
08437,15084,0,0,0
08437,15085,0,0,0
08437,15086,0,0,0
08437,15087,0,0,0
08437,15088,0,0,0
08437,15089,0,0,0
08437,15090,0,0,0
08437,15091,0,0,0
08437,16051,0,0,0
08437,16052,0,0,0
08437,16053,0,0,0
08437,16054,0,0,0
08437,16055,0,0,0
08437,16056,0,0,0
08437,16061,0,0,0
08437,16062,0,0,0
08437,16063,0,0,0
08437,16064,0,0,0
08437,16065,0,0,0
08437,16066,0,0,0
08437,16067,0,0,0
08437,16068,0,0,0
08437,16069,0,0,0
08437,16070,0,0,0
08437,16071,0,0,0
08437,16072,0,0,0
08437,16073,0,0,0
08437,16074,0,0,0
08437,16075,0,0,0
08437,16076,0,0,0
08437,16077,0,0,0
09161,01001,0,0,0
09161,01002,21,21,0
09161,01003,0,0,0
09161,01004,11,0,11
09161,01051,0,0,0
09161,01053,0,0,0
09161,01054,0,0,0
09161,01055,0,0,0
09161,01056,15,15,0
09161,01057,0,0,0
09161,01058,14,14,0
09161,01059,0,0,0
09161,01060,16,16,0
09161,01061,0,0,0
09161,01062,0,0,0
09161,02000,177,76,101
09161,03101,111,89,22
09161,03102,10,10,0
09161,03103,144,74,70
09161,03151,29,29,0
09161,03153,0,0,0
09161,03154,29,11,18
09161,03155,0,0,0
09161,03157,0,0,0
09161,03158,0,0,0
09161,03159,0,0,0
09161,03241,60,42,18
09161,03251,0,0,0
09161,03252,0,0,0
09161,03254,0,0,0
09161,03255,0,0,0
09161,03256,0,0,0
09161,03257,0,0,0
09161,03351,0,0,0
09161,03352,0,0,0
09161,03353,10,10,0
09161,03354,0,0,0
09161,03355,14,14,0
09161,03356,0,0,0
09161,03357,0,0,0
09161,03358,0,0,0
09161,03359,0,0,0
09161,03360,0,0,0
09161,03361,0,0,0
09161,03401,0,0,0
09161,03402,17,17,0
09161,03403,0,0,0
09161,03404,0,0,0
09161,03405,0,0,0
09161,03451,0,0,0
09161,03452,0,0,0
09161,03453,0,0,0
09161,03454,12,0,12
09161,03455,0,0,0
09161,03456,0,0,0
09161,03457,0,0,0
09161,03458,0,0,0
09161,03459,0,0,0
09161,03460,0,0,0
09161,03461,0,0,0
09161,03462,0,0,0
09161,04011,29,29,0
09161,04012,0,0,0
09161,05111,119,34,85
09161,05112,10,10,0
09161,05113,19,0,19
09161,05114,0,0,0
09161,05116,0,0,0
09161,05117,0,0,0
09161,05119,0,0,0
09161,05120,0,0,0
09161,05122,0,0,0
09161,05124,0,0,0
09161,05154,11,11,0
09161,05158,30,12,18
09161,05162,35,12,23
09161,05166,0,0,0
09161,05170,16,16,0
09161,05314,16,0,16
09161,05315,110,44,66
09161,05316,0,0,0
09161,05334,103,64,39
09161,05358,0,0,0
09161,05362,21,21,0
09161,05366,0,0,0
09161,05370,12,12,0
09161,05374,29,0,29
09161,05378,12,12,0
09161,05382,29,29,0
09161,05512,0,0,0
09161,05513,0,0,0
09161,05515,11,11,0
09161,05554,0,0,0
09161,05558,0,0,0
09161,05562,33,20,13
09161,05566,19,19,0
09161,05570,0,0,0
09161,05711,11,11,0
09161,05754,14,0,14
09161,05758,0,0,0
09161,05762,0,0,0
09161,05766,0,0,0
09161,05770,0,0,0
09161,05774,16,16,0
09161,05911,12,12,0
09161,05913,34,34,0
09161,05914,0,0,0
09161,05915,0,0,0
09161,05916,0,0,0
09161,05954,12,12,0
09161,05958,0,0,0
09161,05962,10,10,0
09161,05966,0,0,0
09161,05970,0,0,0
09161,05974,0,0,0
09161,05978,10,10,0
09161,06411,20,20,0
09161,06412,175,66,109
09161,06413,10,10,0
09161,06414,26,14,12
09161,06431,0,0,0
09161,06432,23,23,0
09161,06433,38,24,14
09161,06434,36,14,22
09161,06435,28,28,0
09161,06436,29,10,19
09161,06437,0,0,0
09161,06438,57,23,34
09161,06439,0,0,0
09161,06440,15,15,0
09161,06531,14,14,0
09161,06532,0,0,0
09161,06533,14,14,0
09161,06534,0,0,0
09161,06535,0,0,0
09161,06611,13,13,0
09161,06631,42,31,11
09161,06632,0,0,0
09161,06633,13,13,0
09161,06634,0,0,0
09161,06635,0,0,0
09161,06636,0,0,0
09161,07111,0,0,0
09161,07131,0,0,0
09161,07132,0,0,0
09161,07133,0,0,0
09161,07134,0,0,0
09161,07135,0,0,0
09161,07137,0,0,0
09161,07138,0,0,0
09161,07140,0,0,0
09161,07141,0,0,0
09161,07143,10,10,0
09161,07211,31,31,0
09161,07231,0,0,0
09161,07232,28,28,0
09161,07233,0,0,0
09161,07235,12,12,0
09161,07311,0,0,0
09161,07312,31,31,0
09161,07313,0,0,0
09161,07314,10,10,0
09161,07315,15,0,15
09161,07316,0,0,0
09161,07317,0,0,0
09161,07318,0,0,0
09161,07319,10,10,0
09161,07320,0,0,0
09161,07331,19,19,0
09161,07332,0,0,0
09161,07333,73,73,0
09161,07334,16,0,16
09161,07335,12,12,0
09161,07336,0,0,0
09161,07337,15,15,0
09161,07338,0,0,0
09161,07339,20,20,0
09161,07340,0,0,0
09161,08111,187,66,121
09161,08115,163,78,85
09161,08116,89,34,55
09161,08117,61,61,0
09161,08118,98,60,38
09161,08119,53,27,26
09161,08121,115,102,13
09161,08125,252,183,69
09161,08126,23,23,0
09161,08127,13,13,0
09161,08128,58,21,37
09161,08135,18,18,0
09161,08136,39,29,10
09161,08211,0,0,0
09161,08212,44,30,14
09161,08215,40,22,18
09161,08216,10,0,10
09161,08221,11,0,11
09161,08222,40,18,22
09161,08225,20,20,0
09161,08226,38,38,0
09161,08231,22,22,0
09161,08235,77,77,0
09161,08236,18,18,0
09161,08237,44,44,0
09161,08311,21,10,11
09161,08315,35,12,23
09161,08316,0,0,0
09161,08317,0,0,0
09161,08325,12,12,0
09161,08326,0,0,0
09161,08327,0,0,0
09161,08335,13,13,0
09161,08336,10,0,10
09161,08337,0,0,0
09161,08415,17,17,0
09161,08416,31,31,0
09161,08417,112,112,0
09161,08421,46,14,32
09161,08425,17,17,0
09161,08426,20,20,0
09161,08435,70,59,11
09161,08436,49,49,0
09161,08437,0,0,0
09161,09161,0,0,0
09161,09162,4256,1640,2616
09161,09163,18,18,0
09161,09171,96,84,12
09161,09172,18,18,0
09161,09173,37,26,11
09161,09174,376,258,118
09161,09175,136,93,43
09161,09176,32584,25492,7092
09161,09177,229,142,87
09161,09178,1017,610,407
09161,09179,170,116,54
09161,09180,22,22,0
09161,09181,56,36,20
09161,09182,55,37,18
09161,09183,33,33,0
09161,09184,934,322,612
09161,09185,10480,8889,1591
09161,09186,14666,11333,3333
09161,09187,73,57,16
09161,09188,111,66,45
09161,09189,97,57,40
09161,09190,43,30,13
09161,09261,85,58,27
09161,09262,29,17,12
09161,09263,23,23,0
09161,09271,54,36,18
09161,09272,54,54,0
09161,09273,3792,3168,624
09161,09274,230,172,58
09161,09275,84,61,23
09161,09276,14,14,0
09161,09277,38,38,0
09161,09278,40,40,0
09161,09279,96,82,14
09161,09361,0,0,0
09161,09362,482,308,174
09161,09363,17,17,0
09161,09371,42,42,0
09161,09372,106,80,26
09161,09373,1363,1280,83
09161,09374,22,22,0
09161,09375,487,435,52
09161,09376,179,179,0
09161,09377,13,13,0
09161,09461,21,21,0
09161,09462,21,21,0
09161,09463,0,0,0
09161,09464,14,14,0
09161,09471,41,20,21
09161,09472,32,32,0
09161,09473,21,21,0
09161,09474,59,47,12
09161,09475,17,17,0
09161,09476,60,60,0
09161,09477,13,13,0
09161,09478,25,25,0
09161,09479,30,17,13
09161,09561,26,12,14
09161,09562,124,59,65
09161,09563,84,65,19
09161,09564,783,463,320
09161,09565,28,28,0
09161,09571,50,50,0
09161,09572,74,57,17
09161,09573,51,51,0
09161,09574,137,113,24
09161,09575,19,19,0
09161,09576,990,925,65
09161,09577,625,587,38
09161,09661,12,12,0
09161,09662,14,14,0
09161,09663,43,25,18
09161,09671,24,24,0
09161,09672,26,16,10
09161,09673,14,14,0
09161,09674,0,0,0
09161,09675,15,15,0
09161,09676,0,0,0
09161,09677,18,18,0
09161,09678,14,14,0
09161,09679,27,27,0
09161,09761,417,220,197
09161,09762,30,11,19
09161,09763,12,12,0
09161,09764,0,0,0
09161,09771,538,488,50
09161,09772,192,140,52
09161,09773,58,40,18
09161,09774,36,23,13
09161,09775,37,21,16
09161,09776,18,18,0
09161,09777,14,14,0
09161,09778,17,17,0
09161,09779,525,423,102
09161,09780,21,10,11
09161,10041,85,85,0
09161,10042,0,0,0
09161,10043,0,0,0
09161,10044,0,0,0
09161,10045,0,0,0
09161,10046,0,0,0
09161,11000,272,164,108
09161,12051,0,0,0
09161,12052,0,0,0
09161,12053,0,0,0
09161,12054,0,0,0
09161,12060,0,0,0
09161,12061,0,0,0
09161,12062,0,0,0
09161,12063,0,0,0
09161,12064,15,15,0
09161,12065,0,0,0
09161,12066,15,15,0
09161,12067,0,0,0
09161,12068,0,0,0
09161,12069,11,11,0
09161,12070,0,0,0
09161,12071,13,13,0
09161,12072,12,12,0
09161,12073,0,0,0
09161,13003,0,0,0
09161,13004,0,0,0
09161,13071,0,0,0
09161,13072,0,0,0
09161,13073,0,0,0
09161,13074,0,0,0
09161,13075,0,0,0
09161,13076,0,0,0
09161,14511,30,20,10
09161,14521,49,49,0
09161,14522,47,47,0
09161,14523,38,38,0
09161,14524,56,56,0
09161,14612,100,83,17
09161,14625,12,12,0
09161,14626,30,17,13
09161,14627,28,28,0
09161,14628,18,18,0
09161,14713,100,90,10
09161,14729,36,36,0
09161,14730,36,36,0
09161,15001,12,12,0
09161,15002,31,31,0
09161,15003,17,17,0
09161,15081,0,0,0
09161,15082,14,14,0
09161,15083,0,0,0
09161,15084,28,28,0
09161,15085,0,0,0
09161,15086,0,0,0
09161,15087,32,32,0
09161,15088,33,33,0
09161,15089,0,0,0
09161,15090,0,0,0
09161,15091,15,15,0
09161,16051,44,44,0
09161,16052,12,12,0
09161,16053,0,0,0
09161,16054,0,0,0
09161,16055,0,0,0
09161,16056,0,0,0
09161,16061,0,0,0
09161,16062,0,0,0
09161,16063,0,0,0
09161,16064,16,16,0
09161,16065,0,0,0
09161,16066,0,0,0
09161,16067,22,22,0
09161,16068,12,12,0
09161,16069,12,12,0
09161,16070,21,21,0
09161,16071,11,11,0
09161,16072,23,23,0
09161,16073,13,13,0
09161,16074,0,0,0
09161,16075,11,11,0
09161,16076,28,28,0
09161,16077,23,23,0
09162,01001,61,39,22
09162,01002,254,174,80
09162,01003,171,116,55
09162,01004,116,106,10
09162,01051,29,29,0
09162,01053,163,99,64
09162,01054,93,70,23
09162,01055,106,96,10
09162,01056,388,330,58
09162,01057,53,53,0
09162,01058,172,133,39
09162,01059,76,57,19
09162,01060,258,200,58
09162,01061,99,59,40
09162,01062,317,239,78
09162,02000,5687,3542,2145
09162,03101,420,251,169
09162,03102,34,34,0
09162,03103,257,95,162
09162,03151,80,80,0
09162,03153,91,79,12
09162,03154,37,37,0
09162,03155,172,72,100
09162,03157,50,50,0
09162,03158,73,73,0
09162,03159,337,249,88
09162,03241,1766,1123,643
09162,03251,106,91,15
09162,03252,142,129,13
09162,03254,186,145,41
09162,03255,18,18,0
09162,03256,68,55,13
09162,03257,83,83,0
09162,03351,155,103,52
09162,03352,81,71,10
09162,03353,270,237,33
09162,03354,11,11,0
09162,03355,188,138,50
09162,03356,96,79,17
09162,03357,69,69,0
09162,03358,95,95,0
09162,03359,119,101,18
09162,03360,38,38,0
09162,03361,102,73,29
09162,03401,26,26,0
09162,03402,21,21,0
09162,03403,133,102,31
09162,03404,262,117,145
09162,03405,26,26,0
09162,03451,56,56,0
09162,03452,35,35,0
09162,03453,60,47,13
09162,03454,127,95,32
09162,03455,45,45,0
09162,03456,39,28,11
09162,03457,51,51,0
09162,03458,71,71,0
09162,03459,188,154,34
09162,03460,55,38,17
09162,03461,22,22,0
09162,03462,10,10,0
09162,04011,967,670,297
09162,04012,39,39,0
09162,05111,3709,1672,2037
09162,05112,586,378,208
09162,05113,1022,671,351
09162,05114,254,198,56
09162,05116,286,193,93
09162,05117,221,174,47
09162,05119,255,144,111
09162,05120,73,44,29
09162,05122,186,107,79
09162,05124,329,243,86
09162,05154,187,144,43
09162,05158,805,527,278
09162,05162,735,549,186
09162,05166,391,285,106
09162,05170,344,288,56
09162,05314,887,490,397
09162,05315,3726,1952,1774
09162,05316,197,144,53
09162,05334,756,478,278
09162,05358,237,125,112
09162,05362,674,494,180
09162,05366,138,98,40
09162,05370,170,159,11
09162,05374,429,130,299
09162,05378,301,269,32
09162,05382,835,611,224
09162,05512,77,77,0
09162,05513,180,130,50
09162,05515,460,290,170
09162,05554,189,147,42
09162,05558,142,120,22
09162,05562,589,489,100
09162,05566,270,214,56
09162,05570,231,205,26
09162,05711,376,253,123
09162,05754,442,280,162
09162,05758,129,85,44
09162,05762,48,37,11
09162,05766,196,147,49
09162,05770,149,112,37
09162,05774,272,196,76
09162,05911,476,299,177
09162,05913,892,577,315
09162,05914,117,96,21
09162,05915,151,134,17
09162,05916,185,165,20
09162,05954,279,241,38
09162,05958,128,89,39
09162,05962,157,131,26
09162,05966,57,34,23
09162,05970,136,93,43
09162,05974,191,146,45
09162,05978,262,208,54
09162,06411,681,299,382
09162,06412,5909,2297,3612
09162,06413,364,284,80
09162,06414,871,508,363
09162,06431,390,312,78
09162,06432,431,330,101
09162,06433,626,477,149
09162,06434,1905,482,1423
09162,06435,592,438,154
09162,06436,1041,449,592
09162,06437,69,57,12
09162,06438,1113,618,495
09162,06439,296,220,76
09162,06440,422,348,74
09162,06531,304,261,43
09162,06532,174,112,62
09162,06533,149,111,38
09162,06534,240,159,81
09162,06535,70,47,23
09162,06611,275,172,103
09162,06631,208,162,46
09162,06632,116,77,39
09162,06633,164,134,30
09162,06634,100,87,13
09162,06635,87,54,33
09162,06636,38,38,0
09162,07111,166,101,65
09162,07131,103,89,14
09162,07132,61,50,11
09162,07133,98,78,20
09162,07134,63,29,34
09162,07135,30,30,0
09162,07137,158,115,43
09162,07138,178,111,67
09162,07140,59,43,16
09162,07141,81,65,16
09162,07143,157,119,38
09162,07211,139,118,21
09162,07231,53,42,11
09162,07232,34,34,0
09162,07233,32,32,0
09162,07235,74,56,18
09162,07311,51,36,15
09162,07312,173,136,37
09162,07313,81,36,45
09162,07314,223,168,55
09162,07315,629,400,229
09162,07316,47,47,0
09162,07317,20,20,0
09162,07318,55,55,0
09162,07319,81,70,11
09162,07320,47,47,0
09162,07331,68,57,11
09162,07332,182,152,30
09162,07333,55,55,0
09162,07334,133,117,16
09162,07335,87,77,10
09162,07336,30,30,0
09162,07337,95,95,0
09162,07338,153,139,14
09162,07339,305,248,57
09162,07340,72,72,0
09162,08111,3902,2154,1748
09162,08115,1205,881,324
09162,08116,1674,1067,607
09162,08117,556,410,146
09162,08118,1428,846,582
09162,08119,652,517,135
09162,08121,285,214,71
09162,08125,489,361,128
09162,08126,137,66,71
09162,08127,268,187,81
09162,08128,316,239,77
09162,08135,261,187,74
09162,08136,504,367,137
09162,08211,143,101,42
09162,08212,961,631,330
09162,08215,649,483,166
09162,08216,253,199,54
09162,08221,514,306,208
09162,08222,921,492,429
09162,08225,115,97,18
09162,08226,905,627,278
09162,08231,226,129,97
09162,08235,164,137,27
09162,08236,215,173,42
09162,08237,118,95,23
09162,08311,554,385,169
09162,08315,337,228,109
09162,08316,151,133,18
09162,08317,362,254,108
09162,08325,97,76,21
09162,08326,206,146,60
09162,08327,121,86,35
09162,08335,473,338,135
09162,08336,247,103,144
09162,08337,125,90,35
09162,08415,569,425,144
09162,08416,553,442,111
09162,08417,167,133,34
09162,08421,1080,660,420
09162,08425,474,426,48
09162,08426,405,303,102
09162,08435,584,388,196
09162,08436,712,459,253
09162,08437,109,83,26
09162,09161,4256,2616,1640
09162,09162,0,0,0
09162,09163,3681,2647,1034
09162,09171,1693,1454,239
09162,09172,910,760,150
09162,09173,9785,7996,1789
09162,09174,34550,28667,5883
09162,09175,28448,22536,5912
09162,09176,1648,1225,423
09162,09177,16639,13143,3496
09162,09178,29272,18874,10398
09162,09179,44504,36822,7682
09162,09180,2589,2188,401
09162,09181,8133,6902,1231
09162,09182,8968,6702,2266
09162,09183,4793,4329,464
09162,09184,151697,67514,84183
09162,09185,1807,1486,321
09162,09186,9553,8336,1217
09162,09187,10437,8854,1583
09162,09188,25061,16165,8896
09162,09189,2543,2147,396
09162,09190,6529,5083,1446
09162,09261,2836,2343,493
09162,09262,592,454,138
09162,09263,489,307,182
09162,09271,984,753,231
09162,09272,433,338,95
09162,09273,2301,2105,196
09162,09274,4433,3957,476
09162,09275,1110,967,143
09162,09276,384,345,39
09162,09277,1143,949,194
09162,09278,709,638,71
09162,09279,1569,1384,185
09162,09361,159,128,31
09162,09362,2257,1514,743
09162,09363,172,134,38
09162,09371,282,238,44
09162,09372,521,432,89
09162,09373,576,468,108
09162,09374,245,214,31
09162,09375,1402,1221,181
09162,09376,562,482,80
09162,09377,157,129,28
09162,09461,406,302,104
09162,09462,471,343,128
09162,09463,215,152,63
09162,09464,189,161,28
09162,09471,353,322,31
09162,09472,329,311,18
09162,09473,246,201,45
09162,09474,440,392,48
09162,09475,312,216,96
09162,09476,155,123,32
09162,09477,205,177,28
09162,09478,206,174,32
09162,09479,179,148,31
09162,09561,158,134,24
09162,09562,1086,570,516
09162,09563,772,673,99
09162,09564,4970,3238,1732
09162,09565,213,183,30
09162,09571,746,702,44
09162,09572,762,580,182
09162,09573,595,548,47
09162,09574,875,775,100
09162,09575,314,290,24
09162,09576,605,521,84
09162,09577,396,347,49
09162,09661,241,178,63
09162,09662,175,128,47
09162,09663,883,617,266
09162,09671,417,315,102
09162,09672,208,185,23
09162,09673,185,145,40
09162,09674,170,157,13
09162,09675,366,279,87
09162,09676,233,154,79
09162,09677,340,297,43
09162,09678,226,197,29
09162,09679,626,523,103
09162,09761,11322,9459,1863
09162,09762,702,549,153
09162,09763,455,357,98
09162,09764,313,230,83
09162,09771,6629,6196,433
09162,09772,5424,4831,593
09162,09773,524,443,81
09162,09774,847,704,143
09162,09775,758,626,132
09162,09776,512,374,138
09162,09777,1988,1656,332
09162,09778,1461,1296,165
09162,09779,1166,809,357
09162,09780,813,616,197
09162,10041,570,372,198
09162,10042,73,60,13
09162,10043,68,68,0
09162,10044,124,108,16
09162,10045,133,119,14
09162,10046,41,41,0
09162,11000,11533,7832,3701
09162,12051,48,48,0
09162,12052,103,71,32
09162,12053,20,20,0
09162,12054,358,235,123
09162,12060,156,146,10
09162,12061,172,140,32
09162,12062,48,48,0
09162,12063,155,155,0
09162,12064,106,106,0
09162,12065,230,217,13
09162,12066,78,64,14
09162,12067,80,80,0
09162,12068,26,26,0
09162,12069,271,224,47
09162,12070,18,18,0
09162,12071,49,49,0
09162,12072,117,92,25
09162,12073,27,27,0
09162,13003,435,409,26
09162,13004,50,33,17
09162,13071,77,77,0
09162,13072,147,147,0
09162,13073,79,79,0
09162,13074,61,50,11
09162,13075,80,80,0
09162,13076,55,55,0
09162,14511,310,207,103
09162,14521,259,229,30
09162,14522,228,199,29
09162,14523,253,215,38
09162,14524,258,206,52
09162,14612,825,602,223
09162,14625,173,149,24
09162,14626,174,151,23
09162,14627,173,137,36
09162,14628,153,129,24
09162,14713,1256,962,294
09162,14729,196,180,16
09162,14730,240,208,32
09162,15001,58,58,0
09162,15002,237,180,57
09162,15003,183,153,30
09162,15081,20,20,0
09162,15082,98,85,13
09162,15083,56,56,0
09162,15084,136,117,19
09162,15085,79,79,0
09162,15086,25,25,0
09162,15087,67,67,0
09162,15088,153,134,19
09162,15089,77,77,0
09162,15090,28,28,0
09162,15091,107,95,12
09162,16051,283,227,56
09162,16052,85,73,12
09162,16053,239,177,62
09162,16054,47,47,0
09162,16055,123,96,27
09162,16056,21,21,0
09162,16061,48,37,11
09162,16062,46,36,10
09162,16063,104,56,48
09162,16064,54,54,0
09162,16065,42,42,0
09162,16066,132,120,12
09162,16067,101,87,14
09162,16068,45,45,0
09162,16069,55,55,0
09162,16070,129,114,15
09162,16071,98,71,27
09162,16072,44,44,0
09162,16073,103,103,0
09162,16074,55,55,0
09162,16075,77,77,0
09162,16076,129,112,17
09162,16077,70,55,15
09163,01001,0,0,0
09163,01002,0,0,0
09163,01003,0,0,0
09163,01004,0,0,0
09163,01051,0,0,0
09163,01053,0,0,0
09163,01054,0,0,0
09163,01055,0,0,0
09163,01056,0,0,0
09163,01057,0,0,0
09163,01058,0,0,0
09163,01059,0,0,0
09163,01060,0,0,0
09163,01061,0,0,0
09163,01062,0,0,0
09163,02000,59,25,34
09163,03101,0,0,0
09163,03102,0,0,0
09163,03103,0,0,0
09163,03151,0,0,0
09163,03153,0,0,0
09163,03154,0,0,0
09163,03155,0,0,0
09163,03157,0,0,0
09163,03158,0,0,0
09163,03159,0,0,0
09163,03241,35,20,15
09163,03251,0,0,0
09163,03252,0,0,0
09163,03254,0,0,0
09163,03255,0,0,0
09163,03256,0,0,0
09163,03257,0,0,0
09163,03351,0,0,0
09163,03352,0,0,0
09163,03353,0,0,0
09163,03354,0,0,0
09163,03355,0,0,0
09163,03356,0,0,0
09163,03357,0,0,0
09163,03358,0,0,0
09163,03359,0,0,0
09163,03360,0,0,0
09163,03361,0,0,0
09163,03401,0,0,0
09163,03402,0,0,0
09163,03403,0,0,0
09163,03404,0,0,0
09163,03405,0,0,0
09163,03451,0,0,0
09163,03452,0,0,0
09163,03453,0,0,0
09163,03454,0,0,0
09163,03455,0,0,0
09163,03456,0,0,0
09163,03457,0,0,0
09163,03458,0,0,0
09163,03459,0,0,0
09163,03460,0,0,0
09163,03461,0,0,0
09163,03462,0,0,0
09163,04011,0,0,0
09163,04012,0,0,0
09163,05111,26,0,26
09163,05112,0,0,0
09163,05113,15,15,0
09163,05114,0,0,0
09163,05116,0,0,0
09163,05117,0,0,0
09163,05119,0,0,0
09163,05120,0,0,0
09163,05122,0,0,0
09163,05124,0,0,0
09163,05154,0,0,0
09163,05158,10,10,0
09163,05162,0,0,0
09163,05166,0,0,0
09163,05170,0,0,0
09163,05314,0,0,0
09163,05315,44,0,44
09163,05316,0,0,0
09163,05334,0,0,0
09163,05358,0,0,0
09163,05362,0,0,0
09163,05366,10,0,10
09163,05370,0,0,0
09163,05374,10,0,10
09163,05378,0,0,0
09163,05382,0,0,0
09163,05512,0,0,0
09163,05513,0,0,0
09163,05515,0,0,0
09163,05554,0,0,0
09163,05558,0,0,0
09163,05562,10,10,0
09163,05566,0,0,0
09163,05570,0,0,0
09163,05711,0,0,0
09163,05754,0,0,0
09163,05758,0,0,0
09163,05762,0,0,0
09163,05766,0,0,0
09163,05770,0,0,0
09163,05774,0,0,0
09163,05911,0,0,0
09163,05913,0,0,0
09163,05914,0,0,0
09163,05915,0,0,0
09163,05916,0,0,0
09163,05954,0,0,0
09163,05958,0,0,0
09163,05962,0,0,0
09163,05966,0,0,0
09163,05970,0,0,0
09163,05974,0,0,0
09163,05978,0,0,0
09163,06411,0,0,0
09163,06412,38,0,38
09163,06413,0,0,0
09163,06414,0,0,0
09163,06431,0,0,0
09163,06432,0,0,0
09163,06433,0,0,0
09163,06434,16,0,16
09163,06435,0,0,0
09163,06436,11,0,11
09163,06437,0,0,0
09163,06438,10,0,10
09163,06439,0,0,0
09163,06440,0,0,0
09163,06531,0,0,0
09163,06532,0,0,0
09163,06533,0,0,0
09163,06534,0,0,0
09163,06535,0,0,0
09163,06611,0,0,0
09163,06631,0,0,0
09163,06632,0,0,0
09163,06633,0,0,0
09163,06634,0,0,0
09163,06635,0,0,0
09163,06636,0,0,0
09163,07111,0,0,0
09163,07131,0,0,0
09163,07132,0,0,0
09163,07133,0,0,0
09163,07134,0,0,0
09163,07135,0,0,0
09163,07137,0,0,0
09163,07138,0,0,0
09163,07140,0,0,0
09163,07141,0,0,0
09163,07143,0,0,0
09163,07211,0,0,0
09163,07231,0,0,0
09163,07232,0,0,0
09163,07233,0,0,0
09163,07235,0,0,0
09163,07311,0,0,0
09163,07312,0,0,0
09163,07313,0,0,0
09163,07314,0,0,0
09163,07315,0,0,0
09163,07316,0,0,0
09163,07317,0,0,0
09163,07318,0,0,0
09163,07319,0,0,0
09163,07320,0,0,0
09163,07331,0,0,0
09163,07332,0,0,0
09163,07333,0,0,0
09163,07334,0,0,0
09163,07335,0,0,0
09163,07336,0,0,0
09163,07337,0,0,0
09163,07338,0,0,0
09163,07339,0,0,0
09163,07340,0,0,0
09163,08111,38,14,24
09163,08115,0,0,0
09163,08116,45,0,45
09163,08117,0,0,0
09163,08118,24,10,14
09163,08119,0,0,0
09163,08121,0,0,0
09163,08125,0,0,0
09163,08126,11,0,11
09163,08127,0,0,0
09163,08128,0,0,0
09163,08135,0,0,0
09163,08136,0,0,0
09163,08211,0,0,0
09163,08212,17,0,17
09163,08215,0,0,0
09163,08216,0,0,0
09163,08221,0,0,0
09163,08222,10,10,0
09163,08225,0,0,0
09163,08226,25,14,11
09163,08231,0,0,0
09163,08235,0,0,0
09163,08236,0,0,0
09163,08237,0,0,0
09163,08311,0,0,0
09163,08315,0,0,0
09163,08316,0,0,0
09163,08317,0,0,0
09163,08325,0,0,0
09163,08326,0,0,0
09163,08327,0,0,0
09163,08335,0,0,0
09163,08336,0,0,0
09163,08337,0,0,0
09163,08415,0,0,0
09163,08416,0,0,0
09163,08417,0,0,0
09163,08421,0,0,0
09163,08425,13,13,0
09163,08426,0,0,0
09163,08435,0,0,0
09163,08436,0,0,0
09163,08437,0,0,0
09163,09161,18,0,18
09163,09162,3681,1034,2647
09163,09163,0,0,0
09163,09171,158,133,25
09163,09172,234,149,85
09163,09173,175,140,35
09163,09174,76,29,47
09163,09175,653,432,221
09163,09176,0,0,0
09163,09177,98,62,36
09163,09178,152,85,67
09163,09179,103,72,31
09163,09180,33,21,12
09163,09181,12,0,12
09163,09182,998,534,464
09163,09183,432,373,59
09163,09184,941,220,721
09163,09185,0,0,0
09163,09186,34,12,22
09163,09187,25823,17310,8513
09163,09188,81,36,45
09163,09189,1474,1139,335
09163,09190,60,36,24
09163,09261,33,23,10
09163,09262,0,0,0
09163,09263,0,0,0
09163,09271,10,0,10
09163,09272,0,0,0
09163,09273,11,11,0
09163,09274,47,36,11
09163,09275,22,22,0
09163,09276,0,0,0
09163,09277,44,31,13
09163,09278,0,0,0
09163,09279,0,0,0
09163,09361,0,0,0
09163,09362,24,10,14
09163,09363,0,0,0
09163,09371,0,0,0
09163,09372,0,0,0
09163,09373,0,0,0
09163,09374,0,0,0
09163,09375,41,12,29
09163,09376,0,0,0
09163,09377,0,0,0
09163,09461,0,0,0
09163,09462,0,0,0
09163,09463,0,0,0
09163,09464,0,0,0
09163,09471,0,0,0
09163,09472,0,0,0
09163,09473,0,0,0
09163,09474,0,0,0
09163,09475,11,0,11
09163,09476,0,0,0
09163,09477,0,0,0
09163,09478,0,0,0
09163,09479,0,0,0
09163,09561,0,0,0
09163,09562,0,0,0
09163,09563,0,0,0
09163,09564,53,26,27
09163,09565,0,0,0
09163,09571,0,0,0
09163,09572,0,0,0
09163,09573,0,0,0
09163,09574,0,0,0
09163,09575,0,0,0
09163,09576,0,0,0
09163,09577,0,0,0
09163,09661,0,0,0
09163,09662,0,0,0
09163,09663,12,0,12
09163,09671,0,0,0
09163,09672,0,0,0
09163,09673,0,0,0
09163,09674,0,0,0
09163,09675,0,0,0
09163,09676,0,0,0
09163,09677,0,0,0
09163,09678,0,0,0
09163,09679,0,0,0
09163,09761,78,53,25
09163,09762,0,0,0
09163,09763,0,0,0
09163,09764,0,0,0
09163,09771,11,11,0
09163,09772,26,13,13
09163,09773,0,0,0
09163,09774,0,0,0
09163,09775,0,0,0
09163,09776,0,0,0
09163,09777,0,0,0
09163,09778,0,0,0
09163,09779,16,16,0
09163,09780,0,0,0
09163,10041,0,0,0
09163,10042,0,0,0
09163,10043,0,0,0
09163,10044,0,0,0
09163,10045,0,0,0
09163,10046,0,0,0
09163,11000,131,70,61
09163,12051,0,0,0
09163,12052,0,0,0
09163,12053,0,0,0
09163,12054,0,0,0
09163,12060,0,0,0
09163,12061,0,0,0
09163,12062,0,0,0
09163,12063,0,0,0
09163,12064,0,0,0
09163,12065,0,0,0
09163,12066,0,0,0
09163,12067,0,0,0
09163,12068,0,0,0
09163,12069,0,0,0
09163,12070,0,0,0
09163,12071,0,0,0
09163,12072,0,0,0
09163,12073,0,0,0
09163,13003,0,0,0
09163,13004,0,0,0
09163,13071,0,0,0
09163,13072,0,0,0
09163,13073,0,0,0
09163,13074,0,0,0
09163,13075,0,0,0
09163,13076,0,0,0
09163,14511,10,10,0
09163,14521,0,0,0
09163,14522,0,0,0
09163,14523,0,0,0
09163,14524,0,0,0
09163,14612,0,0,0
09163,14625,0,0,0
09163,14626,0,0,0
09163,14627,11,11,0
09163,14628,0,0,0
09163,14713,17,17,0
09163,14729,0,0,0
09163,14730,0,0,0
09163,15001,0,0,0
09163,15002,0,0,0
09163,15003,0,0,0
09163,15081,0,0,0
09163,15082,0,0,0
09163,15083,0,0,0
09163,15084,14,14,0
09163,15085,0,0,0
09163,15086,0,0,0
09163,15087,0,0,0
09163,15088,10,10,0
09163,15089,10,10,0
09163,15090,0,0,0
09163,15091,0,0,0
09163,16051,0,0,0
09163,16052,0,0,0
09163,16053,0,0,0
09163,16054,0,0,0
09163,16055,0,0,0
09163,16056,0,0,0
09163,16061,22,22,0
09163,16062,0,0,0
09163,16063,0,0,0
09163,16064,11,11,0
09163,16065,0,0,0
09163,16066,0,0,0
09163,16067,15,15,0
09163,16068,0,0,0
09163,16069,0,0,0
09163,16070,0,0,0
09163,16071,0,0,0
09163,16072,0,0,0
09163,16073,0,0,0
09163,16074,0,0,0
09163,16075,0,0,0
09163,16076,0,0,0
09163,16077,0,0,0
09171,01001,0,0,0
09171,01002,0,0,0
09171,01003,0,0,0
09171,01004,0,0,0
09171,01051,0,0,0
09171,01053,0,0,0
09171,01054,0,0,0
09171,01055,0,0,0
09171,01056,0,0,0
09171,01057,0,0,0
09171,01058,0,0,0
09171,01059,0,0,0
09171,01060,0,0,0
09171,01061,0,0,0
09171,01062,0,0,0
09171,02000,83,27,56
09171,03101,0,0,0
09171,03102,0,0,0
09171,03103,0,0,0
09171,03151,0,0,0
09171,03153,14,0,14
09171,03154,0,0,0
09171,03155,0,0,0
09171,03157,0,0,0
09171,03158,0,0,0
09171,03159,0,0,0
09171,03241,13,13,0
09171,03251,0,0,0
09171,03252,0,0,0
09171,03254,0,0,0
09171,03255,0,0,0
09171,03256,0,0,0
09171,03257,0,0,0
09171,03351,0,0,0
09171,03352,0,0,0
09171,03353,0,0,0
09171,03354,0,0,0
09171,03355,0,0,0
09171,03356,0,0,0
09171,03357,0,0,0
09171,03358,0,0,0
09171,03359,0,0,0
09171,03360,0,0,0
09171,03361,0,0,0
09171,03401,0,0,0
09171,03402,0,0,0
09171,03403,0,0,0
09171,03404,0,0,0
09171,03405,0,0,0
09171,03451,0,0,0
09171,03452,0,0,0
09171,03453,0,0,0
09171,03454,0,0,0
09171,03455,0,0,0
09171,03456,0,0,0
09171,03457,0,0,0
09171,03458,0,0,0
09171,03459,0,0,0
09171,03460,0,0,0
09171,03461,0,0,0
09171,03462,0,0,0
09171,04011,27,0,27
09171,04012,0,0,0
09171,05111,18,0,18
09171,05112,0,0,0
09171,05113,0,0,0
09171,05114,0,0,0
09171,05116,0,0,0
09171,05117,0,0,0
09171,05119,0,0,0
09171,05120,0,0,0
09171,05122,0,0,0
09171,05124,0,0,0
09171,05154,0,0,0
09171,05158,0,0,0
09171,05162,0,0,0
09171,05166,0,0,0
09171,05170,0,0,0
09171,05314,22,0,22
09171,05315,30,0,30
09171,05316,0,0,0
09171,05334,20,0,20
09171,05358,0,0,0
09171,05362,19,0,19
09171,05366,0,0,0
09171,05370,0,0,0
09171,05374,10,0,10
09171,05378,0,0,0
09171,05382,0,0,0
09171,05512,0,0,0
09171,05513,0,0,0
09171,05515,0,0,0
09171,05554,0,0,0
09171,05558,0,0,0
09171,05562,53,0,53
09171,05566,0,0,0
09171,05570,0,0,0
09171,05711,0,0,0
09171,05754,0,0,0
09171,05758,0,0,0
09171,05762,0,0,0
09171,05766,0,0,0
09171,05770,0,0,0
09171,05774,0,0,0
09171,05911,0,0,0
09171,05913,10,0,10
09171,05914,0,0,0
09171,05915,0,0,0
09171,05916,0,0,0
09171,05954,0,0,0
09171,05958,0,0,0
09171,05962,0,0,0
09171,05966,0,0,0
09171,05970,0,0,0
09171,05974,0,0,0
09171,05978,0,0,0
09171,06411,0,0,0
09171,06412,29,0,29
09171,06413,0,0,0
09171,06414,0,0,0
09171,06431,0,0,0
09171,06432,0,0,0
09171,06433,0,0,0
09171,06434,0,0,0
09171,06435,0,0,0
09171,06436,10,0,10
09171,06437,0,0,0
09171,06438,12,12,0
09171,06439,0,0,0
09171,06440,0,0,0
09171,06531,0,0,0
09171,06532,0,0,0
09171,06533,0,0,0
09171,06534,0,0,0
09171,06535,0,0,0
09171,06611,0,0,0
09171,06631,0,0,0
09171,06632,0,0,0
09171,06633,0,0,0
09171,06634,0,0,0
09171,06635,0,0,0
09171,06636,0,0,0
09171,07111,0,0,0
09171,07131,0,0,0
09171,07132,0,0,0
09171,07133,0,0,0
09171,07134,0,0,0
09171,07135,0,0,0
09171,07137,0,0,0
09171,07138,0,0,0
09171,07140,0,0,0
09171,07141,0,0,0
09171,07143,35,0,35
09171,07211,0,0,0
09171,07231,0,0,0
09171,07232,0,0,0
09171,07233,0,0,0
09171,07235,0,0,0
09171,07311,0,0,0
09171,07312,0,0,0
09171,07313,0,0,0
09171,07314,12,12,0
09171,07315,20,0,20
09171,07316,0,0,0
09171,07317,0,0,0
09171,07318,0,0,0
09171,07319,0,0,0
09171,07320,0,0,0
09171,07331,0,0,0
09171,07332,0,0,0
09171,07333,0,0,0
09171,07334,0,0,0
09171,07335,0,0,0
09171,07336,0,0,0
09171,07337,30,0,30
09171,07338,0,0,0
09171,07339,0,0,0
09171,07340,0,0,0
09171,08111,29,14,15
09171,08115,0,0,0
09171,08116,15,0,15
09171,08117,0,0,0
09171,08118,10,10,0
09171,08119,12,12,0
09171,08121,26,0,26
09171,08125,11,11,0
09171,08126,0,0,0
09171,08127,0,0,0
09171,08128,0,0,0
09171,08135,0,0,0
09171,08136,0,0,0
09171,08211,0,0,0
09171,08212,25,0,25
09171,08215,28,15,13
09171,08216,0,0,0
09171,08221,0,0,0
09171,08222,0,0,0
09171,08225,0,0,0
09171,08226,14,14,0
09171,08231,0,0,0
09171,08235,0,0,0
09171,08236,0,0,0
09171,08237,0,0,0
09171,08311,0,0,0
09171,08315,0,0,0
09171,08316,0,0,0
09171,08317,0,0,0
09171,08325,0,0,0
09171,08326,0,0,0
09171,08327,0,0,0
09171,08335,0,0,0
09171,08336,0,0,0
09171,08337,0,0,0
09171,08415,0,0,0
09171,08416,0,0,0
09171,08417,0,0,0
09171,08421,0,0,0
09171,08425,0,0,0
09171,08426,0,0,0
09171,08435,0,0,0
09171,08436,0,0,0
09171,08437,0,0,0
09171,09161,96,12,84
09171,09162,1693,239,1454
09171,09163,158,25,133
09171,09171,0,0,0
09171,09172,269,153,116
09171,09173,14,14,0
09171,09174,65,40,25
09171,09175,130,62,68
09171,09176,50,33,17
09171,09177,205,125,80
09171,09178,130,42,88
09171,09179,70,32,38
09171,09180,0,0,0
09171,09181,0,0,0
09171,09182,34,20,14
09171,09183,8302,3437,4865
09171,09184,446,68,378
09171,09185,36,14,22
09171,09186,45,15,30
09171,09187,488,171,317
09171,09188,38,14,24
09171,09189,5731,1941,3790
09171,09190,11,0,11
09171,09261,126,33,93
09171,09262,360,28,332
09171,09263,0,0,0
09171,09271,125,51,74
09171,09272,38,38,0
09171,09273,44,28,16
09171,09274,285,131,154
09171,09275,416,333,83
09171,09276,16,16,0
09171,09277,7604,6141,1463
09171,09278,42,31,11
09171,09279,174,73,101
09171,09361,12,0,12
09171,09362,66,23,43
09171,09363,25,0,25
09171,09371,0,0,0
09171,09372,31,14,17
09171,09373,11,11,0
09171,09374,0,0,0
09171,09375,20,20,0
09171,09376,15,0,15
09171,09377,0,0,0
09171,09461,0,0,0
09171,09462,0,0,0
09171,09463,0,0,0
09171,09464,0,0,0
09171,09471,0,0,0
09171,09472,0,0,0
09171,09473,0,0,0
09171,09474,0,0,0
09171,09475,0,0,0
09171,09476,0,0,0
09171,09477,0,0,0
09171,09478,0,0,0
09171,09479,0,0,0
09171,09561,0,0,0
09171,09562,12,0,12
09171,09563,0,0,0
09171,09564,55,15,40
09171,09565,0,0,0
09171,09571,0,0,0
09171,09572,0,0,0
09171,09573,0,0,0
09171,09574,0,0,0
09171,09575,0,0,0
09171,09576,0,0,0
09171,09577,0,0,0
09171,09661,0,0,0
09171,09662,20,20,0
09171,09663,0,0,0
09171,09671,0,0,0
09171,09672,10,10,0
09171,09673,0,0,0
09171,09674,0,0,0
09171,09675,0,0,0
09171,09676,0,0,0
09171,09677,0,0,0
09171,09678,17,17,0
09171,09679,0,0,0
09171,09761,67,22,45
09171,09762,0,0,0
09171,09763,0,0,0
09171,09764,0,0,0
09171,09771,24,10,14
09171,09772,26,12,14
09171,09773,0,0,0
09171,09774,0,0,0
09171,09775,0,0,0
09171,09776,0,0,0
09171,09777,0,0,0
09171,09778,0,0,0
09171,09779,0,0,0
09171,09780,11,11,0
09171,10041,0,0,0
09171,10042,0,0,0
09171,10043,0,0,0
09171,10044,0,0,0
09171,10045,0,0,0
09171,10046,0,0,0
09171,11000,54,24,30
09171,12051,0,0,0
09171,12052,0,0,0
09171,12053,0,0,0
09171,12054,0,0,0
09171,12060,0,0,0
09171,12061,0,0,0
09171,12062,0,0,0
09171,12063,0,0,0
09171,12064,0,0,0
09171,12065,0,0,0
09171,12066,0,0,0
09171,12067,0,0,0
09171,12068,0,0,0
09171,12069,0,0,0
09171,12070,0,0,0
09171,12071,0,0,0
09171,12072,0,0,0
09171,12073,0,0,0
09171,13003,14,14,0
09171,13004,0,0,0
09171,13071,0,0,0
09171,13072,0,0,0
09171,13073,0,0,0
09171,13074,0,0,0
09171,13075,0,0,0
09171,13076,0,0,0
09171,14511,0,0,0
09171,14521,0,0,0
09171,14522,22,22,0
09171,14523,0,0,0
09171,14524,0,0,0
09171,14612,11,11,0
09171,14625,15,15,0
09171,14626,0,0,0
09171,14627,15,15,0
09171,14628,0,0,0
09171,14713,18,0,18
09171,14729,0,0,0
09171,14730,0,0,0
09171,15001,0,0,0
09171,15002,10,10,0
09171,15003,0,0,0
09171,15081,0,0,0
09171,15082,23,0,23
09171,15083,0,0,0
09171,15084,11,11,0
09171,15085,0,0,0
09171,15086,0,0,0
09171,15087,0,0,0
09171,15088,0,0,0
09171,15089,0,0,0
09171,15090,0,0,0
09171,15091,0,0,0
09171,16051,0,0,0
09171,16052,0,0,0
09171,16053,0,0,0
09171,16054,0,0,0
09171,16055,0,0,0
09171,16056,0,0,0
09171,16061,0,0,0
09171,16062,0,0,0
09171,16063,0,0,0
09171,16064,0,0,0
09171,16065,0,0,0
09171,16066,0,0,0
09171,16067,0,0,0
09171,16068,0,0,0
09171,16069,0,0,0
09171,16070,0,0,0
09171,16071,0,0,0
09171,16072,0,0,0
09171,16073,0,0,0
09171,16074,0,0,0
09171,16075,0,0,0
09171,16076,0,0,0
09171,16077,0,0,0
09172,01001,0,0,0
09172,01002,0,0,0
09172,01003,0,0,0
09172,01004,0,0,0
09172,01051,0,0,0
09172,01053,0,0,0
09172,01054,0,0,0
09172,01055,0,0,0
09172,01056,0,0,0
09172,01057,0,0,0
09172,01058,0,0,0
09172,01059,0,0,0
09172,01060,0,0,0
09172,01061,0,0,0
09172,01062,0,0,0
09172,02000,83,42,41
09172,03101,19,19,0
09172,03102,0,0,0
09172,03103,0,0,0
09172,03151,0,0,0
09172,03153,0,0,0
09172,03154,0,0,0
09172,03155,0,0,0
09172,03157,0,0,0
09172,03158,0,0,0
09172,03159,0,0,0
09172,03241,36,21,15
09172,03251,0,0,0
09172,03252,0,0,0
09172,03254,0,0,0
09172,03255,0,0,0
09172,03256,0,0,0
09172,03257,0,0,0
09172,03351,10,10,0
09172,03352,13,13,0
09172,03353,0,0,0
09172,03354,0,0,0
09172,03355,0,0,0
09172,03356,0,0,0
09172,03357,28,28,0
09172,03358,0,0,0
09172,03359,10,10,0
09172,03360,0,0,0
09172,03361,0,0,0
09172,03401,0,0,0
09172,03402,0,0,0
09172,03403,0,0,0
09172,03404,0,0,0
09172,03405,0,0,0
09172,03451,0,0,0
09172,03452,0,0,0
09172,03453,0,0,0
09172,03454,0,0,0
09172,03455,0,0,0
09172,03456,0,0,0
09172,03457,0,0,0
09172,03458,0,0,0
09172,03459,0,0,0
09172,03460,0,0,0
09172,03461,0,0,0
09172,03462,0,0,0
09172,04011,0,0,0
09172,04012,10,10,0
09172,05111,26,13,13
09172,05112,13,13,0
09172,05113,0,0,0
09172,05114,0,0,0
09172,05116,0,0,0
09172,05117,0,0,0
09172,05119,0,0,0
09172,05120,0,0,0
09172,05122,0,0,0
09172,05124,0,0,0
09172,05154,0,0,0
09172,05158,17,0,17
09172,05162,12,12,0
09172,05166,0,0,0
09172,05170,13,13,0
09172,05314,0,0,0
09172,05315,53,31,22
09172,05316,0,0,0
09172,05334,0,0,0
09172,05358,0,0,0
09172,05362,0,0,0
09172,05366,0,0,0
09172,05370,0,0,0
09172,05374,11,0,11
09172,05378,0,0,0
09172,05382,124,20,104
09172,05512,0,0,0
09172,05513,0,0,0
09172,05515,0,0,0
09172,05554,0,0,0
09172,05558,0,0,0
09172,05562,0,0,0
09172,05566,21,10,11
09172,05570,0,0,0
09172,05711,0,0,0
09172,05754,0,0,0
09172,05758,0,0,0
09172,05762,0,0,0
09172,05766,0,0,0
09172,05770,0,0,0
09172,05774,0,0,0
09172,05911,0,0,0
09172,05913,11,0,11
09172,05914,0,0,0
09172,05915,0,0,0
09172,05916,0,0,0
09172,05954,0,0,0
09172,05958,0,0,0
09172,05962,0,0,0
09172,05966,0,0,0
09172,05970,0,0,0
09172,05974,0,0,0
09172,05978,0,0,0
09172,06411,0,0,0
09172,06412,57,18,39
09172,06413,0,0,0
09172,06414,0,0,0
09172,06431,0,0,0
09172,06432,0,0,0
09172,06433,24,0,24
09172,06434,0,0,0
09172,06435,10,10,0
09172,06436,0,0,0
09172,06437,0,0,0
09172,06438,10,0,10
09172,06439,0,0,0
09172,06440,0,0,0
09172,06531,0,0,0
09172,06532,0,0,0
09172,06533,0,0,0
09172,06534,0,0,0
09172,06535,0,0,0
09172,06611,0,0,0
09172,06631,0,0,0
09172,06632,0,0,0
09172,06633,0,0,0
09172,06634,13,0,13
09172,06635,0,0,0
09172,06636,0,0,0
09172,07111,0,0,0
09172,07131,0,0,0
09172,07132,0,0,0
09172,07133,0,0,0
09172,07134,0,0,0
09172,07135,0,0,0
09172,07137,0,0,0
09172,07138,0,0,0
09172,07140,17,0,17
09172,07141,0,0,0
09172,07143,0,0,0
09172,07211,0,0,0
09172,07231,0,0,0
09172,07232,0,0,0
09172,07233,0,0,0
09172,07235,0,0,0
09172,07311,0,0,0
09172,07312,0,0,0
09172,07313,0,0,0
09172,07314,0,0,0
09172,07315,0,0,0
09172,07316,0,0,0
09172,07317,0,0,0
09172,07318,0,0,0
09172,07319,0,0,0
09172,07320,0,0,0
09172,07331,0,0,0
09172,07332,0,0,0
09172,07333,0,0,0
09172,07334,0,0,0
09172,07335,0,0,0
09172,07336,0,0,0
09172,07337,0,0,0
09172,07338,0,0,0
09172,07339,0,0,0
09172,07340,0,0,0
09172,08111,37,20,17
09172,08115,13,13,0
09172,08116,13,13,0
09172,08117,0,0,0
09172,08118,31,31,0
09172,08119,21,11,10
09172,08121,0,0,0
09172,08125,21,21,0
09172,08126,0,0,0
09172,08127,0,0,0
09172,08128,0,0,0
09172,08135,0,0,0
09172,08136,13,13,0
09172,08211,0,0,0
09172,08212,10,0,10
09172,08215,14,14,0
09172,08216,0,0,0
09172,08221,0,0,0
09172,08222,0,0,0
09172,08225,0,0,0
09172,08226,0,0,0
09172,08231,0,0,0
09172,08235,28,0,28
09172,08236,20,10,10
09172,08237,0,0,0
09172,08311,0,0,0
09172,08315,0,0,0
09172,08316,0,0,0
09172,08317,0,0,0
09172,08325,0,0,0
09172,08326,57,57,0
09172,08327,0,0,0
09172,08335,0,0,0
09172,08336,0,0,0
09172,08337,0,0,0
09172,08415,0,0,0
09172,08416,0,0,0
09172,08417,0,0,0
09172,08421,0,0,0
09172,08425,0,0,0
09172,08426,0,0,0
09172,08435,0,0,0
09172,08436,0,0,0
09172,08437,0,0,0
09172,09161,18,0,18
09172,09162,910,150,760
09172,09163,234,85,149
09172,09171,269,116,153
09172,09172,0,0,0
09172,09173,11,0,11
09172,09174,10,0,10
09172,09175,60,16,44
09172,09176,0,0,0
09172,09177,42,19,23
09172,09178,79,17,62
09172,09179,39,12,27
09172,09180,15,15,0
09172,09181,0,0,0
09172,09182,102,17,85
09172,09183,142,61,81
09172,09184,233,44,189
09172,09185,10,0,10
09172,09186,42,0,42
09172,09187,558,223,335
09172,09188,36,11,25
09172,09189,6617,2801,3816
09172,09190,21,10,11
09172,09261,31,11,20
09172,09262,29,0,29
09172,09263,0,0,0
09172,09271,0,0,0
09172,09272,13,13,0
09172,09273,0,0,0
09172,09274,14,14,0
09172,09275,33,20,13
09172,09276,0,0,0
09172,09277,45,28,17
09172,09278,0,0,0
09172,09279,14,0,14
09172,09361,0,0,0
09172,09362,64,18,46
09172,09363,0,0,0
09172,09371,0,0,0
09172,09372,0,0,0
09172,09373,0,0,0
09172,09374,0,0,0
09172,09375,20,10,10
09172,09376,14,0,14
09172,09377,0,0,0
09172,09461,0,0,0
09172,09462,0,0,0
09172,09463,0,0,0
09172,09464,0,0,0
09172,09471,0,0,0
09172,09472,0,0,0
09172,09473,0,0,0
09172,09474,0,0,0
09172,09475,0,0,0
09172,09476,0,0,0
09172,09477,0,0,0
09172,09478,0,0,0
09172,09479,0,0,0
09172,09561,0,0,0
09172,09562,0,0,0
09172,09563,0,0,0
09172,09564,77,35,42
09172,09565,0,0,0
09172,09571,0,0,0
09172,09572,22,0,22
09172,09573,0,0,0
09172,09574,0,0,0
09172,09575,0,0,0
09172,09576,0,0,0
09172,09577,0,0,0
09172,09661,0,0,0
09172,09662,0,0,0
09172,09663,0,0,0
09172,09671,0,0,0
09172,09672,0,0,0
09172,09673,0,0,0
09172,09674,0,0,0
09172,09675,0,0,0
09172,09676,0,0,0
09172,09677,0,0,0
09172,09678,0,0,0
09172,09679,0,0,0
09172,09761,50,12,38
09172,09762,0,0,0
09172,09763,0,0,0
09172,09764,0,0,0
09172,09771,0,0,0
09172,09772,35,35,0
09172,09773,0,0,0
09172,09774,0,0,0
09172,09775,0,0,0
09172,09776,0,0,0
09172,09777,0,0,0
09172,09778,0,0,0
09172,09779,0,0,0
09172,09780,22,10,12
09172,10041,0,0,0
09172,10042,0,0,0
09172,10043,0,0,0
09172,10044,0,0,0
09172,10045,0,0,0
09172,10046,0,0,0
09172,11000,116,61,55
09172,12051,0,0,0
09172,12052,0,0,0
09172,12053,0,0,0
09172,12054,0,0,0
09172,12060,0,0,0
09172,12061,0,0,0
09172,12062,0,0,0
09172,12063,0,0,0
09172,12064,0,0,0
09172,12065,0,0,0
09172,12066,0,0,0
09172,12067,27,27,0
09172,12068,0,0,0
09172,12069,0,0,0
09172,12070,0,0,0
09172,12071,0,0,0
09172,12072,0,0,0
09172,12073,0,0,0
09172,13003,0,0,0
09172,13004,0,0,0
09172,13071,0,0,0
09172,13072,0,0,0
09172,13073,0,0,0
09172,13074,0,0,0
09172,13075,0,0,0
09172,13076,0,0,0
09172,14511,0,0,0
09172,14521,0,0,0
09172,14522,11,11,0
09172,14523,0,0,0
09172,14524,10,10,0
09172,14612,11,11,0
09172,14625,10,10,0
09172,14626,18,18,0
09172,14627,0,0,0
09172,14628,0,0,0
09172,14713,12,12,0
09172,14729,0,0,0
09172,14730,0,0,0
09172,15001,0,0,0
09172,15002,11,11,0
09172,15003,10,10,0
09172,15081,0,0,0
09172,15082,0,0,0
09172,15083,0,0,0
09172,15084,0,0,0
09172,15085,0,0,0
09172,15086,0,0,0
09172,15087,0,0,0
09172,15088,0,0,0
09172,15089,17,17,0
09172,15090,0,0,0
09172,15091,0,0,0
09172,16051,10,10,0
09172,16052,0,0,0
09172,16053,0,0,0
09172,16054,0,0,0
09172,16055,0,0,0
09172,16056,0,0,0
09172,16061,0,0,0
09172,16062,0,0,0
09172,16063,0,0,0
09172,16064,0,0,0
09172,16065,0,0,0
09172,16066,0,0,0
09172,16067,0,0,0
09172,16068,0,0,0
09172,16069,0,0,0
09172,16070,0,0,0
09172,16071,0,0,0
09172,16072,0,0,0
09172,16073,0,0,0
09172,16074,0,0,0
09172,16075,0,0,0
09172,16076,0,0,0
09172,16077,0,0,0
09173,01001,0,0,0
09173,01002,0,0,0
09173,01003,0,0,0
09173,01004,0,0,0
09173,01051,0,0,0
09173,01053,0,0,0
09173,01054,0,0,0
09173,01055,0,0,0
09173,01056,0,0,0
09173,01057,0,0,0
09173,01058,0,0,0
09173,01059,0,0,0
09173,01060,0,0,0
09173,01061,0,0,0
09173,01062,0,0,0
09173,02000,88,23,65
09173,03101,0,0,0
09173,03102,0,0,0
09173,03103,0,0,0
09173,03151,0,0,0
09173,03153,0,0,0
09173,03154,0,0,0
09173,03155,0,0,0
09173,03157,0,0,0
09173,03158,0,0,0
09173,03159,0,0,0
09173,03241,28,0,28
09173,03251,0,0,0
09173,03252,0,0,0
09173,03254,0,0,0
09173,03255,0,0,0
09173,03256,0,0,0
09173,03257,0,0,0
09173,03351,0,0,0
09173,03352,0,0,0
09173,03353,0,0,0
09173,03354,0,0,0
09173,03355,0,0,0
09173,03356,0,0,0
09173,03357,0,0,0
09173,03358,0,0,0
09173,03359,0,0,0
09173,03360,0,0,0
09173,03361,0,0,0
09173,03401,0,0,0
09173,03402,0,0,0
09173,03403,0,0,0
09173,03404,0,0,0
09173,03405,0,0,0
09173,03451,0,0,0
09173,03452,0,0,0
09173,03453,0,0,0
09173,03454,0,0,0
09173,03455,0,0,0
09173,03456,0,0,0
09173,03457,0,0,0
09173,03458,0,0,0
09173,03459,0,0,0
09173,03460,0,0,0
09173,03461,0,0,0
09173,03462,0,0,0
09173,04011,15,0,15
09173,04012,0,0,0
09173,05111,71,11,60
09173,05112,10,0,10
09173,05113,20,0,20
09173,05114,0,0,0
09173,05116,0,0,0
09173,05117,0,0,0
09173,05119,0,0,0
09173,05120,0,0,0
09173,05122,0,0,0
09173,05124,0,0,0
09173,05154,0,0,0
09173,05158,32,10,22
09173,05162,23,11,12
09173,05166,10,0,10
09173,05170,0,0,0
09173,05314,10,0,10
09173,05315,68,20,48
09173,05316,0,0,0
09173,05334,15,0,15
09173,05358,0,0,0
09173,05362,14,14,0
09173,05366,0,0,0
09173,05370,0,0,0
09173,05374,0,0,0
09173,05378,0,0,0
09173,05382,25,14,11
09173,05512,0,0,0
09173,05513,0,0,0
09173,05515,0,0,0
09173,05554,0,0,0
09173,05558,0,0,0
09173,05562,11,11,0
09173,05566,0,0,0
09173,05570,0,0,0
09173,05711,24,0,24
09173,05754,45,0,45
09173,05758,0,0,0
09173,05762,0,0,0
09173,05766,0,0,0
09173,05770,0,0,0
09173,05774,0,0,0
09173,05911,14,0,14
09173,05913,11,0,11
09173,05914,0,0,0
09173,05915,0,0,0
09173,05916,0,0,0
09173,05954,0,0,0
09173,05958,0,0,0
09173,05962,0,0,0
09173,05966,0,0,0
09173,05970,0,0,0
09173,05974,0,0,0
09173,05978,0,0,0
09173,06411,16,0,16
09173,06412,96,0,96
09173,06413,0,0,0
09173,06414,15,0,15
09173,06431,0,0,0
09173,06432,0,0,0
09173,06433,0,0,0
09173,06434,78,0,78
09173,06435,0,0,0
09173,06436,31,0,31
09173,06437,0,0,0
09173,06438,37,0,37
09173,06439,0,0,0
09173,06440,0,0,0
09173,06531,0,0,0
09173,06532,0,0,0
09173,06533,0,0,0
09173,06534,0,0,0
09173,06535,0,0,0
09173,06611,0,0,0
09173,06631,0,0,0
09173,06632,0,0,0
09173,06633,0,0,0
09173,06634,0,0,0
09173,06635,0,0,0
09173,06636,0,0,0
09173,07111,0,0,0
09173,07131,0,0,0
09173,07132,0,0,0
09173,07133,11,0,11
09173,07134,0,0,0
09173,07135,0,0,0
09173,07137,0,0,0
09173,07138,0,0,0
09173,07140,0,0,0
09173,07141,0,0,0
09173,07143,0,0,0
09173,07211,0,0,0
09173,07231,0,0,0
09173,07232,0,0,0
09173,07233,0,0,0
09173,07235,0,0,0
09173,07311,0,0,0
09173,07312,0,0,0
09173,07313,0,0,0
09173,07314,0,0,0
09173,07315,0,0,0
09173,07316,0,0,0
09173,07317,0,0,0
09173,07318,0,0,0
09173,07319,0,0,0
09173,07320,0,0,0
09173,07331,0,0,0
09173,07332,0,0,0
09173,07333,0,0,0
09173,07334,0,0,0
09173,07335,0,0,0
09173,07336,0,0,0
09173,07337,0,0,0
09173,07338,0,0,0
09173,07339,0,0,0
09173,07340,0,0,0
09173,08111,75,11,64
09173,08115,22,0,22
09173,08116,24,0,24
09173,08117,14,0,14
09173,08118,31,10,21
09173,08119,10,0,10
09173,08121,0,0,0
09173,08125,0,0,0
09173,08126,10,0,10
09173,08127,0,0,0
09173,08128,0,0,0
09173,08135,0,0,0
09173,08136,10,10,0
09173,08211,0,0,0
09173,08212,10,0,10
09173,08215,24,12,12
09173,08216,0,0,0
09173,08221,0,0,0
09173,08222,28,0,28
09173,08225,0,0,0
09173,08226,21,11,10
09173,08231,0,0,0
09173,08235,0,0,0
09173,08236,0,0,0
09173,08237,0,0,0
09173,08311,0,0,0
09173,08315,0,0,0
09173,08316,0,0,0
09173,08317,0,0,0
09173,08325,0,0,0
09173,08326,16,0,16
09173,08327,0,0,0
09173,08335,11,11,0
09173,08336,0,0,0
09173,08337,0,0,0
09173,08415,11,0,11
09173,08416,0,0,0
09173,08417,0,0,0
09173,08421,17,0,17
09173,08425,0,0,0
09173,08426,13,13,0
09173,08435,10,0,10
09173,08436,13,0,13
09173,08437,10,10,0
09173,09161,37,11,26
09173,09162,9785,1789,7996
09173,09163,175,35,140
09173,09171,14,0,14
09173,09172,11,11,0
09173,09173,0,0,0
09173,09174,154,63,91
09173,09175,286,126,160
09173,09176,28,16,12
09173,09177,101,52,49
09173,09178,234,52,182
09173,09179,336,161,175
09173,09180,1398,815,583
09173,09181,207,137,70
09173,09182,4289,1562,2727
09173,09183,48,28,20
09173,09184,5069,780,4289
09173,09185,40,0,40
09173,09186,49,17,32
09173,09187,376,196,180
09173,09188,2125,668,1457
09173,09189,64,31,33
09173,09190,5167,1956,3211
09173,09261,17,0,17
09173,09262,21,0,21
09173,09263,13,0,13
09173,09271,11,11,0
09173,09272,14,14,0
09173,09273,16,16,0
09173,09274,41,25,16
09173,09275,20,20,0
09173,09276,12,12,0
09173,09277,14,14,0
09173,09278,12,12,0
09173,09279,0,0,0
09173,09361,0,0,0
09173,09362,51,19,32
09173,09363,0,0,0
09173,09371,0,0,0
09173,09372,14,14,0
09173,09373,12,12,0
09173,09374,0,0,0
09173,09375,34,22,12
09173,09376,25,14,11
09173,09377,0,0,0
09173,09461,0,0,0
09173,09462,0,0,0
09173,09463,0,0,0
09173,09464,0,0,0
09173,09471,0,0,0
09173,09472,0,0,0
09173,09473,0,0,0
09173,09474,0,0,0
09173,09475,21,0,21
09173,09476,0,0,0
09173,09477,0,0,0
09173,09478,0,0,0
09173,09479,0,0,0
09173,09561,0,0,0
09173,09562,18,0,18
09173,09563,0,0,0
09173,09564,89,30,59
09173,09565,0,0,0
09173,09571,0,0,0
09173,09572,12,0,12
09173,09573,0,0,0
09173,09574,10,10,0
09173,09575,0,0,0
09173,09576,0,0,0
09173,09577,0,0,0
09173,09661,0,0,0
09173,09662,0,0,0
09173,09663,102,0,102
09173,09671,0,0,0
09173,09672,0,0,0
09173,09673,0,0,0
09173,09674,0,0,0
09173,09675,0,0,0
09173,09676,0,0,0
09173,09677,0,0,0
09173,09678,0,0,0
09173,09679,0,0,0
09173,09761,125,42,83
09173,09762,25,11,14
09173,09763,12,0,12
09173,09764,0,0,0
09173,09771,40,20,20
09173,09772,68,39,29
09173,09773,0,0,0
09173,09774,26,15,11
09173,09775,10,0,10
09173,09776,0,0,0
09173,09777,115,65,50
09173,09778,35,19,16
09173,09779,50,17,33
09173,09780,36,16,20
09173,10041,10,0,10
09173,10042,0,0,0
09173,10043,0,0,0
09173,10044,0,0,0
09173,10045,0,0,0
09173,10046,0,0,0
09173,11000,171,44,127
09173,12051,0,0,0
09173,12052,0,0,0
09173,12053,0,0,0
09173,12054,0,0,0
09173,12060,0,0,0
09173,12061,0,0,0
09173,12062,0,0,0
09173,12063,0,0,0
09173,12064,0,0,0
09173,12065,0,0,0
09173,12066,0,0,0
09173,12067,0,0,0
09173,12068,0,0,0
09173,12069,17,0,17
09173,12070,0,0,0
09173,12071,0,0,0
09173,12072,0,0,0
09173,12073,0,0,0
09173,13003,0,0,0
09173,13004,0,0,0
09173,13071,0,0,0
09173,13072,0,0,0
09173,13073,0,0,0
09173,13074,0,0,0
09173,13075,0,0,0
09173,13076,0,0,0
09173,14511,0,0,0
09173,14521,0,0,0
09173,14522,0,0,0
09173,14523,18,18,0
09173,14524,11,11,0
09173,14612,22,11,11
09173,14625,0,0,0
09173,14626,0,0,0
09173,14627,0,0,0
09173,14628,0,0,0
09173,14713,17,17,0
09173,14729,0,0,0
09173,14730,0,0,0
09173,15001,0,0,0
09173,15002,10,0,10
09173,15003,0,0,0
09173,15081,0,0,0
09173,15082,0,0,0
09173,15083,0,0,0
09173,15084,0,0,0
09173,15085,0,0,0
09173,15086,0,0,0
09173,15087,0,0,0
09173,15088,0,0,0
09173,15089,0,0,0
09173,15090,0,0,0
09173,15091,0,0,0
09173,16051,0,0,0
09173,16052,0,0,0
09173,16053,0,0,0
09173,16054,0,0,0
09173,16055,0,0,0
09173,16056,0,0,0
09173,16061,0,0,0
09173,16062,0,0,0
09173,16063,0,0,0
09173,16064,0,0,0
09173,16065,0,0,0
09173,16066,0,0,0
09173,16067,0,0,0
09173,16068,0,0,0
09173,16069,0,0,0
09173,16070,0,0,0
09173,16071,0,0,0
09173,16072,10,10,0
09173,16073,0,0,0
09173,16074,0,0,0
09173,16075,0,0,0
09173,16076,21,0,21
09173,16077,0,0,0
09174,01001,0,0,0
09174,01002,0,0,0
09174,01003,0,0,0
09174,01004,0,0,0
09174,01051,0,0,0
09174,01053,0,0,0
09174,01054,0,0,0
09174,01055,0,0,0
09174,01056,13,13,0
09174,01057,0,0,0
09174,01058,0,0,0
09174,01059,0,0,0
09174,01060,0,0,0
09174,01061,0,0,0
09174,01062,0,0,0
09174,02000,131,28,103
09174,03101,22,0,22
09174,03102,0,0,0
09174,03103,12,0,12
09174,03151,0,0,0
09174,03153,0,0,0
09174,03154,0,0,0
09174,03155,0,0,0
09174,03157,0,0,0
09174,03158,0,0,0
09174,03159,0,0,0
09174,03241,92,30,62
09174,03251,0,0,0
09174,03252,11,11,0
09174,03254,0,0,0
09174,03255,0,0,0
09174,03256,0,0,0
09174,03257,0,0,0
09174,03351,0,0,0
09174,03352,0,0,0
09174,03353,13,0,13
09174,03354,0,0,0
09174,03355,0,0,0
09174,03356,0,0,0
09174,03357,0,0,0
09174,03358,0,0,0
09174,03359,0,0,0
09174,03360,0,0,0
09174,03361,0,0,0
09174,03401,0,0,0
09174,03402,0,0,0
09174,03403,0,0,0
09174,03404,0,0,0
09174,03405,0,0,0
09174,03451,0,0,0
09174,03452,0,0,0
09174,03453,0,0,0
09174,03454,11,0,11
09174,03455,0,0,0
09174,03456,0,0,0
09174,03457,0,0,0
09174,03458,0,0,0
09174,03459,0,0,0
09174,03460,0,0,0
09174,03461,0,0,0
09174,03462,0,0,0
09174,04011,24,0,24
09174,04012,0,0,0
09174,05111,103,13,90
09174,05112,14,0,14
09174,05113,27,0,27
09174,05114,17,0,17
09174,05116,17,0,17
09174,05117,0,0,0
09174,05119,0,0,0
09174,05120,0,0,0
09174,05122,0,0,0
09174,05124,0,0,0
09174,05154,0,0,0
09174,05158,31,0,31
09174,05162,23,0,23
09174,05166,0,0,0
09174,05170,0,0,0
09174,05314,14,0,14
09174,05315,117,20,97
09174,05316,0,0,0
09174,05334,30,11,19
09174,05358,0,0,0
09174,05362,13,0,13
09174,05366,0,0,0
09174,05370,0,0,0
09174,05374,34,0,34
09174,05378,0,0,0
09174,05382,11,0,11
09174,05512,0,0,0
09174,05513,0,0,0
09174,05515,0,0,0
09174,05554,0,0,0
09174,05558,0,0,0
09174,05562,0,0,0
09174,05566,0,0,0
09174,05570,0,0,0
09174,05711,0,0,0
09174,05754,13,0,13
09174,05758,0,0,0
09174,05762,0,0,0
09174,05766,0,0,0
09174,05770,0,0,0
09174,05774,17,0,17
09174,05911,16,0,16
09174,05913,28,0,28
09174,05914,0,0,0
09174,05915,0,0,0
09174,05916,0,0,0
09174,05954,29,10,19
09174,05958,0,0,0
09174,05962,0,0,0
09174,05966,0,0,0
09174,05970,0,0,0
09174,05974,0,0,0
09174,05978,15,0,15
09174,06411,19,0,19
09174,06412,165,19,146
09174,06413,0,0,0
09174,06414,19,0,19
09174,06431,15,0,15
09174,06432,10,0,10
09174,06433,18,18,0
09174,06434,52,0,52
09174,06435,29,16,13
09174,06436,45,10,35
09174,06437,0,0,0
09174,06438,85,28,57
09174,06439,0,0,0
09174,06440,10,0,10
09174,06531,0,0,0
09174,06532,0,0,0
09174,06533,52,0,52
09174,06534,0,0,0
09174,06535,0,0,0
09174,06611,0,0,0
09174,06631,0,0,0
09174,06632,0,0,0
09174,06633,22,22,0
09174,06634,0,0,0
09174,06635,0,0,0
09174,06636,0,0,0
09174,07111,0,0,0
09174,07131,0,0,0
09174,07132,0,0,0
09174,07133,0,0,0
09174,07134,0,0,0
09174,07135,0,0,0
09174,07137,0,0,0
09174,07138,0,0,0
09174,07140,0,0,0
09174,07141,0,0,0
09174,07143,0,0,0
09174,07211,0,0,0
09174,07231,0,0,0
09174,07232,0,0,0
09174,07233,0,0,0
09174,07235,0,0,0
09174,07311,0,0,0
09174,07312,0,0,0
09174,07313,0,0,0
09174,07314,0,0,0
09174,07315,12,0,12
09174,07316,0,0,0
09174,07317,0,0,0
09174,07318,0,0,0
09174,07319,0,0,0
09174,07320,0,0,0
09174,07331,0,0,0
09174,07332,0,0,0
09174,07333,0,0,0
09174,07334,0,0,0
09174,07335,0,0,0
09174,07336,0,0,0
09174,07337,0,0,0
09174,07338,0,0,0
09174,07339,0,0,0
09174,07340,0,0,0
09174,08111,130,34,96
09174,08115,77,50,27
09174,08116,112,31,81
09174,08117,34,23,11
09174,08118,55,21,34
09174,08119,34,15,19
09174,08121,0,0,0
09174,08125,30,16,14
09174,08126,18,0,18
09174,08127,17,0,17
09174,08128,10,0,10
09174,08135,0,0,0
09174,08136,29,15,14
09174,08211,0,0,0
09174,08212,16,0,16
09174,08215,22,0,22
09174,08216,26,26,0
09174,08221,13,0,13
09174,08222,20,0,20
09174,08225,12,12,0
09174,08226,17,0,17
09174,08231,0,0,0
09174,08235,10,10,0
09174,08236,0,0,0
09174,08237,0,0,0
09174,08311,12,0,12
09174,08315,78,0,78
09174,08316,0,0,0
09174,08317,58,40,18
09174,08325,0,0,0
09174,08326,15,15,0
09174,08327,0,0,0
09174,08335,13,13,0
09174,08336,12,0,12
09174,08337,0,0,0
09174,08415,16,16,0
09174,08416,13,13,0
09174,08417,10,0,10
09174,08421,55,22,33
09174,08425,0,0,0
09174,08426,0,0,0
09174,08435,25,0,25
09174,08436,27,15,12
09174,08437,0,0,0
09174,09161,376,118,258
09174,09162,34550,5883,28667
09174,09163,76,47,29
09174,09171,65,25,40
09174,09172,10,10,0
09174,09173,154,91,63
09174,09174,0,0,0
09174,09175,582,229,353
09174,09176,126,44,82
09174,09177,553,200,353
09174,09178,2972,1279,1693
09174,09179,4796,2558,2238
09174,09180,46,27,19
09174,09181,272,185,87
09174,09182,138,62,76
09174,09183,85,51,34
09174,09184,6710,1064,5646
09174,09185,510,256,254
09174,09186,1692,1138,554
09174,09187,189,133,56
09174,09188,869,230,639
09174,09189,59,35,24
09174,09190,114,72,42
09174,09261,100,57,43
09174,09262,13,0,13
09174,09263,41,25,16
09174,09271,65,43,22
09174,09272,24,24,0
09174,09273,95,47,48
09174,09274,169,112,57
09174,09275,48,31,17
09174,09276,0,0,0
09174,09277,26,26,0
09174,09278,43,32,11
09174,09279,147,118,29
09174,09361,0,0,0
09174,09362,78,26,52
09174,09363,0,0,0
09174,09371,10,10,0
09174,09372,17,17,0
09174,09373,23,11,12
09174,09374,14,14,0
09174,09375,58,42,16
09174,09376,28,28,0
09174,09377,0,0,0
09174,09461,0,0,0
09174,09462,0,0,0
09174,09463,0,0,0
09174,09464,0,0,0
09174,09471,12,12,0
09174,09472,0,0,0
09174,09473,0,0,0
09174,09474,10,10,0
09174,09475,19,0,19
09174,09476,0,0,0
09174,09477,0,0,0
09174,09478,0,0,0
09174,09479,0,0,0
09174,09561,0,0,0
09174,09562,36,11,25
09174,09563,35,23,12
09174,09564,216,70,146
09174,09565,0,0,0
09174,09571,20,20,0
09174,09572,0,0,0
09174,09573,14,14,0
09174,09574,12,12,0
09174,09575,0,0,0
09174,09576,51,41,10
09174,09577,0,0,0
09174,09661,0,0,0
09174,09662,0,0,0
09174,09663,13,13,0
09174,09671,0,0,0
09174,09672,0,0,0
09174,09673,0,0,0
09174,09674,10,10,0
09174,09675,10,10,0
09174,09676,0,0,0
09174,09677,0,0,0
09174,09678,10,10,0
09174,09679,0,0,0
09174,09761,1136,590,546
09174,09762,25,14,11
09174,09763,34,34,0
09174,09764,0,0,0
09174,09771,2193,1602,591
09174,09772,514,353,161
09174,09773,23,23,0
09174,09774,40,23,17
09174,09775,16,16,0
09174,09776,21,11,10
09174,09777,68,52,16
09174,09778,85,54,31
09174,09779,67,32,35
09174,09780,56,36,20
09174,10041,0,0,0
09174,10042,0,0,0
09174,10043,0,0,0
09174,10044,0,0,0
09174,10045,0,0,0
09174,10046,0,0,0
09174,11000,195,69,126
09174,12051,0,0,0
09174,12052,0,0,0
09174,12053,0,0,0
09174,12054,20,0,20
09174,12060,0,0,0
09174,12061,0,0,0
09174,12062,0,0,0
09174,12063,0,0,0
09174,12064,0,0,0
09174,12065,0,0,0
09174,12066,0,0,0
09174,12067,0,0,0
09174,12068,0,0,0
09174,12069,0,0,0
09174,12070,0,0,0
09174,12071,0,0,0
09174,12072,0,0,0
09174,12073,0,0,0
09174,13003,0,0,0
09174,13004,0,0,0
09174,13071,0,0,0
09174,13072,0,0,0
09174,13073,0,0,0
09174,13074,0,0,0
09174,13075,0,0,0
09174,13076,0,0,0
09174,14511,36,23,13
09174,14521,26,26,0
09174,14522,32,32,0
09174,14523,0,0,0
09174,14524,17,17,0
09174,14612,23,11,12
09174,14625,11,11,0
09174,14626,16,16,0
09174,14627,0,0,0
09174,14628,0,0,0
09174,14713,75,58,17
09174,14729,25,25,0
09174,14730,21,21,0
09174,15001,0,0,0
09174,15002,13,13,0
09174,15003,0,0,0
09174,15081,0,0,0
09174,15082,0,0,0
09174,15083,0,0,0
09174,15084,15,15,0
09174,15085,0,0,0
09174,15086,0,0,0
09174,15087,0,0,0
09174,15088,16,16,0
09174,15089,11,11,0
09174,15090,0,0,0
09174,15091,0,0,0
09174,16051,17,17,0
09174,16052,0,0,0
09174,16053,0,0,0
09174,16054,0,0,0
09174,16055,0,0,0
09174,16056,0,0,0
09174,16061,0,0,0
09174,16062,0,0,0
09174,16063,0,0,0
09174,16064,0,0,0
09174,16065,0,0,0
09174,16066,0,0,0
09174,16067,0,0,0
09174,16068,0,0,0
09174,16069,0,0,0
09174,16070,0,0,0
09174,16071,0,0,0
09174,16072,0,0,0
09174,16073,0,0,0
09174,16074,0,0,0
09174,16075,0,0,0
09174,16076,0,0,0
09174,16077,0,0,0
09175,01001,0,0,0
09175,01002,0,0,0
09175,01003,0,0,0
09175,01004,0,0,0
09175,01051,0,0,0
09175,01053,0,0,0
09175,01054,0,0,0
09175,01055,0,0,0
09175,01056,10,10,0
09175,01057,0,0,0
09175,01058,0,0,0
09175,01059,0,0,0
09175,01060,10,10,0
09175,01061,0,0,0
09175,01062,13,13,0
09175,02000,186,57,129
09175,03101,0,0,0
09175,03102,0,0,0
09175,03103,0,0,0
09175,03151,0,0,0
09175,03153,0,0,0
09175,03154,0,0,0
09175,03155,0,0,0
09175,03157,0,0,0
09175,03158,0,0,0
09175,03159,0,0,0
09175,03241,85,40,45
09175,03251,0,0,0
09175,03252,0,0,0
09175,03254,0,0,0
09175,03255,0,0,0
09175,03256,0,0,0
09175,03257,0,0,0
09175,03351,0,0,0
09175,03352,0,0,0
09175,03353,0,0,0
09175,03354,0,0,0
09175,03355,0,0,0
09175,03356,0,0,0
09175,03357,0,0,0
09175,03358,0,0,0
09175,03359,0,0,0
09175,03360,0,0,0
09175,03361,0,0,0
09175,03401,0,0,0
09175,03402,0,0,0
09175,03403,0,0,0
09175,03404,0,0,0
09175,03405,0,0,0
09175,03451,0,0,0
09175,03452,0,0,0
09175,03453,0,0,0
09175,03454,0,0,0
09175,03455,0,0,0
09175,03456,0,0,0
09175,03457,0,0,0
09175,03458,0,0,0
09175,03459,12,0,12
09175,03460,0,0,0
09175,03461,0,0,0
09175,03462,0,0,0
09175,04011,31,0,31
09175,04012,0,0,0
09175,05111,105,0,105
09175,05112,10,0,10
09175,05113,31,0,31
09175,05114,0,0,0
09175,05116,11,0,11
09175,05117,0,0,0
09175,05119,0,0,0
09175,05120,0,0,0
09175,05122,0,0,0
09175,05124,10,10,0
09175,05154,0,0,0
09175,05158,60,26,34
09175,05162,41,14,27
09175,05166,11,11,0
09175,05170,0,0,0
09175,05314,18,0,18
09175,05315,108,27,81
09175,05316,0,0,0
09175,05334,25,11,14
09175,05358,12,12,0
09175,05362,33,21,12
09175,05366,0,0,0
09175,05370,0,0,0
09175,05374,0,0,0
09175,05378,10,10,0
09175,05382,29,13,16
09175,05512,0,0,0
09175,05513,0,0,0
09175,05515,0,0,0
09175,05554,0,0,0
09175,05558,0,0,0
09175,05562,0,0,0
09175,05566,0,0,0
09175,05570,0,0,0
09175,05711,10,0,10
09175,05754,17,0,17
09175,05758,0,0,0
09175,05762,0,0,0
09175,05766,0,0,0
09175,05770,0,0,0
09175,05774,0,0,0
09175,05911,0,0,0
09175,05913,17,0,17
09175,05914,0,0,0
09175,05915,0,0,0
09175,05916,0,0,0
09175,05954,0,0,0
09175,05958,10,10,0
09175,05962,0,0,0
09175,05966,0,0,0
09175,05970,0,0,0
09175,05974,12,0,12
09175,05978,10,10,0
09175,06411,28,0,28
09175,06412,223,24,199
09175,06413,0,0,0
09175,06414,27,0,27
09175,06431,0,0,0
09175,06432,14,14,0
09175,06433,19,19,0
09175,06434,73,10,63
09175,06435,25,13,12
09175,06436,58,16,42
09175,06437,0,0,0
09175,06438,67,19,48
09175,06439,0,0,0
09175,06440,0,0,0
09175,06531,0,0,0
09175,06532,0,0,0
09175,06533,0,0,0
09175,06534,0,0,0
09175,06535,0,0,0
09175,06611,10,0,10
09175,06631,0,0,0
09175,06632,0,0,0
09175,06633,0,0,0
09175,06634,0,0,0
09175,06635,0,0,0
09175,06636,0,0,0
09175,07111,0,0,0
09175,07131,0,0,0
09175,07132,0,0,0
09175,07133,0,0,0
09175,07134,0,0,0
09175,07135,0,0,0
09175,07137,0,0,0
09175,07138,0,0,0
09175,07140,0,0,0
09175,07141,0,0,0
09175,07143,0,0,0
09175,07211,0,0,0
09175,07231,0,0,0
09175,07232,0,0,0
09175,07233,0,0,0
09175,07235,0,0,0
09175,07311,0,0,0
09175,07312,0,0,0
09175,07313,0,0,0
09175,07314,0,0,0
09175,07315,11,0,11
09175,07316,0,0,0
09175,07317,0,0,0
09175,07318,0,0,0
09175,07319,0,0,0
09175,07320,0,0,0
09175,07331,0,0,0
09175,07332,0,0,0
09175,07333,0,0,0
09175,07334,0,0,0
09175,07335,0,0,0
09175,07336,0,0,0
09175,07337,0,0,0
09175,07338,0,0,0
09175,07339,11,11,0
09175,07340,0,0,0
09175,08111,128,21,107
09175,08115,35,20,15
09175,08116,49,13,36
09175,08117,26,10,16
09175,08118,55,22,33
09175,08119,30,13,17
09175,08121,0,0,0
09175,08125,29,17,12
09175,08126,15,0,15
09175,08127,0,0,0
09175,08128,12,0,12
09175,08135,0,0,0
09175,08136,0,0,0
09175,08211,0,0,0
09175,08212,25,0,25
09175,08215,30,12,18
09175,08216,0,0,0
09175,08221,0,0,0
09175,08222,49,10,39
09175,08225,0,0,0
09175,08226,35,14,21
09175,08231,0,0,0
09175,08235,0,0,0
09175,08236,0,0,0
09175,08237,0,0,0
09175,08311,25,0,25
09175,08315,0,0,0
09175,08316,0,0,0
09175,08317,19,0,19
09175,08325,0,0,0
09175,08326,0,0,0
09175,08327,0,0,0
09175,08335,59,39,20
09175,08336,14,0,14
09175,08337,0,0,0
09175,08415,11,0,11
09175,08416,0,0,0
09175,08417,15,0,15
09175,08421,28,0,28
09175,08425,15,15,0
09175,08426,0,0,0
09175,08435,20,20,0
09175,08436,10,10,0
09175,08437,0,0,0
09175,09161,136,43,93
09175,09162,28448,5912,22536
09175,09163,653,221,432
09175,09171,130,68,62
09175,09172,60,44,16
09175,09173,286,160,126
09175,09174,582,353,229
09175,09175,0,0,0
09175,09176,69,47,22
09175,09177,5665,4270,1395
09175,09178,1570,623,947
09175,09179,577,349,228
09175,09180,53,42,11
09175,09181,106,67,39
09175,09182,600,293,307
09175,09183,1242,979,263
09175,09184,13608,2676,10932
09175,09185,68,38,30
09175,09186,258,152,106
09175,09187,4143,2545,1598
09175,09188,355,142,213
09175,09189,292,180,112
09175,09190,121,84,37
09175,09261,101,65,36
09175,09262,23,10,13
09175,09263,21,10,11
09175,09271,69,45,24
09175,09272,31,31,0
09175,09273,69,55,14
09175,09274,248,193,55
09175,09275,61,42,19
09175,09276,40,40,0
09175,09277,58,33,25
09175,09278,44,44,0
09175,09279,43,28,15
09175,09361,0,0,0
09175,09362,86,38,48
09175,09363,0,0,0
09175,09371,17,17,0
09175,09372,24,14,10
09175,09373,27,17,10
09175,09374,0,0,0
09175,09375,44,44,0
09175,09376,30,19,11
09175,09377,0,0,0
09175,09461,0,0,0
09175,09462,0,0,0
09175,09463,0,0,0
09175,09464,0,0,0
09175,09471,14,14,0
09175,09472,0,0,0
09175,09473,0,0,0
09175,09474,0,0,0
09175,09475,32,19,13
09175,09476,0,0,0
09175,09477,0,0,0
09175,09478,0,0,0
09175,09479,0,0,0
09175,09561,0,0,0
09175,09562,34,0,34
09175,09563,18,18,0
09175,09564,158,59,99
09175,09565,0,0,0
09175,09571,31,20,11
09175,09572,23,13,10
09175,09573,15,15,0
09175,09574,28,28,0
09175,09575,11,11,0
09175,09576,63,63,0
09175,09577,12,12,0
09175,09661,0,0,0
09175,09662,0,0,0
09175,09663,27,12,15
09175,09671,12,0,12
09175,09672,0,0,0
09175,09673,0,0,0
09175,09674,17,17,0
09175,09675,14,14,0
09175,09676,17,0,17
09175,09677,0,0,0
09175,09678,11,11,0
09175,09679,17,17,0
09175,09761,161,94,67
09175,09762,10,0,10
09175,09763,0,0,0
09175,09764,0,0,0
09175,09771,115,84,31
09175,09772,98,67,31
09175,09773,15,15,0
09175,09774,31,20,11
09175,09775,33,13,20
09175,09776,0,0,0
09175,09777,46,31,15
09175,09778,24,24,0
09175,09779,58,20,38
09175,09780,17,17,0
09175,10041,0,0,0
09175,10042,0,0,0
09175,10043,0,0,0
09175,10044,0,0,0
09175,10045,0,0,0
09175,10046,0,0,0
09175,11000,222,50,172
09175,12051,0,0,0
09175,12052,0,0,0
09175,12053,0,0,0
09175,12054,0,0,0
09175,12060,0,0,0
09175,12061,0,0,0
09175,12062,0,0,0
09175,12063,0,0,0
09175,12064,0,0,0
09175,12065,0,0,0
09175,12066,0,0,0
09175,12067,0,0,0
09175,12068,0,0,0
09175,12069,0,0,0
09175,12070,0,0,0
09175,12071,0,0,0
09175,12072,0,0,0
09175,12073,0,0,0
09175,13003,0,0,0
09175,13004,0,0,0
09175,13071,0,0,0
09175,13072,0,0,0
09175,13073,0,0,0
09175,13074,0,0,0
09175,13075,0,0,0
09175,13076,0,0,0
09175,14511,0,0,0
09175,14521,16,16,0
09175,14522,15,15,0
09175,14523,0,0,0
09175,14524,17,17,0
09175,14612,29,11,18
09175,14625,0,0,0
09175,14626,0,0,0
09175,14627,0,0,0
09175,14628,10,10,0
09175,14713,69,45,24
09175,14729,0,0,0
09175,14730,10,10,0
09175,15001,0,0,0
09175,15002,0,0,0
09175,15003,0,0,0
09175,15081,0,0,0
09175,15082,0,0,0
09175,15083,0,0,0
09175,15084,0,0,0
09175,15085,0,0,0
09175,15086,0,0,0
09175,15087,0,0,0
09175,15088,0,0,0
09175,15089,16,16,0
09175,15090,0,0,0
09175,15091,0,0,0
09175,16051,0,0,0
09175,16052,0,0,0
09175,16053,0,0,0
09175,16054,0,0,0
09175,16055,0,0,0
09175,16056,0,0,0
09175,16061,0,0,0
09175,16062,0,0,0
09175,16063,0,0,0
09175,16064,0,0,0
09175,16065,0,0,0
09175,16066,0,0,0
09175,16067,0,0,0
09175,16068,0,0,0
09175,16069,0,0,0
09175,16070,0,0,0
09175,16071,0,0,0
09175,16072,0,0,0
09175,16073,12,12,0
09175,16074,0,0,0
09175,16075,12,12,0
09175,16076,0,0,0
09175,16077,0,0,0
09176,01001,0,0,0
09176,01002,0,0,0
09176,01003,0,0,0
09176,01004,0,0,0
09176,01051,0,0,0
09176,01053,0,0,0
09176,01054,0,0,0
09176,01055,0,0,0
09176,01056,0,0,0
09176,01057,0,0,0
09176,01058,17,0,17
09176,01059,0,0,0
09176,01060,0,0,0
09176,01061,0,0,0
09176,01062,0,0,0
09176,02000,64,14,50
09176,03101,49,49,0
09176,03102,0,0,0
09176,03103,52,26,26
09176,03151,24,24,0
09176,03153,0,0,0
09176,03154,10,10,0
09176,03155,0,0,0
09176,03157,0,0,0
09176,03158,0,0,0
09176,03159,0,0,0
09176,03241,46,34,12
09176,03251,0,0,0
09176,03252,10,10,0
09176,03254,0,0,0
09176,03255,0,0,0
09176,03256,0,0,0
09176,03257,0,0,0
09176,03351,0,0,0
09176,03352,0,0,0
09176,03353,0,0,0
09176,03354,0,0,0
09176,03355,0,0,0
09176,03356,0,0,0
09176,03357,0,0,0
09176,03358,0,0,0
09176,03359,0,0,0
09176,03360,0,0,0
09176,03361,0,0,0
09176,03401,0,0,0
09176,03402,0,0,0
09176,03403,0,0,0
09176,03404,0,0,0
09176,03405,0,0,0
09176,03451,0,0,0
09176,03452,0,0,0
09176,03453,0,0,0
09176,03454,0,0,0
09176,03455,0,0,0
09176,03456,0,0,0
09176,03457,0,0,0
09176,03458,0,0,0
09176,03459,0,0,0
09176,03460,0,0,0
09176,03461,0,0,0
09176,03462,0,0,0
09176,04011,13,0,13
09176,04012,0,0,0
09176,05111,20,0,20
09176,05112,0,0,0
09176,05113,0,0,0
09176,05114,0,0,0
09176,05116,0,0,0
09176,05117,0,0,0
09176,05119,0,0,0
09176,05120,0,0,0
09176,05122,0,0,0
09176,05124,11,0,11
09176,05154,0,0,0
09176,05158,11,11,0
09176,05162,10,0,10
09176,05166,0,0,0
09176,05170,0,0,0
09176,05314,14,0,14
09176,05315,29,0,29
09176,05316,0,0,0
09176,05334,22,11,11
09176,05358,0,0,0
09176,05362,0,0,0
09176,05366,0,0,0
09176,05370,0,0,0
09176,05374,18,0,18
09176,05378,0,0,0
09176,05382,0,0,0
09176,05512,0,0,0
09176,05513,0,0,0
09176,05515,0,0,0
09176,05554,0,0,0
09176,05558,0,0,0
09176,05562,10,0,10
09176,05566,0,0,0
09176,05570,0,0,0
09176,05711,0,0,0
09176,05754,0,0,0
09176,05758,0,0,0
09176,05762,0,0,0
09176,05766,0,0,0
09176,05770,0,0,0
09176,05774,0,0,0
09176,05911,0,0,0
09176,05913,0,0,0
09176,05914,0,0,0
09176,05915,0,0,0
09176,05916,0,0,0
09176,05954,0,0,0
09176,05958,0,0,0
09176,05962,0,0,0
09176,05966,0,0,0
09176,05970,0,0,0
09176,05974,0,0,0
09176,05978,0,0,0
09176,06411,0,0,0
09176,06412,38,0,38
09176,06413,0,0,0
09176,06414,0,0,0
09176,06431,0,0,0
09176,06432,0,0,0
09176,06433,0,0,0
09176,06434,14,0,14
09176,06435,0,0,0
09176,06436,0,0,0
09176,06437,0,0,0
09176,06438,40,0,40
09176,06439,0,0,0
09176,06440,0,0,0
09176,06531,0,0,0
09176,06532,0,0,0
09176,06533,0,0,0
09176,06534,0,0,0
09176,06535,0,0,0
09176,06611,0,0,0
09176,06631,0,0,0
09176,06632,0,0,0
09176,06633,0,0,0
09176,06634,0,0,0
09176,06635,0,0,0
09176,06636,0,0,0
09176,07111,0,0,0
09176,07131,0,0,0
09176,07132,0,0,0
09176,07133,0,0,0
09176,07134,0,0,0
09176,07135,0,0,0
09176,07137,0,0,0
09176,07138,0,0,0
09176,07140,0,0,0
09176,07141,0,0,0
09176,07143,0,0,0
09176,07211,0,0,0
09176,07231,0,0,0
09176,07232,0,0,0
09176,07233,0,0,0
09176,07235,0,0,0
09176,07311,0,0,0
09176,07312,0,0,0
09176,07313,0,0,0
09176,07314,0,0,0
09176,07315,12,0,12
09176,07316,0,0,0
09176,07317,0,0,0
09176,07318,0,0,0
09176,07319,0,0,0
09176,07320,0,0,0
09176,07331,0,0,0
09176,07332,0,0,0
09176,07333,0,0,0
09176,07334,0,0,0
09176,07335,0,0,0
09176,07336,0,0,0
09176,07337,0,0,0
09176,07338,0,0,0
09176,07339,0,0,0
09176,07340,0,0,0
09176,08111,97,21,76
09176,08115,53,18,35
09176,08116,22,0,22
09176,08117,0,0,0
09176,08118,34,16,18
09176,08119,24,11,13
09176,08121,19,19,0
09176,08125,111,55,56
09176,08126,28,0,28
09176,08127,0,0,0
09176,08128,14,0,14
09176,08135,0,0,0
09176,08136,24,13,11
09176,08211,0,0,0
09176,08212,0,0,0
09176,08215,0,0,0
09176,08216,0,0,0
09176,08221,0,0,0
09176,08222,0,0,0
09176,08225,0,0,0
09176,08226,0,0,0
09176,08231,0,0,0
09176,08235,0,0,0
09176,08236,0,0,0
09176,08237,0,0,0
09176,08311,0,0,0
09176,08315,16,0,16
09176,08316,0,0,0
09176,08317,0,0,0
09176,08325,0,0,0
09176,08326,0,0,0
09176,08327,0,0,0
09176,08335,0,0,0
09176,08336,0,0,0
09176,08337,0,0,0
09176,08415,23,10,13
09176,08416,0,0,0
09176,08417,0,0,0
09176,08421,19,0,19
09176,08425,10,10,0
09176,08426,0,0,0
09176,08435,0,0,0
09176,08436,0,0,0
09176,08437,0,0,0
09176,09161,32584,7092,25492
09176,09162,1648,423,1225
09176,09163,0,0,0
09176,09171,50,17,33
09176,09172,0,0,0
09176,09173,28,12,16
09176,09174,126,82,44
09176,09175,69,22,47
09176,09176,0,0,0
09176,09177,88,49,39
09176,09178,427,266,161
09176,09179,72,42,30
09176,09180,13,13,0
09176,09181,14,14,0
09176,09182,25,15,10
09176,09183,10,10,0
09176,09184,421,115,306
09176,09185,2907,1747,1160
09176,09186,3908,2152,1756
09176,09187,41,30,11
09176,09188,45,22,23
09176,09189,40,24,16
09176,09190,13,13,0
09176,09261,41,21,20
09176,09262,11,0,11
09176,09263,10,0,10
09176,09271,14,14,0
09176,09272,0,0,0
09176,09273,1967,950,1017
09176,09274,98,57,41
09176,09275,36,12,24
09176,09276,13,13,0
09176,09277,14,14,0
09176,09278,40,40,0
09176,09279,22,22,0
09176,09361,10,0,10
09176,09362,313,78,235
09176,09363,0,0,0
09176,09371,30,18,12
09176,09372,33,16,17
09176,09373,2392,1468,924
09176,09374,0,0,0
09176,09375,181,114,67
09176,09376,45,22,23
09176,09377,0,0,0
09176,09461,22,12,10
09176,09462,22,10,12
09176,09463,0,0,0
09176,09464,0,0,0
09176,09471,12,0,12
09176,09472,16,16,0
09176,09473,0,0,0
09176,09474,21,21,0
09176,09475,11,11,0
09176,09476,0,0,0
09176,09477,0,0,0
09176,09478,0,0,0
09176,09479,0,0,0
09176,09561,10,0,10
09176,09562,81,27,54
09176,09563,49,19,30
09176,09564,416,183,233
09176,09565,46,31,15
09176,09571,60,60,0
09176,09572,34,22,12
09176,09573,30,30,0
09176,09574,95,67,28
09176,09575,0,0,0
09176,09576,1252,863,389
09176,09577,1609,1145,464
09176,09661,0,0,0
09176,09662,0,0,0
09176,09663,10,10,0
09176,09671,0,0,0
09176,09672,0,0,0
09176,09673,0,0,0
09176,09674,0,0,0
09176,09675,12,12,0
09176,09676,0,0,0
09176,09677,12,12,0
09176,09678,0,0,0
09176,09679,0,0,0
09176,09761,202,103,99
09176,09762,0,0,0
09176,09763,0,0,0
09176,09764,0,0,0
09176,09771,103,85,18
09176,09772,112,71,41
09176,09773,46,25,21
09176,09774,0,0,0
09176,09775,15,0,15
09176,09776,0,0,0
09176,09777,11,11,0
09176,09778,0,0,0
09176,09779,375,165,210
09176,09780,0,0,0
09176,10041,0,0,0
09176,10042,0,0,0
09176,10043,0,0,0
09176,10044,0,0,0
09176,10045,0,0,0
09176,10046,0,0,0
09176,11000,105,40,65
09176,12051,0,0,0
09176,12052,0,0,0
09176,12053,0,0,0
09176,12054,0,0,0
09176,12060,0,0,0
09176,12061,0,0,0
09176,12062,10,10,0
09176,12063,0,0,0
09176,12064,0,0,0
09176,12065,0,0,0
09176,12066,0,0,0
09176,12067,0,0,0
09176,12068,0,0,0
09176,12069,0,0,0
09176,12070,0,0,0
09176,12071,0,0,0
09176,12072,0,0,0
09176,12073,0,0,0
09176,13003,0,0,0
09176,13004,0,0,0
09176,13071,0,0,0
09176,13072,0,0,0
09176,13073,0,0,0
09176,13074,0,0,0
09176,13075,0,0,0
09176,13076,0,0,0
09176,14511,14,14,0
09176,14521,61,61,0
09176,14522,15,15,0
09176,14523,47,47,0
09176,14524,28,28,0
09176,14612,32,21,11
09176,14625,11,11,0
09176,14626,10,10,0
09176,14627,0,0,0
09176,14628,11,11,0
09176,14713,18,18,0
09176,14729,11,11,0
09176,14730,0,0,0
09176,15001,0,0,0
09176,15002,0,0,0
09176,15003,0,0,0
09176,15081,0,0,0
09176,15082,0,0,0
09176,15083,0,0,0
09176,15084,13,13,0
09176,15085,0,0,0
09176,15086,0,0,0
09176,15087,0,0,0
09176,15088,10,10,0
09176,15089,0,0,0
09176,15090,0,0,0
09176,15091,0,0,0
09176,16051,10,10,0
09176,16052,0,0,0
09176,16053,0,0,0
09176,16054,0,0,0
09176,16055,0,0,0
09176,16056,0,0,0
09176,16061,0,0,0
09176,16062,0,0,0
09176,16063,0,0,0
09176,16064,0,0,0
09176,16065,0,0,0
09176,16066,0,0,0
09176,16067,0,0,0
09176,16068,0,0,0
09176,16069,0,0,0
09176,16070,10,10,0
09176,16071,0,0,0
09176,16072,0,0,0
09176,16073,0,0,0
09176,16074,0,0,0
09176,16075,0,0,0
09176,16076,0,0,0
09176,16077,12,12,0
09177,01001,0,0,0
09177,01002,0,0,0
09177,01003,0,0,0
09177,01004,0,0,0
09177,01051,0,0,0
09177,01053,0,0,0
09177,01054,0,0,0
09177,01055,0,0,0
09177,01056,0,0,0
09177,01057,0,0,0
09177,01058,0,0,0
09177,01059,0,0,0
09177,01060,13,13,0
09177,01061,0,0,0
09177,01062,13,13,0
09177,02000,250,99,151
09177,03101,0,0,0
09177,03102,0,0,0
09177,03103,0,0,0
09177,03151,0,0,0
09177,03153,0,0,0
09177,03154,0,0,0
09177,03155,0,0,0
09177,03157,0,0,0
09177,03158,0,0,0
09177,03159,0,0,0
09177,03241,138,49,89
09177,03251,0,0,0
09177,03252,0,0,0
09177,03254,0,0,0
09177,03255,0,0,0
09177,03256,0,0,0
09177,03257,0,0,0
09177,03351,0,0,0
09177,03352,0,0,0
09177,03353,15,15,0
09177,03354,0,0,0
09177,03355,0,0,0
09177,03356,0,0,0
09177,03357,0,0,0
09177,03358,0,0,0
09177,03359,13,13,0
09177,03360,0,0,0
09177,03361,0,0,0
09177,03401,0,0,0
09177,03402,0,0,0
09177,03403,0,0,0
09177,03404,10,0,10
09177,03405,0,0,0
09177,03451,0,0,0
09177,03452,0,0,0
09177,03453,0,0,0
09177,03454,0,0,0
09177,03455,0,0,0
09177,03456,0,0,0
09177,03457,0,0,0
09177,03458,0,0,0
09177,03459,12,0,12
09177,03460,0,0,0
09177,03461,0,0,0
09177,03462,0,0,0
09177,04011,33,12,21
09177,04012,0,0,0
09177,05111,106,21,85
09177,05112,15,0,15
09177,05113,35,12,23
09177,05114,0,0,0
09177,05116,21,0,21
09177,05117,0,0,0
09177,05119,0,0,0
09177,05120,0,0,0
09177,05122,0,0,0
09177,05124,0,0,0
09177,05154,0,0,0
09177,05158,23,0,23
09177,05162,31,11,20
09177,05166,0,0,0
09177,05170,11,11,0
09177,05314,11,0,11
09177,05315,98,21,77
09177,05316,0,0,0
09177,05334,27,13,14
09177,05358,0,0,0
09177,05362,18,0,18
09177,05366,0,0,0
09177,05370,0,0,0
09177,05374,20,0,20
09177,05378,0,0,0
09177,05382,15,0,15
09177,05512,0,0,0
09177,05513,0,0,0
09177,05515,0,0,0
09177,05554,0,0,0
09177,05558,0,0,0
09177,05562,13,0,13
09177,05566,0,0,0
09177,05570,0,0,0
09177,05711,0,0,0
09177,05754,14,0,14
09177,05758,0,0,0
09177,05762,0,0,0
09177,05766,0,0,0
09177,05770,0,0,0
09177,05774,0,0,0
09177,05911,0,0,0
09177,05913,14,0,14
09177,05914,0,0,0
09177,05915,0,0,0
09177,05916,0,0,0
09177,05954,0,0,0
09177,05958,0,0,0
09177,05962,0,0,0
09177,05966,0,0,0
09177,05970,0,0,0
09177,05974,0,0,0
09177,05978,18,0,18
09177,06411,0,0,0
09177,06412,239,25,214
09177,06413,0,0,0
09177,06414,49,0,49
09177,06431,17,0,17
09177,06432,14,0,14
09177,06433,15,0,15
09177,06434,56,25,31
09177,06435,26,12,14
09177,06436,23,0,23
09177,06437,0,0,0
09177,06438,66,17,49
09177,06439,0,0,0
09177,06440,20,10,10
09177,06531,0,0,0
09177,06532,0,0,0
09177,06533,0,0,0
09177,06534,0,0,0
09177,06535,0,0,0
09177,06611,0,0,0
09177,06631,0,0,0
09177,06632,0,0,0
09177,06633,0,0,0
09177,06634,0,0,0
09177,06635,0,0,0
09177,06636,0,0,0
09177,07111,0,0,0
09177,07131,0,0,0
09177,07132,0,0,0
09177,07133,0,0,0
09177,07134,0,0,0
09177,07135,0,0,0
09177,07137,0,0,0
09177,07138,0,0,0
09177,07140,0,0,0
09177,07141,0,0,0
09177,07143,0,0,0
09177,07211,0,0,0
09177,07231,0,0,0
09177,07232,0,0,0
09177,07233,0,0,0
09177,07235,0,0,0
09177,07311,0,0,0
09177,07312,0,0,0
09177,07313,25,0,25
09177,07314,16,0,16
09177,07315,10,0,10
09177,07316,0,0,0
09177,07317,0,0,0
09177,07318,0,0,0
09177,07319,0,0,0
09177,07320,0,0,0
09177,07331,0,0,0
09177,07332,0,0,0
09177,07333,0,0,0
09177,07334,0,0,0
09177,07335,0,0,0
09177,07336,0,0,0
09177,07337,0,0,0
09177,07338,0,0,0
09177,07339,0,0,0
09177,07340,0,0,0
09177,08111,101,42,59
09177,08115,39,17,22
09177,08116,64,27,37
09177,08117,27,16,11
09177,08118,44,31,13
09177,08119,40,23,17
09177,08121,0,0,0
09177,08125,20,10,10
09177,08126,13,0,13
09177,08127,0,0,0
09177,08128,0,0,0
09177,08135,0,0,0
09177,08136,10,10,0
09177,08211,0,0,0
09177,08212,32,12,20
09177,08215,27,27,0
09177,08216,0,0,0
09177,08221,0,0,0
09177,08222,33,0,33
09177,08225,0,0,0
09177,08226,20,0,20
09177,08231,0,0,0
09177,08235,0,0,0
09177,08236,0,0,0
09177,08237,0,0,0
09177,08311,0,0,0
09177,08315,0,0,0
09177,08316,0,0,0
09177,08317,12,0,12
09177,08325,0,0,0
09177,08326,0,0,0
09177,08327,0,0,0
09177,08335,26,15,11
09177,08336,0,0,0
09177,08337,0,0,0
09177,08415,21,10,11
09177,08416,0,0,0
09177,08417,0,0,0
09177,08421,25,0,25
09177,08425,0,0,0
09177,08426,0,0,0
09177,08435,14,14,0
09177,08436,23,10,13
09177,08437,0,0,0
09177,09161,229,87,142
09177,09162,16639,3496,13143
09177,09163,98,36,62
09177,09171,205,80,125
09177,09172,42,23,19
09177,09173,101,49,52
09177,09174,553,353,200
09177,09175,5665,1395,4270
09177,09176,88,39,49
09177,09177,0,0,0
09177,09178,11407,4828,6579
09177,09179,415,249,166
09177,09180,28,18,10
09177,09181,66,48,18
09177,09182,137,53,84
09177,09183,2620,1551,1069
09177,09184,7405,1077,6328
09177,09185,114,62,52
09177,09186,435,287,148
09177,09187,608,322,286
09177,09188,209,80,129
09177,09189,108,65,43
09177,09190,59,35,24
09177,09261,1521,867,654
09177,09262,33,12,21
09177,09263,0,0,0
09177,09271,67,31,36
09177,09272,23,11,12
09177,09273,245,198,47
09177,09274,3709,2553,1156
09177,09275,46,31,15
09177,09276,14,14,0
09177,09277,120,82,38
09177,09278,51,33,18
09177,09279,174,117,57
09177,09361,0,0,0
09177,09362,96,20,76
09177,09363,0,0,0
09177,09371,10,10,0
09177,09372,40,18,22
09177,09373,13,0,13
09177,09374,0,0,0
09177,09375,51,33,18
09177,09376,39,24,15
09177,09377,0,0,0
09177,09461,0,0,0
09177,09462,0,0,0
09177,09463,0,0,0
09177,09464,0,0,0
09177,09471,0,0,0
09177,09472,0,0,0
09177,09473,0,0,0
09177,09474,0,0,0
09177,09475,14,0,14
09177,09476,0,0,0
09177,09477,0,0,0
09177,09478,0,0,0
09177,09479,0,0,0
09177,09561,0,0,0
09177,09562,19,0,19
09177,09563,0,0,0
09177,09564,138,31,107
09177,09565,0,0,0
09177,09571,0,0,0
09177,09572,0,0,0
09177,09573,0,0,0
09177,09574,12,0,12
09177,09575,0,0,0
09177,09576,10,0,10
09177,09577,18,18,0
09177,09661,0,0,0
09177,09662,0,0,0
09177,09663,13,0,13
09177,09671,0,0,0
09177,09672,0,0,0
09177,09673,0,0,0
09177,09674,0,0,0
09177,09675,0,0,0
09177,09676,0,0,0
09177,09677,0,0,0
09177,09678,0,0,0
09177,09679,0,0,0
09177,09761,142,88,54
09177,09762,0,0,0
09177,09763,0,0,0
09177,09764,0,0,0
09177,09771,75,50,25
09177,09772,89,57,32
09177,09773,10,0,10
09177,09774,10,0,10
09177,09775,0,0,0
09177,09776,10,0,10
09177,09777,26,12,14
09177,09778,13,0,13
09177,09779,31,12,19
09177,09780,0,0,0
09177,10041,19,0,19
09177,10042,0,0,0
09177,10043,0,0,0
09177,10044,0,0,0
09177,10045,0,0,0
09177,10046,0,0,0
09177,11000,247,116,131
09177,12051,0,0,0
09177,12052,0,0,0
09177,12053,0,0,0
09177,12054,0,0,0
09177,12060,0,0,0
09177,12061,0,0,0
09177,12062,0,0,0
09177,12063,0,0,0
09177,12064,0,0,0
09177,12065,0,0,0
09177,12066,0,0,0
09177,12067,0,0,0
09177,12068,0,0,0
09177,12069,0,0,0
09177,12070,0,0,0
09177,12071,0,0,0
09177,12072,0,0,0
09177,12073,0,0,0
09177,13003,0,0,0
09177,13004,0,0,0
09177,13071,0,0,0
09177,13072,0,0,0
09177,13073,0,0,0
09177,13074,0,0,0
09177,13075,0,0,0
09177,13076,0,0,0
09177,14511,0,0,0
09177,14521,32,22,10
09177,14522,12,12,0
09177,14523,14,14,0
09177,14524,0,0,0
09177,14612,23,13,10
09177,14625,0,0,0
09177,14626,12,12,0
09177,14627,12,12,0
09177,14628,0,0,0
09177,14713,38,23,15
09177,14729,14,14,0
09177,14730,0,0,0
09177,15001,0,0,0
09177,15002,0,0,0
09177,15003,0,0,0
09177,15081,0,0,0
09177,15082,10,10,0
09177,15083,0,0,0
09177,15084,15,15,0
09177,15085,0,0,0
09177,15086,0,0,0
09177,15087,0,0,0
09177,15088,0,0,0
09177,15089,0,0,0
09177,15090,0,0,0
09177,15091,0,0,0
09177,16051,0,0,0
09177,16052,0,0,0
09177,16053,0,0,0
09177,16054,0,0,0
09177,16055,0,0,0
09177,16056,0,0,0
09177,16061,0,0,0
09177,16062,0,0,0
09177,16063,0,0,0
09177,16064,0,0,0
09177,16065,0,0,0
09177,16066,0,0,0
09177,16067,0,0,0
09177,16068,0,0,0
09177,16069,0,0,0
09177,16070,0,0,0
09177,16071,0,0,0
09177,16072,0,0,0
09177,16073,0,0,0
09177,16074,0,0,0
09177,16075,0,0,0
09177,16076,0,0,0
09177,16077,0,0,0
09178,01001,0,0,0
09178,01002,11,11,0
09178,01003,15,15,0
09178,01004,0,0,0
09178,01051,12,12,0
09178,01053,15,15,0
09178,01054,0,0,0
09178,01055,10,10,0
09178,01056,51,34,17
09178,01057,0,0,0
09178,01058,12,12,0
09178,01059,10,10,0
09178,01060,49,39,10
09178,01061,0,0,0
09178,01062,38,38,0
09178,02000,604,393,211
09178,03101,25,11,14
09178,03102,0,0,0
09178,03103,35,0,35
09178,03151,11,11,0
09178,03153,0,0,0
09178,03154,0,0,0
09178,03155,0,0,0
09178,03157,0,0,0
09178,03158,0,0,0
09178,03159,26,16,10
09178,03241,298,121,177
09178,03251,15,15,0
09178,03252,10,10,0
09178,03254,13,13,0
09178,03255,0,0,0
09178,03256,0,0,0
09178,03257,24,24,0
09178,03351,25,12,13
09178,03352,13,13,0
09178,03353,40,40,0
09178,03354,0,0,0
09178,03355,16,16,0
09178,03356,0,0,0
09178,03357,11,11,0
09178,03358,11,11,0
09178,03359,18,18,0
09178,03360,0,0,0
09178,03361,12,12,0
09178,03401,0,0,0
09178,03402,0,0,0
09178,03403,0,0,0
09178,03404,0,0,0
09178,03405,0,0,0
09178,03451,0,0,0
09178,03452,0,0,0
09178,03453,0,0,0
09178,03454,33,0,33
09178,03455,0,0,0
09178,03456,0,0,0
09178,03457,0,0,0
09178,03458,14,14,0
09178,03459,0,0,0
09178,03460,30,0,30
09178,03461,0,0,0
09178,03462,0,0,0
09178,04011,94,54,40
09178,04012,0,0,0
09178,05111,257,120,137
09178,05112,39,24,15
09178,05113,48,22,26
09178,05114,22,22,0
09178,05116,74,28,46
09178,05117,13,13,0
09178,05119,0,0,0
09178,05120,0,0,0
09178,05122,10,10,0
09178,05124,19,19,0
09178,05154,10,10,0
09178,05158,78,47,31
09178,05162,77,48,29
09178,05166,38,38,0
09178,05170,25,25,0
09178,05314,78,61,17
09178,05315,349,188,161
09178,05316,17,17,0
09178,05334,52,30,22
09178,05358,23,11,12
09178,05362,81,34,47
09178,05366,10,10,0
09178,05370,54,54,0
09178,05374,74,15,59
09178,05378,23,23,0
09178,05382,90,74,16
09178,05512,0,0,0
09178,05513,11,0,11
09178,05515,40,22,18
09178,05554,24,24,0
09178,05558,10,10,0
09178,05562,54,31,23
09178,05566,31,16,15
09178,05570,12,12,0
09178,05711,26,15,11
09178,05754,49,15,34
09178,05758,14,14,0
09178,05762,10,10,0
09178,05766,36,36,0
09178,05770,19,19,0
09178,05774,36,36,0
09178,05911,13,0,13
09178,05913,79,31,48
09178,05914,0,0,0
09178,05915,0,0,0
09178,05916,0,0,0
09178,05954,16,16,0
09178,05958,10,10,0
09178,05962,13,13,0
09178,05966,0,0,0
09178,05970,14,14,0
09178,05974,16,16,0
09178,05978,54,24,30
09178,06411,55,23,32
09178,06412,591,206,385
09178,06413,19,19,0
09178,06414,97,51,46
09178,06431,39,18,21
09178,06432,22,22,0
09178,06433,89,59,30
09178,06434,115,58,57
09178,06435,54,40,14
09178,06436,126,68,58
09178,06437,0,0,0
09178,06438,160,95,65
09178,06439,30,30,0
09178,06440,37,37,0
09178,06531,10,10,0
09178,06532,10,0,10
09178,06533,15,15,0
09178,06534,11,11,0
09178,06535,0,0,0
09178,06611,0,0,0
09178,06631,25,14,11
09178,06632,0,0,0
09178,06633,0,0,0
09178,06634,0,0,0
09178,06635,0,0,0
09178,06636,0,0,0
09178,07111,0,0,0
09178,07131,10,10,0
09178,07132,11,11,0
09178,07133,0,0,0
09178,07134,0,0,0
09178,07135,0,0,0
09178,07137,12,12,0
09178,07138,13,13,0
09178,07140,20,0,20
09178,07141,0,0,0
09178,07143,0,0,0
09178,07211,0,0,0
09178,07231,0,0,0
09178,07232,0,0,0
09178,07233,0,0,0
09178,07235,0,0,0
09178,07311,0,0,0
09178,07312,0,0,0
09178,07313,0,0,0
09178,07314,12,12,0
09178,07315,35,35,0
09178,07316,0,0,0
09178,07317,0,0,0
09178,07318,0,0,0
09178,07319,0,0,0
09178,07320,0,0,0
09178,07331,0,0,0
09178,07332,0,0,0
09178,07333,0,0,0
09178,07334,0,0,0
09178,07335,0,0,0
09178,07336,0,0,0
09178,07337,0,0,0
09178,07338,0,0,0
09178,07339,32,32,0
09178,07340,0,0,0
09178,08111,218,104,114
09178,08115,87,48,39
09178,08116,168,108,60
09178,08117,58,41,17
09178,08118,94,61,33
09178,08119,72,40,32
09178,08121,25,25,0
09178,08125,64,44,20
09178,08126,10,0,10
09178,08127,13,13,0
09178,08128,0,0,0
09178,08135,45,33,12
09178,08136,53,38,15
09178,08211,0,0,0
09178,08212,37,22,15
09178,08215,47,27,20
09178,08216,14,14,0
09178,08221,29,14,15
09178,08222,52,15,37
09178,08225,0,0,0
09178,08226,79,47,32
09178,08231,0,0,0
09178,08235,28,28,0
09178,08236,20,20,0
09178,08237,0,0,0
09178,08311,39,21,18
09178,08315,20,20,0
09178,08316,10,10,0
09178,08317,42,26,16
09178,08325,0,0,0
09178,08326,19,19,0
09178,08327,11,11,0
09178,08335,28,18,10
09178,08336,11,0,11
09178,08337,0,0,0
09178,08415,50,34,16
09178,08416,43,32,11
09178,08417,24,24,0
09178,08421,87,30,57
09178,08425,49,49,0
09178,08426,26,26,0
09178,08435,64,40,24
09178,08436,73,50,23
09178,08437,0,0,0
09178,09161,1017,407,610
09178,09162,29272,10398,18874
09178,09163,152,67,85
09178,09171,130,88,42
09178,09172,79,62,17
09178,09173,234,182,52
09178,09174,2972,1693,1279
09178,09175,1570,947,623
09178,09176,427,161,266
09178,09177,11407,6579,4828
09178,09178,0,0,0
09178,09179,1244,867,377
09178,09180,125,109,16
09178,09181,323,274,49
09178,09182,289,226,63
09178,09183,543,471,72
09178,09184,12497,3175,9322
09178,09185,340,191,149
09178,09186,3847,2212,1635
09178,09187,542,454,88
09178,09188,694,426,268
09178,09189,222,181,41
09178,09190,222,160,62
09178,09261,3065,1990,1075
09178,09262,64,45,19
09178,09263,97,63,34
09178,09271,168,121,47
09178,09272,49,36,13
09178,09273,1854,1059,795
09178,09274,5102,3774,1328
09178,09275,151,91,60
09178,09276,44,44,0
09178,09277,140,105,35
09178,09278,197,163,34
09178,09279,434,285,149
09178,09361,0,0,0
09178,09362,350,163,187
09178,09363,30,20,10
09178,09371,39,39,0
09178,09372,87,62,25
09178,09373,80,56,24
09178,09374,30,30,0
09178,09375,232,163,69
09178,09376,106,74,32
09178,09377,20,20,0
09178,09461,39,27,12
09178,09462,33,19,14
09178,09463,0,0,0
09178,09464,11,11,0
09178,09471,37,37,0
09178,09472,48,48,0
09178,09473,12,12,0
09178,09474,41,41,0
09178,09475,37,20,17
09178,09476,0,0,0
09178,09477,16,16,0
09178,09478,13,13,0
09178,09479,16,16,0
09178,09561,0,0,0
09178,09562,76,39,37
09178,09563,84,55,29
09178,09564,455,271,184
09178,09565,17,17,0
09178,09571,45,45,0
09178,09572,52,52,0
09178,09573,53,53,0
09178,09574,90,76,14
09178,09575,18,18,0
09178,09576,102,79,23
09178,09577,40,26,14
09178,09661,0,0,0
09178,09662,0,0,0
09178,09663,48,35,13
09178,09671,21,21,0
09178,09672,13,13,0
09178,09673,0,0,0
09178,09674,15,15,0
09178,09675,32,19,13
09178,09676,24,14,10
09178,09677,21,21,0
09178,09678,27,27,0
09178,09679,39,39,0
09178,09761,521,389,132
09178,09762,32,17,15
09178,09763,34,23,11
09178,09764,13,13,0
09178,09771,299,243,56
09178,09772,357,230,127
09178,09773,40,27,13
09178,09774,46,32,14
09178,09775,43,33,10
09178,09776,33,22,11
09178,09777,85,66,19
09178,09778,68,68,0
09178,09779,84,55,29
09178,09780,66,51,15
09178,10041,30,13,17
09178,10042,0,0,0
09178,10043,0,0,0
09178,10044,0,0,0
09178,10045,0,0,0
09178,10046,0,0,0
09178,11000,838,656,182
09178,12051,0,0,0
09178,12052,0,0,0
09178,12053,0,0,0
09178,12054,16,16,0
09178,12060,19,19,0
09178,12061,22,22,0
09178,12062,0,0,0
09178,12063,21,21,0
09178,12064,15,15,0
09178,12065,28,28,0
09178,12066,0,0,0
09178,12067,12,12,0
09178,12068,0,0,0
09178,12069,26,26,0
09178,12070,0,0,0
09178,12071,0,0,0
09178,12072,17,17,0
09178,12073,0,0,0
09178,13003,12,12,0
09178,13004,0,0,0
09178,13071,0,0,0
09178,13072,14,14,0
09178,13073,0,0,0
09178,13074,0,0,0
09178,13075,0,0,0
09178,13076,10,10,0
09178,14511,28,16,12
09178,14521,32,32,0
09178,14522,18,18,0
09178,14523,31,31,0
09178,14524,30,30,0
09178,14612,71,54,17
09178,14625,25,25,0
09178,14626,31,31,0
09178,14627,28,18,10
09178,14628,20,20,0
09178,14713,80,57,23
09178,14729,18,18,0
09178,14730,20,20,0
09178,15001,10,10,0
09178,15002,13,13,0
09178,15003,0,0,0
09178,15081,0,0,0
09178,15082,11,11,0
09178,15083,0,0,0
09178,15084,19,19,0
09178,15085,0,0,0
09178,15086,0,0,0
09178,15087,22,22,0
09178,15088,22,22,0
09178,15089,0,0,0
09178,15090,0,0,0
09178,15091,0,0,0
09178,16051,15,15,0
09178,16052,12,12,0
09178,16053,0,0,0
09178,16054,0,0,0
09178,16055,0,0,0
09178,16056,0,0,0
09178,16061,0,0,0
09178,16062,0,0,0
09178,16063,0,0,0
09178,16064,0,0,0
09178,16065,0,0,0
09178,16066,12,12,0
09178,16067,0,0,0
09178,16068,0,0,0
09178,16069,0,0,0
09178,16070,15,15,0
09178,16071,0,0,0
09178,16072,0,0,0
09178,16073,11,11,0
09178,16074,0,0,0
09178,16075,0,0,0
09178,16076,18,18,0
09178,16077,0,0,0
09179,01001,0,0,0
09179,01002,0,0,0
09179,01003,13,0,13
09179,01004,0,0,0
09179,01051,0,0,0
09179,01053,0,0,0
09179,01054,0,0,0
09179,01055,0,0,0
09179,01056,12,0,12
09179,01057,0,0,0
09179,01058,0,0,0
09179,01059,0,0,0
09179,01060,0,0,0
09179,01061,12,0,12
09179,01062,13,0,13
09179,02000,231,53,178
09179,03101,12,0,12
09179,03102,0,0,0
09179,03103,12,0,12
09179,03151,0,0,0
09179,03153,0,0,0
09179,03154,0,0,0
09179,03155,0,0,0
09179,03157,0,0,0
09179,03158,0,0,0
09179,03159,0,0,0
09179,03241,130,46,84
09179,03251,24,0,24
09179,03252,0,0,0
09179,03254,0,0,0
09179,03255,0,0,0
09179,03256,0,0,0
09179,03257,0,0,0
09179,03351,16,0,16
09179,03352,0,0,0
09179,03353,0,0,0
09179,03354,0,0,0
09179,03355,0,0,0
09179,03356,0,0,0
09179,03357,0,0,0
09179,03358,0,0,0
09179,03359,0,0,0
09179,03360,0,0,0
09179,03361,0,0,0
09179,03401,0,0,0
09179,03402,0,0,0
09179,03403,0,0,0
09179,03404,16,0,16
09179,03405,0,0,0
09179,03451,0,0,0
09179,03452,0,0,0
09179,03453,0,0,0
09179,03454,0,0,0
09179,03455,0,0,0
09179,03456,0,0,0
09179,03457,0,0,0
09179,03458,0,0,0
09179,03459,0,0,0
09179,03460,0,0,0
09179,03461,0,0,0
09179,03462,0,0,0
09179,04011,28,0,28
09179,04012,0,0,0
09179,05111,142,0,142
09179,05112,46,10,36
09179,05113,34,0,34
09179,05114,12,12,0
09179,05116,32,11,21
09179,05117,0,0,0
09179,05119,0,0,0
09179,05120,0,0,0
09179,05122,0,0,0
09179,05124,0,0,0
09179,05154,0,0,0
09179,05158,33,0,33
09179,05162,32,0,32
09179,05166,11,11,0
09179,05170,0,0,0
09179,05314,31,0,31
09179,05315,183,23,160
09179,05316,0,0,0
09179,05334,38,15,23
09179,05358,0,0,0
09179,05362,25,0,25
09179,05366,0,0,0
09179,05370,0,0,0
09179,05374,29,0,29
09179,05378,0,0,0
09179,05382,39,23,16
09179,05512,12,0,12
09179,05513,0,0,0
09179,05515,14,0,14
09179,05554,0,0,0
09179,05558,0,0,0
09179,05562,0,0,0
09179,05566,10,0,10
09179,05570,0,0,0
09179,05711,29,15,14
09179,05754,30,14,16
09179,05758,0,0,0
09179,05762,0,0,0
09179,05766,0,0,0
09179,05770,0,0,0
09179,05774,10,10,0
09179,05911,16,0,16
09179,05913,48,13,35
09179,05914,0,0,0
09179,05915,0,0,0
09179,05916,0,0,0
09179,05954,0,0,0
09179,05958,0,0,0
09179,05962,0,0,0
09179,05966,0,0,0
09179,05970,0,0,0
09179,05974,0,0,0
09179,05978,14,0,14
09179,06411,37,0,37
09179,06412,245,21,224
09179,06413,10,0,10
09179,06414,37,0,37
09179,06431,15,0,15
09179,06432,11,11,0
09179,06433,11,0,11
09179,06434,89,10,79
09179,06435,31,16,15
09179,06436,53,16,37
09179,06437,0,0,0
09179,06438,79,11,68
09179,06439,13,0,13
09179,06440,28,12,16
09179,06531,12,12,0
09179,06532,12,0,12
09179,06533,0,0,0
09179,06534,13,0,13
09179,06535,0,0,0
09179,06611,17,0,17
09179,06631,0,0,0
09179,06632,0,0,0
09179,06633,0,0,0
09179,06634,0,0,0
09179,06635,25,0,25
09179,06636,0,0,0
09179,07111,0,0,0
09179,07131,0,0,0
09179,07132,0,0,0
09179,07133,0,0,0
09179,07134,0,0,0
09179,07135,0,0,0
09179,07137,0,0,0
09179,07138,0,0,0
09179,07140,0,0,0
09179,07141,0,0,0
09179,07143,0,0,0
09179,07211,0,0,0
09179,07231,0,0,0
09179,07232,0,0,0
09179,07233,0,0,0
09179,07235,0,0,0
09179,07311,0,0,0
09179,07312,0,0,0
09179,07313,0,0,0
09179,07314,0,0,0
09179,07315,18,0,18
09179,07316,0,0,0
09179,07317,0,0,0
09179,07318,0,0,0
09179,07319,0,0,0
09179,07320,0,0,0
09179,07331,0,0,0
09179,07332,0,0,0
09179,07333,0,0,0
09179,07334,0,0,0
09179,07335,0,0,0
09179,07336,0,0,0
09179,07337,0,0,0
09179,07338,0,0,0
09179,07339,10,0,10
09179,07340,0,0,0
09179,08111,167,26,141
09179,08115,50,20,30
09179,08116,138,35,103
09179,08117,34,20,14
09179,08118,66,16,50
09179,08119,34,14,20
09179,08121,0,0,0
09179,08125,32,14,18
09179,08126,0,0,0
09179,08127,12,0,12
09179,08128,0,0,0
09179,08135,27,14,13
09179,08136,21,21,0
09179,08211,22,0,22
09179,08212,49,13,36
09179,08215,37,23,14
09179,08216,11,0,11
09179,08221,13,0,13
09179,08222,49,0,49
09179,08225,0,0,0
09179,08226,63,22,41
09179,08231,0,0,0
09179,08235,0,0,0
09179,08236,25,15,10
09179,08237,0,0,0
09179,08311,22,10,12
09179,08315,10,0,10
09179,08316,0,0,0
09179,08317,15,0,15
09179,08325,0,0,0
09179,08326,27,27,0
09179,08327,0,0,0
09179,08335,14,0,14
09179,08336,10,0,10
09179,08337,0,0,0
09179,08415,57,27,30
09179,08416,21,11,10
09179,08417,22,0,22
09179,08421,85,10,75
09179,08425,57,36,21
09179,08426,23,13,10
09179,08435,48,0,48
09179,08436,54,29,25
09179,08437,0,0,0
09179,09161,170,54,116
09179,09162,44504,7682,36822
09179,09163,103,31,72
09179,09171,70,38,32
09179,09172,39,27,12
09179,09173,336,175,161
09179,09174,4796,2238,2558
09179,09175,577,228,349
09179,09176,72,30,42
09179,09177,415,166,249
09179,09178,1244,377,867
09179,09179,0,0,0
09179,09180,94,60,34
09179,09181,2582,1748,834
09179,09182,192,86,106
09179,09183,94,53,41
09179,09184,8418,1089,7329
09179,09185,216,75,141
09179,09186,344,199,145
09179,09187,255,141,114
09179,09188,6659,1943,4716
09179,09189,104,65,39
09179,09190,412,222,190
09179,09261,87,49,38
09179,09262,18,0,18
09179,09263,42,10,32
09179,09271,70,36,34
09179,09272,24,14,10
09179,09273,61,40,21
09179,09274,146,99,47
09179,09275,66,50,16
09179,09276,18,18,0
09179,09277,42,25,17
09179,09278,22,22,0
09179,09279,31,19,12
09179,09361,0,0,0
09179,09362,105,27,78
09179,09363,0,0,0
09179,09371,0,0,0
09179,09372,35,22,13
09179,09373,45,32,13
09179,09374,0,0,0
09179,09375,54,40,14
09179,09376,37,22,15
09179,09377,0,0,0
09179,09461,12,12,0
09179,09462,0,0,0
09179,09463,0,0,0
09179,09464,0,0,0
09179,09471,20,20,0
09179,09472,0,0,0
09179,09473,0,0,0
09179,09474,25,13,12
09179,09475,34,0,34
09179,09476,0,0,0
09179,09477,0,0,0
09179,09478,0,0,0
09179,09479,0,0,0
09179,09561,0,0,0
09179,09562,44,12,32
09179,09563,26,12,14
09179,09564,224,54,170
09179,09565,0,0,0
09179,09571,0,0,0
09179,09572,41,13,28
09179,09573,17,17,0
09179,09574,33,20,13
09179,09575,0,0,0
09179,09576,28,16,12
09179,09577,14,14,0
09179,09661,10,0,10
09179,09662,0,0,0
09179,09663,19,0,19
09179,09671,12,0,12
09179,09672,0,0,0
09179,09673,0,0,0
09179,09674,0,0,0
09179,09675,15,0,15
09179,09676,0,0,0
09179,09677,0,0,0
09179,09678,0,0,0
09179,09679,10,10,0
09179,09761,1260,657,603
09179,09762,85,53,32
09179,09763,29,14,15
09179,09764,16,0,16
09179,09771,1401,1032,369
09179,09772,822,573,249
09179,09773,46,31,15
09179,09774,64,39,25
09179,09775,52,30,22
09179,09776,13,0,13
09179,09777,196,143,53
09179,09778,135,89,46
09179,09779,89,25,64
09179,09780,46,22,24
09179,10041,16,0,16
09179,10042,0,0,0
09179,10043,0,0,0
09179,10044,0,0,0
09179,10045,0,0,0
09179,10046,0,0,0
09179,11000,314,106,208
09179,12051,0,0,0
09179,12052,0,0,0
09179,12053,0,0,0
09179,12054,23,0,23
09179,12060,0,0,0
09179,12061,0,0,0
09179,12062,0,0,0
09179,12063,0,0,0
09179,12064,0,0,0
09179,12065,10,10,0
09179,12066,0,0,0
09179,12067,0,0,0
09179,12068,0,0,0
09179,12069,0,0,0
09179,12070,0,0,0
09179,12071,0,0,0
09179,12072,0,0,0
09179,12073,0,0,0
09179,13003,16,0,16
09179,13004,0,0,0
09179,13071,0,0,0
09179,13072,0,0,0
09179,13073,12,12,0
09179,13074,0,0,0
09179,13075,0,0,0
09179,13076,0,0,0
09179,14511,19,19,0
09179,14521,36,36,0
09179,14522,10,10,0
09179,14523,16,16,0
09179,14524,16,16,0
09179,14612,42,23,19
09179,14625,15,15,0
09179,14626,11,11,0
09179,14627,12,12,0
09179,14628,0,0,0
09179,14713,51,25,26
09179,14729,14,14,0
09179,14730,18,18,0
09179,15001,0,0,0
09179,15002,11,11,0
09179,15003,0,0,0
09179,15081,0,0,0
09179,15082,0,0,0
09179,15083,0,0,0
09179,15084,0,0,0
09179,15085,0,0,0
09179,15086,0,0,0
09179,15087,0,0,0
09179,15088,0,0,0
09179,15089,10,10,0
09179,15090,0,0,0
09179,15091,0,0,0
09179,16051,12,12,0
09179,16052,0,0,0
09179,16053,0,0,0
09179,16054,0,0,0
09179,16055,0,0,0
09179,16056,0,0,0
09179,16061,0,0,0
09179,16062,0,0,0
09179,16063,0,0,0
09179,16064,0,0,0
09179,16065,0,0,0
09179,16066,0,0,0
09179,16067,0,0,0
09179,16068,0,0,0
09179,16069,0,0,0
09179,16070,0,0,0
09179,16071,0,0,0
09179,16072,0,0,0
09179,16073,0,0,0
09179,16074,0,0,0
09179,16075,0,0,0
09179,16076,0,0,0
09179,16077,0,0,0
09180,01001,0,0,0
09180,01002,0,0,0
09180,01003,0,0,0
09180,01004,0,0,0
09180,01051,0,0,0
09180,01053,0,0,0
09180,01054,0,0,0
09180,01055,0,0,0
09180,01056,0,0,0
09180,01057,0,0,0
09180,01058,0,0,0
09180,01059,0,0,0
09180,01060,0,0,0
09180,01061,0,0,0
09180,01062,0,0,0
09180,02000,58,17,41
09180,03101,0,0,0
09180,03102,0,0,0
09180,03103,0,0,0
09180,03151,0,0,0
09180,03153,0,0,0
09180,03154,0,0,0
09180,03155,0,0,0
09180,03157,0,0,0
09180,03158,0,0,0
09180,03159,0,0,0
09180,03241,18,0,18
09180,03251,0,0,0
09180,03252,0,0,0
09180,03254,0,0,0
09180,03255,0,0,0
09180,03256,0,0,0
09180,03257,0,0,0
09180,03351,0,0,0
09180,03352,0,0,0
09180,03353,0,0,0
09180,03354,0,0,0
09180,03355,0,0,0
09180,03356,0,0,0
09180,03357,0,0,0
09180,03358,0,0,0
09180,03359,0,0,0
09180,03360,0,0,0
09180,03361,0,0,0
09180,03401,0,0,0
09180,03402,0,0,0
09180,03403,0,0,0
09180,03404,0,0,0
09180,03405,0,0,0
09180,03451,0,0,0
09180,03452,0,0,0
09180,03453,0,0,0
09180,03454,0,0,0
09180,03455,0,0,0
09180,03456,0,0,0
09180,03457,0,0,0
09180,03458,0,0,0
09180,03459,0,0,0
09180,03460,0,0,0
09180,03461,0,0,0
09180,03462,0,0,0
09180,04011,0,0,0
09180,04012,0,0,0
09180,05111,17,0,17
09180,05112,0,0,0
09180,05113,0,0,0
09180,05114,0,0,0
09180,05116,0,0,0
09180,05117,0,0,0
09180,05119,0,0,0
09180,05120,0,0,0
09180,05122,0,0,0
09180,05124,0,0,0
09180,05154,0,0,0
09180,05158,0,0,0
09180,05162,13,0,13
09180,05166,0,0,0
09180,05170,0,0,0
09180,05314,13,0,13
09180,05315,27,0,27
09180,05316,0,0,0
09180,05334,0,0,0
09180,05358,0,0,0
09180,05362,0,0,0
09180,05366,0,0,0
09180,05370,0,0,0
09180,05374,0,0,0
09180,05378,0,0,0
09180,05382,13,0,13
09180,05512,0,0,0
09180,05513,0,0,0
09180,05515,0,0,0
09180,05554,0,0,0
09180,05558,0,0,0
09180,05562,0,0,0
09180,05566,0,0,0
09180,05570,0,0,0
09180,05711,0,0,0
09180,05754,12,0,12
09180,05758,0,0,0
09180,05762,0,0,0
09180,05766,0,0,0
09180,05770,0,0,0
09180,05774,0,0,0
09180,05911,0,0,0
09180,05913,0,0,0
09180,05914,0,0,0
09180,05915,0,0,0
09180,05916,0,0,0
09180,05954,0,0,0
09180,05958,0,0,0
09180,05962,0,0,0
09180,05966,0,0,0
09180,05970,0,0,0
09180,05974,0,0,0
09180,05978,0,0,0
09180,06411,0,0,0
09180,06412,61,0,61
09180,06413,10,0,10
09180,06414,16,0,16
09180,06431,0,0,0
09180,06432,0,0,0
09180,06433,0,0,0
09180,06434,17,0,17
09180,06435,93,0,93
09180,06436,0,0,0
09180,06437,0,0,0
09180,06438,0,0,0
09180,06439,12,0,12
09180,06440,0,0,0
09180,06531,0,0,0
09180,06532,0,0,0
09180,06533,0,0,0
09180,06534,0,0,0
09180,06535,0,0,0
09180,06611,0,0,0
09180,06631,0,0,0
09180,06632,0,0,0
09180,06633,0,0,0
09180,06634,0,0,0
09180,06635,0,0,0
09180,06636,0,0,0
09180,07111,0,0,0
09180,07131,0,0,0
09180,07132,0,0,0
09180,07133,0,0,0
09180,07134,0,0,0
09180,07135,0,0,0
09180,07137,0,0,0
09180,07138,0,0,0
09180,07140,0,0,0
09180,07141,0,0,0
09180,07143,0,0,0
09180,07211,0,0,0
09180,07231,0,0,0
09180,07232,0,0,0
09180,07233,0,0,0
09180,07235,0,0,0
09180,07311,0,0,0
09180,07312,0,0,0
09180,07313,0,0,0
09180,07314,0,0,0
09180,07315,0,0,0
09180,07316,0,0,0
09180,07317,0,0,0
09180,07318,0,0,0
09180,07319,0,0,0
09180,07320,0,0,0
09180,07331,0,0,0
09180,07332,0,0,0
09180,07333,0,0,0
09180,07334,0,0,0
09180,07335,0,0,0
09180,07336,0,0,0
09180,07337,0,0,0
09180,07338,0,0,0
09180,07339,0,0,0
09180,07340,0,0,0
09180,08111,68,0,68
09180,08115,0,0,0
09180,08116,0,0,0
09180,08117,0,0,0
09180,08118,0,0,0
09180,08119,0,0,0
09180,08121,0,0,0
09180,08125,0,0,0
09180,08126,0,0,0
09180,08127,0,0,0
09180,08128,0,0,0
09180,08135,0,0,0
09180,08136,0,0,0
09180,08211,0,0,0
09180,08212,0,0,0
09180,08215,0,0,0
09180,08216,0,0,0
09180,08221,0,0,0
09180,08222,0,0,0
09180,08225,0,0,0
09180,08226,15,0,15
09180,08231,0,0,0
09180,08235,0,0,0
09180,08236,0,0,0
09180,08237,0,0,0
09180,08311,10,0,10
09180,08315,0,0,0
09180,08316,0,0,0
09180,08317,0,0,0
09180,08325,0,0,0
09180,08326,0,0,0
09180,08327,0,0,0
09180,08335,10,0,10
09180,08336,0,0,0
09180,08337,0,0,0
09180,08415,0,0,0
09180,08416,0,0,0
09180,08417,0,0,0
09180,08421,0,0,0
09180,08425,0,0,0
09180,08426,0,0,0
09180,08435,12,0,12
09180,08436,0,0,0
09180,08437,0,0,0
09180,09161,22,0,22
09180,09162,2589,401,2188
09180,09163,33,12,21
09180,09171,0,0,0
09180,09172,15,0,15
09180,09173,1398,583,815
09180,09174,46,19,27
09180,09175,53,11,42
09180,09176,13,0,13
09180,09177,28,10,18
09180,09178,125,16,109
09180,09179,94,34,60
09180,09180,0,0,0
09180,09181,256,165,91
09180,09182,241,134,107
09180,09183,13,0,13
09180,09184,602,74,528
09180,09185,69,0,69
09180,09186,12,0,12
09180,09187,119,77,42
09180,09188,462,104,358
09180,09189,38,13,25
09180,09190,5207,2221,2986
09180,09261,0,0,0
09180,09262,0,0,0
09180,09263,0,0,0
09180,09271,0,0,0
09180,09272,0,0,0
09180,09273,0,0,0
09180,09274,0,0,0
09180,09275,0,0,0
09180,09276,0,0,0
09180,09277,0,0,0
09180,09278,0,0,0
09180,09279,0,0,0
09180,09361,0,0,0
09180,09362,24,0,24
09180,09363,0,0,0
09180,09371,0,0,0
09180,09372,0,0,0
09180,09373,0,0,0
09180,09374,0,0,0
09180,09375,0,0,0
09180,09376,0,0,0
09180,09377,0,0,0
09180,09461,0,0,0
09180,09462,0,0,0
09180,09463,0,0,0
09180,09464,0,0,0
09180,09471,0,0,0
09180,09472,0,0,0
09180,09473,0,0,0
09180,09474,0,0,0
09180,09475,11,0,11
09180,09476,0,0,0
09180,09477,0,0,0
09180,09478,0,0,0
09180,09479,13,0,13
09180,09561,0,0,0
09180,09562,0,0,0
09180,09563,0,0,0
09180,09564,32,0,32
09180,09565,0,0,0
09180,09571,0,0,0
09180,09572,0,0,0
09180,09573,0,0,0
09180,09574,11,11,0
09180,09575,0,0,0
09180,09576,0,0,0
09180,09577,0,0,0
09180,09661,0,0,0
09180,09662,0,0,0
09180,09663,17,0,17
09180,09671,0,0,0
09180,09672,0,0,0
09180,09673,0,0,0
09180,09674,0,0,0
09180,09675,0,0,0
09180,09676,0,0,0
09180,09677,0,0,0
09180,09678,0,0,0
09180,09679,0,0,0
09180,09761,146,21,125
09180,09762,25,13,12
09180,09763,22,0,22
09180,09764,23,0,23
09180,09771,14,0,14
09180,09772,59,28,31
09180,09773,0,0,0
09180,09774,0,0,0
09180,09775,0,0,0
09180,09776,0,0,0
09180,09777,185,107,78
09180,09778,32,18,14
09180,09779,0,0,0
09180,09780,56,28,28
09180,10041,0,0,0
09180,10042,0,0,0
09180,10043,0,0,0
09180,10044,0,0,0
09180,10045,0,0,0
09180,10046,0,0,0
09180,11000,102,18,84
09180,12051,0,0,0
09180,12052,0,0,0
09180,12053,0,0,0
09180,12054,0,0,0
09180,12060,0,0,0
09180,12061,0,0,0
09180,12062,20,0,20
09180,12063,0,0,0
09180,12064,0,0,0
09180,12065,0,0,0
09180,12066,0,0,0
09180,12067,0,0,0
09180,12068,0,0,0
09180,12069,0,0,0
09180,12070,0,0,0
09180,12071,0,0,0
09180,12072,0,0,0
09180,12073,0,0,0
09180,13003,0,0,0
09180,13004,0,0,0
09180,13071,0,0,0
09180,13072,0,0,0
09180,13073,0,0,0
09180,13074,0,0,0
09180,13075,0,0,0
09180,13076,0,0,0
09180,14511,0,0,0
09180,14521,0,0,0
09180,14522,0,0,0
09180,14523,0,0,0
09180,14524,0,0,0
09180,14612,0,0,0
09180,14625,0,0,0
09180,14626,0,0,0
09180,14627,0,0,0
09180,14628,0,0,0
09180,14713,0,0,0
09180,14729,0,0,0
09180,14730,0,0,0
09180,15001,0,0,0
09180,15002,0,0,0
09180,15003,0,0,0
09180,15081,0,0,0
09180,15082,0,0,0
09180,15083,0,0,0
09180,15084,0,0,0
09180,15085,0,0,0
09180,15086,0,0,0
09180,15087,0,0,0
09180,15088,0,0,0
09180,15089,0,0,0
09180,15090,0,0,0
09180,15091,0,0,0
09180,16051,0,0,0
09180,16052,0,0,0
09180,16053,0,0,0
09180,16054,0,0,0
09180,16055,0,0,0
09180,16056,0,0,0
09180,16061,0,0,0
09180,16062,0,0,0
09180,16063,0,0,0
09180,16064,0,0,0
09180,16065,0,0,0
09180,16066,0,0,0
09180,16067,0,0,0
09180,16068,0,0,0
09180,16069,0,0,0
09180,16070,0,0,0
09180,16071,0,0,0
09180,16072,0,0,0
09180,16073,0,0,0
09180,16074,0,0,0
09180,16075,0,0,0
09180,16076,0,0,0
09180,16077,0,0,0
09181,01001,0,0,0
09181,01002,0,0,0
09181,01003,0,0,0
09181,01004,0,0,0
09181,01051,0,0,0
09181,01053,0,0,0
09181,01054,0,0,0
09181,01055,0,0,0
09181,01056,0,0,0
09181,01057,0,0,0
09181,01058,0,0,0
09181,01059,0,0,0
09181,01060,0,0,0
09181,01061,0,0,0
09181,01062,0,0,0
09181,02000,91,22,69
09181,03101,0,0,0
09181,03102,0,0,0
09181,03103,0,0,0
09181,03151,0,0,0
09181,03153,0,0,0
09181,03154,0,0,0
09181,03155,0,0,0
09181,03157,0,0,0
09181,03158,0,0,0
09181,03159,0,0,0
09181,03241,50,16,34
09181,03251,0,0,0
09181,03252,0,0,0
09181,03254,0,0,0
09181,03255,0,0,0
09181,03256,0,0,0
09181,03257,0,0,0
09181,03351,0,0,0
09181,03352,0,0,0
09181,03353,0,0,0
09181,03354,0,0,0
09181,03355,0,0,0
09181,03356,0,0,0
09181,03357,0,0,0
09181,03358,0,0,0
09181,03359,0,0,0
09181,03360,0,0,0
09181,03361,0,0,0
09181,03401,0,0,0
09181,03402,0,0,0
09181,03403,0,0,0
09181,03404,0,0,0
09181,03405,0,0,0
09181,03451,0,0,0
09181,03452,0,0,0
09181,03453,0,0,0
09181,03454,0,0,0
09181,03455,0,0,0
09181,03456,0,0,0
09181,03457,0,0,0
09181,03458,0,0,0
09181,03459,0,0,0
09181,03460,0,0,0
09181,03461,0,0,0
09181,03462,0,0,0
09181,04011,17,0,17
09181,04012,0,0,0
09181,05111,64,11,53
09181,05112,0,0,0
09181,05113,23,0,23
09181,05114,0,0,0
09181,05116,11,0,11
09181,05117,0,0,0
09181,05119,0,0,0
09181,05120,0,0,0
09181,05122,0,0,0
09181,05124,0,0,0
09181,05154,0,0,0
09181,05158,30,11,19
09181,05162,15,0,15
09181,05166,0,0,0
09181,05170,0,0,0
09181,05314,0,0,0
09181,05315,95,21,74
09181,05316,0,0,0
09181,05334,22,11,11
09181,05358,0,0,0
09181,05362,0,0,0
09181,05366,0,0,0
09181,05370,0,0,0
09181,05374,0,0,0
09181,05378,0,0,0
09181,05382,12,12,0
09181,05512,0,0,0
09181,05513,0,0,0
09181,05515,16,0,16
09181,05554,0,0,0
09181,05558,0,0,0
09181,05562,0,0,0
09181,05566,14,14,0
09181,05570,0,0,0
09181,05711,0,0,0
09181,05754,11,0,11
09181,05758,0,0,0
09181,05762,0,0,0
09181,05766,0,0,0
09181,05770,0,0,0
09181,05774,0,0,0
09181,05911,0,0,0
09181,05913,10,10,0
09181,05914,0,0,0
09181,05915,0,0,0
09181,05916,0,0,0
09181,05954,0,0,0
09181,05958,0,0,0
09181,05962,10,0,10
09181,05966,0,0,0
09181,05970,0,0,0
09181,05974,0,0,0
09181,05978,0,0,0
09181,06411,19,0,19
09181,06412,112,10,102
09181,06413,0,0,0
09181,06414,18,0,18
09181,06431,10,10,0
09181,06432,0,0,0
09181,06433,0,0,0
09181,06434,27,0,27
09181,06435,0,0,0
09181,06436,15,0,15
09181,06437,0,0,0
09181,06438,22,0,22
09181,06439,0,0,0
09181,06440,10,0,10
09181,06531,0,0,0
09181,06532,0,0,0
09181,06533,0,0,0
09181,06534,0,0,0
09181,06535,0,0,0
09181,06611,0,0,0
09181,06631,0,0,0
09181,06632,0,0,0
09181,06633,0,0,0
09181,06634,0,0,0
09181,06635,0,0,0
09181,06636,0,0,0
09181,07111,0,0,0
09181,07131,0,0,0
09181,07132,0,0,0
09181,07133,0,0,0
09181,07134,0,0,0
09181,07135,0,0,0
09181,07137,0,0,0
09181,07138,0,0,0
09181,07140,0,0,0
09181,07141,0,0,0
09181,07143,0,0,0
09181,07211,0,0,0
09181,07231,11,0,11
09181,07232,0,0,0
09181,07233,0,0,0
09181,07235,0,0,0
09181,07311,0,0,0
09181,07312,0,0,0
09181,07313,0,0,0
09181,07314,0,0,0
09181,07315,0,0,0
09181,07316,0,0,0
09181,07317,0,0,0
09181,07318,0,0,0
09181,07319,0,0,0
09181,07320,0,0,0
09181,07331,0,0,0
09181,07332,0,0,0
09181,07333,0,0,0
09181,07334,0,0,0
09181,07335,0,0,0
09181,07336,0,0,0
09181,07337,0,0,0
09181,07338,0,0,0
09181,07339,26,26,0
09181,07340,0,0,0
09181,08111,118,57,61
09181,08115,51,26,25
09181,08116,66,30,36
09181,08117,13,13,0
09181,08118,40,20,20
09181,08119,27,27,0
09181,08121,0,0,0
09181,08125,28,13,15
09181,08126,14,0,14
09181,08127,0,0,0
09181,08128,10,0,10
09181,08135,0,0,0
09181,08136,28,16,12
09181,08211,0,0,0
09181,08212,32,10,22
09181,08215,32,19,13
09181,08216,0,0,0
09181,08221,0,0,0
09181,08222,26,10,16
09181,08225,0,0,0
09181,08226,43,27,16
09181,08231,0,0,0
09181,08235,11,11,0
09181,08236,0,0,0
09181,08237,0,0,0
09181,08311,0,0,0
09181,08315,21,21,0
09181,08316,12,12,0
09181,08317,39,27,12
09181,08325,0,0,0
09181,08326,0,0,0
09181,08327,0,0,0
09181,08335,22,12,10
09181,08336,0,0,0
09181,08337,0,0,0
09181,08415,25,11,14
09181,08416,0,0,0
09181,08417,0,0,0
09181,08421,53,18,35
09181,08425,16,16,0
09181,08426,48,22,26
09181,08435,39,21,18
09181,08436,52,23,29
09181,08437,13,13,0
09181,09161,56,20,36
09181,09162,8133,1231,6902
09181,09163,12,12,0
09181,09171,0,0,0
09181,09172,0,0,0
09181,09173,207,70,137
09181,09174,272,87,185
09181,09175,106,39,67
09181,09176,14,0,14
09181,09177,66,18,48
09181,09178,323,49,274
09181,09179,2582,834,1748
09181,09180,256,91,165
09181,09181,0,0,0
09181,09182,76,26,50
09181,09183,11,11,0
09181,09184,1604,148,1456
09181,09185,47,17,30
09181,09186,77,18,59
09181,09187,69,30,39
09181,09188,3688,523,3165
09181,09189,31,20,11
09181,09190,4356,1923,2433
09181,09261,33,17,16
09181,09262,0,0,0
09181,09263,0,0,0
09181,09271,0,0,0
09181,09272,11,11,0
09181,09273,10,10,0
09181,09274,24,10,14
09181,09275,15,15,0
09181,09276,0,0,0
09181,09277,24,13,11
09181,09278,12,12,0
09181,09279,0,0,0
09181,09361,0,0,0
09181,09362,38,14,24
09181,09363,0,0,0
09181,09371,0,0,0
09181,09372,38,11,27
09181,09373,0,0,0
09181,09374,13,0,13
09181,09375,31,17,14
09181,09376,0,0,0
09181,09377,0,0,0
09181,09461,11,0,11
09181,09462,0,0,0
09181,09463,0,0,0
09181,09464,0,0,0
09181,09471,0,0,0
09181,09472,0,0,0
09181,09473,0,0,0
09181,09474,0,0,0
09181,09475,0,0,0
09181,09476,0,0,0
09181,09477,0,0,0
09181,09478,0,0,0
09181,09479,0,0,0
09181,09561,0,0,0
09181,09562,16,0,16
09181,09563,0,0,0
09181,09564,85,31,54
09181,09565,0,0,0
09181,09571,0,0,0
09181,09572,0,0,0
09181,09573,0,0,0
09181,09574,18,18,0
09181,09575,0,0,0
09181,09576,27,13,14
09181,09577,0,0,0
09181,09661,0,0,0
09181,09662,0,0,0
09181,09663,0,0,0
09181,09671,0,0,0
09181,09672,43,31,12
09181,09673,15,15,0
09181,09674,0,0,0
09181,09675,24,0,24
09181,09676,0,0,0
09181,09677,0,0,0
09181,09678,0,0,0
09181,09679,0,0,0
09181,09761,2814,1082,1732
09181,09762,1187,812,375
09181,09763,139,55,84
09181,09764,118,35,83
09181,09771,892,491,401
09181,09772,3916,2618,1298
09181,09773,60,35,25
09181,09774,88,42,46
09181,09775,65,26,39
09181,09776,16,0,16
09181,09777,3486,2508,978
09181,09778,1827,1175,652
09181,09779,90,21,69
09181,09780,125,68,57
09181,10041,10,0,10
09181,10042,0,0,0
09181,10043,0,0,0
09181,10044,0,0,0
09181,10045,0,0,0
09181,10046,0,0,0
09181,11000,145,43,102
09181,12051,0,0,0
09181,12052,0,0,0
09181,12053,0,0,0
09181,12054,0,0,0
09181,12060,0,0,0
09181,12061,0,0,0
09181,12062,0,0,0
09181,12063,0,0,0
09181,12064,0,0,0
09181,12065,0,0,0
09181,12066,0,0,0
09181,12067,0,0,0
09181,12068,0,0,0
09181,12069,17,17,0
09181,12070,0,0,0
09181,12071,0,0,0
09181,12072,0,0,0
09181,12073,0,0,0
09181,13003,0,0,0
09181,13004,0,0,0
09181,13071,0,0,0
09181,13072,0,0,0
09181,13073,0,0,0
09181,13074,0,0,0
09181,13075,0,0,0
09181,13076,0,0,0
09181,14511,0,0,0
09181,14521,0,0,0
09181,14522,0,0,0
09181,14523,14,14,0
09181,14524,0,0,0
09181,14612,24,24,0
09181,14625,0,0,0
09181,14626,0,0,0
09181,14627,0,0,0
09181,14628,0,0,0
09181,14713,38,25,13
09181,14729,0,0,0
09181,14730,0,0,0
09181,15001,0,0,0
09181,15002,10,10,0
09181,15003,0,0,0
09181,15081,0,0,0
09181,15082,0,0,0
09181,15083,0,0,0
09181,15084,0,0,0
09181,15085,0,0,0
09181,15086,0,0,0
09181,15087,0,0,0
09181,15088,0,0,0
09181,15089,0,0,0
09181,15090,0,0,0
09181,15091,0,0,0
09181,16051,0,0,0
09181,16052,0,0,0
09181,16053,0,0,0
09181,16054,0,0,0
09181,16055,0,0,0
09181,16056,0,0,0
09181,16061,0,0,0
09181,16062,0,0,0
09181,16063,0,0,0
09181,16064,0,0,0
09181,16065,0,0,0
09181,16066,0,0,0
09181,16067,0,0,0
09181,16068,0,0,0
09181,16069,0,0,0
09181,16070,0,0,0
09181,16071,0,0,0
09181,16072,0,0,0
09181,16073,0,0,0
09181,16074,0,0,0
09181,16075,0,0,0
09181,16076,0,0,0
09181,16077,0,0,0
09182,01001,0,0,0
09182,01002,0,0,0
09182,01003,0,0,0
09182,01004,0,0,0
09182,01051,0,0,0
09182,01053,0,0,0
09182,01054,0,0,0
09182,01055,0,0,0
09182,01056,0,0,0
09182,01057,0,0,0
09182,01058,0,0,0
09182,01059,0,0,0
09182,01060,0,0,0
09182,01061,0,0,0
09182,01062,0,0,0
09182,02000,81,24,57
09182,03101,0,0,0
09182,03102,0,0,0
09182,03103,0,0,0
09182,03151,0,0,0
09182,03153,0,0,0
09182,03154,0,0,0
09182,03155,0,0,0
09182,03157,0,0,0
09182,03158,0,0,0
09182,03159,0,0,0
09182,03241,52,28,24
09182,03251,0,0,0
09182,03252,0,0,0
09182,03254,10,10,0
09182,03255,0,0,0
09182,03256,0,0,0
09182,03257,0,0,0
09182,03351,0,0,0
09182,03352,0,0,0
09182,03353,0,0,0
09182,03354,0,0,0
09182,03355,0,0,0
09182,03356,0,0,0
09182,03357,0,0,0
09182,03358,0,0,0
09182,03359,0,0,0
09182,03360,0,0,0
09182,03361,0,0,0
09182,03401,0,0,0
09182,03402,0,0,0
09182,03403,0,0,0
09182,03404,0,0,0
09182,03405,0,0,0
09182,03451,0,0,0
09182,03452,0,0,0
09182,03453,0,0,0
09182,03454,0,0,0
09182,03455,0,0,0
09182,03456,0,0,0
09182,03457,0,0,0
09182,03458,0,0,0
09182,03459,0,0,0
09182,03460,0,0,0
09182,03461,0,0,0
09182,03462,0,0,0
09182,04011,20,0,20
09182,04012,0,0,0
09182,05111,74,14,60
09182,05112,0,0,0
09182,05113,0,0,0
09182,05114,0,0,0
09182,05116,0,0,0
09182,05117,0,0,0
09182,05119,0,0,0
09182,05120,0,0,0
09182,05122,0,0,0
09182,05124,0,0,0
09182,05154,0,0,0
09182,05158,10,0,10
09182,05162,26,15,11
09182,05166,0,0,0
09182,05170,13,13,0
09182,05314,0,0,0
09182,05315,76,20,56
09182,05316,13,13,0
09182,05334,10,10,0
09182,05358,0,0,0
09182,05362,19,19,0
09182,05366,0,0,0
09182,05370,0,0,0
09182,05374,10,0,10
09182,05378,10,10,0
09182,05382,13,13,0
09182,05512,0,0,0
09182,05513,0,0,0
09182,05515,14,14,0
09182,05554,0,0,0
09182,05558,0,0,0
09182,05562,11,11,0
09182,05566,0,0,0
09182,05570,0,0,0
09182,05711,12,0,12
09182,05754,14,0,14
09182,05758,0,0,0
09182,05762,0,0,0
09182,05766,0,0,0
09182,05770,0,0,0
09182,05774,0,0,0
09182,05911,0,0,0
09182,05913,10,10,0
09182,05914,0,0,0
09182,05915,12,0,12
09182,05916,0,0,0
09182,05954,10,10,0
09182,05958,0,0,0
09182,05962,0,0,0
09182,05966,0,0,0
09182,05970,0,0,0
09182,05974,0,0,0
09182,05978,0,0,0
09182,06411,25,0,25
09182,06412,131,26,105
09182,06413,0,0,0
09182,06414,23,0,23
09182,06431,12,12,0
09182,06432,11,11,0
09182,06433,0,0,0
09182,06434,38,0,38
09182,06435,14,0,14
09182,06436,20,0,20
09182,06437,0,0,0
09182,06438,15,0,15
09182,06439,0,0,0
09182,06440,0,0,0
09182,06531,0,0,0
09182,06532,0,0,0
09182,06533,0,0,0
09182,06534,0,0,0
09182,06535,0,0,0
09182,06611,0,0,0
09182,06631,0,0,0
09182,06632,0,0,0
09182,06633,0,0,0
09182,06634,0,0,0
09182,06635,0,0,0
09182,06636,0,0,0
09182,07111,0,0,0
09182,07131,0,0,0
09182,07132,0,0,0
09182,07133,0,0,0
09182,07134,0,0,0
09182,07135,0,0,0
09182,07137,0,0,0
09182,07138,0,0,0
09182,07140,0,0,0
09182,07141,0,0,0
09182,07143,0,0,0
09182,07211,0,0,0
09182,07231,0,0,0
09182,07232,0,0,0
09182,07233,0,0,0
09182,07235,0,0,0
09182,07311,0,0,0
09182,07312,0,0,0
09182,07313,0,0,0
09182,07314,0,0,0
09182,07315,12,12,0
09182,07316,0,0,0
09182,07317,0,0,0
09182,07318,0,0,0
09182,07319,0,0,0
09182,07320,0,0,0
09182,07331,0,0,0
09182,07332,0,0,0
09182,07333,0,0,0
09182,07334,0,0,0
09182,07335,0,0,0
09182,07336,0,0,0
09182,07337,0,0,0
09182,07338,10,10,0
09182,07339,0,0,0
09182,07340,0,0,0
09182,08111,71,38,33
09182,08115,0,0,0
09182,08116,58,27,31
09182,08117,13,13,0
09182,08118,20,0,20
09182,08119,0,0,0
09182,08121,0,0,0
09182,08125,10,0,10
09182,08126,18,0,18
09182,08127,0,0,0
09182,08128,0,0,0
09182,08135,0,0,0
09182,08136,0,0,0
09182,08211,0,0,0
09182,08212,13,0,13
09182,08215,12,12,0
09182,08216,15,0,15
09182,08221,10,0,10
09182,08222,29,13,16
09182,08225,0,0,0
09182,08226,32,16,16
09182,08231,0,0,0
09182,08235,0,0,0
09182,08236,0,0,0
09182,08237,0,0,0
09182,08311,0,0,0
09182,08315,10,10,0
09182,08316,0,0,0
09182,08317,22,22,0
09182,08325,0,0,0
09182,08326,30,0,30
09182,08327,0,0,0
09182,08335,0,0,0
09182,08336,13,0,13
09182,08337,0,0,0
09182,08415,0,0,0
09182,08416,0,0,0
09182,08417,0,0,0
09182,08421,17,0,17
09182,08425,0,0,0
09182,08426,10,10,0
09182,08435,0,0,0
09182,08436,0,0,0
09182,08437,0,0,0
09182,09161,55,18,37
09182,09162,8968,2266,6702
09182,09163,998,464,534
09182,09171,34,14,20
09182,09172,102,85,17
09182,09173,4289,2727,1562
09182,09174,138,76,62
09182,09175,600,307,293
09182,09176,25,10,15
09182,09177,137,84,53
09182,09178,289,63,226
09182,09179,192,106,86
09182,09180,241,107,134
09182,09181,76,50,26
09182,09182,0,0,0
09182,09183,69,33,36
09182,09184,4429,1158,3271
09182,09185,36,13,23
09182,09186,73,35,38
09182,09187,3898,2570,1328
09182,09188,200,99,101
09182,09189,213,145,68
09182,09190,296,152,144
09182,09261,23,12,11
09182,09262,0,0,0
09182,09263,12,0,12
09182,09271,15,15,0
09182,09272,12,12,0
09182,09273,11,0,11
09182,09274,40,22,18
09182,09275,59,40,19
09182,09276,0,0,0
09182,09277,0,0,0
09182,09278,0,0,0
09182,09279,0,0,0
09182,09361,0,0,0
09182,09362,46,15,31
09182,09363,0,0,0
09182,09371,0,0,0
09182,09372,0,0,0
09182,09373,0,0,0
09182,09374,0,0,0
09182,09375,0,0,0
09182,09376,0,0,0
09182,09377,0,0,0
09182,09461,23,0,23
09182,09462,0,0,0
09182,09463,0,0,0
09182,09464,0,0,0
09182,09471,0,0,0
09182,09472,0,0,0
09182,09473,0,0,0
09182,09474,0,0,0
09182,09475,0,0,0
09182,09476,0,0,0
09182,09477,0,0,0
09182,09478,0,0,0
09182,09479,0,0,0
09182,09561,0,0,0
09182,09562,15,0,15
09182,09563,11,11,0
09182,09564,91,51,40
09182,09565,0,0,0
09182,09571,0,0,0
09182,09572,0,0,0
09182,09573,0,0,0
09182,09574,25,13,12
09182,09575,0,0,0
09182,09576,0,0,0
09182,09577,0,0,0
09182,09661,0,0,0
09182,09662,0,0,0
09182,09663,10,0,10
09182,09671,0,0,0
09182,09672,0,0,0
09182,09673,0,0,0
09182,09674,0,0,0
09182,09675,0,0,0
09182,09676,0,0,0
09182,09677,0,0,0
09182,09678,0,0,0
09182,09679,0,0,0
09182,09761,178,137,41
09182,09762,0,0,0
09182,09763,10,10,0
09182,09764,0,0,0
09182,09771,33,33,0
09182,09772,92,78,14
09182,09773,0,0,0
09182,09774,0,0,0
09182,09775,0,0,0
09182,09776,0,0,0
09182,09777,47,36,11
09182,09778,22,22,0
09182,09779,31,10,21
09182,09780,21,11,10
09182,10041,11,0,11
09182,10042,0,0,0
09182,10043,0,0,0
09182,10044,0,0,0
09182,10045,0,0,0
09182,10046,0,0,0
09182,11000,210,89,121
09182,12051,0,0,0
09182,12052,0,0,0
09182,12053,0,0,0
09182,12054,0,0,0
09182,12060,0,0,0
09182,12061,0,0,0
09182,12062,0,0,0
09182,12063,0,0,0
09182,12064,0,0,0
09182,12065,0,0,0
09182,12066,0,0,0
09182,12067,0,0,0
09182,12068,0,0,0
09182,12069,0,0,0
09182,12070,0,0,0
09182,12071,0,0,0
09182,12072,0,0,0
09182,12073,0,0,0
09182,13003,0,0,0
09182,13004,0,0,0
09182,13071,10,10,0
09182,13072,0,0,0
09182,13073,0,0,0
09182,13074,0,0,0
09182,13075,0,0,0
09182,13076,0,0,0
09182,14511,0,0,0
09182,14521,0,0,0
09182,14522,19,19,0
09182,14523,0,0,0
09182,14524,0,0,0
09182,14612,26,13,13
09182,14625,17,17,0
09182,14626,0,0,0
09182,14627,0,0,0
09182,14628,14,14,0
09182,14713,18,18,0
09182,14729,0,0,0
09182,14730,0,0,0
09182,15001,0,0,0
09182,15002,10,10,0
09182,15003,0,0,0
09182,15081,0,0,0
09182,15082,0,0,0
09182,15083,0,0,0
09182,15084,0,0,0
09182,15085,0,0,0
09182,15086,0,0,0
09182,15087,0,0,0
09182,15088,0,0,0
09182,15089,0,0,0
09182,15090,0,0,0
09182,15091,0,0,0
09182,16051,0,0,0
09182,16052,0,0,0
09182,16053,0,0,0
09182,16054,0,0,0
09182,16055,0,0,0
09182,16056,0,0,0
09182,16061,0,0,0
09182,16062,0,0,0
09182,16063,0,0,0
09182,16064,0,0,0
09182,16065,0,0,0
09182,16066,11,11,0
09182,16067,0,0,0
09182,16068,0,0,0
09182,16069,0,0,0
09182,16070,10,10,0
09182,16071,0,0,0
09182,16072,0,0,0
09182,16073,0,0,0
09182,16074,0,0,0
09182,16075,0,0,0
09182,16076,0,0,0
09182,16077,0,0,0
09183,01001,0,0,0
09183,01002,0,0,0
09183,01003,86,0,86
09183,01004,0,0,0
09183,01051,0,0,0
09183,01053,0,0,0
09183,01054,0,0,0
09183,01055,0,0,0
09183,01056,0,0,0
09183,01057,0,0,0
09183,01058,0,0,0
09183,01059,0,0,0
09183,01060,0,0,0
09183,01061,0,0,0
09183,01062,0,0,0
09183,02000,53,0,53
09183,03101,0,0,0
09183,03102,0,0,0
09183,03103,0,0,0
09183,03151,0,0,0
09183,03153,0,0,0
09183,03154,0,0,0
09183,03155,0,0,0
09183,03157,0,0,0
09183,03158,0,0,0
09183,03159,16,0,16
09183,03241,19,0,19
09183,03251,0,0,0
09183,03252,0,0,0
09183,03254,0,0,0
09183,03255,0,0,0
09183,03256,0,0,0
09183,03257,0,0,0
09183,03351,0,0,0
09183,03352,0,0,0
09183,03353,0,0,0
09183,03354,0,0,0
09183,03355,0,0,0
09183,03356,0,0,0
09183,03357,0,0,0
09183,03358,0,0,0
09183,03359,0,0,0
09183,03360,0,0,0
09183,03361,0,0,0
09183,03401,0,0,0
09183,03402,0,0,0
09183,03403,0,0,0
09183,03404,0,0,0
09183,03405,0,0,0
09183,03451,0,0,0
09183,03452,0,0,0
09183,03453,0,0,0
09183,03454,0,0,0
09183,03455,0,0,0
09183,03456,0,0,0
09183,03457,0,0,0
09183,03458,0,0,0
09183,03459,0,0,0
09183,03460,18,0,18
09183,03461,0,0,0
09183,03462,0,0,0
09183,04011,0,0,0
09183,04012,0,0,0
09183,05111,37,0,37
09183,05112,16,0,16
09183,05113,0,0,0
09183,05114,86,0,86
09183,05116,0,0,0
09183,05117,0,0,0
09183,05119,0,0,0
09183,05120,0,0,0
09183,05122,0,0,0
09183,05124,0,0,0
09183,05154,0,0,0
09183,05158,0,0,0
09183,05162,0,0,0
09183,05166,0,0,0
09183,05170,0,0,0
09183,05314,14,0,14
09183,05315,40,0,40
09183,05316,0,0,0
09183,05334,0,0,0
09183,05358,0,0,0
09183,05362,13,13,0
09183,05366,0,0,0
09183,05370,0,0,0
09183,05374,0,0,0
09183,05378,0,0,0
09183,05382,0,0,0
09183,05512,0,0,0
09183,05513,0,0,0
09183,05515,0,0,0
09183,05554,0,0,0
09183,05558,0,0,0
09183,05562,0,0,0
09183,05566,0,0,0
09183,05570,0,0,0
09183,05711,0,0,0
09183,05754,0,0,0
09183,05758,0,0,0
09183,05762,0,0,0
09183,05766,0,0,0
09183,05770,0,0,0
09183,05774,0,0,0
09183,05911,0,0,0
09183,05913,0,0,0
09183,05914,0,0,0
09183,05915,0,0,0
09183,05916,0,0,0
09183,05954,0,0,0
09183,05958,0,0,0
09183,05962,0,0,0
09183,05966,0,0,0
09183,05970,0,0,0
09183,05974,11,0,11
09183,05978,0,0,0
09183,06411,0,0,0
09183,06412,62,0,62
09183,06413,0,0,0
09183,06414,10,0,10
09183,06431,0,0,0
09183,06432,0,0,0
09183,06433,0,0,0
09183,06434,11,0,11
09183,06435,14,0,14
09183,06436,11,0,11
09183,06437,0,0,0
09183,06438,15,0,15
09183,06439,0,0,0
09183,06440,0,0,0
09183,06531,0,0,0
09183,06532,0,0,0
09183,06533,0,0,0
09183,06534,0,0,0
09183,06535,0,0,0
09183,06611,0,0,0
09183,06631,0,0,0
09183,06632,0,0,0
09183,06633,0,0,0
09183,06634,0,0,0
09183,06635,0,0,0
09183,06636,0,0,0
09183,07111,0,0,0
09183,07131,0,0,0
09183,07132,0,0,0
09183,07133,0,0,0
09183,07134,11,0,11
09183,07135,0,0,0
09183,07137,0,0,0
09183,07138,0,0,0
09183,07140,0,0,0
09183,07141,0,0,0
09183,07143,0,0,0
09183,07211,0,0,0
09183,07231,0,0,0
09183,07232,0,0,0
09183,07233,0,0,0
09183,07235,0,0,0
09183,07311,0,0,0
09183,07312,0,0,0
09183,07313,0,0,0
09183,07314,0,0,0
09183,07315,0,0,0
09183,07316,0,0,0
09183,07317,0,0,0
09183,07318,0,0,0
09183,07319,0,0,0
09183,07320,0,0,0
09183,07331,0,0,0
09183,07332,0,0,0
09183,07333,0,0,0
09183,07334,0,0,0
09183,07335,0,0,0
09183,07336,0,0,0
09183,07337,0,0,0
09183,07338,0,0,0
09183,07339,0,0,0
09183,07340,0,0,0
09183,08111,23,0,23
09183,08115,0,0,0
09183,08116,0,0,0
09183,08117,12,12,0
09183,08118,16,0,16
09183,08119,13,0,13
09183,08121,0,0,0
09183,08125,0,0,0
09183,08126,12,0,12
09183,08127,0,0,0
09183,08128,0,0,0
09183,08135,0,0,0
09183,08136,0,0,0
09183,08211,0,0,0
09183,08212,15,0,15
09183,08215,11,0,11
09183,08216,0,0,0
09183,08221,0,0,0
09183,08222,13,0,13
09183,08225,0,0,0
09183,08226,27,0,27
09183,08231,0,0,0
09183,08235,0,0,0
09183,08236,0,0,0
09183,08237,0,0,0
09183,08311,0,0,0
09183,08315,0,0,0
09183,08316,0,0,0
09183,08317,0,0,0
09183,08325,0,0,0
09183,08326,0,0,0
09183,08327,0,0,0
09183,08335,0,0,0
09183,08336,0,0,0
09183,08337,12,12,0
09183,08415,0,0,0
09183,08416,0,0,0
09183,08417,0,0,0
09183,08421,0,0,0
09183,08425,0,0,0
09183,08426,0,0,0
09183,08435,0,0,0
09183,08436,0,0,0
09183,08437,0,0,0
09183,09161,33,0,33
09183,09162,4793,464,4329
09183,09163,432,59,373
09183,09171,8302,4865,3437
09183,09172,142,81,61
09183,09173,48,20,28
09183,09174,85,34,51
09183,09175,1242,263,979
09183,09176,10,0,10
09183,09177,2620,1069,1551
09183,09178,543,72,471
09183,09179,94,41,53
09183,09180,13,13,0
09183,09181,11,0,11
09183,09182,69,36,33
09183,09183,0,0,0
09183,09184,1190,105,1085
09183,09185,32,0,32
09183,09186,68,19,49
09183,09187,3222,1077,2145
09183,09188,61,22,39
09183,09189,1660,847,813
09183,09190,28,12,16
09183,09261,332,104,228
09183,09262,104,33,71
09183,09263,27,10,17
09183,09271,96,56,40
09183,09272,29,18,11
09183,09273,31,11,20
09183,09274,1992,787,1205
09183,09275,179,149,30
09183,09276,17,17,0
09183,09277,1665,951,714
09183,09278,37,26,11
09183,09279,294,69,225
09183,09361,0,0,0
09183,09362,89,20,69
09183,09363,0,0,0
09183,09371,0,0,0
09183,09372,30,12,18
09183,09373,0,0,0
09183,09374,0,0,0
09183,09375,40,19,21
09183,09376,17,0,17
09183,09377,0,0,0
09183,09461,0,0,0
09183,09462,0,0,0
09183,09463,0,0,0
09183,09464,0,0,0
09183,09471,0,0,0
09183,09472,0,0,0
09183,09473,0,0,0
09183,09474,0,0,0
09183,09475,0,0,0
09183,09476,0,0,0
09183,09477,0,0,0
09183,09478,0,0,0
09183,09479,0,0,0
09183,09561,0,0,0
09183,09562,12,0,12
09183,09563,0,0,0
09183,09564,94,20,74
09183,09565,0,0,0
09183,09571,0,0,0
09183,09572,0,0,0
09183,09573,0,0,0
09183,09574,11,0,11
09183,09575,0,0,0
09183,09576,12,0,12
09183,09577,0,0,0
09183,09661,0,0,0
09183,09662,0,0,0
09183,09663,0,0,0
09183,09671,0,0,0
09183,09672,0,0,0
09183,09673,0,0,0
09183,09674,0,0,0
09183,09675,0,0,0
09183,09676,0,0,0
09183,09677,0,0,0
09183,09678,0,0,0
09183,09679,10,10,0
09183,09761,62,28,34
09183,09762,0,0,0
09183,09763,0,0,0
09183,09764,0,0,0
09183,09771,34,18,16
09183,09772,35,19,16
09183,09773,0,0,0
09183,09774,0,0,0
09183,09775,0,0,0
09183,09776,0,0,0
09183,09777,13,0,13
09183,09778,0,0,0
09183,09779,0,0,0
09183,09780,0,0,0
09183,10041,0,0,0
09183,10042,0,0,0
09183,10043,0,0,0
09183,10044,0,0,0
09183,10045,0,0,0
09183,10046,0,0,0
09183,11000,89,30,59
09183,12051,0,0,0
09183,12052,0,0,0
09183,12053,0,0,0
09183,12054,0,0,0
09183,12060,0,0,0
09183,12061,0,0,0
09183,12062,0,0,0
09183,12063,0,0,0
09183,12064,0,0,0
09183,12065,0,0,0
09183,12066,0,0,0
09183,12067,0,0,0
09183,12068,0,0,0
09183,12069,0,0,0
09183,12070,0,0,0
09183,12071,0,0,0
09183,12072,0,0,0
09183,12073,0,0,0
09183,13003,0,0,0
09183,13004,0,0,0
09183,13071,0,0,0
09183,13072,0,0,0
09183,13073,0,0,0
09183,13074,0,0,0
09183,13075,0,0,0
09183,13076,29,0,29
09183,14511,0,0,0
09183,14521,12,12,0
09183,14522,11,11,0
09183,14523,0,0,0
09183,14524,0,0,0
09183,14612,11,11,0
09183,14625,12,12,0
09183,14626,0,0,0
09183,14627,22,22,0
09183,14628,0,0,0
09183,14713,46,14,32
09183,14729,0,0,0
09183,14730,0,0,0
09183,15001,0,0,0
09183,15002,0,0,0
09183,15003,0,0,0
09183,15081,0,0,0
09183,15082,0,0,0
09183,15083,0,0,0
09183,15084,0,0,0
09183,15085,0,0,0
09183,15086,0,0,0
09183,15087,0,0,0
09183,15088,0,0,0
09183,15089,0,0,0
09183,15090,0,0,0
09183,15091,0,0,0
09183,16051,0,0,0
09183,16052,0,0,0
09183,16053,0,0,0
09183,16054,0,0,0
09183,16055,0,0,0
09183,16056,0,0,0
09183,16061,0,0,0
09183,16062,0,0,0
09183,16063,0,0,0
09183,16064,0,0,0
09183,16065,0,0,0
09183,16066,0,0,0
09183,16067,0,0,0
09183,16068,0,0,0
09183,16069,0,0,0
09183,16070,0,0,0
09183,16071,0,0,0
09183,16072,0,0,0
09183,16073,0,0,0
09183,16074,0,0,0
09183,16075,0,0,0
09183,16076,0,0,0
09183,16077,0,0,0
09184,01001,24,13,11
09184,01002,61,49,12
09184,01003,48,34,14
09184,01004,16,16,0
09184,01051,40,40,0
09184,01053,40,40,0
09184,01054,16,16,0
09184,01055,27,27,0
09184,01056,122,105,17
09184,01057,21,21,0
09184,01058,45,45,0
09184,01059,23,23,0
09184,01060,102,89,13
09184,01061,49,49,0
09184,01062,100,84,16
09184,02000,1311,939,372
09184,03101,219,177,42
09184,03102,28,28,0
09184,03103,83,64,19
09184,03151,63,63,0
09184,03153,44,29,15
09184,03154,35,35,0
09184,03155,49,35,14
09184,03157,33,33,0
09184,03158,45,45,0
09184,03159,140,125,15
09184,03241,580,420,160
09184,03251,52,52,0
09184,03252,57,57,0
09184,03254,75,75,0
09184,03255,45,45,0
09184,03256,27,27,0
09184,03257,43,43,0
09184,03351,55,35,20
09184,03352,28,28,0
09184,03353,98,86,12
09184,03354,0,0,0
09184,03355,40,40,0
09184,03356,22,22,0
09184,03357,35,35,0
09184,03358,42,42,0
09184,03359,44,44,0
09184,03360,15,15,0
09184,03361,25,25,0
09184,03401,0,0,0
09184,03402,0,0,0
09184,03403,55,55,0
09184,03404,59,39,20
09184,03405,20,20,0
09184,03451,33,33,0
09184,03452,18,18,0
09184,03453,22,22,0
09184,03454,45,32,13
09184,03455,14,14,0
09184,03456,23,23,0
09184,03457,25,25,0
09184,03458,34,34,0
09184,03459,55,41,14
09184,03460,14,14,0
09184,03461,52,52,0
09184,03462,0,0,0
09184,04011,231,148,83
09184,04012,44,44,0
09184,05111,691,393,298
09184,05112,122,84,38
09184,05113,247,187,60
09184,05114,80,65,15
09184,05116,92,73,19
09184,05117,72,72,0
09184,05119,61,39,22
09184,05120,13,13,0
09184,05122,64,48,16
09184,05124,92,79,13
09184,05154,62,49,13
09184,05158,257,197,60
09184,05162,247,198,49
09184,05166,134,119,15
09184,05170,126,107,19
09184,05314,212,150,62
09184,05315,916,632,284
09184,05316,54,42,12
09184,05334,164,128,36
09184,05358,101,60,41
09184,05362,251,219,32
09184,05366,65,65,0
09184,05370,62,62,0
09184,05374,118,73,45
09184,05378,131,131,0
09184,05382,293,248,45
09184,05512,28,28,0
09184,05513,60,60,0
09184,05515,122,101,21
09184,05554,73,59,14
09184,05558,116,116,0
09184,05562,158,145,13
09184,05566,92,79,13
09184,05570,59,49,10
09184,05711,85,58,27
09184,05754,75,37,38
09184,05758,38,38,0
09184,05762,41,41,0
09184,05766,67,57,10
09184,05770,70,70,0
09184,05774,96,84,12
09184,05911,138,106,32
09184,05913,289,222,67
09184,05914,34,34,0
09184,05915,35,35,0
09184,05916,30,30,0
09184,05954,101,88,13
09184,05958,60,45,15
09184,05962,98,81,17
09184,05966,18,18,0
09184,05970,54,43,11
09184,05974,90,70,20
09184,05978,131,114,17
09184,06411,163,83,80
09184,06412,1081,400,681
09184,06413,83,60,23
09184,06414,209,136,73
09184,06431,156,119,37
09184,06432,140,127,13
09184,06433,165,125,40
09184,06434,298,104,194
09184,06435,192,155,37
09184,06436,256,128,128
09184,06437,27,27,0
09184,06438,279,169,110
09184,06439,95,74,21
09184,06440,116,98,18
09184,06531,88,72,16
09184,06532,55,41,14
09184,06533,37,37,0
09184,06534,70,51,19
09184,06535,20,20,0
09184,06611,72,46,26
09184,06631,68,68,0
09184,06632,28,28,0
09184,06633,71,71,0
09184,06634,36,36,0
09184,06635,30,30,0
09184,06636,23,23,0
09184,07111,51,33,18
09184,07131,46,46,0
09184,07132,35,35,0
09184,07133,47,47,0
09184,07134,35,35,0
09184,07135,12,12,0
09184,07137,53,53,0
09184,07138,38,38,0
09184,07140,20,20,0
09184,07141,26,26,0
09184,07143,51,51,0
09184,07211,43,43,0
09184,07231,34,24,10
09184,07232,0,0,0
09184,07233,0,0,0
09184,07235,27,27,0
09184,07311,0,0,0
09184,07312,29,29,0
09184,07313,10,10,0
09184,07314,39,39,0
09184,07315,166,128,38
09184,07316,20,20,0
09184,07317,0,0,0
09184,07318,12,12,0
09184,07319,17,17,0
09184,07320,18,18,0
09184,07331,45,45,0
09184,07332,63,63,0
09184,07333,22,22,0
09184,07334,37,37,0
09184,07335,35,35,0
09184,07336,19,19,0
09184,07337,35,35,0
09184,07338,53,53,0
09184,07339,85,70,15
09184,07340,20,20,0
09184,08111,758,444,314
09184,08115,305,238,67
09184,08116,481,351,130
09184,08117,143,109,34
09184,08118,349,257,92
09184,08119,168,141,27
09184,08121,73,52,21
09184,08125,161,134,27
09184,08126,48,27,21
09184,08127,88,69,19
09184,08128,171,159,12
09184,08135,91,77,14
09184,08136,136,111,25
09184,08211,13,13,0
09184,08212,243,171,72
09184,08215,189,152,37
09184,08216,76,63,13
09184,08221,140,103,37
09184,08222,252,171,81
09184,08225,58,58,0
09184,08226,355,307,48
09184,08231,54,40,14
09184,08235,67,54,13
09184,08236,78,68,10
09184,08237,50,50,0
09184,08311,110,78,32
09184,08315,81,68,13
09184,08316,51,39,12
09184,08317,106,77,29
09184,08325,22,22,0
09184,08326,87,60,27
09184,08327,35,35,0
09184,08335,146,122,24
09184,08336,73,41,32
09184,08337,21,21,0
09184,08415,192,167,25
09184,08416,138,122,16
09184,08417,59,59,0
09184,08421,221,142,79
09184,08425,118,118,0
09184,08426,112,101,11
09184,08435,229,178,51
09184,08436,218,179,39
09184,08437,39,39,0
09184,09161,934,612,322
09184,09162,151697,84183,67514
09184,09163,941,721,220
09184,09171,446,378,68
09184,09172,233,189,44
09184,09173,5069,4289,780
09184,09174,6710,5646,1064
09184,09175,13608,10932,2676
09184,09176,421,306,115
09184,09177,7405,6328,1077
09184,09178,12497,9322,3175
09184,09179,8418,7329,1089
09184,09180,602,528,74
09184,09181,1604,1456,148
09184,09182,4429,3271,1158
09184,09183,1190,1085,105
09184,09184,0,0,0
09184,09185,469,359,110
09184,09186,2386,1899,487
09184,09187,4732,4138,594
09184,09188,6068,4266,1802
09184,09189,726,642,84
09184,09190,1436,1208,228
09184,09261,768,652,116
09184,09262,133,97,36
09184,09263,143,121,22
09184,09271,353,300,53
09184,09272,182,158,24
09184,09273,498,442,56
09184,09274,1549,1439,110
09184,09275,278,245,33
09184,09276,103,92,11
09184,09277,339,297,42
09184,09278,251,229,22
09184,09279,565,534,31
09184,09361,20,20,0
09184,09362,533,405,128
09184,09363,30,30,0
09184,09371,65,65,0
09184,09372,226,197,29
09184,09373,153,130,23
09184,09374,87,71,16
09184,09375,400,369,31
09184,09376,243,232,11
09184,09377,54,54,0
09184,09461,66,45,21
09184,09462,88,59,29
09184,09463,22,22,0
09184,09464,22,22,0
09184,09471,148,148,0
09184,09472,66,66,0
09184,09473,34,34,0
09184,09474,103,92,11
09184,09475,84,52,32
09184,09476,36,36,0
09184,09477,48,48,0
09184,09478,42,31,11
09184,09479,43,43,0
09184,09561,21,21,0
09184,09562,223,113,110
09184,09563,145,130,15
09184,09564,933,666,267
09184,09565,62,62,0
09184,09571,133,118,15
09184,09572,165,124,41
09184,09573,153,134,19
09184,09574,194,175,19
09184,09575,66,66,0
09184,09576,163,146,17
09184,09577,112,99,13
09184,09661,59,49,10
09184,09662,24,24,0
09184,09663,173,102,71
09184,09671,112,92,20
09184,09672,32,32,0
09184,09673,28,28,0
09184,09674,47,47,0
09184,09675,91,67,24
09184,09676,104,62,42
09184,09677,67,67,0
09184,09678,88,88,0
09184,09679,134,119,15
09184,09761,1886,1607,279
09184,09762,150,130,20
09184,09763,123,100,23
09184,09764,78,68,10
09184,09771,1241,1168,73
09184,09772,1146,1052,94
09184,09773,167,149,18
09184,09774,188,164,24
09184,09775,204,183,21
09184,09776,91,64,27
09184,09777,431,378,53
09184,09778,396,358,38
09184,09779,326,213,113
09184,09780,204,174,30
09184,10041,236,201,35
09184,10042,28,28,0
09184,10043,38,38,0
09184,10044,61,61,0
09184,10045,65,65,0
09184,10046,22,22,0
09184,11000,2171,1631,540
09184,12051,21,21,0
09184,12052,32,32,0
09184,12053,0,0,0
09184,12054,78,66,12
09184,12060,53,53,0
09184,12061,54,54,0
09184,12062,27,27,0
09184,12063,45,45,0
09184,12064,45,45,0
09184,12065,57,57,0
09184,12066,45,45,0
09184,12067,30,30,0
09184,12068,14,14,0
09184,12069,108,97,11
09184,12070,0,0,0
09184,12071,32,32,0
09184,12072,50,50,0
09184,12073,23,23,0
09184,13003,48,48,0
09184,13004,0,0,0
09184,13071,28,28,0
09184,13072,30,30,0
09184,13073,25,25,0
09184,13074,18,18,0
09184,13075,41,28,13
09184,13076,27,27,0
09184,14511,111,91,20
09184,14521,113,102,11
09184,14522,87,77,10
09184,14523,103,90,13
09184,14524,73,73,0
09184,14612,372,326,46
09184,14625,77,77,0
09184,14626,51,51,0
09184,14627,78,66,12
09184,14628,84,71,13
09184,14713,380,320,60
09184,14729,97,97,0
09184,14730,69,69,0
09184,15001,20,20,0
09184,15002,57,57,0
09184,15003,58,58,0
09184,15081,0,0,0
09184,15082,48,48,0
09184,15083,26,26,0
09184,15084,70,70,0
09184,15085,36,36,0
09184,15086,17,17,0
09184,15087,40,40,0
09184,15088,91,91,0
09184,15089,32,32,0
09184,15090,10,10,0
09184,15091,37,37,0
09184,16051,90,80,10
09184,16052,41,41,0
09184,16053,57,46,11
09184,16054,13,13,0
09184,16055,23,23,0
09184,16056,11,11,0
09184,16061,16,16,0
09184,16062,14,14,0
09184,16063,19,19,0
09184,16064,36,36,0
09184,16065,20,20,0
09184,16066,34,34,0
09184,16067,36,36,0
09184,16068,18,18,0
09184,16069,18,18,0
09184,16070,45,45,0
09184,16071,58,41,17
09184,16072,10,10,0
09184,16073,39,39,0
09184,16074,27,27,0
09184,16075,25,25,0
09184,16076,43,43,0
09184,16077,31,31,0
09185,01001,0,0,0
09185,01002,0,0,0
09185,01003,0,0,0
09185,01004,0,0,0
09185,01051,0,0,0
09185,01053,0,0,0
09185,01054,0,0,0
09185,01055,0,0,0
09185,01056,0,0,0
09185,01057,0,0,0
09185,01058,0,0,0
09185,01059,0,0,0
09185,01060,0,0,0
09185,01061,0,0,0
09185,01062,16,0,16
09185,02000,40,14,26
09185,03101,0,0,0
09185,03102,0,0,0
09185,03103,0,0,0
09185,03151,0,0,0
09185,03153,0,0,0
09185,03154,0,0,0
09185,03155,0,0,0
09185,03157,0,0,0
09185,03158,0,0,0
09185,03159,0,0,0
09185,03241,11,0,11
09185,03251,0,0,0
09185,03252,0,0,0
09185,03254,0,0,0
09185,03255,0,0,0
09185,03256,0,0,0
09185,03257,0,0,0
09185,03351,0,0,0
09185,03352,0,0,0
09185,03353,0,0,0
09185,03354,0,0,0
09185,03355,0,0,0
09185,03356,0,0,0
09185,03357,0,0,0
09185,03358,0,0,0
09185,03359,0,0,0
09185,03360,0,0,0
09185,03361,0,0,0
09185,03401,0,0,0
09185,03402,0,0,0
09185,03403,0,0,0
09185,03404,0,0,0
09185,03405,0,0,0
09185,03451,0,0,0
09185,03452,0,0,0
09185,03453,0,0,0
09185,03454,0,0,0
09185,03455,0,0,0
09185,03456,0,0,0
09185,03457,0,0,0
09185,03458,0,0,0
09185,03459,0,0,0
09185,03460,0,0,0
09185,03461,0,0,0
09185,03462,0,0,0
09185,04011,13,0,13
09185,04012,0,0,0
09185,05111,15,0,15
09185,05112,0,0,0
09185,05113,0,0,0
09185,05114,0,0,0
09185,05116,0,0,0
09185,05117,0,0,0
09185,05119,0,0,0
09185,05120,0,0,0
09185,05122,0,0,0
09185,05124,0,0,0
09185,05154,0,0,0
09185,05158,0,0,0
09185,05162,0,0,0
09185,05166,0,0,0
09185,05170,0,0,0
09185,05314,0,0,0
09185,05315,24,0,24
09185,05316,0,0,0
09185,05334,0,0,0
09185,05358,0,0,0
09185,05362,0,0,0
09185,05366,0,0,0
09185,05370,0,0,0
09185,05374,11,0,11
09185,05378,0,0,0
09185,05382,0,0,0
09185,05512,0,0,0
09185,05513,0,0,0
09185,05515,0,0,0
09185,05554,0,0,0
09185,05558,0,0,0
09185,05562,17,0,17
09185,05566,0,0,0
09185,05570,0,0,0
09185,05711,0,0,0
09185,05754,22,10,12
09185,05758,0,0,0
09185,05762,0,0,0
09185,05766,0,0,0
09185,05770,0,0,0
09185,05774,0,0,0
09185,05911,0,0,0
09185,05913,0,0,0
09185,05914,0,0,0
09185,05915,0,0,0
09185,05916,0,0,0
09185,05954,0,0,0
09185,05958,0,0,0
09185,05962,37,0,37
09185,05966,0,0,0
09185,05970,0,0,0
09185,05974,0,0,0
09185,05978,0,0,0
09185,06411,0,0,0
09185,06412,25,0,25
09185,06413,0,0,0
09185,06414,0,0,0
09185,06431,12,12,0
09185,06432,0,0,0
09185,06433,0,0,0
09185,06434,0,0,0
09185,06435,0,0,0
09185,06436,0,0,0
09185,06437,0,0,0
09185,06438,16,0,16
09185,06439,0,0,0
09185,06440,41,0,41
09185,06531,0,0,0
09185,06532,0,0,0
09185,06533,0,0,0
09185,06534,0,0,0
09185,06535,0,0,0
09185,06611,0,0,0
09185,06631,10,0,10
09185,06632,0,0,0
09185,06633,0,0,0
09185,06634,0,0,0
09185,06635,0,0,0
09185,06636,0,0,0
09185,07111,0,0,0
09185,07131,0,0,0
09185,07132,0,0,0
09185,07133,0,0,0
09185,07134,0,0,0
09185,07135,0,0,0
09185,07137,0,0,0
09185,07138,0,0,0
09185,07140,0,0,0
09185,07141,0,0,0
09185,07143,0,0,0
09185,07211,0,0,0
09185,07231,0,0,0
09185,07232,0,0,0
09185,07233,0,0,0
09185,07235,0,0,0
09185,07311,0,0,0
09185,07312,0,0,0
09185,07313,0,0,0
09185,07314,0,0,0
09185,07315,0,0,0
09185,07316,0,0,0
09185,07317,0,0,0
09185,07318,0,0,0
09185,07319,0,0,0
09185,07320,0,0,0
09185,07331,0,0,0
09185,07332,0,0,0
09185,07333,0,0,0
09185,07334,0,0,0
09185,07335,0,0,0
09185,07336,0,0,0
09185,07337,0,0,0
09185,07338,0,0,0
09185,07339,0,0,0
09185,07340,0,0,0
09185,08111,42,0,42
09185,08115,24,0,24
09185,08116,23,0,23
09185,08117,10,0,10
09185,08118,18,0,18
09185,08119,12,0,12
09185,08121,0,0,0
09185,08125,36,20,16
09185,08126,12,0,12
09185,08127,0,0,0
09185,08128,0,0,0
09185,08135,0,0,0
09185,08136,10,10,0
09185,08211,0,0,0
09185,08212,0,0,0
09185,08215,0,0,0
09185,08216,0,0,0
09185,08221,0,0,0
09185,08222,0,0,0
09185,08225,0,0,0
09185,08226,23,13,10
09185,08231,0,0,0
09185,08235,0,0,0
09185,08236,23,0,23
09185,08237,0,0,0
09185,08311,0,0,0
09185,08315,29,29,0
09185,08316,26,26,0
09185,08317,0,0,0
09185,08325,0,0,0
09185,08326,0,0,0
09185,08327,0,0,0
09185,08335,28,28,0
09185,08336,14,14,0
09185,08337,0,0,0
09185,08415,0,0,0
09185,08416,0,0,0
09185,08417,0,0,0
09185,08421,27,0,27
09185,08425,0,0,0
09185,08426,0,0,0
09185,08435,25,25,0
09185,08436,44,14,30
09185,08437,0,0,0
09185,09161,10480,1591,8889
09185,09162,1807,321,1486
09185,09163,0,0,0
09185,09171,36,22,14
09185,09172,10,10,0
09185,09173,40,40,0
09185,09174,510,254,256
09185,09175,68,30,38
09185,09176,2907,1160,1747
09185,09177,114,52,62
09185,09178,340,149,191
09185,09179,216,141,75
09185,09180,69,69,0
09185,09181,47,30,17
09185,09182,36,23,13
09185,09183,32,32,0
09185,09184,469,110,359
09185,09185,0,0,0
09185,09186,4738,1717,3021
09185,09187,54,36,18
09185,09188,93,44,49
09185,09189,43,15,28
09185,09190,67,51,16
09185,09261,35,19,16
09185,09262,0,0,0
09185,09263,0,0,0
09185,09271,50,50,0
09185,09272,34,34,0
09185,09273,189,85,104
09185,09274,69,50,19
09185,09275,57,46,11
09185,09276,17,17,0
09185,09277,30,30,0
09185,09278,21,21,0
09185,09279,52,52,0
09185,09361,0,0,0
09185,09362,101,26,75
09185,09363,16,16,0
09185,09371,18,18,0
09185,09372,52,31,21
09185,09373,79,48,31
09185,09374,52,52,0
09185,09375,58,46,12
09185,09376,51,33,18
09185,09377,23,23,0
09185,09461,0,0,0
09185,09462,0,0,0
09185,09463,0,0,0
09185,09464,0,0,0
09185,09471,0,0,0
09185,09472,0,0,0
09185,09473,0,0,0
09185,09474,0,0,0
09185,09475,0,0,0
09185,09476,12,12,0
09185,09477,0,0,0
09185,09478,0,0,0
09185,09479,0,0,0
09185,09561,0,0,0
09185,09562,31,0,31
09185,09563,0,0,0
09185,09564,108,30,78
09185,09565,0,0,0
09185,09571,13,13,0
09185,09572,0,0,0
09185,09573,0,0,0
09185,09574,15,15,0
09185,09575,0,0,0
09185,09576,61,38,23
09185,09577,128,91,37
09185,09661,0,0,0
09185,09662,0,0,0
09185,09663,0,0,0
09185,09671,11,11,0
09185,09672,42,42,0
09185,09673,0,0,0
09185,09674,0,0,0
09185,09675,0,0,0
09185,09676,0,0,0
09185,09677,0,0,0
09185,09678,0,0,0
09185,09679,0,0,0
09185,09761,1024,369,655
09185,09762,0,0,0
09185,09763,0,0,0
09185,09764,0,0,0
09185,09771,2951,1788,1163
09185,09772,504,258,246
09185,09773,110,65,45
09185,09774,53,33,20
09185,09775,31,14,17
09185,09776,0,0,0
09185,09777,30,18,12
09185,09778,40,40,0
09185,09779,2586,1050,1536
09185,09780,15,15,0
09185,10041,0,0,0
09185,10042,0,0,0
09185,10043,0,0,0
09185,10044,0,0,0
09185,10045,0,0,0
09185,10046,0,0,0
09185,11000,83,27,56
09185,12051,0,0,0
09185,12052,0,0,0
09185,12053,0,0,0
09185,12054,0,0,0
09185,12060,0,0,0
09185,12061,0,0,0
09185,12062,0,0,0
09185,12063,0,0,0
09185,12064,0,0,0
09185,12065,0,0,0
09185,12066,0,0,0
09185,12067,0,0,0
09185,12068,0,0,0
09185,12069,0,0,0
09185,12070,0,0,0
09185,12071,0,0,0
09185,12072,0,0,0
09185,12073,0,0,0
09185,13003,0,0,0
09185,13004,0,0,0
09185,13071,0,0,0
09185,13072,0,0,0
09185,13073,0,0,0
09185,13074,0,0,0
09185,13075,0,0,0
09185,13076,0,0,0
09185,14511,10,10,0
09185,14521,13,13,0
09185,14522,23,12,11
09185,14523,11,11,0
09185,14524,0,0,0
09185,14612,0,0,0
09185,14625,0,0,0
09185,14626,14,14,0
09185,14627,0,0,0
09185,14628,0,0,0
09185,14713,0,0,0
09185,14729,0,0,0
09185,14730,0,0,0
09185,15001,0,0,0
09185,15002,0,0,0
09185,15003,0,0,0
09185,15081,0,0,0
09185,15082,0,0,0
09185,15083,10,0,10
09185,15084,0,0,0
09185,15085,0,0,0
09185,15086,0,0,0
09185,15087,0,0,0
09185,15088,0,0,0
09185,15089,0,0,0
09185,15090,0,0,0
09185,15091,0,0,0
09185,16051,0,0,0
09185,16052,0,0,0
09185,16053,0,0,0
09185,16054,0,0,0
09185,16055,0,0,0
09185,16056,0,0,0
09185,16061,0,0,0
09185,16062,18,18,0
09185,16063,0,0,0
09185,16064,0,0,0
09185,16065,0,0,0
09185,16066,0,0,0
09185,16067,0,0,0
09185,16068,0,0,0
09185,16069,0,0,0
09185,16070,0,0,0
09185,16071,0,0,0
09185,16072,0,0,0
09185,16073,19,19,0
09185,16074,0,0,0
09185,16075,60,60,0
09185,16076,0,0,0
09185,16077,0,0,0
09186,01001,0,0,0
09186,01002,0,0,0
09186,01003,0,0,0
09186,01004,0,0,0
09186,01051,0,0,0
09186,01053,0,0,0
09186,01054,0,0,0
09186,01055,0,0,0
09186,01056,13,13,0
09186,01057,0,0,0
09186,01058,0,0,0
09186,01059,0,0,0
09186,01060,12,12,0
09186,01061,0,0,0
09186,01062,31,0,31
09186,02000,144,64,80
09186,03101,14,14,0
09186,03102,0,0,0
09186,03103,10,0,10
09186,03151,0,0,0
09186,03153,0,0,0
09186,03154,0,0,0
09186,03155,0,0,0
09186,03157,0,0,0
09186,03158,0,0,0
09186,03159,0,0,0
09186,03241,85,60,25
09186,03251,0,0,0
09186,03252,0,0,0
09186,03254,0,0,0
09186,03255,0,0,0
09186,03256,0,0,0
09186,03257,14,14,0
09186,03351,0,0,0
09186,03352,13,13,0
09186,03353,0,0,0
09186,03354,0,0,0
09186,03355,0,0,0
09186,03356,0,0,0
09186,03357,0,0,0
09186,03358,0,0,0
09186,03359,10,10,0
09186,03360,0,0,0
09186,03361,0,0,0
09186,03401,0,0,0
09186,03402,0,0,0
09186,03403,0,0,0
09186,03404,0,0,0
09186,03405,0,0,0
09186,03451,0,0,0
09186,03452,0,0,0
09186,03453,0,0,0
09186,03454,12,12,0
09186,03455,0,0,0
09186,03456,0,0,0
09186,03457,0,0,0
09186,03458,0,0,0
09186,03459,0,0,0
09186,03460,0,0,0
09186,03461,0,0,0
09186,03462,0,0,0
09186,04011,33,20,13
09186,04012,10,10,0
09186,05111,81,22,59
09186,05112,0,0,0
09186,05113,20,20,0
09186,05114,11,11,0
09186,05116,12,0,12
09186,05117,0,0,0
09186,05119,0,0,0
09186,05120,0,0,0
09186,05122,0,0,0
09186,05124,0,0,0
09186,05154,10,10,0
09186,05158,38,14,24
09186,05162,24,0,24
09186,05166,11,11,0
09186,05170,0,0,0
09186,05314,13,0,13
09186,05315,93,42,51
09186,05316,0,0,0
09186,05334,19,19,0
09186,05358,13,13,0
09186,05362,28,18,10
09186,05366,0,0,0
09186,05370,0,0,0
09186,05374,17,0,17
09186,05378,10,10,0
09186,05382,22,22,0
09186,05512,0,0,0
09186,05513,0,0,0
09186,05515,0,0,0
09186,05554,0,0,0
09186,05558,0,0,0
09186,05562,23,23,0
09186,05566,11,11,0
09186,05570,0,0,0
09186,05711,0,0,0
09186,05754,45,0,45
09186,05758,0,0,0
09186,05762,0,0,0
09186,05766,0,0,0
09186,05770,0,0,0
09186,05774,11,11,0
09186,05911,0,0,0
09186,05913,26,26,0
09186,05914,0,0,0
09186,05915,12,12,0
09186,05916,0,0,0
09186,05954,0,0,0
09186,05958,0,0,0
09186,05962,12,12,0
09186,05966,0,0,0
09186,05970,0,0,0
09186,05974,0,0,0
09186,05978,32,32,0
09186,06411,10,0,10
09186,06412,84,15,69
09186,06413,0,0,0
09186,06414,39,15,24
09186,06431,13,13,0
09186,06432,0,0,0
09186,06433,0,0,0
09186,06434,20,0,20
09186,06435,12,12,0
09186,06436,30,10,20
09186,06437,0,0,0
09186,06438,35,0,35
09186,06439,0,0,0
09186,06440,0,0,0
09186,06531,14,14,0
09186,06532,0,0,0
09186,06533,0,0,0
09186,06534,0,0,0
09186,06535,0,0,0
09186,06611,0,0,0
09186,06631,37,11,26
09186,06632,0,0,0
09186,06633,0,0,0
09186,06634,0,0,0
09186,06635,0,0,0
09186,06636,0,0,0
09186,07111,0,0,0
09186,07131,0,0,0
09186,07132,0,0,0
09186,07133,0,0,0
09186,07134,0,0,0
09186,07135,0,0,0
09186,07137,0,0,0
09186,07138,0,0,0
09186,07140,0,0,0
09186,07141,0,0,0
09186,07143,0,0,0
09186,07211,0,0,0
09186,07231,0,0,0
09186,07232,0,0,0
09186,07233,0,0,0
09186,07235,0,0,0
09186,07311,0,0,0
09186,07312,0,0,0
09186,07313,0,0,0
09186,07314,0,0,0
09186,07315,14,0,14
09186,07316,0,0,0
09186,07317,0,0,0
09186,07318,0,0,0
09186,07319,0,0,0
09186,07320,0,0,0
09186,07331,0,0,0
09186,07332,0,0,0
09186,07333,0,0,0
09186,07334,13,0,13
09186,07335,0,0,0
09186,07336,0,0,0
09186,07337,0,0,0
09186,07338,0,0,0
09186,07339,0,0,0
09186,07340,0,0,0
09186,08111,98,36,62
09186,08115,44,13,31
09186,08116,54,14,40
09186,08117,0,0,0
09186,08118,43,22,21
09186,08119,36,11,25
09186,08121,46,0,46
09186,08125,41,15,26
09186,08126,11,0,11
09186,08127,12,12,0
09186,08128,11,0,11
09186,08135,18,18,0
09186,08136,13,13,0
09186,08211,0,0,0
09186,08212,13,0,13
09186,08215,33,20,13
09186,08216,0,0,0
09186,08221,0,0,0
09186,08222,38,13,25
09186,08225,0,0,0
09186,08226,32,18,14
09186,08231,0,0,0
09186,08235,12,12,0
09186,08236,0,0,0
09186,08237,0,0,0
09186,08311,0,0,0
09186,08315,14,0,14
09186,08316,0,0,0
09186,08317,25,13,12
09186,08325,0,0,0
09186,08326,10,10,0
09186,08327,15,15,0
09186,08335,0,0,0
09186,08336,0,0,0
09186,08337,0,0,0
09186,08415,13,13,0
09186,08416,10,10,0
09186,08417,0,0,0
09186,08421,53,16,37
09186,08425,25,25,0
09186,08426,0,0,0
09186,08435,33,21,12
09186,08436,17,17,0
09186,08437,0,0,0
09186,09161,14666,3333,11333
09186,09162,9553,1217,8336
09186,09163,34,22,12
09186,09171,45,30,15
09186,09172,42,42,0
09186,09173,49,32,17
09186,09174,1692,554,1138
09186,09175,258,106,152
09186,09176,3908,1756,2152
09186,09177,435,148,287
09186,09178,3847,1635,2212
09186,09179,344,145,199
09186,09180,12,12,0
09186,09181,77,59,18
09186,09182,73,38,35
09186,09183,68,49,19
09186,09184,2386,487,1899
09186,09185,4738,3021,1717
09186,09186,0,0,0
09186,09187,152,113,39
09186,09188,124,47,77
09186,09189,80,25,55
09186,09190,40,23,17
09186,09261,123,48,75
09186,09262,12,0,12
09186,09263,0,0,0
09186,09271,21,21,0
09186,09272,0,0,0
09186,09273,3646,2367,1279
09186,09274,330,190,140
09186,09275,37,20,17
09186,09276,13,13,0
09186,09277,17,17,0
09186,09278,32,32,0
09186,09279,67,21,46
09186,09361,0,0,0
09186,09362,323,87,236
09186,09363,0,0,0
09186,09371,11,11,0
09186,09372,47,16,31
09186,09373,127,86,41
09186,09374,0,0,0
09186,09375,172,120,52
09186,09376,64,36,28
09186,09377,10,10,0
09186,09461,25,15,10
09186,09462,22,22,0
09186,09463,0,0,0
09186,09464,0,0,0
09186,09471,30,19,11
09186,09472,16,16,0
09186,09473,0,0,0
09186,09474,18,18,0
09186,09475,13,13,0
09186,09476,0,0,0
09186,09477,0,0,0
09186,09478,0,0,0
09186,09479,0,0,0
09186,09561,15,0,15
09186,09562,36,14,22
09186,09563,53,38,15
09186,09564,379,205,174
09186,09565,35,11,24
09186,09571,40,30,10
09186,09572,31,21,10
09186,09573,20,20,0
09186,09574,41,41,0
09186,09575,16,16,0
09186,09576,108,79,29
09186,09577,60,42,18
09186,09661,0,0,0
09186,09662,0,0,0
09186,09663,23,11,12
09186,09671,0,0,0
09186,09672,0,0,0
09186,09673,0,0,0
09186,09674,0,0,0
09186,09675,14,0,14
09186,09676,0,0,0
09186,09677,0,0,0
09186,09678,0,0,0
09186,09679,15,15,0
09186,09761,383,181,202
09186,09762,12,12,0
09186,09763,11,11,0
09186,09764,0,0,0
09186,09771,538,388,150
09186,09772,136,87,49
09186,09773,28,14,14
09186,09774,59,42,17
09186,09775,39,24,15
09186,09776,0,0,0
09186,09777,46,32,14
09186,09778,93,82,11
09186,09779,155,102,53
09186,09780,17,17,0
09186,10041,20,10,10
09186,10042,0,0,0
09186,10043,0,0,0
09186,10044,0,0,0
09186,10045,0,0,0
09186,10046,0,0,0
09186,11000,217,142,75
09186,12051,0,0,0
09186,12052,0,0,0
09186,12053,0,0,0
09186,12054,10,10,0
09186,12060,0,0,0
09186,12061,0,0,0
09186,12062,14,14,0
09186,12063,0,0,0
09186,12064,0,0,0
09186,12065,0,0,0
09186,12066,22,22,0
09186,12067,0,0,0
09186,12068,0,0,0
09186,12069,0,0,0
09186,12070,0,0,0
09186,12071,0,0,0
09186,12072,0,0,0
09186,12073,0,0,0
09186,13003,15,15,0
09186,13004,0,0,0
09186,13071,14,14,0
09186,13072,12,12,0
09186,13073,13,13,0
09186,13074,0,0,0
09186,13075,13,13,0
09186,13076,11,11,0
09186,14511,15,15,0
09186,14521,23,23,0
09186,14522,20,20,0
09186,14523,27,27,0
09186,14524,38,28,10
09186,14612,47,32,15
09186,14625,18,18,0
09186,14626,25,25,0
09186,14627,36,36,0
09186,14628,0,0,0
09186,14713,49,34,15
09186,14729,13,13,0
09186,14730,10,10,0
09186,15001,0,0,0
09186,15002,13,13,0
09186,15003,11,11,0
09186,15081,0,0,0
09186,15082,12,12,0
09186,15083,0,0,0
09186,15084,16,16,0
09186,15085,0,0,0
09186,15086,0,0,0
09186,15087,11,11,0
09186,15088,17,17,0
09186,15089,0,0,0
09186,15090,0,0,0
09186,15091,51,51,0
09186,16051,39,39,0
09186,16052,10,10,0
09186,16053,0,0,0
09186,16054,0,0,0
09186,16055,0,0,0
09186,16056,0,0,0
09186,16061,0,0,0
09186,16062,0,0,0
09186,16063,0,0,0
09186,16064,0,0,0
09186,16065,17,17,0
09186,16066,0,0,0
09186,16067,0,0,0
09186,16068,102,102,0
09186,16069,0,0,0
09186,16070,0,0,0
09186,16071,0,0,0
09186,16072,0,0,0
09186,16073,11,11,0
09186,16074,16,16,0
09186,16075,11,11,0
09186,16076,13,13,0
09186,16077,17,17,0
09187,01001,0,0,0
09187,01002,0,0,0
09187,01003,0,0,0
09187,01004,0,0,0
09187,01051,0,0,0
09187,01053,0,0,0
09187,01054,0,0,0
09187,01055,0,0,0
09187,01056,11,0,11
09187,01057,0,0,0
09187,01058,11,11,0
09187,01059,0,0,0
09187,01060,15,15,0
09187,01061,0,0,0
09187,01062,0,0,0
09187,02000,370,239,131
09187,03101,12,0,12
09187,03102,0,0,0
09187,03103,0,0,0
09187,03151,0,0,0
09187,03153,0,0,0
09187,03154,0,0,0
09187,03155,0,0,0
09187,03157,0,0,0
09187,03158,0,0,0
09187,03159,0,0,0
09187,03241,79,28,51
09187,03251,0,0,0
09187,03252,0,0,0
09187,03254,0,0,0
09187,03255,0,0,0
09187,03256,0,0,0
09187,03257,0,0,0
09187,03351,0,0,0
09187,03352,0,0,0
09187,03353,0,0,0
09187,03354,0,0,0
09187,03355,0,0,0
09187,03356,0,0,0
09187,03357,0,0,0
09187,03358,0,0,0
09187,03359,0,0,0
09187,03360,0,0,0
09187,03361,0,0,0
09187,03401,0,0,0
09187,03402,0,0,0
09187,03403,0,0,0
09187,03404,0,0,0
09187,03405,0,0,0
09187,03451,0,0,0
09187,03452,0,0,0
09187,03453,0,0,0
09187,03454,11,0,11
09187,03455,0,0,0
09187,03456,0,0,0
09187,03457,0,0,0
09187,03458,0,0,0
09187,03459,23,10,13
09187,03460,0,0,0
09187,03461,0,0,0
09187,03462,0,0,0
09187,04011,16,0,16
09187,04012,0,0,0
09187,05111,119,25,94
09187,05112,14,0,14
09187,05113,43,15,28
09187,05114,10,0,10
09187,05116,13,0,13
09187,05117,0,0,0
09187,05119,0,0,0
09187,05120,0,0,0
09187,05122,0,0,0
09187,05124,0,0,0
09187,05154,13,0,13
09187,05158,40,0,40
09187,05162,47,20,27
09187,05166,22,12,10
09187,05170,11,0,11
09187,05314,23,0,23
09187,05315,112,25,87
09187,05316,0,0,0
09187,05334,18,0,18
09187,05358,0,0,0
09187,05362,13,0,13
09187,05366,10,0,10
09187,05370,0,0,0
09187,05374,42,0,42
09187,05378,0,0,0
09187,05382,32,11,21
09187,05512,0,0,0
09187,05513,0,0,0
09187,05515,10,0,10
09187,05554,30,20,10
09187,05558,0,0,0
09187,05562,16,16,0
09187,05566,14,14,0
09187,05570,0,0,0
09187,05711,0,0,0
09187,05754,19,0,19
09187,05758,0,0,0
09187,05762,0,0,0
09187,05766,10,0,10
09187,05770,0,0,0
09187,05774,19,0,19
09187,05911,10,10,0
09187,05913,31,10,21
09187,05914,0,0,0
09187,05915,0,0,0
09187,05916,0,0,0
09187,05954,0,0,0
09187,05958,0,0,0
09187,05962,11,11,0
09187,05966,0,0,0
09187,05970,10,0,10
09187,05974,10,10,0
09187,05978,0,0,0
09187,06411,22,0,22
09187,06412,157,19,138
09187,06413,0,0,0
09187,06414,45,10,35
09187,06431,24,11,13
09187,06432,14,14,0
09187,06433,17,0,17
09187,06434,52,0,52
09187,06435,25,13,12
09187,06436,32,0,32
09187,06437,0,0,0
09187,06438,49,0,49
09187,06439,17,0,17
09187,06440,22,11,11
09187,06531,0,0,0
09187,06532,0,0,0
09187,06533,14,0,14
09187,06534,0,0,0
09187,06535,0,0,0
09187,06611,0,0,0
09187,06631,11,0,11
09187,06632,0,0,0
09187,06633,0,0,0
09187,06634,0,0,0
09187,06635,0,0,0
09187,06636,0,0,0
09187,07111,0,0,0
09187,07131,0,0,0
09187,07132,0,0,0
09187,07133,0,0,0
09187,07134,0,0,0
09187,07135,0,0,0
09187,07137,0,0,0
09187,07138,0,0,0
09187,07140,0,0,0
09187,07141,0,0,0
09187,07143,0,0,0
09187,07211,0,0,0
09187,07231,0,0,0
09187,07232,0,0,0
09187,07233,0,0,0
09187,07235,0,0,0
09187,07311,0,0,0
09187,07312,0,0,0
09187,07313,0,0,0
09187,07314,0,0,0
09187,07315,18,0,18
09187,07316,0,0,0
09187,07317,0,0,0
09187,07318,0,0,0
09187,07319,0,0,0
09187,07320,11,11,0
09187,07331,0,0,0
09187,07332,0,0,0
09187,07333,0,0,0
09187,07334,0,0,0
09187,07335,0,0,0
09187,07336,0,0,0
09187,07337,20,20,0
09187,07338,0,0,0
09187,07339,30,15,15
09187,07340,10,10,0
09187,08111,104,20,84
09187,08115,43,16,27
09187,08116,151,29,122
09187,08117,27,16,11
09187,08118,46,15,31
09187,08119,28,0,28
09187,08121,11,0,11
09187,08125,33,10,23
09187,08126,43,0,43
09187,08127,0,0,0
09187,08128,0,0,0
09187,08135,11,11,0
09187,08136,23,12,11
09187,08211,0,0,0
09187,08212,42,0,42
09187,08215,35,18,17
09187,08216,0,0,0
09187,08221,0,0,0
09187,08222,41,18,23
09187,08225,0,0,0
09187,08226,75,21,54
09187,08231,0,0,0
09187,08235,0,0,0
09187,08236,0,0,0
09187,08237,0,0,0
09187,08311,12,0,12
09187,08315,0,0,0
09187,08316,0,0,0
09187,08317,26,10,16
09187,08325,0,0,0
09187,08326,13,0,13
09187,08327,0,0,0
09187,08335,41,17,24
09187,08336,20,0,20
09187,08337,0,0,0
09187,08415,26,12,14
09187,08416,10,0,10
09187,08417,41,31,10
09187,08421,45,14,31
09187,08425,22,22,0
09187,08426,17,17,0
09187,08435,39,17,22
09187,08436,35,11,24
09187,08437,11,0,11
09187,09161,73,16,57
09187,09162,10437,1583,8854
09187,09163,25823,8513,17310
09187,09171,488,317,171
09187,09172,558,335,223
09187,09173,376,180,196
09187,09174,189,56,133
09187,09175,4143,1598,2545
09187,09176,41,11,30
09187,09177,608,286,322
09187,09178,542,88,454
09187,09179,255,114,141
09187,09180,119,42,77
09187,09181,69,39,30
09187,09182,3898,1328,2570
09187,09183,3222,2145,1077
09187,09184,4732,594,4138
09187,09185,54,18,36
09187,09186,152,39,113
09187,09187,0,0,0
09187,09188,188,62,126
09187,09189,7243,4873,2370
09187,09190,128,71,57
09187,09261,93,31,62
09187,09262,23,0,23
09187,09263,17,17,0
09187,09271,45,28,17
09187,09272,14,14,0
09187,09273,51,30,21
09187,09274,107,55,52
09187,09275,72,45,27
09187,09276,0,0,0
09187,09277,121,61,60
09187,09278,19,19,0
09187,09279,41,20,21
09187,09361,0,0,0
09187,09362,93,35,58
09187,09363,0,0,0
09187,09371,0,0,0
09187,09372,16,16,0
09187,09373,37,19,18
09187,09374,0,0,0
09187,09375,135,99,36
09187,09376,68,34,34
09187,09377,0,0,0
09187,09461,10,0,10
09187,09462,16,0,16
09187,09463,0,0,0
09187,09464,0,0,0
09187,09471,0,0,0
09187,09472,0,0,0
09187,09473,0,0,0
09187,09474,13,13,0
09187,09475,48,12,36
09187,09476,0,0,0
09187,09477,0,0,0
09187,09478,0,0,0
09187,09479,0,0,0
09187,09561,0,0,0
09187,09562,32,0,32
09187,09563,0,0,0
09187,09564,230,43,187
09187,09565,0,0,0
09187,09571,37,21,16
09187,09572,25,10,15
09187,09573,0,0,0
09187,09574,30,13,17
09187,09575,0,0,0
09187,09576,15,0,15
09187,09577,0,0,0
09187,09661,0,0,0
09187,09662,13,0,13
09187,09663,35,16,19
09187,09671,10,0,10
09187,09672,11,11,0
09187,09673,10,10,0
09187,09674,0,0,0
09187,09675,11,0,11
09187,09676,22,0,22
09187,09677,0,0,0
09187,09678,0,0,0
09187,09679,32,18,14
09187,09761,122,37,85
09187,09762,0,0,0
09187,09763,0,0,0
09187,09764,0,0,0
09187,09771,50,35,15
09187,09772,95,36,59
09187,09773,24,14,10
09187,09774,28,13,15
09187,09775,15,15,0
09187,09776,0,0,0
09187,09777,29,13,16
09187,09778,31,11,20
09187,09779,136,92,44
09187,09780,33,18,15
09187,10041,0,0,0
09187,10042,0,0,0
09187,10043,0,0,0
09187,10044,0,0,0
09187,10045,10,10,0
09187,10046,0,0,0
09187,11000,353,183,170
09187,12051,0,0,0
09187,12052,0,0,0
09187,12053,0,0,0
09187,12054,0,0,0
09187,12060,0,0,0
09187,12061,0,0,0
09187,12062,0,0,0
09187,12063,0,0,0
09187,12064,0,0,0
09187,12065,12,12,0
09187,12066,0,0,0
09187,12067,0,0,0
09187,12068,0,0,0
09187,12069,11,0,11
09187,12070,0,0,0
09187,12071,0,0,0
09187,12072,0,0,0
09187,12073,0,0,0
09187,13003,0,0,0
09187,13004,0,0,0
09187,13071,0,0,0
09187,13072,0,0,0
09187,13073,0,0,0
09187,13074,0,0,0
09187,13075,0,0,0
09187,13076,0,0,0
09187,14511,20,20,0
09187,14521,30,30,0
09187,14522,28,16,12
09187,14523,22,22,0
09187,14524,32,32,0
09187,14612,34,12,22
09187,14625,17,17,0
09187,14626,0,0,0
09187,14627,26,26,0
09187,14628,10,10,0
09187,14713,39,15,24
09187,14729,17,17,0
09187,14730,0,0,0
09187,15001,0,0,0
09187,15002,0,0,0
09187,15003,0,0,0
09187,15081,0,0,0
09187,15082,0,0,0
09187,15083,0,0,0
09187,15084,10,10,0
09187,15085,11,0,11
09187,15086,0,0,0
09187,15087,38,38,0
09187,15088,11,11,0
09187,15089,0,0,0
09187,15090,0,0,0
09187,15091,0,0,0
09187,16051,0,0,0
09187,16052,0,0,0
09187,16053,42,0,42
09187,16054,0,0,0
09187,16055,0,0,0
09187,16056,0,0,0
09187,16061,0,0,0
09187,16062,0,0,0
09187,16063,0,0,0
09187,16064,0,0,0
09187,16065,0,0,0
09187,16066,0,0,0
09187,16067,0,0,0
09187,16068,0,0,0
09187,16069,0,0,0
09187,16070,0,0,0
09187,16071,0,0,0
09187,16072,0,0,0
09187,16073,15,15,0
09187,16074,0,0,0
09187,16075,0,0,0
09187,16076,0,0,0
09187,16077,0,0,0
09188,01001,0,0,0
09188,01002,0,0,0
09188,01003,0,0,0
09188,01004,0,0,0
09188,01051,0,0,0
09188,01053,0,0,0
09188,01054,0,0,0
09188,01055,0,0,0
09188,01056,17,17,0
09188,01057,0,0,0
09188,01058,0,0,0
09188,01059,0,0,0
09188,01060,22,11,11
09188,01061,0,0,0
09188,01062,14,14,0
09188,02000,303,176,127
09188,03101,16,0,16
09188,03102,0,0,0
09188,03103,0,0,0
09188,03151,0,0,0
09188,03153,0,0,0
09188,03154,0,0,0
09188,03155,0,0,0
09188,03157,0,0,0
09188,03158,0,0,0
09188,03159,24,24,0
09188,03241,85,52,33
09188,03251,0,0,0
09188,03252,0,0,0
09188,03254,13,13,0
09188,03255,0,0,0
09188,03256,0,0,0
09188,03257,0,0,0
09188,03351,0,0,0
09188,03352,0,0,0
09188,03353,18,18,0
09188,03354,0,0,0
09188,03355,0,0,0
09188,03356,0,0,0
09188,03357,0,0,0
09188,03358,0,0,0
09188,03359,0,0,0
09188,03360,0,0,0
09188,03361,0,0,0
09188,03401,0,0,0
09188,03402,0,0,0
09188,03403,0,0,0
09188,03404,0,0,0
09188,03405,0,0,0
09188,03451,0,0,0
09188,03452,0,0,0
09188,03453,0,0,0
09188,03454,12,0,12
09188,03455,0,0,0
09188,03456,0,0,0
09188,03457,0,0,0
09188,03458,0,0,0
09188,03459,0,0,0
09188,03460,0,0,0
09188,03461,0,0,0
09188,03462,0,0,0
09188,04011,47,26,21
09188,04012,0,0,0
09188,05111,109,20,89
09188,05112,24,11,13
09188,05113,51,17,34
09188,05114,10,0,10
09188,05116,0,0,0
09188,05117,0,0,0
09188,05119,0,0,0
09188,05120,0,0,0
09188,05122,0,0,0
09188,05124,18,18,0
09188,05154,0,0,0
09188,05158,45,17,28
09188,05162,41,12,29
09188,05166,15,15,0
09188,05170,10,10,0
09188,05314,33,13,20
09188,05315,133,42,91
09188,05316,0,0,0
09188,05334,42,21,21
09188,05358,17,17,0
09188,05362,16,16,0
09188,05366,0,0,0
09188,05370,14,14,0
09188,05374,30,18,12
09188,05378,13,13,0
09188,05382,34,23,11
09188,05512,0,0,0
09188,05513,0,0,0
09188,05515,21,11,10
09188,05554,0,0,0
09188,05558,0,0,0
09188,05562,26,16,10
09188,05566,11,11,0
09188,05570,0,0,0
09188,05711,22,11,11
09188,05754,13,0,13
09188,05758,0,0,0
09188,05762,0,0,0
09188,05766,0,0,0
09188,05770,0,0,0
09188,05774,0,0,0
09188,05911,24,13,11
09188,05913,46,26,20
09188,05914,28,28,0
09188,05915,0,0,0
09188,05916,0,0,0
09188,05954,60,60,0
09188,05958,0,0,0
09188,05962,0,0,0
09188,05966,0,0,0
09188,05970,0,0,0
09188,05974,11,11,0
09188,05978,16,16,0
09188,06411,111,77,34
09188,06412,271,59,212
09188,06413,0,0,0
09188,06414,34,13,21
09188,06431,25,15,10
09188,06432,40,40,0
09188,06433,40,30,10
09188,06434,88,17,71
09188,06435,0,0,0
09188,06436,46,0,46
09188,06437,0,0,0
09188,06438,49,17,32
09188,06439,0,0,0
09188,06440,10,10,0
09188,06531,10,10,0
09188,06532,0,0,0
09188,06533,0,0,0
09188,06534,0,0,0
09188,06535,0,0,0
09188,06611,0,0,0
09188,06631,0,0,0
09188,06632,0,0,0
09188,06633,0,0,0
09188,06634,0,0,0
09188,06635,0,0,0
09188,06636,0,0,0
09188,07111,0,0,0
09188,07131,0,0,0
09188,07132,0,0,0
09188,07133,0,0,0
09188,07134,0,0,0
09188,07135,0,0,0
09188,07137,0,0,0
09188,07138,0,0,0
09188,07140,0,0,0
09188,07141,0,0,0
09188,07143,0,0,0
09188,07211,0,0,0
09188,07231,0,0,0
09188,07232,0,0,0
09188,07233,0,0,0
09188,07235,0,0,0
09188,07311,0,0,0
09188,07312,0,0,0
09188,07313,0,0,0
09188,07314,0,0,0
09188,07315,32,13,19
09188,07316,0,0,0
09188,07317,0,0,0
09188,07318,0,0,0
09188,07319,0,0,0
09188,07320,0,0,0
09188,07331,0,0,0
09188,07332,0,0,0
09188,07333,0,0,0
09188,07334,0,0,0
09188,07335,0,0,0
09188,07336,0,0,0
09188,07337,0,0,0
09188,07338,0,0,0
09188,07339,13,13,0
09188,07340,0,0,0
09188,08111,138,51,87
09188,08115,54,34,20
09188,08116,100,39,61
09188,08117,31,15,16
09188,08118,57,32,25
09188,08119,40,30,10
09188,08121,0,0,0
09188,08125,10,10,0
09188,08126,10,0,10
09188,08127,14,14,0
09188,08128,19,19,0
09188,08135,0,0,0
09188,08136,33,20,13
09188,08211,0,0,0
09188,08212,39,20,19
09188,08215,30,15,15
09188,08216,0,0,0
09188,08221,27,10,17
09188,08222,26,0,26
09188,08225,0,0,0
09188,08226,39,21,18
09188,08231,14,14,0
09188,08235,13,13,0
09188,08236,23,12,11
09188,08237,15,0,15
09188,08311,11,0,11
09188,08315,0,0,0
09188,08316,10,10,0
09188,08317,33,18,15
09188,08325,0,0,0
09188,08326,13,13,0
09188,08327,10,10,0
09188,08335,44,31,13
09188,08336,10,0,10
09188,08337,0,0,0
09188,08415,31,16,15
09188,08416,27,15,12
09188,08417,13,13,0
09188,08421,56,21,35
09188,08425,16,16,0
09188,08426,27,12,15
09188,08435,62,37,25
09188,08436,35,22,13
09188,08437,18,18,0
09188,09161,111,45,66
09188,09162,25061,8896,16165
09188,09163,81,45,36
09188,09171,38,24,14
09188,09172,36,25,11
09188,09173,2125,1457,668
09188,09174,869,639,230
09188,09175,355,213,142
09188,09176,45,23,22
09188,09177,209,129,80
09188,09178,694,268,426
09188,09179,6659,4716,1943
09188,09180,462,358,104
09188,09181,3688,3165,523
09188,09182,200,101,99
09188,09183,61,39,22
09188,09184,6068,1802,4266
09188,09185,93,49,44
09188,09186,124,77,47
09188,09187,188,126,62
09188,09188,0,0,0
09188,09189,94,72,22
09188,09190,4620,3508,1112
09188,09261,57,41,16
09188,09262,26,12,14
09188,09263,13,0,13
09188,09271,47,47,0
09188,09272,21,21,0
09188,09273,32,32,0
09188,09274,98,72,26
09188,09275,58,58,0
09188,09276,11,11,0
09188,09277,35,24,11
09188,09278,16,16,0
09188,09279,70,70,0
09188,09361,67,67,0
09188,09362,54,23,31
09188,09363,0,0,0
09188,09371,140,140,0
09188,09372,34,24,10
09188,09373,15,15,0
09188,09374,0,0,0
09188,09375,48,36,12
09188,09376,24,24,0
09188,09377,0,0,0
09188,09461,10,10,0
09188,09462,26,16,10
09188,09463,0,0,0
09188,09464,0,0,0
09188,09471,11,11,0
09188,09472,15,15,0
09188,09473,0,0,0
09188,09474,13,13,0
09188,09475,0,0,0
09188,09476,0,0,0
09188,09477,0,0,0
09188,09478,0,0,0
09188,09479,0,0,0
09188,09561,0,0,0
09188,09562,48,15,33
09188,09563,13,13,0
09188,09564,199,47,152
09188,09565,0,0,0
09188,09571,16,16,0
09188,09572,30,11,19
09188,09573,0,0,0
09188,09574,47,36,11
09188,09575,0,0,0
09188,09576,0,0,0
09188,09577,11,11,0
09188,09661,0,0,0
09188,09662,0,0,0
09188,09663,36,19,17
09188,09671,16,16,0
09188,09672,0,0,0
09188,09673,0,0,0
09188,09674,0,0,0
09188,09675,0,0,0
09188,09676,0,0,0
09188,09677,0,0,0
09188,09678,0,0,0
09188,09679,16,16,0
09188,09761,559,375,184
09188,09762,95,76,19
09188,09763,37,23,14
09188,09764,15,15,0
09188,09771,368,328,40
09188,09772,428,377,51
09188,09773,27,27,0
09188,09774,51,36,15
09188,09775,19,19,0
09188,09776,16,16,0
09188,09777,303,268,35
09188,09778,209,153,56
09188,09779,74,51,23
09188,09780,77,37,40
09188,10041,21,21,0
09188,10042,0,0,0
09188,10043,0,0,0
09188,10044,0,0,0
09188,10045,0,0,0
09188,10046,0,0,0
09188,11000,434,264,170
09188,12051,0,0,0
09188,12052,0,0,0
09188,12053,0,0,0
09188,12054,0,0,0
09188,12060,0,0,0
09188,12061,0,0,0
09188,12062,0,0,0
09188,12063,0,0,0
09188,12064,14,14,0
09188,12065,10,10,0
09188,12066,0,0,0
09188,12067,0,0,0
09188,12068,0,0,0
09188,12069,0,0,0
09188,12070,0,0,0
09188,12071,0,0,0
09188,12072,0,0,0
09188,12073,0,0,0
09188,13003,0,0,0
09188,13004,0,0,0
09188,13071,0,0,0
09188,13072,0,0,0
09188,13073,0,0,0
09188,13074,0,0,0
09188,13075,13,13,0
09188,13076,0,0,0
09188,14511,26,26,0
09188,14521,18,18,0
09188,14522,0,0,0
09188,14523,15,15,0
09188,14524,17,17,0
09188,14612,41,30,11
09188,14625,0,0,0
09188,14626,11,11,0
09188,14627,0,0,0
09188,14628,0,0,0
09188,14713,68,55,13
09188,14729,11,11,0
09188,14730,10,10,0
09188,15001,0,0,0
09188,15002,14,14,0
09188,15003,0,0,0
09188,15081,0,0,0
09188,15082,21,21,0
09188,15083,0,0,0
09188,15084,15,15,0
09188,15085,0,0,0
09188,15086,0,0,0
09188,15087,0,0,0
09188,15088,0,0,0
09188,15089,0,0,0
09188,15090,0,0,0
09188,15091,0,0,0
09188,16051,0,0,0
09188,16052,0,0,0
09188,16053,11,11,0
09188,16054,0,0,0
09188,16055,0,0,0
09188,16056,0,0,0
09188,16061,0,0,0
09188,16062,0,0,0
09188,16063,0,0,0
09188,16064,0,0,0
09188,16065,0,0,0
09188,16066,0,0,0
09188,16067,0,0,0
09188,16068,0,0,0
09188,16069,0,0,0
09188,16070,0,0,0
09188,16071,0,0,0
09188,16072,0,0,0
09188,16073,0,0,0
09188,16074,0,0,0
09188,16075,0,0,0
09188,16076,0,0,0
09188,16077,0,0,0
09189,01001,0,0,0
09189,01002,0,0,0
09189,01003,0,0,0
09189,01004,16,16,0
09189,01051,0,0,0
09189,01053,0,0,0
09189,01054,0,0,0
09189,01055,0,0,0
09189,01056,12,12,0
09189,01057,0,0,0
09189,01058,0,0,0
09189,01059,0,0,0
09189,01060,58,14,44
09189,01061,0,0,0
09189,01062,0,0,0
09189,02000,79,40,39
09189,03101,0,0,0
09189,03102,0,0,0
09189,03103,18,18,0
09189,03151,0,0,0
09189,03153,0,0,0
09189,03154,0,0,0
09189,03155,0,0,0
09189,03157,0,0,0
09189,03158,0,0,0
09189,03159,0,0,0
09189,03241,42,21,21
09189,03251,0,0,0
09189,03252,0,0,0
09189,03254,0,0,0
09189,03255,0,0,0
09189,03256,0,0,0
09189,03257,0,0,0
09189,03351,0,0,0
09189,03352,0,0,0
09189,03353,0,0,0
09189,03354,0,0,0
09189,03355,0,0,0
09189,03356,0,0,0
09189,03357,0,0,0
09189,03358,18,18,0
09189,03359,0,0,0
09189,03360,0,0,0
09189,03361,0,0,0
09189,03401,0,0,0
09189,03402,0,0,0
09189,03403,0,0,0
09189,03404,0,0,0
09189,03405,0,0,0
09189,03451,0,0,0
09189,03452,0,0,0
09189,03453,0,0,0
09189,03454,0,0,0
09189,03455,0,0,0
09189,03456,0,0,0
09189,03457,0,0,0
09189,03458,0,0,0
09189,03459,0,0,0
09189,03460,0,0,0
09189,03461,0,0,0
09189,03462,0,0,0
09189,04011,34,24,10
09189,04012,0,0,0
09189,05111,105,0,105
09189,05112,10,0,10
09189,05113,32,16,16
09189,05114,0,0,0
09189,05116,0,0,0
09189,05117,0,0,0
09189,05119,0,0,0
09189,05120,0,0,0
09189,05122,0,0,0
09189,05124,0,0,0
09189,05154,0,0,0
09189,05158,17,0,17
09189,05162,10,10,0
09189,05166,0,0,0
09189,05170,0,0,0
09189,05314,13,13,0
09189,05315,61,24,37
09189,05316,0,0,0
09189,05334,23,12,11
09189,05358,0,0,0
09189,05362,0,0,0
09189,05366,0,0,0
09189,05370,0,0,0
09189,05374,18,0,18
09189,05378,0,0,0
09189,05382,42,14,28
09189,05512,0,0,0
09189,05513,0,0,0
09189,05515,0,0,0
09189,05554,15,15,0
09189,05558,0,0,0
09189,05562,50,24,26
09189,05566,28,16,12
09189,05570,0,0,0
09189,05711,0,0,0
09189,05754,16,0,16
09189,05758,0,0,0
09189,05762,0,0,0
09189,05766,0,0,0
09189,05770,0,0,0
09189,05774,0,0,0
09189,05911,14,14,0
09189,05913,24,12,12
09189,05914,0,0,0
09189,05915,0,0,0
09189,05916,0,0,0
09189,05954,10,10,0
09189,05958,0,0,0
09189,05962,0,0,0
09189,05966,0,0,0
09189,05970,0,0,0
09189,05974,0,0,0
09189,05978,0,0,0
09189,06411,0,0,0
09189,06412,70,23,47
09189,06413,0,0,0
09189,06414,15,0,15
09189,06431,22,11,11
09189,06432,0,0,0
09189,06433,10,0,10
09189,06434,0,0,0
09189,06435,12,0,12
09189,06436,15,0,15
09189,06437,0,0,0
09189,06438,25,11,14
09189,06439,0,0,0
09189,06440,0,0,0
09189,06531,0,0,0
09189,06532,0,0,0
09189,06533,0,0,0
09189,06534,0,0,0
09189,06535,0,0,0
09189,06611,0,0,0
09189,06631,0,0,0
09189,06632,0,0,0
09189,06633,0,0,0
09189,06634,0,0,0
09189,06635,0,0,0
09189,06636,0,0,0
09189,07111,0,0,0
09189,07131,0,0,0
09189,07132,0,0,0
09189,07133,0,0,0
09189,07134,0,0,0
09189,07135,0,0,0
09189,07137,0,0,0
09189,07138,0,0,0
09189,07140,0,0,0
09189,07141,0,0,0
09189,07143,11,11,0
09189,07211,0,0,0
09189,07231,0,0,0
09189,07232,0,0,0
09189,07233,0,0,0
09189,07235,0,0,0
09189,07311,0,0,0
09189,07312,0,0,0
09189,07313,0,0,0
09189,07314,13,13,0
09189,07315,0,0,0
09189,07316,0,0,0
09189,07317,0,0,0
09189,07318,0,0,0
09189,07319,0,0,0
09189,07320,0,0,0
09189,07331,0,0,0
09189,07332,0,0,0
09189,07333,0,0,0
09189,07334,0,0,0
09189,07335,0,0,0
09189,07336,0,0,0
09189,07337,0,0,0
09189,07338,0,0,0
09189,07339,0,0,0
09189,07340,0,0,0
09189,08111,77,18,59
09189,08115,11,11,0
09189,08116,31,16,15
09189,08117,19,19,0
09189,08118,32,18,14
09189,08119,214,0,214
09189,08121,0,0,0
09189,08125,23,10,13
09189,08126,17,0,17
09189,08127,0,0,0
09189,08128,13,13,0
09189,08135,22,0,22
09189,08136,0,0,0
09189,08211,0,0,0
09189,08212,26,16,10
09189,08215,32,20,12
09189,08216,0,0,0
09189,08221,21,21,0
09189,08222,11,11,0
09189,08225,0,0,0
09189,08226,27,27,0
09189,08231,0,0,0
09189,08235,0,0,0
09189,08236,0,0,0
09189,08237,0,0,0
09189,08311,0,0,0
09189,08315,0,0,0
09189,08316,0,0,0
09189,08317,0,0,0
09189,08325,0,0,0
09189,08326,0,0,0
09189,08327,0,0,0
09189,08335,0,0,0
09189,08336,0,0,0
09189,08337,0,0,0
09189,08415,32,19,13
09189,08416,0,0,0
09189,08417,0,0,0
09189,08421,22,0,22
09189,08425,0,0,0
09189,08426,0,0,0
09189,08435,0,0,0
09189,08436,13,13,0
09189,08437,0,0,0
09189,09161,97,40,57
09189,09162,2543,396,2147
09189,09163,1474,335,1139
09189,09171,5731,3790,1941
09189,09172,6617,3816,2801
09189,09173,64,33,31
09189,09174,59,24,35
09189,09175,292,112,180
09189,09176,40,16,24
09189,09177,108,43,65
09189,09178,222,41,181
09189,09179,104,39,65
09189,09180,38,25,13
09189,09181,31,11,20
09189,09182,213,68,145
09189,09183,1660,813,847
09189,09184,726,84,642
09189,09185,43,28,15
09189,09186,80,55,25
09189,09187,7243,2370,4873
09189,09188,94,22,72
09189,09189,0,0,0
09189,09190,63,17,46
09189,09261,53,0,53
09189,09262,81,0,81
09189,09263,14,14,0
09189,09271,43,25,18
09189,09272,54,54,0
09189,09273,57,57,0
09189,09274,98,44,54
09189,09275,80,49,31
09189,09276,30,30,0
09189,09277,228,173,55
09189,09278,35,23,12
09189,09279,44,18,26
09189,09361,0,0,0
09189,09362,88,23,65
09189,09363,0,0,0
09189,09371,0,0,0
09189,09372,45,45,0
09189,09373,0,0,0
09189,09374,0,0,0
09189,09375,31,31,0
09189,09376,33,0,33
09189,09377,0,0,0
09189,09461,0,0,0
09189,09462,0,0,0
09189,09463,0,0,0
09189,09464,0,0,0
09189,09471,0,0,0
09189,09472,0,0,0
09189,09473,0,0,0
09189,09474,0,0,0
09189,09475,0,0,0
09189,09476,0,0,0
09189,09477,0,0,0
09189,09478,0,0,0
09189,09479,0,0,0
09189,09561,0,0,0
09189,09562,18,0,18
09189,09563,0,0,0
09189,09564,119,49,70
09189,09565,0,0,0
09189,09571,0,0,0
09189,09572,0,0,0
09189,09573,12,12,0
09189,09574,25,13,12
09189,09575,0,0,0
09189,09576,10,10,0
09189,09577,0,0,0
09189,09661,0,0,0
09189,09662,0,0,0
09189,09663,88,0,88
09189,09671,0,0,0
09189,09672,0,0,0
09189,09673,0,0,0
09189,09674,0,0,0
09189,09675,0,0,0
09189,09676,0,0,0
09189,09677,0,0,0
09189,09678,0,0,0
09189,09679,0,0,0
09189,09761,71,35,36
09189,09762,0,0,0
09189,09763,24,24,0
09189,09764,0,0,0
09189,09771,27,15,12
09189,09772,53,19,34
09189,09773,0,0,0
09189,09774,0,0,0
09189,09775,10,10,0
09189,09776,0,0,0
09189,09777,14,14,0
09189,09778,11,11,0
09189,09779,10,0,10
09189,09780,37,26,11
09189,10041,14,0,14
09189,10042,0,0,0
09189,10043,0,0,0
09189,10044,0,0,0
09189,10045,0,0,0
09189,10046,0,0,0
09189,11000,182,104,78
09189,12051,0,0,0
09189,12052,0,0,0
09189,12053,0,0,0
09189,12054,0,0,0
09189,12060,0,0,0
09189,12061,0,0,0
09189,12062,0,0,0
09189,12063,14,14,0
09189,12064,0,0,0
09189,12065,0,0,0
09189,12066,0,0,0
09189,12067,0,0,0
09189,12068,0,0,0
09189,12069,0,0,0
09189,12070,0,0,0
09189,12071,0,0,0
09189,12072,0,0,0
09189,12073,0,0,0
09189,13003,0,0,0
09189,13004,0,0,0
09189,13071,0,0,0
09189,13072,0,0,0
09189,13073,0,0,0
09189,13074,0,0,0
09189,13075,0,0,0
09189,13076,0,0,0
09189,14511,10,10,0
09189,14521,0,0,0
09189,14522,26,12,14
09189,14523,10,10,0
09189,14524,0,0,0
09189,14612,13,13,0
09189,14625,0,0,0
09189,14626,0,0,0
09189,14627,0,0,0
09189,14628,0,0,0
09189,14713,17,17,0
09189,14729,0,0,0
09189,14730,16,16,0
09189,15001,0,0,0
09189,15002,0,0,0
09189,15003,0,0,0
09189,15081,0,0,0
09189,15082,0,0,0
09189,15083,0,0,0
09189,15084,0,0,0
09189,15085,0,0,0
09189,15086,0,0,0
09189,15087,0,0,0
09189,15088,14,14,0
09189,15089,10,10,0
09189,15090,0,0,0
09189,15091,0,0,0
09189,16051,0,0,0
09189,16052,0,0,0
09189,16053,0,0,0
09189,16054,0,0,0
09189,16055,0,0,0
09189,16056,0,0,0
09189,16061,0,0,0
09189,16062,0,0,0
09189,16063,0,0,0
09189,16064,0,0,0
09189,16065,0,0,0
09189,16066,0,0,0
09189,16067,0,0,0
09189,16068,0,0,0
09189,16069,0,0,0
09189,16070,0,0,0
09189,16071,0,0,0
09189,16072,0,0,0
09189,16073,0,0,0
09189,16074,0,0,0
09189,16075,0,0,0
09189,16076,21,0,21
09189,16077,0,0,0
09190,01001,0,0,0
09190,01002,23,12,11
09190,01003,0,0,0
09190,01004,0,0,0
09190,01051,0,0,0
09190,01053,0,0,0
09190,01054,0,0,0
09190,01055,0,0,0
09190,01056,0,0,0
09190,01057,0,0,0
09190,01058,19,19,0
09190,01059,0,0,0
09190,01060,0,0,0
09190,01061,0,0,0
09190,01062,0,0,0
09190,02000,62,13,49
09190,03101,0,0,0
09190,03102,0,0,0
09190,03103,0,0,0
09190,03151,0,0,0
09190,03153,0,0,0
09190,03154,0,0,0
09190,03155,0,0,0
09190,03157,0,0,0
09190,03158,0,0,0
09190,03159,10,10,0
09190,03241,30,13,17
09190,03251,0,0,0
09190,03252,0,0,0
09190,03254,0,0,0
09190,03255,0,0,0
09190,03256,0,0,0
09190,03257,0,0,0
09190,03351,0,0,0
09190,03352,0,0,0
09190,03353,0,0,0
09190,03354,0,0,0
09190,03355,0,0,0
09190,03356,0,0,0
09190,03357,0,0,0
09190,03358,0,0,0
09190,03359,0,0,0
09190,03360,0,0,0
09190,03361,0,0,0
09190,03401,0,0,0
09190,03402,13,0,13
09190,03403,0,0,0
09190,03404,0,0,0
09190,03405,0,0,0
09190,03451,0,0,0
09190,03452,0,0,0
09190,03453,0,0,0
09190,03454,0,0,0
09190,03455,0,0,0
09190,03456,0,0,0
09190,03457,0,0,0
09190,03458,0,0,0
09190,03459,0,0,0
09190,03460,0,0,0
09190,03461,0,0,0
09190,03462,0,0,0
09190,04011,10,0,10
09190,04012,0,0,0
09190,05111,36,0,36
09190,05112,0,0,0
09190,05113,13,0,13
09190,05114,0,0,0
09190,05116,0,0,0
09190,05117,0,0,0
09190,05119,0,0,0
09190,05120,0,0,0
09190,05122,0,0,0
09190,05124,0,0,0
09190,05154,0,0,0
09190,05158,12,0,12
09190,05162,0,0,0
09190,05166,0,0,0
09190,05170,0,0,0
09190,05314,14,0,14
09190,05315,48,0,48
09190,05316,0,0,0
09190,05334,0,0,0
09190,05358,0,0,0
09190,05362,0,0,0
09190,05366,0,0,0
09190,05370,0,0,0
09190,05374,0,0,0
09190,05378,10,10,0
09190,05382,12,0,12
09190,05512,0,0,0
09190,05513,0,0,0
09190,05515,11,0,11
09190,05554,0,0,0
09190,05558,0,0,0
09190,05562,0,0,0
09190,05566,0,0,0
09190,05570,0,0,0
09190,05711,0,0,0
09190,05754,0,0,0
09190,05758,0,0,0
09190,05762,0,0,0
09190,05766,0,0,0
09190,05770,0,0,0
09190,05774,0,0,0
09190,05911,0,0,0
09190,05913,10,0,10
09190,05914,0,0,0
09190,05915,0,0,0
09190,05916,0,0,0
09190,05954,0,0,0
09190,05958,0,0,0
09190,05962,0,0,0
09190,05966,0,0,0
09190,05970,22,0,22
09190,05974,0,0,0
09190,05978,0,0,0
09190,06411,11,0,11
09190,06412,71,11,60
09190,06413,0,0,0
09190,06414,10,0,10
09190,06431,0,0,0
09190,06432,0,0,0
09190,06433,0,0,0
09190,06434,22,0,22
09190,06435,10,0,10
09190,06436,16,0,16
09190,06437,0,0,0
09190,06438,21,0,21
09190,06439,0,0,0
09190,06440,0,0,0
09190,06531,0,0,0
09190,06532,0,0,0
09190,06533,0,0,0
09190,06534,0,0,0
09190,06535,0,0,0
09190,06611,0,0,0
09190,06631,0,0,0
09190,06632,0,0,0
09190,06633,0,0,0
09190,06634,0,0,0
09190,06635,0,0,0
09190,06636,0,0,0
09190,07111,0,0,0
09190,07131,0,0,0
09190,07132,0,0,0
09190,07133,0,0,0
09190,07134,0,0,0
09190,07135,0,0,0
09190,07137,0,0,0
09190,07138,0,0,0
09190,07140,0,0,0
09190,07141,0,0,0
09190,07143,0,0,0
09190,07211,0,0,0
09190,07231,0,0,0
09190,07232,0,0,0
09190,07233,0,0,0
09190,07235,0,0,0
09190,07311,0,0,0
09190,07312,0,0,0
09190,07313,0,0,0
09190,07314,0,0,0
09190,07315,10,0,10
09190,07316,0,0,0
09190,07317,0,0,0
09190,07318,0,0,0
09190,07319,0,0,0
09190,07320,0,0,0
09190,07331,0,0,0
09190,07332,12,12,0
09190,07333,0,0,0
09190,07334,10,10,0
09190,07335,0,0,0
09190,07336,0,0,0
09190,07337,0,0,0
09190,07338,0,0,0
09190,07339,0,0,0
09190,07340,0,0,0
09190,08111,59,19,40
09190,08115,12,0,12
09190,08116,38,14,24
09190,08117,12,0,12
09190,08118,38,19,19
09190,08119,0,0,0
09190,08121,0,0,0
09190,08125,0,0,0
09190,08126,15,0,15
09190,08127,0,0,0
09190,08128,0,0,0
09190,08135,0,0,0
09190,08136,10,10,0
09190,08211,0,0,0
09190,08212,0,0,0
09190,08215,0,0,0
09190,08216,0,0,0
09190,08221,0,0,0
09190,08222,54,18,36
09190,08225,0,0,0
09190,08226,13,0,13
09190,08231,0,0,0
09190,08235,0,0,0
09190,08236,0,0,0
09190,08237,0,0,0
09190,08311,0,0,0
09190,08315,0,0,0
09190,08316,0,0,0
09190,08317,0,0,0
09190,08325,0,0,0
09190,08326,0,0,0
09190,08327,0,0,0
09190,08335,11,0,11
09190,08336,0,0,0
09190,08337,0,0,0
09190,08415,0,0,0
09190,08416,18,0,18
09190,08417,0,0,0
09190,08421,16,0,16
09190,08425,0,0,0
09190,08426,11,11,0
09190,08435,0,0,0
09190,08436,39,17,22
09190,08437,0,0,0
09190,09161,43,13,30
09190,09162,6529,1446,5083
09190,09163,60,24,36
09190,09171,11,11,0
09190,09172,21,11,10
09190,09173,5167,3211,1956
09190,09174,114,42,72
09190,09175,121,37,84
09190,09176,13,0,13
09190,09177,59,24,35
09190,09178,222,62,160
09190,09179,412,190,222
09190,09180,5207,2986,2221
09190,09181,4356,2433,1923
09190,09182,296,144,152
09190,09183,28,16,12
09190,09184,1436,228,1208
09190,09185,67,16,51
09190,09186,40,17,23
09190,09187,128,57,71
09190,09188,4620,1112,3508
09190,09189,63,46,17
09190,09190,0,0,0
09190,09261,11,0,11
09190,09262,0,0,0
09190,09263,0,0,0
09190,09271,26,0,26
09190,09272,0,0,0
09190,09273,0,0,0
09190,09274,41,16,25
09190,09275,0,0,0
09190,09276,0,0,0
09190,09277,0,0,0
09190,09278,0,0,0
09190,09279,0,0,0
09190,09361,0,0,0
09190,09362,18,0,18
09190,09363,0,0,0
09190,09371,0,0,0
09190,09372,0,0,0
09190,09373,0,0,0
09190,09374,0,0,0
09190,09375,31,17,14
09190,09376,0,0,0
09190,09377,0,0,0
09190,09461,0,0,0
09190,09462,10,0,10
09190,09463,0,0,0
09190,09464,0,0,0
09190,09471,0,0,0
09190,09472,0,0,0
09190,09473,11,0,11
09190,09474,0,0,0
09190,09475,0,0,0
09190,09476,12,0,12
09190,09477,0,0,0
09190,09478,0,0,0
09190,09479,0,0,0
09190,09561,0,0,0
09190,09562,15,0,15
09190,09563,0,0,0
09190,09564,61,14,47
09190,09565,0,0,0
09190,09571,0,0,0
09190,09572,0,0,0
09190,09573,0,0,0
09190,09574,0,0,0
09190,09575,0,0,0
09190,09576,0,0,0
09190,09577,0,0,0
09190,09661,0,0,0
09190,09662,0,0,0
09190,09663,14,0,14
09190,09671,0,0,0
09190,09672,0,0,0
09190,09673,0,0,0
09190,09674,0,0,0
09190,09675,0,0,0
09190,09676,0,0,0
09190,09677,0,0,0
09190,09678,0,0,0
09190,09679,0,0,0
09190,09761,457,97,360
09190,09762,626,402,224
09190,09763,148,45,103
09190,09764,19,0,19
09190,09771,72,48,24
09190,09772,204,123,81
09190,09773,26,26,0
09190,09774,16,0,16
09190,09775,22,0,22
09190,09776,19,0,19
09190,09777,2726,1317,1409
09190,09778,186,105,81
09190,09779,37,12,25
09190,09780,160,56,104
09190,10041,0,0,0
09190,10042,0,0,0
09190,10043,0,0,0
09190,10044,0,0,0
09190,10045,0,0,0
09190,10046,0,0,0
09190,11000,143,33,110
09190,12051,0,0,0
09190,12052,0,0,0
09190,12053,0,0,0
09190,12054,0,0,0
09190,12060,0,0,0
09190,12061,0,0,0
09190,12062,0,0,0
09190,12063,0,0,0
09190,12064,0,0,0
09190,12065,0,0,0
09190,12066,0,0,0
09190,12067,0,0,0
09190,12068,0,0,0
09190,12069,0,0,0
09190,12070,0,0,0
09190,12071,0,0,0
09190,12072,0,0,0
09190,12073,0,0,0
09190,13003,0,0,0
09190,13004,0,0,0
09190,13071,0,0,0
09190,13072,0,0,0
09190,13073,0,0,0
09190,13074,0,0,0
09190,13075,0,0,0
09190,13076,0,0,0
09190,14511,0,0,0
09190,14521,0,0,0
09190,14522,0,0,0
09190,14523,12,12,0
09190,14524,0,0,0
09190,14612,12,12,0
09190,14625,0,0,0
09190,14626,0,0,0
09190,14627,0,0,0
09190,14628,0,0,0
09190,14713,23,12,11
09190,14729,0,0,0
09190,14730,0,0,0
09190,15001,0,0,0
09190,15002,0,0,0
09190,15003,0,0,0
09190,15081,0,0,0
09190,15082,0,0,0
09190,15083,0,0,0
09190,15084,0,0,0
09190,15085,0,0,0
09190,15086,0,0,0
09190,15087,0,0,0
09190,15088,0,0,0
09190,15089,0,0,0
09190,15090,0,0,0
09190,15091,0,0,0
09190,16051,0,0,0
09190,16052,0,0,0
09190,16053,0,0,0
09190,16054,0,0,0
09190,16055,0,0,0
09190,16056,0,0,0
09190,16061,0,0,0
09190,16062,0,0,0
09190,16063,0,0,0
09190,16064,0,0,0
09190,16065,0,0,0
09190,16066,0,0,0
09190,16067,0,0,0
09190,16068,0,0,0
09190,16069,0,0,0
09190,16070,0,0,0
09190,16071,0,0,0
09190,16072,0,0,0
09190,16073,0,0,0
09190,16074,0,0,0
09190,16075,0,0,0
09190,16076,0,0,0
09190,16077,0,0,0
09261,01001,0,0,0
09261,01002,0,0,0
09261,01003,0,0,0
09261,01004,0,0,0
09261,01051,0,0,0
09261,01053,0,0,0
09261,01054,0,0,0
09261,01055,0,0,0
09261,01056,0,0,0
09261,01057,0,0,0
09261,01058,0,0,0
09261,01059,0,0,0
09261,01060,0,0,0
09261,01061,0,0,0
09261,01062,0,0,0
09261,02000,79,15,64
09261,03101,0,0,0
09261,03102,0,0,0
09261,03103,13,0,13
09261,03151,0,0,0
09261,03153,0,0,0
09261,03154,0,0,0
09261,03155,0,0,0
09261,03157,0,0,0
09261,03158,0,0,0
09261,03159,0,0,0
09261,03241,26,0,26
09261,03251,0,0,0
09261,03252,0,0,0
09261,03254,0,0,0
09261,03255,0,0,0
09261,03256,0,0,0
09261,03257,0,0,0
09261,03351,0,0,0
09261,03352,0,0,0
09261,03353,0,0,0
09261,03354,0,0,0
09261,03355,0,0,0
09261,03356,0,0,0
09261,03357,0,0,0
09261,03358,0,0,0
09261,03359,0,0,0
09261,03360,0,0,0
09261,03361,0,0,0
09261,03401,0,0,0
09261,03402,0,0,0
09261,03403,0,0,0
09261,03404,0,0,0
09261,03405,0,0,0
09261,03451,0,0,0
09261,03452,0,0,0
09261,03453,0,0,0
09261,03454,0,0,0
09261,03455,0,0,0
09261,03456,0,0,0
09261,03457,0,0,0
09261,03458,0,0,0
09261,03459,0,0,0
09261,03460,0,0,0
09261,03461,0,0,0
09261,03462,0,0,0
09261,04011,0,0,0
09261,04012,0,0,0
09261,05111,39,0,39
09261,05112,0,0,0
09261,05113,0,0,0
09261,05114,63,0,63
09261,05116,0,0,0
09261,05117,0,0,0
09261,05119,0,0,0
09261,05120,0,0,0
09261,05122,0,0,0
09261,05124,0,0,0
09261,05154,0,0,0
09261,05158,0,0,0
09261,05162,11,0,11
09261,05166,0,0,0
09261,05170,0,0,0
09261,05314,0,0,0
09261,05315,36,0,36
09261,05316,0,0,0
09261,05334,0,0,0
09261,05358,0,0,0
09261,05362,0,0,0
09261,05366,0,0,0
09261,05370,0,0,0
09261,05374,11,0,11
09261,05378,0,0,0
09261,05382,0,0,0
09261,05512,0,0,0
09261,05513,0,0,0
09261,05515,0,0,0
09261,05554,0,0,0
09261,05558,0,0,0
09261,05562,61,0,61
09261,05566,0,0,0
09261,05570,0,0,0
09261,05711,0,0,0
09261,05754,0,0,0
09261,05758,0,0,0
09261,05762,0,0,0
09261,05766,0,0,0
09261,05770,0,0,0
09261,05774,0,0,0
09261,05911,0,0,0
09261,05913,0,0,0
09261,05914,0,0,0
09261,05915,0,0,0
09261,05916,0,0,0
09261,05954,0,0,0
09261,05958,0,0,0
09261,05962,0,0,0
09261,05966,0,0,0
09261,05970,0,0,0
09261,05974,0,0,0
09261,05978,0,0,0
09261,06411,0,0,0
09261,06412,88,13,75
09261,06413,0,0,0
09261,06414,0,0,0
09261,06431,0,0,0
09261,06432,0,0,0
09261,06433,0,0,0
09261,06434,18,0,18
09261,06435,10,0,10
09261,06436,11,0,11
09261,06437,0,0,0
09261,06438,12,0,12
09261,06439,0,0,0
09261,06440,0,0,0
09261,06531,0,0,0
09261,06532,0,0,0
09261,06533,14,14,0
09261,06534,0,0,0
09261,06535,0,0,0
09261,06611,0,0,0
09261,06631,0,0,0
09261,06632,0,0,0
09261,06633,0,0,0
09261,06634,0,0,0
09261,06635,0,0,0
09261,06636,0,0,0
09261,07111,0,0,0
09261,07131,0,0,0
09261,07132,0,0,0
09261,07133,0,0,0
09261,07134,0,0,0
09261,07135,0,0,0
09261,07137,0,0,0
09261,07138,0,0,0
09261,07140,0,0,0
09261,07141,0,0,0
09261,07143,0,0,0
09261,07211,0,0,0
09261,07231,0,0,0
09261,07232,0,0,0
09261,07233,0,0,0
09261,07235,0,0,0
09261,07311,0,0,0
09261,07312,0,0,0
09261,07313,0,0,0
09261,07314,0,0,0
09261,07315,0,0,0
09261,07316,0,0,0
09261,07317,0,0,0
09261,07318,0,0,0
09261,07319,0,0,0
09261,07320,0,0,0
09261,07331,0,0,0
09261,07332,0,0,0
09261,07333,0,0,0
09261,07334,0,0,0
09261,07335,0,0,0
09261,07336,0,0,0
09261,07337,0,0,0
09261,07338,0,0,0
09261,07339,0,0,0
09261,07340,0,0,0
09261,08111,21,0,21
09261,08115,11,11,0
09261,08116,21,0,21
09261,08117,0,0,0
09261,08118,22,11,11
09261,08119,14,0,14
09261,08121,0,0,0
09261,08125,0,0,0
09261,08126,0,0,0
09261,08127,0,0,0
09261,08128,0,0,0
09261,08135,0,0,0
09261,08136,0,0,0
09261,08211,0,0,0
09261,08212,0,0,0
09261,08215,0,0,0
09261,08216,0,0,0
09261,08221,0,0,0
09261,08222,0,0,0
09261,08225,0,0,0
09261,08226,0,0,0
09261,08231,13,13,0
09261,08235,0,0,0
09261,08236,13,13,0
09261,08237,0,0,0
09261,08311,0,0,0
09261,08315,0,0,0
09261,08316,0,0,0
09261,08317,0,0,0
09261,08325,0,0,0
09261,08326,0,0,0
09261,08327,0,0,0
09261,08335,0,0,0
09261,08336,0,0,0
09261,08337,0,0,0
09261,08415,0,0,0
09261,08416,0,0,0
09261,08417,0,0,0
09261,08421,12,0,12
09261,08425,0,0,0
09261,08426,0,0,0
09261,08435,0,0,0
09261,08436,0,0,0
09261,08437,0,0,0
09261,09161,85,27,58
09261,09162,2836,493,2343
09261,09163,33,10,23
09261,09171,126,93,33
09261,09172,31,20,11
09261,09173,17,17,0
09261,09174,100,43,57
09261,09175,101,36,65
09261,09176,41,20,21
09261,09177,1521,654,867
09261,09178,3065,1075,1990
09261,09179,87,38,49
09261,09180,0,0,0
09261,09181,33,16,17
09261,09182,23,11,12
09261,09183,332,228,104
09261,09184,768,116,652
09261,09185,35,16,19
09261,09186,123,75,48
09261,09187,93,62,31
09261,09188,57,16,41
09261,09189,53,53,0
09261,09190,11,11,0
09261,09261,0,0,0
09261,09262,99,76,23
09261,09263,173,106,67
09261,09271,406,321,85
09261,09272,80,80,0
09261,09273,688,531,157
09261,09274,22739,15817,6922
09261,09275,209,184,25
09261,09276,111,111,0
09261,09277,368,311,57
09261,09278,488,424,64
09261,09279,2895,1834,1061
09261,09361,0,0,0
09261,09362,414,166,248
09261,09363,0,0,0
09261,09371,14,14,0
09261,09372,59,46,13
09261,09373,27,15,12
09261,09374,14,14,0
09261,09375,307,255,52
09261,09376,72,60,12
09261,09377,0,0,0
09261,09461,0,0,0
09261,09462,0,0,0
09261,09463,0,0,0
09261,09464,0,0,0
09261,09471,0,0,0
09261,09472,0,0,0
09261,09473,0,0,0
09261,09474,0,0,0
09261,09475,0,0,0
09261,09476,0,0,0
09261,09477,0,0,0
09261,09478,0,0,0
09261,09479,0,0,0
09261,09561,0,0,0
09261,09562,19,0,19
09261,09563,0,0,0
09261,09564,96,26,70
09261,09565,0,0,0
09261,09571,0,0,0
09261,09572,0,0,0
09261,09573,0,0,0
09261,09574,0,0,0
09261,09575,0,0,0
09261,09576,0,0,0
09261,09577,0,0,0
09261,09661,0,0,0
09261,09662,0,0,0
09261,09663,0,0,0
09261,09671,0,0,0
09261,09672,0,0,0
09261,09673,0,0,0
09261,09674,0,0,0
09261,09675,0,0,0
09261,09676,0,0,0
09261,09677,0,0,0
09261,09678,0,0,0
09261,09679,0,0,0
09261,09761,36,16,20
09261,09762,0,0,0
09261,09763,0,0,0
09261,09764,0,0,0
09261,09771,13,13,0
09261,09772,35,16,19
09261,09773,0,0,0
09261,09774,0,0,0
09261,09775,0,0,0
09261,09776,0,0,0
09261,09777,0,0,0
09261,09778,0,0,0
09261,09779,0,0,0
09261,09780,16,0,16
09261,10041,0,0,0
09261,10042,0,0,0
09261,10043,0,0,0
09261,10044,0,0,0
09261,10045,0,0,0
09261,10046,0,0,0
09261,11000,64,17,47
09261,12051,0,0,0
09261,12052,0,0,0
09261,12053,0,0,0
09261,12054,0,0,0
09261,12060,0,0,0
09261,12061,0,0,0
09261,12062,0,0,0
09261,12063,0,0,0
09261,12064,0,0,0
09261,12065,0,0,0
09261,12066,0,0,0
09261,12067,0,0,0
09261,12068,0,0,0
09261,12069,0,0,0
09261,12070,0,0,0
09261,12071,0,0,0
09261,12072,0,0,0
09261,12073,0,0,0
09261,13003,0,0,0
09261,13004,0,0,0
09261,13071,0,0,0
09261,13072,0,0,0
09261,13073,0,0,0
09261,13074,0,0,0
09261,13075,0,0,0
09261,13076,0,0,0
09261,14511,0,0,0
09261,14521,0,0,0
09261,14522,0,0,0
09261,14523,0,0,0
09261,14524,0,0,0
09261,14612,0,0,0
09261,14625,0,0,0
09261,14626,0,0,0
09261,14627,0,0,0
09261,14628,0,0,0
09261,14713,0,0,0
09261,14729,0,0,0
09261,14730,0,0,0
09261,15001,0,0,0
09261,15002,0,0,0
09261,15003,0,0,0
09261,15081,0,0,0
09261,15082,0,0,0
09261,15083,0,0,0
09261,15084,0,0,0
09261,15085,0,0,0
09261,15086,0,0,0
09261,15087,0,0,0
09261,15088,0,0,0
09261,15089,0,0,0
09261,15090,0,0,0
09261,15091,0,0,0
09261,16051,0,0,0
09261,16052,0,0,0
09261,16053,0,0,0
09261,16054,0,0,0
09261,16055,0,0,0
09261,16056,0,0,0
09261,16061,0,0,0
09261,16062,0,0,0
09261,16063,0,0,0
09261,16064,0,0,0
09261,16065,0,0,0
09261,16066,0,0,0
09261,16067,0,0,0
09261,16068,0,0,0
09261,16069,0,0,0
09261,16070,0,0,0
09261,16071,0,0,0
09261,16072,0,0,0
09261,16073,0,0,0
09261,16074,0,0,0
09261,16075,0,0,0
09261,16076,0,0,0
09261,16077,0,0,0
09262,01001,0,0,0
09262,01002,0,0,0
09262,01003,0,0,0
09262,01004,0,0,0
09262,01051,0,0,0
09262,01053,0,0,0
09262,01054,0,0,0
09262,01055,0,0,0
09262,01056,0,0,0
09262,01057,0,0,0
09262,01058,0,0,0
09262,01059,0,0,0
09262,01060,0,0,0
09262,01061,0,0,0
09262,01062,0,0,0
09262,02000,73,27,46
09262,03101,0,0,0
09262,03102,0,0,0
09262,03103,0,0,0
09262,03151,0,0,0
09262,03153,0,0,0
09262,03154,0,0,0
09262,03155,0,0,0
09262,03157,0,0,0
09262,03158,0,0,0
09262,03159,0,0,0
09262,03241,0,0,0
09262,03251,0,0,0
09262,03252,0,0,0
09262,03254,0,0,0
09262,03255,0,0,0
09262,03256,0,0,0
09262,03257,0,0,0
09262,03351,0,0,0
09262,03352,0,0,0
09262,03353,11,11,0
09262,03354,0,0,0
09262,03355,0,0,0
09262,03356,0,0,0
09262,03357,0,0,0
09262,03358,0,0,0
09262,03359,0,0,0
09262,03360,0,0,0
09262,03361,0,0,0
09262,03401,0,0,0
09262,03402,0,0,0
09262,03403,0,0,0
09262,03404,0,0,0
09262,03405,0,0,0
09262,03451,0,0,0
09262,03452,0,0,0
09262,03453,0,0,0
09262,03454,0,0,0
09262,03455,0,0,0
09262,03456,0,0,0
09262,03457,0,0,0
09262,03458,0,0,0
09262,03459,0,0,0
09262,03460,0,0,0
09262,03461,0,0,0
09262,03462,0,0,0
09262,04011,0,0,0
09262,04012,0,0,0
09262,05111,15,0,15
09262,05112,0,0,0
09262,05113,10,0,10
09262,05114,0,0,0
09262,05116,0,0,0
09262,05117,0,0,0
09262,05119,0,0,0
09262,05120,0,0,0
09262,05122,0,0,0
09262,05124,0,0,0
09262,05154,0,0,0
09262,05158,0,0,0
09262,05162,0,0,0
09262,05166,0,0,0
09262,05170,0,0,0
09262,05314,0,0,0
09262,05315,53,21,32
09262,05316,0,0,0
09262,05334,0,0,0
09262,05358,0,0,0
09262,05362,0,0,0
09262,05366,0,0,0
09262,05370,0,0,0
09262,05374,0,0,0
09262,05378,10,10,0
09262,05382,11,11,0
09262,05512,0,0,0
09262,05513,0,0,0
09262,05515,0,0,0
09262,05554,0,0,0
09262,05558,0,0,0
09262,05562,0,0,0
09262,05566,0,0,0
09262,05570,0,0,0
09262,05711,0,0,0
09262,05754,0,0,0
09262,05758,0,0,0
09262,05762,0,0,0
09262,05766,0,0,0
09262,05770,0,0,0
09262,05774,0,0,0
09262,05911,0,0,0
09262,05913,0,0,0
09262,05914,0,0,0
09262,05915,0,0,0
09262,05916,0,0,0
09262,05954,0,0,0
09262,05958,0,0,0
09262,05962,0,0,0
09262,05966,0,0,0
09262,05970,0,0,0
09262,05974,0,0,0
09262,05978,0,0,0
09262,06411,0,0,0
09262,06412,38,0,38
09262,06413,0,0,0
09262,06414,0,0,0
09262,06431,0,0,0
09262,06432,0,0,0
09262,06433,0,0,0
09262,06434,10,0,10
09262,06435,13,0,13
09262,06436,0,0,0
09262,06437,0,0,0
09262,06438,0,0,0
09262,06439,0,0,0
09262,06440,0,0,0
09262,06531,0,0,0
09262,06532,0,0,0
09262,06533,0,0,0
09262,06534,0,0,0
09262,06535,0,0,0
09262,06611,0,0,0
09262,06631,0,0,0
09262,06632,0,0,0
09262,06633,0,0,0
09262,06634,0,0,0
09262,06635,0,0,0
09262,06636,0,0,0
09262,07111,0,0,0
09262,07131,0,0,0
09262,07132,0,0,0
09262,07133,0,0,0
09262,07134,0,0,0
09262,07135,0,0,0
09262,07137,0,0,0
09262,07138,0,0,0
09262,07140,0,0,0
09262,07141,0,0,0
09262,07143,0,0,0
09262,07211,0,0,0
09262,07231,0,0,0
09262,07232,0,0,0
09262,07233,0,0,0
09262,07235,0,0,0
09262,07311,0,0,0
09262,07312,0,0,0
09262,07313,0,0,0
09262,07314,0,0,0
09262,07315,0,0,0
09262,07316,0,0,0
09262,07317,0,0,0
09262,07318,0,0,0
09262,07319,0,0,0
09262,07320,0,0,0
09262,07331,0,0,0
09262,07332,18,0,18
09262,07333,0,0,0
09262,07334,0,0,0
09262,07335,0,0,0
09262,07336,0,0,0
09262,07337,0,0,0
09262,07338,0,0,0
09262,07339,23,23,0
09262,07340,0,0,0
09262,08111,26,0,26
09262,08115,0,0,0
09262,08116,10,10,0
09262,08117,0,0,0
09262,08118,0,0,0
09262,08119,0,0,0
09262,08121,0,0,0
09262,08125,0,0,0
09262,08126,0,0,0
09262,08127,0,0,0
09262,08128,0,0,0
09262,08135,0,0,0
09262,08136,0,0,0
09262,08211,0,0,0
09262,08212,0,0,0
09262,08215,0,0,0
09262,08216,0,0,0
09262,08221,0,0,0
09262,08222,0,0,0
09262,08225,0,0,0
09262,08226,15,15,0
09262,08231,0,0,0
09262,08235,0,0,0
09262,08236,0,0,0
09262,08237,0,0,0
09262,08311,0,0,0
09262,08315,0,0,0
09262,08316,0,0,0
09262,08317,11,0,11
09262,08325,0,0,0
09262,08326,0,0,0
09262,08327,0,0,0
09262,08335,0,0,0
09262,08336,0,0,0
09262,08337,0,0,0
09262,08415,0,0,0
09262,08416,0,0,0
09262,08417,0,0,0
09262,08421,0,0,0
09262,08425,0,0,0
09262,08426,0,0,0
09262,08435,13,0,13
09262,08436,0,0,0
09262,08437,0,0,0
09262,09161,29,12,17
09262,09162,592,138,454
09262,09163,0,0,0
09262,09171,360,332,28
09262,09172,29,29,0
09262,09173,21,21,0
09262,09174,13,13,0
09262,09175,23,13,10
09262,09176,11,11,0
09262,09177,33,21,12
09262,09178,64,19,45
09262,09179,18,18,0
09262,09180,0,0,0
09262,09181,0,0,0
09262,09182,0,0,0
09262,09183,104,71,33
09262,09184,133,36,97
09262,09185,0,0,0
09262,09186,12,12,0
09262,09187,23,23,0
09262,09188,26,14,12
09262,09189,81,81,0
09262,09190,0,0,0
09262,09261,99,23,76
09262,09262,0,0,0
09262,09263,80,35,45
09262,09271,1349,1012,337
09262,09272,3104,2799,305
09262,09273,35,23,12
09262,09274,85,61,24
09262,09275,21939,18570,3369
09262,09276,280,255,25
09262,09277,732,595,137
09262,09278,103,85,18
09262,09279,284,140,144
09262,09361,0,0,0
09262,09362,188,64,124
09262,09363,0,0,0
09262,09371,0,0,0
09262,09372,67,56,11
09262,09373,12,12,0
09262,09374,0,0,0
09262,09375,113,82,31
09262,09376,39,28,11
09262,09377,0,0,0
09262,09461,0,0,0
09262,09462,0,0,0
09262,09463,0,0,0
09262,09464,0,0,0
09262,09471,0,0,0
09262,09472,0,0,0
09262,09473,0,0,0
09262,09474,0,0,0
09262,09475,0,0,0
09262,09476,0,0,0
09262,09477,0,0,0
09262,09478,0,0,0
09262,09479,0,0,0
09262,09561,0,0,0
09262,09562,14,0,14
09262,09563,0,0,0
09262,09564,59,18,41
09262,09565,0,0,0
09262,09571,0,0,0
09262,09572,0,0,0
09262,09573,0,0,0
09262,09574,0,0,0
09262,09575,11,11,0
09262,09576,0,0,0
09262,09577,0,0,0
09262,09661,0,0,0
09262,09662,0,0,0
09262,09663,32,14,18
09262,09671,0,0,0
09262,09672,0,0,0
09262,09673,0,0,0
09262,09674,0,0,0
09262,09675,0,0,0
09262,09676,0,0,0
09262,09677,0,0,0
09262,09678,0,0,0
09262,09679,0,0,0
09262,09761,30,18,12
09262,09762,0,0,0
09262,09763,0,0,0
09262,09764,0,0,0
09262,09771,14,0,14
09262,09772,11,11,0
09262,09773,0,0,0
09262,09774,23,0,23
09262,09775,0,0,0
09262,09776,0,0,0
09262,09777,0,0,0
09262,09778,0,0,0
09262,09779,0,0,0
09262,09780,0,0,0
09262,10041,0,0,0
09262,10042,0,0,0
09262,10043,0,0,0
09262,10044,0,0,0
09262,10045,0,0,0
09262,10046,0,0,0
09262,11000,151,83,68
09262,12051,0,0,0
09262,12052,0,0,0
09262,12053,0,0,0
09262,12054,0,0,0
09262,12060,0,0,0
09262,12061,0,0,0
09262,12062,0,0,0
09262,12063,0,0,0
09262,12064,0,0,0
09262,12065,0,0,0
09262,12066,0,0,0
09262,12067,0,0,0
09262,12068,0,0,0
09262,12069,0,0,0
09262,12070,0,0,0
09262,12071,0,0,0
09262,12072,0,0,0
09262,12073,0,0,0
09262,13003,0,0,0
09262,13004,0,0,0
09262,13071,0,0,0
09262,13072,0,0,0
09262,13073,0,0,0
09262,13074,0,0,0
09262,13075,0,0,0
09262,13076,0,0,0
09262,14511,10,10,0
09262,14521,13,13,0
09262,14522,20,20,0
09262,14523,0,0,0
09262,14524,18,18,0
09262,14612,10,10,0
09262,14625,0,0,0
09262,14626,0,0,0
09262,14627,0,0,0
09262,14628,0,0,0
09262,14713,10,10,0
09262,14729,14,14,0
09262,14730,11,11,0
09262,15001,0,0,0
09262,15002,0,0,0
09262,15003,0,0,0
09262,15081,0,0,0
09262,15082,0,0,0
09262,15083,0,0,0
09262,15084,0,0,0
09262,15085,0,0,0
09262,15086,0,0,0
09262,15087,0,0,0
09262,15088,0,0,0
09262,15089,0,0,0
09262,15090,0,0,0
09262,15091,0,0,0
09262,16051,0,0,0
09262,16052,0,0,0
09262,16053,0,0,0
09262,16054,0,0,0
09262,16055,0,0,0
09262,16056,0,0,0
09262,16061,0,0,0
09262,16062,0,0,0
09262,16063,0,0,0
09262,16064,0,0,0
09262,16065,0,0,0
09262,16066,0,0,0
09262,16067,0,0,0
09262,16068,0,0,0
09262,16069,0,0,0
09262,16070,0,0,0
09262,16071,0,0,0
09262,16072,0,0,0
09262,16073,0,0,0
09262,16074,0,0,0
09262,16075,0,0,0
09262,16076,0,0,0
09262,16077,0,0,0
09263,01001,0,0,0
09263,01002,0,0,0
09263,01003,18,0,18
09263,01004,0,0,0
09263,01051,0,0,0
09263,01053,0,0,0
09263,01054,0,0,0
09263,01055,0,0,0
09263,01056,0,0,0
09263,01057,0,0,0
09263,01058,0,0,0
09263,01059,0,0,0
09263,01060,0,0,0
09263,01061,0,0,0
09263,01062,0,0,0
09263,02000,15,0,15
09263,03101,0,0,0
09263,03102,0,0,0
09263,03103,15,0,15
09263,03151,0,0,0
09263,03153,0,0,0
09263,03154,0,0,0
09263,03155,0,0,0
09263,03157,0,0,0
09263,03158,0,0,0
09263,03159,0,0,0
09263,03241,12,0,12
09263,03251,0,0,0
09263,03252,0,0,0
09263,03254,0,0,0
09263,03255,0,0,0
09263,03256,0,0,0
09263,03257,0,0,0
09263,03351,0,0,0
09263,03352,0,0,0
09263,03353,0,0,0
09263,03354,0,0,0
09263,03355,0,0,0
09263,03356,0,0,0
09263,03357,0,0,0
09263,03358,0,0,0
09263,03359,0,0,0
09263,03360,0,0,0
09263,03361,0,0,0
09263,03401,0,0,0
09263,03402,0,0,0
09263,03403,0,0,0
09263,03404,0,0,0
09263,03405,0,0,0
09263,03451,0,0,0
09263,03452,0,0,0
09263,03453,0,0,0
09263,03454,0,0,0
09263,03455,0,0,0
09263,03456,0,0,0
09263,03457,0,0,0
09263,03458,0,0,0
09263,03459,0,0,0
09263,03460,0,0,0
09263,03461,0,0,0
09263,03462,0,0,0
09263,04011,0,0,0
09263,04012,0,0,0
09263,05111,0,0,0
09263,05112,0,0,0
09263,05113,0,0,0
09263,05114,0,0,0
09263,05116,0,0,0
09263,05117,0,0,0
09263,05119,0,0,0
09263,05120,0,0,0
09263,05122,0,0,0
09263,05124,0,0,0
09263,05154,0,0,0
09263,05158,0,0,0
09263,05162,0,0,0
09263,05166,0,0,0
09263,05170,0,0,0
09263,05314,0,0,0
09263,05315,11,0,11
09263,05316,0,0,0
09263,05334,0,0,0
09263,05358,0,0,0
09263,05362,0,0,0
09263,05366,0,0,0
09263,05370,0,0,0
09263,05374,0,0,0
09263,05378,0,0,0
09263,05382,0,0,0
09263,05512,0,0,0
09263,05513,0,0,0
09263,05515,0,0,0
09263,05554,0,0,0
09263,05558,0,0,0
09263,05562,0,0,0
09263,05566,0,0,0
09263,05570,0,0,0
09263,05711,0,0,0
09263,05754,0,0,0
09263,05758,0,0,0
09263,05762,0,0,0
09263,05766,0,0,0
09263,05770,0,0,0
09263,05774,0,0,0
09263,05911,0,0,0
09263,05913,0,0,0
09263,05914,0,0,0
09263,05915,0,0,0
09263,05916,0,0,0
09263,05954,0,0,0
09263,05958,0,0,0
09263,05962,0,0,0
09263,05966,0,0,0
09263,05970,0,0,0
09263,05974,44,0,44
09263,05978,0,0,0
09263,06411,0,0,0
09263,06412,26,0,26
09263,06413,0,0,0
09263,06414,0,0,0
09263,06431,0,0,0
09263,06432,0,0,0
09263,06433,15,15,0
09263,06434,0,0,0
09263,06435,0,0,0
09263,06436,0,0,0
09263,06437,0,0,0
09263,06438,0,0,0
09263,06439,0,0,0
09263,06440,0,0,0
09263,06531,0,0,0
09263,06532,0,0,0
09263,06533,0,0,0
09263,06534,0,0,0
09263,06535,0,0,0
09263,06611,0,0,0
09263,06631,0,0,0
09263,06632,0,0,0
09263,06633,0,0,0
09263,06634,0,0,0
09263,06635,0,0,0
09263,06636,0,0,0
09263,07111,0,0,0
09263,07131,0,0,0
09263,07132,0,0,0
09263,07133,0,0,0
09263,07134,0,0,0
09263,07135,0,0,0
09263,07137,0,0,0
09263,07138,0,0,0
09263,07140,0,0,0
09263,07141,0,0,0
09263,07143,0,0,0
09263,07211,0,0,0
09263,07231,0,0,0
09263,07232,0,0,0
09263,07233,0,0,0
09263,07235,0,0,0
09263,07311,0,0,0
09263,07312,0,0,0
09263,07313,0,0,0
09263,07314,0,0,0
09263,07315,0,0,0
09263,07316,0,0,0
09263,07317,0,0,0
09263,07318,0,0,0
09263,07319,0,0,0
09263,07320,0,0,0
09263,07331,0,0,0
09263,07332,0,0,0
09263,07333,0,0,0
09263,07334,0,0,0
09263,07335,0,0,0
09263,07336,0,0,0
09263,07337,0,0,0
09263,07338,0,0,0
09263,07339,0,0,0
09263,07340,0,0,0
09263,08111,23,0,23
09263,08115,17,0,17
09263,08116,0,0,0
09263,08117,0,0,0
09263,08118,0,0,0
09263,08119,0,0,0
09263,08121,12,12,0
09263,08125,10,10,0
09263,08126,0,0,0
09263,08127,43,43,0
09263,08128,0,0,0
09263,08135,0,0,0
09263,08136,0,0,0
09263,08211,0,0,0
09263,08212,0,0,0
09263,08215,0,0,0
09263,08216,0,0,0
09263,08221,0,0,0
09263,08222,45,45,0
09263,08225,0,0,0
09263,08226,13,13,0
09263,08231,0,0,0
09263,08235,0,0,0
09263,08236,0,0,0
09263,08237,0,0,0
09263,08311,0,0,0
09263,08315,0,0,0
09263,08316,0,0,0
09263,08317,0,0,0
09263,08325,0,0,0
09263,08326,0,0,0
09263,08327,0,0,0
09263,08335,0,0,0
09263,08336,0,0,0
09263,08337,0,0,0
09263,08415,0,0,0
09263,08416,0,0,0
09263,08417,0,0,0
09263,08421,0,0,0
09263,08425,0,0,0
09263,08426,0,0,0
09263,08435,0,0,0
09263,08436,0,0,0
09263,08437,0,0,0
09263,09161,23,0,23
09263,09162,489,182,307
09263,09163,0,0,0
09263,09171,0,0,0
09263,09172,0,0,0
09263,09173,13,13,0
09263,09174,41,16,25
09263,09175,21,11,10
09263,09176,10,10,0
09263,09177,0,0,0
09263,09178,97,34,63
09263,09179,42,32,10
09263,09180,0,0,0
09263,09181,0,0,0
09263,09182,12,12,0
09263,09183,27,17,10
09263,09184,143,22,121
09263,09185,0,0,0
09263,09186,0,0,0
09263,09187,17,0,17
09263,09188,13,13,0
09263,09189,14,0,14
09263,09190,0,0,0
09263,09261,173,67,106
09263,09262,80,45,35
09263,09263,0,0,0
09263,09271,1614,1144,470
09263,09272,78,68,10
09263,09273,218,181,37
09263,09274,282,169,113
09263,09275,170,128,42
09263,09276,293,210,83
09263,09277,120,80,40
09263,09278,15248,12191,3057
09263,09279,1907,928,979
09263,09361,0,0,0
09263,09362,1501,453,1048
09263,09363,0,0,0
09263,09371,13,13,0
09263,09372,655,514,141
09263,09373,18,18,0
09263,09374,18,18,0
09263,09375,1348,945,403
09263,09376,105,62,43
09263,09377,0,0,0
09263,09461,0,0,0
09263,09462,0,0,0
09263,09463,0,0,0
09263,09464,0,0,0
09263,09471,0,0,0
09263,09472,0,0,0
09263,09473,0,0,0
09263,09474,13,13,0
09263,09475,0,0,0
09263,09476,0,0,0
09263,09477,0,0,0
09263,09478,0,0,0
09263,09479,0,0,0
09263,09561,0,0,0
09263,09562,0,0,0
09263,09563,0,0,0
09263,09564,87,24,63
09263,09565,0,0,0
09263,09571,0,0,0
09263,09572,0,0,0
09263,09573,0,0,0
09263,09574,0,0,0
09263,09575,0,0,0
09263,09576,0,0,0
09263,09577,0,0,0
09263,09661,0,0,0
09263,09662,0,0,0
09263,09663,0,0,0
09263,09671,0,0,0
09263,09672,0,0,0
09263,09673,0,0,0
09263,09674,0,0,0
09263,09675,0,0,0
09263,09676,0,0,0
09263,09677,0,0,0
09263,09678,0,0,0
09263,09679,12,12,0
09263,09761,13,13,0
09263,09762,0,0,0
09263,09763,0,0,0
09263,09764,0,0,0
09263,09771,0,0,0
09263,09772,20,10,10
09263,09773,0,0,0
09263,09774,0,0,0
09263,09775,0,0,0
09263,09776,0,0,0
09263,09777,0,0,0
09263,09778,0,0,0
09263,09779,0,0,0
09263,09780,0,0,0
09263,10041,0,0,0
09263,10042,0,0,0
09263,10043,0,0,0
09263,10044,0,0,0
09263,10045,0,0,0
09263,10046,0,0,0
09263,11000,36,15,21
09263,12051,0,0,0
09263,12052,0,0,0
09263,12053,0,0,0
09263,12054,0,0,0
09263,12060,0,0,0
09263,12061,0,0,0
09263,12062,0,0,0
09263,12063,0,0,0
09263,12064,0,0,0
09263,12065,0,0,0
09263,12066,0,0,0
09263,12067,0,0,0
09263,12068,0,0,0
09263,12069,0,0,0
09263,12070,0,0,0
09263,12071,0,0,0
09263,12072,0,0,0
09263,12073,0,0,0
09263,13003,0,0,0
09263,13004,0,0,0
09263,13071,0,0,0
09263,13072,0,0,0
09263,13073,0,0,0
09263,13074,0,0,0
09263,13075,0,0,0
09263,13076,0,0,0
09263,14511,0,0,0
09263,14521,0,0,0
09263,14522,0,0,0
09263,14523,0,0,0
09263,14524,0,0,0
09263,14612,0,0,0
09263,14625,0,0,0
09263,14626,0,0,0
09263,14627,0,0,0
09263,14628,0,0,0
09263,14713,11,11,0
09263,14729,0,0,0
09263,14730,0,0,0
09263,15001,0,0,0
09263,15002,0,0,0
09263,15003,0,0,0
09263,15081,0,0,0
09263,15082,0,0,0
09263,15083,0,0,0
09263,15084,0,0,0
09263,15085,0,0,0
09263,15086,0,0,0
09263,15087,0,0,0
09263,15088,0,0,0
09263,15089,0,0,0
09263,15090,0,0,0
09263,15091,0,0,0
09263,16051,0,0,0
09263,16052,0,0,0
09263,16053,0,0,0
09263,16054,0,0,0
09263,16055,0,0,0
09263,16056,0,0,0
09263,16061,0,0,0
09263,16062,0,0,0
09263,16063,0,0,0
09263,16064,0,0,0
09263,16065,0,0,0
09263,16066,0,0,0
09263,16067,0,0,0
09263,16068,0,0,0
09263,16069,0,0,0
09263,16070,0,0,0
09263,16071,0,0,0
09263,16072,0,0,0
09263,16073,0,0,0
09263,16074,0,0,0
09263,16075,0,0,0
09263,16076,0,0,0
09263,16077,0,0,0
09271,01001,0,0,0
09271,01002,0,0,0
09271,01003,12,0,12
09271,01004,0,0,0
09271,01051,0,0,0
09271,01053,0,0,0
09271,01054,0,0,0
09271,01055,0,0,0
09271,01056,0,0,0
09271,01057,0,0,0
09271,01058,0,0,0
09271,01059,0,0,0
09271,01060,0,0,0
09271,01061,0,0,0
09271,01062,0,0,0
09271,02000,43,12,31
09271,03101,31,31,0
09271,03102,0,0,0
09271,03103,95,0,95
09271,03151,0,0,0
09271,03153,0,0,0
09271,03154,0,0,0
09271,03155,0,0,0
09271,03157,0,0,0
09271,03158,0,0,0
09271,03159,10,10,0
09271,03241,11,11,0
09271,03251,0,0,0
09271,03252,0,0,0
09271,03254,0,0,0
09271,03255,0,0,0
09271,03256,0,0,0
09271,03257,0,0,0
09271,03351,0,0,0
09271,03352,0,0,0
09271,03353,0,0,0
09271,03354,0,0,0
09271,03355,0,0,0
09271,03356,0,0,0
09271,03357,0,0,0
09271,03358,0,0,0
09271,03359,0,0,0
09271,03360,0,0,0
09271,03361,0,0,0
09271,03401,0,0,0
09271,03402,0,0,0
09271,03403,0,0,0
09271,03404,0,0,0
09271,03405,0,0,0
09271,03451,0,0,0
09271,03452,0,0,0
09271,03453,0,0,0
09271,03454,20,10,10
09271,03455,0,0,0
09271,03456,0,0,0
09271,03457,0,0,0
09271,03458,0,0,0
09271,03459,0,0,0
09271,03460,0,0,0
09271,03461,0,0,0
09271,03462,0,0,0
09271,04011,0,0,0
09271,04012,0,0,0
09271,05111,24,0,24
09271,05112,38,26,12
09271,05113,27,16,11
09271,05114,0,0,0
09271,05116,0,0,0
09271,05117,0,0,0
09271,05119,0,0,0
09271,05120,17,0,17
09271,05122,0,0,0
09271,05124,0,0,0
09271,05154,0,0,0
09271,05158,0,0,0
09271,05162,0,0,0
09271,05166,0,0,0
09271,05170,0,0,0
09271,05314,0,0,0
09271,05315,51,0,51
09271,05316,0,0,0
09271,05334,0,0,0
09271,05358,0,0,0
09271,05362,16,0,16
09271,05366,0,0,0
09271,05370,0,0,0
09271,05374,10,0,10
09271,05378,11,0,11
09271,05382,0,0,0
09271,05512,0,0,0
09271,05513,0,0,0
09271,05515,0,0,0
09271,05554,0,0,0
09271,05558,0,0,0
09271,05562,15,15,0
09271,05566,0,0,0
09271,05570,0,0,0
09271,05711,0,0,0
09271,05754,0,0,0
09271,05758,0,0,0
09271,05762,0,0,0
09271,05766,0,0,0
09271,05770,0,0,0
09271,05774,0,0,0
09271,05911,12,0,12
09271,05913,0,0,0
09271,05914,0,0,0
09271,05915,0,0,0
09271,05916,0,0,0
09271,05954,0,0,0
09271,05958,0,0,0
09271,05962,0,0,0
09271,05966,0,0,0
09271,05970,0,0,0
09271,05974,0,0,0
09271,05978,0,0,0
09271,06411,0,0,0
09271,06412,48,15,33
09271,06413,0,0,0
09271,06414,0,0,0
09271,06431,0,0,0
09271,06432,88,0,88
09271,06433,0,0,0
09271,06434,0,0,0
09271,06435,0,0,0
09271,06436,12,0,12
09271,06437,0,0,0
09271,06438,10,10,0
09271,06439,0,0,0
09271,06440,0,0,0
09271,06531,0,0,0
09271,06532,0,0,0
09271,06533,0,0,0
09271,06534,0,0,0
09271,06535,0,0,0
09271,06611,0,0,0
09271,06631,0,0,0
09271,06632,0,0,0
09271,06633,0,0,0
09271,06634,0,0,0
09271,06635,0,0,0
09271,06636,0,0,0
09271,07111,0,0,0
09271,07131,0,0,0
09271,07132,0,0,0
09271,07133,0,0,0
09271,07134,0,0,0
09271,07135,0,0,0
09271,07137,0,0,0
09271,07138,0,0,0
09271,07140,0,0,0
09271,07141,0,0,0
09271,07143,0,0,0
09271,07211,0,0,0
09271,07231,0,0,0
09271,07232,0,0,0
09271,07233,0,0,0
09271,07235,0,0,0
09271,07311,0,0,0
09271,07312,0,0,0
09271,07313,0,0,0
09271,07314,0,0,0
09271,07315,0,0,0
09271,07316,0,0,0
09271,07317,0,0,0
09271,07318,0,0,0
09271,07319,0,0,0
09271,07320,0,0,0
09271,07331,0,0,0
09271,07332,0,0,0
09271,07333,0,0,0
09271,07334,10,0,10
09271,07335,0,0,0
09271,07336,0,0,0
09271,07337,0,0,0
09271,07338,0,0,0
09271,07339,0,0,0
09271,07340,0,0,0
09271,08111,38,14,24
09271,08115,0,0,0
09271,08116,15,0,15
09271,08117,0,0,0
09271,08118,13,0,13
09271,08119,0,0,0
09271,08121,0,0,0
09271,08125,10,10,0
09271,08126,16,0,16
09271,08127,22,11,11
09271,08128,0,0,0
09271,08135,0,0,0
09271,08136,0,0,0
09271,08211,0,0,0
09271,08212,10,0,10
09271,08215,0,0,0
09271,08216,0,0,0
09271,08221,0,0,0
09271,08222,0,0,0
09271,08225,0,0,0
09271,08226,13,0,13
09271,08231,0,0,0
09271,08235,0,0,0
09271,08236,0,0,0
09271,08237,0,0,0
09271,08311,0,0,0
09271,08315,0,0,0
09271,08316,0,0,0
09271,08317,0,0,0
09271,08325,0,0,0
09271,08326,0,0,0
09271,08327,0,0,0
09271,08335,0,0,0
09271,08336,0,0,0
09271,08337,0,0,0
09271,08415,11,11,0
09271,08416,0,0,0
09271,08417,0,0,0
09271,08421,0,0,0
09271,08425,0,0,0
09271,08426,0,0,0
09271,08435,11,0,11
09271,08436,0,0,0
09271,08437,0,0,0
09271,09161,54,18,36
09271,09162,984,231,753
09271,09163,10,10,0
09271,09171,125,74,51
09271,09172,0,0,0
09271,09173,11,0,11
09271,09174,65,22,43
09271,09175,69,24,45
09271,09176,14,0,14
09271,09177,67,36,31
09271,09178,168,47,121
09271,09179,70,34,36
09271,09180,0,0,0
09271,09181,0,0,0
09271,09182,15,0,15
09271,09183,96,40,56
09271,09184,353,53,300
09271,09185,50,0,50
09271,09186,21,0,21
09271,09187,45,17,28
09271,09188,47,0,47
09271,09189,43,18,25
09271,09190,26,26,0
09271,09261,406,85,321
09271,09262,1349,337,1012
09271,09263,1614,470,1144
09271,09271,0,0,0
09271,09272,1584,1188,396
09271,09273,127,66,61
09271,09274,424,161,263
09271,09275,4224,2494,1730
09271,09276,4698,3506,1192
09271,09277,890,403,487
09271,09278,3297,1792,1505
09271,09279,5166,1630,3536
09271,09361,0,0,0
09271,09362,932,172,760
09271,09363,0,0,0
09271,09371,0,0,0
09271,09372,302,188,114
09271,09373,42,24,18
09271,09374,0,0,0
09271,09375,312,149,163
09271,09376,72,34,38
09271,09377,0,0,0
09271,09461,0,0,0
09271,09462,0,0,0
09271,09463,0,0,0
09271,09464,0,0,0
09271,09471,0,0,0
09271,09472,0,0,0
09271,09473,0,0,0
09271,09474,0,0,0
09271,09475,26,13,13
09271,09476,0,0,0
09271,09477,0,0,0
09271,09478,0,0,0
09271,09479,0,0,0
09271,09561,0,0,0
09271,09562,25,0,25
09271,09563,0,0,0
09271,09564,107,34,73
09271,09565,0,0,0
09271,09571,13,13,0
09271,09572,0,0,0
09271,09573,0,0,0
09271,09574,23,12,11
09271,09575,0,0,0
09271,09576,0,0,0
09271,09577,11,11,0
09271,09661,0,0,0
09271,09662,0,0,0
09271,09663,0,0,0
09271,09671,31,31,0
09271,09672,0,0,0
09271,09673,0,0,0
09271,09674,0,0,0
09271,09675,0,0,0
09271,09676,0,0,0
09271,09677,0,0,0
09271,09678,0,0,0
09271,09679,0,0,0
09271,09761,33,10,23
09271,09762,0,0,0
09271,09763,0,0,0
09271,09764,33,0,33
09271,09771,0,0,0
09271,09772,28,16,12
09271,09773,0,0,0
09271,09774,0,0,0
09271,09775,10,0,10
09271,09776,0,0,0
09271,09777,0,0,0
09271,09778,0,0,0
09271,09779,10,10,0
09271,09780,0,0,0
09271,10041,0,0,0
09271,10042,0,0,0
09271,10043,0,0,0
09271,10044,0,0,0
09271,10045,0,0,0
09271,10046,0,0,0
09271,11000,135,79,56
09271,12051,0,0,0
09271,12052,0,0,0
09271,12053,0,0,0
09271,12054,0,0,0
09271,12060,0,0,0
09271,12061,0,0,0
09271,12062,0,0,0
09271,12063,0,0,0
09271,12064,0,0,0
09271,12065,0,0,0
09271,12066,11,11,0
09271,12067,0,0,0
09271,12068,0,0,0
09271,12069,0,0,0
09271,12070,0,0,0
09271,12071,0,0,0
09271,12072,0,0,0
09271,12073,0,0,0
09271,13003,0,0,0
09271,13004,0,0,0
09271,13071,0,0,0
09271,13072,12,12,0
09271,13073,13,13,0
09271,13074,0,0,0
09271,13075,0,0,0
09271,13076,0,0,0
09271,14511,12,0,12
09271,14521,16,16,0
09271,14522,18,18,0
09271,14523,37,27,10
09271,14524,0,0,0
09271,14612,26,26,0
09271,14625,15,15,0
09271,14626,21,21,0
09271,14627,11,11,0
09271,14628,28,28,0
09271,14713,56,56,0
09271,14729,14,14,0
09271,14730,11,11,0
09271,15001,24,24,0
09271,15002,15,15,0
09271,15003,0,0,0
09271,15081,0,0,0
09271,15082,18,18,0
09271,15083,0,0,0
09271,15084,12,12,0
09271,15085,0,0,0
09271,15086,0,0,0
09271,15087,10,10,0
09271,15088,29,29,0
09271,15089,0,0,0
09271,15090,10,10,0
09271,15091,12,12,0
09271,16051,0,0,0
09271,16052,16,16,0
09271,16053,0,0,0
09271,16054,0,0,0
09271,16055,0,0,0
09271,16056,0,0,0
09271,16061,0,0,0
09271,16062,0,0,0
09271,16063,0,0,0
09271,16064,0,0,0
09271,16065,0,0,0
09271,16066,0,0,0
09271,16067,0,0,0
09271,16068,0,0,0
09271,16069,0,0,0
09271,16070,14,14,0
09271,16071,0,0,0
09271,16072,0,0,0
09271,16073,0,0,0
09271,16074,0,0,0
09271,16075,0,0,0
09271,16076,0,0,0
09271,16077,0,0,0
09272,01001,0,0,0
09272,01002,0,0,0
09272,01003,0,0,0
09272,01004,0,0,0
09272,01051,0,0,0
09272,01053,0,0,0
09272,01054,0,0,0
09272,01055,0,0,0
09272,01056,0,0,0
09272,01057,0,0,0
09272,01058,0,0,0
09272,01059,0,0,0
09272,01060,0,0,0
09272,01061,0,0,0
09272,01062,0,0,0
09272,02000,10,0,10
09272,03101,0,0,0
09272,03102,0,0,0
09272,03103,0,0,0
09272,03151,0,0,0
09272,03153,0,0,0
09272,03154,0,0,0
09272,03155,0,0,0
09272,03157,0,0,0
09272,03158,0,0,0
09272,03159,0,0,0
09272,03241,0,0,0
09272,03251,0,0,0
09272,03252,0,0,0
09272,03254,0,0,0
09272,03255,0,0,0
09272,03256,0,0,0
09272,03257,0,0,0
09272,03351,0,0,0
09272,03352,0,0,0
09272,03353,0,0,0
09272,03354,0,0,0
09272,03355,0,0,0
09272,03356,0,0,0
09272,03357,0,0,0
09272,03358,0,0,0
09272,03359,0,0,0
09272,03360,0,0,0
09272,03361,0,0,0
09272,03401,0,0,0
09272,03402,0,0,0
09272,03403,0,0,0
09272,03404,0,0,0
09272,03405,0,0,0
09272,03451,0,0,0
09272,03452,0,0,0
09272,03453,0,0,0
09272,03454,0,0,0
09272,03455,0,0,0
09272,03456,0,0,0
09272,03457,0,0,0
09272,03458,0,0,0
09272,03459,0,0,0
09272,03460,0,0,0
09272,03461,0,0,0
09272,03462,0,0,0
09272,04011,0,0,0
09272,04012,0,0,0
09272,05111,0,0,0
09272,05112,0,0,0
09272,05113,0,0,0
09272,05114,0,0,0
09272,05116,0,0,0
09272,05117,0,0,0
09272,05119,0,0,0
09272,05120,0,0,0
09272,05122,0,0,0
09272,05124,0,0,0
09272,05154,0,0,0
09272,05158,0,0,0
09272,05162,0,0,0
09272,05166,0,0,0
09272,05170,0,0,0
09272,05314,0,0,0
09272,05315,14,0,14
09272,05316,0,0,0
09272,05334,0,0,0
09272,05358,0,0,0
09272,05362,0,0,0
09272,05366,0,0,0
09272,05370,0,0,0
09272,05374,0,0,0
09272,05378,0,0,0
09272,05382,0,0,0
09272,05512,0,0,0
09272,05513,0,0,0
09272,05515,0,0,0
09272,05554,0,0,0
09272,05558,0,0,0
09272,05562,0,0,0
09272,05566,0,0,0
09272,05570,0,0,0
09272,05711,0,0,0
09272,05754,0,0,0
09272,05758,0,0,0
09272,05762,0,0,0
09272,05766,0,0,0
09272,05770,0,0,0
09272,05774,0,0,0
09272,05911,0,0,0
09272,05913,0,0,0
09272,05914,0,0,0
09272,05915,0,0,0
09272,05916,0,0,0
09272,05954,0,0,0
09272,05958,0,0,0
09272,05962,0,0,0
09272,05966,0,0,0
09272,05970,0,0,0
09272,05974,0,0,0
09272,05978,0,0,0
09272,06411,0,0,0
09272,06412,14,0,14
09272,06413,0,0,0
09272,06414,0,0,0
09272,06431,0,0,0
09272,06432,0,0,0
09272,06433,0,0,0
09272,06434,0,0,0
09272,06435,0,0,0
09272,06436,0,0,0
09272,06437,0,0,0
09272,06438,0,0,0
09272,06439,0,0,0
09272,06440,0,0,0
09272,06531,0,0,0
09272,06532,0,0,0
09272,06533,0,0,0
09272,06534,0,0,0
09272,06535,0,0,0
09272,06611,0,0,0
09272,06631,0,0,0
09272,06632,0,0,0
09272,06633,0,0,0
09272,06634,0,0,0
09272,06635,0,0,0
09272,06636,0,0,0
09272,07111,0,0,0
09272,07131,0,0,0
09272,07132,0,0,0
09272,07133,0,0,0
09272,07134,0,0,0
09272,07135,0,0,0
09272,07137,0,0,0
09272,07138,0,0,0
09272,07140,0,0,0
09272,07141,0,0,0
09272,07143,0,0,0
09272,07211,0,0,0
09272,07231,0,0,0
09272,07232,0,0,0
09272,07233,0,0,0
09272,07235,0,0,0
09272,07311,0,0,0
09272,07312,0,0,0
09272,07313,0,0,0
09272,07314,0,0,0
09272,07315,0,0,0
09272,07316,0,0,0
09272,07317,0,0,0
09272,07318,0,0,0
09272,07319,0,0,0
09272,07320,0,0,0
09272,07331,0,0,0
09272,07332,0,0,0
09272,07333,0,0,0
09272,07334,0,0,0
09272,07335,0,0,0
09272,07336,0,0,0
09272,07337,0,0,0
09272,07338,0,0,0
09272,07339,0,0,0
09272,07340,0,0,0
09272,08111,10,0,10
09272,08115,0,0,0
09272,08116,10,0,10
09272,08117,0,0,0
09272,08118,0,0,0
09272,08119,0,0,0
09272,08121,0,0,0
09272,08125,0,0,0
09272,08126,10,0,10
09272,08127,0,0,0
09272,08128,0,0,0
09272,08135,0,0,0
09272,08136,0,0,0
09272,08211,0,0,0
09272,08212,0,0,0
09272,08215,0,0,0
09272,08216,0,0,0
09272,08221,0,0,0
09272,08222,0,0,0
09272,08225,0,0,0
09272,08226,0,0,0
09272,08231,0,0,0
09272,08235,13,0,13
09272,08236,0,0,0
09272,08237,0,0,0
09272,08311,0,0,0
09272,08315,0,0,0
09272,08316,0,0,0
09272,08317,0,0,0
09272,08325,0,0,0
09272,08326,0,0,0
09272,08327,0,0,0
09272,08335,0,0,0
09272,08336,0,0,0
09272,08337,0,0,0
09272,08415,0,0,0
09272,08416,0,0,0
09272,08417,0,0,0
09272,08421,0,0,0
09272,08425,0,0,0
09272,08426,0,0,0
09272,08435,0,0,0
09272,08436,0,0,0
09272,08437,0,0,0
09272,09161,54,0,54
09272,09162,433,95,338
09272,09163,0,0,0
09272,09171,38,0,38
09272,09172,13,0,13
09272,09173,14,0,14
09272,09174,24,0,24
09272,09175,31,0,31
09272,09176,0,0,0
09272,09177,23,12,11
09272,09178,49,13,36
09272,09179,24,10,14
09272,09180,0,0,0
09272,09181,11,0,11
09272,09182,12,0,12
09272,09183,29,11,18
09272,09184,182,24,158
09272,09185,34,0,34
09272,09186,0,0,0
09272,09187,14,0,14
09272,09188,21,0,21
09272,09189,54,0,54
09272,09190,0,0,0
09272,09261,80,0,80
09272,09262,3104,305,2799
09272,09263,78,10,68
09272,09271,1584,396,1188
09272,09272,0,0,0
09272,09273,28,0,28
09272,09274,136,34,102
09272,09275,6401,2478,3923
09272,09276,1546,587,959
09272,09277,110,32,78
09272,09278,101,32,69
09272,09279,564,51,513
09272,09361,0,0,0
09272,09362,253,19,234
09272,09363,25,0,25
09272,09371,0,0,0
09272,09372,90,18,72
09272,09373,33,10,23
09272,09374,29,0,29
09272,09375,47,10,37
09272,09376,28,13,15
09272,09377,0,0,0
09272,09461,0,0,0
09272,09462,0,0,0
09272,09463,0,0,0
09272,09464,0,0,0
09272,09471,0,0,0
09272,09472,0,0,0
09272,09473,0,0,0
09272,09474,0,0,0
09272,09475,0,0,0
09272,09476,0,0,0
09272,09477,0,0,0
09272,09478,0,0,0
09272,09479,0,0,0
09272,09561,0,0,0
09272,09562,10,0,10
09272,09563,0,0,0
09272,09564,36,0,36
09272,09565,0,0,0
09272,09571,10,10,0
09272,09572,0,0,0
09272,09573,0,0,0
09272,09574,21,0,21
09272,09575,0,0,0
09272,09576,0,0,0
09272,09577,0,0,0
09272,09661,0,0,0
09272,09662,0,0,0
09272,09663,0,0,0
09272,09671,0,0,0
09272,09672,0,0,0
09272,09673,0,0,0
09272,09674,0,0,0
09272,09675,0,0,0
09272,09676,0,0,0
09272,09677,0,0,0
09272,09678,0,0,0
09272,09679,0,0,0
09272,09761,0,0,0
09272,09762,0,0,0
09272,09763,0,0,0
09272,09764,0,0,0
09272,09771,0,0,0
09272,09772,13,0,13
09272,09773,0,0,0
09272,09774,0,0,0
09272,09775,0,0,0
09272,09776,0,0,0
09272,09777,0,0,0
09272,09778,0,0,0
09272,09779,0,0,0
09272,09780,17,0,17
09272,10041,0,0,0
09272,10042,0,0,0
09272,10043,0,0,0
09272,10044,0,0,0
09272,10045,0,0,0
09272,10046,0,0,0
09272,11000,29,0,29
09272,12051,0,0,0
09272,12052,0,0,0
09272,12053,0,0,0
09272,12054,0,0,0
09272,12060,0,0,0
09272,12061,0,0,0
09272,12062,0,0,0
09272,12063,0,0,0
09272,12064,0,0,0
09272,12065,0,0,0
09272,12066,0,0,0
09272,12067,0,0,0
09272,12068,0,0,0
09272,12069,0,0,0
09272,12070,0,0,0
09272,12071,0,0,0
09272,12072,0,0,0
09272,12073,0,0,0
09272,13003,0,0,0
09272,13004,0,0,0
09272,13071,0,0,0
09272,13072,0,0,0
09272,13073,0,0,0
09272,13074,0,0,0
09272,13075,0,0,0
09272,13076,0,0,0
09272,14511,0,0,0
09272,14521,0,0,0
09272,14522,0,0,0
09272,14523,0,0,0
09272,14524,0,0,0
09272,14612,0,0,0
09272,14625,0,0,0
09272,14626,0,0,0
09272,14627,0,0,0
09272,14628,16,16,0
09272,14713,0,0,0
09272,14729,0,0,0
09272,14730,0,0,0
09272,15001,0,0,0
09272,15002,0,0,0
09272,15003,0,0,0
09272,15081,0,0,0
09272,15082,0,0,0
09272,15083,0,0,0
09272,15084,0,0,0
09272,15085,0,0,0
09272,15086,0,0,0
09272,15087,0,0,0
09272,15088,0,0,0
09272,15089,0,0,0
09272,15090,0,0,0
09272,15091,0,0,0
09272,16051,0,0,0
09272,16052,0,0,0
09272,16053,0,0,0
09272,16054,0,0,0
09272,16055,0,0,0
09272,16056,0,0,0
09272,16061,0,0,0
09272,16062,0,0,0
09272,16063,0,0,0
09272,16064,0,0,0
09272,16065,0,0,0
09272,16066,0,0,0
09272,16067,0,0,0
09272,16068,0,0,0
09272,16069,0,0,0
09272,16070,0,0,0
09272,16071,0,0,0
09272,16072,0,0,0
09272,16073,0,0,0
09272,16074,0,0,0
09272,16075,0,0,0
09272,16076,0,0,0
09272,16077,0,0,0
09273,01001,0,0,0
09273,01002,0,0,0
09273,01003,0,0,0
09273,01004,0,0,0
09273,01051,0,0,0
09273,01053,0,0,0
09273,01054,0,0,0
09273,01055,0,0,0
09273,01056,0,0,0
09273,01057,0,0,0
09273,01058,0,0,0
09273,01059,0,0,0
09273,01060,0,0,0
09273,01061,0,0,0
09273,01062,12,12,0
09273,02000,41,0,41
09273,03101,0,0,0
09273,03102,0,0,0
09273,03103,12,0,12
09273,03151,0,0,0
09273,03153,0,0,0
09273,03154,0,0,0
09273,03155,0,0,0
09273,03157,0,0,0
09273,03158,0,0,0
09273,03159,0,0,0
09273,03241,23,11,12
09273,03251,0,0,0
09273,03252,0,0,0
09273,03254,0,0,0
09273,03255,0,0,0
09273,03256,0,0,0
09273,03257,0,0,0
09273,03351,0,0,0
09273,03352,0,0,0
09273,03353,0,0,0
09273,03354,0,0,0
09273,03355,0,0,0
09273,03356,0,0,0
09273,03357,0,0,0
09273,03358,0,0,0
09273,03359,0,0,0
09273,03360,0,0,0
09273,03361,0,0,0
09273,03401,0,0,0
09273,03402,45,0,45
09273,03403,0,0,0
09273,03404,0,0,0
09273,03405,0,0,0
09273,03451,0,0,0
09273,03452,0,0,0
09273,03453,0,0,0
09273,03454,0,0,0
09273,03455,0,0,0
09273,03456,0,0,0
09273,03457,0,0,0
09273,03458,0,0,0
09273,03459,0,0,0
09273,03460,0,0,0
09273,03461,0,0,0
09273,03462,0,0,0
09273,04011,14,14,0
09273,04012,0,0,0
09273,05111,47,0,47
09273,05112,0,0,0
09273,05113,0,0,0
09273,05114,11,0,11
09273,05116,0,0,0
09273,05117,0,0,0
09273,05119,0,0,0
09273,05120,18,0,18
09273,05122,0,0,0
09273,05124,0,0,0
09273,05154,0,0,0
09273,05158,0,0,0
09273,05162,27,0,27
09273,05166,0,0,0
09273,05170,0,0,0
09273,05314,11,0,11
09273,05315,64,0,64
09273,05316,0,0,0
09273,05334,0,0,0
09273,05358,0,0,0
09273,05362,14,0,14
09273,05366,0,0,0
09273,05370,0,0,0
09273,05374,29,0,29
09273,05378,0,0,0
09273,05382,11,0,11
09273,05512,0,0,0
09273,05513,0,0,0
09273,05515,0,0,0
09273,05554,0,0,0
09273,05558,0,0,0
09273,05562,10,0,10
09273,05566,0,0,0
09273,05570,0,0,0
09273,05711,0,0,0
09273,05754,12,0,12
09273,05758,0,0,0
09273,05762,0,0,0
09273,05766,0,0,0
09273,05770,0,0,0
09273,05774,0,0,0
09273,05911,0,0,0
09273,05913,10,0,10
09273,05914,0,0,0
09273,05915,0,0,0
09273,05916,0,0,0
09273,05954,0,0,0
09273,05958,0,0,0
09273,05962,0,0,0
09273,05966,0,0,0
09273,05970,25,25,0
09273,05974,0,0,0
09273,05978,0,0,0
09273,06411,0,0,0
09273,06412,43,0,43
09273,06413,0,0,0
09273,06414,16,0,16
09273,06431,0,0,0
09273,06432,0,0,0
09273,06433,0,0,0
09273,06434,0,0,0
09273,06435,15,0,15
09273,06436,14,0,14
09273,06437,0,0,0
09273,06438,12,0,12
09273,06439,0,0,0
09273,06440,0,0,0
09273,06531,0,0,0
09273,06532,0,0,0
09273,06533,0,0,0
09273,06534,0,0,0
09273,06535,0,0,0
09273,06611,0,0,0
09273,06631,0,0,0
09273,06632,0,0,0
09273,06633,0,0,0
09273,06634,0,0,0
09273,06635,0,0,0
09273,06636,0,0,0
09273,07111,0,0,0
09273,07131,0,0,0
09273,07132,0,0,0
09273,07133,0,0,0
09273,07134,0,0,0
09273,07135,0,0,0
09273,07137,0,0,0
09273,07138,0,0,0
09273,07140,0,0,0
09273,07141,0,0,0
09273,07143,0,0,0
09273,07211,0,0,0
09273,07231,0,0,0
09273,07232,0,0,0
09273,07233,0,0,0
09273,07235,0,0,0
09273,07311,0,0,0
09273,07312,0,0,0
09273,07313,0,0,0
09273,07314,0,0,0
09273,07315,11,0,11
09273,07316,0,0,0
09273,07317,0,0,0
09273,07318,0,0,0
09273,07319,0,0,0
09273,07320,0,0,0
09273,07331,0,0,0
09273,07332,0,0,0
09273,07333,0,0,0
09273,07334,28,0,28
09273,07335,0,0,0
09273,07336,0,0,0
09273,07337,0,0,0
09273,07338,0,0,0
09273,07339,0,0,0
09273,07340,0,0,0
09273,08111,41,0,41
09273,08115,30,14,16
09273,08116,40,15,25
09273,08117,0,0,0
09273,08118,14,0,14
09273,08119,10,0,10
09273,08121,64,0,64
09273,08125,31,11,20
09273,08126,0,0,0
09273,08127,0,0,0
09273,08128,0,0,0
09273,08135,0,0,0
09273,08136,24,10,14
09273,08211,0,0,0
09273,08212,0,0,0
09273,08215,17,0,17
09273,08216,0,0,0
09273,08221,0,0,0
09273,08222,12,0,12
09273,08225,0,0,0
09273,08226,22,10,12
09273,08231,0,0,0
09273,08235,0,0,0
09273,08236,0,0,0
09273,08237,0,0,0
09273,08311,0,0,0
09273,08315,31,0,31
09273,08316,0,0,0
09273,08317,0,0,0
09273,08325,14,0,14
09273,08326,0,0,0
09273,08327,0,0,0
09273,08335,0,0,0
09273,08336,0,0,0
09273,08337,0,0,0
09273,08415,0,0,0
09273,08416,0,0,0
09273,08417,0,0,0
09273,08421,14,0,14
09273,08425,0,0,0
09273,08426,0,0,0
09273,08435,0,0,0
09273,08436,0,0,0
09273,08437,0,0,0
09273,09161,3792,624,3168
09273,09162,2301,196,2105
09273,09163,11,0,11
09273,09171,44,16,28
09273,09172,0,0,0
09273,09173,16,0,16
09273,09174,95,48,47
09273,09175,69,14,55
09273,09176,1967,1017,950
09273,09177,245,47,198
09273,09178,1854,795,1059
09273,09179,61,21,40
09273,09180,0,0,0
09273,09181,10,0,10
09273,09182,11,11,0
09273,09183,31,20,11
09273,09184,498,56,442
09273,09185,189,104,85
09273,09186,3646,1279,2367
09273,09187,51,21,30
09273,09188,32,0,32
09273,09189,57,0,57
09273,09190,0,0,0
09273,09261,688,157,531
09273,09262,35,12,23
09273,09263,218,37,181
09273,09271,127,61,66
09273,09272,28,28,0
09273,09273,0,0,0
09273,09274,2269,1177,1092
09273,09275,103,54,49
09273,09276,31,21,10
09273,09277,40,25,15
09273,09278,337,191,146
09273,09279,245,116,129
09273,09361,24,0,24
09273,09362,8726,1377,7349
09273,09363,12,0,12
09273,09371,53,32,21
09273,09372,154,77,77
09273,09373,584,261,323
09273,09374,15,15,0
09273,09375,4655,1954,2701
09273,09376,336,175,161
09273,09377,17,17,0
09273,09461,0,0,0
09273,09462,12,0,12
09273,09463,0,0,0
09273,09464,0,0,0
09273,09471,0,0,0
09273,09472,0,0,0
09273,09473,0,0,0
09273,09474,10,10,0
09273,09475,0,0,0
09273,09476,0,0,0
09273,09477,0,0,0
09273,09478,0,0,0
09273,09479,0,0,0
09273,09561,0,0,0
09273,09562,27,0,27
09273,09563,35,16,19
09273,09564,238,61,177
09273,09565,25,14,11
09273,09571,49,38,11
09273,09572,11,11,0
09273,09573,12,12,0
09273,09574,38,26,12
09273,09575,10,10,0
09273,09576,60,39,21
09273,09577,35,24,11
09273,09661,0,0,0
09273,09662,0,0,0
09273,09663,69,0,69
09273,09671,0,0,0
09273,09672,0,0,0
09273,09673,0,0,0
09273,09674,0,0,0
09273,09675,0,0,0
09273,09676,0,0,0
09273,09677,0,0,0
09273,09678,0,0,0
09273,09679,0,0,0
09273,09761,31,0,31
09273,09762,0,0,0
09273,09763,0,0,0
09273,09764,0,0,0
09273,09771,112,23,89
09273,09772,30,18,12
09273,09773,0,0,0
09273,09774,16,16,0
09273,09775,0,0,0
09273,09776,0,0,0
09273,09777,0,0,0
09273,09778,10,10,0
09273,09779,15,15,0
09273,09780,0,0,0
09273,10041,0,0,0
09273,10042,0,0,0
09273,10043,0,0,0
09273,10044,0,0,0
09273,10045,0,0,0
09273,10046,0,0,0
09273,11000,75,21,54
09273,12051,0,0,0
09273,12052,0,0,0
09273,12053,0,0,0
09273,12054,0,0,0
09273,12060,0,0,0
09273,12061,0,0,0
09273,12062,0,0,0
09273,12063,0,0,0
09273,12064,0,0,0
09273,12065,0,0,0
09273,12066,0,0,0
09273,12067,0,0,0
09273,12068,0,0,0
09273,12069,0,0,0
09273,12070,0,0,0
09273,12071,0,0,0
09273,12072,10,10,0
09273,12073,0,0,0
09273,13003,0,0,0
09273,13004,0,0,0
09273,13071,0,0,0
09273,13072,0,0,0
09273,13073,0,0,0
09273,13074,0,0,0
09273,13075,0,0,0
09273,13076,0,0,0
09273,14511,0,0,0
09273,14521,31,31,0
09273,14522,19,19,0
09273,14523,17,17,0
09273,14524,17,17,0
09273,14612,35,0,35
09273,14625,0,0,0
09273,14626,45,15,30
09273,14627,0,0,0
09273,14628,0,0,0
09273,14713,51,40,11
09273,14729,25,25,0
09273,14730,18,18,0
09273,15001,0,0,0
09273,15002,0,0,0
09273,15003,0,0,0
09273,15081,0,0,0
09273,15082,13,13,0
09273,15083,0,0,0
09273,15084,26,26,0
09273,15085,0,0,0
09273,15086,0,0,0
09273,15087,0,0,0
09273,15088,11,11,0
09273,15089,12,12,0
09273,15090,0,0,0
09273,15091,0,0,0
09273,16051,0,0,0
09273,16052,0,0,0
09273,16053,0,0,0
09273,16054,0,0,0
09273,16055,0,0,0
09273,16056,0,0,0
09273,16061,0,0,0
09273,16062,0,0,0
09273,16063,0,0,0
09273,16064,0,0,0
09273,16065,0,0,0
09273,16066,0,0,0
09273,16067,0,0,0
09273,16068,0,0,0
09273,16069,0,0,0
09273,16070,0,0,0
09273,16071,0,0,0
09273,16072,0,0,0
09273,16073,0,0,0
09273,16074,0,0,0
09273,16075,0,0,0
09273,16076,0,0,0
09273,16077,0,0,0
09274,01001,0,0,0
09274,01002,10,10,0
09274,01003,0,0,0
09274,01004,0,0,0
09274,01051,0,0,0
09274,01053,0,0,0
09274,01054,0,0,0
09274,01055,0,0,0
09274,01056,11,0,11
09274,01057,0,0,0
09274,01058,0,0,0
09274,01059,0,0,0
09274,01060,11,11,0
09274,01061,0,0,0
09274,01062,0,0,0
09274,02000,107,12,95
09274,03101,0,0,0
09274,03102,0,0,0
09274,03103,69,54,15
09274,03151,0,0,0
09274,03153,0,0,0
09274,03154,0,0,0
09274,03155,0,0,0
09274,03157,0,0,0
09274,03158,0,0,0
09274,03159,0,0,0
09274,03241,37,0,37
09274,03251,10,10,0
09274,03252,0,0,0
09274,03254,0,0,0
09274,03255,0,0,0
09274,03256,0,0,0
09274,03257,0,0,0
09274,03351,0,0,0
09274,03352,0,0,0
09274,03353,0,0,0
09274,03354,0,0,0
09274,03355,0,0,0
09274,03356,0,0,0
09274,03357,0,0,0
09274,03358,0,0,0
09274,03359,0,0,0
09274,03360,0,0,0
09274,03361,0,0,0
09274,03401,0,0,0
09274,03402,0,0,0
09274,03403,0,0,0
09274,03404,0,0,0
09274,03405,0,0,0
09274,03451,0,0,0
09274,03452,0,0,0
09274,03453,0,0,0
09274,03454,25,0,25
09274,03455,0,0,0
09274,03456,0,0,0
09274,03457,0,0,0
09274,03458,0,0,0
09274,03459,11,0,11
09274,03460,0,0,0
09274,03461,0,0,0
09274,03462,0,0,0
09274,04011,14,0,14
09274,04012,0,0,0
09274,05111,49,0,49
09274,05112,15,0,15
09274,05113,18,0,18
09274,05114,94,0,94
09274,05116,11,0,11
09274,05117,0,0,0
09274,05119,0,0,0
09274,05120,0,0,0
09274,05122,0,0,0
09274,05124,0,0,0
09274,05154,0,0,0
09274,05158,26,0,26
09274,05162,17,0,17
09274,05166,12,0,12
09274,05170,0,0,0
09274,05314,0,0,0
09274,05315,39,0,39
09274,05316,0,0,0
09274,05334,12,12,0
09274,05358,0,0,0
09274,05362,0,0,0
09274,05366,0,0,0
09274,05370,0,0,0
09274,05374,28,0,28
09274,05378,10,10,0
09274,05382,20,0,20
09274,05512,0,0,0
09274,05513,0,0,0
09274,05515,0,0,0
09274,05554,0,0,0
09274,05558,0,0,0
09274,05562,42,0,42
09274,05566,0,0,0
09274,05570,0,0,0
09274,05711,0,0,0
09274,05754,18,0,18
09274,05758,0,0,0
09274,05762,0,0,0
09274,05766,0,0,0
09274,05770,0,0,0
09274,05774,0,0,0
09274,05911,0,0,0
09274,05913,14,0,14
09274,05914,0,0,0
09274,05915,0,0,0
09274,05916,0,0,0
09274,05954,0,0,0
09274,05958,0,0,0
09274,05962,0,0,0
09274,05966,0,0,0
09274,05970,0,0,0
09274,05974,12,0,12
09274,05978,0,0,0
09274,06411,0,0,0
09274,06412,105,13,92
09274,06413,0,0,0
09274,06414,11,0,11
09274,06431,0,0,0
09274,06432,15,0,15
09274,06433,13,0,13
09274,06434,45,15,30
09274,06435,12,0,12
09274,06436,16,0,16
09274,06437,0,0,0
09274,06438,44,12,32
09274,06439,0,0,0
09274,06440,0,0,0
09274,06531,0,0,0
09274,06532,0,0,0
09274,06533,0,0,0
09274,06534,0,0,0
09274,06535,0,0,0
09274,06611,0,0,0
09274,06631,0,0,0
09274,06632,0,0,0
09274,06633,0,0,0
09274,06634,0,0,0
09274,06635,0,0,0
09274,06636,0,0,0
09274,07111,0,0,0
09274,07131,0,0,0
09274,07132,0,0,0
09274,07133,0,0,0
09274,07134,0,0,0
09274,07135,0,0,0
09274,07137,0,0,0
09274,07138,0,0,0
09274,07140,0,0,0
09274,07141,0,0,0
09274,07143,0,0,0
09274,07211,16,16,0
09274,07231,0,0,0
09274,07232,0,0,0
09274,07233,0,0,0
09274,07235,21,21,0
09274,07311,0,0,0
09274,07312,0,0,0
09274,07313,16,0,16
09274,07314,0,0,0
09274,07315,10,0,10
09274,07316,0,0,0
09274,07317,0,0,0
09274,07318,0,0,0
09274,07319,0,0,0
09274,07320,0,0,0
09274,07331,0,0,0
09274,07332,0,0,0
09274,07333,0,0,0
09274,07334,0,0,0
09274,07335,0,0,0
09274,07336,0,0,0
09274,07337,0,0,0
09274,07338,0,0,0
09274,07339,0,0,0
09274,07340,0,0,0
09274,08111,64,15,49
09274,08115,35,22,13
09274,08116,63,31,32
09274,08117,0,0,0
09274,08118,43,26,17
09274,08119,25,11,14
09274,08121,0,0,0
09274,08125,23,10,13
09274,08126,20,0,20
09274,08127,0,0,0
09274,08128,0,0,0
09274,08135,0,0,0
09274,08136,21,21,0
09274,08211,0,0,0
09274,08212,13,0,13
09274,08215,27,12,15
09274,08216,13,0,13
09274,08221,0,0,0
09274,08222,12,0,12
09274,08225,0,0,0
09274,08226,15,0,15
09274,08231,0,0,0
09274,08235,10,10,0
09274,08236,12,12,0
09274,08237,0,0,0
09274,08311,0,0,0
09274,08315,0,0,0
09274,08316,0,0,0
09274,08317,37,37,0
09274,08325,0,0,0
09274,08326,0,0,0
09274,08327,0,0,0
09274,08335,0,0,0
09274,08336,0,0,0
09274,08337,0,0,0
09274,08415,20,20,0
09274,08416,0,0,0
09274,08417,0,0,0
09274,08421,33,0,33
09274,08425,0,0,0
09274,08426,18,18,0
09274,08435,0,0,0
09274,08436,13,13,0
09274,08437,0,0,0
09274,09161,230,58,172
09274,09162,4433,476,3957
09274,09163,47,11,36
09274,09171,285,154,131
09274,09172,14,0,14
09274,09173,41,16,25
09274,09174,169,57,112
09274,09175,248,55,193
09274,09176,98,41,57
09274,09177,3709,1156,2553
09274,09178,5102,1328,3774
09274,09179,146,47,99
09274,09180,0,0,0
09274,09181,24,14,10
09274,09182,40,18,22
09274,09183,1992,1205,787
09274,09184,1549,110,1439
09274,09185,69,19,50
09274,09186,330,140,190
09274,09187,107,52,55
09274,09188,98,26,72
09274,09189,98,54,44
09274,09190,41,25,16
09274,09261,22739,6922,15817
09274,09262,85,24,61
09274,09263,282,113,169
09274,09271,424,263,161
09274,09272,136,102,34
09274,09273,2269,1092,1177
09274,09274,0,0,0
09274,09275,226,163,63
09274,09276,127,106,21
09274,09277,1147,825,322
09274,09278,1450,808,642
09274,09279,6593,2911,3682
09274,09361,12,12,0
09274,09362,1003,139,864
09274,09363,0,0,0
09274,09371,20,20,0
09274,09372,173,133,40
09274,09373,43,18,25
09274,09374,12,12,0
09274,09375,661,313,348
09274,09376,92,58,34
09274,09377,14,14,0
09274,09461,0,0,0
09274,09462,14,14,0
09274,09463,0,0,0
09274,09464,11,11,0
09274,09471,36,36,0
09274,09472,18,0,18
09274,09473,0,0,0
09274,09474,19,19,0
09274,09475,14,14,0
09274,09476,0,0,0
09274,09477,0,0,0
09274,09478,0,0,0
09274,09479,0,0,0
09274,09561,0,0,0
09274,09562,19,0,19
09274,09563,13,13,0
09274,09564,190,62,128
09274,09565,0,0,0
09274,09571,0,0,0
09274,09572,17,17,0
09274,09573,0,0,0
09274,09574,59,34,25
09274,09575,11,11,0
09274,09576,11,11,0
09274,09577,0,0,0
09274,09661,0,0,0
09274,09662,0,0,0
09274,09663,11,0,11
09274,09671,0,0,0
09274,09672,0,0,0
09274,09673,0,0,0
09274,09674,0,0,0
09274,09675,0,0,0
09274,09676,0,0,0
09274,09677,0,0,0
09274,09678,11,11,0
09274,09679,13,13,0
09274,09761,62,19,43
09274,09762,0,0,0
09274,09763,0,0,0
09274,09764,0,0,0
09274,09771,36,13,23
09274,09772,55,20,35
09274,09773,0,0,0
09274,09774,12,12,0
09274,09775,0,0,0
09274,09776,0,0,0
09274,09777,0,0,0
09274,09778,0,0,0
09274,09779,16,0,16
09274,09780,11,0,11
09274,10041,0,0,0
09274,10042,0,0,0
09274,10043,0,0,0
09274,10044,0,0,0
09274,10045,0,0,0
09274,10046,0,0,0
09274,11000,124,23,101
09274,12051,0,0,0
09274,12052,0,0,0
09274,12053,0,0,0
09274,12054,0,0,0
09274,12060,0,0,0
09274,12061,10,10,0
09274,12062,13,13,0
09274,12063,0,0,0
09274,12064,0,0,0
09274,12065,0,0,0
09274,12066,0,0,0
09274,12067,0,0,0
09274,12068,0,0,0
09274,12069,0,0,0
09274,12070,0,0,0
09274,12071,0,0,0
09274,12072,0,0,0
09274,12073,0,0,0
09274,13003,0,0,0
09274,13004,0,0,0
09274,13071,0,0,0
09274,13072,0,0,0
09274,13073,0,0,0
09274,13074,0,0,0
09274,13075,0,0,0
09274,13076,0,0,0
09274,14511,0,0,0
09274,14521,27,27,0
09274,14522,33,33,0
09274,14523,26,26,0
09274,14524,42,42,0
09274,14612,30,19,11
09274,14625,10,10,0
09274,14626,13,13,0
09274,14627,0,0,0
09274,14628,11,11,0
09274,14713,64,64,0
09274,14729,13,13,0
09274,14730,10,10,0
09274,15001,0,0,0
09274,15002,0,0,0
09274,15003,0,0,0
09274,15081,0,0,0
09274,15082,21,0,21
09274,15083,0,0,0
09274,15084,0,0,0
09274,15085,0,0,0
09274,15086,0,0,0
09274,15087,0,0,0
09274,15088,0,0,0
09274,15089,0,0,0
09274,15090,0,0,0
09274,15091,0,0,0
09274,16051,0,0,0
09274,16052,0,0,0
09274,16053,0,0,0
09274,16054,0,0,0
09274,16055,0,0,0
09274,16056,0,0,0
09274,16061,0,0,0
09274,16062,0,0,0
09274,16063,0,0,0
09274,16064,0,0,0
09274,16065,0,0,0
09274,16066,12,12,0
09274,16067,0,0,0
09274,16068,0,0,0
09274,16069,0,0,0
09274,16070,0,0,0
09274,16071,0,0,0
09274,16072,0,0,0
09274,16073,0,0,0
09274,16074,0,0,0
09274,16075,17,17,0
09274,16076,0,0,0
09274,16077,0,0,0
09275,01001,0,0,0
09275,01002,0,0,0
09275,01003,15,0,15
09275,01004,0,0,0
09275,01051,0,0,0
09275,01053,0,0,0
09275,01054,0,0,0
09275,01055,0,0,0
09275,01056,0,0,0
09275,01057,0,0,0
09275,01058,0,0,0
09275,01059,0,0,0
09275,01060,0,0,0
09275,01061,0,0,0
09275,01062,0,0,0
09275,02000,56,10,46
09275,03101,0,0,0
09275,03102,0,0,0
09275,03103,0,0,0
09275,03151,0,0,0
09275,03153,0,0,0
09275,03154,0,0,0
09275,03155,0,0,0
09275,03157,0,0,0
09275,03158,0,0,0
09275,03159,0,0,0
09275,03241,0,0,0
09275,03251,0,0,0
09275,03252,0,0,0
09275,03254,0,0,0
09275,03255,0,0,0
09275,03256,0,0,0
09275,03257,0,0,0
09275,03351,0,0,0
09275,03352,0,0,0
09275,03353,0,0,0
09275,03354,0,0,0
09275,03355,0,0,0
09275,03356,0,0,0
09275,03357,0,0,0
09275,03358,0,0,0
09275,03359,0,0,0
09275,03360,0,0,0
09275,03361,0,0,0
09275,03401,0,0,0
09275,03402,0,0,0
09275,03403,0,0,0
09275,03404,0,0,0
09275,03405,0,0,0
09275,03451,0,0,0
09275,03452,0,0,0
09275,03453,0,0,0
09275,03454,0,0,0
09275,03455,0,0,0
09275,03456,0,0,0
09275,03457,0,0,0
09275,03458,0,0,0
09275,03459,0,0,0
09275,03460,0,0,0
09275,03461,0,0,0
09275,03462,0,0,0
09275,04011,0,0,0
09275,04012,0,0,0
09275,05111,44,0,44
09275,05112,0,0,0
09275,05113,10,0,10
09275,05114,122,0,122
09275,05116,0,0,0
09275,05117,0,0,0
09275,05119,0,0,0
09275,05120,0,0,0
09275,05122,0,0,0
09275,05124,0,0,0
09275,05154,0,0,0
09275,05158,0,0,0
09275,05162,0,0,0
09275,05166,0,0,0
09275,05170,0,0,0
09275,05314,0,0,0
09275,05315,57,16,41
09275,05316,0,0,0
09275,05334,0,0,0
09275,05358,0,0,0
09275,05362,0,0,0
09275,05366,0,0,0
09275,05370,0,0,0
09275,05374,0,0,0
09275,05378,0,0,0
09275,05382,11,11,0
09275,05512,0,0,0
09275,05513,0,0,0
09275,05515,0,0,0
09275,05554,0,0,0
09275,05558,0,0,0
09275,05562,0,0,0
09275,05566,0,0,0
09275,05570,0,0,0
09275,05711,0,0,0
09275,05754,0,0,0
09275,05758,0,0,0
09275,05762,0,0,0
09275,05766,0,0,0
09275,05770,0,0,0
09275,05774,0,0,0
09275,05911,0,0,0
09275,05913,0,0,0
09275,05914,0,0,0
09275,05915,0,0,0
09275,05916,0,0,0
09275,05954,0,0,0
09275,05958,0,0,0
09275,05962,0,0,0
09275,05966,0,0,0
09275,05970,0,0,0
09275,05974,0,0,0
09275,05978,0,0,0
09275,06411,10,0,10
09275,06412,51,10,41
09275,06413,0,0,0
09275,06414,11,0,11
09275,06431,10,0,10
09275,06432,23,0,23
09275,06433,0,0,0
09275,06434,10,0,10
09275,06435,0,0,0
09275,06436,0,0,0
09275,06437,0,0,0
09275,06438,18,0,18
09275,06439,0,0,0
09275,06440,0,0,0
09275,06531,0,0,0
09275,06532,0,0,0
09275,06533,0,0,0
09275,06534,0,0,0
09275,06535,0,0,0
09275,06611,0,0,0
09275,06631,15,0,15
09275,06632,0,0,0
09275,06633,0,0,0
09275,06634,0,0,0
09275,06635,0,0,0
09275,06636,0,0,0
09275,07111,0,0,0
09275,07131,0,0,0
09275,07132,0,0,0
09275,07133,0,0,0
09275,07134,0,0,0
09275,07135,0,0,0
09275,07137,0,0,0
09275,07138,0,0,0
09275,07140,0,0,0
09275,07141,0,0,0
09275,07143,0,0,0
09275,07211,0,0,0
09275,07231,0,0,0
09275,07232,0,0,0
09275,07233,0,0,0
09275,07235,0,0,0
09275,07311,0,0,0
09275,07312,0,0,0
09275,07313,0,0,0
09275,07314,0,0,0
09275,07315,0,0,0
09275,07316,0,0,0
09275,07317,0,0,0
09275,07318,0,0,0
09275,07319,0,0,0
09275,07320,0,0,0
09275,07331,0,0,0
09275,07332,13,0,13
09275,07333,0,0,0
09275,07334,0,0,0
09275,07335,0,0,0
09275,07336,0,0,0
09275,07337,0,0,0
09275,07338,0,0,0
09275,07339,0,0,0
09275,07340,0,0,0
09275,08111,28,0,28
09275,08115,0,0,0
09275,08116,40,10,30
09275,08117,0,0,0
09275,08118,11,0,11
09275,08119,15,15,0
09275,08121,0,0,0
09275,08125,0,0,0
09275,08126,36,0,36
09275,08127,69,69,0
09275,08128,18,0,18
09275,08135,0,0,0
09275,08136,0,0,0
09275,08211,0,0,0
09275,08212,10,0,10
09275,08215,10,0,10
09275,08216,0,0,0
09275,08221,0,0,0
09275,08222,10,0,10
09275,08225,0,0,0
09275,08226,16,0,16
09275,08231,0,0,0
09275,08235,0,0,0
09275,08236,0,0,0
09275,08237,0,0,0
09275,08311,0,0,0
09275,08315,0,0,0
09275,08316,0,0,0
09275,08317,10,10,0
09275,08325,0,0,0
09275,08326,0,0,0
09275,08327,0,0,0
09275,08335,0,0,0
09275,08336,0,0,0
09275,08337,0,0,0
09275,08415,0,0,0
09275,08416,0,0,0
09275,08417,10,0,10
09275,08421,0,0,0
09275,08425,0,0,0
09275,08426,10,10,0
09275,08435,29,0,29
09275,08436,0,0,0
09275,08437,0,0,0
09275,09161,84,23,61
09275,09162,1110,143,967
09275,09163,22,0,22
09275,09171,416,83,333
09275,09172,33,13,20
09275,09173,20,0,20
09275,09174,48,17,31
09275,09175,61,19,42
09275,09176,36,24,12
09275,09177,46,15,31
09275,09178,151,60,91
09275,09179,66,16,50
09275,09180,0,0,0
09275,09181,15,0,15
09275,09182,59,19,40
09275,09183,179,30,149
09275,09184,278,33,245
09275,09185,57,11,46
09275,09186,37,17,20
09275,09187,72,27,45
09275,09188,58,0,58
09275,09189,80,31,49
09275,09190,0,0,0
09275,09261,209,25,184
09275,09262,21939,3369,18570
09275,09263,170,42,128
09275,09271,4224,1730,2494
09275,09272,6401,3923,2478
09275,09273,103,49,54
09275,09274,226,63,163
09275,09275,0,0,0
09275,09276,293,161,132
09275,09277,4780,2474,2306
09275,09278,209,91,118
09275,09279,1595,143,1452
09275,09361,12,0,12
09275,09362,442,59,383
09275,09363,0,0,0
09275,09371,15,15,0
09275,09372,128,64,64
09275,09373,58,40,18
09275,09374,24,24,0
09275,09375,155,71,84
09275,09376,70,44,26
09275,09377,0,0,0
09275,09461,0,0,0
09275,09462,0,0,0
09275,09463,0,0,0
09275,09464,0,0,0
09275,09471,0,0,0
09275,09472,19,19,0
09275,09473,0,0,0
09275,09474,0,0,0
09275,09475,11,0,11
09275,09476,0,0,0
09275,09477,0,0,0
09275,09478,0,0,0
09275,09479,0,0,0
09275,09561,0,0,0
09275,09562,21,0,21
09275,09563,10,0,10
09275,09564,125,19,106
09275,09565,0,0,0
09275,09571,14,0,14
09275,09572,0,0,0
09275,09573,0,0,0
09275,09574,19,0,19
09275,09575,0,0,0
09275,09576,13,0,13
09275,09577,0,0,0
09275,09661,0,0,0
09275,09662,0,0,0
09275,09663,13,0,13
09275,09671,0,0,0
09275,09672,0,0,0
09275,09673,0,0,0
09275,09674,0,0,0
09275,09675,18,0,18
09275,09676,10,0,10
09275,09677,0,0,0
09275,09678,0,0,0
09275,09679,0,0,0
09275,09761,20,0,20
09275,09762,0,0,0
09275,09763,0,0,0
09275,09764,0,0,0
09275,09771,13,0,13
09275,09772,11,0,11
09275,09773,0,0,0
09275,09774,10,0,10
09275,09775,0,0,0
09275,09776,0,0,0
09275,09777,10,10,0
09275,09778,0,0,0
09275,09779,10,0,10
09275,09780,0,0,0
09275,10041,0,0,0
09275,10042,0,0,0
09275,10043,0,0,0
09275,10044,0,0,0
09275,10045,0,0,0
09275,10046,0,0,0
09275,11000,118,28,90
09275,12051,0,0,0
09275,12052,0,0,0
09275,12053,0,0,0
09275,12054,0,0,0
09275,12060,0,0,0
09275,12061,0,0,0
09275,12062,0,0,0
09275,12063,0,0,0
09275,12064,0,0,0
09275,12065,0,0,0
09275,12066,0,0,0
09275,12067,0,0,0
09275,12068,0,0,0
09275,12069,0,0,0
09275,12070,0,0,0
09275,12071,0,0,0
09275,12072,0,0,0
09275,12073,0,0,0
09275,13003,0,0,0
09275,13004,0,0,0
09275,13071,0,0,0
09275,13072,0,0,0
09275,13073,0,0,0
09275,13074,0,0,0
09275,13075,0,0,0
09275,13076,0,0,0
09275,14511,0,0,0
09275,14521,0,0,0
09275,14522,0,0,0
09275,14523,0,0,0
09275,14524,13,13,0
09275,14612,0,0,0
09275,14625,0,0,0
09275,14626,0,0,0
09275,14627,0,0,0
09275,14628,0,0,0
09275,14713,13,13,0
09275,14729,0,0,0
09275,14730,0,0,0
09275,15001,0,0,0
09275,15002,0,0,0
09275,15003,0,0,0
09275,15081,0,0,0
09275,15082,0,0,0
09275,15083,0,0,0
09275,15084,11,11,0
09275,15085,0,0,0
09275,15086,0,0,0
09275,15087,0,0,0
09275,15088,0,0,0
09275,15089,0,0,0
09275,15090,0,0,0
09275,15091,0,0,0
09275,16051,0,0,0
09275,16052,0,0,0
09275,16053,0,0,0
09275,16054,0,0,0
09275,16055,0,0,0
09275,16056,0,0,0
09275,16061,0,0,0
09275,16062,0,0,0
09275,16063,0,0,0
09275,16064,0,0,0
09275,16065,0,0,0
09275,16066,0,0,0
09275,16067,0,0,0
09275,16068,0,0,0
09275,16069,0,0,0
09275,16070,0,0,0
09275,16071,0,0,0
09275,16072,0,0,0
09275,16073,0,0,0
09275,16074,0,0,0
09275,16075,0,0,0
09275,16076,0,0,0
09275,16077,0,0,0
09276,01001,0,0,0
09276,01002,0,0,0
09276,01003,0,0,0
09276,01004,0,0,0
09276,01051,0,0,0
09276,01053,0,0,0
09276,01054,0,0,0
09276,01055,0,0,0
09276,01056,0,0,0
09276,01057,0,0,0
09276,01058,0,0,0
09276,01059,0,0,0
09276,01060,0,0,0
09276,01061,0,0,0
09276,01062,0,0,0
09276,02000,0,0,0
09276,03101,0,0,0
09276,03102,0,0,0
09276,03103,0,0,0
09276,03151,0,0,0
09276,03153,0,0,0
09276,03154,0,0,0
09276,03155,0,0,0
09276,03157,0,0,0
09276,03158,0,0,0
09276,03159,0,0,0
09276,03241,0,0,0
09276,03251,0,0,0
09276,03252,0,0,0
09276,03254,0,0,0
09276,03255,0,0,0
09276,03256,0,0,0
09276,03257,0,0,0
09276,03351,0,0,0
09276,03352,0,0,0
09276,03353,0,0,0
09276,03354,0,0,0
09276,03355,0,0,0
09276,03356,0,0,0
09276,03357,0,0,0
09276,03358,0,0,0
09276,03359,0,0,0
09276,03360,0,0,0
09276,03361,0,0,0
09276,03401,0,0,0
09276,03402,0,0,0
09276,03403,0,0,0
09276,03404,0,0,0
09276,03405,0,0,0
09276,03451,0,0,0
09276,03452,0,0,0
09276,03453,0,0,0
09276,03454,0,0,0
09276,03455,0,0,0
09276,03456,0,0,0
09276,03457,0,0,0
09276,03458,0,0,0
09276,03459,0,0,0
09276,03460,0,0,0
09276,03461,0,0,0
09276,03462,0,0,0
09276,04011,0,0,0
09276,04012,0,0,0
09276,05111,0,0,0
09276,05112,0,0,0
09276,05113,0,0,0
09276,05114,0,0,0
09276,05116,0,0,0
09276,05117,0,0,0
09276,05119,0,0,0
09276,05120,0,0,0
09276,05122,0,0,0
09276,05124,0,0,0
09276,05154,0,0,0
09276,05158,0,0,0
09276,05162,0,0,0
09276,05166,0,0,0
09276,05170,0,0,0
09276,05314,0,0,0
09276,05315,12,0,12
09276,05316,0,0,0
09276,05334,0,0,0
09276,05358,0,0,0
09276,05362,20,0,20
09276,05366,0,0,0
09276,05370,0,0,0
09276,05374,0,0,0
09276,05378,0,0,0
09276,05382,0,0,0
09276,05512,0,0,0
09276,05513,0,0,0
09276,05515,0,0,0
09276,05554,0,0,0
09276,05558,0,0,0
09276,05562,0,0,0
09276,05566,0,0,0
09276,05570,0,0,0
09276,05711,0,0,0
09276,05754,0,0,0
09276,05758,0,0,0
09276,05762,0,0,0
09276,05766,0,0,0
09276,05770,0,0,0
09276,05774,0,0,0
09276,05911,0,0,0
09276,05913,0,0,0
09276,05914,0,0,0
09276,05915,0,0,0
09276,05916,0,0,0
09276,05954,0,0,0
09276,05958,0,0,0
09276,05962,0,0,0
09276,05966,0,0,0
09276,05970,0,0,0
09276,05974,0,0,0
09276,05978,0,0,0
09276,06411,0,0,0
09276,06412,12,0,12
09276,06413,0,0,0
09276,06414,0,0,0
09276,06431,0,0,0
09276,06432,14,0,14
09276,06433,0,0,0
09276,06434,0,0,0
09276,06435,0,0,0
09276,06436,0,0,0
09276,06437,0,0,0
09276,06438,0,0,0
09276,06439,0,0,0
09276,06440,0,0,0
09276,06531,0,0,0
09276,06532,0,0,0
09276,06533,0,0,0
09276,06534,0,0,0
09276,06535,0,0,0
09276,06611,0,0,0
09276,06631,0,0,0
09276,06632,0,0,0
09276,06633,0,0,0
09276,06634,0,0,0
09276,06635,0,0,0
09276,06636,0,0,0
09276,07111,0,0,0
09276,07131,0,0,0
09276,07132,0,0,0
09276,07133,0,0,0
09276,07134,0,0,0
09276,07135,0,0,0
09276,07137,0,0,0
09276,07138,0,0,0
09276,07140,0,0,0
09276,07141,0,0,0
09276,07143,0,0,0
09276,07211,0,0,0
09276,07231,0,0,0
09276,07232,0,0,0
09276,07233,0,0,0
09276,07235,0,0,0
09276,07311,0,0,0
09276,07312,0,0,0
09276,07313,0,0,0
09276,07314,0,0,0
09276,07315,0,0,0
09276,07316,0,0,0
09276,07317,0,0,0
09276,07318,0,0,0
09276,07319,0,0,0
09276,07320,0,0,0
09276,07331,0,0,0
09276,07332,0,0,0
09276,07333,0,0,0
09276,07334,0,0,0
09276,07335,0,0,0
09276,07336,0,0,0
09276,07337,0,0,0
09276,07338,0,0,0
09276,07339,0,0,0
09276,07340,0,0,0
09276,08111,0,0,0
09276,08115,0,0,0
09276,08116,0,0,0
09276,08117,0,0,0
09276,08118,0,0,0
09276,08119,0,0,0
09276,08121,0,0,0
09276,08125,0,0,0
09276,08126,0,0,0
09276,08127,0,0,0
09276,08128,0,0,0
09276,08135,0,0,0
09276,08136,0,0,0
09276,08211,0,0,0
09276,08212,0,0,0
09276,08215,0,0,0
09276,08216,0,0,0
09276,08221,0,0,0
09276,08222,0,0,0
09276,08225,0,0,0
09276,08226,0,0,0
09276,08231,0,0,0
09276,08235,28,0,28
09276,08236,0,0,0
09276,08237,0,0,0
09276,08311,0,0,0
09276,08315,0,0,0
09276,08316,0,0,0
09276,08317,0,0,0
09276,08325,0,0,0
09276,08326,0,0,0
09276,08327,0,0,0
09276,08335,0,0,0
09276,08336,0,0,0
09276,08337,0,0,0
09276,08415,0,0,0
09276,08416,0,0,0
09276,08417,0,0,0
09276,08421,0,0,0
09276,08425,0,0,0
09276,08426,0,0,0
09276,08435,0,0,0
09276,08436,0,0,0
09276,08437,0,0,0
09276,09161,14,0,14
09276,09162,384,39,345
09276,09163,0,0,0
09276,09171,16,0,16
09276,09172,0,0,0
09276,09173,12,0,12
09276,09174,0,0,0
09276,09175,40,0,40
09276,09176,13,0,13
09276,09177,14,0,14
09276,09178,44,0,44
09276,09179,18,0,18
09276,09180,0,0,0
09276,09181,0,0,0
09276,09182,0,0,0
09276,09183,17,0,17
09276,09184,103,11,92
09276,09185,17,0,17
09276,09186,13,0,13
09276,09187,0,0,0
09276,09188,11,0,11
09276,09189,30,0,30
09276,09190,0,0,0
09276,09261,111,0,111
09276,09262,280,25,255
09276,09263,293,83,210
09276,09271,4698,1192,3506
09276,09272,1546,959,587
09276,09273,31,10,21
09276,09274,127,21,106
09276,09275,293,132,161
09276,09276,0,0,0
09276,09277,65,16,49
09276,09278,1054,516,538
09276,09279,771,52,719
09276,09361,0,0,0
09276,09362,349,31,318
09276,09363,25,12,13
09276,09371,0,0,0
09276,09372,2460,1197,1263
09276,09373,26,14,12
09276,09374,52,28,24
09276,09375,94,33,61
09276,09376,71,35,36
09276,09377,0,0,0
09276,09461,0,0,0
09276,09462,0,0,0
09276,09463,0,0,0
09276,09464,0,0,0
09276,09471,0,0,0
09276,09472,0,0,0
09276,09473,0,0,0
09276,09474,0,0,0
09276,09475,0,0,0
09276,09476,0,0,0
09276,09477,0,0,0
09276,09478,0,0,0
09276,09479,0,0,0
09276,09561,0,0,0
09276,09562,0,0,0
09276,09563,0,0,0
09276,09564,30,0,30
09276,09565,0,0,0
09276,09571,0,0,0
09276,09572,0,0,0
09276,09573,0,0,0
09276,09574,0,0,0
09276,09575,0,0,0
09276,09576,0,0,0
09276,09577,0,0,0
09276,09661,0,0,0
09276,09662,0,0,0
09276,09663,0,0,0
09276,09671,0,0,0
09276,09672,0,0,0
09276,09673,0,0,0
09276,09674,0,0,0
09276,09675,0,0,0
09276,09676,0,0,0
09276,09677,0,0,0
09276,09678,0,0,0
09276,09679,0,0,0
09276,09761,0,0,0
09276,09762,0,0,0
09276,09763,0,0,0
09276,09764,0,0,0
09276,09771,0,0,0
09276,09772,0,0,0
09276,09773,0,0,0
09276,09774,0,0,0
09276,09775,0,0,0
09276,09776,0,0,0
09276,09777,0,0,0
09276,09778,0,0,0
09276,09779,0,0,0
09276,09780,0,0,0
09276,10041,0,0,0
09276,10042,0,0,0
09276,10043,0,0,0
09276,10044,0,0,0
09276,10045,0,0,0
09276,10046,0,0,0
09276,11000,37,12,25
09276,12051,0,0,0
09276,12052,0,0,0
09276,12053,0,0,0
09276,12054,0,0,0
09276,12060,0,0,0
09276,12061,0,0,0
09276,12062,0,0,0
09276,12063,0,0,0
09276,12064,0,0,0
09276,12065,0,0,0
09276,12066,0,0,0
09276,12067,0,0,0
09276,12068,0,0,0
09276,12069,0,0,0
09276,12070,0,0,0
09276,12071,0,0,0
09276,12072,0,0,0
09276,12073,0,0,0
09276,13003,0,0,0
09276,13004,0,0,0
09276,13071,0,0,0
09276,13072,0,0,0
09276,13073,0,0,0
09276,13074,0,0,0
09276,13075,0,0,0
09276,13076,0,0,0
09276,14511,0,0,0
09276,14521,11,11,0
09276,14522,0,0,0
09276,14523,141,141,0
09276,14524,39,39,0
09276,14612,0,0,0
09276,14625,0,0,0
09276,14626,13,13,0
09276,14627,0,0,0
09276,14628,0,0,0
09276,14713,0,0,0
09276,14729,0,0,0
09276,14730,0,0,0
09276,15001,0,0,0
09276,15002,0,0,0
09276,15003,0,0,0
09276,15081,0,0,0
09276,15082,0,0,0
09276,15083,0,0,0
09276,15084,0,0,0
09276,15085,0,0,0
09276,15086,0,0,0
09276,15087,0,0,0
09276,15088,0,0,0
09276,15089,0,0,0
09276,15090,0,0,0
09276,15091,0,0,0
09276,16051,0,0,0
09276,16052,0,0,0
09276,16053,0,0,0
09276,16054,0,0,0
09276,16055,0,0,0
09276,16056,0,0,0
09276,16061,0,0,0
09276,16062,0,0,0
09276,16063,0,0,0
09276,16064,0,0,0
09276,16065,0,0,0
09276,16066,0,0,0
09276,16067,0,0,0
09276,16068,0,0,0
09276,16069,0,0,0
09276,16070,0,0,0
09276,16071,0,0,0
09276,16072,0,0,0
09276,16073,0,0,0
09276,16074,0,0,0
09276,16075,0,0,0
09276,16076,17,17,0
09276,16077,0,0,0
09277,01001,0,0,0
09277,01002,0,0,0
09277,01003,0,0,0
09277,01004,0,0,0
09277,01051,0,0,0
09277,01053,13,0,13
09277,01054,0,0,0
09277,01055,0,0,0
09277,01056,0,0,0
09277,01057,0,0,0
09277,01058,0,0,0
09277,01059,0,0,0
09277,01060,0,0,0
09277,01061,0,0,0
09277,01062,0,0,0
09277,02000,42,18,24
09277,03101,0,0,0
09277,03102,0,0,0
09277,03103,0,0,0
09277,03151,0,0,0
09277,03153,0,0,0
09277,03154,0,0,0
09277,03155,0,0,0
09277,03157,0,0,0
09277,03158,0,0,0
09277,03159,0,0,0
09277,03241,0,0,0
09277,03251,0,0,0
09277,03252,0,0,0
09277,03254,0,0,0
09277,03255,0,0,0
09277,03256,0,0,0
09277,03257,0,0,0
09277,03351,0,0,0
09277,03352,0,0,0
09277,03353,0,0,0
09277,03354,0,0,0
09277,03355,0,0,0
09277,03356,0,0,0
09277,03357,0,0,0
09277,03358,0,0,0
09277,03359,0,0,0
09277,03360,0,0,0
09277,03361,0,0,0
09277,03401,0,0,0
09277,03402,0,0,0
09277,03403,0,0,0
09277,03404,0,0,0
09277,03405,0,0,0
09277,03451,0,0,0
09277,03452,0,0,0
09277,03453,0,0,0
09277,03454,0,0,0
09277,03455,0,0,0
09277,03456,0,0,0
09277,03457,0,0,0
09277,03458,0,0,0
09277,03459,0,0,0
09277,03460,0,0,0
09277,03461,0,0,0
09277,03462,0,0,0
09277,04011,10,0,10
09277,04012,0,0,0
09277,05111,20,0,20
09277,05112,11,0,11
09277,05113,0,0,0
09277,05114,0,0,0
09277,05116,0,0,0
09277,05117,0,0,0
09277,05119,0,0,0
09277,05120,0,0,0
09277,05122,0,0,0
09277,05124,0,0,0
09277,05154,0,0,0
09277,05158,0,0,0
09277,05162,10,10,0
09277,05166,0,0,0
09277,05170,0,0,0
09277,05314,0,0,0
09277,05315,20,0,20
09277,05316,0,0,0
09277,05334,0,0,0
09277,05358,0,0,0
09277,05362,0,0,0
09277,05366,0,0,0
09277,05370,0,0,0
09277,05374,0,0,0
09277,05378,0,0,0
09277,05382,10,0,10
09277,05512,0,0,0
09277,05513,0,0,0
09277,05515,0,0,0
09277,05554,0,0,0
09277,05558,0,0,0
09277,05562,0,0,0
09277,05566,0,0,0
09277,05570,0,0,0
09277,05711,0,0,0
09277,05754,0,0,0
09277,05758,0,0,0
09277,05762,0,0,0
09277,05766,0,0,0
09277,05770,0,0,0
09277,05774,0,0,0
09277,05911,0,0,0
09277,05913,0,0,0
09277,05914,0,0,0
09277,05915,0,0,0
09277,05916,0,0,0
09277,05954,0,0,0
09277,05958,0,0,0
09277,05962,0,0,0
09277,05966,0,0,0
09277,05970,0,0,0
09277,05974,0,0,0
09277,05978,0,0,0
09277,06411,0,0,0
09277,06412,37,11,26
09277,06413,0,0,0
09277,06414,0,0,0
09277,06431,10,10,0
09277,06432,21,0,21
09277,06433,0,0,0
09277,06434,0,0,0
09277,06435,20,20,0
09277,06436,0,0,0
09277,06437,0,0,0
09277,06438,16,16,0
09277,06439,0,0,0
09277,06440,0,0,0
09277,06531,0,0,0
09277,06532,0,0,0
09277,06533,0,0,0
09277,06534,0,0,0
09277,06535,0,0,0
09277,06611,0,0,0
09277,06631,0,0,0
09277,06632,0,0,0
09277,06633,0,0,0
09277,06634,0,0,0
09277,06635,0,0,0
09277,06636,0,0,0
09277,07111,0,0,0
09277,07131,0,0,0
09277,07132,0,0,0
09277,07133,0,0,0
09277,07134,0,0,0
09277,07135,0,0,0
09277,07137,0,0,0
09277,07138,0,0,0
09277,07140,0,0,0
09277,07141,0,0,0
09277,07143,0,0,0
09277,07211,0,0,0
09277,07231,0,0,0
09277,07232,0,0,0
09277,07233,0,0,0
09277,07235,0,0,0
09277,07311,0,0,0
09277,07312,0,0,0
09277,07313,0,0,0
09277,07314,0,0,0
09277,07315,0,0,0
09277,07316,0,0,0
09277,07317,0,0,0
09277,07318,0,0,0
09277,07319,0,0,0
09277,07320,0,0,0
09277,07331,0,0,0
09277,07332,0,0,0
09277,07333,0,0,0
09277,07334,0,0,0
09277,07335,0,0,0
09277,07336,0,0,0
09277,07337,0,0,0
09277,07338,0,0,0
09277,07339,0,0,0
09277,07340,0,0,0
09277,08111,19,0,19
09277,08115,0,0,0
09277,08116,11,0,11
09277,08117,0,0,0
09277,08118,0,0,0
09277,08119,0,0,0
09277,08121,0,0,0
09277,08125,14,14,0
09277,08126,18,0,18
09277,08127,0,0,0
09277,08128,0,0,0
09277,08135,0,0,0
09277,08136,13,0,13
09277,08211,0,0,0
09277,08212,0,0,0
09277,08215,0,0,0
09277,08216,0,0,0
09277,08221,0,0,0
09277,08222,0,0,0
09277,08225,0,0,0
09277,08226,33,17,16
09277,08231,0,0,0
09277,08235,0,0,0
09277,08236,0,0,0
09277,08237,0,0,0
09277,08311,0,0,0
09277,08315,0,0,0
09277,08316,0,0,0
09277,08317,0,0,0
09277,08325,0,0,0
09277,08326,0,0,0
09277,08327,0,0,0
09277,08335,12,12,0
09277,08336,0,0,0
09277,08337,0,0,0
09277,08415,0,0,0
09277,08416,0,0,0
09277,08417,0,0,0
09277,08421,0,0,0
09277,08425,0,0,0
09277,08426,0,0,0
09277,08435,0,0,0
09277,08436,0,0,0
09277,08437,0,0,0
09277,09161,38,0,38
09277,09162,1143,194,949
09277,09163,44,13,31
09277,09171,7604,1463,6141
09277,09172,45,17,28
09277,09173,14,0,14
09277,09174,26,0,26
09277,09175,58,25,33
09277,09176,14,0,14
09277,09177,120,38,82
09277,09178,140,35,105
09277,09179,42,17,25
09277,09180,0,0,0
09277,09181,24,11,13
09277,09182,0,0,0
09277,09183,1665,714,951
09277,09184,339,42,297
09277,09185,30,0,30
09277,09186,17,0,17
09277,09187,121,60,61
09277,09188,35,11,24
09277,09189,228,55,173
09277,09190,0,0,0
09277,09261,368,57,311
09277,09262,732,137,595
09277,09263,120,40,80
09277,09271,890,487,403
09277,09272,110,78,32
09277,09273,40,15,25
09277,09274,1147,322,825
09277,09275,4780,2306,2474
09277,09276,65,49,16
09277,09277,0,0,0
09277,09278,160,84,76
09277,09279,4785,1529,3256
09277,09361,0,0,0
09277,09362,194,40,154
09277,09363,0,0,0
09277,09371,0,0,0
09277,09372,94,69,25
09277,09373,0,0,0
09277,09374,0,0,0
09277,09375,76,42,34
09277,09376,48,16,32
09277,09377,10,10,0
09277,09461,0,0,0
09277,09462,0,0,0
09277,09463,0,0,0
09277,09464,0,0,0
09277,09471,0,0,0
09277,09472,0,0,0
09277,09473,0,0,0
09277,09474,11,11,0
09277,09475,0,0,0
09277,09476,0,0,0
09277,09477,0,0,0
09277,09478,0,0,0
09277,09479,0,0,0
09277,09561,0,0,0
09277,09562,0,0,0
09277,09563,0,0,0
09277,09564,58,16,42
09277,09565,0,0,0
09277,09571,0,0,0
09277,09572,0,0,0
09277,09573,0,0,0
09277,09574,12,0,12
09277,09575,0,0,0
09277,09576,0,0,0
09277,09577,0,0,0
09277,09661,0,0,0
09277,09662,0,0,0
09277,09663,0,0,0
09277,09671,0,0,0
09277,09672,0,0,0
09277,09673,0,0,0
09277,09674,0,0,0
09277,09675,0,0,0
09277,09676,0,0,0
09277,09677,0,0,0
09277,09678,0,0,0
09277,09679,0,0,0
09277,09761,37,17,20
09277,09762,0,0,0
09277,09763,0,0,0
09277,09764,0,0,0
09277,09771,0,0,0
09277,09772,10,10,0
09277,09773,0,0,0
09277,09774,0,0,0
09277,09775,0,0,0
09277,09776,0,0,0
09277,09777,0,0,0
09277,09778,0,0,0
09277,09779,0,0,0
09277,09780,0,0,0
09277,10041,0,0,0
09277,10042,0,0,0
09277,10043,0,0,0
09277,10044,0,0,0
09277,10045,0,0,0
09277,10046,0,0,0
09277,11000,649,44,605
09277,12051,0,0,0
09277,12052,0,0,0
09277,12053,0,0,0
09277,12054,0,0,0
09277,12060,0,0,0
09277,12061,0,0,0
09277,12062,0,0,0
09277,12063,0,0,0
09277,12064,0,0,0
09277,12065,0,0,0
09277,12066,0,0,0
09277,12067,0,0,0
09277,12068,0,0,0
09277,12069,0,0,0
09277,12070,0,0,0
09277,12071,0,0,0
09277,12072,0,0,0
09277,12073,0,0,0
09277,13003,0,0,0
09277,13004,0,0,0
09277,13071,0,0,0
09277,13072,0,0,0
09277,13073,0,0,0
09277,13074,0,0,0
09277,13075,0,0,0
09277,13076,0,0,0
09277,14511,0,0,0
09277,14521,19,19,0
09277,14522,0,0,0
09277,14523,10,10,0
09277,14524,10,10,0
09277,14612,0,0,0
09277,14625,0,0,0
09277,14626,0,0,0
09277,14627,0,0,0
09277,14628,0,0,0
09277,14713,16,16,0
09277,14729,0,0,0
09277,14730,0,0,0
09277,15001,0,0,0
09277,15002,0,0,0
09277,15003,0,0,0
09277,15081,0,0,0
09277,15082,0,0,0
09277,15083,0,0,0
09277,15084,0,0,0
09277,15085,0,0,0
09277,15086,0,0,0
09277,15087,0,0,0
09277,15088,0,0,0
09277,15089,0,0,0
09277,15090,0,0,0
09277,15091,0,0,0
09277,16051,0,0,0
09277,16052,0,0,0
09277,16053,0,0,0
09277,16054,0,0,0
09277,16055,0,0,0
09277,16056,0,0,0
09277,16061,0,0,0
09277,16062,0,0,0
09277,16063,0,0,0
09277,16064,11,11,0
09277,16065,0,0,0
09277,16066,0,0,0
09277,16067,0,0,0
09277,16068,0,0,0
09277,16069,0,0,0
09277,16070,0,0,0
09277,16071,0,0,0
09277,16072,0,0,0
09277,16073,0,0,0
09277,16074,0,0,0
09277,16075,0,0,0
09277,16076,0,0,0
09277,16077,0,0,0
09278,01001,0,0,0
09278,01002,0,0,0
09278,01003,10,0,10
09278,01004,0,0,0
09278,01051,0,0,0
09278,01053,0,0,0
09278,01054,0,0,0
09278,01055,0,0,0
09278,01056,0,0,0
09278,01057,0,0,0
09278,01058,0,0,0
09278,01059,0,0,0
09278,01060,0,0,0
09278,01061,0,0,0
09278,01062,0,0,0
09278,02000,35,0,35
09278,03101,0,0,0
09278,03102,0,0,0
09278,03103,24,0,24
09278,03151,0,0,0
09278,03153,0,0,0
09278,03154,0,0,0
09278,03155,0,0,0
09278,03157,0,0,0
09278,03158,0,0,0
09278,03159,0,0,0
09278,03241,20,0,20
09278,03251,0,0,0
09278,03252,0,0,0
09278,03254,0,0,0
09278,03255,0,0,0
09278,03256,0,0,0
09278,03257,0,0,0
09278,03351,0,0,0
09278,03352,0,0,0
09278,03353,0,0,0
09278,03354,0,0,0
09278,03355,0,0,0
09278,03356,0,0,0
09278,03357,0,0,0
09278,03358,0,0,0
09278,03359,0,0,0
09278,03360,0,0,0
09278,03361,0,0,0
09278,03401,0,0,0
09278,03402,0,0,0
09278,03403,0,0,0
09278,03404,0,0,0
09278,03405,0,0,0
09278,03451,0,0,0
09278,03452,0,0,0
09278,03453,0,0,0
09278,03454,0,0,0
09278,03455,0,0,0
09278,03456,0,0,0
09278,03457,0,0,0
09278,03458,0,0,0
09278,03459,0,0,0
09278,03460,0,0,0
09278,03461,0,0,0
09278,03462,0,0,0
09278,04011,0,0,0
09278,04012,0,0,0
09278,05111,27,0,27
09278,05112,0,0,0
09278,05113,12,0,12
09278,05114,0,0,0
09278,05116,0,0,0
09278,05117,0,0,0
09278,05119,0,0,0
09278,05120,0,0,0
09278,05122,0,0,0
09278,05124,0,0,0
09278,05154,0,0,0
09278,05158,12,0,12
09278,05162,10,0,10
09278,05166,0,0,0
09278,05170,0,0,0
09278,05314,0,0,0
09278,05315,17,0,17
09278,05316,0,0,0
09278,05334,17,0,17
09278,05358,0,0,0
09278,05362,0,0,0
09278,05366,0,0,0
09278,05370,0,0,0
09278,05374,12,0,12
09278,05378,0,0,0
09278,05382,0,0,0
09278,05512,0,0,0
09278,05513,0,0,0
09278,05515,0,0,0
09278,05554,0,0,0
09278,05558,0,0,0
09278,05562,0,0,0
09278,05566,0,0,0
09278,05570,0,0,0
09278,05711,0,0,0
09278,05754,0,0,0
09278,05758,0,0,0
09278,05762,0,0,0
09278,05766,0,0,0
09278,05770,0,0,0
09278,05774,0,0,0
09278,05911,0,0,0
09278,05913,0,0,0
09278,05914,0,0,0
09278,05915,0,0,0
09278,05916,0,0,0
09278,05954,0,0,0
09278,05958,0,0,0
09278,05962,0,0,0
09278,05966,0,0,0
09278,05970,0,0,0
09278,05974,51,0,51
09278,05978,0,0,0
09278,06411,0,0,0
09278,06412,35,0,35
09278,06413,0,0,0
09278,06414,0,0,0
09278,06431,0,0,0
09278,06432,0,0,0
09278,06433,0,0,0
09278,06434,12,0,12
09278,06435,11,0,11
09278,06436,0,0,0
09278,06437,0,0,0
09278,06438,0,0,0
09278,06439,0,0,0
09278,06440,0,0,0
09278,06531,0,0,0
09278,06532,0,0,0
09278,06533,0,0,0
09278,06534,0,0,0
09278,06535,0,0,0
09278,06611,0,0,0
09278,06631,0,0,0
09278,06632,0,0,0
09278,06633,0,0,0
09278,06634,0,0,0
09278,06635,0,0,0
09278,06636,0,0,0
09278,07111,0,0,0
09278,07131,0,0,0
09278,07132,0,0,0
09278,07133,0,0,0
09278,07134,0,0,0
09278,07135,0,0,0
09278,07137,0,0,0
09278,07138,0,0,0
09278,07140,0,0,0
09278,07141,0,0,0
09278,07143,0,0,0
09278,07211,0,0,0
09278,07231,0,0,0
09278,07232,0,0,0
09278,07233,0,0,0
09278,07235,0,0,0
09278,07311,0,0,0
09278,07312,0,0,0
09278,07313,0,0,0
09278,07314,0,0,0
09278,07315,0,0,0
09278,07316,0,0,0
09278,07317,0,0,0
09278,07318,0,0,0
09278,07319,0,0,0
09278,07320,0,0,0
09278,07331,0,0,0
09278,07332,0,0,0
09278,07333,0,0,0
09278,07334,0,0,0
09278,07335,0,0,0
09278,07336,0,0,0
09278,07337,0,0,0
09278,07338,0,0,0
09278,07339,0,0,0
09278,07340,0,0,0
09278,08111,32,0,32
09278,08115,12,0,12
09278,08116,0,0,0
09278,08117,0,0,0
09278,08118,10,0,10
09278,08119,10,0,10
09278,08121,0,0,0
09278,08125,0,0,0
09278,08126,16,0,16
09278,08127,0,0,0
09278,08128,0,0,0
09278,08135,0,0,0
09278,08136,0,0,0
09278,08211,0,0,0
09278,08212,22,22,0
09278,08215,12,12,0
09278,08216,0,0,0
09278,08221,0,0,0
09278,08222,0,0,0
09278,08225,0,0,0
09278,08226,0,0,0
09278,08231,0,0,0
09278,08235,0,0,0
09278,08236,0,0,0
09278,08237,0,0,0
09278,08311,0,0,0
09278,08315,0,0,0
09278,08316,0,0,0
09278,08317,0,0,0
09278,08325,10,0,10
09278,08326,0,0,0
09278,08327,0,0,0
09278,08335,0,0,0
09278,08336,0,0,0
09278,08337,0,0,0
09278,08415,0,0,0
09278,08416,0,0,0
09278,08417,0,0,0
09278,08421,0,0,0
09278,08425,0,0,0
09278,08426,0,0,0
09278,08435,0,0,0
09278,08436,0,0,0
09278,08437,0,0,0
09278,09161,40,0,40
09278,09162,709,71,638
09278,09163,0,0,0
09278,09171,42,11,31
09278,09172,0,0,0
09278,09173,12,0,12
09278,09174,43,11,32
09278,09175,44,0,44
09278,09176,40,0,40
09278,09177,51,18,33
09278,09178,197,34,163
09278,09179,22,0,22
09278,09180,0,0,0
09278,09181,12,0,12
09278,09182,0,0,0
09278,09183,37,11,26
09278,09184,251,22,229
09278,09185,21,0,21
09278,09186,32,0,32
09278,09187,19,0,19
09278,09188,16,0,16
09278,09189,35,12,23
09278,09190,0,0,0
09278,09261,488,64,424
09278,09262,103,18,85
09278,09263,15248,3057,12191
09278,09271,3297,1505,1792
09278,09272,101,69,32
09278,09273,337,146,191
09278,09274,1450,642,808
09278,09275,209,118,91
09278,09276,1054,538,516
09278,09277,160,76,84
09278,09278,0,0,0
09278,09279,3460,828,2632
09278,09361,0,0,0
09278,09362,2955,226,2729
09278,09363,23,10,13
09278,09371,22,12,10
09278,09372,1870,889,981
09278,09373,45,20,25
09278,09374,18,18,0
09278,09375,2432,847,1585
09278,09376,165,76,89
09278,09377,11,11,0
09278,09461,16,16,0
09278,09462,0,0,0
09278,09463,0,0,0
09278,09464,0,0,0
09278,09471,0,0,0
09278,09472,0,0,0
09278,09473,0,0,0
09278,09474,0,0,0
09278,09475,0,0,0
09278,09476,0,0,0
09278,09477,0,0,0
09278,09478,0,0,0
09278,09479,18,18,0
09278,09561,0,0,0
09278,09562,23,0,23
09278,09563,0,0,0
09278,09564,125,13,112
09278,09565,0,0,0
09278,09571,0,0,0
09278,09572,0,0,0
09278,09573,0,0,0
09278,09574,12,0,12
09278,09575,0,0,0
09278,09576,0,0,0
09278,09577,0,0,0
09278,09661,0,0,0
09278,09662,0,0,0
09278,09663,0,0,0
09278,09671,0,0,0
09278,09672,0,0,0
09278,09673,0,0,0
09278,09674,0,0,0
09278,09675,0,0,0
09278,09676,0,0,0
09278,09677,0,0,0
09278,09678,0,0,0
09278,09679,14,0,14
09278,09761,26,0,26
09278,09762,0,0,0
09278,09763,0,0,0
09278,09764,0,0,0
09278,09771,0,0,0
09278,09772,12,0,12
09278,09773,0,0,0
09278,09774,0,0,0
09278,09775,0,0,0
09278,09776,0,0,0
09278,09777,0,0,0
09278,09778,0,0,0
09278,09779,0,0,0
09278,09780,0,0,0
09278,10041,36,36,0
09278,10042,0,0,0
09278,10043,0,0,0
09278,10044,0,0,0
09278,10045,15,15,0
09278,10046,0,0,0
09278,11000,37,0,37
09278,12051,0,0,0
09278,12052,0,0,0
09278,12053,0,0,0
09278,12054,0,0,0
09278,12060,0,0,0
09278,12061,0,0,0
09278,12062,0,0,0
09278,12063,0,0,0
09278,12064,0,0,0
09278,12065,0,0,0
09278,12066,0,0,0
09278,12067,0,0,0
09278,12068,0,0,0
09278,12069,0,0,0
09278,12070,0,0,0
09278,12071,0,0,0
09278,12072,0,0,0
09278,12073,0,0,0
09278,13003,0,0,0
09278,13004,0,0,0
09278,13071,0,0,0
09278,13072,0,0,0
09278,13073,0,0,0
09278,13074,0,0,0
09278,13075,0,0,0
09278,13076,0,0,0
09278,14511,0,0,0
09278,14521,21,21,0
09278,14522,0,0,0
09278,14523,0,0,0
09278,14524,18,18,0
09278,14612,0,0,0
09278,14625,0,0,0
09278,14626,0,0,0
09278,14627,0,0,0
09278,14628,0,0,0
09278,14713,20,20,0
09278,14729,13,0,13
09278,14730,0,0,0
09278,15001,0,0,0
09278,15002,0,0,0
09278,15003,0,0,0
09278,15081,0,0,0
09278,15082,25,25,0
09278,15083,0,0,0
09278,15084,0,0,0
09278,15085,0,0,0
09278,15086,0,0,0
09278,15087,0,0,0
09278,15088,12,12,0
09278,15089,0,0,0
09278,15090,0,0,0
09278,15091,0,0,0
09278,16051,0,0,0
09278,16052,0,0,0
09278,16053,0,0,0
09278,16054,0,0,0
09278,16055,0,0,0
09278,16056,0,0,0
09278,16061,0,0,0
09278,16062,0,0,0
09278,16063,0,0,0
09278,16064,0,0,0
09278,16065,0,0,0
09278,16066,0,0,0
09278,16067,0,0,0
09278,16068,0,0,0
09278,16069,0,0,0
09278,16070,0,0,0
09278,16071,0,0,0
09278,16072,0,0,0
09278,16073,0,0,0
09278,16074,0,0,0
09278,16075,0,0,0
09278,16076,0,0,0
09278,16077,0,0,0
09279,01001,0,0,0
09279,01002,0,0,0
09279,01003,0,0,0
09279,01004,0,0,0
09279,01051,0,0,0
09279,01053,0,0,0
09279,01054,0,0,0
09279,01055,0,0,0
09279,01056,0,0,0
09279,01057,0,0,0
09279,01058,0,0,0
09279,01059,0,0,0
09279,01060,0,0,0
09279,01061,0,0,0
09279,01062,0,0,0
09279,02000,18,0,18
09279,03101,0,0,0
09279,03102,0,0,0
09279,03103,258,0,258
09279,03151,0,0,0
09279,03153,0,0,0
09279,03154,0,0,0
09279,03155,0,0,0
09279,03157,0,0,0
09279,03158,0,0,0
09279,03159,0,0,0
09279,03241,0,0,0
09279,03251,0,0,0
09279,03252,0,0,0
09279,03254,0,0,0
09279,03255,0,0,0
09279,03256,0,0,0
09279,03257,0,0,0
09279,03351,0,0,0
09279,03352,0,0,0
09279,03353,0,0,0
09279,03354,0,0,0
09279,03355,0,0,0
09279,03356,0,0,0
09279,03357,0,0,0
09279,03358,0,0,0
09279,03359,0,0,0
09279,03360,0,0,0
09279,03361,0,0,0
09279,03401,0,0,0
09279,03402,0,0,0
09279,03403,0,0,0
09279,03404,0,0,0
09279,03405,0,0,0
09279,03451,0,0,0
09279,03452,0,0,0
09279,03453,0,0,0
09279,03454,0,0,0
09279,03455,0,0,0
09279,03456,0,0,0
09279,03457,0,0,0
09279,03458,0,0,0
09279,03459,0,0,0
09279,03460,0,0,0
09279,03461,0,0,0
09279,03462,0,0,0
09279,04011,0,0,0
09279,04012,0,0,0
09279,05111,14,0,14
09279,05112,0,0,0
09279,05113,17,0,17
09279,05114,0,0,0
09279,05116,0,0,0
09279,05117,0,0,0
09279,05119,0,0,0
09279,05120,0,0,0
09279,05122,0,0,0
09279,05124,0,0,0
09279,05154,0,0,0
09279,05158,0,0,0
09279,05162,0,0,0
09279,05166,0,0,0
09279,05170,0,0,0
09279,05314,0,0,0
09279,05315,19,0,19
09279,05316,0,0,0
09279,05334,0,0,0
09279,05358,0,0,0
09279,05362,10,0,10
09279,05366,0,0,0
09279,05370,0,0,0
09279,05374,0,0,0
09279,05378,0,0,0
09279,05382,0,0,0
09279,05512,0,0,0
09279,05513,0,0,0
09279,05515,0,0,0
09279,05554,0,0,0
09279,05558,0,0,0
09279,05562,0,0,0
09279,05566,0,0,0
09279,05570,0,0,0
09279,05711,0,0,0
09279,05754,10,10,0
09279,05758,0,0,0
09279,05762,0,0,0
09279,05766,0,0,0
09279,05770,0,0,0
09279,05774,0,0,0
09279,05911,0,0,0
09279,05913,0,0,0
09279,05914,0,0,0
09279,05915,0,0,0
09279,05916,0,0,0
09279,05954,0,0,0
09279,05958,0,0,0
09279,05962,0,0,0
09279,05966,0,0,0
09279,05970,0,0,0
09279,05974,0,0,0
09279,05978,0,0,0
09279,06411,0,0,0
09279,06412,33,10,23
09279,06413,0,0,0
09279,06414,0,0,0
09279,06431,0,0,0
09279,06432,10,0,10
09279,06433,0,0,0
09279,06434,0,0,0
09279,06435,0,0,0
09279,06436,0,0,0
09279,06437,0,0,0
09279,06438,0,0,0
09279,06439,0,0,0
09279,06440,0,0,0
09279,06531,12,0,12
09279,06532,0,0,0
09279,06533,0,0,0
09279,06534,0,0,0
09279,06535,0,0,0
09279,06611,0,0,0
09279,06631,20,0,20
09279,06632,0,0,0
09279,06633,0,0,0
09279,06634,0,0,0
09279,06635,0,0,0
09279,06636,0,0,0
09279,07111,0,0,0
09279,07131,0,0,0
09279,07132,0,0,0
09279,07133,0,0,0
09279,07134,0,0,0
09279,07135,0,0,0
09279,07137,0,0,0
09279,07138,0,0,0
09279,07140,0,0,0
09279,07141,0,0,0
09279,07143,0,0,0
09279,07211,0,0,0
09279,07231,0,0,0
09279,07232,0,0,0
09279,07233,0,0,0
09279,07235,0,0,0
09279,07311,0,0,0
09279,07312,0,0,0
09279,07313,0,0,0
09279,07314,0,0,0
09279,07315,0,0,0
09279,07316,0,0,0
09279,07317,0,0,0
09279,07318,0,0,0
09279,07319,0,0,0
09279,07320,0,0,0
09279,07331,0,0,0
09279,07332,0,0,0
09279,07333,0,0,0
09279,07334,0,0,0
09279,07335,0,0,0
09279,07336,0,0,0
09279,07337,0,0,0
09279,07338,0,0,0
09279,07339,0,0,0
09279,07340,0,0,0
09279,08111,23,0,23
09279,08115,0,0,0
09279,08116,11,0,11
09279,08117,0,0,0
09279,08118,18,0,18
09279,08119,0,0,0
09279,08121,0,0,0
09279,08125,0,0,0
09279,08126,0,0,0
09279,08127,0,0,0
09279,08128,0,0,0
09279,08135,0,0,0
09279,08136,0,0,0
09279,08211,0,0,0
09279,08212,0,0,0
09279,08215,0,0,0
09279,08216,32,0,32
09279,08221,0,0,0
09279,08222,13,0,13
09279,08225,0,0,0
09279,08226,16,0,16
09279,08231,0,0,0
09279,08235,0,0,0
09279,08236,0,0,0
09279,08237,0,0,0
09279,08311,0,0,0
09279,08315,0,0,0
09279,08316,0,0,0
09279,08317,0,0,0
09279,08325,0,0,0
09279,08326,0,0,0
09279,08327,0,0,0
09279,08335,0,0,0
09279,08336,0,0,0
09279,08337,0,0,0
09279,08415,0,0,0
09279,08416,0,0,0
09279,08417,0,0,0
09279,08421,16,0,16
09279,08425,0,0,0
09279,08426,0,0,0
09279,08435,0,0,0
09279,08436,0,0,0
09279,08437,0,0,0
09279,09161,96,14,82
09279,09162,1569,185,1384
09279,09163,0,0,0
09279,09171,174,101,73
09279,09172,14,14,0
09279,09173,0,0,0
09279,09174,147,29,118
09279,09175,43,15,28
09279,09176,22,0,22
09279,09177,174,57,117
09279,09178,434,149,285
09279,09179,31,12,19
09279,09180,0,0,0
09279,09181,0,0,0
09279,09182,0,0,0
09279,09183,294,225,69
09279,09184,565,31,534
09279,09185,52,0,52
09279,09186,67,46,21
09279,09187,41,21,20
09279,09188,70,0,70
09279,09189,44,26,18
09279,09190,0,0,0
09279,09261,2895,1061,1834
09279,09262,284,144,140
09279,09263,1907,979,928
09279,09271,5166,3536,1630
09279,09272,564,513,51
09279,09273,245,129,116
09279,09274,6593,3682,2911
09279,09275,1595,1452,143
09279,09276,771,719,52
09279,09277,4785,3256,1529
09279,09278,3460,2632,828
09279,09279,0,0,0
09279,09361,0,0,0
09279,09362,458,91,367
09279,09363,0,0,0
09279,09371,0,0,0
09279,09372,214,163,51
09279,09373,10,10,0
09279,09374,0,0,0
09279,09375,328,193,135
09279,09376,70,48,22
09279,09377,0,0,0
09279,09461,0,0,0
09279,09462,0,0,0
09279,09463,0,0,0
09279,09464,0,0,0
09279,09471,0,0,0
09279,09472,0,0,0
09279,09473,0,0,0
09279,09474,0,0,0
09279,09475,0,0,0
09279,09476,0,0,0
09279,09477,0,0,0
09279,09478,0,0,0
09279,09479,0,0,0
09279,09561,0,0,0
09279,09562,0,0,0
09279,09563,0,0,0
09279,09564,140,69,71
09279,09565,0,0,0
09279,09571,0,0,0
09279,09572,0,0,0
09279,09573,0,0,0
09279,09574,0,0,0
09279,09575,0,0,0
09279,09576,0,0,0
09279,09577,0,0,0
09279,09661,0,0,0
09279,09662,0,0,0
09279,09663,0,0,0
09279,09671,0,0,0
09279,09672,0,0,0
09279,09673,0,0,0
09279,09674,0,0,0
09279,09675,0,0,0
09279,09676,0,0,0
09279,09677,0,0,0
09279,09678,0,0,0
09279,09679,0,0,0
09279,09761,39,12,27
09279,09762,0,0,0
09279,09763,0,0,0
09279,09764,0,0,0
09279,09771,14,14,0
09279,09772,15,0,15
09279,09773,0,0,0
09279,09774,0,0,0
09279,09775,10,0,10
09279,09776,0,0,0
09279,09777,0,0,0
09279,09778,0,0,0
09279,09779,0,0,0
09279,09780,0,0,0
09279,10041,15,0,15
09279,10042,0,0,0
09279,10043,0,0,0
09279,10044,0,0,0
09279,10045,0,0,0
09279,10046,0,0,0
09279,11000,72,29,43
09279,12051,0,0,0
09279,12052,0,0,0
09279,12053,0,0,0
09279,12054,0,0,0
09279,12060,0,0,0
09279,12061,0,0,0
09279,12062,0,0,0
09279,12063,0,0,0
09279,12064,0,0,0
09279,12065,0,0,0
09279,12066,0,0,0
09279,12067,0,0,0
09279,12068,0,0,0
09279,12069,0,0,0
09279,12070,0,0,0
09279,12071,0,0,0
09279,12072,0,0,0
09279,12073,0,0,0
09279,13003,0,0,0
09279,13004,0,0,0
09279,13071,0,0,0
09279,13072,0,0,0
09279,13073,0,0,0
09279,13074,0,0,0
09279,13075,0,0,0
09279,13076,0,0,0
09279,14511,0,0,0
09279,14521,24,24,0
09279,14522,0,0,0
09279,14523,0,0,0
09279,14524,0,0,0
09279,14612,0,0,0
09279,14625,0,0,0
09279,14626,0,0,0
09279,14627,0,0,0
09279,14628,0,0,0
09279,14713,15,15,0
09279,14729,0,0,0
09279,14730,0,0,0
09279,15001,0,0,0
09279,15002,0,0,0
09279,15003,0,0,0
09279,15081,0,0,0
09279,15082,0,0,0
09279,15083,0,0,0
09279,15084,0,0,0
09279,15085,0,0,0
09279,15086,0,0,0
09279,15087,0,0,0
09279,15088,0,0,0
09279,15089,0,0,0
09279,15090,0,0,0
09279,15091,0,0,0
09279,16051,0,0,0
09279,16052,0,0,0
09279,16053,0,0,0
09279,16054,0,0,0
09279,16055,0,0,0
09279,16056,0,0,0
09279,16061,0,0,0
09279,16062,0,0,0
09279,16063,0,0,0
09279,16064,0,0,0
09279,16065,0,0,0
09279,16066,0,0,0
09279,16067,0,0,0
09279,16068,0,0,0
09279,16069,0,0,0
09279,16070,0,0,0
09279,16071,0,0,0
09279,16072,0,0,0
09279,16073,0,0,0
09279,16074,0,0,0
09279,16075,0,0,0
09279,16076,0,0,0
09279,16077,0,0,0
09361,01001,0,0,0
09361,01002,0,0,0
09361,01003,0,0,0
09361,01004,0,0,0
09361,01051,0,0,0
09361,01053,0,0,0
09361,01054,0,0,0
09361,01055,0,0,0
09361,01056,0,0,0
09361,01057,0,0,0
09361,01058,0,0,0
09361,01059,0,0,0
09361,01060,0,0,0
09361,01061,0,0,0
09361,01062,0,0,0
09361,02000,16,0,16
09361,03101,0,0,0
09361,03102,0,0,0
09361,03103,0,0,0
09361,03151,0,0,0
09361,03153,0,0,0
09361,03154,0,0,0
09361,03155,0,0,0
09361,03157,0,0,0
09361,03158,0,0,0
09361,03159,0,0,0
09361,03241,0,0,0
09361,03251,0,0,0
09361,03252,0,0,0
09361,03254,0,0,0
09361,03255,0,0,0
09361,03256,0,0,0
09361,03257,0,0,0
09361,03351,0,0,0
09361,03352,0,0,0
09361,03353,0,0,0
09361,03354,0,0,0
09361,03355,0,0,0
09361,03356,0,0,0
09361,03357,0,0,0
09361,03358,0,0,0
09361,03359,0,0,0
09361,03360,0,0,0
09361,03361,0,0,0
09361,03401,0,0,0
09361,03402,0,0,0
09361,03403,0,0,0
09361,03404,0,0,0
09361,03405,0,0,0
09361,03451,0,0,0
09361,03452,0,0,0
09361,03453,0,0,0
09361,03454,0,0,0
09361,03455,0,0,0
09361,03456,0,0,0
09361,03457,0,0,0
09361,03458,0,0,0
09361,03459,0,0,0
09361,03460,0,0,0
09361,03461,0,0,0
09361,03462,0,0,0
09361,04011,0,0,0
09361,04012,0,0,0
09361,05111,0,0,0
09361,05112,0,0,0
09361,05113,0,0,0
09361,05114,0,0,0
09361,05116,0,0,0
09361,05117,0,0,0
09361,05119,0,0,0
09361,05120,0,0,0
09361,05122,0,0,0
09361,05124,0,0,0
09361,05154,0,0,0
09361,05158,12,0,12
09361,05162,0,0,0
09361,05166,0,0,0
09361,05170,0,0,0
09361,05314,0,0,0
09361,05315,13,0,13
09361,05316,0,0,0
09361,05334,0,0,0
09361,05358,0,0,0
09361,05362,0,0,0
09361,05366,0,0,0
09361,05370,0,0,0
09361,05374,0,0,0
09361,05378,0,0,0
09361,05382,0,0,0
09361,05512,0,0,0
09361,05513,10,10,0
09361,05515,0,0,0
09361,05554,0,0,0
09361,05558,0,0,0
09361,05562,0,0,0
09361,05566,0,0,0
09361,05570,0,0,0
09361,05711,0,0,0
09361,05754,0,0,0
09361,05758,0,0,0
09361,05762,0,0,0
09361,05766,0,0,0
09361,05770,0,0,0
09361,05774,0,0,0
09361,05911,12,12,0
09361,05913,0,0,0
09361,05914,0,0,0
09361,05915,0,0,0
09361,05916,0,0,0
09361,05954,0,0,0
09361,05958,0,0,0
09361,05962,0,0,0
09361,05966,0,0,0
09361,05970,0,0,0
09361,05974,0,0,0
09361,05978,0,0,0
09361,06411,0,0,0
09361,06412,11,0,11
09361,06413,0,0,0
09361,06414,0,0,0
09361,06431,0,0,0
09361,06432,0,0,0
09361,06433,0,0,0
09361,06434,0,0,0
09361,06435,15,0,15
09361,06436,12,0,12
09361,06437,0,0,0
09361,06438,0,0,0
09361,06439,0,0,0
09361,06440,0,0,0
09361,06531,0,0,0
09361,06532,0,0,0
09361,06533,0,0,0
09361,06534,0,0,0
09361,06535,0,0,0
09361,06611,0,0,0
09361,06631,0,0,0
09361,06632,0,0,0
09361,06633,0,0,0
09361,06634,0,0,0
09361,06635,0,0,0
09361,06636,0,0,0
09361,07111,0,0,0
09361,07131,0,0,0
09361,07132,0,0,0
09361,07133,0,0,0
09361,07134,0,0,0
09361,07135,0,0,0
09361,07137,0,0,0
09361,07138,0,0,0
09361,07140,0,0,0
09361,07141,0,0,0
09361,07143,0,0,0
09361,07211,0,0,0
09361,07231,0,0,0
09361,07232,0,0,0
09361,07233,0,0,0
09361,07235,0,0,0
09361,07311,0,0,0
09361,07312,14,14,0
09361,07313,0,0,0
09361,07314,0,0,0
09361,07315,0,0,0
09361,07316,0,0,0
09361,07317,0,0,0
09361,07318,0,0,0
09361,07319,0,0,0
09361,07320,0,0,0
09361,07331,0,0,0
09361,07332,0,0,0
09361,07333,0,0,0
09361,07334,0,0,0
09361,07335,0,0,0
09361,07336,0,0,0
09361,07337,0,0,0
09361,07338,0,0,0
09361,07339,0,0,0
09361,07340,0,0,0
09361,08111,11,0,11
09361,08115,0,0,0
09361,08116,0,0,0
09361,08117,0,0,0
09361,08118,0,0,0
09361,08119,0,0,0
09361,08121,0,0,0
09361,08125,0,0,0
09361,08126,0,0,0
09361,08127,0,0,0
09361,08128,0,0,0
09361,08135,0,0,0
09361,08136,0,0,0
09361,08211,0,0,0
09361,08212,0,0,0
09361,08215,0,0,0
09361,08216,0,0,0
09361,08221,0,0,0
09361,08222,0,0,0
09361,08225,0,0,0
09361,08226,0,0,0
09361,08231,0,0,0
09361,08235,16,0,16
09361,08236,0,0,0
09361,08237,0,0,0
09361,08311,0,0,0
09361,08315,0,0,0
09361,08316,0,0,0
09361,08317,0,0,0
09361,08325,0,0,0
09361,08326,0,0,0
09361,08327,0,0,0
09361,08335,0,0,0
09361,08336,0,0,0
09361,08337,0,0,0
09361,08415,0,0,0
09361,08416,0,0,0
09361,08417,0,0,0
09361,08421,0,0,0
09361,08425,0,0,0
09361,08426,0,0,0
09361,08435,0,0,0
09361,08436,0,0,0
09361,08437,0,0,0
09361,09161,0,0,0
09361,09162,159,31,128
09361,09163,0,0,0
09361,09171,12,12,0
09361,09172,0,0,0
09361,09173,0,0,0
09361,09174,0,0,0
09361,09175,0,0,0
09361,09176,10,10,0
09361,09177,0,0,0
09361,09178,0,0,0
09361,09179,0,0,0
09361,09180,0,0,0
09361,09181,0,0,0
09361,09182,0,0,0
09361,09183,0,0,0
09361,09184,20,0,20
09361,09185,0,0,0
09361,09186,0,0,0
09361,09187,0,0,0
09361,09188,67,0,67
09361,09189,0,0,0
09361,09190,0,0,0
09361,09261,0,0,0
09361,09262,0,0,0
09361,09263,0,0,0
09361,09271,0,0,0
09361,09272,0,0,0
09361,09273,24,24,0
09361,09274,12,0,12
09361,09275,12,12,0
09361,09276,0,0,0
09361,09277,0,0,0
09361,09278,0,0,0
09361,09279,0,0,0
09361,09361,0,0,0
09361,09362,607,141,466
09361,09363,505,286,219
09361,09371,15631,12056,3575
09361,09372,138,121,17
09361,09373,516,314,202
09361,09374,723,588,135
09361,09375,233,160,73
09361,09376,3367,2420,947
09361,09377,132,119,13
09361,09461,0,0,0
09361,09462,35,18,17
09361,09463,0,0,0
09361,09464,0,0,0
09361,09471,16,16,0
09361,09472,71,57,14
09361,09473,0,0,0
09361,09474,17,17,0
09361,09475,0,0,0
09361,09476,0,0,0
09361,09477,13,13,0
09361,09478,0,0,0
09361,09479,20,20,0
09361,09561,0,0,0
09361,09562,101,28,73
09361,09563,64,29,35
09361,09564,624,187,437
09361,09565,11,0,11
09361,09571,10,10,0
09361,09572,46,24,22
09361,09573,28,17,11
09361,09574,364,240,124
09361,09575,12,12,0
09361,09576,61,30,31
09361,09577,0,0,0
09361,09661,0,0,0
09361,09662,0,0,0
09361,09663,18,18,0
09361,09671,0,0,0
09361,09672,0,0,0
09361,09673,0,0,0
09361,09674,0,0,0
09361,09675,0,0,0
09361,09676,0,0,0
09361,09677,0,0,0
09361,09678,0,0,0
09361,09679,20,20,0
09361,09761,10,0,10
09361,09762,0,0,0
09361,09763,0,0,0
09361,09764,0,0,0
09361,09771,0,0,0
09361,09772,11,11,0
09361,09773,0,0,0
09361,09774,0,0,0
09361,09775,0,0,0
09361,09776,0,0,0
09361,09777,0,0,0
09361,09778,0,0,0
09361,09779,0,0,0
09361,09780,0,0,0
09361,10041,0,0,0
09361,10042,0,0,0
09361,10043,0,0,0
09361,10044,0,0,0
09361,10045,0,0,0
09361,10046,0,0,0
09361,11000,38,16,22
09361,12051,0,0,0
09361,12052,0,0,0
09361,12053,0,0,0
09361,12054,0,0,0
09361,12060,0,0,0
09361,12061,0,0,0
09361,12062,0,0,0
09361,12063,0,0,0
09361,12064,0,0,0
09361,12065,0,0,0
09361,12066,0,0,0
09361,12067,0,0,0
09361,12068,0,0,0
09361,12069,0,0,0
09361,12070,0,0,0
09361,12071,0,0,0
09361,12072,0,0,0
09361,12073,0,0,0
09361,13003,0,0,0
09361,13004,0,0,0
09361,13071,0,0,0
09361,13072,0,0,0
09361,13073,12,12,0
09361,13074,0,0,0
09361,13075,0,0,0
09361,13076,0,0,0
09361,14511,0,0,0
09361,14521,10,10,0
09361,14522,11,11,0
09361,14523,15,15,0
09361,14524,25,25,0
09361,14612,10,10,0
09361,14625,0,0,0
09361,14626,0,0,0
09361,14627,0,0,0
09361,14628,0,0,0
09361,14713,16,16,0
09361,14729,0,0,0
09361,14730,0,0,0
09361,15001,0,0,0
09361,15002,0,0,0
09361,15003,0,0,0
09361,15081,0,0,0
09361,15082,0,0,0
09361,15083,0,0,0
09361,15084,11,11,0
09361,15085,0,0,0
09361,15086,0,0,0
09361,15087,0,0,0
09361,15088,0,0,0
09361,15089,0,0,0
09361,15090,0,0,0
09361,15091,0,0,0
09361,16051,0,0,0
09361,16052,0,0,0
09361,16053,0,0,0
09361,16054,0,0,0
09361,16055,0,0,0
09361,16056,0,0,0
09361,16061,0,0,0
09361,16062,0,0,0
09361,16063,0,0,0
09361,16064,0,0,0
09361,16065,0,0,0
09361,16066,0,0,0
09361,16067,0,0,0
09361,16068,0,0,0
09361,16069,0,0,0
09361,16070,0,0,0
09361,16071,0,0,0
09361,16072,0,0,0
09361,16073,0,0,0
09361,16074,0,0,0
09361,16075,0,0,0
09361,16076,0,0,0
09361,16077,0,0,0
09362,01001,0,0,0
09362,01002,0,0,0
09362,01003,0,0,0
09362,01004,0,0,0
09362,01051,0,0,0
09362,01053,0,0,0
09362,01054,0,0,0
09362,01055,0,0,0
09362,01056,15,15,0
09362,01057,0,0,0
09362,01058,0,0,0
09362,01059,0,0,0
09362,01060,10,0,10
09362,01061,0,0,0
09362,01062,0,0,0
09362,02000,136,50,86
09362,03101,0,0,0
09362,03102,0,0,0
09362,03103,0,0,0
09362,03151,0,0,0
09362,03153,0,0,0
09362,03154,0,0,0
09362,03155,0,0,0
09362,03157,0,0,0
09362,03158,0,0,0
09362,03159,39,26,13
09362,03241,59,26,33
09362,03251,0,0,0
09362,03252,0,0,0
09362,03254,0,0,0
09362,03255,0,0,0
09362,03256,0,0,0
09362,03257,0,0,0
09362,03351,0,0,0
09362,03352,0,0,0
09362,03353,0,0,0
09362,03354,0,0,0
09362,03355,0,0,0
09362,03356,0,0,0
09362,03357,0,0,0
09362,03358,0,0,0
09362,03359,0,0,0
09362,03360,0,0,0
09362,03361,0,0,0
09362,03401,0,0,0
09362,03402,168,0,168
09362,03403,0,0,0
09362,03404,13,13,0
09362,03405,0,0,0
09362,03451,0,0,0
09362,03452,0,0,0
09362,03453,0,0,0
09362,03454,13,13,0
09362,03455,0,0,0
09362,03456,0,0,0
09362,03457,0,0,0
09362,03458,0,0,0
09362,03459,0,0,0
09362,03460,0,0,0
09362,03461,0,0,0
09362,03462,0,0,0
09362,04011,33,14,19
09362,04012,0,0,0
09362,05111,136,33,103
09362,05112,74,61,13
09362,05113,57,40,17
09362,05114,0,0,0
09362,05116,24,24,0
09362,05117,29,29,0
09362,05119,29,29,0
09362,05120,0,0,0
09362,05122,0,0,0
09362,05124,22,10,12
09362,05154,0,0,0
09362,05158,60,32,28
09362,05162,27,11,16
09362,05166,0,0,0
09362,05170,74,62,12
09362,05314,70,49,21
09362,05315,134,52,82
09362,05316,0,0,0
09362,05334,79,79,0
09362,05358,11,11,0
09362,05362,34,34,0
09362,05366,0,0,0
09362,05370,14,14,0
09362,05374,26,0,26
09362,05378,10,10,0
09362,05382,35,20,15
09362,05512,0,0,0
09362,05513,0,0,0
09362,05515,51,40,11
09362,05554,10,10,0
09362,05558,0,0,0
09362,05562,18,18,0
09362,05566,0,0,0
09362,05570,17,17,0
09362,05711,0,0,0
09362,05754,0,0,0
09362,05758,11,11,0
09362,05762,0,0,0
09362,05766,0,0,0
09362,05770,10,10,0
09362,05774,0,0,0
09362,05911,14,14,0
09362,05913,51,35,16
09362,05914,0,0,0
09362,05915,0,0,0
09362,05916,0,0,0
09362,05954,10,10,0
09362,05958,0,0,0
09362,05962,14,14,0
09362,05966,0,0,0
09362,05970,0,0,0
09362,05974,0,0,0
09362,05978,30,15,15
09362,06411,23,12,11
09362,06412,198,55,143
09362,06413,0,0,0
09362,06414,36,15,21
09362,06431,0,0,0
09362,06432,27,14,13
09362,06433,58,16,42
09362,06434,51,18,33
09362,06435,44,18,26
09362,06436,43,21,22
09362,06437,0,0,0
09362,06438,54,26,28
09362,06439,0,0,0
09362,06440,23,23,0
09362,06531,0,0,0
09362,06532,0,0,0
09362,06533,0,0,0
09362,06534,11,11,0
09362,06535,0,0,0
09362,06611,0,0,0
09362,06631,10,10,0
09362,06632,0,0,0
09362,06633,0,0,0
09362,06634,0,0,0
09362,06635,0,0,0
09362,06636,0,0,0
09362,07111,0,0,0
09362,07131,0,0,0
09362,07132,0,0,0
09362,07133,0,0,0
09362,07134,0,0,0
09362,07135,0,0,0
09362,07137,0,0,0
09362,07138,11,0,11
09362,07140,0,0,0
09362,07141,0,0,0
09362,07143,0,0,0
09362,07211,0,0,0
09362,07231,0,0,0
09362,07232,0,0,0
09362,07233,0,0,0
09362,07235,0,0,0
09362,07311,0,0,0
09362,07312,0,0,0
09362,07313,0,0,0
09362,07314,10,0,10
09362,07315,40,14,26
09362,07316,0,0,0
09362,07317,0,0,0
09362,07318,0,0,0
09362,07319,0,0,0
09362,07320,0,0,0
09362,07331,0,0,0
09362,07332,0,0,0
09362,07333,0,0,0
09362,07334,0,0,0
09362,07335,0,0,0
09362,07336,0,0,0
09362,07337,0,0,0
09362,07338,0,0,0
09362,07339,0,0,0
09362,07340,0,0,0
09362,08111,202,31,171
09362,08115,36,16,20
09362,08116,57,18,39
09362,08117,10,10,0
09362,08118,66,27,39
09362,08119,20,20,0
09362,08121,0,0,0
09362,08125,34,24,10
09362,08126,12,0,12
09362,08127,20,20,0
09362,08128,14,14,0
09362,08135,19,19,0
09362,08136,33,15,18
09362,08211,0,0,0
09362,08212,60,50,10
09362,08215,27,16,11
09362,08216,0,0,0
09362,08221,25,15,10
09362,08222,22,0,22
09362,08225,0,0,0
09362,08226,44,23,21
09362,08231,0,0,0
09362,08235,0,0,0
09362,08236,10,0,10
09362,08237,0,0,0
09362,08311,0,0,0
09362,08315,15,0,15
09362,08316,0,0,0
09362,08317,11,11,0
09362,08325,0,0,0
09362,08326,10,10,0
09362,08327,0,0,0
09362,08335,0,0,0
09362,08336,0,0,0
09362,08337,0,0,0
09362,08415,29,12,17
09362,08416,14,14,0
09362,08417,0,0,0
09362,08421,37,17,20
09362,08425,12,12,0
09362,08426,0,0,0
09362,08435,12,12,0
09362,08436,22,22,0
09362,08437,0,0,0
09362,09161,482,174,308
09362,09162,2257,743,1514
09362,09163,24,14,10
09362,09171,66,43,23
09362,09172,64,46,18
09362,09173,51,32,19
09362,09174,78,52,26
09362,09175,86,48,38
09362,09176,313,235,78
09362,09177,96,76,20
09362,09178,350,187,163
09362,09179,105,78,27
09362,09180,24,24,0
09362,09181,38,24,14
09362,09182,46,31,15
09362,09183,89,69,20
09362,09184,533,128,405
09362,09185,101,75,26
09362,09186,323,236,87
09362,09187,93,58,35
09362,09188,54,31,23
09362,09189,88,65,23
09362,09190,18,18,0
09362,09261,414,248,166
09362,09262,188,124,64
09362,09263,1501,1048,453
09362,09271,932,760,172
09362,09272,253,234,19
09362,09273,8726,7349,1377
09362,09274,1003,864,139
09362,09275,442,383,59
09362,09276,349,318,31
09362,09277,194,154,40
09362,09278,2955,2729,226
09362,09279,458,367,91
09362,09361,607,466,141
09362,09362,0,0,0
09362,09363,426,296,130
09362,09371,887,807,80
09362,09372,3622,3211,411
09362,09373,2068,1788,280
09362,09374,676,609,67
09362,09375,48733,40970,7763
09362,09376,9696,8435,1261
09362,09377,278,256,22
09362,09461,58,35,23
09362,09462,87,62,25
09362,09463,25,13,12
09362,09464,32,32,0
09362,09471,66,66,0
09362,09472,51,51,0
09362,09473,13,13,0
09362,09474,41,41,0
09362,09475,89,67,22
09362,09476,10,10,0
09362,09477,39,39,0
09362,09478,25,25,0
09362,09479,132,118,14
09362,09561,30,19,11
09362,09562,206,54,152
09362,09563,108,69,39
09362,09564,1212,409,803
09362,09565,31,19,12
09362,09571,44,44,0
09362,09572,110,85,25
09362,09573,70,55,15
09362,09574,185,142,43
09362,09575,26,26,0
09362,09576,93,75,18
09362,09577,38,28,10
09362,09661,11,11,0
09362,09662,10,10,0
09362,09663,83,26,57
09362,09671,0,0,0
09362,09672,12,12,0
09362,09673,20,20,0
09362,09674,10,10,0
09362,09675,18,18,0
09362,09676,35,20,15
09362,09677,20,20,0
09362,09678,16,16,0
09362,09679,49,37,12
09362,09761,135,72,63
09362,09762,0,0,0
09362,09763,12,12,0
09362,09764,0,0,0
09362,09771,31,31,0
09362,09772,66,43,23
09362,09773,10,10,0
09362,09774,14,14,0
09362,09775,21,21,0
09362,09776,40,30,10
09362,09777,27,16,11
09362,09778,12,12,0
09362,09779,44,34,10
09362,09780,29,29,0
09362,10041,10,0,10
09362,10042,0,0,0
09362,10043,0,0,0
09362,10044,0,0,0
09362,10045,0,0,0
09362,10046,0,0,0
09362,11000,320,136,184
09362,12051,0,0,0
09362,12052,0,0,0
09362,12053,0,0,0
09362,12054,0,0,0
09362,12060,0,0,0
09362,12061,0,0,0
09362,12062,0,0,0
09362,12063,0,0,0
09362,12064,0,0,0
09362,12065,0,0,0
09362,12066,0,0,0
09362,12067,0,0,0
09362,12068,0,0,0
09362,12069,0,0,0
09362,12070,0,0,0
09362,12071,0,0,0
09362,12072,0,0,0
09362,12073,0,0,0
09362,13003,0,0,0
09362,13004,0,0,0
09362,13071,0,0,0
09362,13072,0,0,0
09362,13073,0,0,0
09362,13074,0,0,0
09362,13075,0,0,0
09362,13076,0,0,0
09362,14511,32,22,10
09362,14521,64,64,0
09362,14522,27,27,0
09362,14523,71,71,0
09362,14524,63,49,14
09362,14612,94,55,39
09362,14625,13,13,0
09362,14626,10,10,0
09362,14627,16,16,0
09362,14628,20,20,0
09362,14713,57,40,17
09362,14729,20,20,0
09362,14730,24,24,0
09362,15001,0,0,0
09362,15002,0,0,0
09362,15003,0,0,0
09362,15081,0,0,0
09362,15082,0,0,0
09362,15083,0,0,0
09362,15084,16,16,0
09362,15085,0,0,0
09362,15086,0,0,0
09362,15087,10,10,0
09362,15088,12,12,0
09362,15089,0,0,0
09362,15090,0,0,0
09362,15091,11,11,0
09362,16051,19,19,0
09362,16052,10,10,0
09362,16053,0,0,0
09362,16054,0,0,0
09362,16055,0,0,0
09362,16056,0,0,0
09362,16061,0,0,0
09362,16062,0,0,0
09362,16063,0,0,0
09362,16064,0,0,0
09362,16065,0,0,0
09362,16066,0,0,0
09362,16067,0,0,0
09362,16068,0,0,0
09362,16069,0,0,0
09362,16070,11,11,0
09362,16071,0,0,0
09362,16072,0,0,0
09362,16073,13,13,0
09362,16074,0,0,0
09362,16075,18,18,0
09362,16076,15,15,0
09362,16077,11,11,0
09363,01001,0,0,0
09363,01002,0,0,0
09363,01003,0,0,0
09363,01004,0,0,0
09363,01051,0,0,0
09363,01053,0,0,0
09363,01054,0,0,0
09363,01055,0,0,0
09363,01056,0,0,0
09363,01057,0,0,0
09363,01058,0,0,0
09363,01059,0,0,0
09363,01060,0,0,0
09363,01061,0,0,0
09363,01062,0,0,0
09363,02000,12,0,12
09363,03101,0,0,0
09363,03102,0,0,0
09363,03103,0,0,0
09363,03151,0,0,0
09363,03153,0,0,0
09363,03154,0,0,0
09363,03155,0,0,0
09363,03157,0,0,0
09363,03158,0,0,0
09363,03159,0,0,0
09363,03241,0,0,0
09363,03251,0,0,0
09363,03252,0,0,0
09363,03254,0,0,0
09363,03255,0,0,0
09363,03256,0,0,0
09363,03257,0,0,0
09363,03351,0,0,0
09363,03352,0,0,0
09363,03353,0,0,0
09363,03354,0,0,0
09363,03355,0,0,0
09363,03356,0,0,0
09363,03357,0,0,0
09363,03358,0,0,0
09363,03359,0,0,0
09363,03360,0,0,0
09363,03361,0,0,0
09363,03401,0,0,0
09363,03402,0,0,0
09363,03403,0,0,0
09363,03404,0,0,0
09363,03405,0,0,0
09363,03451,0,0,0
09363,03452,0,0,0
09363,03453,0,0,0
09363,03454,0,0,0
09363,03455,0,0,0
09363,03456,0,0,0
09363,03457,0,0,0
09363,03458,0,0,0
09363,03459,0,0,0
09363,03460,0,0,0
09363,03461,0,0,0
09363,03462,0,0,0
09363,04011,0,0,0
09363,04012,0,0,0
09363,05111,0,0,0
09363,05112,0,0,0
09363,05113,0,0,0
09363,05114,0,0,0
09363,05116,0,0,0
09363,05117,0,0,0
09363,05119,0,0,0
09363,05120,0,0,0
09363,05122,0,0,0
09363,05124,0,0,0
09363,05154,0,0,0
09363,05158,0,0,0
09363,05162,0,0,0
09363,05166,0,0,0
09363,05170,0,0,0
09363,05314,0,0,0
09363,05315,17,0,17
09363,05316,0,0,0
09363,05334,0,0,0
09363,05358,0,0,0
09363,05362,13,0,13
09363,05366,0,0,0
09363,05370,0,0,0
09363,05374,0,0,0
09363,05378,0,0,0
09363,05382,0,0,0
09363,05512,0,0,0
09363,05513,0,0,0
09363,05515,0,0,0
09363,05554,0,0,0
09363,05558,0,0,0
09363,05562,11,11,0
09363,05566,0,0,0
09363,05570,0,0,0
09363,05711,0,0,0
09363,05754,0,0,0
09363,05758,0,0,0
09363,05762,0,0,0
09363,05766,0,0,0
09363,05770,0,0,0
09363,05774,0,0,0
09363,05911,0,0,0
09363,05913,12,12,0
09363,05914,0,0,0
09363,05915,19,19,0
09363,05916,0,0,0
09363,05954,0,0,0
09363,05958,0,0,0
09363,05962,0,0,0
09363,05966,0,0,0
09363,05970,0,0,0
09363,05974,83,83,0
09363,05978,17,17,0
09363,06411,0,0,0
09363,06412,21,10,11
09363,06413,0,0,0
09363,06414,0,0,0
09363,06431,0,0,0
09363,06432,0,0,0
09363,06433,0,0,0
09363,06434,0,0,0
09363,06435,30,0,30
09363,06436,0,0,0
09363,06437,0,0,0
09363,06438,0,0,0
09363,06439,0,0,0
09363,06440,0,0,0
09363,06531,20,20,0
09363,06532,0,0,0
09363,06533,0,0,0
09363,06534,0,0,0
09363,06535,0,0,0
09363,06611,0,0,0
09363,06631,0,0,0
09363,06632,0,0,0
09363,06633,0,0,0
09363,06634,0,0,0
09363,06635,0,0,0
09363,06636,0,0,0
09363,07111,0,0,0
09363,07131,0,0,0
09363,07132,0,0,0
09363,07133,0,0,0
09363,07134,0,0,0
09363,07135,0,0,0
09363,07137,0,0,0
09363,07138,0,0,0
09363,07140,0,0,0
09363,07141,0,0,0
09363,07143,0,0,0
09363,07211,0,0,0
09363,07231,0,0,0
09363,07232,0,0,0
09363,07233,0,0,0
09363,07235,0,0,0
09363,07311,0,0,0
09363,07312,0,0,0
09363,07313,0,0,0
09363,07314,0,0,0
09363,07315,0,0,0
09363,07316,0,0,0
09363,07317,0,0,0
09363,07318,0,0,0
09363,07319,0,0,0
09363,07320,0,0,0
09363,07331,0,0,0
09363,07332,0,0,0
09363,07333,0,0,0
09363,07334,0,0,0
09363,07335,0,0,0
09363,07336,0,0,0
09363,07337,0,0,0
09363,07338,0,0,0
09363,07339,0,0,0
09363,07340,0,0,0
09363,08111,13,0,13
09363,08115,0,0,0
09363,08116,10,0,10
09363,08117,0,0,0
09363,08118,0,0,0
09363,08119,0,0,0
09363,08121,0,0,0
09363,08125,0,0,0
09363,08126,0,0,0
09363,08127,0,0,0
09363,08128,0,0,0
09363,08135,0,0,0
09363,08136,0,0,0
09363,08211,0,0,0
09363,08212,0,0,0
09363,08215,0,0,0
09363,08216,0,0,0
09363,08221,0,0,0
09363,08222,0,0,0
09363,08225,0,0,0
09363,08226,0,0,0
09363,08231,0,0,0
09363,08235,0,0,0
09363,08236,0,0,0
09363,08237,0,0,0
09363,08311,0,0,0
09363,08315,0,0,0
09363,08316,0,0,0
09363,08317,0,0,0
09363,08325,0,0,0
09363,08326,0,0,0
09363,08327,0,0,0
09363,08335,0,0,0
09363,08336,0,0,0
09363,08337,0,0,0
09363,08415,0,0,0
09363,08416,0,0,0
09363,08417,0,0,0
09363,08421,0,0,0
09363,08425,0,0,0
09363,08426,0,0,0
09363,08435,0,0,0
09363,08436,0,0,0
09363,08437,0,0,0
09363,09161,17,0,17
09363,09162,172,38,134
09363,09163,0,0,0
09363,09171,25,25,0
09363,09172,0,0,0
09363,09173,0,0,0
09363,09174,0,0,0
09363,09175,0,0,0
09363,09176,0,0,0
09363,09177,0,0,0
09363,09178,30,10,20
09363,09179,0,0,0
09363,09180,0,0,0
09363,09181,0,0,0
09363,09182,0,0,0
09363,09183,0,0,0
09363,09184,30,0,30
09363,09185,16,0,16
09363,09186,0,0,0
09363,09187,0,0,0
09363,09188,0,0,0
09363,09189,0,0,0
09363,09190,0,0,0
09363,09261,0,0,0
09363,09262,0,0,0
09363,09263,0,0,0
09363,09271,0,0,0
09363,09272,25,25,0
09363,09273,12,12,0
09363,09274,0,0,0
09363,09275,0,0,0
09363,09276,25,13,12
09363,09277,0,0,0
09363,09278,23,13,10
09363,09279,0,0,0
09363,09361,505,219,286
09363,09362,426,130,296
09363,09363,0,0,0
09363,09371,1045,756,289
09363,09372,108,73,35
09363,09373,57,33,24
09363,09374,13716,10307,3409
09363,09375,111,64,47
09363,09376,1941,1150,791
09363,09377,2910,2453,457
09363,09461,0,0,0
09363,09462,159,67,92
09363,09463,0,0,0
09363,09464,39,28,11
09363,09471,17,17,0
09363,09472,145,125,20
09363,09473,0,0,0
09363,09474,0,0,0
09363,09475,48,35,13
09363,09476,0,0,0
09363,09477,29,19,10
09363,09478,0,0,0
09363,09479,387,302,85
09363,09561,0,0,0
09363,09562,31,0,31
09363,09563,19,19,0
09363,09564,316,103,213
09363,09565,0,0,0
09363,09571,0,0,0
09363,09572,12,12,0
09363,09573,14,14,0
09363,09574,51,34,17
09363,09575,0,0,0
09363,09576,22,12,10
09363,09577,0,0,0
09363,09661,0,0,0
09363,09662,0,0,0
09363,09663,0,0,0
09363,09671,0,0,0
09363,09672,0,0,0
09363,09673,10,10,0
09363,09674,0,0,0
09363,09675,0,0,0
09363,09676,0,0,0
09363,09677,0,0,0
09363,09678,0,0,0
09363,09679,0,0,0
09363,09761,12,0,12
09363,09762,0,0,0
09363,09763,0,0,0
09363,09764,0,0,0
09363,09771,0,0,0
09363,09772,0,0,0
09363,09773,0,0,0
09363,09774,0,0,0
09363,09775,0,0,0
09363,09776,0,0,0
09363,09777,0,0,0
09363,09778,0,0,0
09363,09779,0,0,0
09363,09780,0,0,0
09363,10041,0,0,0
09363,10042,0,0,0
09363,10043,0,0,0
09363,10044,0,0,0
09363,10045,0,0,0
09363,10046,0,0,0
09363,11000,58,37,21
09363,12051,0,0,0
09363,12052,0,0,0
09363,12053,0,0,0
09363,12054,0,0,0
09363,12060,0,0,0
09363,12061,0,0,0
09363,12062,0,0,0
09363,12063,0,0,0
09363,12064,0,0,0
09363,12065,0,0,0
09363,12066,0,0,0
09363,12067,0,0,0
09363,12068,0,0,0
09363,12069,0,0,0
09363,12070,0,0,0
09363,12071,0,0,0
09363,12072,0,0,0
09363,12073,0,0,0
09363,13003,0,0,0
09363,13004,0,0,0
09363,13071,0,0,0
09363,13072,0,0,0
09363,13073,0,0,0
09363,13074,0,0,0
09363,13075,0,0,0
09363,13076,0,0,0
09363,14511,10,10,0
09363,14521,15,15,0
09363,14522,0,0,0
09363,14523,29,29,0
09363,14524,0,0,0
09363,14612,0,0,0
09363,14625,0,0,0
09363,14626,0,0,0
09363,14627,0,0,0
09363,14628,0,0,0
09363,14713,0,0,0
09363,14729,0,0,0
09363,14730,0,0,0
09363,15001,0,0,0
09363,15002,0,0,0
09363,15003,0,0,0
09363,15081,0,0,0
09363,15082,0,0,0
09363,15083,0,0,0
09363,15084,0,0,0
09363,15085,0,0,0
09363,15086,0,0,0
09363,15087,0,0,0
09363,15088,0,0,0
09363,15089,0,0,0
09363,15090,0,0,0
09363,15091,0,0,0
09363,16051,0,0,0
09363,16052,11,11,0
09363,16053,0,0,0
09363,16054,0,0,0
09363,16055,0,0,0
09363,16056,0,0,0
09363,16061,0,0,0
09363,16062,0,0,0
09363,16063,0,0,0
09363,16064,0,0,0
09363,16065,0,0,0
09363,16066,0,0,0
09363,16067,0,0,0
09363,16068,0,0,0
09363,16069,0,0,0
09363,16070,0,0,0
09363,16071,0,0,0
09363,16072,0,0,0
09363,16073,0,0,0
09363,16074,0,0,0
09363,16075,0,0,0
09363,16076,10,10,0
09363,16077,15,15,0
09371,01001,0,0,0
09371,01002,0,0,0
09371,01003,0,0,0
09371,01004,0,0,0
09371,01051,0,0,0
09371,01053,0,0,0
09371,01054,0,0,0
09371,01055,0,0,0
09371,01056,0,0,0
09371,01057,0,0,0
09371,01058,0,0,0
09371,01059,18,18,0
09371,01060,0,0,0
09371,01061,0,0,0
09371,01062,0,0,0
09371,02000,27,0,27
09371,03101,0,0,0
09371,03102,0,0,0
09371,03103,0,0,0
09371,03151,0,0,0
09371,03153,0,0,0
09371,03154,0,0,0
09371,03155,0,0,0
09371,03157,0,0,0
09371,03158,0,0,0
09371,03159,0,0,0
09371,03241,15,0,15
09371,03251,0,0,0
09371,03252,0,0,0
09371,03254,0,0,0
09371,03255,0,0,0
09371,03256,0,0,0
09371,03257,0,0,0
09371,03351,0,0,0
09371,03352,0,0,0
09371,03353,0,0,0
09371,03354,0,0,0
09371,03355,0,0,0
09371,03356,0,0,0
09371,03357,0,0,0
09371,03358,0,0,0
09371,03359,0,0,0
09371,03360,0,0,0
09371,03361,0,0,0
09371,03401,0,0,0
09371,03402,0,0,0
09371,03403,0,0,0
09371,03404,0,0,0
09371,03405,0,0,0
09371,03451,0,0,0
09371,03452,0,0,0
09371,03453,0,0,0
09371,03454,0,0,0
09371,03455,0,0,0
09371,03456,0,0,0
09371,03457,0,0,0
09371,03458,0,0,0
09371,03459,0,0,0
09371,03460,0,0,0
09371,03461,0,0,0
09371,03462,0,0,0
09371,04011,0,0,0
09371,04012,0,0,0
09371,05111,28,10,18
09371,05112,0,0,0
09371,05113,0,0,0
09371,05114,0,0,0
09371,05116,0,0,0
09371,05117,0,0,0
09371,05119,0,0,0
09371,05120,0,0,0
09371,05122,0,0,0
09371,05124,0,0,0
09371,05154,0,0,0
09371,05158,22,10,12
09371,05162,0,0,0
09371,05166,0,0,0
09371,05170,0,0,0
09371,05314,0,0,0
09371,05315,31,11,20
09371,05316,0,0,0
09371,05334,0,0,0
09371,05358,0,0,0
09371,05362,0,0,0
09371,05366,0,0,0
09371,05370,0,0,0
09371,05374,0,0,0
09371,05378,0,0,0
09371,05382,0,0,0
09371,05512,0,0,0
09371,05513,0,0,0
09371,05515,0,0,0
09371,05554,0,0,0
09371,05558,0,0,0
09371,05562,0,0,0
09371,05566,0,0,0
09371,05570,0,0,0
09371,05711,0,0,0
09371,05754,0,0,0
09371,05758,0,0,0
09371,05762,0,0,0
09371,05766,0,0,0
09371,05770,0,0,0
09371,05774,0,0,0
09371,05911,0,0,0
09371,05913,0,0,0
09371,05914,0,0,0
09371,05915,0,0,0
09371,05916,0,0,0
09371,05954,0,0,0
09371,05958,0,0,0
09371,05962,0,0,0
09371,05966,0,0,0
09371,05970,0,0,0
09371,05974,0,0,0
09371,05978,0,0,0
09371,06411,10,0,10
09371,06412,39,10,29
09371,06413,0,0,0
09371,06414,0,0,0
09371,06431,0,0,0
09371,06432,19,0,19
09371,06433,0,0,0
09371,06434,17,0,17
09371,06435,92,0,92
09371,06436,0,0,0
09371,06437,0,0,0
09371,06438,0,0,0
09371,06439,0,0,0
09371,06440,0,0,0
09371,06531,0,0,0
09371,06532,0,0,0
09371,06533,0,0,0
09371,06534,0,0,0
09371,06535,0,0,0
09371,06611,0,0,0
09371,06631,0,0,0
09371,06632,0,0,0
09371,06633,0,0,0
09371,06634,0,0,0
09371,06635,0,0,0
09371,06636,0,0,0
09371,07111,0,0,0
09371,07131,0,0,0
09371,07132,0,0,0
09371,07133,0,0,0
09371,07134,0,0,0
09371,07135,0,0,0
09371,07137,0,0,0
09371,07138,0,0,0
09371,07140,0,0,0
09371,07141,0,0,0
09371,07143,12,0,12
09371,07211,0,0,0
09371,07231,0,0,0
09371,07232,0,0,0
09371,07233,0,0,0
09371,07235,0,0,0
09371,07311,0,0,0
09371,07312,12,0,12
09371,07313,0,0,0
09371,07314,0,0,0
09371,07315,0,0,0
09371,07316,0,0,0
09371,07317,0,0,0
09371,07318,0,0,0
09371,07319,0,0,0
09371,07320,0,0,0
09371,07331,0,0,0
09371,07332,0,0,0
09371,07333,0,0,0
09371,07334,0,0,0
09371,07335,17,0,17
09371,07336,0,0,0
09371,07337,0,0,0
09371,07338,0,0,0
09371,07339,0,0,0
09371,07340,0,0,0
09371,08111,23,0,23
09371,08115,0,0,0
09371,08116,11,0,11
09371,08117,0,0,0
09371,08118,16,0,16
09371,08119,0,0,0
09371,08121,0,0,0
09371,08125,0,0,0
09371,08126,13,0,13
09371,08127,0,0,0
09371,08128,0,0,0
09371,08135,0,0,0
09371,08136,0,0,0
09371,08211,0,0,0
09371,08212,0,0,0
09371,08215,0,0,0
09371,08216,0,0,0
09371,08221,0,0,0
09371,08222,11,0,11
09371,08225,0,0,0
09371,08226,0,0,0
09371,08231,0,0,0
09371,08235,11,0,11
09371,08236,0,0,0
09371,08237,0,0,0
09371,08311,0,0,0
09371,08315,0,0,0
09371,08316,0,0,0
09371,08317,0,0,0
09371,08325,0,0,0
09371,08326,0,0,0
09371,08327,0,0,0
09371,08335,0,0,0
09371,08336,0,0,0
09371,08337,0,0,0
09371,08415,0,0,0
09371,08416,0,0,0
09371,08417,0,0,0
09371,08421,0,0,0
09371,08425,0,0,0
09371,08426,0,0,0
09371,08435,0,0,0
09371,08436,0,0,0
09371,08437,0,0,0
09371,09161,42,0,42
09371,09162,282,44,238
09371,09163,0,0,0
09371,09171,0,0,0
09371,09172,0,0,0
09371,09173,0,0,0
09371,09174,10,0,10
09371,09175,17,0,17
09371,09176,30,12,18
09371,09177,10,0,10
09371,09178,39,0,39
09371,09179,0,0,0
09371,09180,0,0,0
09371,09181,0,0,0
09371,09182,0,0,0
09371,09183,0,0,0
09371,09184,65,0,65
09371,09185,18,0,18
09371,09186,11,0,11
09371,09187,0,0,0
09371,09188,140,0,140
09371,09189,0,0,0
09371,09190,0,0,0
09371,09261,14,0,14
09371,09262,0,0,0
09371,09263,13,0,13
09371,09271,0,0,0
09371,09272,0,0,0
09371,09273,53,21,32
09371,09274,20,0,20
09371,09275,15,0,15
09371,09276,0,0,0
09371,09277,0,0,0
09371,09278,22,10,12
09371,09279,0,0,0
09371,09361,15631,3575,12056
09371,09362,887,80,807
09371,09363,1045,289,756
09371,09371,0,0,0
09371,09372,85,28,57
09371,09373,1213,230,983
09371,09374,2280,1230,1050
09371,09375,329,99,230
09371,09376,3606,1149,2457
09371,09377,243,171,72
09371,09461,13,0,13
09371,09462,418,144,274
09371,09463,0,0,0
09371,09464,0,0,0
09371,09471,42,19,23
09371,09472,1589,1024,565
09371,09473,0,0,0
09371,09474,117,64,53
09371,09475,10,0,10
09371,09476,0,0,0
09371,09477,50,36,14
09371,09478,15,0,15
09371,09479,40,16,24
09371,09561,11,0,11
09371,09562,233,24,209
09371,09563,211,39,172
09371,09564,1855,244,1611
09371,09565,40,12,28
09371,09571,39,13,26
09371,09572,92,41,51
09371,09573,82,36,46
09371,09574,2703,747,1956
09371,09575,27,27,0
09371,09576,84,37,47
09371,09577,10,0,10
09371,09661,0,0,0
09371,09662,0,0,0
09371,09663,19,0,19
09371,09671,0,0,0
09371,09672,0,0,0
09371,09673,0,0,0
09371,09674,0,0,0
09371,09675,10,10,0
09371,09676,0,0,0
09371,09677,0,0,0
09371,09678,0,0,0
09371,09679,10,10,0
09371,09761,21,0,21
09371,09762,0,0,0
09371,09763,0,0,0
09371,09764,0,0,0
09371,09771,0,0,0
09371,09772,0,0,0
09371,09773,0,0,0
09371,09774,30,30,0
09371,09775,0,0,0
09371,09776,0,0,0
09371,09777,0,0,0
09371,09778,0,0,0
09371,09779,0,0,0
09371,09780,0,0,0
09371,10041,0,0,0
09371,10042,0,0,0
09371,10043,0,0,0
09371,10044,0,0,0
09371,10045,0,0,0
09371,10046,0,0,0
09371,11000,48,20,28
09371,12051,0,0,0
09371,12052,0,0,0
09371,12053,0,0,0
09371,12054,16,0,16
09371,12060,0,0,0
09371,12061,0,0,0
09371,12062,0,0,0
09371,12063,0,0,0
09371,12064,0,0,0
09371,12065,0,0,0
09371,12066,0,0,0
09371,12067,0,0,0
09371,12068,0,0,0
09371,12069,0,0,0
09371,12070,0,0,0
09371,12071,0,0,0
09371,12072,0,0,0
09371,12073,0,0,0
09371,13003,0,0,0
09371,13004,0,0,0
09371,13071,0,0,0
09371,13072,0,0,0
09371,13073,0,0,0
09371,13074,0,0,0
09371,13075,0,0,0
09371,13076,0,0,0
09371,14511,0,0,0
09371,14521,16,16,0
09371,14522,0,0,0
09371,14523,0,0,0
09371,14524,0,0,0
09371,14612,0,0,0
09371,14625,0,0,0
09371,14626,0,0,0
09371,14627,0,0,0
09371,14628,0,0,0
09371,14713,25,14,11
09371,14729,0,0,0
09371,14730,0,0,0
09371,15001,0,0,0
09371,15002,0,0,0
09371,15003,0,0,0
09371,15081,0,0,0
09371,15082,0,0,0
09371,15083,0,0,0
09371,15084,11,11,0
09371,15085,0,0,0
09371,15086,0,0,0
09371,15087,0,0,0
09371,15088,0,0,0
09371,15089,0,0,0
09371,15090,0,0,0
09371,15091,0,0,0
09371,16051,0,0,0
09371,16052,0,0,0
09371,16053,0,0,0
09371,16054,0,0,0
09371,16055,0,0,0
09371,16056,0,0,0
09371,16061,0,0,0
09371,16062,0,0,0
09371,16063,0,0,0
09371,16064,0,0,0
09371,16065,0,0,0
09371,16066,0,0,0
09371,16067,0,0,0
09371,16068,0,0,0
09371,16069,0,0,0
09371,16070,0,0,0
09371,16071,0,0,0
09371,16072,0,0,0
09371,16073,0,0,0
09371,16074,0,0,0
09371,16075,0,0,0
09371,16076,0,0,0
09371,16077,0,0,0
09372,01001,0,0,0
09372,01002,0,0,0
09372,01003,0,0,0
09372,01004,0,0,0
09372,01051,0,0,0
09372,01053,0,0,0
09372,01054,0,0,0
09372,01055,0,0,0
09372,01056,0,0,0
09372,01057,0,0,0
09372,01058,0,0,0
09372,01059,0,0,0
09372,01060,0,0,0
09372,01061,0,0,0
09372,01062,0,0,0
09372,02000,20,0,20
09372,03101,0,0,0
09372,03102,0,0,0
09372,03103,0,0,0
09372,03151,0,0,0
09372,03153,0,0,0
09372,03154,0,0,0
09372,03155,0,0,0
09372,03157,0,0,0
09372,03158,0,0,0
09372,03159,0,0,0
09372,03241,12,0,12
09372,03251,0,0,0
09372,03252,0,0,0
09372,03254,0,0,0
09372,03255,0,0,0
09372,03256,0,0,0
09372,03257,0,0,0
09372,03351,0,0,0
09372,03352,0,0,0
09372,03353,0,0,0
09372,03354,0,0,0
09372,03355,0,0,0
09372,03356,0,0,0
09372,03357,0,0,0
09372,03358,0,0,0
09372,03359,0,0,0
09372,03360,0,0,0
09372,03361,0,0,0
09372,03401,0,0,0
09372,03402,0,0,0
09372,03403,0,0,0
09372,03404,0,0,0
09372,03405,0,0,0
09372,03451,0,0,0
09372,03452,0,0,0
09372,03453,0,0,0
09372,03454,0,0,0
09372,03455,0,0,0
09372,03456,0,0,0
09372,03457,0,0,0
09372,03458,0,0,0
09372,03459,12,0,12
09372,03460,0,0,0
09372,03461,0,0,0
09372,03462,0,0,0
09372,04011,0,0,0
09372,04012,0,0,0
09372,05111,0,0,0
09372,05112,0,0,0
09372,05113,0,0,0
09372,05114,0,0,0
09372,05116,0,0,0
09372,05117,0,0,0
09372,05119,0,0,0
09372,05120,0,0,0
09372,05122,0,0,0
09372,05124,0,0,0
09372,05154,0,0,0
09372,05158,0,0,0
09372,05162,0,0,0
09372,05166,0,0,0
09372,05170,0,0,0
09372,05314,0,0,0
09372,05315,35,10,25
09372,05316,0,0,0
09372,05334,0,0,0
09372,05358,0,0,0
09372,05362,0,0,0
09372,05366,0,0,0
09372,05370,0,0,0
09372,05374,0,0,0
09372,05378,0,0,0
09372,05382,0,0,0
09372,05512,0,0,0
09372,05513,0,0,0
09372,05515,0,0,0
09372,05554,0,0,0
09372,05558,0,0,0
09372,05562,0,0,0
09372,05566,0,0,0
09372,05570,0,0,0
09372,05711,0,0,0
09372,05754,0,0,0
09372,05758,0,0,0
09372,05762,0,0,0
09372,05766,0,0,0
09372,05770,0,0,0
09372,05774,0,0,0
09372,05911,0,0,0
09372,05913,0,0,0
09372,05914,0,0,0
09372,05915,0,0,0
09372,05916,0,0,0
09372,05954,0,0,0
09372,05958,0,0,0
09372,05962,0,0,0
09372,05966,0,0,0
09372,05970,0,0,0
09372,05974,0,0,0
09372,05978,0,0,0
09372,06411,0,0,0
09372,06412,33,13,20
09372,06413,0,0,0
09372,06414,0,0,0
09372,06431,0,0,0
09372,06432,0,0,0
09372,06433,10,0,10
09372,06434,0,0,0
09372,06435,0,0,0
09372,06436,0,0,0
09372,06437,0,0,0
09372,06438,15,0,15
09372,06439,0,0,0
09372,06440,0,0,0
09372,06531,0,0,0
09372,06532,0,0,0
09372,06533,0,0,0
09372,06534,0,0,0
09372,06535,0,0,0
09372,06611,0,0,0
09372,06631,0,0,0
09372,06632,0,0,0
09372,06633,0,0,0
09372,06634,0,0,0
09372,06635,0,0,0
09372,06636,0,0,0
09372,07111,0,0,0
09372,07131,0,0,0
09372,07132,0,0,0
09372,07133,0,0,0
09372,07134,0,0,0
09372,07135,0,0,0
09372,07137,0,0,0
09372,07138,0,0,0
09372,07140,0,0,0
09372,07141,0,0,0
09372,07143,0,0,0
09372,07211,0,0,0
09372,07231,0,0,0
09372,07232,0,0,0
09372,07233,0,0,0
09372,07235,0,0,0
09372,07311,0,0,0
09372,07312,0,0,0
09372,07313,0,0,0
09372,07314,0,0,0
09372,07315,0,0,0
09372,07316,0,0,0
09372,07317,0,0,0
09372,07318,0,0,0
09372,07319,0,0,0
09372,07320,0,0,0
09372,07331,0,0,0
09372,07332,0,0,0
09372,07333,0,0,0
09372,07334,0,0,0
09372,07335,0,0,0
09372,07336,0,0,0
09372,07337,0,0,0
09372,07338,0,0,0
09372,07339,0,0,0
09372,07340,0,0,0
09372,08111,16,0,16
09372,08115,0,0,0
09372,08116,10,0,10
09372,08117,0,0,0
09372,08118,0,0,0
09372,08119,0,0,0
09372,08121,10,0,10
09372,08125,0,0,0
09372,08126,14,0,14
09372,08127,0,0,0
09372,08128,0,0,0
09372,08135,0,0,0
09372,08136,0,0,0
09372,08211,0,0,0
09372,08212,0,0,0
09372,08215,0,0,0
09372,08216,0,0,0
09372,08221,0,0,0
09372,08222,0,0,0
09372,08225,13,13,0
09372,08226,0,0,0
09372,08231,0,0,0
09372,08235,33,0,33
09372,08236,0,0,0
09372,08237,0,0,0
09372,08311,0,0,0
09372,08315,0,0,0
09372,08316,0,0,0
09372,08317,0,0,0
09372,08325,0,0,0
09372,08326,11,11,0
09372,08327,0,0,0
09372,08335,0,0,0
09372,08336,0,0,0
09372,08337,0,0,0
09372,08415,0,0,0
09372,08416,0,0,0
09372,08417,11,11,0
09372,08421,0,0,0
09372,08425,0,0,0
09372,08426,10,10,0
09372,08435,0,0,0
09372,08436,0,0,0
09372,08437,19,19,0
09372,09161,106,26,80
09372,09162,521,89,432
09372,09163,0,0,0
09372,09171,31,17,14
09372,09172,0,0,0
09372,09173,14,0,14
09372,09174,17,0,17
09372,09175,24,10,14
09372,09176,33,17,16
09372,09177,40,22,18
09372,09178,87,25,62
09372,09179,35,13,22
09372,09180,0,0,0
09372,09181,38,27,11
09372,09182,0,0,0
09372,09183,30,18,12
09372,09184,226,29,197
09372,09185,52,21,31
09372,09186,47,31,16
09372,09187,16,0,16
09372,09188,34,10,24
09372,09189,45,0,45
09372,09190,0,0,0
09372,09261,59,13,46
09372,09262,67,11,56
09372,09263,655,141,514
09372,09271,302,114,188
09372,09272,90,72,18
09372,09273,154,77,77
09372,09274,173,40,133
09372,09275,128,64,64
09372,09276,2460,1263,1197
09372,09277,94,25,69
09372,09278,1870,981,889
09372,09279,214,51,163
09372,09361,138,17,121
09372,09362,3622,411,3211
09372,09363,108,35,73
09372,09371,85,57,28
09372,09372,0,0,0
09372,09373,130,32,98
09372,09374,142,90,52
09372,09375,2052,704,1348
09372,09376,4487,2028,2459
09372,09377,58,42,16
09372,09461,0,0,0
09372,09462,13,0,13
09372,09463,0,0,0
09372,09464,14,14,0
09372,09471,0,0,0
09372,09472,11,11,0
09372,09473,10,10,0
09372,09474,0,0,0
09372,09475,50,35,15
09372,09476,12,12,0
09372,09477,0,0,0
09372,09478,0,0,0
09372,09479,20,20,0
09372,09561,0,0,0
09372,09562,23,0,23
09372,09563,55,16,39
09372,09564,204,33,171
09372,09565,0,0,0
09372,09571,11,11,0
09372,09572,10,0,10
09372,09573,10,10,0
09372,09574,27,13,14
09372,09575,23,0,23
09372,09576,28,17,11
09372,09577,12,12,0
09372,09661,0,0,0
09372,09662,0,0,0
09372,09663,0,0,0
09372,09671,0,0,0
09372,09672,0,0,0
09372,09673,0,0,0
09372,09674,0,0,0
09372,09675,0,0,0
09372,09676,0,0,0
09372,09677,12,12,0
09372,09678,0,0,0
09372,09679,0,0,0
09372,09761,49,19,30
09372,09762,0,0,0
09372,09763,0,0,0
09372,09764,0,0,0
09372,09771,11,11,0
09372,09772,26,26,0
09372,09773,10,10,0
09372,09774,0,0,0
09372,09775,10,10,0
09372,09776,0,0,0
09372,09777,24,12,12
09372,09778,10,10,0
09372,09779,12,0,12
09372,09780,27,27,0
09372,10041,0,0,0
09372,10042,0,0,0
09372,10043,0,0,0
09372,10044,0,0,0
09372,10045,0,0,0
09372,10046,0,0,0
09372,11000,57,23,34
09372,12051,0,0,0
09372,12052,0,0,0
09372,12053,0,0,0
09372,12054,0,0,0
09372,12060,0,0,0
09372,12061,0,0,0
09372,12062,0,0,0
09372,12063,0,0,0
09372,12064,0,0,0
09372,12065,0,0,0
09372,12066,0,0,0
09372,12067,0,0,0
09372,12068,0,0,0
09372,12069,0,0,0
09372,12070,0,0,0
09372,12071,0,0,0
09372,12072,0,0,0
09372,12073,0,0,0
09372,13003,0,0,0
09372,13004,0,0,0
09372,13071,0,0,0
09372,13072,0,0,0
09372,13073,0,0,0
09372,13074,0,0,0
09372,13075,0,0,0
09372,13076,0,0,0
09372,14511,15,15,0
09372,14521,37,37,0
09372,14522,21,21,0
09372,14523,31,31,0
09372,14524,17,17,0
09372,14612,0,0,0
09372,14625,0,0,0
09372,14626,10,10,0
09372,14627,0,0,0
09372,14628,11,11,0
09372,14713,12,12,0
09372,14729,0,0,0
09372,14730,0,0,0
09372,15001,0,0,0
09372,15002,0,0,0
09372,15003,0,0,0
09372,15081,0,0,0
09372,15082,0,0,0
09372,15083,0,0,0
09372,15084,11,11,0
09372,15085,0,0,0
09372,15086,0,0,0
09372,15087,0,0,0
09372,15088,0,0,0
09372,15089,11,11,0
09372,15090,0,0,0
09372,15091,0,0,0
09372,16051,0,0,0
09372,16052,0,0,0
09372,16053,0,0,0
09372,16054,0,0,0
09372,16055,0,0,0
09372,16056,0,0,0
09372,16061,0,0,0
09372,16062,0,0,0
09372,16063,0,0,0
09372,16064,0,0,0
09372,16065,0,0,0
09372,16066,0,0,0
09372,16067,0,0,0
09372,16068,0,0,0
09372,16069,0,0,0
09372,16070,0,0,0
09372,16071,0,0,0
09372,16072,0,0,0
09372,16073,0,0,0
09372,16074,0,0,0
09372,16075,0,0,0
09372,16076,0,0,0
09372,16077,0,0,0
09373,01001,0,0,0
09373,01002,0,0,0
09373,01003,42,0,42
09373,01004,0,0,0
09373,01051,0,0,0
09373,01053,0,0,0
09373,01054,0,0,0
09373,01055,0,0,0
09373,01056,0,0,0
09373,01057,0,0,0
09373,01058,0,0,0
09373,01059,0,0,0
09373,01060,0,0,0
09373,01061,0,0,0
09373,01062,0,0,0
09373,02000,85,41,44
09373,03101,0,0,0
09373,03102,0,0,0
09373,03103,0,0,0
09373,03151,0,0,0
09373,03153,0,0,0
09373,03154,0,0,0
09373,03155,0,0,0
09373,03157,0,0,0
09373,03158,0,0,0
09373,03159,0,0,0
09373,03241,51,27,24
09373,03251,0,0,0
09373,03252,0,0,0
09373,03254,0,0,0
09373,03255,0,0,0
09373,03256,82,30,52
09373,03257,0,0,0
09373,03351,0,0,0
09373,03352,0,0,0
09373,03353,0,0,0
09373,03354,0,0,0
09373,03355,0,0,0
09373,03356,0,0,0
09373,03357,0,0,0
09373,03358,0,0,0
09373,03359,0,0,0
09373,03360,0,0,0
09373,03361,0,0,0
09373,03401,0,0,0
09373,03402,0,0,0
09373,03403,0,0,0
09373,03404,0,0,0
09373,03405,0,0,0
09373,03451,11,0,11
09373,03452,0,0,0
09373,03453,0,0,0
09373,03454,11,11,0
09373,03455,0,0,0
09373,03456,0,0,0
09373,03457,0,0,0
09373,03458,0,0,0
09373,03459,11,11,0
09373,03460,0,0,0
09373,03461,0,0,0
09373,03462,0,0,0
09373,04011,0,0,0
09373,04012,0,0,0
09373,05111,43,10,33
09373,05112,0,0,0
09373,05113,13,0,13
09373,05114,0,0,0
09373,05116,0,0,0
09373,05117,0,0,0
09373,05119,0,0,0
09373,05120,0,0,0
09373,05122,0,0,0
09373,05124,0,0,0
09373,05154,12,12,0
09373,05158,22,0,22
09373,05162,47,0,47
09373,05166,13,0,13
09373,05170,41,29,12
09373,05314,22,11,11
09373,05315,99,50,49
09373,05316,0,0,0
09373,05334,22,0,22
09373,05358,0,0,0
09373,05362,13,13,0
09373,05366,10,10,0
09373,05370,0,0,0
09373,05374,0,0,0
09373,05378,12,12,0
09373,05382,24,24,0
09373,05512,0,0,0
09373,05513,0,0,0
09373,05515,0,0,0
09373,05554,12,12,0
09373,05558,0,0,0
09373,05562,30,18,12
09373,05566,15,15,0
09373,05570,0,0,0
09373,05711,0,0,0
09373,05754,11,0,11
09373,05758,0,0,0
09373,05762,0,0,0
09373,05766,0,0,0
09373,05770,0,0,0
09373,05774,11,11,0
09373,05911,13,13,0
09373,05913,23,13,10
09373,05914,0,0,0
09373,05915,0,0,0
09373,05916,0,0,0
09373,05954,0,0,0
09373,05958,0,0,0
09373,05962,10,0,10
09373,05966,0,0,0
09373,05970,0,0,0
09373,05974,0,0,0
09373,05978,12,12,0
09373,06411,15,0,15
09373,06412,85,25,60
09373,06413,0,0,0
09373,06414,0,0,0
09373,06431,0,0,0
09373,06432,14,0,14
09373,06433,18,0,18
09373,06434,23,0,23
09373,06435,58,15,43
09373,06436,24,12,12
09373,06437,0,0,0
09373,06438,19,0,19
09373,06439,12,12,0
09373,06440,21,10,11
09373,06531,0,0,0
09373,06532,0,0,0
09373,06533,0,0,0
09373,06534,0,0,0
09373,06535,0,0,0
09373,06611,0,0,0
09373,06631,0,0,0
09373,06632,0,0,0
09373,06633,0,0,0
09373,06634,0,0,0
09373,06635,0,0,0
09373,06636,0,0,0
09373,07111,0,0,0
09373,07131,0,0,0
09373,07132,0,0,0
09373,07133,0,0,0
09373,07134,0,0,0
09373,07135,0,0,0
09373,07137,0,0,0
09373,07138,0,0,0
09373,07140,0,0,0
09373,07141,0,0,0
09373,07143,0,0,0
09373,07211,0,0,0
09373,07231,0,0,0
09373,07232,0,0,0
09373,07233,0,0,0
09373,07235,0,0,0
09373,07311,0,0,0
09373,07312,0,0,0
09373,07313,0,0,0
09373,07314,0,0,0
09373,07315,0,0,0
09373,07316,0,0,0
09373,07317,0,0,0
09373,07318,0,0,0
09373,07319,0,0,0
09373,07320,0,0,0
09373,07331,0,0,0
09373,07332,0,0,0
09373,07333,0,0,0
09373,07334,0,0,0
09373,07335,0,0,0
09373,07336,0,0,0
09373,07337,0,0,0
09373,07338,0,0,0
09373,07339,11,11,0
09373,07340,0,0,0
09373,08111,91,41,50
09373,08115,10,10,0
09373,08116,42,15,27
09373,08117,10,10,0
09373,08118,34,20,14
09373,08119,12,12,0
09373,08121,0,0,0
09373,08125,24,13,11
09373,08126,25,0,25
09373,08127,53,53,0
09373,08128,0,0,0
09373,08135,0,0,0
09373,08136,16,16,0
09373,08211,0,0,0
09373,08212,0,0,0
09373,08215,13,0,13
09373,08216,0,0,0
09373,08221,0,0,0
09373,08222,17,0,17
09373,08225,0,0,0
09373,08226,10,0,10
09373,08231,0,0,0
09373,08235,0,0,0
09373,08236,0,0,0
09373,08237,0,0,0
09373,08311,0,0,0
09373,08315,0,0,0
09373,08316,0,0,0
09373,08317,0,0,0
09373,08325,0,0,0
09373,08326,0,0,0
09373,08327,0,0,0
09373,08335,0,0,0
09373,08336,0,0,0
09373,08337,0,0,0
09373,08415,20,0,20
09373,08416,10,10,0
09373,08417,0,0,0
09373,08421,34,18,16
09373,08425,15,15,0
09373,08426,12,12,0
09373,08435,0,0,0
09373,08436,0,0,0
09373,08437,0,0,0
09373,09161,1363,83,1280
09373,09162,576,108,468
09373,09163,0,0,0
09373,09171,11,0,11
09373,09172,0,0,0
09373,09173,12,0,12
09373,09174,23,12,11
09373,09175,27,10,17
09373,09176,2392,924,1468
09373,09177,13,13,0
09373,09178,80,24,56
09373,09179,45,13,32
09373,09180,0,0,0
09373,09181,0,0,0
09373,09182,0,0,0
09373,09183,0,0,0
09373,09184,153,23,130
09373,09185,79,31,48
09373,09186,127,41,86
09373,09187,37,18,19
09373,09188,15,0,15
09373,09189,0,0,0
09373,09190,0,0,0
09373,09261,27,12,15
09373,09262,12,0,12
09373,09263,18,0,18
09373,09271,42,18,24
09373,09272,33,23,10
09373,09273,584,323,261
09373,09274,43,25,18
09373,09275,58,18,40
09373,09276,26,12,14
09373,09277,0,0,0
09373,09278,45,25,20
09373,09279,10,0,10
09373,09361,516,202,314
09373,09362,2068,280,1788
09373,09363,57,24,33
09373,09371,1213,983,230
09373,09372,130,98,32
09373,09373,0,0,0
09373,09374,96,68,28
09373,09375,1890,1150,740
09373,09376,510,310,200
09373,09377,35,19,16
09373,09461,41,11,30
09373,09462,42,17,25
09373,09463,0,0,0
09373,09464,0,0,0
09373,09471,92,59,33
09373,09472,65,42,23
09373,09473,0,0,0
09373,09474,106,68,38
09373,09475,0,0,0
09373,09476,10,10,0
09373,09477,0,0,0
09373,09478,0,0,0
09373,09479,10,10,0
09373,09561,63,17,46
09373,09562,529,88,441
09373,09563,515,158,357
09373,09564,6615,1112,5503
09373,09565,267,102,165
09373,09571,120,65,55
09373,09572,227,84,143
09373,09573,293,140,153
09373,09574,4014,1694,2320
09373,09575,64,30,34
09373,09576,3010,1435,1575
09373,09577,145,96,49
09373,09661,0,0,0
09373,09662,0,0,0
09373,09663,34,16,18
09373,09671,13,0,13
09373,09672,0,0,0
09373,09673,0,0,0
09373,09674,22,11,11
09373,09675,15,15,0
09373,09676,0,0,0
09373,09677,0,0,0
09373,09678,0,0,0
09373,09679,19,19,0
09373,09761,44,17,27
09373,09762,0,0,0
09373,09763,0,0,0
09373,09764,0,0,0
09373,09771,0,0,0
09373,09772,38,11,27
09373,09773,0,0,0
09373,09774,0,0,0
09373,09775,12,12,0
09373,09776,0,0,0
09373,09777,0,0,0
09373,09778,0,0,0
09373,09779,20,0,20
09373,09780,0,0,0
09373,10041,0,0,0
09373,10042,0,0,0
09373,10043,0,0,0
09373,10044,0,0,0
09373,10045,0,0,0
09373,10046,0,0,0
09373,11000,164,94,70
09373,12051,0,0,0
09373,12052,0,0,0
09373,12053,0,0,0
09373,12054,0,0,0
09373,12060,0,0,0
09373,12061,11,11,0
09373,12062,0,0,0
09373,12063,0,0,0
09373,12064,0,0,0
09373,12065,14,14,0
09373,12066,0,0,0
09373,12067,0,0,0
09373,12068,0,0,0
09373,12069,0,0,0
09373,12070,0,0,0
09373,12071,0,0,0
09373,12072,0,0,0
09373,12073,0,0,0
09373,13003,13,13,0
09373,13004,0,0,0
09373,13071,0,0,0
09373,13072,10,10,0
09373,13073,0,0,0
09373,13074,0,0,0
09373,13075,11,11,0
09373,13076,0,0,0
09373,14511,0,0,0
09373,14521,54,54,0
09373,14522,14,14,0
09373,14523,25,25,0
09373,14524,25,25,0
09373,14612,16,16,0
09373,14625,10,10,0
09373,14626,12,12,0
09373,14627,21,21,0
09373,14628,0,0,0
09373,14713,29,29,0
09373,14729,25,25,0
09373,14730,32,32,0
09373,15001,0,0,0
09373,15002,0,0,0
09373,15003,0,0,0
09373,15081,0,0,0
09373,15082,0,0,0
09373,15083,0,0,0
09373,15084,18,18,0
09373,15085,0,0,0
09373,15086,0,0,0
09373,15087,0,0,0
09373,15088,10,0,10
09373,15089,19,19,0
09373,15090,0,0,0
09373,15091,15,15,0
09373,16051,0,0,0
09373,16052,14,14,0
09373,16053,0,0,0
09373,16054,0,0,0
09373,16055,0,0,0
09373,16056,0,0,0
09373,16061,10,10,0
09373,16062,0,0,0
09373,16063,0,0,0
09373,16064,10,10,0
09373,16065,11,11,0
09373,16066,0,0,0
09373,16067,0,0,0
09373,16068,0,0,0
09373,16069,0,0,0
09373,16070,14,14,0
09373,16071,0,0,0
09373,16072,0,0,0
09373,16073,12,12,0
09373,16074,13,13,0
09373,16075,19,19,0
09373,16076,60,60,0
09373,16077,22,22,0
09374,01001,0,0,0
09374,01002,0,0,0
09374,01003,0,0,0
09374,01004,0,0,0
09374,01051,0,0,0
09374,01053,0,0,0
09374,01054,0,0,0
09374,01055,0,0,0
09374,01056,0,0,0
09374,01057,0,0,0
09374,01058,0,0,0
09374,01059,0,0,0
09374,01060,0,0,0
09374,01061,0,0,0
09374,01062,0,0,0
09374,02000,16,0,16
09374,03101,0,0,0
09374,03102,0,0,0
09374,03103,0,0,0
09374,03151,0,0,0
09374,03153,0,0,0
09374,03154,0,0,0
09374,03155,0,0,0
09374,03157,0,0,0
09374,03158,0,0,0
09374,03159,0,0,0
09374,03241,0,0,0
09374,03251,0,0,0
09374,03252,0,0,0
09374,03254,0,0,0
09374,03255,0,0,0
09374,03256,0,0,0
09374,03257,0,0,0
09374,03351,0,0,0
09374,03352,0,0,0
09374,03353,0,0,0
09374,03354,0,0,0
09374,03355,0,0,0
09374,03356,0,0,0
09374,03357,0,0,0
09374,03358,0,0,0
09374,03359,0,0,0
09374,03360,0,0,0
09374,03361,0,0,0
09374,03401,0,0,0
09374,03402,0,0,0
09374,03403,0,0,0
09374,03404,0,0,0
09374,03405,0,0,0
09374,03451,0,0,0
09374,03452,0,0,0
09374,03453,0,0,0
09374,03454,0,0,0
09374,03455,0,0,0
09374,03456,0,0,0
09374,03457,0,0,0
09374,03458,0,0,0
09374,03459,0,0,0
09374,03460,0,0,0
09374,03461,0,0,0
09374,03462,0,0,0
09374,04011,0,0,0
09374,04012,0,0,0
09374,05111,16,0,16
09374,05112,11,11,0
09374,05113,0,0,0
09374,05114,0,0,0
09374,05116,0,0,0
09374,05117,0,0,0
09374,05119,0,0,0
09374,05120,0,0,0
09374,05122,0,0,0
09374,05124,0,0,0
09374,05154,0,0,0
09374,05158,0,0,0
09374,05162,0,0,0
09374,05166,0,0,0
09374,05170,0,0,0
09374,05314,20,0,20
09374,05315,15,0,15
09374,05316,0,0,0
09374,05334,0,0,0
09374,05358,0,0,0
09374,05362,17,0,17
09374,05366,0,0,0
09374,05370,0,0,0
09374,05374,0,0,0
09374,05378,0,0,0
09374,05382,0,0,0
09374,05512,0,0,0
09374,05513,0,0,0
09374,05515,0,0,0
09374,05554,0,0,0
09374,05558,0,0,0
09374,05562,0,0,0
09374,05566,0,0,0
09374,05570,0,0,0
09374,05711,0,0,0
09374,05754,0,0,0
09374,05758,0,0,0
09374,05762,0,0,0
09374,05766,0,0,0
09374,05770,0,0,0
09374,05774,0,0,0
09374,05911,0,0,0
09374,05913,0,0,0
09374,05914,0,0,0
09374,05915,17,17,0
09374,05916,0,0,0
09374,05954,0,0,0
09374,05958,0,0,0
09374,05962,0,0,0
09374,05966,0,0,0
09374,05970,0,0,0
09374,05974,10,10,0
09374,05978,10,10,0
09374,06411,0,0,0
09374,06412,32,10,22
09374,06413,0,0,0
09374,06414,14,0,14
09374,06431,0,0,0
09374,06432,33,0,33
09374,06433,0,0,0
09374,06434,22,0,22
09374,06435,75,0,75
09374,06436,0,0,0
09374,06437,14,0,14
09374,06438,57,47,10
09374,06439,0,0,0
09374,06440,14,0,14
09374,06531,0,0,0
09374,06532,0,0,0
09374,06533,0,0,0
09374,06534,0,0,0
09374,06535,0,0,0
09374,06611,0,0,0
09374,06631,0,0,0
09374,06632,0,0,0
09374,06633,0,0,0
09374,06634,0,0,0
09374,06635,0,0,0
09374,06636,0,0,0
09374,07111,0,0,0
09374,07131,0,0,0
09374,07132,0,0,0
09374,07133,0,0,0
09374,07134,0,0,0
09374,07135,0,0,0
09374,07137,0,0,0
09374,07138,0,0,0
09374,07140,0,0,0
09374,07141,0,0,0
09374,07143,0,0,0
09374,07211,0,0,0
09374,07231,0,0,0
09374,07232,17,0,17
09374,07233,0,0,0
09374,07235,0,0,0
09374,07311,0,0,0
09374,07312,31,0,31
09374,07313,0,0,0
09374,07314,0,0,0
09374,07315,0,0,0
09374,07316,0,0,0
09374,07317,0,0,0
09374,07318,0,0,0
09374,07319,0,0,0
09374,07320,0,0,0
09374,07331,0,0,0
09374,07332,0,0,0
09374,07333,0,0,0
09374,07334,0,0,0
09374,07335,30,0,30
09374,07336,0,0,0
09374,07337,0,0,0
09374,07338,0,0,0
09374,07339,0,0,0
09374,07340,0,0,0
09374,08111,18,0,18
09374,08115,14,14,0
09374,08116,0,0,0
09374,08117,0,0,0
09374,08118,10,10,0
09374,08119,0,0,0
09374,08121,0,0,0
09374,08125,0,0,0
09374,08126,10,0,10
09374,08127,0,0,0
09374,08128,0,0,0
09374,08135,0,0,0
09374,08136,0,0,0
09374,08211,0,0,0
09374,08212,0,0,0
09374,08215,0,0,0
09374,08216,0,0,0
09374,08221,0,0,0
09374,08222,12,0,12
09374,08225,0,0,0
09374,08226,0,0,0
09374,08231,0,0,0
09374,08235,10,0,10
09374,08236,0,0,0
09374,08237,0,0,0
09374,08311,0,0,0
09374,08315,0,0,0
09374,08316,0,0,0
09374,08317,0,0,0
09374,08325,0,0,0
09374,08326,0,0,0
09374,08327,0,0,0
09374,08335,0,0,0
09374,08336,0,0,0
09374,08337,0,0,0
09374,08415,0,0,0
09374,08416,0,0,0
09374,08417,0,0,0
09374,08421,0,0,0
09374,08425,0,0,0
09374,08426,0,0,0
09374,08435,0,0,0
09374,08436,0,0,0
09374,08437,0,0,0
09374,09161,22,0,22
09374,09162,245,31,214
09374,09163,0,0,0
09374,09171,0,0,0
09374,09172,0,0,0
09374,09173,0,0,0
09374,09174,14,0,14
09374,09175,0,0,0
09374,09176,0,0,0
09374,09177,0,0,0
09374,09178,30,0,30
09374,09179,0,0,0
09374,09180,0,0,0
09374,09181,13,13,0
09374,09182,0,0,0
09374,09183,0,0,0
09374,09184,87,16,71
09374,09185,52,0,52
09374,09186,0,0,0
09374,09187,0,0,0
09374,09188,0,0,0
09374,09189,0,0,0
09374,09190,0,0,0
09374,09261,14,0,14
09374,09262,0,0,0
09374,09263,18,0,18
09374,09271,0,0,0
09374,09272,29,29,0
09374,09273,15,0,15
09374,09274,12,0,12
09374,09275,24,0,24
09374,09276,52,24,28
09374,09277,0,0,0
09374,09278,18,0,18
09374,09279,0,0,0
09374,09361,723,135,588
09374,09362,676,67,609
09374,09363,13716,3409,10307
09374,09371,2280,1050,1230
09374,09372,142,52,90
09374,09373,96,28,68
09374,09374,0,0,0
09374,09375,135,59,76
09374,09376,3333,1221,2112
09374,09377,4477,2618,1859
09374,09461,16,0,16
09374,09462,889,263,626
09374,09463,0,0,0
09374,09464,21,0,21
09374,09471,22,10,12
09374,09472,1284,786,498
09374,09473,0,0,0
09374,09474,11,11,0
09374,09475,96,57,39
09374,09476,0,0,0
09374,09477,65,41,24
09374,09478,0,0,0
09374,09479,383,201,182
09374,09561,14,0,14
09374,09562,86,0,86
09374,09563,19,0,19
09374,09564,459,65,394
09374,09565,0,0,0
09374,09571,30,0,30
09374,09572,15,0,15
09374,09573,0,0,0
09374,09574,144,59,85
09374,09575,13,0,13
09374,09576,35,15,20
09374,09577,0,0,0
09374,09661,0,0,0
09374,09662,0,0,0
09374,09663,10,0,10
09374,09671,0,0,0
09374,09672,0,0,0
09374,09673,0,0,0
09374,09674,0,0,0
09374,09675,14,0,14
09374,09676,0,0,0
09374,09677,0,0,0
09374,09678,0,0,0
09374,09679,11,0,11
09374,09761,32,0,32
09374,09762,0,0,0
09374,09763,0,0,0
09374,09764,0,0,0
09374,09771,0,0,0
09374,09772,0,0,0
09374,09773,0,0,0
09374,09774,0,0,0
09374,09775,0,0,0
09374,09776,0,0,0
09374,09777,0,0,0
09374,09778,0,0,0
09374,09779,0,0,0
09374,09780,0,0,0
09374,10041,0,0,0
09374,10042,0,0,0
09374,10043,0,0,0
09374,10044,0,0,0
09374,10045,0,0,0
09374,10046,0,0,0
09374,11000,36,10,26
09374,12051,0,0,0
09374,12052,0,0,0
09374,12053,0,0,0
09374,12054,0,0,0
09374,12060,0,0,0
09374,12061,0,0,0
09374,12062,0,0,0
09374,12063,0,0,0
09374,12064,0,0,0
09374,12065,0,0,0
09374,12066,0,0,0
09374,12067,0,0,0
09374,12068,0,0,0
09374,12069,0,0,0
09374,12070,0,0,0
09374,12071,0,0,0
09374,12072,0,0,0
09374,12073,0,0,0
09374,13003,0,0,0
09374,13004,0,0,0
09374,13071,0,0,0
09374,13072,0,0,0
09374,13073,0,0,0
09374,13074,0,0,0
09374,13075,0,0,0
09374,13076,13,13,0
09374,14511,17,17,0
09374,14521,29,29,0
09374,14522,31,31,0
09374,14523,32,32,0
09374,14524,18,18,0
09374,14612,0,0,0
09374,14625,0,0,0
09374,14626,0,0,0
09374,14627,0,0,0
09374,14628,0,0,0
09374,14713,0,0,0
09374,14729,0,0,0
09374,14730,0,0,0
09374,15001,0,0,0
09374,15002,0,0,0
09374,15003,0,0,0
09374,15081,0,0,0
09374,15082,0,0,0
09374,15083,0,0,0
09374,15084,10,10,0
09374,15085,0,0,0
09374,15086,0,0,0
09374,15087,0,0,0
09374,15088,0,0,0
09374,15089,0,0,0
09374,15090,0,0,0
09374,15091,0,0,0
09374,16051,0,0,0
09374,16052,0,0,0
09374,16053,0,0,0
09374,16054,0,0,0
09374,16055,0,0,0
09374,16056,0,0,0
09374,16061,0,0,0
09374,16062,0,0,0
09374,16063,0,0,0
09374,16064,12,12,0
09374,16065,0,0,0
09374,16066,0,0,0
09374,16067,0,0,0
09374,16068,0,0,0
09374,16069,0,0,0
09374,16070,0,0,0
09374,16071,0,0,0
09374,16072,0,0,0
09374,16073,0,0,0
09374,16074,0,0,0
09374,16075,0,0,0
09374,16076,0,0,0
09374,16077,0,0,0
09375,01001,0,0,0
09375,01002,0,0,0
09375,01003,0,0,0
09375,01004,0,0,0
09375,01051,0,0,0
09375,01053,0,0,0
09375,01054,0,0,0
09375,01055,0,0,0
09375,01056,0,0,0
09375,01057,0,0,0
09375,01058,0,0,0
09375,01059,0,0,0
09375,01060,0,0,0
09375,01061,0,0,0
09375,01062,0,0,0
09375,02000,89,12,77
09375,03101,0,0,0
09375,03102,0,0,0
09375,03103,13,0,13
09375,03151,0,0,0
09375,03153,0,0,0
09375,03154,0,0,0
09375,03155,0,0,0
09375,03157,0,0,0
09375,03158,0,0,0
09375,03159,0,0,0
09375,03241,27,0,27
09375,03251,0,0,0
09375,03252,0,0,0
09375,03254,0,0,0
09375,03255,0,0,0
09375,03256,0,0,0
09375,03257,0,0,0
09375,03351,0,0,0
09375,03352,0,0,0
09375,03353,0,0,0
09375,03354,0,0,0
09375,03355,0,0,0
09375,03356,0,0,0
09375,03357,0,0,0
09375,03358,0,0,0
09375,03359,0,0,0
09375,03360,0,0,0
09375,03361,0,0,0
09375,03401,0,0,0
09375,03402,267,0,267
09375,03403,0,0,0
09375,03404,0,0,0
09375,03405,0,0,0
09375,03451,0,0,0
09375,03452,13,0,13
09375,03453,0,0,0
09375,03454,0,0,0
09375,03455,0,0,0
09375,03456,0,0,0
09375,03457,0,0,0
09375,03458,0,0,0
09375,03459,0,0,0
09375,03460,0,0,0
09375,03461,0,0,0
09375,03462,0,0,0
09375,04011,33,0,33
09375,04012,22,0,22
09375,05111,65,0,65
09375,05112,11,0,11
09375,05113,22,0,22
09375,05114,0,0,0
09375,05116,0,0,0
09375,05117,0,0,0
09375,05119,0,0,0
09375,05120,11,0,11
09375,05122,0,0,0
09375,05124,0,0,0
09375,05154,0,0,0
09375,05158,24,0,24
09375,05162,17,0,17
09375,05166,0,0,0
09375,05170,10,0,10
09375,05314,18,0,18
09375,05315,57,0,57
09375,05316,0,0,0
09375,05334,12,0,12
09375,05358,0,0,0
09375,05362,0,0,0
09375,05366,0,0,0
09375,05370,0,0,0
09375,05374,18,0,18
09375,05378,0,0,0
09375,05382,21,0,21
09375,05512,0,0,0
09375,05513,0,0,0
09375,05515,0,0,0
09375,05554,0,0,0
09375,05558,0,0,0
09375,05562,0,0,0
09375,05566,10,10,0
09375,05570,0,0,0
09375,05711,10,10,0
09375,05754,20,0,20
09375,05758,10,10,0
09375,05762,0,0,0
09375,05766,0,0,0
09375,05770,0,0,0
09375,05774,0,0,0
09375,05911,0,0,0
09375,05913,18,0,18
09375,05914,0,0,0
09375,05915,0,0,0
09375,05916,0,0,0
09375,05954,10,0,10
09375,05958,0,0,0
09375,05962,0,0,0
09375,05966,0,0,0
09375,05970,0,0,0
09375,05974,11,0,11
09375,05978,18,0,18
09375,06411,0,0,0
09375,06412,47,0,47
09375,06413,0,0,0
09375,06414,12,0,12
09375,06431,11,0,11
09375,06432,23,0,23
09375,06433,46,0,46
09375,06434,29,0,29
09375,06435,35,0,35
09375,06436,18,0,18
09375,06437,0,0,0
09375,06438,10,0,10
09375,06439,0,0,0
09375,06440,0,0,0
09375,06531,0,0,0
09375,06532,0,0,0
09375,06533,0,0,0
09375,06534,0,0,0
09375,06535,0,0,0
09375,06611,0,0,0
09375,06631,0,0,0
09375,06632,0,0,0
09375,06633,0,0,0
09375,06634,0,0,0
09375,06635,0,0,0
09375,06636,0,0,0
09375,07111,0,0,0
09375,07131,0,0,0
09375,07132,0,0,0
09375,07133,0,0,0
09375,07134,0,0,0
09375,07135,0,0,0
09375,07137,0,0,0
09375,07138,0,0,0
09375,07140,0,0,0
09375,07141,0,0,0
09375,07143,0,0,0
09375,07211,0,0,0
09375,07231,0,0,0
09375,07232,0,0,0
09375,07233,0,0,0
09375,07235,0,0,0
09375,07311,0,0,0
09375,07312,0,0,0
09375,07313,0,0,0
09375,07314,0,0,0
09375,07315,30,0,30
09375,07316,0,0,0
09375,07317,0,0,0
09375,07318,0,0,0
09375,07319,0,0,0
09375,07320,0,0,0
09375,07331,0,0,0
09375,07332,0,0,0
09375,07333,0,0,0
09375,07334,0,0,0
09375,07335,0,0,0
09375,07336,0,0,0
09375,07337,0,0,0
09375,07338,0,0,0
09375,07339,0,0,0
09375,07340,0,0,0
09375,08111,93,0,93
09375,08115,20,0,20
09375,08116,29,0,29
09375,08117,15,0,15
09375,08118,40,11,29
09375,08119,0,0,0
09375,08121,0,0,0
09375,08125,24,10,14
09375,08126,27,0,27
09375,08127,11,0,11
09375,08128,16,0,16
09375,08135,0,0,0
09375,08136,30,20,10
09375,08211,0,0,0
09375,08212,11,0,11
09375,08215,27,10,17
09375,08216,0,0,0
09375,08221,0,0,0
09375,08222,33,12,21
09375,08225,0,0,0
09375,08226,36,12,24
09375,08231,0,0,0
09375,08235,0,0,0
09375,08236,14,0,14
09375,08237,0,0,0
09375,08311,10,0,10
09375,08315,10,0,10
09375,08316,0,0,0
09375,08317,0,0,0
09375,08325,0,0,0
09375,08326,0,0,0
09375,08327,0,0,0
09375,08335,0,0,0
09375,08336,0,0,0
09375,08337,0,0,0
09375,08415,15,0,15
09375,08416,0,0,0
09375,08417,0,0,0
09375,08421,14,0,14
09375,08425,0,0,0
09375,08426,43,0,43
09375,08435,0,0,0
09375,08436,14,0,14
09375,08437,0,0,0
09375,09161,487,52,435
09375,09162,1402,181,1221
09375,09163,41,29,12
09375,09171,20,0,20
09375,09172,20,10,10
09375,09173,34,12,22
09375,09174,58,16,42
09375,09175,44,0,44
09375,09176,181,67,114
09375,09177,51,18,33
09375,09178,232,69,163
09375,09179,54,14,40
09375,09180,0,0,0
09375,09181,31,14,17
09375,09182,0,0,0
09375,09183,40,21,19
09375,09184,400,31,369
09375,09185,58,12,46
09375,09186,172,52,120
09375,09187,135,36,99
09375,09188,48,12,36
09375,09189,31,0,31
09375,09190,31,14,17
09375,09261,307,52,255
09375,09262,113,31,82
09375,09263,1348,403,945
09375,09271,312,163,149
09375,09272,47,37,10
09375,09273,4655,2701,1954
09375,09274,661,348,313
09375,09275,155,84,71
09375,09276,94,61,33
09375,09277,76,34,42
09375,09278,2432,1585,847
09375,09279,328,135,193
09375,09361,233,73,160
09375,09362,48733,7763,40970
09375,09363,111,47,64
09375,09371,329,230,99
09375,09372,2052,1348,704
09375,09373,1890,740,1150
09375,09374,135,76,59
09375,09375,0,0,0
09375,09376,4862,2852,2010
09375,09377,67,45,22
09375,09461,20,0,20
09375,09462,41,25,16
09375,09463,0,0,0
09375,09464,12,12,0
09375,09471,19,0,19
09375,09472,10,10,0
09375,09473,0,0,0
09375,09474,0,0,0
09375,09475,49,35,14
09375,09476,0,0,0
09375,09477,0,0,0
09375,09478,0,0,0
09375,09479,35,35,0
09375,09561,0,0,0
09375,09562,112,11,101
09375,09563,106,26,80
09375,09564,690,91,599
09375,09565,53,42,11
09375,09571,20,20,0
09375,09572,44,10,34
09375,09573,34,14,20
09375,09574,88,40,48
09375,09575,12,12,0
09375,09576,62,32,30
09375,09577,11,11,0
09375,09661,0,0,0
09375,09662,0,0,0
09375,09663,62,0,62
09375,09671,0,0,0
09375,09672,0,0,0
09375,09673,0,0,0
09375,09674,0,0,0
09375,09675,12,0,12
09375,09676,25,0,25
09375,09677,0,0,0
09375,09678,10,0,10
09375,09679,0,0,0
09375,09761,76,21,55
09375,09762,0,0,0
09375,09763,0,0,0
09375,09764,0,0,0
09375,09771,12,0,12
09375,09772,44,20,24
09375,09773,0,0,0
09375,09774,0,0,0
09375,09775,27,16,11
09375,09776,0,0,0
09375,09777,0,0,0
09375,09778,0,0,0
09375,09779,16,0,16
09375,09780,28,0,28
09375,10041,0,0,0
09375,10042,0,0,0
09375,10043,0,0,0
09375,10044,0,0,0
09375,10045,0,0,0
09375,10046,0,0,0
09375,11000,122,28,94
09375,12051,0,0,0
09375,12052,0,0,0
09375,12053,0,0,0
09375,12054,0,0,0
09375,12060,0,0,0
09375,12061,0,0,0
09375,12062,0,0,0
09375,12063,0,0,0
09375,12064,0,0,0
09375,12065,0,0,0
09375,12066,0,0,0
09375,12067,0,0,0
09375,12068,0,0,0
09375,12069,0,0,0
09375,12070,0,0,0
09375,12071,0,0,0
09375,12072,0,0,0
09375,12073,0,0,0
09375,13003,0,0,0
09375,13004,0,0,0
09375,13071,0,0,0
09375,13072,0,0,0
09375,13073,0,0,0
09375,13074,0,0,0
09375,13075,0,0,0
09375,13076,0,0,0
09375,14511,22,12,10
09375,14521,41,41,0
09375,14522,23,23,0
09375,14523,23,23,0
09375,14524,15,15,0
09375,14612,45,16,29
09375,14625,10,0,10
09375,14626,12,12,0
09375,14627,16,16,0
09375,14628,14,14,0
09375,14713,27,0,27
09375,14729,11,11,0
09375,14730,13,13,0
09375,15001,0,0,0
09375,15002,0,0,0
09375,15003,0,0,0
09375,15081,0,0,0
09375,15082,26,26,0
09375,15083,0,0,0
09375,15084,0,0,0
09375,15085,0,0,0
09375,15086,0,0,0
09375,15087,0,0,0
09375,15088,0,0,0
09375,15089,10,10,0
09375,15090,0,0,0
09375,15091,0,0,0
09375,16051,0,0,0
09375,16052,0,0,0
09375,16053,0,0,0
09375,16054,0,0,0
09375,16055,0,0,0
09375,16056,0,0,0
09375,16061,0,0,0
09375,16062,0,0,0
09375,16063,0,0,0
09375,16064,0,0,0
09375,16065,0,0,0
09375,16066,0,0,0
09375,16067,0,0,0
09375,16068,0,0,0
09375,16069,0,0,0
09375,16070,0,0,0
09375,16071,0,0,0
09375,16072,0,0,0
09375,16073,0,0,0
09375,16074,0,0,0
09375,16075,0,0,0
09375,16076,16,16,0
09375,16077,0,0,0
09376,01001,0,0,0
09376,01002,0,0,0
09376,01003,0,0,0
09376,01004,0,0,0
09376,01051,0,0,0
09376,01053,0,0,0
09376,01054,0,0,0
09376,01055,0,0,0
09376,01056,0,0,0
09376,01057,0,0,0
09376,01058,0,0,0
09376,01059,0,0,0
09376,01060,0,0,0
09376,01061,0,0,0
09376,01062,0,0,0
09376,02000,65,12,53
09376,03101,0,0,0
09376,03102,0,0,0
09376,03103,0,0,0
09376,03151,0,0,0
09376,03153,0,0,0
09376,03154,0,0,0
09376,03155,0,0,0
09376,03157,0,0,0
09376,03158,0,0,0
09376,03159,0,0,0
09376,03241,30,14,16
09376,03251,0,0,0
09376,03252,0,0,0
09376,03254,0,0,0
09376,03255,0,0,0
09376,03256,0,0,0
09376,03257,0,0,0
09376,03351,0,0,0
09376,03352,0,0,0
09376,03353,0,0,0
09376,03354,0,0,0
09376,03355,0,0,0
09376,03356,0,0,0
09376,03357,0,0,0
09376,03358,0,0,0
09376,03359,0,0,0
09376,03360,0,0,0
09376,03361,0,0,0
09376,03401,0,0,0
09376,03402,37,0,37
09376,03403,0,0,0
09376,03404,0,0,0
09376,03405,0,0,0
09376,03451,0,0,0
09376,03452,0,0,0
09376,03453,0,0,0
09376,03454,0,0,0
09376,03455,0,0,0
09376,03456,0,0,0
09376,03457,0,0,0
09376,03458,0,0,0
09376,03459,0,0,0
09376,03460,0,0,0
09376,03461,0,0,0
09376,03462,0,0,0
09376,04011,0,0,0
09376,04012,0,0,0
09376,05111,26,0,26
09376,05112,0,0,0
09376,05113,10,0,10
09376,05114,0,0,0
09376,05116,0,0,0
09376,05117,0,0,0
09376,05119,0,0,0
09376,05120,0,0,0
09376,05122,0,0,0
09376,05124,0,0,0
09376,05154,0,0,0
09376,05158,0,0,0
09376,05162,11,11,0
09376,05166,0,0,0
09376,05170,0,0,0
09376,05314,0,0,0
09376,05315,40,0,40
09376,05316,0,0,0
09376,05334,0,0,0
09376,05358,0,0,0
09376,05362,0,0,0
09376,05366,0,0,0
09376,05370,0,0,0
09376,05374,0,0,0
09376,05378,13,13,0
09376,05382,24,0,24
09376,05512,0,0,0
09376,05513,0,0,0
09376,05515,0,0,0
09376,05554,0,0,0
09376,05558,0,0,0
09376,05562,11,0,11
09376,05566,0,0,0
09376,05570,0,0,0
09376,05711,0,0,0
09376,05754,21,0,21
09376,05758,0,0,0
09376,05762,0,0,0
09376,05766,0,0,0
09376,05770,0,0,0
09376,05774,0,0,0
09376,05911,0,0,0
09376,05913,0,0,0
09376,05914,0,0,0
09376,05915,0,0,0
09376,05916,0,0,0
09376,05954,0,0,0
09376,05958,0,0,0
09376,05962,0,0,0
09376,05966,0,0,0
09376,05970,0,0,0
09376,05974,0,0,0
09376,05978,11,0,11
09376,06411,0,0,0
09376,06412,30,0,30
09376,06413,0,0,0
09376,06414,0,0,0
09376,06431,0,0,0
09376,06432,0,0,0
09376,06433,10,0,10
09376,06434,14,0,14
09376,06435,30,0,30
09376,06436,0,0,0
09376,06437,0,0,0
09376,06438,12,0,12
09376,06439,0,0,0
09376,06440,0,0,0
09376,06531,0,0,0
09376,06532,0,0,0
09376,06533,0,0,0
09376,06534,0,0,0
09376,06535,0,0,0
09376,06611,0,0,0
09376,06631,10,0,10
09376,06632,0,0,0
09376,06633,0,0,0
09376,06634,0,0,0
09376,06635,0,0,0
09376,06636,0,0,0
09376,07111,0,0,0
09376,07131,0,0,0
09376,07132,0,0,0
09376,07133,0,0,0
09376,07134,0,0,0
09376,07135,0,0,0
09376,07137,18,0,18
09376,07138,0,0,0
09376,07140,0,0,0
09376,07141,0,0,0
09376,07143,0,0,0
09376,07211,0,0,0
09376,07231,0,0,0
09376,07232,0,0,0
09376,07233,0,0,0
09376,07235,0,0,0
09376,07311,0,0,0
09376,07312,0,0,0
09376,07313,0,0,0
09376,07314,0,0,0
09376,07315,0,0,0
09376,07316,0,0,0
09376,07317,0,0,0
09376,07318,0,0,0
09376,07319,0,0,0
09376,07320,0,0,0
09376,07331,0,0,0
09376,07332,0,0,0
09376,07333,0,0,0
09376,07334,0,0,0
09376,07335,0,0,0
09376,07336,0,0,0
09376,07337,0,0,0
09376,07338,0,0,0
09376,07339,0,0,0
09376,07340,0,0,0
09376,08111,37,0,37
09376,08115,0,0,0
09376,08116,41,22,19
09376,08117,0,0,0
09376,08118,22,0,22
09376,08119,18,18,0
09376,08121,45,0,45
09376,08125,34,0,34
09376,08126,15,0,15
09376,08127,0,0,0
09376,08128,283,0,283
09376,08135,0,0,0
09376,08136,0,0,0
09376,08211,0,0,0
09376,08212,11,0,11
09376,08215,0,0,0
09376,08216,0,0,0
09376,08221,0,0,0
09376,08222,12,0,12
09376,08225,0,0,0
09376,08226,0,0,0
09376,08231,0,0,0
09376,08235,27,0,27
09376,08236,34,0,34
09376,08237,0,0,0
09376,08311,0,0,0
09376,08315,0,0,0
09376,08316,0,0,0
09376,08317,22,11,11
09376,08325,0,0,0
09376,08326,0,0,0
09376,08327,0,0,0
09376,08335,11,0,11
09376,08336,0,0,0
09376,08337,0,0,0
09376,08415,0,0,0
09376,08416,0,0,0
09376,08417,0,0,0
09376,08421,0,0,0
09376,08425,0,0,0
09376,08426,10,0,10
09376,08435,0,0,0
09376,08436,0,0,0
09376,08437,0,0,0
09376,09161,179,0,179
09376,09162,562,80,482
09376,09163,0,0,0
09376,09171,15,15,0
09376,09172,14,14,0
09376,09173,25,11,14
09376,09174,28,0,28
09376,09175,30,11,19
09376,09176,45,23,22
09376,09177,39,15,24
09376,09178,106,32,74
09376,09179,37,15,22
09376,09180,0,0,0
09376,09181,0,0,0
09376,09182,0,0,0
09376,09183,17,17,0
09376,09184,243,11,232
09376,09185,51,18,33
09376,09186,64,28,36
09376,09187,68,34,34
09376,09188,24,0,24
09376,09189,33,33,0
09376,09190,0,0,0
09376,09261,72,12,60
09376,09262,39,11,28
09376,09263,105,43,62
09376,09271,72,38,34
09376,09272,28,15,13
09376,09273,336,161,175
09376,09274,92,34,58
09376,09275,70,26,44
09376,09276,71,36,35
09376,09277,48,32,16
09376,09278,165,89,76
09376,09279,70,22,48
09376,09361,3367,947,2420
09376,09362,9696,1261,8435
09376,09363,1941,791,1150
09376,09371,3606,2457,1149
09376,09372,4487,2459,2028
09376,09373,510,200,310
09376,09374,3333,2112,1221
09376,09375,4862,2010,2852
09376,09376,0,0,0
09376,09377,288,196,92
09376,09461,14,0,14
09376,09462,44,14,30
09376,09463,0,0,0
09376,09464,18,0,18
09376,09471,12,0,12
09376,09472,38,38,0
09376,09473,0,0,0
09376,09474,31,16,15
09376,09475,30,10,20
09376,09476,21,21,0
09376,09477,22,11,11
09376,09478,0,0,0
09376,09479,72,48,24
09376,09561,0,0,0
09376,09562,77,12,65
09376,09563,98,24,74
09376,09564,557,98,459
09376,09565,10,0,10
09376,09571,27,17,10
09376,09572,31,0,31
09376,09573,28,10,18
09376,09574,102,55,47
09376,09575,11,0,11
09376,09576,89,11,78
09376,09577,21,11,10
09376,09661,0,0,0
09376,09662,0,0,0
09376,09663,17,0,17
09376,09671,0,0,0
09376,09672,13,13,0
09376,09673,0,0,0
09376,09674,0,0,0
09376,09675,10,10,0
09376,09676,19,0,19
09376,09677,11,11,0
09376,09678,0,0,0
09376,09679,61,17,44
09376,09761,70,0,70
09376,09762,0,0,0
09376,09763,0,0,0
09376,09764,0,0,0
09376,09771,13,0,13
09376,09772,12,0,12
09376,09773,0,0,0
09376,09774,0,0,0
09376,09775,12,0,12
09376,09776,0,0,0
09376,09777,16,0,16
09376,09778,0,0,0
09376,09779,10,0,10
09376,09780,10,0,10
09376,10041,0,0,0
09376,10042,0,0,0
09376,10043,0,0,0
09376,10044,0,0,0
09376,10045,0,0,0
09376,10046,0,0,0
09376,11000,85,36,49
09376,12051,0,0,0
09376,12052,0,0,0
09376,12053,0,0,0
09376,12054,0,0,0
09376,12060,0,0,0
09376,12061,0,0,0
09376,12062,0,0,0
09376,12063,0,0,0
09376,12064,0,0,0
09376,12065,0,0,0
09376,12066,0,0,0
09376,12067,0,0,0
09376,12068,0,0,0
09376,12069,0,0,0
09376,12070,0,0,0
09376,12071,0,0,0
09376,12072,0,0,0
09376,12073,0,0,0
09376,13003,0,0,0
09376,13004,0,0,0
09376,13071,12,12,0
09376,13072,0,0,0
09376,13073,0,0,0
09376,13074,0,0,0
09376,13075,0,0,0
09376,13076,0,0,0
09376,14511,16,16,0
09376,14521,58,58,0
09376,14522,31,31,0
09376,14523,34,34,0
09376,14524,38,38,0
09376,14612,27,14,13
09376,14625,25,25,0
09376,14626,16,16,0
09376,14627,10,10,0
09376,14628,10,10,0
09376,14713,13,0,13
09376,14729,14,14,0
09376,14730,15,15,0
09376,15001,0,0,0
09376,15002,0,0,0
09376,15003,0,0,0
09376,15081,0,0,0
09376,15082,0,0,0
09376,15083,0,0,0
09376,15084,19,19,0
09376,15085,0,0,0
09376,15086,0,0,0
09376,15087,0,0,0
09376,15088,0,0,0
09376,15089,10,10,0
09376,15090,0,0,0
09376,15091,0,0,0
09376,16051,0,0,0
09376,16052,14,14,0
09376,16053,0,0,0
09376,16054,0,0,0
09376,16055,0,0,0
09376,16056,0,0,0
09376,16061,0,0,0
09376,16062,0,0,0
09376,16063,0,0,0
09376,16064,0,0,0
09376,16065,0,0,0
09376,16066,0,0,0
09376,16067,0,0,0
09376,16068,0,0,0
09376,16069,0,0,0
09376,16070,0,0,0
09376,16071,0,0,0
09376,16072,11,11,0
09376,16073,0,0,0
09376,16074,10,10,0
09376,16075,0,0,0
09376,16076,15,15,0
09376,16077,32,32,0
09377,01001,0,0,0
09377,01002,0,0,0
09377,01003,0,0,0
09377,01004,0,0,0
09377,01051,0,0,0
09377,01053,0,0,0
09377,01054,0,0,0
09377,01055,0,0,0
09377,01056,0,0,0
09377,01057,0,0,0
09377,01058,0,0,0
09377,01059,0,0,0
09377,01060,0,0,0
09377,01061,0,0,0
09377,01062,0,0,0
09377,02000,0,0,0
09377,03101,0,0,0
09377,03102,0,0,0
09377,03103,0,0,0
09377,03151,0,0,0
09377,03153,0,0,0
09377,03154,0,0,0
09377,03155,0,0,0
09377,03157,0,0,0
09377,03158,0,0,0
09377,03159,0,0,0
09377,03241,0,0,0
09377,03251,0,0,0
09377,03252,0,0,0
09377,03254,0,0,0
09377,03255,0,0,0
09377,03256,0,0,0
09377,03257,0,0,0
09377,03351,0,0,0
09377,03352,0,0,0
09377,03353,0,0,0
09377,03354,0,0,0
09377,03355,0,0,0
09377,03356,0,0,0
09377,03357,0,0,0
09377,03358,0,0,0
09377,03359,0,0,0
09377,03360,0,0,0
09377,03361,0,0,0
09377,03401,0,0,0
09377,03402,0,0,0
09377,03403,0,0,0
09377,03404,10,0,10
09377,03405,0,0,0
09377,03451,0,0,0
09377,03452,0,0,0
09377,03453,0,0,0
09377,03454,0,0,0
09377,03455,0,0,0
09377,03456,0,0,0
09377,03457,0,0,0
09377,03458,0,0,0
09377,03459,0,0,0
09377,03460,0,0,0
09377,03461,0,0,0
09377,03462,0,0,0
09377,04011,0,0,0
09377,04012,0,0,0
09377,05111,0,0,0
09377,05112,0,0,0
09377,05113,0,0,0
09377,05114,0,0,0
09377,05116,0,0,0
09377,05117,0,0,0
09377,05119,0,0,0
09377,05120,0,0,0
09377,05122,0,0,0
09377,05124,0,0,0
09377,05154,0,0,0
09377,05158,0,0,0
09377,05162,0,0,0
09377,05166,0,0,0
09377,05170,0,0,0
09377,05314,0,0,0
09377,05315,10,0,10
09377,05316,0,0,0
09377,05334,0,0,0
09377,05358,0,0,0
09377,05362,0,0,0
09377,05366,0,0,0
09377,05370,0,0,0
09377,05374,0,0,0
09377,05378,0,0,0
09377,05382,0,0,0
09377,05512,0,0,0
09377,05513,0,0,0
09377,05515,0,0,0
09377,05554,0,0,0
09377,05558,0,0,0
09377,05562,0,0,0
09377,05566,0,0,0
09377,05570,0,0,0
09377,05711,0,0,0
09377,05754,0,0,0
09377,05758,0,0,0
09377,05762,0,0,0
09377,05766,0,0,0
09377,05770,0,0,0
09377,05774,0,0,0
09377,05911,0,0,0
09377,05913,0,0,0
09377,05914,0,0,0
09377,05915,0,0,0
09377,05916,0,0,0
09377,05954,0,0,0
09377,05958,0,0,0
09377,05962,0,0,0
09377,05966,0,0,0
09377,05970,0,0,0
09377,05974,0,0,0
09377,05978,0,0,0
09377,06411,0,0,0
09377,06412,0,0,0
09377,06413,0,0,0
09377,06414,0,0,0
09377,06431,0,0,0
09377,06432,0,0,0
09377,06433,0,0,0
09377,06434,0,0,0
09377,06435,31,0,31
09377,06436,0,0,0
09377,06437,0,0,0
09377,06438,0,0,0
09377,06439,0,0,0
09377,06440,0,0,0
09377,06531,0,0,0
09377,06532,0,0,0
09377,06533,0,0,0
09377,06534,0,0,0
09377,06535,0,0,0
09377,06611,0,0,0
09377,06631,0,0,0
09377,06632,0,0,0
09377,06633,0,0,0
09377,06634,0,0,0
09377,06635,0,0,0
09377,06636,0,0,0
09377,07111,0,0,0
09377,07131,0,0,0
09377,07132,0,0,0
09377,07133,0,0,0
09377,07134,0,0,0
09377,07135,0,0,0
09377,07137,0,0,0
09377,07138,0,0,0
09377,07140,0,0,0
09377,07141,0,0,0
09377,07143,0,0,0
09377,07211,0,0,0
09377,07231,0,0,0
09377,07232,0,0,0
09377,07233,0,0,0
09377,07235,0,0,0
09377,07311,0,0,0
09377,07312,0,0,0
09377,07313,0,0,0
09377,07314,0,0,0
09377,07315,0,0,0
09377,07316,0,0,0
09377,07317,0,0,0
09377,07318,0,0,0
09377,07319,0,0,0
09377,07320,0,0,0
09377,07331,0,0,0
09377,07332,0,0,0
09377,07333,0,0,0
09377,07334,0,0,0
09377,07335,0,0,0
09377,07336,0,0,0
09377,07337,0,0,0
09377,07338,0,0,0
09377,07339,0,0,0
09377,07340,0,0,0
09377,08111,10,0,10
09377,08115,0,0,0
09377,08116,0,0,0
09377,08117,0,0,0
09377,08118,0,0,0
09377,08119,0,0,0
09377,08121,0,0,0
09377,08125,0,0,0
09377,08126,0,0,0
09377,08127,0,0,0
09377,08128,0,0,0
09377,08135,0,0,0
09377,08136,0,0,0
09377,08211,0,0,0
09377,08212,0,0,0
09377,08215,0,0,0
09377,08216,0,0,0
09377,08221,0,0,0
09377,08222,0,0,0
09377,08225,0,0,0
09377,08226,0,0,0
09377,08231,0,0,0
09377,08235,0,0,0
09377,08236,0,0,0
09377,08237,0,0,0
09377,08311,0,0,0
09377,08315,0,0,0
09377,08316,0,0,0
09377,08317,0,0,0
09377,08325,0,0,0
09377,08326,0,0,0
09377,08327,0,0,0
09377,08335,0,0,0
09377,08336,0,0,0
09377,08337,0,0,0
09377,08415,0,0,0
09377,08416,0,0,0
09377,08417,0,0,0
09377,08421,0,0,0
09377,08425,0,0,0
09377,08426,0,0,0
09377,08435,0,0,0
09377,08436,0,0,0
09377,08437,0,0,0
09377,09161,13,0,13
09377,09162,157,28,129
09377,09163,0,0,0
09377,09171,0,0,0
09377,09172,0,0,0
09377,09173,0,0,0
09377,09174,0,0,0
09377,09175,0,0,0
09377,09176,0,0,0
09377,09177,0,0,0
09377,09178,20,0,20
09377,09179,0,0,0
09377,09180,0,0,0
09377,09181,0,0,0
09377,09182,0,0,0
09377,09183,0,0,0
09377,09184,54,0,54
09377,09185,23,0,23
09377,09186,10,0,10
09377,09187,0,0,0
09377,09188,0,0,0
09377,09189,0,0,0
09377,09190,0,0,0
09377,09261,0,0,0
09377,09262,0,0,0
09377,09263,0,0,0
09377,09271,0,0,0
09377,09272,0,0,0
09377,09273,17,0,17
09377,09274,14,0,14
09377,09275,0,0,0
09377,09276,0,0,0
09377,09277,10,0,10
09377,09278,11,0,11
09377,09279,0,0,0
09377,09361,132,13,119
09377,09362,278,22,256
09377,09363,2910,457,2453
09377,09371,243,72,171
09377,09372,58,16,42
09377,09373,35,16,19
09377,09374,4477,1859,2618
09377,09375,67,22,45
09377,09376,288,92,196
09377,09377,0,0,0
09377,09461,12,0,12
09377,09462,1133,243,890
09377,09463,0,0,0
09377,09464,122,35,87
09377,09471,28,10,18
09377,09472,1354,861,493
09377,09473,0,0,0
09377,09474,11,0,11
09377,09475,194,83,111
09377,09476,0,0,0
09377,09477,80,38,42
09377,09478,0,0,0
09377,09479,5287,1822,3465
09377,09561,0,0,0
09377,09562,56,0,56
09377,09563,11,0,11
09377,09564,213,41,172
09377,09565,0,0,0
09377,09571,0,0,0
09377,09572,27,17,10
09377,09573,0,0,0
09377,09574,42,15,27
09377,09575,0,0,0
09377,09576,11,11,0
09377,09577,0,0,0
09377,09661,0,0,0
09377,09662,0,0,0
09377,09663,33,18,15
09377,09671,0,0,0
09377,09672,0,0,0
09377,09673,0,0,0
09377,09674,12,12,0
09377,09675,0,0,0
09377,09676,0,0,0
09377,09677,0,0,0
09377,09678,0,0,0
09377,09679,27,0,27
09377,09761,0,0,0
09377,09762,0,0,0
09377,09763,0,0,0
09377,09764,0,0,0
09377,09771,0,0,0
09377,09772,0,0,0
09377,09773,0,0,0
09377,09774,0,0,0
09377,09775,0,0,0
09377,09776,0,0,0
09377,09777,0,0,0
09377,09778,0,0,0
09377,09779,0,0,0
09377,09780,0,0,0
09377,10041,0,0,0
09377,10042,0,0,0
09377,10043,0,0,0
09377,10044,0,0,0
09377,10045,0,0,0
09377,10046,0,0,0
09377,11000,25,0,25
09377,12051,0,0,0
09377,12052,0,0,0
09377,12053,0,0,0
09377,12054,0,0,0
09377,12060,0,0,0
09377,12061,0,0,0
09377,12062,0,0,0
09377,12063,0,0,0
09377,12064,0,0,0
09377,12065,0,0,0
09377,12066,0,0,0
09377,12067,0,0,0
09377,12068,0,0,0
09377,12069,0,0,0
09377,12070,0,0,0
09377,12071,0,0,0
09377,12072,0,0,0
09377,12073,0,0,0
09377,13003,0,0,0
09377,13004,0,0,0
09377,13071,0,0,0
09377,13072,0,0,0
09377,13073,0,0,0
09377,13074,0,0,0
09377,13075,0,0,0
09377,13076,0,0,0
09377,14511,13,13,0
09377,14521,49,49,0
09377,14522,10,10,0
09377,14523,89,59,30
09377,14524,42,42,0
09377,14612,14,14,0
09377,14625,0,0,0
09377,14626,0,0,0
09377,14627,0,0,0
09377,14628,13,13,0
09377,14713,14,14,0
09377,14729,0,0,0
09377,14730,0,0,0
09377,15001,0,0,0
09377,15002,0,0,0
09377,15003,0,0,0
09377,15081,0,0,0
09377,15082,0,0,0
09377,15083,0,0,0
09377,15084,12,12,0
09377,15085,0,0,0
09377,15086,0,0,0
09377,15087,0,0,0
09377,15088,0,0,0
09377,15089,0,0,0
09377,15090,0,0,0
09377,15091,0,0,0
09377,16051,0,0,0
09377,16052,0,0,0
09377,16053,0,0,0
09377,16054,0,0,0
09377,16055,0,0,0
09377,16056,0,0,0
09377,16061,0,0,0
09377,16062,0,0,0
09377,16063,0,0,0
09377,16064,0,0,0
09377,16065,0,0,0
09377,16066,0,0,0
09377,16067,0,0,0
09377,16068,0,0,0
09377,16069,0,0,0
09377,16070,0,0,0
09377,16071,0,0,0
09377,16072,0,0,0
09377,16073,0,0,0
09377,16074,0,0,0
09377,16075,0,0,0
09377,16076,0,0,0
09377,16077,13,13,0
09461,01001,0,0,0
09461,01002,0,0,0
09461,01003,0,0,0
09461,01004,0,0,0
09461,01051,0,0,0
09461,01053,0,0,0
09461,01054,0,0,0
09461,01055,0,0,0
09461,01056,28,28,0
09461,01057,0,0,0
09461,01058,0,0,0
09461,01059,0,0,0
09461,01060,0,0,0
09461,01061,0,0,0
09461,01062,0,0,0
09461,02000,87,42,45
09461,03101,0,0,0
09461,03102,0,0,0
09461,03103,0,0,0
09461,03151,0,0,0
09461,03153,0,0,0
09461,03154,0,0,0
09461,03155,0,0,0
09461,03157,0,0,0
09461,03158,0,0,0
09461,03159,0,0,0
09461,03241,34,0,34
09461,03251,0,0,0
09461,03252,0,0,0
09461,03254,0,0,0
09461,03255,0,0,0
09461,03256,0,0,0
09461,03257,0,0,0
09461,03351,0,0,0
09461,03352,0,0,0
09461,03353,0,0,0
09461,03354,0,0,0
09461,03355,0,0,0
09461,03356,0,0,0
09461,03357,0,0,0
09461,03358,0,0,0
09461,03359,0,0,0
09461,03360,0,0,0
09461,03361,0,0,0
09461,03401,0,0,0
09461,03402,0,0,0
09461,03403,0,0,0
09461,03404,0,0,0
09461,03405,0,0,0
09461,03451,0,0,0
09461,03452,0,0,0
09461,03453,0,0,0
09461,03454,0,0,0
09461,03455,0,0,0
09461,03456,0,0,0
09461,03457,0,0,0
09461,03458,0,0,0
09461,03459,0,0,0
09461,03460,0,0,0
09461,03461,0,0,0
09461,03462,0,0,0
09461,04011,0,0,0
09461,04012,0,0,0
09461,05111,26,0,26
09461,05112,0,0,0
09461,05113,0,0,0
09461,05114,10,0,10
09461,05116,0,0,0
09461,05117,0,0,0
09461,05119,0,0,0
09461,05120,0,0,0
09461,05122,0,0,0
09461,05124,0,0,0
09461,05154,0,0,0
09461,05158,0,0,0
09461,05162,0,0,0
09461,05166,0,0,0
09461,05170,0,0,0
09461,05314,0,0,0
09461,05315,52,13,39
09461,05316,0,0,0
09461,05334,0,0,0
09461,05358,0,0,0
09461,05362,0,0,0
09461,05366,0,0,0
09461,05370,0,0,0
09461,05374,0,0,0
09461,05378,0,0,0
09461,05382,0,0,0
09461,05512,0,0,0
09461,05513,0,0,0
09461,05515,0,0,0
09461,05554,0,0,0
09461,05558,0,0,0
09461,05562,0,0,0
09461,05566,21,21,0
09461,05570,0,0,0
09461,05711,0,0,0
09461,05754,35,35,0
09461,05758,0,0,0
09461,05762,0,0,0
09461,05766,0,0,0
09461,05770,0,0,0
09461,05774,0,0,0
09461,05911,0,0,0
09461,05913,0,0,0
09461,05914,0,0,0
09461,05915,0,0,0
09461,05916,0,0,0
09461,05954,0,0,0
09461,05958,0,0,0
09461,05962,0,0,0
09461,05966,0,0,0
09461,05970,0,0,0
09461,05974,0,0,0
09461,05978,0,0,0
09461,06411,16,0,16
09461,06412,93,23,70
09461,06413,0,0,0
09461,06414,0,0,0
09461,06431,0,0,0
09461,06432,0,0,0
09461,06433,0,0,0
09461,06434,17,0,17
09461,06435,22,22,0
09461,06436,13,0,13
09461,06437,0,0,0
09461,06438,10,10,0
09461,06439,0,0,0
09461,06440,32,0,32
09461,06531,0,0,0
09461,06532,0,0,0
09461,06533,0,0,0
09461,06534,0,0,0
09461,06535,0,0,0
09461,06611,0,0,0
09461,06631,29,17,12
09461,06632,17,17,0
09461,06633,0,0,0
09461,06634,49,49,0
09461,06635,0,0,0
09461,06636,0,0,0
09461,07111,0,0,0
09461,07131,0,0,0
09461,07132,0,0,0
09461,07133,0,0,0
09461,07134,0,0,0
09461,07135,0,0,0
09461,07137,0,0,0
09461,07138,0,0,0
09461,07140,0,0,0
09461,07141,0,0,0
09461,07143,0,0,0
09461,07211,0,0,0
09461,07231,0,0,0
09461,07232,0,0,0
09461,07233,0,0,0
09461,07235,0,0,0
09461,07311,0,0,0
09461,07312,0,0,0
09461,07313,0,0,0
09461,07314,12,0,12
09461,07315,0,0,0
09461,07316,0,0,0
09461,07317,0,0,0
09461,07318,0,0,0
09461,07319,0,0,0
09461,07320,0,0,0
09461,07331,0,0,0
09461,07332,0,0,0
09461,07333,0,0,0
09461,07334,0,0,0
09461,07335,0,0,0
09461,07336,0,0,0
09461,07337,0,0,0
09461,07338,0,0,0
09461,07339,0,0,0
09461,07340,0,0,0
09461,08111,49,11,38
09461,08115,38,20,18
09461,08116,15,0,15
09461,08117,0,0,0
09461,08118,52,16,36
09461,08119,11,0,11
09461,08121,0,0,0
09461,08125,16,16,0
09461,08126,0,0,0
09461,08127,0,0,0
09461,08128,14,14,0
09461,08135,0,0,0
09461,08136,0,0,0
09461,08211,0,0,0
09461,08212,16,0,16
09461,08215,0,0,0
09461,08216,0,0,0
09461,08221,0,0,0
09461,08222,18,0,18
09461,08225,0,0,0
09461,08226,23,23,0
09461,08231,0,0,0
09461,08235,0,0,0
09461,08236,0,0,0
09461,08237,0,0,0
09461,08311,0,0,0
09461,08315,0,0,0
09461,08316,0,0,0
09461,08317,0,0,0
09461,08325,0,0,0
09461,08326,0,0,0
09461,08327,0,0,0
09461,08335,0,0,0
09461,08336,0,0,0
09461,08337,0,0,0
09461,08415,12,12,0
09461,08416,13,13,0
09461,08417,0,0,0
09461,08421,10,0,10
09461,08425,0,0,0
09461,08426,0,0,0
09461,08435,0,0,0
09461,08436,0,0,0
09461,08437,0,0,0
09461,09161,21,0,21
09461,09162,406,104,302
09461,09163,0,0,0
09461,09171,0,0,0
09461,09172,0,0,0
09461,09173,0,0,0
09461,09174,0,0,0
09461,09175,0,0,0
09461,09176,22,10,12
09461,09177,0,0,0
09461,09178,39,12,27
09461,09179,12,0,12
09461,09180,0,0,0
09461,09181,11,11,0
09461,09182,23,23,0
09461,09183,0,0,0
09461,09184,66,21,45
09461,09185,0,0,0
09461,09186,25,10,15
09461,09187,10,10,0
09461,09188,10,0,10
09461,09189,0,0,0
09461,09190,0,0,0
09461,09261,0,0,0
09461,09262,0,0,0
09461,09263,0,0,0
09461,09271,0,0,0
09461,09272,0,0,0
09461,09273,0,0,0
09461,09274,0,0,0
09461,09275,0,0,0
09461,09276,0,0,0
09461,09277,0,0,0
09461,09278,16,0,16
09461,09279,0,0,0
09461,09361,0,0,0
09461,09362,58,23,35
09461,09363,0,0,0
09461,09371,13,13,0
09461,09372,0,0,0
09461,09373,41,30,11
09461,09374,16,16,0
09461,09375,20,20,0
09461,09376,14,14,0
09461,09377,12,12,0
09461,09461,0,0,0
09461,09462,422,212,210
09461,09463,538,234,304
09461,09464,47,22,25
09461,09471,28176,23512,4664
09461,09472,439,405,34
09461,09473,544,466,78
09461,09474,2274,1609,665
09461,09475,64,52,12
09461,09476,357,296,61
09461,09477,406,317,89
09461,09478,1963,1483,480
09461,09479,31,31,0
09461,09561,81,60,21
09461,09562,1275,304,971
09461,09563,267,140,127
09461,09564,1429,460,969
09461,09565,10,0,10
09461,09571,137,85,52
09461,09572,1030,618,412
09461,09573,122,83,39
09461,09574,162,117,45
09461,09575,162,120,42
09461,09576,55,30,25
09461,09577,18,18,0
09461,09661,0,0,0
09461,09662,335,112,223
09461,09663,358,242,116
09461,09671,0,0,0
09461,09672,97,47,50
09461,09673,56,39,17
09461,09674,3855,3290,565
09461,09675,106,66,40
09461,09676,0,0,0
09461,09677,65,48,17
09461,09678,341,277,64
09461,09679,103,74,29
09461,09761,12,0,12
09461,09762,0,0,0
09461,09763,0,0,0
09461,09764,0,0,0
09461,09771,0,0,0
09461,09772,0,0,0
09461,09773,0,0,0
09461,09774,0,0,0
09461,09775,0,0,0
09461,09776,0,0,0
09461,09777,0,0,0
09461,09778,0,0,0
09461,09779,0,0,0
09461,09780,0,0,0
09461,10041,0,0,0
09461,10042,0,0,0
09461,10043,0,0,0
09461,10044,0,0,0
09461,10045,0,0,0
09461,10046,0,0,0
09461,11000,192,72,120
09461,12051,0,0,0
09461,12052,0,0,0
09461,12053,0,0,0
09461,12054,0,0,0
09461,12060,0,0,0
09461,12061,0,0,0
09461,12062,0,0,0
09461,12063,0,0,0
09461,12064,0,0,0
09461,12065,0,0,0
09461,12066,0,0,0
09461,12067,0,0,0
09461,12068,0,0,0
09461,12069,0,0,0
09461,12070,0,0,0
09461,12071,0,0,0
09461,12072,0,0,0
09461,12073,0,0,0
09461,13003,0,0,0
09461,13004,0,0,0
09461,13071,0,0,0
09461,13072,0,0,0
09461,13073,0,0,0
09461,13074,0,0,0
09461,13075,0,0,0
09461,13076,0,0,0
09461,14511,0,0,0
09461,14521,16,16,0
09461,14522,20,20,0
09461,14523,29,29,0
09461,14524,14,14,0
09461,14612,26,12,14
09461,14625,10,10,0
09461,14626,0,0,0
09461,14627,0,0,0
09461,14628,0,0,0
09461,14713,80,63,17
09461,14729,0,0,0
09461,14730,15,15,0
09461,15001,0,0,0
09461,15002,0,0,0
09461,15003,0,0,0
09461,15081,0,0,0
09461,15082,0,0,0
09461,15083,0,0,0
09461,15084,0,0,0
09461,15085,0,0,0
09461,15086,0,0,0
09461,15087,0,0,0
09461,15088,0,0,0
09461,15089,0,0,0
09461,15090,0,0,0
09461,15091,0,0,0
09461,16051,0,0,0
09461,16052,0,0,0
09461,16053,0,0,0
09461,16054,0,0,0
09461,16055,0,0,0
09461,16056,0,0,0
09461,16061,0,0,0
09461,16062,0,0,0
09461,16063,0,0,0
09461,16064,0,0,0
09461,16065,0,0,0
09461,16066,25,25,0
09461,16067,0,0,0
09461,16068,0,0,0
09461,16069,66,54,12
09461,16070,25,15,10
09461,16071,0,0,0
09461,16072,66,50,16
09461,16073,17,17,0
09461,16074,35,35,0
09461,16075,11,11,0
09461,16076,0,0,0
09461,16077,0,0,0
09462,01001,0,0,0
09462,01002,0,0,0
09462,01003,0,0,0
09462,01004,0,0,0
09462,01051,0,0,0
09462,01053,0,0,0
09462,01054,0,0,0
09462,01055,0,0,0
09462,01056,0,0,0
09462,01057,0,0,0
09462,01058,0,0,0
09462,01059,0,0,0
09462,01060,0,0,0
09462,01061,0,0,0
09462,01062,0,0,0
09462,02000,111,51,60
09462,03101,0,0,0
09462,03102,0,0,0
09462,03103,0,0,0
09462,03151,0,0,0
09462,03153,11,0,11
09462,03154,0,0,0
09462,03155,0,0,0
09462,03157,0,0,0
09462,03158,0,0,0
09462,03159,0,0,0
09462,03241,53,33,20
09462,03251,0,0,0
09462,03252,0,0,0
09462,03254,0,0,0
09462,03255,0,0,0
09462,03256,0,0,0
09462,03257,0,0,0
09462,03351,0,0,0
09462,03352,0,0,0
09462,03353,11,11,0
09462,03354,0,0,0
09462,03355,0,0,0
09462,03356,0,0,0
09462,03357,0,0,0
09462,03358,0,0,0
09462,03359,0,0,0
09462,03360,0,0,0
09462,03361,13,13,0
09462,03401,0,0,0
09462,03402,0,0,0
09462,03403,0,0,0
09462,03404,0,0,0
09462,03405,0,0,0
09462,03451,0,0,0
09462,03452,0,0,0
09462,03453,0,0,0
09462,03454,0,0,0
09462,03455,0,0,0
09462,03456,0,0,0
09462,03457,0,0,0
09462,03458,0,0,0
09462,03459,16,0,16
09462,03460,0,0,0
09462,03461,0,0,0
09462,03462,0,0,0
09462,04011,15,15,0
09462,04012,0,0,0
09462,05111,35,12,23
09462,05112,0,0,0
09462,05113,0,0,0
09462,05114,0,0,0
09462,05116,0,0,0
09462,05117,0,0,0
09462,05119,0,0,0
09462,05120,0,0,0
09462,05122,0,0,0
09462,05124,0,0,0
09462,05154,0,0,0
09462,05158,0,0,0
09462,05162,0,0,0
09462,05166,0,0,0
09462,05170,0,0,0
09462,05314,13,0,13
09462,05315,49,21,28
09462,05316,0,0,0
09462,05334,0,0,0
09462,05358,0,0,0
09462,05362,10,0,10
09462,05366,0,0,0
09462,05370,0,0,0
09462,05374,17,0,17
09462,05378,0,0,0
09462,05382,20,10,10
09462,05512,0,0,0
09462,05513,0,0,0
09462,05515,0,0,0
09462,05554,0,0,0
09462,05558,0,0,0
09462,05562,0,0,0
09462,05566,0,0,0
09462,05570,0,0,0
09462,05711,0,0,0
09462,05754,0,0,0
09462,05758,0,0,0
09462,05762,0,0,0
09462,05766,0,0,0
09462,05770,0,0,0
09462,05774,0,0,0
09462,05911,0,0,0
09462,05913,0,0,0
09462,05914,0,0,0
09462,05915,0,0,0
09462,05916,0,0,0
09462,05954,0,0,0
09462,05958,0,0,0
09462,05962,0,0,0
09462,05966,0,0,0
09462,05970,0,0,0
09462,05974,0,0,0
09462,05978,0,0,0
09462,06411,0,0,0
09462,06412,112,22,90
09462,06413,0,0,0
09462,06414,11,0,11
09462,06431,0,0,0
09462,06432,11,11,0
09462,06433,11,0,11
09462,06434,19,0,19
09462,06435,14,0,14
09462,06436,17,0,17
09462,06437,0,0,0
09462,06438,12,0,12
09462,06439,0,0,0
09462,06440,0,0,0
09462,06531,12,12,0
09462,06532,0,0,0
09462,06533,0,0,0
09462,06534,0,0,0
09462,06535,0,0,0
09462,06611,0,0,0
09462,06631,0,0,0
09462,06632,0,0,0
09462,06633,0,0,0
09462,06634,0,0,0
09462,06635,0,0,0
09462,06636,0,0,0
09462,07111,0,0,0
09462,07131,0,0,0
09462,07132,0,0,0
09462,07133,0,0,0
09462,07134,0,0,0
09462,07135,0,0,0
09462,07137,0,0,0
09462,07138,0,0,0
09462,07140,0,0,0
09462,07141,0,0,0
09462,07143,0,0,0
09462,07211,0,0,0
09462,07231,0,0,0
09462,07232,0,0,0
09462,07233,0,0,0
09462,07235,0,0,0
09462,07311,0,0,0
09462,07312,0,0,0
09462,07313,0,0,0
09462,07314,0,0,0
09462,07315,0,0,0
09462,07316,0,0,0
09462,07317,0,0,0
09462,07318,0,0,0
09462,07319,0,0,0
09462,07320,0,0,0
09462,07331,0,0,0
09462,07332,0,0,0
09462,07333,0,0,0
09462,07334,0,0,0
09462,07335,0,0,0
09462,07336,0,0,0
09462,07337,0,0,0
09462,07338,0,0,0
09462,07339,0,0,0
09462,07340,0,0,0
09462,08111,57,16,41
09462,08115,28,12,16
09462,08116,17,0,17
09462,08117,0,0,0
09462,08118,13,0,13
09462,08119,12,0,12
09462,08121,0,0,0
09462,08125,10,0,10
09462,08126,0,0,0
09462,08127,0,0,0
09462,08128,0,0,0
09462,08135,0,0,0
09462,08136,0,0,0
09462,08211,0,0,0
09462,08212,0,0,0
09462,08215,10,10,0
09462,08216,0,0,0
09462,08221,0,0,0
09462,08222,22,10,12
09462,08225,0,0,0
09462,08226,26,12,14
09462,08231,0,0,0
09462,08235,0,0,0
09462,08236,0,0,0
09462,08237,0,0,0
09462,08311,0,0,0
09462,08315,0,0,0
09462,08316,0,0,0
09462,08317,0,0,0
09462,08325,0,0,0
09462,08326,0,0,0
09462,08327,0,0,0
09462,08335,0,0,0
09462,08336,0,0,0
09462,08337,0,0,0
09462,08415,0,0,0
09462,08416,0,0,0
09462,08417,0,0,0
09462,08421,0,0,0
09462,08425,0,0,0
09462,08426,0,0,0
09462,08435,0,0,0
09462,08436,0,0,0
09462,08437,0,0,0
09462,09161,21,0,21
09462,09162,471,128,343
09462,09163,0,0,0
09462,09171,0,0,0
09462,09172,0,0,0
09462,09173,0,0,0
09462,09174,0,0,0
09462,09175,0,0,0
09462,09176,22,12,10
09462,09177,0,0,0
09462,09178,33,14,19
09462,09179,0,0,0
09462,09180,0,0,0
09462,09181,0,0,0
09462,09182,0,0,0
09462,09183,0,0,0
09462,09184,88,29,59
09462,09185,0,0,0
09462,09186,22,0,22
09462,09187,16,16,0
09462,09188,26,10,16
09462,09189,0,0,0
09462,09190,10,10,0
09462,09261,0,0,0
09462,09262,0,0,0
09462,09263,0,0,0
09462,09271,0,0,0
09462,09272,0,0,0
09462,09273,12,12,0
09462,09274,14,0,14
09462,09275,0,0,0
09462,09276,0,0,0
09462,09277,0,0,0
09462,09278,0,0,0
09462,09279,0,0,0
09462,09361,35,17,18
09462,09362,87,25,62
09462,09363,159,92,67
09462,09371,418,274,144
09462,09372,13,13,0
09462,09373,42,25,17
09462,09374,889,626,263
09462,09375,41,16,25
09462,09376,44,30,14
09462,09377,1133,890,243
09462,09461,422,210,212
09462,09462,0,0,0
09462,09463,96,65,31
09462,09464,427,310,117
09462,09471,517,450,67
09462,09472,18124,15520,2604
09462,09473,152,131,21
09462,09474,267,216,51
09462,09475,1253,1011,242
09462,09476,311,253,58
09462,09477,5325,4162,1163
09462,09478,355,270,85
09462,09479,618,528,90
09462,09561,0,0,0
09462,09562,145,50,95
09462,09563,100,50,50
09462,09564,874,270,604
09462,09565,20,20,0
09462,09571,21,21,0
09462,09572,107,58,49
09462,09573,48,36,12
09462,09574,285,180,105
09462,09575,12,12,0
09462,09576,73,48,25
09462,09577,11,11,0
09462,09661,0,0,0
09462,09662,29,17,12
09462,09663,45,17,28
09462,09671,16,16,0
09462,09672,15,15,0
09462,09673,14,14,0
09462,09674,85,69,16
09462,09675,0,0,0
09462,09676,44,44,0
09462,09677,10,10,0
09462,09678,28,28,0
09462,09679,23,23,0
09462,09761,38,13,25
09462,09762,0,0,0
09462,09763,0,0,0
09462,09764,0,0,0
09462,09771,0,0,0
09462,09772,23,10,13
09462,09773,0,0,0
09462,09774,0,0,0
09462,09775,0,0,0
09462,09776,0,0,0
09462,09777,0,0,0
09462,09778,0,0,0
09462,09779,10,0,10
09462,09780,0,0,0
09462,10041,0,0,0
09462,10042,0,0,0
09462,10043,0,0,0
09462,10044,0,0,0
09462,10045,0,0,0
09462,10046,0,0,0
09462,11000,271,134,137
09462,12051,0,0,0
09462,12052,0,0,0
09462,12053,0,0,0
09462,12054,0,0,0
09462,12060,0,0,0
09462,12061,0,0,0
09462,12062,0,0,0
09462,12063,0,0,0
09462,12064,0,0,0
09462,12065,0,0,0
09462,12066,0,0,0
09462,12067,0,0,0
09462,12068,0,0,0
09462,12069,0,0,0
09462,12070,0,0,0
09462,12071,0,0,0
09462,12072,0,0,0
09462,12073,0,0,0
09462,13003,0,0,0
09462,13004,0,0,0
09462,13071,0,0,0
09462,13072,0,0,0
09462,13073,0,0,0
09462,13074,0,0,0
09462,13075,0,0,0
09462,13076,0,0,0
09462,14511,46,33,13
09462,14521,45,45,0
09462,14522,15,15,0
09462,14523,223,205,18
09462,14524,77,67,10
09462,14612,44,27,17
09462,14625,15,15,0
09462,14626,0,0,0
09462,14627,0,0,0
09462,14628,0,0,0
09462,14713,55,40,15
09462,14729,0,0,0
09462,14730,30,30,0
09462,15001,0,0,0
09462,15002,11,11,0
09462,15003,0,0,0
09462,15081,0,0,0
09462,15082,0,0,0
09462,15083,0,0,0
09462,15084,21,21,0
09462,15085,0,0,0
09462,15086,0,0,0
09462,15087,0,0,0
09462,15088,17,17,0
09462,15089,0,0,0
09462,15090,0,0,0
09462,15091,0,0,0
09462,16051,0,0,0
09462,16052,34,34,0
09462,16053,25,25,0
09462,16054,0,0,0
09462,16055,0,0,0
09462,16056,0,0,0
09462,16061,0,0,0
09462,16062,0,0,0
09462,16063,0,0,0
09462,16064,0,0,0
09462,16065,0,0,0
09462,16066,0,0,0
09462,16067,0,0,0
09462,16068,0,0,0
09462,16069,15,15,0
09462,16070,0,0,0
09462,16071,10,10,0
09462,16072,135,121,14
09462,16073,27,27,0
09462,16074,28,28,0
09462,16075,99,99,0
09462,16076,33,33,0
09462,16077,0,0,0
09463,01001,0,0,0
09463,01002,0,0,0
09463,01003,0,0,0
09463,01004,0,0,0
09463,01051,0,0,0
09463,01053,0,0,0
09463,01054,0,0,0
09463,01055,0,0,0
09463,01056,0,0,0
09463,01057,0,0,0
09463,01058,0,0,0
09463,01059,0,0,0
09463,01060,0,0,0
09463,01061,0,0,0
09463,01062,0,0,0
09463,02000,33,16,17
09463,03101,0,0,0
09463,03102,0,0,0
09463,03103,0,0,0
09463,03151,0,0,0
09463,03153,0,0,0
09463,03154,0,0,0
09463,03155,0,0,0
09463,03157,0,0,0
09463,03158,0,0,0
09463,03159,0,0,0
09463,03241,15,15,0
09463,03251,0,0,0
09463,03252,0,0,0
09463,03254,0,0,0
09463,03255,0,0,0
09463,03256,0,0,0
09463,03257,0,0,0
09463,03351,0,0,0
09463,03352,0,0,0
09463,03353,0,0,0
09463,03354,0,0,0
09463,03355,0,0,0
09463,03356,0,0,0
09463,03357,0,0,0
09463,03358,0,0,0
09463,03359,0,0,0
09463,03360,0,0,0
09463,03361,0,0,0
09463,03401,0,0,0
09463,03402,0,0,0
09463,03403,0,0,0
09463,03404,0,0,0
09463,03405,0,0,0
09463,03451,0,0,0
09463,03452,0,0,0
09463,03453,0,0,0
09463,03454,0,0,0
09463,03455,0,0,0
09463,03456,0,0,0
09463,03457,0,0,0
09463,03458,0,0,0
09463,03459,0,0,0
09463,03460,0,0,0
09463,03461,0,0,0
09463,03462,0,0,0
09463,04011,0,0,0
09463,04012,0,0,0
09463,05111,0,0,0
09463,05112,0,0,0
09463,05113,0,0,0
09463,05114,0,0,0
09463,05116,0,0,0
09463,05117,0,0,0
09463,05119,0,0,0
09463,05120,0,0,0
09463,05122,0,0,0
09463,05124,0,0,0
09463,05154,0,0,0
09463,05158,0,0,0
09463,05162,10,10,0
09463,05166,0,0,0
09463,05170,0,0,0
09463,05314,0,0,0
09463,05315,24,10,14
09463,05316,0,0,0
09463,05334,0,0,0
09463,05358,0,0,0
09463,05362,0,0,0
09463,05366,0,0,0
09463,05370,0,0,0
09463,05374,0,0,0
09463,05378,0,0,0
09463,05382,0,0,0
09463,05512,0,0,0
09463,05513,0,0,0
09463,05515,0,0,0
09463,05554,0,0,0
09463,05558,0,0,0
09463,05562,0,0,0
09463,05566,0,0,0
09463,05570,0,0,0
09463,05711,0,0,0
09463,05754,0,0,0
09463,05758,0,0,0
09463,05762,0,0,0
09463,05766,0,0,0
09463,05770,0,0,0
09463,05774,0,0,0
09463,05911,0,0,0
09463,05913,0,0,0
09463,05914,0,0,0
09463,05915,0,0,0
09463,05916,0,0,0
09463,05954,0,0,0
09463,05958,0,0,0
09463,05962,0,0,0
09463,05966,0,0,0
09463,05970,0,0,0
09463,05974,0,0,0
09463,05978,0,0,0
09463,06411,0,0,0
09463,06412,42,13,29
09463,06413,0,0,0
09463,06414,0,0,0
09463,06431,0,0,0
09463,06432,0,0,0
09463,06433,14,0,14
09463,06434,0,0,0
09463,06435,0,0,0
09463,06436,0,0,0
09463,06437,0,0,0
09463,06438,0,0,0
09463,06439,0,0,0
09463,06440,0,0,0
09463,06531,0,0,0
09463,06532,0,0,0
09463,06533,0,0,0
09463,06534,0,0,0
09463,06535,0,0,0
09463,06611,0,0,0
09463,06631,11,11,0
09463,06632,0,0,0
09463,06633,0,0,0
09463,06634,0,0,0
09463,06635,0,0,0
09463,06636,0,0,0
09463,07111,0,0,0
09463,07131,0,0,0
09463,07132,0,0,0
09463,07133,0,0,0
09463,07134,0,0,0
09463,07135,0,0,0
09463,07137,0,0,0
09463,07138,0,0,0
09463,07140,0,0,0
09463,07141,0,0,0
09463,07143,0,0,0
09463,07211,0,0,0
09463,07231,0,0,0
09463,07232,0,0,0
09463,07233,0,0,0
09463,07235,0,0,0
09463,07311,0,0,0
09463,07312,0,0,0
09463,07313,0,0,0
09463,07314,0,0,0
09463,07315,0,0,0
09463,07316,0,0,0
09463,07317,0,0,0
09463,07318,0,0,0
09463,07319,0,0,0
09463,07320,0,0,0
09463,07331,0,0,0
09463,07332,0,0,0
09463,07333,0,0,0
09463,07334,0,0,0
09463,07335,0,0,0
09463,07336,0,0,0
09463,07337,0,0,0
09463,07338,0,0,0
09463,07339,0,0,0
09463,07340,0,0,0
09463,08111,32,14,18
09463,08115,0,0,0
09463,08116,0,0,0
09463,08117,0,0,0
09463,08118,0,0,0
09463,08119,0,0,0
09463,08121,0,0,0
09463,08125,0,0,0
09463,08126,0,0,0
09463,08127,0,0,0
09463,08128,0,0,0
09463,08135,0,0,0
09463,08136,0,0,0
09463,08211,0,0,0
09463,08212,0,0,0
09463,08215,0,0,0
09463,08216,0,0,0
09463,08221,0,0,0
09463,08222,0,0,0
09463,08225,0,0,0
09463,08226,0,0,0
09463,08231,0,0,0
09463,08235,0,0,0
09463,08236,0,0,0
09463,08237,0,0,0
09463,08311,0,0,0
09463,08315,0,0,0
09463,08316,0,0,0
09463,08317,0,0,0
09463,08325,0,0,0
09463,08326,0,0,0
09463,08327,0,0,0
09463,08335,0,0,0
09463,08336,0,0,0
09463,08337,0,0,0
09463,08415,0,0,0
09463,08416,0,0,0
09463,08417,0,0,0
09463,08421,0,0,0
09463,08425,0,0,0
09463,08426,0,0,0
09463,08435,0,0,0
09463,08436,0,0,0
09463,08437,0,0,0
09463,09161,0,0,0
09463,09162,215,63,152
09463,09163,0,0,0
09463,09171,0,0,0
09463,09172,0,0,0
09463,09173,0,0,0
09463,09174,0,0,0
09463,09175,0,0,0
09463,09176,0,0,0
09463,09177,0,0,0
09463,09178,0,0,0
09463,09179,0,0,0
09463,09180,0,0,0
09463,09181,0,0,0
09463,09182,0,0,0
09463,09183,0,0,0
09463,09184,22,0,22
09463,09185,0,0,0
09463,09186,0,0,0
09463,09187,0,0,0
09463,09188,0,0,0
09463,09189,0,0,0
09463,09190,0,0,0
09463,09261,0,0,0
09463,09262,0,0,0
09463,09263,0,0,0
09463,09271,0,0,0
09463,09272,0,0,0
09463,09273,0,0,0
09463,09274,0,0,0
09463,09275,0,0,0
09463,09276,0,0,0
09463,09277,0,0,0
09463,09278,0,0,0
09463,09279,0,0,0
09463,09361,0,0,0
09463,09362,25,12,13
09463,09363,0,0,0
09463,09371,0,0,0
09463,09372,0,0,0
09463,09373,0,0,0
09463,09374,0,0,0
09463,09375,0,0,0
09463,09376,0,0,0
09463,09377,0,0,0
09463,09461,538,304,234
09463,09462,96,31,65
09463,09463,0,0,0
09463,09464,41,29,12
09463,09471,697,500,197
09463,09472,48,37,11
09463,09473,17207,13734,3473
09463,09474,63,44,19
09463,09475,96,85,11
09463,09476,1252,1042,210
09463,09477,145,96,49
09463,09478,2318,1656,662
09463,09479,19,19,0
09463,09561,0,0,0
09463,09562,68,19,49
09463,09563,36,20,16
09463,09564,291,75,216
09463,09565,0,0,0
09463,09571,0,0,0
09463,09572,47,33,14
09463,09573,0,0,0
09463,09574,56,15,41
09463,09575,11,11,0
09463,09576,0,0,0
09463,09577,0,0,0
09463,09661,0,0,0
09463,09662,62,14,48
09463,09663,96,36,60
09463,09671,0,0,0
09463,09672,42,28,14
09463,09673,71,54,17
09463,09674,806,646,160
09463,09675,26,14,12
09463,09676,0,0,0
09463,09677,14,14,0
09463,09678,35,35,0
09463,09679,38,25,13
09463,09761,0,0,0
09463,09762,0,0,0
09463,09763,0,0,0
09463,09764,0,0,0
09463,09771,0,0,0
09463,09772,0,0,0
09463,09773,0,0,0
09463,09774,0,0,0
09463,09775,0,0,0
09463,09776,0,0,0
09463,09777,0,0,0
09463,09778,0,0,0
09463,09779,0,0,0
09463,09780,0,0,0
09463,10041,0,0,0
09463,10042,0,0,0
09463,10043,0,0,0
09463,10044,0,0,0
09463,10045,0,0,0
09463,10046,0,0,0
09463,11000,207,151,56
09463,12051,0,0,0
09463,12052,0,0,0
09463,12053,0,0,0
09463,12054,0,0,0
09463,12060,17,17,0
09463,12061,0,0,0
09463,12062,0,0,0
09463,12063,0,0,0
09463,12064,0,0,0
09463,12065,0,0,0
09463,12066,0,0,0
09463,12067,0,0,0
09463,12068,0,0,0
09463,12069,0,0,0
09463,12070,0,0,0
09463,12071,0,0,0
09463,12072,0,0,0
09463,12073,0,0,0
09463,13003,0,0,0
09463,13004,0,0,0
09463,13071,0,0,0
09463,13072,0,0,0
09463,13073,0,0,0
09463,13074,0,0,0
09463,13075,0,0,0
09463,13076,0,0,0
09463,14511,0,0,0
09463,14521,0,0,0
09463,14522,0,0,0
09463,14523,0,0,0
09463,14524,0,0,0
09463,14612,0,0,0
09463,14625,0,0,0
09463,14626,0,0,0
09463,14627,0,0,0
09463,14628,0,0,0
09463,14713,27,16,11
09463,14729,0,0,0
09463,14730,0,0,0
09463,15001,0,0,0
09463,15002,0,0,0
09463,15003,0,0,0
09463,15081,0,0,0
09463,15082,0,0,0
09463,15083,0,0,0
09463,15084,0,0,0
09463,15085,0,0,0
09463,15086,0,0,0
09463,15087,0,0,0
09463,15088,0,0,0
09463,15089,0,0,0
09463,15090,0,0,0
09463,15091,0,0,0
09463,16051,35,17,18
09463,16052,32,32,0
09463,16053,0,0,0
09463,16054,160,130,30
09463,16055,0,0,0
09463,16056,0,0,0
09463,16061,0,0,0
09463,16062,0,0,0
09463,16063,13,13,0
09463,16064,0,0,0
09463,16065,0,0,0
09463,16066,128,105,23
09463,16067,10,10,0
09463,16068,0,0,0
09463,16069,2050,1854,196
09463,16070,70,60,10
09463,16071,0,0,0
09463,16072,1954,1673,281
09463,16073,49,49,0
09463,16074,0,0,0
09463,16075,13,13,0
09463,16076,18,18,0
09463,16077,0,0,0
09464,01001,0,0,0
09464,01002,0,0,0
09464,01003,0,0,0
09464,01004,0,0,0
09464,01051,0,0,0
09464,01053,0,0,0
09464,01054,0,0,0
09464,01055,0,0,0
09464,01056,0,0,0
09464,01057,0,0,0
09464,01058,0,0,0
09464,01059,0,0,0
09464,01060,0,0,0
09464,01061,0,0,0
09464,01062,0,0,0
09464,02000,36,11,25
09464,03101,0,0,0
09464,03102,0,0,0
09464,03103,0,0,0
09464,03151,0,0,0
09464,03153,0,0,0
09464,03154,0,0,0
09464,03155,0,0,0
09464,03157,0,0,0
09464,03158,0,0,0
09464,03159,0,0,0
09464,03241,0,0,0
09464,03251,0,0,0
09464,03252,0,0,0
09464,03254,0,0,0
09464,03255,0,0,0
09464,03256,0,0,0
09464,03257,0,0,0
09464,03351,0,0,0
09464,03352,0,0,0
09464,03353,0,0,0
09464,03354,0,0,0
09464,03355,0,0,0
09464,03356,0,0,0
09464,03357,0,0,0
09464,03358,0,0,0
09464,03359,0,0,0
09464,03360,0,0,0
09464,03361,0,0,0
09464,03401,0,0,0
09464,03402,0,0,0
09464,03403,0,0,0
09464,03404,0,0,0
09464,03405,0,0,0
09464,03451,0,0,0
09464,03452,0,0,0
09464,03453,0,0,0
09464,03454,0,0,0
09464,03455,0,0,0
09464,03456,0,0,0
09464,03457,0,0,0
09464,03458,0,0,0
09464,03459,0,0,0
09464,03460,0,0,0
09464,03461,0,0,0
09464,03462,0,0,0
09464,04011,18,0,18
09464,04012,0,0,0
09464,05111,0,0,0
09464,05112,0,0,0
09464,05113,0,0,0
09464,05114,0,0,0
09464,05116,0,0,0
09464,05117,0,0,0
09464,05119,0,0,0
09464,05120,0,0,0
09464,05122,0,0,0
09464,05124,0,0,0
09464,05154,0,0,0
09464,05158,0,0,0
09464,05162,0,0,0
09464,05166,0,0,0
09464,05170,0,0,0
09464,05314,0,0,0
09464,05315,20,0,20
09464,05316,0,0,0
09464,05334,0,0,0
09464,05358,0,0,0
09464,05362,14,0,14
09464,05366,0,0,0
09464,05370,0,0,0
09464,05374,0,0,0
09464,05378,0,0,0
09464,05382,0,0,0
09464,05512,0,0,0
09464,05513,0,0,0
09464,05515,0,0,0
09464,05554,0,0,0
09464,05558,0,0,0
09464,05562,0,0,0
09464,05566,0,0,0
09464,05570,0,0,0
09464,05711,0,0,0
09464,05754,0,0,0
09464,05758,0,0,0
09464,05762,0,0,0
09464,05766,0,0,0
09464,05770,0,0,0
09464,05774,0,0,0
09464,05911,0,0,0
09464,05913,0,0,0
09464,05914,0,0,0
09464,05915,0,0,0
09464,05916,0,0,0
09464,05954,0,0,0
09464,05958,0,0,0
09464,05962,0,0,0
09464,05966,0,0,0
09464,05970,0,0,0
09464,05974,0,0,0
09464,05978,0,0,0
09464,06411,0,0,0
09464,06412,26,0,26
09464,06413,0,0,0
09464,06414,0,0,0
09464,06431,0,0,0
09464,06432,0,0,0
09464,06433,0,0,0
09464,06434,33,0,33
09464,06435,0,0,0
09464,06436,13,0,13
09464,06437,0,0,0
09464,06438,0,0,0
09464,06439,0,0,0
09464,06440,0,0,0
09464,06531,0,0,0
09464,06532,0,0,0
09464,06533,0,0,0
09464,06534,0,0,0
09464,06535,0,0,0
09464,06611,0,0,0
09464,06631,0,0,0
09464,06632,0,0,0
09464,06633,0,0,0
09464,06634,0,0,0
09464,06635,0,0,0
09464,06636,0,0,0
09464,07111,0,0,0
09464,07131,0,0,0
09464,07132,0,0,0
09464,07133,0,0,0
09464,07134,0,0,0
09464,07135,0,0,0
09464,07137,0,0,0
09464,07138,0,0,0
09464,07140,0,0,0
09464,07141,0,0,0
09464,07143,0,0,0
09464,07211,0,0,0
09464,07231,0,0,0
09464,07232,0,0,0
09464,07233,0,0,0
09464,07235,0,0,0
09464,07311,0,0,0
09464,07312,0,0,0
09464,07313,0,0,0
09464,07314,0,0,0
09464,07315,0,0,0
09464,07316,0,0,0
09464,07317,0,0,0
09464,07318,0,0,0
09464,07319,0,0,0
09464,07320,0,0,0
09464,07331,0,0,0
09464,07332,0,0,0
09464,07333,0,0,0
09464,07334,0,0,0
09464,07335,0,0,0
09464,07336,0,0,0
09464,07337,0,0,0
09464,07338,0,0,0
09464,07339,0,0,0
09464,07340,0,0,0
09464,08111,13,0,13
09464,08115,0,0,0
09464,08116,0,0,0
09464,08117,0,0,0
09464,08118,0,0,0
09464,08119,0,0,0
09464,08121,0,0,0
09464,08125,0,0,0
09464,08126,10,0,10
09464,08127,0,0,0
09464,08128,0,0,0
09464,08135,0,0,0
09464,08136,0,0,0
09464,08211,0,0,0
09464,08212,0,0,0
09464,08215,0,0,0
09464,08216,0,0,0
09464,08221,0,0,0
09464,08222,11,0,11
09464,08225,0,0,0
09464,08226,0,0,0
09464,08231,0,0,0
09464,08235,0,0,0
09464,08236,0,0,0
09464,08237,0,0,0
09464,08311,0,0,0
09464,08315,0,0,0
09464,08316,0,0,0
09464,08317,0,0,0
09464,08325,0,0,0
09464,08326,0,0,0
09464,08327,0,0,0
09464,08335,0,0,0
09464,08336,0,0,0
09464,08337,0,0,0
09464,08415,0,0,0
09464,08416,0,0,0
09464,08417,0,0,0
09464,08421,0,0,0
09464,08425,0,0,0
09464,08426,0,0,0
09464,08435,0,0,0
09464,08436,0,0,0
09464,08437,0,0,0
09464,09161,14,0,14
09464,09162,189,28,161
09464,09163,0,0,0
09464,09171,0,0,0
09464,09172,0,0,0
09464,09173,0,0,0
09464,09174,0,0,0
09464,09175,0,0,0
09464,09176,0,0,0
09464,09177,0,0,0
09464,09178,11,0,11
09464,09179,0,0,0
09464,09180,0,0,0
09464,09181,0,0,0
09464,09182,0,0,0
09464,09183,0,0,0
09464,09184,22,0,22
09464,09185,0,0,0
09464,09186,0,0,0
09464,09187,0,0,0
09464,09188,0,0,0
09464,09189,0,0,0
09464,09190,0,0,0
09464,09261,0,0,0
09464,09262,0,0,0
09464,09263,0,0,0
09464,09271,0,0,0
09464,09272,0,0,0
09464,09273,0,0,0
09464,09274,11,0,11
09464,09275,0,0,0
09464,09276,0,0,0
09464,09277,0,0,0
09464,09278,0,0,0
09464,09279,0,0,0
09464,09361,0,0,0
09464,09362,32,0,32
09464,09363,39,11,28
09464,09371,0,0,0
09464,09372,14,0,14
09464,09373,0,0,0
09464,09374,21,21,0
09464,09375,12,0,12
09464,09376,18,18,0
09464,09377,122,87,35
09464,09461,47,25,22
09464,09462,427,117,310
09464,09463,41,12,29
09464,09464,0,0,0
09464,09471,59,44,15
09464,09472,256,191,65
09464,09473,47,35,12
09464,09474,10,0,10
09464,09475,12500,8325,4175
09464,09476,101,80,21
09464,09477,365,231,134
09464,09478,35,19,16
09464,09479,1582,1029,553
09464,09561,0,0,0
09464,09562,38,16,22
09464,09563,11,11,0
09464,09564,182,34,148
09464,09565,0,0,0
09464,09571,16,16,0
09464,09572,28,16,12
09464,09573,0,0,0
09464,09574,19,0,19
09464,09575,0,0,0
09464,09576,15,0,15
09464,09577,0,0,0
09464,09661,0,0,0
09464,09662,0,0,0
09464,09663,28,0,28
09464,09671,0,0,0
09464,09672,0,0,0
09464,09673,0,0,0
09464,09674,0,0,0
09464,09675,0,0,0
09464,09676,0,0,0
09464,09677,0,0,0
09464,09678,15,0,15
09464,09679,0,0,0
09464,09761,10,0,10
09464,09762,0,0,0
09464,09763,0,0,0
09464,09764,0,0,0
09464,09771,0,0,0
09464,09772,0,0,0
09464,09773,0,0,0
09464,09774,0,0,0
09464,09775,0,0,0
09464,09776,0,0,0
09464,09777,0,0,0
09464,09778,0,0,0
09464,09779,0,0,0
09464,09780,0,0,0
09464,10041,0,0,0
09464,10042,0,0,0
09464,10043,0,0,0
09464,10044,0,0,0
09464,10045,0,0,0
09464,10046,0,0,0
09464,11000,65,18,47
09464,12051,0,0,0
09464,12052,0,0,0
09464,12053,0,0,0
09464,12054,0,0,0
09464,12060,0,0,0
09464,12061,0,0,0
09464,12062,0,0,0
09464,12063,0,0,0
09464,12064,0,0,0
09464,12065,0,0,0
09464,12066,0,0,0
09464,12067,0,0,0
09464,12068,0,0,0
09464,12069,0,0,0
09464,12070,0,0,0
09464,12071,0,0,0
09464,12072,0,0,0
09464,12073,0,0,0
09464,13003,0,0,0
09464,13004,0,0,0
09464,13071,0,0,0
09464,13072,0,0,0
09464,13073,0,0,0
09464,13074,0,0,0
09464,13075,0,0,0
09464,13076,0,0,0
09464,14511,43,20,23
09464,14521,49,31,18
09464,14522,33,15,18
09464,14523,2322,2107,215
09464,14524,139,111,28
09464,14612,13,13,0
09464,14625,0,0,0
09464,14626,0,0,0
09464,14627,0,0,0
09464,14628,0,0,0
09464,14713,25,15,10
09464,14729,0,0,0
09464,14730,0,0,0
09464,15001,0,0,0
09464,15002,0,0,0
09464,15003,0,0,0
09464,15081,0,0,0
09464,15082,0,0,0
09464,15083,0,0,0
09464,15084,0,0,0
09464,15085,0,0,0
09464,15086,0,0,0
09464,15087,0,0,0
09464,15088,0,0,0
09464,15089,0,0,0
09464,15090,0,0,0
09464,15091,0,0,0
09464,16051,0,0,0
09464,16052,14,0,14
09464,16053,0,0,0
09464,16054,0,0,0
09464,16055,0,0,0
09464,16056,0,0,0
09464,16061,0,0,0
09464,16062,0,0,0
09464,16063,0,0,0
09464,16064,0,0,0
09464,16065,0,0,0
09464,16066,0,0,0
09464,16067,0,0,0
09464,16068,0,0,0
09464,16069,0,0,0
09464,16070,0,0,0
09464,16071,0,0,0
09464,16072,48,0,48
09464,16073,17,17,0
09464,16074,0,0,0
09464,16075,762,650,112
09464,16076,60,60,0
09464,16077,0,0,0
09471,01001,0,0,0
09471,01002,11,0,11
09471,01003,0,0,0
09471,01004,0,0,0
09471,01051,0,0,0
09471,01053,0,0,0
09471,01054,0,0,0
09471,01055,0,0,0
09471,01056,12,0,12
09471,01057,0,0,0
09471,01058,0,0,0
09471,01059,0,0,0
09471,01060,0,0,0
09471,01061,0,0,0
09471,01062,0,0,0
09471,02000,75,10,65
09471,03101,0,0,0
09471,03102,0,0,0
09471,03103,0,0,0
09471,03151,0,0,0
09471,03153,0,0,0
09471,03154,0,0,0
09471,03155,0,0,0
09471,03157,0,0,0
09471,03158,0,0,0
09471,03159,0,0,0
09471,03241,35,0,35
09471,03251,0,0,0
09471,03252,0,0,0
09471,03254,0,0,0
09471,03255,0,0,0
09471,03256,0,0,0
09471,03257,0,0,0
09471,03351,0,0,0
09471,03352,0,0,0
09471,03353,0,0,0
09471,03354,0,0,0
09471,03355,0,0,0
09471,03356,0,0,0
09471,03357,0,0,0
09471,03358,0,0,0
09471,03359,0,0,0
09471,03360,0,0,0
09471,03361,0,0,0
09471,03401,0,0,0
09471,03402,0,0,0
09471,03403,0,0,0
09471,03404,0,0,0
09471,03405,0,0,0
09471,03451,0,0,0
09471,03452,0,0,0
09471,03453,0,0,0
09471,03454,0,0,0
09471,03455,0,0,0
09471,03456,0,0,0
09471,03457,0,0,0
09471,03458,0,0,0
09471,03459,20,0,20
09471,03460,0,0,0
09471,03461,0,0,0
09471,03462,0,0,0
09471,04011,11,0,11
09471,04012,0,0,0
09471,05111,26,0,26
09471,05112,0,0,0
09471,05113,17,0,17
09471,05114,29,0,29
09471,05116,0,0,0
09471,05117,0,0,0
09471,05119,0,0,0
09471,05120,0,0,0
09471,05122,0,0,0
09471,05124,0,0,0
09471,05154,14,14,0
09471,05158,14,0,14
09471,05162,15,0,15
09471,05166,0,0,0
09471,05170,0,0,0
09471,05314,0,0,0
09471,05315,60,13,47
09471,05316,0,0,0
09471,05334,11,0,11
09471,05358,0,0,0
09471,05362,10,0,10
09471,05366,0,0,0
09471,05370,0,0,0
09471,05374,0,0,0
09471,05378,0,0,0
09471,05382,22,11,11
09471,05512,0,0,0
09471,05513,0,0,0
09471,05515,10,0,10
09471,05554,0,0,0
09471,05558,0,0,0
09471,05562,0,0,0
09471,05566,0,0,0
09471,05570,0,0,0
09471,05711,0,0,0
09471,05754,14,0,14
09471,05758,66,66,0
09471,05762,0,0,0
09471,05766,0,0,0
09471,05770,34,34,0
09471,05774,0,0,0
09471,05911,12,0,12
09471,05913,12,0,12
09471,05914,0,0,0
09471,05915,0,0,0
09471,05916,0,0,0
09471,05954,0,0,0
09471,05958,0,0,0
09471,05962,0,0,0
09471,05966,0,0,0
09471,05970,0,0,0
09471,05974,0,0,0
09471,05978,0,0,0
09471,06411,14,0,14
09471,06412,71,12,59
09471,06413,10,10,0
09471,06414,39,0,39
09471,06431,0,0,0
09471,06432,21,10,11
09471,06433,0,0,0
09471,06434,14,0,14
09471,06435,68,52,16
09471,06436,0,0,0
09471,06437,0,0,0
09471,06438,44,12,32
09471,06439,0,0,0
09471,06440,26,11,15
09471,06531,0,0,0
09471,06532,0,0,0
09471,06533,0,0,0
09471,06534,0,0,0
09471,06535,0,0,0
09471,06611,0,0,0
09471,06631,36,10,26
09471,06632,16,16,0
09471,06633,0,0,0
09471,06634,0,0,0
09471,06635,0,0,0
09471,06636,0,0,0
09471,07111,0,0,0
09471,07131,0,0,0
09471,07132,0,0,0
09471,07133,106,106,0
09471,07134,0,0,0
09471,07135,0,0,0
09471,07137,0,0,0
09471,07138,0,0,0
09471,07140,0,0,0
09471,07141,0,0,0
09471,07143,0,0,0
09471,07211,0,0,0
09471,07231,0,0,0
09471,07232,0,0,0
09471,07233,0,0,0
09471,07235,0,0,0
09471,07311,0,0,0
09471,07312,0,0,0
09471,07313,0,0,0
09471,07314,0,0,0
09471,07315,0,0,0
09471,07316,0,0,0
09471,07317,0,0,0
09471,07318,0,0,0
09471,07319,0,0,0
09471,07320,0,0,0
09471,07331,0,0,0
09471,07332,0,0,0
09471,07333,0,0,0
09471,07334,0,0,0
09471,07335,0,0,0
09471,07336,0,0,0
09471,07337,0,0,0
09471,07338,0,0,0
09471,07339,0,0,0
09471,07340,0,0,0
09471,08111,64,0,64
09471,08115,12,0,12
09471,08116,22,0,22
09471,08117,0,0,0
09471,08118,42,0,42
09471,08119,0,0,0
09471,08121,0,0,0
09471,08125,14,0,14
09471,08126,0,0,0
09471,08127,13,0,13
09471,08128,28,0,28
09471,08135,0,0,0
09471,08136,11,0,11
09471,08211,0,0,0
09471,08212,21,0,21
09471,08215,12,12,0
09471,08216,0,0,0
09471,08221,0,0,0
09471,08222,14,0,14
09471,08225,0,0,0
09471,08226,29,16,13
09471,08231,0,0,0
09471,08235,0,0,0
09471,08236,0,0,0
09471,08237,0,0,0
09471,08311,0,0,0
09471,08315,0,0,0
09471,08316,0,0,0
09471,08317,0,0,0
09471,08325,0,0,0
09471,08326,0,0,0
09471,08327,0,0,0
09471,08335,0,0,0
09471,08336,0,0,0
09471,08337,0,0,0
09471,08415,0,0,0
09471,08416,10,0,10
09471,08417,0,0,0
09471,08421,11,0,11
09471,08425,0,0,0
09471,08426,0,0,0
09471,08435,0,0,0
09471,08436,11,0,11
09471,08437,0,0,0
09471,09161,41,21,20
09471,09162,353,31,322
09471,09163,0,0,0
09471,09171,0,0,0
09471,09172,0,0,0
09471,09173,0,0,0
09471,09174,12,0,12
09471,09175,14,0,14
09471,09176,12,12,0
09471,09177,0,0,0
09471,09178,37,0,37
09471,09179,20,0,20
09471,09180,0,0,0
09471,09181,0,0,0
09471,09182,0,0,0
09471,09183,0,0,0
09471,09184,148,0,148
09471,09185,0,0,0
09471,09186,30,11,19
09471,09187,0,0,0
09471,09188,11,0,11
09471,09189,0,0,0
09471,09190,0,0,0
09471,09261,0,0,0
09471,09262,0,0,0
09471,09263,0,0,0
09471,09271,0,0,0
09471,09272,0,0,0
09471,09273,0,0,0
09471,09274,36,0,36
09471,09275,0,0,0
09471,09276,0,0,0
09471,09277,0,0,0
09471,09278,0,0,0
09471,09279,0,0,0
09471,09361,16,0,16
09471,09362,66,0,66
09471,09363,17,0,17
09471,09371,42,23,19
09471,09372,0,0,0
09471,09373,92,33,59
09471,09374,22,12,10
09471,09375,19,19,0
09471,09376,12,12,0
09471,09377,28,18,10
09471,09461,28176,4664,23512
09471,09462,517,67,450
09471,09463,697,197,500
09471,09464,59,15,44
09471,09471,0,0,0
09471,09472,671,488,183
09471,09473,682,526,156
09471,09474,4200,1838,2362
09471,09475,54,27,27
09471,09476,247,130,117
09471,09477,422,205,217
09471,09478,2532,1114,1418
09471,09479,23,13,10
09471,09561,24,0,24
09471,09562,2748,156,2592
09471,09563,440,82,358
09471,09564,1947,263,1684
09471,09565,26,0,26
09471,09571,288,160,128
09471,09572,3604,1035,2569
09471,09573,126,70,56
09471,09574,152,52,100
09471,09575,709,406,303
09471,09576,62,25,37
09471,09577,35,25,10
09471,09661,0,0,0
09471,09662,411,49,362
09471,09663,288,44,244
09471,09671,21,21,0
09471,09672,87,39,48
09471,09673,50,19,31
09471,09674,3617,2033,1584
09471,09675,645,360,285
09471,09676,0,0,0
09471,09677,49,30,19
09471,09678,335,190,145
09471,09679,122,39,83
09471,09761,43,20,23
09471,09762,0,0,0
09471,09763,0,0,0
09471,09764,0,0,0
09471,09771,0,0,0
09471,09772,16,0,16
09471,09773,0,0,0
09471,09774,0,0,0
09471,09775,0,0,0
09471,09776,0,0,0
09471,09777,0,0,0
09471,09778,0,0,0
09471,09779,12,12,0
09471,09780,0,0,0
09471,10041,11,0,11
09471,10042,0,0,0
09471,10043,0,0,0
09471,10044,0,0,0
09471,10045,0,0,0
09471,10046,0,0,0
09471,11000,169,73,96
09471,12051,0,0,0
09471,12052,0,0,0
09471,12053,0,0,0
09471,12054,0,0,0
09471,12060,0,0,0
09471,12061,0,0,0
09471,12062,0,0,0
09471,12063,0,0,0
09471,12064,0,0,0
09471,12065,0,0,0
09471,12066,0,0,0
09471,12067,0,0,0
09471,12068,0,0,0
09471,12069,0,0,0
09471,12070,0,0,0
09471,12071,0,0,0
09471,12072,0,0,0
09471,12073,0,0,0
09471,13003,0,0,0
09471,13004,0,0,0
09471,13071,0,0,0
09471,13072,0,0,0
09471,13073,0,0,0
09471,13074,0,0,0
09471,13075,0,0,0
09471,13076,0,0,0
09471,14511,0,0,0
09471,14521,25,25,0
09471,14522,24,24,0
09471,14523,38,38,0
09471,14524,22,22,0
09471,14612,43,29,14
09471,14625,19,19,0
09471,14626,13,13,0
09471,14627,30,30,0
09471,14628,13,13,0
09471,14713,37,26,11
09471,14729,0,0,0
09471,14730,11,11,0
09471,15001,0,0,0
09471,15002,0,0,0
09471,15003,0,0,0
09471,15081,0,0,0
09471,15082,0,0,0
09471,15083,0,0,0
09471,15084,31,13,18
09471,15085,0,0,0
09471,15086,0,0,0
09471,15087,0,0,0
09471,15088,10,10,0
09471,15089,10,10,0
09471,15090,0,0,0
09471,15091,0,0,0
09471,16051,13,0,13
09471,16052,20,20,0
09471,16053,0,0,0
09471,16054,0,0,0
09471,16055,0,0,0
09471,16056,0,0,0
09471,16061,20,0,20
09471,16062,0,0,0
09471,16063,0,0,0
09471,16064,0,0,0
09471,16065,0,0,0
09471,16066,20,20,0
09471,16067,37,37,0
09471,16068,0,0,0
09471,16069,63,49,14
09471,16070,28,18,10
09471,16071,10,10,0
09471,16072,78,51,27
09471,16073,23,23,0
09471,16074,0,0,0
09471,16075,10,10,0
09471,16076,15,15,0
09471,16077,0,0,0
09472,01001,0,0,0
09472,01002,0,0,0
09472,01003,0,0,0
09472,01004,0,0,0
09472,01051,0,0,0
09472,01053,0,0,0
09472,01054,0,0,0
09472,01055,0,0,0
09472,01056,0,0,0
09472,01057,0,0,0
09472,01058,0,0,0
09472,01059,0,0,0
09472,01060,0,0,0
09472,01061,0,0,0
09472,01062,0,0,0
09472,02000,38,0,38
09472,03101,0,0,0
09472,03102,0,0,0
09472,03103,0,0,0
09472,03151,0,0,0
09472,03153,11,0,11
09472,03154,0,0,0
09472,03155,0,0,0
09472,03157,0,0,0
09472,03158,0,0,0
09472,03159,0,0,0
09472,03241,20,0,20
09472,03251,0,0,0
09472,03252,0,0,0
09472,03254,0,0,0
09472,03255,0,0,0
09472,03256,0,0,0
09472,03257,0,0,0
09472,03351,0,0,0
09472,03352,0,0,0
09472,03353,0,0,0
09472,03354,0,0,0
09472,03355,0,0,0
09472,03356,0,0,0
09472,03357,0,0,0
09472,03358,0,0,0
09472,03359,0,0,0
09472,03360,0,0,0
09472,03361,0,0,0
09472,03401,0,0,0
09472,03402,0,0,0
09472,03403,0,0,0
09472,03404,19,0,19
09472,03405,0,0,0
09472,03451,0,0,0
09472,03452,0,0,0
09472,03453,0,0,0
09472,03454,0,0,0
09472,03455,0,0,0
09472,03456,0,0,0
09472,03457,0,0,0
09472,03458,0,0,0
09472,03459,0,0,0
09472,03460,0,0,0
09472,03461,0,0,0
09472,03462,0,0,0
09472,04011,0,0,0
09472,04012,0,0,0
09472,05111,23,0,23
09472,05112,0,0,0
09472,05113,0,0,0
09472,05114,0,0,0
09472,05116,0,0,0
09472,05117,0,0,0
09472,05119,0,0,0
09472,05120,0,0,0
09472,05122,0,0,0
09472,05124,0,0,0
09472,05154,0,0,0
09472,05158,15,0,15
09472,05162,11,0,11
09472,05166,0,0,0
09472,05170,0,0,0
09472,05314,0,0,0
09472,05315,24,0,24
09472,05316,0,0,0
09472,05334,0,0,0
09472,05358,0,0,0
09472,05362,10,0,10
09472,05366,0,0,0
09472,05370,0,0,0
09472,05374,18,0,18
09472,05378,0,0,0
09472,05382,0,0,0
09472,05512,0,0,0
09472,05513,0,0,0
09472,05515,0,0,0
09472,05554,0,0,0
09472,05558,0,0,0
09472,05562,0,0,0
09472,05566,0,0,0
09472,05570,0,0,0
09472,05711,0,0,0
09472,05754,0,0,0
09472,05758,0,0,0
09472,05762,0,0,0
09472,05766,0,0,0
09472,05770,0,0,0
09472,05774,0,0,0
09472,05911,0,0,0
09472,05913,11,0,11
09472,05914,0,0,0
09472,05915,0,0,0
09472,05916,0,0,0
09472,05954,0,0,0
09472,05958,0,0,0
09472,05962,0,0,0
09472,05966,0,0,0
09472,05970,0,0,0
09472,05974,0,0,0
09472,05978,0,0,0
09472,06411,0,0,0
09472,06412,31,0,31
09472,06413,0,0,0
09472,06414,10,0,10
09472,06431,0,0,0
09472,06432,0,0,0
09472,06433,0,0,0
09472,06434,13,0,13
09472,06435,19,0,19
09472,06436,10,0,10
09472,06437,0,0,0
09472,06438,12,0,12
09472,06439,0,0,0
09472,06440,0,0,0
09472,06531,0,0,0
09472,06532,0,0,0
09472,06533,0,0,0
09472,06534,0,0,0
09472,06535,0,0,0
09472,06611,0,0,0
09472,06631,0,0,0
09472,06632,0,0,0
09472,06633,0,0,0
09472,06634,0,0,0
09472,06635,0,0,0
09472,06636,0,0,0
09472,07111,0,0,0
09472,07131,0,0,0
09472,07132,0,0,0
09472,07133,0,0,0
09472,07134,0,0,0
09472,07135,0,0,0
09472,07137,0,0,0
09472,07138,0,0,0
09472,07140,0,0,0
09472,07141,0,0,0
09472,07143,0,0,0
09472,07211,0,0,0
09472,07231,0,0,0
09472,07232,0,0,0
09472,07233,0,0,0
09472,07235,0,0,0
09472,07311,25,0,25
09472,07312,0,0,0
09472,07313,0,0,0
09472,07314,0,0,0
09472,07315,0,0,0
09472,07316,0,0,0
09472,07317,0,0,0
09472,07318,0,0,0
09472,07319,0,0,0
09472,07320,0,0,0
09472,07331,0,0,0
09472,07332,0,0,0
09472,07333,0,0,0
09472,07334,0,0,0
09472,07335,0,0,0
09472,07336,0,0,0
09472,07337,0,0,0
09472,07338,0,0,0
09472,07339,0,0,0
09472,07340,0,0,0
09472,08111,32,0,32
09472,08115,10,0,10
09472,08116,16,0,16
09472,08117,0,0,0
09472,08118,23,0,23
09472,08119,0,0,0
09472,08121,0,0,0
09472,08125,0,0,0
09472,08126,19,0,19
09472,08127,0,0,0
09472,08128,0,0,0
09472,08135,0,0,0
09472,08136,13,0,13
09472,08211,0,0,0
09472,08212,0,0,0
09472,08215,0,0,0
09472,08216,0,0,0
09472,08221,0,0,0
09472,08222,12,0,12
09472,08225,0,0,0
09472,08226,0,0,0
09472,08231,0,0,0
09472,08235,0,0,0
09472,08236,0,0,0
09472,08237,0,0,0
09472,08311,0,0,0
09472,08315,0,0,0
09472,08316,0,0,0
09472,08317,10,0,10
09472,08325,0,0,0
09472,08326,0,0,0
09472,08327,0,0,0
09472,08335,0,0,0
09472,08336,0,0,0
09472,08337,0,0,0
09472,08415,0,0,0
09472,08416,0,0,0
09472,08417,0,0,0
09472,08421,0,0,0
09472,08425,0,0,0
09472,08426,0,0,0
09472,08435,0,0,0
09472,08436,0,0,0
09472,08437,0,0,0
09472,09161,32,0,32
09472,09162,329,18,311
09472,09163,0,0,0
09472,09171,0,0,0
09472,09172,0,0,0
09472,09173,0,0,0
09472,09174,0,0,0
09472,09175,0,0,0
09472,09176,16,0,16
09472,09177,0,0,0
09472,09178,48,0,48
09472,09179,0,0,0
09472,09180,0,0,0
09472,09181,0,0,0
09472,09182,0,0,0
09472,09183,0,0,0
09472,09184,66,0,66
09472,09185,0,0,0
09472,09186,16,0,16
09472,09187,0,0,0
09472,09188,15,0,15
09472,09189,0,0,0
09472,09190,0,0,0
09472,09261,0,0,0
09472,09262,0,0,0
09472,09263,0,0,0
09472,09271,0,0,0
09472,09272,0,0,0
09472,09273,0,0,0
09472,09274,18,18,0
09472,09275,19,0,19
09472,09276,0,0,0
09472,09277,0,0,0
09472,09278,0,0,0
09472,09279,0,0,0
09472,09361,71,14,57
09472,09362,51,0,51
09472,09363,145,20,125
09472,09371,1589,565,1024
09472,09372,11,0,11
09472,09373,65,23,42
09472,09374,1284,498,786
09472,09375,10,0,10
09472,09376,38,0,38
09472,09377,1354,493,861
09472,09461,439,34,405
09472,09462,18124,2604,15520
09472,09463,48,11,37
09472,09464,256,65,191
09472,09471,671,183,488
09472,09472,0,0,0
09472,09473,42,25,17
09472,09474,1484,565,919
09472,09475,1065,542,523
09472,09476,147,65,82
09472,09477,3360,1292,2068
09472,09478,257,88,169
09472,09479,926,406,520
09472,09561,0,0,0
09472,09562,291,21,270
09472,09563,134,21,113
09472,09564,1475,89,1386
09472,09565,36,11,25
09472,09571,17,0,17
09472,09572,198,31,167
09472,09573,38,16,22
09472,09574,1146,230,916
09472,09575,13,0,13
09472,09576,73,13,60
09472,09577,10,0,10
09472,09661,0,0,0
09472,09662,0,0,0
09472,09663,41,0,41
09472,09671,0,0,0
09472,09672,14,14,0
09472,09673,0,0,0
09472,09674,43,13,30
09472,09675,10,0,10
09472,09676,0,0,0
09472,09677,0,0,0
09472,09678,27,14,13
09472,09679,0,0,0
09472,09761,17,0,17
09472,09762,0,0,0
09472,09763,0,0,0
09472,09764,0,0,0
09472,09771,0,0,0
09472,09772,12,0,12
09472,09773,0,0,0
09472,09774,0,0,0
09472,09775,0,0,0
09472,09776,0,0,0
09472,09777,0,0,0
09472,09778,0,0,0
09472,09779,0,0,0
09472,09780,0,0,0
09472,10041,10,0,10
09472,10042,0,0,0
09472,10043,0,0,0
09472,10044,0,0,0
09472,10045,0,0,0
09472,10046,0,0,0
09472,11000,67,14,53
09472,12051,0,0,0
09472,12052,0,0,0
09472,12053,0,0,0
09472,12054,0,0,0
09472,12060,0,0,0
09472,12061,0,0,0
09472,12062,0,0,0
09472,12063,0,0,0
09472,12064,0,0,0
09472,12065,0,0,0
09472,12066,0,0,0
09472,12067,0,0,0
09472,12068,0,0,0
09472,12069,0,0,0
09472,12070,0,0,0
09472,12071,0,0,0
09472,12072,0,0,0
09472,12073,0,0,0
09472,13003,0,0,0
09472,13004,0,0,0
09472,13071,0,0,0
09472,13072,0,0,0
09472,13073,0,0,0
09472,13074,0,0,0
09472,13075,0,0,0
09472,13076,0,0,0
09472,14511,0,0,0
09472,14521,11,11,0
09472,14522,13,0,13
09472,14523,73,51,22
09472,14524,26,10,16
09472,14612,10,10,0
09472,14625,0,0,0
09472,14626,0,0,0
09472,14627,0,0,0
09472,14628,14,14,0
09472,14713,34,21,13
09472,14729,0,0,0
09472,14730,0,0,0
09472,15001,0,0,0
09472,15002,22,22,0
09472,15003,0,0,0
09472,15081,0,0,0
09472,15082,0,0,0
09472,15083,0,0,0
09472,15084,16,16,0
09472,15085,0,0,0
09472,15086,0,0,0
09472,15087,0,0,0
09472,15088,14,14,0
09472,15089,0,0,0
09472,15090,0,0,0
09472,15091,0,0,0
09472,16051,0,0,0
09472,16052,14,14,0
09472,16053,0,0,0
09472,16054,0,0,0
09472,16055,0,0,0
09472,16056,0,0,0
09472,16061,0,0,0
09472,16062,0,0,0
09472,16063,0,0,0
09472,16064,0,0,0
09472,16065,0,0,0
09472,16066,10,0,10
09472,16067,0,0,0
09472,16068,0,0,0
09472,16069,0,0,0
09472,16070,0,0,0
09472,16071,0,0,0
09472,16072,28,13,15
09472,16073,13,13,0
09472,16074,0,0,0
09472,16075,30,30,0
09472,16076,24,14,10
09472,16077,0,0,0
09473,01001,0,0,0
09473,01002,0,0,0
09473,01003,0,0,0
09473,01004,0,0,0
09473,01051,0,0,0
09473,01053,0,0,0
09473,01054,0,0,0
09473,01055,0,0,0
09473,01056,0,0,0
09473,01057,0,0,0
09473,01058,0,0,0
09473,01059,0,0,0
09473,01060,0,0,0
09473,01061,0,0,0
09473,01062,0,0,0
09473,02000,33,0,33
09473,03101,0,0,0
09473,03102,0,0,0
09473,03103,0,0,0
09473,03151,0,0,0
09473,03153,0,0,0
09473,03154,0,0,0
09473,03155,0,0,0
09473,03157,0,0,0
09473,03158,0,0,0
09473,03159,0,0,0
09473,03241,0,0,0
09473,03251,0,0,0
09473,03252,0,0,0
09473,03254,0,0,0
09473,03255,0,0,0
09473,03256,0,0,0
09473,03257,0,0,0
09473,03351,0,0,0
09473,03352,0,0,0
09473,03353,0,0,0
09473,03354,0,0,0
09473,03355,0,0,0
09473,03356,0,0,0
09473,03357,0,0,0
09473,03358,0,0,0
09473,03359,0,0,0
09473,03360,0,0,0
09473,03361,0,0,0
09473,03401,0,0,0
09473,03402,0,0,0
09473,03403,0,0,0
09473,03404,0,0,0
09473,03405,0,0,0
09473,03451,0,0,0
09473,03452,0,0,0
09473,03453,0,0,0
09473,03454,0,0,0
09473,03455,0,0,0
09473,03456,0,0,0
09473,03457,0,0,0
09473,03458,0,0,0
09473,03459,0,0,0
09473,03460,0,0,0
09473,03461,0,0,0
09473,03462,0,0,0
09473,04011,0,0,0
09473,04012,0,0,0
09473,05111,0,0,0
09473,05112,0,0,0
09473,05113,0,0,0
09473,05114,0,0,0
09473,05116,0,0,0
09473,05117,0,0,0
09473,05119,0,0,0
09473,05120,0,0,0
09473,05122,0,0,0
09473,05124,0,0,0
09473,05154,0,0,0
09473,05158,13,0,13
09473,05162,0,0,0
09473,05166,0,0,0
09473,05170,0,0,0
09473,05314,0,0,0
09473,05315,25,0,25
09473,05316,0,0,0
09473,05334,0,0,0
09473,05358,0,0,0
09473,05362,0,0,0
09473,05366,0,0,0
09473,05370,0,0,0
09473,05374,0,0,0
09473,05378,0,0,0
09473,05382,0,0,0
09473,05512,0,0,0
09473,05513,0,0,0
09473,05515,0,0,0
09473,05554,0,0,0
09473,05558,0,0,0
09473,05562,0,0,0
09473,05566,0,0,0
09473,05570,0,0,0
09473,05711,0,0,0
09473,05754,0,0,0
09473,05758,0,0,0
09473,05762,0,0,0
09473,05766,0,0,0
09473,05770,0,0,0
09473,05774,0,0,0
09473,05911,0,0,0
09473,05913,0,0,0
09473,05914,0,0,0
09473,05915,0,0,0
09473,05916,0,0,0
09473,05954,0,0,0
09473,05958,0,0,0
09473,05962,22,0,22
09473,05966,0,0,0
09473,05970,0,0,0
09473,05974,0,0,0
09473,05978,0,0,0
09473,06411,0,0,0
09473,06412,32,0,32
09473,06413,0,0,0
09473,06414,11,0,11
09473,06431,0,0,0
09473,06432,0,0,0
09473,06433,19,0,19
09473,06434,0,0,0
09473,06435,0,0,0
09473,06436,0,0,0
09473,06437,0,0,0
09473,06438,0,0,0
09473,06439,0,0,0
09473,06440,0,0,0
09473,06531,0,0,0
09473,06532,0,0,0
09473,06533,0,0,0
09473,06534,0,0,0
09473,06535,0,0,0
09473,06611,0,0,0
09473,06631,12,0,12
09473,06632,0,0,0
09473,06633,0,0,0
09473,06634,0,0,0
09473,06635,0,0,0
09473,06636,0,0,0
09473,07111,0,0,0
09473,07131,0,0,0
09473,07132,0,0,0
09473,07133,0,0,0
09473,07134,0,0,0
09473,07135,0,0,0
09473,07137,0,0,0
09473,07138,0,0,0
09473,07140,0,0,0
09473,07141,0,0,0
09473,07143,0,0,0
09473,07211,0,0,0
09473,07231,0,0,0
09473,07232,0,0,0
09473,07233,0,0,0
09473,07235,0,0,0
09473,07311,0,0,0
09473,07312,0,0,0
09473,07313,0,0,0
09473,07314,0,0,0
09473,07315,0,0,0
09473,07316,0,0,0
09473,07317,0,0,0
09473,07318,0,0,0
09473,07319,0,0,0
09473,07320,0,0,0
09473,07331,0,0,0
09473,07332,0,0,0
09473,07333,0,0,0
09473,07334,0,0,0
09473,07335,0,0,0
09473,07336,0,0,0
09473,07337,0,0,0
09473,07338,0,0,0
09473,07339,0,0,0
09473,07340,0,0,0
09473,08111,21,0,21
09473,08115,0,0,0
09473,08116,0,0,0
09473,08117,0,0,0
09473,08118,15,0,15
09473,08119,0,0,0
09473,08121,0,0,0
09473,08125,0,0,0
09473,08126,13,0,13
09473,08127,0,0,0
09473,08128,0,0,0
09473,08135,0,0,0
09473,08136,0,0,0
09473,08211,0,0,0
09473,08212,0,0,0
09473,08215,0,0,0
09473,08216,0,0,0
09473,08221,0,0,0
09473,08222,0,0,0
09473,08225,0,0,0
09473,08226,15,15,0
09473,08231,0,0,0
09473,08235,0,0,0
09473,08236,0,0,0
09473,08237,0,0,0
09473,08311,0,0,0
09473,08315,0,0,0
09473,08316,0,0,0
09473,08317,0,0,0
09473,08325,0,0,0
09473,08326,0,0,0
09473,08327,0,0,0
09473,08335,0,0,0
09473,08336,0,0,0
09473,08337,0,0,0
09473,08415,0,0,0
09473,08416,0,0,0
09473,08417,0,0,0
09473,08421,10,0,10
09473,08425,0,0,0
09473,08426,0,0,0
09473,08435,0,0,0
09473,08436,0,0,0
09473,08437,0,0,0
09473,09161,21,0,21
09473,09162,246,45,201
09473,09163,0,0,0
09473,09171,0,0,0
09473,09172,0,0,0
09473,09173,0,0,0
09473,09174,0,0,0
09473,09175,0,0,0
09473,09176,0,0,0
09473,09177,0,0,0
09473,09178,12,0,12
09473,09179,0,0,0
09473,09180,0,0,0
09473,09181,0,0,0
09473,09182,0,0,0
09473,09183,0,0,0
09473,09184,34,0,34
09473,09185,0,0,0
09473,09186,0,0,0
09473,09187,0,0,0
09473,09188,0,0,0
09473,09189,0,0,0
09473,09190,11,11,0
09473,09261,0,0,0
09473,09262,0,0,0
09473,09263,0,0,0
09473,09271,0,0,0
09473,09272,0,0,0
09473,09273,0,0,0
09473,09274,0,0,0
09473,09275,0,0,0
09473,09276,0,0,0
09473,09277,0,0,0
09473,09278,0,0,0
09473,09279,0,0,0
09473,09361,0,0,0
09473,09362,13,0,13
09473,09363,0,0,0
09473,09371,0,0,0
09473,09372,10,0,10
09473,09373,0,0,0
09473,09374,0,0,0
09473,09375,0,0,0
09473,09376,0,0,0
09473,09377,0,0,0
09473,09461,544,78,466
09473,09462,152,21,131
09473,09463,17207,3473,13734
09473,09464,47,12,35
09473,09471,682,156,526
09473,09472,42,17,25
09473,09473,0,0,0
09473,09474,44,19,25
09473,09475,79,45,34
09473,09476,2235,1376,859
09473,09477,217,95,122
09473,09478,3474,1301,2173
09473,09479,15,0,15
09473,09561,0,0,0
09473,09562,81,0,81
09473,09563,71,0,71
09473,09564,290,40,250
09473,09565,0,0,0
09473,09571,23,11,12
09473,09572,40,11,29
09473,09573,12,12,0
09473,09574,45,12,33
09473,09575,12,0,12
09473,09576,11,0,11
09473,09577,0,0,0
09473,09661,0,0,0
09473,09662,110,12,98
09473,09663,38,0,38
09473,09671,0,0,0
09473,09672,19,0,19
09473,09673,148,88,60
09473,09674,1104,453,651
09473,09675,14,0,14
09473,09676,0,0,0
09473,09677,0,0,0
09473,09678,54,21,33
09473,09679,12,0,12
09473,09761,10,10,0
09473,09762,0,0,0
09473,09763,0,0,0
09473,09764,0,0,0
09473,09771,0,0,0
09473,09772,0,0,0
09473,09773,0,0,0
09473,09774,0,0,0
09473,09775,0,0,0
09473,09776,0,0,0
09473,09777,0,0,0
09473,09778,0,0,0
09473,09779,0,0,0
09473,09780,0,0,0
09473,10041,0,0,0
09473,10042,0,0,0
09473,10043,0,0,0
09473,10044,0,0,0
09473,10045,0,0,0
09473,10046,0,0,0
09473,11000,85,28,57
09473,12051,0,0,0
09473,12052,0,0,0
09473,12053,0,0,0
09473,12054,0,0,0
09473,12060,0,0,0
09473,12061,0,0,0
09473,12062,0,0,0
09473,12063,0,0,0
09473,12064,0,0,0
09473,12065,0,0,0
09473,12066,0,0,0
09473,12067,0,0,0
09473,12068,0,0,0
09473,12069,0,0,0
09473,12070,0,0,0
09473,12071,0,0,0
09473,12072,0,0,0
09473,12073,0,0,0
09473,13003,0,0,0
09473,13004,0,0,0
09473,13071,0,0,0
09473,13072,0,0,0
09473,13073,0,0,0
09473,13074,0,0,0
09473,13075,0,0,0
09473,13076,0,0,0
09473,14511,0,0,0
09473,14521,0,0,0
09473,14522,0,0,0
09473,14523,14,14,0
09473,14524,12,12,0
09473,14612,0,0,0
09473,14625,0,0,0
09473,14626,0,0,0
09473,14627,29,0,29
09473,14628,0,0,0
09473,14713,0,0,0
09473,14729,0,0,0
09473,14730,0,0,0
09473,15001,0,0,0
09473,15002,0,0,0
09473,15003,0,0,0
09473,15081,0,0,0
09473,15082,0,0,0
09473,15083,0,0,0
09473,15084,0,0,0
09473,15085,0,0,0
09473,15086,0,0,0
09473,15087,0,0,0
09473,15088,0,0,0
09473,15089,0,0,0
09473,15090,0,0,0
09473,15091,0,0,0
09473,16051,63,23,40
09473,16052,0,0,0
09473,16053,0,0,0
09473,16054,112,53,59
09473,16055,0,0,0
09473,16056,0,0,0
09473,16061,0,0,0
09473,16062,0,0,0
09473,16063,0,0,0
09473,16064,11,11,0
09473,16065,0,0,0
09473,16066,130,83,47
09473,16067,17,17,0
09473,16068,0,0,0
09473,16069,3108,2583,525
09473,16070,57,40,17
09473,16071,0,0,0
09473,16072,3885,2654,1231
09473,16073,56,56,0
09473,16074,10,10,0
09473,16075,15,15,0
09473,16076,11,11,0
09473,16077,0,0,0
09474,01001,0,0,0
09474,01002,0,0,0
09474,01003,0,0,0
09474,01004,0,0,0
09474,01051,0,0,0
09474,01053,0,0,0
09474,01054,0,0,0
09474,01055,0,0,0
09474,01056,0,0,0
09474,01057,0,0,0
09474,01058,0,0,0
09474,01059,0,0,0
09474,01060,13,0,13
09474,01061,0,0,0
09474,01062,0,0,0
09474,02000,50,0,50
09474,03101,0,0,0
09474,03102,0,0,0
09474,03103,0,0,0
09474,03151,0,0,0
09474,03153,0,0,0
09474,03154,0,0,0
09474,03155,0,0,0
09474,03157,0,0,0
09474,03158,0,0,0
09474,03159,0,0,0
09474,03241,66,42,24
09474,03251,0,0,0
09474,03252,0,0,0
09474,03254,0,0,0
09474,03255,0,0,0
09474,03256,0,0,0
09474,03257,0,0,0
09474,03351,0,0,0
09474,03352,0,0,0
09474,03353,0,0,0
09474,03354,0,0,0
09474,03355,0,0,0
09474,03356,0,0,0
09474,03357,0,0,0
09474,03358,20,20,0
09474,03359,0,0,0
09474,03360,0,0,0
09474,03361,0,0,0
09474,03401,0,0,0
09474,03402,0,0,0
09474,03403,0,0,0
09474,03404,20,0,20
09474,03405,0,0,0
09474,03451,0,0,0
09474,03452,0,0,0
09474,03453,0,0,0
09474,03454,0,0,0
09474,03455,0,0,0
09474,03456,0,0,0
09474,03457,0,0,0
09474,03458,0,0,0
09474,03459,0,0,0
09474,03460,0,0,0
09474,03461,0,0,0
09474,03462,0,0,0
09474,04011,0,0,0
09474,04012,0,0,0
09474,05111,30,0,30
09474,05112,0,0,0
09474,05113,47,33,14
09474,05114,0,0,0
09474,05116,0,0,0
09474,05117,0,0,0
09474,05119,0,0,0
09474,05120,0,0,0
09474,05122,0,0,0
09474,05124,0,0,0
09474,05154,0,0,0
09474,05158,0,0,0
09474,05162,0,0,0
09474,05166,11,0,11
09474,05170,0,0,0
09474,05314,0,0,0
09474,05315,51,13,38
09474,05316,0,0,0
09474,05334,13,0,13
09474,05358,0,0,0
09474,05362,0,0,0
09474,05366,0,0,0
09474,05370,0,0,0
09474,05374,0,0,0
09474,05378,0,0,0
09474,05382,0,0,0
09474,05512,0,0,0
09474,05513,0,0,0
09474,05515,0,0,0
09474,05554,0,0,0
09474,05558,0,0,0
09474,05562,10,10,0
09474,05566,0,0,0
09474,05570,0,0,0
09474,05711,0,0,0
09474,05754,16,0,16
09474,05758,0,0,0
09474,05762,0,0,0
09474,05766,0,0,0
09474,05770,0,0,0
09474,05774,0,0,0
09474,05911,0,0,0
09474,05913,0,0,0
09474,05914,0,0,0
09474,05915,0,0,0
09474,05916,0,0,0
09474,05954,0,0,0
09474,05958,0,0,0
09474,05962,10,0,10
09474,05966,0,0,0
09474,05970,0,0,0
09474,05974,0,0,0
09474,05978,0,0,0
09474,06411,13,0,13
09474,06412,86,0,86
09474,06413,11,0,11
09474,06414,20,0,20
09474,06431,0,0,0
09474,06432,0,0,0
09474,06433,0,0,0
09474,06434,17,0,17
09474,06435,10,0,10
09474,06436,16,0,16
09474,06437,0,0,0
09474,06438,26,0,26
09474,06439,0,0,0
09474,06440,0,0,0
09474,06531,0,0,0
09474,06532,0,0,0
09474,06533,0,0,0
09474,06534,0,0,0
09474,06535,0,0,0
09474,06611,0,0,0
09474,06631,14,0,14
09474,06632,0,0,0
09474,06633,0,0,0
09474,06634,0,0,0
09474,06635,0,0,0
09474,06636,0,0,0
09474,07111,0,0,0
09474,07131,0,0,0
09474,07132,0,0,0
09474,07133,0,0,0
09474,07134,0,0,0
09474,07135,0,0,0
09474,07137,0,0,0
09474,07138,0,0,0
09474,07140,0,0,0
09474,07141,0,0,0
09474,07143,0,0,0
09474,07211,0,0,0
09474,07231,0,0,0
09474,07232,0,0,0
09474,07233,0,0,0
09474,07235,0,0,0
09474,07311,0,0,0
09474,07312,0,0,0
09474,07313,0,0,0
09474,07314,0,0,0
09474,07315,0,0,0
09474,07316,0,0,0
09474,07317,0,0,0
09474,07318,0,0,0
09474,07319,0,0,0
09474,07320,0,0,0
09474,07331,0,0,0
09474,07332,0,0,0
09474,07333,0,0,0
09474,07334,0,0,0
09474,07335,0,0,0
09474,07336,0,0,0
09474,07337,0,0,0
09474,07338,0,0,0
09474,07339,0,0,0
09474,07340,0,0,0
09474,08111,39,0,39
09474,08115,13,0,13
09474,08116,33,0,33
09474,08117,0,0,0
09474,08118,21,0,21
09474,08119,13,0,13
09474,08121,0,0,0
09474,08125,16,0,16
09474,08126,15,0,15
09474,08127,0,0,0
09474,08128,0,0,0
09474,08135,22,0,22
09474,08136,10,0,10
09474,08211,0,0,0
09474,08212,10,10,0
09474,08215,12,0,12
09474,08216,0,0,0
09474,08221,0,0,0
09474,08222,11,0,11
09474,08225,0,0,0
09474,08226,11,0,11
09474,08231,0,0,0
09474,08235,0,0,0
09474,08236,0,0,0
09474,08237,0,0,0
09474,08311,0,0,0
09474,08315,10,0,10
09474,08316,0,0,0
09474,08317,0,0,0
09474,08325,0,0,0
09474,08326,0,0,0
09474,08327,0,0,0
09474,08335,0,0,0
09474,08336,0,0,0
09474,08337,0,0,0
09474,08415,0,0,0
09474,08416,0,0,0
09474,08417,0,0,0
09474,08421,14,0,14
09474,08425,0,0,0
09474,08426,0,0,0
09474,08435,0,0,0
09474,08436,0,0,0
09474,08437,0,0,0
09474,09161,59,12,47
09474,09162,440,48,392
09474,09163,0,0,0
09474,09171,0,0,0
09474,09172,0,0,0
09474,09173,0,0,0
09474,09174,10,0,10
09474,09175,0,0,0
09474,09176,21,0,21
09474,09177,0,0,0
09474,09178,41,0,41
09474,09179,25,12,13
09474,09180,0,0,0
09474,09181,0,0,0
09474,09182,0,0,0
09474,09183,0,0,0
09474,09184,103,11,92
09474,09185,0,0,0
09474,09186,18,0,18
09474,09187,13,0,13
09474,09188,13,0,13
09474,09189,0,0,0
09474,09190,0,0,0
09474,09261,0,0,0
09474,09262,0,0,0
09474,09263,13,0,13
09474,09271,0,0,0
09474,09272,0,0,0
09474,09273,10,0,10
09474,09274,19,0,19
09474,09275,0,0,0
09474,09276,0,0,0
09474,09277,11,0,11
09474,09278,0,0,0
09474,09279,0,0,0
09474,09361,17,0,17
09474,09362,41,0,41
09474,09363,0,0,0
09474,09371,117,53,64
09474,09372,0,0,0
09474,09373,106,38,68
09474,09374,11,0,11
09474,09375,0,0,0
09474,09376,31,15,16
09474,09377,11,11,0
09474,09461,2274,665,1609
09474,09462,267,51,216
09474,09463,63,19,44
09474,09464,10,10,0
09474,09471,4200,2362,1838
09474,09472,1484,919,565
09474,09473,44,25,19
09474,09474,0,0,0
09474,09475,41,17,24
09474,09476,20,20,0
09474,09477,77,34,43
09474,09478,144,85,59
09474,09479,20,10,10
09474,09561,33,11,22
09474,09562,11705,1465,10240
09474,09563,1468,404,1064
09474,09564,7189,1085,6104
09474,09565,72,29,43
09474,09571,69,34,35
09474,09572,7119,2499,4620
09474,09573,343,187,156
09474,09574,1205,372,833
09474,09575,210,133,77
09474,09576,150,70,80
09474,09577,20,0,20
09474,09661,0,0,0
09474,09662,47,0,47
09474,09663,66,18,48
09474,09671,10,0,10
09474,09672,10,10,0
09474,09673,22,10,12
09474,09674,158,97,61
09474,09675,46,17,29
09474,09676,0,0,0
09474,09677,11,11,0
09474,09678,22,12,10
09474,09679,37,15,22
09474,09761,21,0,21
09474,09762,0,0,0
09474,09763,0,0,0
09474,09764,0,0,0
09474,09771,0,0,0
09474,09772,16,0,16
09474,09773,0,0,0
09474,09774,0,0,0
09474,09775,0,0,0
09474,09776,0,0,0
09474,09777,0,0,0
09474,09778,0,0,0
09474,09779,0,0,0
09474,09780,0,0,0
09474,10041,0,0,0
09474,10042,0,0,0
09474,10043,0,0,0
09474,10044,0,0,0
09474,10045,0,0,0
09474,10046,0,0,0
09474,11000,103,23,80
09474,12051,0,0,0
09474,12052,0,0,0
09474,12053,0,0,0
09474,12054,0,0,0
09474,12060,0,0,0
09474,12061,0,0,0
09474,12062,0,0,0
09474,12063,0,0,0
09474,12064,0,0,0
09474,12065,0,0,0
09474,12066,0,0,0
09474,12067,0,0,0
09474,12068,0,0,0
09474,12069,0,0,0
09474,12070,0,0,0
09474,12071,0,0,0
09474,12072,0,0,0
09474,12073,0,0,0
09474,13003,0,0,0
09474,13004,0,0,0
09474,13071,0,0,0
09474,13072,0,0,0
09474,13073,0,0,0
09474,13074,0,0,0
09474,13075,0,0,0
09474,13076,0,0,0
09474,14511,22,22,0
09474,14521,14,14,0
09474,14522,0,0,0
09474,14523,0,0,0
09474,14524,0,0,0
09474,14612,12,0,12
09474,14625,0,0,0
09474,14626,0,0,0
09474,14627,0,0,0
09474,14628,0,0,0
09474,14713,25,15,10
09474,14729,11,11,0
09474,14730,0,0,0
09474,15001,0,0,0
09474,15002,0,0,0
09474,15003,0,0,0
09474,15081,0,0,0
09474,15082,0,0,0
09474,15083,0,0,0
09474,15084,0,0,0
09474,15085,0,0,0
09474,15086,0,0,0
09474,15087,0,0,0
09474,15088,0,0,0
09474,15089,0,0,0
09474,15090,0,0,0
09474,15091,0,0,0
09474,16051,0,0,0
09474,16052,0,0,0
09474,16053,0,0,0
09474,16054,0,0,0
09474,16055,0,0,0
09474,16056,0,0,0
09474,16061,0,0,0
09474,16062,0,0,0
09474,16063,0,0,0
09474,16064,0,0,0
09474,16065,0,0,0
09474,16066,0,0,0
09474,16067,0,0,0
09474,16068,0,0,0
09474,16069,13,13,0
09474,16070,0,0,0
09474,16071,0,0,0
09474,16072,14,0,14
09474,16073,10,10,0
09474,16074,0,0,0
09474,16075,0,0,0
09474,16076,0,0,0
09474,16077,0,0,0
09475,01001,0,0,0
09475,01002,0,0,0
09475,01003,10,10,0
09475,01004,0,0,0
09475,01051,0,0,0
09475,01053,0,0,0
09475,01054,0,0,0
09475,01055,0,0,0
09475,01056,27,27,0
09475,01057,0,0,0
09475,01058,0,0,0
09475,01059,0,0,0
09475,01060,13,13,0
09475,01061,0,0,0
09475,01062,0,0,0
09475,02000,124,108,16
09475,03101,23,23,0
09475,03102,0,0,0
09475,03103,0,0,0
09475,03151,0,0,0
09475,03153,0,0,0
09475,03154,0,0,0
09475,03155,0,0,0
09475,03157,0,0,0
09475,03158,0,0,0
09475,03159,0,0,0
09475,03241,110,110,0
09475,03251,0,0,0
09475,03252,0,0,0
09475,03254,13,13,0
09475,03255,0,0,0
09475,03256,0,0,0
09475,03257,0,0,0
09475,03351,0,0,0
09475,03352,0,0,0
09475,03353,0,0,0
09475,03354,0,0,0
09475,03355,21,21,0
09475,03356,0,0,0
09475,03357,0,0,0
09475,03358,0,0,0
09475,03359,11,11,0
09475,03360,0,0,0
09475,03361,0,0,0
09475,03401,0,0,0
09475,03402,0,0,0
09475,03403,41,41,0
09475,03404,13,13,0
09475,03405,0,0,0
09475,03451,10,10,0
09475,03452,11,0,11
09475,03453,0,0,0
09475,03454,0,0,0
09475,03455,0,0,0
09475,03456,0,0,0
09475,03457,0,0,0
09475,03458,0,0,0
09475,03459,14,0,14
09475,03460,0,0,0
09475,03461,0,0,0
09475,03462,0,0,0
09475,04011,0,0,0
09475,04012,0,0,0
09475,05111,29,19,10
09475,05112,12,12,0
09475,05113,30,30,0
09475,05114,12,12,0
09475,05116,24,24,0
09475,05117,0,0,0
09475,05119,0,0,0
09475,05120,0,0,0
09475,05122,0,0,0
09475,05124,14,14,0
09475,05154,0,0,0
09475,05158,28,13,15
09475,05162,12,12,0
09475,05166,0,0,0
09475,05170,0,0,0
09475,05314,12,12,0
09475,05315,69,44,25
09475,05316,0,0,0
09475,05334,21,21,0
09475,05358,16,16,0
09475,05362,0,0,0
09475,05366,0,0,0
09475,05370,0,0,0
09475,05374,0,0,0
09475,05378,11,11,0
09475,05382,19,19,0
09475,05512,0,0,0
09475,05513,0,0,0
09475,05515,11,11,0
09475,05554,0,0,0
09475,05558,0,0,0
09475,05562,0,0,0
09475,05566,0,0,0
09475,05570,0,0,0
09475,05711,13,13,0
09475,05754,23,23,0
09475,05758,12,12,0
09475,05762,0,0,0
09475,05766,11,11,0
09475,05770,29,29,0
09475,05774,0,0,0
09475,05911,14,14,0
09475,05913,22,22,0
09475,05914,0,0,0
09475,05915,0,0,0
09475,05916,0,0,0
09475,05954,14,14,0
09475,05958,0,0,0
09475,05962,37,37,0
09475,05966,0,0,0
09475,05970,0,0,0
09475,05974,0,0,0
09475,05978,0,0,0
09475,06411,0,0,0
09475,06412,44,23,21
09475,06413,0,0,0
09475,06414,29,29,0
09475,06431,13,13,0
09475,06432,11,11,0
09475,06433,10,10,0
09475,06434,30,0,30
09475,06435,13,13,0
09475,06436,10,10,0
09475,06437,0,0,0
09475,06438,0,0,0
09475,06439,0,0,0
09475,06440,0,0,0
09475,06531,20,20,0
09475,06532,0,0,0
09475,06533,0,0,0
09475,06534,17,17,0
09475,06535,0,0,0
09475,06611,0,0,0
09475,06631,15,15,0
09475,06632,0,0,0
09475,06633,0,0,0
09475,06634,0,0,0
09475,06635,0,0,0
09475,06636,0,0,0
09475,07111,0,0,0
09475,07131,0,0,0
09475,07132,0,0,0
09475,07133,11,11,0
09475,07134,0,0,0
09475,07135,0,0,0
09475,07137,0,0,0
09475,07138,0,0,0
09475,07140,0,0,0
09475,07141,0,0,0
09475,07143,0,0,0
09475,07211,0,0,0
09475,07231,0,0,0
09475,07232,0,0,0
09475,07233,0,0,0
09475,07235,0,0,0
09475,07311,0,0,0
09475,07312,0,0,0
09475,07313,0,0,0
09475,07314,0,0,0
09475,07315,13,13,0
09475,07316,0,0,0
09475,07317,0,0,0
09475,07318,0,0,0
09475,07319,0,0,0
09475,07320,0,0,0
09475,07331,0,0,0
09475,07332,0,0,0
09475,07333,0,0,0
09475,07334,0,0,0
09475,07335,0,0,0
09475,07336,0,0,0
09475,07337,0,0,0
09475,07338,0,0,0
09475,07339,0,0,0
09475,07340,0,0,0
09475,08111,32,15,17
09475,08115,25,15,10
09475,08116,35,22,13
09475,08117,21,21,0
09475,08118,30,30,0
09475,08119,34,24,10
09475,08121,0,0,0
09475,08125,33,23,10
09475,08126,13,0,13
09475,08127,15,15,0
09475,08128,0,0,0
09475,08135,11,11,0
09475,08136,16,16,0
09475,08211,0,0,0
09475,08212,10,10,0
09475,08215,10,10,0
09475,08216,11,11,0
09475,08221,0,0,0
09475,08222,0,0,0
09475,08225,0,0,0
09475,08226,34,24,10
09475,08231,0,0,0
09475,08235,0,0,0
09475,08236,0,0,0
09475,08237,0,0,0
09475,08311,0,0,0
09475,08315,0,0,0
09475,08316,0,0,0
09475,08317,0,0,0
09475,08325,0,0,0
09475,08326,0,0,0
09475,08327,0,0,0
09475,08335,41,41,0
09475,08336,0,0,0
09475,08337,0,0,0
09475,08415,24,24,0
09475,08416,0,0,0
09475,08417,0,0,0
09475,08421,0,0,0
09475,08425,0,0,0
09475,08426,0,0,0
09475,08435,0,0,0
09475,08436,0,0,0
09475,08437,0,0,0
09475,09161,17,0,17
09475,09162,312,96,216
09475,09163,11,11,0
09475,09171,0,0,0
09475,09172,0,0,0
09475,09173,21,21,0
09475,09174,19,19,0
09475,09175,32,13,19
09475,09176,11,0,11
09475,09177,14,14,0
09475,09178,37,17,20
09475,09179,34,34,0
09475,09180,11,11,0
09475,09181,0,0,0
09475,09182,0,0,0
09475,09183,0,0,0
09475,09184,84,32,52
09475,09185,0,0,0
09475,09186,13,0,13
09475,09187,48,36,12
09475,09188,0,0,0
09475,09189,0,0,0
09475,09190,0,0,0
09475,09261,0,0,0
09475,09262,0,0,0
09475,09263,0,0,0
09475,09271,26,13,13
09475,09272,0,0,0
09475,09273,0,0,0
09475,09274,14,0,14
09475,09275,11,11,0
09475,09276,0,0,0
09475,09277,0,0,0
09475,09278,0,0,0
09475,09279,0,0,0
09475,09361,0,0,0
09475,09362,89,22,67
09475,09363,48,13,35
09475,09371,10,10,0
09475,09372,50,15,35
09475,09373,0,0,0
09475,09374,96,39,57
09475,09375,49,14,35
09475,09376,30,20,10
09475,09377,194,111,83
09475,09461,64,12,52
09475,09462,1253,242,1011
09475,09463,96,11,85
09475,09464,12500,4175,8325
09475,09471,54,27,27
09475,09472,1065,523,542
09475,09473,79,34,45
09475,09474,41,24,17
09475,09475,0,0,0
09475,09476,747,470,277
09475,09477,1857,869,988
09475,09478,93,38,55
09475,09479,3302,1768,1534
09475,09561,0,0,0
09475,09562,53,13,40
09475,09563,37,13,24
09475,09564,304,49,255
09475,09565,0,0,0
09475,09571,31,16,15
09475,09572,32,16,16
09475,09573,34,15,19
09475,09574,71,24,47
09475,09575,0,0,0
09475,09576,38,11,27
09475,09577,0,0,0
09475,09661,0,0,0
09475,09662,12,0,12
09475,09663,49,18,31
09475,09671,14,14,0
09475,09672,0,0,0
09475,09673,0,0,0
09475,09674,32,12,20
09475,09675,10,10,0
09475,09676,0,0,0
09475,09677,0,0,0
09475,09678,36,16,20
09475,09679,11,11,0
09475,09761,30,19,11
09475,09762,0,0,0
09475,09763,0,0,0
09475,09764,0,0,0
09475,09771,0,0,0
09475,09772,15,15,0
09475,09773,0,0,0
09475,09774,0,0,0
09475,09775,0,0,0
09475,09776,0,0,0
09475,09777,0,0,0
09475,09778,0,0,0
09475,09779,0,0,0
09475,09780,14,0,14
09475,10041,0,0,0
09475,10042,0,0,0
09475,10043,0,0,0
09475,10044,0,0,0
09475,10045,0,0,0
09475,10046,0,0,0
09475,11000,121,45,76
09475,12051,0,0,0
09475,12052,0,0,0
09475,12053,0,0,0
09475,12054,0,0,0
09475,12060,0,0,0
09475,12061,0,0,0
09475,12062,0,0,0
09475,12063,0,0,0
09475,12064,0,0,0
09475,12065,0,0,0
09475,12066,0,0,0
09475,12067,0,0,0
09475,12068,0,0,0
09475,12069,0,0,0
09475,12070,0,0,0
09475,12071,0,0,0
09475,12072,0,0,0
09475,12073,0,0,0
09475,13003,0,0,0
09475,13004,0,0,0
09475,13071,0,0,0
09475,13072,0,0,0
09475,13073,0,0,0
09475,13074,0,0,0
09475,13075,0,0,0
09475,13076,0,0,0
09475,14511,39,20,19
09475,14521,64,37,27
09475,14522,13,13,0
09475,14523,2365,2063,302
09475,14524,139,98,41
09475,14612,23,23,0
09475,14625,0,0,0
09475,14626,10,10,0
09475,14627,0,0,0
09475,14628,0,0,0
09475,14713,50,30,20
09475,14729,0,0,0
09475,14730,10,10,0
09475,15001,0,0,0
09475,15002,12,12,0
09475,15003,0,0,0
09475,15081,0,0,0
09475,15082,0,0,0
09475,15083,0,0,0
09475,15084,11,11,0
09475,15085,0,0,0
09475,15086,0,0,0
09475,15087,0,0,0
09475,15088,0,0,0
09475,15089,0,0,0
09475,15090,0,0,0
09475,15091,0,0,0
09475,16051,25,13,12
09475,16052,24,10,14
09475,16053,13,0,13
09475,16054,0,0,0
09475,16055,0,0,0
09475,16056,10,10,0
09475,16061,0,0,0
09475,16062,0,0,0
09475,16063,0,0,0
09475,16064,0,0,0
09475,16065,0,0,0
09475,16066,0,0,0
09475,16067,0,0,0
09475,16068,0,0,0
09475,16069,0,0,0
09475,16070,0,0,0
09475,16071,0,0,0
09475,16072,65,28,37
09475,16073,61,51,10
09475,16074,13,13,0
09475,16075,1815,1558,257
09475,16076,101,76,25
09475,16077,0,0,0
09476,01001,0,0,0
09476,01002,0,0,0
09476,01003,0,0,0
09476,01004,0,0,0
09476,01051,0,0,0
09476,01053,0,0,0
09476,01054,0,0,0
09476,01055,0,0,0
09476,01056,0,0,0
09476,01057,0,0,0
09476,01058,0,0,0
09476,01059,0,0,0
09476,01060,0,0,0
09476,01061,0,0,0
09476,01062,0,0,0
09476,02000,12,0,12
09476,03101,0,0,0
09476,03102,0,0,0
09476,03103,0,0,0
09476,03151,0,0,0
09476,03153,0,0,0
09476,03154,0,0,0
09476,03155,0,0,0
09476,03157,0,0,0
09476,03158,0,0,0
09476,03159,0,0,0
09476,03241,14,14,0
09476,03251,0,0,0
09476,03252,0,0,0
09476,03254,0,0,0
09476,03255,0,0,0
09476,03256,0,0,0
09476,03257,0,0,0
09476,03351,0,0,0
09476,03352,0,0,0
09476,03353,0,0,0
09476,03354,0,0,0
09476,03355,0,0,0
09476,03356,0,0,0
09476,03357,0,0,0
09476,03358,0,0,0
09476,03359,0,0,0
09476,03360,0,0,0
09476,03361,0,0,0
09476,03401,0,0,0
09476,03402,0,0,0
09476,03403,0,0,0
09476,03404,0,0,0
09476,03405,0,0,0
09476,03451,0,0,0
09476,03452,0,0,0
09476,03453,0,0,0
09476,03454,0,0,0
09476,03455,0,0,0
09476,03456,0,0,0
09476,03457,0,0,0
09476,03458,0,0,0
09476,03459,0,0,0
09476,03460,0,0,0
09476,03461,0,0,0
09476,03462,0,0,0
09476,04011,0,0,0
09476,04012,0,0,0
09476,05111,11,0,11
09476,05112,0,0,0
09476,05113,0,0,0
09476,05114,0,0,0
09476,05116,0,0,0
09476,05117,0,0,0
09476,05119,0,0,0
09476,05120,0,0,0
09476,05122,0,0,0
09476,05124,0,0,0
09476,05154,0,0,0
09476,05158,0,0,0
09476,05162,0,0,0
09476,05166,0,0,0
09476,05170,0,0,0
09476,05314,0,0,0
09476,05315,0,0,0
09476,05316,0,0,0
09476,05334,0,0,0
09476,05358,0,0,0
09476,05362,0,0,0
09476,05366,0,0,0
09476,05370,0,0,0
09476,05374,0,0,0
09476,05378,0,0,0
09476,05382,0,0,0
09476,05512,0,0,0
09476,05513,0,0,0
09476,05515,0,0,0
09476,05554,0,0,0
09476,05558,0,0,0
09476,05562,0,0,0
09476,05566,0,0,0
09476,05570,0,0,0
09476,05711,0,0,0
09476,05754,0,0,0
09476,05758,0,0,0
09476,05762,0,0,0
09476,05766,0,0,0
09476,05770,0,0,0
09476,05774,0,0,0
09476,05911,0,0,0
09476,05913,0,0,0
09476,05914,0,0,0
09476,05915,0,0,0
09476,05916,0,0,0
09476,05954,0,0,0
09476,05958,0,0,0
09476,05962,0,0,0
09476,05966,0,0,0
09476,05970,0,0,0
09476,05974,0,0,0
09476,05978,0,0,0
09476,06411,0,0,0
09476,06412,15,0,15
09476,06413,0,0,0
09476,06414,0,0,0
09476,06431,0,0,0
09476,06432,0,0,0
09476,06433,0,0,0
09476,06434,0,0,0
09476,06435,0,0,0
09476,06436,0,0,0
09476,06437,0,0,0
09476,06438,0,0,0
09476,06439,0,0,0
09476,06440,0,0,0
09476,06531,0,0,0
09476,06532,0,0,0
09476,06533,0,0,0
09476,06534,0,0,0
09476,06535,0,0,0
09476,06611,0,0,0
09476,06631,0,0,0
09476,06632,0,0,0
09476,06633,0,0,0
09476,06634,0,0,0
09476,06635,0,0,0
09476,06636,0,0,0
09476,07111,0,0,0
09476,07131,0,0,0
09476,07132,0,0,0
09476,07133,0,0,0
09476,07134,0,0,0
09476,07135,0,0,0
09476,07137,0,0,0
09476,07138,0,0,0
09476,07140,0,0,0
09476,07141,0,0,0
09476,07143,0,0,0
09476,07211,0,0,0
09476,07231,0,0,0
09476,07232,0,0,0
09476,07233,0,0,0
09476,07235,0,0,0
09476,07311,0,0,0
09476,07312,0,0,0
09476,07313,0,0,0
09476,07314,0,0,0
09476,07315,0,0,0
09476,07316,0,0,0
09476,07317,0,0,0
09476,07318,0,0,0
09476,07319,0,0,0
09476,07320,0,0,0
09476,07331,0,0,0
09476,07332,0,0,0
09476,07333,0,0,0
09476,07334,0,0,0
09476,07335,0,0,0
09476,07336,0,0,0
09476,07337,0,0,0
09476,07338,0,0,0
09476,07339,0,0,0
09476,07340,0,0,0
09476,08111,11,0,11
09476,08115,0,0,0
09476,08116,0,0,0
09476,08117,0,0,0
09476,08118,29,0,29
09476,08119,0,0,0
09476,08121,0,0,0
09476,08125,0,0,0
09476,08126,0,0,0
09476,08127,0,0,0
09476,08128,0,0,0
09476,08135,0,0,0
09476,08136,0,0,0
09476,08211,0,0,0
09476,08212,0,0,0
09476,08215,0,0,0
09476,08216,0,0,0
09476,08221,0,0,0
09476,08222,0,0,0
09476,08225,0,0,0
09476,08226,0,0,0
09476,08231,0,0,0
09476,08235,0,0,0
09476,08236,0,0,0
09476,08237,0,0,0
09476,08311,0,0,0
09476,08315,17,0,17
09476,08316,0,0,0
09476,08317,0,0,0
09476,08325,0,0,0
09476,08326,0,0,0
09476,08327,0,0,0
09476,08335,0,0,0
09476,08336,0,0,0
09476,08337,0,0,0
09476,08415,0,0,0
09476,08416,0,0,0
09476,08417,12,0,12
09476,08421,0,0,0
09476,08425,0,0,0
09476,08426,0,0,0
09476,08435,0,0,0
09476,08436,0,0,0
09476,08437,0,0,0
09476,09161,60,0,60
09476,09162,155,32,123
09476,09163,0,0,0
09476,09171,0,0,0
09476,09172,0,0,0
09476,09173,0,0,0
09476,09174,0,0,0
09476,09175,0,0,0
09476,09176,0,0,0
09476,09177,0,0,0
09476,09178,0,0,0
09476,09179,0,0,0
09476,09180,0,0,0
09476,09181,0,0,0
09476,09182,0,0,0
09476,09183,0,0,0
09476,09184,36,0,36
09476,09185,12,0,12
09476,09186,0,0,0
09476,09187,0,0,0
09476,09188,0,0,0
09476,09189,0,0,0
09476,09190,12,12,0
09476,09261,0,0,0
09476,09262,0,0,0
09476,09263,0,0,0
09476,09271,0,0,0
09476,09272,0,0,0
09476,09273,0,0,0
09476,09274,0,0,0
09476,09275,0,0,0
09476,09276,0,0,0
09476,09277,0,0,0
09476,09278,0,0,0
09476,09279,0,0,0
09476,09361,0,0,0
09476,09362,10,0,10
09476,09363,0,0,0
09476,09371,0,0,0
09476,09372,12,0,12
09476,09373,10,0,10
09476,09374,0,0,0
09476,09375,0,0,0
09476,09376,21,0,21
09476,09377,0,0,0
09476,09461,357,61,296
09476,09462,311,58,253
09476,09463,1252,210,1042
09476,09464,101,21,80
09476,09471,247,117,130
09476,09472,147,82,65
09476,09473,2235,859,1376
09476,09474,20,0,20
09476,09475,747,277,470
09476,09476,0,0,0
09476,09477,1753,643,1110
09476,09478,3035,1005,2030
09476,09479,27,10,17
09476,09561,0,0,0
09476,09562,81,0,81
09476,09563,22,10,12
09476,09564,202,33,169
09476,09565,0,0,0
09476,09571,0,0,0
09476,09572,23,0,23
09476,09573,0,0,0
09476,09574,18,0,18
09476,09575,16,16,0
09476,09576,0,0,0
09476,09577,0,0,0
09476,09661,0,0,0
09476,09662,33,0,33
09476,09663,44,13,31
09476,09671,0,0,0
09476,09672,0,0,0
09476,09673,0,0,0
09476,09674,73,33,40
09476,09675,0,0,0
09476,09676,0,0,0
09476,09677,0,0,0
09476,09678,12,0,12
09476,09679,0,0,0
09476,09761,0,0,0
09476,09762,0,0,0
09476,09763,0,0,0
09476,09764,0,0,0
09476,09771,0,0,0
09476,09772,0,0,0
09476,09773,0,0,0
09476,09774,0,0,0
09476,09775,0,0,0
09476,09776,0,0,0
09476,09777,0,0,0
09476,09778,0,0,0
09476,09779,12,0,12
09476,09780,0,0,0
09476,10041,0,0,0
09476,10042,0,0,0
09476,10043,0,0,0
09476,10044,0,0,0
09476,10045,0,0,0
09476,10046,0,0,0
09476,11000,59,14,45
09476,12051,0,0,0
09476,12052,0,0,0
09476,12053,0,0,0
09476,12054,0,0,0
09476,12060,0,0,0
09476,12061,0,0,0
09476,12062,0,0,0
09476,12063,0,0,0
09476,12064,0,0,0
09476,12065,0,0,0
09476,12066,0,0,0
09476,12067,0,0,0
09476,12068,0,0,0
09476,12069,0,0,0
09476,12070,0,0,0
09476,12071,0,0,0
09476,12072,0,0,0
09476,12073,0,0,0
09476,13003,0,0,0
09476,13004,0,0,0
09476,13071,0,0,0
09476,13072,0,0,0
09476,13073,0,0,0
09476,13074,0,0,0
09476,13075,0,0,0
09476,13076,0,0,0
09476,14511,0,0,0
09476,14521,0,0,0
09476,14522,0,0,0
09476,14523,20,20,0
09476,14524,0,0,0
09476,14612,0,0,0
09476,14625,0,0,0
09476,14626,0,0,0
09476,14627,0,0,0
09476,14628,0,0,0
09476,14713,0,0,0
09476,14729,0,0,0
09476,14730,0,0,0
09476,15001,0,0,0
09476,15002,0,0,0
09476,15003,0,0,0
09476,15081,0,0,0
09476,15082,0,0,0
09476,15083,0,0,0
09476,15084,0,0,0
09476,15085,0,0,0
09476,15086,0,0,0
09476,15087,0,0,0
09476,15088,0,0,0
09476,15089,0,0,0
09476,15090,0,0,0
09476,15091,0,0,0
09476,16051,17,0,17
09476,16052,0,0,0
09476,16053,0,0,0
09476,16054,0,0,0
09476,16055,0,0,0
09476,16056,0,0,0
09476,16061,0,0,0
09476,16062,0,0,0
09476,16063,0,0,0
09476,16064,0,0,0
09476,16065,0,0,0
09476,16066,0,0,0
09476,16067,0,0,0
09476,16068,0,0,0
09476,16069,57,47,10
09476,16070,35,24,11
09476,16071,0,0,0
09476,16072,2864,1568,1296
09476,16073,1009,926,83
09476,16074,0,0,0
09476,16075,341,257,84
09476,16076,0,0,0
09476,16077,0,0,0
09477,01001,21,0,21
09477,01002,0,0,0
09477,01003,0,0,0
09477,01004,0,0,0
09477,01051,0,0,0
09477,01053,0,0,0
09477,01054,0,0,0
09477,01055,0,0,0
09477,01056,0,0,0
09477,01057,0,0,0
09477,01058,0,0,0
09477,01059,0,0,0
09477,01060,0,0,0
09477,01061,0,0,0
09477,01062,0,0,0
09477,02000,19,0,19
09477,03101,0,0,0
09477,03102,0,0,0
09477,03103,0,0,0
09477,03151,0,0,0
09477,03153,0,0,0
09477,03154,0,0,0
09477,03155,0,0,0
09477,03157,0,0,0
09477,03158,0,0,0
09477,03159,10,0,10
09477,03241,10,0,10
09477,03251,0,0,0
09477,03252,0,0,0
09477,03254,0,0,0
09477,03255,0,0,0
09477,03256,0,0,0
09477,03257,0,0,0
09477,03351,0,0,0
09477,03352,0,0,0
09477,03353,0,0,0
09477,03354,0,0,0
09477,03355,0,0,0
09477,03356,0,0,0
09477,03357,0,0,0
09477,03358,0,0,0
09477,03359,0,0,0
09477,03360,0,0,0
09477,03361,0,0,0
09477,03401,0,0,0
09477,03402,0,0,0
09477,03403,0,0,0
09477,03404,0,0,0
09477,03405,0,0,0
09477,03451,0,0,0
09477,03452,0,0,0
09477,03453,0,0,0
09477,03454,0,0,0
09477,03455,0,0,0
09477,03456,18,18,0
09477,03457,0,0,0
09477,03458,0,0,0
09477,03459,0,0,0
09477,03460,0,0,0
09477,03461,0,0,0
09477,03462,0,0,0
09477,04011,0,0,0
09477,04012,0,0,0
09477,05111,37,0,37
09477,05112,0,0,0
09477,05113,0,0,0
09477,05114,0,0,0
09477,05116,0,0,0
09477,05117,0,0,0
09477,05119,0,0,0
09477,05120,0,0,0
09477,05122,0,0,0
09477,05124,0,0,0
09477,05154,0,0,0
09477,05158,0,0,0
09477,05162,0,0,0
09477,05166,0,0,0
09477,05170,0,0,0
09477,05314,0,0,0
09477,05315,26,11,15
09477,05316,0,0,0
09477,05334,0,0,0
09477,05358,0,0,0
09477,05362,0,0,0
09477,05366,0,0,0
09477,05370,0,0,0
09477,05374,0,0,0
09477,05378,0,0,0
09477,05382,11,0,11
09477,05512,0,0,0
09477,05513,0,0,0
09477,05515,0,0,0
09477,05554,0,0,0
09477,05558,0,0,0
09477,05562,0,0,0
09477,05566,0,0,0
09477,05570,0,0,0
09477,05711,0,0,0
09477,05754,0,0,0
09477,05758,0,0,0
09477,05762,0,0,0
09477,05766,0,0,0
09477,05770,0,0,0
09477,05774,0,0,0
09477,05911,0,0,0
09477,05913,0,0,0
09477,05914,0,0,0
09477,05915,0,0,0
09477,05916,0,0,0
09477,05954,0,0,0
09477,05958,0,0,0
09477,05962,0,0,0
09477,05966,0,0,0
09477,05970,0,0,0
09477,05974,0,0,0
09477,05978,0,0,0
09477,06411,0,0,0
09477,06412,84,0,84
09477,06413,0,0,0
09477,06414,0,0,0
09477,06431,0,0,0
09477,06432,0,0,0
09477,06433,0,0,0
09477,06434,0,0,0
09477,06435,0,0,0
09477,06436,0,0,0
09477,06437,0,0,0
09477,06438,0,0,0
09477,06439,0,0,0
09477,06440,0,0,0
09477,06531,0,0,0
09477,06532,0,0,0
09477,06533,0,0,0
09477,06534,0,0,0
09477,06535,0,0,0
09477,06611,0,0,0
09477,06631,10,10,0
09477,06632,0,0,0
09477,06633,0,0,0
09477,06634,0,0,0
09477,06635,0,0,0
09477,06636,0,0,0
09477,07111,0,0,0
09477,07131,0,0,0
09477,07132,0,0,0
09477,07133,0,0,0
09477,07134,0,0,0
09477,07135,0,0,0
09477,07137,0,0,0
09477,07138,0,0,0
09477,07140,0,0,0
09477,07141,0,0,0
09477,07143,0,0,0
09477,07211,0,0,0
09477,07231,0,0,0
09477,07232,0,0,0
09477,07233,0,0,0
09477,07235,0,0,0
09477,07311,0,0,0
09477,07312,0,0,0
09477,07313,0,0,0
09477,07314,0,0,0
09477,07315,0,0,0
09477,07316,0,0,0
09477,07317,0,0,0
09477,07318,0,0,0
09477,07319,0,0,0
09477,07320,0,0,0
09477,07331,0,0,0
09477,07332,0,0,0
09477,07333,0,0,0
09477,07334,0,0,0
09477,07335,0,0,0
09477,07336,0,0,0
09477,07337,0,0,0
09477,07338,0,0,0
09477,07339,0,0,0
09477,07340,0,0,0
09477,08111,31,14,17
09477,08115,0,0,0
09477,08116,11,0,11
09477,08117,0,0,0
09477,08118,28,15,13
09477,08119,0,0,0
09477,08121,0,0,0
09477,08125,13,0,13
09477,08126,0,0,0
09477,08127,0,0,0
09477,08128,0,0,0
09477,08135,0,0,0
09477,08136,0,0,0
09477,08211,0,0,0
09477,08212,10,0,10
09477,08215,0,0,0
09477,08216,0,0,0
09477,08221,0,0,0
09477,08222,12,0,12
09477,08225,0,0,0
09477,08226,0,0,0
09477,08231,0,0,0
09477,08235,0,0,0
09477,08236,0,0,0
09477,08237,0,0,0
09477,08311,0,0,0
09477,08315,0,0,0
09477,08316,0,0,0
09477,08317,0,0,0
09477,08325,0,0,0
09477,08326,0,0,0
09477,08327,0,0,0
09477,08335,0,0,0
09477,08336,0,0,0
09477,08337,0,0,0
09477,08415,0,0,0
09477,08416,0,0,0
09477,08417,0,0,0
09477,08421,0,0,0
09477,08425,0,0,0
09477,08426,0,0,0
09477,08435,0,0,0
09477,08436,0,0,0
09477,08437,0,0,0
09477,09161,13,0,13
09477,09162,205,28,177
09477,09163,0,0,0
09477,09171,0,0,0
09477,09172,0,0,0
09477,09173,0,0,0
09477,09174,0,0,0
09477,09175,0,0,0
09477,09176,0,0,0
09477,09177,0,0,0
09477,09178,16,0,16
09477,09179,0,0,0
09477,09180,0,0,0
09477,09181,0,0,0
09477,09182,0,0,0
09477,09183,0,0,0
09477,09184,48,0,48
09477,09185,0,0,0
09477,09186,0,0,0
09477,09187,0,0,0
09477,09188,0,0,0
09477,09189,0,0,0
09477,09190,0,0,0
09477,09261,0,0,0
09477,09262,0,0,0
09477,09263,0,0,0
09477,09271,0,0,0
09477,09272,0,0,0
09477,09273,0,0,0
09477,09274,0,0,0
09477,09275,0,0,0
09477,09276,0,0,0
09477,09277,0,0,0
09477,09278,0,0,0
09477,09279,0,0,0
09477,09361,13,0,13
09477,09362,39,0,39
09477,09363,29,10,19
09477,09371,50,14,36
09477,09372,0,0,0
09477,09373,0,0,0
09477,09374,65,24,41
09477,09375,0,0,0
09477,09376,22,11,11
09477,09377,80,42,38
09477,09461,406,89,317
09477,09462,5325,1163,4162
09477,09463,145,49,96
09477,09464,365,134,231
09477,09471,422,217,205
09477,09472,3360,2068,1292
09477,09473,217,122,95
09477,09474,77,43,34
09477,09475,1857,988,869
09477,09476,1753,1110,643
09477,09477,0,0,0
09477,09478,2401,1128,1273
09477,09479,266,167,99
09477,09561,0,0,0
09477,09562,73,15,58
09477,09563,32,12,20
09477,09564,689,48,641
09477,09565,0,0,0
09477,09571,10,0,10
09477,09572,48,22,26
09477,09573,0,0,0
09477,09574,73,29,44
09477,09575,24,12,12
09477,09576,16,0,16
09477,09577,0,0,0
09477,09661,0,0,0
09477,09662,17,0,17
09477,09663,27,0,27
09477,09671,0,0,0
09477,09672,16,0,16
09477,09673,0,0,0
09477,09674,54,35,19
09477,09675,0,0,0
09477,09676,0,0,0
09477,09677,0,0,0
09477,09678,14,14,0
09477,09679,0,0,0
09477,09761,10,0,10
09477,09762,0,0,0
09477,09763,0,0,0
09477,09764,0,0,0
09477,09771,0,0,0
09477,09772,10,0,10
09477,09773,0,0,0
09477,09774,0,0,0
09477,09775,0,0,0
09477,09776,0,0,0
09477,09777,0,0,0
09477,09778,0,0,0
09477,09779,0,0,0
09477,09780,0,0,0
09477,10041,0,0,0
09477,10042,0,0,0
09477,10043,0,0,0
09477,10044,0,0,0
09477,10045,0,0,0
09477,10046,0,0,0
09477,11000,88,37,51
09477,12051,0,0,0
09477,12052,0,0,0
09477,12053,0,0,0
09477,12054,0,0,0
09477,12060,0,0,0
09477,12061,0,0,0
09477,12062,0,0,0
09477,12063,0,0,0
09477,12064,0,0,0
09477,12065,0,0,0
09477,12066,0,0,0
09477,12067,0,0,0
09477,12068,0,0,0
09477,12069,0,0,0
09477,12070,0,0,0
09477,12071,0,0,0
09477,12072,0,0,0
09477,12073,0,0,0
09477,13003,0,0,0
09477,13004,0,0,0
09477,13071,0,0,0
09477,13072,0,0,0
09477,13073,0,0,0
09477,13074,0,0,0
09477,13075,0,0,0
09477,13076,0,0,0
09477,14511,0,0,0
09477,14521,24,24,0
09477,14522,10,10,0
09477,14523,123,91,32
09477,14524,18,18,0
09477,14612,0,0,0
09477,14625,0,0,0
09477,14626,0,0,0
09477,14627,14,14,0
09477,14628,0,0,0
09477,14713,12,12,0
09477,14729,0,0,0
09477,14730,0,0,0
09477,15001,0,0,0
09477,15002,0,0,0
09477,15003,0,0,0
09477,15081,0,0,0
09477,15082,0,0,0
09477,15083,0,0,0
09477,15084,0,0,0
09477,15085,0,0,0
09477,15086,0,0,0
09477,15087,0,0,0
09477,15088,0,0,0
09477,15089,0,0,0
09477,15090,0,0,0
09477,15091,0,0,0
09477,16051,0,0,0
09477,16052,0,0,0
09477,16053,0,0,0
09477,16054,0,0,0
09477,16055,0,0,0
09477,16056,0,0,0
09477,16061,0,0,0
09477,16062,0,0,0
09477,16063,0,0,0
09477,16064,0,0,0
09477,16065,0,0,0
09477,16066,23,11,12
09477,16067,0,0,0
09477,16068,0,0,0
09477,16069,26,26,0
09477,16070,0,0,0
09477,16071,0,0,0
09477,16072,158,61,97
09477,16073,23,23,0
09477,16074,13,13,0
09477,16075,66,66,0
09477,16076,26,26,0
09477,16077,13,13,0
09478,01001,0,0,0
09478,01002,0,0,0
09478,01003,0,0,0
09478,01004,0,0,0
09478,01051,0,0,0
09478,01053,0,0,0
09478,01054,0,0,0
09478,01055,0,0,0
09478,01056,0,0,0
09478,01057,0,0,0
09478,01058,0,0,0
09478,01059,0,0,0
09478,01060,0,0,0
09478,01061,0,0,0
09478,01062,0,0,0
09478,02000,32,10,22
09478,03101,0,0,0
09478,03102,0,0,0
09478,03103,0,0,0
09478,03151,0,0,0
09478,03153,0,0,0
09478,03154,0,0,0
09478,03155,0,0,0
09478,03157,0,0,0
09478,03158,0,0,0
09478,03159,0,0,0
09478,03241,0,0,0
09478,03251,0,0,0
09478,03252,0,0,0
09478,03254,0,0,0
09478,03255,0,0,0
09478,03256,0,0,0
09478,03257,0,0,0
09478,03351,0,0,0
09478,03352,13,0,13
09478,03353,0,0,0
09478,03354,0,0,0
09478,03355,0,0,0
09478,03356,0,0,0
09478,03357,0,0,0
09478,03358,0,0,0
09478,03359,0,0,0
09478,03360,0,0,0
09478,03361,0,0,0
09478,03401,0,0,0
09478,03402,0,0,0
09478,03403,0,0,0
09478,03404,0,0,0
09478,03405,0,0,0
09478,03451,0,0,0
09478,03452,0,0,0
09478,03453,0,0,0
09478,03454,0,0,0
09478,03455,0,0,0
09478,03456,0,0,0
09478,03457,0,0,0
09478,03458,0,0,0
09478,03459,0,0,0
09478,03460,0,0,0
09478,03461,0,0,0
09478,03462,0,0,0
09478,04011,0,0,0
09478,04012,0,0,0
09478,05111,0,0,0
09478,05112,0,0,0
09478,05113,0,0,0
09478,05114,0,0,0
09478,05116,0,0,0
09478,05117,0,0,0
09478,05119,0,0,0
09478,05120,0,0,0
09478,05122,0,0,0
09478,05124,0,0,0
09478,05154,0,0,0
09478,05158,0,0,0
09478,05162,0,0,0
09478,05166,0,0,0
09478,05170,0,0,0
09478,05314,0,0,0
09478,05315,12,0,12
09478,05316,0,0,0
09478,05334,0,0,0
09478,05358,0,0,0
09478,05362,0,0,0
09478,05366,0,0,0
09478,05370,0,0,0
09478,05374,0,0,0
09478,05378,0,0,0
09478,05382,0,0,0
09478,05512,0,0,0
09478,05513,0,0,0
09478,05515,0,0,0
09478,05554,0,0,0
09478,05558,0,0,0
09478,05562,0,0,0
09478,05566,0,0,0
09478,05570,0,0,0
09478,05711,0,0,0
09478,05754,0,0,0
09478,05758,0,0,0
09478,05762,0,0,0
09478,05766,0,0,0
09478,05770,0,0,0
09478,05774,0,0,0
09478,05911,0,0,0
09478,05913,13,0,13
09478,05914,0,0,0
09478,05915,0,0,0
09478,05916,0,0,0
09478,05954,0,0,0
09478,05958,0,0,0
09478,05962,0,0,0
09478,05966,0,0,0
09478,05970,0,0,0
09478,05974,0,0,0
09478,05978,0,0,0
09478,06411,0,0,0
09478,06412,32,0,32
09478,06413,0,0,0
09478,06414,12,0,12
09478,06431,0,0,0
09478,06432,0,0,0
09478,06433,0,0,0
09478,06434,0,0,0
09478,06435,0,0,0
09478,06436,0,0,0
09478,06437,0,0,0
09478,06438,0,0,0
09478,06439,0,0,0
09478,06440,0,0,0
09478,06531,0,0,0
09478,06532,0,0,0
09478,06533,0,0,0
09478,06534,0,0,0
09478,06535,0,0,0
09478,06611,0,0,0
09478,06631,0,0,0
09478,06632,0,0,0
09478,06633,0,0,0
09478,06634,0,0,0
09478,06635,0,0,0
09478,06636,0,0,0
09478,07111,0,0,0
09478,07131,0,0,0
09478,07132,0,0,0
09478,07133,0,0,0
09478,07134,0,0,0
09478,07135,0,0,0
09478,07137,0,0,0
09478,07138,0,0,0
09478,07140,0,0,0
09478,07141,0,0,0
09478,07143,0,0,0
09478,07211,0,0,0
09478,07231,0,0,0
09478,07232,0,0,0
09478,07233,0,0,0
09478,07235,0,0,0
09478,07311,0,0,0
09478,07312,0,0,0
09478,07313,0,0,0
09478,07314,0,0,0
09478,07315,0,0,0
09478,07316,0,0,0
09478,07317,0,0,0
09478,07318,0,0,0
09478,07319,0,0,0
09478,07320,0,0,0
09478,07331,0,0,0
09478,07332,0,0,0
09478,07333,0,0,0
09478,07334,0,0,0
09478,07335,0,0,0
09478,07336,0,0,0
09478,07337,0,0,0
09478,07338,0,0,0
09478,07339,0,0,0
09478,07340,0,0,0
09478,08111,15,0,15
09478,08115,0,0,0
09478,08116,0,0,0
09478,08117,0,0,0
09478,08118,12,0,12
09478,08119,0,0,0
09478,08121,0,0,0
09478,08125,0,0,0
09478,08126,0,0,0
09478,08127,0,0,0
09478,08128,0,0,0
09478,08135,0,0,0
09478,08136,0,0,0
09478,08211,0,0,0
09478,08212,0,0,0
09478,08215,0,0,0
09478,08216,0,0,0
09478,08221,0,0,0
09478,08222,0,0,0
09478,08225,0,0,0
09478,08226,0,0,0
09478,08231,0,0,0
09478,08235,0,0,0
09478,08236,0,0,0
09478,08237,0,0,0
09478,08311,0,0,0
09478,08315,0,0,0
09478,08316,0,0,0
09478,08317,0,0,0
09478,08325,0,0,0
09478,08326,0,0,0
09478,08327,0,0,0
09478,08335,0,0,0
09478,08336,0,0,0
09478,08337,0,0,0
09478,08415,0,0,0
09478,08416,0,0,0
09478,08417,0,0,0
09478,08421,0,0,0
09478,08425,0,0,0
09478,08426,0,0,0
09478,08435,0,0,0
09478,08436,0,0,0
09478,08437,0,0,0
09478,09161,25,0,25
09478,09162,206,32,174
09478,09163,0,0,0
09478,09171,0,0,0
09478,09172,0,0,0
09478,09173,0,0,0
09478,09174,0,0,0
09478,09175,0,0,0
09478,09176,0,0,0
09478,09177,0,0,0
09478,09178,13,0,13
09478,09179,0,0,0
09478,09180,0,0,0
09478,09181,0,0,0
09478,09182,0,0,0
09478,09183,0,0,0
09478,09184,42,11,31
09478,09185,0,0,0
09478,09186,0,0,0
09478,09187,0,0,0
09478,09188,0,0,0
09478,09189,0,0,0
09478,09190,0,0,0
09478,09261,0,0,0
09478,09262,0,0,0
09478,09263,0,0,0
09478,09271,0,0,0
09478,09272,0,0,0
09478,09273,0,0,0
09478,09274,0,0,0
09478,09275,0,0,0
09478,09276,0,0,0
09478,09277,0,0,0
09478,09278,0,0,0
09478,09279,0,0,0
09478,09361,0,0,0
09478,09362,25,0,25
09478,09363,0,0,0
09478,09371,15,15,0
09478,09372,0,0,0
09478,09373,0,0,0
09478,09374,0,0,0
09478,09375,0,0,0
09478,09376,0,0,0
09478,09377,0,0,0
09478,09461,1963,480,1483
09478,09462,355,85,270
09478,09463,2318,662,1656
09478,09464,35,16,19
09478,09471,2532,1418,1114
09478,09472,257,169,88
09478,09473,3474,2173,1301
09478,09474,144,59,85
09478,09475,93,55,38
09478,09476,3035,2030,1005
09478,09477,2401,1273,1128
09478,09478,0,0,0
09478,09479,36,19,17
09478,09561,0,0,0
09478,09562,166,17,149
09478,09563,63,15,48
09478,09564,371,51,320
09478,09565,0,0,0
09478,09571,10,10,0
09478,09572,83,29,54
09478,09573,0,0,0
09478,09574,25,0,25
09478,09575,10,10,0
09478,09576,0,0,0
09478,09577,0,0,0
09478,09661,0,0,0
09478,09662,40,0,40
09478,09663,55,15,40
09478,09671,0,0,0
09478,09672,11,0,11
09478,09673,25,10,15
09478,09674,672,258,414
09478,09675,10,0,10
09478,09676,0,0,0
09478,09677,0,0,0
09478,09678,13,0,13
09478,09679,25,0,25
09478,09761,0,0,0
09478,09762,0,0,0
09478,09763,0,0,0
09478,09764,0,0,0
09478,09771,0,0,0
09478,09772,0,0,0
09478,09773,0,0,0
09478,09774,0,0,0
09478,09775,0,0,0
09478,09776,0,0,0
09478,09777,0,0,0
09478,09778,0,0,0
09478,09779,0,0,0
09478,09780,0,0,0
09478,10041,0,0,0
09478,10042,0,0,0
09478,10043,0,0,0
09478,10044,0,0,0
09478,10045,0,0,0
09478,10046,0,0,0
09478,11000,141,31,110
09478,12051,0,0,0
09478,12052,0,0,0
09478,12053,0,0,0
09478,12054,0,0,0
09478,12060,0,0,0
09478,12061,0,0,0
09478,12062,0,0,0
09478,12063,0,0,0
09478,12064,0,0,0
09478,12065,0,0,0
09478,12066,0,0,0
09478,12067,0,0,0
09478,12068,0,0,0
09478,12069,0,0,0
09478,12070,0,0,0
09478,12071,0,0,0
09478,12072,0,0,0
09478,12073,0,0,0
09478,13003,0,0,0
09478,13004,0,0,0
09478,13071,0,0,0
09478,13072,0,0,0
09478,13073,0,0,0
09478,13074,0,0,0
09478,13075,0,0,0
09478,13076,0,0,0
09478,14511,0,0,0
09478,14521,0,0,0
09478,14522,11,11,0
09478,14523,21,21,0
09478,14524,0,0,0
09478,14612,0,0,0
09478,14625,0,0,0
09478,14626,0,0,0
09478,14627,0,0,0
09478,14628,0,0,0
09478,14713,12,12,0
09478,14729,0,0,0
09478,14730,0,0,0
09478,15001,0,0,0
09478,15002,0,0,0
09478,15003,0,0,0
09478,15081,0,0,0
09478,15082,0,0,0
09478,15083,0,0,0
09478,15084,0,0,0
09478,15085,0,0,0
09478,15086,0,0,0
09478,15087,0,0,0
09478,15088,0,0,0
09478,15089,0,0,0
09478,15090,0,0,0
09478,15091,0,0,0
09478,16051,0,0,0
09478,16052,0,0,0
09478,16053,0,0,0
09478,16054,18,18,0
09478,16055,0,0,0
09478,16056,0,0,0
09478,16061,0,0,0
09478,16062,0,0,0
09478,16063,0,0,0
09478,16064,0,0,0
09478,16065,0,0,0
09478,16066,59,22,37
09478,16067,11,11,0
09478,16068,0,0,0
09478,16069,154,127,27
09478,16070,11,11,0
09478,16071,0,0,0
09478,16072,702,537,165
09478,16073,38,38,0
09478,16074,0,0,0
09478,16075,0,0,0
09478,16076,0,0,0
09478,16077,0,0,0
09479,01001,0,0,0
09479,01002,0,0,0
09479,01003,0,0,0
09479,01004,0,0,0
09479,01051,0,0,0
09479,01053,0,0,0
09479,01054,0,0,0
09479,01055,0,0,0
09479,01056,0,0,0
09479,01057,0,0,0
09479,01058,0,0,0
09479,01059,0,0,0
09479,01060,0,0,0
09479,01061,0,0,0
09479,01062,0,0,0
09479,02000,41,19,22
09479,03101,0,0,0
09479,03102,0,0,0
09479,03103,0,0,0
09479,03151,0,0,0
09479,03153,0,0,0
09479,03154,0,0,0
09479,03155,0,0,0
09479,03157,0,0,0
09479,03158,0,0,0
09479,03159,0,0,0
09479,03241,0,0,0
09479,03251,0,0,0
09479,03252,0,0,0
09479,03254,0,0,0
09479,03255,0,0,0
09479,03256,0,0,0
09479,03257,0,0,0
09479,03351,0,0,0
09479,03352,0,0,0
09479,03353,0,0,0
09479,03354,0,0,0
09479,03355,0,0,0
09479,03356,0,0,0
09479,03357,0,0,0
09479,03358,0,0,0
09479,03359,0,0,0
09479,03360,0,0,0
09479,03361,0,0,0
09479,03401,0,0,0
09479,03402,0,0,0
09479,03403,0,0,0
09479,03404,0,0,0
09479,03405,0,0,0
09479,03451,0,0,0
09479,03452,0,0,0
09479,03453,0,0,0
09479,03454,0,0,0
09479,03455,0,0,0
09479,03456,0,0,0
09479,03457,0,0,0
09479,03458,0,0,0
09479,03459,14,0,14
09479,03460,0,0,0
09479,03461,0,0,0
09479,03462,0,0,0
09479,04011,0,0,0
09479,04012,0,0,0
09479,05111,0,0,0
09479,05112,0,0,0
09479,05113,0,0,0
09479,05114,0,0,0
09479,05116,0,0,0
09479,05117,0,0,0
09479,05119,0,0,0
09479,05120,0,0,0
09479,05122,0,0,0
09479,05124,0,0,0
09479,05154,0,0,0
09479,05158,0,0,0
09479,05162,0,0,0
09479,05166,0,0,0
09479,05170,0,0,0
09479,05314,0,0,0
09479,05315,0,0,0
09479,05316,0,0,0
09479,05334,0,0,0
09479,05358,0,0,0
09479,05362,0,0,0
09479,05366,0,0,0
09479,05370,0,0,0
09479,05374,0,0,0
09479,05378,0,0,0
09479,05382,0,0,0
09479,05512,0,0,0
09479,05513,0,0,0
09479,05515,0,0,0
09479,05554,0,0,0
09479,05558,0,0,0
09479,05562,0,0,0
09479,05566,0,0,0
09479,05570,0,0,0
09479,05711,0,0,0
09479,05754,0,0,0
09479,05758,0,0,0
09479,05762,0,0,0
09479,05766,0,0,0
09479,05770,0,0,0
09479,05774,0,0,0
09479,05911,0,0,0
09479,05913,0,0,0
09479,05914,0,0,0
09479,05915,0,0,0
09479,05916,0,0,0
09479,05954,0,0,0
09479,05958,0,0,0
09479,05962,0,0,0
09479,05966,0,0,0
09479,05970,0,0,0
09479,05974,0,0,0
09479,05978,0,0,0
09479,06411,0,0,0
09479,06412,19,0,19
09479,06413,0,0,0
09479,06414,0,0,0
09479,06431,0,0,0
09479,06432,0,0,0
09479,06433,0,0,0
09479,06434,10,0,10
09479,06435,0,0,0
09479,06436,0,0,0
09479,06437,0,0,0
09479,06438,0,0,0
09479,06439,0,0,0
09479,06440,0,0,0
09479,06531,0,0,0
09479,06532,0,0,0
09479,06533,0,0,0
09479,06534,0,0,0
09479,06535,0,0,0
09479,06611,0,0,0
09479,06631,0,0,0
09479,06632,0,0,0
09479,06633,0,0,0
09479,06634,0,0,0
09479,06635,0,0,0
09479,06636,0,0,0
09479,07111,0,0,0
09479,07131,0,0,0
09479,07132,0,0,0
09479,07133,0,0,0
09479,07134,0,0,0
09479,07135,0,0,0
09479,07137,0,0,0
09479,07138,0,0,0
09479,07140,0,0,0
09479,07141,0,0,0
09479,07143,0,0,0
09479,07211,0,0,0
09479,07231,0,0,0
09479,07232,0,0,0
09479,07233,0,0,0
09479,07235,0,0,0
09479,07311,0,0,0
09479,07312,0,0,0
09479,07313,0,0,0
09479,07314,0,0,0
09479,07315,0,0,0
09479,07316,0,0,0
09479,07317,0,0,0
09479,07318,0,0,0
09479,07319,0,0,0
09479,07320,0,0,0
09479,07331,0,0,0
09479,07332,0,0,0
09479,07333,0,0,0
09479,07334,0,0,0
09479,07335,0,0,0
09479,07336,0,0,0
09479,07337,0,0,0
09479,07338,0,0,0
09479,07339,0,0,0
09479,07340,0,0,0
09479,08111,14,0,14
09479,08115,0,0,0
09479,08116,0,0,0
09479,08117,0,0,0
09479,08118,0,0,0
09479,08119,0,0,0
09479,08121,0,0,0
09479,08125,12,12,0
09479,08126,0,0,0
09479,08127,0,0,0
09479,08128,0,0,0
09479,08135,0,0,0
09479,08136,0,0,0
09479,08211,0,0,0
09479,08212,0,0,0
09479,08215,0,0,0
09479,08216,0,0,0
09479,08221,0,0,0
09479,08222,0,0,0
09479,08225,0,0,0
09479,08226,0,0,0
09479,08231,0,0,0
09479,08235,0,0,0
09479,08236,0,0,0
09479,08237,0,0,0
09479,08311,0,0,0
09479,08315,0,0,0
09479,08316,0,0,0
09479,08317,0,0,0
09479,08325,0,0,0
09479,08326,0,0,0
09479,08327,0,0,0
09479,08335,0,0,0
09479,08336,0,0,0
09479,08337,0,0,0
09479,08415,0,0,0
09479,08416,0,0,0
09479,08417,0,0,0
09479,08421,0,0,0
09479,08425,0,0,0
09479,08426,0,0,0
09479,08435,0,0,0
09479,08436,0,0,0
09479,08437,0,0,0
09479,09161,30,13,17
09479,09162,179,31,148
09479,09163,0,0,0
09479,09171,0,0,0
09479,09172,0,0,0
09479,09173,0,0,0
09479,09174,0,0,0
09479,09175,0,0,0
09479,09176,0,0,0
09479,09177,0,0,0
09479,09178,16,0,16
09479,09179,0,0,0
09479,09180,13,13,0
09479,09181,0,0,0
09479,09182,0,0,0
09479,09183,0,0,0
09479,09184,43,0,43
09479,09185,0,0,0
09479,09186,0,0,0
09479,09187,0,0,0
09479,09188,0,0,0
09479,09189,0,0,0
09479,09190,0,0,0
09479,09261,0,0,0
09479,09262,0,0,0
09479,09263,0,0,0
09479,09271,0,0,0
09479,09272,0,0,0
09479,09273,0,0,0
09479,09274,0,0,0
09479,09275,0,0,0
09479,09276,0,0,0
09479,09277,0,0,0
09479,09278,18,0,18
09479,09279,0,0,0
09479,09361,20,0,20
09479,09362,132,14,118
09479,09363,387,85,302
09479,09371,40,24,16
09479,09372,20,0,20
09479,09373,10,0,10
09479,09374,383,182,201
09479,09375,35,0,35
09479,09376,72,24,48
09479,09377,5287,3465,1822
09479,09461,31,0,31
09479,09462,618,90,528
09479,09463,19,0,19
09479,09464,1582,553,1029
09479,09471,23,10,13
09479,09472,926,520,406
09479,09473,15,15,0
09479,09474,20,10,10
09479,09475,3302,1534,1768
09479,09476,27,17,10
09479,09477,266,99,167
09479,09478,36,17,19
09479,09479,0,0,0
09479,09561,0,0,0
09479,09562,33,0,33
09479,09563,22,0,22
09479,09564,190,27,163
09479,09565,0,0,0
09479,09571,0,0,0
09479,09572,0,0,0
09479,09573,0,0,0
09479,09574,37,13,24
09479,09575,0,0,0
09479,09576,13,0,13
09479,09577,0,0,0
09479,09661,0,0,0
09479,09662,0,0,0
09479,09663,31,0,31
09479,09671,0,0,0
09479,09672,0,0,0
09479,09673,0,0,0
09479,09674,0,0,0
09479,09675,0,0,0
09479,09676,0,0,0
09479,09677,0,0,0
09479,09678,0,0,0
09479,09679,28,0,28
09479,09761,11,0,11
09479,09762,0,0,0
09479,09763,0,0,0
09479,09764,0,0,0
09479,09771,0,0,0
09479,09772,0,0,0
09479,09773,0,0,0
09479,09774,0,0,0
09479,09775,0,0,0
09479,09776,0,0,0
09479,09777,13,13,0
09479,09778,0,0,0
09479,09779,0,0,0
09479,09780,0,0,0
09479,10041,0,0,0
09479,10042,43,43,0
09479,10043,0,0,0
09479,10044,0,0,0
09479,10045,0,0,0
09479,10046,0,0,0
09479,11000,59,25,34
09479,12051,0,0,0
09479,12052,0,0,0
09479,12053,0,0,0
09479,12054,0,0,0
09479,12060,0,0,0
09479,12061,0,0,0
09479,12062,0,0,0
09479,12063,0,0,0
09479,12064,0,0,0
09479,12065,0,0,0
09479,12066,0,0,0
09479,12067,0,0,0
09479,12068,0,0,0
09479,12069,0,0,0
09479,12070,0,0,0
09479,12071,0,0,0
09479,12072,0,0,0
09479,12073,0,0,0
09479,13003,0,0,0
09479,13004,0,0,0
09479,13071,0,0,0
09479,13072,0,0,0
09479,13073,0,0,0
09479,13074,0,0,0
09479,13075,0,0,0
09479,13076,0,0,0
09479,14511,0,0,0
09479,14521,27,27,0
09479,14522,0,0,0
09479,14523,471,379,92
09479,14524,32,15,17
09479,14612,0,0,0
09479,14625,0,0,0
09479,14626,0,0,0
09479,14627,0,0,0
09479,14628,0,0,0
09479,14713,12,12,0
09479,14729,0,0,0
09479,14730,0,0,0
09479,15001,0,0,0
09479,15002,0,0,0
09479,15003,0,0,0
09479,15081,0,0,0
09479,15082,0,0,0
09479,15083,0,0,0
09479,15084,0,0,0
09479,15085,0,0,0
09479,15086,0,0,0
09479,15087,0,0,0
09479,15088,0,0,0
09479,15089,0,0,0
09479,15090,0,0,0
09479,15091,0,0,0
09479,16051,0,0,0
09479,16052,0,0,0
09479,16053,31,0,31
09479,16054,0,0,0
09479,16055,0,0,0
09479,16056,0,0,0
09479,16061,0,0,0
09479,16062,0,0,0
09479,16063,0,0,0
09479,16064,0,0,0
09479,16065,0,0,0
09479,16066,0,0,0
09479,16067,0,0,0
09479,16068,0,0,0
09479,16069,0,0,0
09479,16070,0,0,0
09479,16071,0,0,0
09479,16072,0,0,0
09479,16073,0,0,0
09479,16074,0,0,0
09479,16075,61,41,20
09479,16076,0,0,0
09479,16077,0,0,0
09561,01001,0,0,0
09561,01002,0,0,0
09561,01003,0,0,0
09561,01004,0,0,0
09561,01051,0,0,0
09561,01053,0,0,0
09561,01054,0,0,0
09561,01055,0,0,0
09561,01056,0,0,0
09561,01057,0,0,0
09561,01058,0,0,0
09561,01059,0,0,0
09561,01060,0,0,0
09561,01061,0,0,0
09561,01062,0,0,0
09561,02000,17,0,17
09561,03101,0,0,0
09561,03102,0,0,0
09561,03103,0,0,0
09561,03151,0,0,0
09561,03153,0,0,0
09561,03154,0,0,0
09561,03155,0,0,0
09561,03157,0,0,0
09561,03158,0,0,0
09561,03159,0,0,0
09561,03241,0,0,0
09561,03251,0,0,0
09561,03252,0,0,0
09561,03254,0,0,0
09561,03255,0,0,0
09561,03256,0,0,0
09561,03257,0,0,0
09561,03351,0,0,0
09561,03352,0,0,0
09561,03353,0,0,0
09561,03354,0,0,0
09561,03355,0,0,0
09561,03356,0,0,0
09561,03357,0,0,0
09561,03358,0,0,0
09561,03359,0,0,0
09561,03360,0,0,0
09561,03361,0,0,0
09561,03401,0,0,0
09561,03402,0,0,0
09561,03403,0,0,0
09561,03404,0,0,0
09561,03405,0,0,0
09561,03451,0,0,0
09561,03452,0,0,0
09561,03453,0,0,0
09561,03454,0,0,0
09561,03455,0,0,0
09561,03456,0,0,0
09561,03457,0,0,0
09561,03458,0,0,0
09561,03459,0,0,0
09561,03460,0,0,0
09561,03461,0,0,0
09561,03462,0,0,0
09561,04011,0,0,0
09561,04012,0,0,0
09561,05111,18,0,18
09561,05112,0,0,0
09561,05113,0,0,0
09561,05114,0,0,0
09561,05116,0,0,0
09561,05117,0,0,0
09561,05119,0,0,0
09561,05120,0,0,0
09561,05122,0,0,0
09561,05124,0,0,0
09561,05154,0,0,0
09561,05158,0,0,0
09561,05162,0,0,0
09561,05166,0,0,0
09561,05170,0,0,0
09561,05314,0,0,0
09561,05315,0,0,0
09561,05316,0,0,0
09561,05334,0,0,0
09561,05358,0,0,0
09561,05362,0,0,0
09561,05366,0,0,0
09561,05370,0,0,0
09561,05374,0,0,0
09561,05378,0,0,0
09561,05382,0,0,0
09561,05512,0,0,0
09561,05513,0,0,0
09561,05515,0,0,0
09561,05554,0,0,0
09561,05558,0,0,0
09561,05562,0,0,0
09561,05566,12,12,0
09561,05570,42,42,0
09561,05711,0,0,0
09561,05754,47,47,0
09561,05758,0,0,0
09561,05762,0,0,0
09561,05766,0,0,0
09561,05770,0,0,0
09561,05774,0,0,0
09561,05911,0,0,0
09561,05913,15,0,15
09561,05914,0,0,0
09561,05915,0,0,0
09561,05916,0,0,0
09561,05954,0,0,0
09561,05958,0,0,0
09561,05962,0,0,0
09561,05966,0,0,0
09561,05970,0,0,0
09561,05974,0,0,0
09561,05978,0,0,0
09561,06411,0,0,0
09561,06412,17,0,17
09561,06413,0,0,0
09561,06414,0,0,0
09561,06431,0,0,0
09561,06432,171,171,0
09561,06433,0,0,0
09561,06434,16,0,16
09561,06435,62,24,38
09561,06436,0,0,0
09561,06437,0,0,0
09561,06438,65,55,10
09561,06439,0,0,0
09561,06440,0,0,0
09561,06531,0,0,0
09561,06532,0,0,0
09561,06533,0,0,0
09561,06534,0,0,0
09561,06535,0,0,0
09561,06611,0,0,0
09561,06631,0,0,0
09561,06632,0,0,0
09561,06633,0,0,0
09561,06634,0,0,0
09561,06635,0,0,0
09561,06636,0,0,0
09561,07111,0,0,0
09561,07131,0,0,0
09561,07132,0,0,0
09561,07133,0,0,0
09561,07134,0,0,0
09561,07135,0,0,0
09561,07137,0,0,0
09561,07138,0,0,0
09561,07140,0,0,0
09561,07141,0,0,0
09561,07143,0,0,0
09561,07211,0,0,0
09561,07231,0,0,0
09561,07232,0,0,0
09561,07233,0,0,0
09561,07235,0,0,0
09561,07311,0,0,0
09561,07312,0,0,0
09561,07313,0,0,0
09561,07314,0,0,0
09561,07315,0,0,0
09561,07316,0,0,0
09561,07317,0,0,0
09561,07318,0,0,0
09561,07319,0,0,0
09561,07320,0,0,0
09561,07331,0,0,0
09561,07332,0,0,0
09561,07333,0,0,0
09561,07334,0,0,0
09561,07335,0,0,0
09561,07336,0,0,0
09561,07337,0,0,0
09561,07338,0,0,0
09561,07339,0,0,0
09561,07340,0,0,0
09561,08111,57,14,43
09561,08115,11,0,11
09561,08116,0,0,0
09561,08117,0,0,0
09561,08118,22,11,11
09561,08119,0,0,0
09561,08121,0,0,0
09561,08125,10,10,0
09561,08126,25,13,12
09561,08127,249,145,104
09561,08128,18,18,0
09561,08135,10,10,0
09561,08136,93,60,33
09561,08211,0,0,0
09561,08212,0,0,0
09561,08215,19,19,0
09561,08216,47,47,0
09561,08221,0,0,0
09561,08222,0,0,0
09561,08225,0,0,0
09561,08226,0,0,0
09561,08231,0,0,0
09561,08235,0,0,0
09561,08236,0,0,0
09561,08237,0,0,0
09561,08311,0,0,0
09561,08315,0,0,0
09561,08316,0,0,0
09561,08317,0,0,0
09561,08325,0,0,0
09561,08326,34,0,34
09561,08327,0,0,0
09561,08335,0,0,0
09561,08336,0,0,0
09561,08337,0,0,0
09561,08415,0,0,0
09561,08416,0,0,0
09561,08417,0,0,0
09561,08421,10,10,0
09561,08425,0,0,0
09561,08426,0,0,0
09561,08435,0,0,0
09561,08436,0,0,0
09561,08437,0,0,0
09561,09161,26,14,12
09561,09162,158,24,134
09561,09163,0,0,0
09561,09171,0,0,0
09561,09172,0,0,0
09561,09173,0,0,0
09561,09174,0,0,0
09561,09175,0,0,0
09561,09176,10,10,0
09561,09177,0,0,0
09561,09178,0,0,0
09561,09179,0,0,0
09561,09180,0,0,0
09561,09181,0,0,0
09561,09182,0,0,0
09561,09183,0,0,0
09561,09184,21,0,21
09561,09185,0,0,0
09561,09186,15,15,0
09561,09187,0,0,0
09561,09188,0,0,0
09561,09189,0,0,0
09561,09190,0,0,0
09561,09261,0,0,0
09561,09262,0,0,0
09561,09263,0,0,0
09561,09271,0,0,0
09561,09272,0,0,0
09561,09273,0,0,0
09561,09274,0,0,0
09561,09275,0,0,0
09561,09276,0,0,0
09561,09277,0,0,0
09561,09278,0,0,0
09561,09279,0,0,0
09561,09361,0,0,0
09561,09362,30,11,19
09561,09363,0,0,0
09561,09371,11,11,0
09561,09372,0,0,0
09561,09373,63,46,17
09561,09374,14,14,0
09561,09375,0,0,0
09561,09376,0,0,0
09561,09377,0,0,0
09561,09461,81,21,60
09561,09462,0,0,0
09561,09463,0,0,0
09561,09464,0,0,0
09561,09471,24,24,0
09561,09472,0,0,0
09561,09473,0,0,0
09561,09474,33,22,11
09561,09475,0,0,0
09561,09476,0,0,0
09561,09477,0,0,0
09561,09478,0,0,0
09561,09479,0,0,0
09561,09561,0,0,0
09561,09562,152,82,70
09561,09563,257,149,108
09561,09564,1598,592,1006
09561,09565,198,125,73
09561,09571,16743,12572,4171
09561,09572,100,58,42
09561,09573,539,394,145
09561,09574,148,105,43
09561,09575,1171,778,393
09561,09576,371,282,89
09561,09577,1146,937,209
09561,09661,0,0,0
09561,09662,0,0,0
09561,09663,52,29,23
09561,09671,0,0,0
09561,09672,0,0,0
09561,09673,0,0,0
09561,09674,0,0,0
09561,09675,61,61,0
09561,09676,0,0,0
09561,09677,13,13,0
09561,09678,21,21,0
09561,09679,63,49,14
09561,09761,13,13,0
09561,09762,0,0,0
09561,09763,0,0,0
09561,09764,0,0,0
09561,09771,0,0,0
09561,09772,0,0,0
09561,09773,0,0,0
09561,09774,0,0,0
09561,09775,0,0,0
09561,09776,0,0,0
09561,09777,21,21,0
09561,09778,0,0,0
09561,09779,69,47,22
09561,09780,0,0,0
09561,10041,0,0,0
09561,10042,0,0,0
09561,10043,0,0,0
09561,10044,0,0,0
09561,10045,0,0,0
09561,10046,0,0,0
09561,11000,44,16,28
09561,12051,0,0,0
09561,12052,0,0,0
09561,12053,0,0,0
09561,12054,0,0,0
09561,12060,0,0,0
09561,12061,0,0,0
09561,12062,0,0,0
09561,12063,0,0,0
09561,12064,0,0,0
09561,12065,0,0,0
09561,12066,0,0,0
09561,12067,0,0,0
09561,12068,0,0,0
09561,12069,0,0,0
09561,12070,0,0,0
09561,12071,0,0,0
09561,12072,0,0,0
09561,12073,0,0,0
09561,13003,0,0,0
09561,13004,0,0,0
09561,13071,0,0,0
09561,13072,0,0,0
09561,13073,0,0,0
09561,13074,0,0,0
09561,13075,0,0,0
09561,13076,0,0,0
09561,14511,0,0,0
09561,14521,16,16,0
09561,14522,0,0,0
09561,14523,0,0,0
09561,14524,0,0,0
09561,14612,0,0,0
09561,14625,0,0,0
09561,14626,0,0,0
09561,14627,0,0,0
09561,14628,0,0,0
09561,14713,13,13,0
09561,14729,25,25,0
09561,14730,0,0,0
09561,15001,0,0,0
09561,15002,0,0,0
09561,15003,0,0,0
09561,15081,0,0,0
09561,15082,0,0,0
09561,15083,0,0,0
09561,15084,0,0,0
09561,15085,0,0,0
09561,15086,0,0,0
09561,15087,0,0,0
09561,15088,0,0,0
09561,15089,0,0,0
09561,15090,0,0,0
09561,15091,0,0,0
09561,16051,0,0,0
09561,16052,0,0,0
09561,16053,0,0,0
09561,16054,0,0,0
09561,16055,0,0,0
09561,16056,0,0,0
09561,16061,0,0,0
09561,16062,0,0,0
09561,16063,0,0,0
09561,16064,0,0,0
09561,16065,0,0,0
09561,16066,0,0,0
09561,16067,0,0,0
09561,16068,0,0,0
09561,16069,0,0,0
09561,16070,0,0,0
09561,16071,0,0,0
09561,16072,0,0,0
09561,16073,0,0,0
09561,16074,0,0,0
09561,16075,0,0,0
09561,16076,0,0,0
09561,16077,0,0,0
09562,01001,0,0,0
09562,01002,0,0,0
09562,01003,10,10,0
09562,01004,0,0,0
09562,01051,0,0,0
09562,01053,0,0,0
09562,01054,0,0,0
09562,01055,0,0,0
09562,01056,0,0,0
09562,01057,0,0,0
09562,01058,14,14,0
09562,01059,0,0,0
09562,01060,0,0,0
09562,01061,0,0,0
09562,01062,0,0,0
09562,02000,174,94,80
09562,03101,34,34,0
09562,03102,0,0,0
09562,03103,0,0,0
09562,03151,0,0,0
09562,03153,0,0,0
09562,03154,0,0,0
09562,03155,0,0,0
09562,03157,0,0,0
09562,03158,0,0,0
09562,03159,25,25,0
09562,03241,100,62,38
09562,03251,0,0,0
09562,03252,0,0,0
09562,03254,15,15,0
09562,03255,0,0,0
09562,03256,0,0,0
09562,03257,0,0,0
09562,03351,0,0,0
09562,03352,11,11,0
09562,03353,10,10,0
09562,03354,0,0,0
09562,03355,0,0,0
09562,03356,0,0,0
09562,03357,0,0,0
09562,03358,0,0,0
09562,03359,0,0,0
09562,03360,0,0,0
09562,03361,0,0,0
09562,03401,0,0,0
09562,03402,0,0,0
09562,03403,10,10,0
09562,03404,0,0,0
09562,03405,0,0,0
09562,03451,0,0,0
09562,03452,0,0,0
09562,03453,0,0,0
09562,03454,21,21,0
09562,03455,0,0,0
09562,03456,0,0,0
09562,03457,0,0,0
09562,03458,0,0,0
09562,03459,0,0,0
09562,03460,0,0,0
09562,03461,0,0,0
09562,03462,0,0,0
09562,04011,24,24,0
09562,04012,0,0,0
09562,05111,90,33,57
09562,05112,33,33,0
09562,05113,55,38,17
09562,05114,13,13,0
09562,05116,0,0,0
09562,05117,22,22,0
09562,05119,0,0,0
09562,05120,0,0,0
09562,05122,0,0,0
09562,05124,21,21,0
09562,05154,10,10,0
09562,05158,28,16,12
09562,05162,33,20,13
09562,05166,10,10,0
09562,05170,12,12,0
09562,05314,26,12,14
09562,05315,156,56,100
09562,05316,0,0,0
09562,05334,46,46,0
09562,05358,40,11,29
09562,05362,16,16,0
09562,05366,0,0,0
09562,05370,13,13,0
09562,05374,29,0,29
09562,05378,0,0,0
09562,05382,21,21,0
09562,05512,0,0,0
09562,05513,0,0,0
09562,05515,16,16,0
09562,05554,25,25,0
09562,05558,12,12,0
09562,05562,14,14,0
09562,05566,18,18,0
09562,05570,0,0,0
09562,05711,0,0,0
09562,05754,16,16,0
09562,05758,0,0,0
09562,05762,0,0,0
09562,05766,0,0,0
09562,05770,10,10,0
09562,05774,13,13,0
09562,05911,16,16,0
09562,05913,34,24,10
09562,05914,0,0,0
09562,05915,0,0,0
09562,05916,0,0,0
09562,05954,20,20,0
09562,05958,10,10,0
09562,05962,10,10,0
09562,05966,0,0,0
09562,05970,12,12,0
09562,05974,11,11,0
09562,05978,14,14,0
09562,06411,41,27,14
09562,06412,258,124,134
09562,06413,35,35,0
09562,06414,38,25,13
09562,06431,26,26,0
09562,06432,36,36,0
09562,06433,20,20,0
09562,06434,72,31,41
09562,06435,69,69,0
09562,06436,65,28,37
09562,06437,0,0,0
09562,06438,132,97,35
09562,06439,15,15,0
09562,06440,34,34,0
09562,06531,27,27,0
09562,06532,0,0,0
09562,06533,13,13,0
09562,06534,35,35,0
09562,06535,0,0,0
09562,06611,36,24,12
09562,06631,21,21,0
09562,06632,0,0,0
09562,06633,17,17,0
09562,06634,10,10,0
09562,06635,0,0,0
09562,06636,0,0,0
09562,07111,0,0,0
09562,07131,0,0,0
09562,07132,0,0,0
09562,07133,0,0,0
09562,07134,0,0,0
09562,07135,0,0,0
09562,07137,0,0,0
09562,07138,0,0,0
09562,07140,0,0,0
09562,07141,0,0,0
09562,07143,0,0,0
09562,07211,0,0,0
09562,07231,0,0,0
09562,07232,0,0,0
09562,07233,0,0,0
09562,07235,0,0,0
09562,07311,0,0,0
09562,07312,0,0,0
09562,07313,0,0,0
09562,07314,10,10,0
09562,07315,36,18,18
09562,07316,0,0,0
09562,07317,0,0,0
09562,07318,0,0,0
09562,07319,0,0,0
09562,07320,0,0,0
09562,07331,0,0,0
09562,07332,11,11,0
09562,07333,0,0,0
09562,07334,13,13,0
09562,07335,0,0,0
09562,07336,0,0,0
09562,07337,0,0,0
09562,07338,14,14,0
09562,07339,10,10,0
09562,07340,0,0,0
09562,08111,131,58,73
09562,08115,37,19,18
09562,08116,54,24,30
09562,08117,13,13,0
09562,08118,54,34,20
09562,08119,41,22,19
09562,08121,14,14,0
09562,08125,53,32,21
09562,08126,0,0,0
09562,08127,29,19,10
09562,08128,35,25,10
09562,08135,0,0,0
09562,08136,20,20,0
09562,08211,0,0,0
09562,08212,87,63,24
09562,08215,40,40,0
09562,08216,16,16,0
09562,08221,38,26,12
09562,08222,55,32,23
09562,08225,11,11,0
09562,08226,63,51,12
09562,08231,0,0,0
09562,08235,0,0,0
09562,08236,14,14,0
09562,08237,0,0,0
09562,08311,24,13,11
09562,08315,0,0,0
09562,08316,0,0,0
09562,08317,10,10,0
09562,08325,0,0,0
09562,08326,0,0,0
09562,08327,0,0,0
09562,08335,32,22,10
09562,08336,0,0,0
09562,08337,0,0,0
09562,08415,30,17,13
09562,08416,37,21,16
09562,08417,0,0,0
09562,08421,19,0,19
09562,08425,0,0,0
09562,08426,10,10,0
09562,08435,25,12,13
09562,08436,17,17,0
09562,08437,0,0,0
09562,09161,124,65,59
09562,09162,1086,516,570
09562,09163,0,0,0
09562,09171,12,12,0
09562,09172,0,0,0
09562,09173,18,18,0
09562,09174,36,25,11
09562,09175,34,34,0
09562,09176,81,54,27
09562,09177,19,19,0
09562,09178,76,37,39
09562,09179,44,32,12
09562,09180,0,0,0
09562,09181,16,16,0
09562,09182,15,15,0
09562,09183,12,12,0
09562,09184,223,110,113
09562,09185,31,31,0
09562,09186,36,22,14
09562,09187,32,32,0
09562,09188,48,33,15
09562,09189,18,18,0
09562,09190,15,15,0
09562,09261,19,19,0
09562,09262,14,14,0
09562,09263,0,0,0
09562,09271,25,25,0
09562,09272,10,10,0
09562,09273,27,27,0
09562,09274,19,19,0
09562,09275,21,21,0
09562,09276,0,0,0
09562,09277,0,0,0
09562,09278,23,23,0
09562,09279,0,0,0
09562,09361,101,73,28
09562,09362,206,152,54
09562,09363,31,31,0
09562,09371,233,209,24
09562,09372,23,23,0
09562,09373,529,441,88
09562,09374,86,86,0
09562,09375,112,101,11
09562,09376,77,65,12
09562,09377,56,56,0
09562,09461,1275,971,304
09562,09462,145,95,50
09562,09463,68,49,19
09562,09464,38,22,16
09562,09471,2748,2592,156
09562,09472,291,270,21
09562,09473,81,81,0
09562,09474,11705,10240,1465
09562,09475,53,40,13
09562,09476,81,81,0
09562,09477,73,58,15
09562,09478,166,149,17
09562,09479,33,33,0
09562,09561,152,70,82
09562,09562,0,0,0
09562,09563,6441,4823,1618
09562,09564,18238,11327,6911
09562,09565,362,314,48
09562,09571,371,322,49
09562,09572,20415,16203,4212
09562,09573,2756,2407,349
09562,09574,2461,2067,394
09562,09575,1542,1394,148
09562,09576,814,703,111
09562,09577,156,137,19
09562,09661,35,35,0
09562,09662,50,24,26
09562,09663,154,99,55
09562,09671,112,112,0
09562,09672,51,51,0
09562,09673,67,56,11
09562,09674,212,183,29
09562,09675,134,102,32
09562,09676,33,33,0
09562,09677,23,23,0
09562,09678,102,102,0
09562,09679,108,93,15
09562,09761,75,48,27
09562,09762,0,0,0
09562,09763,0,0,0
09562,09764,0,0,0
09562,09771,27,27,0
09562,09772,32,32,0
09562,09773,12,12,0
09562,09774,0,0,0
09562,09775,15,15,0
09562,09776,0,0,0
09562,09777,10,10,0
09562,09778,0,0,0
09562,09779,42,31,11
09562,09780,12,12,0
09562,10041,35,19,16
09562,10042,0,0,0
09562,10043,0,0,0
09562,10044,0,0,0
09562,10045,0,0,0
09562,10046,0,0,0
09562,11000,543,393,150
09562,12051,0,0,0
09562,12052,0,0,0
09562,12053,0,0,0
09562,12054,15,15,0
09562,12060,13,13,0
09562,12061,14,14,0
09562,12062,10,10,0
09562,12063,16,16,0
09562,12064,15,15,0
09562,12065,16,16,0
09562,12066,0,0,0
09562,12067,0,0,0
09562,12068,0,0,0
09562,12069,17,17,0
09562,12070,0,0,0
09562,12071,0,0,0
09562,12072,11,11,0
09562,12073,0,0,0
09562,13003,0,0,0
09562,13004,0,0,0
09562,13071,0,0,0
09562,13072,11,11,0
09562,13073,10,10,0
09562,13074,0,0,0
09562,13075,14,14,0
09562,13076,0,0,0
09562,14511,39,28,11
09562,14521,25,25,0
09562,14522,29,29,0
09562,14523,35,35,0
09562,14524,27,27,0
09562,14612,87,73,14
09562,14625,21,21,0
09562,14626,35,35,0
09562,14627,0,0,0
09562,14628,11,11,0
09562,14713,79,62,17
09562,14729,30,30,0
09562,14730,15,15,0
09562,15001,0,0,0
09562,15002,20,20,0
09562,15003,53,53,0
09562,15081,0,0,0
09562,15082,0,0,0
09562,15083,0,0,0
09562,15084,15,15,0
09562,15085,0,0,0
09562,15086,0,0,0
09562,15087,11,11,0
09562,15088,18,18,0
09562,15089,0,0,0
09562,15090,0,0,0
09562,15091,0,0,0
09562,16051,23,23,0
09562,16052,0,0,0
09562,16053,34,23,11
09562,16054,11,11,0
09562,16055,0,0,0
09562,16056,0,0,0
09562,16061,0,0,0
09562,16062,0,0,0
09562,16063,16,16,0
09562,16064,12,12,0
09562,16065,0,0,0
09562,16066,23,23,0
09562,16067,18,18,0
09562,16068,0,0,0
09562,16069,20,20,0
09562,16070,23,23,0
09562,16071,0,0,0
09562,16072,15,15,0
09562,16073,19,19,0
09562,16074,0,0,0
09562,16075,13,13,0
09562,16076,16,16,0
09562,16077,0,0,0
09563,01001,0,0,0
09563,01002,0,0,0
09563,01003,12,0,12
09563,01004,0,0,0
09563,01051,0,0,0
09563,01053,0,0,0
09563,01054,0,0,0
09563,01055,0,0,0
09563,01056,0,0,0
09563,01057,0,0,0
09563,01058,0,0,0
09563,01059,0,0,0
09563,01060,0,0,0
09563,01061,0,0,0
09563,01062,12,0,12
09563,02000,122,24,98
09563,03101,0,0,0
09563,03102,0,0,0
09563,03103,0,0,0
09563,03151,0,0,0
09563,03153,0,0,0
09563,03154,0,0,0
09563,03155,11,0,11
09563,03157,0,0,0
09563,03158,0,0,0
09563,03159,0,0,0
09563,03241,53,17,36
09563,03251,0,0,0
09563,03252,0,0,0
09563,03254,0,0,0
09563,03255,0,0,0
09563,03256,0,0,0
09563,03257,0,0,0
09563,03351,0,0,0
09563,03352,0,0,0
09563,03353,0,0,0
09563,03354,0,0,0
09563,03355,0,0,0
09563,03356,0,0,0
09563,03357,0,0,0
09563,03358,0,0,0
09563,03359,0,0,0
09563,03360,0,0,0
09563,03361,0,0,0
09563,03401,0,0,0
09563,03402,0,0,0
09563,03403,0,0,0
09563,03404,0,0,0
09563,03405,0,0,0
09563,03451,0,0,0
09563,03452,0,0,0
09563,03453,0,0,0
09563,03454,0,0,0
09563,03455,0,0,0
09563,03456,0,0,0
09563,03457,0,0,0
09563,03458,0,0,0
09563,03459,0,0,0
09563,03460,0,0,0
09563,03461,0,0,0
09563,03462,0,0,0
09563,04011,0,0,0
09563,04012,0,0,0
09563,05111,77,12,65
09563,05112,0,0,0
09563,05113,21,0,21
09563,05114,0,0,0
09563,05116,0,0,0
09563,05117,0,0,0
09563,05119,0,0,0
09563,05120,0,0,0
09563,05122,0,0,0
09563,05124,13,0,13
09563,05154,0,0,0
09563,05158,38,14,24
09563,05162,23,10,13
09563,05166,0,0,0
09563,05170,0,0,0
09563,05314,19,0,19
09563,05315,107,26,81
09563,05316,0,0,0
09563,05334,16,0,16
09563,05358,0,0,0
09563,05362,0,0,0
09563,05366,0,0,0
09563,05370,0,0,0
09563,05374,19,0,19
09563,05378,0,0,0
09563,05382,14,0,14
09563,05512,0,0,0
09563,05513,0,0,0
09563,05515,0,0,0
09563,05554,0,0,0
09563,05558,0,0,0
09563,05562,0,0,0
09563,05566,0,0,0
09563,05570,0,0,0
09563,05711,0,0,0
09563,05754,20,0,20
09563,05758,0,0,0
09563,05762,0,0,0
09563,05766,0,0,0
09563,05770,0,0,0
09563,05774,0,0,0
09563,05911,0,0,0
09563,05913,22,11,11
09563,05914,0,0,0
09563,05915,0,0,0
09563,05916,0,0,0
09563,05954,0,0,0
09563,05958,0,0,0
09563,05962,10,0,10
09563,05966,0,0,0
09563,05970,0,0,0
09563,05974,0,0,0
09563,05978,21,0,21
09563,06411,0,0,0
09563,06412,137,15,122
09563,06413,0,0,0
09563,06414,19,0,19
09563,06431,12,12,0
09563,06432,11,0,11
09563,06433,0,0,0
09563,06434,31,0,31
09563,06435,35,16,19
09563,06436,24,0,24
09563,06437,0,0,0
09563,06438,50,16,34
09563,06439,0,0,0
09563,06440,0,0,0
09563,06531,0,0,0
09563,06532,0,0,0
09563,06533,0,0,0
09563,06534,0,0,0
09563,06535,0,0,0
09563,06611,17,0,17
09563,06631,0,0,0
09563,06632,0,0,0
09563,06633,0,0,0
09563,06634,0,0,0
09563,06635,0,0,0
09563,06636,0,0,0
09563,07111,0,0,0
09563,07131,0,0,0
09563,07132,0,0,0
09563,07133,0,0,0
09563,07134,0,0,0
09563,07135,0,0,0
09563,07137,0,0,0
09563,07138,0,0,0
09563,07140,0,0,0
09563,07141,0,0,0
09563,07143,0,0,0
09563,07211,0,0,0
09563,07231,0,0,0
09563,07232,0,0,0
09563,07233,0,0,0
09563,07235,0,0,0
09563,07311,0,0,0
09563,07312,0,0,0
09563,07313,0,0,0
09563,07314,12,0,12
09563,07315,10,0,10
09563,07316,0,0,0
09563,07317,0,0,0
09563,07318,0,0,0
09563,07319,0,0,0
09563,07320,0,0,0
09563,07331,0,0,0
09563,07332,0,0,0
09563,07333,0,0,0
09563,07334,0,0,0
09563,07335,0,0,0
09563,07336,0,0,0
09563,07337,0,0,0
09563,07338,0,0,0
09563,07339,0,0,0
09563,07340,0,0,0
09563,08111,79,20,59
09563,08115,21,0,21
09563,08116,60,0,60
09563,08117,0,0,0
09563,08118,33,12,21
09563,08119,11,0,11
09563,08121,0,0,0
09563,08125,16,0,16
09563,08126,11,0,11
09563,08127,28,16,12
09563,08128,0,0,0
09563,08135,0,0,0
09563,08136,13,0,13
09563,08211,0,0,0
09563,08212,32,12,20
09563,08215,0,0,0
09563,08216,0,0,0
09563,08221,0,0,0
09563,08222,65,0,65
09563,08225,0,0,0
09563,08226,31,18,13
09563,08231,0,0,0
09563,08235,0,0,0
09563,08236,0,0,0
09563,08237,0,0,0
09563,08311,0,0,0
09563,08315,0,0,0
09563,08316,0,0,0
09563,08317,0,0,0
09563,08325,0,0,0
09563,08326,0,0,0
09563,08327,0,0,0
09563,08335,0,0,0
09563,08336,0,0,0
09563,08337,0,0,0
09563,08415,0,0,0
09563,08416,0,0,0
09563,08417,0,0,0
09563,08421,0,0,0
09563,08425,0,0,0
09563,08426,0,0,0
09563,08435,0,0,0
09563,08436,0,0,0
09563,08437,0,0,0
09563,09161,84,19,65
09563,09162,772,99,673
09563,09163,0,0,0
09563,09171,0,0,0
09563,09172,0,0,0
09563,09173,0,0,0
09563,09174,35,12,23
09563,09175,18,0,18
09563,09176,49,30,19
09563,09177,0,0,0
09563,09178,84,29,55
09563,09179,26,14,12
09563,09180,0,0,0
09563,09181,0,0,0
09563,09182,11,0,11
09563,09183,0,0,0
09563,09184,145,15,130
09563,09185,0,0,0
09563,09186,53,15,38
09563,09187,0,0,0
09563,09188,13,0,13
09563,09189,0,0,0
09563,09190,0,0,0
09563,09261,0,0,0
09563,09262,0,0,0
09563,09263,0,0,0
09563,09271,0,0,0
09563,09272,0,0,0
09563,09273,35,19,16
09563,09274,13,0,13
09563,09275,10,10,0
09563,09276,0,0,0
09563,09277,0,0,0
09563,09278,0,0,0
09563,09279,0,0,0
09563,09361,64,35,29
09563,09362,108,39,69
09563,09363,19,0,19
09563,09371,211,172,39
09563,09372,55,39,16
09563,09373,515,357,158
09563,09374,19,19,0
09563,09375,106,80,26
09563,09376,98,74,24
09563,09377,11,11,0
09563,09461,267,127,140
09563,09462,100,50,50
09563,09463,36,16,20
09563,09464,11,0,11
09563,09471,440,358,82
09563,09472,134,113,21
09563,09473,71,71,0
09563,09474,1468,1064,404
09563,09475,37,24,13
09563,09476,22,12,10
09563,09477,32,20,12
09563,09478,63,48,15
09563,09479,22,22,0
09563,09561,257,108,149
09563,09562,6441,1618,4823
09563,09563,0,0,0
09563,09564,35190,11719,23471
09563,09565,874,514,360
09563,09571,742,560,182
09563,09572,3771,1722,2049
09563,09573,10059,6985,3074
09563,09574,2415,1431,984
09563,09575,1647,1282,365
09563,09576,1477,1006,471
09563,09577,207,145,62
09563,09661,0,0,0
09563,09662,43,16,27
09563,09663,86,34,52
09563,09671,0,0,0
09563,09672,25,15,10
09563,09673,17,17,0
09563,09674,76,52,24
09563,09675,106,81,25
09563,09676,0,0,0
09563,09677,0,0,0
09563,09678,55,42,13
09563,09679,79,48,31
09563,09761,66,30,36
09563,09762,0,0,0
09563,09763,0,0,0
09563,09764,0,0,0
09563,09771,19,0,19
09563,09772,50,22,28
09563,09773,10,10,0
09563,09774,0,0,0
09563,09775,11,11,0
09563,09776,0,0,0
09563,09777,0,0,0
09563,09778,0,0,0
09563,09779,33,21,12
09563,09780,0,0,0
09563,10041,16,0,16
09563,10042,0,0,0
09563,10043,0,0,0
09563,10044,0,0,0
09563,10045,0,0,0
09563,10046,0,0,0
09563,11000,263,88,175
09563,12051,0,0,0
09563,12052,0,0,0
09563,12053,0,0,0
09563,12054,0,0,0
09563,12060,0,0,0
09563,12061,0,0,0
09563,12062,0,0,0
09563,12063,0,0,0
09563,12064,0,0,0
09563,12065,0,0,0
09563,12066,0,0,0
09563,12067,0,0,0
09563,12068,0,0,0
09563,12069,0,0,0
09563,12070,0,0,0
09563,12071,0,0,0
09563,12072,0,0,0
09563,12073,0,0,0
09563,13003,0,0,0
09563,13004,0,0,0
09563,13071,0,0,0
09563,13072,0,0,0
09563,13073,0,0,0
09563,13074,0,0,0
09563,13075,0,0,0
09563,13076,0,0,0
09563,14511,31,16,15
09563,14521,24,24,0
09563,14522,0,0,0
09563,14523,19,19,0
09563,14524,28,28,0
09563,14612,39,25,14
09563,14625,0,0,0
09563,14626,0,0,0
09563,14627,20,0,20
09563,14628,0,0,0
09563,14713,37,21,16
09563,14729,0,0,0
09563,14730,0,0,0
09563,15001,0,0,0
09563,15002,0,0,0
09563,15003,0,0,0
09563,15081,0,0,0
09563,15082,0,0,0
09563,15083,0,0,0
09563,15084,25,25,0
09563,15085,0,0,0
09563,15086,0,0,0
09563,15087,0,0,0
09563,15088,0,0,0
09563,15089,0,0,0
09563,15090,0,0,0
09563,15091,0,0,0
09563,16051,15,15,0
09563,16052,11,11,0
09563,16053,20,0,20
09563,16054,0,0,0
09563,16055,0,0,0
09563,16056,0,0,0
09563,16061,0,0,0
09563,16062,0,0,0
09563,16063,0,0,0
09563,16064,0,0,0
09563,16065,0,0,0
09563,16066,30,30,0
09563,16067,11,11,0
09563,16068,0,0,0
09563,16069,15,15,0
09563,16070,0,0,0
09563,16071,0,0,0
09563,16072,0,0,0
09563,16073,0,0,0
09563,16074,0,0,0
09563,16075,0,0,0
09563,16076,0,0,0
09563,16077,0,0,0
09564,01001,15,15,0
09564,01002,41,25,16
09564,01003,48,26,22
09564,01004,0,0,0
09564,01051,12,12,0
09564,01053,20,20,0
09564,01054,11,11,0
09564,01055,21,21,0
09564,01056,88,69,19
09564,01057,12,12,0
09564,01058,32,32,0
09564,01059,11,11,0
09564,01060,62,38,24
09564,01061,13,13,0
09564,01062,117,58,59
09564,02000,878,454,424
09564,03101,60,40,20
09564,03102,11,11,0
09564,03103,27,13,14
09564,03151,21,21,0
09564,03153,63,22,41
09564,03154,0,0,0
09564,03155,53,24,29
09564,03157,16,16,0
09564,03158,21,21,0
09564,03159,70,41,29
09564,03241,523,331,192
09564,03251,30,30,0
09564,03252,15,15,0
09564,03254,77,56,21
09564,03255,0,0,0
09564,03256,19,19,0
09564,03257,32,32,0
09564,03351,38,38,0
09564,03352,13,13,0
09564,03353,64,47,17
09564,03354,0,0,0
09564,03355,55,33,22
09564,03356,12,12,0
09564,03357,20,20,0
09564,03358,16,16,0
09564,03359,30,30,0
09564,03360,22,22,0
09564,03361,22,22,0
09564,03401,10,10,0
09564,03402,0,0,0
09564,03403,47,27,20
09564,03404,65,16,49
09564,03405,11,11,0
09564,03451,10,10,0
09564,03452,19,19,0
09564,03453,11,11,0
09564,03454,79,23,56
09564,03455,0,0,0
09564,03456,10,10,0
09564,03457,13,13,0
09564,03458,18,18,0
09564,03459,53,36,17
09564,03460,19,19,0
09564,03461,0,0,0
09564,03462,0,0,0
09564,04011,163,78,85
09564,04012,10,10,0
09564,05111,531,207,324
09564,05112,163,118,45
09564,05113,216,101,115
09564,05114,52,35,17
09564,05116,64,45,19
09564,05117,27,27,0
09564,05119,53,31,22
09564,05120,17,0,17
09564,05122,39,19,20
09564,05124,70,39,31
09564,05154,56,38,18
09564,05158,168,98,70
09564,05162,188,104,84
09564,05166,91,35,56
09564,05170,79,60,19
09564,05314,154,102,52
09564,05315,622,271,351
09564,05316,39,25,14
09564,05334,201,71,130
09564,05358,48,22,26
09564,05362,111,80,31
09564,05366,48,28,20
09564,05370,33,33,0
09564,05374,96,37,59
09564,05378,83,72,11
09564,05382,174,139,35
09564,05512,13,13,0
09564,05513,72,30,42
09564,05515,83,57,26
09564,05554,69,51,18
09564,05558,25,25,0
09564,05562,103,78,25
09564,05566,78,57,21
09564,05570,30,30,0
09564,05711,81,40,41
09564,05754,111,49,62
09564,05758,53,40,13
09564,05762,0,0,0
09564,05766,48,37,11
09564,05770,58,35,23
09564,05774,54,42,12
09564,05911,101,55,46
09564,05913,192,113,79
09564,05914,19,19,0
09564,05915,16,16,0
09564,05916,17,17,0
09564,05954,64,49,15
09564,05958,47,27,20
09564,05962,47,27,20
09564,05966,11,0,11
09564,05970,56,28,28
09564,05974,30,30,0
09564,05978,139,65,74
09564,06411,120,60,60
09564,06412,931,360,571
09564,06413,88,67,21
09564,06414,189,86,103
09564,06431,92,57,35
09564,06432,182,106,76
09564,06433,125,89,36
09564,06434,253,81,172
09564,06435,212,127,85
09564,06436,279,105,174
09564,06437,16,16,0
09564,06438,330,186,144
09564,06439,44,27,17
09564,06440,142,114,28
09564,06531,87,57,30
09564,06532,78,62,16
09564,06533,34,22,12
09564,06534,66,41,25
09564,06535,18,18,0
09564,06611,102,74,28
09564,06631,131,98,33
09564,06632,54,44,10
09564,06633,41,31,10
09564,06634,28,28,0
09564,06635,25,25,0
09564,06636,19,19,0
09564,07111,46,29,17
09564,07131,24,24,0
09564,07132,17,17,0
09564,07133,30,30,0
09564,07134,18,18,0
09564,07135,0,0,0
09564,07137,33,33,0
09564,07138,48,35,13
09564,07140,39,39,0
09564,07141,18,18,0
09564,07143,43,29,14
09564,07211,16,16,0
09564,07231,15,15,0
09564,07232,0,0,0
09564,07233,0,0,0
09564,07235,11,11,0
09564,07311,0,0,0
09564,07312,44,30,14
09564,07313,0,0,0
09564,07314,125,40,85
09564,07315,102,51,51
09564,07316,0,0,0
09564,07317,11,0,11
09564,07318,22,22,0
09564,07319,20,20,0
09564,07320,0,0,0
09564,07331,33,21,12
09564,07332,31,31,0
09564,07333,11,11,0
09564,07334,70,70,0
09564,07335,25,25,0
09564,07336,0,0,0
09564,07337,31,31,0
09564,07338,56,40,16
09564,07339,64,51,13
09564,07340,14,14,0
09564,08111,555,227,328
09564,08115,183,132,51
09564,08116,341,134,207
09564,08117,75,49,26
09564,08118,322,155,167
09564,08119,166,98,68
09564,08121,96,46,50
09564,08125,141,89,52
09564,08126,89,30,59
09564,08127,203,125,78
09564,08128,148,114,34
09564,08135,58,39,19
09564,08136,163,107,56
09564,08211,26,11,15
09564,08212,194,108,86
09564,08215,129,79,50
09564,08216,98,47,51
09564,08221,79,45,34
09564,08222,258,109,149
09564,08225,41,41,0
09564,08226,218,155,63
09564,08231,46,27,19
09564,08235,37,23,14
09564,08236,84,54,30
09564,08237,19,19,0
09564,08311,75,51,24
09564,08315,62,62,0
09564,08316,76,76,0
09564,08317,151,120,31
09564,08325,34,23,11
09564,08326,59,42,17
09564,08327,17,17,0
09564,08335,118,85,33
09564,08336,53,26,27
09564,08337,15,15,0
09564,08415,100,57,43
09564,08416,85,61,24
09564,08417,33,19,14
09564,08421,131,67,64
09564,08425,68,49,19
09564,08426,44,29,15
09564,08435,86,50,36
09564,08436,84,60,24
09564,08437,25,25,0
09564,09161,783,320,463
09564,09162,4970,1732,3238
09564,09163,53,27,26
09564,09171,55,40,15
09564,09172,77,42,35
09564,09173,89,59,30
09564,09174,216,146,70
09564,09175,158,99,59
09564,09176,416,233,183
09564,09177,138,107,31
09564,09178,455,184,271
09564,09179,224,170,54
09564,09180,32,32,0
09564,09181,85,54,31
09564,09182,91,40,51
09564,09183,94,74,20
09564,09184,933,267,666
09564,09185,108,78,30
09564,09186,379,174,205
09564,09187,230,187,43
09564,09188,199,152,47
09564,09189,119,70,49
09564,09190,61,47,14
09564,09261,96,70,26
09564,09262,59,41,18
09564,09263,87,63,24
09564,09271,107,73,34
09564,09272,36,36,0
09564,09273,238,177,61
09564,09274,190,128,62
09564,09275,125,106,19
09564,09276,30,30,0
09564,09277,58,42,16
09564,09278,125,112,13
09564,09279,140,71,69
09564,09361,624,437,187
09564,09362,1212,803,409
09564,09363,316,213,103
09564,09371,1855,1611,244
09564,09372,204,171,33
09564,09373,6615,5503,1112
09564,09374,459,394,65
09564,09375,690,599,91
09564,09376,557,459,98
09564,09377,213,172,41
09564,09461,1429,969,460
09564,09462,874,604,270
09564,09463,291,216,75
09564,09464,182,148,34
09564,09471,1947,1684,263
09564,09472,1475,1386,89
09564,09473,290,250,40
09564,09474,7189,6104,1085
09564,09475,304,255,49
09564,09476,202,169,33
09564,09477,689,641,48
09564,09478,371,320,51
09564,09479,190,163,27
09564,09561,1598,1006,592
09564,09562,18238,6911,11327
09564,09563,35190,23471,11719
09564,09564,0,0,0
09564,09565,8589,5901,2688
09564,09571,4857,4069,788
09564,09572,15636,9213,6423
09564,09573,24030,19469,4561
09564,09574,30868,23231,7637
09564,09575,4290,3725,565
09564,09576,16284,12795,3489
09564,09577,2333,1995,338
09564,09661,85,70,15
09564,09662,177,111,66
09564,09663,788,580,208
09564,09671,177,115,62
09564,09672,171,141,30
09564,09673,182,146,36
09564,09674,324,261,63
09564,09675,584,477,107
09564,09676,75,51,24
09564,09677,288,263,25
09564,09678,303,247,56
09564,09679,664,576,88
09564,09761,448,287,161
09564,09762,13,13,0
09564,09763,38,27,11
09564,09764,22,11,11
09564,09771,188,109,79
09564,09772,373,240,133
09564,09773,65,40,25
09564,09774,67,49,18
09564,09775,118,81,37
09564,09776,47,19,28
09564,09777,55,43,12
09564,09778,45,45,0
09564,09779,293,209,84
09564,09780,75,57,18
09564,10041,112,72,40
09564,10042,14,14,0
09564,10043,16,16,0
09564,10044,69,69,0
09564,10045,33,23,10
09564,10046,15,15,0
09564,11000,1691,1049,642
09564,12051,0,0,0
09564,12052,29,29,0
09564,12053,25,25,0
09564,12054,58,43,15
09564,12060,39,39,0
09564,12061,78,51,27
09564,12062,35,35,0
09564,12063,47,34,13
09564,12064,29,29,0
09564,12065,39,39,0
09564,12066,35,35,0
09564,12067,37,37,0
09564,12068,23,23,0
09564,12069,70,51,19
09564,12070,0,0,0
09564,12071,36,36,0
09564,12072,33,33,0
09564,12073,0,0,0
09564,13003,43,43,0
09564,13004,25,25,0
09564,13071,45,45,0
09564,13072,21,21,0
09564,13073,36,36,0
09564,13074,16,16,0
09564,13075,22,22,0
09564,13076,31,31,0
09564,14511,257,215,42
09564,14521,239,221,18
09564,14522,172,158,14
09564,14523,247,223,24
09564,14524,246,215,31
09564,14612,278,217,61
09564,14625,79,69,10
09564,14626,83,73,10
09564,14627,97,69,28
09564,14628,78,67,11
09564,14713,413,321,92
09564,14729,102,79,23
09564,14730,110,96,14
09564,15001,19,19,0
09564,15002,142,131,11
09564,15003,157,157,0
09564,15081,10,10,0
09564,15082,52,52,0
09564,15083,32,32,0
09564,15084,91,91,0
09564,15085,70,70,0
09564,15086,16,16,0
09564,15087,54,54,0
09564,15088,70,70,0
09564,15089,86,75,11
09564,15090,15,15,0
09564,15091,52,42,10
09564,16051,149,120,29
09564,16052,54,54,0
09564,16053,88,48,40
09564,16054,39,39,0
09564,16055,38,28,10
09564,16056,10,10,0
09564,16061,27,27,0
09564,16062,20,20,0
09564,16063,28,28,0
09564,16064,35,35,0
09564,16065,31,31,0
09564,16066,118,105,13
09564,16067,58,47,11
09564,16068,31,31,0
09564,16069,114,92,22
09564,16070,93,81,12
09564,16071,32,32,0
09564,16072,90,75,15
09564,16073,81,81,0
09564,16074,47,47,0
09564,16075,109,95,14
09564,16076,98,98,0
09564,16077,74,64,10
09565,01001,0,0,0
09565,01002,0,0,0
09565,01003,0,0,0
09565,01004,0,0,0
09565,01051,0,0,0
09565,01053,0,0,0
09565,01054,0,0,0
09565,01055,0,0,0
09565,01056,0,0,0
09565,01057,0,0,0
09565,01058,0,0,0
09565,01059,0,0,0
09565,01060,0,0,0
09565,01061,0,0,0
09565,01062,0,0,0
09565,02000,43,23,20
09565,03101,0,0,0
09565,03102,0,0,0
09565,03103,0,0,0
09565,03151,0,0,0
09565,03153,0,0,0
09565,03154,0,0,0
09565,03155,0,0,0
09565,03157,0,0,0
09565,03158,0,0,0
09565,03159,0,0,0
09565,03241,29,16,13
09565,03251,0,0,0
09565,03252,0,0,0
09565,03254,0,0,0
09565,03255,0,0,0
09565,03256,0,0,0
09565,03257,0,0,0
09565,03351,0,0,0
09565,03352,0,0,0
09565,03353,0,0,0
09565,03354,0,0,0
09565,03355,0,0,0
09565,03356,0,0,0
09565,03357,0,0,0
09565,03358,0,0,0
09565,03359,0,0,0
09565,03360,0,0,0
09565,03361,0,0,0
09565,03401,0,0,0
09565,03402,0,0,0
09565,03403,0,0,0
09565,03404,0,0,0
09565,03405,0,0,0
09565,03451,0,0,0
09565,03452,0,0,0
09565,03453,0,0,0
09565,03454,0,0,0
09565,03455,0,0,0
09565,03456,0,0,0
09565,03457,0,0,0
09565,03458,0,0,0
09565,03459,0,0,0
09565,03460,0,0,0
09565,03461,0,0,0
09565,03462,0,0,0
09565,04011,0,0,0
09565,04012,0,0,0
09565,05111,20,0,20
09565,05112,0,0,0
09565,05113,0,0,0
09565,05114,0,0,0
09565,05116,0,0,0
09565,05117,0,0,0
09565,05119,0,0,0
09565,05120,0,0,0
09565,05122,0,0,0
09565,05124,0,0,0
09565,05154,0,0,0
09565,05158,11,0,11
09565,05162,0,0,0
09565,05166,0,0,0
09565,05170,0,0,0
09565,05314,0,0,0
09565,05315,13,0,13
09565,05316,0,0,0
09565,05334,0,0,0
09565,05358,0,0,0
09565,05362,0,0,0
09565,05366,0,0,0
09565,05370,0,0,0
09565,05374,0,0,0
09565,05378,0,0,0
09565,05382,0,0,0
09565,05512,0,0,0
09565,05513,0,0,0
09565,05515,0,0,0
09565,05554,0,0,0
09565,05558,0,0,0
09565,05562,0,0,0
09565,05566,0,0,0
09565,05570,0,0,0
09565,05711,0,0,0
09565,05754,0,0,0
09565,05758,0,0,0
09565,05762,0,0,0
09565,05766,0,0,0
09565,05770,0,0,0
09565,05774,0,0,0
09565,05911,0,0,0
09565,05913,0,0,0
09565,05914,0,0,0
09565,05915,0,0,0
09565,05916,0,0,0
09565,05954,0,0,0
09565,05958,0,0,0
09565,05962,0,0,0
09565,05966,0,0,0
09565,05970,0,0,0
09565,05974,0,0,0
09565,05978,0,0,0
09565,06411,0,0,0
09565,06412,42,15,27
09565,06413,0,0,0
09565,06414,0,0,0
09565,06431,0,0,0
09565,06432,0,0,0
09565,06433,0,0,0
09565,06434,0,0,0
09565,06435,0,0,0
09565,06436,10,0,10
09565,06437,0,0,0
09565,06438,0,0,0
09565,06439,0,0,0
09565,06440,0,0,0
09565,06531,0,0,0
09565,06532,0,0,0
09565,06533,0,0,0
09565,06534,0,0,0
09565,06535,0,0,0
09565,06611,30,30,0
09565,06631,0,0,0
09565,06632,0,0,0
09565,06633,14,14,0
09565,06634,0,0,0
09565,06635,0,0,0
09565,06636,0,0,0
09565,07111,0,0,0
09565,07131,0,0,0
09565,07132,0,0,0
09565,07133,0,0,0
09565,07134,0,0,0
09565,07135,0,0,0
09565,07137,0,0,0
09565,07138,0,0,0
09565,07140,0,0,0
09565,07141,0,0,0
09565,07143,0,0,0
09565,07211,0,0,0
09565,07231,0,0,0
09565,07232,0,0,0
09565,07233,0,0,0
09565,07235,0,0,0
09565,07311,0,0,0
09565,07312,0,0,0
09565,07313,0,0,0
09565,07314,0,0,0
09565,07315,0,0,0
09565,07316,0,0,0
09565,07317,0,0,0
09565,07318,0,0,0
09565,07319,0,0,0
09565,07320,0,0,0
09565,07331,0,0,0
09565,07332,0,0,0
09565,07333,0,0,0
09565,07334,0,0,0
09565,07335,0,0,0
09565,07336,0,0,0
09565,07337,0,0,0
09565,07338,0,0,0
09565,07339,0,0,0
09565,07340,0,0,0
09565,08111,17,0,17
09565,08115,0,0,0
09565,08116,11,0,11
09565,08117,0,0,0
09565,08118,12,12,0
09565,08119,0,0,0
09565,08121,0,0,0
09565,08125,10,0,10
09565,08126,0,0,0
09565,08127,0,0,0
09565,08128,0,0,0
09565,08135,0,0,0
09565,08136,13,0,13
09565,08211,0,0,0
09565,08212,0,0,0
09565,08215,0,0,0
09565,08216,0,0,0
09565,08221,0,0,0
09565,08222,0,0,0
09565,08225,0,0,0
09565,08226,0,0,0
09565,08231,0,0,0
09565,08235,0,0,0
09565,08236,0,0,0
09565,08237,0,0,0
09565,08311,0,0,0
09565,08315,0,0,0
09565,08316,0,0,0
09565,08317,0,0,0
09565,08325,0,0,0
09565,08326,0,0,0
09565,08327,24,24,0
09565,08335,0,0,0
09565,08336,0,0,0
09565,08337,0,0,0
09565,08415,0,0,0
09565,08416,0,0,0
09565,08417,0,0,0
09565,08421,0,0,0
09565,08425,0,0,0
09565,08426,0,0,0
09565,08435,0,0,0
09565,08436,0,0,0
09565,08437,0,0,0
09565,09161,28,0,28
09565,09162,213,30,183
09565,09163,0,0,0
09565,09171,0,0,0
09565,09172,0,0,0
09565,09173,0,0,0
09565,09174,0,0,0
09565,09175,0,0,0
09565,09176,46,15,31
09565,09177,0,0,0
09565,09178,17,0,17
09565,09179,0,0,0
09565,09180,0,0,0
09565,09181,0,0,0
09565,09182,0,0,0
09565,09183,0,0,0
09565,09184,62,0,62
09565,09185,0,0,0
09565,09186,35,24,11
09565,09187,0,0,0
09565,09188,0,0,0
09565,09189,0,0,0
09565,09190,0,0,0
09565,09261,0,0,0
09565,09262,0,0,0
09565,09263,0,0,0
09565,09271,0,0,0
09565,09272,0,0,0
09565,09273,25,11,14
09565,09274,0,0,0
09565,09275,0,0,0
09565,09276,0,0,0
09565,09277,0,0,0
09565,09278,0,0,0
09565,09279,0,0,0
09565,09361,11,11,0
09565,09362,31,12,19
09565,09363,0,0,0
09565,09371,40,28,12
09565,09372,0,0,0
09565,09373,267,165,102
09565,09374,0,0,0
09565,09375,53,11,42
09565,09376,10,10,0
09565,09377,0,0,0
09565,09461,10,10,0
09565,09462,20,0,20
09565,09463,0,0,0
09565,09464,0,0,0
09565,09471,26,26,0
09565,09472,36,25,11
09565,09473,0,0,0
09565,09474,72,43,29
09565,09475,0,0,0
09565,09476,0,0,0
09565,09477,0,0,0
09565,09478,0,0,0
09565,09479,0,0,0
09565,09561,198,73,125
09565,09562,362,48,314
09565,09563,874,360,514
09565,09564,8589,2688,5901
09565,09565,0,0,0
09565,09571,762,567,195
09565,09572,171,71,100
09565,09573,836,514,322
09565,09574,758,414,344
09565,09575,55,35,20
09565,09576,6545,4525,2020
09565,09577,473,323,150
09565,09661,0,0,0
09565,09662,0,0,0
09565,09663,33,22,11
09565,09671,0,0,0
09565,09672,0,0,0
09565,09673,0,0,0
09565,09674,0,0,0
09565,09675,0,0,0
09565,09676,0,0,0
09565,09677,0,0,0
09565,09678,0,0,0
09565,09679,18,18,0
09565,09761,12,0,12
09565,09762,0,0,0
09565,09763,0,0,0
09565,09764,0,0,0
09565,09771,0,0,0
09565,09772,19,0,19
09565,09773,0,0,0
09565,09774,0,0,0
09565,09775,0,0,0
09565,09776,0,0,0
09565,09777,0,0,0
09565,09778,0,0,0
09565,09779,11,0,11
09565,09780,0,0,0
09565,10041,0,0,0
09565,10042,0,0,0
09565,10043,0,0,0
09565,10044,0,0,0
09565,10045,0,0,0
09565,10046,0,0,0
09565,11000,71,43,28
09565,12051,0,0,0
09565,12052,0,0,0
09565,12053,0,0,0
09565,12054,0,0,0
09565,12060,0,0,0
09565,12061,0,0,0
09565,12062,0,0,0
09565,12063,0,0,0
09565,12064,0,0,0
09565,12065,0,0,0
09565,12066,0,0,0
09565,12067,0,0,0
09565,12068,0,0,0
09565,12069,0,0,0
09565,12070,0,0,0
09565,12071,0,0,0
09565,12072,0,0,0
09565,12073,0,0,0
09565,13003,0,0,0
09565,13004,0,0,0
09565,13071,0,0,0
09565,13072,0,0,0
09565,13073,0,0,0
09565,13074,0,0,0
09565,13075,0,0,0
09565,13076,0,0,0
09565,14511,0,0,0
09565,14521,0,0,0
09565,14522,0,0,0
09565,14523,0,0,0
09565,14524,0,0,0
09565,14612,10,10,0
09565,14625,0,0,0
09565,14626,0,0,0
09565,14627,10,10,0
09565,14628,0,0,0
09565,14713,0,0,0
09565,14729,0,0,0
09565,14730,0,0,0
09565,15001,0,0,0
09565,15002,0,0,0
09565,15003,0,0,0
09565,15081,0,0,0
09565,15082,0,0,0
09565,15083,0,0,0
09565,15084,0,0,0
09565,15085,0,0,0
09565,15086,0,0,0
09565,15087,0,0,0
09565,15088,0,0,0
09565,15089,0,0,0
09565,15090,0,0,0
09565,15091,0,0,0
09565,16051,13,13,0
09565,16052,0,0,0
09565,16053,0,0,0
09565,16054,0,0,0
09565,16055,0,0,0
09565,16056,0,0,0
09565,16061,0,0,0
09565,16062,0,0,0
09565,16063,0,0,0
09565,16064,0,0,0
09565,16065,0,0,0
09565,16066,0,0,0
09565,16067,0,0,0
09565,16068,0,0,0
09565,16069,0,0,0
09565,16070,0,0,0
09565,16071,0,0,0
09565,16072,0,0,0
09565,16073,0,0,0
09565,16074,0,0,0
09565,16075,0,0,0
09565,16076,0,0,0
09565,16077,0,0,0
09571,01001,0,0,0
09571,01002,0,0,0
09571,01003,15,0,15
09571,01004,0,0,0
09571,01051,0,0,0
09571,01053,0,0,0
09571,01054,0,0,0
09571,01055,0,0,0
09571,01056,0,0,0
09571,01057,0,0,0
09571,01058,0,0,0
09571,01059,0,0,0
09571,01060,0,0,0
09571,01061,0,0,0
09571,01062,0,0,0
09571,02000,98,30,68
09571,03101,0,0,0
09571,03102,0,0,0
09571,03103,0,0,0
09571,03151,0,0,0
09571,03153,0,0,0
09571,03154,0,0,0
09571,03155,0,0,0
09571,03157,0,0,0
09571,03158,0,0,0
09571,03159,0,0,0
09571,03241,42,14,28
09571,03251,0,0,0
09571,03252,0,0,0
09571,03254,0,0,0
09571,03255,0,0,0
09571,03256,0,0,0
09571,03257,0,0,0
09571,03351,0,0,0
09571,03352,0,0,0
09571,03353,0,0,0
09571,03354,0,0,0
09571,03355,0,0,0
09571,03356,0,0,0
09571,03357,0,0,0
09571,03358,0,0,0
09571,03359,0,0,0
09571,03360,0,0,0
09571,03361,0,0,0
09571,03401,0,0,0
09571,03402,0,0,0
09571,03403,0,0,0
09571,03404,0,0,0
09571,03405,0,0,0
09571,03451,0,0,0
09571,03452,0,0,0
09571,03453,0,0,0
09571,03454,11,0,11
09571,03455,0,0,0
09571,03456,0,0,0
09571,03457,0,0,0
09571,03458,0,0,0
09571,03459,11,0,11
09571,03460,0,0,0
09571,03461,0,0,0
09571,03462,0,0,0
09571,04011,11,0,11
09571,04012,0,0,0
09571,05111,84,0,84
09571,05112,0,0,0
09571,05113,15,0,15
09571,05114,18,0,18
09571,05116,0,0,0
09571,05117,0,0,0
09571,05119,0,0,0
09571,05120,0,0,0
09571,05122,0,0,0
09571,05124,0,0,0
09571,05154,0,0,0
09571,05158,21,0,21
09571,05162,24,13,11
09571,05166,0,0,0
09571,05170,0,0,0
09571,05314,11,0,11
09571,05315,52,10,42
09571,05316,0,0,0
09571,05334,14,0,14
09571,05358,0,0,0
09571,05362,18,0,18
09571,05366,0,0,0
09571,05370,0,0,0
09571,05374,0,0,0
09571,05378,0,0,0
09571,05382,0,0,0
09571,05512,0,0,0
09571,05513,0,0,0
09571,05515,0,0,0
09571,05554,0,0,0
09571,05558,0,0,0
09571,05562,0,0,0
09571,05566,0,0,0
09571,05570,0,0,0
09571,05711,10,0,10
09571,05754,24,0,24
09571,05758,0,0,0
09571,05762,0,0,0
09571,05766,0,0,0
09571,05770,0,0,0
09571,05774,0,0,0
09571,05911,0,0,0
09571,05913,24,10,14
09571,05914,0,0,0
09571,05915,0,0,0
09571,05916,0,0,0
09571,05954,0,0,0
09571,05958,0,0,0
09571,05962,0,0,0
09571,05966,0,0,0
09571,05970,0,0,0
09571,05974,0,0,0
09571,05978,0,0,0
09571,06411,12,0,12
09571,06412,90,17,73
09571,06413,0,0,0
09571,06414,0,0,0
09571,06431,27,15,12
09571,06432,0,0,0
09571,06433,0,0,0
09571,06434,17,0,17
09571,06435,83,14,69
09571,06436,27,0,27
09571,06437,0,0,0
09571,06438,42,16,26
09571,06439,0,0,0
09571,06440,13,0,13
09571,06531,0,0,0
09571,06532,0,0,0
09571,06533,0,0,0
09571,06534,0,0,0
09571,06535,0,0,0
09571,06611,0,0,0
09571,06631,14,0,14
09571,06632,0,0,0
09571,06633,12,0,12
09571,06634,35,0,35
09571,06635,0,0,0
09571,06636,0,0,0
09571,07111,0,0,0
09571,07131,0,0,0
09571,07132,0,0,0
09571,07133,0,0,0
09571,07134,0,0,0
09571,07135,0,0,0
09571,07137,0,0,0
09571,07138,0,0,0
09571,07140,0,0,0
09571,07141,0,0,0
09571,07143,28,12,16
09571,07211,0,0,0
09571,07231,0,0,0
09571,07232,0,0,0
09571,07233,0,0,0
09571,07235,0,0,0
09571,07311,0,0,0
09571,07312,0,0,0
09571,07313,0,0,0
09571,07314,0,0,0
09571,07315,12,0,12
09571,07316,0,0,0
09571,07317,0,0,0
09571,07318,0,0,0
09571,07319,0,0,0
09571,07320,0,0,0
09571,07331,0,0,0
09571,07332,0,0,0
09571,07333,0,0,0
09571,07334,0,0,0
09571,07335,12,12,0
09571,07336,0,0,0
09571,07337,0,0,0
09571,07338,0,0,0
09571,07339,0,0,0
09571,07340,0,0,0
09571,08111,135,22,113
09571,08115,55,17,38
09571,08116,80,24,56
09571,08117,21,0,21
09571,08118,85,26,59
09571,08119,102,23,79
09571,08121,30,0,30
09571,08125,71,27,44
09571,08126,176,45,131
09571,08127,5051,1985,3066
09571,08128,635,346,289
09571,08135,73,26,47
09571,08136,2359,810,1549
09571,08211,0,0,0
09571,08212,106,0,106
09571,08215,37,15,22
09571,08216,0,0,0
09571,08221,0,0,0
09571,08222,35,10,25
09571,08225,0,0,0
09571,08226,30,0,30
09571,08231,0,0,0
09571,08235,10,0,10
09571,08236,10,0,10
09571,08237,0,0,0
09571,08311,12,0,12
09571,08315,0,0,0
09571,08316,0,0,0
09571,08317,10,0,10
09571,08325,0,0,0
09571,08326,50,0,50
09571,08327,0,0,0
09571,08335,0,0,0
09571,08336,0,0,0
09571,08337,0,0,0
09571,08415,12,0,12
09571,08416,0,0,0
09571,08417,0,0,0
09571,08421,36,10,26
09571,08425,11,0,11
09571,08426,17,0,17
09571,08435,0,0,0
09571,08436,31,10,21
09571,08437,10,0,10
09571,09161,50,0,50
09571,09162,746,44,702
09571,09163,0,0,0
09571,09171,0,0,0
09571,09172,0,0,0
09571,09173,0,0,0
09571,09174,20,0,20
09571,09175,31,11,20
09571,09176,60,0,60
09571,09177,0,0,0
09571,09178,45,0,45
09571,09179,0,0,0
09571,09180,0,0,0
09571,09181,0,0,0
09571,09182,0,0,0
09571,09183,0,0,0
09571,09184,133,15,118
09571,09185,13,0,13
09571,09186,40,10,30
09571,09187,37,16,21
09571,09188,16,0,16
09571,09189,0,0,0
09571,09190,0,0,0
09571,09261,0,0,0
09571,09262,0,0,0
09571,09263,0,0,0
09571,09271,13,0,13
09571,09272,10,0,10
09571,09273,49,11,38
09571,09274,0,0,0
09571,09275,14,14,0
09571,09276,0,0,0
09571,09277,0,0,0
09571,09278,0,0,0
09571,09279,0,0,0
09571,09361,10,0,10
09571,09362,44,0,44
09571,09363,0,0,0
09571,09371,39,26,13
09571,09372,11,0,11
09571,09373,120,55,65
09571,09374,30,30,0
09571,09375,20,0,20
09571,09376,27,10,17
09571,09377,0,0,0
09571,09461,137,52,85
09571,09462,21,0,21
09571,09463,0,0,0
09571,09464,16,0,16
09571,09471,288,128,160
09571,09472,17,17,0
09571,09473,23,12,11
09571,09474,69,35,34
09571,09475,31,15,16
09571,09476,0,0,0
09571,09477,10,10,0
09571,09478,10,0,10
09571,09479,0,0,0
09571,09561,16743,4171,12572
09571,09562,371,49,322
09571,09563,742,182,560
09571,09564,4857,788,4069
09571,09565,762,195,567
09571,09571,0,0,0
09571,09572,249,73,176
09571,09573,1470,687,783
09571,09574,355,192,163
09571,09575,3436,1644,1792
09571,09576,1403,559,844
09571,09577,3277,1360,1917
09571,09661,0,0,0
09571,09662,10,0,10
09571,09663,236,55,181
09571,09671,13,13,0
09571,09672,24,14,10
09571,09673,0,0,0
09571,09674,38,26,12
09571,09675,110,51,59
09571,09676,14,14,0
09571,09677,41,25,16
09571,09678,31,18,13
09571,09679,194,97,97
09571,09761,105,51,54
09571,09762,0,0,0
09571,09763,0,0,0
09571,09764,0,0,0
09571,09771,25,11,14
09571,09772,70,51,19
09571,09773,48,13,35
09571,09774,22,0,22
09571,09775,33,15,18
09571,09776,14,14,0
09571,09777,11,0,11
09571,09778,0,0,0
09571,09779,1420,598,822
09571,09780,11,11,0
09571,10041,18,0,18
09571,10042,0,0,0
09571,10043,0,0,0
09571,10044,0,0,0
09571,10045,0,0,0
09571,10046,0,0,0
09571,11000,120,52,68
09571,12051,0,0,0
09571,12052,0,0,0
09571,12053,0,0,0
09571,12054,0,0,0
09571,12060,0,0,0
09571,12061,0,0,0
09571,12062,0,0,0
09571,12063,0,0,0
09571,12064,0,0,0
09571,12065,0,0,0
09571,12066,0,0,0
09571,12067,0,0,0
09571,12068,0,0,0
09571,12069,0,0,0
09571,12070,0,0,0
09571,12071,0,0,0
09571,12072,0,0,0
09571,12073,0,0,0
09571,13003,0,0,0
09571,13004,0,0,0
09571,13071,0,0,0
09571,13072,0,0,0
09571,13073,0,0,0
09571,13074,0,0,0
09571,13075,0,0,0
09571,13076,0,0,0
09571,14511,0,0,0
09571,14521,17,17,0
09571,14522,15,15,0
09571,14523,23,23,0
09571,14524,41,0,41
09571,14612,0,0,0
09571,14625,0,0,0
09571,14626,0,0,0
09571,14627,11,11,0
09571,14628,0,0,0
09571,14713,27,14,13
09571,14729,10,10,0
09571,14730,0,0,0
09571,15001,0,0,0
09571,15002,0,0,0
09571,15003,0,0,0
09571,15081,0,0,0
09571,15082,0,0,0
09571,15083,0,0,0
09571,15084,13,13,0
09571,15085,0,0,0
09571,15086,0,0,0
09571,15087,0,0,0
09571,15088,0,0,0
09571,15089,0,0,0
09571,15090,0,0,0
09571,15091,0,0,0
09571,16051,0,0,0
09571,16052,0,0,0
09571,16053,0,0,0
09571,16054,0,0,0
09571,16055,0,0,0
09571,16056,0,0,0
09571,16061,0,0,0
09571,16062,0,0,0
09571,16063,0,0,0
09571,16064,0,0,0
09571,16065,0,0,0
09571,16066,0,0,0
09571,16067,0,0,0
09571,16068,0,0,0
09571,16069,0,0,0
09571,16070,0,0,0
09571,16071,0,0,0
09571,16072,0,0,0
09571,16073,0,0,0
09571,16074,0,0,0
09571,16075,0,0,0
09571,16076,0,0,0
09571,16077,0,0,0
09572,01001,0,0,0
09572,01002,0,0,0
09572,01003,0,0,0
09572,01004,0,0,0
09572,01051,0,0,0
09572,01053,0,0,0
09572,01054,0,0,0
09572,01055,0,0,0
09572,01056,0,0,0
09572,01057,0,0,0
09572,01058,0,0,0
09572,01059,0,0,0
09572,01060,25,25,0
09572,01061,0,0,0
09572,01062,0,0,0
09572,02000,146,68,78
09572,03101,17,17,0
09572,03102,0,0,0
09572,03103,16,16,0
09572,03151,0,0,0
09572,03153,0,0,0
09572,03154,0,0,0
09572,03155,0,0,0
09572,03157,0,0,0
09572,03158,0,0,0
09572,03159,0,0,0
09572,03241,67,23,44
09572,03251,0,0,0
09572,03252,0,0,0
09572,03254,0,0,0
09572,03255,0,0,0
09572,03256,0,0,0
09572,03257,0,0,0
09572,03351,0,0,0
09572,03352,0,0,0
09572,03353,0,0,0
09572,03354,0,0,0
09572,03355,0,0,0
09572,03356,0,0,0
09572,03357,0,0,0
09572,03358,0,0,0
09572,03359,0,0,0
09572,03360,0,0,0
09572,03361,0,0,0
09572,03401,0,0,0
09572,03402,0,0,0
09572,03403,0,0,0
09572,03404,0,0,0
09572,03405,0,0,0
09572,03451,0,0,0
09572,03452,0,0,0
09572,03453,0,0,0
09572,03454,0,0,0
09572,03455,0,0,0
09572,03456,0,0,0
09572,03457,0,0,0
09572,03458,0,0,0
09572,03459,0,0,0
09572,03460,0,0,0
09572,03461,0,0,0
09572,03462,0,0,0
09572,04011,24,24,0
09572,04012,0,0,0
09572,05111,87,34,53
09572,05112,14,0,14
09572,05113,26,11,15
09572,05114,0,0,0
09572,05116,0,0,0
09572,05117,0,0,0
09572,05119,0,0,0
09572,05120,0,0,0
09572,05122,0,0,0
09572,05124,0,0,0
09572,05154,0,0,0
09572,05158,34,11,23
09572,05162,20,0,20
09572,05166,14,0,14
09572,05170,0,0,0
09572,05314,23,12,11
09572,05315,77,28,49
09572,05316,0,0,0
09572,05334,31,10,21
09572,05358,0,0,0
09572,05362,0,0,0
09572,05366,0,0,0
09572,05370,0,0,0
09572,05374,14,0,14
09572,05378,0,0,0
09572,05382,13,13,0
09572,05512,0,0,0
09572,05513,0,0,0
09572,05515,0,0,0
09572,05554,0,0,0
09572,05558,0,0,0
09572,05562,0,0,0
09572,05566,14,14,0
09572,05570,0,0,0
09572,05711,0,0,0
09572,05754,48,0,48
09572,05758,0,0,0
09572,05762,0,0,0
09572,05766,0,0,0
09572,05770,0,0,0
09572,05774,0,0,0
09572,05911,26,15,11
09572,05913,34,14,20
09572,05914,0,0,0
09572,05915,0,0,0
09572,05916,0,0,0
09572,05954,0,0,0
09572,05958,0,0,0
09572,05962,0,0,0
09572,05966,0,0,0
09572,05970,11,0,11
09572,05974,0,0,0
09572,05978,10,10,0
09572,06411,29,12,17
09572,06412,188,36,152
09572,06413,0,0,0
09572,06414,37,10,27
09572,06431,0,0,0
09572,06432,18,18,0
09572,06433,0,0,0
09572,06434,40,13,27
09572,06435,16,16,0
09572,06436,28,0,28
09572,06437,0,0,0
09572,06438,63,14,49
09572,06439,0,0,0
09572,06440,12,12,0
09572,06531,0,0,0
09572,06532,10,0,10
09572,06533,0,0,0
09572,06534,0,0,0
09572,06535,0,0,0
09572,06611,0,0,0
09572,06631,0,0,0
09572,06632,0,0,0
09572,06633,0,0,0
09572,06634,0,0,0
09572,06635,0,0,0
09572,06636,0,0,0
09572,07111,0,0,0
09572,07131,0,0,0
09572,07132,0,0,0
09572,07133,0,0,0
09572,07134,0,0,0
09572,07135,0,0,0
09572,07137,0,0,0
09572,07138,0,0,0
09572,07140,0,0,0
09572,07141,0,0,0
09572,07143,0,0,0
09572,07211,0,0,0
09572,07231,0,0,0
09572,07232,0,0,0
09572,07233,0,0,0
09572,07235,0,0,0
09572,07311,0,0,0
09572,07312,0,0,0
09572,07313,0,0,0
09572,07314,0,0,0
09572,07315,10,0,10
09572,07316,0,0,0
09572,07317,0,0,0
09572,07318,0,0,0
09572,07319,0,0,0
09572,07320,0,0,0
09572,07331,0,0,0
09572,07332,0,0,0
09572,07333,0,0,0
09572,07334,0,0,0
09572,07335,0,0,0
09572,07336,0,0,0
09572,07337,0,0,0
09572,07338,0,0,0
09572,07339,0,0,0
09572,07340,14,14,0
09572,08111,107,44,63
09572,08115,52,37,15
09572,08116,67,17,50
09572,08117,0,0,0
09572,08118,50,32,18
09572,08119,24,12,12
09572,08121,0,0,0
09572,08125,25,10,15
09572,08126,10,0,10
09572,08127,13,13,0
09572,08128,12,0,12
09572,08135,15,0,15
09572,08136,30,12,18
09572,08211,0,0,0
09572,08212,76,57,19
09572,08215,19,19,0
09572,08216,0,0,0
09572,08221,0,0,0
09572,08222,50,17,33
09572,08225,0,0,0
09572,08226,31,11,20
09572,08231,0,0,0
09572,08235,0,0,0
09572,08236,0,0,0
09572,08237,0,0,0
09572,08311,0,0,0
09572,08315,0,0,0
09572,08316,0,0,0
09572,08317,12,12,0
09572,08325,0,0,0
09572,08326,0,0,0
09572,08327,0,0,0
09572,08335,10,0,10
09572,08336,0,0,0
09572,08337,0,0,0
09572,08415,39,39,0
09572,08416,23,11,12
09572,08417,12,0,12
09572,08421,0,0,0
09572,08425,0,0,0
09572,08426,0,0,0
09572,08435,11,0,11
09572,08436,0,0,0
09572,08437,0,0,0
09572,09161,74,17,57
09572,09162,762,182,580
09572,09163,0,0,0
09572,09171,0,0,0
09572,09172,22,22,0
09572,09173,12,12,0
09572,09174,0,0,0
09572,09175,23,10,13
09572,09176,34,12,22
09572,09177,0,0,0
09572,09178,52,0,52
09572,09179,41,28,13
09572,09180,0,0,0
09572,09181,0,0,0
09572,09182,0,0,0
09572,09183,0,0,0
09572,09184,165,41,124
09572,09185,0,0,0
09572,09186,31,10,21
09572,09187,25,15,10
09572,09188,30,19,11
09572,09189,0,0,0
09572,09190,0,0,0
09572,09261,0,0,0
09572,09262,0,0,0
09572,09263,0,0,0
09572,09271,0,0,0
09572,09272,0,0,0
09572,09273,11,0,11
09572,09274,17,0,17
09572,09275,0,0,0
09572,09276,0,0,0
09572,09277,0,0,0
09572,09278,0,0,0
09572,09279,0,0,0
09572,09361,46,22,24
09572,09362,110,25,85
09572,09363,12,0,12
09572,09371,92,51,41
09572,09372,10,10,0
09572,09373,227,143,84
09572,09374,15,15,0
09572,09375,44,34,10
09572,09376,31,31,0
09572,09377,27,10,17
09572,09461,1030,412,618
09572,09462,107,49,58
09572,09463,47,14,33
09572,09464,28,12,16
09572,09471,3604,2569,1035
09572,09472,198,167,31
09572,09473,40,29,11
09572,09474,7119,4620,2499
09572,09475,32,16,16
09572,09476,23,23,0
09572,09477,48,26,22
09572,09478,83,54,29
09572,09479,0,0,0
09572,09561,100,42,58
09572,09562,20415,4212,16203
09572,09563,3771,2049,1722
09572,09564,15636,6423,9213
09572,09565,171,100,71
09572,09571,249,176,73
09572,09572,0,0,0
09572,09573,2024,1499,525
09572,09574,2267,1217,1050
09572,09575,4000,3191,809
09572,09576,435,292,143
09572,09577,86,64,22
09572,09661,0,0,0
09572,09662,117,40,77
09572,09663,105,53,52
09572,09671,10,10,0
09572,09672,22,22,0
09572,09673,16,16,0
09572,09674,121,89,32
09572,09675,267,195,72
09572,09676,0,0,0
09572,09677,57,43,14
09572,09678,95,79,16
09572,09679,84,56,28
09572,09761,58,16,42
09572,09762,0,0,0
09572,09763,0,0,0
09572,09764,0,0,0
09572,09771,0,0,0
09572,09772,12,0,12
09572,09773,0,0,0
09572,09774,0,0,0
09572,09775,0,0,0
09572,09776,0,0,0
09572,09777,0,0,0
09572,09778,0,0,0
09572,09779,10,0,10
09572,09780,10,10,0
09572,10041,12,0,12
09572,10042,0,0,0
09572,10043,0,0,0
09572,10044,0,0,0
09572,10045,12,12,0
09572,10046,0,0,0
09572,11000,396,268,128
09572,12051,0,0,0
09572,12052,0,0,0
09572,12053,0,0,0
09572,12054,12,12,0
09572,12060,0,0,0
09572,12061,10,10,0
09572,12062,0,0,0
09572,12063,23,23,0
09572,12064,0,0,0
09572,12065,0,0,0
09572,12066,0,0,0
09572,12067,0,0,0
09572,12068,0,0,0
09572,12069,0,0,0
09572,12070,0,0,0
09572,12071,0,0,0
09572,12072,0,0,0
09572,12073,0,0,0
09572,13003,0,0,0
09572,13004,0,0,0
09572,13071,0,0,0
09572,13072,0,0,0
09572,13073,0,0,0
09572,13074,0,0,0
09572,13075,0,0,0
09572,13076,0,0,0
09572,14511,10,10,0
09572,14521,15,15,0
09572,14522,0,0,0
09572,14523,19,19,0
09572,14524,0,0,0
09572,14612,35,20,15
09572,14625,0,0,0
09572,14626,0,0,0
09572,14627,0,0,0
09572,14628,0,0,0
09572,14713,45,28,17
09572,14729,0,0,0
09572,14730,0,0,0
09572,15001,0,0,0
09572,15002,0,0,0
09572,15003,0,0,0
09572,15081,0,0,0
09572,15082,0,0,0
09572,15083,0,0,0
09572,15084,0,0,0
09572,15085,0,0,0
09572,15086,0,0,0
09572,15087,0,0,0
09572,15088,0,0,0
09572,15089,0,0,0
09572,15090,0,0,0
09572,15091,0,0,0
09572,16051,11,0,11
09572,16052,0,0,0
09572,16053,0,0,0
09572,16054,0,0,0
09572,16055,0,0,0
09572,16056,0,0,0
09572,16061,0,0,0
09572,16062,0,0,0
09572,16063,0,0,0
09572,16064,0,0,0
09572,16065,0,0,0
09572,16066,10,10,0
09572,16067,0,0,0
09572,16068,0,0,0
09572,16069,12,12,0
09572,16070,10,10,0
09572,16071,0,0,0
09572,16072,0,0,0
09572,16073,0,0,0
09572,16074,0,0,0
09572,16075,0,0,0
09572,16076,0,0,0
09572,16077,0,0,0
09573,01001,0,0,0
09573,01002,0,0,0
09573,01003,0,0,0
09573,01004,0,0,0
09573,01051,0,0,0
09573,01053,0,0,0
09573,01054,0,0,0
09573,01055,0,0,0
09573,01056,0,0,0
09573,01057,0,0,0
09573,01058,0,0,0
09573,01059,0,0,0
09573,01060,0,0,0
09573,01061,0,0,0
09573,01062,10,0,10
09573,02000,100,19,81
09573,03101,0,0,0
09573,03102,0,0,0
09573,03103,0,0,0
09573,03151,0,0,0
09573,03153,0,0,0
09573,03154,0,0,0
09573,03155,0,0,0
09573,03157,0,0,0
09573,03158,0,0,0
09573,03159,0,0,0
09573,03241,40,0,40
09573,03251,0,0,0
09573,03252,0,0,0
09573,03254,0,0,0
09573,03255,0,0,0
09573,03256,0,0,0
09573,03257,0,0,0
09573,03351,0,0,0
09573,03352,0,0,0
09573,03353,0,0,0
09573,03354,0,0,0
09573,03355,0,0,0
09573,03356,0,0,0
09573,03357,0,0,0
09573,03358,0,0,0
09573,03359,0,0,0
09573,03360,0,0,0
09573,03361,0,0,0
09573,03401,0,0,0
09573,03402,0,0,0
09573,03403,0,0,0
09573,03404,11,0,11
09573,03405,0,0,0
09573,03451,0,0,0
09573,03452,0,0,0
09573,03453,0,0,0
09573,03454,0,0,0
09573,03455,0,0,0
09573,03456,0,0,0
09573,03457,0,0,0
09573,03458,0,0,0
09573,03459,0,0,0
09573,03460,0,0,0
09573,03461,0,0,0
09573,03462,0,0,0
09573,04011,16,0,16
09573,04012,0,0,0
09573,05111,50,0,50
09573,05112,0,0,0
09573,05113,13,0,13
09573,05114,0,0,0
09573,05116,0,0,0
09573,05117,0,0,0
09573,05119,0,0,0
09573,05120,0,0,0
09573,05122,0,0,0
09573,05124,0,0,0
09573,05154,0,0,0
09573,05158,19,0,19
09573,05162,12,0,12
09573,05166,0,0,0
09573,05170,0,0,0
09573,05314,0,0,0
09573,05315,62,0,62
09573,05316,0,0,0
09573,05334,28,0,28
09573,05358,0,0,0
09573,05362,0,0,0
09573,05366,0,0,0
09573,05370,0,0,0
09573,05374,0,0,0
09573,05378,0,0,0
09573,05382,10,0,10
09573,05512,0,0,0
09573,05513,0,0,0
09573,05515,0,0,0
09573,05554,0,0,0
09573,05558,0,0,0
09573,05562,0,0,0
09573,05566,10,0,10
09573,05570,0,0,0
09573,05711,11,0,11
09573,05754,0,0,0
09573,05758,0,0,0
09573,05762,0,0,0
09573,05766,0,0,0
09573,05770,0,0,0
09573,05774,0,0,0
09573,05911,11,0,11
09573,05913,17,0,17
09573,05914,0,0,0
09573,05915,0,0,0
09573,05916,0,0,0
09573,05954,0,0,0
09573,05958,0,0,0
09573,05962,0,0,0
09573,05966,0,0,0
09573,05970,0,0,0
09573,05974,0,0,0
09573,05978,0,0,0
09573,06411,14,0,14
09573,06412,107,11,96
09573,06413,0,0,0
09573,06414,20,0,20
09573,06431,0,0,0
09573,06432,10,0,10
09573,06433,0,0,0
09573,06434,17,0,17
09573,06435,15,0,15
09573,06436,28,0,28
09573,06437,0,0,0
09573,06438,39,0,39
09573,06439,0,0,0
09573,06440,0,0,0
09573,06531,0,0,0
09573,06532,0,0,0
09573,06533,0,0,0
09573,06534,0,0,0
09573,06535,0,0,0
09573,06611,0,0,0
09573,06631,0,0,0
09573,06632,0,0,0
09573,06633,0,0,0
09573,06634,0,0,0
09573,06635,0,0,0
09573,06636,0,0,0
09573,07111,0,0,0
09573,07131,0,0,0
09573,07132,0,0,0
09573,07133,0,0,0
09573,07134,0,0,0
09573,07135,0,0,0
09573,07137,0,0,0
09573,07138,0,0,0
09573,07140,0,0,0
09573,07141,0,0,0
09573,07143,0,0,0
09573,07211,0,0,0
09573,07231,0,0,0
09573,07232,0,0,0
09573,07233,0,0,0
09573,07235,0,0,0
09573,07311,0,0,0
09573,07312,0,0,0
09573,07313,0,0,0
09573,07314,10,0,10
09573,07315,0,0,0
09573,07316,0,0,0
09573,07317,0,0,0
09573,07318,0,0,0
09573,07319,0,0,0
09573,07320,0,0,0
09573,07331,0,0,0
09573,07332,0,0,0
09573,07333,0,0,0
09573,07334,0,0,0
09573,07335,0,0,0
09573,07336,0,0,0
09573,07337,0,0,0
09573,07338,0,0,0
09573,07339,0,0,0
09573,07340,0,0,0
09573,08111,65,14,51
09573,08115,12,0,12
09573,08116,72,15,57
09573,08117,34,34,0
09573,08118,31,0,31
09573,08119,15,0,15
09573,08121,0,0,0
09573,08125,24,0,24
09573,08126,28,0,28
09573,08127,0,0,0
09573,08128,0,0,0
09573,08135,0,0,0
09573,08136,24,0,24
09573,08211,0,0,0
09573,08212,12,0,12
09573,08215,0,0,0
09573,08216,0,0,0
09573,08221,0,0,0
09573,08222,42,0,42
09573,08225,0,0,0
09573,08226,18,0,18
09573,08231,0,0,0
09573,08235,0,0,0
09573,08236,0,0,0
09573,08237,0,0,0
09573,08311,10,0,10
09573,08315,0,0,0
09573,08316,0,0,0
09573,08317,10,10,0
09573,08325,0,0,0
09573,08326,0,0,0
09573,08327,0,0,0
09573,08335,0,0,0
09573,08336,0,0,0
09573,08337,0,0,0
09573,08415,0,0,0
09573,08416,0,0,0
09573,08417,0,0,0
09573,08421,0,0,0
09573,08425,0,0,0
09573,08426,0,0,0
09573,08435,0,0,0
09573,08436,0,0,0
09573,08437,0,0,0
09573,09161,51,0,51
09573,09162,595,47,548
09573,09163,0,0,0
09573,09171,0,0,0
09573,09172,0,0,0
09573,09173,0,0,0
09573,09174,14,0,14
09573,09175,15,0,15
09573,09176,30,0,30
09573,09177,0,0,0
09573,09178,53,0,53
09573,09179,17,0,17
09573,09180,0,0,0
09573,09181,0,0,0
09573,09182,0,0,0
09573,09183,0,0,0
09573,09184,153,19,134
09573,09185,0,0,0
09573,09186,20,0,20
09573,09187,0,0,0
09573,09188,0,0,0
09573,09189,12,0,12
09573,09190,0,0,0
09573,09261,0,0,0
09573,09262,0,0,0
09573,09263,0,0,0
09573,09271,0,0,0
09573,09272,0,0,0
09573,09273,12,0,12
09573,09274,0,0,0
09573,09275,0,0,0
09573,09276,0,0,0
09573,09277,0,0,0
09573,09278,0,0,0
09573,09279,0,0,0
09573,09361,28,11,17
09573,09362,70,15,55
09573,09363,14,0,14
09573,09371,82,46,36
09573,09372,10,0,10
09573,09373,293,153,140
09573,09374,0,0,0
09573,09375,34,20,14
09573,09376,28,18,10
09573,09377,0,0,0
09573,09461,122,39,83
09573,09462,48,12,36
09573,09463,0,0,0
09573,09464,0,0,0
09573,09471,126,56,70
09573,09472,38,22,16
09573,09473,12,0,12
09573,09474,343,156,187
09573,09475,34,19,15
09573,09476,0,0,0
09573,09477,0,0,0
09573,09478,0,0,0
09573,09479,0,0,0
09573,09561,539,145,394
09573,09562,2756,349,2407
09573,09563,10059,3074,6985
09573,09564,24030,4561,19469
09573,09565,836,322,514
09573,09571,1470,783,687
09573,09572,2024,525,1499
09573,09573,0,0,0
09573,09574,1053,392,661
09573,09575,1979,1208,771
09573,09576,1043,482,561
09573,09577,132,60,72
09573,09661,0,0,0
09573,09662,10,0,10
09573,09663,49,0,49
09573,09671,10,0,10
09573,09672,11,0,11
09573,09673,0,0,0
09573,09674,0,0,0
09573,09675,42,13,29
09573,09676,0,0,0
09573,09677,0,0,0
09573,09678,10,10,0
09573,09679,24,12,12
09573,09761,43,10,33
09573,09762,0,0,0
09573,09763,0,0,0
09573,09764,0,0,0
09573,09771,0,0,0
09573,09772,32,0,32
09573,09773,0,0,0
09573,09774,0,0,0
09573,09775,14,14,0
09573,09776,0,0,0
09573,09777,0,0,0
09573,09778,0,0,0
09573,09779,15,0,15
09573,09780,0,0,0
09573,10041,11,0,11
09573,10042,0,0,0
09573,10043,0,0,0
09573,10044,0,0,0
09573,10045,0,0,0
09573,10046,0,0,0
09573,11000,134,29,105
09573,12051,0,0,0
09573,12052,0,0,0
09573,12053,0,0,0
09573,12054,0,0,0
09573,12060,0,0,0
09573,12061,0,0,0
09573,12062,0,0,0
09573,12063,0,0,0
09573,12064,0,0,0
09573,12065,0,0,0
09573,12066,0,0,0
09573,12067,0,0,0
09573,12068,0,0,0
09573,12069,0,0,0
09573,12070,0,0,0
09573,12071,0,0,0
09573,12072,0,0,0
09573,12073,0,0,0
09573,13003,0,0,0
09573,13004,0,0,0
09573,13071,0,0,0
09573,13072,0,0,0
09573,13073,0,0,0
09573,13074,0,0,0
09573,13075,0,0,0
09573,13076,0,0,0
09573,14511,0,0,0
09573,14521,10,10,0
09573,14522,0,0,0
09573,14523,13,13,0
09573,14524,0,0,0
09573,14612,0,0,0
09573,14625,0,0,0
09573,14626,0,0,0
09573,14627,0,0,0
09573,14628,0,0,0
09573,14713,11,0,11
09573,14729,0,0,0
09573,14730,0,0,0
09573,15001,0,0,0
09573,15002,0,0,0
09573,15003,0,0,0
09573,15081,0,0,0
09573,15082,0,0,0
09573,15083,0,0,0
09573,15084,16,16,0
09573,15085,0,0,0
09573,15086,0,0,0
09573,15087,0,0,0
09573,15088,0,0,0
09573,15089,0,0,0
09573,15090,0,0,0
09573,15091,0,0,0
09573,16051,0,0,0
09573,16052,0,0,0
09573,16053,0,0,0
09573,16054,0,0,0
09573,16055,0,0,0
09573,16056,0,0,0
09573,16061,0,0,0
09573,16062,0,0,0
09573,16063,0,0,0
09573,16064,0,0,0
09573,16065,14,14,0
09573,16066,0,0,0
09573,16067,0,0,0
09573,16068,0,0,0
09573,16069,0,0,0
09573,16070,0,0,0
09573,16071,0,0,0
09573,16072,0,0,0
09573,16073,11,11,0
09573,16074,12,12,0
09573,16075,0,0,0
09573,16076,10,10,0
09573,16077,0,0,0
09574,01001,0,0,0
09574,01002,0,0,0
09574,01003,0,0,0
09574,01004,0,0,0
09574,01051,0,0,0
09574,01053,0,0,0
09574,01054,0,0,0
09574,01055,0,0,0
09574,01056,0,0,0
09574,01057,0,0,0
09574,01058,0,0,0
09574,01059,0,0,0
09574,01060,0,0,0
09574,01061,0,0,0
09574,01062,13,0,13
09574,02000,130,51,79
09574,03101,0,0,0
09574,03102,0,0,0
09574,03103,0,0,0
09574,03151,0,0,0
09574,03153,37,0,37
09574,03154,0,0,0
09574,03155,0,0,0
09574,03157,0,0,0
09574,03158,0,0,0
09574,03159,0,0,0
09574,03241,64,22,42
09574,03251,0,0,0
09574,03252,0,0,0
09574,03254,0,0,0
09574,03255,0,0,0
09574,03256,0,0,0
09574,03257,0,0,0
09574,03351,0,0,0
09574,03352,0,0,0
09574,03353,0,0,0
09574,03354,0,0,0
09574,03355,0,0,0
09574,03356,0,0,0
09574,03357,0,0,0
09574,03358,0,0,0
09574,03359,0,0,0
09574,03360,0,0,0
09574,03361,0,0,0
09574,03401,0,0,0
09574,03402,0,0,0
09574,03403,10,10,0
09574,03404,13,0,13
09574,03405,0,0,0
09574,03451,0,0,0
09574,03452,0,0,0
09574,03453,0,0,0
09574,03454,0,0,0
09574,03455,0,0,0
09574,03456,0,0,0
09574,03457,0,0,0
09574,03458,0,0,0
09574,03459,0,0,0
09574,03460,0,0,0
09574,03461,0,0,0
09574,03462,0,0,0
09574,04011,30,11,19
09574,04012,0,0,0
09574,05111,110,16,94
09574,05112,14,0,14
09574,05113,29,16,13
09574,05114,0,0,0
09574,05116,0,0,0
09574,05117,0,0,0
09574,05119,0,0,0
09574,05120,0,0,0
09574,05122,0,0,0
09574,05124,11,0,11
09574,05154,12,0,12
09574,05158,29,0,29
09574,05162,12,0,12
09574,05166,0,0,0
09574,05170,0,0,0
09574,05314,11,0,11
09574,05315,99,28,71
09574,05316,0,0,0
09574,05334,47,0,47
09574,05358,0,0,0
09574,05362,12,0,12
09574,05366,0,0,0
09574,05370,0,0,0
09574,05374,19,0,19
09574,05378,0,0,0
09574,05382,22,11,11
09574,05512,0,0,0
09574,05513,0,0,0
09574,05515,10,0,10
09574,05554,0,0,0
09574,05558,0,0,0
09574,05562,11,11,0
09574,05566,0,0,0
09574,05570,0,0,0
09574,05711,0,0,0
09574,05754,27,0,27
09574,05758,0,0,0
09574,05762,0,0,0
09574,05766,0,0,0
09574,05770,0,0,0
09574,05774,0,0,0
09574,05911,21,0,21
09574,05913,34,13,21
09574,05914,0,0,0
09574,05915,0,0,0
09574,05916,0,0,0
09574,05954,0,0,0
09574,05958,13,13,0
09574,05962,13,0,13
09574,05966,0,0,0
09574,05970,12,0,12
09574,05974,0,0,0
09574,05978,11,0,11
09574,06411,13,0,13
09574,06412,152,26,126
09574,06413,0,0,0
09574,06414,23,0,23
09574,06431,12,0,12
09574,06432,15,0,15
09574,06433,0,0,0
09574,06434,27,0,27
09574,06435,30,11,19
09574,06436,25,0,25
09574,06437,0,0,0
09574,06438,53,11,42
09574,06439,0,0,0
09574,06440,26,11,15
09574,06531,13,0,13
09574,06532,0,0,0
09574,06533,0,0,0
09574,06534,0,0,0
09574,06535,0,0,0
09574,06611,0,0,0
09574,06631,0,0,0
09574,06632,0,0,0
09574,06633,0,0,0
09574,06634,0,0,0
09574,06635,0,0,0
09574,06636,0,0,0
09574,07111,0,0,0
09574,07131,0,0,0
09574,07132,0,0,0
09574,07133,0,0,0
09574,07134,0,0,0
09574,07135,0,0,0
09574,07137,0,0,0
09574,07138,0,0,0
09574,07140,0,0,0
09574,07141,0,0,0
09574,07143,0,0,0
09574,07211,0,0,0
09574,07231,0,0,0
09574,07232,0,0,0
09574,07233,0,0,0
09574,07235,0,0,0
09574,07311,0,0,0
09574,07312,0,0,0
09574,07313,0,0,0
09574,07314,0,0,0
09574,07315,20,0,20
09574,07316,0,0,0
09574,07317,0,0,0
09574,07318,0,0,0
09574,07319,0,0,0
09574,07320,0,0,0
09574,07331,0,0,0
09574,07332,0,0,0
09574,07333,0,0,0
09574,07334,0,0,0
09574,07335,0,0,0
09574,07336,0,0,0
09574,07337,0,0,0
09574,07338,0,0,0
09574,07339,0,0,0
09574,07340,0,0,0
09574,08111,103,14,89
09574,08115,38,18,20
09574,08116,68,18,50
09574,08117,25,11,14
09574,08118,59,17,42
09574,08119,10,0,10
09574,08121,12,0,12
09574,08125,39,17,22
09574,08126,20,0,20
09574,08127,33,18,15
09574,08128,17,17,0
09574,08135,0,0,0
09574,08136,13,13,0
09574,08211,0,0,0
09574,08212,21,0,21
09574,08215,15,0,15
09574,08216,0,0,0
09574,08221,0,0,0
09574,08222,25,0,25
09574,08225,0,0,0
09574,08226,32,12,20
09574,08231,0,0,0
09574,08235,0,0,0
09574,08236,13,0,13
09574,08237,0,0,0
09574,08311,13,0,13
09574,08315,0,0,0
09574,08316,0,0,0
09574,08317,15,0,15
09574,08325,0,0,0
09574,08326,0,0,0
09574,08327,0,0,0
09574,08335,11,11,0
09574,08336,15,0,15
09574,08337,0,0,0
09574,08415,11,0,11
09574,08416,0,0,0
09574,08417,0,0,0
09574,08421,12,0,12
09574,08425,28,28,0
09574,08426,10,0,10
09574,08435,11,0,11
09574,08436,10,0,10
09574,08437,0,0,0
09574,09161,137,24,113
09574,09162,875,100,775
09574,09163,0,0,0
09574,09171,0,0,0
09574,09172,0,0,0
09574,09173,10,0,10
09574,09174,12,0,12
09574,09175,28,0,28
09574,09176,95,28,67
09574,09177,12,12,0
09574,09178,90,14,76
09574,09179,33,13,20
09574,09180,11,0,11
09574,09181,18,0,18
09574,09182,25,12,13
09574,09183,11,11,0
09574,09184,194,19,175
09574,09185,15,0,15
09574,09186,41,0,41
09574,09187,30,17,13
09574,09188,47,11,36
09574,09189,25,12,13
09574,09190,0,0,0
09574,09261,0,0,0
09574,09262,0,0,0
09574,09263,0,0,0
09574,09271,23,11,12
09574,09272,21,21,0
09574,09273,38,12,26
09574,09274,59,25,34
09574,09275,19,19,0
09574,09276,0,0,0
09574,09277,12,12,0
09574,09278,12,12,0
09574,09279,0,0,0
09574,09361,364,124,240
09574,09362,185,43,142
09574,09363,51,17,34
09574,09371,2703,1956,747
09574,09372,27,14,13
09574,09373,4014,2320,1694
09574,09374,144,85,59
09574,09375,88,48,40
09574,09376,102,47,55
09574,09377,42,27,15
09574,09461,162,45,117
09574,09462,285,105,180
09574,09463,56,41,15
09574,09464,19,19,0
09574,09471,152,100,52
09574,09472,1146,916,230
09574,09473,45,33,12
09574,09474,1205,833,372
09574,09475,71,47,24
09574,09476,18,18,0
09574,09477,73,44,29
09574,09478,25,25,0
09574,09479,37,24,13
09574,09561,148,43,105
09574,09562,2461,394,2067
09574,09563,2415,984,1431
09574,09564,30868,7637,23231
09574,09565,758,344,414
09574,09571,355,163,192
09574,09572,2267,1050,1217
09574,09573,1053,661,392
09574,09574,0,0,0
09574,09575,195,129,66
09574,09576,2255,1197,1058
09574,09577,203,122,81
09574,09661,11,0,11
09574,09662,14,0,14
09574,09663,89,32,57
09574,09671,15,15,0
09574,09672,0,0,0
09574,09673,0,0,0
09574,09674,37,23,14
09574,09675,35,18,17
09574,09676,0,0,0
09574,09677,11,11,0
09574,09678,31,19,12
09574,09679,54,33,21
09574,09761,59,23,36
09574,09762,0,0,0
09574,09763,0,0,0
09574,09764,0,0,0
09574,09771,28,0,28
09574,09772,46,17,29
09574,09773,0,0,0
09574,09774,0,0,0
09574,09775,20,0,20
09574,09776,0,0,0
09574,09777,0,0,0
09574,09778,0,0,0
09574,09779,38,18,20
09574,09780,0,0,0
09574,10041,16,0,16
09574,10042,0,0,0
09574,10043,0,0,0
09574,10044,0,0,0
09574,10045,0,0,0
09574,10046,0,0,0
09574,11000,189,73,116
09574,12051,0,0,0
09574,12052,0,0,0
09574,12053,0,0,0
09574,12054,0,0,0
09574,12060,0,0,0
09574,12061,0,0,0
09574,12062,0,0,0
09574,12063,0,0,0
09574,12064,0,0,0
09574,12065,14,14,0
09574,12066,0,0,0
09574,12067,0,0,0
09574,12068,0,0,0
09574,12069,0,0,0
09574,12070,0,0,0
09574,12071,0,0,0
09574,12072,0,0,0
09574,12073,0,0,0
09574,13003,0,0,0
09574,13004,0,0,0
09574,13071,0,0,0
09574,13072,0,0,0
09574,13073,0,0,0
09574,13074,0,0,0
09574,13075,0,0,0
09574,13076,0,0,0
09574,14511,27,12,15
09574,14521,41,41,0
09574,14522,22,22,0
09574,14523,32,32,0
09574,14524,19,19,0
09574,14612,52,52,0
09574,14625,11,11,0
09574,14626,0,0,0
09574,14627,17,17,0
09574,14628,18,18,0
09574,14713,47,28,19
09574,14729,14,14,0
09574,14730,0,0,0
09574,15001,0,0,0
09574,15002,12,12,0
09574,15003,0,0,0
09574,15081,0,0,0
09574,15082,0,0,0
09574,15083,0,0,0
09574,15084,28,28,0
09574,15085,0,0,0
09574,15086,0,0,0
09574,15087,30,30,0
09574,15088,27,27,0
09574,15089,0,0,0
09574,15090,0,0,0
09574,15091,0,0,0
09574,16051,24,13,11
09574,16052,20,20,0
09574,16053,0,0,0
09574,16054,0,0,0
09574,16055,0,0,0
09574,16056,0,0,0
09574,16061,0,0,0
09574,16062,0,0,0
09574,16063,0,0,0
09574,16064,0,0,0
09574,16065,0,0,0
09574,16066,0,0,0
09574,16067,0,0,0
09574,16068,0,0,0
09574,16069,17,17,0
09574,16070,0,0,0
09574,16071,0,0,0
09574,16072,0,0,0
09574,16073,13,13,0
09574,16074,10,10,0
09574,16075,24,24,0
09574,16076,17,17,0
09574,16077,16,16,0
09575,01001,0,0,0
09575,01002,0,0,0
09575,01003,0,0,0
09575,01004,0,0,0
09575,01051,0,0,0
09575,01053,0,0,0
09575,01054,0,0,0
09575,01055,0,0,0
09575,01056,0,0,0
09575,01057,0,0,0
09575,01058,0,0,0
09575,01059,0,0,0
09575,01060,0,0,0
09575,01061,0,0,0
09575,01062,0,0,0
09575,02000,45,10,35
09575,03101,0,0,0
09575,03102,0,0,0
09575,03103,0,0,0
09575,03151,0,0,0
09575,03153,0,0,0
09575,03154,0,0,0
09575,03155,0,0,0
09575,03157,0,0,0
09575,03158,0,0,0
09575,03159,0,0,0
09575,03241,0,0,0
09575,03251,0,0,0
09575,03252,0,0,0
09575,03254,0,0,0
09575,03255,0,0,0
09575,03256,0,0,0
09575,03257,0,0,0
09575,03351,0,0,0
09575,03352,0,0,0
09575,03353,0,0,0
09575,03354,0,0,0
09575,03355,0,0,0
09575,03356,0,0,0
09575,03357,23,0,23
09575,03358,0,0,0
09575,03359,0,0,0
09575,03360,0,0,0
09575,03361,0,0,0
09575,03401,0,0,0
09575,03402,0,0,0
09575,03403,0,0,0
09575,03404,0,0,0
09575,03405,0,0,0
09575,03451,0,0,0
09575,03452,0,0,0
09575,03453,0,0,0
09575,03454,39,0,39
09575,03455,0,0,0
09575,03456,0,0,0
09575,03457,0,0,0
09575,03458,0,0,0
09575,03459,0,0,0
09575,03460,0,0,0
09575,03461,0,0,0
09575,03462,0,0,0
09575,04011,0,0,0
09575,04012,0,0,0
09575,05111,30,0,30
09575,05112,0,0,0
09575,05113,10,0,10
09575,05114,0,0,0
09575,05116,0,0,0
09575,05117,0,0,0
09575,05119,0,0,0
09575,05120,0,0,0
09575,05122,0,0,0
09575,05124,0,0,0
09575,05154,0,0,0
09575,05158,13,0,13
09575,05162,0,0,0
09575,05166,0,0,0
09575,05170,0,0,0
09575,05314,0,0,0
09575,05315,51,0,51
09575,05316,0,0,0
09575,05334,10,10,0
09575,05358,0,0,0
09575,05362,0,0,0
09575,05366,0,0,0
09575,05370,0,0,0
09575,05374,0,0,0
09575,05378,0,0,0
09575,05382,0,0,0
09575,05512,0,0,0
09575,05513,0,0,0
09575,05515,0,0,0
09575,05554,0,0,0
09575,05558,0,0,0
09575,05562,0,0,0
09575,05566,0,0,0
09575,05570,0,0,0
09575,05711,0,0,0
09575,05754,13,0,13
09575,05758,0,0,0
09575,05762,0,0,0
09575,05766,0,0,0
09575,05770,0,0,0
09575,05774,0,0,0
09575,05911,0,0,0
09575,05913,0,0,0
09575,05914,0,0,0
09575,05915,0,0,0
09575,05916,0,0,0
09575,05954,0,0,0
09575,05958,0,0,0
09575,05962,0,0,0
09575,05966,0,0,0
09575,05970,0,0,0
09575,05974,0,0,0
09575,05978,0,0,0
09575,06411,12,0,12
09575,06412,71,12,59
09575,06413,0,0,0
09575,06414,13,13,0
09575,06431,0,0,0
09575,06432,0,0,0
09575,06433,0,0,0
09575,06434,12,0,12
09575,06435,23,0,23
09575,06436,0,0,0
09575,06437,0,0,0
09575,06438,28,0,28
09575,06439,0,0,0
09575,06440,0,0,0
09575,06531,0,0,0
09575,06532,0,0,0
09575,06533,0,0,0
09575,06534,0,0,0
09575,06535,0,0,0
09575,06611,0,0,0
09575,06631,0,0,0
09575,06632,0,0,0
09575,06633,0,0,0
09575,06634,0,0,0
09575,06635,10,10,0
09575,06636,0,0,0
09575,07111,0,0,0
09575,07131,0,0,0
09575,07132,0,0,0
09575,07133,0,0,0
09575,07134,0,0,0
09575,07135,0,0,0
09575,07137,0,0,0
09575,07138,0,0,0
09575,07140,0,0,0
09575,07141,0,0,0
09575,07143,0,0,0
09575,07211,0,0,0
09575,07231,0,0,0
09575,07232,0,0,0
09575,07233,0,0,0
09575,07235,0,0,0
09575,07311,0,0,0
09575,07312,0,0,0
09575,07313,0,0,0
09575,07314,0,0,0
09575,07315,0,0,0
09575,07316,0,0,0
09575,07317,0,0,0
09575,07318,0,0,0
09575,07319,0,0,0
09575,07320,0,0,0
09575,07331,0,0,0
09575,07332,0,0,0
09575,07333,0,0,0
09575,07334,0,0,0
09575,07335,20,20,0
09575,07336,0,0,0
09575,07337,0,0,0
09575,07338,0,0,0
09575,07339,0,0,0
09575,07340,0,0,0
09575,08111,47,15,32
09575,08115,19,19,0
09575,08116,26,0,26
09575,08117,11,11,0
09575,08118,19,0,19
09575,08119,29,0,29
09575,08121,0,0,0
09575,08125,29,14,15
09575,08126,13,0,13
09575,08127,126,52,74
09575,08128,359,188,171
09575,08135,0,0,0
09575,08136,40,17,23
09575,08211,0,0,0
09575,08212,45,0,45
09575,08215,0,0,0
09575,08216,0,0,0
09575,08221,0,0,0
09575,08222,24,0,24
09575,08225,65,65,0
09575,08226,16,0,16
09575,08231,0,0,0
09575,08235,0,0,0
09575,08236,0,0,0
09575,08237,0,0,0
09575,08311,0,0,0
09575,08315,0,0,0
09575,08316,0,0,0
09575,08317,0,0,0
09575,08325,0,0,0
09575,08326,17,0,17
09575,08327,0,0,0
09575,08335,0,0,0
09575,08336,0,0,0
09575,08337,0,0,0
09575,08415,0,0,0
09575,08416,0,0,0
09575,08417,0,0,0
09575,08421,0,0,0
09575,08425,10,10,0
09575,08426,0,0,0
09575,08435,0,0,0
09575,08436,0,0,0
09575,08437,0,0,0
09575,09161,19,0,19
09575,09162,314,24,290
09575,09163,0,0,0
09575,09171,0,0,0
09575,09172,0,0,0
09575,09173,0,0,0
09575,09174,0,0,0
09575,09175,11,0,11
09575,09176,0,0,0
09575,09177,0,0,0
09575,09178,18,0,18
09575,09179,0,0,0
09575,09180,0,0,0
09575,09181,0,0,0
09575,09182,0,0,0
09575,09183,0,0,0
09575,09184,66,0,66
09575,09185,0,0,0
09575,09186,16,0,16
09575,09187,0,0,0
09575,09188,0,0,0
09575,09189,0,0,0
09575,09190,0,0,0
09575,09261,0,0,0
09575,09262,11,0,11
09575,09263,0,0,0
09575,09271,0,0,0
09575,09272,0,0,0
09575,09273,10,0,10
09575,09274,11,0,11
09575,09275,0,0,0
09575,09276,0,0,0
09575,09277,0,0,0
09575,09278,0,0,0
09575,09279,0,0,0
09575,09361,12,0,12
09575,09362,26,0,26
09575,09363,0,0,0
09575,09371,27,0,27
09575,09372,23,23,0
09575,09373,64,34,30
09575,09374,13,13,0
09575,09375,12,0,12
09575,09376,11,11,0
09575,09377,0,0,0
09575,09461,162,42,120
09575,09462,12,0,12
09575,09463,11,0,11
09575,09464,0,0,0
09575,09471,709,303,406
09575,09472,13,13,0
09575,09473,12,12,0
09575,09474,210,77,133
09575,09475,0,0,0
09575,09476,16,0,16
09575,09477,24,12,12
09575,09478,10,0,10
09575,09479,0,0,0
09575,09561,1171,393,778
09575,09562,1542,148,1394
09575,09563,1647,365,1282
09575,09564,4290,565,3725
09575,09565,55,20,35
09575,09571,3436,1792,1644
09575,09572,4000,809,3191
09575,09573,1979,771,1208
09575,09574,195,66,129
09575,09575,0,0,0
09575,09576,124,51,73
09575,09577,150,123,27
09575,09661,10,0,10
09575,09662,73,17,56
09575,09663,683,195,488
09575,09671,14,0,14
09575,09672,31,21,10
09575,09673,0,0,0
09575,09674,143,31,112
09575,09675,1882,958,924
09575,09676,0,0,0
09575,09677,53,36,17
09575,09678,112,72,40
09575,09679,1022,464,558
09575,09761,14,0,14
09575,09762,0,0,0
09575,09763,0,0,0
09575,09764,50,0,50
09575,09771,0,0,0
09575,09772,13,0,13
09575,09773,20,0,20
09575,09774,0,0,0
09575,09775,0,0,0
09575,09776,0,0,0
09575,09777,0,0,0
09575,09778,0,0,0
09575,09779,33,11,22
09575,09780,0,0,0
09575,10041,0,0,0
09575,10042,0,0,0
09575,10043,0,0,0
09575,10044,0,0,0
09575,10045,0,0,0
09575,10046,0,0,0
09575,11000,77,12,65
09575,12051,0,0,0
09575,12052,0,0,0
09575,12053,0,0,0
09575,12054,0,0,0
09575,12060,0,0,0
09575,12061,0,0,0
09575,12062,0,0,0
09575,12063,0,0,0
09575,12064,0,0,0
09575,12065,0,0,0
09575,12066,0,0,0
09575,12067,0,0,0
09575,12068,0,0,0
09575,12069,0,0,0
09575,12070,0,0,0
09575,12071,0,0,0
09575,12072,0,0,0
09575,12073,0,0,0
09575,13003,0,0,0
09575,13004,0,0,0
09575,13071,0,0,0
09575,13072,0,0,0
09575,13073,0,0,0
09575,13074,0,0,0
09575,13075,0,0,0
09575,13076,0,0,0
09575,14511,0,0,0
09575,14521,0,0,0
09575,14522,0,0,0
09575,14523,15,15,0
09575,14524,0,0,0
09575,14612,0,0,0
09575,14625,0,0,0
09575,14626,0,0,0
09575,14627,0,0,0
09575,14628,0,0,0
09575,14713,0,0,0
09575,14729,0,0,0
09575,14730,0,0,0
09575,15001,0,0,0
09575,15002,0,0,0
09575,15003,0,0,0
09575,15081,0,0,0
09575,15082,0,0,0
09575,15083,0,0,0
09575,15084,0,0,0
09575,15085,0,0,0
09575,15086,0,0,0
09575,15087,0,0,0
09575,15088,0,0,0
09575,15089,0,0,0
09575,15090,0,0,0
09575,15091,0,0,0
09575,16051,0,0,0
09575,16052,0,0,0
09575,16053,0,0,0
09575,16054,0,0,0
09575,16055,0,0,0
09575,16056,0,0,0
09575,16061,0,0,0
09575,16062,0,0,0
09575,16063,0,0,0
09575,16064,0,0,0
09575,16065,0,0,0
09575,16066,0,0,0
09575,16067,0,0,0
09575,16068,0,0,0
09575,16069,0,0,0
09575,16070,0,0,0
09575,16071,0,0,0
09575,16072,0,0,0
09575,16073,0,0,0
09575,16074,0,0,0
09575,16075,0,0,0
09575,16076,0,0,0
09575,16077,0,0,0
09576,01001,0,0,0
09576,01002,0,0,0
09576,01003,0,0,0
09576,01004,0,0,0
09576,01051,0,0,0
09576,01053,0,0,0
09576,01054,0,0,0
09576,01055,0,0,0
09576,01056,0,0,0
09576,01057,0,0,0
09576,01058,0,0,0
09576,01059,0,0,0
09576,01060,0,0,0
09576,01061,0,0,0
09576,01062,0,0,0
09576,02000,92,15,77
09576,03101,0,0,0
09576,03102,0,0,0
09576,03103,0,0,0
09576,03151,0,0,0
09576,03153,0,0,0
09576,03154,0,0,0
09576,03155,0,0,0
09576,03157,0,0,0
09576,03158,0,0,0
09576,03159,0,0,0
09576,03241,53,23,30
09576,03251,0,0,0
09576,03252,0,0,0
09576,03254,0,0,0
09576,03255,0,0,0
09576,03256,0,0,0
09576,03257,0,0,0
09576,03351,0,0,0
09576,03352,0,0,0
09576,03353,0,0,0
09576,03354,0,0,0
09576,03355,0,0,0
09576,03356,0,0,0
09576,03357,0,0,0
09576,03358,0,0,0
09576,03359,0,0,0
09576,03360,0,0,0
09576,03361,0,0,0
09576,03401,0,0,0
09576,03402,0,0,0
09576,03403,0,0,0
09576,03404,17,0,17
09576,03405,0,0,0
09576,03451,0,0,0
09576,03452,0,0,0
09576,03453,0,0,0
09576,03454,0,0,0
09576,03455,0,0,0
09576,03456,0,0,0
09576,03457,0,0,0
09576,03458,0,0,0
09576,03459,0,0,0
09576,03460,0,0,0
09576,03461,0,0,0
09576,03462,0,0,0
09576,04011,10,0,10
09576,04012,0,0,0
09576,05111,45,11,34
09576,05112,0,0,0
09576,05113,0,0,0
09576,05114,0,0,0
09576,05116,0,0,0
09576,05117,0,0,0
09576,05119,57,0,57
09576,05120,0,0,0
09576,05122,0,0,0
09576,05124,0,0,0
09576,05154,0,0,0
09576,05158,22,0,22
09576,05162,16,0,16
09576,05166,0,0,0
09576,05170,0,0,0
09576,05314,0,0,0
09576,05315,66,10,56
09576,05316,0,0,0
09576,05334,25,0,25
09576,05358,0,0,0
09576,05362,0,0,0
09576,05366,0,0,0
09576,05370,0,0,0
09576,05374,0,0,0
09576,05378,0,0,0
09576,05382,11,0,11
09576,05512,0,0,0
09576,05513,0,0,0
09576,05515,0,0,0
09576,05554,0,0,0
09576,05558,0,0,0
09576,05562,24,0,24
09576,05566,0,0,0
09576,05570,0,0,0
09576,05711,0,0,0
09576,05754,13,0,13
09576,05758,0,0,0
09576,05762,0,0,0
09576,05766,0,0,0
09576,05770,0,0,0
09576,05774,0,0,0
09576,05911,0,0,0
09576,05913,11,0,11
09576,05914,0,0,0
09576,05915,0,0,0
09576,05916,0,0,0
09576,05954,0,0,0
09576,05958,0,0,0
09576,05962,0,0,0
09576,05966,0,0,0
09576,05970,73,0,73
09576,05974,0,0,0
09576,05978,0,0,0
09576,06411,0,0,0
09576,06412,85,13,72
09576,06413,0,0,0
09576,06414,13,0,13
09576,06431,0,0,0
09576,06432,0,0,0
09576,06433,10,0,10
09576,06434,19,0,19
09576,06435,0,0,0
09576,06436,18,0,18
09576,06437,0,0,0
09576,06438,30,0,30
09576,06439,0,0,0
09576,06440,14,0,14
09576,06531,0,0,0
09576,06532,0,0,0
09576,06533,0,0,0
09576,06534,0,0,0
09576,06535,0,0,0
09576,06611,0,0,0
09576,06631,0,0,0
09576,06632,0,0,0
09576,06633,0,0,0
09576,06634,0,0,0
09576,06635,0,0,0
09576,06636,0,0,0
09576,07111,0,0,0
09576,07131,0,0,0
09576,07132,0,0,0
09576,07133,0,0,0
09576,07134,0,0,0
09576,07135,0,0,0
09576,07137,0,0,0
09576,07138,0,0,0
09576,07140,0,0,0
09576,07141,0,0,0
09576,07143,0,0,0
09576,07211,0,0,0
09576,07231,0,0,0
09576,07232,0,0,0
09576,07233,0,0,0
09576,07235,0,0,0
09576,07311,0,0,0
09576,07312,0,0,0
09576,07313,0,0,0
09576,07314,0,0,0
09576,07315,11,0,11
09576,07316,0,0,0
09576,07317,0,0,0
09576,07318,0,0,0
09576,07319,0,0,0
09576,07320,0,0,0
09576,07331,0,0,0
09576,07332,0,0,0
09576,07333,0,0,0
09576,07334,19,19,0
09576,07335,0,0,0
09576,07336,0,0,0
09576,07337,0,0,0
09576,07338,0,0,0
09576,07339,0,0,0
09576,07340,0,0,0
09576,08111,70,13,57
09576,08115,27,12,15
09576,08116,50,0,50
09576,08117,0,0,0
09576,08118,49,12,37
09576,08119,19,0,19
09576,08121,10,0,10
09576,08125,21,0,21
09576,08126,21,0,21
09576,08127,29,13,16
09576,08128,0,0,0
09576,08135,0,0,0
09576,08136,22,0,22
09576,08211,0,0,0
09576,08212,31,12,19
09576,08215,22,11,11
09576,08216,0,0,0
09576,08221,0,0,0
09576,08222,25,0,25
09576,08225,0,0,0
09576,08226,27,16,11
09576,08231,0,0,0
09576,08235,0,0,0
09576,08236,0,0,0
09576,08237,0,0,0
09576,08311,0,0,0
09576,08315,0,0,0
09576,08316,0,0,0
09576,08317,0,0,0
09576,08325,0,0,0
09576,08326,0,0,0
09576,08327,0,0,0
09576,08335,0,0,0
09576,08336,11,0,11
09576,08337,0,0,0
09576,08415,17,0,17
09576,08416,0,0,0
09576,08417,0,0,0
09576,08421,19,0,19
09576,08425,17,17,0
09576,08426,0,0,0
09576,08435,0,0,0
09576,08436,11,0,11
09576,08437,0,0,0
09576,09161,990,65,925
09576,09162,605,84,521
09576,09163,0,0,0
09576,09171,0,0,0
09576,09172,0,0,0
09576,09173,0,0,0
09576,09174,51,10,41
09576,09175,63,0,63
09576,09176,1252,389,863
09576,09177,10,10,0
09576,09178,102,23,79
09576,09179,28,12,16
09576,09180,0,0,0
09576,09181,27,14,13
09576,09182,0,0,0
09576,09183,12,12,0
09576,09184,163,17,146
09576,09185,61,23,38
09576,09186,108,29,79
09576,09187,15,15,0
09576,09188,0,0,0
09576,09189,10,0,10
09576,09190,0,0,0
09576,09261,0,0,0
09576,09262,0,0,0
09576,09263,0,0,0
09576,09271,0,0,0
09576,09272,0,0,0
09576,09273,60,21,39
09576,09274,11,0,11
09576,09275,13,13,0
09576,09276,0,0,0
09576,09277,0,0,0
09576,09278,0,0,0
09576,09279,0,0,0
09576,09361,61,31,30
09576,09362,93,18,75
09576,09363,22,10,12
09576,09371,84,47,37
09576,09372,28,11,17
09576,09373,3010,1575,1435
09576,09374,35,20,15
09576,09375,62,30,32
09576,09376,89,78,11
09576,09377,11,0,11
09576,09461,55,25,30
09576,09462,73,25,48
09576,09463,0,0,0
09576,09464,15,15,0
09576,09471,62,37,25
09576,09472,73,60,13
09576,09473,11,11,0
09576,09474,150,80,70
09576,09475,38,27,11
09576,09476,0,0,0
09576,09477,16,16,0
09576,09478,0,0,0
09576,09479,13,13,0
09576,09561,371,89,282
09576,09562,814,111,703
09576,09563,1477,471,1006
09576,09564,16284,3489,12795
09576,09565,6545,2020,4525
09576,09571,1403,844,559
09576,09572,435,143,292
09576,09573,1043,561,482
09576,09574,2255,1058,1197
09576,09575,124,73,51
09576,09576,0,0,0
09576,09577,3956,2548,1408
09576,09661,0,0,0
09576,09662,10,0,10
09576,09663,41,15,26
09576,09671,12,12,0
09576,09672,0,0,0
09576,09673,0,0,0
09576,09674,10,0,10
09576,09675,23,0,23
09576,09676,0,0,0
09576,09677,0,0,0
09576,09678,12,0,12
09576,09679,25,15,10
09576,09761,51,15,36
09576,09762,0,0,0
09576,09763,0,0,0
09576,09764,0,0,0
09576,09771,14,0,14
09576,09772,32,10,22
09576,09773,27,11,16
09576,09774,12,0,12
09576,09775,11,0,11
09576,09776,0,0,0
09576,09777,0,0,0
09576,09778,0,0,0
09576,09779,61,18,43
09576,09780,0,0,0
09576,10041,0,0,0
09576,10042,0,0,0
09576,10043,0,0,0
09576,10044,0,0,0
09576,10045,0,0,0
09576,10046,0,0,0
09576,11000,123,49,74
09576,12051,0,0,0
09576,12052,0,0,0
09576,12053,0,0,0
09576,12054,0,0,0
09576,12060,0,0,0
09576,12061,0,0,0
09576,12062,0,0,0
09576,12063,0,0,0
09576,12064,0,0,0
09576,12065,0,0,0
09576,12066,0,0,0
09576,12067,0,0,0
09576,12068,0,0,0
09576,12069,0,0,0
09576,12070,0,0,0
09576,12071,0,0,0
09576,12072,0,0,0
09576,12073,0,0,0
09576,13003,0,0,0
09576,13004,0,0,0
09576,13071,0,0,0
09576,13072,0,0,0
09576,13073,0,0,0
09576,13074,0,0,0
09576,13075,0,0,0
09576,13076,0,0,0
09576,14511,25,25,0
09576,14521,29,29,0
09576,14522,13,13,0
09576,14523,19,19,0
09576,14524,20,20,0
09576,14612,20,10,10
09576,14625,0,0,0
09576,14626,10,10,0
09576,14627,0,0,0
09576,14628,0,0,0
09576,14713,37,25,12
09576,14729,0,0,0
09576,14730,13,13,0
09576,15001,0,0,0
09576,15002,12,12,0
09576,15003,0,0,0
09576,15081,0,0,0
09576,15082,0,0,0
09576,15083,0,0,0
09576,15084,12,12,0
09576,15085,0,0,0
09576,15086,0,0,0
09576,15087,0,0,0
09576,15088,11,11,0
09576,15089,0,0,0
09576,15090,0,0,0
09576,15091,0,0,0
09576,16051,0,0,0
09576,16052,11,11,0
09576,16053,0,0,0
09576,16054,0,0,0
09576,16055,0,0,0
09576,16056,0,0,0
09576,16061,0,0,0
09576,16062,0,0,0
09576,16063,0,0,0
09576,16064,0,0,0
09576,16065,0,0,0
09576,16066,0,0,0
09576,16067,0,0,0
09576,16068,0,0,0
09576,16069,0,0,0
09576,16070,0,0,0
09576,16071,0,0,0
09576,16072,0,0,0
09576,16073,17,17,0
09576,16074,11,11,0
09576,16075,16,16,0
09576,16076,15,15,0
09576,16077,0,0,0
09577,01001,0,0,0
09577,01002,0,0,0
09577,01003,0,0,0
09577,01004,0,0,0
09577,01051,0,0,0
09577,01053,0,0,0
09577,01054,0,0,0
09577,01055,0,0,0
09577,01056,0,0,0
09577,01057,0,0,0
09577,01058,0,0,0
09577,01059,0,0,0
09577,01060,0,0,0
09577,01061,0,0,0
09577,01062,0,0,0
09577,02000,26,0,26
09577,03101,0,0,0
09577,03102,0,0,0
09577,03103,0,0,0
09577,03151,0,0,0
09577,03153,0,0,0
09577,03154,0,0,0
09577,03155,0,0,0
09577,03157,0,0,0
09577,03158,0,0,0
09577,03159,0,0,0
09577,03241,10,0,10
09577,03251,0,0,0
09577,03252,0,0,0
09577,03254,0,0,0
09577,03255,0,0,0
09577,03256,0,0,0
09577,03257,0,0,0
09577,03351,0,0,0
09577,03352,0,0,0
09577,03353,0,0,0
09577,03354,0,0,0
09577,03355,0,0,0
09577,03356,0,0,0
09577,03357,0,0,0
09577,03358,0,0,0
09577,03359,0,0,0
09577,03360,0,0,0
09577,03361,0,0,0
09577,03401,0,0,0
09577,03402,0,0,0
09577,03403,0,0,0
09577,03404,0,0,0
09577,03405,0,0,0
09577,03451,0,0,0
09577,03452,0,0,0
09577,03453,0,0,0
09577,03454,0,0,0
09577,03455,0,0,0
09577,03456,0,0,0
09577,03457,0,0,0
09577,03458,0,0,0
09577,03459,0,0,0
09577,03460,0,0,0
09577,03461,0,0,0
09577,03462,0,0,0
09577,04011,0,0,0
09577,04012,0,0,0
09577,05111,13,0,13
09577,05112,0,0,0
09577,05113,0,0,0
09577,05114,0,0,0
09577,05116,0,0,0
09577,05117,0,0,0
09577,05119,0,0,0
09577,05120,0,0,0
09577,05122,0,0,0
09577,05124,0,0,0
09577,05154,0,0,0
09577,05158,0,0,0
09577,05162,0,0,0
09577,05166,0,0,0
09577,05170,0,0,0
09577,05314,0,0,0
09577,05315,12,0,12
09577,05316,0,0,0
09577,05334,0,0,0
09577,05358,0,0,0
09577,05362,0,0,0
09577,05366,0,0,0
09577,05370,0,0,0
09577,05374,0,0,0
09577,05378,0,0,0
09577,05382,24,0,24
09577,05512,0,0,0
09577,05513,0,0,0
09577,05515,0,0,0
09577,05554,0,0,0
09577,05558,0,0,0
09577,05562,0,0,0
09577,05566,0,0,0
09577,05570,0,0,0
09577,05711,0,0,0
09577,05754,0,0,0
09577,05758,0,0,0
09577,05762,16,16,0
09577,05766,0,0,0
09577,05770,0,0,0
09577,05774,0,0,0
09577,05911,0,0,0
09577,05913,0,0,0
09577,05914,0,0,0
09577,05915,0,0,0
09577,05916,0,0,0
09577,05954,0,0,0
09577,05958,0,0,0
09577,05962,0,0,0
09577,05966,0,0,0
09577,05970,21,0,21
09577,05974,0,0,0
09577,05978,0,0,0
09577,06411,0,0,0
09577,06412,17,0,17
09577,06413,0,0,0
09577,06414,0,0,0
09577,06431,0,0,0
09577,06432,0,0,0
09577,06433,0,0,0
09577,06434,0,0,0
09577,06435,0,0,0
09577,06436,0,0,0
09577,06437,0,0,0
09577,06438,0,0,0
09577,06439,0,0,0
09577,06440,0,0,0
09577,06531,0,0,0
09577,06532,0,0,0
09577,06533,0,0,0
09577,06534,11,0,11
09577,06535,0,0,0
09577,06611,0,0,0
09577,06631,0,0,0
09577,06632,0,0,0
09577,06633,17,17,0
09577,06634,0,0,0
09577,06635,0,0,0
09577,06636,0,0,0
09577,07111,0,0,0
09577,07131,0,0,0
09577,07132,0,0,0
09577,07133,0,0,0
09577,07134,0,0,0
09577,07135,0,0,0
09577,07137,0,0,0
09577,07138,0,0,0
09577,07140,0,0,0
09577,07141,0,0,0
09577,07143,12,0,12
09577,07211,0,0,0
09577,07231,0,0,0
09577,07232,0,0,0
09577,07233,0,0,0
09577,07235,0,0,0
09577,07311,0,0,0
09577,07312,0,0,0
09577,07313,0,0,0
09577,07314,0,0,0
09577,07315,0,0,0
09577,07316,0,0,0
09577,07317,0,0,0
09577,07318,0,0,0
09577,07319,0,0,0
09577,07320,0,0,0
09577,07331,0,0,0
09577,07332,0,0,0
09577,07333,0,0,0
09577,07334,0,0,0
09577,07335,0,0,0
09577,07336,0,0,0
09577,07337,0,0,0
09577,07338,0,0,0
09577,07339,0,0,0
09577,07340,0,0,0
09577,08111,43,11,32
09577,08115,10,0,10
09577,08116,24,0,24
09577,08117,0,0,0
09577,08118,17,0,17
09577,08119,14,0,14
09577,08121,0,0,0
09577,08125,20,0,20
09577,08126,24,0,24
09577,08127,42,17,25
09577,08128,20,0,20
09577,08135,13,0,13
09577,08136,86,34,52
09577,08211,0,0,0
09577,08212,0,0,0
09577,08215,0,0,0
09577,08216,0,0,0
09577,08221,0,0,0
09577,08222,31,19,12
09577,08225,0,0,0
09577,08226,0,0,0
09577,08231,0,0,0
09577,08235,0,0,0
09577,08236,0,0,0
09577,08237,0,0,0
09577,08311,0,0,0
09577,08315,0,0,0
09577,08316,0,0,0
09577,08317,0,0,0
09577,08325,0,0,0
09577,08326,0,0,0
09577,08327,0,0,0
09577,08335,0,0,0
09577,08336,0,0,0
09577,08337,0,0,0
09577,08415,0,0,0
09577,08416,0,0,0
09577,08417,0,0,0
09577,08421,0,0,0
09577,08425,0,0,0
09577,08426,0,0,0
09577,08435,0,0,0
09577,08436,0,0,0
09577,08437,0,0,0
09577,09161,625,38,587
09577,09162,396,49,347
09577,09163,0,0,0
09577,09171,0,0,0
09577,09172,0,0,0
09577,09173,0,0,0
09577,09174,0,0,0
09577,09175,12,0,12
09577,09176,1609,464,1145
09577,09177,18,0,18
09577,09178,40,14,26
09577,09179,14,0,14
09577,09180,0,0,0
09577,09181,0,0,0
09577,09182,0,0,0
09577,09183,0,0,0
09577,09184,112,13,99
09577,09185,128,37,91
09577,09186,60,18,42
09577,09187,0,0,0
09577,09188,11,0,11
09577,09189,0,0,0
09577,09190,0,0,0
09577,09261,0,0,0
09577,09262,0,0,0
09577,09263,0,0,0
09577,09271,11,0,11
09577,09272,0,0,0
09577,09273,35,11,24
09577,09274,0,0,0
09577,09275,0,0,0
09577,09276,0,0,0
09577,09277,0,0,0
09577,09278,0,0,0
09577,09279,0,0,0
09577,09361,0,0,0
09577,09362,38,10,28
09577,09363,0,0,0
09577,09371,10,10,0
09577,09372,12,0,12
09577,09373,145,49,96
09577,09374,0,0,0
09577,09375,11,0,11
09577,09376,21,10,11
09577,09377,0,0,0
09577,09461,18,0,18
09577,09462,11,0,11
09577,09463,0,0,0
09577,09464,0,0,0
09577,09471,35,10,25
09577,09472,10,10,0
09577,09473,0,0,0
09577,09474,20,20,0
09577,09475,0,0,0
09577,09476,0,0,0
09577,09477,0,0,0
09577,09478,0,0,0
09577,09479,0,0,0
09577,09561,1146,209,937
09577,09562,156,19,137
09577,09563,207,62,145
09577,09564,2333,338,1995
09577,09565,473,150,323
09577,09571,3277,1917,1360
09577,09572,86,22,64
09577,09573,132,72,60
09577,09574,203,81,122
09577,09575,150,27,123
09577,09576,3956,1408,2548
09577,09577,0,0,0
09577,09661,0,0,0
09577,09662,0,0,0
09577,09663,37,11,26
09577,09671,0,0,0
09577,09672,0,0,0
09577,09673,0,0,0
09577,09674,0,0,0
09577,09675,0,0,0
09577,09676,0,0,0
09577,09677,0,0,0
09577,09678,0,0,0
09577,09679,26,11,15
09577,09761,102,29,73
09577,09762,0,0,0
09577,09763,0,0,0
09577,09764,0,0,0
09577,09771,17,0,17
09577,09772,59,27,32
09577,09773,77,24,53
09577,09774,0,0,0
09577,09775,0,0,0
09577,09776,0,0,0
09577,09777,0,0,0
09577,09778,0,0,0
09577,09779,2554,928,1626
09577,09780,0,0,0
09577,10041,0,0,0
09577,10042,0,0,0
09577,10043,0,0,0
09577,10044,0,0,0
09577,10045,0,0,0
09577,10046,0,0,0
09577,11000,51,22,29
09577,12051,0,0,0
09577,12052,0,0,0
09577,12053,0,0,0
09577,12054,0,0,0
09577,12060,0,0,0
09577,12061,0,0,0
09577,12062,0,0,0
09577,12063,0,0,0
09577,12064,0,0,0
09577,12065,0,0,0
09577,12066,0,0,0
09577,12067,0,0,0
09577,12068,0,0,0
09577,12069,0,0,0
09577,12070,0,0,0
09577,12071,0,0,0
09577,12072,42,14,28
09577,12073,0,0,0
09577,13003,0,0,0
09577,13004,0,0,0
09577,13071,0,0,0
09577,13072,0,0,0
09577,13073,10,0,10
09577,13074,0,0,0
09577,13075,0,0,0
09577,13076,0,0,0
09577,14511,0,0,0
09577,14521,0,0,0
09577,14522,0,0,0
09577,14523,12,12,0
09577,14524,10,10,0
09577,14612,0,0,0
09577,14625,0,0,0
09577,14626,0,0,0
09577,14627,0,0,0
09577,14628,0,0,0
09577,14713,16,16,0
09577,14729,0,0,0
09577,14730,0,0,0
09577,15001,0,0,0
09577,15002,0,0,0
09577,15003,0,0,0
09577,15081,0,0,0
09577,15082,0,0,0
09577,15083,0,0,0
09577,15084,0,0,0
09577,15085,0,0,0
09577,15086,0,0,0
09577,15087,0,0,0
09577,15088,0,0,0
09577,15089,0,0,0
09577,15090,0,0,0
09577,15091,0,0,0
09577,16051,0,0,0
09577,16052,0,0,0
09577,16053,0,0,0
09577,16054,0,0,0
09577,16055,0,0,0
09577,16056,0,0,0
09577,16061,0,0,0
09577,16062,0,0,0
09577,16063,0,0,0
09577,16064,0,0,0
09577,16065,0,0,0
09577,16066,0,0,0
09577,16067,0,0,0
09577,16068,0,0,0
09577,16069,0,0,0
09577,16070,0,0,0
09577,16071,0,0,0
09577,16072,0,0,0
09577,16073,0,0,0
09577,16074,0,0,0
09577,16075,0,0,0
09577,16076,0,0,0
09577,16077,0,0,0
09661,01001,0,0,0
09661,01002,0,0,0
09661,01003,0,0,0
09661,01004,0,0,0
09661,01051,0,0,0
09661,01053,0,0,0
09661,01054,0,0,0
09661,01055,0,0,0
09661,01056,0,0,0
09661,01057,0,0,0
09661,01058,0,0,0
09661,01059,0,0,0
09661,01060,0,0,0
09661,01061,0,0,0
09661,01062,0,0,0
09661,02000,93,44,49
09661,03101,0,0,0
09661,03102,0,0,0
09661,03103,0,0,0
09661,03151,0,0,0
09661,03153,0,0,0
09661,03154,0,0,0
09661,03155,0,0,0
09661,03157,0,0,0
09661,03158,0,0,0
09661,03159,0,0,0
09661,03241,31,20,11
09661,03251,0,0,0
09661,03252,0,0,0
09661,03254,0,0,0
09661,03255,0,0,0
09661,03256,0,0,0
09661,03257,0,0,0
09661,03351,0,0,0
09661,03352,0,0,0
09661,03353,0,0,0
09661,03354,0,0,0
09661,03355,0,0,0
09661,03356,0,0,0
09661,03357,0,0,0
09661,03358,0,0,0
09661,03359,0,0,0
09661,03360,0,0,0
09661,03361,0,0,0
09661,03401,0,0,0
09661,03402,18,0,18
09661,03403,0,0,0
09661,03404,0,0,0
09661,03405,0,0,0
09661,03451,0,0,0
09661,03452,0,0,0
09661,03453,0,0,0
09661,03454,0,0,0
09661,03455,0,0,0
09661,03456,0,0,0
09661,03457,0,0,0
09661,03458,0,0,0
09661,03459,11,11,0
09661,03460,0,0,0
09661,03461,0,0,0
09661,03462,0,0,0
09661,04011,0,0,0
09661,04012,0,0,0
09661,05111,64,12,52
09661,05112,0,0,0
09661,05113,0,0,0
09661,05114,0,0,0
09661,05116,0,0,0
09661,05117,0,0,0
09661,05119,0,0,0
09661,05120,0,0,0
09661,05122,0,0,0
09661,05124,0,0,0
09661,05154,0,0,0
09661,05158,26,16,10
09661,05162,11,11,0
09661,05166,0,0,0
09661,05170,0,0,0
09661,05314,11,0,11
09661,05315,99,52,47
09661,05316,0,0,0
09661,05334,11,11,0
09661,05358,0,0,0
09661,05362,13,13,0
09661,05366,0,0,0
09661,05370,0,0,0
09661,05374,0,0,0
09661,05378,0,0,0
09661,05382,10,10,0
09661,05512,0,0,0
09661,05513,0,0,0
09661,05515,0,0,0
09661,05554,0,0,0
09661,05558,0,0,0
09661,05562,0,0,0
09661,05566,0,0,0
09661,05570,0,0,0
09661,05711,0,0,0
09661,05754,11,0,11
09661,05758,0,0,0
09661,05762,0,0,0
09661,05766,0,0,0
09661,05770,0,0,0
09661,05774,0,0,0
09661,05911,0,0,0
09661,05913,11,11,0
09661,05914,0,0,0
09661,05915,0,0,0
09661,05916,0,0,0
09661,05954,11,11,0
09661,05958,10,10,0
09661,05962,0,0,0
09661,05966,0,0,0
09661,05970,11,11,0
09661,05974,0,0,0
09661,05978,13,13,0
09661,06411,440,181,259
09661,06412,2517,483,2034
09661,06413,345,164,181
09661,06414,153,86,67
09661,06431,61,36,25
09661,06432,1755,1140,615
09661,06433,270,168,102
09661,06434,176,70,106
09661,06435,2021,1260,761
09661,06436,253,91,162
09661,06437,438,363,75
09661,06438,2006,1120,886
09661,06439,58,46,12
09661,06440,265,211,54
09661,06531,51,35,16
09661,06532,16,16,0
09661,06533,31,31,0
09661,06534,22,22,0
09661,06535,22,22,0
09661,06611,13,0,13
09661,06631,55,36,19
09661,06632,0,0,0
09661,06633,0,0,0
09661,06634,0,0,0
09661,06635,21,21,0
09661,06636,0,0,0
09661,07111,10,10,0
09661,07131,0,0,0
09661,07132,0,0,0
09661,07133,15,15,0
09661,07134,0,0,0
09661,07135,0,0,0
09661,07137,0,0,0
09661,07138,0,0,0
09661,07140,0,0,0
09661,07141,0,0,0
09661,07143,12,12,0
09661,07211,0,0,0
09661,07231,0,0,0
09661,07232,0,0,0
09661,07233,0,0,0
09661,07235,0,0,0
09661,07311,0,0,0
09661,07312,0,0,0
09661,07313,0,0,0
09661,07314,0,0,0
09661,07315,82,55,27
09661,07316,0,0,0
09661,07317,0,0,0
09661,07318,0,0,0
09661,07319,11,11,0
09661,07320,0,0,0
09661,07331,21,21,0
09661,07332,0,0,0
09661,07333,0,0,0
09661,07334,0,0,0
09661,07335,0,0,0
09661,07336,0,0,0
09661,07337,0,0,0
09661,07338,10,10,0
09661,07339,52,52,0
09661,07340,0,0,0
09661,08111,43,15,28
09661,08115,13,13,0
09661,08116,26,12,14
09661,08117,0,0,0
09661,08118,28,14,14
09661,08119,16,0,16
09661,08121,0,0,0
09661,08125,30,16,14
09661,08126,0,0,0
09661,08127,0,0,0
09661,08128,146,92,54
09661,08135,0,0,0
09661,08136,0,0,0
09661,08211,0,0,0
09661,08212,52,39,13
09661,08215,39,39,0
09661,08216,0,0,0
09661,08221,0,0,0
09661,08222,58,25,33
09661,08225,67,56,11
09661,08226,57,30,27
09661,08231,0,0,0
09661,08235,0,0,0
09661,08236,0,0,0
09661,08237,0,0,0
09661,08311,0,0,0
09661,08315,0,0,0
09661,08316,0,0,0
09661,08317,12,12,0
09661,08325,0,0,0
09661,08326,11,11,0
09661,08327,0,0,0
09661,08335,15,0,15
09661,08336,0,0,0
09661,08337,0,0,0
09661,08415,10,10,0
09661,08416,0,0,0
09661,08417,0,0,0
09661,08421,0,0,0
09661,08425,0,0,0
09661,08426,0,0,0
09661,08435,0,0,0
09661,08436,0,0,0
09661,08437,0,0,0
09661,09161,12,0,12
09661,09162,241,63,178
09661,09163,0,0,0
09661,09171,0,0,0
09661,09172,0,0,0
09661,09173,0,0,0
09661,09174,0,0,0
09661,09175,0,0,0
09661,09176,0,0,0
09661,09177,0,0,0
09661,09178,0,0,0
09661,09179,10,10,0
09661,09180,0,0,0
09661,09181,0,0,0
09661,09182,0,0,0
09661,09183,0,0,0
09661,09184,59,10,49
09661,09185,0,0,0
09661,09186,0,0,0
09661,09187,0,0,0
09661,09188,0,0,0
09661,09189,0,0,0
09661,09190,0,0,0
09661,09261,0,0,0
09661,09262,0,0,0
09661,09263,0,0,0
09661,09271,0,0,0
09661,09272,0,0,0
09661,09273,0,0,0
09661,09274,0,0,0
09661,09275,0,0,0
09661,09276,0,0,0
09661,09277,0,0,0
09661,09278,0,0,0
09661,09279,0,0,0
09661,09361,0,0,0
09661,09362,11,0,11
09661,09363,0,0,0
09661,09371,0,0,0
09661,09372,0,0,0
09661,09373,0,0,0
09661,09374,0,0,0
09661,09375,0,0,0
09661,09376,0,0,0
09661,09377,0,0,0
09661,09461,0,0,0
09661,09462,0,0,0
09661,09463,0,0,0
09661,09464,0,0,0
09661,09471,0,0,0
09661,09472,0,0,0
09661,09473,0,0,0
09661,09474,0,0,0
09661,09475,0,0,0
09661,09476,0,0,0
09661,09477,0,0,0
09661,09478,0,0,0
09661,09479,0,0,0
09661,09561,0,0,0
09661,09562,35,0,35
09661,09563,0,0,0
09661,09564,85,15,70
09661,09565,0,0,0
09661,09571,0,0,0
09661,09572,0,0,0
09661,09573,0,0,0
09661,09574,11,11,0
09661,09575,10,10,0
09661,09576,0,0,0
09661,09577,0,0,0
09661,09661,0,0,0
09661,09662,26,10,16
09661,09663,366,118,248
09661,09671,23711,17474,6237
09661,09672,54,39,15
09661,09673,10,10,0
09661,09674,0,0,0
09661,09675,25,25,0
09661,09676,8821,7025,1796
09661,09677,962,702,260
09661,09678,46,46,0
09661,09679,183,132,51
09661,09761,0,0,0
09661,09762,0,0,0
09661,09763,0,0,0
09661,09764,0,0,0
09661,09771,0,0,0
09661,09772,0,0,0
09661,09773,0,0,0
09661,09774,0,0,0
09661,09775,0,0,0
09661,09776,0,0,0
09661,09777,0,0,0
09661,09778,0,0,0
09661,09779,0,0,0
09661,09780,0,0,0
09661,10041,23,13,10
09661,10042,0,0,0
09661,10043,0,0,0
09661,10044,0,0,0
09661,10045,0,0,0
09661,10046,0,0,0
09661,11000,105,52,53
09661,12051,0,0,0
09661,12052,0,0,0
09661,12053,0,0,0
09661,12054,0,0,0
09661,12060,0,0,0
09661,12061,0,0,0
09661,12062,0,0,0
09661,12063,0,0,0
09661,12064,0,0,0
09661,12065,0,0,0
09661,12066,0,0,0
09661,12067,0,0,0
09661,12068,0,0,0
09661,12069,0,0,0
09661,12070,0,0,0
09661,12071,0,0,0
09661,12072,0,0,0
09661,12073,0,0,0
09661,13003,0,0,0
09661,13004,0,0,0
09661,13071,0,0,0
09661,13072,0,0,0
09661,13073,0,0,0
09661,13074,0,0,0
09661,13075,0,0,0
09661,13076,0,0,0
09661,14511,0,0,0
09661,14521,0,0,0
09661,14522,0,0,0
09661,14523,0,0,0
09661,14524,0,0,0
09661,14612,0,0,0
09661,14625,11,11,0
09661,14626,0,0,0
09661,14627,0,0,0
09661,14628,0,0,0
09661,14713,13,13,0
09661,14729,0,0,0
09661,14730,0,0,0
09661,15001,0,0,0
09661,15002,0,0,0
09661,15003,0,0,0
09661,15081,0,0,0
09661,15082,0,0,0
09661,15083,0,0,0
09661,15084,0,0,0
09661,15085,0,0,0
09661,15086,0,0,0
09661,15087,0,0,0
09661,15088,0,0,0
09661,15089,0,0,0
09661,15090,0,0,0
09661,15091,0,0,0
09661,16051,0,0,0
09661,16052,0,0,0
09661,16053,0,0,0
09661,16054,0,0,0
09661,16055,0,0,0
09661,16056,0,0,0
09661,16061,0,0,0
09661,16062,0,0,0
09661,16063,0,0,0
09661,16064,10,10,0
09661,16065,0,0,0
09661,16066,21,21,0
09661,16067,0,0,0
09661,16068,0,0,0
09661,16069,0,0,0
09661,16070,0,0,0
09661,16071,0,0,0
09661,16072,0,0,0
09661,16073,10,10,0
09661,16074,0,0,0
09661,16075,0,0,0
09661,16076,0,0,0
09661,16077,0,0,0
09662,01001,0,0,0
09662,01002,0,0,0
09662,01003,0,0,0
09662,01004,0,0,0
09662,01051,0,0,0
09662,01053,0,0,0
09662,01054,0,0,0
09662,01055,0,0,0
09662,01056,0,0,0
09662,01057,0,0,0
09662,01058,0,0,0
09662,01059,0,0,0
09662,01060,0,0,0
09662,01061,0,0,0
09662,01062,0,0,0
09662,02000,45,13,32
09662,03101,0,0,0
09662,03102,0,0,0
09662,03103,0,0,0
09662,03151,0,0,0
09662,03153,0,0,0
09662,03154,0,0,0
09662,03155,0,0,0
09662,03157,0,0,0
09662,03158,0,0,0
09662,03159,0,0,0
09662,03241,26,15,11
09662,03251,0,0,0
09662,03252,0,0,0
09662,03254,0,0,0
09662,03255,0,0,0
09662,03256,0,0,0
09662,03257,0,0,0
09662,03351,0,0,0
09662,03352,0,0,0
09662,03353,0,0,0
09662,03354,0,0,0
09662,03355,0,0,0
09662,03356,0,0,0
09662,03357,0,0,0
09662,03358,0,0,0
09662,03359,0,0,0
09662,03360,0,0,0
09662,03361,0,0,0
09662,03401,0,0,0
09662,03402,0,0,0
09662,03403,0,0,0
09662,03404,0,0,0
09662,03405,0,0,0
09662,03451,0,0,0
09662,03452,0,0,0
09662,03453,0,0,0
09662,03454,0,0,0
09662,03455,0,0,0
09662,03456,0,0,0
09662,03457,0,0,0
09662,03458,0,0,0
09662,03459,0,0,0
09662,03460,0,0,0
09662,03461,0,0,0
09662,03462,0,0,0
09662,04011,0,0,0
09662,04012,0,0,0
09662,05111,0,0,0
09662,05112,0,0,0
09662,05113,0,0,0
09662,05114,14,0,14
09662,05116,0,0,0
09662,05117,0,0,0
09662,05119,0,0,0
09662,05120,0,0,0
09662,05122,0,0,0
09662,05124,0,0,0
09662,05154,0,0,0
09662,05158,0,0,0
09662,05162,0,0,0
09662,05166,0,0,0
09662,05170,0,0,0
09662,05314,0,0,0
09662,05315,27,11,16
09662,05316,0,0,0
09662,05334,0,0,0
09662,05358,0,0,0
09662,05362,0,0,0
09662,05366,0,0,0
09662,05370,0,0,0
09662,05374,15,0,15
09662,05378,0,0,0
09662,05382,14,14,0
09662,05512,0,0,0
09662,05513,0,0,0
09662,05515,0,0,0
09662,05554,0,0,0
09662,05558,0,0,0
09662,05562,0,0,0
09662,05566,0,0,0
09662,05570,0,0,0
09662,05711,0,0,0
09662,05754,0,0,0
09662,05758,0,0,0
09662,05762,0,0,0
09662,05766,0,0,0
09662,05770,0,0,0
09662,05774,0,0,0
09662,05911,0,0,0
09662,05913,0,0,0
09662,05914,0,0,0
09662,05915,0,0,0
09662,05916,0,0,0
09662,05954,0,0,0
09662,05958,0,0,0
09662,05962,0,0,0
09662,05966,0,0,0
09662,05970,0,0,0
09662,05974,0,0,0
09662,05978,0,0,0
09662,06411,0,0,0
09662,06412,68,15,53
09662,06413,0,0,0
09662,06414,0,0,0
09662,06431,0,0,0
09662,06432,37,0,37
09662,06433,0,0,0
09662,06434,14,0,14
09662,06435,53,24,29
09662,06436,0,0,0
09662,06437,0,0,0
09662,06438,12,0,12
09662,06439,0,0,0
09662,06440,0,0,0
09662,06531,0,0,0
09662,06532,0,0,0
09662,06533,0,0,0
09662,06534,0,0,0
09662,06535,0,0,0
09662,06611,0,0,0
09662,06631,93,53,40
09662,06632,0,0,0
09662,06633,0,0,0
09662,06634,0,0,0
09662,06635,0,0,0
09662,06636,0,0,0
09662,07111,0,0,0
09662,07131,0,0,0
09662,07132,0,0,0
09662,07133,0,0,0
09662,07134,0,0,0
09662,07135,0,0,0
09662,07137,0,0,0
09662,07138,0,0,0
09662,07140,0,0,0
09662,07141,0,0,0
09662,07143,0,0,0
09662,07211,0,0,0
09662,07231,0,0,0
09662,07232,0,0,0
09662,07233,0,0,0
09662,07235,0,0,0
09662,07311,0,0,0
09662,07312,0,0,0
09662,07313,0,0,0
09662,07314,0,0,0
09662,07315,0,0,0
09662,07316,0,0,0
09662,07317,0,0,0
09662,07318,0,0,0
09662,07319,0,0,0
09662,07320,0,0,0
09662,07331,0,0,0
09662,07332,0,0,0
09662,07333,0,0,0
09662,07334,0,0,0
09662,07335,0,0,0
09662,07336,0,0,0
09662,07337,0,0,0
09662,07338,0,0,0
09662,07339,0,0,0
09662,07340,0,0,0
09662,08111,44,16,28
09662,08115,10,10,0
09662,08116,15,0,15
09662,08117,0,0,0
09662,08118,10,0,10
09662,08119,11,11,0
09662,08121,0,0,0
09662,08125,14,14,0
09662,08126,0,0,0
09662,08127,0,0,0
09662,08128,76,51,25
09662,08135,0,0,0
09662,08136,12,12,0
09662,08211,0,0,0
09662,08212,0,0,0
09662,08215,0,0,0
09662,08216,0,0,0
09662,08221,0,0,0
09662,08222,10,0,10
09662,08225,16,16,0
09662,08226,13,13,0
09662,08231,0,0,0
09662,08235,0,0,0
09662,08236,0,0,0
09662,08237,0,0,0
09662,08311,0,0,0
09662,08315,0,0,0
09662,08316,0,0,0
09662,08317,0,0,0
09662,08325,0,0,0
09662,08326,0,0,0
09662,08327,0,0,0
09662,08335,0,0,0
09662,08336,0,0,0
09662,08337,0,0,0
09662,08415,0,0,0
09662,08416,0,0,0
09662,08417,0,0,0
09662,08421,0,0,0
09662,08425,0,0,0
09662,08426,0,0,0
09662,08435,19,19,0
09662,08436,0,0,0
09662,08437,0,0,0
09662,09161,14,0,14
09662,09162,175,47,128
09662,09163,0,0,0
09662,09171,20,0,20
09662,09172,0,0,0
09662,09173,0,0,0
09662,09174,0,0,0
09662,09175,0,0,0
09662,09176,0,0,0
09662,09177,0,0,0
09662,09178,0,0,0
09662,09179,0,0,0
09662,09180,0,0,0
09662,09181,0,0,0
09662,09182,0,0,0
09662,09183,0,0,0
09662,09184,24,0,24
09662,09185,0,0,0
09662,09186,0,0,0
09662,09187,13,13,0
09662,09188,0,0,0
09662,09189,0,0,0
09662,09190,0,0,0
09662,09261,0,0,0
09662,09262,0,0,0
09662,09263,0,0,0
09662,09271,0,0,0
09662,09272,0,0,0
09662,09273,0,0,0
09662,09274,0,0,0
09662,09275,0,0,0
09662,09276,0,0,0
09662,09277,0,0,0
09662,09278,0,0,0
09662,09279,0,0,0
09662,09361,0,0,0
09662,09362,10,0,10
09662,09363,0,0,0
09662,09371,0,0,0
09662,09372,0,0,0
09662,09373,0,0,0
09662,09374,0,0,0
09662,09375,0,0,0
09662,09376,0,0,0
09662,09377,0,0,0
09662,09461,335,223,112
09662,09462,29,12,17
09662,09463,62,48,14
09662,09464,0,0,0
09662,09471,411,362,49
09662,09472,0,0,0
09662,09473,110,98,12
09662,09474,47,47,0
09662,09475,12,12,0
09662,09476,33,33,0
09662,09477,17,17,0
09662,09478,40,40,0
09662,09479,0,0,0
09662,09561,0,0,0
09662,09562,50,26,24
09662,09563,43,27,16
09662,09564,177,66,111
09662,09565,0,0,0
09662,09571,10,10,0
09662,09572,117,77,40
09662,09573,10,10,0
09662,09574,14,14,0
09662,09575,73,56,17
09662,09576,10,10,0
09662,09577,0,0,0
09662,09661,26,16,10
09662,09662,0,0,0
09662,09663,1577,950,627
09662,09671,34,34,0
09662,09672,5898,5407,491
09662,09673,2377,2105,272
09662,09674,4713,4235,478
09662,09675,1186,953,233
09662,09676,19,19,0
09662,09677,1001,890,111
09662,09678,25784,22189,3595
09662,09679,1260,1089,171
09662,09761,0,0,0
09662,09762,0,0,0
09662,09763,0,0,0
09662,09764,0,0,0
09662,09771,0,0,0
09662,09772,14,0,14
09662,09773,0,0,0
09662,09774,0,0,0
09662,09775,0,0,0
09662,09776,0,0,0
09662,09777,0,0,0
09662,09778,0,0,0
09662,09779,0,0,0
09662,09780,0,0,0
09662,10041,10,0,10
09662,10042,0,0,0
09662,10043,0,0,0
09662,10044,0,0,0
09662,10045,0,0,0
09662,10046,0,0,0
09662,11000,65,18,47
09662,12051,0,0,0
09662,12052,0,0,0
09662,12053,0,0,0
09662,12054,0,0,0
09662,12060,0,0,0
09662,12061,0,0,0
09662,12062,0,0,0
09662,12063,0,0,0
09662,12064,0,0,0
09662,12065,0,0,0
09662,12066,0,0,0
09662,12067,15,15,0
09662,12068,0,0,0
09662,12069,0,0,0
09662,12070,0,0,0
09662,12071,0,0,0
09662,12072,0,0,0
09662,12073,0,0,0
09662,13003,0,0,0
09662,13004,0,0,0
09662,13071,0,0,0
09662,13072,0,0,0
09662,13073,0,0,0
09662,13074,0,0,0
09662,13075,0,0,0
09662,13076,0,0,0
09662,14511,0,0,0
09662,14521,0,0,0
09662,14522,0,0,0
09662,14523,11,11,0
09662,14524,0,0,0
09662,14612,0,0,0
09662,14625,0,0,0
09662,14626,0,0,0
09662,14627,0,0,0
09662,14628,0,0,0
09662,14713,0,0,0
09662,14729,0,0,0
09662,14730,0,0,0
09662,15001,0,0,0
09662,15002,0,0,0
09662,15003,0,0,0
09662,15081,0,0,0
09662,15082,0,0,0
09662,15083,0,0,0
09662,15084,0,0,0
09662,15085,0,0,0
09662,15086,0,0,0
09662,15087,0,0,0
09662,15088,0,0,0
09662,15089,0,0,0
09662,15090,0,0,0
09662,15091,0,0,0
09662,16051,16,16,0
09662,16052,0,0,0
09662,16053,0,0,0
09662,16054,23,23,0
09662,16055,0,0,0
09662,16056,0,0,0
09662,16061,0,0,0
09662,16062,0,0,0
09662,16063,0,0,0
09662,16064,0,0,0
09662,16065,0,0,0
09662,16066,171,171,0
09662,16067,0,0,0
09662,16068,0,0,0
09662,16069,103,103,0
09662,16070,11,11,0
09662,16071,0,0,0
09662,16072,27,27,0
09662,16073,0,0,0
09662,16074,0,0,0
09662,16075,0,0,0
09662,16076,0,0,0
09662,16077,0,0,0
09663,01001,0,0,0
09663,01002,0,0,0
09663,01003,0,0,0
09663,01004,0,0,0
09663,01051,0,0,0
09663,01053,0,0,0
09663,01054,0,0,0
09663,01055,0,0,0
09663,01056,0,0,0
09663,01057,0,0,0
09663,01058,0,0,0
09663,01059,0,0,0
09663,01060,21,0,21
09663,01061,0,0,0
09663,01062,0,0,0
09663,02000,161,49,112
09663,03101,45,0,45
09663,03102,0,0,0
09663,03103,11,0,11
09663,03151,0,0,0
09663,03153,0,0,0
09663,03154,0,0,0
09663,03155,0,0,0
09663,03157,0,0,0
09663,03158,0,0,0
09663,03159,42,22,20
09663,03241,82,38,44
09663,03251,0,0,0
09663,03252,13,0,13
09663,03254,11,11,0
09663,03255,0,0,0
09663,03256,0,0,0
09663,03257,0,0,0
09663,03351,0,0,0
09663,03352,0,0,0
09663,03353,0,0,0
09663,03354,0,0,0
09663,03355,0,0,0
09663,03356,0,0,0
09663,03357,0,0,0
09663,03358,0,0,0
09663,03359,0,0,0
09663,03360,0,0,0
09663,03361,0,0,0
09663,03401,0,0,0
09663,03402,0,0,0
09663,03403,0,0,0
09663,03404,15,0,15
09663,03405,0,0,0
09663,03451,0,0,0
09663,03452,0,0,0
09663,03453,0,0,0
09663,03454,19,0,19
09663,03455,0,0,0
09663,03456,0,0,0
09663,03457,0,0,0
09663,03458,0,0,0
09663,03459,0,0,0
09663,03460,0,0,0
09663,03461,0,0,0
09663,03462,0,0,0
09663,04011,31,14,17
09663,04012,0,0,0
09663,05111,143,78,65
09663,05112,24,24,0
09663,05113,66,35,31
09663,05114,23,13,10
09663,05116,10,0,10
09663,05117,0,0,0
09663,05119,0,0,0
09663,05120,0,0,0
09663,05122,0,0,0
09663,05124,18,18,0
09663,05154,0,0,0
09663,05158,39,22,17
09663,05162,30,30,0
09663,05166,18,0,18
09663,05170,16,16,0
09663,05314,58,12,46
09663,05315,155,63,92
09663,05316,0,0,0
09663,05334,37,27,10
09663,05358,28,0,28
09663,05362,10,0,10
09663,05366,0,0,0
09663,05370,0,0,0
09663,05374,19,0,19
09663,05378,0,0,0
09663,05382,32,19,13
09663,05512,0,0,0
09663,05513,0,0,0
09663,05515,37,21,16
09663,05554,11,11,0
09663,05558,0,0,0
09663,05562,12,12,0
09663,05566,20,20,0
09663,05570,0,0,0
09663,05711,17,17,0
09663,05754,25,12,13
09663,05758,0,0,0
09663,05762,0,0,0
09663,05766,15,15,0
09663,05770,0,0,0
09663,05774,17,17,0
09663,05911,0,0,0
09663,05913,87,16,71
09663,05914,0,0,0
09663,05915,0,0,0
09663,05916,0,0,0
09663,05954,0,0,0
09663,05958,0,0,0
09663,05962,15,15,0
09663,05966,0,0,0
09663,05970,0,0,0
09663,05974,11,11,0
09663,05978,0,0,0
09663,06411,29,0,29
09663,06412,502,91,411
09663,06413,25,14,11
09663,06414,70,27,43
09663,06431,14,14,0
09663,06432,112,51,61
09663,06433,34,15,19
09663,06434,71,15,56
09663,06435,144,80,64
09663,06436,74,23,51
09663,06437,17,17,0
09663,06438,86,45,41
09663,06439,24,14,10
09663,06440,50,33,17
09663,06531,36,26,10
09663,06532,17,17,0
09663,06533,0,0,0
09663,06534,25,15,10
09663,06535,27,27,0
09663,06611,44,24,20
09663,06631,205,139,66
09663,06632,15,15,0
09663,06633,13,13,0
09663,06634,16,16,0
09663,06635,0,0,0
09663,06636,0,0,0
09663,07111,0,0,0
09663,07131,0,0,0
09663,07132,0,0,0
09663,07133,0,0,0
09663,07134,0,0,0
09663,07135,0,0,0
09663,07137,0,0,0
09663,07138,0,0,0
09663,07140,0,0,0
09663,07141,0,0,0
09663,07143,17,17,0
09663,07211,0,0,0
09663,07231,0,0,0
09663,07232,0,0,0
09663,07233,0,0,0
09663,07235,0,0,0
09663,07311,0,0,0
09663,07312,18,18,0
09663,07313,0,0,0
09663,07314,0,0,0
09663,07315,46,24,22
09663,07316,0,0,0
09663,07317,0,0,0
09663,07318,0,0,0
09663,07319,0,0,0
09663,07320,0,0,0
09663,07331,11,11,0
09663,07332,0,0,0
09663,07333,0,0,0
09663,07334,0,0,0
09663,07335,17,17,0
09663,07336,0,0,0
09663,07337,0,0,0
09663,07338,14,14,0
09663,07339,11,11,0
09663,07340,0,0,0
09663,08111,180,78,102
09663,08115,65,26,39
09663,08116,87,49,38
09663,08117,26,11,15
09663,08118,113,47,66
09663,08119,56,25,31
09663,08121,50,12,38
09663,08125,111,49,62
09663,08126,106,61,45
09663,08127,113,71,42
09663,08128,3051,1979,1072
09663,08135,18,18,0
09663,08136,60,34,26
09663,08211,0,0,0
09663,08212,57,38,19
09663,08215,48,29,19
09663,08216,12,12,0
09663,08221,36,17,19
09663,08222,78,24,54
09663,08225,222,167,55
09663,08226,88,51,37
09663,08231,0,0,0
09663,08235,0,0,0
09663,08236,12,12,0
09663,08237,0,0,0
09663,08311,35,13,22
09663,08315,15,15,0
09663,08316,15,15,0
09663,08317,30,15,15
09663,08325,0,0,0
09663,08326,12,12,0
09663,08327,0,0,0
09663,08335,13,13,0
09663,08336,0,0,0
09663,08337,0,0,0
09663,08415,26,13,13
09663,08416,54,35,19
09663,08417,0,0,0
09663,08421,38,12,26
09663,08425,12,12,0
09663,08426,0,0,0
09663,08435,14,14,0
09663,08436,11,11,0
09663,08437,0,0,0
09663,09161,43,18,25
09663,09162,883,266,617
09663,09163,12,12,0
09663,09171,0,0,0
09663,09172,0,0,0
09663,09173,102,102,0
09663,09174,13,0,13
09663,09175,27,15,12
09663,09176,10,0,10
09663,09177,13,13,0
09663,09178,48,13,35
09663,09179,19,19,0
09663,09180,17,17,0
09663,09181,0,0,0
09663,09182,10,10,0
09663,09183,0,0,0
09663,09184,173,71,102
09663,09185,0,0,0
09663,09186,23,12,11
09663,09187,35,19,16
09663,09188,36,17,19
09663,09189,88,88,0
09663,09190,14,14,0
09663,09261,0,0,0
09663,09262,32,18,14
09663,09263,0,0,0
09663,09271,0,0,0
09663,09272,0,0,0
09663,09273,69,69,0
09663,09274,11,11,0
09663,09275,13,13,0
09663,09276,0,0,0
09663,09277,0,0,0
09663,09278,0,0,0
09663,09279,0,0,0
09663,09361,18,0,18
09663,09362,83,57,26
09663,09363,0,0,0
09663,09371,19,19,0
09663,09372,0,0,0
09663,09373,34,18,16
09663,09374,10,10,0
09663,09375,62,62,0
09663,09376,17,17,0
09663,09377,33,15,18
09663,09461,358,116,242
09663,09462,45,28,17
09663,09463,96,60,36
09663,09464,28,28,0
09663,09471,288,244,44
09663,09472,41,41,0
09663,09473,38,38,0
09663,09474,66,48,18
09663,09475,49,31,18
09663,09476,44,31,13
09663,09477,27,27,0
09663,09478,55,40,15
09663,09479,31,31,0
09663,09561,52,23,29
09663,09562,154,55,99
09663,09563,86,52,34
09663,09564,788,208,580
09663,09565,33,11,22
09663,09571,236,181,55
09663,09572,105,52,53
09663,09573,49,49,0
09663,09574,89,57,32
09663,09575,683,488,195
09663,09576,41,26,15
09663,09577,37,26,11
09663,09661,366,248,118
09663,09662,1577,627,950
09663,09663,0,0,0
09663,09671,562,503,59
09663,09672,1364,1139,225
09663,09673,613,517,96
09663,09674,512,419,93
09663,09675,7803,6067,1736
09663,09676,534,482,52
09663,09677,8060,6755,1305
09663,09678,2879,2463,416
09663,09679,36422,29651,6771
09663,09761,49,25,24
09663,09762,13,13,0
09663,09763,0,0,0
09663,09764,0,0,0
09663,09771,37,37,0
09663,09772,25,14,11
09663,09773,0,0,0
09663,09774,0,0,0
09663,09775,14,0,14
09663,09776,0,0,0
09663,09777,0,0,0
09663,09778,16,16,0
09663,09779,11,11,0
09663,09780,13,13,0
09663,10041,28,17,11
09663,10042,0,0,0
09663,10043,0,0,0
09663,10044,0,0,0
09663,10045,0,0,0
09663,10046,0,0,0
09663,11000,389,172,217
09663,12051,0,0,0
09663,12052,0,0,0
09663,12053,0,0,0
09663,12054,0,0,0
09663,12060,0,0,0
09663,12061,0,0,0
09663,12062,0,0,0
09663,12063,0,0,0
09663,12064,0,0,0
09663,12065,0,0,0
09663,12066,0,0,0
09663,12067,0,0,0
09663,12068,0,0,0
09663,12069,0,0,0
09663,12070,0,0,0
09663,12071,0,0,0
09663,12072,0,0,0
09663,12073,0,0,0
09663,13003,0,0,0
09663,13004,0,0,0
09663,13071,0,0,0
09663,13072,0,0,0
09663,13073,0,0,0
09663,13074,0,0,0
09663,13075,21,21,0
09663,13076,0,0,0
09663,14511,10,0,10
09663,14521,13,13,0
09663,14522,16,16,0
09663,14523,34,34,0
09663,14524,11,11,0
09663,14612,53,30,23
09663,14625,0,0,0
09663,14626,0,0,0
09663,14627,0,0,0
09663,14628,0,0,0
09663,14713,59,28,31
09663,14729,0,0,0
09663,14730,12,12,0
09663,15001,0,0,0
09663,15002,21,21,0
09663,15003,0,0,0
09663,15081,0,0,0
09663,15082,0,0,0
09663,15083,0,0,0
09663,15084,0,0,0
09663,15085,0,0,0
09663,15086,0,0,0
09663,15087,0,0,0
09663,15088,13,13,0
09663,15089,0,0,0
09663,15090,0,0,0
09663,15091,0,0,0
09663,16051,35,22,13
09663,16052,0,0,0
09663,16053,10,0,10
09663,16054,14,14,0
09663,16055,0,0,0
09663,16056,0,0,0
09663,16061,0,0,0
09663,16062,0,0,0
09663,16063,11,11,0
09663,16064,0,0,0
09663,16065,0,0,0
09663,16066,73,73,0
09663,16067,18,18,0
09663,16068,0,0,0
09663,16069,32,32,0
09663,16070,14,14,0
09663,16071,0,0,0
09663,16072,15,15,0
09663,16073,11,11,0
09663,16074,0,0,0
09663,16075,0,0,0
09663,16076,13,13,0
09663,16077,0,0,0
09671,01001,0,0,0
09671,01002,0,0,0
09671,01003,28,0,28
09671,01004,0,0,0
09671,01051,0,0,0
09671,01053,0,0,0
09671,01054,11,0,11
09671,01055,0,0,0
09671,01056,0,0,0
09671,01057,0,0,0
09671,01058,0,0,0
09671,01059,0,0,0
09671,01060,0,0,0
09671,01061,0,0,0
09671,01062,0,0,0
09671,02000,174,49,125
09671,03101,0,0,0
09671,03102,0,0,0
09671,03103,0,0,0
09671,03151,0,0,0
09671,03153,0,0,0
09671,03154,0,0,0
09671,03155,0,0,0
09671,03157,0,0,0
09671,03158,0,0,0
09671,03159,10,10,0
09671,03241,72,28,44
09671,03251,11,11,0
09671,03252,0,0,0
09671,03254,0,0,0
09671,03255,0,0,0
09671,03256,0,0,0
09671,03257,0,0,0
09671,03351,0,0,0
09671,03352,0,0,0
09671,03353,11,11,0
09671,03354,0,0,0
09671,03355,0,0,0
09671,03356,0,0,0
09671,03357,26,0,26
09671,03358,0,0,0
09671,03359,0,0,0
09671,03360,0,0,0
09671,03361,0,0,0
09671,03401,10,10,0
09671,03402,17,0,17
09671,03403,0,0,0
09671,03404,12,0,12
09671,03405,0,0,0
09671,03451,0,0,0
09671,03452,0,0,0
09671,03453,0,0,0
09671,03454,19,19,0
09671,03455,0,0,0
09671,03456,0,0,0
09671,03457,0,0,0
09671,03458,12,12,0
09671,03459,34,0,34
09671,03460,0,0,0
09671,03461,0,0,0
09671,03462,0,0,0
09671,04011,30,17,13
09671,04012,0,0,0
09671,05111,130,29,101
09671,05112,31,16,15
09671,05113,42,17,25
09671,05114,15,0,15
09671,05116,10,0,10
09671,05117,0,0,0
09671,05119,17,0,17
09671,05120,0,0,0
09671,05122,0,0,0
09671,05124,13,0,13
09671,05154,0,0,0
09671,05158,59,21,38
09671,05162,30,14,16
09671,05166,14,14,0
09671,05170,21,21,0
09671,05314,27,12,15
09671,05315,135,30,105
09671,05316,0,0,0
09671,05334,33,18,15
09671,05358,0,0,0
09671,05362,51,21,30
09671,05366,0,0,0
09671,05370,0,0,0
09671,05374,15,0,15
09671,05378,0,0,0
09671,05382,34,22,12
09671,05512,0,0,0
09671,05513,0,0,0
09671,05515,0,0,0
09671,05554,0,0,0
09671,05558,19,19,0
09671,05562,33,15,18
09671,05566,15,15,0
09671,05570,0,0,0
09671,05711,0,0,0
09671,05754,19,0,19
09671,05758,11,0,11
09671,05762,0,0,0
09671,05766,0,0,0
09671,05770,30,10,20
09671,05774,0,0,0
09671,05911,12,12,0
09671,05913,36,18,18
09671,05914,0,0,0
09671,05915,0,0,0
09671,05916,0,0,0
09671,05954,0,0,0
09671,05958,0,0,0
09671,05962,14,0,14
09671,05966,0,0,0
09671,05970,34,18,16
09671,05974,0,0,0
09671,05978,24,13,11
09671,06411,657,139,518
09671,06412,5752,533,5219
09671,06413,882,250,632
09671,06414,214,60,154
09671,06431,108,49,59
09671,06432,2640,1351,1289
09671,06433,481,149,332
09671,06434,363,101,262
09671,06435,9346,4002,5344
09671,06436,488,95,393
09671,06437,461,347,114
09671,06438,4384,1638,2746
09671,06439,75,39,36
09671,06440,730,463,267
09671,06531,187,104,83
09671,06532,68,38,30
09671,06533,56,28,28
09671,06534,47,29,18
09671,06535,52,34,18
09671,06611,30,10,20
09671,06631,119,52,67
09671,06632,0,0,0
09671,06633,11,0,11
09671,06634,0,0,0
09671,06635,10,10,0
09671,06636,0,0,0
09671,07111,11,0,11
09671,07131,0,0,0
09671,07132,0,0,0
09671,07133,19,19,0
09671,07134,0,0,0
09671,07135,10,0,10
09671,07137,28,18,10
09671,07138,13,13,0
09671,07140,0,0,0
09671,07141,14,14,0
09671,07143,17,17,0
09671,07211,0,0,0
09671,07231,0,0,0
09671,07232,0,0,0
09671,07233,0,0,0
09671,07235,0,0,0
09671,07311,0,0,0
09671,07312,0,0,0
09671,07313,0,0,0
09671,07314,38,21,17
09671,07315,98,29,69
09671,07316,0,0,0
09671,07317,0,0,0
09671,07318,0,0,0
09671,07319,14,14,0
09671,07320,0,0,0
09671,07331,20,20,0
09671,07332,13,13,0
09671,07333,12,12,0
09671,07334,0,0,0
09671,07335,0,0,0
09671,07336,0,0,0
09671,07337,0,0,0
09671,07338,12,12,0
09671,07339,56,38,18
09671,07340,0,0,0
09671,08111,88,26,62
09671,08115,69,41,28
09671,08116,59,28,31
09671,08117,12,0,12
09671,08118,59,25,34
09671,08119,34,12,22
09671,08121,11,11,0
09671,08125,41,19,22
09671,08126,23,0,23
09671,08127,17,0,17
09671,08128,234,88,146
09671,08135,0,0,0
09671,08136,16,0,16
09671,08211,0,0,0
09671,08212,48,14,34
09671,08215,52,25,27
09671,08216,10,0,10
09671,08221,32,0,32
09671,08222,98,34,64
09671,08225,44,25,19
09671,08226,113,44,69
09671,08231,0,0,0
09671,08235,19,19,0
09671,08236,0,0,0
09671,08237,0,0,0
09671,08311,18,0,18
09671,08315,14,0,14
09671,08316,0,0,0
09671,08317,33,17,16
09671,08325,10,0,10
09671,08326,23,13,10
09671,08327,0,0,0
09671,08335,11,0,11
09671,08336,12,0,12
09671,08337,0,0,0
09671,08415,11,11,0
09671,08416,0,0,0
09671,08417,12,0,12
09671,08421,11,0,11
09671,08425,0,0,0
09671,08426,0,0,0
09671,08435,0,0,0
09671,08436,0,0,0
09671,08437,0,0,0
09671,09161,24,0,24
09671,09162,417,102,315
09671,09163,0,0,0
09671,09171,0,0,0
09671,09172,0,0,0
09671,09173,0,0,0
09671,09174,0,0,0
09671,09175,12,12,0
09671,09176,0,0,0
09671,09177,0,0,0
09671,09178,21,0,21
09671,09179,12,12,0
09671,09180,0,0,0
09671,09181,0,0,0
09671,09182,0,0,0
09671,09183,0,0,0
09671,09184,112,20,92
09671,09185,11,0,11
09671,09186,0,0,0
09671,09187,10,10,0
09671,09188,16,0,16
09671,09189,0,0,0
09671,09190,0,0,0
09671,09261,0,0,0
09671,09262,0,0,0
09671,09263,0,0,0
09671,09271,31,0,31
09671,09272,0,0,0
09671,09273,0,0,0
09671,09274,0,0,0
09671,09275,0,0,0
09671,09276,0,0,0
09671,09277,0,0,0
09671,09278,0,0,0
09671,09279,0,0,0
09671,09361,0,0,0
09671,09362,0,0,0
09671,09363,0,0,0
09671,09371,0,0,0
09671,09372,0,0,0
09671,09373,13,13,0
09671,09374,0,0,0
09671,09375,0,0,0
09671,09376,0,0,0
09671,09377,0,0,0
09671,09461,0,0,0
09671,09462,16,0,16
09671,09463,0,0,0
09671,09464,0,0,0
09671,09471,21,0,21
09671,09472,0,0,0
09671,09473,0,0,0
09671,09474,10,10,0
09671,09475,14,0,14
09671,09476,0,0,0
09671,09477,0,0,0
09671,09478,0,0,0
09671,09479,0,0,0
09671,09561,0,0,0
09671,09562,112,0,112
09671,09563,0,0,0
09671,09564,177,62,115
09671,09565,0,0,0
09671,09571,13,0,13
09671,09572,10,0,10
09671,09573,10,10,0
09671,09574,15,0,15
09671,09575,14,14,0
09671,09576,12,0,12
09671,09577,0,0,0
09671,09661,23711,6237,17474
09671,09662,34,0,34
09671,09663,562,59,503
09671,09671,0,0,0
09671,09672,25,0,25
09671,09673,38,13,25
09671,09674,10,0,10
09671,09675,34,19,15
09671,09676,7347,4145,3202
09671,09677,1503,621,882
09671,09678,34,21,13
09671,09679,127,53,74
09671,09761,23,0,23
09671,09762,0,0,0
09671,09763,0,0,0
09671,09764,0,0,0
09671,09771,0,0,0
09671,09772,0,0,0
09671,09773,15,15,0
09671,09774,17,17,0
09671,09775,0,0,0
09671,09776,0,0,0
09671,09777,0,0,0
09671,09778,0,0,0
09671,09779,0,0,0
09671,09780,14,0,14
09671,10041,35,13,22
09671,10042,0,0,0
09671,10043,10,10,0
09671,10044,0,0,0
09671,10045,10,10,0
09671,10046,0,0,0
09671,11000,190,71,119
09671,12051,0,0,0
09671,12052,0,0,0
09671,12053,0,0,0
09671,12054,0,0,0
09671,12060,0,0,0
09671,12061,0,0,0
09671,12062,0,0,0
09671,12063,0,0,0
09671,12064,0,0,0
09671,12065,0,0,0
09671,12066,0,0,0
09671,12067,0,0,0
09671,12068,0,0,0
09671,12069,10,10,0
09671,12070,0,0,0
09671,12071,0,0,0
09671,12072,0,0,0
09671,12073,0,0,0
09671,13003,0,0,0
09671,13004,0,0,0
09671,13071,0,0,0
09671,13072,0,0,0
09671,13073,0,0,0
09671,13074,0,0,0
09671,13075,0,0,0
09671,13076,0,0,0
09671,14511,17,17,0
09671,14521,0,0,0
09671,14522,15,0,15
09671,14523,0,0,0
09671,14524,0,0,0
09671,14612,28,14,14
09671,14625,0,0,0
09671,14626,0,0,0
09671,14627,0,0,0
09671,14628,0,0,0
09671,14713,38,27,11
09671,14729,18,18,0
09671,14730,21,21,0
09671,15001,0,0,0
09671,15002,11,11,0
09671,15003,0,0,0
09671,15081,0,0,0
09671,15082,0,0,0
09671,15083,12,0,12
09671,15084,22,22,0
09671,15085,0,0,0
09671,15086,0,0,0
09671,15087,10,10,0
09671,15088,10,10,0
09671,15089,0,0,0
09671,15090,0,0,0
09671,15091,10,10,0
09671,16051,36,22,14
09671,16052,0,0,0
09671,16053,10,10,0
09671,16054,0,0,0
09671,16055,0,0,0
09671,16056,0,0,0
09671,16061,0,0,0
09671,16062,0,0,0
09671,16063,0,0,0
09671,16064,13,13,0
09671,16065,0,0,0
09671,16066,0,0,0
09671,16067,33,0,33
09671,16068,0,0,0
09671,16069,0,0,0
09671,16070,12,12,0
09671,16071,0,0,0
09671,16072,0,0,0
09671,16073,0,0,0
09671,16074,0,0,0
09671,16075,0,0,0
09671,16076,0,0,0
09671,16077,13,13,0
09672,01001,0,0,0
09672,01002,0,0,0
09672,01003,0,0,0
09672,01004,0,0,0
09672,01051,0,0,0
09672,01053,0,0,0
09672,01054,0,0,0
09672,01055,0,0,0
09672,01056,10,10,0
09672,01057,0,0,0
09672,01058,57,0,57
09672,01059,0,0,0
09672,01060,0,0,0
09672,01061,0,0,0
09672,01062,13,0,13
09672,02000,79,31,48
09672,03101,0,0,0
09672,03102,0,0,0
09672,03103,0,0,0
09672,03151,0,0,0
09672,03153,0,0,0
09672,03154,0,0,0
09672,03155,0,0,0
09672,03157,0,0,0
09672,03158,0,0,0
09672,03159,0,0,0
09672,03241,12,0,12
09672,03251,0,0,0
09672,03252,0,0,0
09672,03254,0,0,0
09672,03255,0,0,0
09672,03256,0,0,0
09672,03257,0,0,0
09672,03351,0,0,0
09672,03352,0,0,0
09672,03353,0,0,0
09672,03354,0,0,0
09672,03355,0,0,0
09672,03356,0,0,0
09672,03357,0,0,0
09672,03358,0,0,0
09672,03359,0,0,0
09672,03360,0,0,0
09672,03361,0,0,0
09672,03401,0,0,0
09672,03402,0,0,0
09672,03403,0,0,0
09672,03404,0,0,0
09672,03405,0,0,0
09672,03451,0,0,0
09672,03452,0,0,0
09672,03453,0,0,0
09672,03454,0,0,0
09672,03455,0,0,0
09672,03456,0,0,0
09672,03457,0,0,0
09672,03458,0,0,0
09672,03459,0,0,0
09672,03460,0,0,0
09672,03461,0,0,0
09672,03462,0,0,0
09672,04011,77,0,77
09672,04012,0,0,0
09672,05111,20,0,20
09672,05112,0,0,0
09672,05113,0,0,0
09672,05114,0,0,0
09672,05116,0,0,0
09672,05117,0,0,0
09672,05119,0,0,0
09672,05120,0,0,0
09672,05122,0,0,0
09672,05124,0,0,0
09672,05154,0,0,0
09672,05158,11,0,11
09672,05162,0,0,0
09672,05166,0,0,0
09672,05170,0,0,0
09672,05314,0,0,0
09672,05315,37,0,37
09672,05316,0,0,0
09672,05334,0,0,0
09672,05358,11,0,11
09672,05362,0,0,0
09672,05366,0,0,0
09672,05370,0,0,0
09672,05374,27,0,27
09672,05378,0,0,0
09672,05382,10,0,10
09672,05512,0,0,0
09672,05513,0,0,0
09672,05515,40,40,0
09672,05554,0,0,0
09672,05558,0,0,0
09672,05562,0,0,0
09672,05566,13,13,0
09672,05570,10,10,0
09672,05711,0,0,0
09672,05754,17,0,17
09672,05758,0,0,0
09672,05762,0,0,0
09672,05766,0,0,0
09672,05770,0,0,0
09672,05774,0,0,0
09672,05911,0,0,0
09672,05913,0,0,0
09672,05914,0,0,0
09672,05915,0,0,0
09672,05916,0,0,0
09672,05954,0,0,0
09672,05958,11,0,11
09672,05962,0,0,0
09672,05966,0,0,0
09672,05970,0,0,0
09672,05974,0,0,0
09672,05978,10,0,10
09672,06411,26,13,13
09672,06412,193,33,160
09672,06413,0,0,0
09672,06414,17,0,17
09672,06431,0,0,0
09672,06432,64,23,41
09672,06433,59,14,45
09672,06434,28,10,18
09672,06435,857,469,388
09672,06436,30,10,20
09672,06437,0,0,0
09672,06438,55,17,38
09672,06439,0,0,0
09672,06440,51,22,29
09672,06531,23,11,12
09672,06532,0,0,0
09672,06533,0,0,0
09672,06534,35,0,35
09672,06535,41,29,12
09672,06611,12,0,12
09672,06631,1673,686,987
09672,06632,36,15,21
09672,06633,12,0,12
09672,06634,0,0,0
09672,06635,0,0,0
09672,06636,0,0,0
09672,07111,0,0,0
09672,07131,0,0,0
09672,07132,0,0,0
09672,07133,0,0,0
09672,07134,0,0,0
09672,07135,0,0,0
09672,07137,0,0,0
09672,07138,0,0,0
09672,07140,0,0,0
09672,07141,0,0,0
09672,07143,0,0,0
09672,07211,0,0,0
09672,07231,0,0,0
09672,07232,0,0,0
09672,07233,0,0,0
09672,07235,0,0,0
09672,07311,0,0,0
09672,07312,0,0,0
09672,07313,0,0,0
09672,07314,0,0,0
09672,07315,11,0,11
09672,07316,0,0,0
09672,07317,0,0,0
09672,07318,0,0,0
09672,07319,0,0,0
09672,07320,0,0,0
09672,07331,0,0,0
09672,07332,0,0,0
09672,07333,0,0,0
09672,07334,0,0,0
09672,07335,0,0,0
09672,07336,0,0,0
09672,07337,0,0,0
09672,07338,0,0,0
09672,07339,0,0,0
09672,07340,0,0,0
09672,08111,36,0,36
09672,08115,11,0,11
09672,08116,16,0,16
09672,08117,0,0,0
09672,08118,18,0,18
09672,08119,15,0,15
09672,08121,12,0,12
09672,08125,0,0,0
09672,08126,12,0,12
09672,08127,0,0,0
09672,08128,60,30,30
09672,08135,0,0,0
09672,08136,11,0,11
09672,08211,0,0,0
09672,08212,0,0,0
09672,08215,0,0,0
09672,08216,0,0,0
09672,08221,0,0,0
09672,08222,27,0,27
09672,08225,0,0,0
09672,08226,0,0,0
09672,08231,0,0,0
09672,08235,0,0,0
09672,08236,0,0,0
09672,08237,0,0,0
09672,08311,0,0,0
09672,08315,25,0,25
09672,08316,0,0,0
09672,08317,0,0,0
09672,08325,0,0,0
09672,08326,0,0,0
09672,08327,0,0,0
09672,08335,0,0,0
09672,08336,0,0,0
09672,08337,0,0,0
09672,08415,0,0,0
09672,08416,0,0,0
09672,08417,0,0,0
09672,08421,0,0,0
09672,08425,0,0,0
09672,08426,0,0,0
09672,08435,12,0,12
09672,08436,0,0,0
09672,08437,0,0,0
09672,09161,26,10,16
09672,09162,208,23,185
09672,09163,0,0,0
09672,09171,10,0,10
09672,09172,0,0,0
09672,09173,0,0,0
09672,09174,0,0,0
09672,09175,0,0,0
09672,09176,0,0,0
09672,09177,0,0,0
09672,09178,13,0,13
09672,09179,0,0,0
09672,09180,0,0,0
09672,09181,43,12,31
09672,09182,0,0,0
09672,09183,0,0,0
09672,09184,32,0,32
09672,09185,42,0,42
09672,09186,0,0,0
09672,09187,11,0,11
09672,09188,0,0,0
09672,09189,0,0,0
09672,09190,0,0,0
09672,09261,0,0,0
09672,09262,0,0,0
09672,09263,0,0,0
09672,09271,0,0,0
09672,09272,0,0,0
09672,09273,0,0,0
09672,09274,0,0,0
09672,09275,0,0,0
09672,09276,0,0,0
09672,09277,0,0,0
09672,09278,0,0,0
09672,09279,0,0,0
09672,09361,0,0,0
09672,09362,12,0,12
09672,09363,0,0,0
09672,09371,0,0,0
09672,09372,0,0,0
09672,09373,0,0,0
09672,09374,0,0,0
09672,09375,0,0,0
09672,09376,13,0,13
09672,09377,0,0,0
09672,09461,97,50,47
09672,09462,15,0,15
09672,09463,42,14,28
09672,09464,0,0,0
09672,09471,87,48,39
09672,09472,14,0,14
09672,09473,19,19,0
09672,09474,10,0,10
09672,09475,0,0,0
09672,09476,0,0,0
09672,09477,16,16,0
09672,09478,11,11,0
09672,09479,0,0,0
09672,09561,0,0,0
09672,09562,51,0,51
09672,09563,25,10,15
09672,09564,171,30,141
09672,09565,0,0,0
09672,09571,24,10,14
09672,09572,22,0,22
09672,09573,11,11,0
09672,09574,0,0,0
09672,09575,31,10,21
09672,09576,0,0,0
09672,09577,0,0,0
09672,09661,54,15,39
09672,09662,5898,491,5407
09672,09663,1364,225,1139
09672,09671,25,25,0
09672,09672,0,0,0
09672,09673,6035,3192,2843
09672,09674,299,138,161
09672,09675,230,92,138
09672,09676,67,55,12
09672,09677,1557,823,734
09672,09678,2808,1398,1410
09672,09679,450,193,257
09672,09761,11,0,11
09672,09762,0,0,0
09672,09763,0,0,0
09672,09764,0,0,0
09672,09771,0,0,0
09672,09772,0,0,0
09672,09773,0,0,0
09672,09774,0,0,0
09672,09775,0,0,0
09672,09776,0,0,0
09672,09777,0,0,0
09672,09778,0,0,0
09672,09779,0,0,0
09672,09780,0,0,0
09672,10041,0,0,0
09672,10042,0,0,0
09672,10043,0,0,0
09672,10044,0,0,0
09672,10045,0,0,0
09672,10046,0,0,0
09672,11000,69,21,48
09672,12051,0,0,0
09672,12052,0,0,0
09672,12053,0,0,0
09672,12054,0,0,0
09672,12060,0,0,0
09672,12061,0,0,0
09672,12062,0,0,0
09672,12063,0,0,0
09672,12064,0,0,0
09672,12065,0,0,0
09672,12066,0,0,0
09672,12067,0,0,0
09672,12068,0,0,0
09672,12069,0,0,0
09672,12070,0,0,0
09672,12071,0,0,0
09672,12072,0,0,0
09672,12073,0,0,0
09672,13003,0,0,0
09672,13004,0,0,0
09672,13071,0,0,0
09672,13072,0,0,0
09672,13073,0,0,0
09672,13074,0,0,0
09672,13075,0,0,0
09672,13076,0,0,0
09672,14511,0,0,0
09672,14521,18,18,0
09672,14522,0,0,0
09672,14523,0,0,0
09672,14524,0,0,0
09672,14612,0,0,0
09672,14625,0,0,0
09672,14626,0,0,0
09672,14627,0,0,0
09672,14628,0,0,0
09672,14713,14,14,0
09672,14729,12,12,0
09672,14730,11,0,11
09672,15001,0,0,0
09672,15002,0,0,0
09672,15003,0,0,0
09672,15081,0,0,0
09672,15082,0,0,0
09672,15083,0,0,0
09672,15084,0,0,0
09672,15085,0,0,0
09672,15086,0,0,0
09672,15087,0,0,0
09672,15088,0,0,0
09672,15089,0,0,0
09672,15090,0,0,0
09672,15091,0,0,0
09672,16051,29,10,19
09672,16052,0,0,0
09672,16053,0,0,0
09672,16054,17,17,0
09672,16055,0,0,0
09672,16056,0,0,0
09672,16061,0,0,0
09672,16062,0,0,0
09672,16063,25,25,0
09672,16064,14,0,14
09672,16065,0,0,0
09672,16066,301,223,78
09672,16067,40,40,0
09672,16068,0,0,0
09672,16069,117,84,33
09672,16070,22,22,0
09672,16071,0,0,0
09672,16072,0,0,0
09672,16073,10,10,0
09672,16074,0,0,0
09672,16075,20,10,10
09672,16076,0,0,0
09672,16077,0,0,0
09673,01001,0,0,0
09673,01002,0,0,0
09673,01003,0,0,0
09673,01004,0,0,0
09673,01051,0,0,0
09673,01053,0,0,0
09673,01054,0,0,0
09673,01055,0,0,0
09673,01056,0,0,0
09673,01057,0,0,0
09673,01058,0,0,0
09673,01059,0,0,0
09673,01060,0,0,0
09673,01061,0,0,0
09673,01062,0,0,0
09673,02000,29,0,29
09673,03101,0,0,0
09673,03102,0,0,0
09673,03103,0,0,0
09673,03151,0,0,0
09673,03153,0,0,0
09673,03154,0,0,0
09673,03155,0,0,0
09673,03157,0,0,0
09673,03158,0,0,0
09673,03159,0,0,0
09673,03241,11,0,11
09673,03251,0,0,0
09673,03252,0,0,0
09673,03254,0,0,0
09673,03255,0,0,0
09673,03256,0,0,0
09673,03257,0,0,0
09673,03351,0,0,0
09673,03352,0,0,0
09673,03353,0,0,0
09673,03354,0,0,0
09673,03355,0,0,0
09673,03356,0,0,0
09673,03357,0,0,0
09673,03358,0,0,0
09673,03359,0,0,0
09673,03360,0,0,0
09673,03361,0,0,0
09673,03401,0,0,0
09673,03402,0,0,0
09673,03403,0,0,0
09673,03404,0,0,0
09673,03405,0,0,0
09673,03451,0,0,0
09673,03452,0,0,0
09673,03453,0,0,0
09673,03454,0,0,0
09673,03455,0,0,0
09673,03456,0,0,0
09673,03457,0,0,0
09673,03458,0,0,0
09673,03459,0,0,0
09673,03460,0,0,0
09673,03461,0,0,0
09673,03462,0,0,0
09673,04011,0,0,0
09673,04012,0,0,0
09673,05111,0,0,0
09673,05112,0,0,0
09673,05113,0,0,0
09673,05114,0,0,0
09673,05116,0,0,0
09673,05117,0,0,0
09673,05119,0,0,0
09673,05120,0,0,0
09673,05122,0,0,0
09673,05124,0,0,0
09673,05154,0,0,0
09673,05158,0,0,0
09673,05162,0,0,0
09673,05166,0,0,0
09673,05170,0,0,0
09673,05314,0,0,0
09673,05315,31,15,16
09673,05316,0,0,0
09673,05334,0,0,0
09673,05358,0,0,0
09673,05362,0,0,0
09673,05366,0,0,0
09673,05370,0,0,0
09673,05374,0,0,0
09673,05378,0,0,0
09673,05382,0,0,0
09673,05512,0,0,0
09673,05513,0,0,0
09673,05515,0,0,0
09673,05554,0,0,0
09673,05558,0,0,0
09673,05562,0,0,0
09673,05566,0,0,0
09673,05570,0,0,0
09673,05711,0,0,0
09673,05754,0,0,0
09673,05758,0,0,0
09673,05762,0,0,0
09673,05766,0,0,0
09673,05770,0,0,0
09673,05774,0,0,0
09673,05911,0,0,0
09673,05913,0,0,0
09673,05914,0,0,0
09673,05915,0,0,0
09673,05916,0,0,0
09673,05954,0,0,0
09673,05958,0,0,0
09673,05962,0,0,0
09673,05966,0,0,0
09673,05970,0,0,0
09673,05974,0,0,0
09673,05978,0,0,0
09673,06411,11,0,11
09673,06412,94,14,80
09673,06413,0,0,0
09673,06414,12,0,12
09673,06431,0,0,0
09673,06432,10,0,10
09673,06433,0,0,0
09673,06434,26,0,26
09673,06435,45,19,26
09673,06436,12,0,12
09673,06437,0,0,0
09673,06438,20,0,20
09673,06439,0,0,0
09673,06440,26,11,15
09673,06531,0,0,0
09673,06532,0,0,0
09673,06533,0,0,0
09673,06534,12,12,0
09673,06535,0,0,0
09673,06611,0,0,0
09673,06631,870,256,614
09673,06632,14,0,14
09673,06633,0,0,0
09673,06634,10,10,0
09673,06635,0,0,0
09673,06636,0,0,0
09673,07111,0,0,0
09673,07131,0,0,0
09673,07132,0,0,0
09673,07133,0,0,0
09673,07134,0,0,0
09673,07135,0,0,0
09673,07137,0,0,0
09673,07138,0,0,0
09673,07140,0,0,0
09673,07141,0,0,0
09673,07143,0,0,0
09673,07211,0,0,0
09673,07231,0,0,0
09673,07232,0,0,0
09673,07233,0,0,0
09673,07235,0,0,0
09673,07311,0,0,0
09673,07312,0,0,0
09673,07313,0,0,0
09673,07314,0,0,0
09673,07315,0,0,0
09673,07316,0,0,0
09673,07317,0,0,0
09673,07318,0,0,0
09673,07319,0,0,0
09673,07320,0,0,0
09673,07331,0,0,0
09673,07332,0,0,0
09673,07333,0,0,0
09673,07334,0,0,0
09673,07335,0,0,0
09673,07336,0,0,0
09673,07337,0,0,0
09673,07338,0,0,0
09673,07339,0,0,0
09673,07340,0,0,0
09673,08111,29,0,29
09673,08115,19,0,19
09673,08116,15,0,15
09673,08117,11,0,11
09673,08118,22,10,12
09673,08119,0,0,0
09673,08121,0,0,0
09673,08125,0,0,0
09673,08126,0,0,0
09673,08127,0,0,0
09673,08128,21,10,11
09673,08135,0,0,0
09673,08136,0,0,0
09673,08211,0,0,0
09673,08212,0,0,0
09673,08215,0,0,0
09673,08216,0,0,0
09673,08221,0,0,0
09673,08222,0,0,0
09673,08225,0,0,0
09673,08226,10,0,10
09673,08231,0,0,0
09673,08235,0,0,0
09673,08236,0,0,0
09673,08237,0,0,0
09673,08311,0,0,0
09673,08315,0,0,0
09673,08316,0,0,0
09673,08317,10,0,10
09673,08325,0,0,0
09673,08326,0,0,0
09673,08327,0,0,0
09673,08335,0,0,0
09673,08336,0,0,0
09673,08337,0,0,0
09673,08415,0,0,0
09673,08416,0,0,0
09673,08417,0,0,0
09673,08421,0,0,0
09673,08425,0,0,0
09673,08426,0,0,0
09673,08435,0,0,0
09673,08436,0,0,0
09673,08437,0,0,0
09673,09161,14,0,14
09673,09162,185,40,145
09673,09163,0,0,0
09673,09171,0,0,0
09673,09172,0,0,0
09673,09173,0,0,0
09673,09174,0,0,0
09673,09175,0,0,0
09673,09176,0,0,0
09673,09177,0,0,0
09673,09178,0,0,0
09673,09179,0,0,0
09673,09180,0,0,0
09673,09181,15,0,15
09673,09182,0,0,0
09673,09183,0,0,0
09673,09184,28,0,28
09673,09185,0,0,0
09673,09186,0,0,0
09673,09187,10,0,10
09673,09188,0,0,0
09673,09189,0,0,0
09673,09190,0,0,0
09673,09261,0,0,0
09673,09262,0,0,0
09673,09263,0,0,0
09673,09271,0,0,0
09673,09272,0,0,0
09673,09273,0,0,0
09673,09274,0,0,0
09673,09275,0,0,0
09673,09276,0,0,0
09673,09277,0,0,0
09673,09278,0,0,0
09673,09279,0,0,0
09673,09361,0,0,0
09673,09362,20,0,20
09673,09363,10,0,10
09673,09371,0,0,0
09673,09372,0,0,0
09673,09373,0,0,0
09673,09374,0,0,0
09673,09375,0,0,0
09673,09376,0,0,0
09673,09377,0,0,0
09673,09461,56,17,39
09673,09462,14,0,14
09673,09463,71,17,54
09673,09464,0,0,0
09673,09471,50,31,19
09673,09472,0,0,0
09673,09473,148,60,88
09673,09474,22,12,10
09673,09475,0,0,0
09673,09476,0,0,0
09673,09477,0,0,0
09673,09478,25,15,10
09673,09479,0,0,0
09673,09561,0,0,0
09673,09562,67,11,56
09673,09563,17,0,17
09673,09564,182,36,146
09673,09565,0,0,0
09673,09571,0,0,0
09673,09572,16,0,16
09673,09573,0,0,0
09673,09574,0,0,0
09673,09575,0,0,0
09673,09576,0,0,0
09673,09577,0,0,0
09673,09661,10,0,10
09673,09662,2377,272,2105
09673,09663,613,96,517
09673,09671,38,25,13
09673,09672,6035,2843,3192
09673,09673,0,0,0
09673,09674,654,262,392
09673,09675,105,40,65
09673,09676,30,20,10
09673,09677,122,72,50
09673,09678,997,554,443
09673,09679,156,68,88
09673,09761,0,0,0
09673,09762,0,0,0
09673,09763,0,0,0
09673,09764,0,0,0
09673,09771,0,0,0
09673,09772,0,0,0
09673,09773,0,0,0
09673,09774,0,0,0
09673,09775,0,0,0
09673,09776,0,0,0
09673,09777,0,0,0
09673,09778,0,0,0
09673,09779,0,0,0
09673,09780,0,0,0
09673,10041,0,0,0
09673,10042,0,0,0
09673,10043,0,0,0
09673,10044,0,0,0
09673,10045,0,0,0
09673,10046,0,0,0
09673,11000,75,18,57
09673,12051,0,0,0
09673,12052,0,0,0
09673,12053,0,0,0
09673,12054,0,0,0
09673,12060,0,0,0
09673,12061,0,0,0
09673,12062,0,0,0
09673,12063,0,0,0
09673,12064,0,0,0
09673,12065,0,0,0
09673,12066,0,0,0
09673,12067,0,0,0
09673,12068,0,0,0
09673,12069,0,0,0
09673,12070,0,0,0
09673,12071,0,0,0
09673,12072,0,0,0
09673,12073,0,0,0
09673,13003,0,0,0
09673,13004,0,0,0
09673,13071,0,0,0
09673,13072,0,0,0
09673,13073,0,0,0
09673,13074,0,0,0
09673,13075,0,0,0
09673,13076,0,0,0
09673,14511,0,0,0
09673,14521,0,0,0
09673,14522,0,0,0
09673,14523,0,0,0
09673,14524,0,0,0
09673,14612,0,0,0
09673,14625,0,0,0
09673,14626,0,0,0
09673,14627,0,0,0
09673,14628,0,0,0
09673,14713,25,15,10
09673,14729,0,0,0
09673,14730,0,0,0
09673,15001,0,0,0
09673,15002,0,0,0
09673,15003,0,0,0
09673,15081,0,0,0
09673,15082,0,0,0
09673,15083,0,0,0
09673,15084,10,10,0
09673,15085,0,0,0
09673,15086,0,0,0
09673,15087,0,0,0
09673,15088,0,0,0
09673,15089,0,0,0
09673,15090,0,0,0
09673,15091,0,0,0
09673,16051,52,19,33
09673,16052,0,0,0
09673,16053,0,0,0
09673,16054,139,102,37
09673,16055,13,0,13
09673,16056,0,0,0
09673,16061,0,0,0
09673,16062,0,0,0
09673,16063,81,64,17
09673,16064,21,21,0
09673,16065,0,0,0
09673,16066,2957,2469,488
09673,16067,18,18,0
09673,16068,0,0,0
09673,16069,1068,914,154
09673,16070,39,29,10
09673,16071,0,0,0
09673,16072,25,25,0
09673,16073,0,0,0
09673,16074,0,0,0
09673,16075,0,0,0
09673,16076,0,0,0
09673,16077,0,0,0
09674,01001,37,0,37
09674,01002,0,0,0
09674,01003,0,0,0
09674,01004,0,0,0
09674,01051,0,0,0
09674,01053,0,0,0
09674,01054,0,0,0
09674,01055,0,0,0
09674,01056,0,0,0
09674,01057,0,0,0
09674,01058,0,0,0
09674,01059,0,0,0
09674,01060,0,0,0
09674,01061,0,0,0
09674,01062,0,0,0
09674,02000,29,0,29
09674,03101,0,0,0
09674,03102,0,0,0
09674,03103,0,0,0
09674,03151,0,0,0
09674,03153,0,0,0
09674,03154,0,0,0
09674,03155,0,0,0
09674,03157,0,0,0
09674,03158,0,0,0
09674,03159,0,0,0
09674,03241,26,12,14
09674,03251,0,0,0
09674,03252,0,0,0
09674,03254,0,0,0
09674,03255,0,0,0
09674,03256,0,0,0
09674,03257,0,0,0
09674,03351,0,0,0
09674,03352,0,0,0
09674,03353,0,0,0
09674,03354,0,0,0
09674,03355,0,0,0
09674,03356,0,0,0
09674,03357,0,0,0
09674,03358,0,0,0
09674,03359,0,0,0
09674,03360,0,0,0
09674,03361,0,0,0
09674,03401,0,0,0
09674,03402,0,0,0
09674,03403,0,0,0
09674,03404,0,0,0
09674,03405,0,0,0
09674,03451,0,0,0
09674,03452,0,0,0
09674,03453,0,0,0
09674,03454,0,0,0
09674,03455,0,0,0
09674,03456,0,0,0
09674,03457,0,0,0
09674,03458,0,0,0
09674,03459,0,0,0
09674,03460,0,0,0
09674,03461,0,0,0
09674,03462,0,0,0
09674,04011,0,0,0
09674,04012,0,0,0
09674,05111,0,0,0
09674,05112,0,0,0
09674,05113,0,0,0
09674,05114,0,0,0
09674,05116,0,0,0
09674,05117,0,0,0
09674,05119,0,0,0
09674,05120,0,0,0
09674,05122,0,0,0
09674,05124,0,0,0
09674,05154,0,0,0
09674,05158,0,0,0
09674,05162,0,0,0
09674,05166,0,0,0
09674,05170,0,0,0
09674,05314,0,0,0
09674,05315,17,0,17
09674,05316,0,0,0
09674,05334,0,0,0
09674,05358,0,0,0
09674,05362,0,0,0
09674,05366,0,0,0
09674,05370,0,0,0
09674,05374,0,0,0
09674,05378,0,0,0
09674,05382,0,0,0
09674,05512,0,0,0
09674,05513,0,0,0
09674,05515,0,0,0
09674,05554,0,0,0
09674,05558,0,0,0
09674,05562,0,0,0
09674,05566,0,0,0
09674,05570,0,0,0
09674,05711,0,0,0
09674,05754,0,0,0
09674,05758,0,0,0
09674,05762,0,0,0
09674,05766,0,0,0
09674,05770,0,0,0
09674,05774,0,0,0
09674,05911,0,0,0
09674,05913,0,0,0
09674,05914,0,0,0
09674,05915,0,0,0
09674,05916,0,0,0
09674,05954,0,0,0
09674,05958,0,0,0
09674,05962,0,0,0
09674,05966,0,0,0
09674,05970,0,0,0
09674,05974,0,0,0
09674,05978,0,0,0
09674,06411,0,0,0
09674,06412,45,0,45
09674,06413,0,0,0
09674,06414,0,0,0
09674,06431,0,0,0
09674,06432,11,0,11
09674,06433,0,0,0
09674,06434,11,0,11
09674,06435,25,11,14
09674,06436,0,0,0
09674,06437,0,0,0
09674,06438,12,0,12
09674,06439,0,0,0
09674,06440,0,0,0
09674,06531,0,0,0
09674,06532,0,0,0
09674,06533,0,0,0
09674,06534,0,0,0
09674,06535,0,0,0
09674,06611,0,0,0
09674,06631,29,0,29
09674,06632,0,0,0
09674,06633,0,0,0
09674,06634,0,0,0
09674,06635,0,0,0
09674,06636,0,0,0
09674,07111,0,0,0
09674,07131,0,0,0
09674,07132,0,0,0
09674,07133,0,0,0
09674,07134,0,0,0
09674,07135,0,0,0
09674,07137,0,0,0
09674,07138,0,0,0
09674,07140,0,0,0
09674,07141,0,0,0
09674,07143,0,0,0
09674,07211,0,0,0
09674,07231,0,0,0
09674,07232,0,0,0
09674,07233,0,0,0
09674,07235,0,0,0
09674,07311,0,0,0
09674,07312,0,0,0
09674,07313,0,0,0
09674,07314,0,0,0
09674,07315,0,0,0
09674,07316,0,0,0
09674,07317,0,0,0
09674,07318,0,0,0
09674,07319,0,0,0
09674,07320,0,0,0
09674,07331,0,0,0
09674,07332,0,0,0
09674,07333,0,0,0
09674,07334,0,0,0
09674,07335,0,0,0
09674,07336,0,0,0
09674,07337,0,0,0
09674,07338,0,0,0
09674,07339,0,0,0
09674,07340,0,0,0
09674,08111,37,12,25
09674,08115,12,0,12
09674,08116,12,0,12
09674,08117,0,0,0
09674,08118,28,11,17
09674,08119,0,0,0
09674,08121,11,0,11
09674,08125,0,0,0
09674,08126,0,0,0
09674,08127,0,0,0
09674,08128,35,10,25
09674,08135,0,0,0
09674,08136,0,0,0
09674,08211,0,0,0
09674,08212,0,0,0
09674,08215,0,0,0
09674,08216,0,0,0
09674,08221,0,0,0
09674,08222,10,0,10
09674,08225,0,0,0
09674,08226,0,0,0
09674,08231,0,0,0
09674,08235,0,0,0
09674,08236,0,0,0
09674,08237,0,0,0
09674,08311,0,0,0
09674,08315,0,0,0
09674,08316,0,0,0
09674,08317,0,0,0
09674,08325,0,0,0
09674,08326,0,0,0
09674,08327,0,0,0
09674,08335,0,0,0
09674,08336,0,0,0
09674,08337,0,0,0
09674,08415,0,0,0
09674,08416,0,0,0
09674,08417,0,0,0
09674,08421,0,0,0
09674,08425,0,0,0
09674,08426,0,0,0
09674,08435,0,0,0
09674,08436,0,0,0
09674,08437,0,0,0
09674,09161,0,0,0
09674,09162,170,13,157
09674,09163,0,0,0
09674,09171,0,0,0
09674,09172,0,0,0
09674,09173,0,0,0
09674,09174,10,0,10
09674,09175,17,0,17
09674,09176,0,0,0
09674,09177,0,0,0
09674,09178,15,0,15
09674,09179,0,0,0
09674,09180,0,0,0
09674,09181,0,0,0
09674,09182,0,0,0
09674,09183,0,0,0
09674,09184,47,0,47
09674,09185,0,0,0
09674,09186,0,0,0
09674,09187,0,0,0
09674,09188,0,0,0
09674,09189,0,0,0
09674,09190,0,0,0
09674,09261,0,0,0
09674,09262,0,0,0
09674,09263,0,0,0
09674,09271,0,0,0
09674,09272,0,0,0
09674,09273,0,0,0
09674,09274,0,0,0
09674,09275,0,0,0
09674,09276,0,0,0
09674,09277,0,0,0
09674,09278,0,0,0
09674,09279,0,0,0
09674,09361,0,0,0
09674,09362,10,0,10
09674,09363,0,0,0
09674,09371,0,0,0
09674,09372,0,0,0
09674,09373,22,11,11
09674,09374,0,0,0
09674,09375,0,0,0
09674,09376,0,0,0
09674,09377,12,0,12
09674,09461,3855,565,3290
09674,09462,85,16,69
09674,09463,806,160,646
09674,09464,0,0,0
09674,09471,3617,1584,2033
09674,09472,43,30,13
09674,09473,1104,651,453
09674,09474,158,61,97
09674,09475,32,20,12
09674,09476,73,40,33
09674,09477,54,19,35
09674,09478,672,414,258
09674,09479,0,0,0
09674,09561,0,0,0
09674,09562,212,29,183
09674,09563,76,24,52
09674,09564,324,63,261
09674,09565,0,0,0
09674,09571,38,12,26
09674,09572,121,32,89
09674,09573,0,0,0
09674,09574,37,14,23
09674,09575,143,112,31
09674,09576,10,10,0
09674,09577,0,0,0
09674,09661,0,0,0
09674,09662,4713,478,4235
09674,09663,512,93,419
09674,09671,10,10,0
09674,09672,299,161,138
09674,09673,654,392,262
09674,09674,0,0,0
09674,09675,285,126,159
09674,09676,0,0,0
09674,09677,97,61,36
09674,09678,3047,1474,1573
09674,09679,194,85,109
09674,09761,0,0,0
09674,09762,0,0,0
09674,09763,0,0,0
09674,09764,0,0,0
09674,09771,0,0,0
09674,09772,0,0,0
09674,09773,0,0,0
09674,09774,0,0,0
09674,09775,0,0,0
09674,09776,0,0,0
09674,09777,0,0,0
09674,09778,0,0,0
09674,09779,0,0,0
09674,09780,0,0,0
09674,10041,0,0,0
09674,10042,0,0,0
09674,10043,0,0,0
09674,10044,0,0,0
09674,10045,0,0,0
09674,10046,0,0,0
09674,11000,61,17,44
09674,12051,0,0,0
09674,12052,0,0,0
09674,12053,0,0,0
09674,12054,0,0,0
09674,12060,0,0,0
09674,12061,0,0,0
09674,12062,0,0,0
09674,12063,0,0,0
09674,12064,0,0,0
09674,12065,0,0,0
09674,12066,0,0,0
09674,12067,0,0,0
09674,12068,0,0,0
09674,12069,0,0,0
09674,12070,0,0,0
09674,12071,0,0,0
09674,12072,0,0,0
09674,12073,0,0,0
09674,13003,0,0,0
09674,13004,0,0,0
09674,13071,0,0,0
09674,13072,0,0,0
09674,13073,0,0,0
09674,13074,0,0,0
09674,13075,0,0,0
09674,13076,0,0,0
09674,14511,0,0,0
09674,14521,0,0,0
09674,14522,0,0,0
09674,14523,0,0,0
09674,14524,0,0,0
09674,14612,0,0,0
09674,14625,0,0,0
09674,14626,0,0,0
09674,14627,0,0,0
09674,14628,0,0,0
09674,14713,0,0,0
09674,14729,0,0,0
09674,14730,0,0,0
09674,15001,0,0,0
09674,15002,0,0,0
09674,15003,0,0,0
09674,15081,0,0,0
09674,15082,0,0,0
09674,15083,0,0,0
09674,15084,10,10,0
09674,15085,0,0,0
09674,15086,0,0,0
09674,15087,0,0,0
09674,15088,0,0,0
09674,15089,0,0,0
09674,15090,0,0,0
09674,15091,0,0,0
09674,16051,13,0,13
09674,16052,0,0,0
09674,16053,0,0,0
09674,16054,0,0,0
09674,16055,0,0,0
09674,16056,0,0,0
09674,16061,0,0,0
09674,16062,0,0,0
09674,16063,0,0,0
09674,16064,0,0,0
09674,16065,0,0,0
09674,16066,47,47,0
09674,16067,0,0,0
09674,16068,0,0,0
09674,16069,580,531,49
09674,16070,0,0,0
09674,16071,0,0,0
09674,16072,49,33,16
09674,16073,12,12,0
09674,16074,0,0,0
09674,16075,0,0,0
09674,16076,0,0,0
09674,16077,0,0,0
09675,01001,0,0,0
09675,01002,0,0,0
09675,01003,0,0,0
09675,01004,0,0,0
09675,01051,0,0,0
09675,01053,0,0,0
09675,01054,0,0,0
09675,01055,0,0,0
09675,01056,0,0,0
09675,01057,0,0,0
09675,01058,0,0,0
09675,01059,0,0,0
09675,01060,0,0,0
09675,01061,0,0,0
09675,01062,0,0,0
09675,02000,67,31,36
09675,03101,14,14,0
09675,03102,0,0,0
09675,03103,22,22,0
09675,03151,11,11,0
09675,03153,0,0,0
09675,03154,0,0,0
09675,03155,12,0,12
09675,03157,0,0,0
09675,03158,0,0,0
09675,03159,0,0,0
09675,03241,33,0,33
09675,03251,0,0,0
09675,03252,0,0,0
09675,03254,0,0,0
09675,03255,0,0,0
09675,03256,0,0,0
09675,03257,0,0,0
09675,03351,0,0,0
09675,03352,0,0,0
09675,03353,0,0,0
09675,03354,0,0,0
09675,03355,0,0,0
09675,03356,0,0,0
09675,03357,0,0,0
09675,03358,0,0,0
09675,03359,0,0,0
09675,03360,0,0,0
09675,03361,0,0,0
09675,03401,0,0,0
09675,03402,0,0,0
09675,03403,0,0,0
09675,03404,0,0,0
09675,03405,0,0,0
09675,03451,0,0,0
09675,03452,0,0,0
09675,03453,0,0,0
09675,03454,0,0,0
09675,03455,0,0,0
09675,03456,0,0,0
09675,03457,0,0,0
09675,03458,0,0,0
09675,03459,0,0,0
09675,03460,0,0,0
09675,03461,0,0,0
09675,03462,0,0,0
09675,04011,0,0,0
09675,04012,0,0,0
09675,05111,22,0,22
09675,05112,0,0,0
09675,05113,0,0,0
09675,05114,0,0,0
09675,05116,0,0,0
09675,05117,0,0,0
09675,05119,0,0,0
09675,05120,0,0,0
09675,05122,0,0,0
09675,05124,0,0,0
09675,05154,0,0,0
09675,05158,0,0,0
09675,05162,10,0,10
09675,05166,0,0,0
09675,05170,0,0,0
09675,05314,33,0,33
09675,05315,47,18,29
09675,05316,0,0,0
09675,05334,0,0,0
09675,05358,0,0,0
09675,05362,0,0,0
09675,05366,0,0,0
09675,05370,0,0,0
09675,05374,11,0,11
09675,05378,0,0,0
09675,05382,23,23,0
09675,05512,0,0,0
09675,05513,0,0,0
09675,05515,0,0,0
09675,05554,0,0,0
09675,05558,0,0,0
09675,05562,0,0,0
09675,05566,0,0,0
09675,05570,0,0,0
09675,05711,0,0,0
09675,05754,15,0,15
09675,05758,0,0,0
09675,05762,0,0,0
09675,05766,0,0,0
09675,05770,0,0,0
09675,05774,0,0,0
09675,05911,0,0,0
09675,05913,10,0,10
09675,05914,0,0,0
09675,05915,0,0,0
09675,05916,0,0,0
09675,05954,0,0,0
09675,05958,0,0,0
09675,05962,0,0,0
09675,05966,0,0,0
09675,05970,0,0,0
09675,05974,0,0,0
09675,05978,0,0,0
09675,06411,0,0,0
09675,06412,116,13,103
09675,06413,0,0,0
09675,06414,29,11,18
09675,06431,0,0,0
09675,06432,30,17,13
09675,06433,31,20,11
09675,06434,14,0,14
09675,06435,47,20,27
09675,06436,0,0,0
09675,06437,16,0,16
09675,06438,25,0,25
09675,06439,0,0,0
09675,06440,12,0,12
09675,06531,0,0,0
09675,06532,0,0,0
09675,06533,0,0,0
09675,06534,0,0,0
09675,06535,0,0,0
09675,06611,0,0,0
09675,06631,17,0,17
09675,06632,0,0,0
09675,06633,0,0,0
09675,06634,0,0,0
09675,06635,0,0,0
09675,06636,0,0,0
09675,07111,0,0,0
09675,07131,0,0,0
09675,07132,0,0,0
09675,07133,0,0,0
09675,07134,0,0,0
09675,07135,0,0,0
09675,07137,10,10,0
09675,07138,0,0,0
09675,07140,0,0,0
09675,07141,0,0,0
09675,07143,0,0,0
09675,07211,0,0,0
09675,07231,0,0,0
09675,07232,0,0,0
09675,07233,0,0,0
09675,07235,0,0,0
09675,07311,0,0,0
09675,07312,0,0,0
09675,07313,0,0,0
09675,07314,0,0,0
09675,07315,0,0,0
09675,07316,0,0,0
09675,07317,0,0,0
09675,07318,0,0,0
09675,07319,0,0,0
09675,07320,0,0,0
09675,07331,0,0,0
09675,07332,0,0,0
09675,07333,0,0,0
09675,07334,0,0,0
09675,07335,0,0,0
09675,07336,0,0,0
09675,07337,0,0,0
09675,07338,0,0,0
09675,07339,0,0,0
09675,07340,0,0,0
09675,08111,73,18,55
09675,08115,44,25,19
09675,08116,34,10,24
09675,08117,0,0,0
09675,08118,37,12,25
09675,08119,32,11,21
09675,08121,0,0,0
09675,08125,47,15,32
09675,08126,30,10,20
09675,08127,41,13,28
09675,08128,349,150,199
09675,08135,0,0,0
09675,08136,32,11,21
09675,08211,0,0,0
09675,08212,14,0,14
09675,08215,10,10,0
09675,08216,11,11,0
09675,08221,0,0,0
09675,08222,26,0,26
09675,08225,15,15,0
09675,08226,28,12,16
09675,08231,0,0,0
09675,08235,0,0,0
09675,08236,0,0,0
09675,08237,0,0,0
09675,08311,0,0,0
09675,08315,0,0,0
09675,08316,0,0,0
09675,08317,0,0,0
09675,08325,0,0,0
09675,08326,0,0,0
09675,08327,0,0,0
09675,08335,0,0,0
09675,08336,0,0,0
09675,08337,0,0,0
09675,08415,0,0,0
09675,08416,12,12,0
09675,08417,0,0,0
09675,08421,0,0,0
09675,08425,0,0,0
09675,08426,0,0,0
09675,08435,0,0,0
09675,08436,0,0,0
09675,08437,0,0,0
09675,09161,15,0,15
09675,09162,366,87,279
09675,09163,0,0,0
09675,09171,0,0,0
09675,09172,0,0,0
09675,09173,0,0,0
09675,09174,10,0,10
09675,09175,14,0,14
09675,09176,12,0,12
09675,09177,0,0,0
09675,09178,32,13,19
09675,09179,15,15,0
09675,09180,0,0,0
09675,09181,24,24,0
09675,09182,0,0,0
09675,09183,0,0,0
09675,09184,91,24,67
09675,09185,0,0,0
09675,09186,14,14,0
09675,09187,11,11,0
09675,09188,0,0,0
09675,09189,0,0,0
09675,09190,0,0,0
09675,09261,0,0,0
09675,09262,0,0,0
09675,09263,0,0,0
09675,09271,0,0,0
09675,09272,0,0,0
09675,09273,0,0,0
09675,09274,0,0,0
09675,09275,18,18,0
09675,09276,0,0,0
09675,09277,0,0,0
09675,09278,0,0,0
09675,09279,0,0,0
09675,09361,0,0,0
09675,09362,18,0,18
09675,09363,0,0,0
09675,09371,10,0,10
09675,09372,0,0,0
09675,09373,15,0,15
09675,09374,14,14,0
09675,09375,12,12,0
09675,09376,10,0,10
09675,09377,0,0,0
09675,09461,106,40,66
09675,09462,0,0,0
09675,09463,26,12,14
09675,09464,0,0,0
09675,09471,645,285,360
09675,09472,10,10,0
09675,09473,14,14,0
09675,09474,46,29,17
09675,09475,10,0,10
09675,09476,0,0,0
09675,09477,0,0,0
09675,09478,10,10,0
09675,09479,0,0,0
09675,09561,61,0,61
09675,09562,134,32,102
09675,09563,106,25,81
09675,09564,584,107,477
09675,09565,0,0,0
09675,09571,110,59,51
09675,09572,267,72,195
09675,09573,42,29,13
09675,09574,35,17,18
09675,09575,1882,924,958
09675,09576,23,23,0
09675,09577,0,0,0
09675,09661,25,0,25
09675,09662,1186,233,953
09675,09663,7803,1736,6067
09675,09671,34,15,19
09675,09672,230,138,92
09675,09673,105,65,40
09675,09674,285,159,126
09675,09675,0,0,0
09675,09676,47,26,21
09675,09677,433,269,164
09675,09678,2801,1836,965
09675,09679,5847,2905,2942
09675,09761,0,0,0
09675,09762,0,0,0
09675,09763,0,0,0
09675,09764,0,0,0
09675,09771,0,0,0
09675,09772,0,0,0
09675,09773,0,0,0
09675,09774,0,0,0
09675,09775,0,0,0
09675,09776,0,0,0
09675,09777,0,0,0
09675,09778,0,0,0
09675,09779,11,0,11
09675,09780,0,0,0
09675,10041,0,0,0
09675,10042,0,0,0
09675,10043,0,0,0
09675,10044,0,0,0
09675,10045,0,0,0
09675,10046,0,0,0
09675,11000,87,40,47
09675,12051,0,0,0
09675,12052,0,0,0
09675,12053,0,0,0
09675,12054,0,0,0
09675,12060,0,0,0
09675,12061,0,0,0
09675,12062,0,0,0
09675,12063,0,0,0
09675,12064,0,0,0
09675,12065,0,0,0
09675,12066,0,0,0
09675,12067,0,0,0
09675,12068,0,0,0
09675,12069,0,0,0
09675,12070,0,0,0
09675,12071,0,0,0
09675,12072,0,0,0
09675,12073,0,0,0
09675,13003,0,0,0
09675,13004,0,0,0
09675,13071,0,0,0
09675,13072,0,0,0
09675,13073,0,0,0
09675,13074,0,0,0
09675,13075,0,0,0
09675,13076,0,0,0
09675,14511,0,0,0
09675,14521,0,0,0
09675,14522,0,0,0
09675,14523,23,23,0
09675,14524,16,16,0
09675,14612,12,12,0
09675,14625,0,0,0
09675,14626,0,0,0
09675,14627,0,0,0
09675,14628,0,0,0
09675,14713,15,15,0
09675,14729,0,0,0
09675,14730,0,0,0
09675,15001,0,0,0
09675,15002,0,0,0
09675,15003,0,0,0
09675,15081,0,0,0
09675,15082,16,16,0
09675,15083,0,0,0
09675,15084,12,12,0
09675,15085,0,0,0
09675,15086,0,0,0
09675,15087,0,0,0
09675,15088,20,20,0
09675,15089,0,0,0
09675,15090,0,0,0
09675,15091,0,0,0
09675,16051,0,0,0
09675,16052,0,0,0
09675,16053,0,0,0
09675,16054,0,0,0
09675,16055,0,0,0
09675,16056,0,0,0
09675,16061,0,0,0
09675,16062,0,0,0
09675,16063,0,0,0
09675,16064,0,0,0
09675,16065,0,0,0
09675,16066,31,31,0
09675,16067,0,0,0
09675,16068,0,0,0
09675,16069,15,15,0
09675,16070,0,0,0
09675,16071,0,0,0
09675,16072,0,0,0
09675,16073,0,0,0
09675,16074,0,0,0
09675,16075,13,0,13
09675,16076,0,0,0
09675,16077,0,0,0
09676,01001,0,0,0
09676,01002,0,0,0
09676,01003,0,0,0
09676,01004,0,0,0
09676,01051,0,0,0
09676,01053,0,0,0
09676,01054,0,0,0
09676,01055,0,0,0
09676,01056,0,0,0
09676,01057,0,0,0
09676,01058,0,0,0
09676,01059,0,0,0
09676,01060,0,0,0
09676,01061,0,0,0
09676,01062,0,0,0
09676,02000,153,44,109
09676,03101,0,0,0
09676,03102,0,0,0
09676,03103,0,0,0
09676,03151,0,0,0
09676,03153,0,0,0
09676,03154,0,0,0
09676,03155,0,0,0
09676,03157,0,0,0
09676,03158,0,0,0
09676,03159,11,11,0
09676,03241,61,32,29
09676,03251,0,0,0
09676,03252,0,0,0
09676,03254,0,0,0
09676,03255,0,0,0
09676,03256,0,0,0
09676,03257,0,0,0
09676,03351,0,0,0
09676,03352,0,0,0
09676,03353,0,0,0
09676,03354,0,0,0
09676,03355,0,0,0
09676,03356,0,0,0
09676,03357,0,0,0
09676,03358,0,0,0
09676,03359,0,0,0
09676,03360,0,0,0
09676,03361,0,0,0
09676,03401,0,0,0
09676,03402,0,0,0
09676,03403,0,0,0
09676,03404,0,0,0
09676,03405,0,0,0
09676,03451,0,0,0
09676,03452,0,0,0
09676,03453,0,0,0
09676,03454,0,0,0
09676,03455,0,0,0
09676,03456,0,0,0
09676,03457,0,0,0
09676,03458,0,0,0
09676,03459,0,0,0
09676,03460,0,0,0
09676,03461,0,0,0
09676,03462,0,0,0
09676,04011,15,15,0
09676,04012,0,0,0
09676,05111,63,19,44
09676,05112,10,10,0
09676,05113,17,17,0
09676,05114,0,0,0
09676,05116,0,0,0
09676,05117,10,10,0
09676,05119,0,0,0
09676,05120,0,0,0
09676,05122,0,0,0
09676,05124,11,0,11
09676,05154,0,0,0
09676,05158,27,10,17
09676,05162,10,10,0
09676,05166,0,0,0
09676,05170,14,14,0
09676,05314,12,0,12
09676,05315,68,23,45
09676,05316,0,0,0
09676,05334,0,0,0
09676,05358,0,0,0
09676,05362,21,10,11
09676,05366,0,0,0
09676,05370,0,0,0
09676,05374,0,0,0
09676,05378,0,0,0
09676,05382,31,20,11
09676,05512,0,0,0
09676,05513,0,0,0
09676,05515,0,0,0
09676,05554,0,0,0
09676,05558,0,0,0
09676,05562,16,16,0
09676,05566,0,0,0
09676,05570,0,0,0
09676,05711,0,0,0
09676,05754,17,0,17
09676,05758,0,0,0
09676,05762,0,0,0
09676,05766,11,11,0
09676,05770,0,0,0
09676,05774,0,0,0
09676,05911,0,0,0
09676,05913,34,18,16
09676,05914,0,0,0
09676,05915,0,0,0
09676,05916,0,0,0
09676,05954,0,0,0
09676,05958,12,12,0
09676,05962,0,0,0
09676,05966,0,0,0
09676,05970,0,0,0
09676,05974,0,0,0
09676,05978,0,0,0
09676,06411,349,68,281
09676,06412,1972,426,1546
09676,06413,286,81,205
09676,06414,88,31,57
09676,06431,64,35,29
09676,06432,1249,539,710
09676,06433,161,49,112
09676,06434,126,33,93
09676,06435,838,314,524
09676,06436,195,45,150
09676,06437,2510,1525,985
09676,06438,1219,362,857
09676,06439,18,18,0
09676,06440,145,73,72
09676,06531,55,39,16
09676,06532,40,25,15
09676,06533,14,14,0
09676,06534,0,0,0
09676,06535,13,13,0
09676,06611,11,0,11
09676,06631,43,23,20
09676,06632,0,0,0
09676,06633,0,0,0
09676,06634,0,0,0
09676,06635,13,13,0
09676,06636,0,0,0
09676,07111,0,0,0
09676,07131,0,0,0
09676,07132,0,0,0
09676,07133,11,11,0
09676,07134,0,0,0
09676,07135,0,0,0
09676,07137,0,0,0
09676,07138,0,0,0
09676,07140,10,0,10
09676,07141,0,0,0
09676,07143,0,0,0
09676,07211,0,0,0
09676,07231,0,0,0
09676,07232,0,0,0
09676,07233,0,0,0
09676,07235,0,0,0
09676,07311,0,0,0
09676,07312,0,0,0
09676,07313,0,0,0
09676,07314,13,0,13
09676,07315,56,32,24
09676,07316,0,0,0
09676,07317,0,0,0
09676,07318,0,0,0
09676,07319,0,0,0
09676,07320,0,0,0
09676,07331,0,0,0
09676,07332,0,0,0
09676,07333,0,0,0
09676,07334,13,13,0
09676,07335,0,0,0
09676,07336,0,0,0
09676,07337,0,0,0
09676,07338,0,0,0
09676,07339,12,0,12
09676,07340,0,0,0
09676,08111,51,12,39
09676,08115,43,19,24
09676,08116,42,13,29
09676,08117,0,0,0
09676,08118,45,20,25
09676,08119,37,11,26
09676,08121,33,11,22
09676,08125,55,19,36
09676,08126,28,0,28
09676,08127,25,0,25
09676,08128,2906,920,1986
09676,08135,0,0,0
09676,08136,0,0,0
09676,08211,0,0,0
09676,08212,65,35,30
09676,08215,83,64,19
09676,08216,20,20,0
09676,08221,20,0,20
09676,08222,91,31,60
09676,08225,1309,671,638
09676,08226,103,46,57
09676,08231,0,0,0
09676,08235,15,15,0
09676,08236,10,10,0
09676,08237,0,0,0
09676,08311,11,0,11
09676,08315,0,0,0
09676,08316,0,0,0
09676,08317,0,0,0
09676,08325,0,0,0
09676,08326,0,0,0
09676,08327,0,0,0
09676,08335,10,10,0
09676,08336,0,0,0
09676,08337,12,0,12
09676,08415,12,0,12
09676,08416,0,0,0
09676,08417,0,0,0
09676,08421,0,0,0
09676,08425,0,0,0
09676,08426,0,0,0
09676,08435,16,0,16
09676,08436,0,0,0
09676,08437,0,0,0
09676,09161,0,0,0
09676,09162,233,79,154
09676,09163,0,0,0
09676,09171,0,0,0
09676,09172,0,0,0
09676,09173,0,0,0
09676,09174,0,0,0
09676,09175,17,17,0
09676,09176,0,0,0
09676,09177,0,0,0
09676,09178,24,10,14
09676,09179,0,0,0
09676,09180,0,0,0
09676,09181,0,0,0
09676,09182,0,0,0
09676,09183,0,0,0
09676,09184,104,42,62
09676,09185,0,0,0
09676,09186,0,0,0
09676,09187,22,22,0
09676,09188,0,0,0
09676,09189,0,0,0
09676,09190,0,0,0
09676,09261,0,0,0
09676,09262,0,0,0
09676,09263,0,0,0
09676,09271,0,0,0
09676,09272,0,0,0
09676,09273,0,0,0
09676,09274,0,0,0
09676,09275,10,10,0
09676,09276,0,0,0
09676,09277,0,0,0
09676,09278,0,0,0
09676,09279,0,0,0
09676,09361,0,0,0
09676,09362,35,15,20
09676,09363,0,0,0
09676,09371,0,0,0
09676,09372,0,0,0
09676,09373,0,0,0
09676,09374,0,0,0
09676,09375,25,25,0
09676,09376,19,19,0
09676,09377,0,0,0
09676,09461,0,0,0
09676,09462,44,0,44
09676,09463,0,0,0
09676,09464,0,0,0
09676,09471,0,0,0
09676,09472,0,0,0
09676,09473,0,0,0
09676,09474,0,0,0
09676,09475,0,0,0
09676,09476,0,0,0
09676,09477,0,0,0
09676,09478,0,0,0
09676,09479,0,0,0
09676,09561,0,0,0
09676,09562,33,0,33
09676,09563,0,0,0
09676,09564,75,24,51
09676,09565,0,0,0
09676,09571,14,0,14
09676,09572,0,0,0
09676,09573,0,0,0
09676,09574,0,0,0
09676,09575,0,0,0
09676,09576,0,0,0
09676,09577,0,0,0
09676,09661,8821,1796,7025
09676,09662,19,0,19
09676,09663,534,52,482
09676,09671,7347,3202,4145
09676,09672,67,12,55
09676,09673,30,10,20
09676,09674,0,0,0
09676,09675,47,21,26
09676,09676,0,0,0
09676,09677,1116,298,818
09676,09678,11,11,0
09676,09679,161,82,79
09676,09761,0,0,0
09676,09762,0,0,0
09676,09763,0,0,0
09676,09764,0,0,0
09676,09771,0,0,0
09676,09772,0,0,0
09676,09773,0,0,0
09676,09774,0,0,0
09676,09775,0,0,0
09676,09776,0,0,0
09676,09777,0,0,0
09676,09778,0,0,0
09676,09779,0,0,0
09676,09780,14,0,14
09676,10041,0,0,0
09676,10042,0,0,0
09676,10043,0,0,0
09676,10044,0,0,0
09676,10045,0,0,0
09676,10046,0,0,0
09676,11000,129,57,72
09676,12051,0,0,0
09676,12052,0,0,0
09676,12053,0,0,0
09676,12054,0,0,0
09676,12060,0,0,0
09676,12061,0,0,0
09676,12062,0,0,0
09676,12063,0,0,0
09676,12064,0,0,0
09676,12065,0,0,0
09676,12066,0,0,0
09676,12067,0,0,0
09676,12068,0,0,0
09676,12069,0,0,0
09676,12070,0,0,0
09676,12071,0,0,0
09676,12072,0,0,0
09676,12073,0,0,0
09676,13003,0,0,0
09676,13004,0,0,0
09676,13071,0,0,0
09676,13072,0,0,0
09676,13073,0,0,0
09676,13074,0,0,0
09676,13075,0,0,0
09676,13076,0,0,0
09676,14511,0,0,0
09676,14521,0,0,0
09676,14522,0,0,0
09676,14523,0,0,0
09676,14524,11,11,0
09676,14612,13,13,0
09676,14625,0,0,0
09676,14626,11,11,0
09676,14627,0,0,0
09676,14628,0,0,0
09676,14713,21,21,0
09676,14729,0,0,0
09676,14730,0,0,0
09676,15001,0,0,0
09676,15002,0,0,0
09676,15003,0,0,0
09676,15081,0,0,0
09676,15082,0,0,0
09676,15083,0,0,0
09676,15084,12,12,0
09676,15085,0,0,0
09676,15086,0,0,0
09676,15087,0,0,0
09676,15088,0,0,0
09676,15089,0,0,0
09676,15090,0,0,0
09676,15091,0,0,0
09676,16051,0,0,0
09676,16052,0,0,0
09676,16053,0,0,0
09676,16054,0,0,0
09676,16055,0,0,0
09676,16056,0,0,0
09676,16061,0,0,0
09676,16062,0,0,0
09676,16063,0,0,0
09676,16064,0,0,0
09676,16065,0,0,0
09676,16066,0,0,0
09676,16067,0,0,0
09676,16068,0,0,0
09676,16069,0,0,0
09676,16070,0,0,0
09676,16071,0,0,0
09676,16072,0,0,0
09676,16073,0,0,0
09676,16074,0,0,0
09676,16075,0,0,0
09676,16076,0,0,0
09676,16077,0,0,0
09677,01001,0,0,0
09677,01002,0,0,0
09677,01003,0,0,0
09677,01004,0,0,0
09677,01051,0,0,0
09677,01053,0,0,0
09677,01054,0,0,0
09677,01055,0,0,0
09677,01056,0,0,0
09677,01057,0,0,0
09677,01058,0,0,0
09677,01059,0,0,0
09677,01060,0,0,0
09677,01061,0,0,0
09677,01062,0,0,0
09677,02000,86,23,63
09677,03101,0,0,0
09677,03102,0,0,0
09677,03103,0,0,0
09677,03151,0,0,0
09677,03153,0,0,0
09677,03154,0,0,0
09677,03155,0,0,0
09677,03157,0,0,0
09677,03158,0,0,0
09677,03159,0,0,0
09677,03241,72,52,20
09677,03251,0,0,0
09677,03252,0,0,0
09677,03254,10,10,0
09677,03255,0,0,0
09677,03256,0,0,0
09677,03257,17,17,0
09677,03351,0,0,0
09677,03352,0,0,0
09677,03353,0,0,0
09677,03354,0,0,0
09677,03355,0,0,0
09677,03356,0,0,0
09677,03357,0,0,0
09677,03358,0,0,0
09677,03359,0,0,0
09677,03360,0,0,0
09677,03361,0,0,0
09677,03401,0,0,0
09677,03402,0,0,0
09677,03403,0,0,0
09677,03404,0,0,0
09677,03405,0,0,0
09677,03451,0,0,0
09677,03452,0,0,0
09677,03453,0,0,0
09677,03454,0,0,0
09677,03455,0,0,0
09677,03456,0,0,0
09677,03457,0,0,0
09677,03458,0,0,0
09677,03459,0,0,0
09677,03460,0,0,0
09677,03461,0,0,0
09677,03462,0,0,0
09677,04011,0,0,0
09677,04012,0,0,0
09677,05111,59,19,40
09677,05112,24,24,0
09677,05113,14,0,14
09677,05114,0,0,0
09677,05116,0,0,0
09677,05117,0,0,0
09677,05119,0,0,0
09677,05120,0,0,0
09677,05122,0,0,0
09677,05124,0,0,0
09677,05154,0,0,0
09677,05158,57,32,25
09677,05162,12,0,12
09677,05166,0,0,0
09677,05170,15,15,0
09677,05314,15,0,15
09677,05315,46,12,34
09677,05316,0,0,0
09677,05334,0,0,0
09677,05358,0,0,0
09677,05362,0,0,0
09677,05366,0,0,0
09677,05370,21,0,21
09677,05374,12,0,12
09677,05378,0,0,0
09677,05382,11,11,0
09677,05512,0,0,0
09677,05513,0,0,0
09677,05515,0,0,0
09677,05554,0,0,0
09677,05558,0,0,0
09677,05562,0,0,0
09677,05566,0,0,0
09677,05570,0,0,0
09677,05711,0,0,0
09677,05754,12,0,12
09677,05758,0,0,0
09677,05762,0,0,0
09677,05766,0,0,0
09677,05770,0,0,0
09677,05774,0,0,0
09677,05911,11,11,0
09677,05913,15,0,15
09677,05914,0,0,0
09677,05915,0,0,0
09677,05916,0,0,0
09677,05954,18,18,0
09677,05958,0,0,0
09677,05962,0,0,0
09677,05966,0,0,0
09677,05970,0,0,0
09677,05974,0,0,0
09677,05978,13,0,13
09677,06411,56,16,40
09677,06412,549,76,473
09677,06413,50,20,30
09677,06414,58,20,38
09677,06431,30,18,12
09677,06432,115,73,42
09677,06433,50,19,31
09677,06434,49,15,34
09677,06435,1034,482,552
09677,06436,56,18,38
09677,06437,56,44,12
09677,06438,195,92,103
09677,06439,0,0,0
09677,06440,57,39,18
09677,06531,0,0,0
09677,06532,0,0,0
09677,06533,0,0,0
09677,06534,15,0,15
09677,06535,26,26,0
09677,06611,0,0,0
09677,06631,116,32,84
09677,06632,0,0,0
09677,06633,0,0,0
09677,06634,0,0,0
09677,06635,0,0,0
09677,06636,0,0,0
09677,07111,0,0,0
09677,07131,0,0,0
09677,07132,0,0,0
09677,07133,0,0,0
09677,07134,0,0,0
09677,07135,0,0,0
09677,07137,0,0,0
09677,07138,0,0,0
09677,07140,0,0,0
09677,07141,0,0,0
09677,07143,0,0,0
09677,07211,0,0,0
09677,07231,0,0,0
09677,07232,0,0,0
09677,07233,0,0,0
09677,07235,0,0,0
09677,07311,0,0,0
09677,07312,0,0,0
09677,07313,0,0,0
09677,07314,0,0,0
09677,07315,13,0,13
09677,07316,0,0,0
09677,07317,0,0,0
09677,07318,0,0,0
09677,07319,0,0,0
09677,07320,0,0,0
09677,07331,0,0,0
09677,07332,0,0,0
09677,07333,0,0,0
09677,07334,25,0,25
09677,07335,0,0,0
09677,07336,0,0,0
09677,07337,0,0,0
09677,07338,0,0,0
09677,07339,0,0,0
09677,07340,0,0,0
09677,08111,120,54,66
09677,08115,56,30,26
09677,08116,78,41,37
09677,08117,12,12,0
09677,08118,105,58,47
09677,08119,78,56,22
09677,08121,12,0,12
09677,08125,37,13,24
09677,08126,20,0,20
09677,08127,24,0,24
09677,08128,4416,1892,2524
09677,08135,11,11,0
09677,08136,34,16,18
09677,08211,0,0,0
09677,08212,12,0,12
09677,08215,22,10,12
09677,08216,0,0,0
09677,08221,0,0,0
09677,08222,25,0,25
09677,08225,151,112,39
09677,08226,42,16,26
09677,08231,0,0,0
09677,08235,16,16,0
09677,08236,0,0,0
09677,08237,45,45,0
09677,08311,0,0,0
09677,08315,0,0,0
09677,08316,0,0,0
09677,08317,17,0,17
09677,08325,14,14,0
09677,08326,0,0,0
09677,08327,0,0,0
09677,08335,0,0,0
09677,08336,0,0,0
09677,08337,0,0,0
09677,08415,0,0,0
09677,08416,17,17,0
09677,08417,15,15,0
09677,08421,52,42,10
09677,08425,40,40,0
09677,08426,0,0,0
09677,08435,0,0,0
09677,08436,0,0,0
09677,08437,0,0,0
09677,09161,18,0,18
09677,09162,340,43,297
09677,09163,0,0,0
09677,09171,0,0,0
09677,09172,0,0,0
09677,09173,0,0,0
09677,09174,0,0,0
09677,09175,0,0,0
09677,09176,12,0,12
09677,09177,0,0,0
09677,09178,21,0,21
09677,09179,0,0,0
09677,09180,0,0,0
09677,09181,0,0,0
09677,09182,0,0,0
09677,09183,0,0,0
09677,09184,67,0,67
09677,09185,0,0,0
09677,09186,0,0,0
09677,09187,0,0,0
09677,09188,0,0,0
09677,09189,0,0,0
09677,09190,0,0,0
09677,09261,0,0,0
09677,09262,0,0,0
09677,09263,0,0,0
09677,09271,0,0,0
09677,09272,0,0,0
09677,09273,0,0,0
09677,09274,0,0,0
09677,09275,0,0,0
09677,09276,0,0,0
09677,09277,0,0,0
09677,09278,0,0,0
09677,09279,0,0,0
09677,09361,0,0,0
09677,09362,20,0,20
09677,09363,0,0,0
09677,09371,0,0,0
09677,09372,12,0,12
09677,09373,0,0,0
09677,09374,0,0,0
09677,09375,0,0,0
09677,09376,11,0,11
09677,09377,0,0,0
09677,09461,65,17,48
09677,09462,10,0,10
09677,09463,14,0,14
09677,09464,0,0,0
09677,09471,49,19,30
09677,09472,0,0,0
09677,09473,0,0,0
09677,09474,11,0,11
09677,09475,0,0,0
09677,09476,0,0,0
09677,09477,0,0,0
09677,09478,0,0,0
09677,09479,0,0,0
09677,09561,13,0,13
09677,09562,23,0,23
09677,09563,0,0,0
09677,09564,288,25,263
09677,09565,0,0,0
09677,09571,41,16,25
09677,09572,57,14,43
09677,09573,0,0,0
09677,09574,11,0,11
09677,09575,53,17,36
09677,09576,0,0,0
09677,09577,0,0,0
09677,09661,962,260,702
09677,09662,1001,111,890
09677,09663,8060,1305,6755
09677,09671,1503,882,621
09677,09672,1557,734,823
09677,09673,122,50,72
09677,09674,97,36,61
09677,09675,433,164,269
09677,09676,1116,818,298
09677,09677,0,0,0
09677,09678,976,486,490
09677,09679,4853,2511,2342
09677,09761,13,0,13
09677,09762,0,0,0
09677,09763,0,0,0
09677,09764,0,0,0
09677,09771,0,0,0
09677,09772,12,12,0
09677,09773,0,0,0
09677,09774,20,20,0
09677,09775,92,92,0
09677,09776,0,0,0
09677,09777,0,0,0
09677,09778,0,0,0
09677,09779,0,0,0
09677,09780,0,0,0
09677,10041,23,23,0
09677,10042,0,0,0
09677,10043,0,0,0
09677,10044,0,0,0
09677,10045,0,0,0
09677,10046,0,0,0
09677,11000,91,32,59
09677,12051,0,0,0
09677,12052,0,0,0
09677,12053,0,0,0
09677,12054,0,0,0
09677,12060,0,0,0
09677,12061,0,0,0
09677,12062,0,0,0
09677,12063,0,0,0
09677,12064,0,0,0
09677,12065,0,0,0
09677,12066,0,0,0
09677,12067,0,0,0
09677,12068,0,0,0
09677,12069,0,0,0
09677,12070,0,0,0
09677,12071,0,0,0
09677,12072,0,0,0
09677,12073,0,0,0
09677,13003,0,0,0
09677,13004,0,0,0
09677,13071,0,0,0
09677,13072,0,0,0
09677,13073,0,0,0
09677,13074,0,0,0
09677,13075,0,0,0
09677,13076,0,0,0
09677,14511,10,10,0
09677,14521,0,0,0
09677,14522,0,0,0
09677,14523,0,0,0
09677,14524,0,0,0
09677,14612,12,0,12
09677,14625,0,0,0
09677,14626,0,0,0
09677,14627,0,0,0
09677,14628,0,0,0
09677,14713,26,15,11
09677,14729,15,15,0
09677,14730,0,0,0
09677,15001,0,0,0
09677,15002,0,0,0
09677,15003,0,0,0
09677,15081,0,0,0
09677,15082,0,0,0
09677,15083,0,0,0
09677,15084,34,34,0
09677,15085,0,0,0
09677,15086,0,0,0
09677,15087,12,12,0
09677,15088,31,31,0
09677,15089,0,0,0
09677,15090,0,0,0
09677,15091,10,10,0
09677,16051,12,12,0
09677,16052,0,0,0
09677,16053,0,0,0
09677,16054,12,12,0
09677,16055,0,0,0
09677,16056,0,0,0
09677,16061,0,0,0
09677,16062,0,0,0
09677,16063,0,0,0
09677,16064,0,0,0
09677,16065,10,10,0
09677,16066,30,30,0
09677,16067,10,10,0
09677,16068,19,19,0
09677,16069,0,0,0
09677,16070,28,17,11
09677,16071,0,0,0
09677,16072,0,0,0
09677,16073,0,0,0
09677,16074,0,0,0
09677,16075,0,0,0
09677,16076,0,0,0
09677,16077,0,0,0
09678,01001,0,0,0
09678,01002,0,0,0
09678,01003,0,0,0
09678,01004,0,0,0
09678,01051,0,0,0
09678,01053,0,0,0
09678,01054,0,0,0
09678,01055,0,0,0
09678,01056,0,0,0
09678,01057,0,0,0
09678,01058,0,0,0
09678,01059,0,0,0
09678,01060,18,0,18
09678,01061,0,0,0
09678,01062,0,0,0
09678,02000,64,10,54
09678,03101,0,0,0
09678,03102,0,0,0
09678,03103,0,0,0
09678,03151,0,0,0
09678,03153,0,0,0
09678,03154,0,0,0
09678,03155,0,0,0
09678,03157,0,0,0
09678,03158,0,0,0
09678,03159,0,0,0
09678,03241,25,11,14
09678,03251,0,0,0
09678,03252,0,0,0
09678,03254,0,0,0
09678,03255,0,0,0
09678,03256,0,0,0
09678,03257,0,0,0
09678,03351,0,0,0
09678,03352,0,0,0
09678,03353,0,0,0
09678,03354,0,0,0
09678,03355,0,0,0
09678,03356,0,0,0
09678,03357,0,0,0
09678,03358,0,0,0
09678,03359,0,0,0
09678,03360,0,0,0
09678,03361,0,0,0
09678,03401,0,0,0
09678,03402,0,0,0
09678,03403,0,0,0
09678,03404,0,0,0
09678,03405,0,0,0
09678,03451,0,0,0
09678,03452,0,0,0
09678,03453,0,0,0
09678,03454,0,0,0
09678,03455,0,0,0
09678,03456,0,0,0
09678,03457,0,0,0
09678,03458,0,0,0
09678,03459,0,0,0
09678,03460,27,0,27
09678,03461,0,0,0
09678,03462,0,0,0
09678,04011,18,0,18
09678,04012,0,0,0
09678,05111,27,0,27
09678,05112,0,0,0
09678,05113,0,0,0
09678,05114,0,0,0
09678,05116,0,0,0
09678,05117,0,0,0
09678,05119,0,0,0
09678,05120,0,0,0
09678,05122,0,0,0
09678,05124,21,21,0
09678,05154,0,0,0
09678,05158,0,0,0
09678,05162,10,0,10
09678,05166,0,0,0
09678,05170,0,0,0
09678,05314,11,0,11
09678,05315,29,0,29
09678,05316,0,0,0
09678,05334,0,0,0
09678,05358,0,0,0
09678,05362,11,0,11
09678,05366,0,0,0
09678,05370,0,0,0
09678,05374,19,0,19
09678,05378,0,0,0
09678,05382,0,0,0
09678,05512,0,0,0
09678,05513,0,0,0
09678,05515,0,0,0
09678,05554,0,0,0
09678,05558,0,0,0
09678,05562,0,0,0
09678,05566,0,0,0
09678,05570,0,0,0
09678,05711,0,0,0
09678,05754,20,0,20
09678,05758,0,0,0
09678,05762,0,0,0
09678,05766,0,0,0
09678,05770,0,0,0
09678,05774,0,0,0
09678,05911,0,0,0
09678,05913,54,43,11
09678,05914,19,19,0
09678,05915,0,0,0
09678,05916,0,0,0
09678,05954,14,14,0
09678,05958,0,0,0
09678,05962,0,0,0
09678,05966,0,0,0
09678,05970,10,0,10
09678,05974,0,0,0
09678,05978,67,67,0
09678,06411,0,0,0
09678,06412,139,0,139
09678,06413,0,0,0
09678,06414,13,0,13
09678,06431,13,0,13
09678,06432,29,0,29
09678,06433,0,0,0
09678,06434,11,0,11
09678,06435,54,11,43
09678,06436,18,0,18
09678,06437,0,0,0
09678,06438,21,0,21
09678,06439,0,0,0
09678,06440,12,12,0
09678,06531,0,0,0
09678,06532,0,0,0
09678,06533,0,0,0
09678,06534,0,0,0
09678,06535,0,0,0
09678,06611,0,0,0
09678,06631,89,24,65
09678,06632,0,0,0
09678,06633,0,0,0
09678,06634,0,0,0
09678,06635,0,0,0
09678,06636,0,0,0
09678,07111,0,0,0
09678,07131,0,0,0
09678,07132,0,0,0
09678,07133,0,0,0
09678,07134,0,0,0
09678,07135,0,0,0
09678,07137,0,0,0
09678,07138,0,0,0
09678,07140,0,0,0
09678,07141,0,0,0
09678,07143,0,0,0
09678,07211,0,0,0
09678,07231,0,0,0
09678,07232,0,0,0
09678,07233,0,0,0
09678,07235,0,0,0
09678,07311,0,0,0
09678,07312,0,0,0
09678,07313,0,0,0
09678,07314,0,0,0
09678,07315,0,0,0
09678,07316,0,0,0
09678,07317,0,0,0
09678,07318,0,0,0
09678,07319,0,0,0
09678,07320,0,0,0
09678,07331,0,0,0
09678,07332,0,0,0
09678,07333,0,0,0
09678,07334,0,0,0
09678,07335,0,0,0
09678,07336,0,0,0
09678,07337,0,0,0
09678,07338,0,0,0
09678,07339,0,0,0
09678,07340,0,0,0
09678,08111,66,0,66
09678,08115,24,0,24
09678,08116,29,11,18
09678,08117,0,0,0
09678,08118,38,0,38
09678,08119,0,0,0
09678,08121,16,0,16
09678,08125,27,16,11
09678,08126,22,11,11
09678,08127,0,0,0
09678,08128,75,20,55
09678,08135,18,18,0
09678,08136,20,0,20
09678,08211,0,0,0
09678,08212,13,0,13
09678,08215,0,0,0
09678,08216,0,0,0
09678,08221,0,0,0
09678,08222,20,0,20
09678,08225,24,24,0
09678,08226,21,0,21
09678,08231,0,0,0
09678,08235,20,20,0
09678,08236,0,0,0
09678,08237,98,98,0
09678,08311,0,0,0
09678,08315,0,0,0
09678,08316,0,0,0
09678,08317,0,0,0
09678,08325,23,23,0
09678,08326,0,0,0
09678,08327,0,0,0
09678,08335,0,0,0
09678,08336,0,0,0
09678,08337,0,0,0
09678,08415,0,0,0
09678,08416,11,11,0
09678,08417,20,20,0
09678,08421,26,11,15
09678,08425,27,27,0
09678,08426,0,0,0
09678,08435,23,0,23
09678,08436,0,0,0
09678,08437,0,0,0
09678,09161,14,0,14
09678,09162,226,29,197
09678,09163,0,0,0
09678,09171,17,0,17
09678,09172,0,0,0
09678,09173,0,0,0
09678,09174,10,0,10
09678,09175,11,0,11
09678,09176,0,0,0
09678,09177,0,0,0
09678,09178,27,0,27
09678,09179,0,0,0
09678,09180,0,0,0
09678,09181,0,0,0
09678,09182,0,0,0
09678,09183,0,0,0
09678,09184,88,0,88
09678,09185,0,0,0
09678,09186,0,0,0
09678,09187,0,0,0
09678,09188,0,0,0
09678,09189,0,0,0
09678,09190,0,0,0
09678,09261,0,0,0
09678,09262,0,0,0
09678,09263,0,0,0
09678,09271,0,0,0
09678,09272,0,0,0
09678,09273,0,0,0
09678,09274,11,0,11
09678,09275,0,0,0
09678,09276,0,0,0
09678,09277,0,0,0
09678,09278,0,0,0
09678,09279,0,0,0
09678,09361,0,0,0
09678,09362,16,0,16
09678,09363,0,0,0
09678,09371,0,0,0
09678,09372,0,0,0
09678,09373,0,0,0
09678,09374,0,0,0
09678,09375,10,10,0
09678,09376,0,0,0
09678,09377,0,0,0
09678,09461,341,64,277
09678,09462,28,0,28
09678,09463,35,0,35
09678,09464,15,15,0
09678,09471,335,145,190
09678,09472,27,13,14
09678,09473,54,33,21
09678,09474,22,10,12
09678,09475,36,20,16
09678,09476,12,12,0
09678,09477,14,0,14
09678,09478,13,13,0
09678,09479,0,0,0
09678,09561,21,0,21
09678,09562,102,0,102
09678,09563,55,13,42
09678,09564,303,56,247
09678,09565,0,0,0
09678,09571,31,13,18
09678,09572,95,16,79
09678,09573,10,0,10
09678,09574,31,12,19
09678,09575,112,40,72
09678,09576,12,12,0
09678,09577,0,0,0
09678,09661,46,0,46
09678,09662,25784,3595,22189
09678,09663,2879,416,2463
09678,09671,34,13,21
09678,09672,2808,1410,1398
09678,09673,997,443,554
09678,09674,3047,1573,1474
09678,09675,2801,965,1836
09678,09676,11,0,11
09678,09677,976,490,486
09678,09678,0,0,0
09678,09679,1570,714,856
09678,09761,29,16,13
09678,09762,0,0,0
09678,09763,0,0,0
09678,09764,0,0,0
09678,09771,0,0,0
09678,09772,10,10,0
09678,09773,0,0,0
09678,09774,19,19,0
09678,09775,38,38,0
09678,09776,0,0,0
09678,09777,0,0,0
09678,09778,0,0,0
09678,09779,0,0,0
09678,09780,0,0,0
09678,10041,12,0,12
09678,10042,0,0,0
09678,10043,0,0,0
09678,10044,0,0,0
09678,10045,0,0,0
09678,10046,0,0,0
09678,11000,95,32,63
09678,12051,0,0,0
09678,12052,0,0,0
09678,12053,0,0,0
09678,12054,0,0,0
09678,12060,0,0,0
09678,12061,0,0,0
09678,12062,0,0,0
09678,12063,0,0,0
09678,12064,0,0,0
09678,12065,25,25,0
09678,12066,0,0,0
09678,12067,0,0,0
09678,12068,10,10,0
09678,12069,0,0,0
09678,12070,0,0,0
09678,12071,0,0,0
09678,12072,0,0,0
09678,12073,0,0,0
09678,13003,0,0,0
09678,13004,0,0,0
09678,13071,0,0,0
09678,13072,0,0,0
09678,13073,0,0,0
09678,13074,0,0,0
09678,13075,0,0,0
09678,13076,0,0,0
09678,14511,0,0,0
09678,14521,14,14,0
09678,14522,0,0,0
09678,14523,14,14,0
09678,14524,0,0,0
09678,14612,0,0,0
09678,14625,0,0,0
09678,14626,0,0,0
09678,14627,0,0,0
09678,14628,0,0,0
09678,14713,0,0,0
09678,14729,0,0,0
09678,14730,0,0,0
09678,15001,0,0,0
09678,15002,0,0,0
09678,15003,0,0,0
09678,15081,0,0,0
09678,15082,0,0,0
09678,15083,0,0,0
09678,15084,0,0,0
09678,15085,0,0,0
09678,15086,0,0,0
09678,15087,0,0,0
09678,15088,0,0,0
09678,15089,0,0,0
09678,15090,0,0,0
09678,15091,0,0,0
09678,16051,19,0,19
09678,16052,0,0,0
09678,16053,0,0,0
09678,16054,17,17,0
09678,16055,0,0,0
09678,16056,0,0,0
09678,16061,0,0,0
09678,16062,0,0,0
09678,16063,15,15,0
09678,16064,10,0,10
09678,16065,0,0,0
09678,16066,119,102,17
09678,16067,0,0,0
09678,16068,10,10,0
09678,16069,90,78,12
09678,16070,13,13,0
09678,16071,0,0,0
09678,16072,0,0,0
09678,16073,0,0,0
09678,16074,0,0,0
09678,16075,14,14,0
09678,16076,0,0,0
09678,16077,0,0,0
09679,01001,0,0,0
09679,01002,0,0,0
09679,01003,0,0,0
09679,01004,0,0,0
09679,01051,0,0,0
09679,01053,0,0,0
09679,01054,0,0,0
09679,01055,0,0,0
09679,01056,0,0,0
09679,01057,0,0,0
09679,01058,0,0,0
09679,01059,0,0,0
09679,01060,15,0,15
09679,01061,0,0,0
09679,01062,13,0,13
09679,02000,175,60,115
09679,03101,11,0,11
09679,03102,0,0,0
09679,03103,10,0,10
09679,03151,0,0,0
09679,03153,0,0,0
09679,03154,0,0,0
09679,03155,16,0,16
09679,03157,0,0,0
09679,03158,0,0,0
09679,03159,0,0,0
09679,03241,78,33,45
09679,03251,0,0,0
09679,03252,0,0,0
09679,03254,0,0,0
09679,03255,0,0,0
09679,03256,0,0,0
09679,03257,0,0,0
09679,03351,0,0,0
09679,03352,0,0,0
09679,03353,0,0,0
09679,03354,0,0,0
09679,03355,0,0,0
09679,03356,0,0,0
09679,03357,0,0,0
09679,03358,0,0,0
09679,03359,0,0,0
09679,03360,0,0,0
09679,03361,0,0,0
09679,03401,0,0,0
09679,03402,0,0,0
09679,03403,0,0,0
09679,03404,0,0,0
09679,03405,0,0,0
09679,03451,0,0,0
09679,03452,0,0,0
09679,03453,0,0,0
09679,03454,15,0,15
09679,03455,0,0,0
09679,03456,0,0,0
09679,03457,0,0,0
09679,03458,0,0,0
09679,03459,12,12,0
09679,03460,0,0,0
09679,03461,0,0,0
09679,03462,0,0,0
09679,04011,39,21,18
09679,04012,0,0,0
09679,05111,73,26,47
09679,05112,21,21,0
09679,05113,38,15,23
09679,05114,22,11,11
09679,05116,24,0,24
09679,05117,0,0,0
09679,05119,0,0,0
09679,05120,0,0,0
09679,05122,0,0,0
09679,05124,11,0,11
09679,05154,0,0,0
09679,05158,36,17,19
09679,05162,17,0,17
09679,05166,12,12,0
09679,05170,0,0,0
09679,05314,41,0,41
09679,05315,104,27,77
09679,05316,0,0,0
09679,05334,26,0,26
09679,05358,14,0,14
09679,05362,15,15,0
09679,05366,0,0,0
09679,05370,0,0,0
09679,05374,11,0,11
09679,05378,0,0,0
09679,05382,12,12,0
09679,05512,0,0,0
09679,05513,0,0,0
09679,05515,44,24,20
09679,05554,0,0,0
09679,05558,0,0,0
09679,05562,40,23,17
09679,05566,0,0,0
09679,05570,0,0,0
09679,05711,13,0,13
09679,05754,33,0,33
09679,05758,0,0,0
09679,05762,0,0,0
09679,05766,15,15,0
09679,05770,0,0,0
09679,05774,0,0,0
09679,05911,30,17,13
09679,05913,139,63,76
09679,05914,0,0,0
09679,05915,0,0,0
09679,05916,0,0,0
09679,05954,10,10,0
09679,05958,0,0,0
09679,05962,0,0,0
09679,05966,0,0,0
09679,05970,17,0,17
09679,05974,0,0,0
09679,05978,12,12,0
09679,06411,23,0,23
09679,06412,372,25,347
09679,06413,24,0,24
09679,06414,45,17,28
09679,06431,15,15,0
09679,06432,58,16,42
09679,06433,37,18,19
09679,06434,28,0,28
09679,06435,80,25,55
09679,06436,44,0,44
09679,06437,0,0,0
09679,06438,77,22,55
09679,06439,0,0,0
09679,06440,17,0,17
09679,06531,15,0,15
09679,06532,16,0,16
09679,06533,0,0,0
09679,06534,10,0,10
09679,06535,0,0,0
09679,06611,25,0,25
09679,06631,100,36,64
09679,06632,12,0,12
09679,06633,0,0,0
09679,06634,0,0,0
09679,06635,0,0,0
09679,06636,0,0,0
09679,07111,0,0,0
09679,07131,0,0,0
09679,07132,0,0,0
09679,07133,0,0,0
09679,07134,0,0,0
09679,07135,0,0,0
09679,07137,11,11,0
09679,07138,0,0,0
09679,07140,0,0,0
09679,07141,0,0,0
09679,07143,0,0,0
09679,07211,0,0,0
09679,07231,0,0,0
09679,07232,0,0,0
09679,07233,0,0,0
09679,07235,0,0,0
09679,07311,0,0,0
09679,07312,0,0,0
09679,07313,0,0,0
09679,07314,0,0,0
09679,07315,13,0,13
09679,07316,0,0,0
09679,07317,0,0,0
09679,07318,0,0,0
09679,07319,0,0,0
09679,07320,0,0,0
09679,07331,0,0,0
09679,07332,0,0,0
09679,07333,0,0,0
09679,07334,0,0,0
09679,07335,0,0,0
09679,07336,0,0,0
09679,07337,0,0,0
09679,07338,0,0,0
09679,07339,0,0,0
09679,07340,0,0,0
09679,08111,125,34,91
09679,08115,47,15,32
09679,08116,74,14,60
09679,08117,13,0,13
09679,08118,70,14,56
09679,08119,84,12,72
09679,08121,32,0,32
09679,08125,97,20,77
09679,08126,156,23,133
09679,08127,126,29,97
09679,08128,4850,1706,3144
09679,08135,0,0,0
09679,08136,51,23,28
09679,08211,0,0,0
09679,08212,20,0,20
09679,08215,27,27,0
09679,08216,0,0,0
09679,08221,16,0,16
09679,08222,45,0,45
09679,08225,176,118,58
09679,08226,58,16,42
09679,08231,0,0,0
09679,08235,0,0,0
09679,08236,11,0,11
09679,08237,0,0,0
09679,08311,16,0,16
09679,08315,0,0,0
09679,08316,0,0,0
09679,08317,18,0,18
09679,08325,0,0,0
09679,08326,10,0,10
09679,08327,0,0,0
09679,08335,0,0,0
09679,08336,0,0,0
09679,08337,0,0,0
09679,08415,12,0,12
09679,08416,0,0,0
09679,08417,0,0,0
09679,08421,25,0,25
09679,08425,0,0,0
09679,08426,0,0,0
09679,08435,10,10,0
09679,08436,38,0,38
09679,08437,0,0,0
09679,09161,27,0,27
09679,09162,626,103,523
09679,09163,0,0,0
09679,09171,0,0,0
09679,09172,0,0,0
09679,09173,0,0,0
09679,09174,0,0,0
09679,09175,17,0,17
09679,09176,0,0,0
09679,09177,0,0,0
09679,09178,39,0,39
09679,09179,10,0,10
09679,09180,0,0,0
09679,09181,0,0,0
09679,09182,0,0,0
09679,09183,10,0,10
09679,09184,134,15,119
09679,09185,0,0,0
09679,09186,15,0,15
09679,09187,32,14,18
09679,09188,16,0,16
09679,09189,0,0,0
09679,09190,0,0,0
09679,09261,0,0,0
09679,09262,0,0,0
09679,09263,12,0,12
09679,09271,0,0,0
09679,09272,0,0,0
09679,09273,0,0,0
09679,09274,13,0,13
09679,09275,0,0,0
09679,09276,0,0,0
09679,09277,0,0,0
09679,09278,14,14,0
09679,09279,0,0,0
09679,09361,20,0,20
09679,09362,49,12,37
09679,09363,0,0,0
09679,09371,10,0,10
09679,09372,0,0,0
09679,09373,19,0,19
09679,09374,11,11,0
09679,09375,0,0,0
09679,09376,61,44,17
09679,09377,27,27,0
09679,09461,103,29,74
09679,09462,23,0,23
09679,09463,38,13,25
09679,09464,0,0,0
09679,09471,122,83,39
09679,09472,0,0,0
09679,09473,12,12,0
09679,09474,37,22,15
09679,09475,11,0,11
09679,09476,0,0,0
09679,09477,0,0,0
09679,09478,25,25,0
09679,09479,28,28,0
09679,09561,63,14,49
09679,09562,108,15,93
09679,09563,79,31,48
09679,09564,664,88,576
09679,09565,18,0,18
09679,09571,194,97,97
09679,09572,84,28,56
09679,09573,24,12,12
09679,09574,54,21,33
09679,09575,1022,558,464
09679,09576,25,10,15
09679,09577,26,15,11
09679,09661,183,51,132
09679,09662,1260,171,1089
09679,09663,36422,6771,29651
09679,09671,127,74,53
09679,09672,450,257,193
09679,09673,156,88,68
09679,09674,194,109,85
09679,09675,5847,2942,2905
09679,09676,161,79,82
09679,09677,4853,2342,2511
09679,09678,1570,856,714
09679,09679,0,0,0
09679,09761,36,11,25
09679,09762,0,0,0
09679,09763,0,0,0
09679,09764,0,0,0
09679,09771,0,0,0
09679,09772,12,0,12
09679,09773,11,0,11
09679,09774,0,0,0
09679,09775,25,0,25
09679,09776,0,0,0
09679,09777,0,0,0
09679,09778,0,0,0
09679,09779,11,0,11
09679,09780,0,0,0
09679,10041,15,0,15
09679,10042,0,0,0
09679,10043,0,0,0
09679,10044,0,0,0
09679,10045,0,0,0
09679,10046,0,0,0
09679,11000,218,83,135
09679,12051,0,0,0
09679,12052,0,0,0
09679,12053,0,0,0
09679,12054,0,0,0
09679,12060,0,0,0
09679,12061,0,0,0
09679,12062,0,0,0
09679,12063,0,0,0
09679,12064,0,0,0
09679,12065,0,0,0
09679,12066,0,0,0
09679,12067,0,0,0
09679,12068,0,0,0
09679,12069,0,0,0
09679,12070,0,0,0
09679,12071,0,0,0
09679,12072,0,0,0
09679,12073,0,0,0
09679,13003,0,0,0
09679,13004,0,0,0
09679,13071,0,0,0
09679,13072,0,0,0
09679,13073,0,0,0
09679,13074,0,0,0
09679,13075,0,0,0
09679,13076,0,0,0
09679,14511,83,83,0
09679,14521,36,36,0
09679,14522,66,66,0
09679,14523,17,17,0
09679,14524,23,23,0
09679,14612,42,20,22
09679,14625,11,11,0
09679,14626,0,0,0
09679,14627,17,17,0
09679,14628,0,0,0
09679,14713,56,34,22
09679,14729,0,0,0
09679,14730,21,21,0
09679,15001,0,0,0
09679,15002,0,0,0
09679,15003,0,0,0
09679,15081,0,0,0
09679,15082,0,0,0
09679,15083,0,0,0
09679,15084,0,0,0
09679,15085,0,0,0
09679,15086,0,0,0
09679,15087,0,0,0
09679,15088,0,0,0
09679,15089,0,0,0
09679,15090,0,0,0
09679,15091,0,0,0
09679,16051,54,36,18
09679,16052,0,0,0
09679,16053,0,0,0
09679,16054,0,0,0
09679,16055,0,0,0
09679,16056,0,0,0
09679,16061,0,0,0
09679,16062,0,0,0
09679,16063,0,0,0
09679,16064,0,0,0
09679,16065,0,0,0
09679,16066,44,32,12
09679,16067,10,10,0
09679,16068,0,0,0
09679,16069,15,15,0
09679,16070,12,12,0
09679,16071,0,0,0
09679,16072,0,0,0
09679,16073,10,10,0
09679,16074,0,0,0
09679,16075,0,0,0
09679,16076,0,0,0
09679,16077,0,0,0
09761,01001,0,0,0
09761,01002,14,14,0
09761,01003,29,16,13
09761,01004,0,0,0
09761,01051,0,0,0
09761,01053,0,0,0
09761,01054,16,0,16
09761,01055,0,0,0
09761,01056,17,17,0
09761,01057,0,0,0
09761,01058,11,11,0
09761,01059,0,0,0
09761,01060,36,24,12
09761,01061,0,0,0
09761,01062,30,20,10
09761,02000,469,238,231
09761,03101,14,14,0
09761,03102,0,0,0
09761,03103,14,0,14
09761,03151,0,0,0
09761,03153,0,0,0
09761,03154,0,0,0
09761,03155,0,0,0
09761,03157,0,0,0
09761,03158,0,0,0
09761,03159,26,16,10
09761,03241,150,92,58
09761,03251,15,15,0
09761,03252,0,0,0
09761,03254,0,0,0
09761,03255,0,0,0
09761,03256,0,0,0
09761,03257,10,10,0
09761,03351,0,0,0
09761,03352,31,20,11
09761,03353,43,43,0
09761,03354,0,0,0
09761,03355,10,10,0
09761,03356,15,15,0
09761,03357,22,22,0
09761,03358,0,0,0
09761,03359,86,86,0
09761,03360,0,0,0
09761,03361,0,0,0
09761,03401,0,0,0
09761,03402,0,0,0
09761,03403,0,0,0
09761,03404,13,0,13
09761,03405,0,0,0
09761,03451,0,0,0
09761,03452,0,0,0
09761,03453,0,0,0
09761,03454,35,20,15
09761,03455,0,0,0
09761,03456,0,0,0
09761,03457,16,16,0
09761,03458,0,0,0
09761,03459,25,12,13
09761,03460,0,0,0
09761,03461,23,23,0
09761,03462,0,0,0
09761,04011,150,44,106
09761,04012,11,11,0
09761,05111,190,48,142
09761,05112,47,23,24
09761,05113,75,34,41
09761,05114,22,10,12
09761,05116,17,0,17
09761,05117,11,11,0
09761,05119,15,15,0
09761,05120,0,0,0
09761,05122,13,13,0
09761,05124,20,10,10
09761,05154,28,15,13
09761,05158,67,40,27
09761,05162,49,20,29
09761,05166,27,14,13
09761,05170,32,14,18
09761,05314,43,13,30
09761,05315,263,78,185
09761,05316,44,44,0
09761,05334,68,35,33
09761,05358,16,0,16
09761,05362,48,35,13
09761,05366,19,0,19
09761,05370,0,0,0
09761,05374,73,17,56
09761,05378,34,23,11
09761,05382,62,43,19
09761,05512,0,0,0
09761,05513,0,0,0
09761,05515,11,11,0
09761,05554,30,19,11
09761,05558,0,0,0
09761,05562,34,19,15
09761,05566,41,14,27
09761,05570,30,11,19
09761,05711,27,15,12
09761,05754,36,10,26
09761,05758,0,0,0
09761,05762,0,0,0
09761,05766,22,10,12
09761,05770,11,0,11
09761,05774,41,27,14
09761,05911,57,32,25
09761,05913,46,20,26
09761,05914,0,0,0
09761,05915,0,0,0
09761,05916,0,0,0
09761,05954,47,25,22
09761,05958,11,11,0
09761,05962,19,19,0
09761,05966,0,0,0
09761,05970,11,11,0
09761,05974,0,0,0
09761,05978,53,23,30
09761,06411,48,23,25
09761,06412,290,61,229
09761,06413,22,11,11
09761,06414,100,18,82
09761,06431,40,28,12
09761,06432,35,19,16
09761,06433,55,11,44
09761,06434,103,16,87
09761,06435,65,36,29
09761,06436,77,14,63
09761,06437,0,0,0
09761,06438,86,24,62
09761,06439,11,0,11
09761,06440,35,21,14
09761,06531,33,23,10
09761,06532,13,13,0
09761,06533,36,18,18
09761,06534,13,0,13
09761,06535,0,0,0
09761,06611,24,13,11
09761,06631,16,16,0
09761,06632,10,10,0
09761,06633,16,16,0
09761,06634,11,11,0
09761,06635,0,0,0
09761,06636,0,0,0
09761,07111,0,0,0
09761,07131,0,0,0
09761,07132,0,0,0
09761,07133,0,0,0
09761,07134,0,0,0
09761,07135,0,0,0
09761,07137,21,11,10
09761,07138,0,0,0
09761,07140,0,0,0
09761,07141,0,0,0
09761,07143,11,11,0
09761,07211,0,0,0
09761,07231,0,0,0
09761,07232,0,0,0
09761,07233,0,0,0
09761,07235,0,0,0
09761,07311,0,0,0
09761,07312,0,0,0
09761,07313,0,0,0
09761,07314,11,11,0
09761,07315,59,25,34
09761,07316,0,0,0
09761,07317,0,0,0
09761,07318,0,0,0
09761,07319,0,0,0
09761,07320,0,0,0
09761,07331,0,0,0
09761,07332,0,0,0
09761,07333,0,0,0
09761,07334,15,15,0
09761,07335,0,0,0
09761,07336,0,0,0
09761,07337,14,14,0
09761,07338,13,13,0
09761,07339,14,14,0
09761,07340,0,0,0
09761,08111,276,104,172
09761,08115,98,48,50
09761,08116,200,69,131
09761,08117,112,70,42
09761,08118,140,57,83
09761,08119,88,38,50
09761,08121,41,14,27
09761,08125,88,31,57
09761,08126,13,0,13
09761,08127,34,18,16
09761,08128,0,0,0
09761,08135,204,153,51
09761,08136,144,80,64
09761,08211,0,0,0
09761,08212,89,43,46
09761,08215,128,100,28
09761,08216,28,16,12
09761,08221,14,14,0
09761,08222,72,27,45
09761,08225,0,0,0
09761,08226,77,52,25
09761,08231,45,25,20
09761,08235,19,19,0
09761,08236,34,22,12
09761,08237,0,0,0
09761,08311,38,13,25
09761,08315,41,31,10
09761,08316,0,0,0
09761,08317,64,22,42
09761,08325,11,11,0
09761,08326,28,28,0
09761,08327,16,16,0
09761,08335,46,29,17
09761,08336,18,0,18
09761,08337,10,10,0
09761,08415,50,25,25
09761,08416,62,37,25
09761,08417,30,17,13
09761,08421,476,209,267
09761,08425,208,173,35
09761,08426,163,96,67
09761,08435,102,63,39
09761,08436,170,122,48
09761,08437,22,11,11
09761,09161,417,197,220
09761,09162,11322,1863,9459
09761,09163,78,25,53
09761,09171,67,45,22
09761,09172,50,38,12
09761,09173,125,83,42
09761,09174,1136,546,590
09761,09175,161,67,94
09761,09176,202,99,103
09761,09177,142,54,88
09761,09178,521,132,389
09761,09179,1260,603,657
09761,09180,146,125,21
09761,09181,2814,1732,1082
09761,09182,178,41,137
09761,09183,62,34,28
09761,09184,1886,279,1607
09761,09185,1024,655,369
09761,09186,383,202,181
09761,09187,122,85,37
09761,09188,559,184,375
09761,09189,71,36,35
09761,09190,457,360,97
09761,09261,36,20,16
09761,09262,30,12,18
09761,09263,13,0,13
09761,09271,33,23,10
09761,09272,0,0,0
09761,09273,31,31,0
09761,09274,62,43,19
09761,09275,20,20,0
09761,09276,0,0,0
09761,09277,37,20,17
09761,09278,26,26,0
09761,09279,39,27,12
09761,09361,10,10,0
09761,09362,135,63,72
09761,09363,12,12,0
09761,09371,21,21,0
09761,09372,49,30,19
09761,09373,44,27,17
09761,09374,32,32,0
09761,09375,76,55,21
09761,09376,70,70,0
09761,09377,0,0,0
09761,09461,12,12,0
09761,09462,38,25,13
09761,09463,0,0,0
09761,09464,10,10,0
09761,09471,43,23,20
09761,09472,17,17,0
09761,09473,10,0,10
09761,09474,21,21,0
09761,09475,30,11,19
09761,09476,0,0,0
09761,09477,10,10,0
09761,09478,0,0,0
09761,09479,11,11,0
09761,09561,13,0,13
09761,09562,75,27,48
09761,09563,66,36,30
09761,09564,448,161,287
09761,09565,12,12,0
09761,09571,105,54,51
09761,09572,58,42,16
09761,09573,43,33,10
09761,09574,59,36,23
09761,09575,14,14,0
09761,09576,51,36,15
09761,09577,102,73,29
09761,09661,0,0,0
09761,09662,0,0,0
09761,09663,49,24,25
09761,09671,23,23,0
09761,09672,11,11,0
09761,09673,0,0,0
09761,09674,0,0,0
09761,09675,0,0,0
09761,09676,0,0,0
09761,09677,13,13,0
09761,09678,29,13,16
09761,09679,36,25,11
09761,09761,0,0,0
09761,09762,427,320,107
09761,09763,433,339,94
09761,09764,214,146,68
09761,09771,20878,13955,6923
09761,09772,55704,37100,18604
09761,09773,2638,2028,610
09761,09774,2678,1881,797
09761,09775,719,559,160
09761,09776,187,154,33
09761,09777,974,796,178
09761,09778,1162,854,308
09761,09779,3554,1924,1630
09761,09780,573,459,114
09761,10041,27,27,0
09761,10042,0,0,0
09761,10043,0,0,0
09761,10044,0,0,0
09761,10045,10,10,0
09761,10046,0,0,0
09761,11000,473,189,284
09761,12051,0,0,0
09761,12052,0,0,0
09761,12053,0,0,0
09761,12054,26,0,26
09761,12060,14,14,0
09761,12061,12,12,0
09761,12062,0,0,0
09761,12063,0,0,0
09761,12064,0,0,0
09761,12065,0,0,0
09761,12066,0,0,0
09761,12067,0,0,0
09761,12068,0,0,0
09761,12069,18,18,0
09761,12070,0,0,0
09761,12071,16,16,0
09761,12072,0,0,0
09761,12073,11,11,0
09761,13003,0,0,0
09761,13004,0,0,0
09761,13071,12,12,0
09761,13072,0,0,0
09761,13073,0,0,0
09761,13074,0,0,0
09761,13075,0,0,0
09761,13076,0,0,0
09761,14511,44,23,21
09761,14521,41,41,0
09761,14522,12,12,0
09761,14523,68,68,0
09761,14524,32,19,13
09761,14612,54,35,19
09761,14625,19,19,0
09761,14626,12,12,0
09761,14627,0,0,0
09761,14628,14,14,0
09761,14713,86,47,39
09761,14729,27,17,10
09761,14730,11,11,0
09761,15001,0,0,0
09761,15002,10,10,0
09761,15003,15,15,0
09761,15081,0,0,0
09761,15082,0,0,0
09761,15083,0,0,0
09761,15084,10,10,0
09761,15085,0,0,0
09761,15086,0,0,0
09761,15087,0,0,0
09761,15088,15,15,0
09761,15089,0,0,0
09761,15090,0,0,0
09761,15091,0,0,0
09761,16051,11,11,0
09761,16052,0,0,0
09761,16053,0,0,0
09761,16054,0,0,0
09761,16055,0,0,0
09761,16056,0,0,0
09761,16061,0,0,0
09761,16062,0,0,0
09761,16063,0,0,0
09761,16064,0,0,0
09761,16065,0,0,0
09761,16066,29,29,0
09761,16067,0,0,0
09761,16068,0,0,0
09761,16069,0,0,0
09761,16070,0,0,0
09761,16071,0,0,0
09761,16072,0,0,0
09761,16073,0,0,0
09761,16074,0,0,0
09761,16075,0,0,0
09761,16076,0,0,0
09761,16077,15,15,0
09762,01001,19,0,19
09762,01002,0,0,0
09762,01003,0,0,0
09762,01004,0,0,0
09762,01051,0,0,0
09762,01053,0,0,0
09762,01054,0,0,0
09762,01055,0,0,0
09762,01056,0,0,0
09762,01057,0,0,0
09762,01058,0,0,0
09762,01059,0,0,0
09762,01060,0,0,0
09762,01061,0,0,0
09762,01062,0,0,0
09762,02000,28,10,18
09762,03101,0,0,0
09762,03102,0,0,0
09762,03103,0,0,0
09762,03151,0,0,0
09762,03153,0,0,0
09762,03154,0,0,0
09762,03155,0,0,0
09762,03157,0,0,0
09762,03158,0,0,0
09762,03159,0,0,0
09762,03241,0,0,0
09762,03251,0,0,0
09762,03252,0,0,0
09762,03254,0,0,0
09762,03255,0,0,0
09762,03256,0,0,0
09762,03257,0,0,0
09762,03351,0,0,0
09762,03352,0,0,0
09762,03353,0,0,0
09762,03354,0,0,0
09762,03355,0,0,0
09762,03356,0,0,0
09762,03357,0,0,0
09762,03358,0,0,0
09762,03359,0,0,0
09762,03360,0,0,0
09762,03361,0,0,0
09762,03401,0,0,0
09762,03402,0,0,0
09762,03403,0,0,0
09762,03404,0,0,0
09762,03405,0,0,0
09762,03451,0,0,0
09762,03452,0,0,0
09762,03453,0,0,0
09762,03454,0,0,0
09762,03455,0,0,0
09762,03456,0,0,0
09762,03457,0,0,0
09762,03458,0,0,0
09762,03459,0,0,0
09762,03460,0,0,0
09762,03461,0,0,0
09762,03462,0,0,0
09762,04011,0,0,0
09762,04012,0,0,0
09762,05111,0,0,0
09762,05112,0,0,0
09762,05113,0,0,0
09762,05114,0,0,0
09762,05116,0,0,0
09762,05117,0,0,0
09762,05119,0,0,0
09762,05120,0,0,0
09762,05122,0,0,0
09762,05124,0,0,0
09762,05154,0,0,0
09762,05158,0,0,0
09762,05162,0,0,0
09762,05166,0,0,0
09762,05170,0,0,0
09762,05314,0,0,0
09762,05315,19,0,19
09762,05316,0,0,0
09762,05334,0,0,0
09762,05358,0,0,0
09762,05362,0,0,0
09762,05366,0,0,0
09762,05370,0,0,0
09762,05374,0,0,0
09762,05378,0,0,0
09762,05382,0,0,0
09762,05512,0,0,0
09762,05513,0,0,0
09762,05515,0,0,0
09762,05554,0,0,0
09762,05558,0,0,0
09762,05562,0,0,0
09762,05566,0,0,0
09762,05570,0,0,0
09762,05711,0,0,0
09762,05754,0,0,0
09762,05758,0,0,0
09762,05762,0,0,0
09762,05766,0,0,0
09762,05770,0,0,0
09762,05774,0,0,0
09762,05911,0,0,0
09762,05913,0,0,0
09762,05914,0,0,0
09762,05915,14,14,0
09762,05916,0,0,0
09762,05954,0,0,0
09762,05958,10,10,0
09762,05962,0,0,0
09762,05966,0,0,0
09762,05970,0,0,0
09762,05974,0,0,0
09762,05978,0,0,0
09762,06411,0,0,0
09762,06412,17,0,17
09762,06413,0,0,0
09762,06414,0,0,0
09762,06431,0,0,0
09762,06432,0,0,0
09762,06433,0,0,0
09762,06434,0,0,0
09762,06435,0,0,0
09762,06436,0,0,0
09762,06437,0,0,0
09762,06438,0,0,0
09762,06439,0,0,0
09762,06440,0,0,0
09762,06531,0,0,0
09762,06532,0,0,0
09762,06533,0,0,0
09762,06534,0,0,0
09762,06535,0,0,0
09762,06611,0,0,0
09762,06631,0,0,0
09762,06632,0,0,0
09762,06633,0,0,0
09762,06634,0,0,0
09762,06635,0,0,0
09762,06636,0,0,0
09762,07111,0,0,0
09762,07131,0,0,0
09762,07132,0,0,0
09762,07133,0,0,0
09762,07134,0,0,0
09762,07135,0,0,0
09762,07137,0,0,0
09762,07138,0,0,0
09762,07140,0,0,0
09762,07141,0,0,0
09762,07143,0,0,0
09762,07211,0,0,0
09762,07231,0,0,0
09762,07232,0,0,0
09762,07233,0,0,0
09762,07235,0,0,0
09762,07311,0,0,0
09762,07312,0,0,0
09762,07313,0,0,0
09762,07314,0,0,0
09762,07315,0,0,0
09762,07316,0,0,0
09762,07317,0,0,0
09762,07318,0,0,0
09762,07319,0,0,0
09762,07320,0,0,0
09762,07331,0,0,0
09762,07332,0,0,0
09762,07333,0,0,0
09762,07334,0,0,0
09762,07335,0,0,0
09762,07336,0,0,0
09762,07337,0,0,0
09762,07338,0,0,0
09762,07339,0,0,0
09762,07340,0,0,0
09762,08111,10,0,10
09762,08115,0,0,0
09762,08116,16,0,16
09762,08117,0,0,0
09762,08118,0,0,0
09762,08119,0,0,0
09762,08121,0,0,0
09762,08125,0,0,0
09762,08126,0,0,0
09762,08127,0,0,0
09762,08128,0,0,0
09762,08135,0,0,0
09762,08136,0,0,0
09762,08211,0,0,0
09762,08212,0,0,0
09762,08215,0,0,0
09762,08216,0,0,0
09762,08221,0,0,0
09762,08222,0,0,0
09762,08225,0,0,0
09762,08226,0,0,0
09762,08231,0,0,0
09762,08235,0,0,0
09762,08236,0,0,0
09762,08237,0,0,0
09762,08311,0,0,0
09762,08315,0,0,0
09762,08316,0,0,0
09762,08317,0,0,0
09762,08325,0,0,0
09762,08326,0,0,0
09762,08327,0,0,0
09762,08335,0,0,0
09762,08336,0,0,0
09762,08337,0,0,0
09762,08415,0,0,0
09762,08416,0,0,0
09762,08417,0,0,0
09762,08421,111,81,30
09762,08425,52,52,0
09762,08426,60,31,29
09762,08435,0,0,0
09762,08436,67,36,31
09762,08437,0,0,0
09762,09161,30,19,11
09762,09162,702,153,549
09762,09163,0,0,0
09762,09171,0,0,0
09762,09172,0,0,0
09762,09173,25,14,11
09762,09174,25,11,14
09762,09175,10,10,0
09762,09176,0,0,0
09762,09177,0,0,0
09762,09178,32,15,17
09762,09179,85,32,53
09762,09180,25,12,13
09762,09181,1187,375,812
09762,09182,0,0,0
09762,09183,0,0,0
09762,09184,150,20,130
09762,09185,0,0,0
09762,09186,12,0,12
09762,09187,0,0,0
09762,09188,95,19,76
09762,09189,0,0,0
09762,09190,626,224,402
09762,09261,0,0,0
09762,09262,0,0,0
09762,09263,0,0,0
09762,09271,0,0,0
09762,09272,0,0,0
09762,09273,0,0,0
09762,09274,0,0,0
09762,09275,0,0,0
09762,09276,0,0,0
09762,09277,0,0,0
09762,09278,0,0,0
09762,09279,0,0,0
09762,09361,0,0,0
09762,09362,0,0,0
09762,09363,0,0,0
09762,09371,0,0,0
09762,09372,0,0,0
09762,09373,0,0,0
09762,09374,0,0,0
09762,09375,0,0,0
09762,09376,0,0,0
09762,09377,0,0,0
09762,09461,0,0,0
09762,09462,0,0,0
09762,09463,0,0,0
09762,09464,0,0,0
09762,09471,0,0,0
09762,09472,0,0,0
09762,09473,0,0,0
09762,09474,0,0,0
09762,09475,0,0,0
09762,09476,0,0,0
09762,09477,0,0,0
09762,09478,0,0,0
09762,09479,0,0,0
09762,09561,0,0,0
09762,09562,0,0,0
09762,09563,0,0,0
09762,09564,13,0,13
09762,09565,0,0,0
09762,09571,0,0,0
09762,09572,0,0,0
09762,09573,0,0,0
09762,09574,0,0,0
09762,09575,0,0,0
09762,09576,0,0,0
09762,09577,0,0,0
09762,09661,0,0,0
09762,09662,0,0,0
09762,09663,13,0,13
09762,09671,0,0,0
09762,09672,0,0,0
09762,09673,0,0,0
09762,09674,0,0,0
09762,09675,0,0,0
09762,09676,0,0,0
09762,09677,0,0,0
09762,09678,0,0,0
09762,09679,0,0,0
09762,09761,427,107,320
09762,09762,0,0,0
09762,09763,663,213,450
09762,09764,168,42,126
09762,09771,32,22,10
09762,09772,286,132,154
09762,09773,22,0,22
09762,09774,54,25,29
09762,09775,93,79,14
09762,09776,26,13,13
09762,09777,9908,6123,3785
09762,09778,2105,1039,1066
09762,09779,24,0,24
09762,09780,516,278,238
09762,10041,0,0,0
09762,10042,0,0,0
09762,10043,0,0,0
09762,10044,0,0,0
09762,10045,0,0,0
09762,10046,0,0,0
09762,11000,34,15,19
09762,12051,0,0,0
09762,12052,0,0,0
09762,12053,0,0,0
09762,12054,0,0,0
09762,12060,0,0,0
09762,12061,0,0,0
09762,12062,0,0,0
09762,12063,0,0,0
09762,12064,0,0,0
09762,12065,0,0,0
09762,12066,0,0,0
09762,12067,0,0,0
09762,12068,0,0,0
09762,12069,0,0,0
09762,12070,0,0,0
09762,12071,0,0,0
09762,12072,0,0,0
09762,12073,0,0,0
09762,13003,0,0,0
09762,13004,0,0,0
09762,13071,0,0,0
09762,13072,0,0,0
09762,13073,0,0,0
09762,13074,0,0,0
09762,13075,0,0,0
09762,13076,0,0,0
09762,14511,0,0,0
09762,14521,0,0,0
09762,14522,0,0,0
09762,14523,0,0,0
09762,14524,0,0,0
09762,14612,0,0,0
09762,14625,0,0,0
09762,14626,0,0,0
09762,14627,0,0,0
09762,14628,0,0,0
09762,14713,0,0,0
09762,14729,0,0,0
09762,14730,0,0,0
09762,15001,0,0,0
09762,15002,183,183,0
09762,15003,0,0,0
09762,15081,0,0,0
09762,15082,0,0,0
09762,15083,0,0,0
09762,15084,10,10,0
09762,15085,0,0,0
09762,15086,0,0,0
09762,15087,0,0,0
09762,15088,64,54,10
09762,15089,0,0,0
09762,15090,0,0,0
09762,15091,0,0,0
09762,16051,0,0,0
09762,16052,0,0,0
09762,16053,0,0,0
09762,16054,0,0,0
09762,16055,0,0,0
09762,16056,0,0,0
09762,16061,0,0,0
09762,16062,0,0,0
09762,16063,0,0,0
09762,16064,0,0,0
09762,16065,0,0,0
09762,16066,0,0,0
09762,16067,0,0,0
09762,16068,0,0,0
09762,16069,0,0,0
09762,16070,0,0,0
09762,16071,0,0,0
09762,16072,0,0,0
09762,16073,0,0,0
09762,16074,0,0,0
09762,16075,0,0,0
09762,16076,0,0,0
09762,16077,0,0,0
09763,01001,0,0,0
09763,01002,0,0,0
09763,01003,13,0,13
09763,01004,0,0,0
09763,01051,0,0,0
09763,01053,0,0,0
09763,01054,0,0,0
09763,01055,0,0,0
09763,01056,0,0,0
09763,01057,0,0,0
09763,01058,0,0,0
09763,01059,0,0,0
09763,01060,0,0,0
09763,01061,0,0,0
09763,01062,0,0,0
09763,02000,73,33,40
09763,03101,0,0,0
09763,03102,0,0,0
09763,03103,0,0,0
09763,03151,0,0,0
09763,03153,0,0,0
09763,03154,0,0,0
09763,03155,0,0,0
09763,03157,0,0,0
09763,03158,0,0,0
09763,03159,0,0,0
09763,03241,12,12,0
09763,03251,0,0,0
09763,03252,0,0,0
09763,03254,0,0,0
09763,03255,0,0,0
09763,03256,0,0,0
09763,03257,0,0,0
09763,03351,0,0,0
09763,03352,0,0,0
09763,03353,0,0,0
09763,03354,0,0,0
09763,03355,0,0,0
09763,03356,0,0,0
09763,03357,0,0,0
09763,03358,0,0,0
09763,03359,0,0,0
09763,03360,0,0,0
09763,03361,0,0,0
09763,03401,0,0,0
09763,03402,0,0,0
09763,03403,0,0,0
09763,03404,0,0,0
09763,03405,0,0,0
09763,03451,0,0,0
09763,03452,0,0,0
09763,03453,0,0,0
09763,03454,0,0,0
09763,03455,0,0,0
09763,03456,0,0,0
09763,03457,0,0,0
09763,03458,0,0,0
09763,03459,0,0,0
09763,03460,0,0,0
09763,03461,0,0,0
09763,03462,0,0,0
09763,04011,0,0,0
09763,04012,0,0,0
09763,05111,11,0,11
09763,05112,0,0,0
09763,05113,0,0,0
09763,05114,0,0,0
09763,05116,0,0,0
09763,05117,0,0,0
09763,05119,0,0,0
09763,05120,0,0,0
09763,05122,0,0,0
09763,05124,0,0,0
09763,05154,0,0,0
09763,05158,12,0,12
09763,05162,0,0,0
09763,05166,0,0,0
09763,05170,0,0,0
09763,05314,0,0,0
09763,05315,58,27,31
09763,05316,0,0,0
09763,05334,0,0,0
09763,05358,0,0,0
09763,05362,0,0,0
09763,05366,0,0,0
09763,05370,0,0,0
09763,05374,13,0,13
09763,05378,0,0,0
09763,05382,0,0,0
09763,05512,0,0,0
09763,05513,0,0,0
09763,05515,0,0,0
09763,05554,0,0,0
09763,05558,0,0,0
09763,05562,0,0,0
09763,05566,0,0,0
09763,05570,0,0,0
09763,05711,0,0,0
09763,05754,43,10,33
09763,05758,0,0,0
09763,05762,0,0,0
09763,05766,0,0,0
09763,05770,0,0,0
09763,05774,0,0,0
09763,05911,0,0,0
09763,05913,0,0,0
09763,05914,0,0,0
09763,05915,0,0,0
09763,05916,0,0,0
09763,05954,0,0,0
09763,05958,0,0,0
09763,05962,0,0,0
09763,05966,0,0,0
09763,05970,0,0,0
09763,05974,0,0,0
09763,05978,0,0,0
09763,06411,0,0,0
09763,06412,40,22,18
09763,06413,0,0,0
09763,06414,0,0,0
09763,06431,0,0,0
09763,06432,0,0,0
09763,06433,0,0,0
09763,06434,0,0,0
09763,06435,0,0,0
09763,06436,0,0,0
09763,06437,0,0,0
09763,06438,0,0,0
09763,06439,0,0,0
09763,06440,0,0,0
09763,06531,0,0,0
09763,06532,0,0,0
09763,06533,0,0,0
09763,06534,0,0,0
09763,06535,0,0,0
09763,06611,0,0,0
09763,06631,0,0,0
09763,06632,0,0,0
09763,06633,0,0,0
09763,06634,0,0,0
09763,06635,0,0,0
09763,06636,0,0,0
09763,07111,0,0,0
09763,07131,0,0,0
09763,07132,0,0,0
09763,07133,0,0,0
09763,07134,18,0,18
09763,07135,0,0,0
09763,07137,0,0,0
09763,07138,0,0,0
09763,07140,0,0,0
09763,07141,0,0,0
09763,07143,0,0,0
09763,07211,0,0,0
09763,07231,0,0,0
09763,07232,0,0,0
09763,07233,0,0,0
09763,07235,0,0,0
09763,07311,0,0,0
09763,07312,0,0,0
09763,07313,0,0,0
09763,07314,0,0,0
09763,07315,0,0,0
09763,07316,0,0,0
09763,07317,0,0,0
09763,07318,0,0,0
09763,07319,0,0,0
09763,07320,0,0,0
09763,07331,0,0,0
09763,07332,0,0,0
09763,07333,0,0,0
09763,07334,0,0,0
09763,07335,0,0,0
09763,07336,0,0,0
09763,07337,0,0,0
09763,07338,0,0,0
09763,07339,0,0,0
09763,07340,0,0,0
09763,08111,68,19,49
09763,08115,25,0,25
09763,08116,29,13,16
09763,08117,30,19,11
09763,08118,43,19,24
09763,08119,0,0,0
09763,08121,0,0,0
09763,08125,0,0,0
09763,08126,10,0,10
09763,08127,0,0,0
09763,08128,0,0,0
09763,08135,21,10,11
09763,08136,0,0,0
09763,08211,0,0,0
09763,08212,12,12,0
09763,08215,0,0,0
09763,08216,0,0,0
09763,08221,0,0,0
09763,08222,0,0,0
09763,08225,0,0,0
09763,08226,12,12,0
09763,08231,0,0,0
09763,08235,0,0,0
09763,08236,0,0,0
09763,08237,0,0,0
09763,08311,0,0,0
09763,08315,0,0,0
09763,08316,0,0,0
09763,08317,0,0,0
09763,08325,0,0,0
09763,08326,0,0,0
09763,08327,0,0,0
09763,08335,38,18,20
09763,08336,0,0,0
09763,08337,0,0,0
09763,08415,11,11,0
09763,08416,0,0,0
09763,08417,0,0,0
09763,08421,117,37,80
09763,08425,50,38,12
09763,08426,227,148,79
09763,08435,69,45,24
09763,08436,1274,726,548
09763,08437,10,10,0
09763,09161,12,0,12
09763,09162,455,98,357
09763,09163,0,0,0
09763,09171,0,0,0
09763,09172,0,0,0
09763,09173,12,12,0
09763,09174,34,0,34
09763,09175,0,0,0
09763,09176,0,0,0
09763,09177,0,0,0
09763,09178,34,11,23
09763,09179,29,15,14
09763,09180,22,22,0
09763,09181,139,84,55
09763,09182,10,0,10
09763,09183,0,0,0
09763,09184,123,23,100
09763,09185,0,0,0
09763,09186,11,0,11
09763,09187,0,0,0
09763,09188,37,14,23
09763,09189,24,0,24
09763,09190,148,103,45
09763,09261,0,0,0
09763,09262,0,0,0
09763,09263,0,0,0
09763,09271,0,0,0
09763,09272,0,0,0
09763,09273,0,0,0
09763,09274,0,0,0
09763,09275,0,0,0
09763,09276,0,0,0
09763,09277,0,0,0
09763,09278,0,0,0
09763,09279,0,0,0
09763,09361,0,0,0
09763,09362,12,0,12
09763,09363,0,0,0
09763,09371,0,0,0
09763,09372,0,0,0
09763,09373,0,0,0
09763,09374,0,0,0
09763,09375,0,0,0
09763,09376,0,0,0
09763,09377,0,0,0
09763,09461,0,0,0
09763,09462,0,0,0
09763,09463,0,0,0
09763,09464,0,0,0
09763,09471,0,0,0
09763,09472,0,0,0
09763,09473,0,0,0
09763,09474,0,0,0
09763,09475,0,0,0
09763,09476,0,0,0
09763,09477,0,0,0
09763,09478,0,0,0
09763,09479,0,0,0
09763,09561,0,0,0
09763,09562,0,0,0
09763,09563,0,0,0
09763,09564,38,11,27
09763,09565,0,0,0
09763,09571,0,0,0
09763,09572,0,0,0
09763,09573,0,0,0
09763,09574,0,0,0
09763,09575,0,0,0
09763,09576,0,0,0
09763,09577,0,0,0
09763,09661,0,0,0
09763,09662,0,0,0
09763,09663,0,0,0
09763,09671,0,0,0
09763,09672,0,0,0
09763,09673,0,0,0
09763,09674,0,0,0
09763,09675,0,0,0
09763,09676,0,0,0
09763,09677,0,0,0
09763,09678,0,0,0
09763,09679,0,0,0
09763,09761,433,94,339
09763,09762,663,450,213
09763,09763,0,0,0
09763,09764,999,474,525
09763,09771,37,26,11
09763,09772,144,79,65
09763,09773,0,0,0
09763,09774,101,59,42
09763,09775,164,118,46
09763,09776,488,311,177
09763,09777,4306,3073,1233
09763,09778,2197,1148,1049
09763,09779,0,0,0
09763,09780,20108,13010,7098
09763,10041,0,0,0
09763,10042,0,0,0
09763,10043,0,0,0
09763,10044,0,0,0
09763,10045,0,0,0
09763,10046,0,0,0
09763,11000,87,42,45
09763,12051,0,0,0
09763,12052,0,0,0
09763,12053,0,0,0
09763,12054,0,0,0
09763,12060,0,0,0
09763,12061,0,0,0
09763,12062,0,0,0
09763,12063,0,0,0
09763,12064,0,0,0
09763,12065,0,0,0
09763,12066,0,0,0
09763,12067,0,0,0
09763,12068,0,0,0
09763,12069,0,0,0
09763,12070,0,0,0
09763,12071,0,0,0
09763,12072,0,0,0
09763,12073,0,0,0
09763,13003,0,0,0
09763,13004,0,0,0
09763,13071,0,0,0
09763,13072,0,0,0
09763,13073,0,0,0
09763,13074,0,0,0
09763,13075,0,0,0
09763,13076,0,0,0
09763,14511,0,0,0
09763,14521,0,0,0
09763,14522,0,0,0
09763,14523,0,0,0
09763,14524,0,0,0
09763,14612,28,28,0
09763,14625,0,0,0
09763,14626,0,0,0
09763,14627,0,0,0
09763,14628,0,0,0
09763,14713,0,0,0
09763,14729,0,0,0
09763,14730,0,0,0
09763,15001,0,0,0
09763,15002,0,0,0
09763,15003,0,0,0
09763,15081,0,0,0
09763,15082,0,0,0
09763,15083,0,0,0
09763,15084,0,0,0
09763,15085,0,0,0
09763,15086,0,0,0
09763,15087,0,0,0
09763,15088,0,0,0
09763,15089,0,0,0
09763,15090,0,0,0
09763,15091,0,0,0
09763,16051,0,0,0
09763,16052,0,0,0
09763,16053,0,0,0
09763,16054,0,0,0
09763,16055,0,0,0
09763,16056,0,0,0
09763,16061,0,0,0
09763,16062,0,0,0
09763,16063,0,0,0
09763,16064,0,0,0
09763,16065,0,0,0
09763,16066,0,0,0
09763,16067,0,0,0
09763,16068,0,0,0
09763,16069,0,0,0
09763,16070,0,0,0
09763,16071,0,0,0
09763,16072,0,0,0
09763,16073,0,0,0
09763,16074,0,0,0
09763,16075,0,0,0
09763,16076,0,0,0
09763,16077,0,0,0
09764,01001,0,0,0
09764,01002,0,0,0
09764,01003,0,0,0
09764,01004,0,0,0
09764,01051,0,0,0
09764,01053,0,0,0
09764,01054,0,0,0
09764,01055,0,0,0
09764,01056,0,0,0
09764,01057,0,0,0
09764,01058,0,0,0
09764,01059,0,0,0
09764,01060,0,0,0
09764,01061,0,0,0
09764,01062,0,0,0
09764,02000,50,0,50
09764,03101,0,0,0
09764,03102,0,0,0
09764,03103,0,0,0
09764,03151,0,0,0
09764,03153,0,0,0
09764,03154,0,0,0
09764,03155,0,0,0
09764,03157,0,0,0
09764,03158,0,0,0
09764,03159,0,0,0
09764,03241,25,0,25
09764,03251,0,0,0
09764,03252,0,0,0
09764,03254,0,0,0
09764,03255,0,0,0
09764,03256,0,0,0
09764,03257,0,0,0
09764,03351,0,0,0
09764,03352,0,0,0
09764,03353,0,0,0
09764,03354,0,0,0
09764,03355,0,0,0
09764,03356,0,0,0
09764,03357,0,0,0
09764,03358,0,0,0
09764,03359,0,0,0
09764,03360,0,0,0
09764,03361,0,0,0
09764,03401,0,0,0
09764,03402,0,0,0
09764,03403,0,0,0
09764,03404,0,0,0
09764,03405,0,0,0
09764,03451,0,0,0
09764,03452,0,0,0
09764,03453,0,0,0
09764,03454,0,0,0
09764,03455,0,0,0
09764,03456,0,0,0
09764,03457,0,0,0
09764,03458,0,0,0
09764,03459,0,0,0
09764,03460,0,0,0
09764,03461,0,0,0
09764,03462,0,0,0
09764,04011,0,0,0
09764,04012,0,0,0
09764,05111,0,0,0
09764,05112,0,0,0
09764,05113,0,0,0
09764,05114,0,0,0
09764,05116,0,0,0
09764,05117,0,0,0
09764,05119,0,0,0
09764,05120,0,0,0
09764,05122,0,0,0
09764,05124,0,0,0
09764,05154,0,0,0
09764,05158,0,0,0
09764,05162,0,0,0
09764,05166,0,0,0
09764,05170,0,0,0
09764,05314,0,0,0
09764,05315,22,0,22
09764,05316,0,0,0
09764,05334,0,0,0
09764,05358,0,0,0
09764,05362,0,0,0
09764,05366,0,0,0
09764,05370,0,0,0
09764,05374,0,0,0
09764,05378,0,0,0
09764,05382,0,0,0
09764,05512,0,0,0
09764,05513,0,0,0
09764,05515,0,0,0
09764,05554,0,0,0
09764,05558,0,0,0
09764,05562,0,0,0
09764,05566,0,0,0
09764,05570,0,0,0
09764,05711,0,0,0
09764,05754,0,0,0
09764,05758,0,0,0
09764,05762,0,0,0
09764,05766,0,0,0
09764,05770,0,0,0
09764,05774,0,0,0
09764,05911,0,0,0
09764,05913,0,0,0
09764,05914,0,0,0
09764,05915,0,0,0
09764,05916,0,0,0
09764,05954,0,0,0
09764,05958,0,0,0
09764,05962,0,0,0
09764,05966,0,0,0
09764,05970,0,0,0
09764,05974,0,0,0
09764,05978,0,0,0
09764,06411,0,0,0
09764,06412,17,0,17
09764,06413,0,0,0
09764,06414,0,0,0
09764,06431,0,0,0
09764,06432,0,0,0
09764,06433,0,0,0
09764,06434,0,0,0
09764,06435,0,0,0
09764,06436,0,0,0
09764,06437,0,0,0
09764,06438,0,0,0
09764,06439,0,0,0
09764,06440,0,0,0
09764,06531,0,0,0
09764,06532,0,0,0
09764,06533,0,0,0
09764,06534,0,0,0
09764,06535,0,0,0
09764,06611,0,0,0
09764,06631,0,0,0
09764,06632,0,0,0
09764,06633,0,0,0
09764,06634,0,0,0
09764,06635,0,0,0
09764,06636,0,0,0
09764,07111,0,0,0
09764,07131,0,0,0
09764,07132,0,0,0
09764,07133,0,0,0
09764,07134,0,0,0
09764,07135,0,0,0
09764,07137,0,0,0
09764,07138,0,0,0
09764,07140,0,0,0
09764,07141,0,0,0
09764,07143,0,0,0
09764,07211,0,0,0
09764,07231,0,0,0
09764,07232,0,0,0
09764,07233,0,0,0
09764,07235,0,0,0
09764,07311,0,0,0
09764,07312,0,0,0
09764,07313,0,0,0
09764,07314,0,0,0
09764,07315,0,0,0
09764,07316,0,0,0
09764,07317,0,0,0
09764,07318,0,0,0
09764,07319,0,0,0
09764,07320,0,0,0
09764,07331,0,0,0
09764,07332,0,0,0
09764,07333,0,0,0
09764,07334,0,0,0
09764,07335,0,0,0
09764,07336,0,0,0
09764,07337,0,0,0
09764,07338,0,0,0
09764,07339,0,0,0
09764,07340,0,0,0
09764,08111,63,23,40
09764,08115,11,11,0
09764,08116,18,0,18
09764,08117,0,0,0
09764,08118,21,21,0
09764,08119,13,13,0
09764,08121,0,0,0
09764,08125,11,0,11
09764,08126,0,0,0
09764,08127,0,0,0
09764,08128,0,0,0
09764,08135,40,18,22
09764,08136,11,11,0
09764,08211,0,0,0
09764,08212,16,0,16
09764,08215,0,0,0
09764,08216,0,0,0
09764,08221,0,0,0
09764,08222,0,0,0
09764,08225,21,0,21
09764,08226,11,11,0
09764,08231,0,0,0
09764,08235,0,0,0
09764,08236,0,0,0
09764,08237,0,0,0
09764,08311,0,0,0
09764,08315,0,0,0
09764,08316,0,0,0
09764,08317,0,0,0
09764,08325,0,0,0
09764,08326,0,0,0
09764,08327,0,0,0
09764,08335,0,0,0
09764,08336,0,0,0
09764,08337,0,0,0
09764,08415,0,0,0
09764,08416,0,0,0
09764,08417,11,11,0
09764,08421,273,123,150
09764,08425,226,187,39
09764,08426,3207,2400,807
09764,08435,46,28,18
09764,08436,1874,1321,553
09764,08437,17,17,0
09764,09161,0,0,0
09764,09162,313,83,230
09764,09163,0,0,0
09764,09171,0,0,0
09764,09172,0,0,0
09764,09173,0,0,0
09764,09174,0,0,0
09764,09175,0,0,0
09764,09176,0,0,0
09764,09177,0,0,0
09764,09178,13,0,13
09764,09179,16,16,0
09764,09180,23,23,0
09764,09181,118,83,35
09764,09182,0,0,0
09764,09183,0,0,0
09764,09184,78,10,68
09764,09185,0,0,0
09764,09186,0,0,0
09764,09187,0,0,0
09764,09188,15,0,15
09764,09189,0,0,0
09764,09190,19,19,0
09764,09261,0,0,0
09764,09262,0,0,0
09764,09263,0,0,0
09764,09271,33,33,0
09764,09272,0,0,0
09764,09273,0,0,0
09764,09274,0,0,0
09764,09275,0,0,0
09764,09276,0,0,0
09764,09277,0,0,0
09764,09278,0,0,0
09764,09279,0,0,0
09764,09361,0,0,0
09764,09362,0,0,0
09764,09363,0,0,0
09764,09371,0,0,0
09764,09372,0,0,0
09764,09373,0,0,0
09764,09374,0,0,0
09764,09375,0,0,0
09764,09376,0,0,0
09764,09377,0,0,0
09764,09461,0,0,0
09764,09462,0,0,0
09764,09463,0,0,0
09764,09464,0,0,0
09764,09471,0,0,0
09764,09472,0,0,0
09764,09473,0,0,0
09764,09474,0,0,0
09764,09475,0,0,0
09764,09476,0,0,0
09764,09477,0,0,0
09764,09478,0,0,0
09764,09479,0,0,0
09764,09561,0,0,0
09764,09562,0,0,0
09764,09563,0,0,0
09764,09564,22,11,11
09764,09565,0,0,0
09764,09571,0,0,0
09764,09572,0,0,0
09764,09573,0,0,0
09764,09574,0,0,0
09764,09575,50,50,0
09764,09576,0,0,0
09764,09577,0,0,0
09764,09661,0,0,0
09764,09662,0,0,0
09764,09663,0,0,0
09764,09671,0,0,0
09764,09672,0,0,0
09764,09673,0,0,0
09764,09674,0,0,0
09764,09675,0,0,0
09764,09676,0,0,0
09764,09677,0,0,0
09764,09678,0,0,0
09764,09679,0,0,0
09764,09761,214,68,146
09764,09762,168,126,42
09764,09763,999,525,474
09764,09764,0,0,0
09764,09771,14,14,0
09764,09772,137,93,44
09764,09773,14,14,0
09764,09774,196,172,24
09764,09775,1080,838,242
09764,09776,211,155,56
09764,09777,555,454,101
09764,09778,14394,11015,3379
09764,09779,0,0,0
09764,09780,1119,908,211
09764,10041,11,0,11
09764,10042,0,0,0
09764,10043,0,0,0
09764,10044,0,0,0
09764,10045,0,0,0
09764,10046,0,0,0
09764,11000,36,17,19
09764,12051,0,0,0
09764,12052,0,0,0
09764,12053,0,0,0
09764,12054,20,0,20
09764,12060,0,0,0
09764,12061,0,0,0
09764,12062,0,0,0
09764,12063,0,0,0
09764,12064,0,0,0
09764,12065,0,0,0
09764,12066,0,0,0
09764,12067,0,0,0
09764,12068,0,0,0
09764,12069,0,0,0
09764,12070,0,0,0
09764,12071,0,0,0
09764,12072,0,0,0
09764,12073,0,0,0
09764,13003,0,0,0
09764,13004,0,0,0
09764,13071,0,0,0
09764,13072,0,0,0
09764,13073,0,0,0
09764,13074,0,0,0
09764,13075,0,0,0
09764,13076,0,0,0
09764,14511,0,0,0
09764,14521,0,0,0
09764,14522,11,11,0
09764,14523,0,0,0
09764,14524,0,0,0
09764,14612,0,0,0
09764,14625,0,0,0
09764,14626,0,0,0
09764,14627,0,0,0
09764,14628,11,11,0
09764,14713,12,12,0
09764,14729,0,0,0
09764,14730,0,0,0
09764,15001,0,0,0
09764,15002,0,0,0
09764,15003,0,0,0
09764,15081,0,0,0
09764,15082,0,0,0
09764,15083,0,0,0
09764,15084,0,0,0
09764,15085,0,0,0
09764,15086,0,0,0
09764,15087,0,0,0
09764,15088,0,0,0
09764,15089,0,0,0
09764,15090,0,0,0
09764,15091,0,0,0
09764,16051,0,0,0
09764,16052,0,0,0
09764,16053,0,0,0
09764,16054,0,0,0
09764,16055,0,0,0
09764,16056,0,0,0
09764,16061,0,0,0
09764,16062,0,0,0
09764,16063,0,0,0
09764,16064,0,0,0
09764,16065,0,0,0
09764,16066,0,0,0
09764,16067,0,0,0
09764,16068,0,0,0
09764,16069,0,0,0
09764,16070,0,0,0
09764,16071,0,0,0
09764,16072,0,0,0
09764,16073,0,0,0
09764,16074,0,0,0
09764,16075,0,0,0
09764,16076,0,0,0
09764,16077,0,0,0
09771,01001,0,0,0
09771,01002,0,0,0
09771,01003,0,0,0
09771,01004,0,0,0
09771,01051,0,0,0
09771,01053,0,0,0
09771,01054,0,0,0
09771,01055,0,0,0
09771,01056,0,0,0
09771,01057,0,0,0
09771,01058,0,0,0
09771,01059,0,0,0
09771,01060,0,0,0
09771,01061,0,0,0
09771,01062,0,0,0
09771,02000,98,19,79
09771,03101,0,0,0
09771,03102,0,0,0
09771,03103,0,0,0
09771,03151,0,0,0
09771,03153,0,0,0
09771,03154,0,0,0
09771,03155,0,0,0
09771,03157,0,0,0
09771,03158,0,0,0
09771,03159,0,0,0
09771,03241,27,0,27
09771,03251,0,0,0
09771,03252,0,0,0
09771,03254,0,0,0
09771,03255,0,0,0
09771,03256,0,0,0
09771,03257,0,0,0
09771,03351,0,0,0
09771,03352,0,0,0
09771,03353,0,0,0
09771,03354,0,0,0
09771,03355,0,0,0
09771,03356,18,0,18
09771,03357,0,0,0
09771,03358,0,0,0
09771,03359,0,0,0
09771,03360,0,0,0
09771,03361,0,0,0
09771,03401,0,0,0
09771,03402,0,0,0
09771,03403,0,0,0
09771,03404,0,0,0
09771,03405,0,0,0
09771,03451,0,0,0
09771,03452,0,0,0
09771,03453,0,0,0
09771,03454,0,0,0
09771,03455,0,0,0
09771,03456,0,0,0
09771,03457,0,0,0
09771,03458,0,0,0
09771,03459,0,0,0
09771,03460,0,0,0
09771,03461,0,0,0
09771,03462,0,0,0
09771,04011,21,0,21
09771,04012,0,0,0
09771,05111,59,0,59
09771,05112,10,0,10
09771,05113,12,0,12
09771,05114,0,0,0
09771,05116,0,0,0
09771,05117,0,0,0
09771,05119,0,0,0
09771,05120,0,0,0
09771,05122,0,0,0
09771,05124,0,0,0
09771,05154,0,0,0
09771,05158,29,0,29
09771,05162,31,10,21
09771,05166,0,0,0
09771,05170,0,0,0
09771,05314,0,0,0
09771,05315,60,0,60
09771,05316,0,0,0
09771,05334,12,0,12
09771,05358,0,0,0
09771,05362,0,0,0
09771,05366,0,0,0
09771,05370,0,0,0
09771,05374,32,12,20
09771,05378,0,0,0
09771,05382,0,0,0
09771,05512,0,0,0
09771,05513,0,0,0
09771,05515,10,0,10
09771,05554,0,0,0
09771,05558,0,0,0
09771,05562,0,0,0
09771,05566,15,0,15
09771,05570,0,0,0
09771,05711,0,0,0
09771,05754,17,0,17
09771,05758,0,0,0
09771,05762,0,0,0
09771,05766,0,0,0
09771,05770,0,0,0
09771,05774,0,0,0
09771,05911,0,0,0
09771,05913,17,0,17
09771,05914,0,0,0
09771,05915,0,0,0
09771,05916,0,0,0
09771,05954,0,0,0
09771,05958,0,0,0
09771,05962,0,0,0
09771,05966,0,0,0
09771,05970,0,0,0
09771,05974,0,0,0
09771,05978,11,0,11
09771,06411,11,0,11
09771,06412,100,20,80
09771,06413,0,0,0
09771,06414,19,0,19
09771,06431,10,0,10
09771,06432,39,24,15
09771,06433,0,0,0
09771,06434,29,0,29
09771,06435,0,0,0
09771,06436,26,0,26
09771,06437,0,0,0
09771,06438,38,0,38
09771,06439,0,0,0
09771,06440,0,0,0
09771,06531,0,0,0
09771,06532,0,0,0
09771,06533,0,0,0
09771,06534,0,0,0
09771,06535,0,0,0
09771,06611,0,0,0
09771,06631,15,15,0
09771,06632,0,0,0
09771,06633,0,0,0
09771,06634,0,0,0
09771,06635,0,0,0
09771,06636,0,0,0
09771,07111,0,0,0
09771,07131,0,0,0
09771,07132,0,0,0
09771,07133,0,0,0
09771,07134,0,0,0
09771,07135,0,0,0
09771,07137,0,0,0
09771,07138,0,0,0
09771,07140,0,0,0
09771,07141,0,0,0
09771,07143,0,0,0
09771,07211,0,0,0
09771,07231,0,0,0
09771,07232,0,0,0
09771,07233,0,0,0
09771,07235,0,0,0
09771,07311,0,0,0
09771,07312,0,0,0
09771,07313,0,0,0
09771,07314,0,0,0
09771,07315,12,0,12
09771,07316,0,0,0
09771,07317,0,0,0
09771,07318,0,0,0
09771,07319,0,0,0
09771,07320,0,0,0
09771,07331,0,0,0
09771,07332,0,0,0
09771,07333,0,0,0
09771,07334,0,0,0
09771,07335,0,0,0
09771,07336,0,0,0
09771,07337,0,0,0
09771,07338,0,0,0
09771,07339,0,0,0
09771,07340,0,0,0
09771,08111,84,14,70
09771,08115,36,13,23
09771,08116,33,0,33
09771,08117,13,0,13
09771,08118,41,15,26
09771,08119,38,38,0
09771,08121,10,0,10
09771,08125,16,0,16
09771,08126,15,0,15
09771,08127,15,15,0
09771,08128,0,0,0
09771,08135,14,0,14
09771,08136,33,14,19
09771,08211,0,0,0
09771,08212,12,0,12
09771,08215,0,0,0
09771,08216,0,0,0
09771,08221,11,0,11
09771,08222,19,0,19
09771,08225,0,0,0
09771,08226,36,11,25
09771,08231,0,0,0
09771,08235,0,0,0
09771,08236,0,0,0
09771,08237,0,0,0
09771,08311,12,0,12
09771,08315,14,0,14
09771,08316,0,0,0
09771,08317,29,10,19
09771,08325,0,0,0
09771,08326,0,0,0
09771,08327,0,0,0
09771,08335,0,0,0
09771,08336,0,0,0
09771,08337,0,0,0
09771,08415,0,0,0
09771,08416,0,0,0
09771,08417,10,0,10
09771,08421,61,0,61
09771,08425,34,17,17
09771,08426,11,0,11
09771,08435,17,0,17
09771,08436,14,14,0
09771,08437,0,0,0
09771,09161,538,50,488
09771,09162,6629,433,6196
09771,09163,11,0,11
09771,09171,24,14,10
09771,09172,0,0,0
09771,09173,40,20,20
09771,09174,2193,591,1602
09771,09175,115,31,84
09771,09176,103,18,85
09771,09177,75,25,50
09771,09178,299,56,243
09771,09179,1401,369,1032
09771,09180,14,14,0
09771,09181,892,401,491
09771,09182,33,0,33
09771,09183,34,16,18
09771,09184,1241,73,1168
09771,09185,2951,1163,1788
09771,09186,538,150,388
09771,09187,50,15,35
09771,09188,368,40,328
09771,09189,27,12,15
09771,09190,72,24,48
09771,09261,13,0,13
09771,09262,14,14,0
09771,09263,0,0,0
09771,09271,0,0,0
09771,09272,0,0,0
09771,09273,112,89,23
09771,09274,36,23,13
09771,09275,13,13,0
09771,09276,0,0,0
09771,09277,0,0,0
09771,09278,0,0,0
09771,09279,14,0,14
09771,09361,0,0,0
09771,09362,31,0,31
09771,09363,0,0,0
09771,09371,0,0,0
09771,09372,11,0,11
09771,09373,0,0,0
09771,09374,0,0,0
09771,09375,12,12,0
09771,09376,13,13,0
09771,09377,0,0,0
09771,09461,0,0,0
09771,09462,0,0,0
09771,09463,0,0,0
09771,09464,0,0,0
09771,09471,0,0,0
09771,09472,0,0,0
09771,09473,0,0,0
09771,09474,0,0,0
09771,09475,0,0,0
09771,09476,0,0,0
09771,09477,0,0,0
09771,09478,0,0,0
09771,09479,0,0,0
09771,09561,0,0,0
09771,09562,27,0,27
09771,09563,19,19,0
09771,09564,188,79,109
09771,09565,0,0,0
09771,09571,25,14,11
09771,09572,0,0,0
09771,09573,0,0,0
09771,09574,28,28,0
09771,09575,0,0,0
09771,09576,14,14,0
09771,09577,17,17,0
09771,09661,0,0,0
09771,09662,0,0,0
09771,09663,37,0,37
09771,09671,0,0,0
09771,09672,0,0,0
09771,09673,0,0,0
09771,09674,0,0,0
09771,09675,0,0,0
09771,09676,0,0,0
09771,09677,0,0,0
09771,09678,0,0,0
09771,09679,0,0,0
09771,09761,20878,6923,13955
09771,09762,32,10,22
09771,09763,37,11,26
09771,09764,14,0,14
09771,09771,0,0,0
09771,09772,7290,3372,3918
09771,09773,398,164,234
09771,09774,263,107,156
09771,09775,54,22,32
09771,09776,0,0,0
09771,09777,116,49,67
09771,09778,107,60,47
09771,09779,1010,293,717
09771,09780,53,29,24
09771,10041,13,0,13
09771,10042,0,0,0
09771,10043,0,0,0
09771,10044,0,0,0
09771,10045,0,0,0
09771,10046,0,0,0
09771,11000,118,30,88
09771,12051,0,0,0
09771,12052,0,0,0
09771,12053,0,0,0
09771,12054,0,0,0
09771,12060,0,0,0
09771,12061,0,0,0
09771,12062,0,0,0
09771,12063,0,0,0
09771,12064,0,0,0
09771,12065,0,0,0
09771,12066,0,0,0
09771,12067,0,0,0
09771,12068,0,0,0
09771,12069,0,0,0
09771,12070,0,0,0
09771,12071,0,0,0
09771,12072,0,0,0
09771,12073,0,0,0
09771,13003,0,0,0
09771,13004,0,0,0
09771,13071,0,0,0
09771,13072,0,0,0
09771,13073,0,0,0
09771,13074,0,0,0
09771,13075,0,0,0
09771,13076,0,0,0
09771,14511,0,0,0
09771,14521,13,13,0
09771,14522,0,0,0
09771,14523,0,0,0
09771,14524,0,0,0
09771,14612,10,10,0
09771,14625,0,0,0
09771,14626,10,10,0
09771,14627,0,0,0
09771,14628,0,0,0
09771,14713,14,14,0
09771,14729,10,10,0
09771,14730,0,0,0
09771,15001,0,0,0
09771,15002,0,0,0
09771,15003,0,0,0
09771,15081,0,0,0
09771,15082,0,0,0
09771,15083,0,0,0
09771,15084,0,0,0
09771,15085,0,0,0
09771,15086,0,0,0
09771,15087,0,0,0
09771,15088,0,0,0
09771,15089,0,0,0
09771,15090,0,0,0
09771,15091,0,0,0
09771,16051,0,0,0
09771,16052,0,0,0
09771,16053,0,0,0
09771,16054,0,0,0
09771,16055,0,0,0
09771,16056,0,0,0
09771,16061,0,0,0
09771,16062,0,0,0
09771,16063,0,0,0
09771,16064,0,0,0
09771,16065,0,0,0
09771,16066,0,0,0
09771,16067,0,0,0
09771,16068,0,0,0
09771,16069,0,0,0
09771,16070,0,0,0
09771,16071,0,0,0
09771,16072,0,0,0
09771,16073,0,0,0
09771,16074,0,0,0
09771,16075,0,0,0
09771,16076,0,0,0
09771,16077,0,0,0
09772,01001,0,0,0
09772,01002,22,10,12
09772,01003,11,0,11
09772,01004,0,0,0
09772,01051,0,0,0
09772,01053,0,0,0
09772,01054,0,0,0
09772,01055,0,0,0
09772,01056,10,0,10
09772,01057,0,0,0
09772,01058,0,0,0
09772,01059,0,0,0
09772,01060,27,17,10
09772,01061,0,0,0
09772,01062,0,0,0
09772,02000,183,46,137
09772,03101,0,0,0
09772,03102,0,0,0
09772,03103,0,0,0
09772,03151,0,0,0
09772,03153,0,0,0
09772,03154,0,0,0
09772,03155,0,0,0
09772,03157,0,0,0
09772,03158,0,0,0
09772,03159,0,0,0
09772,03241,65,20,45
09772,03251,0,0,0
09772,03252,0,0,0
09772,03254,0,0,0
09772,03255,0,0,0
09772,03256,0,0,0
09772,03257,0,0,0
09772,03351,0,0,0
09772,03352,0,0,0
09772,03353,0,0,0
09772,03354,0,0,0
09772,03355,0,0,0
09772,03356,0,0,0
09772,03357,0,0,0
09772,03358,0,0,0
09772,03359,0,0,0
09772,03360,0,0,0
09772,03361,0,0,0
09772,03401,0,0,0
09772,03402,0,0,0
09772,03403,0,0,0
09772,03404,33,0,33
09772,03405,0,0,0
09772,03451,0,0,0
09772,03452,0,0,0
09772,03453,0,0,0
09772,03454,12,0,12
09772,03455,0,0,0
09772,03456,0,0,0
09772,03457,0,0,0
09772,03458,0,0,0
09772,03459,0,0,0
09772,03460,0,0,0
09772,03461,0,0,0
09772,03462,0,0,0
09772,04011,57,11,46
09772,04012,0,0,0
09772,05111,108,18,90
09772,05112,20,0,20
09772,05113,34,10,24
09772,05114,11,0,11
09772,05116,23,10,13
09772,05117,15,0,15
09772,05119,12,0,12
09772,05120,0,0,0
09772,05122,0,0,0
09772,05124,0,0,0
09772,05154,0,0,0
09772,05158,35,12,23
09772,05162,26,0,26
09772,05166,15,0,15
09772,05170,0,0,0
09772,05314,21,0,21
09772,05315,112,31,81
09772,05316,0,0,0
09772,05334,37,15,22
09772,05358,12,0,12
09772,05362,0,0,0
09772,05366,0,0,0
09772,05370,0,0,0
09772,05374,38,10,28
09772,05378,22,12,10
09772,05382,15,0,15
09772,05512,0,0,0
09772,05513,13,0,13
09772,05515,18,0,18
09772,05554,0,0,0
09772,05558,0,0,0
09772,05562,18,0,18
09772,05566,24,0,24
09772,05570,16,0,16
09772,05711,10,0,10
09772,05754,40,15,25
09772,05758,0,0,0
09772,05762,0,0,0
09772,05766,0,0,0
09772,05770,15,0,15
09772,05774,12,0,12
09772,05911,18,0,18
09772,05913,27,10,17
09772,05914,0,0,0
09772,05915,0,0,0
09772,05916,0,0,0
09772,05954,43,10,33
09772,05958,13,0,13
09772,05962,14,14,0
09772,05966,0,0,0
09772,05970,10,0,10
09772,05974,15,0,15
09772,05978,18,0,18
09772,06411,0,0,0
09772,06412,166,23,143
09772,06413,0,0,0
09772,06414,48,16,32
09772,06431,14,0,14
09772,06432,13,0,13
09772,06433,25,0,25
09772,06434,42,0,42
09772,06435,45,19,26
09772,06436,34,0,34
09772,06437,0,0,0
09772,06438,133,15,118
09772,06439,10,10,0
09772,06440,11,0,11
09772,06531,0,0,0
09772,06532,13,0,13
09772,06533,47,0,47
09772,06534,11,11,0
09772,06535,0,0,0
09772,06611,0,0,0
09772,06631,10,10,0
09772,06632,0,0,0
09772,06633,0,0,0
09772,06634,0,0,0
09772,06635,0,0,0
09772,06636,0,0,0
09772,07111,0,0,0
09772,07131,0,0,0
09772,07132,0,0,0
09772,07133,0,0,0
09772,07134,0,0,0
09772,07135,0,0,0
09772,07137,18,18,0
09772,07138,26,13,13
09772,07140,0,0,0
09772,07141,0,0,0
09772,07143,0,0,0
09772,07211,0,0,0
09772,07231,0,0,0
09772,07232,0,0,0
09772,07233,0,0,0
09772,07235,0,0,0
09772,07311,0,0,0
09772,07312,0,0,0
09772,07313,0,0,0
09772,07314,0,0,0
09772,07315,31,0,31
09772,07316,0,0,0
09772,07317,0,0,0
09772,07318,0,0,0
09772,07319,0,0,0
09772,07320,0,0,0
09772,07331,0,0,0
09772,07332,0,0,0
09772,07333,0,0,0
09772,07334,0,0,0
09772,07335,0,0,0
09772,07336,0,0,0
09772,07337,0,0,0
09772,07338,0,0,0
09772,07339,0,0,0
09772,07340,0,0,0
09772,08111,197,63,134
09772,08115,58,28,30
09772,08116,152,65,87
09772,08117,76,36,40
09772,08118,87,39,48
09772,08119,50,27,23
09772,08121,35,17,18
09772,08125,82,49,33
09772,08126,35,0,35
09772,08127,21,21,0
09772,08128,31,13,18
09772,08135,109,51,58
09772,08136,127,87,40
09772,08211,0,0,0
09772,08212,53,19,34
09772,08215,68,34,34
09772,08216,10,0,10
09772,08221,14,0,14
09772,08222,52,14,38
09772,08225,0,0,0
09772,08226,66,29,37
09772,08231,33,22,11
09772,08235,0,0,0
09772,08236,12,0,12
09772,08237,0,0,0
09772,08311,11,0,11
09772,08315,25,15,10
09772,08316,0,0,0
09772,08317,49,21,28
09772,08325,11,11,0
09772,08326,15,15,0
09772,08327,0,0,0
09772,08335,39,20,19
09772,08336,37,37,0
09772,08337,26,26,0
09772,08415,61,43,18
09772,08416,19,19,0
09772,08417,32,15,17
09772,08421,273,55,218
09772,08425,120,49,71
09772,08426,110,38,72
09772,08435,52,29,23
09772,08436,84,36,48
09772,08437,12,0,12
09772,09161,192,52,140
09772,09162,5424,593,4831
09772,09163,26,13,13
09772,09171,26,14,12
09772,09172,35,0,35
09772,09173,68,29,39
09772,09174,514,161,353
09772,09175,98,31,67
09772,09176,112,41,71
09772,09177,89,32,57
09772,09178,357,127,230
09772,09179,822,249,573
09772,09180,59,31,28
09772,09181,3916,1298,2618
09772,09182,92,14,78
09772,09183,35,16,19
09772,09184,1146,94,1052
09772,09185,504,246,258
09772,09186,136,49,87
09772,09187,95,59,36
09772,09188,428,51,377
09772,09189,53,34,19
09772,09190,204,81,123
09772,09261,35,19,16
09772,09262,11,0,11
09772,09263,20,10,10
09772,09271,28,12,16
09772,09272,13,13,0
09772,09273,30,12,18
09772,09274,55,35,20
09772,09275,11,11,0
09772,09276,0,0,0
09772,09277,10,0,10
09772,09278,12,12,0
09772,09279,15,15,0
09772,09361,11,0,11
09772,09362,66,23,43
09772,09363,0,0,0
09772,09371,0,0,0
09772,09372,26,0,26
09772,09373,38,27,11
09772,09374,0,0,0
09772,09375,44,24,20
09772,09376,12,12,0
09772,09377,0,0,0
09772,09461,0,0,0
09772,09462,23,13,10
09772,09463,0,0,0
09772,09464,0,0,0
09772,09471,16,16,0
09772,09472,12,12,0
09772,09473,0,0,0
09772,09474,16,16,0
09772,09475,15,0,15
09772,09476,0,0,0
09772,09477,10,10,0
09772,09478,0,0,0
09772,09479,0,0,0
09772,09561,0,0,0
09772,09562,32,0,32
09772,09563,50,28,22
09772,09564,373,133,240
09772,09565,19,19,0
09772,09571,70,19,51
09772,09572,12,12,0
09772,09573,32,32,0
09772,09574,46,29,17
09772,09575,13,13,0
09772,09576,32,22,10
09772,09577,59,32,27
09772,09661,0,0,0
09772,09662,14,14,0
09772,09663,25,11,14
09772,09671,0,0,0
09772,09672,0,0,0
09772,09673,0,0,0
09772,09674,0,0,0
09772,09675,0,0,0
09772,09676,0,0,0
09772,09677,12,0,12
09772,09678,10,0,10
09772,09679,12,12,0
09772,09761,55704,18604,37100
09772,09762,286,154,132
09772,09763,144,65,79
09772,09764,137,44,93
09772,09771,7290,3918,3372
09772,09772,0,0,0
09772,09773,3545,1857,1688
09772,09774,3900,1843,2057
09772,09775,323,169,154
09772,09776,58,31,27
09772,09777,871,347,524
09772,09778,1983,859,1124
09772,09779,3616,1366,2250
09772,09780,145,67,78
09772,10041,15,0,15
09772,10042,0,0,0
09772,10043,0,0,0
09772,10044,0,0,0
09772,10045,0,0,0
09772,10046,0,0,0
09772,11000,200,74,126
09772,12051,0,0,0
09772,12052,0,0,0
09772,12053,0,0,0
09772,12054,16,0,16
09772,12060,0,0,0
09772,12061,0,0,0
09772,12062,0,0,0
09772,12063,0,0,0
09772,12064,0,0,0
09772,12065,0,0,0
09772,12066,0,0,0
09772,12067,0,0,0
09772,12068,0,0,0
09772,12069,0,0,0
09772,12070,0,0,0
09772,12071,0,0,0
09772,12072,0,0,0
09772,12073,0,0,0
09772,13003,0,0,0
09772,13004,0,0,0
09772,13071,17,17,0
09772,13072,0,0,0
09772,13073,0,0,0
09772,13074,0,0,0
09772,13075,0,0,0
09772,13076,0,0,0
09772,14511,0,0,0
09772,14521,25,25,0
09772,14522,10,10,0
09772,14523,13,13,0
09772,14524,24,24,0
09772,14612,37,18,19
09772,14625,18,18,0
09772,14626,12,12,0
09772,14627,0,0,0
09772,14628,0,0,0
09772,14713,48,30,18
09772,14729,12,12,0
09772,14730,16,16,0
09772,15001,0,0,0
09772,15002,0,0,0
09772,15003,0,0,0
09772,15081,0,0,0
09772,15082,0,0,0
09772,15083,0,0,0
09772,15084,14,14,0
09772,15085,0,0,0
09772,15086,0,0,0
09772,15087,0,0,0
09772,15088,0,0,0
09772,15089,12,12,0
09772,15090,0,0,0
09772,15091,0,0,0
09772,16051,10,10,0
09772,16052,0,0,0
09772,16053,0,0,0
09772,16054,0,0,0
09772,16055,0,0,0
09772,16056,0,0,0
09772,16061,0,0,0
09772,16062,0,0,0
09772,16063,0,0,0
09772,16064,0,0,0
09772,16065,0,0,0
09772,16066,0,0,0
09772,16067,0,0,0
09772,16068,0,0,0
09772,16069,0,0,0
09772,16070,0,0,0
09772,16071,0,0,0
09772,16072,0,0,0
09772,16073,0,0,0
09772,16074,0,0,0
09772,16075,0,0,0
09772,16076,0,0,0
09772,16077,12,12,0
09773,01001,0,0,0
09773,01002,0,0,0
09773,01003,0,0,0
09773,01004,0,0,0
09773,01051,0,0,0
09773,01053,0,0,0
09773,01054,0,0,0
09773,01055,0,0,0
09773,01056,0,0,0
09773,01057,0,0,0
09773,01058,0,0,0
09773,01059,0,0,0
09773,01060,0,0,0
09773,01061,0,0,0
09773,01062,0,0,0
09773,02000,58,12,46
09773,03101,0,0,0
09773,03102,0,0,0
09773,03103,0,0,0
09773,03151,0,0,0
09773,03153,10,0,10
09773,03154,0,0,0
09773,03155,0,0,0
09773,03157,0,0,0
09773,03158,0,0,0
09773,03159,0,0,0
09773,03241,13,13,0
09773,03251,0,0,0
09773,03252,0,0,0
09773,03254,0,0,0
09773,03255,0,0,0
09773,03256,0,0,0
09773,03257,0,0,0
09773,03351,0,0,0
09773,03352,0,0,0
09773,03353,0,0,0
09773,03354,0,0,0
09773,03355,0,0,0
09773,03356,0,0,0
09773,03357,0,0,0
09773,03358,0,0,0
09773,03359,0,0,0
09773,03360,0,0,0
09773,03361,0,0,0
09773,03401,0,0,0
09773,03402,0,0,0
09773,03403,0,0,0
09773,03404,0,0,0
09773,03405,0,0,0
09773,03451,0,0,0
09773,03452,0,0,0
09773,03453,0,0,0
09773,03454,0,0,0
09773,03455,0,0,0
09773,03456,0,0,0
09773,03457,0,0,0
09773,03458,0,0,0
09773,03459,0,0,0
09773,03460,0,0,0
09773,03461,0,0,0
09773,03462,0,0,0
09773,04011,0,0,0
09773,04012,0,0,0
09773,05111,14,0,14
09773,05112,0,0,0
09773,05113,0,0,0
09773,05114,0,0,0
09773,05116,0,0,0
09773,05117,0,0,0
09773,05119,0,0,0
09773,05120,0,0,0
09773,05122,0,0,0
09773,05124,0,0,0
09773,05154,0,0,0
09773,05158,0,0,0
09773,05162,0,0,0
09773,05166,0,0,0
09773,05170,0,0,0
09773,05314,0,0,0
09773,05315,24,0,24
09773,05316,0,0,0
09773,05334,0,0,0
09773,05358,0,0,0
09773,05362,0,0,0
09773,05366,0,0,0
09773,05370,0,0,0
09773,05374,14,0,14
09773,05378,0,0,0
09773,05382,0,0,0
09773,05512,0,0,0
09773,05513,0,0,0
09773,05515,0,0,0
09773,05554,0,0,0
09773,05558,0,0,0
09773,05562,0,0,0
09773,05566,0,0,0
09773,05570,0,0,0
09773,05711,0,0,0
09773,05754,11,0,11
09773,05758,0,0,0
09773,05762,0,0,0
09773,05766,0,0,0
09773,05770,0,0,0
09773,05774,0,0,0
09773,05911,0,0,0
09773,05913,0,0,0
09773,05914,0,0,0
09773,05915,0,0,0
09773,05916,0,0,0
09773,05954,28,0,28
09773,05958,0,0,0
09773,05962,0,0,0
09773,05966,0,0,0
09773,05970,0,0,0
09773,05974,0,0,0
09773,05978,0,0,0
09773,06411,0,0,0
09773,06412,13,0,13
09773,06413,0,0,0
09773,06414,11,0,11
09773,06431,0,0,0
09773,06432,0,0,0
09773,06433,0,0,0
09773,06434,0,0,0
09773,06435,0,0,0
09773,06436,0,0,0
09773,06437,0,0,0
09773,06438,15,0,15
09773,06439,0,0,0
09773,06440,0,0,0
09773,06531,0,0,0
09773,06532,0,0,0
09773,06533,28,0,28
09773,06534,0,0,0
09773,06535,0,0,0
09773,06611,0,0,0
09773,06631,0,0,0
09773,06632,0,0,0
09773,06633,0,0,0
09773,06634,0,0,0
09773,06635,0,0,0
09773,06636,0,0,0
09773,07111,0,0,0
09773,07131,0,0,0
09773,07132,0,0,0
09773,07133,0,0,0
09773,07134,0,0,0
09773,07135,0,0,0
09773,07137,0,0,0
09773,07138,0,0,0
09773,07140,0,0,0
09773,07141,0,0,0
09773,07143,0,0,0
09773,07211,0,0,0
09773,07231,0,0,0
09773,07232,0,0,0
09773,07233,0,0,0
09773,07235,0,0,0
09773,07311,0,0,0
09773,07312,0,0,0
09773,07313,0,0,0
09773,07314,0,0,0
09773,07315,0,0,0
09773,07316,0,0,0
09773,07317,0,0,0
09773,07318,0,0,0
09773,07319,0,0,0
09773,07320,0,0,0
09773,07331,0,0,0
09773,07332,0,0,0
09773,07333,0,0,0
09773,07334,0,0,0
09773,07335,0,0,0
09773,07336,0,0,0
09773,07337,0,0,0
09773,07338,0,0,0
09773,07339,0,0,0
09773,07340,0,0,0
09773,08111,84,13,71
09773,08115,27,12,15
09773,08116,69,27,42
09773,08117,44,18,26
09773,08118,46,23,23
09773,08119,33,10,23
09773,08121,10,0,10
09773,08125,11,0,11
09773,08126,38,27,11
09773,08127,29,11,18
09773,08128,52,52,0
09773,08135,4787,1414,3373
09773,08136,524,164,360
09773,08211,0,0,0
09773,08212,12,0,12
09773,08215,0,0,0
09773,08216,0,0,0
09773,08221,0,0,0
09773,08222,17,0,17
09773,08225,0,0,0
09773,08226,12,0,12
09773,08231,0,0,0
09773,08235,0,0,0
09773,08236,0,0,0
09773,08237,0,0,0
09773,08311,0,0,0
09773,08315,0,0,0
09773,08316,0,0,0
09773,08317,0,0,0
09773,08325,0,0,0
09773,08326,12,12,0
09773,08327,0,0,0
09773,08335,0,0,0
09773,08336,0,0,0
09773,08337,0,0,0
09773,08415,32,18,14
09773,08416,20,20,0
09773,08417,0,0,0
09773,08421,536,77,459
09773,08425,290,126,164
09773,08426,47,18,29
09773,08435,0,0,0
09773,08436,46,16,30
09773,08437,0,0,0
09773,09161,58,18,40
09773,09162,524,81,443
09773,09163,0,0,0
09773,09171,0,0,0
09773,09172,0,0,0
09773,09173,0,0,0
09773,09174,23,0,23
09773,09175,15,0,15
09773,09176,46,21,25
09773,09177,10,10,0
09773,09178,40,13,27
09773,09179,46,15,31
09773,09180,0,0,0
09773,09181,60,25,35
09773,09182,0,0,0
09773,09183,0,0,0
09773,09184,167,18,149
09773,09185,110,45,65
09773,09186,28,14,14
09773,09187,24,10,14
09773,09188,27,0,27
09773,09189,0,0,0
09773,09190,26,0,26
09773,09261,0,0,0
09773,09262,0,0,0
09773,09263,0,0,0
09773,09271,0,0,0
09773,09272,0,0,0
09773,09273,0,0,0
09773,09274,0,0,0
09773,09275,0,0,0
09773,09276,0,0,0
09773,09277,0,0,0
09773,09278,0,0,0
09773,09279,0,0,0
09773,09361,0,0,0
09773,09362,10,0,10
09773,09363,0,0,0
09773,09371,0,0,0
09773,09372,10,0,10
09773,09373,0,0,0
09773,09374,0,0,0
09773,09375,0,0,0
09773,09376,0,0,0
09773,09377,0,0,0
09773,09461,0,0,0
09773,09462,0,0,0
09773,09463,0,0,0
09773,09464,0,0,0
09773,09471,0,0,0
09773,09472,0,0,0
09773,09473,0,0,0
09773,09474,0,0,0
09773,09475,0,0,0
09773,09476,0,0,0
09773,09477,0,0,0
09773,09478,0,0,0
09773,09479,0,0,0
09773,09561,0,0,0
09773,09562,12,0,12
09773,09563,10,0,10
09773,09564,65,25,40
09773,09565,0,0,0
09773,09571,48,35,13
09773,09572,0,0,0
09773,09573,0,0,0
09773,09574,0,0,0
09773,09575,20,20,0
09773,09576,27,16,11
09773,09577,77,53,24
09773,09661,0,0,0
09773,09662,0,0,0
09773,09663,0,0,0
09773,09671,15,0,15
09773,09672,0,0,0
09773,09673,0,0,0
09773,09674,0,0,0
09773,09675,0,0,0
09773,09676,0,0,0
09773,09677,0,0,0
09773,09678,0,0,0
09773,09679,11,11,0
09773,09761,2638,610,2028
09773,09762,22,22,0
09773,09763,0,0,0
09773,09764,14,0,14
09773,09771,398,234,164
09773,09772,3545,1688,1857
09773,09773,0,0,0
09773,09774,4334,1469,2865
09773,09775,440,140,300
09773,09776,0,0,0
09773,09777,39,19,20
09773,09778,60,27,33
09773,09779,4912,1806,3106
09773,09780,41,21,20
09773,10041,0,0,0
09773,10042,0,0,0
09773,10043,0,0,0
09773,10044,0,0,0
09773,10045,0,0,0
09773,10046,0,0,0
09773,11000,69,30,39
09773,12051,0,0,0
09773,12052,0,0,0
09773,12053,0,0,0
09773,12054,0,0,0
09773,12060,0,0,0
09773,12061,0,0,0
09773,12062,0,0,0
09773,12063,0,0,0
09773,12064,0,0,0
09773,12065,0,0,0
09773,12066,0,0,0
09773,12067,0,0,0
09773,12068,0,0,0
09773,12069,0,0,0
09773,12070,0,0,0
09773,12071,0,0,0
09773,12072,0,0,0
09773,12073,0,0,0
09773,13003,0,0,0
09773,13004,0,0,0
09773,13071,0,0,0
09773,13072,0,0,0
09773,13073,0,0,0
09773,13074,0,0,0
09773,13075,0,0,0
09773,13076,0,0,0
09773,14511,0,0,0
09773,14521,0,0,0
09773,14522,0,0,0
09773,14523,10,10,0
09773,14524,0,0,0
09773,14612,0,0,0
09773,14625,0,0,0
09773,14626,0,0,0
09773,14627,0,0,0
09773,14628,0,0,0
09773,14713,0,0,0
09773,14729,0,0,0
09773,14730,0,0,0
09773,15001,0,0,0
09773,15002,0,0,0
09773,15003,0,0,0
09773,15081,0,0,0
09773,15082,0,0,0
09773,15083,0,0,0
09773,15084,0,0,0
09773,15085,0,0,0
09773,15086,0,0,0
09773,15087,0,0,0
09773,15088,0,0,0
09773,15089,0,0,0
09773,15090,0,0,0
09773,15091,0,0,0
09773,16051,0,0,0
09773,16052,0,0,0
09773,16053,0,0,0
09773,16054,0,0,0
09773,16055,0,0,0
09773,16056,0,0,0
09773,16061,0,0,0
09773,16062,0,0,0
09773,16063,0,0,0
09773,16064,0,0,0
09773,16065,0,0,0
09773,16066,0,0,0
09773,16067,0,0,0
09773,16068,0,0,0
09773,16069,0,0,0
09773,16070,0,0,0
09773,16071,0,0,0
09773,16072,0,0,0
09773,16073,0,0,0
09773,16074,12,12,0
09773,16075,0,0,0
09773,16076,0,0,0
09773,16077,0,0,0
09774,01001,0,0,0
09774,01002,0,0,0
09774,01003,0,0,0
09774,01004,0,0,0
09774,01051,0,0,0
09774,01053,0,0,0
09774,01054,0,0,0
09774,01055,0,0,0
09774,01056,0,0,0
09774,01057,0,0,0
09774,01058,0,0,0
09774,01059,0,0,0
09774,01060,0,0,0
09774,01061,13,13,0
09774,01062,0,0,0
09774,02000,75,38,37
09774,03101,0,0,0
09774,03102,0,0,0
09774,03103,0,0,0
09774,03151,0,0,0
09774,03153,0,0,0
09774,03154,0,0,0
09774,03155,0,0,0
09774,03157,0,0,0
09774,03158,0,0,0
09774,03159,0,0,0
09774,03241,42,24,18
09774,03251,0,0,0
09774,03252,0,0,0
09774,03254,0,0,0
09774,03255,0,0,0
09774,03256,0,0,0
09774,03257,0,0,0
09774,03351,0,0,0
09774,03352,0,0,0
09774,03353,0,0,0
09774,03354,0,0,0
09774,03355,0,0,0
09774,03356,0,0,0
09774,03357,0,0,0
09774,03358,20,0,20
09774,03359,0,0,0
09774,03360,0,0,0
09774,03361,0,0,0
09774,03401,0,0,0
09774,03402,0,0,0
09774,03403,0,0,0
09774,03404,0,0,0
09774,03405,0,0,0
09774,03451,0,0,0
09774,03452,0,0,0
09774,03453,0,0,0
09774,03454,0,0,0
09774,03455,0,0,0
09774,03456,0,0,0
09774,03457,0,0,0
09774,03458,0,0,0
09774,03459,0,0,0
09774,03460,0,0,0
09774,03461,0,0,0
09774,03462,0,0,0
09774,04011,11,0,11
09774,04012,0,0,0
09774,05111,26,0,26
09774,05112,0,0,0
09774,05113,0,0,0
09774,05114,0,0,0
09774,05116,0,0,0
09774,05117,0,0,0
09774,05119,0,0,0
09774,05120,0,0,0
09774,05122,0,0,0
09774,05124,0,0,0
09774,05154,0,0,0
09774,05158,0,0,0
09774,05162,0,0,0
09774,05166,0,0,0
09774,05170,0,0,0
09774,05314,0,0,0
09774,05315,21,0,21
09774,05316,0,0,0
09774,05334,13,0,13
09774,05358,0,0,0
09774,05362,0,0,0
09774,05366,0,0,0
09774,05370,0,0,0
09774,05374,13,0,13
09774,05378,0,0,0
09774,05382,0,0,0
09774,05512,0,0,0
09774,05513,0,0,0
09774,05515,0,0,0
09774,05554,12,0,12
09774,05558,0,0,0
09774,05562,0,0,0
09774,05566,0,0,0
09774,05570,33,0,33
09774,05711,0,0,0
09774,05754,27,0,27
09774,05758,0,0,0
09774,05762,0,0,0
09774,05766,0,0,0
09774,05770,0,0,0
09774,05774,0,0,0
09774,05911,0,0,0
09774,05913,0,0,0
09774,05914,0,0,0
09774,05915,0,0,0
09774,05916,0,0,0
09774,05954,10,0,10
09774,05958,0,0,0
09774,05962,0,0,0
09774,05966,0,0,0
09774,05970,0,0,0
09774,05974,10,10,0
09774,05978,0,0,0
09774,06411,0,0,0
09774,06412,43,0,43
09774,06413,0,0,0
09774,06414,19,0,19
09774,06431,0,0,0
09774,06432,0,0,0
09774,06433,0,0,0
09774,06434,10,0,10
09774,06435,13,0,13
09774,06436,0,0,0
09774,06437,0,0,0
09774,06438,13,0,13
09774,06439,0,0,0
09774,06440,11,11,0
09774,06531,0,0,0
09774,06532,0,0,0
09774,06533,0,0,0
09774,06534,12,0,12
09774,06535,0,0,0
09774,06611,0,0,0
09774,06631,0,0,0
09774,06632,0,0,0
09774,06633,0,0,0
09774,06634,0,0,0
09774,06635,0,0,0
09774,06636,0,0,0
09774,07111,0,0,0
09774,07131,0,0,0
09774,07132,0,0,0
09774,07133,0,0,0
09774,07134,0,0,0
09774,07135,0,0,0
09774,07137,0,0,0
09774,07138,0,0,0
09774,07140,0,0,0
09774,07141,0,0,0
09774,07143,0,0,0
09774,07211,0,0,0
09774,07231,0,0,0
09774,07232,0,0,0
09774,07233,0,0,0
09774,07235,0,0,0
09774,07311,0,0,0
09774,07312,0,0,0
09774,07313,0,0,0
09774,07314,0,0,0
09774,07315,0,0,0
09774,07316,0,0,0
09774,07317,0,0,0
09774,07318,0,0,0
09774,07319,0,0,0
09774,07320,0,0,0
09774,07331,0,0,0
09774,07332,0,0,0
09774,07333,0,0,0
09774,07334,0,0,0
09774,07335,0,0,0
09774,07336,0,0,0
09774,07337,0,0,0
09774,07338,0,0,0
09774,07339,0,0,0
09774,07340,0,0,0
09774,08111,189,39,150
09774,08115,79,28,51
09774,08116,117,55,62
09774,08117,137,84,53
09774,08118,49,24,25
09774,08119,50,24,26
09774,08121,0,0,0
09774,08125,19,0,19
09774,08126,19,0,19
09774,08127,22,10,12
09774,08128,0,0,0
09774,08135,1421,955,466
09774,08136,164,76,88
09774,08211,0,0,0
09774,08212,10,0,10
09774,08215,0,0,0
09774,08216,0,0,0
09774,08221,12,0,12
09774,08222,40,0,40
09774,08225,0,0,0
09774,08226,21,0,21
09774,08231,0,0,0
09774,08235,0,0,0
09774,08236,12,0,12
09774,08237,0,0,0
09774,08311,0,0,0
09774,08315,10,10,0
09774,08316,0,0,0
09774,08317,31,17,14
09774,08325,0,0,0
09774,08326,0,0,0
09774,08327,0,0,0
09774,08335,0,0,0
09774,08336,0,0,0
09774,08337,0,0,0
09774,08415,67,34,33
09774,08416,28,13,15
09774,08417,0,0,0
09774,08421,3273,720,2553
09774,08425,1421,732,689
09774,08426,368,125,243
09774,08435,33,15,18
09774,08436,107,46,61
09774,08437,24,13,11
09774,09161,36,13,23
09774,09162,847,143,704
09774,09163,0,0,0
09774,09171,0,0,0
09774,09172,0,0,0
09774,09173,26,11,15
09774,09174,40,17,23
09774,09175,31,11,20
09774,09176,0,0,0
09774,09177,10,10,0
09774,09178,46,14,32
09774,09179,64,25,39
09774,09180,0,0,0
09774,09181,88,46,42
09774,09182,0,0,0
09774,09183,0,0,0
09774,09184,188,24,164
09774,09185,53,20,33
09774,09186,59,17,42
09774,09187,28,15,13
09774,09188,51,15,36
09774,09189,0,0,0
09774,09190,16,16,0
09774,09261,0,0,0
09774,09262,23,23,0
09774,09263,0,0,0
09774,09271,0,0,0
09774,09272,0,0,0
09774,09273,16,0,16
09774,09274,12,0,12
09774,09275,10,10,0
09774,09276,0,0,0
09774,09277,0,0,0
09774,09278,0,0,0
09774,09279,0,0,0
09774,09361,0,0,0
09774,09362,14,0,14
09774,09363,0,0,0
09774,09371,30,0,30
09774,09372,0,0,0
09774,09373,0,0,0
09774,09374,0,0,0
09774,09375,0,0,0
09774,09376,0,0,0
09774,09377,0,0,0
09774,09461,0,0,0
09774,09462,0,0,0
09774,09463,0,0,0
09774,09464,0,0,0
09774,09471,0,0,0
09774,09472,0,0,0
09774,09473,0,0,0
09774,09474,0,0,0
09774,09475,0,0,0
09774,09476,0,0,0
09774,09477,0,0,0
09774,09478,0,0,0
09774,09479,0,0,0
09774,09561,0,0,0
09774,09562,0,0,0
09774,09563,0,0,0
09774,09564,67,18,49
09774,09565,0,0,0
09774,09571,22,22,0
09774,09572,0,0,0
09774,09573,0,0,0
09774,09574,0,0,0
09774,09575,0,0,0
09774,09576,12,12,0
09774,09577,0,0,0
09774,09661,0,0,0
09774,09662,0,0,0
09774,09663,0,0,0
09774,09671,17,0,17
09774,09672,0,0,0
09774,09673,0,0,0
09774,09674,0,0,0
09774,09675,0,0,0
09774,09676,0,0,0
09774,09677,20,0,20
09774,09678,19,0,19
09774,09679,0,0,0
09774,09761,2678,797,1881
09774,09762,54,29,25
09774,09763,101,42,59
09774,09764,196,24,172
09774,09771,263,156,107
09774,09772,3900,2057,1843
09774,09773,4334,2865,1469
09774,09774,0,0,0
09774,09775,5867,2366,3501
09774,09776,47,24,23
09774,09777,173,99,74
09774,09778,3088,1469,1619
09774,09779,357,148,209
09774,09780,126,74,52
09774,10041,10,0,10
09774,10042,0,0,0
09774,10043,0,0,0
09774,10044,0,0,0
09774,10045,0,0,0
09774,10046,0,0,0
09774,11000,80,22,58
09774,12051,0,0,0
09774,12052,0,0,0
09774,12053,0,0,0
09774,12054,0,0,0
09774,12060,0,0,0
09774,12061,0,0,0
09774,12062,0,0,0
09774,12063,0,0,0
09774,12064,0,0,0
09774,12065,0,0,0
09774,12066,0,0,0
09774,12067,0,0,0
09774,12068,0,0,0
09774,12069,0,0,0
09774,12070,0,0,0
09774,12071,0,0,0
09774,12072,0,0,0
09774,12073,0,0,0
09774,13003,0,0,0
09774,13004,0,0,0
09774,13071,0,0,0
09774,13072,10,10,0
09774,13073,0,0,0
09774,13074,0,0,0
09774,13075,0,0,0
09774,13076,0,0,0
09774,14511,10,10,0
09774,14521,23,23,0
09774,14522,0,0,0
09774,14523,13,13,0
09774,14524,0,0,0
09774,14612,0,0,0
09774,14625,10,10,0
09774,14626,0,0,0
09774,14627,0,0,0
09774,14628,0,0,0
09774,14713,0,0,0
09774,14729,0,0,0
09774,14730,0,0,0
09774,15001,0,0,0
09774,15002,0,0,0
09774,15003,0,0,0
09774,15081,0,0,0
09774,15082,0,0,0
09774,15083,0,0,0
09774,15084,36,36,0
09774,15085,0,0,0
09774,15086,0,0,0
09774,15087,10,10,0
09774,15088,0,0,0
09774,15089,0,0,0
09774,15090,0,0,0
09774,15091,10,10,0
09774,16051,10,10,0
09774,16052,12,12,0
09774,16053,0,0,0
09774,16054,0,0,0
09774,16055,0,0,0
09774,16056,0,0,0
09774,16061,0,0,0
09774,16062,0,0,0
09774,16063,0,0,0
09774,16064,0,0,0
09774,16065,0,0,0
09774,16066,0,0,0
09774,16067,0,0,0
09774,16068,0,0,0
09774,16069,0,0,0
09774,16070,0,0,0
09774,16071,0,0,0
09774,16072,0,0,0
09774,16073,0,0,0
09774,16074,0,0,0
09774,16075,0,0,0
09774,16076,17,17,0
09774,16077,0,0,0
09775,01001,0,0,0
09775,01002,0,0,0
09775,01003,0,0,0
09775,01004,0,0,0
09775,01051,0,0,0
09775,01053,11,11,0
09775,01054,0,0,0
09775,01055,0,0,0
09775,01056,0,0,0
09775,01057,0,0,0
09775,01058,0,0,0
09775,01059,0,0,0
09775,01060,12,0,12
09775,01061,0,0,0
09775,01062,0,0,0
09775,02000,173,73,100
09775,03101,0,0,0
09775,03102,0,0,0
09775,03103,0,0,0
09775,03151,0,0,0
09775,03153,0,0,0
09775,03154,0,0,0
09775,03155,0,0,0
09775,03157,0,0,0
09775,03158,0,0,0
09775,03159,10,10,0
09775,03241,61,30,31
09775,03251,0,0,0
09775,03252,0,0,0
09775,03254,0,0,0
09775,03255,0,0,0
09775,03256,0,0,0
09775,03257,10,10,0
09775,03351,0,0,0
09775,03352,0,0,0
09775,03353,30,30,0
09775,03354,0,0,0
09775,03355,10,10,0
09775,03356,0,0,0
09775,03357,0,0,0
09775,03358,0,0,0
09775,03359,0,0,0
09775,03360,0,0,0
09775,03361,0,0,0
09775,03401,0,0,0
09775,03402,0,0,0
09775,03403,0,0,0
09775,03404,11,0,11
09775,03405,0,0,0
09775,03451,0,0,0
09775,03452,0,0,0
09775,03453,0,0,0
09775,03454,0,0,0
09775,03455,0,0,0
09775,03456,0,0,0
09775,03457,0,0,0
09775,03458,0,0,0
09775,03459,17,0,17
09775,03460,0,0,0
09775,03461,0,0,0
09775,03462,0,0,0
09775,04011,12,0,12
09775,04012,0,0,0
09775,05111,76,19,57
09775,05112,17,0,17
09775,05113,13,0,13
09775,05114,16,16,0
09775,05116,18,18,0
09775,05117,0,0,0
09775,05119,0,0,0
09775,05120,0,0,0
09775,05122,0,0,0
09775,05124,0,0,0
09775,05154,0,0,0
09775,05158,51,18,33
09775,05162,112,17,95
09775,05166,41,41,0
09775,05170,13,13,0
09775,05314,15,0,15
09775,05315,91,20,71
09775,05316,0,0,0
09775,05334,38,0,38
09775,05358,0,0,0
09775,05362,19,0,19
09775,05366,0,0,0
09775,05370,0,0,0
09775,05374,45,0,45
09775,05378,0,0,0
09775,05382,25,0,25
09775,05512,0,0,0
09775,05513,0,0,0
09775,05515,29,19,10
09775,05554,0,0,0
09775,05558,21,0,21
09775,05562,11,11,0
09775,05566,14,14,0
09775,05570,0,0,0
09775,05711,0,0,0
09775,05754,17,0,17
09775,05758,14,14,0
09775,05762,0,0,0
09775,05766,11,11,0
09775,05770,14,14,0
09775,05774,26,26,0
09775,05911,0,0,0
09775,05913,47,27,20
09775,05914,0,0,0
09775,05915,0,0,0
09775,05916,0,0,0
09775,05954,10,0,10
09775,05958,0,0,0
09775,05962,0,0,0
09775,05966,0,0,0
09775,05970,14,14,0
09775,05974,0,0,0
09775,05978,0,0,0
09775,06411,16,0,16
09775,06412,136,37,99
09775,06413,0,0,0
09775,06414,42,10,32
09775,06431,52,52,0
09775,06432,29,19,10
09775,06433,27,27,0
09775,06434,39,0,39
09775,06435,87,69,18
09775,06436,24,0,24
09775,06437,0,0,0
09775,06438,50,21,29
09775,06439,0,0,0
09775,06440,18,18,0
09775,06531,10,10,0
09775,06532,10,0,10
09775,06533,0,0,0
09775,06534,0,0,0
09775,06535,0,0,0
09775,06611,10,0,10
09775,06631,0,0,0
09775,06632,0,0,0
09775,06633,31,0,31
09775,06634,12,12,0
09775,06635,0,0,0
09775,06636,0,0,0
09775,07111,0,0,0
09775,07131,0,0,0
09775,07132,0,0,0
09775,07133,0,0,0
09775,07134,0,0,0
09775,07135,0,0,0
09775,07137,0,0,0
09775,07138,0,0,0
09775,07140,0,0,0
09775,07141,0,0,0
09775,07143,0,0,0
09775,07211,0,0,0
09775,07231,0,0,0
09775,07232,0,0,0
09775,07233,0,0,0
09775,07235,0,0,0
09775,07311,0,0,0
09775,07312,0,0,0
09775,07313,0,0,0
09775,07314,13,0,13
09775,07315,10,0,10
09775,07316,0,0,0
09775,07317,0,0,0
09775,07318,0,0,0
09775,07319,52,52,0
09775,07320,0,0,0
09775,07331,22,22,0
09775,07332,0,0,0
09775,07333,0,0,0
09775,07334,0,0,0
09775,07335,0,0,0
09775,07336,0,0,0
09775,07337,0,0,0
09775,07338,10,10,0
09775,07339,28,0,28
09775,07340,0,0,0
09775,08111,712,134,578
09775,08115,176,51,125
09775,08116,396,151,245
09775,08117,561,318,243
09775,08118,164,71,93
09775,08119,121,65,56
09775,08121,45,33,12
09775,08125,110,82,28
09775,08126,55,30,25
09775,08127,54,30,24
09775,08128,32,17,15
09775,08135,1650,992,658
09775,08136,449,181,268
09775,08211,0,0,0
09775,08212,57,22,35
09775,08215,64,27,37
09775,08216,13,13,0
09775,08221,12,0,12
09775,08222,62,23,39
09775,08225,0,0,0
09775,08226,103,25,78
09775,08231,11,0,11
09775,08235,32,12,20
09775,08236,61,21,40
09775,08237,16,16,0
09775,08311,15,0,15
09775,08315,28,14,14
09775,08316,0,0,0
09775,08317,46,18,28
09775,08325,15,15,0
09775,08326,35,21,14
09775,08327,16,0,16
09775,08335,74,42,32
09775,08336,15,0,15
09775,08337,15,0,15
09775,08415,160,79,81
09775,08416,74,33,41
09775,08417,46,26,20
09775,08421,28088,7601,20487
09775,08425,12232,8198,4034
09775,08426,5139,2178,2961
09775,08435,146,85,61
09775,08436,561,245,316
09775,08437,87,62,25
09775,09161,37,16,21
09775,09162,758,132,626
09775,09163,0,0,0
09775,09171,0,0,0
09775,09172,0,0,0
09775,09173,10,10,0
09775,09174,16,0,16
09775,09175,33,20,13
09775,09176,15,15,0
09775,09177,0,0,0
09775,09178,43,10,33
09775,09179,52,22,30
09775,09180,0,0,0
09775,09181,65,39,26
09775,09182,0,0,0
09775,09183,0,0,0
09775,09184,204,21,183
09775,09185,31,17,14
09775,09186,39,15,24
09775,09187,15,0,15
09775,09188,19,0,19
09775,09189,10,0,10
09775,09190,22,22,0
09775,09261,0,0,0
09775,09262,0,0,0
09775,09263,0,0,0
09775,09271,10,10,0
09775,09272,0,0,0
09775,09273,0,0,0
09775,09274,0,0,0
09775,09275,0,0,0
09775,09276,0,0,0
09775,09277,0,0,0
09775,09278,0,0,0
09775,09279,10,10,0
09775,09361,0,0,0
09775,09362,21,0,21
09775,09363,0,0,0
09775,09371,0,0,0
09775,09372,10,0,10
09775,09373,12,0,12
09775,09374,0,0,0
09775,09375,27,11,16
09775,09376,12,12,0
09775,09377,0,0,0
09775,09461,0,0,0
09775,09462,0,0,0
09775,09463,0,0,0
09775,09464,0,0,0
09775,09471,0,0,0
09775,09472,0,0,0
09775,09473,0,0,0
09775,09474,0,0,0
09775,09475,0,0,0
09775,09476,0,0,0
09775,09477,0,0,0
09775,09478,0,0,0
09775,09479,0,0,0
09775,09561,0,0,0
09775,09562,15,0,15
09775,09563,11,0,11
09775,09564,118,37,81
09775,09565,0,0,0
09775,09571,33,18,15
09775,09572,0,0,0
09775,09573,14,0,14
09775,09574,20,20,0
09775,09575,0,0,0
09775,09576,11,11,0
09775,09577,0,0,0
09775,09661,0,0,0
09775,09662,0,0,0
09775,09663,14,14,0
09775,09671,0,0,0
09775,09672,0,0,0
09775,09673,0,0,0
09775,09674,0,0,0
09775,09675,0,0,0
09775,09676,0,0,0
09775,09677,92,0,92
09775,09678,38,0,38
09775,09679,25,25,0
09775,09761,719,160,559
09775,09762,93,14,79
09775,09763,164,46,118
09775,09764,1080,242,838
09775,09771,54,32,22
09775,09772,323,154,169
09775,09773,440,300,140
09775,09774,5867,3501,2366
09775,09775,0,0,0
09775,09776,250,156,94
09775,09777,89,56,33
09775,09778,1950,1062,888
09775,09779,138,48,90
09775,09780,157,74,83
09775,10041,16,16,0
09775,10042,17,17,0
09775,10043,10,10,0
09775,10044,16,16,0
09775,10045,0,0,0
09775,10046,12,12,0
09775,11000,170,73,97
09775,12051,0,0,0
09775,12052,0,0,0
09775,12053,0,0,0
09775,12054,0,0,0
09775,12060,0,0,0
09775,12061,0,0,0
09775,12062,0,0,0
09775,12063,0,0,0
09775,12064,0,0,0
09775,12065,0,0,0
09775,12066,0,0,0
09775,12067,0,0,0
09775,12068,0,0,0
09775,12069,0,0,0
09775,12070,0,0,0
09775,12071,0,0,0
09775,12072,0,0,0
09775,12073,34,34,0
09775,13003,0,0,0
09775,13004,0,0,0
09775,13071,0,0,0
09775,13072,0,0,0
09775,13073,0,0,0
09775,13074,0,0,0
09775,13075,0,0,0
09775,13076,30,30,0
09775,14511,0,0,0
09775,14521,17,17,0
09775,14522,0,0,0
09775,14523,0,0,0
09775,14524,12,12,0
09775,14612,29,17,12
09775,14625,0,0,0
09775,14626,16,16,0
09775,14627,10,10,0
09775,14628,0,0,0
09775,14713,21,21,0
09775,14729,16,16,0
09775,14730,15,15,0
09775,15001,0,0,0
09775,15002,12,12,0
09775,15003,0,0,0
09775,15081,0,0,0
09775,15082,59,59,0
09775,15083,0,0,0
09775,15084,0,0,0
09775,15085,0,0,0
09775,15086,0,0,0
09775,15087,12,12,0
09775,15088,11,11,0
09775,15089,0,0,0
09775,15090,0,0,0
09775,15091,0,0,0
09775,16051,0,0,0
09775,16052,0,0,0
09775,16053,0,0,0
09775,16054,0,0,0
09775,16055,0,0,0
09775,16056,0,0,0
09775,16061,0,0,0
09775,16062,0,0,0
09775,16063,10,10,0
09775,16064,0,0,0
09775,16065,0,0,0
09775,16066,0,0,0
09775,16067,0,0,0
09775,16068,0,0,0
09775,16069,0,0,0
09775,16070,0,0,0
09775,16071,0,0,0
09775,16072,0,0,0
09775,16073,17,17,0
09775,16074,0,0,0
09775,16075,0,0,0
09775,16076,0,0,0
09775,16077,0,0,0
09776,01001,0,0,0
09776,01002,0,0,0
09776,01003,0,0,0
09776,01004,0,0,0
09776,01051,0,0,0
09776,01053,0,0,0
09776,01054,0,0,0
09776,01055,0,0,0
09776,01056,0,0,0
09776,01057,0,0,0
09776,01058,0,0,0
09776,01059,0,0,0
09776,01060,0,0,0
09776,01061,0,0,0
09776,01062,0,0,0
09776,02000,83,27,56
09776,03101,0,0,0
09776,03102,0,0,0
09776,03103,0,0,0
09776,03151,0,0,0
09776,03153,0,0,0
09776,03154,0,0,0
09776,03155,0,0,0
09776,03157,0,0,0
09776,03158,0,0,0
09776,03159,0,0,0
09776,03241,34,13,21
09776,03251,0,0,0
09776,03252,0,0,0
09776,03254,0,0,0
09776,03255,0,0,0
09776,03256,0,0,0
09776,03257,0,0,0
09776,03351,0,0,0
09776,03352,0,0,0
09776,03353,0,0,0
09776,03354,0,0,0
09776,03355,0,0,0
09776,03356,0,0,0
09776,03357,0,0,0
09776,03358,0,0,0
09776,03359,0,0,0
09776,03360,0,0,0
09776,03361,0,0,0
09776,03401,0,0,0
09776,03402,0,0,0
09776,03403,0,0,0
09776,03404,0,0,0
09776,03405,0,0,0
09776,03451,0,0,0
09776,03452,0,0,0
09776,03453,0,0,0
09776,03454,0,0,0
09776,03455,0,0,0
09776,03456,0,0,0
09776,03457,0,0,0
09776,03458,0,0,0
09776,03459,0,0,0
09776,03460,0,0,0
09776,03461,0,0,0
09776,03462,0,0,0
09776,04011,0,0,0
09776,04012,0,0,0
09776,05111,16,0,16
09776,05112,0,0,0
09776,05113,0,0,0
09776,05114,0,0,0
09776,05116,0,0,0
09776,05117,0,0,0
09776,05119,0,0,0
09776,05120,0,0,0
09776,05122,0,0,0
09776,05124,0,0,0
09776,05154,0,0,0
09776,05158,0,0,0
09776,05162,0,0,0
09776,05166,11,0,11
09776,05170,0,0,0
09776,05314,0,0,0
09776,05315,35,15,20
09776,05316,0,0,0
09776,05334,0,0,0
09776,05358,0,0,0
09776,05362,0,0,0
09776,05366,0,0,0
09776,05370,0,0,0
09776,05374,24,0,24
09776,05378,0,0,0
09776,05382,10,10,0
09776,05512,0,0,0
09776,05513,0,0,0
09776,05515,0,0,0
09776,05554,0,0,0
09776,05558,0,0,0
09776,05562,0,0,0
09776,05566,0,0,0
09776,05570,0,0,0
09776,05711,0,0,0
09776,05754,0,0,0
09776,05758,0,0,0
09776,05762,0,0,0
09776,05766,0,0,0
09776,05770,0,0,0
09776,05774,0,0,0
09776,05911,0,0,0
09776,05913,0,0,0
09776,05914,0,0,0
09776,05915,0,0,0
09776,05916,0,0,0
09776,05954,0,0,0
09776,05958,0,0,0
09776,05962,0,0,0
09776,05966,0,0,0
09776,05970,0,0,0
09776,05974,0,0,0
09776,05978,0,0,0
09776,06411,0,0,0
09776,06412,57,23,34
09776,06413,0,0,0
09776,06414,14,14,0
09776,06431,0,0,0
09776,06432,0,0,0
09776,06433,0,0,0
09776,06434,19,0,19
09776,06435,0,0,0
09776,06436,0,0,0
09776,06437,0,0,0
09776,06438,0,0,0
09776,06439,0,0,0
09776,06440,0,0,0
09776,06531,0,0,0
09776,06532,0,0,0
09776,06533,0,0,0
09776,06534,12,12,0
09776,06535,0,0,0
09776,06611,0,0,0
09776,06631,0,0,0
09776,06632,0,0,0
09776,06633,0,0,0
09776,06634,0,0,0
09776,06635,0,0,0
09776,06636,0,0,0
09776,07111,15,15,0
09776,07131,0,0,0
09776,07132,0,0,0
09776,07133,0,0,0
09776,07134,0,0,0
09776,07135,0,0,0
09776,07137,0,0,0
09776,07138,0,0,0
09776,07140,0,0,0
09776,07141,0,0,0
09776,07143,10,10,0
09776,07211,0,0,0
09776,07231,0,0,0
09776,07232,0,0,0
09776,07233,0,0,0
09776,07235,0,0,0
09776,07311,0,0,0
09776,07312,0,0,0
09776,07313,0,0,0
09776,07314,0,0,0
09776,07315,0,0,0
09776,07316,0,0,0
09776,07317,0,0,0
09776,07318,0,0,0
09776,07319,0,0,0
09776,07320,0,0,0
09776,07331,0,0,0
09776,07332,0,0,0
09776,07333,0,0,0
09776,07334,0,0,0
09776,07335,0,0,0
09776,07336,0,0,0
09776,07337,0,0,0
09776,07338,0,0,0
09776,07339,0,0,0
09776,07340,0,0,0
09776,08111,185,43,142
09776,08115,76,44,32
09776,08116,58,25,33
09776,08117,16,16,0
09776,08118,48,26,22
09776,08119,16,0,16
09776,08121,0,0,0
09776,08125,0,0,0
09776,08126,0,0,0
09776,08127,0,0,0
09776,08128,0,0,0
09776,08135,24,10,14
09776,08136,34,13,21
09776,08211,0,0,0
09776,08212,0,0,0
09776,08215,0,0,0
09776,08216,0,0,0
09776,08221,0,0,0
09776,08222,15,0,15
09776,08225,0,0,0
09776,08226,13,0,13
09776,08231,0,0,0
09776,08235,12,12,0
09776,08236,0,0,0
09776,08237,0,0,0
09776,08311,10,0,10
09776,08315,0,0,0
09776,08316,0,0,0
09776,08317,0,0,0
09776,08325,0,0,0
09776,08326,36,15,21
09776,08327,0,0,0
09776,08335,115,52,63
09776,08336,0,0,0
09776,08337,0,0,0
09776,08415,30,14,16
09776,08416,33,20,13
09776,08417,0,0,0
09776,08421,168,112,56
09776,08425,82,68,14
09776,08426,121,59,62
09776,08435,4551,2210,2341
09776,08436,8161,4217,3944
09776,08437,79,54,25
09776,09161,18,0,18
09776,09162,512,138,374
09776,09163,0,0,0
09776,09171,0,0,0
09776,09172,0,0,0
09776,09173,0,0,0
09776,09174,21,10,11
09776,09175,0,0,0
09776,09176,0,0,0
09776,09177,10,10,0
09776,09178,33,11,22
09776,09179,13,13,0
09776,09180,0,0,0
09776,09181,16,16,0
09776,09182,0,0,0
09776,09183,0,0,0
09776,09184,91,27,64
09776,09185,0,0,0
09776,09186,0,0,0
09776,09187,0,0,0
09776,09188,16,0,16
09776,09189,0,0,0
09776,09190,19,19,0
09776,09261,0,0,0
09776,09262,0,0,0
09776,09263,0,0,0
09776,09271,0,0,0
09776,09272,0,0,0
09776,09273,0,0,0
09776,09274,0,0,0
09776,09275,0,0,0
09776,09276,0,0,0
09776,09277,0,0,0
09776,09278,0,0,0
09776,09279,0,0,0
09776,09361,0,0,0
09776,09362,40,10,30
09776,09363,0,0,0
09776,09371,0,0,0
09776,09372,0,0,0
09776,09373,0,0,0
09776,09374,0,0,0
09776,09375,0,0,0
09776,09376,0,0,0
09776,09377,0,0,0
09776,09461,0,0,0
09776,09462,0,0,0
09776,09463,0,0,0
09776,09464,0,0,0
09776,09471,0,0,0
09776,09472,0,0,0
09776,09473,0,0,0
09776,09474,0,0,0
09776,09475,0,0,0
09776,09476,0,0,0
09776,09477,0,0,0
09776,09478,0,0,0
09776,09479,0,0,0
09776,09561,0,0,0
09776,09562,0,0,0
09776,09563,0,0,0
09776,09564,47,28,19
09776,09565,0,0,0
09776,09571,14,0,14
09776,09572,0,0,0
09776,09573,0,0,0
09776,09574,0,0,0
09776,09575,0,0,0
09776,09576,0,0,0
09776,09577,0,0,0
09776,09661,0,0,0
09776,09662,0,0,0
09776,09663,0,0,0
09776,09671,0,0,0
09776,09672,0,0,0
09776,09673,0,0,0
09776,09674,0,0,0
09776,09675,0,0,0
09776,09676,0,0,0
09776,09677,0,0,0
09776,09678,0,0,0
09776,09679,0,0,0
09776,09761,187,33,154
09776,09762,26,13,13
09776,09763,488,177,311
09776,09764,211,56,155
09776,09771,0,0,0
09776,09772,58,27,31
09776,09773,0,0,0
09776,09774,47,23,24
09776,09775,250,94,156
09776,09776,0,0,0
09776,09777,110,76,34
09776,09778,142,99,43
09776,09779,0,0,0
09776,09780,1893,978,915
09776,10041,0,0,0
09776,10042,0,0,0
09776,10043,0,0,0
09776,10044,0,0,0
09776,10045,0,0,0
09776,10046,0,0,0
09776,11000,85,35,50
09776,12051,0,0,0
09776,12052,0,0,0
09776,12053,0,0,0
09776,12054,0,0,0
09776,12060,0,0,0
09776,12061,0,0,0
09776,12062,0,0,0
09776,12063,0,0,0
09776,12064,0,0,0
09776,12065,0,0,0
09776,12066,0,0,0
09776,12067,0,0,0
09776,12068,0,0,0
09776,12069,0,0,0
09776,12070,0,0,0
09776,12071,0,0,0
09776,12072,0,0,0
09776,12073,0,0,0
09776,13003,0,0,0
09776,13004,0,0,0
09776,13071,0,0,0
09776,13072,0,0,0
09776,13073,0,0,0
09776,13074,0,0,0
09776,13075,0,0,0
09776,13076,0,0,0
09776,14511,0,0,0
09776,14521,0,0,0
09776,14522,0,0,0
09776,14523,0,0,0
09776,14524,0,0,0
09776,14612,19,19,0
09776,14625,0,0,0
09776,14626,0,0,0
09776,14627,35,35,0
09776,14628,0,0,0
09776,14713,10,10,0
09776,14729,0,0,0
09776,14730,0,0,0
09776,15001,0,0,0
09776,15002,0,0,0
09776,15003,17,17,0
09776,15081,0,0,0
09776,15082,0,0,0
09776,15083,11,11,0
09776,15084,0,0,0
09776,15085,0,0,0
09776,15086,0,0,0
09776,15087,0,0,0
09776,15088,0,0,0
09776,15089,0,0,0
09776,15090,0,0,0
09776,15091,0,0,0
09776,16051,0,0,0
09776,16052,0,0,0
09776,16053,0,0,0
09776,16054,0,0,0
09776,16055,0,0,0
09776,16056,0,0,0
09776,16061,0,0,0
09776,16062,0,0,0
09776,16063,0,0,0
09776,16064,0,0,0
09776,16065,0,0,0
09776,16066,0,0,0
09776,16067,0,0,0
09776,16068,0,0,0
09776,16069,0,0,0
09776,16070,0,0,0
09776,16071,0,0,0
09776,16072,0,0,0
09776,16073,11,11,0
09776,16074,0,0,0
09776,16075,0,0,0
09776,16076,0,0,0
09776,16077,0,0,0
09777,01001,18,0,18
09777,01002,0,0,0
09777,01003,0,0,0
09777,01004,0,0,0
09777,01051,0,0,0
09777,01053,0,0,0
09777,01054,0,0,0
09777,01055,0,0,0
09777,01056,0,0,0
09777,01057,0,0,0
09777,01058,0,0,0
09777,01059,0,0,0
09777,01060,0,0,0
09777,01061,0,0,0
09777,01062,0,0,0
09777,02000,68,23,45
09777,03101,0,0,0
09777,03102,0,0,0
09777,03103,0,0,0
09777,03151,0,0,0
09777,03153,12,12,0
09777,03154,0,0,0
09777,03155,0,0,0
09777,03157,0,0,0
09777,03158,0,0,0
09777,03159,0,0,0
09777,03241,30,15,15
09777,03251,0,0,0
09777,03252,16,16,0
09777,03254,0,0,0
09777,03255,0,0,0
09777,03256,0,0,0
09777,03257,0,0,0
09777,03351,0,0,0
09777,03352,0,0,0
09777,03353,0,0,0
09777,03354,0,0,0
09777,03355,0,0,0
09777,03356,0,0,0
09777,03357,0,0,0
09777,03358,0,0,0
09777,03359,0,0,0
09777,03360,0,0,0
09777,03361,0,0,0
09777,03401,0,0,0
09777,03402,0,0,0
09777,03403,0,0,0
09777,03404,0,0,0
09777,03405,0,0,0
09777,03451,0,0,0
09777,03452,0,0,0
09777,03453,16,0,16
09777,03454,0,0,0
09777,03455,0,0,0
09777,03456,0,0,0
09777,03457,0,0,0
09777,03458,0,0,0
09777,03459,0,0,0
09777,03460,0,0,0
09777,03461,0,0,0
09777,03462,0,0,0
09777,04011,0,0,0
09777,04012,0,0,0
09777,05111,48,11,37
09777,05112,0,0,0
09777,05113,0,0,0
09777,05114,10,0,10
09777,05116,0,0,0
09777,05117,0,0,0
09777,05119,0,0,0
09777,05120,0,0,0
09777,05122,0,0,0
09777,05124,0,0,0
09777,05154,0,0,0
09777,05158,22,12,10
09777,05162,0,0,0
09777,05166,0,0,0
09777,05170,0,0,0
09777,05314,0,0,0
09777,05315,78,0,78
09777,05316,0,0,0
09777,05334,0,0,0
09777,05358,0,0,0
09777,05362,0,0,0
09777,05366,0,0,0
09777,05370,0,0,0
09777,05374,0,0,0
09777,05378,0,0,0
09777,05382,21,11,10
09777,05512,0,0,0
09777,05513,0,0,0
09777,05515,0,0,0
09777,05554,0,0,0
09777,05558,0,0,0
09777,05562,0,0,0
09777,05566,21,11,10
09777,05570,0,0,0
09777,05711,39,11,28
09777,05754,23,12,11
09777,05758,0,0,0
09777,05762,0,0,0
09777,05766,23,23,0
09777,05770,10,0,10
09777,05774,0,0,0
09777,05911,0,0,0
09777,05913,12,0,12
09777,05914,0,0,0
09777,05915,0,0,0
09777,05916,0,0,0
09777,05954,0,0,0
09777,05958,0,0,0
09777,05962,0,0,0
09777,05966,0,0,0
09777,05970,0,0,0
09777,05974,0,0,0
09777,05978,18,0,18
09777,06411,0,0,0
09777,06412,75,0,75
09777,06413,0,0,0
09777,06414,10,0,10
09777,06431,0,0,0
09777,06432,0,0,0
09777,06433,0,0,0
09777,06434,15,0,15
09777,06435,0,0,0
09777,06436,0,0,0
09777,06437,0,0,0
09777,06438,12,0,12
09777,06439,0,0,0
09777,06440,0,0,0
09777,06531,0,0,0
09777,06532,0,0,0
09777,06533,0,0,0
09777,06534,0,0,0
09777,06535,0,0,0
09777,06611,0,0,0
09777,06631,0,0,0
09777,06632,0,0,0
09777,06633,0,0,0
09777,06634,0,0,0
09777,06635,0,0,0
09777,06636,0,0,0
09777,07111,0,0,0
09777,07131,0,0,0
09777,07132,0,0,0
09777,07133,0,0,0
09777,07134,47,0,47
09777,07135,0,0,0
09777,07137,0,0,0
09777,07138,0,0,0
09777,07140,0,0,0
09777,07141,0,0,0
09777,07143,0,0,0
09777,07211,0,0,0
09777,07231,0,0,0
09777,07232,0,0,0
09777,07233,0,0,0
09777,07235,0,0,0
09777,07311,0,0,0
09777,07312,0,0,0
09777,07313,0,0,0
09777,07314,0,0,0
09777,07315,16,0,16
09777,07316,0,0,0
09777,07317,0,0,0
09777,07318,0,0,0
09777,07319,0,0,0
09777,07320,0,0,0
09777,07331,0,0,0
09777,07332,0,0,0
09777,07333,0,0,0
09777,07334,0,0,0
09777,07335,0,0,0
09777,07336,0,0,0
09777,07337,0,0,0
09777,07338,0,0,0
09777,07339,0,0,0
09777,07340,0,0,0
09777,08111,61,18,43
09777,08115,28,11,17
09777,08116,83,17,66
09777,08117,16,16,0
09777,08118,28,0,28
09777,08119,29,13,16
09777,08121,0,0,0
09777,08125,37,12,25
09777,08126,12,0,12
09777,08127,13,13,0
09777,08128,0,0,0
09777,08135,35,14,21
09777,08136,37,17,20
09777,08211,0,0,0
09777,08212,14,0,14
09777,08215,10,10,0
09777,08216,0,0,0
09777,08221,0,0,0
09777,08222,13,0,13
09777,08225,0,0,0
09777,08226,28,11,17
09777,08231,0,0,0
09777,08235,0,0,0
09777,08236,12,0,12
09777,08237,0,0,0
09777,08311,0,0,0
09777,08315,0,0,0
09777,08316,0,0,0
09777,08317,0,0,0
09777,08325,0,0,0
09777,08326,11,11,0
09777,08327,0,0,0
09777,08335,31,20,11
09777,08336,0,0,0
09777,08337,0,0,0
09777,08415,16,0,16
09777,08416,0,0,0
09777,08417,13,0,13
09777,08421,72,13,59
09777,08425,42,31,11
09777,08426,125,47,78
09777,08435,35,13,22
09777,08436,178,74,104
09777,08437,0,0,0
09777,09161,14,0,14
09777,09162,1988,332,1656
09777,09163,0,0,0
09777,09171,0,0,0
09777,09172,0,0,0
09777,09173,115,50,65
09777,09174,68,16,52
09777,09175,46,15,31
09777,09176,11,0,11
09777,09177,26,14,12
09777,09178,85,19,66
09777,09179,196,53,143
09777,09180,185,78,107
09777,09181,3486,978,2508
09777,09182,47,11,36
09777,09183,13,13,0
09777,09184,431,53,378
09777,09185,30,12,18
09777,09186,46,14,32
09777,09187,29,16,13
09777,09188,303,35,268
09777,09189,14,0,14
09777,09190,2726,1409,1317
09777,09261,0,0,0
09777,09262,0,0,0
09777,09263,0,0,0
09777,09271,0,0,0
09777,09272,0,0,0
09777,09273,0,0,0
09777,09274,0,0,0
09777,09275,10,0,10
09777,09276,0,0,0
09777,09277,0,0,0
09777,09278,0,0,0
09777,09279,0,0,0
09777,09361,0,0,0
09777,09362,27,11,16
09777,09363,0,0,0
09777,09371,0,0,0
09777,09372,24,12,12
09777,09373,0,0,0
09777,09374,0,0,0
09777,09375,0,0,0
09777,09376,16,16,0
09777,09377,0,0,0
09777,09461,0,0,0
09777,09462,0,0,0
09777,09463,0,0,0
09777,09464,0,0,0
09777,09471,0,0,0
09777,09472,0,0,0
09777,09473,0,0,0
09777,09474,0,0,0
09777,09475,0,0,0
09777,09476,0,0,0
09777,09477,0,0,0
09777,09478,0,0,0
09777,09479,13,0,13
09777,09561,21,0,21
09777,09562,10,0,10
09777,09563,0,0,0
09777,09564,55,12,43
09777,09565,0,0,0
09777,09571,11,11,0
09777,09572,0,0,0
09777,09573,0,0,0
09777,09574,0,0,0
09777,09575,0,0,0
09777,09576,0,0,0
09777,09577,0,0,0
09777,09661,0,0,0
09777,09662,0,0,0
09777,09663,0,0,0
09777,09671,0,0,0
09777,09672,0,0,0
09777,09673,0,0,0
09777,09674,0,0,0
09777,09675,0,0,0
09777,09676,0,0,0
09777,09677,0,0,0
09777,09678,0,0,0
09777,09679,0,0,0
09777,09761,974,178,796
09777,09762,9908,3785,6123
09777,09763,4306,1233,3073
09777,09764,555,101,454
09777,09771,116,67,49
09777,09772,871,524,347
09777,09773,39,20,19
09777,09774,173,74,99
09777,09775,89,33,56
09777,09776,110,34,76
09777,09777,0,0,0
09777,09778,4813,2154,2659
09777,09779,64,26,38
09777,09780,4108,2009,2099
09777,10041,0,0,0
09777,10042,0,0,0
09777,10043,0,0,0
09777,10044,0,0,0
09777,10045,0,0,0
09777,10046,0,0,0
09777,11000,119,58,61
09777,12051,0,0,0
09777,12052,0,0,0
09777,12053,0,0,0
09777,12054,0,0,0
09777,12060,0,0,0
09777,12061,0,0,0
09777,12062,11,0,11
09777,12063,0,0,0
09777,12064,0,0,0
09777,12065,0,0,0
09777,12066,0,0,0
09777,12067,0,0,0
09777,12068,0,0,0
09777,12069,0,0,0
09777,12070,0,0,0
09777,12071,0,0,0
09777,12072,0,0,0
09777,12073,0,0,0
09777,13003,0,0,0
09777,13004,0,0,0
09777,13071,0,0,0
09777,13072,0,0,0
09777,13073,0,0,0
09777,13074,0,0,0
09777,13075,0,0,0
09777,13076,0,0,0
09777,14511,0,0,0
09777,14521,10,10,0
09777,14522,0,0,0
09777,14523,11,11,0
09777,14524,0,0,0
09777,14612,0,0,0
09777,14625,0,0,0
09777,14626,0,0,0
09777,14627,0,0,0
09777,14628,0,0,0
09777,14713,10,10,0
09777,14729,10,10,0
09777,14730,0,0,0
09777,15001,0,0,0
09777,15002,0,0,0
09777,15003,0,0,0
09777,15081,0,0,0
09777,15082,0,0,0
09777,15083,0,0,0
09777,15084,0,0,0
09777,15085,0,0,0
09777,15086,0,0,0
09777,15087,0,0,0
09777,15088,0,0,0
09777,15089,0,0,0
09777,15090,0,0,0
09777,15091,0,0,0
09777,16051,0,0,0
09777,16052,0,0,0
09777,16053,0,0,0
09777,16054,0,0,0
09777,16055,0,0,0
09777,16056,15,15,0
09777,16061,0,0,0
09777,16062,0,0,0
09777,16063,31,31,0
09777,16064,0,0,0
09777,16065,0,0,0
09777,16066,0,0,0
09777,16067,16,16,0
09777,16068,10,10,0
09777,16069,0,0,0
09777,16070,0,0,0
09777,16071,0,0,0
09777,16072,0,0,0
09777,16073,0,0,0
09777,16074,0,0,0
09777,16075,0,0,0
09777,16076,0,0,0
09777,16077,0,0,0
09778,01001,0,0,0
09778,01002,0,0,0
09778,01003,0,0,0
09778,01004,0,0,0
09778,01051,0,0,0
09778,01053,0,0,0
09778,01054,0,0,0
09778,01055,0,0,0
09778,01056,0,0,0
09778,01057,0,0,0
09778,01058,0,0,0
09778,01059,0,0,0
09778,01060,0,0,0
09778,01061,0,0,0
09778,01062,0,0,0
09778,02000,101,15,86
09778,03101,0,0,0
09778,03102,0,0,0
09778,03103,0,0,0
09778,03151,0,0,0
09778,03153,0,0,0
09778,03154,0,0,0
09778,03155,0,0,0
09778,03157,0,0,0
09778,03158,0,0,0
09778,03159,0,0,0
09778,03241,46,10,36
09778,03251,0,0,0
09778,03252,0,0,0
09778,03254,0,0,0
09778,03255,0,0,0
09778,03256,0,0,0
09778,03257,0,0,0
09778,03351,0,0,0
09778,03352,0,0,0
09778,03353,0,0,0
09778,03354,0,0,0
09778,03355,0,0,0
09778,03356,0,0,0
09778,03357,0,0,0
09778,03358,0,0,0
09778,03359,0,0,0
09778,03360,0,0,0
09778,03361,0,0,0
09778,03401,0,0,0
09778,03402,0,0,0
09778,03403,0,0,0
09778,03404,0,0,0
09778,03405,0,0,0
09778,03451,0,0,0
09778,03452,0,0,0
09778,03453,0,0,0
09778,03454,12,12,0
09778,03455,0,0,0
09778,03456,0,0,0
09778,03457,0,0,0
09778,03458,0,0,0
09778,03459,0,0,0
09778,03460,0,0,0
09778,03461,0,0,0
09778,03462,0,0,0
09778,04011,0,0,0
09778,04012,0,0,0
09778,05111,56,12,44
09778,05112,0,0,0
09778,05113,11,11,0
09778,05114,0,0,0
09778,05116,0,0,0
09778,05117,0,0,0
09778,05119,0,0,0
09778,05120,0,0,0
09778,05122,0,0,0
09778,05124,0,0,0
09778,05154,0,0,0
09778,05158,14,0,14
09778,05162,11,0,11
09778,05166,0,0,0
09778,05170,0,0,0
09778,05314,0,0,0
09778,05315,49,14,35
09778,05316,0,0,0
09778,05334,15,0,15
09778,05358,0,0,0
09778,05362,0,0,0
09778,05366,0,0,0
09778,05370,0,0,0
09778,05374,13,0,13
09778,05378,0,0,0
09778,05382,0,0,0
09778,05512,0,0,0
09778,05513,0,0,0
09778,05515,0,0,0
09778,05554,0,0,0
09778,05558,0,0,0
09778,05562,13,13,0
09778,05566,29,0,29
09778,05570,0,0,0
09778,05711,10,10,0
09778,05754,14,0,14
09778,05758,0,0,0
09778,05762,0,0,0
09778,05766,0,0,0
09778,05770,0,0,0
09778,05774,0,0,0
09778,05911,0,0,0
09778,05913,12,12,0
09778,05914,0,0,0
09778,05915,0,0,0
09778,05916,0,0,0
09778,05954,0,0,0
09778,05958,0,0,0
09778,05962,10,0,10
09778,05966,0,0,0
09778,05970,0,0,0
09778,05974,0,0,0
09778,05978,0,0,0
09778,06411,0,0,0
09778,06412,43,0,43
09778,06413,0,0,0
09778,06414,19,0,19
09778,06431,0,0,0
09778,06432,0,0,0
09778,06433,0,0,0
09778,06434,19,0,19
09778,06435,22,12,10
09778,06436,18,0,18
09778,06437,0,0,0
09778,06438,20,0,20
09778,06439,0,0,0
09778,06440,0,0,0
09778,06531,0,0,0
09778,06532,0,0,0
09778,06533,0,0,0
09778,06534,0,0,0
09778,06535,0,0,0
09778,06611,0,0,0
09778,06631,0,0,0
09778,06632,0,0,0
09778,06633,0,0,0
09778,06634,0,0,0
09778,06635,0,0,0
09778,06636,0,0,0
09778,07111,0,0,0
09778,07131,0,0,0
09778,07132,0,0,0
09778,07133,0,0,0
09778,07134,0,0,0
09778,07135,0,0,0
09778,07137,0,0,0
09778,07138,0,0,0
09778,07140,0,0,0
09778,07141,0,0,0
09778,07143,17,17,0
09778,07211,0,0,0
09778,07231,0,0,0
09778,07232,0,0,0
09778,07233,0,0,0
09778,07235,0,0,0
09778,07311,0,0,0
09778,07312,0,0,0
09778,07313,0,0,0
09778,07314,0,0,0
09778,07315,0,0,0
09778,07316,0,0,0
09778,07317,0,0,0
09778,07318,0,0,0
09778,07319,0,0,0
09778,07320,0,0,0
09778,07331,0,0,0
09778,07332,0,0,0
09778,07333,0,0,0
09778,07334,0,0,0
09778,07335,0,0,0
09778,07336,0,0,0
09778,07337,0,0,0
09778,07338,0,0,0
09778,07339,0,0,0
09778,07340,0,0,0
09778,08111,111,21,90
09778,08115,64,27,37
09778,08116,71,25,46
09778,08117,41,23,18
09778,08118,38,21,17
09778,08119,37,17,20
09778,08121,0,0,0
09778,08125,17,0,17
09778,08126,23,0,23
09778,08127,12,12,0
09778,08128,0,0,0
09778,08135,71,13,58
09778,08136,41,13,28
09778,08211,0,0,0
09778,08212,12,0,12
09778,08215,31,11,20
09778,08216,0,0,0
09778,08221,0,0,0
09778,08222,19,0,19
09778,08225,12,0,12
09778,08226,32,13,19
09778,08231,0,0,0
09778,08235,0,0,0
09778,08236,22,10,12
09778,08237,0,0,0
09778,08311,0,0,0
09778,08315,0,0,0
09778,08316,13,0,13
09778,08317,10,0,10
09778,08325,0,0,0
09778,08326,0,0,0
09778,08327,0,0,0
09778,08335,26,11,15
09778,08336,0,0,0
09778,08337,0,0,0
09778,08415,17,17,0
09778,08416,20,10,10
09778,08417,13,0,13
09778,08421,420,82,338
09778,08425,308,117,191
09778,08426,2192,944,1248
09778,08435,65,19,46
09778,08436,1515,730,785
09778,08437,23,10,13
09778,09161,17,0,17
09778,09162,1461,165,1296
09778,09163,0,0,0
09778,09171,0,0,0
09778,09172,0,0,0
09778,09173,35,16,19
09778,09174,85,31,54
09778,09175,24,0,24
09778,09176,0,0,0
09778,09177,13,13,0
09778,09178,68,0,68
09778,09179,135,46,89
09778,09180,32,14,18
09778,09181,1827,652,1175
09778,09182,22,0,22
09778,09183,0,0,0
09778,09184,396,38,358
09778,09185,40,0,40
09778,09186,93,11,82
09778,09187,31,20,11
09778,09188,209,56,153
09778,09189,11,0,11
09778,09190,186,81,105
09778,09261,0,0,0
09778,09262,0,0,0
09778,09263,0,0,0
09778,09271,0,0,0
09778,09272,0,0,0
09778,09273,10,0,10
09778,09274,0,0,0
09778,09275,0,0,0
09778,09276,0,0,0
09778,09277,0,0,0
09778,09278,0,0,0
09778,09279,0,0,0
09778,09361,0,0,0
09778,09362,12,0,12
09778,09363,0,0,0
09778,09371,0,0,0
09778,09372,10,0,10
09778,09373,0,0,0
09778,09374,0,0,0
09778,09375,0,0,0
09778,09376,0,0,0
09778,09377,0,0,0
09778,09461,0,0,0
09778,09462,0,0,0
09778,09463,0,0,0
09778,09464,0,0,0
09778,09471,0,0,0
09778,09472,0,0,0
09778,09473,0,0,0
09778,09474,0,0,0
09778,09475,0,0,0
09778,09476,0,0,0
09778,09477,0,0,0
09778,09478,0,0,0
09778,09479,0,0,0
09778,09561,0,0,0
09778,09562,0,0,0
09778,09563,0,0,0
09778,09564,45,0,45
09778,09565,0,0,0
09778,09571,0,0,0
09778,09572,0,0,0
09778,09573,0,0,0
09778,09574,0,0,0
09778,09575,0,0,0
09778,09576,0,0,0
09778,09577,0,0,0
09778,09661,0,0,0
09778,09662,0,0,0
09778,09663,16,0,16
09778,09671,0,0,0
09778,09672,0,0,0
09778,09673,0,0,0
09778,09674,0,0,0
09778,09675,0,0,0
09778,09676,0,0,0
09778,09677,0,0,0
09778,09678,0,0,0
09778,09679,0,0,0
09778,09761,1162,308,854
09778,09762,2105,1066,1039
09778,09763,2197,1049,1148
09778,09764,14394,3379,11015
09778,09771,107,47,60
09778,09772,1983,1124,859
09778,09773,60,33,27
09778,09774,3088,1619,1469
09778,09775,1950,888,1062
09778,09776,142,43,99
09778,09777,4813,2659,2154
09778,09778,0,0,0
09778,09779,63,17,46
09778,09780,2325,1501,824
09778,10041,21,0,21
09778,10042,0,0,0
09778,10043,0,0,0
09778,10044,0,0,0
09778,10045,0,0,0
09778,10046,0,0,0
09778,11000,102,37,65
09778,12051,0,0,0
09778,12052,0,0,0
09778,12053,0,0,0
09778,12054,96,0,96
09778,12060,0,0,0
09778,12061,0,0,0
09778,12062,0,0,0
09778,12063,0,0,0
09778,12064,0,0,0
09778,12065,0,0,0
09778,12066,0,0,0
09778,12067,0,0,0
09778,12068,0,0,0
09778,12069,0,0,0
09778,12070,0,0,0
09778,12071,0,0,0
09778,12072,0,0,0
09778,12073,0,0,0
09778,13003,0,0,0
09778,13004,0,0,0
09778,13071,0,0,0
09778,13072,0,0,0
09778,13073,0,0,0
09778,13074,0,0,0
09778,13075,0,0,0
09778,13076,19,0,19
09778,14511,14,14,0
09778,14521,0,0,0
09778,14522,10,10,0
09778,14523,0,0,0
09778,14524,0,0,0
09778,14612,0,0,0
09778,14625,0,0,0
09778,14626,0,0,0
09778,14627,0,0,0
09778,14628,0,0,0
09778,14713,20,20,0
09778,14729,0,0,0
09778,14730,0,0,0
09778,15001,0,0,0
09778,15002,0,0,0
09778,15003,0,0,0
09778,15081,0,0,0
09778,15082,0,0,0
09778,15083,0,0,0
09778,15084,13,13,0
09778,15085,12,12,0
09778,15086,13,13,0
09778,15087,0,0,0
09778,15088,28,0,28
09778,15089,0,0,0
09778,15090,0,0,0
09778,15091,0,0,0
09778,16051,0,0,0
09778,16052,0,0,0
09778,16053,0,0,0
09778,16054,0,0,0
09778,16055,0,0,0
09778,16056,0,0,0
09778,16061,0,0,0
09778,16062,0,0,0
09778,16063,0,0,0
09778,16064,0,0,0
09778,16065,0,0,0
09778,16066,0,0,0
09778,16067,0,0,0
09778,16068,0,0,0
09778,16069,0,0,0
09778,16070,0,0,0
09778,16071,0,0,0
09778,16072,0,0,0
09778,16073,0,0,0
09778,16074,0,0,0
09778,16075,0,0,0
09778,16076,0,0,0
09778,16077,10,10,0
09779,01001,0,0,0
09779,01002,0,0,0
09779,01003,0,0,0
09779,01004,0,0,0
09779,01051,0,0,0
09779,01053,0,0,0
09779,01054,0,0,0
09779,01055,0,0,0
09779,01056,13,13,0
09779,01057,0,0,0
09779,01058,0,0,0
09779,01059,0,0,0
09779,01060,0,0,0
09779,01061,0,0,0
09779,01062,0,0,0
09779,02000,229,66,163
09779,03101,0,0,0
09779,03102,0,0,0
09779,03103,0,0,0
09779,03151,0,0,0
09779,03153,0,0,0
09779,03154,0,0,0
09779,03155,0,0,0
09779,03157,0,0,0
09779,03158,0,0,0
09779,03159,0,0,0
09779,03241,27,11,16
09779,03251,0,0,0
09779,03252,0,0,0
09779,03254,0,0,0
09779,03255,0,0,0
09779,03256,0,0,0
09779,03257,0,0,0
09779,03351,0,0,0
09779,03352,0,0,0
09779,03353,0,0,0
09779,03354,0,0,0
09779,03355,0,0,0
09779,03356,0,0,0
09779,03357,0,0,0
09779,03358,0,0,0
09779,03359,11,11,0
09779,03360,0,0,0
09779,03361,0,0,0
09779,03401,0,0,0
09779,03402,0,0,0
09779,03403,0,0,0
09779,03404,0,0,0
09779,03405,0,0,0
09779,03451,0,0,0
09779,03452,0,0,0
09779,03453,0,0,0
09779,03454,0,0,0
09779,03455,0,0,0
09779,03456,0,0,0
09779,03457,0,0,0
09779,03458,0,0,0
09779,03459,0,0,0
09779,03460,0,0,0
09779,03461,0,0,0
09779,03462,0,0,0
09779,04011,23,10,13
09779,04012,0,0,0
09779,05111,16,0,16
09779,05112,0,0,0
09779,05113,0,0,0
09779,05114,0,0,0
09779,05116,0,0,0
09779,05117,0,0,0
09779,05119,0,0,0
09779,05120,0,0,0
09779,05122,0,0,0
09779,05124,0,0,0
09779,05154,0,0,0
09779,05158,0,0,0
09779,05162,10,0,10
09779,05166,13,0,13
09779,05170,0,0,0
09779,05314,0,0,0
09779,05315,38,12,26
09779,05316,0,0,0
09779,05334,0,0,0
09779,05358,0,0,0
09779,05362,21,10,11
09779,05366,0,0,0
09779,05370,0,0,0
09779,05374,10,0,10
09779,05378,0,0,0
09779,05382,11,0,11
09779,05512,0,0,0
09779,05513,0,0,0
09779,05515,0,0,0
09779,05554,0,0,0
09779,05558,0,0,0
09779,05562,0,0,0
09779,05566,0,0,0
09779,05570,0,0,0
09779,05711,0,0,0
09779,05754,21,10,11
09779,05758,0,0,0
09779,05762,0,0,0
09779,05766,0,0,0
09779,05770,0,0,0
09779,05774,0,0,0
09779,05911,0,0,0
09779,05913,0,0,0
09779,05914,0,0,0
09779,05915,0,0,0
09779,05916,0,0,0
09779,05954,0,0,0
09779,05958,0,0,0
09779,05962,0,0,0
09779,05966,0,0,0
09779,05970,0,0,0
09779,05974,0,0,0
09779,05978,0,0,0
09779,06411,0,0,0
09779,06412,54,10,44
09779,06413,0,0,0
09779,06414,0,0,0
09779,06431,11,0,11
09779,06432,0,0,0
09779,06433,0,0,0
09779,06434,16,0,16
09779,06435,15,15,0
09779,06436,0,0,0
09779,06437,0,0,0
09779,06438,13,0,13
09779,06439,0,0,0
09779,06440,0,0,0
09779,06531,0,0,0
09779,06532,0,0,0
09779,06533,0,0,0
09779,06534,0,0,0
09779,06535,0,0,0
09779,06611,0,0,0
09779,06631,0,0,0
09779,06632,0,0,0
09779,06633,0,0,0
09779,06634,0,0,0
09779,06635,0,0,0
09779,06636,0,0,0
09779,07111,0,0,0
09779,07131,0,0,0
09779,07132,0,0,0
09779,07133,0,0,0
09779,07134,0,0,0
09779,07135,0,0,0
09779,07137,0,0,0
09779,07138,0,0,0
09779,07140,0,0,0
09779,07141,0,0,0
09779,07143,0,0,0
09779,07211,0,0,0
09779,07231,0,0,0
09779,07232,0,0,0
09779,07233,0,0,0
09779,07235,0,0,0
09779,07311,0,0,0
09779,07312,0,0,0
09779,07313,0,0,0
09779,07314,0,0,0
09779,07315,0,0,0
09779,07316,0,0,0
09779,07317,0,0,0
09779,07318,0,0,0
09779,07319,0,0,0
09779,07320,0,0,0
09779,07331,0,0,0
09779,07332,0,0,0
09779,07333,0,0,0
09779,07334,0,0,0
09779,07335,0,0,0
09779,07336,0,0,0
09779,07337,0,0,0
09779,07338,0,0,0
09779,07339,0,0,0
09779,07340,0,0,0
09779,08111,102,21,81
09779,08115,0,0,0
09779,08116,38,19,19
09779,08117,56,34,22
09779,08118,47,20,27
09779,08119,74,39,35
09779,08121,24,14,10
09779,08125,60,46,14
09779,08126,27,13,14
09779,08127,157,93,64
09779,08128,12,0,12
09779,08135,496,168,328
09779,08136,3881,1986,1895
09779,08211,0,0,0
09779,08212,11,0,11
09779,08215,16,0,16
09779,08216,0,0,0
09779,08221,0,0,0
09779,08222,22,0,22
09779,08225,73,18,55
09779,08226,35,22,13
09779,08231,0,0,0
09779,08235,0,0,0
09779,08236,0,0,0
09779,08237,0,0,0
09779,08311,0,0,0
09779,08315,0,0,0
09779,08316,0,0,0
09779,08317,27,10,17
09779,08325,0,0,0
09779,08326,0,0,0
09779,08327,0,0,0
09779,08335,0,0,0
09779,08336,0,0,0
09779,08337,0,0,0
09779,08415,23,11,12
09779,08416,0,0,0
09779,08417,0,0,0
09779,08421,140,63,77
09779,08425,87,69,18
09779,08426,47,28,19
09779,08435,21,21,0
09779,08436,31,20,11
09779,08437,0,0,0
09779,09161,525,102,423
09779,09162,1166,357,809
09779,09163,16,0,16
09779,09171,0,0,0
09779,09172,0,0,0
09779,09173,50,33,17
09779,09174,67,35,32
09779,09175,58,38,20
09779,09176,375,210,165
09779,09177,31,19,12
09779,09178,84,29,55
09779,09179,89,64,25
09779,09180,0,0,0
09779,09181,90,69,21
09779,09182,31,21,10
09779,09183,0,0,0
09779,09184,326,113,213
09779,09185,2586,1536,1050
09779,09186,155,53,102
09779,09187,136,44,92
09779,09188,74,23,51
09779,09189,10,10,0
09779,09190,37,25,12
09779,09261,0,0,0
09779,09262,0,0,0
09779,09263,0,0,0
09779,09271,10,0,10
09779,09272,0,0,0
09779,09273,15,0,15
09779,09274,16,16,0
09779,09275,10,10,0
09779,09276,0,0,0
09779,09277,0,0,0
09779,09278,0,0,0
09779,09279,0,0,0
09779,09361,0,0,0
09779,09362,44,10,34
09779,09363,0,0,0
09779,09371,0,0,0
09779,09372,12,12,0
09779,09373,20,20,0
09779,09374,0,0,0
09779,09375,16,16,0
09779,09376,10,10,0
09779,09377,0,0,0
09779,09461,0,0,0
09779,09462,10,10,0
09779,09463,0,0,0
09779,09464,0,0,0
09779,09471,12,0,12
09779,09472,0,0,0
09779,09473,0,0,0
09779,09474,0,0,0
09779,09475,0,0,0
09779,09476,12,12,0
09779,09477,0,0,0
09779,09478,0,0,0
09779,09479,0,0,0
09779,09561,69,22,47
09779,09562,42,11,31
09779,09563,33,12,21
09779,09564,293,84,209
09779,09565,11,11,0
09779,09571,1420,822,598
09779,09572,10,10,0
09779,09573,15,15,0
09779,09574,38,20,18
09779,09575,33,22,11
09779,09576,61,43,18
09779,09577,2554,1626,928
09779,09661,0,0,0
09779,09662,0,0,0
09779,09663,11,0,11
09779,09671,0,0,0
09779,09672,0,0,0
09779,09673,0,0,0
09779,09674,0,0,0
09779,09675,11,11,0
09779,09676,0,0,0
09779,09677,0,0,0
09779,09678,0,0,0
09779,09679,11,11,0
09779,09761,3554,1630,1924
09779,09762,24,24,0
09779,09763,0,0,0
09779,09764,0,0,0
09779,09771,1010,717,293
09779,09772,3616,2250,1366
09779,09773,4912,3106,1806
09779,09774,357,209,148
09779,09775,138,90,48
09779,09776,0,0,0
09779,09777,64,38,26
09779,09778,63,46,17
09779,09779,0,0,0
09779,09780,18,18,0
09779,10041,0,0,0
09779,10042,0,0,0
09779,10043,0,0,0
09779,10044,0,0,0
09779,10045,0,0,0
09779,10046,0,0,0
09779,11000,101,57,44
09779,12051,0,0,0
09779,12052,0,0,0
09779,12053,0,0,0
09779,12054,0,0,0
09779,12060,0,0,0
09779,12061,0,0,0
09779,12062,0,0,0
09779,12063,0,0,0
09779,12064,0,0,0
09779,12065,0,0,0
09779,12066,0,0,0
09779,12067,0,0,0
09779,12068,0,0,0
09779,12069,0,0,0
09779,12070,0,0,0
09779,12071,0,0,0
09779,12072,0,0,0
09779,12073,0,0,0
09779,13003,0,0,0
09779,13004,0,0,0
09779,13071,0,0,0
09779,13072,0,0,0
09779,13073,0,0,0
09779,13074,0,0,0
09779,13075,0,0,0
09779,13076,0,0,0
09779,14511,15,15,0
09779,14521,14,14,0
09779,14522,31,31,0
09779,14523,15,15,0
09779,14524,24,13,11
09779,14612,40,30,10
09779,14625,0,0,0
09779,14626,11,11,0
09779,14627,13,13,0
09779,14628,0,0,0
09779,14713,24,14,10
09779,14729,17,17,0
09779,14730,21,10,11
09779,15001,0,0,0
09779,15002,0,0,0
09779,15003,0,0,0
09779,15081,0,0,0
09779,15082,0,0,0
09779,15083,0,0,0
09779,15084,16,16,0
09779,15085,0,0,0
09779,15086,16,0,16
09779,15087,11,11,0
09779,15088,12,12,0
09779,15089,0,0,0
09779,15090,0,0,0
09779,15091,0,0,0
09779,16051,0,0,0
09779,16052,0,0,0
09779,16053,0,0,0
09779,16054,0,0,0
09779,16055,0,0,0
09779,16056,0,0,0
09779,16061,0,0,0
09779,16062,0,0,0
09779,16063,0,0,0
09779,16064,0,0,0
09779,16065,0,0,0
09779,16066,0,0,0
09779,16067,0,0,0
09779,16068,0,0,0
09779,16069,0,0,0
09779,16070,0,0,0
09779,16071,0,0,0
09779,16072,0,0,0
09779,16073,0,0,0
09779,16074,0,0,0
09779,16075,0,0,0
09779,16076,0,0,0
09779,16077,0,0,0
09780,01001,0,0,0
09780,01002,0,0,0
09780,01003,0,0,0
09780,01004,0,0,0
09780,01051,0,0,0
09780,01053,0,0,0
09780,01054,0,0,0
09780,01055,0,0,0
09780,01056,0,0,0
09780,01057,0,0,0
09780,01058,0,0,0
09780,01059,0,0,0
09780,01060,0,0,0
09780,01061,0,0,0
09780,01062,0,0,0
09780,02000,101,36,65
09780,03101,0,0,0
09780,03102,0,0,0
09780,03103,0,0,0
09780,03151,0,0,0
09780,03153,0,0,0
09780,03154,0,0,0
09780,03155,0,0,0
09780,03157,0,0,0
09780,03158,0,0,0
09780,03159,0,0,0
09780,03241,17,0,17
09780,03251,0,0,0
09780,03252,0,0,0
09780,03254,0,0,0
09780,03255,0,0,0
09780,03256,0,0,0
09780,03257,0,0,0
09780,03351,0,0,0
09780,03352,0,0,0
09780,03353,0,0,0
09780,03354,0,0,0
09780,03355,0,0,0
09780,03356,0,0,0
09780,03357,0,0,0
09780,03358,0,0,0
09780,03359,0,0,0
09780,03360,0,0,0
09780,03361,0,0,0
09780,03401,0,0,0
09780,03402,0,0,0
09780,03403,0,0,0
09780,03404,13,0,13
09780,03405,0,0,0
09780,03451,0,0,0
09780,03452,0,0,0
09780,03453,0,0,0
09780,03454,0,0,0
09780,03455,0,0,0
09780,03456,0,0,0
09780,03457,0,0,0
09780,03458,0,0,0
09780,03459,0,0,0
09780,03460,0,0,0
09780,03461,0,0,0
09780,03462,0,0,0
09780,04011,10,0,10
09780,04012,0,0,0
09780,05111,27,0,27
09780,05112,27,16,11
09780,05113,12,0,12
09780,05114,0,0,0
09780,05116,0,0,0
09780,05117,0,0,0
09780,05119,0,0,0
09780,05120,0,0,0
09780,05122,0,0,0
09780,05124,0,0,0
09780,05154,0,0,0
09780,05158,20,0,20
09780,05162,0,0,0
09780,05166,0,0,0
09780,05170,0,0,0
09780,05314,12,0,12
09780,05315,56,13,43
09780,05316,0,0,0
09780,05334,0,0,0
09780,05358,0,0,0
09780,05362,0,0,0
09780,05366,0,0,0
09780,05370,0,0,0
09780,05374,16,0,16
09780,05378,0,0,0
09780,05382,15,0,15
09780,05512,0,0,0
09780,05513,0,0,0
09780,05515,0,0,0
09780,05554,0,0,0
09780,05558,0,0,0
09780,05562,0,0,0
09780,05566,0,0,0
09780,05570,0,0,0
09780,05711,11,0,11
09780,05754,109,0,109
09780,05758,0,0,0
09780,05762,0,0,0
09780,05766,0,0,0
09780,05770,0,0,0
09780,05774,0,0,0
09780,05911,0,0,0
09780,05913,10,10,0
09780,05914,0,0,0
09780,05915,0,0,0
09780,05916,0,0,0
09780,05954,0,0,0
09780,05958,0,0,0
09780,05962,37,37,0
09780,05966,0,0,0
09780,05970,16,16,0
09780,05974,0,0,0
09780,05978,0,0,0
09780,06411,0,0,0
09780,06412,77,11,66
09780,06413,0,0,0
09780,06414,55,42,13
09780,06431,0,0,0
09780,06432,0,0,0
09780,06433,0,0,0
09780,06434,0,0,0
09780,06435,17,0,17
09780,06436,0,0,0
09780,06437,0,0,0
09780,06438,0,0,0
09780,06439,0,0,0
09780,06440,0,0,0
09780,06531,0,0,0
09780,06532,0,0,0
09780,06533,0,0,0
09780,06534,0,0,0
09780,06535,0,0,0
09780,06611,0,0,0
09780,06631,0,0,0
09780,06632,0,0,0
09780,06633,0,0,0
09780,06634,0,0,0
09780,06635,0,0,0
09780,06636,0,0,0
09780,07111,0,0,0
09780,07131,0,0,0
09780,07132,86,86,0
09780,07133,0,0,0
09780,07134,21,0,21
09780,07135,0,0,0
09780,07137,13,13,0
09780,07138,53,43,10
09780,07140,0,0,0
09780,07141,0,0,0
09780,07143,34,34,0
09780,07211,0,0,0
09780,07231,0,0,0
09780,07232,0,0,0
09780,07233,0,0,0
09780,07235,0,0,0
09780,07311,0,0,0
09780,07312,0,0,0
09780,07313,18,18,0
09780,07314,0,0,0
09780,07315,32,11,21
09780,07316,0,0,0
09780,07317,0,0,0
09780,07318,0,0,0
09780,07319,10,10,0
09780,07320,0,0,0
09780,07331,21,21,0
09780,07332,0,0,0
09780,07333,0,0,0
09780,07334,0,0,0
09780,07335,0,0,0
09780,07336,0,0,0
09780,07337,32,32,0
09780,07338,0,0,0
09780,07339,10,10,0
09780,07340,0,0,0
09780,08111,178,50,128
09780,08115,58,25,33
09780,08116,85,33,52
09780,08117,59,35,24
09780,08118,80,32,48
09780,08119,68,22,46
09780,08121,16,16,0
09780,08125,67,40,27
09780,08126,30,15,15
09780,08127,21,21,0
09780,08128,0,0,0
09780,08135,38,22,16
09780,08136,44,22,22
09780,08211,0,0,0
09780,08212,24,11,13
09780,08215,31,20,11
09780,08216,0,0,0
09780,08221,0,0,0
09780,08222,13,0,13
09780,08225,0,0,0
09780,08226,47,28,19
09780,08231,0,0,0
09780,08235,0,0,0
09780,08236,29,17,12
09780,08237,0,0,0
09780,08311,11,0,11
09780,08315,0,0,0
09780,08316,0,0,0
09780,08317,28,15,13
09780,08325,17,17,0
09780,08326,37,23,14
09780,08327,0,0,0
09780,08335,42,22,20
09780,08336,0,0,0
09780,08337,11,11,0
09780,08415,35,21,14
09780,08416,22,11,11
09780,08417,20,0,20
09780,08421,159,38,121
09780,08425,81,37,44
09780,08426,279,113,166
09780,08435,154,59,95
09780,08436,2541,710,1831
09780,08437,30,0,30
09780,09161,21,11,10
09780,09162,813,197,616
09780,09163,0,0,0
09780,09171,11,0,11
09780,09172,22,12,10
09780,09173,36,20,16
09780,09174,56,20,36
09780,09175,17,0,17
09780,09176,0,0,0
09780,09177,0,0,0
09780,09178,66,15,51
09780,09179,46,24,22
09780,09180,56,28,28
09780,09181,125,57,68
09780,09182,21,10,11
09780,09183,0,0,0
09780,09184,204,30,174
09780,09185,15,0,15
09780,09186,17,0,17
09780,09187,33,15,18
09780,09188,77,40,37
09780,09189,37,11,26
09780,09190,160,104,56
09780,09261,16,16,0
09780,09262,0,0,0
09780,09263,0,0,0
09780,09271,0,0,0
09780,09272,17,17,0
09780,09273,0,0,0
09780,09274,11,11,0
09780,09275,0,0,0
09780,09276,0,0,0
09780,09277,0,0,0
09780,09278,0,0,0
09780,09279,0,0,0
09780,09361,0,0,0
09780,09362,29,0,29
09780,09363,0,0,0
09780,09371,0,0,0
09780,09372,27,0,27
09780,09373,0,0,0
09780,09374,0,0,0
09780,09375,28,28,0
09780,09376,10,10,0
09780,09377,0,0,0
09780,09461,0,0,0
09780,09462,0,0,0
09780,09463,0,0,0
09780,09464,0,0,0
09780,09471,0,0,0
09780,09472,0,0,0
09780,09473,0,0,0
09780,09474,0,0,0
09780,09475,14,14,0
09780,09476,0,0,0
09780,09477,0,0,0
09780,09478,0,0,0
09780,09479,0,0,0
09780,09561,0,0,0
09780,09562,12,0,12
09780,09563,0,0,0
09780,09564,75,18,57
09780,09565,0,0,0
09780,09571,11,0,11
09780,09572,10,0,10
09780,09573,0,0,0
09780,09574,0,0,0
09780,09575,0,0,0
09780,09576,0,0,0
09780,09577,0,0,0
09780,09661,0,0,0
09780,09662,0,0,0
09780,09663,13,0,13
09780,09671,14,14,0
09780,09672,0,0,0
09780,09673,0,0,0
09780,09674,0,0,0
09780,09675,0,0,0
09780,09676,14,14,0
09780,09677,0,0,0
09780,09678,0,0,0
09780,09679,0,0,0
09780,09761,573,114,459
09780,09762,516,238,278
09780,09763,20108,7098,13010
09780,09764,1119,211,908
09780,09771,53,24,29
09780,09772,145,78,67
09780,09773,41,20,21
09780,09774,126,52,74
09780,09775,157,83,74
09780,09776,1893,915,978
09780,09777,4108,2099,2009
09780,09778,2325,824,1501
09780,09779,18,0,18
09780,09780,0,0,0
09780,10041,0,0,0
09780,10042,11,11,0
09780,10043,0,0,0
09780,10044,31,31,0
09780,10045,0,0,0
09780,10046,0,0,0
09780,11000,241,153,88
09780,12051,0,0,0
09780,12052,0,0,0
09780,12053,0,0,0
09780,12054,0,0,0
09780,12060,0,0,0
09780,12061,0,0,0
09780,12062,0,0,0
09780,12063,0,0,0
09780,12064,0,0,0
09780,12065,0,0,0
09780,12066,0,0,0
09780,12067,0,0,0
09780,12068,0,0,0
09780,12069,0,0,0
09780,12070,0,0,0
09780,12071,0,0,0
09780,12072,0,0,0
09780,12073,0,0,0
09780,13003,0,0,0
09780,13004,0,0,0
09780,13071,0,0,0
09780,13072,0,0,0
09780,13073,0,0,0
09780,13074,0,0,0
09780,13075,0,0,0
09780,13076,0,0,0
09780,14511,0,0,0
09780,14521,0,0,0
09780,14522,11,11,0
09780,14523,0,0,0
09780,14524,0,0,0
09780,14612,45,45,0
09780,14625,0,0,0
09780,14626,0,0,0
09780,14627,13,13,0
09780,14628,19,19,0
09780,14713,22,22,0
09780,14729,12,12,0
09780,14730,10,10,0
09780,15001,0,0,0
09780,15002,0,0,0
09780,15003,0,0,0
09780,15081,0,0,0
09780,15082,0,0,0
09780,15083,0,0,0
09780,15084,0,0,0
09780,15085,0,0,0
09780,15086,0,0,0
09780,15087,0,0,0
09780,15088,0,0,0
09780,15089,0,0,0
09780,15090,0,0,0
09780,15091,0,0,0
09780,16051,0,0,0
09780,16052,0,0,0
09780,16053,0,0,0
09780,16054,0,0,0
09780,16055,0,0,0
09780,16056,0,0,0
09780,16061,0,0,0
09780,16062,0,0,0
09780,16063,0,0,0
09780,16064,0,0,0
09780,16065,0,0,0
09780,16066,0,0,0
09780,16067,0,0,0
09780,16068,0,0,0
09780,16069,0,0,0
09780,16070,0,0,0
09780,16071,0,0,0
09780,16072,0,0,0
09780,16073,0,0,0
09780,16074,0,0,0
09780,16075,0,0,0
09780,16076,0,0,0
09780,16077,0,0,0
10041,01001,227,227,0
10041,01002,11,0,11
10041,01003,28,0,28
10041,01004,0,0,0
10041,01051,14,14,0
10041,01053,0,0,0
10041,01054,163,163,0
10041,01055,0,0,0
10041,01056,18,18,0
10041,01057,0,0,0
10041,01058,0,0,0
10041,01059,51,51,0
10041,01060,27,27,0
10041,01061,0,0,0
10041,01062,0,0,0
10041,02000,252,118,134
10041,03101,92,0,92
10041,03102,0,0,0
10041,03103,0,0,0
10041,03151,11,11,0
10041,03153,0,0,0
10041,03154,0,0,0
10041,03155,0,0,0
10041,03157,0,0,0
10041,03158,0,0,0
10041,03159,23,13,10
10041,03241,82,39,43
10041,03251,10,10,0
10041,03252,0,0,0
10041,03254,0,0,0
10041,03255,0,0,0
10041,03256,0,0,0
10041,03257,0,0,0
10041,03351,0,0,0
10041,03352,0,0,0
10041,03353,13,13,0
10041,03354,0,0,0
10041,03355,10,10,0
10041,03356,0,0,0
10041,03357,11,0,11
10041,03358,15,15,0
10041,03359,10,10,0
10041,03360,0,0,0
10041,03361,0,0,0
10041,03401,0,0,0
10041,03402,0,0,0
10041,03403,10,0,10
10041,03404,12,0,12
10041,03405,0,0,0
10041,03451,0,0,0
10041,03452,0,0,0
10041,03453,11,0,11
10041,03454,42,31,11
10041,03455,0,0,0
10041,03456,0,0,0
10041,03457,0,0,0
10041,03458,10,10,0
10041,03459,11,0,11
10041,03460,0,0,0
10041,03461,11,11,0
10041,03462,0,0,0
10041,04011,60,28,32
10041,04012,0,0,0
10041,05111,294,68,226
10041,05112,47,25,22
10041,05113,205,28,177
10041,05114,36,16,20
10041,05116,30,18,12
10041,05117,16,0,16
10041,05119,23,13,10
10041,05120,0,0,0
10041,05122,11,0,11
10041,05124,39,19,20
10041,05154,42,27,15
10041,05158,85,40,45
10041,05162,59,35,24
10041,05166,39,22,17
10041,05170,38,25,13
10041,05314,79,26,53
10041,05315,386,132,254
10041,05316,11,0,11
10041,05334,65,29,36
10041,05358,50,16,34
10041,05362,69,40,29
10041,05366,11,0,11
10041,05370,16,16,0
10041,05374,45,17,28
10041,05378,27,27,0
10041,05382,79,56,23
10041,05512,10,10,0
10041,05513,27,15,12
10041,05515,50,21,29
10041,05554,14,14,0
10041,05558,11,11,0
10041,05562,64,42,22
10041,05566,57,23,34
10041,05570,10,0,10
10041,05711,16,0,16
10041,05754,53,15,38
10041,05758,0,0,0
10041,05762,0,0,0
10041,05766,0,0,0
10041,05770,11,11,0
10041,05774,11,11,0
10041,05911,36,24,12
10041,05913,111,34,77
10041,05914,0,0,0
10041,05915,13,13,0
10041,05916,58,0,58
10041,05954,30,19,11
10041,05958,0,0,0
10041,05962,15,15,0
10041,05966,10,10,0
10041,05970,39,29,10
10041,05974,0,0,0
10041,05978,42,19,23
10041,06411,71,30,41
10041,06412,767,339,428
10041,06413,35,23,12
10041,06414,189,80,109
10041,06431,97,60,37
10041,06432,92,48,44
10041,06433,219,149,70
10041,06434,98,33,65
10041,06435,251,216,35
10041,06436,114,51,63
10041,06437,0,0,0
10041,06438,252,170,82
10041,06439,160,54,106
10041,06440,86,75,11
10041,06531,35,22,13
10041,06532,65,24,41
10041,06533,17,17,0
10041,06534,13,0,13
10041,06535,0,0,0
10041,06611,40,27,13
10041,06631,11,11,0
10041,06632,0,0,0
10041,06633,21,21,0
10041,06634,24,24,0
10041,06635,0,0,0
10041,06636,0,0,0
10041,07111,156,55,101
10041,07131,46,34,12
10041,07132,23,23,0
10041,07133,140,92,48
10041,07134,404,258,146
10041,07135,68,34,34
10041,07137,101,85,16
10041,07138,95,31,64
10041,07140,127,90,37
10041,07141,65,30,35
10041,07143,74,54,20
10041,07211,631,298,333
10041,07231,223,188,35
10041,07232,73,54,19
10041,07233,33,21,12
10041,07235,526,407,119
10041,07311,24,14,10
10041,07312,799,397,402
10041,07313,64,40,24
10041,07314,222,103,119
10041,07315,296,125,171
10041,07316,65,23,42
10041,07317,365,207,158
10041,07318,31,10,21
10041,07319,69,47,22
10041,07320,1243,787,456
10041,07331,102,81,21
10041,07332,116,83,33
10041,07333,112,74,38
10041,07334,94,72,22
10041,07335,779,587,192
10041,07336,772,682,90
10041,07337,56,33,23
10041,07338,118,90,28
10041,07339,157,120,37
10041,07340,667,592,75
10041,08111,292,136,156
10041,08115,90,35,55
10041,08116,113,56,57
10041,08117,31,15,16
10041,08118,115,53,62
10041,08119,84,31,53
10041,08121,12,0,12
10041,08125,51,18,33
10041,08126,41,14,27
10041,08127,86,73,13
10041,08128,21,11,10
10041,08135,22,10,12
10041,08136,72,47,25
10041,08211,27,10,17
10041,08212,220,49,171
10041,08215,148,73,75
10041,08216,81,65,16
10041,08221,94,39,55
10041,08222,392,142,250
10041,08225,10,10,0
10041,08226,287,100,187
10041,08231,27,14,13
10041,08235,13,0,13
10041,08236,28,18,10
10041,08237,0,0,0
10041,08311,84,59,25
10041,08315,59,33,26
10041,08316,19,19,0
10041,08317,137,90,47
10041,08325,0,0,0
10041,08326,28,16,12
10041,08327,0,0,0
10041,08335,38,22,16
10041,08336,48,25,23
10041,08337,11,11,0
10041,08415,29,16,13
10041,08416,38,15,23
10041,08417,0,0,0
10041,08421,140,118,22
10041,08425,22,22,0
10041,08426,42,42,0
10041,08435,72,47,25
10041,08436,40,21,19
10041,08437,0,0,0
10041,09161,85,0,85
10041,09162,570,198,372
10041,09163,0,0,0
10041,09171,0,0,0
10041,09172,0,0,0
10041,09173,10,10,0
10041,09174,0,0,0
10041,09175,0,0,0
10041,09176,0,0,0
10041,09177,19,19,0
10041,09178,30,17,13
10041,09179,16,16,0
10041,09180,0,0,0
10041,09181,10,10,0
10041,09182,11,11,0
10041,09183,0,0,0
10041,09184,236,35,201
10041,09185,0,0,0
10041,09186,20,10,10
10041,09187,0,0,0
10041,09188,21,0,21
10041,09189,14,14,0
10041,09190,0,0,0
10041,09261,0,0,0
10041,09262,0,0,0
10041,09263,0,0,0
10041,09271,0,0,0
10041,09272,0,0,0
10041,09273,0,0,0
10041,09274,0,0,0
10041,09275,0,0,0
10041,09276,0,0,0
10041,09277,0,0,0
10041,09278,36,0,36
10041,09279,15,15,0
10041,09361,0,0,0
10041,09362,10,10,0
10041,09363,0,0,0
10041,09371,0,0,0
10041,09372,0,0,0
10041,09373,0,0,0
10041,09374,0,0,0
10041,09375,0,0,0
10041,09376,0,0,0
10041,09377,0,0,0
10041,09461,0,0,0
10041,09462,0,0,0
10041,09463,0,0,0
10041,09464,0,0,0
10041,09471,11,11,0
10041,09472,10,10,0
10041,09473,0,0,0
10041,09474,0,0,0
10041,09475,0,0,0
10041,09476,0,0,0
10041,09477,0,0,0
10041,09478,0,0,0
10041,09479,0,0,0
10041,09561,0,0,0
10041,09562,35,16,19
10041,09563,16,16,0
10041,09564,112,40,72
10041,09565,0,0,0
10041,09571,18,18,0
10041,09572,12,12,0
10041,09573,11,11,0
10041,09574,16,16,0
10041,09575,0,0,0
10041,09576,0,0,0
10041,09577,0,0,0
10041,09661,23,10,13
10041,09662,10,10,0
10041,09663,28,11,17
10041,09671,35,22,13
10041,09672,0,0,0
10041,09673,0,0,0
10041,09674,0,0,0
10041,09675,0,0,0
10041,09676,0,0,0
10041,09677,23,0,23
10041,09678,12,12,0
10041,09679,15,15,0
10041,09761,27,0,27
10041,09762,0,0,0
10041,09763,0,0,0
10041,09764,11,11,0
10041,09771,13,13,0
10041,09772,15,15,0
10041,09773,0,0,0
10041,09774,10,10,0
10041,09775,16,0,16
10041,09776,0,0,0
10041,09777,0,0,0
10041,09778,21,21,0
10041,09779,0,0,0
10041,09780,0,0,0
10041,10041,0,0,0
10041,10042,4112,2794,1318
10041,10043,17469,11847,5622
10041,10044,25508,15737,9771
10041,10045,20281,11558,8723
10041,10046,5232,4107,1125
10041,11000,699,354,345
10041,12051,0,0,0
10041,12052,13,13,0
10041,12053,0,0,0
10041,12054,19,0,19
10041,12060,13,13,0
10041,12061,48,48,0
10041,12062,0,0,0
10041,12063,28,28,0
10041,12064,0,0,0
10041,12065,0,0,0
10041,12066,0,0,0
10041,12067,0,0,0
10041,12068,0,0,0
10041,12069,0,0,0
10041,12070,0,0,0
10041,12071,11,11,0
10041,12072,0,0,0
10041,12073,0,0,0
10041,13003,13,13,0
10041,13004,0,0,0
10041,13071,0,0,0
10041,13072,98,98,0
10041,13073,0,0,0
10041,13074,12,12,0
10041,13075,12,12,0
10041,13076,0,0,0
10041,14511,0,0,0
10041,14521,0,0,0
10041,14522,0,0,0
10041,14523,16,16,0
10041,14524,13,13,0
10041,14612,30,19,11
10041,14625,10,10,0
10041,14626,0,0,0
10041,14627,0,0,0
10041,14628,0,0,0
10041,14713,50,34,16
10041,14729,10,10,0
10041,14730,15,15,0
10041,15001,0,0,0
10041,15002,16,0,16
10041,15003,16,16,0
10041,15081,0,0,0
10041,15082,0,0,0
10041,15083,10,10,0
10041,15084,15,15,0
10041,15085,12,12,0
10041,15086,0,0,0
10041,15087,0,0,0
10041,15088,17,17,0
10041,15089,0,0,0
10041,15090,0,0,0
10041,15091,0,0,0
10041,16051,11,11,0
10041,16052,0,0,0
10041,16053,0,0,0
10041,16054,0,0,0
10041,16055,0,0,0
10041,16056,0,0,0
10041,16061,0,0,0
10041,16062,0,0,0
10041,16063,0,0,0
10041,16064,0,0,0
10041,16065,0,0,0
10041,16066,0,0,0
10041,16067,33,33,0
10041,16068,0,0,0
10041,16069,0,0,0
10041,16070,12,12,0
10041,16071,0,0,0
10041,16072,0,0,0
10041,16073,0,0,0
10041,16074,0,0,0
10041,16075,0,0,0
10041,16076,0,0,0
10041,16077,0,0,0
10042,01001,0,0,0
10042,01002,0,0,0
10042,01003,0,0,0
10042,01004,13,0,13
10042,01051,0,0,0
10042,01053,0,0,0
10042,01054,0,0,0
10042,01055,0,0,0
10042,01056,0,0,0
10042,01057,0,0,0
10042,01058,0,0,0
10042,01059,0,0,0
10042,01060,0,0,0
10042,01061,0,0,0
10042,01062,0,0,0
10042,02000,46,22,24
10042,03101,0,0,0
10042,03102,0,0,0
10042,03103,0,0,0
10042,03151,0,0,0
10042,03153,0,0,0
10042,03154,0,0,0
10042,03155,0,0,0
10042,03157,0,0,0
10042,03158,0,0,0
10042,03159,0,0,0
10042,03241,21,21,0
10042,03251,0,0,0
10042,03252,0,0,0
10042,03254,0,0,0
10042,03255,0,0,0
10042,03256,0,0,0
10042,03257,0,0,0
10042,03351,0,0,0
10042,03352,0,0,0
10042,03353,0,0,0
10042,03354,0,0,0
10042,03355,0,0,0
10042,03356,0,0,0
10042,03357,0,0,0
10042,03358,0,0,0
10042,03359,0,0,0
10042,03360,0,0,0
10042,03361,0,0,0
10042,03401,0,0,0
10042,03402,0,0,0
10042,03403,0,0,0
10042,03404,0,0,0
10042,03405,0,0,0
10042,03451,0,0,0
10042,03452,0,0,0
10042,03453,0,0,0
10042,03454,0,0,0
10042,03455,0,0,0
10042,03456,0,0,0
10042,03457,0,0,0
10042,03458,0,0,0
10042,03459,45,45,0
10042,03460,0,0,0
10042,03461,0,0,0
10042,03462,0,0,0
10042,04011,0,0,0
10042,04012,0,0,0
10042,05111,75,11,64
10042,05112,21,10,11
10042,05113,10,0,10
10042,05114,0,0,0
10042,05116,0,0,0
10042,05117,0,0,0
10042,05119,0,0,0
10042,05120,0,0,0
10042,05122,0,0,0
10042,05124,0,0,0
10042,05154,0,0,0
10042,05158,0,0,0
10042,05162,0,0,0
10042,05166,0,0,0
10042,05170,0,0,0
10042,05314,0,0,0
10042,05315,67,20,47
10042,05316,0,0,0
10042,05334,0,0,0
10042,05358,0,0,0
10042,05362,0,0,0
10042,05366,0,0,0
10042,05370,0,0,0
10042,05374,11,0,11
10042,05378,0,0,0
10042,05382,11,11,0
10042,05512,0,0,0
10042,05513,0,0,0
10042,05515,0,0,0
10042,05554,0,0,0
10042,05558,0,0,0
10042,05562,0,0,0
10042,05566,0,0,0
10042,05570,0,0,0
10042,05711,0,0,0
10042,05754,0,0,0
10042,05758,0,0,0
10042,05762,0,0,0
10042,05766,0,0,0
10042,05770,0,0,0
10042,05774,0,0,0
10042,05911,0,0,0
10042,05913,10,0,10
10042,05914,0,0,0
10042,05915,0,0,0
10042,05916,0,0,0
10042,05954,13,13,0
10042,05958,0,0,0
10042,05962,15,0,15
10042,05966,0,0,0
10042,05970,0,0,0
10042,05974,0,0,0
10042,05978,0,0,0
10042,06411,0,0,0
10042,06412,95,24,71
10042,06413,0,0,0
10042,06414,40,21,19
10042,06431,0,0,0
10042,06432,11,11,0
10042,06433,24,0,24
10042,06434,0,0,0
10042,06435,39,11,28
10042,06436,15,0,15
10042,06437,0,0,0
10042,06438,34,10,24
10042,06439,0,0,0
10042,06440,0,0,0
10042,06531,0,0,0
10042,06532,0,0,0
10042,06533,0,0,0
10042,06534,0,0,0
10042,06535,0,0,0
10042,06611,0,0,0
10042,06631,0,0,0
10042,06632,0,0,0
10042,06633,0,0,0
10042,06634,0,0,0
10042,06635,0,0,0
10042,06636,0,0,0
10042,07111,18,0,18
10042,07131,0,0,0
10042,07132,0,0,0
10042,07133,15,0,15
10042,07134,188,117,71
10042,07135,18,0,18
10042,07137,0,0,0
10042,07138,18,0,18
10042,07140,13,0,13
10042,07141,0,0,0
10042,07143,0,0,0
10042,07211,957,215,742
10042,07231,132,71,61
10042,07232,37,13,24
10042,07233,19,19,0
10042,07235,2609,1333,1276
10042,07311,0,0,0
10042,07312,79,31,48
10042,07313,0,0,0
10042,07314,14,0,14
10042,07315,28,0,28
10042,07316,41,0,41
10042,07317,24,14,10
10042,07318,0,0,0
10042,07319,0,0,0
10042,07320,44,18,26
10042,07331,0,0,0
10042,07332,23,23,0
10042,07333,14,14,0
10042,07334,10,0,10
10042,07335,53,33,20
10042,07336,34,34,0
10042,07337,0,0,0
10042,07338,10,10,0
10042,07339,0,0,0
10042,07340,38,38,0
10042,08111,23,11,12
10042,08115,15,0,15
10042,08116,25,15,10
10042,08117,10,0,10
10042,08118,19,0,19
10042,08119,0,0,0
10042,08121,0,0,0
10042,08125,17,0,17
10042,08126,0,0,0
10042,08127,0,0,0
10042,08128,0,0,0
10042,08135,0,0,0
10042,08136,0,0,0
10042,08211,0,0,0
10042,08212,24,10,14
10042,08215,0,0,0
10042,08216,0,0,0
10042,08221,0,0,0
10042,08222,47,18,29
10042,08225,0,0,0
10042,08226,38,16,22
10042,08231,0,0,0
10042,08235,0,0,0
10042,08236,0,0,0
10042,08237,0,0,0
10042,08311,0,0,0
10042,08315,0,0,0
10042,08316,0,0,0
10042,08317,14,0,14
10042,08325,0,0,0
10042,08326,0,0,0
10042,08327,0,0,0
10042,08335,0,0,0
10042,08336,0,0,0
10042,08337,0,0,0
10042,08415,0,0,0
10042,08416,0,0,0
10042,08417,0,0,0
10042,08421,0,0,0
10042,08425,0,0,0
10042,08426,0,0,0
10042,08435,0,0,0
10042,08436,0,0,0
10042,08437,0,0,0
10042,09161,0,0,0
10042,09162,73,13,60
10042,09163,0,0,0
10042,09171,0,0,0
10042,09172,0,0,0
10042,09173,0,0,0
10042,09174,0,0,0
10042,09175,0,0,0
10042,09176,0,0,0
10042,09177,0,0,0
10042,09178,0,0,0
10042,09179,0,0,0
10042,09180,0,0,0
10042,09181,0,0,0
10042,09182,0,0,0
10042,09183,0,0,0
10042,09184,28,0,28
10042,09185,0,0,0
10042,09186,0,0,0
10042,09187,0,0,0
10042,09188,0,0,0
10042,09189,0,0,0
10042,09190,0,0,0
10042,09261,0,0,0
10042,09262,0,0,0
10042,09263,0,0,0
10042,09271,0,0,0
10042,09272,0,0,0
10042,09273,0,0,0
10042,09274,0,0,0
10042,09275,0,0,0
10042,09276,0,0,0
10042,09277,0,0,0
10042,09278,0,0,0
10042,09279,0,0,0
10042,09361,0,0,0
10042,09362,0,0,0
10042,09363,0,0,0
10042,09371,0,0,0
10042,09372,0,0,0
10042,09373,0,0,0
10042,09374,0,0,0
10042,09375,0,0,0
10042,09376,0,0,0
10042,09377,0,0,0
10042,09461,0,0,0
10042,09462,0,0,0
10042,09463,0,0,0
10042,09464,0,0,0
10042,09471,0,0,0
10042,09472,0,0,0
10042,09473,0,0,0
10042,09474,0,0,0
10042,09475,0,0,0
10042,09476,0,0,0
10042,09477,0,0,0
10042,09478,0,0,0
10042,09479,43,0,43
10042,09561,0,0,0
10042,09562,0,0,0
10042,09563,0,0,0
10042,09564,14,0,14
10042,09565,0,0,0
10042,09571,0,0,0
10042,09572,0,0,0
10042,09573,0,0,0
10042,09574,0,0,0
10042,09575,0,0,0
10042,09576,0,0,0
10042,09577,0,0,0
10042,09661,0,0,0
10042,09662,0,0,0
10042,09663,0,0,0
10042,09671,0,0,0
10042,09672,0,0,0
10042,09673,0,0,0
10042,09674,0,0,0
10042,09675,0,0,0
10042,09676,0,0,0
10042,09677,0,0,0
10042,09678,0,0,0
10042,09679,0,0,0
10042,09761,0,0,0
10042,09762,0,0,0
10042,09763,0,0,0
10042,09764,0,0,0
10042,09771,0,0,0
10042,09772,0,0,0
10042,09773,0,0,0
10042,09774,0,0,0
10042,09775,17,0,17
10042,09776,0,0,0
10042,09777,0,0,0
10042,09778,0,0,0
10042,09779,0,0,0
10042,09780,11,0,11
10042,10041,4112,1318,2794
10042,10042,0,0,0
10042,10043,927,495,432
10042,10044,11990,5047,6943
10042,10045,536,186,350
10042,10046,2359,1366,993
10042,11000,102,61,41
10042,12051,0,0,0
10042,12052,0,0,0
10042,12053,0,0,0
10042,12054,0,0,0
10042,12060,0,0,0
10042,12061,0,0,0
10042,12062,0,0,0
10042,12063,0,0,0
10042,12064,0,0,0
10042,12065,0,0,0
10042,12066,0,0,0
10042,12067,0,0,0
10042,12068,0,0,0
10042,12069,0,0,0
10042,12070,0,0,0
10042,12071,0,0,0
10042,12072,0,0,0
10042,12073,0,0,0
10042,13003,0,0,0
10042,13004,0,0,0
10042,13071,0,0,0
10042,13072,0,0,0
10042,13073,0,0,0
10042,13074,0,0,0
10042,13075,0,0,0
10042,13076,0,0,0
10042,14511,0,0,0
10042,14521,0,0,0
10042,14522,0,0,0
10042,14523,0,0,0
10042,14524,0,0,0
10042,14612,0,0,0
10042,14625,0,0,0
10042,14626,0,0,0
10042,14627,0,0,0
10042,14628,0,0,0
10042,14713,0,0,0
10042,14729,0,0,0
10042,14730,0,0,0
10042,15001,0,0,0
10042,15002,0,0,0
10042,15003,0,0,0
10042,15081,0,0,0
10042,15082,0,0,0
10042,15083,0,0,0
10042,15084,16,16,0
10042,15085,0,0,0
10042,15086,0,0,0
10042,15087,0,0,0
10042,15088,0,0,0
10042,15089,0,0,0
10042,15090,0,0,0
10042,15091,0,0,0
10042,16051,0,0,0
10042,16052,0,0,0
10042,16053,0,0,0
10042,16054,0,0,0
10042,16055,0,0,0
10042,16056,0,0,0
10042,16061,0,0,0
10042,16062,0,0,0
10042,16063,0,0,0
10042,16064,0,0,0
10042,16065,0,0,0
10042,16066,0,0,0
10042,16067,0,0,0
10042,16068,0,0,0
10042,16069,0,0,0
10042,16070,0,0,0
10042,16071,0,0,0
10042,16072,0,0,0
10042,16073,0,0,0
10042,16074,16,16,0
10042,16075,0,0,0
10042,16076,0,0,0
10042,16077,0,0,0
10043,01001,0,0,0
10043,01002,0,0,0
10043,01003,0,0,0
10043,01004,0,0,0
10043,01051,0,0,0
10043,01053,0,0,0
10043,01054,0,0,0
10043,01055,0,0,0
10043,01056,0,0,0
10043,01057,0,0,0
10043,01058,0,0,0
10043,01059,0,0,0
10043,01060,0,0,0
10043,01061,0,0,0
10043,01062,0,0,0
10043,02000,50,0,50
10043,03101,10,0,10
10043,03102,0,0,0
10043,03103,0,0,0
10043,03151,0,0,0
10043,03153,0,0,0
10043,03154,0,0,0
10043,03155,0,0,0
10043,03157,0,0,0
10043,03158,0,0,0
10043,03159,0,0,0
10043,03241,13,0,13
10043,03251,0,0,0
10043,03252,0,0,0
10043,03254,0,0,0
10043,03255,0,0,0
10043,03256,0,0,0
10043,03257,0,0,0
10043,03351,0,0,0
10043,03352,0,0,0
10043,03353,0,0,0
10043,03354,0,0,0
10043,03355,0,0,0
10043,03356,0,0,0
10043,03357,0,0,0
10043,03358,0,0,0
10043,03359,0,0,0
10043,03360,0,0,0
10043,03361,0,0,0
10043,03401,0,0,0
10043,03402,0,0,0
10043,03403,0,0,0
10043,03404,0,0,0
10043,03405,0,0,0
10043,03451,0,0,0
10043,03452,0,0,0
10043,03453,0,0,0
10043,03454,0,0,0
10043,03455,0,0,0
10043,03456,0,0,0
10043,03457,0,0,0
10043,03458,0,0,0
10043,03459,0,0,0
10043,03460,0,0,0
10043,03461,0,0,0
10043,03462,0,0,0
10043,04011,12,0,12
10043,04012,0,0,0
10043,05111,56,0,56
10043,05112,12,0,12
10043,05113,132,11,121
10043,05114,0,0,0
10043,05116,10,10,0
10043,05117,0,0,0
10043,05119,0,0,0
10043,05120,0,0,0
10043,05122,0,0,0
10043,05124,0,0,0
10043,05154,0,0,0
10043,05158,0,0,0
10043,05162,14,0,14
10043,05166,0,0,0
10043,05170,0,0,0
10043,05314,12,0,12
10043,05315,65,0,65
10043,05316,0,0,0
10043,05334,0,0,0
10043,05358,10,0,10
10043,05362,0,0,0
10043,05366,10,10,0
10043,05370,0,0,0
10043,05374,0,0,0
10043,05378,0,0,0
10043,05382,13,0,13
10043,05512,0,0,0
10043,05513,0,0,0
10043,05515,0,0,0
10043,05554,0,0,0
10043,05558,0,0,0
10043,05562,0,0,0
10043,05566,0,0,0
10043,05570,0,0,0
10043,05711,0,0,0
10043,05754,13,0,13
10043,05758,0,0,0
10043,05762,0,0,0
10043,05766,0,0,0
10043,05770,0,0,0
10043,05774,0,0,0
10043,05911,0,0,0
10043,05913,29,0,29
10043,05914,0,0,0
10043,05915,0,0,0
10043,05916,28,0,28
10043,05954,0,0,0
10043,05958,0,0,0
10043,05962,0,0,0
10043,05966,0,0,0
10043,05970,0,0,0
10043,05974,0,0,0
10043,05978,10,0,10
10043,06411,16,0,16
10043,06412,166,16,150
10043,06413,13,0,13
10043,06414,37,11,26
10043,06431,11,0,11
10043,06432,23,0,23
10043,06433,24,0,24
10043,06434,21,0,21
10043,06435,23,0,23
10043,06436,24,11,13
10043,06437,20,20,0
10043,06438,33,0,33
10043,06439,0,0,0
10043,06440,0,0,0
10043,06531,0,0,0
10043,06532,10,0,10
10043,06533,0,0,0
10043,06534,0,0,0
10043,06535,0,0,0
10043,06611,0,0,0
10043,06631,0,0,0
10043,06632,0,0,0
10043,06633,0,0,0
10043,06634,0,0,0
10043,06635,0,0,0
10043,06636,0,0,0
10043,07111,24,0,24
10043,07131,0,0,0
10043,07132,0,0,0
10043,07133,59,11,48
10043,07134,309,177,132
10043,07135,62,0,62
10043,07137,0,0,0
10043,07138,113,0,113
10043,07140,21,0,21
10043,07141,0,0,0
10043,07143,13,0,13
10043,07211,134,30,104
10043,07231,61,28,33
10043,07232,76,66,10
10043,07233,0,0,0
10043,07235,163,67,96
10043,07311,19,0,19
10043,07312,391,96,295
10043,07313,15,15,0
10043,07314,65,10,55
10043,07315,57,0,57
10043,07316,18,0,18
10043,07317,186,64,122
10043,07318,14,0,14
10043,07319,0,0,0
10043,07320,844,373,471
10043,07331,24,0,24
10043,07332,21,11,10
10043,07333,32,13,19
10043,07334,14,0,14
10043,07335,440,250,190
10043,07336,872,720,152
10043,07337,14,0,14
10043,07338,13,0,13
10043,07339,25,0,25
10043,07340,366,308,58
10043,08111,50,0,50
10043,08115,15,0,15
10043,08116,25,0,25
10043,08117,0,0,0
10043,08118,36,0,36
10043,08119,0,0,0
10043,08121,12,0,12
10043,08125,23,0,23
10043,08126,11,0,11
10043,08127,22,12,10
10043,08128,46,46,0
10043,08135,0,0,0
10043,08136,0,0,0
10043,08211,0,0,0
10043,08212,47,0,47
10043,08215,19,0,19
10043,08216,10,10,0
10043,08221,16,0,16
10043,08222,82,15,67
10043,08225,0,0,0
10043,08226,72,14,58
10043,08231,0,0,0
10043,08235,0,0,0
10043,08236,0,0,0
10043,08237,0,0,0
10043,08311,10,0,10
10043,08315,30,30,0
10043,08316,44,44,0
10043,08317,42,31,11
10043,08325,0,0,0
10043,08326,0,0,0
10043,08327,0,0,0
10043,08335,0,0,0
10043,08336,0,0,0
10043,08337,0,0,0
10043,08415,14,0,14
10043,08416,0,0,0
10043,08417,0,0,0
10043,08421,0,0,0
10043,08425,0,0,0
10043,08426,0,0,0
10043,08435,0,0,0
10043,08436,0,0,0
10043,08437,0,0,0
10043,09161,0,0,0
10043,09162,68,0,68
10043,09163,0,0,0
10043,09171,0,0,0
10043,09172,0,0,0
10043,09173,0,0,0
10043,09174,0,0,0
10043,09175,0,0,0
10043,09176,0,0,0
10043,09177,0,0,0
10043,09178,0,0,0
10043,09179,0,0,0
10043,09180,0,0,0
10043,09181,0,0,0
10043,09182,0,0,0
10043,09183,0,0,0
10043,09184,38,0,38
10043,09185,0,0,0
10043,09186,0,0,0
10043,09187,0,0,0
10043,09188,0,0,0
10043,09189,0,0,0
10043,09190,0,0,0
10043,09261,0,0,0
10043,09262,0,0,0
10043,09263,0,0,0
10043,09271,0,0,0
10043,09272,0,0,0
10043,09273,0,0,0
10043,09274,0,0,0
10043,09275,0,0,0
10043,09276,0,0,0
10043,09277,0,0,0
10043,09278,0,0,0
10043,09279,0,0,0
10043,09361,0,0,0
10043,09362,0,0,0
10043,09363,0,0,0
10043,09371,0,0,0
10043,09372,0,0,0
10043,09373,0,0,0
10043,09374,0,0,0
10043,09375,0,0,0
10043,09376,0,0,0
10043,09377,0,0,0
10043,09461,0,0,0
10043,09462,0,0,0
10043,09463,0,0,0
10043,09464,0,0,0
10043,09471,0,0,0
10043,09472,0,0,0
10043,09473,0,0,0
10043,09474,0,0,0
10043,09475,0,0,0
10043,09476,0,0,0
10043,09477,0,0,0
10043,09478,0,0,0
10043,09479,0,0,0
10043,09561,0,0,0
10043,09562,0,0,0
10043,09563,0,0,0
10043,09564,16,0,16
10043,09565,0,0,0
10043,09571,0,0,0
10043,09572,0,0,0
10043,09573,0,0,0
10043,09574,0,0,0
10043,09575,0,0,0
10043,09576,0,0,0
10043,09577,0,0,0
10043,09661,0,0,0
10043,09662,0,0,0
10043,09663,0,0,0
10043,09671,10,0,10
10043,09672,0,0,0
10043,09673,0,0,0
10043,09674,0,0,0
10043,09675,0,0,0
10043,09676,0,0,0
10043,09677,0,0,0
10043,09678,0,0,0
10043,09679,0,0,0
10043,09761,0,0,0
10043,09762,0,0,0
10043,09763,0,0,0
10043,09764,0,0,0
10043,09771,0,0,0
10043,09772,0,0,0
10043,09773,0,0,0
10043,09774,0,0,0
10043,09775,10,0,10
10043,09776,0,0,0
10043,09777,0,0,0
10043,09778,0,0,0
10043,09779,0,0,0
10043,09780,0,0,0
10043,10041,17469,5622,11847
10043,10042,927,432,495
10043,10043,0,0,0
10043,10044,4641,1883,2758
10043,10045,11050,3806,7244
10043,10046,6326,3649,2677
10043,11000,81,15,66
10043,12051,0,0,0
10043,12052,0,0,0
10043,12053,0,0,0
10043,12054,0,0,0
10043,12060,0,0,0
10043,12061,0,0,0
10043,12062,0,0,0
10043,12063,0,0,0
10043,12064,0,0,0
10043,12065,0,0,0
10043,12066,0,0,0
10043,12067,0,0,0
10043,12068,0,0,0
10043,12069,0,0,0
10043,12070,0,0,0
10043,12071,0,0,0
10043,12072,0,0,0
10043,12073,0,0,0
10043,13003,0,0,0
10043,13004,0,0,0
10043,13071,0,0,0
10043,13072,0,0,0
10043,13073,0,0,0
10043,13074,0,0,0
10043,13075,0,0,0
10043,13076,0,0,0
10043,14511,0,0,0
10043,14521,0,0,0
10043,14522,0,0,0
10043,14523,0,0,0
10043,14524,0,0,0
10043,14612,0,0,0
10043,14625,0,0,0
10043,14626,0,0,0
10043,14627,0,0,0
10043,14628,0,0,0
10043,14713,0,0,0
10043,14729,11,11,0
10043,14730,0,0,0
10043,15001,38,38,0
10043,15002,30,0,30
10043,15003,0,0,0
10043,15081,0,0,0
10043,15082,0,0,0
10043,15083,0,0,0
10043,15084,0,0,0
10043,15085,0,0,0
10043,15086,0,0,0
10043,15087,0,0,0
10043,15088,0,0,0
10043,15089,0,0,0
10043,15090,0,0,0
10043,15091,11,11,0
10043,16051,0,0,0
10043,16052,0,0,0
10043,16053,0,0,0
10043,16054,0,0,0
10043,16055,0,0,0
10043,16056,0,0,0
10043,16061,0,0,0
10043,16062,0,0,0
10043,16063,0,0,0
10043,16064,0,0,0
10043,16065,0,0,0
10043,16066,0,0,0
10043,16067,0,0,0
10043,16068,0,0,0
10043,16069,0,0,0
10043,16070,0,0,0
10043,16071,0,0,0
10043,16072,0,0,0
10043,16073,0,0,0
10043,16074,0,0,0
10043,16075,0,0,0
10043,16076,0,0,0
10043,16077,0,0,0
10044,01001,0,0,0
10044,01002,0,0,0
10044,01003,0,0,0
10044,01004,11,0,11
10044,01051,0,0,0
10044,01053,0,0,0
10044,01054,0,0,0
10044,01055,0,0,0
10044,01056,0,0,0
10044,01057,0,0,0
10044,01058,0,0,0
10044,01059,0,0,0
10044,01060,0,0,0
10044,01061,0,0,0
10044,01062,0,0,0
10044,02000,58,0,58
10044,03101,0,0,0
10044,03102,0,0,0
10044,03103,0,0,0
10044,03151,0,0,0
10044,03153,0,0,0
10044,03154,0,0,0
10044,03155,0,0,0
10044,03157,0,0,0
10044,03158,0,0,0
10044,03159,0,0,0
10044,03241,21,0,21
10044,03251,0,0,0
10044,03252,0,0,0
10044,03254,0,0,0
10044,03255,0,0,0
10044,03256,0,0,0
10044,03257,0,0,0
10044,03351,0,0,0
10044,03352,0,0,0
10044,03353,0,0,0
10044,03354,0,0,0
10044,03355,12,12,0
10044,03356,0,0,0
10044,03357,0,0,0
10044,03358,0,0,0
10044,03359,0,0,0
10044,03360,0,0,0
10044,03361,0,0,0
10044,03401,0,0,0
10044,03402,26,0,26
10044,03403,0,0,0
10044,03404,0,0,0
10044,03405,0,0,0
10044,03451,0,0,0
10044,03452,0,0,0
10044,03453,0,0,0
10044,03454,10,0,10
10044,03455,0,0,0
10044,03456,0,0,0
10044,03457,0,0,0
10044,03458,0,0,0
10044,03459,0,0,0
10044,03460,0,0,0
10044,03461,0,0,0
10044,03462,0,0,0
10044,04011,11,0,11
10044,04012,0,0,0
10044,05111,83,0,83
10044,05112,0,0,0
10044,05113,59,0,59
10044,05114,0,0,0
10044,05116,0,0,0
10044,05117,15,0,15
10044,05119,0,0,0
10044,05120,0,0,0
10044,05122,0,0,0
10044,05124,0,0,0
10044,05154,10,0,10
10044,05158,26,0,26
10044,05162,26,0,26
10044,05166,0,0,0
10044,05170,0,0,0
10044,05314,16,0,16
10044,05315,158,22,136
10044,05316,0,0,0
10044,05334,34,20,14
10044,05358,0,0,0
10044,05362,17,0,17
10044,05366,0,0,0
10044,05370,0,0,0
10044,05374,21,0,21
10044,05378,0,0,0
10044,05382,15,0,15
10044,05512,0,0,0
10044,05513,0,0,0
10044,05515,15,0,15
10044,05554,18,18,0
10044,05558,18,18,0
10044,05562,28,15,13
10044,05566,15,0,15
10044,05570,11,0,11
10044,05711,0,0,0
10044,05754,54,35,19
10044,05758,0,0,0
10044,05762,0,0,0
10044,05766,0,0,0
10044,05770,0,0,0
10044,05774,0,0,0
10044,05911,0,0,0
10044,05913,33,0,33
10044,05914,0,0,0
10044,05915,0,0,0
10044,05916,25,0,25
10044,05954,0,0,0
10044,05958,0,0,0
10044,05962,0,0,0
10044,05966,0,0,0
10044,05970,0,0,0
10044,05974,0,0,0
10044,05978,55,28,27
10044,06411,18,0,18
10044,06412,174,23,151
10044,06413,0,0,0
10044,06414,66,19,47
10044,06431,30,12,18
10044,06432,28,16,12
10044,06433,60,40,20
10044,06434,28,0,28
10044,06435,36,12,24
10044,06436,31,0,31
10044,06437,0,0,0
10044,06438,77,37,40
10044,06439,19,0,19
10044,06440,0,0,0
10044,06531,0,0,0
10044,06532,17,0,17
10044,06533,0,0,0
10044,06534,0,0,0
10044,06535,0,0,0
10044,06611,0,0,0
10044,06631,0,0,0
10044,06632,0,0,0
10044,06633,0,0,0
10044,06634,0,0,0
10044,06635,0,0,0
10044,06636,0,0,0
10044,07111,32,0,32
10044,07131,0,0,0
10044,07132,0,0,0
10044,07133,46,20,26
10044,07134,146,75,71
10044,07135,21,10,11
10044,07137,16,16,0
10044,07138,93,0,93
10044,07140,36,22,14
10044,07141,0,0,0
10044,07143,14,0,14
10044,07211,410,92,318
10044,07231,69,45,24
10044,07232,16,16,0
10044,07233,11,11,0
10044,07235,407,220,187
10044,07311,0,0,0
10044,07312,164,65,99
10044,07313,10,10,0
10044,07314,96,40,56
10044,07315,75,25,50
10044,07316,194,0,194
10044,07317,73,29,44
10044,07318,0,0,0
10044,07319,12,0,12
10044,07320,216,106,110
10044,07331,23,12,11
10044,07332,25,14,11
10044,07333,25,11,14
10044,07334,31,20,11
10044,07335,147,93,54
10044,07336,108,82,26
10044,07337,20,20,0
10044,07338,37,25,12
10044,07339,37,18,19
10044,07340,93,71,22
10044,08111,68,11,57
10044,08115,18,0,18
10044,08116,29,0,29
10044,08117,0,0,0
10044,08118,36,0,36
10044,08119,12,0,12
10044,08121,14,0,14
10044,08125,13,0,13
10044,08126,16,0,16
10044,08127,0,0,0
10044,08128,0,0,0
10044,08135,0,0,0
10044,08136,11,0,11
10044,08211,0,0,0
10044,08212,57,0,57
10044,08215,34,10,24
10044,08216,0,0,0
10044,08221,14,0,14
10044,08222,132,30,102
10044,08225,0,0,0
10044,08226,84,23,61
10044,08231,0,0,0
10044,08235,10,0,10
10044,08236,10,0,10
10044,08237,0,0,0
10044,08311,11,0,11
10044,08315,0,0,0
10044,08316,0,0,0
10044,08317,15,0,15
10044,08325,0,0,0
10044,08326,0,0,0
10044,08327,0,0,0
10044,08335,0,0,0
10044,08336,0,0,0
10044,08337,10,0,10
10044,08415,0,0,0
10044,08416,49,0,49
10044,08417,0,0,0
10044,08421,0,0,0
10044,08425,0,0,0
10044,08426,0,0,0
10044,08435,0,0,0
10044,08436,0,0,0
10044,08437,0,0,0
10044,09161,0,0,0
10044,09162,124,16,108
10044,09163,0,0,0
10044,09171,0,0,0
10044,09172,0,0,0
10044,09173,0,0,0
10044,09174,0,0,0
10044,09175,0,0,0
10044,09176,0,0,0
10044,09177,0,0,0
10044,09178,0,0,0
10044,09179,0,0,0
10044,09180,0,0,0
10044,09181,0,0,0
10044,09182,0,0,0
10044,09183,0,0,0
10044,09184,61,0,61
10044,09185,0,0,0
10044,09186,0,0,0
10044,09187,0,0,0
10044,09188,0,0,0
10044,09189,0,0,0
10044,09190,0,0,0
10044,09261,0,0,0
10044,09262,0,0,0
10044,09263,0,0,0
10044,09271,0,0,0
10044,09272,0,0,0
10044,09273,0,0,0
10044,09274,0,0,0
10044,09275,0,0,0
10044,09276,0,0,0
10044,09277,0,0,0
10044,09278,0,0,0
10044,09279,0,0,0
10044,09361,0,0,0
10044,09362,0,0,0
10044,09363,0,0,0
10044,09371,0,0,0
10044,09372,0,0,0
10044,09373,0,0,0
10044,09374,0,0,0
10044,09375,0,0,0
10044,09376,0,0,0
10044,09377,0,0,0
10044,09461,0,0,0
10044,09462,0,0,0
10044,09463,0,0,0
10044,09464,0,0,0
10044,09471,0,0,0
10044,09472,0,0,0
10044,09473,0,0,0
10044,09474,0,0,0
10044,09475,0,0,0
10044,09476,0,0,0
10044,09477,0,0,0
10044,09478,0,0,0
10044,09479,0,0,0
10044,09561,0,0,0
10044,09562,0,0,0
10044,09563,0,0,0
10044,09564,69,0,69
10044,09565,0,0,0
10044,09571,0,0,0
10044,09572,0,0,0
10044,09573,0,0,0
10044,09574,0,0,0
10044,09575,0,0,0
10044,09576,0,0,0
10044,09577,0,0,0
10044,09661,0,0,0
10044,09662,0,0,0
10044,09663,0,0,0
10044,09671,0,0,0
10044,09672,0,0,0
10044,09673,0,0,0
10044,09674,0,0,0
10044,09675,0,0,0
10044,09676,0,0,0
10044,09677,0,0,0
10044,09678,0,0,0
10044,09679,0,0,0
10044,09761,0,0,0
10044,09762,0,0,0
10044,09763,0,0,0
10044,09764,0,0,0
10044,09771,0,0,0
10044,09772,0,0,0
10044,09773,0,0,0
10044,09774,0,0,0
10044,09775,16,0,16
10044,09776,0,0,0
10044,09777,0,0,0
10044,09778,0,0,0
10044,09779,0,0,0
10044,09780,31,0,31
10044,10041,25508,9771,15737
10044,10042,11990,6943,5047
10044,10043,4641,2758,1883
10044,10044,0,0,0
10044,10045,2441,876,1565
10044,10046,2557,1487,1070
10044,11000,121,25,96
10044,12051,0,0,0
10044,12052,0,0,0
10044,12053,0,0,0
10044,12054,0,0,0
10044,12060,0,0,0
10044,12061,0,0,0
10044,12062,11,0,11
10044,12063,0,0,0
10044,12064,0,0,0
10044,12065,0,0,0
10044,12066,0,0,0
10044,12067,16,16,0
10044,12068,0,0,0
10044,12069,0,0,0
10044,12070,0,0,0
10044,12071,0,0,0
10044,12072,0,0,0
10044,12073,0,0,0
10044,13003,0,0,0
10044,13004,0,0,0
10044,13071,0,0,0
10044,13072,0,0,0
10044,13073,0,0,0
10044,13074,0,0,0
10044,13075,0,0,0
10044,13076,0,0,0
10044,14511,0,0,0
10044,14521,0,0,0
10044,14522,0,0,0
10044,14523,0,0,0
10044,14524,0,0,0
10044,14612,0,0,0
10044,14625,0,0,0
10044,14626,0,0,0
10044,14627,0,0,0
10044,14628,0,0,0
10044,14713,11,11,0
10044,14729,10,10,0
10044,14730,0,0,0
10044,15001,0,0,0
10044,15002,0,0,0
10044,15003,0,0,0
10044,15081,0,0,0
10044,15082,0,0,0
10044,15083,0,0,0
10044,15084,0,0,0
10044,15085,0,0,0
10044,15086,0,0,0
10044,15087,0,0,0
10044,15088,0,0,0
10044,15089,0,0,0
10044,15090,0,0,0
10044,15091,0,0,0
10044,16051,0,0,0
10044,16052,0,0,0
10044,16053,0,0,0
10044,16054,0,0,0
10044,16055,0,0,0
10044,16056,0,0,0
10044,16061,0,0,0
10044,16062,0,0,0
10044,16063,0,0,0
10044,16064,0,0,0
10044,16065,0,0,0
10044,16066,0,0,0
10044,16067,0,0,0
10044,16068,0,0,0
10044,16069,0,0,0
10044,16070,0,0,0
10044,16071,0,0,0
10044,16072,0,0,0
10044,16073,0,0,0
10044,16074,0,0,0
10044,16075,0,0,0
10044,16076,0,0,0
10044,16077,0,0,0
10045,01001,0,0,0
10045,01002,0,0,0
10045,01003,0,0,0
10045,01004,0,0,0
10045,01051,0,0,0
10045,01053,0,0,0
10045,01054,0,0,0
10045,01055,0,0,0
10045,01056,0,0,0
10045,01057,0,0,0
10045,01058,0,0,0
10045,01059,0,0,0
10045,01060,0,0,0
10045,01061,0,0,0
10045,01062,0,0,0
10045,02000,76,17,59
10045,03101,13,0,13
10045,03102,0,0,0
10045,03103,0,0,0
10045,03151,0,0,0
10045,03153,0,0,0
10045,03154,0,0,0
10045,03155,0,0,0
10045,03157,0,0,0
10045,03158,0,0,0
10045,03159,0,0,0
10045,03241,26,0,26
10045,03251,0,0,0
10045,03252,0,0,0
10045,03254,0,0,0
10045,03255,0,0,0
10045,03256,0,0,0
10045,03257,0,0,0
10045,03351,0,0,0
10045,03352,0,0,0
10045,03353,0,0,0
10045,03354,0,0,0
10045,03355,0,0,0
10045,03356,0,0,0
10045,03357,0,0,0
10045,03358,0,0,0
10045,03359,0,0,0
10045,03360,0,0,0
10045,03361,0,0,0
10045,03401,0,0,0
10045,03402,0,0,0
10045,03403,0,0,0
10045,03404,0,0,0
10045,03405,0,0,0
10045,03451,0,0,0
10045,03452,0,0,0
10045,03453,0,0,0
10045,03454,0,0,0
10045,03455,0,0,0
10045,03456,0,0,0
10045,03457,0,0,0
10045,03458,0,0,0
10045,03459,0,0,0
10045,03460,0,0,0
10045,03461,0,0,0
10045,03462,0,0,0
10045,04011,11,0,11
10045,04012,0,0,0
10045,05111,90,15,75
10045,05112,27,0,27
10045,05113,50,0,50
10045,05114,0,0,0
10045,05116,0,0,0
10045,05117,0,0,0
10045,05119,0,0,0
10045,05120,0,0,0
10045,05122,0,0,0
10045,05124,0,0,0
10045,05154,0,0,0
10045,05158,14,0,14
10045,05162,13,0,13
10045,05166,0,0,0
10045,05170,0,0,0
10045,05314,27,0,27
10045,05315,80,16,64
10045,05316,0,0,0
10045,05334,29,14,15
10045,05358,0,0,0
10045,05362,30,17,13
10045,05366,0,0,0
10045,05370,0,0,0
10045,05374,15,0,15
10045,05378,0,0,0
10045,05382,23,11,12
10045,05512,0,0,0
10045,05513,0,0,0
10045,05515,0,0,0
10045,05554,0,0,0
10045,05558,0,0,0
10045,05562,0,0,0
10045,05566,0,0,0
10045,05570,0,0,0
10045,05711,0,0,0
10045,05754,0,0,0
10045,05758,0,0,0
10045,05762,0,0,0
10045,05766,0,0,0
10045,05770,0,0,0
10045,05774,0,0,0
10045,05911,14,14,0
10045,05913,31,11,20
10045,05914,0,0,0
10045,05915,0,0,0
10045,05916,12,0,12
10045,05954,0,0,0
10045,05958,0,0,0
10045,05962,10,10,0
10045,05966,0,0,0
10045,05970,13,0,13
10045,05974,0,0,0
10045,05978,20,20,0
10045,06411,40,10,30
10045,06412,203,35,168
10045,06413,13,0,13
10045,06414,51,22,29
10045,06431,52,36,16
10045,06432,15,0,15
10045,06433,58,19,39
10045,06434,36,0,36
10045,06435,18,0,18
10045,06436,43,10,33
10045,06437,0,0,0
10045,06438,33,0,33
10045,06439,27,16,11
10045,06440,0,0,0
10045,06531,0,0,0
10045,06532,12,0,12
10045,06533,0,0,0
10045,06534,0,0,0
10045,06535,0,0,0
10045,06611,0,0,0
10045,06631,0,0,0
10045,06632,0,0,0
10045,06633,0,0,0
10045,06634,0,0,0
10045,06635,0,0,0
10045,06636,0,0,0
10045,07111,48,17,31
10045,07131,0,0,0
10045,07132,0,0,0
10045,07133,58,36,22
10045,07134,162,100,62
10045,07135,0,0,0
10045,07137,46,31,15
10045,07138,33,0,33
10045,07140,15,15,0
10045,07141,16,16,0
10045,07143,40,25,15
10045,07211,105,40,65
10045,07231,50,29,21
10045,07232,11,11,0
10045,07233,0,0,0
10045,07235,118,76,42
10045,07311,26,0,26
10045,07312,1114,432,682
10045,07313,77,28,49
10045,07314,144,54,90
10045,07315,92,14,78
10045,07316,37,23,14
10045,07317,716,359,357
10045,07318,136,13,123
10045,07319,20,20,0
10045,07320,4576,2750,1826
10045,07331,45,19,26
10045,07332,86,61,25
10045,07333,84,56,28
10045,07334,57,30,27
10045,07335,2194,1750,444
10045,07336,4608,4078,530
10045,07337,67,43,24
10045,07338,50,34,16
10045,07339,84,22,62
10045,07340,2701,2483,218
10045,08111,97,21,76
10045,08115,15,0,15
10045,08116,65,14,51
10045,08117,15,0,15
10045,08118,81,57,24
10045,08119,28,12,16
10045,08121,0,0,0
10045,08125,26,0,26
10045,08126,0,0,0
10045,08127,0,0,0
10045,08128,0,0,0
10045,08135,0,0,0
10045,08136,17,0,17
10045,08211,0,0,0
10045,08212,129,35,94
10045,08215,84,56,28
10045,08216,27,12,15
10045,08221,52,13,39
10045,08222,182,50,132
10045,08225,0,0,0
10045,08226,156,75,81
10045,08231,11,0,11
10045,08235,0,0,0
10045,08236,13,13,0
10045,08237,0,0,0
10045,08311,0,0,0
10045,08315,26,14,12
10045,08316,12,12,0
10045,08317,42,15,27
10045,08325,0,0,0
10045,08326,0,0,0
10045,08327,0,0,0
10045,08335,10,10,0
10045,08336,0,0,0
10045,08337,0,0,0
10045,08415,19,0,19
10045,08416,0,0,0
10045,08417,0,0,0
10045,08421,14,0,14
10045,08425,0,0,0
10045,08426,0,0,0
10045,08435,10,0,10
10045,08436,0,0,0
10045,08437,0,0,0
10045,09161,0,0,0
10045,09162,133,14,119
10045,09163,0,0,0
10045,09171,0,0,0
10045,09172,0,0,0
10045,09173,0,0,0
10045,09174,0,0,0
10045,09175,0,0,0
10045,09176,0,0,0
10045,09177,0,0,0
10045,09178,0,0,0
10045,09179,0,0,0
10045,09180,0,0,0
10045,09181,0,0,0
10045,09182,0,0,0
10045,09183,0,0,0
10045,09184,65,0,65
10045,09185,0,0,0
10045,09186,0,0,0
10045,09187,10,0,10
10045,09188,0,0,0
10045,09189,0,0,0
10045,09190,0,0,0
10045,09261,0,0,0
10045,09262,0,0,0
10045,09263,0,0,0
10045,09271,0,0,0
10045,09272,0,0,0
10045,09273,0,0,0
10045,09274,0,0,0
10045,09275,0,0,0
10045,09276,0,0,0
10045,09277,0,0,0
10045,09278,15,0,15
10045,09279,0,0,0
10045,09361,0,0,0
10045,09362,0,0,0
10045,09363,0,0,0
10045,09371,0,0,0
10045,09372,0,0,0
10045,09373,0,0,0
10045,09374,0,0,0
10045,09375,0,0,0
10045,09376,0,0,0
10045,09377,0,0,0
10045,09461,0,0,0
10045,09462,0,0,0
10045,09463,0,0,0
10045,09464,0,0,0
10045,09471,0,0,0
10045,09472,0,0,0
10045,09473,0,0,0
10045,09474,0,0,0
10045,09475,0,0,0
10045,09476,0,0,0
10045,09477,0,0,0
10045,09478,0,0,0
10045,09479,0,0,0
10045,09561,0,0,0
10045,09562,0,0,0
10045,09563,0,0,0
10045,09564,33,10,23
10045,09565,0,0,0
10045,09571,0,0,0
10045,09572,12,0,12
10045,09573,0,0,0
10045,09574,0,0,0
10045,09575,0,0,0
10045,09576,0,0,0
10045,09577,0,0,0
10045,09661,0,0,0
10045,09662,0,0,0
10045,09663,0,0,0
10045,09671,10,0,10
10045,09672,0,0,0
10045,09673,0,0,0
10045,09674,0,0,0
10045,09675,0,0,0
10045,09676,0,0,0
10045,09677,0,0,0
10045,09678,0,0,0
10045,09679,0,0,0
10045,09761,10,0,10
10045,09762,0,0,0
10045,09763,0,0,0
10045,09764,0,0,0
10045,09771,0,0,0
10045,09772,0,0,0
10045,09773,0,0,0
10045,09774,0,0,0
10045,09775,0,0,0
10045,09776,0,0,0
10045,09777,0,0,0
10045,09778,0,0,0
10045,09779,0,0,0
10045,09780,0,0,0
10045,10041,20281,8723,11558
10045,10042,536,350,186
10045,10043,11050,7244,3806
10045,10044,2441,1565,876
10045,10045,0,0,0
10045,10046,1848,1392,456
10045,11000,219,125,94
10045,12051,0,0,0
10045,12052,0,0,0
10045,12053,0,0,0
10045,12054,0,0,0
10045,12060,0,0,0
10045,12061,0,0,0
10045,12062,0,0,0
10045,12063,0,0,0
10045,12064,0,0,0
10045,12065,10,10,0
10045,12066,0,0,0
10045,12067,0,0,0
10045,12068,0,0,0
10045,12069,0,0,0
10045,12070,0,0,0
10045,12071,0,0,0
10045,12072,0,0,0
10045,12073,0,0,0
10045,13003,0,0,0
10045,13004,0,0,0
10045,13071,0,0,0
10045,13072,0,0,0
10045,13073,0,0,0
10045,13074,0,0,0
10045,13075,0,0,0
10045,13076,0,0,0
10045,14511,0,0,0
10045,14521,0,0,0
10045,14522,0,0,0
10045,14523,0,0,0
10045,14524,0,0,0
10045,14612,0,0,0
10045,14625,0,0,0
10045,14626,0,0,0
10045,14627,0,0,0
10045,14628,0,0,0
10045,14713,0,0,0
10045,14729,0,0,0
10045,14730,0,0,0
10045,15001,0,0,0
10045,15002,53,0,53
10045,15003,0,0,0
10045,15081,0,0,0
10045,15082,0,0,0
10045,15083,0,0,0
10045,15084,0,0,0
10045,15085,0,0,0
10045,15086,0,0,0
10045,15087,0,0,0
10045,15088,0,0,0
10045,15089,0,0,0
10045,15090,0,0,0
10045,15091,0,0,0
10045,16051,0,0,0
10045,16052,0,0,0
10045,16053,0,0,0
10045,16054,0,0,0
10045,16055,0,0,0
10045,16056,0,0,0
10045,16061,0,0,0
10045,16062,0,0,0
10045,16063,0,0,0
10045,16064,0,0,0
10045,16065,0,0,0
10045,16066,0,0,0
10045,16067,0,0,0
10045,16068,0,0,0
10045,16069,0,0,0
10045,16070,0,0,0
10045,16071,0,0,0
10045,16072,0,0,0
10045,16073,0,0,0
10045,16074,0,0,0
10045,16075,0,0,0
10045,16076,0,0,0
10045,16077,0,0,0
10046,01001,0,0,0
10046,01002,0,0,0
10046,01003,0,0,0
10046,01004,0,0,0
10046,01051,0,0,0
10046,01053,0,0,0
10046,01054,0,0,0
10046,01055,0,0,0
10046,01056,0,0,0
10046,01057,0,0,0
10046,01058,0,0,0
10046,01059,0,0,0
10046,01060,0,0,0
10046,01061,0,0,0
10046,01062,0,0,0
10046,02000,29,0,29
10046,03101,0,0,0
10046,03102,0,0,0
10046,03103,0,0,0
10046,03151,0,0,0
10046,03153,0,0,0
10046,03154,0,0,0
10046,03155,0,0,0
10046,03157,0,0,0
10046,03158,0,0,0
10046,03159,0,0,0
10046,03241,0,0,0
10046,03251,0,0,0
10046,03252,0,0,0
10046,03254,0,0,0
10046,03255,0,0,0
10046,03256,0,0,0
10046,03257,0,0,0
10046,03351,0,0,0
10046,03352,0,0,0
10046,03353,0,0,0
10046,03354,0,0,0
10046,03355,0,0,0
10046,03356,0,0,0
10046,03357,0,0,0
10046,03358,0,0,0
10046,03359,0,0,0
10046,03360,0,0,0
10046,03361,0,0,0
10046,03401,0,0,0
10046,03402,0,0,0
10046,03403,0,0,0
10046,03404,0,0,0
10046,03405,0,0,0
10046,03451,0,0,0
10046,03452,0,0,0
10046,03453,0,0,0
10046,03454,0,0,0
10046,03455,0,0,0
10046,03456,0,0,0
10046,03457,0,0,0
10046,03458,0,0,0
10046,03459,0,0,0
10046,03460,0,0,0
10046,03461,0,0,0
10046,03462,0,0,0
10046,04011,0,0,0
10046,04012,0,0,0
10046,05111,20,0,20
10046,05112,0,0,0
10046,05113,36,0,36
10046,05114,0,0,0
10046,05116,0,0,0
10046,05117,0,0,0
10046,05119,0,0,0
10046,05120,0,0,0
10046,05122,0,0,0
10046,05124,0,0,0
10046,05154,0,0,0
10046,05158,0,0,0
10046,05162,0,0,0
10046,05166,0,0,0
10046,05170,0,0,0
10046,05314,10,0,10
10046,05315,55,10,45
10046,05316,0,0,0
10046,05334,0,0,0
10046,05358,0,0,0
10046,05362,0,0,0
10046,05366,0,0,0
10046,05370,0,0,0
10046,05374,11,0,11
10046,05378,0,0,0
10046,05382,17,17,0
10046,05512,0,0,0
10046,05513,0,0,0
10046,05515,0,0,0
10046,05554,0,0,0
10046,05558,0,0,0
10046,05562,0,0,0
10046,05566,0,0,0
10046,05570,0,0,0
10046,05711,0,0,0
10046,05754,0,0,0
10046,05758,0,0,0
10046,05762,0,0,0
10046,05766,0,0,0
10046,05770,0,0,0
10046,05774,0,0,0
10046,05911,0,0,0
10046,05913,11,0,11
10046,05914,0,0,0
10046,05915,0,0,0
10046,05916,15,0,15
10046,05954,0,0,0
10046,05958,0,0,0
10046,05962,0,0,0
10046,05966,0,0,0
10046,05970,0,0,0
10046,05974,0,0,0
10046,05978,0,0,0
10046,06411,13,0,13
10046,06412,122,11,111
10046,06413,0,0,0
10046,06414,25,0,25
10046,06431,0,0,0
10046,06432,0,0,0
10046,06433,38,0,38
10046,06434,18,0,18
10046,06435,18,0,18
10046,06436,15,0,15
10046,06437,0,0,0
10046,06438,15,0,15
10046,06439,0,0,0
10046,06440,0,0,0
10046,06531,0,0,0
10046,06532,0,0,0
10046,06533,0,0,0
10046,06534,0,0,0
10046,06535,0,0,0
10046,06611,0,0,0
10046,06631,0,0,0
10046,06632,0,0,0
10046,06633,0,0,0
10046,06634,0,0,0
10046,06635,0,0,0
10046,06636,0,0,0
10046,07111,25,0,25
10046,07131,0,0,0
10046,07132,0,0,0
10046,07133,82,29,53
10046,07134,2354,1287,1067
10046,07135,0,0,0
10046,07137,0,0,0
10046,07138,86,0,86
10046,07140,23,13,10
10046,07141,0,0,0
10046,07143,0,0,0
10046,07211,401,50,351
10046,07231,241,103,138
10046,07232,42,26,16
10046,07233,0,0,0
10046,07235,1035,517,518
10046,07311,0,0,0
10046,07312,273,44,229
10046,07313,10,10,0
10046,07314,55,0,55
10046,07315,70,0,70
10046,07316,0,0,0
10046,07317,75,20,55
10046,07318,10,0,10
10046,07319,0,0,0
10046,07320,162,39,123
10046,07331,0,0,0
10046,07332,0,0,0
10046,07333,31,0,31
10046,07334,12,0,12
10046,07335,235,103,132
10046,07336,1113,817,296
10046,07337,12,0,12
10046,07338,12,0,12
10046,07339,18,0,18
10046,07340,100,63,37
10046,08111,21,0,21
10046,08115,0,0,0
10046,08116,12,0,12
10046,08117,0,0,0
10046,08118,13,0,13
10046,08119,0,0,0
10046,08121,0,0,0
10046,08125,15,0,15
10046,08126,14,14,0
10046,08127,0,0,0
10046,08128,0,0,0
10046,08135,0,0,0
10046,08136,0,0,0
10046,08211,0,0,0
10046,08212,27,0,27
10046,08215,0,0,0
10046,08216,0,0,0
10046,08221,0,0,0
10046,08222,63,0,63
10046,08225,0,0,0
10046,08226,24,0,24
10046,08231,0,0,0
10046,08235,0,0,0
10046,08236,0,0,0
10046,08237,0,0,0
10046,08311,0,0,0
10046,08315,0,0,0
10046,08316,0,0,0
10046,08317,11,0,11
10046,08325,0,0,0
10046,08326,0,0,0
10046,08327,0,0,0
10046,08335,0,0,0
10046,08336,0,0,0
10046,08337,0,0,0
10046,08415,0,0,0
10046,08416,0,0,0
10046,08417,0,0,0
10046,08421,0,0,0
10046,08425,0,0,0
10046,08426,0,0,0
10046,08435,0,0,0
10046,08436,0,0,0
10046,08437,0,0,0
10046,09161,0,0,0
10046,09162,41,0,41
10046,09163,0,0,0
10046,09171,0,0,0
10046,09172,0,0,0
10046,09173,0,0,0
10046,09174,0,0,0
10046,09175,0,0,0
10046,09176,0,0,0
10046,09177,0,0,0
10046,09178,0,0,0
10046,09179,0,0,0
10046,09180,0,0,0
10046,09181,0,0,0
10046,09182,0,0,0
10046,09183,0,0,0
10046,09184,22,0,22
10046,09185,0,0,0
10046,09186,0,0,0
10046,09187,0,0,0
10046,09188,0,0,0
10046,09189,0,0,0
10046,09190,0,0,0
10046,09261,0,0,0
10046,09262,0,0,0
10046,09263,0,0,0
10046,09271,0,0,0
10046,09272,0,0,0
10046,09273,0,0,0
10046,09274,0,0,0
10046,09275,0,0,0
10046,09276,0,0,0
10046,09277,0,0,0
10046,09278,0,0,0
10046,09279,0,0,0
10046,09361,0,0,0
10046,09362,0,0,0
10046,09363,0,0,0
10046,09371,0,0,0
10046,09372,0,0,0
10046,09373,0,0,0
10046,09374,0,0,0
10046,09375,0,0,0
10046,09376,0,0,0
10046,09377,0,0,0
10046,09461,0,0,0
10046,09462,0,0,0
10046,09463,0,0,0
10046,09464,0,0,0
10046,09471,0,0,0
10046,09472,0,0,0
10046,09473,0,0,0
10046,09474,0,0,0
10046,09475,0,0,0
10046,09476,0,0,0
10046,09477,0,0,0
10046,09478,0,0,0
10046,09479,0,0,0
10046,09561,0,0,0
10046,09562,0,0,0
10046,09563,0,0,0
10046,09564,15,0,15
10046,09565,0,0,0
10046,09571,0,0,0
10046,09572,0,0,0
10046,09573,0,0,0
10046,09574,0,0,0
10046,09575,0,0,0
10046,09576,0,0,0
10046,09577,0,0,0
10046,09661,0,0,0
10046,09662,0,0,0
10046,09663,0,0,0
10046,09671,0,0,0
10046,09672,0,0,0
10046,09673,0,0,0
10046,09674,0,0,0
10046,09675,0,0,0
10046,09676,0,0,0
10046,09677,0,0,0
10046,09678,0,0,0
10046,09679,0,0,0
10046,09761,0,0,0
10046,09762,0,0,0
10046,09763,0,0,0
10046,09764,0,0,0
10046,09771,0,0,0
10046,09772,0,0,0
10046,09773,0,0,0
10046,09774,0,0,0
10046,09775,12,0,12
10046,09776,0,0,0
10046,09777,0,0,0
10046,09778,0,0,0
10046,09779,0,0,0
10046,09780,0,0,0
10046,10041,5232,1125,4107
10046,10042,2359,993,1366
10046,10043,6326,2677,3649
10046,10044,2557,1070,1487
10046,10045,1848,456,1392
10046,10046,0,0,0
10046,11000,67,38,29
10046,12051,0,0,0
10046,12052,0,0,0
10046,12053,0,0,0
10046,12054,0,0,0
10046,12060,0,0,0
10046,12061,0,0,0
10046,12062,0,0,0
10046,12063,0,0,0
10046,12064,0,0,0
10046,12065,0,0,0
10046,12066,0,0,0
10046,12067,0,0,0
10046,12068,0,0,0
10046,12069,0,0,0
10046,12070,0,0,0
10046,12071,0,0,0
10046,12072,0,0,0
10046,12073,0,0,0
10046,13003,0,0,0
10046,13004,0,0,0
10046,13071,0,0,0
10046,13072,0,0,0
10046,13073,0,0,0
10046,13074,0,0,0
10046,13075,0,0,0
10046,13076,0,0,0
10046,14511,11,11,0
10046,14521,0,0,0
10046,14522,0,0,0
10046,14523,0,0,0
10046,14524,0,0,0
10046,14612,0,0,0
10046,14625,0,0,0
10046,14626,0,0,0
10046,14627,0,0,0
10046,14628,0,0,0
10046,14713,0,0,0
10046,14729,0,0,0
10046,14730,0,0,0
10046,15001,0,0,0
10046,15002,0,0,0
10046,15003,0,0,0
10046,15081,0,0,0
10046,15082,0,0,0
10046,15083,0,0,0
10046,15084,0,0,0
10046,15085,0,0,0
10046,15086,0,0,0
10046,15087,0,0,0
10046,15088,0,0,0
10046,15089,0,0,0
10046,15090,0,0,0
10046,15091,0,0,0
10046,16051,0,0,0
10046,16052,0,0,0
10046,16053,0,0,0
10046,16054,0,0,0
10046,16055,0,0,0
10046,16056,0,0,0
10046,16061,0,0,0
10046,16062,0,0,0
10046,16063,0,0,0
10046,16064,0,0,0
10046,16065,0,0,0
10046,16066,0,0,0
10046,16067,0,0,0
10046,16068,0,0,0
10046,16069,0,0,0
10046,16070,0,0,0
10046,16071,0,0,0
10046,16072,0,0,0
10046,16073,0,0,0
10046,16074,0,0,0
10046,16075,0,0,0
10046,16076,0,0,0
10046,16077,0,0,0
11000,01001,287,169,118
11000,01002,801,449,352
11000,01003,747,398,349
11000,01004,823,98,725
11000,01051,174,142,32
11000,01053,578,297,281
11000,01054,360,203,157
11000,01055,369,248,121
11000,01056,724,514,210
11000,01057,207,175,32
11000,01058,420,270,150
11000,01059,242,190,52
11000,01060,660,360,300
11000,01061,173,140,33
11000,01062,742,436,306
11000,02000,14716,6108,8608
11000,03101,1239,573,666
11000,03102,232,141,91
11000,03103,1583,298,1285
11000,03151,377,249,128
11000,03153,258,175,83
11000,03154,147,113,34
11000,03155,201,115,86
11000,03157,255,215,40
11000,03158,255,180,75
11000,03159,885,547,338
11000,03241,4780,2485,2295
11000,03251,207,156,51
11000,03252,226,133,93
11000,03254,629,466,163
11000,03255,69,47,22
11000,03256,154,114,40
11000,03257,273,242,31
11000,03351,301,204,97
11000,03352,198,135,63
11000,03353,610,409,201
11000,03354,134,100,34
11000,03355,584,299,285
11000,03356,149,114,35
11000,03357,261,177,84
11000,03358,243,140,103
11000,03359,331,240,91
11000,03360,129,90,39
11000,03361,207,107,100
11000,03401,82,30,52
11000,03402,48,32,16
11000,03403,572,376,196
11000,03404,623,323,300
11000,03405,127,105,22
11000,03451,237,125,112
11000,03452,179,90,89
11000,03453,185,126,59
11000,03454,405,183,222
11000,03455,104,83,21
11000,03456,95,61,34
11000,03457,151,102,49
11000,03458,231,167,64
11000,03459,395,263,132
11000,03460,124,74,50
11000,03461,86,66,20
11000,03462,53,34,19
11000,04011,2082,1020,1062
11000,04012,157,81,76
11000,05111,4794,1541,3253
11000,05112,739,416,323
11000,05113,1778,785,993
11000,05114,523,395,128
11000,05116,345,226,119
11000,05117,368,200,168
11000,05119,260,146,114
11000,05120,82,44,38
11000,05122,222,118,104
11000,05124,539,324,215
11000,05154,315,199,116
11000,05158,1154,499,655
11000,05162,976,473,503
11000,05166,465,256,209
11000,05170,635,309,326
11000,05314,3656,927,2729
11000,05315,7324,2729,4595
11000,05316,249,119,130
11000,05334,1026,570,456
11000,05358,347,212,135
11000,05362,964,543,421
11000,05366,149,110,39
11000,05370,195,143,52
11000,05374,466,168,298
11000,05378,436,326,110
11000,05382,1737,796,941
11000,05512,144,83,61
11000,05513,285,194,91
11000,05515,1037,645,392
11000,05554,328,195,133
11000,05558,210,169,41
11000,05562,705,516,189
11000,05566,487,282,205
11000,05570,245,165,80
11000,05711,785,460,325
11000,05754,752,264,488
11000,05758,283,198,85
11000,05762,143,106,37
11000,05766,504,326,178
11000,05770,416,257,159
11000,05774,446,277,169
11000,05911,745,437,308
11000,05913,1692,815,877
11000,05914,260,155,105
11000,05915,444,125,319
11000,05916,168,113,55
11000,05954,372,253,119
11000,05958,239,136,103
11000,05962,396,208,188
11000,05966,78,47,31
11000,05970,258,143,115
11000,05974,279,179,100
11000,05978,500,310,190
11000,06411,602,274,328
11000,06412,8184,2003,6181
11000,06413,361,225,136
11000,06414,1084,467,617
11000,06431,311,196,115
11000,06432,588,245,343
11000,06433,478,246,232
11000,06434,1446,358,1088
11000,06435,977,430,547
11000,06436,1367,322,1045
11000,06437,58,47,11
11000,06438,1139,398,741
11000,06439,309,187,122
11000,06440,508,343,165
11000,06531,404,267,137
11000,06532,243,131,112
11000,06533,224,161,63
11000,06534,489,345,144
11000,06535,133,106,27
11000,06611,664,363,301
11000,06631,287,184,103
11000,06632,249,177,72
11000,06633,252,205,47
11000,06634,177,132,45
11000,06635,216,90,126
11000,06636,116,89,27
11000,07111,261,139,122
11000,07131,194,137,57
11000,07132,105,60,45
11000,07133,157,100,57
11000,07134,87,35,52
11000,07135,104,104,0
11000,07137,242,172,70
11000,07138,208,125,83
11000,07140,157,49,108
11000,07141,158,128,30
11000,07143,230,130,100
11000,07211,180,120,60
11000,07231,76,50,26
11000,07232,46,29,17
11000,07233,49,31,18
11000,07235,72,60,12
11000,07311,33,15,18
11000,07312,162,93,69
11000,07313,145,43,102
11000,07314,276,135,141
11000,07315,1205,397,808
11000,07316,46,32,14
11000,07317,38,28,10
11000,07318,63,38,25
11000,07319,112,74,38
11000,07320,31,31,0
11000,07331,103,82,21
11000,07332,144,127,17
11000,07333,34,34,0
11000,07334,121,96,25
11000,07335,53,53,0
11000,07336,21,21,0
11000,07337,90,69,21
11000,07338,143,112,31
11000,07339,252,167,85
11000,07340,47,47,0
11000,08111,3005,1186,1819
11000,08115,549,272,277
11000,08116,985,422,563
11000,08117,224,127,97
11000,08118,949,404,545
11000,08119,418,257,161
11000,08121,224,144,80
11000,08125,463,257,206
11000,08126,182,64,118
11000,08127,149,76,73
11000,08128,164,81,83
11000,08135,131,89,42
11000,08136,270,159,111
11000,08211,147,72,75
11000,08212,1097,484,613
11000,08215,566,297,269
11000,08216,233,160,73
11000,08221,775,381,394
11000,08222,1208,543,665
11000,08225,91,60,31
11000,08226,889,482,407
11000,08231,173,85,88
11000,08235,124,83,41
11000,08236,199,112,87
11000,08237,91,56,35
11000,08311,810,475,335
11000,08315,358,278,80
11000,08316,138,96,42
11000,08317,418,223,195
11000,08325,99,70,29
11000,08326,240,119,121
11000,08327,120,71,49
11000,08335,492,262,230
11000,08336,309,146,163
11000,08337,146,91,55
11000,08415,302,173,129
11000,08416,374,267,107
11000,08417,160,91,69
11000,08421,284,135,149
11000,08425,242,111,131
11000,08426,150,91,59
11000,08435,324,200,124
11000,08436,273,184,89
11000,08437,125,105,20
11000,09161,272,108,164
11000,09162,11533,3701,7832
11000,09163,131,61,70
11000,09171,54,30,24
11000,09172,116,55,61
11000,09173,171,127,44
11000,09174,195,126,69
11000,09175,222,172,50
11000,09176,105,65,40
11000,09177,247,131,116
11000,09178,838,182,656
11000,09179,314,208,106
11000,09180,102,84,18
11000,09181,145,102,43
11000,09182,210,121,89
11000,09183,89,59,30
11000,09184,2171,540,1631
11000,09185,83,56,27
11000,09186,217,75,142
11000,09187,353,170,183
11000,09188,434,170,264
11000,09189,182,78,104
11000,09190,143,110,33
11000,09261,64,47,17
11000,09262,151,68,83
11000,09263,36,21,15
11000,09271,135,56,79
11000,09272,29,29,0
11000,09273,75,54,21
11000,09274,124,101,23
11000,09275,118,90,28
11000,09276,37,25,12
11000,09277,649,605,44
11000,09278,37,37,0
11000,09279,72,43,29
11000,09361,38,22,16
11000,09362,320,184,136
11000,09363,58,21,37
11000,09371,48,28,20
11000,09372,57,34,23
11000,09373,164,70,94
11000,09374,36,26,10
11000,09375,122,94,28
11000,09376,85,49,36
11000,09377,25,25,0
11000,09461,192,120,72
11000,09462,271,137,134
11000,09463,207,56,151
11000,09464,65,47,18
11000,09471,169,96,73
11000,09472,67,53,14
11000,09473,85,57,28
11000,09474,103,80,23
11000,09475,121,76,45
11000,09476,59,45,14
11000,09477,88,51,37
11000,09478,141,110,31
11000,09479,59,34,25
11000,09561,44,28,16
11000,09562,543,150,393
11000,09563,263,175,88
11000,09564,1691,642,1049
11000,09565,71,28,43
11000,09571,120,68,52
11000,09572,396,128,268
11000,09573,134,105,29
11000,09574,189,116,73
11000,09575,77,65,12
11000,09576,123,74,49
11000,09577,51,29,22
11000,09661,105,53,52
11000,09662,65,47,18
11000,09663,389,217,172
11000,09671,190,119,71
11000,09672,69,48,21
11000,09673,75,57,18
11000,09674,61,44,17
11000,09675,87,47,40
11000,09676,129,72,57
11000,09677,91,59,32
11000,09678,95,63,32
11000,09679,218,135,83
11000,09761,473,284,189
11000,09762,34,19,15
11000,09763,87,45,42
11000,09764,36,19,17
11000,09771,118,88,30
11000,09772,200,126,74
11000,09773,69,39,30
11000,09774,80,58,22
11000,09775,170,97,73
11000,09776,85,50,35
11000,09777,119,61,58
11000,09778,102,65,37
11000,09779,101,44,57
11000,09780,241,88,153
11000,10041,699,345,354
11000,10042,102,41,61
11000,10043,81,66,15
11000,10044,121,96,25
11000,10045,219,94,125
11000,10046,67,29,38
11000,11000,0,0,0
11000,12051,2645,2074,571
11000,12052,2321,1518,803
11000,12053,2681,1605,1076
11000,12054,33620,19138,14482
11000,12060,37091,29658,7433
11000,12061,36667,22021,14646
11000,12062,940,787,153
11000,12063,27756,22243,5513
11000,12064,36035,27290,8745
11000,12065,44824,35002,9822
11000,12066,1269,934,335
11000,12067,17346,13622,3724
11000,12068,3472,2422,1050
11000,12069,29691,21038,8653
11000,12070,848,645,203
11000,12071,1060,859,201
11000,12072,30243,19975,10268
11000,12073,2531,1935,596
11000,13003,1522,1070,452
11000,13004,594,347,247
11000,13071,2313,1762,551
11000,13072,1066,813,253
11000,13073,1325,929,396
11000,13074,523,394,129
11000,13075,1995,1498,497
11000,13076,875,739,136
11000,14511,1072,548,524
11000,14521,461,318,143
11000,14522,616,453,163
11000,14523,375,283,92
11000,14524,535,375,160
11000,14612,3782,2351,1431
11000,14625,1128,762,366
11000,14626,779,650,129
11000,14627,703,464,239
11000,14628,680,501,179
11000,14713,5437,3243,2194
11000,14729,818,655,163
11000,14730,738,502,236
11000,15001,675,394,281
11000,15002,1512,835,677
11000,15003,1838,1234,604
11000,15081,220,185,35
11000,15082,749,563,186
11000,15083,613,481,132
11000,15084,686,339,347
11000,15085,484,314,170
11000,15086,683,570,113
11000,15087,334,245,89
11000,15088,700,491,209
11000,15089,510,411,99
11000,15090,776,621,155
11000,15091,1081,832,249
11000,16051,1002,567,435
11000,16052,341,220,121
11000,16053,597,317,280
11000,16054,72,49,23
11000,16055,323,183,140
11000,16056,86,52,34
11000,16061,141,93,48
11000,16062,157,116,41
11000,16063,174,115,59
11000,16064,133,104,29
11000,16065,110,89,21
11000,16066,312,229,83
11000,16067,252,193,59
11000,16068,120,107,13
11000,16069,58,58,0
11000,16070,239,178,61
11000,16071,194,151,43
11000,16072,45,30,15
11000,16073,165,126,39
11000,16074,183,114,69
11000,16075,109,96,13
11000,16076,165,113,52
11000,16077,168,116,52
12051,01001,0,0,0
12051,01002,0,0,0
12051,01003,18,0,18
12051,01004,0,0,0
12051,01051,0,0,0
12051,01053,0,0,0
12051,01054,0,0,0
12051,01055,0,0,0
12051,01056,0,0,0
12051,01057,0,0,0
12051,01058,18,0,18
12051,01059,0,0,0
12051,01060,0,0,0
12051,01061,0,0,0
12051,01062,11,0,11
12051,02000,61,0,61
12051,03101,11,0,11
12051,03102,0,0,0
12051,03103,11,0,11
12051,03151,0,0,0
12051,03153,0,0,0
12051,03154,0,0,0
12051,03155,0,0,0
12051,03157,0,0,0
12051,03158,0,0,0
12051,03159,0,0,0
12051,03241,49,12,37
12051,03251,0,0,0
12051,03252,0,0,0
12051,03254,0,0,0
12051,03255,0,0,0
12051,03256,0,0,0
12051,03257,0,0,0
12051,03351,0,0,0
12051,03352,0,0,0
12051,03353,0,0,0
12051,03354,0,0,0
12051,03355,0,0,0
12051,03356,0,0,0
12051,03357,0,0,0
12051,03358,0,0,0
12051,03359,0,0,0
12051,03360,0,0,0
12051,03361,0,0,0
12051,03401,0,0,0
12051,03402,0,0,0
12051,03403,0,0,0
12051,03404,0,0,0
12051,03405,0,0,0
12051,03451,13,0,13
12051,03452,0,0,0
12051,03453,0,0,0
12051,03454,0,0,0
12051,03455,0,0,0
12051,03456,0,0,0
12051,03457,0,0,0
12051,03458,0,0,0
12051,03459,10,0,10
12051,03460,0,0,0
12051,03461,0,0,0
12051,03462,10,0,10
12051,04011,10,0,10
12051,04012,0,0,0
12051,05111,21,0,21
12051,05112,0,0,0
12051,05113,0,0,0
12051,05114,0,0,0
12051,05116,0,0,0
12051,05117,0,0,0
12051,05119,19,0,19
12051,05120,0,0,0
12051,05122,0,0,0
12051,05124,0,0,0
12051,05154,0,0,0
12051,05158,10,0,10
12051,05162,0,0,0
12051,05166,0,0,0
12051,05170,0,0,0
12051,05314,0,0,0
12051,05315,15,0,15
12051,05316,0,0,0
12051,05334,0,0,0
12051,05358,0,0,0
12051,05362,10,0,10
12051,05366,0,0,0
12051,05370,0,0,0
12051,05374,0,0,0
12051,05378,0,0,0
12051,05382,0,0,0
12051,05512,0,0,0
12051,05513,0,0,0
12051,05515,0,0,0
12051,05554,0,0,0
12051,05558,0,0,0
12051,05562,0,0,0
12051,05566,0,0,0
12051,05570,0,0,0
12051,05711,0,0,0
12051,05754,12,0,12
12051,05758,0,0,0
12051,05762,0,0,0
12051,05766,0,0,0
12051,05770,0,0,0
12051,05774,0,0,0
12051,05911,0,0,0
12051,05913,0,0,0
12051,05914,0,0,0
12051,05915,0,0,0
12051,05916,0,0,0
12051,05954,0,0,0
12051,05958,0,0,0
12051,05962,0,0,0
12051,05966,0,0,0
12051,05970,0,0,0
12051,05974,0,0,0
12051,05978,0,0,0
12051,06411,0,0,0
12051,06412,24,0,24
12051,06413,0,0,0
12051,06414,0,0,0
12051,06431,0,0,0
12051,06432,0,0,0
12051,06433,0,0,0
12051,06434,18,0,18
12051,06435,0,0,0
12051,06436,0,0,0
12051,06437,0,0,0
12051,06438,0,0,0
12051,06439,0,0,0
12051,06440,0,0,0
12051,06531,0,0,0
12051,06532,0,0,0
12051,06533,0,0,0
12051,06534,0,0,0
12051,06535,0,0,0
12051,06611,0,0,0
12051,06631,0,0,0
12051,06632,0,0,0
12051,06633,0,0,0
12051,06634,0,0,0
12051,06635,0,0,0
12051,06636,0,0,0
12051,07111,0,0,0
12051,07131,0,0,0
12051,07132,0,0,0
12051,07133,0,0,0
12051,07134,0,0,0
12051,07135,0,0,0
12051,07137,0,0,0
12051,07138,0,0,0
12051,07140,0,0,0
12051,07141,0,0,0
12051,07143,0,0,0
12051,07211,0,0,0
12051,07231,0,0,0
12051,07232,0,0,0
12051,07233,0,0,0
12051,07235,0,0,0
12051,07311,0,0,0
12051,07312,0,0,0
12051,07313,0,0,0
12051,07314,0,0,0
12051,07315,10,0,10
12051,07316,0,0,0
12051,07317,0,0,0
12051,07318,0,0,0
12051,07319,0,0,0
12051,07320,0,0,0
12051,07331,0,0,0
12051,07332,0,0,0
12051,07333,0,0,0
12051,07334,0,0,0
12051,07335,0,0,0
12051,07336,0,0,0
12051,07337,0,0,0
12051,07338,0,0,0
12051,07339,0,0,0
12051,07340,0,0,0
12051,08111,15,0,15
12051,08115,0,0,0
12051,08116,0,0,0
12051,08117,0,0,0
12051,08118,0,0,0
12051,08119,0,0,0
12051,08121,0,0,0
12051,08125,0,0,0
12051,08126,0,0,0
12051,08127,0,0,0
12051,08128,0,0,0
12051,08135,0,0,0
12051,08136,0,0,0
12051,08211,0,0,0
12051,08212,10,0,10
12051,08215,0,0,0
12051,08216,0,0,0
12051,08221,0,0,0
12051,08222,0,0,0
12051,08225,0,0,0
12051,08226,0,0,0
12051,08231,10,0,10
12051,08235,0,0,0
12051,08236,0,0,0
12051,08237,0,0,0
12051,08311,0,0,0
12051,08315,0,0,0
12051,08316,0,0,0
12051,08317,0,0,0
12051,08325,0,0,0
12051,08326,0,0,0
12051,08327,0,0,0
12051,08335,0,0,0
12051,08336,0,0,0
12051,08337,0,0,0
12051,08415,0,0,0
12051,08416,0,0,0
12051,08417,0,0,0
12051,08421,0,0,0
12051,08425,0,0,0
12051,08426,0,0,0
12051,08435,0,0,0
12051,08436,0,0,0
12051,08437,0,0,0
12051,09161,0,0,0
12051,09162,48,0,48
12051,09163,0,0,0
12051,09171,0,0,0
12051,09172,0,0,0
12051,09173,0,0,0
12051,09174,0,0,0
12051,09175,0,0,0
12051,09176,0,0,0
12051,09177,0,0,0
12051,09178,0,0,0
12051,09179,0,0,0
12051,09180,0,0,0
12051,09181,0,0,0
12051,09182,0,0,0
12051,09183,0,0,0
12051,09184,21,0,21
12051,09185,0,0,0
12051,09186,0,0,0
12051,09187,0,0,0
12051,09188,0,0,0
12051,09189,0,0,0
12051,09190,0,0,0
12051,09261,0,0,0
12051,09262,0,0,0
12051,09263,0,0,0
12051,09271,0,0,0
12051,09272,0,0,0
12051,09273,0,0,0
12051,09274,0,0,0
12051,09275,0,0,0
12051,09276,0,0,0
12051,09277,0,0,0
12051,09278,0,0,0
12051,09279,0,0,0
12051,09361,0,0,0
12051,09362,0,0,0
12051,09363,0,0,0
12051,09371,0,0,0
12051,09372,0,0,0
12051,09373,0,0,0
12051,09374,0,0,0
12051,09375,0,0,0
12051,09376,0,0,0
12051,09377,0,0,0
12051,09461,0,0,0
12051,09462,0,0,0
12051,09463,0,0,0
12051,09464,0,0,0
12051,09471,0,0,0
12051,09472,0,0,0
12051,09473,0,0,0
12051,09474,0,0,0
12051,09475,0,0,0
12051,09476,0,0,0
12051,09477,0,0,0
12051,09478,0,0,0
12051,09479,0,0,0
12051,09561,0,0,0
12051,09562,0,0,0
12051,09563,0,0,0
12051,09564,0,0,0
12051,09565,0,0,0
12051,09571,0,0,0
12051,09572,0,0,0
12051,09573,0,0,0
12051,09574,0,0,0
12051,09575,0,0,0
12051,09576,0,0,0
12051,09577,0,0,0
12051,09661,0,0,0
12051,09662,0,0,0
12051,09663,0,0,0
12051,09671,0,0,0
12051,09672,0,0,0
12051,09673,0,0,0
12051,09674,0,0,0
12051,09675,0,0,0
12051,09676,0,0,0
12051,09677,0,0,0
12051,09678,0,0,0
12051,09679,0,0,0
12051,09761,0,0,0
12051,09762,0,0,0
12051,09763,0,0,0
12051,09764,0,0,0
12051,09771,0,0,0
12051,09772,0,0,0
12051,09773,0,0,0
12051,09774,0,0,0
12051,09775,0,0,0
12051,09776,0,0,0
12051,09777,0,0,0
12051,09778,0,0,0
12051,09779,0,0,0
12051,09780,0,0,0
12051,10041,0,0,0
12051,10042,0,0,0
12051,10043,0,0,0
12051,10044,0,0,0
12051,10045,0,0,0
12051,10046,0,0,0
12051,11000,2645,571,2074
12051,12051,0,0,0
12051,12052,55,34,21
12051,12053,80,34,46
12051,12054,2460,492,1968
12051,12060,71,52,19
12051,12061,147,52,95
12051,12062,61,61,0
12051,12063,3367,2378,989
12051,12064,121,70,51
12051,12065,158,99,59
12051,12066,24,24,0
12051,12067,95,50,45
12051,12068,270,169,101
12051,12069,8627,6131,2496
12051,12070,95,83,12
12051,12071,38,38,0
12051,12072,308,106,202
12051,12073,44,34,10
12051,13003,11,0,11
12051,13004,0,0,0
12051,13071,24,13,11
12051,13072,10,10,0
12051,13073,0,0,0
12051,13074,0,0,0
12051,13075,10,10,0
12051,13076,14,14,0
12051,14511,13,0,13
12051,14521,0,0,0
12051,14522,0,0,0
12051,14523,0,0,0
12051,14524,0,0,0
12051,14612,44,18,26
12051,14625,10,10,0
12051,14626,0,0,0
12051,14627,11,0,11
12051,14628,0,0,0
12051,14713,75,17,58
12051,14729,0,0,0
12051,14730,0,0,0
12051,15001,13,13,0
12051,15002,28,16,12
12051,15003,212,76,136
12051,15081,13,13,0
12051,15082,24,24,0
12051,15083,44,30,14
12051,15084,0,0,0
12051,15085,17,17,0
12051,15086,919,701,218
12051,15087,11,11,0
12051,15088,23,13,10
12051,15089,0,0,0
12051,15090,165,104,61
12051,15091,68,49,19
12051,16051,0,0,0
12051,16052,0,0,0
12051,16053,0,0,0
12051,16054,0,0,0
12051,16055,0,0,0
12051,16056,0,0,0
12051,16061,0,0,0
12051,16062,0,0,0
12051,16063,0,0,0
12051,16064,0,0,0
12051,16065,0,0,0
12051,16066,0,0,0
12051,16067,0,0,0
12051,16068,0,0,0
12051,16069,0,0,0
12051,16070,0,0,0
12051,16071,0,0,0
12051,16072,0,0,0
12051,16073,0,0,0
12051,16074,0,0,0
12051,16075,0,0,0
12051,16076,0,0,0
12051,16077,0,0,0
12052,01001,0,0,0
12052,01002,0,0,0
12052,01003,0,0,0
12052,01004,0,0,0
12052,01051,0,0,0
12052,01053,0,0,0
12052,01054,24,0,24
12052,01055,0,0,0
12052,01056,0,0,0
12052,01057,0,0,0
12052,01058,0,0,0
12052,01059,0,0,0
12052,01060,0,0,0
12052,01061,0,0,0
12052,01062,0,0,0
12052,02000,110,23,87
12052,03101,0,0,0
12052,03102,0,0,0
12052,03103,13,0,13
12052,03151,0,0,0
12052,03153,0,0,0
12052,03154,0,0,0
12052,03155,0,0,0
12052,03157,0,0,0
12052,03158,0,0,0
12052,03159,0,0,0
12052,03241,50,16,34
12052,03251,0,0,0
12052,03252,0,0,0
12052,03254,0,0,0
12052,03255,0,0,0
12052,03256,0,0,0
12052,03257,0,0,0
12052,03351,11,0,11
12052,03352,0,0,0
12052,03353,0,0,0
12052,03354,0,0,0
12052,03355,0,0,0
12052,03356,0,0,0
12052,03357,0,0,0
12052,03358,0,0,0
12052,03359,0,0,0
12052,03360,0,0,0
12052,03361,0,0,0
12052,03401,0,0,0
12052,03402,0,0,0
12052,03403,0,0,0
12052,03404,0,0,0
12052,03405,0,0,0
12052,03451,0,0,0
12052,03452,0,0,0
12052,03453,0,0,0
12052,03454,13,0,13
12052,03455,0,0,0
12052,03456,0,0,0
12052,03457,0,0,0
12052,03458,0,0,0
12052,03459,12,0,12
12052,03460,0,0,0
12052,03461,0,0,0
12052,03462,0,0,0
12052,04011,19,0,19
12052,04012,0,0,0
12052,05111,23,0,23
12052,05112,35,24,11
12052,05113,15,0,15
12052,05114,0,0,0
12052,05116,0,0,0
12052,05117,0,0,0
12052,05119,0,0,0
12052,05120,0,0,0
12052,05122,0,0,0
12052,05124,0,0,0
12052,05154,0,0,0
12052,05158,11,0,11
12052,05162,0,0,0
12052,05166,0,0,0
12052,05170,11,0,11
12052,05314,15,0,15
12052,05315,68,14,54
12052,05316,0,0,0
12052,05334,0,0,0
12052,05358,0,0,0
12052,05362,0,0,0
12052,05366,0,0,0
12052,05370,0,0,0
12052,05374,0,0,0
12052,05378,0,0,0
12052,05382,18,0,18
12052,05512,0,0,0
12052,05513,0,0,0
12052,05515,0,0,0
12052,05554,0,0,0
12052,05558,0,0,0
12052,05562,13,0,13
12052,05566,0,0,0
12052,05570,0,0,0
12052,05711,0,0,0
12052,05754,15,0,15
12052,05758,0,0,0
12052,05762,0,0,0
12052,05766,0,0,0
12052,05770,0,0,0
12052,05774,0,0,0
12052,05911,0,0,0
12052,05913,0,0,0
12052,05914,0,0,0
12052,05915,0,0,0
12052,05916,0,0,0
12052,05954,0,0,0
12052,05958,0,0,0
12052,05962,0,0,0
12052,05966,0,0,0
12052,05970,0,0,0
12052,05974,0,0,0
12052,05978,0,0,0
12052,06411,0,0,0
12052,06412,49,0,49
12052,06413,0,0,0
12052,06414,0,0,0
12052,06431,0,0,0
12052,06432,0,0,0
12052,06433,0,0,0
12052,06434,0,0,0
12052,06435,0,0,0
12052,06436,0,0,0
12052,06437,0,0,0
12052,06438,23,0,23
12052,06439,0,0,0
12052,06440,0,0,0
12052,06531,0,0,0
12052,06532,0,0,0
12052,06533,0,0,0
12052,06534,0,0,0
12052,06535,0,0,0
12052,06611,0,0,0
12052,06631,10,0,10
12052,06632,0,0,0
12052,06633,0,0,0
12052,06634,0,0,0
12052,06635,0,0,0
12052,06636,0,0,0
12052,07111,0,0,0
12052,07131,0,0,0
12052,07132,0,0,0
12052,07133,0,0,0
12052,07134,0,0,0
12052,07135,0,0,0
12052,07137,0,0,0
12052,07138,0,0,0
12052,07140,0,0,0
12052,07141,0,0,0
12052,07143,0,0,0
12052,07211,0,0,0
12052,07231,0,0,0
12052,07232,0,0,0
12052,07233,0,0,0
12052,07235,0,0,0
12052,07311,0,0,0
12052,07312,0,0,0
12052,07313,0,0,0
12052,07314,0,0,0
12052,07315,0,0,0
12052,07316,0,0,0
12052,07317,0,0,0
12052,07318,0,0,0
12052,07319,0,0,0
12052,07320,0,0,0
12052,07331,0,0,0
12052,07332,0,0,0
12052,07333,0,0,0
12052,07334,0,0,0
12052,07335,0,0,0
12052,07336,0,0,0
12052,07337,0,0,0
12052,07338,0,0,0
12052,07339,0,0,0
12052,07340,0,0,0
12052,08111,32,0,32
12052,08115,10,0,10
12052,08116,35,0,35
12052,08117,0,0,0
12052,08118,10,0,10
12052,08119,0,0,0
12052,08121,0,0,0
12052,08125,10,0,10
12052,08126,0,0,0
12052,08127,0,0,0
12052,08128,0,0,0
12052,08135,0,0,0
12052,08136,0,0,0
12052,08211,0,0,0
12052,08212,0,0,0
12052,08215,15,0,15
12052,08216,0,0,0
12052,08221,0,0,0
12052,08222,35,0,35
12052,08225,0,0,0
12052,08226,0,0,0
12052,08231,0,0,0
12052,08235,0,0,0
12052,08236,0,0,0
12052,08237,0,0,0
12052,08311,0,0,0
12052,08315,0,0,0
12052,08316,0,0,0
12052,08317,0,0,0
12052,08325,0,0,0
12052,08326,0,0,0
12052,08327,0,0,0
12052,08335,0,0,0
12052,08336,0,0,0
12052,08337,0,0,0
12052,08415,0,0,0
12052,08416,0,0,0
12052,08417,0,0,0
12052,08421,0,0,0
12052,08425,0,0,0
12052,08426,17,0,17
12052,08435,0,0,0
12052,08436,0,0,0
12052,08437,0,0,0
12052,09161,0,0,0
12052,09162,103,32,71
12052,09163,0,0,0
12052,09171,0,0,0
12052,09172,0,0,0
12052,09173,0,0,0
12052,09174,0,0,0
12052,09175,0,0,0
12052,09176,0,0,0
12052,09177,0,0,0
12052,09178,0,0,0
12052,09179,0,0,0
12052,09180,0,0,0
12052,09181,0,0,0
12052,09182,0,0,0
12052,09183,0,0,0
12052,09184,32,0,32
12052,09185,0,0,0
12052,09186,0,0,0
12052,09187,0,0,0
12052,09188,0,0,0
12052,09189,0,0,0
12052,09190,0,0,0
12052,09261,0,0,0
12052,09262,0,0,0
12052,09263,0,0,0
12052,09271,0,0,0
12052,09272,0,0,0
12052,09273,0,0,0
12052,09274,0,0,0
12052,09275,0,0,0
12052,09276,0,0,0
12052,09277,0,0,0
12052,09278,0,0,0
12052,09279,0,0,0
12052,09361,0,0,0
12052,09362,0,0,0
12052,09363,0,0,0
12052,09371,0,0,0
12052,09372,0,0,0
12052,09373,0,0,0
12052,09374,0,0,0
12052,09375,0,0,0
12052,09376,0,0,0
12052,09377,0,0,0
12052,09461,0,0,0
12052,09462,0,0,0
12052,09463,0,0,0
12052,09464,0,0,0
12052,09471,0,0,0
12052,09472,0,0,0
12052,09473,0,0,0
12052,09474,0,0,0
12052,09475,0,0,0
12052,09476,0,0,0
12052,09477,0,0,0
12052,09478,0,0,0
12052,09479,0,0,0
12052,09561,0,0,0
12052,09562,0,0,0
12052,09563,0,0,0
12052,09564,29,0,29
12052,09565,0,0,0
12052,09571,0,0,0
12052,09572,0,0,0
12052,09573,0,0,0
12052,09574,0,0,0
12052,09575,0,0,0
12052,09576,0,0,0
12052,09577,0,0,0
12052,09661,0,0,0
12052,09662,0,0,0
12052,09663,0,0,0
12052,09671,0,0,0
12052,09672,0,0,0
12052,09673,0,0,0
12052,09674,0,0,0
12052,09675,0,0,0
12052,09676,0,0,0
12052,09677,0,0,0
12052,09678,0,0,0
12052,09679,0,0,0
12052,09761,0,0,0
12052,09762,0,0,0
12052,09763,0,0,0
12052,09764,0,0,0
12052,09771,0,0,0
12052,09772,0,0,0
12052,09773,0,0,0
12052,09774,0,0,0
12052,09775,0,0,0
12052,09776,0,0,0
12052,09777,0,0,0
12052,09778,0,0,0
12052,09779,0,0,0
12052,09780,0,0,0
12052,10041,13,0,13
12052,10042,0,0,0
12052,10043,0,0,0
12052,10044,0,0,0
12052,10045,0,0,0
12052,10046,0,0,0
12052,11000,2321,803,1518
12052,12051,55,21,34
12052,12052,0,0,0
12052,12053,351,109,242
12052,12054,393,83,310
12052,12060,104,49,55
12052,12061,1632,1070,562
12052,12062,1074,890,184
12052,12063,45,34,11
12052,12064,166,115,51
12052,12065,95,50,45
12052,12066,4732,3008,1724
12052,12067,500,307,193
12052,12068,57,12,45
12052,12069,177,97,80
12052,12070,0,0,0
12052,12071,16682,11650,5032
12052,12072,259,111,148
12052,12073,10,10,0
12052,13003,27,14,13
12052,13004,0,0,0
12052,13071,38,27,11
12052,13072,0,0,0
12052,13073,10,10,0
12052,13074,0,0,0
12052,13075,21,21,0
12052,13076,0,0,0
12052,14511,68,33,35
12052,14521,21,21,0
12052,14522,48,33,15
12052,14523,13,13,0
12052,14524,50,12,38
12052,14612,431,158,273
12052,14625,961,701,260
12052,14626,825,662,163
12052,14627,89,37,52
12052,14628,81,30,51
12052,14713,261,83,178
12052,14729,84,53,31
12052,14730,41,30,11
12052,15001,0,0,0
12052,15002,54,17,37
12052,15003,39,15,24
12052,15081,0,0,0
12052,15082,13,13,0
12052,15083,14,14,0
12052,15084,0,0,0
12052,15085,0,0,0
12052,15086,35,17,18
12052,15087,0,0,0
12052,15088,60,19,41
12052,15089,12,12,0
12052,15090,22,22,0
12052,15091,42,30,12
12052,16051,32,13,19
12052,16052,0,0,0
12052,16053,0,0,0
12052,16054,0,0,0
12052,16055,0,0,0
12052,16056,0,0,0
12052,16061,0,0,0
12052,16062,0,0,0
12052,16063,0,0,0
12052,16064,0,0,0
12052,16065,0,0,0
12052,16066,0,0,0
12052,16067,0,0,0
12052,16068,0,0,0
12052,16069,0,0,0
12052,16070,0,0,0
12052,16071,0,0,0
12052,16072,0,0,0
12052,16073,0,0,0
12052,16074,0,0,0
12052,16075,0,0,0
12052,16076,0,0,0
12052,16077,0,0,0
12053,01001,0,0,0
12053,01002,0,0,0
12053,01003,0,0,0
12053,01004,0,0,0
12053,01051,0,0,0
12053,01053,0,0,0
12053,01054,0,0,0
12053,01055,0,0,0
12053,01056,0,0,0
12053,01057,0,0,0
12053,01058,0,0,0
12053,01059,0,0,0
12053,01060,0,0,0
12053,01061,0,0,0
12053,01062,0,0,0
12053,02000,69,17,52
12053,03101,0,0,0
12053,03102,0,0,0
12053,03103,0,0,0
12053,03151,0,0,0
12053,03153,0,0,0
12053,03154,0,0,0
12053,03155,0,0,0
12053,03157,0,0,0
12053,03158,0,0,0
12053,03159,18,18,0
12053,03241,35,14,21
12053,03251,0,0,0
12053,03252,0,0,0
12053,03254,0,0,0
12053,03255,0,0,0
12053,03256,0,0,0
12053,03257,0,0,0
12053,03351,0,0,0
12053,03352,0,0,0
12053,03353,0,0,0
12053,03354,0,0,0
12053,03355,0,0,0
12053,03356,0,0,0
12053,03357,0,0,0
12053,03358,0,0,0
12053,03359,0,0,0
12053,03360,0,0,0
12053,03361,0,0,0
12053,03401,0,0,0
12053,03402,0,0,0
12053,03403,0,0,0
12053,03404,0,0,0
12053,03405,0,0,0
12053,03451,0,0,0
12053,03452,0,0,0
12053,03453,0,0,0
12053,03454,0,0,0
12053,03455,0,0,0
12053,03456,0,0,0
12053,03457,0,0,0
12053,03458,0,0,0
12053,03459,0,0,0
12053,03460,0,0,0
12053,03461,0,0,0
12053,03462,0,0,0
12053,04011,10,0,10
12053,04012,0,0,0
12053,05111,13,0,13
12053,05112,0,0,0
12053,05113,0,0,0
12053,05114,0,0,0
12053,05116,0,0,0
12053,05117,0,0,0
12053,05119,0,0,0
12053,05120,0,0,0
12053,05122,0,0,0
12053,05124,0,0,0
12053,05154,18,0,18
12053,05158,0,0,0
12053,05162,0,0,0
12053,05166,0,0,0
12053,05170,0,0,0
12053,05314,0,0,0
12053,05315,14,0,14
12053,05316,0,0,0
12053,05334,0,0,0
12053,05358,0,0,0
12053,05362,0,0,0
12053,05366,0,0,0
12053,05370,0,0,0
12053,05374,0,0,0
12053,05378,0,0,0
12053,05382,0,0,0
12053,05512,0,0,0
12053,05513,0,0,0
12053,05515,0,0,0
12053,05554,0,0,0
12053,05558,0,0,0
12053,05562,0,0,0
12053,05566,0,0,0
12053,05570,0,0,0
12053,05711,0,0,0
12053,05754,0,0,0
12053,05758,0,0,0
12053,05762,0,0,0
12053,05766,0,0,0
12053,05770,0,0,0
12053,05774,0,0,0
12053,05911,0,0,0
12053,05913,0,0,0
12053,05914,0,0,0
12053,05915,0,0,0
12053,05916,0,0,0
12053,05954,0,0,0
12053,05958,0,0,0
12053,05962,0,0,0
12053,05966,0,0,0
12053,05970,0,0,0
12053,05974,0,0,0
12053,05978,0,0,0
12053,06411,0,0,0
12053,06412,53,0,53
12053,06413,0,0,0
12053,06414,0,0,0
12053,06431,0,0,0
12053,06432,0,0,0
12053,06433,0,0,0
12053,06434,11,0,11
12053,06435,0,0,0
12053,06436,0,0,0
12053,06437,0,0,0
12053,06438,15,0,15
12053,06439,0,0,0
12053,06440,0,0,0
12053,06531,0,0,0
12053,06532,0,0,0
12053,06533,0,0,0
12053,06534,0,0,0
12053,06535,0,0,0
12053,06611,0,0,0
12053,06631,0,0,0
12053,06632,0,0,0
12053,06633,0,0,0
12053,06634,0,0,0
12053,06635,0,0,0
12053,06636,0,0,0
12053,07111,0,0,0
12053,07131,0,0,0
12053,07132,0,0,0
12053,07133,0,0,0
12053,07134,0,0,0
12053,07135,0,0,0
12053,07137,0,0,0
12053,07138,0,0,0
12053,07140,0,0,0
12053,07141,0,0,0
12053,07143,0,0,0
12053,07211,0,0,0
12053,07231,0,0,0
12053,07232,0,0,0
12053,07233,0,0,0
12053,07235,0,0,0
12053,07311,0,0,0
12053,07312,0,0,0
12053,07313,0,0,0
12053,07314,0,0,0
12053,07315,0,0,0
12053,07316,0,0,0
12053,07317,0,0,0
12053,07318,0,0,0
12053,07319,0,0,0
12053,07320,0,0,0
12053,07331,0,0,0
12053,07332,0,0,0
12053,07333,0,0,0
12053,07334,0,0,0
12053,07335,0,0,0
12053,07336,0,0,0
12053,07337,0,0,0
12053,07338,0,0,0
12053,07339,0,0,0
12053,07340,0,0,0
12053,08111,0,0,0
12053,08115,0,0,0
12053,08116,0,0,0
12053,08117,0,0,0
12053,08118,0,0,0
12053,08119,0,0,0
12053,08121,0,0,0
12053,08125,0,0,0
12053,08126,0,0,0
12053,08127,0,0,0
12053,08128,0,0,0
12053,08135,0,0,0
12053,08136,0,0,0
12053,08211,0,0,0
12053,08212,0,0,0
12053,08215,0,0,0
12053,08216,11,11,0
12053,08221,0,0,0
12053,08222,0,0,0
12053,08225,0,0,0
12053,08226,0,0,0
12053,08231,0,0,0
12053,08235,0,0,0
12053,08236,0,0,0
12053,08237,0,0,0
12053,08311,0,0,0
12053,08315,0,0,0
12053,08316,0,0,0
12053,08317,0,0,0
12053,08325,0,0,0
12053,08326,0,0,0
12053,08327,0,0,0
12053,08335,0,0,0
12053,08336,0,0,0
12053,08337,0,0,0
12053,08415,0,0,0
12053,08416,0,0,0
12053,08417,0,0,0
12053,08421,0,0,0
12053,08425,0,0,0
12053,08426,0,0,0
12053,08435,0,0,0
12053,08436,0,0,0
12053,08437,0,0,0
12053,09161,0,0,0
12053,09162,20,0,20
12053,09163,0,0,0
12053,09171,0,0,0
12053,09172,0,0,0
12053,09173,0,0,0
12053,09174,0,0,0
12053,09175,0,0,0
12053,09176,0,0,0
12053,09177,0,0,0
12053,09178,0,0,0
12053,09179,0,0,0
12053,09180,0,0,0
12053,09181,0,0,0
12053,09182,0,0,0
12053,09183,0,0,0
12053,09184,0,0,0
12053,09185,0,0,0
12053,09186,0,0,0
12053,09187,0,0,0
12053,09188,0,0,0
12053,09189,0,0,0
12053,09190,0,0,0
12053,09261,0,0,0
12053,09262,0,0,0
12053,09263,0,0,0
12053,09271,0,0,0
12053,09272,0,0,0
12053,09273,0,0,0
12053,09274,0,0,0
12053,09275,0,0,0
12053,09276,0,0,0
12053,09277,0,0,0
12053,09278,0,0,0
12053,09279,0,0,0
12053,09361,0,0,0
12053,09362,0,0,0
12053,09363,0,0,0
12053,09371,0,0,0
12053,09372,0,0,0
12053,09373,0,0,0
12053,09374,0,0,0
12053,09375,0,0,0
12053,09376,0,0,0
12053,09377,0,0,0
12053,09461,0,0,0
12053,09462,0,0,0
12053,09463,0,0,0
12053,09464,0,0,0
12053,09471,0,0,0
12053,09472,0,0,0
12053,09473,0,0,0
12053,09474,0,0,0
12053,09475,0,0,0
12053,09476,0,0,0
12053,09477,0,0,0
12053,09478,0,0,0
12053,09479,0,0,0
12053,09561,0,0,0
12053,09562,0,0,0
12053,09563,0,0,0
12053,09564,25,0,25
12053,09565,0,0,0
12053,09571,0,0,0
12053,09572,0,0,0
12053,09573,0,0,0
12053,09574,0,0,0
12053,09575,0,0,0
12053,09576,0,0,0
12053,09577,0,0,0
12053,09661,0,0,0
12053,09662,0,0,0
12053,09663,0,0,0
12053,09671,0,0,0
12053,09672,0,0,0
12053,09673,0,0,0
12053,09674,0,0,0
12053,09675,0,0,0
12053,09676,0,0,0
12053,09677,0,0,0
12053,09678,0,0,0
12053,09679,0,0,0
12053,09761,0,0,0
12053,09762,0,0,0
12053,09763,0,0,0
12053,09764,0,0,0
12053,09771,0,0,0
12053,09772,0,0,0
12053,09773,0,0,0
12053,09774,0,0,0
12053,09775,0,0,0
12053,09776,0,0,0
12053,09777,0,0,0
12053,09778,0,0,0
12053,09779,0,0,0
12053,09780,0,0,0
12053,10041,0,0,0
12053,10042,0,0,0
12053,10043,0,0,0
12053,10044,0,0,0
12053,10045,0,0,0
12053,10046,0,0,0
12053,11000,2681,1076,1605
12053,12051,80,46,34
12053,12052,351,242,109
12053,12053,0,0,0
12053,12054,361,120,241
12053,12060,267,206,61
12053,12061,338,191,147
12053,12062,49,33,16
12053,12063,54,30,24
12053,12064,3759,3174,585
12053,12065,130,102,28
12053,12066,162,147,15
12053,12067,8270,5613,2657
12053,12068,164,143,21
12053,12069,157,92,65
12053,12070,0,0,0
12053,12071,435,341,94
12053,12072,257,95,162
12053,12073,183,165,18
12053,13003,11,11,0
12053,13004,11,11,0
12053,13071,54,54,0
12053,13072,0,0,0
12053,13073,0,0,0
12053,13074,23,23,0
12053,13075,17,0,17
12053,13076,10,10,0
12053,14511,0,0,0
12053,14521,11,11,0
12053,14522,0,0,0
12053,14523,0,0,0
12053,14524,0,0,0
12053,14612,70,23,47
12053,14625,33,23,10
12053,14626,14,14,0
12053,14627,0,0,0
12053,14628,13,13,0
12053,14713,55,12,43
12053,14729,16,16,0
12053,14730,0,0,0
12053,15001,0,0,0
12053,15002,10,0,10
12053,15003,0,0,0
12053,15081,0,0,0
12053,15082,32,22,10
12053,15083,0,0,0
12053,15084,27,0,27
12053,15085,0,0,0
12053,15086,99,99,0
12053,15087,0,0,0
12053,15088,0,0,0
12053,15089,15,15,0
12053,15090,0,0,0
12053,15091,0,0,0
12053,16051,0,0,0
12053,16052,0,0,0
12053,16053,0,0,0
12053,16054,0,0,0
12053,16055,0,0,0
12053,16056,0,0,0
12053,16061,17,17,0
12053,16062,0,0,0
12053,16063,0,0,0
12053,16064,0,0,0
12053,16065,0,0,0
12053,16066,0,0,0
12053,16067,12,12,0
12053,16068,0,0,0
12053,16069,0,0,0
12053,16070,0,0,0
12053,16071,0,0,0
12053,16072,0,0,0
12053,16073,0,0,0
12053,16074,0,0,0
12053,16075,0,0,0
12053,16076,0,0,0
12053,16077,0,0,0
12054,01001,0,0,0
12054,01002,62,41,21
12054,01003,38,12,26
12054,01004,39,0,39
12054,01051,0,0,0
12054,01053,14,14,0
12054,01054,0,0,0
12054,01055,11,11,0
12054,01056,15,15,0
12054,01057,0,0,0
12054,01058,0,0,0
12054,01059,0,0,0
12054,01060,22,0,22
12054,01061,20,0,20
12054,01062,26,12,14
12054,02000,470,159,311
12054,03101,86,12,74
12054,03102,11,11,0
12054,03103,49,0,49
12054,03151,0,0,0
12054,03153,10,10,0
12054,03154,11,11,0
12054,03155,0,0,0
12054,03157,0,0,0
12054,03158,0,0,0
12054,03159,70,39,31
12054,03241,309,187,122
12054,03251,0,0,0
12054,03252,0,0,0
12054,03254,27,17,10
12054,03255,0,0,0
12054,03256,11,11,0
12054,03257,10,10,0
12054,03351,0,0,0
12054,03352,0,0,0
12054,03353,24,12,12
12054,03354,0,0,0
12054,03355,17,17,0
12054,03356,0,0,0
12054,03357,0,0,0
12054,03358,0,0,0
12054,03359,16,0,16
12054,03360,0,0,0
12054,03361,0,0,0
12054,03401,0,0,0
12054,03402,0,0,0
12054,03403,0,0,0
12054,03404,13,0,13
12054,03405,0,0,0
12054,03451,0,0,0
12054,03452,0,0,0
12054,03453,0,0,0
12054,03454,11,0,11
12054,03455,0,0,0
12054,03456,0,0,0
12054,03457,0,0,0
12054,03458,0,0,0
12054,03459,26,16,10
12054,03460,11,11,0
12054,03461,0,0,0
12054,03462,0,0,0
12054,04011,80,39,41
12054,04012,0,0,0
12054,05111,126,42,84
12054,05112,38,19,19
12054,05113,57,15,42
12054,05114,20,10,10
12054,05116,10,10,0
12054,05117,0,0,0
12054,05119,0,0,0
12054,05120,0,0,0
12054,05122,0,0,0
12054,05124,13,13,0
12054,05154,0,0,0
12054,05158,26,0,26
12054,05162,36,19,17
12054,05166,14,0,14
12054,05170,37,26,11
12054,05314,98,28,70
12054,05315,324,143,181
12054,05316,0,0,0
12054,05334,27,17,10
12054,05358,0,0,0
12054,05362,41,20,21
12054,05366,0,0,0
12054,05370,0,0,0
12054,05374,32,10,22
12054,05378,14,14,0
12054,05382,60,25,35
12054,05512,0,0,0
12054,05513,11,11,0
12054,05515,36,14,22
12054,05554,0,0,0
12054,05558,0,0,0
12054,05562,33,19,14
12054,05566,60,47,13
12054,05570,32,32,0
12054,05711,13,13,0
12054,05754,333,310,23
12054,05758,0,0,0
12054,05762,0,0,0
12054,05766,64,54,10
12054,05770,11,0,11
12054,05774,13,13,0
12054,05911,27,15,12
12054,05913,83,52,31
12054,05914,0,0,0
12054,05915,25,15,10
12054,05916,0,0,0
12054,05954,10,10,0
12054,05958,12,12,0
12054,05962,20,20,0
12054,05966,0,0,0
12054,05970,0,0,0
12054,05974,17,17,0
12054,05978,25,25,0
12054,06411,31,11,20
12054,06412,262,66,196
12054,06413,0,0,0
12054,06414,47,15,32
12054,06431,0,0,0
12054,06432,15,15,0
12054,06433,22,10,12
12054,06434,39,0,39
12054,06435,25,14,11
12054,06436,39,0,39
12054,06437,13,13,0
12054,06438,49,20,29
12054,06439,0,0,0
12054,06440,0,0,0
12054,06531,0,0,0
12054,06532,0,0,0
12054,06533,0,0,0
12054,06534,13,13,0
12054,06535,0,0,0
12054,06611,27,17,10
12054,06631,11,11,0
12054,06632,0,0,0
12054,06633,14,14,0
12054,06634,75,75,0
12054,06635,0,0,0
12054,06636,0,0,0
12054,07111,11,0,11
12054,07131,0,0,0
12054,07132,0,0,0
12054,07133,0,0,0
12054,07134,0,0,0
12054,07135,0,0,0
12054,07137,0,0,0
12054,07138,10,10,0
12054,07140,0,0,0
12054,07141,0,0,0
12054,07143,0,0,0
12054,07211,0,0,0
12054,07231,0,0,0
12054,07232,0,0,0
12054,07233,0,0,0
12054,07235,0,0,0
12054,07311,0,0,0
12054,07312,0,0,0
12054,07313,0,0,0
12054,07314,0,0,0
12054,07315,34,0,34
12054,07316,0,0,0
12054,07317,0,0,0
12054,07318,0,0,0
12054,07319,0,0,0
12054,07320,0,0,0
12054,07331,0,0,0
12054,07332,0,0,0
12054,07333,0,0,0
12054,07334,0,0,0
12054,07335,0,0,0
12054,07336,0,0,0
12054,07337,0,0,0
12054,07338,0,0,0
12054,07339,0,0,0
12054,07340,0,0,0
12054,08111,100,27,73
12054,08115,12,0,12
12054,08116,16,0,16
12054,08117,0,0,0
12054,08118,39,19,20
12054,08119,0,0,0
12054,08121,0,0,0
12054,08125,45,31,14
12054,08126,0,0,0
12054,08127,0,0,0
12054,08128,0,0,0
12054,08135,0,0,0
12054,08136,0,0,0
12054,08211,0,0,0
12054,08212,25,14,11
12054,08215,23,10,13
12054,08216,0,0,0
12054,08221,37,18,19
12054,08222,43,13,30
12054,08225,0,0,0
12054,08226,34,13,21
12054,08231,19,19,0
12054,08235,0,0,0
12054,08236,0,0,0
12054,08237,0,0,0
12054,08311,31,13,18
12054,08315,0,0,0
12054,08316,11,0,11
12054,08317,10,0,10
12054,08325,0,0,0
12054,08326,0,0,0
12054,08327,0,0,0
12054,08335,12,12,0
12054,08336,0,0,0
12054,08337,0,0,0
12054,08415,0,0,0
12054,08416,21,11,10
12054,08417,16,16,0
12054,08421,0,0,0
12054,08425,0,0,0
12054,08426,0,0,0
12054,08435,30,0,30
12054,08436,11,0,11
12054,08437,0,0,0
12054,09161,0,0,0
12054,09162,358,123,235
12054,09163,0,0,0
12054,09171,0,0,0
12054,09172,0,0,0
12054,09173,0,0,0
12054,09174,20,20,0
12054,09175,0,0,0
12054,09176,0,0,0
12054,09177,0,0,0
12054,09178,16,0,16
12054,09179,23,23,0
12054,09180,0,0,0
12054,09181,0,0,0
12054,09182,0,0,0
12054,09183,0,0,0
12054,09184,78,12,66
12054,09185,0,0,0
12054,09186,10,0,10
12054,09187,0,0,0
12054,09188,0,0,0
12054,09189,0,0,0
12054,09190,0,0,0
12054,09261,0,0,0
12054,09262,0,0,0
12054,09263,0,0,0
12054,09271,0,0,0
12054,09272,0,0,0
12054,09273,0,0,0
12054,09274,0,0,0
12054,09275,0,0,0
12054,09276,0,0,0
12054,09277,0,0,0
12054,09278,0,0,0
12054,09279,0,0,0
12054,09361,0,0,0
12054,09362,0,0,0
12054,09363,0,0,0
12054,09371,16,16,0
12054,09372,0,0,0
12054,09373,0,0,0
12054,09374,0,0,0
12054,09375,0,0,0
12054,09376,0,0,0
12054,09377,0,0,0
12054,09461,0,0,0
12054,09462,0,0,0
12054,09463,0,0,0
12054,09464,0,0,0
12054,09471,0,0,0
12054,09472,0,0,0
12054,09473,0,0,0
12054,09474,0,0,0
12054,09475,0,0,0
12054,09476,0,0,0
12054,09477,0,0,0
12054,09478,0,0,0
12054,09479,0,0,0
12054,09561,0,0,0
12054,09562,15,0,15
12054,09563,0,0,0
12054,09564,58,15,43
12054,09565,0,0,0
12054,09571,0,0,0
12054,09572,12,0,12
12054,09573,0,0,0
12054,09574,0,0,0
12054,09575,0,0,0
12054,09576,0,0,0
12054,09577,0,0,0
12054,09661,0,0,0
12054,09662,0,0,0
12054,09663,0,0,0
12054,09671,0,0,0
12054,09672,0,0,0
12054,09673,0,0,0
12054,09674,0,0,0
12054,09675,0,0,0
12054,09676,0,0,0
12054,09677,0,0,0
12054,09678,0,0,0
12054,09679,0,0,0
12054,09761,26,26,0
12054,09762,0,0,0
12054,09763,0,0,0
12054,09764,20,20,0
12054,09771,0,0,0
12054,09772,16,16,0
12054,09773,0,0,0
12054,09774,0,0,0
12054,09775,0,0,0
12054,09776,0,0,0
12054,09777,0,0,0
12054,09778,96,96,0
12054,09779,0,0,0
12054,09780,0,0,0
12054,10041,19,19,0
12054,10042,0,0,0
12054,10043,0,0,0
12054,10044,0,0,0
12054,10045,0,0,0
12054,10046,0,0,0
12054,11000,33620,14482,19138
12054,12051,2460,1968,492
12054,12052,393,310,83
12054,12053,361,241,120
12054,12054,0,0,0
12054,12060,643,508,135
12054,12061,1257,850,407
12054,12062,160,143,17
12054,12063,3743,2615,1128
12054,12064,630,523,107
12054,12065,1204,870,334
12054,12066,159,131,28
12054,12067,562,441,121
12054,12068,552,441,111
12054,12069,21727,15159,6568
12054,12070,165,165,0
12054,12071,253,233,20
12054,12072,4932,2981,1951
12054,12073,262,239,23
12054,13003,101,75,26
12054,13004,29,18,11
12054,13071,151,104,47
12054,13072,89,70,19
12054,13073,104,78,26
12054,13074,25,25,0
12054,13075,154,121,33
12054,13076,62,50,12
12054,14511,45,27,18
12054,14521,216,17,199
12054,14522,42,32,10
12054,14523,0,0,0
12054,14524,12,12,0
12054,14612,261,128,133
12054,14625,75,40,35
12054,14626,35,35,0
12054,14627,115,76,39
12054,14628,38,21,17
12054,14713,320,162,158
12054,14729,62,45,17
12054,14730,72,49,23
12054,15001,66,35,31
12054,15002,88,44,44
12054,15003,203,87,116
12054,15081,18,18,0
12054,15082,45,33,12
12054,15083,55,40,15
12054,15084,71,71,0
12054,15085,27,27,0
12054,15086,120,103,17
12054,15087,27,27,0
12054,15088,49,30,19
12054,15089,21,21,0
12054,15090,99,84,15
12054,15091,124,95,29
12054,16051,63,34,29
12054,16052,10,0,10
12054,16053,36,17,19
12054,16054,0,0,0
12054,16055,12,12,0
12054,16056,0,0,0
12054,16061,10,10,0
12054,16062,0,0,0
12054,16063,0,0,0
12054,16064,16,16,0
12054,16065,0,0,0
12054,16066,0,0,0
12054,16067,10,10,0
12054,16068,0,0,0
12054,16069,0,0,0
12054,16070,12,12,0
12054,16071,0,0,0
12054,16072,0,0,0
12054,16073,0,0,0
12054,16074,19,19,0
12054,16075,0,0,0
12054,16076,10,10,0
12054,16077,0,0,0
12060,01001,0,0,0
12060,01002,11,0,11
12060,01003,12,0,12
12060,01004,19,0,19
12060,01051,0,0,0
12060,01053,0,0,0
12060,01054,16,0,16
12060,01055,0,0,0
12060,01056,17,0,17
12060,01057,0,0,0
12060,01058,34,0,34
12060,01059,0,0,0
12060,01060,20,0,20
12060,01061,0,0,0
12060,01062,35,0,35
12060,02000,320,45,275
12060,03101,15,0,15
12060,03102,0,0,0
12060,03103,18,0,18
12060,03151,0,0,0
12060,03153,0,0,0
12060,03154,0,0,0
12060,03155,0,0,0
12060,03157,0,0,0
12060,03158,0,0,0
12060,03159,18,0,18
12060,03241,111,22,89
12060,03251,0,0,0
12060,03252,0,0,0
12060,03254,0,0,0
12060,03255,0,0,0
12060,03256,0,0,0
12060,03257,0,0,0
12060,03351,0,0,0
12060,03352,0,0,0
12060,03353,27,0,27
12060,03354,0,0,0
12060,03355,0,0,0
12060,03356,0,0,0
12060,03357,0,0,0
12060,03358,0,0,0
12060,03359,0,0,0
12060,03360,0,0,0
12060,03361,0,0,0
12060,03401,0,0,0
12060,03402,0,0,0
12060,03403,10,0,10
12060,03404,0,0,0
12060,03405,0,0,0
12060,03451,0,0,0
12060,03452,28,0,28
12060,03453,10,0,10
12060,03454,11,0,11
12060,03455,0,0,0
12060,03456,0,0,0
12060,03457,0,0,0
12060,03458,0,0,0
12060,03459,56,0,56
12060,03460,24,0,24
12060,03461,0,0,0
12060,03462,42,0,42
12060,04011,46,15,31
12060,04012,0,0,0
12060,05111,74,0,74
12060,05112,33,12,21
12060,05113,36,0,36
12060,05114,0,0,0
12060,05116,0,0,0
12060,05117,18,0,18
12060,05119,11,11,0
12060,05120,0,0,0
12060,05122,11,0,11
12060,05124,0,0,0
12060,05154,0,0,0
12060,05158,27,0,27
12060,05162,13,0,13
12060,05166,0,0,0
12060,05170,17,0,17
12060,05314,40,0,40
12060,05315,134,26,108
12060,05316,0,0,0
12060,05334,0,0,0
12060,05358,0,0,0
12060,05362,19,0,19
12060,05366,0,0,0
12060,05370,0,0,0
12060,05374,0,0,0
12060,05378,0,0,0
12060,05382,26,0,26
12060,05512,0,0,0
12060,05513,0,0,0
12060,05515,11,0,11
12060,05554,0,0,0
12060,05558,0,0,0
12060,05562,36,22,14
12060,05566,17,0,17
12060,05570,0,0,0
12060,05711,0,0,0
12060,05754,22,0,22
12060,05758,0,0,0
12060,05762,0,0,0
12060,05766,0,0,0
12060,05770,0,0,0
12060,05774,30,0,30
12060,05911,12,0,12
12060,05913,31,11,20
12060,05914,0,0,0
12060,05915,95,0,95
12060,05916,0,0,0
12060,05954,0,0,0
12060,05958,0,0,0
12060,05962,0,0,0
12060,05966,0,0,0
12060,05970,0,0,0
12060,05974,0,0,0
12060,05978,10,0,10
12060,06411,0,0,0
12060,06412,93,0,93
12060,06413,0,0,0
12060,06414,17,0,17
12060,06431,0,0,0
12060,06432,0,0,0
12060,06433,12,0,12
12060,06434,19,0,19
12060,06435,24,0,24
12060,06436,32,0,32
12060,06437,0,0,0
12060,06438,37,0,37
12060,06439,0,0,0
12060,06440,0,0,0
12060,06531,0,0,0
12060,06532,0,0,0
12060,06533,0,0,0
12060,06534,0,0,0
12060,06535,0,0,0
12060,06611,0,0,0
12060,06631,0,0,0
12060,06632,10,0,10
12060,06633,0,0,0
12060,06634,0,0,0
12060,06635,0,0,0
12060,06636,0,0,0
12060,07111,0,0,0
12060,07131,0,0,0
12060,07132,0,0,0
12060,07133,0,0,0
12060,07134,0,0,0
12060,07135,0,0,0
12060,07137,0,0,0
12060,07138,0,0,0
12060,07140,0,0,0
12060,07141,0,0,0
12060,07143,0,0,0
12060,07211,0,0,0
12060,07231,0,0,0
12060,07232,0,0,0
12060,07233,0,0,0
12060,07235,0,0,0
12060,07311,0,0,0
12060,07312,0,0,0
12060,07313,0,0,0
12060,07314,0,0,0
12060,07315,17,0,17
12060,07316,0,0,0
12060,07317,0,0,0
12060,07318,0,0,0
12060,07319,0,0,0
12060,07320,0,0,0
12060,07331,0,0,0
12060,07332,0,0,0
12060,07333,0,0,0
12060,07334,0,0,0
12060,07335,0,0,0
12060,07336,0,0,0
12060,07337,0,0,0
12060,07338,0,0,0
12060,07339,0,0,0
12060,07340,0,0,0
12060,08111,64,0,64
12060,08115,0,0,0
12060,08116,20,0,20
12060,08117,0,0,0
12060,08118,31,0,31
12060,08119,0,0,0
12060,08121,0,0,0
12060,08125,11,0,11
12060,08126,13,0,13
12060,08127,25,25,0
12060,08128,0,0,0
12060,08135,0,0,0
12060,08136,0,0,0
12060,08211,0,0,0
12060,08212,16,0,16
12060,08215,11,0,11
12060,08216,0,0,0
12060,08221,10,0,10
12060,08222,29,0,29
12060,08225,0,0,0
12060,08226,13,0,13
12060,08231,0,0,0
12060,08235,0,0,0
12060,08236,0,0,0
12060,08237,0,0,0
12060,08311,0,0,0
12060,08315,0,0,0
12060,08316,0,0,0
12060,08317,0,0,0
12060,08325,0,0,0
12060,08326,0,0,0
12060,08327,0,0,0
12060,08335,0,0,0
12060,08336,0,0,0
12060,08337,0,0,0
12060,08415,0,0,0
12060,08416,0,0,0
12060,08417,0,0,0
12060,08421,0,0,0
12060,08425,0,0,0
12060,08426,0,0,0
12060,08435,0,0,0
12060,08436,0,0,0
12060,08437,0,0,0
12060,09161,0,0,0
12060,09162,156,10,146
12060,09163,0,0,0
12060,09171,0,0,0
12060,09172,0,0,0
12060,09173,0,0,0
12060,09174,0,0,0
12060,09175,0,0,0
12060,09176,0,0,0
12060,09177,0,0,0
12060,09178,19,0,19
12060,09179,0,0,0
12060,09180,0,0,0
12060,09181,0,0,0
12060,09182,0,0,0
12060,09183,0,0,0
12060,09184,53,0,53
12060,09185,0,0,0
12060,09186,0,0,0
12060,09187,0,0,0
12060,09188,0,0,0
12060,09189,0,0,0
12060,09190,0,0,0
12060,09261,0,0,0
12060,09262,0,0,0
12060,09263,0,0,0
12060,09271,0,0,0
12060,09272,0,0,0
12060,09273,0,0,0
12060,09274,0,0,0
12060,09275,0,0,0
12060,09276,0,0,0
12060,09277,0,0,0
12060,09278,0,0,0
12060,09279,0,0,0
12060,09361,0,0,0
12060,09362,0,0,0
12060,09363,0,0,0
12060,09371,0,0,0
12060,09372,0,0,0
12060,09373,0,0,0
12060,09374,0,0,0
12060,09375,0,0,0
12060,09376,0,0,0
12060,09377,0,0,0
12060,09461,0,0,0
12060,09462,0,0,0
12060,09463,17,0,17
12060,09464,0,0,0
12060,09471,0,0,0
12060,09472,0,0,0
12060,09473,0,0,0
12060,09474,0,0,0
12060,09475,0,0,0
12060,09476,0,0,0
12060,09477,0,0,0
12060,09478,0,0,0
12060,09479,0,0,0
12060,09561,0,0,0
12060,09562,13,0,13
12060,09563,0,0,0
12060,09564,39,0,39
12060,09565,0,0,0
12060,09571,0,0,0
12060,09572,0,0,0
12060,09573,0,0,0
12060,09574,0,0,0
12060,09575,0,0,0
12060,09576,0,0,0
12060,09577,0,0,0
12060,09661,0,0,0
12060,09662,0,0,0
12060,09663,0,0,0
12060,09671,0,0,0
12060,09672,0,0,0
12060,09673,0,0,0
12060,09674,0,0,0
12060,09675,0,0,0
12060,09676,0,0,0
12060,09677,0,0,0
12060,09678,0,0,0
12060,09679,0,0,0
12060,09761,14,0,14
12060,09762,0,0,0
12060,09763,0,0,0
12060,09764,0,0,0
12060,09771,0,0,0
12060,09772,0,0,0
12060,09773,0,0,0
12060,09774,0,0,0
12060,09775,0,0,0
12060,09776,0,0,0
12060,09777,0,0,0
12060,09778,0,0,0
12060,09779,0,0,0
12060,09780,0,0,0
12060,10041,13,0,13
12060,10042,0,0,0
12060,10043,0,0,0
12060,10044,0,0,0
12060,10045,0,0,0
12060,10046,0,0,0
12060,11000,37091,7433,29658
12060,12051,71,19,52
12060,12052,104,55,49
12060,12053,267,61,206
12060,12054,643,135,508
12060,12060,0,0,0
12060,12061,563,151,412
12060,12062,65,31,34
12060,12063,282,115,167
12060,12064,5364,3289,2075
12060,12065,3073,1353,1720
12060,12066,51,24,27
12060,12067,765,453,312
12060,12068,220,134,86
12060,12069,415,149,266
12060,12070,37,17,20
12060,12071,56,39,17
12060,12072,409,97,312
12060,12073,3222,1882,1340
12060,13003,68,27,41
12060,13004,11,0,11
12060,13071,168,77,91
12060,13072,72,51,21
12060,13073,47,17,30
12060,13074,0,0,0
12060,13075,178,99,79
12060,13076,27,11,16
12060,14511,60,39,21
12060,14521,20,10,10
12060,14522,13,0,13
12060,14523,14,0,14
12060,14524,37,16,21
12060,14612,147,49,98
12060,14625,44,23,21
12060,14626,19,19,0
12060,14627,27,0,27
12060,14628,34,16,18
12060,14713,128,31,97
12060,14729,50,23,27
12060,14730,27,13,14
12060,15001,24,0,24
12060,15002,26,0,26
12060,15003,81,30,51
12060,15081,0,0,0
12060,15082,16,0,16
12060,15083,41,22,19
12060,15084,12,12,0
12060,15085,17,0,17
12060,15086,37,14,23
12060,15087,0,0,0
12060,15088,55,25,30
12060,15089,18,18,0
12060,15090,24,11,13
12060,15091,30,13,17
12060,16051,13,0,13
12060,16052,0,0,0
12060,16053,27,0,27
12060,16054,0,0,0
12060,16055,0,0,0
12060,16056,0,0,0
12060,16061,21,21,0
12060,16062,14,14,0
12060,16063,0,0,0
12060,16064,0,0,0
12060,16065,0,0,0
12060,16066,0,0,0
12060,16067,0,0,0
12060,16068,0,0,0
12060,16069,0,0,0
12060,16070,0,0,0
12060,16071,0,0,0
12060,16072,0,0,0
12060,16073,0,0,0
12060,16074,0,0,0
12060,16075,0,0,0
12060,16076,0,0,0
12060,16077,0,0,0
12061,01001,0,0,0
12061,01002,0,0,0
12061,01003,0,0,0
12061,01004,26,0,26
12061,01051,0,0,0
12061,01053,37,37,0
12061,01054,10,0,10
12061,01055,0,0,0
12061,01056,13,0,13
12061,01057,0,0,0
12061,01058,14,0,14
12061,01059,0,0,0
12061,01060,34,24,10
12061,01061,0,0,0
12061,01062,34,22,12
12061,02000,309,74,235
12061,03101,11,0,11
12061,03102,0,0,0
12061,03103,20,0,20
12061,03151,0,0,0
12061,03153,0,0,0
12061,03154,0,0,0
12061,03155,0,0,0
12061,03157,0,0,0
12061,03158,0,0,0
12061,03159,0,0,0
12061,03241,165,73,92
12061,03251,0,0,0
12061,03252,0,0,0
12061,03254,12,12,0
12061,03255,0,0,0
12061,03256,0,0,0
12061,03257,15,0,15
12061,03351,0,0,0
12061,03352,0,0,0
12061,03353,34,0,34
12061,03354,0,0,0
12061,03355,0,0,0
12061,03356,0,0,0
12061,03357,10,0,10
12061,03358,0,0,0
12061,03359,0,0,0
12061,03360,0,0,0
12061,03361,13,0,13
12061,03401,0,0,0
12061,03402,0,0,0
12061,03403,0,0,0
12061,03404,0,0,0
12061,03405,0,0,0
12061,03451,0,0,0
12061,03452,0,0,0
12061,03453,12,0,12
12061,03454,50,34,16
12061,03455,0,0,0
12061,03456,0,0,0
12061,03457,0,0,0
12061,03458,0,0,0
12061,03459,33,0,33
12061,03460,11,0,11
12061,03461,0,0,0
12061,03462,0,0,0
12061,04011,40,10,30
12061,04012,0,0,0
12061,05111,75,11,64
12061,05112,20,0,20
12061,05113,50,0,50
12061,05114,0,0,0
12061,05116,10,0,10
12061,05117,0,0,0
12061,05119,0,0,0
12061,05120,0,0,0
12061,05122,0,0,0
12061,05124,0,0,0
12061,05154,10,10,0
12061,05158,28,0,28
12061,05162,13,0,13
12061,05166,39,0,39
12061,05170,20,0,20
12061,05314,24,0,24
12061,05315,121,15,106
12061,05316,11,0,11
12061,05334,29,10,19
12061,05358,0,0,0
12061,05362,11,0,11
12061,05366,0,0,0
12061,05370,0,0,0
12061,05374,13,0,13
12061,05378,0,0,0
12061,05382,29,0,29
12061,05512,0,0,0
12061,05513,0,0,0
12061,05515,0,0,0
12061,05554,21,21,0
12061,05558,0,0,0
12061,05562,409,0,409
12061,05566,23,10,13
12061,05570,37,0,37
12061,05711,18,0,18
12061,05754,38,10,28
12061,05758,11,0,11
12061,05762,0,0,0
12061,05766,0,0,0
12061,05770,12,0,12
12061,05774,0,0,0
12061,05911,0,0,0
12061,05913,33,0,33
12061,05914,0,0,0
12061,05915,10,0,10
12061,05916,0,0,0
12061,05954,0,0,0
12061,05958,0,0,0
12061,05962,0,0,0
12061,05966,0,0,0
12061,05970,0,0,0
12061,05974,0,0,0
12061,05978,0,0,0
12061,06411,0,0,0
12061,06412,142,18,124
12061,06413,0,0,0
12061,06414,23,0,23
12061,06431,0,0,0
12061,06432,0,0,0
12061,06433,10,0,10
12061,06434,21,0,21
12061,06435,28,11,17
12061,06436,22,0,22
12061,06437,0,0,0
12061,06438,36,0,36
12061,06439,0,0,0
12061,06440,0,0,0
12061,06531,0,0,0
12061,06532,0,0,0
12061,06533,0,0,0
12061,06534,0,0,0
12061,06535,0,0,0
12061,06611,0,0,0
12061,06631,12,0,12
12061,06632,0,0,0
12061,06633,0,0,0
12061,06634,0,0,0
12061,06635,10,0,10
12061,06636,0,0,0
12061,07111,10,0,10
12061,07131,0,0,0
12061,07132,0,0,0
12061,07133,0,0,0
12061,07134,0,0,0
12061,07135,0,0,0
12061,07137,0,0,0
12061,07138,0,0,0
12061,07140,20,20,0
12061,07141,0,0,0
12061,07143,0,0,0
12061,07211,0,0,0
12061,07231,0,0,0
12061,07232,0,0,0
12061,07233,0,0,0
12061,07235,0,0,0
12061,07311,0,0,0
12061,07312,0,0,0
12061,07313,0,0,0
12061,07314,0,0,0
12061,07315,16,0,16
12061,07316,0,0,0
12061,07317,0,0,0
12061,07318,0,0,0
12061,07319,0,0,0
12061,07320,0,0,0
12061,07331,0,0,0
12061,07332,0,0,0
12061,07333,0,0,0
12061,07334,0,0,0
12061,07335,0,0,0
12061,07336,0,0,0
12061,07337,0,0,0
12061,07338,0,0,0
12061,07339,0,0,0
12061,07340,0,0,0
12061,08111,51,0,51
12061,08115,0,0,0
12061,08116,23,0,23
12061,08117,0,0,0
12061,08118,22,0,22
12061,08119,10,0,10
12061,08121,0,0,0
12061,08125,10,0,10
12061,08126,0,0,0
12061,08127,0,0,0
12061,08128,0,0,0
12061,08135,0,0,0
12061,08136,13,0,13
12061,08211,0,0,0
12061,08212,22,11,11
12061,08215,21,10,11
12061,08216,0,0,0
12061,08221,0,0,0
12061,08222,43,0,43
12061,08225,0,0,0
12061,08226,14,0,14
12061,08231,0,0,0
12061,08235,0,0,0
12061,08236,0,0,0
12061,08237,0,0,0
12061,08311,17,0,17
12061,08315,0,0,0
12061,08316,0,0,0
12061,08317,11,0,11
12061,08325,0,0,0
12061,08326,0,0,0
12061,08327,0,0,0
12061,08335,0,0,0
12061,08336,0,0,0
12061,08337,0,0,0
12061,08415,0,0,0
12061,08416,0,0,0
12061,08417,11,0,11
12061,08421,11,0,11
12061,08425,0,0,0
12061,08426,0,0,0
12061,08435,0,0,0
12061,08436,0,0,0
12061,08437,0,0,0
12061,09161,0,0,0
12061,09162,172,32,140
12061,09163,0,0,0
12061,09171,0,0,0
12061,09172,0,0,0
12061,09173,0,0,0
12061,09174,0,0,0
12061,09175,0,0,0
12061,09176,0,0,0
12061,09177,0,0,0
12061,09178,22,0,22
12061,09179,0,0,0
12061,09180,0,0,0
12061,09181,0,0,0
12061,09182,0,0,0
12061,09183,0,0,0
12061,09184,54,0,54
12061,09185,0,0,0
12061,09186,0,0,0
12061,09187,0,0,0
12061,09188,0,0,0
12061,09189,0,0,0
12061,09190,0,0,0
12061,09261,0,0,0
12061,09262,0,0,0
12061,09263,0,0,0
12061,09271,0,0,0
12061,09272,0,0,0
12061,09273,0,0,0
12061,09274,10,0,10
12061,09275,0,0,0
12061,09276,0,0,0
12061,09277,0,0,0
12061,09278,0,0,0
12061,09279,0,0,0
12061,09361,0,0,0
12061,09362,0,0,0
12061,09363,0,0,0
12061,09371,0,0,0
12061,09372,0,0,0
12061,09373,11,0,11
12061,09374,0,0,0
12061,09375,0,0,0
12061,09376,0,0,0
12061,09377,0,0,0
12061,09461,0,0,0
12061,09462,0,0,0
12061,09463,0,0,0
12061,09464,0,0,0
12061,09471,0,0,0
12061,09472,0,0,0
12061,09473,0,0,0
12061,09474,0,0,0
12061,09475,0,0,0
12061,09476,0,0,0
12061,09477,0,0,0
12061,09478,0,0,0
12061,09479,0,0,0
12061,09561,0,0,0
12061,09562,14,0,14
12061,09563,0,0,0
12061,09564,78,27,51
12061,09565,0,0,0
12061,09571,0,0,0
12061,09572,10,0,10
12061,09573,0,0,0
12061,09574,0,0,0
12061,09575,0,0,0
12061,09576,0,0,0
12061,09577,0,0,0
12061,09661,0,0,0
12061,09662,0,0,0
12061,09663,0,0,0
12061,09671,0,0,0
12061,09672,0,0,0
12061,09673,0,0,0
12061,09674,0,0,0
12061,09675,0,0,0
12061,09676,0,0,0
12061,09677,0,0,0
12061,09678,0,0,0
12061,09679,0,0,0
12061,09761,12,0,12
12061,09762,0,0,0
12061,09763,0,0,0
12061,09764,0,0,0
12061,09771,0,0,0
12061,09772,0,0,0
12061,09773,0,0,0
12061,09774,0,0,0
12061,09775,0,0,0
12061,09776,0,0,0
12061,09777,0,0,0
12061,09778,0,0,0
12061,09779,0,0,0
12061,09780,0,0,0
12061,10041,48,0,48
12061,10042,0,0,0
12061,10043,0,0,0
12061,10044,0,0,0
12061,10045,0,0,0
12061,10046,0,0,0
12061,11000,36667,14646,22021
12061,12051,147,95,52
12061,12052,1632,562,1070
12061,12053,338,147,191
12061,12054,1257,407,850
12061,12060,563,412,151
12061,12061,0,0,0
12061,12062,1058,648,410
12061,12063,338,265,73
12061,12064,1360,902,458
12061,12065,510,331,179
12061,12066,3271,1621,1650
12061,12067,3679,2298,1381
12061,12068,126,36,90
12061,12069,1326,673,653
12061,12070,32,16,16
12061,12071,1174,596,578
12061,12072,7754,3933,3821
12061,12073,85,70,15
12061,13003,66,43,23
12061,13004,13,0,13
12061,13071,97,64,33
12061,13072,79,79,0
12061,13073,188,155,33
12061,13074,34,12,22
12061,13075,74,54,20
12061,13076,39,39,0
12061,14511,54,29,25
12061,14521,13,13,0
12061,14522,40,20,20
12061,14523,10,10,0
12061,14524,26,15,11
12061,14612,325,80,245
12061,14625,122,61,61
12061,14626,67,51,16
12061,14627,100,39,61
12061,14628,34,20,14
12061,14713,189,68,121
12061,14729,71,40,31
12061,14730,70,33,37
12061,15001,24,10,14
12061,15002,58,24,34
12061,15003,92,63,29
12061,15081,11,11,0
12061,15082,85,11,74
12061,15083,60,44,16
12061,15084,32,15,17
12061,15085,12,0,12
12061,15086,73,55,18
12061,15087,37,37,0
12061,15088,53,22,31
12061,15089,41,31,10
12061,15090,34,34,0
12061,15091,59,44,15
12061,16051,41,12,29
12061,16052,10,0,10
12061,16053,13,0,13
12061,16054,0,0,0
12061,16055,0,0,0
12061,16056,0,0,0
12061,16061,0,0,0
12061,16062,0,0,0
12061,16063,15,0,15
12061,16064,0,0,0
12061,16065,0,0,0
12061,16066,0,0,0
12061,16067,0,0,0
12061,16068,0,0,0
12061,16069,0,0,0
12061,16070,0,0,0
12061,16071,0,0,0
12061,16072,12,0,12
12061,16073,0,0,0
12061,16074,17,0,17
12061,16075,0,0,0
12061,16076,0,0,0
12061,16077,0,0,0
12062,01001,0,0,0
12062,01002,0,0,0
12062,01003,0,0,0
12062,01004,0,0,0
12062,01051,0,0,0
12062,01053,0,0,0
12062,01054,48,0,48
12062,01055,0,0,0
12062,01056,0,0,0
12062,01057,0,0,0
12062,01058,0,0,0
12062,01059,0,0,0
12062,01060,0,0,0
12062,01061,0,0,0
12062,01062,20,0,20
12062,02000,48,0,48
12062,03101,13,0,13
12062,03102,0,0,0
12062,03103,0,0,0
12062,03151,0,0,0
12062,03153,10,0,10
12062,03154,0,0,0
12062,03155,0,0,0
12062,03157,0,0,0
12062,03158,0,0,0
12062,03159,0,0,0
12062,03241,38,13,25
12062,03251,0,0,0
12062,03252,0,0,0
12062,03254,0,0,0
12062,03255,0,0,0
12062,03256,0,0,0
12062,03257,16,0,16
12062,03351,0,0,0
12062,03352,0,0,0
12062,03353,0,0,0
12062,03354,0,0,0
12062,03355,0,0,0
12062,03356,0,0,0
12062,03357,0,0,0
12062,03358,0,0,0
12062,03359,11,0,11
12062,03360,0,0,0
12062,03361,0,0,0
12062,03401,0,0,0
12062,03402,0,0,0
12062,03403,0,0,0
12062,03404,0,0,0
12062,03405,0,0,0
12062,03451,0,0,0
12062,03452,0,0,0
12062,03453,0,0,0
12062,03454,0,0,0
12062,03455,0,0,0
12062,03456,0,0,0
12062,03457,0,0,0
12062,03458,0,0,0
12062,03459,0,0,0
12062,03460,0,0,0
12062,03461,0,0,0
12062,03462,0,0,0
12062,04011,10,0,10
12062,04012,0,0,0
12062,05111,17,0,17
12062,05112,0,0,0
12062,05113,10,0,10
12062,05114,0,0,0
12062,05116,0,0,0
12062,05117,0,0,0
12062,05119,10,0,10
12062,05120,0,0,0
12062,05122,0,0,0
12062,05124,0,0,0
12062,05154,0,0,0
12062,05158,12,0,12
12062,05162,0,0,0
12062,05166,0,0,0
12062,05170,21,0,21
12062,05314,10,0,10
12062,05315,18,0,18
12062,05316,0,0,0
12062,05334,0,0,0
12062,05358,0,0,0
12062,05362,0,0,0
12062,05366,0,0,0
12062,05370,0,0,0
12062,05374,0,0,0
12062,05378,0,0,0
12062,05382,0,0,0
12062,05512,0,0,0
12062,05513,0,0,0
12062,05515,0,0,0
12062,05554,0,0,0
12062,05558,0,0,0
12062,05562,0,0,0
12062,05566,0,0,0
12062,05570,0,0,0
12062,05711,0,0,0
12062,05754,0,0,0
12062,05758,0,0,0
12062,05762,0,0,0
12062,05766,0,0,0
12062,05770,13,0,13
12062,05774,0,0,0
12062,05911,0,0,0
12062,05913,0,0,0
12062,05914,0,0,0
12062,05915,0,0,0
12062,05916,0,0,0
12062,05954,0,0,0
12062,05958,0,0,0
12062,05962,0,0,0
12062,05966,0,0,0
12062,05970,0,0,0
12062,05974,0,0,0
12062,05978,0,0,0
12062,06411,0,0,0
12062,06412,29,0,29
12062,06413,0,0,0
12062,06414,0,0,0
12062,06431,27,0,27
12062,06432,0,0,0
12062,06433,0,0,0
12062,06434,0,0,0
12062,06435,0,0,0
12062,06436,10,0,10
12062,06437,0,0,0
12062,06438,11,0,11
12062,06439,0,0,0
12062,06440,0,0,0
12062,06531,0,0,0
12062,06532,0,0,0
12062,06533,0,0,0
12062,06534,0,0,0
12062,06535,0,0,0
12062,06611,0,0,0
12062,06631,0,0,0
12062,06632,0,0,0
12062,06633,0,0,0
12062,06634,0,0,0
12062,06635,0,0,0
12062,06636,0,0,0
12062,07111,0,0,0
12062,07131,0,0,0
12062,07132,0,0,0
12062,07133,0,0,0
12062,07134,0,0,0
12062,07135,0,0,0
12062,07137,10,10,0
12062,07138,0,0,0
12062,07140,10,0,10
12062,07141,0,0,0
12062,07143,10,10,0
12062,07211,0,0,0
12062,07231,0,0,0
12062,07232,0,0,0
12062,07233,0,0,0
12062,07235,0,0,0
12062,07311,0,0,0
12062,07312,0,0,0
12062,07313,0,0,0
12062,07314,0,0,0
12062,07315,0,0,0
12062,07316,0,0,0
12062,07317,0,0,0
12062,07318,0,0,0
12062,07319,0,0,0
12062,07320,0,0,0
12062,07331,0,0,0
12062,07332,0,0,0
12062,07333,0,0,0
12062,07334,0,0,0
12062,07335,0,0,0
12062,07336,0,0,0
12062,07337,0,0,0
12062,07338,0,0,0
12062,07339,0,0,0
12062,07340,0,0,0
12062,08111,22,0,22
12062,08115,0,0,0
12062,08116,18,0,18
12062,08117,0,0,0
12062,08118,10,0,10
12062,08119,11,0,11
12062,08121,0,0,0
12062,08125,0,0,0
12062,08126,0,0,0
12062,08127,0,0,0
12062,08128,0,0,0
12062,08135,0,0,0
12062,08136,15,0,15
12062,08211,0,0,0
12062,08212,12,0,12
12062,08215,0,0,0
12062,08216,0,0,0
12062,08221,0,0,0
12062,08222,18,0,18
12062,08225,0,0,0
12062,08226,0,0,0
12062,08231,0,0,0
12062,08235,0,0,0
12062,08236,0,0,0
12062,08237,0,0,0
12062,08311,0,0,0
12062,08315,0,0,0
12062,08316,0,0,0
12062,08317,16,0,16
12062,08325,0,0,0
12062,08326,0,0,0
12062,08327,0,0,0
12062,08335,0,0,0
12062,08336,0,0,0
12062,08337,0,0,0
12062,08415,10,0,10
12062,08416,0,0,0
12062,08417,0,0,0
12062,08421,0,0,0
12062,08425,16,0,16
12062,08426,0,0,0
12062,08435,0,0,0
12062,08436,0,0,0
12062,08437,0,0,0
12062,09161,0,0,0
12062,09162,48,0,48
12062,09163,0,0,0
12062,09171,0,0,0
12062,09172,0,0,0
12062,09173,0,0,0
12062,09174,0,0,0
12062,09175,0,0,0
12062,09176,10,0,10
12062,09177,0,0,0
12062,09178,0,0,0
12062,09179,0,0,0
12062,09180,20,20,0
12062,09181,0,0,0
12062,09182,0,0,0
12062,09183,0,0,0
12062,09184,27,0,27
12062,09185,0,0,0
12062,09186,14,0,14
12062,09187,0,0,0
12062,09188,0,0,0
12062,09189,0,0,0
12062,09190,0,0,0
12062,09261,0,0,0
12062,09262,0,0,0
12062,09263,0,0,0
12062,09271,0,0,0
12062,09272,0,0,0
12062,09273,0,0,0
12062,09274,13,0,13
12062,09275,0,0,0
12062,09276,0,0,0
12062,09277,0,0,0
12062,09278,0,0,0
12062,09279,0,0,0
12062,09361,0,0,0
12062,09362,0,0,0
12062,09363,0,0,0
12062,09371,0,0,0
12062,09372,0,0,0
12062,09373,0,0,0
12062,09374,0,0,0
12062,09375,0,0,0
12062,09376,0,0,0
12062,09377,0,0,0
12062,09461,0,0,0
12062,09462,0,0,0
12062,09463,0,0,0
12062,09464,0,0,0
12062,09471,0,0,0
12062,09472,0,0,0
12062,09473,0,0,0
12062,09474,0,0,0
12062,09475,0,0,0
12062,09476,0,0,0
12062,09477,0,0,0
12062,09478,0,0,0
12062,09479,0,0,0
12062,09561,0,0,0
12062,09562,10,0,10
12062,09563,0,0,0
12062,09564,35,0,35
12062,09565,0,0,0
12062,09571,0,0,0
12062,09572,0,0,0
12062,09573,0,0,0
12062,09574,0,0,0
12062,09575,0,0,0
12062,09576,0,0,0
12062,09577,0,0,0
12062,09661,0,0,0
12062,09662,0,0,0
12062,09663,0,0,0
12062,09671,0,0,0
12062,09672,0,0,0
12062,09673,0,0,0
12062,09674,0,0,0
12062,09675,0,0,0
12062,09676,0,0,0
12062,09677,0,0,0
12062,09678,0,0,0
12062,09679,0,0,0
12062,09761,0,0,0
12062,09762,0,0,0
12062,09763,0,0,0
12062,09764,0,0,0
12062,09771,0,0,0
12062,09772,0,0,0
12062,09773,0,0,0
12062,09774,0,0,0
12062,09775,0,0,0
12062,09776,0,0,0
12062,09777,11,11,0
12062,09778,0,0,0
12062,09779,0,0,0
12062,09780,0,0,0
12062,10041,0,0,0
12062,10042,0,0,0
12062,10043,0,0,0
12062,10044,11,11,0
12062,10045,0,0,0
12062,10046,0,0,0
12062,11000,940,153,787
12062,12051,61,0,61
12062,12052,1074,184,890
12062,12053,49,16,33
12062,12054,160,17,143
12062,12060,65,34,31
12062,12061,1058,410,648
12062,12062,0,0,0
12062,12063,10,0,10
12062,12064,75,52,23
12062,12065,31,15,16
12062,12066,4268,1746,2522
12062,12067,115,84,31
12062,12068,0,0,0
12062,12069,146,36,110
12062,12070,0,0,0
12062,12071,442,224,218
12062,12072,1258,573,685
12062,12073,32,17,15
12062,13003,0,0,0
12062,13004,0,0,0
12062,13071,0,0,0
12062,13072,0,0,0
12062,13073,0,0,0
12062,13074,11,0,11
12062,13075,43,32,11
12062,13076,0,0,0
12062,14511,41,0,41
12062,14521,32,17,15
12062,14522,102,27,75
12062,14523,24,13,11
12062,14524,20,0,20
12062,14612,868,145,723
12062,14625,376,134,242
12062,14626,66,40,26
12062,14627,3064,807,2257
12062,14628,90,29,61
12062,14713,437,71,366
12062,14729,134,46,88
12062,14730,1237,544,693
12062,15001,10,0,10
12062,15002,70,10,60
12062,15003,72,22,50
12062,15081,49,49,0
12062,15082,39,23,16
12062,15083,30,30,0
12062,15084,94,22,72
12062,15085,16,16,0
12062,15086,0,0,0
12062,15087,0,0,0
12062,15088,68,16,52
12062,15089,18,18,0
12062,15090,46,46,0
12062,15091,836,364,472
12062,16051,21,0,21
12062,16052,10,10,0
12062,16053,29,0,29
12062,16054,0,0,0
12062,16055,0,0,0
12062,16056,0,0,0
12062,16061,11,0,11
12062,16062,0,0,0
12062,16063,14,0,14
12062,16064,0,0,0
12062,16065,0,0,0
12062,16066,0,0,0
12062,16067,0,0,0
12062,16068,0,0,0
12062,16069,0,0,0
12062,16070,0,0,0
12062,16071,0,0,0
12062,16072,23,0,23
12062,16073,0,0,0
12062,16074,0,0,0
12062,16075,0,0,0
12062,16076,0,0,0
12062,16077,0,0,0
12063,01001,0,0,0
12063,01002,0,0,0
12063,01003,10,0,10
12063,01004,17,0,17
12063,01051,0,0,0
12063,01053,16,0,16
12063,01054,13,0,13
12063,01055,0,0,0
12063,01056,25,12,13
12063,01057,0,0,0
12063,01058,17,0,17
12063,01059,0,0,0
12063,01060,34,11,23
12063,01061,0,0,0
12063,01062,19,0,19
12063,02000,239,27,212
12063,03101,31,0,31
12063,03102,0,0,0
12063,03103,53,0,53
12063,03151,13,0,13
12063,03153,10,10,0
12063,03154,0,0,0
12063,03155,0,0,0
12063,03157,0,0,0
12063,03158,0,0,0
12063,03159,18,0,18
12063,03241,126,32,94
12063,03251,13,0,13
12063,03252,0,0,0
12063,03254,16,0,16
12063,03255,0,0,0
12063,03256,0,0,0
12063,03257,0,0,0
12063,03351,0,0,0
12063,03352,0,0,0
12063,03353,19,0,19
12063,03354,0,0,0
12063,03355,16,0,16
12063,03356,0,0,0
12063,03357,0,0,0
12063,03358,12,12,0
12063,03359,0,0,0
12063,03360,0,0,0
12063,03361,0,0,0
12063,03401,0,0,0
12063,03402,0,0,0
12063,03403,0,0,0
12063,03404,0,0,0
12063,03405,0,0,0
12063,03451,0,0,0
12063,03452,0,0,0
12063,03453,17,0,17
12063,03454,14,0,14
12063,03455,0,0,0
12063,03456,0,0,0
12063,03457,0,0,0
12063,03458,13,0,13
12063,03459,0,0,0
12063,03460,0,0,0
12063,03461,0,0,0
12063,03462,0,0,0
12063,04011,31,0,31
12063,04012,0,0,0
12063,05111,77,0,77
12063,05112,29,0,29
12063,05113,32,10,22
12063,05114,0,0,0
12063,05116,0,0,0
12063,05117,0,0,0
12063,05119,0,0,0
12063,05120,0,0,0
12063,05122,0,0,0
12063,05124,0,0,0
12063,05154,0,0,0
12063,05158,23,0,23
12063,05162,30,0,30
12063,05166,14,0,14
12063,05170,27,10,17
12063,05314,33,0,33
12063,05315,84,0,84
12063,05316,0,0,0
12063,05334,0,0,0
12063,05358,0,0,0
12063,05362,0,0,0
12063,05366,0,0,0
12063,05370,10,0,10
12063,05374,12,0,12
12063,05378,0,0,0
12063,05382,32,0,32
12063,05512,0,0,0
12063,05513,0,0,0
12063,05515,0,0,0
12063,05554,12,0,12
12063,05558,0,0,0
12063,05562,0,0,0
12063,05566,31,18,13
12063,05570,0,0,0
12063,05711,12,0,12
12063,05754,87,0,87
12063,05758,0,0,0
12063,05762,0,0,0
12063,05766,10,0,10
12063,05770,15,0,15
12063,05774,0,0,0
12063,05911,0,0,0
12063,05913,18,0,18
12063,05914,0,0,0
12063,05915,0,0,0
12063,05916,0,0,0
12063,05954,0,0,0
12063,05958,0,0,0
12063,05962,0,0,0
12063,05966,0,0,0
12063,05970,0,0,0
12063,05974,0,0,0
12063,05978,0,0,0
12063,06411,0,0,0
12063,06412,122,0,122
12063,06413,0,0,0
12063,06414,22,0,22
12063,06431,0,0,0
12063,06432,14,0,14
12063,06433,0,0,0
12063,06434,21,0,21
12063,06435,12,0,12
12063,06436,25,0,25
12063,06437,0,0,0
12063,06438,30,0,30
12063,06439,0,0,0
12063,06440,0,0,0
12063,06531,0,0,0
12063,06532,10,0,10
12063,06533,0,0,0
12063,06534,0,0,0
12063,06535,0,0,0
12063,06611,14,0,14
12063,06631,10,0,10
12063,06632,0,0,0
12063,06633,0,0,0
12063,06634,0,0,0
12063,06635,0,0,0
12063,06636,0,0,0
12063,07111,0,0,0
12063,07131,0,0,0
12063,07132,0,0,0
12063,07133,0,0,0
12063,07134,0,0,0
12063,07135,0,0,0
12063,07137,0,0,0
12063,07138,0,0,0
12063,07140,0,0,0
12063,07141,0,0,0
12063,07143,0,0,0
12063,07211,0,0,0
12063,07231,0,0,0
12063,07232,0,0,0
12063,07233,0,0,0
12063,07235,0,0,0
12063,07311,0,0,0
12063,07312,0,0,0
12063,07313,0,0,0
12063,07314,0,0,0
12063,07315,0,0,0
12063,07316,0,0,0
12063,07317,0,0,0
12063,07318,0,0,0
12063,07319,0,0,0
12063,07320,0,0,0
12063,07331,0,0,0
12063,07332,0,0,0
12063,07333,0,0,0
12063,07334,0,0,0
12063,07335,0,0,0
12063,07336,0,0,0
12063,07337,0,0,0
12063,07338,0,0,0
12063,07339,0,0,0
12063,07340,0,0,0
12063,08111,36,0,36
12063,08115,0,0,0
12063,08116,18,0,18
12063,08117,0,0,0
12063,08118,15,0,15
12063,08119,0,0,0
12063,08121,0,0,0
12063,08125,0,0,0
12063,08126,0,0,0
12063,08127,0,0,0
12063,08128,0,0,0
12063,08135,0,0,0
12063,08136,0,0,0
12063,08211,0,0,0
12063,08212,29,0,29
12063,08215,12,0,12
12063,08216,0,0,0
12063,08221,0,0,0
12063,08222,22,0,22
12063,08225,0,0,0
12063,08226,16,0,16
12063,08231,10,10,0
12063,08235,0,0,0
12063,08236,22,12,10
12063,08237,0,0,0
12063,08311,0,0,0
12063,08315,0,0,0
12063,08316,0,0,0
12063,08317,0,0,0
12063,08325,0,0,0
12063,08326,0,0,0
12063,08327,0,0,0
12063,08335,0,0,0
12063,08336,0,0,0
12063,08337,0,0,0
12063,08415,10,0,10
12063,08416,0,0,0
12063,08417,0,0,0
12063,08421,0,0,0
12063,08425,0,0,0
12063,08426,0,0,0
12063,08435,0,0,0
12063,08436,0,0,0
12063,08437,0,0,0
12063,09161,0,0,0
12063,09162,155,0,155
12063,09163,0,0,0
12063,09171,0,0,0
12063,09172,0,0,0
12063,09173,0,0,0
12063,09174,0,0,0
12063,09175,0,0,0
12063,09176,0,0,0
12063,09177,0,0,0
12063,09178,21,0,21
12063,09179,0,0,0
12063,09180,0,0,0
12063,09181,0,0,0
12063,09182,0,0,0
12063,09183,0,0,0
12063,09184,45,0,45
12063,09185,0,0,0
12063,09186,0,0,0
12063,09187,0,0,0
12063,09188,0,0,0
12063,09189,14,0,14
12063,09190,0,0,0
12063,09261,0,0,0
12063,09262,0,0,0
12063,09263,0,0,0
12063,09271,0,0,0
12063,09272,0,0,0
12063,09273,0,0,0
12063,09274,0,0,0
12063,09275,0,0,0
12063,09276,0,0,0
12063,09277,0,0,0
12063,09278,0,0,0
12063,09279,0,0,0
12063,09361,0,0,0
12063,09362,0,0,0
12063,09363,0,0,0
12063,09371,0,0,0
12063,09372,0,0,0
12063,09373,0,0,0
12063,09374,0,0,0
12063,09375,0,0,0
12063,09376,0,0,0
12063,09377,0,0,0
12063,09461,0,0,0
12063,09462,0,0,0
12063,09463,0,0,0
12063,09464,0,0,0
12063,09471,0,0,0
12063,09472,0,0,0
12063,09473,0,0,0
12063,09474,0,0,0
12063,09475,0,0,0
12063,09476,0,0,0
12063,09477,0,0,0
12063,09478,0,0,0
12063,09479,0,0,0
12063,09561,0,0,0
12063,09562,16,0,16
12063,09563,0,0,0
12063,09564,47,13,34
12063,09565,0,0,0
12063,09571,0,0,0
12063,09572,23,0,23
12063,09573,0,0,0
12063,09574,0,0,0
12063,09575,0,0,0
12063,09576,0,0,0
12063,09577,0,0,0
12063,09661,0,0,0
12063,09662,0,0,0
12063,09663,0,0,0
12063,09671,0,0,0
12063,09672,0,0,0
12063,09673,0,0,0
12063,09674,0,0,0
12063,09675,0,0,0
12063,09676,0,0,0
12063,09677,0,0,0
12063,09678,0,0,0
12063,09679,0,0,0
12063,09761,0,0,0
12063,09762,0,0,0
12063,09763,0,0,0
12063,09764,0,0,0
12063,09771,0,0,0
12063,09772,0,0,0
12063,09773,0,0,0
12063,09774,0,0,0
12063,09775,0,0,0
12063,09776,0,0,0
12063,09777,0,0,0
12063,09778,0,0,0
12063,09779,0,0,0
12063,09780,0,0,0
12063,10041,28,0,28
12063,10042,0,0,0
12063,10043,0,0,0
12063,10044,0,0,0
12063,10045,0,0,0
12063,10046,0,0,0
12063,11000,27756,5513,22243
12063,12051,3367,989,2378
12063,12052,45,11,34
12063,12053,54,24,30
12063,12054,3743,1128,2615
12063,12060,282,167,115
12063,12061,338,73,265
12063,12062,10,10,0
12063,12063,0,0,0
12063,12064,247,123,124
12063,12065,3047,1521,1526
12063,12066,43,14,29
12063,12067,160,67,93
12063,12068,1591,1026,565
12063,12069,2322,1193,1129
12063,12070,179,102,77
12063,12071,22,11,11
12063,12072,485,140,345
12063,12073,50,36,14
12063,13003,42,16,26
12063,13004,17,0,17
12063,13071,95,47,48
12063,13072,32,17,15
12063,13073,34,21,13
12063,13074,20,0,20
12063,13075,33,22,11
12063,13076,31,14,17
12063,14511,35,14,21
12063,14521,17,0,17
12063,14522,37,26,11
12063,14523,23,0,23
12063,14524,29,16,13
12063,14612,78,20,58
12063,14625,47,17,30
12063,14626,11,0,11
12063,14627,13,0,13
12063,14628,0,0,0
12063,14713,154,35,119
12063,14729,0,0,0
12063,14730,18,0,18
12063,15001,11,0,11
12063,15002,48,10,38
12063,15003,150,34,116
12063,15081,43,21,22
12063,15082,30,18,12
12063,15083,53,16,37
12063,15084,30,0,30
12063,15085,44,27,17
12063,15086,406,274,132
12063,15087,0,0,0
12063,15088,68,0,68
12063,15089,23,13,10
12063,15090,914,580,334
12063,15091,35,22,13
12063,16051,31,12,19
12063,16052,0,0,0
12063,16053,0,0,0
12063,16054,76,76,0
12063,16055,0,0,0
12063,16056,0,0,0
12063,16061,0,0,0
12063,16062,16,16,0
12063,16063,0,0,0
12063,16064,0,0,0
12063,16065,0,0,0
12063,16066,14,14,0
12063,16067,0,0,0
12063,16068,0,0,0
12063,16069,0,0,0
12063,16070,0,0,0
12063,16071,0,0,0
12063,16072,0,0,0
12063,16073,0,0,0
12063,16074,0,0,0
12063,16075,0,0,0
12063,16076,0,0,0
12063,16077,0,0,0
12064,01001,0,0,0
12064,01002,11,0,11
12064,01003,0,0,0
12064,01004,50,10,40
12064,01051,0,0,0
12064,01053,13,0,13
12064,01054,23,0,23
12064,01055,0,0,0
12064,01056,18,0,18
12064,01057,0,0,0
12064,01058,32,0,32
12064,01059,13,0,13
12064,01060,10,0,10
12064,01061,0,0,0
12064,01062,25,0,25
12064,02000,272,36,236
12064,03101,34,0,34
12064,03102,0,0,0
12064,03103,23,0,23
12064,03151,0,0,0
12064,03153,0,0,0
12064,03154,0,0,0
12064,03155,0,0,0
12064,03157,0,0,0
12064,03158,0,0,0
12064,03159,21,21,0
12064,03241,118,26,92
12064,03251,0,0,0
12064,03252,0,0,0
12064,03254,0,0,0
12064,03255,0,0,0
12064,03256,0,0,0
12064,03257,0,0,0
12064,03351,12,0,12
12064,03352,0,0,0
12064,03353,24,0,24
12064,03354,0,0,0
12064,03355,0,0,0
12064,03356,0,0,0
12064,03357,14,0,14
12064,03358,0,0,0
12064,03359,0,0,0
12064,03360,11,0,11
12064,03361,0,0,0
12064,03401,0,0,0
12064,03402,0,0,0
12064,03403,12,0,12
12064,03404,0,0,0
12064,03405,0,0,0
12064,03451,0,0,0
12064,03452,0,0,0
12064,03453,16,0,16
12064,03454,12,0,12
12064,03455,0,0,0
12064,03456,29,29,0
12064,03457,0,0,0
12064,03458,13,0,13
12064,03459,15,0,15
12064,03460,0,0,0
12064,03461,0,0,0
12064,03462,0,0,0
12064,04011,39,11,28
12064,04012,0,0,0
12064,05111,76,17,59
12064,05112,23,10,13
12064,05113,30,0,30
12064,05114,10,0,10
12064,05116,0,0,0
12064,05117,0,0,0
12064,05119,0,0,0
12064,05120,0,0,0
12064,05122,0,0,0
12064,05124,0,0,0
12064,05154,0,0,0
12064,05158,35,0,35
12064,05162,14,0,14
12064,05166,13,0,13
12064,05170,11,11,0
12064,05314,34,0,34
12064,05315,123,32,91
12064,05316,0,0,0
12064,05334,14,0,14
12064,05358,0,0,0
12064,05362,24,0,24
12064,05366,0,0,0
12064,05370,0,0,0
12064,05374,19,0,19
12064,05378,0,0,0
12064,05382,32,0,32
12064,05512,0,0,0
12064,05513,0,0,0
12064,05515,0,0,0
12064,05554,17,0,17
12064,05558,0,0,0
12064,05562,12,0,12
12064,05566,12,0,12
12064,05570,0,0,0
12064,05711,11,0,11
12064,05754,25,0,25
12064,05758,0,0,0
12064,05762,0,0,0
12064,05766,0,0,0
12064,05770,0,0,0
12064,05774,0,0,0
12064,05911,10,0,10
12064,05913,31,0,31
12064,05914,0,0,0
12064,05915,27,0,27
12064,05916,0,0,0
12064,05954,0,0,0
12064,05958,0,0,0
12064,05962,0,0,0
12064,05966,0,0,0
12064,05970,0,0,0
12064,05974,11,0,11
12064,05978,11,0,11
12064,06411,24,12,12
12064,06412,104,0,104
12064,06413,0,0,0
12064,06414,20,0,20
12064,06431,0,0,0
12064,06432,0,0,0
12064,06433,12,0,12
12064,06434,24,0,24
12064,06435,17,0,17
12064,06436,21,0,21
12064,06437,0,0,0
12064,06438,21,0,21
12064,06439,0,0,0
12064,06440,0,0,0
12064,06531,0,0,0
12064,06532,0,0,0
12064,06533,0,0,0
12064,06534,0,0,0
12064,06535,0,0,0
12064,06611,0,0,0
12064,06631,11,0,11
12064,06632,10,0,10
12064,06633,0,0,0
12064,06634,0,0,0
12064,06635,0,0,0
12064,06636,0,0,0
12064,07111,0,0,0
12064,07131,0,0,0
12064,07132,0,0,0
12064,07133,16,0,16
12064,07134,0,0,0
12064,07135,0,0,0
12064,07137,0,0,0
12064,07138,0,0,0
12064,07140,11,0,11
12064,07141,0,0,0
12064,07143,0,0,0
12064,07211,0,0,0
12064,07231,0,0,0
12064,07232,0,0,0
12064,07233,0,0,0
12064,07235,0,0,0
12064,07311,0,0,0
12064,07312,0,0,0
12064,07313,0,0,0
12064,07314,0,0,0
12064,07315,14,0,14
12064,07316,0,0,0
12064,07317,0,0,0
12064,07318,0,0,0
12064,07319,0,0,0
12064,07320,0,0,0
12064,07331,0,0,0
12064,07332,0,0,0
12064,07333,0,0,0
12064,07334,0,0,0
12064,07335,0,0,0
12064,07336,0,0,0
12064,07337,0,0,0
12064,07338,0,0,0
12064,07339,0,0,0
12064,07340,0,0,0
12064,08111,36,0,36
12064,08115,17,0,17
12064,08116,14,0,14
12064,08117,0,0,0
12064,08118,22,0,22
12064,08119,13,0,13
12064,08121,0,0,0
12064,08125,0,0,0
12064,08126,18,0,18
12064,08127,0,0,0
12064,08128,0,0,0
12064,08135,0,0,0
12064,08136,0,0,0
12064,08211,0,0,0
12064,08212,11,0,11
12064,08215,0,0,0
12064,08216,0,0,0
12064,08221,0,0,0
12064,08222,30,0,30
12064,08225,0,0,0
12064,08226,12,0,12
12064,08231,0,0,0
12064,08235,0,0,0
12064,08236,0,0,0
12064,08237,0,0,0
12064,08311,13,0,13
12064,08315,0,0,0
12064,08316,0,0,0
12064,08317,0,0,0
12064,08325,0,0,0
12064,08326,0,0,0
12064,08327,0,0,0
12064,08335,0,0,0
12064,08336,0,0,0
12064,08337,0,0,0
12064,08415,0,0,0
12064,08416,0,0,0
12064,08417,0,0,0
12064,08421,11,11,0
12064,08425,15,15,0
12064,08426,0,0,0
12064,08435,0,0,0
12064,08436,0,0,0
12064,08437,0,0,0
12064,09161,15,0,15
12064,09162,106,0,106
12064,09163,0,0,0
12064,09171,0,0,0
12064,09172,0,0,0
12064,09173,0,0,0
12064,09174,0,0,0
12064,09175,0,0,0
12064,09176,0,0,0
12064,09177,0,0,0
12064,09178,15,0,15
12064,09179,0,0,0
12064,09180,0,0,0
12064,09181,0,0,0
12064,09182,0,0,0
12064,09183,0,0,0
12064,09184,45,0,45
12064,09185,0,0,0
12064,09186,0,0,0
12064,09187,0,0,0
12064,09188,14,0,14
12064,09189,0,0,0
12064,09190,0,0,0
12064,09261,0,0,0
12064,09262,0,0,0
12064,09263,0,0,0
12064,09271,0,0,0
12064,09272,0,0,0
12064,09273,0,0,0
12064,09274,0,0,0
12064,09275,0,0,0
12064,09276,0,0,0
12064,09277,0,0,0
12064,09278,0,0,0
12064,09279,0,0,0
12064,09361,0,0,0
12064,09362,0,0,0
12064,09363,0,0,0
12064,09371,0,0,0
12064,09372,0,0,0
12064,09373,0,0,0
12064,09374,0,0,0
12064,09375,0,0,0
12064,09376,0,0,0
12064,09377,0,0,0
12064,09461,0,0,0
12064,09462,0,0,0
12064,09463,0,0,0
12064,09464,0,0,0
12064,09471,0,0,0
12064,09472,0,0,0
12064,09473,0,0,0
12064,09474,0,0,0
12064,09475,0,0,0
12064,09476,0,0,0
12064,09477,0,0,0
12064,09478,0,0,0
12064,09479,0,0,0
12064,09561,0,0,0
12064,09562,15,0,15
12064,09563,0,0,0
12064,09564,29,0,29
12064,09565,0,0,0
12064,09571,0,0,0
12064,09572,0,0,0
12064,09573,0,0,0
12064,09574,0,0,0
12064,09575,0,0,0
12064,09576,0,0,0
12064,09577,0,0,0
12064,09661,0,0,0
12064,09662,0,0,0
12064,09663,0,0,0
12064,09671,0,0,0
12064,09672,0,0,0
12064,09673,0,0,0
12064,09674,0,0,0
12064,09675,0,0,0
12064,09676,0,0,0
12064,09677,0,0,0
12064,09678,0,0,0
12064,09679,0,0,0
12064,09761,0,0,0
12064,09762,0,0,0
12064,09763,0,0,0
12064,09764,0,0,0
12064,09771,0,0,0
12064,09772,0,0,0
12064,09773,0,0,0
12064,09774,0,0,0
12064,09775,0,0,0
12064,09776,0,0,0
12064,09777,0,0,0
12064,09778,0,0,0
12064,09779,0,0,0
12064,09780,0,0,0
12064,10041,0,0,0
12064,10042,0,0,0
12064,10043,0,0,0
12064,10044,0,0,0
12064,10045,0,0,0
12064,10046,0,0,0
12064,11000,36035,8745,27290
12064,12051,121,51,70
12064,12052,166,51,115
12064,12053,3759,585,3174
12064,12054,630,107,523
12064,12060,5364,2075,3289
12064,12061,1360,458,902
12064,12062,75,23,52
12064,12063,247,124,123
12064,12064,0,0,0
12064,12065,764,350,414
12064,12066,135,90,45
12064,12067,6494,2934,3560
12064,12068,208,126,82
12064,12069,465,182,283
12064,12070,61,44,17
12064,12071,74,34,40
12064,12072,794,267,527
12064,12073,614,207,407
12064,13003,58,29,29
12064,13004,19,0,19
12064,13071,129,69,60
12064,13072,39,22,17
12064,13073,106,69,37
12064,13074,0,0,0
12064,13075,109,62,47
12064,13076,94,84,10
12064,14511,32,10,22
12064,14521,12,12,0
12064,14522,47,21,26
12064,14523,19,0,19
12064,14524,26,0,26
12064,14612,126,38,88
12064,14625,62,23,39
12064,14626,20,10,10
12064,14627,46,21,25
12064,14628,15,0,15
12064,14713,205,41,164
12064,14729,38,18,20
12064,14730,26,0,26
12064,15001,28,12,16
12064,15002,43,17,26
12064,15003,98,65,33
12064,15081,0,0,0
12064,15082,65,22,43
12064,15083,74,57,17
12064,15084,31,17,14
12064,15085,39,16,23
12064,15086,135,120,15
12064,15087,0,0,0
12064,15088,54,25,29
12064,15089,32,20,12
12064,15090,77,77,0
12064,15091,50,25,25
12064,16051,19,0,19
12064,16052,0,0,0
12064,16053,13,0,13
12064,16054,0,0,0
12064,16055,0,0,0
12064,16056,0,0,0
12064,16061,0,0,0
12064,16062,0,0,0
12064,16063,0,0,0
12064,16064,0,0,0
12064,16065,0,0,0
12064,16066,0,0,0
12064,16067,0,0,0
12064,16068,0,0,0
12064,16069,0,0,0
12064,16070,15,0,15
12064,16071,0,0,0
12064,16072,0,0,0
12064,16073,0,0,0
12064,16074,0,0,0
12064,16075,0,0,0
12064,16076,0,0,0
12064,16077,0,0,0
12065,01001,0,0,0
12065,01002,19,0,19
12065,01003,18,0,18
12065,01004,39,0,39
12065,01051,0,0,0
12065,01053,10,0,10
12065,01054,0,0,0
12065,01055,11,11,0
12065,01056,32,0,32
12065,01057,0,0,0
12065,01058,38,0,38
12065,01059,0,0,0
12065,01060,27,0,27
12065,01061,0,0,0
12065,01062,18,0,18
12065,02000,326,57,269
12065,03101,21,0,21
12065,03102,35,35,0
12065,03103,20,0,20
12065,03151,0,0,0
12065,03153,0,0,0
12065,03154,0,0,0
12065,03155,0,0,0
12065,03157,17,17,0
12065,03158,0,0,0
12065,03159,10,0,10
12065,03241,116,15,101
12065,03251,0,0,0
12065,03252,0,0,0
12065,03254,0,0,0
12065,03255,0,0,0
12065,03256,0,0,0
12065,03257,0,0,0
12065,03351,15,0,15
12065,03352,0,0,0
12065,03353,26,0,26
12065,03354,0,0,0
12065,03355,0,0,0
12065,03356,0,0,0
12065,03357,0,0,0
12065,03358,15,0,15
12065,03359,19,19,0
12065,03360,10,0,10
12065,03361,11,0,11
12065,03401,0,0,0
12065,03402,0,0,0
12065,03403,0,0,0
12065,03404,13,0,13
12065,03405,0,0,0
12065,03451,0,0,0
12065,03452,0,0,0
12065,03453,16,0,16
12065,03454,20,0,20
12065,03455,0,0,0
12065,03456,0,0,0
12065,03457,0,0,0
12065,03458,0,0,0
12065,03459,0,0,0
12065,03460,0,0,0
12065,03461,12,0,12
12065,03462,0,0,0
12065,04011,41,11,30
12065,04012,0,0,0
12065,05111,66,0,66
12065,05112,23,0,23
12065,05113,45,0,45
12065,05114,10,0,10
12065,05116,0,0,0
12065,05117,0,0,0
12065,05119,0,0,0
12065,05120,0,0,0
12065,05122,0,0,0
12065,05124,17,0,17
12065,05154,0,0,0
12065,05158,26,0,26
12065,05162,13,0,13
12065,05166,0,0,0
12065,05170,17,0,17
12065,05314,48,0,48
12065,05315,107,14,93
12065,05316,13,0,13
12065,05334,26,16,10
12065,05358,0,0,0
12065,05362,10,0,10
12065,05366,0,0,0
12065,05370,0,0,0
12065,05374,26,0,26
12065,05378,0,0,0
12065,05382,28,0,28
12065,05512,0,0,0
12065,05513,0,0,0
12065,05515,10,0,10
12065,05554,0,0,0
12065,05558,0,0,0
12065,05562,11,0,11
12065,05566,14,0,14
12065,05570,0,0,0
12065,05711,0,0,0
12065,05754,25,0,25
12065,05758,0,0,0
12065,05762,0,0,0
12065,05766,14,0,14
12065,05770,18,0,18
12065,05774,0,0,0
12065,05911,12,0,12
12065,05913,29,0,29
12065,05914,0,0,0
12065,05915,42,0,42
12065,05916,0,0,0
12065,05954,0,0,0
12065,05958,0,0,0
12065,05962,0,0,0
12065,05966,0,0,0
12065,05970,0,0,0
12065,05974,0,0,0
12065,05978,14,0,14
12065,06411,0,0,0
12065,06412,183,10,173
12065,06413,0,0,0
12065,06414,28,0,28
12065,06431,12,0,12
12065,06432,0,0,0
12065,06433,15,0,15
12065,06434,37,0,37
12065,06435,33,0,33
12065,06436,26,0,26
12065,06437,0,0,0
12065,06438,34,0,34
12065,06439,0,0,0
12065,06440,11,0,11
12065,06531,0,0,0
12065,06532,0,0,0
12065,06533,0,0,0
12065,06534,0,0,0
12065,06535,0,0,0
12065,06611,0,0,0
12065,06631,0,0,0
12065,06632,0,0,0
12065,06633,17,17,0
12065,06634,0,0,0
12065,06635,0,0,0
12065,06636,0,0,0
12065,07111,0,0,0
12065,07131,0,0,0
12065,07132,0,0,0
12065,07133,0,0,0
12065,07134,0,0,0
12065,07135,0,0,0
12065,07137,0,0,0
12065,07138,0,0,0
12065,07140,0,0,0
12065,07141,0,0,0
12065,07143,0,0,0
12065,07211,0,0,0
12065,07231,0,0,0
12065,07232,0,0,0
12065,07233,0,0,0
12065,07235,0,0,0
12065,07311,0,0,0
12065,07312,0,0,0
12065,07313,0,0,0
12065,07314,0,0,0
12065,07315,12,0,12
12065,07316,0,0,0
12065,07317,0,0,0
12065,07318,0,0,0
12065,07319,0,0,0
12065,07320,0,0,0
12065,07331,0,0,0
12065,07332,0,0,0
12065,07333,0,0,0
12065,07334,0,0,0
12065,07335,0,0,0
12065,07336,0,0,0
12065,07337,0,0,0
12065,07338,0,0,0
12065,07339,0,0,0
12065,07340,0,0,0
12065,08111,61,0,61
12065,08115,11,0,11
12065,08116,28,0,28
12065,08117,14,0,14
12065,08118,15,0,15
12065,08119,0,0,0
12065,08121,0,0,0
12065,08125,17,0,17
12065,08126,13,0,13
12065,08127,0,0,0
12065,08128,12,0,12
12065,08135,0,0,0
12065,08136,0,0,0
12065,08211,0,0,0
12065,08212,30,12,18
12065,08215,12,0,12
12065,08216,0,0,0
12065,08221,12,0,12
12065,08222,26,0,26
12065,08225,62,62,0
12065,08226,17,0,17
12065,08231,0,0,0
12065,08235,0,0,0
12065,08236,0,0,0
12065,08237,0,0,0
12065,08311,0,0,0
12065,08315,0,0,0
12065,08316,0,0,0
12065,08317,14,0,14
12065,08325,0,0,0
12065,08326,0,0,0
12065,08327,0,0,0
12065,08335,0,0,0
12065,08336,0,0,0
12065,08337,0,0,0
12065,08415,0,0,0
12065,08416,0,0,0
12065,08417,0,0,0
12065,08421,10,0,10
12065,08425,0,0,0
12065,08426,0,0,0
12065,08435,0,0,0
12065,08436,0,0,0
12065,08437,0,0,0
12065,09161,0,0,0
12065,09162,230,13,217
12065,09163,0,0,0
12065,09171,0,0,0
12065,09172,0,0,0
12065,09173,0,0,0
12065,09174,0,0,0
12065,09175,0,0,0
12065,09176,0,0,0
12065,09177,0,0,0
12065,09178,28,0,28
12065,09179,10,0,10
12065,09180,0,0,0
12065,09181,0,0,0
12065,09182,0,0,0
12065,09183,0,0,0
12065,09184,57,0,57
12065,09185,0,0,0
12065,09186,0,0,0
12065,09187,12,0,12
12065,09188,10,0,10
12065,09189,0,0,0
12065,09190,0,0,0
12065,09261,0,0,0
12065,09262,0,0,0
12065,09263,0,0,0
12065,09271,0,0,0
12065,09272,0,0,0
12065,09273,0,0,0
12065,09274,0,0,0
12065,09275,0,0,0
12065,09276,0,0,0
12065,09277,0,0,0
12065,09278,0,0,0
12065,09279,0,0,0
12065,09361,0,0,0
12065,09362,0,0,0
12065,09363,0,0,0
12065,09371,0,0,0
12065,09372,0,0,0
12065,09373,14,0,14
12065,09374,0,0,0
12065,09375,0,0,0
12065,09376,0,0,0
12065,09377,0,0,0
12065,09461,0,0,0
12065,09462,0,0,0
12065,09463,0,0,0
12065,09464,0,0,0
12065,09471,0,0,0
12065,09472,0,0,0
12065,09473,0,0,0
12065,09474,0,0,0
12065,09475,0,0,0
12065,09476,0,0,0
12065,09477,0,0,0
12065,09478,0,0,0
12065,09479,0,0,0
12065,09561,0,0,0
12065,09562,16,0,16
12065,09563,0,0,0
12065,09564,39,0,39
12065,09565,0,0,0
12065,09571,0,0,0
12065,09572,0,0,0
12065,09573,0,0,0
12065,09574,14,0,14
12065,09575,0,0,0
12065,09576,0,0,0
12065,09577,0,0,0
12065,09661,0,0,0
12065,09662,0,0,0
12065,09663,0,0,0
12065,09671,0,0,0
12065,09672,0,0,0
12065,09673,0,0,0
12065,09674,0,0,0
12065,09675,0,0,0
12065,09676,0,0,0
12065,09677,0,0,0
12065,09678,25,0,25
12065,09679,0,0,0
12065,09761,0,0,0
12065,09762,0,0,0
12065,09763,0,0,0
12065,09764,0,0,0
12065,09771,0,0,0
12065,09772,0,0,0
12065,09773,0,0,0
12065,09774,0,0,0
12065,09775,0,0,0
12065,09776,0,0,0
12065,09777,0,0,0
12065,09778,0,0,0
12065,09779,0,0,0
12065,09780,0,0,0
12065,10041,0,0,0
12065,10042,0,0,0
12065,10043,0,0,0
12065,10044,0,0,0
12065,10045,10,0,10
12065,10046,0,0,0
12065,11000,44824,9822,35002
12065,12051,158,59,99
12065,12052,95,45,50
12065,12053,130,28,102
12065,12054,1204,334,870
12065,12060,3073,1720,1353
12065,12061,510,179,331
12065,12062,31,16,15
12065,12063,3047,1526,1521
12065,12064,764,414,350
12065,12065,0,0,0
12065,12066,36,20,16
12065,12067,383,235,148
12065,12068,2777,1485,1292
12065,12069,759,333,426
12065,12070,132,79,53
12065,12071,41,28,13
12065,12072,562,172,390
12065,12073,1015,587,428
12065,13003,80,38,42
12065,13004,38,12,26
12065,13071,612,248,364
12065,13072,58,40,18
12065,13073,78,43,35
12065,13074,11,11,0
12065,13075,125,80,45
12065,13076,47,31,16
12065,14511,24,0,24
12065,14521,30,0,30
12065,14522,15,0,15
12065,14523,14,14,0
12065,14524,23,0,23
12065,14612,175,32,143
12065,14625,47,16,31
12065,14626,33,33,0
12065,14627,22,11,11
12065,14628,24,12,12
12065,14713,152,37,115
12065,14729,58,35,23
12065,14730,13,0,13
12065,15001,10,0,10
12065,15002,45,14,31
12065,15003,52,20,32
12065,15081,0,0,0
12065,15082,35,20,15
12065,15083,37,21,16
12065,15084,17,17,0
12065,15085,39,11,28
12065,15086,45,28,17
12065,15087,0,0,0
12065,15088,32,16,16
12065,15089,53,12,41
12065,15090,60,30,30
12065,15091,33,22,11
12065,16051,24,10,14
12065,16052,0,0,0
12065,16053,10,0,10
12065,16054,0,0,0
12065,16055,0,0,0
12065,16056,0,0,0
12065,16061,0,0,0
12065,16062,0,0,0
12065,16063,0,0,0
12065,16064,0,0,0
12065,16065,0,0,0
12065,16066,0,0,0
12065,16067,0,0,0
12065,16068,0,0,0
12065,16069,0,0,0
12065,16070,10,0,10
12065,16071,0,0,0
12065,16072,0,0,0
12065,16073,0,0,0
12065,16074,0,0,0
12065,16075,21,21,0
12065,16076,11,11,0
12065,16077,0,0,0
12066,01001,0,0,0
12066,01002,0,0,0
12066,01003,0,0,0
12066,01004,0,0,0
12066,01051,0,0,0
12066,01053,0,0,0
12066,01054,39,0,39
12066,01055,0,0,0
12066,01056,0,0,0
12066,01057,0,0,0
12066,01058,0,0,0
12066,01059,0,0,0
12066,01060,0,0,0
12066,01061,0,0,0
12066,01062,0,0,0
12066,02000,98,24,74
12066,03101,0,0,0
12066,03102,0,0,0
12066,03103,0,0,0
12066,03151,0,0,0
12066,03153,12,0,12
12066,03154,0,0,0
12066,03155,0,0,0
12066,03157,0,0,0
12066,03158,0,0,0
12066,03159,0,0,0
12066,03241,23,0,23
12066,03251,0,0,0
12066,03252,0,0,0
12066,03254,0,0,0
12066,03255,0,0,0
12066,03256,0,0,0
12066,03257,0,0,0
12066,03351,0,0,0
12066,03352,0,0,0
12066,03353,97,0,97
12066,03354,0,0,0
12066,03355,0,0,0
12066,03356,0,0,0
12066,03357,0,0,0
12066,03358,0,0,0
12066,03359,0,0,0
12066,03360,0,0,0
12066,03361,0,0,0
12066,03401,0,0,0
12066,03402,0,0,0
12066,03403,0,0,0
12066,03404,0,0,0
12066,03405,0,0,0
12066,03451,0,0,0
12066,03452,0,0,0
12066,03453,0,0,0
12066,03454,0,0,0
12066,03455,0,0,0
12066,03456,0,0,0
12066,03457,0,0,0
12066,03458,0,0,0
12066,03459,0,0,0
12066,03460,0,0,0
12066,03461,0,0,0
12066,03462,0,0,0
12066,04011,12,0,12
12066,04012,0,0,0
12066,05111,36,0,36
12066,05112,44,10,34
12066,05113,26,0,26
12066,05114,0,0,0
12066,05116,0,0,0
12066,05117,0,0,0
12066,05119,0,0,0
12066,05120,0,0,0
12066,05122,0,0,0
12066,05124,0,0,0
12066,05154,23,23,0
12066,05158,15,0,15
12066,05162,0,0,0
12066,05166,0,0,0
12066,05170,14,0,14
12066,05314,0,0,0
12066,05315,34,0,34
12066,05316,10,0,10
12066,05334,10,0,10
12066,05358,0,0,0
12066,05362,0,0,0
12066,05366,0,0,0
12066,05370,0,0,0
12066,05374,0,0,0
12066,05378,0,0,0
12066,05382,0,0,0
12066,05512,0,0,0
12066,05513,23,23,0
12066,05515,0,0,0
12066,05554,0,0,0
12066,05558,0,0,0
12066,05562,62,26,36
12066,05566,0,0,0
12066,05570,0,0,0
12066,05711,0,0,0
12066,05754,0,0,0
12066,05758,0,0,0
12066,05762,0,0,0
12066,05766,0,0,0
12066,05770,0,0,0
12066,05774,0,0,0
12066,05911,0,0,0
12066,05913,12,0,12
12066,05914,0,0,0
12066,05915,0,0,0
12066,05916,0,0,0
12066,05954,0,0,0
12066,05958,0,0,0
12066,05962,0,0,0
12066,05966,0,0,0
12066,05970,0,0,0
12066,05974,0,0,0
12066,05978,0,0,0
12066,06411,0,0,0
12066,06412,40,0,40
12066,06413,0,0,0
12066,06414,0,0,0
12066,06431,12,0,12
12066,06432,0,0,0
12066,06433,0,0,0
12066,06434,0,0,0
12066,06435,10,0,10
12066,06436,0,0,0
12066,06437,0,0,0
12066,06438,0,0,0
12066,06439,0,0,0
12066,06440,0,0,0
12066,06531,0,0,0
12066,06532,0,0,0
12066,06533,0,0,0
12066,06534,0,0,0
12066,06535,0,0,0
12066,06611,0,0,0
12066,06631,0,0,0
12066,06632,0,0,0
12066,06633,0,0,0
12066,06634,0,0,0
12066,06635,0,0,0
12066,06636,0,0,0
12066,07111,0,0,0
12066,07131,0,0,0
12066,07132,0,0,0
12066,07133,0,0,0
12066,07134,0,0,0
12066,07135,0,0,0
12066,07137,0,0,0
12066,07138,0,0,0
12066,07140,0,0,0
12066,07141,0,0,0
12066,07143,0,0,0
12066,07211,0,0,0
12066,07231,0,0,0
12066,07232,0,0,0
12066,07233,0,0,0
12066,07235,0,0,0
12066,07311,0,0,0
12066,07312,0,0,0
12066,07313,0,0,0
12066,07314,32,0,32
12066,07315,0,0,0
12066,07316,0,0,0
12066,07317,0,0,0
12066,07318,0,0,0
12066,07319,0,0,0
12066,07320,0,0,0
12066,07331,0,0,0
12066,07332,0,0,0
12066,07333,0,0,0
12066,07334,0,0,0
12066,07335,0,0,0
12066,07336,0,0,0
12066,07337,12,0,12
12066,07338,0,0,0
12066,07339,0,0,0
12066,07340,0,0,0
12066,08111,31,0,31
12066,08115,0,0,0
12066,08116,17,0,17
12066,08117,0,0,0
12066,08118,0,0,0
12066,08119,0,0,0
12066,08121,0,0,0
12066,08125,0,0,0
12066,08126,0,0,0
12066,08127,0,0,0
12066,08128,0,0,0
12066,08135,0,0,0
12066,08136,12,0,12
12066,08211,0,0,0
12066,08212,12,0,12
12066,08215,11,0,11
12066,08216,0,0,0
12066,08221,0,0,0
12066,08222,39,10,29
12066,08225,0,0,0
12066,08226,28,28,0
12066,08231,0,0,0
12066,08235,0,0,0
12066,08236,0,0,0
12066,08237,0,0,0
12066,08311,12,12,0
12066,08315,0,0,0
12066,08316,24,24,0
12066,08317,10,0,10
12066,08325,0,0,0
12066,08326,0,0,0
12066,08327,0,0,0
12066,08335,0,0,0
12066,08336,0,0,0
12066,08337,0,0,0
12066,08415,0,0,0
12066,08416,0,0,0
12066,08417,0,0,0
12066,08421,0,0,0
12066,08425,14,0,14
12066,08426,0,0,0
12066,08435,0,0,0
12066,08436,0,0,0
12066,08437,0,0,0
12066,09161,15,0,15
12066,09162,78,14,64
12066,09163,0,0,0
12066,09171,0,0,0
12066,09172,0,0,0
12066,09173,0,0,0
12066,09174,0,0,0
12066,09175,0,0,0
12066,09176,0,0,0
12066,09177,0,0,0
12066,09178,0,0,0
12066,09179,0,0,0
12066,09180,0,0,0
12066,09181,0,0,0
12066,09182,0,0,0
12066,09183,0,0,0
12066,09184,45,0,45
12066,09185,0,0,0
12066,09186,22,0,22
12066,09187,0,0,0
12066,09188,0,0,0
12066,09189,0,0,0
12066,09190,0,0,0
12066,09261,0,0,0
12066,09262,0,0,0
12066,09263,0,0,0
12066,09271,11,0,11
12066,09272,0,0,0
12066,09273,0,0,0
12066,09274,0,0,0
12066,09275,0,0,0
12066,09276,0,0,0
12066,09277,0,0,0
12066,09278,0,0,0
12066,09279,0,0,0
12066,09361,0,0,0
12066,09362,0,0,0
12066,09363,0,0,0
12066,09371,0,0,0
12066,09372,0,0,0
12066,09373,0,0,0
12066,09374,0,0,0
12066,09375,0,0,0
12066,09376,0,0,0
12066,09377,0,0,0
12066,09461,0,0,0
12066,09462,0,0,0
12066,09463,0,0,0
12066,09464,0,0,0
12066,09471,0,0,0
12066,09472,0,0,0
12066,09473,0,0,0
12066,09474,0,0,0
12066,09475,0,0,0
12066,09476,0,0,0
12066,09477,0,0,0
12066,09478,0,0,0
12066,09479,0,0,0
12066,09561,0,0,0
12066,09562,0,0,0
12066,09563,0,0,0
12066,09564,35,0,35
12066,09565,0,0,0
12066,09571,0,0,0
12066,09572,0,0,0
12066,09573,0,0,0
12066,09574,0,0,0
12066,09575,0,0,0
12066,09576,0,0,0
12066,09577,0,0,0
12066,09661,0,0,0
12066,09662,0,0,0
12066,09663,0,0,0
12066,09671,0,0,0
12066,09672,0,0,0
12066,09673,0,0,0
12066,09674,0,0,0
12066,09675,0,0,0
12066,09676,0,0,0
12066,09677,0,0,0
12066,09678,0,0,0
12066,09679,0,0,0
12066,09761,0,0,0
12066,09762,0,0,0
12066,09763,0,0,0
12066,09764,0,0,0
12066,09771,0,0,0
12066,09772,0,0,0
12066,09773,0,0,0
12066,09774,0,0,0
12066,09775,0,0,0
12066,09776,0,0,0
12066,09777,0,0,0
12066,09778,0,0,0
12066,09779,0,0,0
12066,09780,0,0,0
12066,10041,0,0,0
12066,10042,0,0,0
12066,10043,0,0,0
12066,10044,0,0,0
12066,10045,0,0,0
12066,10046,0,0,0
12066,11000,1269,335,934
12066,12051,24,0,24
12066,12052,4732,1724,3008
12066,12053,162,15,147
12066,12054,159,28,131
12066,12060,51,27,24
12066,12061,3271,1650,1621
12066,12062,4268,2522,1746
12066,12063,43,29,14
12066,12064,135,45,90
12066,12065,36,16,20
12066,12066,0,0,0
12066,12067,194,123,71
12066,12068,13,0,13
12066,12069,116,35,81
12066,12070,0,0,0
12066,12071,3771,2160,1611
12066,12072,552,288,264
12066,12073,38,38,0
12066,13003,30,18,12
12066,13004,0,0,0
12066,13071,10,0,10
12066,13072,22,10,12
12066,13073,0,0,0
12066,13074,0,0,0
12066,13075,27,13,14
12066,13076,0,0,0
12066,14511,66,19,47
12066,14521,25,12,13
12066,14522,69,29,40
12066,14523,31,19,12
12066,14524,30,0,30
12066,14612,1922,615,1307
12066,14625,3603,2064,1539
12066,14626,530,424,106
12066,14627,1485,543,942
12066,14628,197,108,89
12066,14713,314,136,178
12066,14729,158,110,48
12066,14730,99,64,35
12066,15001,14,14,0
12066,15002,56,42,14
12066,15003,16,0,16
12066,15081,0,0,0
12066,15082,101,74,27
12066,15083,10,10,0
12066,15084,56,29,27
12066,15085,0,0,0
12066,15086,26,0,26
12066,15087,0,0,0
12066,15088,180,63,117
12066,15089,28,12,16
12066,15090,0,0,0
12066,15091,80,58,22
12066,16051,28,10,18
12066,16052,0,0,0
12066,16053,26,0,26
12066,16054,0,0,0
12066,16055,0,0,0
12066,16056,0,0,0
12066,16061,0,0,0
12066,16062,0,0,0
12066,16063,14,0,14
12066,16064,0,0,0
12066,16065,0,0,0
12066,16066,0,0,0
12066,16067,0,0,0
12066,16068,0,0,0
12066,16069,0,0,0
12066,16070,0,0,0
12066,16071,0,0,0
12066,16072,0,0,0
12066,16073,0,0,0
12066,16074,0,0,0
12066,16075,0,0,0
12066,16076,0,0,0
12066,16077,19,19,0
12067,01001,0,0,0
12067,01002,0,0,0
12067,01003,27,0,27
12067,01004,36,0,36
12067,01051,0,0,0
12067,01053,0,0,0
12067,01054,14,0,14
12067,01055,0,0,0
12067,01056,18,18,0
12067,01057,0,0,0
12067,01058,14,0,14
12067,01059,0,0,0
12067,01060,10,0,10
12067,01061,0,0,0
12067,01062,14,0,14
12067,02000,221,58,163
12067,03101,22,0,22
12067,03102,0,0,0
12067,03103,14,0,14
12067,03151,0,0,0
12067,03153,0,0,0
12067,03154,0,0,0
12067,03155,0,0,0
12067,03157,0,0,0
12067,03158,0,0,0
12067,03159,0,0,0
12067,03241,68,0,68
12067,03251,0,0,0
12067,03252,0,0,0
12067,03254,0,0,0
12067,03255,0,0,0
12067,03256,0,0,0
12067,03257,13,0,13
12067,03351,21,0,21
12067,03352,0,0,0
12067,03353,13,0,13
12067,03354,0,0,0
12067,03355,0,0,0
12067,03356,0,0,0
12067,03357,0,0,0
12067,03358,0,0,0
12067,03359,0,0,0
12067,03360,0,0,0
12067,03361,14,0,14
12067,03401,0,0,0
12067,03402,0,0,0
12067,03403,0,0,0
12067,03404,0,0,0
12067,03405,0,0,0
12067,03451,31,0,31
12067,03452,0,0,0
12067,03453,0,0,0
12067,03454,0,0,0
12067,03455,0,0,0
12067,03456,0,0,0
12067,03457,0,0,0
12067,03458,0,0,0
12067,03459,0,0,0
12067,03460,12,0,12
12067,03461,0,0,0
12067,03462,0,0,0
12067,04011,34,0,34
12067,04012,0,0,0
12067,05111,65,22,43
12067,05112,0,0,0
12067,05113,32,0,32
12067,05114,0,0,0
12067,05116,0,0,0
12067,05117,10,0,10
12067,05119,0,0,0
12067,05120,0,0,0
12067,05122,0,0,0
12067,05124,0,0,0
12067,05154,0,0,0
12067,05158,37,0,37
12067,05162,24,11,13
12067,05166,14,0,14
12067,05170,0,0,0
12067,05314,25,0,25
12067,05315,95,29,66
12067,05316,0,0,0
12067,05334,14,14,0
12067,05358,0,0,0
12067,05362,32,10,22
12067,05366,0,0,0
12067,05370,0,0,0
12067,05374,11,0,11
12067,05378,0,0,0
12067,05382,11,0,11
12067,05512,0,0,0
12067,05513,0,0,0
12067,05515,0,0,0
12067,05554,0,0,0
12067,05558,0,0,0
12067,05562,45,0,45
12067,05566,0,0,0
12067,05570,0,0,0
12067,05711,0,0,0
12067,05754,11,0,11
12067,05758,10,0,10
12067,05762,0,0,0
12067,05766,12,0,12
12067,05770,0,0,0
12067,05774,23,0,23
12067,05911,17,0,17
12067,05913,16,0,16
12067,05914,0,0,0
12067,05915,0,0,0
12067,05916,0,0,0
12067,05954,0,0,0
12067,05958,0,0,0
12067,05962,0,0,0
12067,05966,0,0,0
12067,05970,0,0,0
12067,05974,0,0,0
12067,05978,0,0,0
12067,06411,0,0,0
12067,06412,98,12,86
12067,06413,0,0,0
12067,06414,18,0,18
12067,06431,0,0,0
12067,06432,12,0,12
12067,06433,0,0,0
12067,06434,33,0,33
12067,06435,0,0,0
12067,06436,11,0,11
12067,06437,0,0,0
12067,06438,16,0,16
12067,06439,0,0,0
12067,06440,0,0,0
12067,06531,0,0,0
12067,06532,0,0,0
12067,06533,0,0,0
12067,06534,0,0,0
12067,06535,0,0,0
12067,06611,11,11,0
12067,06631,0,0,0
12067,06632,0,0,0
12067,06633,14,14,0
12067,06634,16,16,0
12067,06635,0,0,0
12067,06636,0,0,0
12067,07111,0,0,0
12067,07131,0,0,0
12067,07132,0,0,0
12067,07133,0,0,0
12067,07134,0,0,0
12067,07135,0,0,0
12067,07137,16,16,0
12067,07138,0,0,0
12067,07140,0,0,0
12067,07141,0,0,0
12067,07143,0,0,0
12067,07211,0,0,0
12067,07231,0,0,0
12067,07232,0,0,0
12067,07233,0,0,0
12067,07235,0,0,0
12067,07311,0,0,0
12067,07312,0,0,0
12067,07313,0,0,0
12067,07314,0,0,0
12067,07315,15,0,15
12067,07316,0,0,0
12067,07317,0,0,0
12067,07318,0,0,0
12067,07319,0,0,0
12067,07320,0,0,0
12067,07331,0,0,0
12067,07332,0,0,0
12067,07333,0,0,0
12067,07334,0,0,0
12067,07335,0,0,0
12067,07336,0,0,0
12067,07337,0,0,0
12067,07338,0,0,0
12067,07339,0,0,0
12067,07340,0,0,0
12067,08111,50,10,40
12067,08115,0,0,0
12067,08116,18,0,18
12067,08117,0,0,0
12067,08118,10,0,10
12067,08119,0,0,0
12067,08121,0,0,0
12067,08125,0,0,0
12067,08126,10,0,10
12067,08127,0,0,0
12067,08128,0,0,0
12067,08135,0,0,0
12067,08136,0,0,0
12067,08211,0,0,0
12067,08212,19,0,19
12067,08215,0,0,0
12067,08216,0,0,0
12067,08221,0,0,0
12067,08222,0,0,0
12067,08225,0,0,0
12067,08226,11,0,11
12067,08231,0,0,0
12067,08235,0,0,0
12067,08236,0,0,0
12067,08237,0,0,0
12067,08311,0,0,0
12067,08315,0,0,0
12067,08316,0,0,0
12067,08317,11,0,11
12067,08325,0,0,0
12067,08326,10,0,10
12067,08327,0,0,0
12067,08335,0,0,0
12067,08336,0,0,0
12067,08337,0,0,0
12067,08415,0,0,0
12067,08416,0,0,0
12067,08417,0,0,0
12067,08421,0,0,0
12067,08425,0,0,0
12067,08426,0,0,0
12067,08435,0,0,0
12067,08436,0,0,0
12067,08437,0,0,0
12067,09161,0,0,0
12067,09162,80,0,80
12067,09163,0,0,0
12067,09171,0,0,0
12067,09172,27,0,27
12067,09173,0,0,0
12067,09174,0,0,0
12067,09175,0,0,0
12067,09176,0,0,0
12067,09177,0,0,0
12067,09178,12,0,12
12067,09179,0,0,0
12067,09180,0,0,0
12067,09181,0,0,0
12067,09182,0,0,0
12067,09183,0,0,0
12067,09184,30,0,30
12067,09185,0,0,0
12067,09186,0,0,0
12067,09187,0,0,0
12067,09188,0,0,0
12067,09189,0,0,0
12067,09190,0,0,0
12067,09261,0,0,0
12067,09262,0,0,0
12067,09263,0,0,0
12067,09271,0,0,0
12067,09272,0,0,0
12067,09273,0,0,0
12067,09274,0,0,0
12067,09275,0,0,0
12067,09276,0,0,0
12067,09277,0,0,0
12067,09278,0,0,0
12067,09279,0,0,0
12067,09361,0,0,0
12067,09362,0,0,0
12067,09363,0,0,0
12067,09371,0,0,0
12067,09372,0,0,0
12067,09373,0,0,0
12067,09374,0,0,0
12067,09375,0,0,0
12067,09376,0,0,0
12067,09377,0,0,0
12067,09461,0,0,0
12067,09462,0,0,0
12067,09463,0,0,0
12067,09464,0,0,0
12067,09471,0,0,0
12067,09472,0,0,0
12067,09473,0,0,0
12067,09474,0,0,0
12067,09475,0,0,0
12067,09476,0,0,0
12067,09477,0,0,0
12067,09478,0,0,0
12067,09479,0,0,0
12067,09561,0,0,0
12067,09562,0,0,0
12067,09563,0,0,0
12067,09564,37,0,37
12067,09565,0,0,0
12067,09571,0,0,0
12067,09572,0,0,0
12067,09573,0,0,0
12067,09574,0,0,0
12067,09575,0,0,0
12067,09576,0,0,0
12067,09577,0,0,0
12067,09661,0,0,0
12067,09662,15,0,15
12067,09663,0,0,0
12067,09671,0,0,0
12067,09672,0,0,0
12067,09673,0,0,0
12067,09674,0,0,0
12067,09675,0,0,0
12067,09676,0,0,0
12067,09677,0,0,0
12067,09678,0,0,0
12067,09679,0,0,0
12067,09761,0,0,0
12067,09762,0,0,0
12067,09763,0,0,0
12067,09764,0,0,0
12067,09771,0,0,0
12067,09772,0,0,0
12067,09773,0,0,0
12067,09774,0,0,0
12067,09775,0,0,0
12067,09776,0,0,0
12067,09777,0,0,0
12067,09778,0,0,0
12067,09779,0,0,0
12067,09780,0,0,0
12067,10041,0,0,0
12067,10042,0,0,0
12067,10043,0,0,0
12067,10044,16,0,16
12067,10045,0,0,0
12067,10046,0,0,0
12067,11000,17346,3724,13622
12067,12051,95,45,50
12067,12052,500,193,307
12067,12053,8270,2657,5613
12067,12054,562,121,441
12067,12060,765,312,453
12067,12061,3679,1381,2298
12067,12062,115,31,84
12067,12063,160,93,67
12067,12064,6494,3560,2934
12067,12065,383,148,235
12067,12066,194,71,123
12067,12067,0,0,0
12067,12068,111,57,54
12067,12069,386,131,255
12067,12070,24,14,10
12067,12071,1303,804,499
12067,12072,711,188,523
12067,12073,199,148,51
12067,13003,60,30,30
12067,13004,26,11,15
12067,13071,90,60,30
12067,13072,15,15,0
12067,13073,50,28,22
12067,13074,18,0,18
12067,13075,74,45,29
12067,13076,39,13,26
12067,14511,21,0,21
12067,14521,17,0,17
12067,14522,33,14,19
12067,14523,12,0,12
12067,14524,0,0,0
12067,14612,168,67,101
12067,14625,93,53,40
12067,14626,57,43,14
12067,14627,53,34,19
12067,14628,31,14,17
12067,14713,160,53,107
12067,14729,24,14,10
12067,14730,41,13,28
12067,15001,0,0,0
12067,15002,42,20,22
12067,15003,75,46,29
12067,15081,0,0,0
12067,15082,51,24,27
12067,15083,28,16,12
12067,15084,82,11,71
12067,15085,32,20,12
12067,15086,40,26,14
12067,15087,17,17,0
12067,15088,66,31,35
12067,15089,51,29,22
12067,15090,21,10,11
12067,15091,39,15,24
12067,16051,17,0,17
12067,16052,0,0,0
12067,16053,0,0,0
12067,16054,0,0,0
12067,16055,0,0,0
12067,16056,0,0,0
12067,16061,0,0,0
12067,16062,0,0,0
12067,16063,0,0,0
12067,16064,0,0,0
12067,16065,0,0,0
12067,16066,0,0,0
12067,16067,0,0,0
12067,16068,0,0,0
12067,16069,0,0,0
12067,16070,0,0,0
12067,16071,0,0,0
12067,16072,0,0,0
12067,16073,0,0,0
12067,16074,0,0,0
12067,16075,0,0,0
12067,16076,0,0,0
12067,16077,0,0,0
12068,01001,0,0,0
12068,01002,0,0,0
12068,01003,15,0,15
12068,01004,0,0,0
12068,01051,0,0,0
12068,01053,16,0,16
12068,01054,20,0,20
12068,01055,0,0,0
12068,01056,0,0,0
12068,01057,0,0,0
12068,01058,14,0,14
12068,01059,0,0,0
12068,01060,15,0,15
12068,01061,0,0,0
12068,01062,20,0,20
12068,02000,198,21,177
12068,03101,0,0,0
12068,03102,0,0,0
12068,03103,0,0,0
12068,03151,0,0,0
12068,03153,0,0,0
12068,03154,0,0,0
12068,03155,0,0,0
12068,03157,0,0,0
12068,03158,0,0,0
12068,03159,0,0,0
12068,03241,33,0,33
12068,03251,0,0,0
12068,03252,0,0,0
12068,03254,0,0,0
12068,03255,0,0,0
12068,03256,0,0,0
12068,03257,0,0,0
12068,03351,20,0,20
12068,03352,19,0,19
12068,03353,17,0,17
12068,03354,0,0,0
12068,03355,13,0,13
12068,03356,0,0,0
12068,03357,13,0,13
12068,03358,0,0,0
12068,03359,0,0,0
12068,03360,10,10,0
12068,03361,0,0,0
12068,03401,0,0,0
12068,03402,0,0,0
12068,03403,0,0,0
12068,03404,0,0,0
12068,03405,0,0,0
12068,03451,0,0,0
12068,03452,12,12,0
12068,03453,50,50,0
12068,03454,0,0,0
12068,03455,0,0,0
12068,03456,0,0,0
12068,03457,0,0,0
12068,03458,17,17,0
12068,03459,10,0,10
12068,03460,34,0,34
12068,03461,0,0,0
12068,03462,0,0,0
12068,04011,17,0,17
12068,04012,0,0,0
12068,05111,16,0,16
12068,05112,0,0,0
12068,05113,19,0,19
12068,05114,0,0,0
12068,05116,0,0,0
12068,05117,0,0,0
12068,05119,0,0,0
12068,05120,0,0,0
12068,05122,0,0,0
12068,05124,0,0,0
12068,05154,0,0,0
12068,05158,10,0,10
12068,05162,0,0,0
12068,05166,0,0,0
12068,05170,0,0,0
12068,05314,0,0,0
12068,05315,17,0,17
12068,05316,0,0,0
12068,05334,0,0,0
12068,05358,0,0,0
12068,05362,0,0,0
12068,05366,0,0,0
12068,05370,0,0,0
12068,05374,0,0,0
12068,05378,0,0,0
12068,05382,0,0,0
12068,05512,0,0,0
12068,05513,0,0,0
12068,05515,0,0,0
12068,05554,0,0,0
12068,05558,0,0,0
12068,05562,0,0,0
12068,05566,22,0,22
12068,05570,0,0,0
12068,05711,0,0,0
12068,05754,39,0,39
12068,05758,0,0,0
12068,05762,0,0,0
12068,05766,0,0,0
12068,05770,0,0,0
12068,05774,0,0,0
12068,05911,0,0,0
12068,05913,0,0,0
12068,05914,0,0,0
12068,05915,0,0,0
12068,05916,0,0,0
12068,05954,0,0,0
12068,05958,0,0,0
12068,05962,0,0,0
12068,05966,16,16,0
12068,05970,23,23,0
12068,05974,0,0,0
12068,05978,0,0,0
12068,06411,0,0,0
12068,06412,17,0,17
12068,06413,0,0,0
12068,06414,11,0,11
12068,06431,0,0,0
12068,06432,0,0,0
12068,06433,0,0,0
12068,06434,0,0,0
12068,06435,0,0,0
12068,06436,0,0,0
12068,06437,0,0,0
12068,06438,0,0,0
12068,06439,0,0,0
12068,06440,0,0,0
12068,06531,0,0,0
12068,06532,0,0,0
12068,06533,0,0,0
12068,06534,0,0,0
12068,06535,0,0,0
12068,06611,0,0,0
12068,06631,15,0,15
12068,06632,0,0,0
12068,06633,0,0,0
12068,06634,0,0,0
12068,06635,0,0,0
12068,06636,0,0,0
12068,07111,0,0,0
12068,07131,0,0,0
12068,07132,0,0,0
12068,07133,0,0,0
12068,07134,0,0,0
12068,07135,0,0,0
12068,07137,0,0,0
12068,07138,0,0,0
12068,07140,24,0,24
12068,07141,0,0,0
12068,07143,0,0,0
12068,07211,0,0,0
12068,07231,0,0,0
12068,07232,0,0,0
12068,07233,0,0,0
12068,07235,0,0,0
12068,07311,0,0,0
12068,07312,0,0,0
12068,07313,0,0,0
12068,07314,0,0,0
12068,07315,0,0,0
12068,07316,0,0,0
12068,07317,0,0,0
12068,07318,0,0,0
12068,07319,0,0,0
12068,07320,0,0,0
12068,07331,0,0,0
12068,07332,0,0,0
12068,07333,0,0,0
12068,07334,0,0,0
12068,07335,0,0,0
12068,07336,0,0,0
12068,07337,0,0,0
12068,07338,0,0,0
12068,07339,0,0,0
12068,07340,0,0,0
12068,08111,14,0,14
12068,08115,0,0,0
12068,08116,0,0,0
12068,08117,0,0,0
12068,08118,0,0,0
12068,08119,0,0,0
12068,08121,0,0,0
12068,08125,0,0,0
12068,08126,0,0,0
12068,08127,0,0,0
12068,08128,0,0,0
12068,08135,0,0,0
12068,08136,14,0,14
12068,08211,0,0,0
12068,08212,15,0,15
12068,08215,0,0,0
12068,08216,0,0,0
12068,08221,0,0,0
12068,08222,0,0,0
12068,08225,0,0,0
12068,08226,0,0,0
12068,08231,0,0,0
12068,08235,0,0,0
12068,08236,0,0,0
12068,08237,0,0,0
12068,08311,0,0,0
12068,08315,0,0,0
12068,08316,0,0,0
12068,08317,0,0,0
12068,08325,0,0,0
12068,08326,0,0,0
12068,08327,0,0,0
12068,08335,0,0,0
12068,08336,0,0,0
12068,08337,0,0,0
12068,08415,0,0,0
12068,08416,0,0,0
12068,08417,0,0,0
12068,08421,0,0,0
12068,08425,0,0,0
12068,08426,0,0,0
12068,08435,0,0,0
12068,08436,0,0,0
12068,08437,0,0,0
12068,09161,0,0,0
12068,09162,26,0,26
12068,09163,0,0,0
12068,09171,0,0,0
12068,09172,0,0,0
12068,09173,0,0,0
12068,09174,0,0,0
12068,09175,0,0,0
12068,09176,0,0,0
12068,09177,0,0,0
12068,09178,0,0,0
12068,09179,0,0,0
12068,09180,0,0,0
12068,09181,0,0,0
12068,09182,0,0,0
12068,09183,0,0,0
12068,09184,14,0,14
12068,09185,0,0,0
12068,09186,0,0,0
12068,09187,0,0,0
12068,09188,0,0,0
12068,09189,0,0,0
12068,09190,0,0,0
12068,09261,0,0,0
12068,09262,0,0,0
12068,09263,0,0,0
12068,09271,0,0,0
12068,09272,0,0,0
12068,09273,0,0,0
12068,09274,0,0,0
12068,09275,0,0,0
12068,09276,0,0,0
12068,09277,0,0,0
12068,09278,0,0,0
12068,09279,0,0,0
12068,09361,0,0,0
12068,09362,0,0,0
12068,09363,0,0,0
12068,09371,0,0,0
12068,09372,0,0,0
12068,09373,0,0,0
12068,09374,0,0,0
12068,09375,0,0,0
12068,09376,0,0,0
12068,09377,0,0,0
12068,09461,0,0,0
12068,09462,0,0,0
12068,09463,0,0,0
12068,09464,0,0,0
12068,09471,0,0,0
12068,09472,0,0,0
12068,09473,0,0,0
12068,09474,0,0,0
12068,09475,0,0,0
12068,09476,0,0,0
12068,09477,0,0,0
12068,09478,0,0,0
12068,09479,0,0,0
12068,09561,0,0,0
12068,09562,0,0,0
12068,09563,0,0,0
12068,09564,23,0,23
12068,09565,0,0,0
12068,09571,0,0,0
12068,09572,0,0,0
12068,09573,0,0,0
12068,09574,0,0,0
12068,09575,0,0,0
12068,09576,0,0,0
12068,09577,0,0,0
12068,09661,0,0,0
12068,09662,0,0,0
12068,09663,0,0,0
12068,09671,0,0,0
12068,09672,0,0,0
12068,09673,0,0,0
12068,09674,0,0,0
12068,09675,0,0,0
12068,09676,0,0,0
12068,09677,0,0,0
12068,09678,10,0,10
12068,09679,0,0,0
12068,09761,0,0,0
12068,09762,0,0,0
12068,09763,0,0,0
12068,09764,0,0,0
12068,09771,0,0,0
12068,09772,0,0,0
12068,09773,0,0,0
12068,09774,0,0,0
12068,09775,0,0,0
12068,09776,0,0,0
12068,09777,0,0,0
12068,09778,0,0,0
12068,09779,0,0,0
12068,09780,0,0,0
12068,10041,0,0,0
12068,10042,0,0,0
12068,10043,0,0,0
12068,10044,0,0,0
12068,10045,0,0,0
12068,10046,0,0,0
12068,11000,3472,1050,2422
12068,12051,270,101,169
12068,12052,57,45,12
12068,12053,164,21,143
12068,12054,552,111,441
12068,12060,220,86,134
12068,12061,126,90,36
12068,12062,0,0,0
12068,12063,1591,565,1026
12068,12064,208,82,126
12068,12065,2777,1292,1485
12068,12066,13,13,0
12068,12067,111,54,57
12068,12068,0,0,0
12068,12069,219,109,110
12068,12070,3501,1805,1696
12068,12071,27,27,0
12068,12072,158,24,134
12068,12073,249,176,73
12068,13003,146,85,61
12068,13004,65,13,52
12068,13071,916,526,390
12068,13072,119,83,36
12068,13073,57,28,29
12068,13074,39,11,28
12068,13075,112,62,50
12068,13076,218,109,109
12068,14511,10,0,10
12068,14521,0,0,0
12068,14522,34,12,22
12068,14523,0,0,0
12068,14524,0,0,0
12068,14612,47,20,27
12068,14625,0,0,0
12068,14626,0,0,0
12068,14627,13,13,0
12068,14628,0,0,0
12068,14713,78,22,56
12068,14729,13,13,0
12068,14730,16,0,16
12068,15001,0,0,0
12068,15002,13,0,13
12068,15003,20,0,20
12068,15081,29,13,16
12068,15082,0,0,0
12068,15083,11,0,11
12068,15084,0,0,0
12068,15085,0,0,0
12068,15086,34,17,17
12068,15087,0,0,0
12068,15088,14,0,14
12068,15089,0,0,0
12068,15090,240,115,125
12068,15091,0,0,0
12068,16051,0,0,0
12068,16052,0,0,0
12068,16053,0,0,0
12068,16054,0,0,0
12068,16055,0,0,0
12068,16056,0,0,0
12068,16061,0,0,0
12068,16062,0,0,0
12068,16063,0,0,0
12068,16064,0,0,0
12068,16065,0,0,0
12068,16066,0,0,0
12068,16067,0,0,0
12068,16068,0,0,0
12068,16069,0,0,0
12068,16070,0,0,0
12068,16071,0,0,0
12068,16072,0,0,0
12068,16073,0,0,0
12068,16074,0,0,0
12068,16075,0,0,0
12068,16076,0,0,0
12068,16077,0,0,0
12069,01001,0,0,0
12069,01002,25,10,15
12069,01003,29,11,18
12069,01004,22,0,22
12069,01051,22,11,11
12069,01053,19,0,19
12069,01054,13,0,13
12069,01055,19,19,0
12069,01056,51,18,33
12069,01057,14,14,0
12069,01058,12,0,12
12069,01059,0,0,0
12069,01060,22,11,11
12069,01061,0,0,0
12069,01062,17,0,17
12069,02000,451,91,360
12069,03101,74,19,55
12069,03102,15,15,0
12069,03103,40,0,40
12069,03151,0,0,0
12069,03153,0,0,0
12069,03154,11,11,0
12069,03155,0,0,0
12069,03157,10,10,0
12069,03158,0,0,0
12069,03159,40,15,25
12069,03241,177,62,115
12069,03251,22,12,10
12069,03252,0,0,0
12069,03254,22,22,0
12069,03255,0,0,0
12069,03256,0,0,0
12069,03257,0,0,0
12069,03351,17,0,17
12069,03352,0,0,0
12069,03353,32,10,22
12069,03354,0,0,0
12069,03355,11,11,0
12069,03356,0,0,0
12069,03357,0,0,0
12069,03358,0,0,0
12069,03359,17,0,17
12069,03360,0,0,0
12069,03361,16,0,16
12069,03401,0,0,0
12069,03402,0,0,0
12069,03403,10,0,10
12069,03404,0,0,0
12069,03405,0,0,0
12069,03451,0,0,0
12069,03452,0,0,0
12069,03453,10,0,10
12069,03454,40,10,30
12069,03455,0,0,0
12069,03456,10,0,10
12069,03457,0,0,0
12069,03458,0,0,0
12069,03459,24,0,24
12069,03460,12,0,12
12069,03461,0,0,0
12069,03462,40,0,40
12069,04011,84,32,52
12069,04012,0,0,0
12069,05111,122,22,100
12069,05112,39,17,22
12069,05113,53,10,43
12069,05114,33,23,10
12069,05116,11,0,11
12069,05117,13,0,13
12069,05119,0,0,0
12069,05120,0,0,0
12069,05122,0,0,0
12069,05124,24,13,11
12069,05154,0,0,0
12069,05158,60,16,44
12069,05162,27,13,14
12069,05166,18,18,0
12069,05170,10,10,0
12069,05314,86,12,74
12069,05315,203,65,138
12069,05316,11,0,11
12069,05334,31,13,18
12069,05358,17,17,0
12069,05362,47,35,12
12069,05366,0,0,0
12069,05370,0,0,0
12069,05374,20,0,20
12069,05378,0,0,0
12069,05382,66,10,56
12069,05512,0,0,0
12069,05513,0,0,0
12069,05515,15,0,15
12069,05554,11,0,11
12069,05558,0,0,0
12069,05562,34,15,19
12069,05566,75,13,62
12069,05570,0,0,0
12069,05711,40,14,26
12069,05754,48,18,30
12069,05758,0,0,0
12069,05762,0,0,0
12069,05766,32,18,14
12069,05770,64,12,52
12069,05774,33,17,16
12069,05911,10,10,0
12069,05913,54,21,33
12069,05914,0,0,0
12069,05915,0,0,0
12069,05916,0,0,0
12069,05954,10,0,10
12069,05958,0,0,0
12069,05962,10,0,10
12069,05966,0,0,0
12069,05970,21,10,11
12069,05974,29,13,16
12069,05978,50,31,19
12069,06411,11,0,11
12069,06412,245,33,212
12069,06413,18,18,0
12069,06414,56,10,46
12069,06431,28,16,12
12069,06432,15,0,15
12069,06433,15,0,15
12069,06434,44,0,44
12069,06435,44,30,14
12069,06436,56,14,42
12069,06437,0,0,0
12069,06438,58,22,36
12069,06439,0,0,0
12069,06440,22,11,11
12069,06531,11,11,0
12069,06532,11,0,11
12069,06533,0,0,0
12069,06534,0,0,0
12069,06535,0,0,0
12069,06611,27,14,13
12069,06631,10,0,10
12069,06632,0,0,0
12069,06633,0,0,0
12069,06634,0,0,0
12069,06635,0,0,0
12069,06636,13,0,13
12069,07111,0,0,0
12069,07131,0,0,0
12069,07132,0,0,0
12069,07133,0,0,0
12069,07134,0,0,0
12069,07135,0,0,0
12069,07137,0,0,0
12069,07138,0,0,0
12069,07140,0,0,0
12069,07141,0,0,0
12069,07143,0,0,0
12069,07211,0,0,0
12069,07231,0,0,0
12069,07232,0,0,0
12069,07233,0,0,0
12069,07235,0,0,0
12069,07311,0,0,0
12069,07312,0,0,0
12069,07313,0,0,0
12069,07314,0,0,0
12069,07315,22,0,22
12069,07316,0,0,0
12069,07317,0,0,0
12069,07318,0,0,0
12069,07319,0,0,0
12069,07320,0,0,0
12069,07331,0,0,0
12069,07332,0,0,0
12069,07333,0,0,0
12069,07334,0,0,0
12069,07335,0,0,0
12069,07336,0,0,0
12069,07337,0,0,0
12069,07338,0,0,0
12069,07339,0,0,0
12069,07340,0,0,0
12069,08111,106,19,87
12069,08115,0,0,0
12069,08116,58,14,44
12069,08117,0,0,0
12069,08118,23,0,23
12069,08119,20,0,20
12069,08121,0,0,0
12069,08125,10,0,10
12069,08126,11,0,11
12069,08127,0,0,0
12069,08128,10,0,10
12069,08135,0,0,0
12069,08136,23,0,23
12069,08211,0,0,0
12069,08212,25,0,25
12069,08215,16,0,16
12069,08216,0,0,0
12069,08221,11,0,11
12069,08222,55,18,37
12069,08225,0,0,0
12069,08226,26,0,26
12069,08231,10,0,10
12069,08235,0,0,0
12069,08236,14,0,14
12069,08237,0,0,0
12069,08311,16,0,16
12069,08315,0,0,0
12069,08316,0,0,0
12069,08317,10,0,10
12069,08325,0,0,0
12069,08326,0,0,0
12069,08327,0,0,0
12069,08335,0,0,0
12069,08336,0,0,0
12069,08337,0,0,0
12069,08415,12,0,12
12069,08416,0,0,0
12069,08417,0,0,0
12069,08421,0,0,0
12069,08425,0,0,0
12069,08426,10,0,10
12069,08435,16,0,16
12069,08436,0,0,0
12069,08437,0,0,0
12069,09161,11,0,11
12069,09162,271,47,224
12069,09163,0,0,0
12069,09171,0,0,0
12069,09172,0,0,0
12069,09173,17,17,0
12069,09174,0,0,0
12069,09175,0,0,0
12069,09176,0,0,0
12069,09177,0,0,0
12069,09178,26,0,26
12069,09179,0,0,0
12069,09180,0,0,0
12069,09181,17,0,17
12069,09182,0,0,0
12069,09183,0,0,0
12069,09184,108,11,97
12069,09185,0,0,0
12069,09186,0,0,0
12069,09187,11,11,0
12069,09188,0,0,0
12069,09189,0,0,0
12069,09190,0,0,0
12069,09261,0,0,0
12069,09262,0,0,0
12069,09263,0,0,0
12069,09271,0,0,0
12069,09272,0,0,0
12069,09273,0,0,0
12069,09274,0,0,0
12069,09275,0,0,0
12069,09276,0,0,0
12069,09277,0,0,0
12069,09278,0,0,0
12069,09279,0,0,0
12069,09361,0,0,0
12069,09362,0,0,0
12069,09363,0,0,0
12069,09371,0,0,0
12069,09372,0,0,0
12069,09373,0,0,0
12069,09374,0,0,0
12069,09375,0,0,0
12069,09376,0,0,0
12069,09377,0,0,0
12069,09461,0,0,0
12069,09462,0,0,0
12069,09463,0,0,0
12069,09464,0,0,0
12069,09471,0,0,0
12069,09472,0,0,0
12069,09473,0,0,0
12069,09474,0,0,0
12069,09475,0,0,0
12069,09476,0,0,0
12069,09477,0,0,0
12069,09478,0,0,0
12069,09479,0,0,0
12069,09561,0,0,0
12069,09562,17,0,17
12069,09563,0,0,0
12069,09564,70,19,51
12069,09565,0,0,0
12069,09571,0,0,0
12069,09572,0,0,0
12069,09573,0,0,0
12069,09574,0,0,0
12069,09575,0,0,0
12069,09576,0,0,0
12069,09577,0,0,0
12069,09661,0,0,0
12069,09662,0,0,0
12069,09663,0,0,0
12069,09671,10,0,10
12069,09672,0,0,0
12069,09673,0,0,0
12069,09674,0,0,0
12069,09675,0,0,0
12069,09676,0,0,0
12069,09677,0,0,0
12069,09678,0,0,0
12069,09679,0,0,0
12069,09761,18,0,18
12069,09762,0,0,0
12069,09763,0,0,0
12069,09764,0,0,0
12069,09771,0,0,0
12069,09772,0,0,0
12069,09773,0,0,0
12069,09774,0,0,0
12069,09775,0,0,0
12069,09776,0,0,0
12069,09777,0,0,0
12069,09778,0,0,0
12069,09779,0,0,0
12069,09780,0,0,0
12069,10041,0,0,0
12069,10042,0,0,0
12069,10043,0,0,0
12069,10044,0,0,0
12069,10045,0,0,0
12069,10046,0,0,0
12069,11000,29691,8653,21038
12069,12051,8627,2496,6131
12069,12052,177,80,97
12069,12053,157,65,92
12069,12054,21727,6568,15159
12069,12060,415,266,149
12069,12061,1326,653,673
12069,12062,146,110,36
12069,12063,2322,1129,1193
12069,12064,465,283,182
12069,12065,759,426,333
12069,12066,116,81,35
12069,12067,386,255,131
12069,12068,219,110,109
12069,12069,0,0,0
12069,12070,72,56,16
12069,12071,106,94,12
12069,12072,7165,3827,3338
12069,12073,114,84,30
12069,13003,115,88,27
12069,13004,45,27,18
12069,13071,115,54,61
12069,13072,74,58,16
12069,13073,71,48,23
12069,13074,33,21,12
12069,13075,78,61,17
12069,13076,60,43,17
12069,14511,64,40,24
12069,14521,55,18,37
12069,14522,57,22,35
12069,14523,16,16,0
12069,14524,35,23,12
12069,14612,221,77,144
12069,14625,141,70,71
12069,14626,58,47,11
12069,14627,212,140,72
12069,14628,62,35,27
12069,14713,394,138,256
12069,14729,64,36,28
12069,14730,83,53,30
12069,15001,191,64,127
12069,15002,173,75,98
12069,15003,275,83,192
12069,15081,29,11,18
12069,15082,148,68,80
12069,15083,77,35,42
12069,15084,20,20,0
12069,15085,52,31,21
12069,15086,667,340,327
12069,15087,17,17,0
12069,15088,104,52,52
12069,15089,63,33,30
12069,15090,88,31,57
12069,15091,839,528,311
12069,16051,41,17,24
12069,16052,50,12,38
12069,16053,29,16,13
12069,16054,0,0,0
12069,16055,0,0,0
12069,16056,0,0,0
12069,16061,0,0,0
12069,16062,0,0,0
12069,16063,0,0,0
12069,16064,0,0,0
12069,16065,0,0,0
12069,16066,0,0,0
12069,16067,11,11,0
12069,16068,11,11,0
12069,16069,0,0,0
12069,16070,0,0,0
12069,16071,26,13,13
12069,16072,0,0,0
12069,16073,0,0,0
12069,16074,13,13,0
12069,16075,0,0,0
12069,16076,0,0,0
12069,16077,0,0,0
12070,01001,0,0,0
12070,01002,17,0,17
12070,01003,39,0,39
12070,01004,0,0,0
12070,01051,0,0,0
12070,01053,29,0,29
12070,01054,27,0,27
12070,01055,29,17,12
12070,01056,22,0,22
12070,01057,0,0,0
12070,01058,0,0,0
12070,01059,0,0,0
12070,01060,25,0,25
12070,01061,0,0,0
12070,01062,98,0,98
12070,02000,464,33,431
12070,03101,11,0,11
12070,03102,0,0,0
12070,03103,21,0,21
12070,03151,11,0,11
12070,03153,0,0,0
12070,03154,0,0,0
12070,03155,0,0,0
12070,03157,0,0,0
12070,03158,0,0,0
12070,03159,0,0,0
12070,03241,61,14,47
12070,03251,0,0,0
12070,03252,0,0,0
12070,03254,0,0,0
12070,03255,0,0,0
12070,03256,0,0,0
12070,03257,0,0,0
12070,03351,29,0,29
12070,03352,0,0,0
12070,03353,65,0,65
12070,03354,121,20,101
12070,03355,54,10,44
12070,03356,0,0,0
12070,03357,10,0,10
12070,03358,0,0,0
12070,03359,11,0,11
12070,03360,21,0,21
12070,03361,0,0,0
12070,03401,0,0,0
12070,03402,0,0,0
12070,03403,0,0,0
12070,03404,0,0,0
12070,03405,0,0,0
12070,03451,0,0,0
12070,03452,0,0,0
12070,03453,16,0,16
12070,03454,31,0,31
12070,03455,0,0,0
12070,03456,0,0,0
12070,03457,0,0,0
12070,03458,0,0,0
12070,03459,13,0,13
12070,03460,14,0,14
12070,03461,0,0,0
12070,03462,0,0,0
12070,04011,22,0,22
12070,04012,0,0,0
12070,05111,77,0,77
12070,05112,0,0,0
12070,05113,0,0,0
12070,05114,181,0,181
12070,05116,0,0,0
12070,05117,0,0,0
12070,05119,0,0,0
12070,05120,0,0,0
12070,05122,0,0,0
12070,05124,0,0,0
12070,05154,10,0,10
12070,05158,0,0,0
12070,05162,0,0,0
12070,05166,0,0,0
12070,05170,0,0,0
12070,05314,0,0,0
12070,05315,10,0,10
12070,05316,0,0,0
12070,05334,0,0,0
12070,05358,0,0,0
12070,05362,0,0,0
12070,05366,0,0,0
12070,05370,0,0,0
12070,05374,0,0,0
12070,05378,0,0,0
12070,05382,0,0,0
12070,05512,0,0,0
12070,05513,0,0,0
12070,05515,0,0,0
12070,05554,0,0,0
12070,05558,0,0,0
12070,05562,0,0,0
12070,05566,11,0,11
12070,05570,0,0,0
12070,05711,0,0,0
12070,05754,18,0,18
12070,05758,0,0,0
12070,05762,0,0,0
12070,05766,21,0,21
12070,05770,0,0,0
12070,05774,0,0,0
12070,05911,0,0,0
12070,05913,0,0,0
12070,05914,0,0,0
12070,05915,0,0,0
12070,05916,0,0,0
12070,05954,0,0,0
12070,05958,0,0,0
12070,05962,0,0,0
12070,05966,0,0,0
12070,05970,0,0,0
12070,05974,0,0,0
12070,05978,0,0,0
12070,06411,0,0,0
12070,06412,0,0,0
12070,06413,0,0,0
12070,06414,0,0,0
12070,06431,0,0,0
12070,06432,0,0,0
12070,06433,0,0,0
12070,06434,0,0,0
12070,06435,13,0,13
12070,06436,0,0,0
12070,06437,0,0,0
12070,06438,0,0,0
12070,06439,0,0,0
12070,06440,0,0,0
12070,06531,0,0,0
12070,06532,0,0,0
12070,06533,0,0,0
12070,06534,0,0,0
12070,06535,0,0,0
12070,06611,0,0,0
12070,06631,0,0,0
12070,06632,0,0,0
12070,06633,0,0,0
12070,06634,0,0,0
12070,06635,0,0,0
12070,06636,0,0,0
12070,07111,0,0,0
12070,07131,0,0,0
12070,07132,0,0,0
12070,07133,0,0,0
12070,07134,0,0,0
12070,07135,0,0,0
12070,07137,0,0,0
12070,07138,0,0,0
12070,07140,0,0,0
12070,07141,0,0,0
12070,07143,0,0,0
12070,07211,0,0,0
12070,07231,0,0,0
12070,07232,0,0,0
12070,07233,0,0,0
12070,07235,0,0,0
12070,07311,0,0,0
12070,07312,0,0,0
12070,07313,0,0,0
12070,07314,0,0,0
12070,07315,0,0,0
12070,07316,0,0,0
12070,07317,0,0,0
12070,07318,0,0,0
12070,07319,0,0,0
12070,07320,0,0,0
12070,07331,0,0,0
12070,07332,0,0,0
12070,07333,0,0,0
12070,07334,0,0,0
12070,07335,0,0,0
12070,07336,0,0,0
12070,07337,0,0,0
12070,07338,0,0,0
12070,07339,0,0,0
12070,07340,0,0,0
12070,08111,0,0,0
12070,08115,0,0,0
12070,08116,0,0,0
12070,08117,0,0,0
12070,08118,0,0,0
12070,08119,0,0,0
12070,08121,0,0,0
12070,08125,0,0,0
12070,08126,0,0,0
12070,08127,0,0,0
12070,08128,0,0,0
12070,08135,0,0,0
12070,08136,0,0,0
12070,08211,0,0,0
12070,08212,0,0,0
12070,08215,0,0,0
12070,08216,0,0,0
12070,08221,0,0,0
12070,08222,0,0,0
12070,08225,0,0,0
12070,08226,0,0,0
12070,08231,0,0,0
12070,08235,0,0,0
12070,08236,0,0,0
12070,08237,0,0,0
12070,08311,0,0,0
12070,08315,0,0,0
12070,08316,0,0,0
12070,08317,0,0,0
12070,08325,0,0,0
12070,08326,0,0,0
12070,08327,0,0,0
12070,08335,0,0,0
12070,08336,0,0,0
12070,08337,0,0,0
12070,08415,0,0,0
12070,08416,0,0,0
12070,08417,0,0,0
12070,08421,0,0,0
12070,08425,0,0,0
12070,08426,0,0,0
12070,08435,0,0,0
12070,08436,0,0,0
12070,08437,0,0,0
12070,09161,0,0,0
12070,09162,18,0,18
12070,09163,0,0,0
12070,09171,0,0,0
12070,09172,0,0,0
12070,09173,0,0,0
12070,09174,0,0,0
12070,09175,0,0,0
12070,09176,0,0,0
12070,09177,0,0,0
12070,09178,0,0,0
12070,09179,0,0,0
12070,09180,0,0,0
12070,09181,0,0,0
12070,09182,0,0,0
12070,09183,0,0,0
12070,09184,0,0,0
12070,09185,0,0,0
12070,09186,0,0,0
12070,09187,0,0,0
12070,09188,0,0,0
12070,09189,0,0,0
12070,09190,0,0,0
12070,09261,0,0,0
12070,09262,0,0,0
12070,09263,0,0,0
12070,09271,0,0,0
12070,09272,0,0,0
12070,09273,0,0,0
12070,09274,0,0,0
12070,09275,0,0,0
12070,09276,0,0,0
12070,09277,0,0,0
12070,09278,0,0,0
12070,09279,0,0,0
12070,09361,0,0,0
12070,09362,0,0,0
12070,09363,0,0,0
12070,09371,0,0,0
12070,09372,0,0,0
12070,09373,0,0,0
12070,09374,0,0,0
12070,09375,0,0,0
12070,09376,0,0,0
12070,09377,0,0,0
12070,09461,0,0,0
12070,09462,0,0,0
12070,09463,0,0,0
12070,09464,0,0,0
12070,09471,0,0,0
12070,09472,0,0,0
12070,09473,0,0,0
12070,09474,0,0,0
12070,09475,0,0,0
12070,09476,0,0,0
12070,09477,0,0,0
12070,09478,0,0,0
12070,09479,0,0,0
12070,09561,0,0,0
12070,09562,0,0,0
12070,09563,0,0,0
12070,09564,0,0,0
12070,09565,0,0,0
12070,09571,0,0,0
12070,09572,0,0,0
12070,09573,0,0,0
12070,09574,0,0,0
12070,09575,0,0,0
12070,09576,0,0,0
12070,09577,0,0,0
12070,09661,0,0,0
12070,09662,0,0,0
12070,09663,0,0,0
12070,09671,0,0,0
12070,09672,0,0,0
12070,09673,0,0,0
12070,09674,0,0,0
12070,09675,0,0,0
12070,09676,0,0,0
12070,09677,0,0,0
12070,09678,0,0,0
12070,09679,0,0,0
12070,09761,0,0,0
12070,09762,0,0,0
12070,09763,0,0,0
12070,09764,0,0,0
12070,09771,0,0,0
12070,09772,0,0,0
12070,09773,0,0,0
12070,09774,0,0,0
12070,09775,0,0,0
12070,09776,0,0,0
12070,09777,0,0,0
12070,09778,0,0,0
12070,09779,0,0,0
12070,09780,0,0,0
12070,10041,0,0,0
12070,10042,0,0,0
12070,10043,0,0,0
12070,10044,0,0,0
12070,10045,0,0,0
12070,10046,0,0,0
12070,11000,848,203,645
12070,12051,95,12,83
12070,12052,0,0,0
12070,12053,0,0,0
12070,12054,165,0,165
12070,12060,37,20,17
12070,12061,32,16,16
12070,12062,0,0,0
12070,12063,179,77,102
12070,12064,61,17,44
12070,12065,132,53,79
12070,12066,0,0,0
12070,12067,24,10,14
12070,12068,3501,1696,1805
12070,12069,72,16,56
12070,12070,0,0,0
12070,12071,0,0,0
12070,12072,40,16,24
12070,12073,39,24,15
12070,13003,140,35,105
12070,13004,355,51,304
12070,13071,318,181,137
12070,13072,265,217,48
12070,13073,54,28,26
12070,13074,142,35,107
12070,13075,40,27,13
12070,13076,1873,926,947
12070,14511,0,0,0
12070,14521,0,0,0
12070,14522,0,0,0
12070,14523,0,0,0
12070,14524,0,0,0
12070,14612,10,0,10
12070,14625,0,0,0
12070,14626,0,0,0
12070,14627,0,0,0
12070,14628,0,0,0
12070,14713,25,12,13
12070,14729,10,0,10
12070,14730,0,0,0
12070,15001,0,0,0
12070,15002,11,0,11
12070,15003,66,23,43
12070,15081,157,86,71
12070,15082,78,0,78
12070,15083,31,12,19
12070,15084,0,0,0
12070,15085,16,0,16
12070,15086,39,18,21
12070,15087,0,0,0
12070,15088,0,0,0
12070,15089,0,0,0
12070,15090,1571,1113,458
12070,15091,0,0,0
12070,16051,0,0,0
12070,16052,0,0,0
12070,16053,0,0,0
12070,16054,0,0,0
12070,16055,0,0,0
12070,16056,0,0,0
12070,16061,0,0,0
12070,16062,19,19,0
12070,16063,0,0,0
12070,16064,0,0,0
12070,16065,0,0,0
12070,16066,0,0,0
12070,16067,0,0,0
12070,16068,0,0,0
12070,16069,0,0,0
12070,16070,0,0,0
12070,16071,0,0,0
12070,16072,0,0,0
12070,16073,0,0,0
12070,16074,0,0,0
12070,16075,0,0,0
12070,16076,0,0,0
12070,16077,0,0,0
12071,01001,0,0,0
12071,01002,0,0,0
12071,01003,0,0,0
12071,01004,0,0,0
12071,01051,0,0,0
12071,01053,0,0,0
12071,01054,21,0,21
12071,01055,0,0,0
12071,01056,0,0,0
12071,01057,0,0,0
12071,01058,0,0,0
12071,01059,0,0,0
12071,01060,0,0,0
12071,01061,0,0,0
12071,01062,0,0,0
12071,02000,86,29,57
12071,03101,12,0,12
12071,03102,0,0,0
12071,03103,16,0,16
12071,03151,0,0,0
12071,03153,0,0,0
12071,03154,0,0,0
12071,03155,0,0,0
12071,03157,0,0,0
12071,03158,0,0,0
12071,03159,0,0,0
12071,03241,33,0,33
12071,03251,0,0,0
12071,03252,0,0,0
12071,03254,0,0,0
12071,03255,0,0,0
12071,03256,0,0,0
12071,03257,16,0,16
12071,03351,11,0,11
12071,03352,0,0,0
12071,03353,0,0,0
12071,03354,0,0,0
12071,03355,0,0,0
12071,03356,0,0,0
12071,03357,0,0,0
12071,03358,0,0,0
12071,03359,0,0,0
12071,03360,0,0,0
12071,03361,0,0,0
12071,03401,0,0,0
12071,03402,0,0,0
12071,03403,0,0,0
12071,03404,0,0,0
12071,03405,0,0,0
12071,03451,0,0,0
12071,03452,0,0,0
12071,03453,0,0,0
12071,03454,0,0,0
12071,03455,0,0,0
12071,03456,0,0,0
12071,03457,0,0,0
12071,03458,0,0,0
12071,03459,0,0,0
12071,03460,0,0,0
12071,03461,0,0,0
12071,03462,0,0,0
12071,04011,11,0,11
12071,04012,0,0,0
12071,05111,22,0,22
12071,05112,14,0,14
12071,05113,23,0,23
12071,05114,0,0,0
12071,05116,0,0,0
12071,05117,10,0,10
12071,05119,0,0,0
12071,05120,0,0,0
12071,05122,0,0,0
12071,05124,0,0,0
12071,05154,0,0,0
12071,05158,14,0,14
12071,05162,0,0,0
12071,05166,0,0,0
12071,05170,0,0,0
12071,05314,0,0,0
12071,05315,22,0,22
12071,05316,0,0,0
12071,05334,17,0,17
12071,05358,0,0,0
12071,05362,10,0,10
12071,05366,0,0,0
12071,05370,0,0,0
12071,05374,0,0,0
12071,05378,0,0,0
12071,05382,11,0,11
12071,05512,0,0,0
12071,05513,0,0,0
12071,05515,0,0,0
12071,05554,0,0,0
12071,05558,0,0,0
12071,05562,13,0,13
12071,05566,10,0,10
12071,05570,0,0,0
12071,05711,0,0,0
12071,05754,10,0,10
12071,05758,0,0,0
12071,05762,0,0,0
12071,05766,0,0,0
12071,05770,0,0,0
12071,05774,0,0,0
12071,05911,0,0,0
12071,05913,0,0,0
12071,05914,0,0,0
12071,05915,0,0,0
12071,05916,0,0,0
12071,05954,0,0,0
12071,05958,0,0,0
12071,05962,0,0,0
12071,05966,0,0,0
12071,05970,0,0,0
12071,05974,0,0,0
12071,05978,0,0,0
12071,06411,0,0,0
12071,06412,38,0,38
12071,06413,12,12,0
12071,06414,0,0,0
12071,06431,0,0,0
12071,06432,0,0,0
12071,06433,0,0,0
12071,06434,0,0,0
12071,06435,0,0,0
12071,06436,13,0,13
12071,06437,0,0,0
12071,06438,16,0,16
12071,06439,0,0,0
12071,06440,0,0,0
12071,06531,0,0,0
12071,06532,0,0,0
12071,06533,0,0,0
12071,06534,0,0,0
12071,06535,0,0,0
12071,06611,0,0,0
12071,06631,0,0,0
12071,06632,10,0,10
12071,06633,0,0,0
12071,06634,0,0,0
12071,06635,0,0,0
12071,06636,0,0,0
12071,07111,0,0,0
12071,07131,0,0,0
12071,07132,0,0,0
12071,07133,0,0,0
12071,07134,0,0,0
12071,07135,0,0,0
12071,07137,0,0,0
12071,07138,0,0,0
12071,07140,0,0,0
12071,07141,0,0,0
12071,07143,0,0,0
12071,07211,0,0,0
12071,07231,0,0,0
12071,07232,0,0,0
12071,07233,0,0,0
12071,07235,0,0,0
12071,07311,0,0,0
12071,07312,0,0,0
12071,07313,0,0,0
12071,07314,0,0,0
12071,07315,0,0,0
12071,07316,0,0,0
12071,07317,0,0,0
12071,07318,0,0,0
12071,07319,0,0,0
12071,07320,0,0,0
12071,07331,0,0,0
12071,07332,0,0,0
12071,07333,0,0,0
12071,07334,0,0,0
12071,07335,0,0,0
12071,07336,0,0,0
12071,07337,0,0,0
12071,07338,0,0,0
12071,07339,0,0,0
12071,07340,0,0,0
12071,08111,23,0,23
12071,08115,0,0,0
12071,08116,24,0,24
12071,08117,0,0,0
12071,08118,0,0,0
12071,08119,10,0,10
12071,08121,0,0,0
12071,08125,0,0,0
12071,08126,0,0,0
12071,08127,10,0,10
12071,08128,0,0,0
12071,08135,0,0,0
12071,08136,11,0,11
12071,08211,0,0,0
12071,08212,11,0,11
12071,08215,0,0,0
12071,08216,0,0,0
12071,08221,0,0,0
12071,08222,19,0,19
12071,08225,0,0,0
12071,08226,0,0,0
12071,08231,0,0,0
12071,08235,0,0,0
12071,08236,0,0,0
12071,08237,0,0,0
12071,08311,0,0,0
12071,08315,0,0,0
12071,08316,0,0,0
12071,08317,11,0,11
12071,08325,0,0,0
12071,08326,0,0,0
12071,08327,0,0,0
12071,08335,10,0,10
12071,08336,0,0,0
12071,08337,0,0,0
12071,08415,0,0,0
12071,08416,0,0,0
12071,08417,0,0,0
12071,08421,0,0,0
12071,08425,0,0,0
12071,08426,14,0,14
12071,08435,0,0,0
12071,08436,0,0,0
12071,08437,0,0,0
12071,09161,13,0,13
12071,09162,49,0,49
12071,09163,0,0,0
12071,09171,0,0,0
12071,09172,0,0,0
12071,09173,0,0,0
12071,09174,0,0,0
12071,09175,0,0,0
12071,09176,0,0,0
12071,09177,0,0,0
12071,09178,0,0,0
12071,09179,0,0,0
12071,09180,0,0,0
12071,09181,0,0,0
12071,09182,0,0,0
12071,09183,0,0,0
12071,09184,32,0,32
12071,09185,0,0,0
12071,09186,0,0,0
12071,09187,0,0,0
12071,09188,0,0,0
12071,09189,0,0,0
12071,09190,0,0,0
12071,09261,0,0,0
12071,09262,0,0,0
12071,09263,0,0,0
12071,09271,0,0,0
12071,09272,0,0,0
12071,09273,0,0,0
12071,09274,0,0,0
12071,09275,0,0,0
12071,09276,0,0,0
12071,09277,0,0,0
12071,09278,0,0,0
12071,09279,0,0,0
12071,09361,0,0,0
12071,09362,0,0,0
12071,09363,0,0,0
12071,09371,0,0,0
12071,09372,0,0,0
12071,09373,0,0,0
12071,09374,0,0,0
12071,09375,0,0,0
12071,09376,0,0,0
12071,09377,0,0,0
12071,09461,0,0,0
12071,09462,0,0,0
12071,09463,0,0,0
12071,09464,0,0,0
12071,09471,0,0,0
12071,09472,0,0,0
12071,09473,0,0,0
12071,09474,0,0,0
12071,09475,0,0,0
12071,09476,0,0,0
12071,09477,0,0,0
12071,09478,0,0,0
12071,09479,0,0,0
12071,09561,0,0,0
12071,09562,0,0,0
12071,09563,0,0,0
12071,09564,36,0,36
12071,09565,0,0,0
12071,09571,0,0,0
12071,09572,0,0,0
12071,09573,0,0,0
12071,09574,0,0,0
12071,09575,0,0,0
12071,09576,0,0,0
12071,09577,0,0,0
12071,09661,0,0,0
12071,09662,0,0,0
12071,09663,0,0,0
12071,09671,0,0,0
12071,09672,0,0,0
12071,09673,0,0,0
12071,09674,0,0,0
12071,09675,0,0,0
12071,09676,0,0,0
12071,09677,0,0,0
12071,09678,0,0,0
12071,09679,0,0,0
12071,09761,16,0,16
12071,09762,0,0,0
12071,09763,0,0,0
12071,09764,0,0,0
12071,09771,0,0,0
12071,09772,0,0,0
12071,09773,0,0,0
12071,09774,0,0,0
12071,09775,0,0,0
12071,09776,0,0,0
12071,09777,0,0,0
12071,09778,0,0,0
12071,09779,0,0,0
12071,09780,0,0,0
12071,10041,11,0,11
12071,10042,0,0,0
12071,10043,0,0,0
12071,10044,0,0,0
12071,10045,0,0,0
12071,10046,0,0,0
12071,11000,1060,201,859
12071,12051,38,0,38
12071,12052,16682,5032,11650
12071,12053,435,94,341
12071,12054,253,20,233
12071,12060,56,17,39
12071,12061,1174,578,596
12071,12062,442,218,224
12071,12063,22,11,11
12071,12064,74,40,34
12071,12065,41,13,28
12071,12066,3771,1611,2160
12071,12067,1303,499,804
12071,12068,27,0,27
12071,12069,106,12,94
12071,12070,0,0,0
12071,12071,0,0,0
12071,12072,189,44,145
12071,12073,23,13,10
12071,13003,15,0,15
12071,13004,0,0,0
12071,13071,21,11,10
12071,13072,0,0,0
12071,13073,0,0,0
12071,13074,0,0,0
12071,13075,23,13,10
12071,13076,0,0,0
12071,14511,37,0,37
12071,14521,30,0,30
12071,14522,45,14,31
12071,14523,0,0,0
12071,14524,27,0,27
12071,14612,354,113,241
12071,14625,2972,2061,911
12071,14626,2506,1673,833
12071,14627,112,40,72
12071,14628,81,25,56
12071,14713,146,26,120
12071,14729,85,39,46
12071,14730,112,97,15
12071,15001,0,0,0
12071,15002,41,12,29
12071,15003,16,0,16
12071,15081,0,0,0
12071,15082,42,12,30
12071,15083,17,0,17
12071,15084,31,14,17
12071,15085,0,0,0
12071,15086,26,0,26
12071,15087,0,0,0
12071,15088,88,51,37
12071,15089,12,0,12
12071,15090,0,0,0
12071,15091,31,18,13
12071,16051,21,0,21
12071,16052,0,0,0
12071,16053,0,0,0
12071,16054,0,0,0
12071,16055,0,0,0
12071,16056,0,0,0
12071,16061,11,0,11
12071,16062,0,0,0
12071,16063,0,0,0
12071,16064,0,0,0
12071,16065,0,0,0
12071,16066,0,0,0
12071,16067,0,0,0
12071,16068,0,0,0
12071,16069,0,0,0
12071,16070,0,0,0
12071,16071,0,0,0
12071,16072,0,0,0
12071,16073,0,0,0
12071,16074,0,0,0
12071,16075,0,0,0
12071,16076,0,0,0
12071,16077,0,0,0
12072,01001,0,0,0
12072,01002,21,0,21
12072,01003,33,20,13
12072,01004,41,0,41
12072,01051,0,0,0
12072,01053,12,0,12
12072,01054,0,0,0
12072,01055,0,0,0
12072,01056,0,0,0
12072,01057,0,0,0
12072,01058,0,0,0
12072,01059,0,0,0
12072,01060,20,0,20
12072,01061,0,0,0
12072,01062,0,0,0
12072,02000,296,91,205
12072,03101,47,14,33
12072,03102,0,0,0
12072,03103,19,0,19
12072,03151,0,0,0
12072,03153,0,0,0
12072,03154,0,0,0
12072,03155,0,0,0
12072,03157,0,0,0
12072,03158,0,0,0
12072,03159,12,0,12
12072,03241,153,57,96
12072,03251,0,0,0
12072,03252,0,0,0
12072,03254,10,0,10
12072,03255,0,0,0
12072,03256,0,0,0
12072,03257,0,0,0
12072,03351,0,0,0
12072,03352,0,0,0
12072,03353,65,0,65
12072,03354,0,0,0
12072,03355,0,0,0
12072,03356,0,0,0
12072,03357,11,0,11
12072,03358,0,0,0
12072,03359,0,0,0
12072,03360,0,0,0
12072,03361,0,0,0
12072,03401,0,0,0
12072,03402,0,0,0
12072,03403,0,0,0
12072,03404,14,0,14
12072,03405,0,0,0
12072,03451,0,0,0
12072,03452,0,0,0
12072,03453,16,0,16
12072,03454,41,22,19
12072,03455,0,0,0
12072,03456,0,0,0
12072,03457,0,0,0
12072,03458,0,0,0
12072,03459,20,0,20
12072,03460,11,0,11
12072,03461,0,0,0
12072,03462,0,0,0
12072,04011,71,21,50
12072,04012,0,0,0
12072,05111,66,0,66
12072,05112,15,15,0
12072,05113,38,0,38
12072,05114,0,0,0
12072,05116,0,0,0
12072,05117,0,0,0
12072,05119,0,0,0
12072,05120,0,0,0
12072,05122,0,0,0
12072,05124,14,0,14
12072,05154,23,10,13
12072,05158,29,0,29
12072,05162,29,12,17
12072,05166,32,20,12
12072,05170,0,0,0
12072,05314,24,0,24
12072,05315,103,10,93
12072,05316,0,0,0
12072,05334,29,17,12
12072,05358,0,0,0
12072,05362,14,0,14
12072,05366,0,0,0
12072,05370,10,10,0
12072,05374,16,0,16
12072,05378,0,0,0
12072,05382,30,0,30
12072,05512,0,0,0
12072,05513,0,0,0
12072,05515,0,0,0
12072,05554,0,0,0
12072,05558,0,0,0
12072,05562,109,10,99
12072,05566,16,0,16
12072,05570,0,0,0
12072,05711,10,0,10
12072,05754,21,0,21
12072,05758,0,0,0
12072,05762,0,0,0
12072,05766,24,14,10
12072,05770,15,0,15
12072,05774,0,0,0
12072,05911,11,0,11
12072,05913,32,10,22
12072,05914,0,0,0
12072,05915,0,0,0
12072,05916,0,0,0
12072,05954,0,0,0
12072,05958,0,0,0
12072,05962,25,25,0
12072,05966,0,0,0
12072,05970,0,0,0
12072,05974,0,0,0
12072,05978,25,0,25
12072,06411,12,0,12
12072,06412,183,0,183
12072,06413,0,0,0
12072,06414,28,0,28
12072,06431,0,0,0
12072,06432,0,0,0
12072,06433,12,0,12
12072,06434,43,10,33
12072,06435,10,0,10
12072,06436,28,0,28
12072,06437,0,0,0
12072,06438,26,0,26
12072,06439,0,0,0
12072,06440,10,10,0
12072,06531,0,0,0
12072,06532,0,0,0
12072,06533,0,0,0
12072,06534,0,0,0
12072,06535,0,0,0
12072,06611,0,0,0
12072,06631,0,0,0
12072,06632,0,0,0
12072,06633,0,0,0
12072,06634,0,0,0
12072,06635,0,0,0
12072,06636,13,0,13
12072,07111,0,0,0
12072,07131,0,0,0
12072,07132,0,0,0
12072,07133,0,0,0
12072,07134,0,0,0
12072,07135,0,0,0
12072,07137,0,0,0
12072,07138,0,0,0
12072,07140,0,0,0
12072,07141,0,0,0
12072,07143,0,0,0
12072,07211,0,0,0
12072,07231,0,0,0
12072,07232,0,0,0
12072,07233,0,0,0
12072,07235,0,0,0
12072,07311,0,0,0
12072,07312,0,0,0
12072,07313,0,0,0
12072,07314,18,18,0
12072,07315,13,0,13
12072,07316,0,0,0
12072,07317,0,0,0
12072,07318,0,0,0
12072,07319,13,0,13
12072,07320,0,0,0
12072,07331,0,0,0
12072,07332,0,0,0
12072,07333,0,0,0
12072,07334,0,0,0
12072,07335,0,0,0
12072,07336,0,0,0
12072,07337,0,0,0
12072,07338,0,0,0
12072,07339,0,0,0
12072,07340,0,0,0
12072,08111,49,10,39
12072,08115,0,0,0
12072,08116,27,12,15
12072,08117,0,0,0
12072,08118,0,0,0
12072,08119,0,0,0
12072,08121,0,0,0
12072,08125,18,0,18
12072,08126,18,0,18
12072,08127,0,0,0
12072,08128,0,0,0
12072,08135,0,0,0
12072,08136,0,0,0
12072,08211,0,0,0
12072,08212,21,0,21
12072,08215,14,0,14
12072,08216,0,0,0
12072,08221,0,0,0
12072,08222,39,22,17
12072,08225,0,0,0
12072,08226,35,11,24
12072,08231,0,0,0
12072,08235,0,0,0
12072,08236,0,0,0
12072,08237,0,0,0
12072,08311,0,0,0
12072,08315,0,0,0
12072,08316,0,0,0
12072,08317,0,0,0
12072,08325,0,0,0
12072,08326,0,0,0
12072,08327,0,0,0
12072,08335,10,10,0
12072,08336,0,0,0
12072,08337,0,0,0
12072,08415,0,0,0
12072,08416,0,0,0
12072,08417,0,0,0
12072,08421,0,0,0
12072,08425,0,0,0
12072,08426,0,0,0
12072,08435,10,10,0
12072,08436,0,0,0
12072,08437,0,0,0
12072,09161,12,0,12
12072,09162,117,25,92
12072,09163,0,0,0
12072,09171,0,0,0
12072,09172,0,0,0
12072,09173,0,0,0
12072,09174,0,0,0
12072,09175,0,0,0
12072,09176,0,0,0
12072,09177,0,0,0
12072,09178,17,0,17
12072,09179,0,0,0
12072,09180,0,0,0
12072,09181,0,0,0
12072,09182,0,0,0
12072,09183,0,0,0
12072,09184,50,0,50
12072,09185,0,0,0
12072,09186,0,0,0
12072,09187,0,0,0
12072,09188,0,0,0
12072,09189,0,0,0
12072,09190,0,0,0
12072,09261,0,0,0
12072,09262,0,0,0
12072,09263,0,0,0
12072,09271,0,0,0
12072,09272,0,0,0
12072,09273,10,0,10
12072,09274,0,0,0
12072,09275,0,0,0
12072,09276,0,0,0
12072,09277,0,0,0
12072,09278,0,0,0
12072,09279,0,0,0
12072,09361,0,0,0
12072,09362,0,0,0
12072,09363,0,0,0
12072,09371,0,0,0
12072,09372,0,0,0
12072,09373,0,0,0
12072,09374,0,0,0
12072,09375,0,0,0
12072,09376,0,0,0
12072,09377,0,0,0
12072,09461,0,0,0
12072,09462,0,0,0
12072,09463,0,0,0
12072,09464,0,0,0
12072,09471,0,0,0
12072,09472,0,0,0
12072,09473,0,0,0
12072,09474,0,0,0
12072,09475,0,0,0
12072,09476,0,0,0
12072,09477,0,0,0
12072,09478,0,0,0
12072,09479,0,0,0
12072,09561,0,0,0
12072,09562,11,0,11
12072,09563,0,0,0
12072,09564,33,0,33
12072,09565,0,0,0
12072,09571,0,0,0
12072,09572,0,0,0
12072,09573,0,0,0
12072,09574,0,0,0
12072,09575,0,0,0
12072,09576,0,0,0
12072,09577,42,28,14
12072,09661,0,0,0
12072,09662,0,0,0
12072,09663,0,0,0
12072,09671,0,0,0
12072,09672,0,0,0
12072,09673,0,0,0
12072,09674,0,0,0
12072,09675,0,0,0
12072,09676,0,0,0
12072,09677,0,0,0
12072,09678,0,0,0
12072,09679,0,0,0
12072,09761,0,0,0
12072,09762,0,0,0
12072,09763,0,0,0
12072,09764,0,0,0
12072,09771,0,0,0
12072,09772,0,0,0
12072,09773,0,0,0
12072,09774,0,0,0
12072,09775,0,0,0
12072,09776,0,0,0
12072,09777,0,0,0
12072,09778,0,0,0
12072,09779,0,0,0
12072,09780,0,0,0
12072,10041,0,0,0
12072,10042,0,0,0
12072,10043,0,0,0
12072,10044,0,0,0
12072,10045,0,0,0
12072,10046,0,0,0
12072,11000,30243,10268,19975
12072,12051,308,202,106
12072,12052,259,148,111
12072,12053,257,162,95
12072,12054,4932,1951,2981
12072,12060,409,312,97
12072,12061,7754,3821,3933
12072,12062,1258,685,573
12072,12063,485,345,140
12072,12064,794,527,267
12072,12065,562,390,172
12072,12066,552,264,288
12072,12067,711,523,188
12072,12068,158,134,24
12072,12069,7165,3338,3827
12072,12070,40,24,16
12072,12071,189,145,44
12072,12072,0,0,0
12072,12073,100,85,15
12072,13003,50,36,14
12072,13004,27,15,12
12072,13071,166,134,32
12072,13072,79,64,15
12072,13073,52,37,15
12072,13074,22,22,0
12072,13075,99,77,22
12072,13076,31,31,0
12072,14511,32,11,21
12072,14521,42,19,23
12072,14522,72,43,29
12072,14523,25,14,11
12072,14524,33,21,12
12072,14612,239,85,154
12072,14625,63,38,25
12072,14626,51,41,10
12072,14627,83,36,47
12072,14628,67,38,29
12072,14713,251,98,153
12072,14729,44,30,14
12072,14730,67,42,25
12072,15001,33,17,16
12072,15002,85,40,45
12072,15003,121,89,32
12072,15081,13,13,0
12072,15082,110,37,73
12072,15083,60,37,23
12072,15084,56,30,26
12072,15085,38,18,20
12072,15086,50,36,14
12072,15087,20,20,0
12072,15088,68,38,30
12072,15089,43,27,16
12072,15090,26,26,0
12072,15091,799,509,290
12072,16051,73,46,27
12072,16052,10,10,0
12072,16053,12,12,0
12072,16054,0,0,0
12072,16055,0,0,0
12072,16056,0,0,0
12072,16061,0,0,0
12072,16062,0,0,0
12072,16063,23,0,23
12072,16064,12,12,0
12072,16065,0,0,0
12072,16066,0,0,0
12072,16067,11,11,0
12072,16068,0,0,0
12072,16069,0,0,0
12072,16070,25,13,12
12072,16071,0,0,0
12072,16072,0,0,0
12072,16073,13,13,0
12072,16074,61,11,50
12072,16075,0,0,0
12072,16076,11,11,0
12072,16077,11,11,0
12073,01001,0,0,0
12073,01002,0,0,0
12073,01003,0,0,0
12073,01004,11,0,11
12073,01051,13,0,13
12073,01053,11,0,11
12073,01054,20,0,20
12073,01055,0,0,0
12073,01056,0,0,0
12073,01057,0,0,0
12073,01058,23,0,23
12073,01059,12,0,12
12073,01060,15,0,15
12073,01061,11,0,11
12073,01062,15,0,15
12073,02000,203,24,179
12073,03101,10,0,10
12073,03102,0,0,0
12073,03103,0,0,0
12073,03151,0,0,0
12073,03153,0,0,0
12073,03154,0,0,0
12073,03155,0,0,0
12073,03157,0,0,0
12073,03158,0,0,0
12073,03159,0,0,0
12073,03241,64,11,53
12073,03251,0,0,0
12073,03252,0,0,0
12073,03254,0,0,0
12073,03255,0,0,0
12073,03256,0,0,0
12073,03257,13,0,13
12073,03351,0,0,0
12073,03352,0,0,0
12073,03353,20,0,20
12073,03354,0,0,0
12073,03355,0,0,0
12073,03356,0,0,0
12073,03357,10,0,10
12073,03358,0,0,0
12073,03359,0,0,0
12073,03360,0,0,0
12073,03361,0,0,0
12073,03401,0,0,0
12073,03402,0,0,0
12073,03403,0,0,0
12073,03404,0,0,0
12073,03405,0,0,0
12073,03451,0,0,0
12073,03452,33,0,33
12073,03453,16,0,16
12073,03454,19,0,19
12073,03455,0,0,0
12073,03456,0,0,0
12073,03457,0,0,0
12073,03458,0,0,0
12073,03459,42,0,42
12073,03460,37,0,37
12073,03461,0,0,0
12073,03462,0,0,0
12073,04011,12,0,12
12073,04012,0,0,0
12073,05111,21,0,21
12073,05112,0,0,0
12073,05113,17,0,17
12073,05114,0,0,0
12073,05116,0,0,0
12073,05117,80,0,80
12073,05119,14,0,14
12073,05120,0,0,0
12073,05122,0,0,0
12073,05124,0,0,0
12073,05154,0,0,0
12073,05158,0,0,0
12073,05162,0,0,0
12073,05166,0,0,0
12073,05170,0,0,0
12073,05314,0,0,0
12073,05315,37,0,37
12073,05316,0,0,0
12073,05334,0,0,0
12073,05358,0,0,0
12073,05362,0,0,0
12073,05366,0,0,0
12073,05370,0,0,0
12073,05374,0,0,0
12073,05378,0,0,0
12073,05382,22,0,22
12073,05512,0,0,0
12073,05513,0,0,0
12073,05515,0,0,0
12073,05554,0,0,0
12073,05558,0,0,0
12073,05562,31,0,31
12073,05566,11,0,11
12073,05570,0,0,0
12073,05711,0,0,0
12073,05754,15,0,15
12073,05758,0,0,0
12073,05762,0,0,0
12073,05766,0,0,0
12073,05770,18,0,18
12073,05774,0,0,0
12073,05911,23,0,23
12073,05913,0,0,0
12073,05914,0,0,0
12073,05915,12,0,12
12073,05916,0,0,0
12073,05954,0,0,0
12073,05958,0,0,0
12073,05962,0,0,0
12073,05966,18,0,18
12073,05970,0,0,0
12073,05974,0,0,0
12073,05978,0,0,0
12073,06411,0,0,0
12073,06412,33,0,33
12073,06413,0,0,0
12073,06414,0,0,0
12073,06431,0,0,0
12073,06432,0,0,0
12073,06433,0,0,0
12073,06434,55,0,55
12073,06435,53,0,53
12073,06436,0,0,0
12073,06437,0,0,0
12073,06438,12,0,12
12073,06439,0,0,0
12073,06440,0,0,0
12073,06531,0,0,0
12073,06532,15,0,15
12073,06533,0,0,0
12073,06534,0,0,0
12073,06535,0,0,0
12073,06611,0,0,0
12073,06631,0,0,0
12073,06632,13,0,13
12073,06633,0,0,0
12073,06634,0,0,0
12073,06635,0,0,0
12073,06636,0,0,0
12073,07111,0,0,0
12073,07131,0,0,0
12073,07132,0,0,0
12073,07133,0,0,0
12073,07134,0,0,0
12073,07135,0,0,0
12073,07137,0,0,0
12073,07138,0,0,0
12073,07140,0,0,0
12073,07141,0,0,0
12073,07143,0,0,0
12073,07211,0,0,0
12073,07231,0,0,0
12073,07232,0,0,0
12073,07233,0,0,0
12073,07235,0,0,0
12073,07311,0,0,0
12073,07312,0,0,0
12073,07313,0,0,0
12073,07314,0,0,0
12073,07315,0,0,0
12073,07316,0,0,0
12073,07317,0,0,0
12073,07318,0,0,0
12073,07319,0,0,0
12073,07320,0,0,0
12073,07331,0,0,0
12073,07332,0,0,0
12073,07333,0,0,0
12073,07334,0,0,0
12073,07335,0,0,0
12073,07336,0,0,0
12073,07337,0,0,0
12073,07338,0,0,0
12073,07339,0,0,0
12073,07340,0,0,0
12073,08111,10,0,10
12073,08115,0,0,0
12073,08116,0,0,0
12073,08117,0,0,0
12073,08118,11,0,11
12073,08119,0,0,0
12073,08121,0,0,0
12073,08125,0,0,0
12073,08126,0,0,0
12073,08127,0,0,0
12073,08128,0,0,0
12073,08135,0,0,0
12073,08136,0,0,0
12073,08211,0,0,0
12073,08212,0,0,0
12073,08215,0,0,0
12073,08216,0,0,0
12073,08221,0,0,0
12073,08222,15,0,15
12073,08225,0,0,0
12073,08226,0,0,0
12073,08231,0,0,0
12073,08235,0,0,0
12073,08236,0,0,0
12073,08237,0,0,0
12073,08311,0,0,0
12073,08315,0,0,0
12073,08316,0,0,0
12073,08317,0,0,0
12073,08325,0,0,0
12073,08326,0,0,0
12073,08327,0,0,0
12073,08335,0,0,0
12073,08336,0,0,0
12073,08337,0,0,0
12073,08415,0,0,0
12073,08416,0,0,0
12073,08417,0,0,0
12073,08421,0,0,0
12073,08425,0,0,0
12073,08426,0,0,0
12073,08435,0,0,0
12073,08436,0,0,0
12073,08437,0,0,0
12073,09161,0,0,0
12073,09162,27,0,27
12073,09163,0,0,0
12073,09171,0,0,0
12073,09172,0,0,0
12073,09173,0,0,0
12073,09174,0,0,0
12073,09175,0,0,0
12073,09176,0,0,0
12073,09177,0,0,0
12073,09178,0,0,0
12073,09179,0,0,0
12073,09180,0,0,0
12073,09181,0,0,0
12073,09182,0,0,0
12073,09183,0,0,0
12073,09184,23,0,23
12073,09185,0,0,0
12073,09186,0,0,0
12073,09187,0,0,0
12073,09188,0,0,0
12073,09189,0,0,0
12073,09190,0,0,0
12073,09261,0,0,0
12073,09262,0,0,0
12073,09263,0,0,0
12073,09271,0,0,0
12073,09272,0,0,0
12073,09273,0,0,0
12073,09274,0,0,0
12073,09275,0,0,0
12073,09276,0,0,0
12073,09277,0,0,0
12073,09278,0,0,0
12073,09279,0,0,0
12073,09361,0,0,0
12073,09362,0,0,0
12073,09363,0,0,0
12073,09371,0,0,0
12073,09372,0,0,0
12073,09373,0,0,0
12073,09374,0,0,0
12073,09375,0,0,0
12073,09376,0,0,0
12073,09377,0,0,0
12073,09461,0,0,0
12073,09462,0,0,0
12073,09463,0,0,0
12073,09464,0,0,0
12073,09471,0,0,0
12073,09472,0,0,0
12073,09473,0,0,0
12073,09474,0,0,0
12073,09475,0,0,0
12073,09476,0,0,0
12073,09477,0,0,0
12073,09478,0,0,0
12073,09479,0,0,0
12073,09561,0,0,0
12073,09562,0,0,0
12073,09563,0,0,0
12073,09564,0,0,0
12073,09565,0,0,0
12073,09571,0,0,0
12073,09572,0,0,0
12073,09573,0,0,0
12073,09574,0,0,0
12073,09575,0,0,0
12073,09576,0,0,0
12073,09577,0,0,0
12073,09661,0,0,0
12073,09662,0,0,0
12073,09663,0,0,0
12073,09671,0,0,0
12073,09672,0,0,0
12073,09673,0,0,0
12073,09674,0,0,0
12073,09675,0,0,0
12073,09676,0,0,0
12073,09677,0,0,0
12073,09678,0,0,0
12073,09679,0,0,0
12073,09761,11,0,11
12073,09762,0,0,0
12073,09763,0,0,0
12073,09764,0,0,0
12073,09771,0,0,0
12073,09772,0,0,0
12073,09773,0,0,0
12073,09774,0,0,0
12073,09775,34,0,34
12073,09776,0,0,0
12073,09777,0,0,0
12073,09778,0,0,0
12073,09779,0,0,0
12073,09780,0,0,0
12073,10041,0,0,0
12073,10042,0,0,0
12073,10043,0,0,0
12073,10044,0,0,0
12073,10045,0,0,0
12073,10046,0,0,0
12073,11000,2531,596,1935
12073,12051,44,10,34
12073,12052,10,0,10
12073,12053,183,18,165
12073,12054,262,23,239
12073,12060,3222,1340,1882
12073,12061,85,15,70
12073,12062,32,15,17
12073,12063,50,14,36
12073,12064,614,407,207
12073,12065,1015,428,587
12073,12066,38,0,38
12073,12067,199,51,148
12073,12068,249,73,176
12073,12069,114,30,84
12073,12070,39,15,24
12073,12071,23,10,13
12073,12072,100,15,85
12073,12073,0,0,0
12073,13003,85,30,55
12073,13004,33,15,18
12073,13071,1392,511,881
12073,13072,81,38,43
12073,13073,101,37,64
12073,13074,24,10,14
12073,13075,2262,1193,1069
12073,13076,35,19,16
12073,14511,10,0,10
12073,14521,0,0,0
12073,14522,0,0,0
12073,14523,0,0,0
12073,14524,0,0,0
12073,14612,46,15,31
12073,14625,20,0,20
12073,14626,0,0,0
12073,14627,0,0,0
12073,14628,10,0,10
12073,14713,75,15,60
12073,14729,0,0,0
12073,14730,0,0,0
12073,15001,12,0,12
12073,15002,34,0,34
12073,15003,88,21,67
12073,15081,0,0,0
12073,15082,26,0,26
12073,15083,11,11,0
12073,15084,0,0,0
12073,15085,0,0,0
12073,15086,16,0,16
12073,15087,0,0,0
12073,15088,134,12,122
12073,15089,12,12,0
12073,15090,0,0,0
12073,15091,0,0,0
12073,16051,22,10,12
12073,16052,0,0,0
12073,16053,0,0,0
12073,16054,0,0,0
12073,16055,0,0,0
12073,16056,0,0,0
12073,16061,21,0,21
12073,16062,0,0,0
12073,16063,10,0,10
12073,16064,0,0,0
12073,16065,0,0,0
12073,16066,0,0,0
12073,16067,0,0,0
12073,16068,0,0,0
12073,16069,0,0,0
12073,16070,0,0,0
12073,16071,0,0,0
12073,16072,0,0,0
12073,16073,0,0,0
12073,16074,0,0,0
12073,16075,0,0,0
12073,16076,0,0,0
12073,16077,0,0,0
13003,01001,27,0,27
13003,01002,139,52,87
13003,01003,284,120,164
13003,01004,21,0,21
13003,01051,18,0,18
13003,01053,78,42,36
13003,01054,44,18,26
13003,01055,287,83,204
13003,01056,74,44,30
13003,01057,13,13,0
13003,01058,88,36,52
13003,01059,37,17,20
13003,01060,104,36,68
13003,01061,30,0,30
13003,01062,92,24,68
13003,02000,1407,273,1134
13003,03101,15,0,15
13003,03102,0,0,0
13003,03103,15,0,15
13003,03151,0,0,0
13003,03153,12,0,12
13003,03154,0,0,0
13003,03155,0,0,0
13003,03157,0,0,0
13003,03158,0,0,0
13003,03159,15,0,15
13003,03241,124,46,78
13003,03251,26,11,15
13003,03252,0,0,0
13003,03254,0,0,0
13003,03255,0,0,0
13003,03256,0,0,0
13003,03257,0,0,0
13003,03351,17,0,17
13003,03352,112,61,51
13003,03353,86,33,53
13003,03354,0,0,0
13003,03355,39,21,18
13003,03356,28,0,28
13003,03357,0,0,0
13003,03358,0,0,0
13003,03359,70,32,38
13003,03360,0,0,0
13003,03361,10,10,0
13003,03401,0,0,0
13003,03402,14,0,14
13003,03403,19,0,19
13003,03404,17,0,17
13003,03405,10,10,0
13003,03451,0,0,0
13003,03452,26,10,16
13003,03453,21,10,11
13003,03454,53,11,42
13003,03455,0,0,0
13003,03456,0,0,0
13003,03457,63,0,63
13003,03458,0,0,0
13003,03459,14,0,14
13003,03460,15,0,15
13003,03461,0,0,0
13003,03462,0,0,0
13003,04011,197,58,139
13003,04012,49,22,27
13003,05111,119,0,119
13003,05112,11,0,11
13003,05113,28,0,28
13003,05114,0,0,0
13003,05116,11,0,11
13003,05117,0,0,0
13003,05119,0,0,0
13003,05120,0,0,0
13003,05122,0,0,0
13003,05124,0,0,0
13003,05154,0,0,0
13003,05158,19,0,19
13003,05162,0,0,0
13003,05166,0,0,0
13003,05170,12,0,12
13003,05314,31,11,20
13003,05315,105,16,89
13003,05316,0,0,0
13003,05334,26,14,12
13003,05358,0,0,0
13003,05362,49,0,49
13003,05366,0,0,0
13003,05370,0,0,0
13003,05374,18,0,18
13003,05378,0,0,0
13003,05382,14,0,14
13003,05512,0,0,0
13003,05513,55,0,55
13003,05515,0,0,0
13003,05554,0,0,0
13003,05558,0,0,0
13003,05562,10,0,10
13003,05566,10,0,10
13003,05570,11,11,0
13003,05711,0,0,0
13003,05754,20,0,20
13003,05758,0,0,0
13003,05762,0,0,0
13003,05766,0,0,0
13003,05770,11,0,11
13003,05774,10,0,10
13003,05911,18,0,18
13003,05913,39,19,20
13003,05914,0,0,0
13003,05915,0,0,0
13003,05916,0,0,0
13003,05954,0,0,0
13003,05958,0,0,0
13003,05962,11,0,11
13003,05966,0,0,0
13003,05970,0,0,0
13003,05974,0,0,0
13003,05978,12,0,12
13003,06411,0,0,0
13003,06412,64,0,64
13003,06413,0,0,0
13003,06414,32,0,32
13003,06431,0,0,0
13003,06432,0,0,0
13003,06433,18,0,18
13003,06434,19,0,19
13003,06435,0,0,0
13003,06436,18,0,18
13003,06437,0,0,0
13003,06438,12,0,12
13003,06439,0,0,0
13003,06440,0,0,0
13003,06531,0,0,0
13003,06532,0,0,0
13003,06533,0,0,0
13003,06534,0,0,0
13003,06535,0,0,0
13003,06611,10,0,10
13003,06631,0,0,0
13003,06632,0,0,0
13003,06633,0,0,0
13003,06634,0,0,0
13003,06635,0,0,0
13003,06636,0,0,0
13003,07111,0,0,0
13003,07131,0,0,0
13003,07132,0,0,0
13003,07133,0,0,0
13003,07134,0,0,0
13003,07135,0,0,0
13003,07137,0,0,0
13003,07138,0,0,0
13003,07140,0,0,0
13003,07141,0,0,0
13003,07143,0,0,0
13003,07211,0,0,0
13003,07231,0,0,0
13003,07232,0,0,0
13003,07233,0,0,0
13003,07235,0,0,0
13003,07311,0,0,0
13003,07312,0,0,0
13003,07313,0,0,0
13003,07314,0,0,0
13003,07315,0,0,0
13003,07316,0,0,0
13003,07317,0,0,0
13003,07318,0,0,0
13003,07319,0,0,0
13003,07320,0,0,0
13003,07331,0,0,0
13003,07332,0,0,0
13003,07333,0,0,0
13003,07334,0,0,0
13003,07335,0,0,0
13003,07336,0,0,0
13003,07337,0,0,0
13003,07338,0,0,0
13003,07339,0,0,0
13003,07340,0,0,0
13003,08111,38,0,38
13003,08115,0,0,0
13003,08116,10,0,10
13003,08117,0,0,0
13003,08118,0,0,0
13003,08119,0,0,0
13003,08121,0,0,0
13003,08125,0,0,0
13003,08126,0,0,0
13003,08127,0,0,0
13003,08128,0,0,0
13003,08135,0,0,0
13003,08136,0,0,0
13003,08211,0,0,0
13003,08212,0,0,0
13003,08215,10,0,10
13003,08216,0,0,0
13003,08221,0,0,0
13003,08222,19,0,19
13003,08225,0,0,0
13003,08226,13,0,13
13003,08231,0,0,0
13003,08235,0,0,0
13003,08236,0,0,0
13003,08237,0,0,0
13003,08311,0,0,0
13003,08315,0,0,0
13003,08316,0,0,0
13003,08317,0,0,0
13003,08325,0,0,0
13003,08326,0,0,0
13003,08327,0,0,0
13003,08335,0,0,0
13003,08336,0,0,0
13003,08337,0,0,0
13003,08415,0,0,0
13003,08416,0,0,0
13003,08417,0,0,0
13003,08421,13,0,13
13003,08425,0,0,0
13003,08426,0,0,0
13003,08435,0,0,0
13003,08436,0,0,0
13003,08437,0,0,0
13003,09161,0,0,0
13003,09162,435,26,409
13003,09163,0,0,0
13003,09171,14,0,14
13003,09172,0,0,0
13003,09173,0,0,0
13003,09174,0,0,0
13003,09175,0,0,0
13003,09176,0,0,0
13003,09177,0,0,0
13003,09178,12,0,12
13003,09179,16,16,0
13003,09180,0,0,0
13003,09181,0,0,0
13003,09182,0,0,0
13003,09183,0,0,0
13003,09184,48,0,48
13003,09185,0,0,0
13003,09186,15,0,15
13003,09187,0,0,0
13003,09188,0,0,0
13003,09189,0,0,0
13003,09190,0,0,0
13003,09261,0,0,0
13003,09262,0,0,0
13003,09263,0,0,0
13003,09271,0,0,0
13003,09272,0,0,0
13003,09273,0,0,0
13003,09274,0,0,0
13003,09275,0,0,0
13003,09276,0,0,0
13003,09277,0,0,0
13003,09278,0,0,0
13003,09279,0,0,0
13003,09361,0,0,0
13003,09362,0,0,0
13003,09363,0,0,0
13003,09371,0,0,0
13003,09372,0,0,0
13003,09373,13,0,13
13003,09374,0,0,0
13003,09375,0,0,0
13003,09376,0,0,0
13003,09377,0,0,0
13003,09461,0,0,0
13003,09462,0,0,0
13003,09463,0,0,0
13003,09464,0,0,0
13003,09471,0,0,0
13003,09472,0,0,0
13003,09473,0,0,0
13003,09474,0,0,0
13003,09475,0,0,0
13003,09476,0,0,0
13003,09477,0,0,0
13003,09478,0,0,0
13003,09479,0,0,0
13003,09561,0,0,0
13003,09562,0,0,0
13003,09563,0,0,0
13003,09564,43,0,43
13003,09565,0,0,0
13003,09571,0,0,0
13003,09572,0,0,0
13003,09573,0,0,0
13003,09574,0,0,0
13003,09575,0,0,0
13003,09576,0,0,0
13003,09577,0,0,0
13003,09661,0,0,0
13003,09662,0,0,0
13003,09663,0,0,0
13003,09671,0,0,0
13003,09672,0,0,0
13003,09673,0,0,0
13003,09674,0,0,0
13003,09675,0,0,0
13003,09676,0,0,0
13003,09677,0,0,0
13003,09678,0,0,0
13003,09679,0,0,0
13003,09761,0,0,0
13003,09762,0,0,0
13003,09763,0,0,0
13003,09764,0,0,0
13003,09771,0,0,0
13003,09772,0,0,0
13003,09773,0,0,0
13003,09774,0,0,0
13003,09775,0,0,0
13003,09776,0,0,0
13003,09777,0,0,0
13003,09778,0,0,0
13003,09779,0,0,0
13003,09780,0,0,0
13003,10041,13,0,13
13003,10042,0,0,0
13003,10043,0,0,0
13003,10044,0,0,0
13003,10045,0,0,0
13003,10046,0,0,0
13003,11000,1522,452,1070
13003,12051,11,11,0
13003,12052,27,13,14
13003,12053,11,0,11
13003,12054,101,26,75
13003,12060,68,41,27
13003,12061,66,23,43
13003,12062,0,0,0
13003,12063,42,26,16
13003,12064,58,29,29
13003,12065,80,42,38
13003,12066,30,12,18
13003,12067,60,30,30
13003,12068,146,61,85
13003,12069,115,27,88
13003,12070,140,105,35
13003,12071,15,15,0
13003,12072,50,14,36
13003,12073,85,55,30
13003,13003,0,0,0
13003,13004,1348,563,785
13003,13071,1751,1267,484
13003,13072,34662,22509,12153
13003,13073,4621,3531,1090
13003,13074,1858,1163,695
13003,13075,1236,884,352
13003,13076,962,755,207
13003,14511,39,16,23
13003,14521,22,12,10
13003,14522,10,10,0
13003,14523,12,12,0
13003,14524,31,16,15
13003,14612,143,40,103
13003,14625,55,12,43
13003,14626,13,13,0
13003,14627,28,17,11
13003,14628,13,0,13
13003,14713,168,71,97
13003,14729,38,18,20
13003,14730,11,11,0
13003,15001,10,10,0
13003,15002,30,19,11
13003,15003,127,28,99
13003,15081,10,10,0
13003,15082,13,13,0
13003,15083,10,10,0
13003,15084,15,15,0
13003,15085,22,22,0
13003,15086,34,14,20
13003,15087,0,0,0
13003,15088,81,16,65
13003,15089,25,13,12
13003,15090,54,31,23
13003,15091,25,12,13
13003,16051,28,13,15
13003,16052,0,0,0
13003,16053,31,12,19
13003,16054,0,0,0
13003,16055,0,0,0
13003,16056,0,0,0
13003,16061,0,0,0
13003,16062,0,0,0
13003,16063,0,0,0
13003,16064,0,0,0
13003,16065,0,0,0
13003,16066,0,0,0
13003,16067,0,0,0
13003,16068,0,0,0
13003,16069,0,0,0
13003,16070,0,0,0
13003,16071,0,0,0
13003,16072,0,0,0
13003,16073,0,0,0
13003,16074,0,0,0
13003,16075,0,0,0
13003,16076,0,0,0
13003,16077,0,0,0
13004,01001,0,0,0
13004,01002,82,17,65
13004,01003,280,103,177
13004,01004,60,0,60
13004,01051,0,0,0
13004,01053,202,95,107
13004,01054,11,0,11
13004,01055,104,49,55
13004,01056,77,32,45
13004,01057,0,0,0
13004,01058,10,0,10
13004,01059,79,66,13
13004,01060,82,28,54
13004,01061,27,15,12
13004,01062,208,48,160
13004,02000,1527,369,1158
13004,03101,11,0,11
13004,03102,0,0,0
13004,03103,0,0,0
13004,03151,68,68,0
13004,03153,0,0,0
13004,03154,23,23,0
13004,03155,0,0,0
13004,03157,0,0,0
13004,03158,0,0,0
13004,03159,0,0,0
13004,03241,102,31,71
13004,03251,12,0,12
13004,03252,0,0,0
13004,03254,0,0,0
13004,03255,0,0,0
13004,03256,63,63,0
13004,03257,0,0,0
13004,03351,11,0,11
13004,03352,42,42,0
13004,03353,74,30,44
13004,03354,33,23,10
13004,03355,126,90,36
13004,03356,0,0,0
13004,03357,12,0,12
13004,03358,0,0,0
13004,03359,13,0,13
13004,03360,51,51,0
13004,03361,11,0,11
13004,03401,0,0,0
13004,03402,0,0,0
13004,03403,0,0,0
13004,03404,24,0,24
13004,03405,0,0,0
13004,03451,0,0,0
13004,03452,0,0,0
13004,03453,0,0,0
13004,03454,21,0,21
13004,03455,0,0,0
13004,03456,0,0,0
13004,03457,0,0,0
13004,03458,0,0,0
13004,03459,0,0,0
13004,03460,12,0,12
13004,03461,12,12,0
13004,03462,0,0,0
13004,04011,37,0,37
13004,04012,0,0,0
13004,05111,37,0,37
13004,05112,0,0,0
13004,05113,12,0,12
13004,05114,0,0,0
13004,05116,0,0,0
13004,05117,0,0,0
13004,05119,0,0,0
13004,05120,0,0,0
13004,05122,0,0,0
13004,05124,0,0,0
13004,05154,0,0,0
13004,05158,0,0,0
13004,05162,0,0,0
13004,05166,0,0,0
13004,05170,0,0,0
13004,05314,10,0,10
13004,05315,53,18,35
13004,05316,0,0,0
13004,05334,0,0,0
13004,05358,0,0,0
13004,05362,10,10,0
13004,05366,0,0,0
13004,05370,0,0,0
13004,05374,11,0,11
13004,05378,0,0,0
13004,05382,0,0,0
13004,05512,0,0,0
13004,05513,0,0,0
13004,05515,0,0,0
13004,05554,0,0,0
13004,05558,0,0,0
13004,05562,0,0,0
13004,05566,0,0,0
13004,05570,0,0,0
13004,05711,0,0,0
13004,05754,0,0,0
13004,05758,0,0,0
13004,05762,0,0,0
13004,05766,0,0,0
13004,05770,0,0,0
13004,05774,0,0,0
13004,05911,0,0,0
13004,05913,13,0,13
13004,05914,0,0,0
13004,05915,0,0,0
13004,05916,0,0,0
13004,05954,0,0,0
13004,05958,0,0,0
13004,05962,0,0,0
13004,05966,0,0,0
13004,05970,0,0,0
13004,05974,0,0,0
13004,05978,0,0,0
13004,06411,0,0,0
13004,06412,24,0,24
13004,06413,0,0,0
13004,06414,0,0,0
13004,06431,0,0,0
13004,06432,0,0,0
13004,06433,0,0,0
13004,06434,0,0,0
13004,06435,0,0,0
13004,06436,0,0,0
13004,06437,0,0,0
13004,06438,0,0,0
13004,06439,0,0,0
13004,06440,0,0,0
13004,06531,0,0,0
13004,06532,0,0,0
13004,06533,0,0,0
13004,06534,0,0,0
13004,06535,0,0,0
13004,06611,0,0,0
13004,06631,0,0,0
13004,06632,0,0,0
13004,06633,0,0,0
13004,06634,0,0,0
13004,06635,0,0,0
13004,06636,0,0,0
13004,07111,0,0,0
13004,07131,0,0,0
13004,07132,0,0,0
13004,07133,0,0,0
13004,07134,0,0,0
13004,07135,0,0,0
13004,07137,0,0,0
13004,07138,0,0,0
13004,07140,0,0,0
13004,07141,0,0,0
13004,07143,0,0,0
13004,07211,0,0,0
13004,07231,0,0,0
13004,07232,0,0,0
13004,07233,0,0,0
13004,07235,0,0,0
13004,07311,0,0,0
13004,07312,0,0,0
13004,07313,0,0,0
13004,07314,0,0,0
13004,07315,0,0,0
13004,07316,0,0,0
13004,07317,0,0,0
13004,07318,0,0,0
13004,07319,0,0,0
13004,07320,0,0,0
13004,07331,0,0,0
13004,07332,0,0,0
13004,07333,0,0,0
13004,07334,0,0,0
13004,07335,0,0,0
13004,07336,0,0,0
13004,07337,0,0,0
13004,07338,0,0,0
13004,07339,0,0,0
13004,07340,0,0,0
13004,08111,16,0,16
13004,08115,0,0,0
13004,08116,0,0,0
13004,08117,0,0,0
13004,08118,0,0,0
13004,08119,0,0,0
13004,08121,0,0,0
13004,08125,0,0,0
13004,08126,0,0,0
13004,08127,0,0,0
13004,08128,0,0,0
13004,08135,0,0,0
13004,08136,0,0,0
13004,08211,0,0,0
13004,08212,0,0,0
13004,08215,0,0,0
13004,08216,0,0,0
13004,08221,0,0,0
13004,08222,10,0,10
13004,08225,0,0,0
13004,08226,0,0,0
13004,08231,0,0,0
13004,08235,0,0,0
13004,08236,0,0,0
13004,08237,0,0,0
13004,08311,0,0,0
13004,08315,0,0,0
13004,08316,0,0,0
13004,08317,0,0,0
13004,08325,0,0,0
13004,08326,0,0,0
13004,08327,0,0,0
13004,08335,0,0,0
13004,08336,0,0,0
13004,08337,0,0,0
13004,08415,0,0,0
13004,08416,0,0,0
13004,08417,0,0,0
13004,08421,0,0,0
13004,08425,0,0,0
13004,08426,0,0,0
13004,08435,54,0,54
13004,08436,0,0,0
13004,08437,0,0,0
13004,09161,0,0,0
13004,09162,50,17,33
13004,09163,0,0,0
13004,09171,0,0,0
13004,09172,0,0,0
13004,09173,0,0,0
13004,09174,0,0,0
13004,09175,0,0,0
13004,09176,0,0,0
13004,09177,0,0,0
13004,09178,0,0,0
13004,09179,0,0,0
13004,09180,0,0,0
13004,09181,0,0,0
13004,09182,0,0,0
13004,09183,0,0,0
13004,09184,0,0,0
13004,09185,0,0,0
13004,09186,0,0,0
13004,09187,0,0,0
13004,09188,0,0,0
13004,09189,0,0,0
13004,09190,0,0,0
13004,09261,0,0,0
13004,09262,0,0,0
13004,09263,0,0,0
13004,09271,0,0,0
13004,09272,0,0,0
13004,09273,0,0,0
13004,09274,0,0,0
13004,09275,0,0,0
13004,09276,0,0,0
13004,09277,0,0,0
13004,09278,0,0,0
13004,09279,0,0,0
13004,09361,0,0,0
13004,09362,0,0,0
13004,09363,0,0,0
13004,09371,0,0,0
13004,09372,0,0,0
13004,09373,0,0,0
13004,09374,0,0,0
13004,09375,0,0,0
13004,09376,0,0,0
13004,09377,0,0,0
13004,09461,0,0,0
13004,09462,0,0,0
13004,09463,0,0,0
13004,09464,0,0,0
13004,09471,0,0,0
13004,09472,0,0,0
13004,09473,0,0,0
13004,09474,0,0,0
13004,09475,0,0,0
13004,09476,0,0,0
13004,09477,0,0,0
13004,09478,0,0,0
13004,09479,0,0,0
13004,09561,0,0,0
13004,09562,0,0,0
13004,09563,0,0,0
13004,09564,25,0,25
13004,09565,0,0,0
13004,09571,0,0,0
13004,09572,0,0,0
13004,09573,0,0,0
13004,09574,0,0,0
13004,09575,0,0,0
13004,09576,0,0,0
13004,09577,0,0,0
13004,09661,0,0,0
13004,09662,0,0,0
13004,09663,0,0,0
13004,09671,0,0,0
13004,09672,0,0,0
13004,09673,0,0,0
13004,09674,0,0,0
13004,09675,0,0,0
13004,09676,0,0,0
13004,09677,0,0,0
13004,09678,0,0,0
13004,09679,0,0,0
13004,09761,0,0,0
13004,09762,0,0,0
13004,09763,0,0,0
13004,09764,0,0,0
13004,09771,0,0,0
13004,09772,0,0,0
13004,09773,0,0,0
13004,09774,0,0,0
13004,09775,0,0,0
13004,09776,0,0,0
13004,09777,0,0,0
13004,09778,0,0,0
13004,09779,0,0,0
13004,09780,0,0,0
13004,10041,0,0,0
13004,10042,0,0,0
13004,10043,0,0,0
13004,10044,0,0,0
13004,10045,0,0,0
13004,10046,0,0,0
13004,11000,594,247,347
13004,12051,0,0,0
13004,12052,0,0,0
13004,12053,11,0,11
13004,12054,29,11,18
13004,12060,11,11,0
13004,12061,13,13,0
13004,12062,0,0,0
13004,12063,17,17,0
13004,12064,19,19,0
13004,12065,38,26,12
13004,12066,0,0,0
13004,12067,26,15,11
13004,12068,65,52,13
13004,12069,45,18,27
13004,12070,355,304,51
13004,12071,0,0,0
13004,12072,27,12,15
13004,12073,33,18,15
13004,13003,1348,785,563
13004,13004,0,0,0
13004,13071,709,537,172
13004,13072,1278,1010,268
13004,13073,550,505,45
13004,13074,8018,6315,1703
13004,13075,329,292,37
13004,13076,17144,13251,3893
13004,14511,0,0,0
13004,14521,0,0,0
13004,14522,0,0,0
13004,14523,0,0,0
13004,14524,0,0,0
13004,14612,38,13,25
13004,14625,0,0,0
13004,14626,0,0,0
13004,14627,0,0,0
13004,14628,0,0,0
13004,14713,56,26,30
13004,14729,0,0,0
13004,14730,0,0,0
13004,15001,0,0,0
13004,15002,21,0,21
13004,15003,75,54,21
13004,15081,12,0,12
13004,15082,0,0,0
13004,15083,26,26,0
13004,15084,0,0,0
13004,15085,0,0,0
13004,15086,17,17,0
13004,15087,0,0,0
13004,15088,0,0,0
13004,15089,13,13,0
13004,15090,26,26,0
13004,15091,0,0,0
13004,16051,13,13,0
13004,16052,0,0,0
13004,16053,0,0,0
13004,16054,0,0,0
13004,16055,0,0,0
13004,16056,0,0,0
13004,16061,0,0,0
13004,16062,0,0,0
13004,16063,0,0,0
13004,16064,0,0,0
13004,16065,0,0,0
13004,16066,0,0,0
13004,16067,0,0,0
13004,16068,0,0,0
13004,16069,0,0,0
13004,16070,0,0,0
13004,16071,0,0,0
13004,16072,0,0,0
13004,16073,0,0,0
13004,16074,0,0,0
13004,16075,0,0,0
13004,16076,0,0,0
13004,16077,0,0,0
13071,01001,37,0,37
13071,01002,65,13,52
13071,01003,95,30,65
13071,01004,43,0,43
13071,01051,21,0,21
13071,01053,46,10,36
13071,01054,36,10,26
13071,01055,56,15,41
13071,01056,49,12,37
13071,01057,23,13,10
13071,01058,50,14,36
13071,01059,35,17,18
13071,01060,89,15,74
13071,01061,23,13,10
13071,01062,118,15,103
13071,02000,843,123,720
13071,03101,24,0,24
13071,03102,0,0,0
13071,03103,17,0,17
13071,03151,0,0,0
13071,03153,0,0,0
13071,03154,0,0,0
13071,03155,0,0,0
13071,03157,0,0,0
13071,03158,0,0,0
13071,03159,0,0,0
13071,03241,140,31,109
13071,03251,36,15,21
13071,03252,0,0,0
13071,03254,10,0,10
13071,03255,0,0,0
13071,03256,0,0,0
13071,03257,0,0,0
13071,03351,44,0,44
13071,03352,39,19,20
13071,03353,69,20,49
13071,03354,0,0,0
13071,03355,50,13,37
13071,03356,17,0,17
13071,03357,38,0,38
13071,03358,0,0,0
13071,03359,79,15,64
13071,03360,15,15,0
13071,03361,29,15,14
13071,03401,0,0,0
13071,03402,0,0,0
13071,03403,12,0,12
13071,03404,27,0,27
13071,03405,0,0,0
13071,03451,11,0,11
13071,03452,20,0,20
13071,03453,11,0,11
13071,03454,38,0,38
13071,03455,0,0,0
13071,03456,23,0,23
13071,03457,19,0,19
13071,03458,10,0,10
13071,03459,24,0,24
13071,03460,41,0,41
13071,03461,0,0,0
13071,03462,0,0,0
13071,04011,150,39,111
13071,04012,20,20,0
13071,05111,56,0,56
13071,05112,15,0,15
13071,05113,14,0,14
13071,05114,12,0,12
13071,05116,0,0,0
13071,05117,0,0,0
13071,05119,0,0,0
13071,05120,0,0,0
13071,05122,0,0,0
13071,05124,0,0,0
13071,05154,0,0,0
13071,05158,24,0,24
13071,05162,10,0,10
13071,05166,0,0,0
13071,05170,54,12,42
13071,05314,12,0,12
13071,05315,49,0,49
13071,05316,0,0,0
13071,05334,13,0,13
13071,05358,0,0,0
13071,05362,26,0,26
13071,05366,0,0,0
13071,05370,0,0,0
13071,05374,12,0,12
13071,05378,0,0,0
13071,05382,25,0,25
13071,05512,0,0,0
13071,05513,0,0,0
13071,05515,10,0,10
13071,05554,19,0,19
13071,05558,0,0,0
13071,05562,35,12,23
13071,05566,47,0,47
13071,05570,0,0,0
13071,05711,16,0,16
13071,05754,46,0,46
13071,05758,0,0,0
13071,05762,0,0,0
13071,05766,21,11,10
13071,05770,18,0,18
13071,05774,12,12,0
13071,05911,10,0,10
13071,05913,42,14,28
13071,05914,0,0,0
13071,05915,0,0,0
13071,05916,0,0,0
13071,05954,0,0,0
13071,05958,11,0,11
13071,05962,0,0,0
13071,05966,0,0,0
13071,05970,10,0,10
13071,05974,30,15,15
13071,05978,29,11,18
13071,06411,0,0,0
13071,06412,72,0,72
13071,06413,0,0,0
13071,06414,15,0,15
13071,06431,0,0,0
13071,06432,11,0,11
13071,06433,11,0,11
13071,06434,11,0,11
13071,06435,20,0,20
13071,06436,16,0,16
13071,06437,0,0,0
13071,06438,11,0,11
13071,06439,0,0,0
13071,06440,0,0,0
13071,06531,0,0,0
13071,06532,0,0,0
13071,06533,0,0,0
13071,06534,10,0,10
13071,06535,0,0,0
13071,06611,14,0,14
13071,06631,0,0,0
13071,06632,0,0,0
13071,06633,0,0,0
13071,06634,0,0,0
13071,06635,0,0,0
13071,06636,0,0,0
13071,07111,0,0,0
13071,07131,0,0,0
13071,07132,0,0,0
13071,07133,0,0,0
13071,07134,0,0,0
13071,07135,0,0,0
13071,07137,0,0,0
13071,07138,0,0,0
13071,07140,0,0,0
13071,07141,0,0,0
13071,07143,0,0,0
13071,07211,0,0,0
13071,07231,0,0,0
13071,07232,0,0,0
13071,07233,0,0,0
13071,07235,0,0,0
13071,07311,0,0,0
13071,07312,0,0,0
13071,07313,0,0,0
13071,07314,0,0,0
13071,07315,0,0,0
13071,07316,0,0,0
13071,07317,0,0,0
13071,07318,0,0,0
13071,07319,0,0,0
13071,07320,0,0,0
13071,07331,0,0,0
13071,07332,0,0,0
13071,07333,0,0,0
13071,07334,0,0,0
13071,07335,0,0,0
13071,07336,0,0,0
13071,07337,0,0,0
13071,07338,0,0,0
13071,07339,0,0,0
13071,07340,0,0,0
13071,08111,32,0,32
13071,08115,12,0,12
13071,08116,15,0,15
13071,08117,0,0,0
13071,08118,0,0,0
13071,08119,10,0,10
13071,08121,0,0,0
13071,08125,11,0,11
13071,08126,0,0,0
13071,08127,0,0,0
13071,08128,0,0,0
13071,08135,0,0,0
13071,08136,11,0,11
13071,08211,0,0,0
13071,08212,14,0,14
13071,08215,0,0,0
13071,08216,0,0,0
13071,08221,0,0,0
13071,08222,19,0,19
13071,08225,0,0,0
13071,08226,10,0,10
13071,08231,0,0,0
13071,08235,0,0,0
13071,08236,0,0,0
13071,08237,0,0,0
13071,08311,0,0,0
13071,08315,0,0,0
13071,08316,0,0,0
13071,08317,12,0,12
13071,08325,0,0,0
13071,08326,0,0,0
13071,08327,0,0,0
13071,08335,0,0,0
13071,08336,0,0,0
13071,08337,0,0,0
13071,08415,0,0,0
13071,08416,0,0,0
13071,08417,0,0,0
13071,08421,0,0,0
13071,08425,0,0,0
13071,08426,0,0,0
13071,08435,0,0,0
13071,08436,0,0,0
13071,08437,0,0,0
13071,09161,0,0,0
13071,09162,77,0,77
13071,09163,0,0,0
13071,09171,0,0,0
13071,09172,0,0,0
13071,09173,0,0,0
13071,09174,0,0,0
13071,09175,0,0,0
13071,09176,0,0,0
13071,09177,0,0,0
13071,09178,0,0,0
13071,09179,0,0,0
13071,09180,0,0,0
13071,09181,0,0,0
13071,09182,10,0,10
13071,09183,0,0,0
13071,09184,28,0,28
13071,09185,0,0,0
13071,09186,14,0,14
13071,09187,0,0,0
13071,09188,0,0,0
13071,09189,0,0,0
13071,09190,0,0,0
13071,09261,0,0,0
13071,09262,0,0,0
13071,09263,0,0,0
13071,09271,0,0,0
13071,09272,0,0,0
13071,09273,0,0,0
13071,09274,0,0,0
13071,09275,0,0,0
13071,09276,0,0,0
13071,09277,0,0,0
13071,09278,0,0,0
13071,09279,0,0,0
13071,09361,0,0,0
13071,09362,0,0,0
13071,09363,0,0,0
13071,09371,0,0,0
13071,09372,0,0,0
13071,09373,0,0,0
13071,09374,0,0,0
13071,09375,0,0,0
13071,09376,12,0,12
13071,09377,0,0,0
13071,09461,0,0,0
13071,09462,0,0,0
13071,09463,0,0,0
13071,09464,0,0,0
13071,09471,0,0,0
13071,09472,0,0,0
13071,09473,0,0,0
13071,09474,0,0,0
13071,09475,0,0,0
13071,09476,0,0,0
13071,09477,0,0,0
13071,09478,0,0,0
13071,09479,0,0,0
13071,09561,0,0,0
13071,09562,0,0,0
13071,09563,0,0,0
13071,09564,45,0,45
13071,09565,0,0,0
13071,09571,0,0,0
13071,09572,0,0,0
13071,09573,0,0,0
13071,09574,0,0,0
13071,09575,0,0,0
13071,09576,0,0,0
13071,09577,0,0,0
13071,09661,0,0,0
13071,09662,0,0,0
13071,09663,0,0,0
13071,09671,0,0,0
13071,09672,0,0,0
13071,09673,0,0,0
13071,09674,0,0,0
13071,09675,0,0,0
13071,09676,0,0,0
13071,09677,0,0,0
13071,09678,0,0,0
13071,09679,0,0,0
13071,09761,12,0,12
13071,09762,0,0,0
13071,09763,0,0,0
13071,09764,0,0,0
13071,09771,0,0,0
13071,09772,17,0,17
13071,09773,0,0,0
13071,09774,0,0,0
13071,09775,0,0,0
13071,09776,0,0,0
13071,09777,0,0,0
13071,09778,0,0,0
13071,09779,0,0,0
13071,09780,0,0,0
13071,10041,0,0,0
13071,10042,0,0,0
13071,10043,0,0,0
13071,10044,0,0,0
13071,10045,0,0,0
13071,10046,0,0,0
13071,11000,2313,551,1762
13071,12051,24,11,13
13071,12052,38,11,27
13071,12053,54,0,54
13071,12054,151,47,104
13071,12060,168,91,77
13071,12061,97,33,64
13071,12062,0,0,0
13071,12063,95,48,47
13071,12064,129,60,69
13071,12065,612,364,248
13071,12066,10,10,0
13071,12067,90,30,60
13071,12068,916,390,526
13071,12069,115,61,54
13071,12070,318,137,181
13071,12071,21,10,11
13071,12072,166,32,134
13071,12073,1392,881,511
13071,13003,1751,484,1267
13071,13004,709,172,537
13071,13071,0,0,0
13071,13072,3771,1685,2086
13071,13073,1612,941,671
13071,13074,333,204,129
13071,13075,6501,3976,2525
13071,13076,1469,824,645
13071,14511,39,17,22
13071,14521,0,0,0
13071,14522,23,0,23
13071,14523,0,0,0
13071,14524,50,15,35
13071,14612,96,25,71
13071,14625,20,0,20
13071,14626,0,0,0
13071,14627,18,0,18
13071,14628,14,0,14
13071,14713,137,26,111
13071,14729,28,10,18
13071,14730,12,0,12
13071,15001,12,0,12
13071,15002,20,0,20
13071,15003,82,0,82
13071,15081,14,0,14
13071,15082,29,10,19
13071,15083,17,0,17
13071,15084,121,102,19
13071,15085,0,0,0
13071,15086,19,0,19
13071,15087,0,0,0
13071,15088,25,0,25
13071,15089,31,11,20
13071,15090,39,11,28
13071,15091,25,0,25
13071,16051,63,11,52
13071,16052,0,0,0
13071,16053,16,0,16
13071,16054,0,0,0
13071,16055,0,0,0
13071,16056,0,0,0
13071,16061,13,0,13
13071,16062,0,0,0
13071,16063,17,0,17
13071,16064,0,0,0
13071,16065,0,0,0
13071,16066,0,0,0
13071,16067,0,0,0
13071,16068,0,0,0
13071,16069,0,0,0
13071,16070,0,0,0
13071,16071,0,0,0
13071,16072,0,0,0
13071,16073,0,0,0
13071,16074,0,0,0
13071,16075,0,0,0
13071,16076,0,0,0
13071,16077,0,0,0
13072,01001,28,0,28
13072,01002,112,13,99
13072,01003,250,46,204
13072,01004,30,0,30
13072,01051,67,11,56
13072,01053,103,39,64
13072,01054,47,17,30
13072,01055,234,36,198
13072,01056,72,19,53
13072,01057,29,0,29
13072,01058,118,18,100
13072,01059,53,21,32
13072,01060,111,27,84
13072,01061,25,0,25
13072,01062,171,29,142
13072,02000,1250,148,1102
13072,03101,20,0,20
13072,03102,0,0,0
13072,03103,0,0,0
13072,03151,11,0,11
13072,03153,0,0,0
13072,03154,0,0,0
13072,03155,0,0,0
13072,03157,0,0,0
13072,03158,0,0,0
13072,03159,0,0,0
13072,03241,133,18,115
13072,03251,27,12,15
13072,03252,0,0,0
13072,03254,12,0,12
13072,03255,0,0,0
13072,03256,12,0,12
13072,03257,0,0,0
13072,03351,49,10,39
13072,03352,45,0,45
13072,03353,107,17,90
13072,03354,0,0,0
13072,03355,51,16,35
13072,03356,20,0,20
13072,03357,29,13,16
13072,03358,23,0,23
13072,03359,46,14,32
13072,03360,27,0,27
13072,03361,20,0,20
13072,03401,11,0,11
13072,03402,68,0,68
13072,03403,12,0,12
13072,03404,0,0,0
13072,03405,0,0,0
13072,03451,10,0,10
13072,03452,11,0,11
13072,03453,14,0,14
13072,03454,30,0,30
13072,03455,0,0,0
13072,03456,0,0,0
13072,03457,25,0,25
13072,03458,13,0,13
13072,03459,39,10,29
13072,03460,13,0,13
13072,03461,0,0,0
13072,03462,0,0,0
13072,04011,152,13,139
13072,04012,15,0,15
13072,05111,86,0,86
13072,05112,15,0,15
13072,05113,34,0,34
13072,05114,0,0,0
13072,05116,0,0,0
13072,05117,0,0,0
13072,05119,0,0,0
13072,05120,0,0,0
13072,05122,0,0,0
13072,05124,0,0,0
13072,05154,0,0,0
13072,05158,27,0,27
13072,05162,10,10,0
13072,05166,0,0,0
13072,05170,17,0,17
13072,05314,11,0,11
13072,05315,75,0,75
13072,05316,0,0,0
13072,05334,23,0,23
13072,05358,0,0,0
13072,05362,34,0,34
13072,05366,0,0,0
13072,05370,0,0,0
13072,05374,22,0,22
13072,05378,0,0,0
13072,05382,13,0,13
13072,05512,0,0,0
13072,05513,16,0,16
13072,05515,17,0,17
13072,05554,13,0,13
13072,05558,0,0,0
13072,05562,20,20,0
13072,05566,19,0,19
13072,05570,0,0,0
13072,05711,0,0,0
13072,05754,21,0,21
13072,05758,10,0,10
13072,05762,0,0,0
13072,05766,0,0,0
13072,05770,0,0,0
13072,05774,0,0,0
13072,05911,15,0,15
13072,05913,16,0,16
13072,05914,0,0,0
13072,05915,0,0,0
13072,05916,0,0,0
13072,05954,0,0,0
13072,05958,0,0,0
13072,05962,0,0,0
13072,05966,0,0,0
13072,05970,0,0,0
13072,05974,0,0,0
13072,05978,16,0,16
13072,06411,0,0,0
13072,06412,60,0,60
13072,06413,0,0,0
13072,06414,16,0,16
13072,06431,0,0,0
13072,06432,0,0,0
13072,06433,17,0,17
13072,06434,13,0,13
13072,06435,17,0,17
13072,06436,13,0,13
13072,06437,0,0,0
13072,06438,16,0,16
13072,06439,10,0,10
13072,06440,0,0,0
13072,06531,0,0,0
13072,06532,0,0,0
13072,06533,0,0,0
13072,06534,0,0,0
13072,06535,0,0,0
13072,06611,0,0,0
13072,06631,0,0,0
13072,06632,18,0,18
13072,06633,0,0,0
13072,06634,0,0,0
13072,06635,0,0,0
13072,06636,0,0,0
13072,07111,0,0,0
13072,07131,0,0,0
13072,07132,0,0,0
13072,07133,0,0,0
13072,07134,0,0,0
13072,07135,0,0,0
13072,07137,0,0,0
13072,07138,0,0,0
13072,07140,0,0,0
13072,07141,0,0,0
13072,07143,0,0,0
13072,07211,0,0,0
13072,07231,0,0,0
13072,07232,0,0,0
13072,07233,0,0,0
13072,07235,0,0,0
13072,07311,0,0,0
13072,07312,0,0,0
13072,07313,0,0,0
13072,07314,0,0,0
13072,07315,0,0,0
13072,07316,0,0,0
13072,07317,0,0,0
13072,07318,0,0,0
13072,07319,0,0,0
13072,07320,0,0,0
13072,07331,0,0,0
13072,07332,0,0,0
13072,07333,0,0,0
13072,07334,0,0,0
13072,07335,0,0,0
13072,07336,0,0,0
13072,07337,0,0,0
13072,07338,0,0,0
13072,07339,0,0,0
13072,07340,0,0,0
13072,08111,24,0,24
13072,08115,0,0,0
13072,08116,15,0,15
13072,08117,0,0,0
13072,08118,14,0,14
13072,08119,10,0,10
13072,08121,0,0,0
13072,08125,0,0,0
13072,08126,0,0,0
13072,08127,0,0,0
13072,08128,0,0,0
13072,08135,0,0,0
13072,08136,0,0,0
13072,08211,0,0,0
13072,08212,10,0,10
13072,08215,13,0,13
13072,08216,0,0,0
13072,08221,0,0,0
13072,08222,11,0,11
13072,08225,0,0,0
13072,08226,13,0,13
13072,08231,0,0,0
13072,08235,0,0,0
13072,08236,0,0,0
13072,08237,0,0,0
13072,08311,0,0,0
13072,08315,0,0,0
13072,08316,0,0,0
13072,08317,0,0,0
13072,08325,0,0,0
13072,08326,0,0,0
13072,08327,0,0,0
13072,08335,0,0,0
13072,08336,0,0,0
13072,08337,0,0,0
13072,08415,0,0,0
13072,08416,0,0,0
13072,08417,0,0,0
13072,08421,16,0,16
13072,08425,0,0,0
13072,08426,10,0,10
13072,08435,0,0,0
13072,08436,0,0,0
13072,08437,0,0,0
13072,09161,0,0,0
13072,09162,147,0,147
13072,09163,0,0,0
13072,09171,0,0,0
13072,09172,0,0,0
13072,09173,0,0,0
13072,09174,0,0,0
13072,09175,0,0,0
13072,09176,0,0,0
13072,09177,0,0,0
13072,09178,14,0,14
13072,09179,0,0,0
13072,09180,0,0,0
13072,09181,0,0,0
13072,09182,0,0,0
13072,09183,0,0,0
13072,09184,30,0,30
13072,09185,0,0,0
13072,09186,12,0,12
13072,09187,0,0,0
13072,09188,0,0,0
13072,09189,0,0,0
13072,09190,0,0,0
13072,09261,0,0,0
13072,09262,0,0,0
13072,09263,0,0,0
13072,09271,12,0,12
13072,09272,0,0,0
13072,09273,0,0,0
13072,09274,0,0,0
13072,09275,0,0,0
13072,09276,0,0,0
13072,09277,0,0,0
13072,09278,0,0,0
13072,09279,0,0,0
13072,09361,0,0,0
13072,09362,0,0,0
13072,09363,0,0,0
13072,09371,0,0,0
13072,09372,0,0,0
13072,09373,10,0,10
13072,09374,0,0,0
13072,09375,0,0,0
13072,09376,0,0,0
13072,09377,0,0,0
13072,09461,0,0,0
13072,09462,0,0,0
13072,09463,0,0,0
13072,09464,0,0,0
13072,09471,0,0,0
13072,09472,0,0,0
13072,09473,0,0,0
13072,09474,0,0,0
13072,09475,0,0,0
13072,09476,0,0,0
13072,09477,0,0,0
13072,09478,0,0,0
13072,09479,0,0,0
13072,09561,0,0,0
13072,09562,11,0,11
13072,09563,0,0,0
13072,09564,21,0,21
13072,09565,0,0,0
13072,09571,0,0,0
13072,09572,0,0,0
13072,09573,0,0,0
13072,09574,0,0,0
13072,09575,0,0,0
13072,09576,0,0,0
13072,09577,0,0,0
13072,09661,0,0,0
13072,09662,0,0,0
13072,09663,0,0,0
13072,09671,0,0,0
13072,09672,0,0,0
13072,09673,0,0,0
13072,09674,0,0,0
13072,09675,0,0,0
13072,09676,0,0,0
13072,09677,0,0,0
13072,09678,0,0,0
13072,09679,0,0,0
13072,09761,0,0,0
13072,09762,0,0,0
13072,09763,0,0,0
13072,09764,0,0,0
13072,09771,0,0,0
13072,09772,0,0,0
13072,09773,0,0,0
13072,09774,10,0,10
13072,09775,0,0,0
13072,09776,0,0,0
13072,09777,0,0,0
13072,09778,0,0,0
13072,09779,0,0,0
13072,09780,0,0,0
13072,10041,98,0,98
13072,10042,0,0,0
13072,10043,0,0,0
13072,10044,0,0,0
13072,10045,0,0,0
13072,10046,0,0,0
13072,11000,1066,253,813
13072,12051,10,0,10
13072,12052,0,0,0
13072,12053,0,0,0
13072,12054,89,19,70
13072,12060,72,21,51
13072,12061,79,0,79
13072,12062,0,0,0
13072,12063,32,15,17
13072,12064,39,17,22
13072,12065,58,18,40
13072,12066,22,12,10
13072,12067,15,0,15
13072,12068,119,36,83
13072,12069,74,16,58
13072,12070,265,48,217
13072,12071,0,0,0
13072,12072,79,15,64
13072,12073,81,43,38
13072,13003,34662,12153,22509
13072,13004,1278,268,1010
13072,13071,3771,2086,1685
13072,13072,0,0,0
13072,13073,3583,2157,1426
13072,13074,2530,1057,1473
13072,13075,766,459,307
13072,13076,2001,1184,817
13072,14511,16,0,16
13072,14521,0,0,0
13072,14522,24,12,12
13072,14523,0,0,0
13072,14524,37,18,19
13072,14612,83,17,66
13072,14625,18,0,18
13072,14626,19,19,0
13072,14627,22,11,11
13072,14628,0,0,0
13072,14713,107,33,74
13072,14729,56,18,38
13072,14730,13,13,0
13072,15001,0,0,0
13072,15002,22,0,22
13072,15003,80,15,65
13072,15081,14,14,0
13072,15082,33,16,17
13072,15083,31,16,15
13072,15084,0,0,0
13072,15085,31,12,19
13072,15086,58,24,34
13072,15087,0,0,0
13072,15088,31,0,31
13072,15089,31,11,20
13072,15090,82,24,58
13072,15091,37,25,12
13072,16051,27,0,27
13072,16052,0,0,0
13072,16053,0,0,0
13072,16054,0,0,0
13072,16055,0,0,0
13072,16056,0,0,0
13072,16061,0,0,0
13072,16062,0,0,0
13072,16063,0,0,0
13072,16064,0,0,0
13072,16065,0,0,0
13072,16066,0,0,0
13072,16067,0,0,0
13072,16068,0,0,0
13072,16069,0,0,0
13072,16070,10,10,0
13072,16071,0,0,0
13072,16072,0,0,0
13072,16073,0,0,0
13072,16074,0,0,0
13072,16075,0,0,0
13072,16076,0,0,0
13072,16077,0,0,0
13073,01001,32,0,32
13073,01002,143,27,116
13073,01003,131,30,101
13073,01004,27,0,27
13073,01051,39,16,23
13073,01053,48,19,29
13073,01054,76,16,60
13073,01055,250,25,225
13073,01056,70,18,52
13073,01057,34,16,18
13073,01058,119,22,97
13073,01059,83,37,46
13073,01060,88,32,56
13073,01061,27,12,15
13073,01062,123,19,104
13073,02000,1001,188,813
13073,03101,27,12,15
13073,03102,0,0,0
13073,03103,11,0,11
13073,03151,17,0,17
13073,03153,0,0,0
13073,03154,0,0,0
13073,03155,11,0,11
13073,03157,0,0,0
13073,03158,0,0,0
13073,03159,0,0,0
13073,03241,102,35,67
13073,03251,18,0,18
13073,03252,0,0,0
13073,03254,10,10,0
13073,03255,0,0,0
13073,03256,0,0,0
13073,03257,0,0,0
13073,03351,21,0,21
13073,03352,127,74,53
13073,03353,99,29,70
13073,03354,0,0,0
13073,03355,32,13,19
13073,03356,34,0,34
13073,03357,40,0,40
13073,03358,21,0,21
13073,03359,56,12,44
13073,03360,0,0,0
13073,03361,27,0,27
13073,03401,0,0,0
13073,03402,23,0,23
13073,03403,33,0,33
13073,03404,16,0,16
13073,03405,0,0,0
13073,03451,0,0,0
13073,03452,11,0,11
13073,03453,16,0,16
13073,03454,75,11,64
13073,03455,0,0,0
13073,03456,10,0,10
13073,03457,50,0,50
13073,03458,0,0,0
13073,03459,22,0,22
13073,03460,52,0,52
13073,03461,17,17,0
13073,03462,0,0,0
13073,04011,146,25,121
13073,04012,41,10,31
13073,05111,50,0,50
13073,05112,16,0,16
13073,05113,31,18,13
13073,05114,0,0,0
13073,05116,0,0,0
13073,05117,0,0,0
13073,05119,11,11,0
13073,05120,0,0,0
13073,05122,24,0,24
13073,05124,13,0,13
13073,05154,0,0,0
13073,05158,22,0,22
13073,05162,0,0,0
13073,05166,0,0,0
13073,05170,88,0,88
13073,05314,10,0,10
13073,05315,87,12,75
13073,05316,0,0,0
13073,05334,0,0,0
13073,05358,0,0,0
13073,05362,19,0,19
13073,05366,0,0,0
13073,05370,11,0,11
13073,05374,30,0,30
13073,05378,0,0,0
13073,05382,14,0,14
13073,05512,0,0,0
13073,05513,0,0,0
13073,05515,21,0,21
13073,05554,0,0,0
13073,05558,0,0,0
13073,05562,10,0,10
13073,05566,34,11,23
13073,05570,15,0,15
13073,05711,0,0,0
13073,05754,19,0,19
13073,05758,0,0,0
13073,05762,0,0,0
13073,05766,0,0,0
13073,05770,10,10,0
13073,05774,0,0,0
13073,05911,18,0,18
13073,05913,43,17,26
13073,05914,0,0,0
13073,05915,0,0,0
13073,05916,0,0,0
13073,05954,0,0,0
13073,05958,0,0,0
13073,05962,0,0,0
13073,05966,0,0,0
13073,05970,0,0,0
13073,05974,12,0,12
13073,05978,0,0,0
13073,06411,0,0,0
13073,06412,75,0,75
13073,06413,0,0,0
13073,06414,0,0,0
13073,06431,0,0,0
13073,06432,0,0,0
13073,06433,10,0,10
13073,06434,0,0,0
13073,06435,0,0,0
13073,06436,10,0,10
13073,06437,0,0,0
13073,06438,13,0,13
13073,06439,0,0,0
13073,06440,0,0,0
13073,06531,0,0,0
13073,06532,0,0,0
13073,06533,0,0,0
13073,06534,0,0,0
13073,06535,0,0,0
13073,06611,0,0,0
13073,06631,0,0,0
13073,06632,0,0,0
13073,06633,11,11,0
13073,06634,0,0,0
13073,06635,0,0,0
13073,06636,0,0,0
13073,07111,0,0,0
13073,07131,0,0,0
13073,07132,0,0,0
13073,07133,0,0,0
13073,07134,0,0,0
13073,07135,0,0,0
13073,07137,0,0,0
13073,07138,0,0,0
13073,07140,0,0,0
13073,07141,0,0,0
13073,07143,0,0,0
13073,07211,0,0,0
13073,07231,0,0,0
13073,07232,0,0,0
13073,07233,0,0,0
13073,07235,0,0,0
13073,07311,0,0,0
13073,07312,0,0,0
13073,07313,0,0,0
13073,07314,0,0,0
13073,07315,0,0,0
13073,07316,0,0,0
13073,07317,0,0,0
13073,07318,0,0,0
13073,07319,0,0,0
13073,07320,0,0,0
13073,07331,0,0,0
13073,07332,0,0,0
13073,07333,0,0,0
13073,07334,0,0,0
13073,07335,0,0,0
13073,07336,0,0,0
13073,07337,0,0,0
13073,07338,0,0,0
13073,07339,0,0,0
13073,07340,0,0,0
13073,08111,25,0,25
13073,08115,0,0,0
13073,08116,25,0,25
13073,08117,0,0,0
13073,08118,10,0,10
13073,08119,0,0,0
13073,08121,0,0,0
13073,08125,0,0,0
13073,08126,0,0,0
13073,08127,0,0,0
13073,08128,0,0,0
13073,08135,0,0,0
13073,08136,12,0,12
13073,08211,0,0,0
13073,08212,10,0,10
13073,08215,16,0,16
13073,08216,0,0,0
13073,08221,10,0,10
13073,08222,18,0,18
13073,08225,0,0,0
13073,08226,0,0,0
13073,08231,0,0,0
13073,08235,0,0,0
13073,08236,0,0,0
13073,08237,0,0,0
13073,08311,0,0,0
13073,08315,0,0,0
13073,08316,0,0,0
13073,08317,0,0,0
13073,08325,0,0,0
13073,08326,0,0,0
13073,08327,0,0,0
13073,08335,0,0,0
13073,08336,28,0,28
13073,08337,0,0,0
13073,08415,0,0,0
13073,08416,0,0,0
13073,08417,0,0,0
13073,08421,0,0,0
13073,08425,0,0,0
13073,08426,0,0,0
13073,08435,0,0,0
13073,08436,0,0,0
13073,08437,0,0,0
13073,09161,0,0,0
13073,09162,79,0,79
13073,09163,0,0,0
13073,09171,0,0,0
13073,09172,0,0,0
13073,09173,0,0,0
13073,09174,0,0,0
13073,09175,0,0,0
13073,09176,0,0,0
13073,09177,0,0,0
13073,09178,0,0,0
13073,09179,12,0,12
13073,09180,0,0,0
13073,09181,0,0,0
13073,09182,0,0,0
13073,09183,0,0,0
13073,09184,25,0,25
13073,09185,0,0,0
13073,09186,13,0,13
13073,09187,0,0,0
13073,09188,0,0,0
13073,09189,0,0,0
13073,09190,0,0,0
13073,09261,0,0,0
13073,09262,0,0,0
13073,09263,0,0,0
13073,09271,13,0,13
13073,09272,0,0,0
13073,09273,0,0,0
13073,09274,0,0,0
13073,09275,0,0,0
13073,09276,0,0,0
13073,09277,0,0,0
13073,09278,0,0,0
13073,09279,0,0,0
13073,09361,12,0,12
13073,09362,0,0,0
13073,09363,0,0,0
13073,09371,0,0,0
13073,09372,0,0,0
13073,09373,0,0,0
13073,09374,0,0,0
13073,09375,0,0,0
13073,09376,0,0,0
13073,09377,0,0,0
13073,09461,0,0,0
13073,09462,0,0,0
13073,09463,0,0,0
13073,09464,0,0,0
13073,09471,0,0,0
13073,09472,0,0,0
13073,09473,0,0,0
13073,09474,0,0,0
13073,09475,0,0,0
13073,09476,0,0,0
13073,09477,0,0,0
13073,09478,0,0,0
13073,09479,0,0,0
13073,09561,0,0,0
13073,09562,10,0,10
13073,09563,0,0,0
13073,09564,36,0,36
13073,09565,0,0,0
13073,09571,0,0,0
13073,09572,0,0,0
13073,09573,0,0,0
13073,09574,0,0,0
13073,09575,0,0,0
13073,09576,0,0,0
13073,09577,10,10,0
13073,09661,0,0,0
13073,09662,0,0,0
13073,09663,0,0,0
13073,09671,0,0,0
13073,09672,0,0,0
13073,09673,0,0,0
13073,09674,0,0,0
13073,09675,0,0,0
13073,09676,0,0,0
13073,09677,0,0,0
13073,09678,0,0,0
13073,09679,0,0,0
13073,09761,0,0,0
13073,09762,0,0,0
13073,09763,0,0,0
13073,09764,0,0,0
13073,09771,0,0,0
13073,09772,0,0,0
13073,09773,0,0,0
13073,09774,0,0,0
13073,09775,0,0,0
13073,09776,0,0,0
13073,09777,0,0,0
13073,09778,0,0,0
13073,09779,0,0,0
13073,09780,0,0,0
13073,10041,0,0,0
13073,10042,0,0,0
13073,10043,0,0,0
13073,10044,0,0,0
13073,10045,0,0,0
13073,10046,0,0,0
13073,11000,1325,396,929
13073,12051,0,0,0
13073,12052,10,0,10
13073,12053,0,0,0
13073,12054,104,26,78
13073,12060,47,30,17
13073,12061,188,33,155
13073,12062,0,0,0
13073,12063,34,13,21
13073,12064,106,37,69
13073,12065,78,35,43
13073,12066,0,0,0
13073,12067,50,22,28
13073,12068,57,29,28
13073,12069,71,23,48
13073,12070,54,26,28
13073,12071,0,0,0
13073,12072,52,15,37
13073,12073,101,64,37
13073,13003,4621,1090,3531
13073,13004,550,45,505
13073,13071,1612,671,941
13073,13072,3583,1426,2157
13073,13073,0,0,0
13073,13074,346,171,175
13073,13075,6288,2328,3960
13073,13076,211,99,112
13073,14511,37,13,24
13073,14521,67,0,67
13073,14522,28,16,12
13073,14523,14,14,0
13073,14524,38,13,25
13073,14612,109,34,75
13073,14625,15,0,15
13073,14626,13,13,0
13073,14627,27,10,17
13073,14628,10,10,0
13073,14713,135,48,87
13073,14729,24,14,10
13073,14730,10,0,10
13073,15001,0,0,0
13073,15002,108,14,94
13073,15003,61,20,41
13073,15081,30,12,18
13073,15082,26,0,26
13073,15083,14,0,14
13073,15084,0,0,0
13073,15085,0,0,0
13073,15086,30,11,19
13073,15087,0,0,0
13073,15088,13,0,13
13073,15089,25,25,0
13073,15090,46,16,30
13073,15091,10,10,0
13073,16051,30,11,19
13073,16052,0,0,0
13073,16053,0,0,0
13073,16054,12,0,12
13073,16055,0,0,0
13073,16056,0,0,0
13073,16061,10,0,10
13073,16062,0,0,0
13073,16063,0,0,0
13073,16064,13,0,13
13073,16065,0,0,0
13073,16066,0,0,0
13073,16067,0,0,0
13073,16068,0,0,0
13073,16069,0,0,0
13073,16070,0,0,0
13073,16071,0,0,0
13073,16072,0,0,0
13073,16073,0,0,0
13073,16074,0,0,0
13073,16075,0,0,0
13073,16076,0,0,0
13073,16077,0,0,0
13074,01001,13,0,13
13074,01002,251,21,230
13074,01003,8294,1523,6771
13074,01004,72,0,72
13074,01051,27,0,27
13074,01053,1820,392,1428
13074,01054,48,0,48
13074,01055,1233,373,860
13074,01056,109,41,68
13074,01057,53,18,35
13074,01058,115,33,82
13074,01059,51,20,31
13074,01060,356,87,269
13074,01061,22,0,22
13074,01062,955,219,736
13074,02000,1796,326,1470
13074,03101,21,0,21
13074,03102,0,0,0
13074,03103,14,0,14
13074,03151,0,0,0
13074,03153,0,0,0
13074,03154,0,0,0
13074,03155,0,0,0
13074,03157,0,0,0
13074,03158,0,0,0
13074,03159,0,0,0
13074,03241,98,25,73
13074,03251,18,0,18
13074,03252,0,0,0
13074,03254,0,0,0
13074,03255,0,0,0
13074,03256,0,0,0
13074,03257,0,0,0
13074,03351,18,0,18
13074,03352,39,15,24
13074,03353,101,47,54
13074,03354,0,0,0
13074,03355,58,18,40
13074,03356,15,0,15
13074,03357,12,0,12
13074,03358,23,13,10
13074,03359,39,16,23
13074,03360,0,0,0
13074,03361,13,0,13
13074,03401,0,0,0
13074,03402,0,0,0
13074,03403,16,0,16
13074,03404,0,0,0
13074,03405,0,0,0
13074,03451,0,0,0
13074,03452,0,0,0
13074,03453,0,0,0
13074,03454,43,12,31
13074,03455,0,0,0
13074,03456,0,0,0
13074,03457,0,0,0
13074,03458,0,0,0
13074,03459,11,0,11
13074,03460,0,0,0
13074,03461,0,0,0
13074,03462,0,0,0
13074,04011,70,12,58
13074,04012,0,0,0
13074,05111,50,0,50
13074,05112,0,0,0
13074,05113,28,0,28
13074,05114,0,0,0
13074,05116,0,0,0
13074,05117,0,0,0
13074,05119,0,0,0
13074,05120,0,0,0
13074,05122,0,0,0
13074,05124,0,0,0
13074,05154,0,0,0
13074,05158,14,0,14
13074,05162,0,0,0
13074,05166,0,0,0
13074,05170,0,0,0
13074,05314,16,0,16
13074,05315,32,0,32
13074,05316,0,0,0
13074,05334,12,0,12
13074,05358,0,0,0
13074,05362,0,0,0
13074,05366,0,0,0
13074,05370,0,0,0
13074,05374,12,0,12
13074,05378,0,0,0
13074,05382,0,0,0
13074,05512,0,0,0
13074,05513,0,0,0
13074,05515,12,0,12
13074,05554,0,0,0
13074,05558,0,0,0
13074,05562,0,0,0
13074,05566,0,0,0
13074,05570,0,0,0
13074,05711,0,0,0
13074,05754,16,0,16
13074,05758,0,0,0
13074,05762,0,0,0
13074,05766,0,0,0
13074,05770,0,0,0
13074,05774,0,0,0
13074,05911,10,0,10
13074,05913,0,0,0
13074,05914,0,0,0
13074,05915,0,0,0
13074,05916,0,0,0
13074,05954,0,0,0
13074,05958,0,0,0
13074,05962,16,16,0
13074,05966,79,79,0
13074,05970,0,0,0
13074,05974,0,0,0
13074,05978,0,0,0
13074,06411,0,0,0
13074,06412,29,0,29
13074,06413,0,0,0
13074,06414,11,0,11
13074,06431,0,0,0
13074,06432,0,0,0
13074,06433,0,0,0
13074,06434,12,0,12
13074,06435,0,0,0
13074,06436,10,0,10
13074,06437,0,0,0
13074,06438,10,0,10
13074,06439,0,0,0
13074,06440,0,0,0
13074,06531,0,0,0
13074,06532,0,0,0
13074,06533,0,0,0
13074,06534,0,0,0
13074,06535,0,0,0
13074,06611,18,18,0
13074,06631,0,0,0
13074,06632,0,0,0
13074,06633,0,0,0
13074,06634,0,0,0
13074,06635,0,0,0
13074,06636,0,0,0
13074,07111,0,0,0
13074,07131,0,0,0
13074,07132,0,0,0
13074,07133,0,0,0
13074,07134,0,0,0
13074,07135,0,0,0
13074,07137,22,0,22
13074,07138,0,0,0
13074,07140,0,0,0
13074,07141,0,0,0
13074,07143,0,0,0
13074,07211,0,0,0
13074,07231,0,0,0
13074,07232,0,0,0
13074,07233,0,0,0
13074,07235,0,0,0
13074,07311,0,0,0
13074,07312,0,0,0
13074,07313,0,0,0
13074,07314,0,0,0
13074,07315,0,0,0
13074,07316,0,0,0
13074,07317,0,0,0
13074,07318,0,0,0
13074,07319,0,0,0
13074,07320,0,0,0
13074,07331,0,0,0
13074,07332,0,0,0
13074,07333,0,0,0
13074,07334,0,0,0
13074,07335,0,0,0
13074,07336,0,0,0
13074,07337,0,0,0
13074,07338,0,0,0
13074,07339,0,0,0
13074,07340,0,0,0
13074,08111,23,0,23
13074,08115,0,0,0
13074,08116,10,0,10
13074,08117,0,0,0
13074,08118,0,0,0
13074,08119,0,0,0
13074,08121,0,0,0
13074,08125,0,0,0
13074,08126,13,0,13
13074,08127,0,0,0
13074,08128,0,0,0
13074,08135,0,0,0
13074,08136,0,0,0
13074,08211,0,0,0
13074,08212,0,0,0
13074,08215,10,0,10
13074,08216,0,0,0
13074,08221,0,0,0
13074,08222,0,0,0
13074,08225,0,0,0
13074,08226,0,0,0
13074,08231,0,0,0
13074,08235,0,0,0
13074,08236,0,0,0
13074,08237,0,0,0
13074,08311,0,0,0
13074,08315,0,0,0
13074,08316,0,0,0
13074,08317,0,0,0
13074,08325,0,0,0
13074,08326,0,0,0
13074,08327,0,0,0
13074,08335,0,0,0
13074,08336,0,0,0
13074,08337,0,0,0
13074,08415,0,0,0
13074,08416,0,0,0
13074,08417,0,0,0
13074,08421,0,0,0
13074,08425,0,0,0
13074,08426,0,0,0
13074,08435,0,0,0
13074,08436,0,0,0
13074,08437,0,0,0
13074,09161,0,0,0
13074,09162,61,11,50
13074,09163,0,0,0
13074,09171,0,0,0
13074,09172,0,0,0
13074,09173,0,0,0
13074,09174,0,0,0
13074,09175,0,0,0
13074,09176,0,0,0
13074,09177,0,0,0
13074,09178,0,0,0
13074,09179,0,0,0
13074,09180,0,0,0
13074,09181,0,0,0
13074,09182,0,0,0
13074,09183,0,0,0
13074,09184,18,0,18
13074,09185,0,0,0
13074,09186,0,0,0
13074,09187,0,0,0
13074,09188,0,0,0
13074,09189,0,0,0
13074,09190,0,0,0
13074,09261,0,0,0
13074,09262,0,0,0
13074,09263,0,0,0
13074,09271,0,0,0
13074,09272,0,0,0
13074,09273,0,0,0
13074,09274,0,0,0
13074,09275,0,0,0
13074,09276,0,0,0
13074,09277,0,0,0
13074,09278,0,0,0
13074,09279,0,0,0
13074,09361,0,0,0
13074,09362,0,0,0
13074,09363,0,0,0
13074,09371,0,0,0
13074,09372,0,0,0
13074,09373,0,0,0
13074,09374,0,0,0
13074,09375,0,0,0
13074,09376,0,0,0
13074,09377,0,0,0
13074,09461,0,0,0
13074,09462,0,0,0
13074,09463,0,0,0
13074,09464,0,0,0
13074,09471,0,0,0
13074,09472,0,0,0
13074,09473,0,0,0
13074,09474,0,0,0
13074,09475,0,0,0
13074,09476,0,0,0
13074,09477,0,0,0
13074,09478,0,0,0
13074,09479,0,0,0
13074,09561,0,0,0
13074,09562,0,0,0
13074,09563,0,0,0
13074,09564,16,0,16
13074,09565,0,0,0
13074,09571,0,0,0
13074,09572,0,0,0
13074,09573,0,0,0
13074,09574,0,0,0
13074,09575,0,0,0
13074,09576,0,0,0
13074,09577,0,0,0
13074,09661,0,0,0
13074,09662,0,0,0
13074,09663,0,0,0
13074,09671,0,0,0
13074,09672,0,0,0
13074,09673,0,0,0
13074,09674,0,0,0
13074,09675,0,0,0
13074,09676,0,0,0
13074,09677,0,0,0
13074,09678,0,0,0
13074,09679,0,0,0
13074,09761,0,0,0
13074,09762,0,0,0
13074,09763,0,0,0
13074,09764,0,0,0
13074,09771,0,0,0
13074,09772,0,0,0
13074,09773,0,0,0
13074,09774,0,0,0
13074,09775,0,0,0
13074,09776,0,0,0
13074,09777,0,0,0
13074,09778,0,0,0
13074,09779,0,0,0
13074,09780,0,0,0
13074,10041,12,0,12
13074,10042,0,0,0
13074,10043,0,0,0
13074,10044,0,0,0
13074,10045,0,0,0
13074,10046,0,0,0
13074,11000,523,129,394
13074,12051,0,0,0
13074,12052,0,0,0
13074,12053,23,0,23
13074,12054,25,0,25
13074,12060,0,0,0
13074,12061,34,22,12
13074,12062,11,11,0
13074,12063,20,20,0
13074,12064,0,0,0
13074,12065,11,0,11
13074,12066,0,0,0
13074,12067,18,18,0
13074,12068,39,28,11
13074,12069,33,12,21
13074,12070,142,107,35
13074,12071,0,0,0
13074,12072,22,0,22
13074,12073,24,14,10
13074,13003,1858,695,1163
13074,13004,8018,1703,6315
13074,13071,333,129,204
13074,13072,2530,1473,1057
13074,13073,346,175,171
13074,13074,0,0,0
13074,13075,195,90,105
13074,13076,3416,1599,1817
13074,14511,0,0,0
13074,14521,0,0,0
13074,14522,0,0,0
13074,14523,15,0,15
13074,14524,10,0,10
13074,14612,50,27,23
13074,14625,0,0,0
13074,14626,0,0,0
13074,14627,15,0,15
13074,14628,0,0,0
13074,14713,74,29,45
13074,14729,0,0,0
13074,14730,0,0,0
13074,15001,0,0,0
13074,15002,24,0,24
13074,15003,37,21,16
13074,15081,10,10,0
13074,15082,0,0,0
13074,15083,0,0,0
13074,15084,0,0,0
13074,15085,15,0,15
13074,15086,18,0,18
13074,15087,0,0,0
13074,15088,20,0,20
13074,15089,12,0,12
13074,15090,70,23,47
13074,15091,0,0,0
13074,16051,0,0,0
13074,16052,0,0,0
13074,16053,0,0,0
13074,16054,0,0,0
13074,16055,0,0,0
13074,16056,0,0,0
13074,16061,0,0,0
13074,16062,0,0,0
13074,16063,0,0,0
13074,16064,0,0,0
13074,16065,0,0,0
13074,16066,0,0,0
13074,16067,0,0,0
13074,16068,0,0,0
13074,16069,0,0,0
13074,16070,0,0,0
13074,16071,0,0,0
13074,16072,0,0,0
13074,16073,0,0,0
13074,16074,0,0,0
13074,16075,0,0,0
13074,16076,0,0,0
13074,16077,0,0,0
13075,01001,24,0,24
13075,01002,135,10,125
13075,01003,131,22,109
13075,01004,18,0,18
13075,01051,14,0,14
13075,01053,48,14,34
13075,01054,94,14,80
13075,01055,115,21,94
13075,01056,65,14,51
13075,01057,13,0,13
13075,01058,68,10,58
13075,01059,31,0,31
13075,01060,81,18,63
13075,01061,19,0,19
13075,01062,85,22,63
13075,02000,824,125,699
13075,03101,32,0,32
13075,03102,0,0,0
13075,03103,0,0,0
13075,03151,12,0,12
13075,03153,0,0,0
13075,03154,0,0,0
13075,03155,0,0,0
13075,03157,0,0,0
13075,03158,0,0,0
13075,03159,38,13,25
13075,03241,188,64,124
13075,03251,23,0,23
13075,03252,0,0,0
13075,03254,41,25,16
13075,03255,0,0,0
13075,03256,13,0,13
13075,03257,0,0,0
13075,03351,32,0,32
13075,03352,29,0,29
13075,03353,68,10,58
13075,03354,0,0,0
13075,03355,43,0,43
13075,03356,26,0,26
13075,03357,34,12,22
13075,03358,15,0,15
13075,03359,61,12,49
13075,03360,0,0,0
13075,03361,15,0,15
13075,03401,12,0,12
13075,03402,11,0,11
13075,03403,33,0,33
13075,03404,12,0,12
13075,03405,15,0,15
13075,03451,0,0,0
13075,03452,13,0,13
13075,03453,20,0,20
13075,03454,69,11,58
13075,03455,0,0,0
13075,03456,0,0,0
13075,03457,18,0,18
13075,03458,12,0,12
13075,03459,37,0,37
13075,03460,34,0,34
13075,03461,13,0,13
13075,03462,0,0,0
13075,04011,216,18,198
13075,04012,40,0,40
13075,05111,45,0,45
13075,05112,23,0,23
13075,05113,29,0,29
13075,05114,24,0,24
13075,05116,0,0,0
13075,05117,13,0,13
13075,05119,0,0,0
13075,05120,0,0,0
13075,05122,11,0,11
13075,05124,0,0,0
13075,05154,0,0,0
13075,05158,30,0,30
13075,05162,0,0,0
13075,05166,0,0,0
13075,05170,13,0,13
13075,05314,19,0,19
13075,05315,70,10,60
13075,05316,0,0,0
13075,05334,16,0,16
13075,05358,0,0,0
13075,05362,11,0,11
13075,05366,0,0,0
13075,05370,0,0,0
13075,05374,13,0,13
13075,05378,0,0,0
13075,05382,34,0,34
13075,05512,0,0,0
13075,05513,11,0,11
13075,05515,11,0,11
13075,05554,19,0,19
13075,05558,0,0,0
13075,05562,13,0,13
13075,05566,23,0,23
13075,05570,0,0,0
13075,05711,18,0,18
13075,05754,292,34,258
13075,05758,0,0,0
13075,05762,0,0,0
13075,05766,23,0,23
13075,05770,21,0,21
13075,05774,0,0,0
13075,05911,18,0,18
13075,05913,12,0,12
13075,05914,0,0,0
13075,05915,0,0,0
13075,05916,0,0,0
13075,05954,12,0,12
13075,05958,0,0,0
13075,05962,0,0,0
13075,05966,0,0,0
13075,05970,0,0,0
13075,05974,18,0,18
13075,05978,0,0,0
13075,06411,10,0,10
13075,06412,67,0,67
13075,06413,0,0,0
13075,06414,0,0,0
13075,06431,0,0,0
13075,06432,15,0,15
13075,06433,0,0,0
13075,06434,13,0,13
13075,06435,17,0,17
13075,06436,15,0,15
13075,06437,0,0,0
13075,06438,0,0,0
13075,06439,0,0,0
13075,06440,0,0,0
13075,06531,12,0,12
13075,06532,0,0,0
13075,06533,0,0,0
13075,06534,0,0,0
13075,06535,0,0,0
13075,06611,12,0,12
13075,06631,10,0,10
13075,06632,0,0,0
13075,06633,0,0,0
13075,06634,0,0,0
13075,06635,0,0,0
13075,06636,0,0,0
13075,07111,0,0,0
13075,07131,0,0,0
13075,07132,0,0,0
13075,07133,0,0,0
13075,07134,0,0,0
13075,07135,0,0,0
13075,07137,39,0,39
13075,07138,0,0,0
13075,07140,0,0,0
13075,07141,0,0,0
13075,07143,0,0,0
13075,07211,0,0,0
13075,07231,0,0,0
13075,07232,0,0,0
13075,07233,0,0,0
13075,07235,0,0,0
13075,07311,0,0,0
13075,07312,0,0,0
13075,07313,0,0,0
13075,07314,0,0,0
13075,07315,0,0,0
13075,07316,0,0,0
13075,07317,0,0,0
13075,07318,0,0,0
13075,07319,0,0,0
13075,07320,0,0,0
13075,07331,0,0,0
13075,07332,0,0,0
13075,07333,0,0,0
13075,07334,0,0,0
13075,07335,0,0,0
13075,07336,0,0,0
13075,07337,0,0,0
13075,07338,0,0,0
13075,07339,0,0,0
13075,07340,0,0,0
13075,08111,35,0,35
13075,08115,0,0,0
13075,08116,22,0,22
13075,08117,0,0,0
13075,08118,11,0,11
13075,08119,0,0,0
13075,08121,0,0,0
13075,08125,0,0,0
13075,08126,10,0,10
13075,08127,0,0,0
13075,08128,0,0,0
13075,08135,0,0,0
13075,08136,10,0,10
13075,08211,0,0,0
13075,08212,13,0,13
13075,08215,40,13,27
13075,08216,0,0,0
13075,08221,28,0,28
13075,08222,22,0,22
13075,08225,0,0,0
13075,08226,0,0,0
13075,08231,0,0,0
13075,08235,0,0,0
13075,08236,0,0,0
13075,08237,0,0,0
13075,08311,0,0,0
13075,08315,0,0,0
13075,08316,0,0,0
13075,08317,11,0,11
13075,08325,0,0,0
13075,08326,0,0,0
13075,08327,0,0,0
13075,08335,0,0,0
13075,08336,0,0,0
13075,08337,0,0,0
13075,08415,0,0,0
13075,08416,11,0,11
13075,08417,0,0,0
13075,08421,0,0,0
13075,08425,0,0,0
13075,08426,0,0,0
13075,08435,0,0,0
13075,08436,0,0,0
13075,08437,0,0,0
13075,09161,0,0,0
13075,09162,80,0,80
13075,09163,0,0,0
13075,09171,0,0,0
13075,09172,0,0,0
13075,09173,0,0,0
13075,09174,0,0,0
13075,09175,0,0,0
13075,09176,0,0,0
13075,09177,0,0,0
13075,09178,0,0,0
13075,09179,0,0,0
13075,09180,0,0,0
13075,09181,0,0,0
13075,09182,0,0,0
13075,09183,0,0,0
13075,09184,41,13,28
13075,09185,0,0,0
13075,09186,13,0,13
13075,09187,0,0,0
13075,09188,13,0,13
13075,09189,0,0,0
13075,09190,0,0,0
13075,09261,0,0,0
13075,09262,0,0,0
13075,09263,0,0,0
13075,09271,0,0,0
13075,09272,0,0,0
13075,09273,0,0,0
13075,09274,0,0,0
13075,09275,0,0,0
13075,09276,0,0,0
13075,09277,0,0,0
13075,09278,0,0,0
13075,09279,0,0,0
13075,09361,0,0,0
13075,09362,0,0,0
13075,09363,0,0,0
13075,09371,0,0,0
13075,09372,0,0,0
13075,09373,11,0,11
13075,09374,0,0,0
13075,09375,0,0,0
13075,09376,0,0,0
13075,09377,0,0,0
13075,09461,0,0,0
13075,09462,0,0,0
13075,09463,0,0,0
13075,09464,0,0,0
13075,09471,0,0,0
13075,09472,0,0,0
13075,09473,0,0,0
13075,09474,0,0,0
13075,09475,0,0,0
13075,09476,0,0,0
13075,09477,0,0,0
13075,09478,0,0,0
13075,09479,0,0,0
13075,09561,0,0,0
13075,09562,14,0,14
13075,09563,0,0,0
13075,09564,22,0,22
13075,09565,0,0,0
13075,09571,0,0,0
13075,09572,0,0,0
13075,09573,0,0,0
13075,09574,0,0,0
13075,09575,0,0,0
13075,09576,0,0,0
13075,09577,0,0,0
13075,09661,0,0,0
13075,09662,0,0,0
13075,09663,21,0,21
13075,09671,0,0,0
13075,09672,0,0,0
13075,09673,0,0,0
13075,09674,0,0,0
13075,09675,0,0,0
13075,09676,0,0,0
13075,09677,0,0,0
13075,09678,0,0,0
13075,09679,0,0,0
13075,09761,0,0,0
13075,09762,0,0,0
13075,09763,0,0,0
13075,09764,0,0,0
13075,09771,0,0,0
13075,09772,0,0,0
13075,09773,0,0,0
13075,09774,0,0,0
13075,09775,0,0,0
13075,09776,0,0,0
13075,09777,0,0,0
13075,09778,0,0,0
13075,09779,0,0,0
13075,09780,0,0,0
13075,10041,12,0,12
13075,10042,0,0,0
13075,10043,0,0,0
13075,10044,0,0,0
13075,10045,0,0,0
13075,10046,0,0,0
13075,11000,1995,497,1498
13075,12051,10,0,10
13075,12052,21,0,21
13075,12053,17,17,0
13075,12054,154,33,121
13075,12060,178,79,99
13075,12061,74,20,54
13075,12062,43,11,32
13075,12063,33,11,22
13075,12064,109,47,62
13075,12065,125,45,80
13075,12066,27,14,13
13075,12067,74,29,45
13075,12068,112,50,62
13075,12069,78,17,61
13075,12070,40,13,27
13075,12071,23,10,13
13075,12072,99,22,77
13075,12073,2262,1069,1193
13075,13003,1236,352,884
13075,13004,329,37,292
13075,13071,6501,2525,3976
13075,13072,766,307,459
13075,13073,6288,3960,2328
13075,13074,195,105,90
13075,13075,0,0,0
13075,13076,238,122,116
13075,14511,37,0,37
13075,14521,11,11,0
13075,14522,17,0,17
13075,14523,10,0,10
13075,14524,18,0,18
13075,14612,106,32,74
13075,14625,47,31,16
13075,14626,12,0,12
13075,14627,57,11,46
13075,14628,16,16,0
13075,14713,143,38,105
13075,14729,29,10,19
13075,14730,28,13,15
13075,15001,10,0,10
13075,15002,81,12,69
13075,15003,108,22,86
13075,15081,14,0,14
13075,15082,19,0,19
13075,15083,25,10,15
13075,15084,83,0,83
13075,15085,19,0,19
13075,15086,22,11,11
13075,15087,0,0,0
13075,15088,42,0,42
13075,15089,12,0,12
13075,15090,51,19,32
13075,15091,0,0,0
13075,16051,42,0,42
13075,16052,50,50,0
13075,16053,11,11,0
13075,16054,0,0,0
13075,16055,0,0,0
13075,16056,0,0,0
13075,16061,10,0,10
13075,16062,0,0,0
13075,16063,20,0,20
13075,16064,0,0,0
13075,16065,0,0,0
13075,16066,0,0,0
13075,16067,20,10,10
13075,16068,0,0,0
13075,16069,0,0,0
13075,16070,0,0,0
13075,16071,0,0,0
13075,16072,0,0,0
13075,16073,0,0,0
13075,16074,0,0,0
13075,16075,0,0,0
13075,16076,0,0,0
13075,16077,0,0,0
13076,01001,41,29,12
13076,01002,117,32,85
13076,01003,520,81,439
13076,01004,641,14,627
13076,01051,23,0,23
13076,01053,3284,806,2478
13076,01054,54,11,43
13076,01055,109,26,83
13076,01056,189,50,139
13076,01057,29,16,13
13076,01058,129,65,64
13076,01059,116,68,48
13076,01060,279,52,227
13076,01061,48,16,32
13076,01062,1336,163,1173
13076,02000,4977,527,4450
13076,03101,14,0,14
13076,03102,0,0,0
13076,03103,28,0,28
13076,03151,33,13,20
13076,03153,0,0,0
13076,03154,0,0,0
13076,03155,0,0,0
13076,03157,0,0,0
13076,03158,0,0,0
13076,03159,37,0,37
13076,03241,156,16,140
13076,03251,37,11,26
13076,03252,0,0,0
13076,03254,11,0,11
13076,03255,0,0,0
13076,03256,12,0,12
13076,03257,0,0,0
13076,03351,51,12,39
13076,03352,66,12,54
13076,03353,449,103,346
13076,03354,762,144,618
13076,03355,1932,784,1148
13076,03356,21,0,21
13076,03357,114,22,92
13076,03358,38,11,27
13076,03359,95,19,76
13076,03360,132,31,101
13076,03361,24,0,24
13076,03401,0,0,0
13076,03402,0,0,0
13076,03403,10,0,10
13076,03404,18,0,18
13076,03405,0,0,0
13076,03451,0,0,0
13076,03452,0,0,0
13076,03453,27,0,27
13076,03454,98,29,69
13076,03455,0,0,0
13076,03456,10,0,10
13076,03457,15,0,15
13076,03458,21,11,10
13076,03459,109,0,109
13076,03460,203,28,175
13076,03461,0,0,0
13076,03462,0,0,0
13076,04011,147,18,129
13076,04012,11,0,11
13076,05111,79,0,79
13076,05112,17,0,17
13076,05113,23,0,23
13076,05114,12,0,12
13076,05116,0,0,0
13076,05117,0,0,0
13076,05119,0,0,0
13076,05120,0,0,0
13076,05122,0,0,0
13076,05124,0,0,0
13076,05154,0,0,0
13076,05158,20,0,20
13076,05162,0,0,0
13076,05166,0,0,0
13076,05170,10,0,10
13076,05314,13,0,13
13076,05315,59,0,59
13076,05316,0,0,0
13076,05334,11,0,11
13076,05358,0,0,0
13076,05362,16,0,16
13076,05366,0,0,0
13076,05370,0,0,0
13076,05374,0,0,0
13076,05378,0,0,0
13076,05382,25,0,25
13076,05512,0,0,0
13076,05513,26,0,26
13076,05515,14,0,14
13076,05554,15,0,15
13076,05558,12,0,12
13076,05562,12,12,0
13076,05566,15,0,15
13076,05570,10,0,10
13076,05711,0,0,0
13076,05754,23,0,23
13076,05758,0,0,0
13076,05762,0,0,0
13076,05766,0,0,0
13076,05770,21,0,21
13076,05774,17,0,17
13076,05911,10,0,10
13076,05913,35,14,21
13076,05914,0,0,0
13076,05915,0,0,0
13076,05916,0,0,0
13076,05954,0,0,0
13076,05958,0,0,0
13076,05962,0,0,0
13076,05966,0,0,0
13076,05970,10,0,10
13076,05974,0,0,0
13076,05978,14,0,14
13076,06411,0,0,0
13076,06412,47,0,47
13076,06413,0,0,0
13076,06414,17,0,17
13076,06431,0,0,0
13076,06432,0,0,0
13076,06433,0,0,0
13076,06434,15,0,15
13076,06435,16,0,16
13076,06436,13,0,13
13076,06437,0,0,0
13076,06438,19,0,19
13076,06439,0,0,0
13076,06440,27,0,27
13076,06531,0,0,0
13076,06532,0,0,0
13076,06533,0,0,0
13076,06534,0,0,0
13076,06535,0,0,0
13076,06611,14,0,14
13076,06631,0,0,0
13076,06632,0,0,0
13076,06633,0,0,0
13076,06634,0,0,0
13076,06635,0,0,0
13076,06636,0,0,0
13076,07111,0,0,0
13076,07131,0,0,0
13076,07132,0,0,0
13076,07133,0,0,0
13076,07134,0,0,0
13076,07135,0,0,0
13076,07137,11,0,11
13076,07138,0,0,0
13076,07140,0,0,0
13076,07141,0,0,0
13076,07143,14,0,14
13076,07211,0,0,0
13076,07231,0,0,0
13076,07232,0,0,0
13076,07233,0,0,0
13076,07235,0,0,0
13076,07311,0,0,0
13076,07312,0,0,0
13076,07313,0,0,0
13076,07314,0,0,0
13076,07315,0,0,0
13076,07316,0,0,0
13076,07317,0,0,0
13076,07318,0,0,0
13076,07319,0,0,0
13076,07320,0,0,0
13076,07331,0,0,0
13076,07332,0,0,0
13076,07333,0,0,0
13076,07334,0,0,0
13076,07335,0,0,0
13076,07336,0,0,0
13076,07337,0,0,0
13076,07338,0,0,0
13076,07339,0,0,0
13076,07340,0,0,0
13076,08111,28,0,28
13076,08115,15,15,0
13076,08116,0,0,0
13076,08117,0,0,0
13076,08118,0,0,0
13076,08119,0,0,0
13076,08121,0,0,0
13076,08125,0,0,0
13076,08126,14,0,14
13076,08127,0,0,0
13076,08128,0,0,0
13076,08135,0,0,0
13076,08136,15,0,15
13076,08211,0,0,0
13076,08212,0,0,0
13076,08215,0,0,0
13076,08216,0,0,0
13076,08221,0,0,0
13076,08222,17,0,17
13076,08225,0,0,0
13076,08226,15,0,15
13076,08231,0,0,0
13076,08235,0,0,0
13076,08236,0,0,0
13076,08237,0,0,0
13076,08311,0,0,0
13076,08315,0,0,0
13076,08316,0,0,0
13076,08317,0,0,0
13076,08325,0,0,0
13076,08326,0,0,0
13076,08327,0,0,0
13076,08335,0,0,0
13076,08336,10,0,10
13076,08337,0,0,0
13076,08415,0,0,0
13076,08416,0,0,0
13076,08417,0,0,0
13076,08421,0,0,0
13076,08425,0,0,0
13076,08426,0,0,0
13076,08435,33,0,33
13076,08436,14,0,14
13076,08437,0,0,0
13076,09161,0,0,0
13076,09162,55,0,55
13076,09163,0,0,0
13076,09171,0,0,0
13076,09172,0,0,0
13076,09173,0,0,0
13076,09174,0,0,0
13076,09175,0,0,0
13076,09176,0,0,0
13076,09177,0,0,0
13076,09178,10,0,10
13076,09179,0,0,0
13076,09180,0,0,0
13076,09181,0,0,0
13076,09182,0,0,0
13076,09183,29,29,0
13076,09184,27,0,27
13076,09185,0,0,0
13076,09186,11,0,11
13076,09187,0,0,0
13076,09188,0,0,0
13076,09189,0,0,0
13076,09190,0,0,0
13076,09261,0,0,0
13076,09262,0,0,0
13076,09263,0,0,0
13076,09271,0,0,0
13076,09272,0,0,0
13076,09273,0,0,0
13076,09274,0,0,0
13076,09275,0,0,0
13076,09276,0,0,0
13076,09277,0,0,0
13076,09278,0,0,0
13076,09279,0,0,0
13076,09361,0,0,0
13076,09362,0,0,0
13076,09363,0,0,0
13076,09371,0,0,0
13076,09372,0,0,0
13076,09373,0,0,0
13076,09374,13,0,13
13076,09375,0,0,0
13076,09376,0,0,0
13076,09377,0,0,0
13076,09461,0,0,0
13076,09462,0,0,0
13076,09463,0,0,0
13076,09464,0,0,0
13076,09471,0,0,0
13076,09472,0,0,0
13076,09473,0,0,0
13076,09474,0,0,0
13076,09475,0,0,0
13076,09476,0,0,0
13076,09477,0,0,0
13076,09478,0,0,0
13076,09479,0,0,0
13076,09561,0,0,0
13076,09562,0,0,0
13076,09563,0,0,0
13076,09564,31,0,31
13076,09565,0,0,0
13076,09571,0,0,0
13076,09572,0,0,0
13076,09573,0,0,0
13076,09574,0,0,0
13076,09575,0,0,0
13076,09576,0,0,0
13076,09577,0,0,0
13076,09661,0,0,0
13076,09662,0,0,0
13076,09663,0,0,0
13076,09671,0,0,0
13076,09672,0,0,0
13076,09673,0,0,0
13076,09674,0,0,0
13076,09675,0,0,0
13076,09676,0,0,0
13076,09677,0,0,0
13076,09678,0,0,0
13076,09679,0,0,0
13076,09761,0,0,0
13076,09762,0,0,0
13076,09763,0,0,0
13076,09764,0,0,0
13076,09771,0,0,0
13076,09772,0,0,0
13076,09773,0,0,0
13076,09774,0,0,0
13076,09775,30,0,30
13076,09776,0,0,0
13076,09777,0,0,0
13076,09778,19,19,0
13076,09779,0,0,0
13076,09780,0,0,0
13076,10041,0,0,0
13076,10042,0,0,0
13076,10043,0,0,0
13076,10044,0,0,0
13076,10045,0,0,0
13076,10046,0,0,0
13076,11000,875,136,739
13076,12051,14,0,14
13076,12052,0,0,0
13076,12053,10,0,10
13076,12054,62,12,50
13076,12060,27,16,11
13076,12061,39,0,39
13076,12062,0,0,0
13076,12063,31,17,14
13076,12064,94,10,84
13076,12065,47,16,31
13076,12066,0,0,0
13076,12067,39,26,13
13076,12068,218,109,109
13076,12069,60,17,43
13076,12070,1873,947,926
13076,12071,0,0,0
13076,12072,31,0,31
13076,12073,35,16,19
13076,13003,962,207,755
13076,13004,17144,3893,13251
13076,13071,1469,645,824
13076,13072,2001,817,1184
13076,13073,211,112,99
13076,13074,3416,1817,1599
13076,13075,238,116,122
13076,13076,0,0,0
13076,14511,0,0,0
13076,14521,0,0,0
13076,14522,11,0,11
13076,14523,0,0,0
13076,14524,0,0,0
13076,14612,61,12,49
13076,14625,31,0,31
13076,14626,0,0,0
13076,14627,21,0,21
13076,14628,0,0,0
13076,14713,49,12,37
13076,14729,0,0,0
13076,14730,0,0,0
13076,15001,0,0,0
13076,15002,72,0,72
13076,15003,29,0,29
13076,15081,60,24,36
13076,15082,15,0,15
13076,15083,29,14,15
13076,15084,0,0,0
13076,15085,41,0,41
13076,15086,23,0,23
13076,15087,0,0,0
13076,15088,19,0,19
13076,15089,34,11,23
13076,15090,113,64,49
13076,15091,12,0,12
13076,16051,21,0,21
13076,16052,0,0,0
13076,16053,0,0,0
13076,16054,0,0,0
13076,16055,0,0,0
13076,16056,0,0,0
13076,16061,0,0,0
13076,16062,0,0,0
13076,16063,0,0,0
13076,16064,0,0,0
13076,16065,0,0,0
13076,16066,0,0,0
13076,16067,0,0,0
13076,16068,0,0,0
13076,16069,0,0,0
13076,16070,0,0,0
13076,16071,0,0,0
13076,16072,0,0,0
13076,16073,0,0,0
13076,16074,0,0,0
13076,16075,0,0,0
13076,16076,0,0,0
13076,16077,0,0,0
14511,01001,0,0,0
14511,01002,0,0,0
14511,01003,0,0,0
14511,01004,0,0,0
14511,01051,0,0,0
14511,01053,0,0,0
14511,01054,0,0,0
14511,01055,0,0,0
14511,01056,0,0,0
14511,01057,0,0,0
14511,01058,0,0,0
14511,01059,0,0,0
14511,01060,10,10,0
14511,01061,0,0,0
14511,01062,10,0,10
14511,02000,226,74,152
14511,03101,29,14,15
14511,03102,0,0,0
14511,03103,27,0,27
14511,03151,0,0,0
14511,03153,0,0,0
14511,03154,15,15,0
14511,03155,0,0,0
14511,03157,0,0,0
14511,03158,0,0,0
14511,03159,36,13,23
14511,03241,82,34,48
14511,03251,0,0,0
14511,03252,0,0,0
14511,03254,17,0,17
14511,03255,0,0,0
14511,03256,0,0,0
14511,03257,0,0,0
14511,03351,0,0,0
14511,03352,0,0,0
14511,03353,0,0,0
14511,03354,0,0,0
14511,03355,0,0,0
14511,03356,26,26,0
14511,03357,17,17,0
14511,03358,0,0,0
14511,03359,0,0,0
14511,03360,0,0,0
14511,03361,0,0,0
14511,03401,0,0,0
14511,03402,0,0,0
14511,03403,0,0,0
14511,03404,0,0,0
14511,03405,0,0,0
14511,03451,0,0,0
14511,03452,0,0,0
14511,03453,0,0,0
14511,03454,0,0,0
14511,03455,0,0,0
14511,03456,0,0,0
14511,03457,0,0,0
14511,03458,0,0,0
14511,03459,10,10,0
14511,03460,0,0,0
14511,03461,0,0,0
14511,03462,0,0,0
14511,04011,48,18,30
14511,04012,0,0,0
14511,05111,119,47,72
14511,05112,0,0,0
14511,05113,49,17,32
14511,05114,31,31,0
14511,05116,10,10,0
14511,05117,0,0,0
14511,05119,0,0,0
14511,05120,14,0,14
14511,05122,0,0,0
14511,05124,10,0,10
14511,05154,14,14,0
14511,05158,65,33,32
14511,05162,35,12,23
14511,05166,0,0,0
14511,05170,40,40,0
14511,05314,31,14,17
14511,05315,111,44,67
14511,05316,12,0,12
14511,05334,36,24,12
14511,05358,0,0,0
14511,05362,35,21,14
14511,05366,0,0,0
14511,05370,12,12,0
14511,05374,46,16,30
14511,05378,0,0,0
14511,05382,37,21,16
14511,05512,0,0,0
14511,05513,16,16,0
14511,05515,0,0,0
14511,05554,28,15,13
14511,05558,0,0,0
14511,05562,20,20,0
14511,05566,36,22,14
14511,05570,0,0,0
14511,05711,10,0,10
14511,05754,16,0,16
14511,05758,0,0,0
14511,05762,0,0,0
14511,05766,0,0,0
14511,05770,11,11,0
14511,05774,0,0,0
14511,05911,26,12,14
14511,05913,41,19,22
14511,05914,0,0,0
14511,05915,0,0,0
14511,05916,0,0,0
14511,05954,11,0,11
14511,05958,0,0,0
14511,05962,23,23,0
14511,05966,0,0,0
14511,05970,16,0,16
14511,05974,0,0,0
14511,05978,23,13,10
14511,06411,23,11,12
14511,06412,133,25,108
14511,06413,88,11,77
14511,06414,36,14,22
14511,06431,10,0,10
14511,06432,16,16,0
14511,06433,29,10,19
14511,06434,35,0,35
14511,06435,89,18,71
14511,06436,35,0,35
14511,06437,0,0,0
14511,06438,41,17,24
14511,06439,0,0,0
14511,06440,10,0,10
14511,06531,24,13,11
14511,06532,12,0,12
14511,06533,0,0,0
14511,06534,20,10,10
14511,06535,0,0,0
14511,06611,13,0,13
14511,06631,12,0,12
14511,06632,0,0,0
14511,06633,0,0,0
14511,06634,0,0,0
14511,06635,12,0,12
14511,06636,0,0,0
14511,07111,0,0,0
14511,07131,17,17,0
14511,07132,0,0,0
14511,07133,0,0,0
14511,07134,0,0,0
14511,07135,0,0,0
14511,07137,0,0,0
14511,07138,0,0,0
14511,07140,0,0,0
14511,07141,0,0,0
14511,07143,12,12,0
14511,07211,0,0,0
14511,07231,0,0,0
14511,07232,0,0,0
14511,07233,0,0,0
14511,07235,0,0,0
14511,07311,0,0,0
14511,07312,0,0,0
14511,07313,0,0,0
14511,07314,0,0,0
14511,07315,12,0,12
14511,07316,0,0,0
14511,07317,0,0,0
14511,07318,0,0,0
14511,07319,0,0,0
14511,07320,0,0,0
14511,07331,10,10,0
14511,07332,0,0,0
14511,07333,0,0,0
14511,07334,0,0,0
14511,07335,0,0,0
14511,07336,0,0,0
14511,07337,0,0,0
14511,07338,20,10,10
14511,07339,0,0,0
14511,07340,0,0,0
14511,08111,98,28,70
14511,08115,70,46,24
14511,08116,56,18,38
14511,08117,13,0,13
14511,08118,55,25,30
14511,08119,66,21,45
14511,08121,0,0,0
14511,08125,39,20,19
14511,08126,10,0,10
14511,08127,0,0,0
14511,08128,0,0,0
14511,08135,0,0,0
14511,08136,22,0,22
14511,08211,0,0,0
14511,08212,20,0,20
14511,08215,31,12,19
14511,08216,12,0,12
14511,08221,16,0,16
14511,08222,75,0,75
14511,08225,0,0,0
14511,08226,41,14,27
14511,08231,0,0,0
14511,08235,0,0,0
14511,08236,0,0,0
14511,08237,0,0,0
14511,08311,0,0,0
14511,08315,0,0,0
14511,08316,0,0,0
14511,08317,35,19,16
14511,08325,0,0,0
14511,08326,0,0,0
14511,08327,0,0,0
14511,08335,0,0,0
14511,08336,10,0,10
14511,08337,0,0,0
14511,08415,13,0,13
14511,08416,34,11,23
14511,08417,13,0,13
14511,08421,0,0,0
14511,08425,0,0,0
14511,08426,10,0,10
14511,08435,0,0,0
14511,08436,15,0,15
14511,08437,0,0,0
14511,09161,30,10,20
14511,09162,310,103,207
14511,09163,10,0,10
14511,09171,0,0,0
14511,09172,0,0,0
14511,09173,0,0,0
14511,09174,36,13,23
14511,09175,0,0,0
14511,09176,14,0,14
14511,09177,0,0,0
14511,09178,28,12,16
14511,09179,19,0,19
14511,09180,0,0,0
14511,09181,0,0,0
14511,09182,0,0,0
14511,09183,0,0,0
14511,09184,111,20,91
14511,09185,10,0,10
14511,09186,15,0,15
14511,09187,20,0,20
14511,09188,26,0,26
14511,09189,10,0,10
14511,09190,0,0,0
14511,09261,0,0,0
14511,09262,10,0,10
14511,09263,0,0,0
14511,09271,12,12,0
14511,09272,0,0,0
14511,09273,0,0,0
14511,09274,0,0,0
14511,09275,0,0,0
14511,09276,0,0,0
14511,09277,0,0,0
14511,09278,0,0,0
14511,09279,0,0,0
14511,09361,0,0,0
14511,09362,32,10,22
14511,09363,10,0,10
14511,09371,0,0,0
14511,09372,15,0,15
14511,09373,0,0,0
14511,09374,17,0,17
14511,09375,22,10,12
14511,09376,16,0,16
14511,09377,13,0,13
14511,09461,0,0,0
14511,09462,46,13,33
14511,09463,0,0,0
14511,09464,43,23,20
14511,09471,0,0,0
14511,09472,0,0,0
14511,09473,0,0,0
14511,09474,22,0,22
14511,09475,39,19,20
14511,09476,0,0,0
14511,09477,0,0,0
14511,09478,0,0,0
14511,09479,0,0,0
14511,09561,0,0,0
14511,09562,39,11,28
14511,09563,31,15,16
14511,09564,257,42,215
14511,09565,0,0,0
14511,09571,0,0,0
14511,09572,10,0,10
14511,09573,0,0,0
14511,09574,27,15,12
14511,09575,0,0,0
14511,09576,25,0,25
14511,09577,0,0,0
14511,09661,0,0,0
14511,09662,0,0,0
14511,09663,10,10,0
14511,09671,17,0,17
14511,09672,0,0,0
14511,09673,0,0,0
14511,09674,0,0,0
14511,09675,0,0,0
14511,09676,0,0,0
14511,09677,10,0,10
14511,09678,0,0,0
14511,09679,83,0,83
14511,09761,44,21,23
14511,09762,0,0,0
14511,09763,0,0,0
14511,09764,0,0,0
14511,09771,0,0,0
14511,09772,0,0,0
14511,09773,0,0,0
14511,09774,10,0,10
14511,09775,0,0,0
14511,09776,0,0,0
14511,09777,0,0,0
14511,09778,14,0,14
14511,09779,15,0,15
14511,09780,0,0,0
14511,10041,0,0,0
14511,10042,0,0,0
14511,10043,0,0,0
14511,10044,0,0,0
14511,10045,0,0,0
14511,10046,11,0,11
14511,11000,1072,524,548
14511,12051,13,13,0
14511,12052,68,35,33
14511,12053,0,0,0
14511,12054,45,18,27
14511,12060,60,21,39
14511,12061,54,25,29
14511,12062,41,41,0
14511,12063,35,21,14
14511,12064,32,22,10
14511,12065,24,24,0
14511,12066,66,47,19
14511,12067,21,21,0
14511,12068,10,10,0
14511,12069,64,24,40
14511,12070,0,0,0
14511,12071,37,37,0
14511,12072,32,21,11
14511,12073,10,10,0
14511,13003,39,23,16
14511,13004,0,0,0
14511,13071,39,22,17
14511,13072,16,16,0
14511,13073,37,24,13
14511,13074,0,0,0
14511,13075,37,37,0
14511,13076,0,0,0
14511,14511,0,0,0
14511,14521,19186,14305,4881
14511,14522,21028,14316,6712
14511,14523,1403,1079,324
14511,14524,16369,10422,5947
14511,14612,3426,1531,1895
14511,14625,419,294,125
14511,14626,159,133,26
14511,14627,819,486,333
14511,14628,544,415,129
14511,14713,2662,1403,1259
14511,14729,1045,831,214
14511,14730,315,222,93
14511,15001,130,102,28
14511,15002,211,125,86
14511,15003,138,60,78
14511,15081,0,0,0
14511,15082,102,76,26
14511,15083,20,20,0
14511,15084,140,107,33
14511,15085,0,0,0
14511,15086,14,14,0
14511,15087,40,23,17
14511,15088,170,99,71
14511,15089,47,36,11
14511,15090,27,14,13
14511,15091,78,60,18
14511,16051,268,143,125
14511,16052,332,212,120
14511,16053,143,87,56
14511,16054,16,16,0
14511,16055,45,32,13
14511,16056,0,0,0
14511,16061,10,10,0
14511,16062,16,16,0
14511,16063,46,15,31
14511,16064,29,19,10
14511,16065,0,0,0
14511,16066,37,26,11
14511,16067,63,52,11
14511,16068,42,32,10
14511,16069,30,30,0
14511,16070,40,30,10
14511,16071,43,31,12
14511,16072,0,0,0
14511,16073,35,22,13
14511,16074,88,57,31
14511,16075,61,43,18
14511,16076,244,189,55
14511,16077,498,382,116
14521,01001,0,0,0
14521,01002,0,0,0
14521,01003,0,0,0
14521,01004,0,0,0
14521,01051,0,0,0
14521,01053,0,0,0
14521,01054,10,0,10
14521,01055,0,0,0
14521,01056,22,22,0
14521,01057,0,0,0
14521,01058,0,0,0
14521,01059,0,0,0
14521,01060,19,19,0
14521,01061,0,0,0
14521,01062,0,0,0
14521,02000,86,21,65
14521,03101,0,0,0
14521,03102,0,0,0
14521,03103,29,0,29
14521,03151,0,0,0
14521,03153,0,0,0
14521,03154,0,0,0
14521,03155,0,0,0
14521,03157,0,0,0
14521,03158,0,0,0
14521,03159,37,37,0
14521,03241,53,13,40
14521,03251,12,0,12
14521,03252,0,0,0
14521,03254,0,0,0
14521,03255,0,0,0
14521,03256,12,0,12
14521,03257,13,0,13
14521,03351,0,0,0
14521,03352,0,0,0
14521,03353,10,0,10
14521,03354,0,0,0
14521,03355,0,0,0
14521,03356,14,0,14
14521,03357,0,0,0
14521,03358,0,0,0
14521,03359,0,0,0
14521,03360,0,0,0
14521,03361,0,0,0
14521,03401,0,0,0
14521,03402,0,0,0
14521,03403,29,29,0
14521,03404,0,0,0
14521,03405,0,0,0
14521,03451,0,0,0
14521,03452,0,0,0
14521,03453,0,0,0
14521,03454,26,15,11
14521,03455,0,0,0
14521,03456,0,0,0
14521,03457,0,0,0
14521,03458,0,0,0
14521,03459,11,0,11
14521,03460,0,0,0
14521,03461,0,0,0
14521,03462,0,0,0
14521,04011,23,0,23
14521,04012,0,0,0
14521,05111,30,0,30
14521,05112,0,0,0
14521,05113,24,0,24
14521,05114,0,0,0
14521,05116,0,0,0
14521,05117,0,0,0
14521,05119,0,0,0
14521,05120,0,0,0
14521,05122,0,0,0
14521,05124,12,0,12
14521,05154,0,0,0
14521,05158,22,0,22
14521,05162,0,0,0
14521,05166,10,0,10
14521,05170,0,0,0
14521,05314,12,0,12
14521,05315,39,0,39
14521,05316,0,0,0
14521,05334,10,0,10
14521,05358,0,0,0
14521,05362,0,0,0
14521,05366,0,0,0
14521,05370,0,0,0
14521,05374,13,0,13
14521,05378,0,0,0
14521,05382,22,11,11
14521,05512,24,0,24
14521,05513,12,0,12
14521,05515,0,0,0
14521,05554,0,0,0
14521,05558,0,0,0
14521,05562,25,0,25
14521,05566,15,0,15
14521,05570,13,0,13
14521,05711,19,0,19
14521,05754,20,0,20
14521,05758,0,0,0
14521,05762,63,63,0
14521,05766,0,0,0
14521,05770,0,0,0
14521,05774,0,0,0
14521,05911,12,0,12
14521,05913,12,0,12
14521,05914,0,0,0
14521,05915,0,0,0
14521,05916,0,0,0
14521,05954,0,0,0
14521,05958,0,0,0
14521,05962,17,0,17
14521,05966,0,0,0
14521,05970,24,0,24
14521,05974,0,0,0
14521,05978,13,0,13
14521,06411,15,0,15
14521,06412,119,14,105
14521,06413,0,0,0
14521,06414,13,0,13
14521,06431,13,0,13
14521,06432,19,0,19
14521,06433,17,0,17
14521,06434,16,0,16
14521,06435,55,14,41
14521,06436,22,0,22
14521,06437,0,0,0
14521,06438,32,0,32
14521,06439,0,0,0
14521,06440,13,0,13
14521,06531,12,0,12
14521,06532,10,0,10
14521,06533,0,0,0
14521,06534,17,0,17
14521,06535,0,0,0
14521,06611,0,0,0
14521,06631,16,0,16
14521,06632,12,0,12
14521,06633,0,0,0
14521,06634,0,0,0
14521,06635,0,0,0
14521,06636,0,0,0
14521,07111,0,0,0
14521,07131,0,0,0
14521,07132,0,0,0
14521,07133,0,0,0
14521,07134,0,0,0
14521,07135,0,0,0
14521,07137,0,0,0
14521,07138,0,0,0
14521,07140,11,0,11
14521,07141,0,0,0
14521,07143,0,0,0
14521,07211,0,0,0
14521,07231,0,0,0
14521,07232,0,0,0
14521,07233,0,0,0
14521,07235,0,0,0
14521,07311,0,0,0
14521,07312,0,0,0
14521,07313,0,0,0
14521,07314,0,0,0
14521,07315,10,0,10
14521,07316,0,0,0
14521,07317,0,0,0
14521,07318,0,0,0
14521,07319,0,0,0
14521,07320,0,0,0
14521,07331,0,0,0
14521,07332,0,0,0
14521,07333,0,0,0
14521,07334,0,0,0
14521,07335,0,0,0
14521,07336,0,0,0
14521,07337,0,0,0
14521,07338,0,0,0
14521,07339,0,0,0
14521,07340,0,0,0
14521,08111,94,22,72
14521,08115,36,0,36
14521,08116,56,10,46
14521,08117,25,0,25
14521,08118,32,0,32
14521,08119,29,0,29
14521,08121,0,0,0
14521,08125,41,0,41
14521,08126,19,0,19
14521,08127,37,0,37
14521,08128,0,0,0
14521,08135,0,0,0
14521,08136,29,0,29
14521,08211,0,0,0
14521,08212,18,0,18
14521,08215,16,0,16
14521,08216,0,0,0
14521,08221,13,0,13
14521,08222,34,0,34
14521,08225,0,0,0
14521,08226,29,0,29
14521,08231,0,0,0
14521,08235,12,0,12
14521,08236,11,0,11
14521,08237,0,0,0
14521,08311,11,0,11
14521,08315,0,0,0
14521,08316,0,0,0
14521,08317,10,0,10
14521,08325,0,0,0
14521,08326,15,0,15
14521,08327,0,0,0
14521,08335,20,0,20
14521,08336,0,0,0
14521,08337,11,0,11
14521,08415,12,0,12
14521,08416,20,20,0
14521,08417,12,12,0
14521,08421,17,0,17
14521,08425,0,0,0
14521,08426,11,0,11
14521,08435,0,0,0
14521,08436,18,0,18
14521,08437,0,0,0
14521,09161,49,0,49
14521,09162,259,30,229
14521,09163,0,0,0
14521,09171,0,0,0
14521,09172,0,0,0
14521,09173,0,0,0
14521,09174,26,0,26
14521,09175,16,0,16
14521,09176,61,0,61
14521,09177,32,10,22
14521,09178,32,0,32
14521,09179,36,0,36
14521,09180,0,0,0
14521,09181,0,0,0
14521,09182,0,0,0
14521,09183,12,0,12
14521,09184,113,11,102
14521,09185,13,0,13
14521,09186,23,0,23
14521,09187,30,0,30
14521,09188,18,0,18
14521,09189,0,0,0
14521,09190,0,0,0
14521,09261,0,0,0
14521,09262,13,0,13
14521,09263,0,0,0
14521,09271,16,0,16
14521,09272,0,0,0
14521,09273,31,0,31
14521,09274,27,0,27
14521,09275,0,0,0
14521,09276,11,0,11
14521,09277,19,0,19
14521,09278,21,0,21
14521,09279,24,0,24
14521,09361,10,0,10
14521,09362,64,0,64
14521,09363,15,0,15
14521,09371,16,0,16
14521,09372,37,0,37
14521,09373,54,0,54
14521,09374,29,0,29
14521,09375,41,0,41
14521,09376,58,0,58
14521,09377,49,0,49
14521,09461,16,0,16
14521,09462,45,0,45
14521,09463,0,0,0
14521,09464,49,18,31
14521,09471,25,0,25
14521,09472,11,0,11
14521,09473,0,0,0
14521,09474,14,0,14
14521,09475,64,27,37
14521,09476,0,0,0
14521,09477,24,0,24
14521,09478,0,0,0
14521,09479,27,0,27
14521,09561,16,0,16
14521,09562,25,0,25
14521,09563,24,0,24
14521,09564,239,18,221
14521,09565,0,0,0
14521,09571,17,0,17
14521,09572,15,0,15
14521,09573,10,0,10
14521,09574,41,0,41
14521,09575,0,0,0
14521,09576,29,0,29
14521,09577,0,0,0
14521,09661,0,0,0
14521,09662,0,0,0
14521,09663,13,0,13
14521,09671,0,0,0
14521,09672,18,0,18
14521,09673,0,0,0
14521,09674,0,0,0
14521,09675,0,0,0
14521,09676,0,0,0
14521,09677,0,0,0
14521,09678,14,0,14
14521,09679,36,0,36
14521,09761,41,0,41
14521,09762,0,0,0
14521,09763,0,0,0
14521,09764,0,0,0
14521,09771,13,0,13
14521,09772,25,0,25
14521,09773,0,0,0
14521,09774,23,0,23
14521,09775,17,0,17
14521,09776,0,0,0
14521,09777,10,0,10
14521,09778,0,0,0
14521,09779,14,0,14
14521,09780,0,0,0
14521,10041,0,0,0
14521,10042,0,0,0
14521,10043,0,0,0
14521,10044,0,0,0
14521,10045,0,0,0
14521,10046,0,0,0
14521,11000,461,143,318
14521,12051,0,0,0
14521,12052,21,0,21
14521,12053,11,0,11
14521,12054,216,199,17
14521,12060,20,10,10
14521,12061,13,0,13
14521,12062,32,15,17
14521,12063,17,17,0
14521,12064,12,0,12
14521,12065,30,30,0
14521,12066,25,13,12
14521,12067,17,17,0
14521,12068,0,0,0
14521,12069,55,37,18
14521,12070,0,0,0
14521,12071,30,30,0
14521,12072,42,23,19
14521,12073,0,0,0
14521,13003,22,10,12
14521,13004,0,0,0
14521,13071,0,0,0
14521,13072,0,0,0
14521,13073,67,67,0
14521,13074,0,0,0
14521,13075,11,0,11
14521,13076,0,0,0
14521,14511,19186,4881,14305
14521,14521,0,0,0
14521,14522,5802,2450,3352
14521,14523,2979,1263,1716
14521,14524,11914,4461,7453
14521,14612,1742,317,1425
14521,14625,206,97,109
14521,14626,107,31,76
14521,14627,385,161,224
14521,14628,365,147,218
14521,14713,802,188,614
14521,14729,268,98,170
14521,14730,149,74,75
14521,15001,18,0,18
14521,15002,70,25,45
14521,15003,44,21,23
14521,15081,0,0,0
14521,15082,51,10,41
14521,15083,0,0,0
14521,15084,48,23,25
14521,15085,26,15,11
14521,15086,11,0,11
14521,15087,21,10,11
14521,15088,93,19,74
14521,15089,0,0,0
14521,15090,16,0,16
14521,15091,18,18,0
14521,16051,83,15,68
14521,16052,188,33,155
14521,16053,89,17,72
14521,16054,0,0,0
14521,16055,17,0,17
14521,16056,0,0,0
14521,16061,14,0,14
14521,16062,25,0,25
14521,16063,21,0,21
14521,16064,0,0,0
14521,16065,0,0,0
14521,16066,14,14,0
14521,16067,0,0,0
14521,16068,0,0,0
14521,16069,0,0,0
14521,16070,22,0,22
14521,16071,10,10,0
14521,16072,0,0,0
14521,16073,18,0,18
14521,16074,53,20,33
14521,16075,35,17,18
14521,16076,188,60,128
14521,16077,152,80,72
14522,01001,29,0,29
14522,01002,0,0,0
14522,01003,0,0,0
14522,01004,0,0,0
14522,01051,0,0,0
14522,01053,0,0,0
14522,01054,11,0,11
14522,01055,0,0,0
14522,01056,12,0,12
14522,01057,0,0,0
14522,01058,0,0,0
14522,01059,0,0,0
14522,01060,0,0,0
14522,01061,0,0,0
14522,01062,16,0,16
14522,02000,161,23,138
14522,03101,16,0,16
14522,03102,0,0,0
14522,03103,24,0,24
14522,03151,0,0,0
14522,03153,0,0,0
14522,03154,0,0,0
14522,03155,0,0,0
14522,03157,0,0,0
14522,03158,0,0,0
14522,03159,51,12,39
14522,03241,70,15,55
14522,03251,0,0,0
14522,03252,0,0,0
14522,03254,0,0,0
14522,03255,0,0,0
14522,03256,0,0,0
14522,03257,0,0,0
14522,03351,10,0,10
14522,03352,0,0,0
14522,03353,0,0,0
14522,03354,0,0,0
14522,03355,0,0,0
14522,03356,0,0,0
14522,03357,0,0,0
14522,03358,12,0,12
14522,03359,0,0,0
14522,03360,0,0,0
14522,03361,0,0,0
14522,03401,0,0,0
14522,03402,0,0,0
14522,03403,0,0,0
14522,03404,0,0,0
14522,03405,0,0,0
14522,03451,0,0,0
14522,03452,0,0,0
14522,03453,23,0,23
14522,03454,25,0,25
14522,03455,0,0,0
14522,03456,0,0,0
14522,03457,0,0,0
14522,03458,0,0,0
14522,03459,0,0,0
14522,03460,0,0,0
14522,03461,0,0,0
14522,03462,0,0,0
14522,04011,26,0,26
14522,04012,0,0,0
14522,05111,63,0,63
14522,05112,17,0,17
14522,05113,22,0,22
14522,05114,13,0,13
14522,05116,13,0,13
14522,05117,0,0,0
14522,05119,0,0,0
14522,05120,0,0,0
14522,05122,0,0,0
14522,05124,16,0,16
14522,05154,0,0,0
14522,05158,36,0,36
14522,05162,18,0,18
14522,05166,0,0,0
14522,05170,25,0,25
14522,05314,0,0,0
14522,05315,68,0,68
14522,05316,0,0,0
14522,05334,13,0,13
14522,05358,12,0,12
14522,05362,0,0,0
14522,05366,0,0,0
14522,05370,0,0,0
14522,05374,13,0,13
14522,05378,0,0,0
14522,05382,18,0,18
14522,05512,0,0,0
14522,05513,10,0,10
14522,05515,13,0,13
14522,05554,15,0,15
14522,05558,0,0,0
14522,05562,14,0,14
14522,05566,16,0,16
14522,05570,0,0,0
14522,05711,12,0,12
14522,05754,14,0,14
14522,05758,10,0,10
14522,05762,0,0,0
14522,05766,0,0,0
14522,05770,14,0,14
14522,05774,34,0,34
14522,05911,21,0,21
14522,05913,24,0,24
14522,05914,0,0,0
14522,05915,0,0,0
14522,05916,0,0,0
14522,05954,12,0,12
14522,05958,0,0,0
14522,05962,10,0,10
14522,05966,0,0,0
14522,05970,36,0,36
14522,05974,0,0,0
14522,05978,19,0,19
14522,06411,23,0,23
14522,06412,109,11,98
14522,06413,0,0,0
14522,06414,20,0,20
14522,06431,23,0,23
14522,06432,27,0,27
14522,06433,16,0,16
14522,06434,30,0,30
14522,06435,59,0,59
14522,06436,24,0,24
14522,06437,0,0,0
14522,06438,32,0,32
14522,06439,0,0,0
14522,06440,26,10,16
14522,06531,11,0,11
14522,06532,14,0,14
14522,06533,0,0,0
14522,06534,0,0,0
14522,06535,0,0,0
14522,06611,18,0,18
14522,06631,18,0,18
14522,06632,12,0,12
14522,06633,0,0,0
14522,06634,0,0,0
14522,06635,0,0,0
14522,06636,0,0,0
14522,07111,0,0,0
14522,07131,0,0,0
14522,07132,0,0,0
14522,07133,10,0,10
14522,07134,0,0,0
14522,07135,0,0,0
14522,07137,0,0,0
14522,07138,0,0,0
14522,07140,21,0,21
14522,07141,0,0,0
14522,07143,10,0,10
14522,07211,0,0,0
14522,07231,0,0,0
14522,07232,0,0,0
14522,07233,0,0,0
14522,07235,0,0,0
14522,07311,0,0,0
14522,07312,0,0,0
14522,07313,0,0,0
14522,07314,0,0,0
14522,07315,0,0,0
14522,07316,0,0,0
14522,07317,0,0,0
14522,07318,0,0,0
14522,07319,0,0,0
14522,07320,0,0,0
14522,07331,0,0,0
14522,07332,0,0,0
14522,07333,0,0,0
14522,07334,0,0,0
14522,07335,0,0,0
14522,07336,0,0,0
14522,07337,0,0,0
14522,07338,0,0,0
14522,07339,0,0,0
14522,07340,0,0,0
14522,08111,75,0,75
14522,08115,28,0,28
14522,08116,35,0,35
14522,08117,13,0,13
14522,08118,46,15,31
14522,08119,47,0,47
14522,08121,11,0,11
14522,08125,25,0,25
14522,08126,22,0,22
14522,08127,26,0,26
14522,08128,10,0,10
14522,08135,10,0,10
14522,08136,13,0,13
14522,08211,0,0,0
14522,08212,31,0,31
14522,08215,46,11,35
14522,08216,11,0,11
14522,08221,15,0,15
14522,08222,45,0,45
14522,08225,0,0,0
14522,08226,43,0,43
14522,08231,0,0,0
14522,08235,0,0,0
14522,08236,30,0,30
14522,08237,0,0,0
14522,08311,81,0,81
14522,08315,10,0,10
14522,08316,0,0,0
14522,08317,11,0,11
14522,08325,0,0,0
14522,08326,12,0,12
14522,08327,0,0,0
14522,08335,0,0,0
14522,08336,0,0,0
14522,08337,0,0,0
14522,08415,23,0,23
14522,08416,12,0,12
14522,08417,14,0,14
14522,08421,15,0,15
14522,08425,11,0,11
14522,08426,0,0,0
14522,08435,12,0,12
14522,08436,15,0,15
14522,08437,0,0,0
14522,09161,47,0,47
14522,09162,228,29,199
14522,09163,0,0,0
14522,09171,22,0,22
14522,09172,11,0,11
14522,09173,0,0,0
14522,09174,32,0,32
14522,09175,15,0,15
14522,09176,15,0,15
14522,09177,12,0,12
14522,09178,18,0,18
14522,09179,10,0,10
14522,09180,0,0,0
14522,09181,0,0,0
14522,09182,19,0,19
14522,09183,11,0,11
14522,09184,87,10,77
14522,09185,23,11,12
14522,09186,20,0,20
14522,09187,28,12,16
14522,09188,0,0,0
14522,09189,26,14,12
14522,09190,0,0,0
14522,09261,0,0,0
14522,09262,20,0,20
14522,09263,0,0,0
14522,09271,18,0,18
14522,09272,0,0,0
14522,09273,19,0,19
14522,09274,33,0,33
14522,09275,0,0,0
14522,09276,0,0,0
14522,09277,0,0,0
14522,09278,0,0,0
14522,09279,0,0,0
14522,09361,11,0,11
14522,09362,27,0,27
14522,09363,0,0,0
14522,09371,0,0,0
14522,09372,21,0,21
14522,09373,14,0,14
14522,09374,31,0,31
14522,09375,23,0,23
14522,09376,31,0,31
14522,09377,10,0,10
14522,09461,20,0,20
14522,09462,15,0,15
14522,09463,0,0,0
14522,09464,33,18,15
14522,09471,24,0,24
14522,09472,13,13,0
14522,09473,0,0,0
14522,09474,0,0,0
14522,09475,13,0,13
14522,09476,0,0,0
14522,09477,10,0,10
14522,09478,11,0,11
14522,09479,0,0,0
14522,09561,0,0,0
14522,09562,29,0,29
14522,09563,0,0,0
14522,09564,172,14,158
14522,09565,0,0,0
14522,09571,15,0,15
14522,09572,0,0,0
14522,09573,0,0,0
14522,09574,22,0,22
14522,09575,0,0,0
14522,09576,13,0,13
14522,09577,0,0,0
14522,09661,0,0,0
14522,09662,0,0,0
14522,09663,16,0,16
14522,09671,15,15,0
14522,09672,0,0,0
14522,09673,0,0,0
14522,09674,0,0,0
14522,09675,0,0,0
14522,09676,0,0,0
14522,09677,0,0,0
14522,09678,0,0,0
14522,09679,66,0,66
14522,09761,12,0,12
14522,09762,0,0,0
14522,09763,0,0,0
14522,09764,11,0,11
14522,09771,0,0,0
14522,09772,10,0,10
14522,09773,0,0,0
14522,09774,0,0,0
14522,09775,0,0,0
14522,09776,0,0,0
14522,09777,0,0,0
14522,09778,10,0,10
14522,09779,31,0,31
14522,09780,11,0,11
14522,10041,0,0,0
14522,10042,0,0,0
14522,10043,0,0,0
14522,10044,0,0,0
14522,10045,0,0,0
14522,10046,0,0,0
14522,11000,616,163,453
14522,12051,0,0,0
14522,12052,48,15,33
14522,12053,0,0,0
14522,12054,42,10,32
14522,12060,13,13,0
14522,12061,40,20,20
14522,12062,102,75,27
14522,12063,37,11,26
14522,12064,47,26,21
14522,12065,15,15,0
14522,12066,69,40,29
14522,12067,33,19,14
14522,12068,34,22,12
14522,12069,57,35,22
14522,12070,0,0,0
14522,12071,45,31,14
14522,12072,72,29,43
14522,12073,0,0,0
14522,13003,10,0,10
14522,13004,0,0,0
14522,13071,23,23,0
14522,13072,24,12,12
14522,13073,28,12,16
14522,13074,0,0,0
14522,13075,17,17,0
14522,13076,11,11,0
14522,14511,21028,6712,14316
14522,14521,5802,3352,2450
14522,14522,0,0,0
14522,14523,383,209,174
14522,14524,5866,2788,3078
14522,14612,5829,1945,3884
14522,14625,522,243,279
14522,14626,207,143,64
14522,14627,5109,2234,2875
14522,14628,3026,1560,1466
14522,14713,2767,874,1893
14522,14729,4581,2478,2103
14522,14730,2248,1406,842
14522,15001,145,12,133
14522,15002,158,73,85
14522,15003,46,15,31
14522,15081,0,0,0
14522,15082,79,40,39
14522,15083,0,0,0
14522,15084,99,56,43
14522,15085,34,20,14
14522,15086,23,0,23
14522,15087,42,16,26
14522,15088,209,84,125
14522,15089,34,23,11
14522,15090,0,0,0
14522,15091,55,32,23
14522,16051,124,25,99
14522,16052,124,49,75
14522,16053,120,19,101
14522,16054,0,0,0
14522,16055,14,0,14
14522,16056,10,10,0
14522,16061,13,0,13
14522,16062,35,14,21
14522,16063,22,0,22
14522,16064,12,12,0
14522,16065,15,15,0
14522,16066,29,15,14
14522,16067,42,22,20
14522,16068,12,0,12
14522,16069,0,0,0
14522,16070,29,10,19
14522,16071,13,13,0
14522,16072,0,0,0
14522,16073,32,22,10
14522,16074,68,27,41
14522,16075,31,18,13
14522,16076,119,40,79
14522,16077,512,327,185
14523,01001,17,0,17
14523,01002,0,0,0
14523,01003,0,0,0
14523,01004,0,0,0
14523,01051,0,0,0
14523,01053,0,0,0
14523,01054,0,0,0
14523,01055,0,0,0
14523,01056,0,0,0
14523,01057,0,0,0
14523,01058,0,0,0
14523,01059,0,0,0
14523,01060,0,0,0
14523,01061,0,0,0
14523,01062,0,0,0
14523,02000,70,0,70
14523,03101,0,0,0
14523,03102,0,0,0
14523,03103,15,0,15
14523,03151,0,0,0
14523,03153,0,0,0
14523,03154,0,0,0
14523,03155,0,0,0
14523,03157,0,0,0
14523,03158,0,0,0
14523,03159,0,0,0
14523,03241,44,13,31
14523,03251,0,0,0
14523,03252,0,0,0
14523,03254,0,0,0
14523,03255,0,0,0
14523,03256,0,0,0
14523,03257,0,0,0
14523,03351,0,0,0
14523,03352,0,0,0
14523,03353,10,0,10
14523,03354,0,0,0
14523,03355,0,0,0
14523,03356,0,0,0
14523,03357,0,0,0
14523,03358,0,0,0
14523,03359,0,0,0
14523,03360,0,0,0
14523,03361,0,0,0
14523,03401,0,0,0
14523,03402,0,0,0
14523,03403,0,0,0
14523,03404,0,0,0
14523,03405,0,0,0
14523,03451,0,0,0
14523,03452,0,0,0
14523,03453,0,0,0
14523,03454,0,0,0
14523,03455,0,0,0
14523,03456,0,0,0
14523,03457,0,0,0
14523,03458,0,0,0
14523,03459,0,0,0
14523,03460,0,0,0
14523,03461,0,0,0
14523,03462,0,0,0
14523,04011,10,0,10
14523,04012,0,0,0
14523,05111,27,0,27
14523,05112,0,0,0
14523,05113,12,0,12
14523,05114,0,0,0
14523,05116,0,0,0
14523,05117,0,0,0
14523,05119,0,0,0
14523,05120,0,0,0
14523,05122,0,0,0
14523,05124,0,0,0
14523,05154,0,0,0
14523,05158,29,10,19
14523,05162,0,0,0
14523,05166,0,0,0
14523,05170,11,0,11
14523,05314,0,0,0
14523,05315,41,0,41
14523,05316,0,0,0
14523,05334,0,0,0
14523,05358,0,0,0
14523,05362,0,0,0
14523,05366,0,0,0
14523,05370,0,0,0
14523,05374,11,0,11
14523,05378,0,0,0
14523,05382,0,0,0
14523,05512,0,0,0
14523,05513,12,0,12
14523,05515,0,0,0
14523,05554,29,0,29
14523,05558,0,0,0
14523,05562,0,0,0
14523,05566,0,0,0
14523,05570,0,0,0
14523,05711,140,30,110
14523,05754,27,10,17
14523,05758,0,0,0
14523,05762,0,0,0
14523,05766,10,10,0
14523,05770,0,0,0
14523,05774,0,0,0
14523,05911,20,0,20
14523,05913,17,0,17
14523,05914,0,0,0
14523,05915,0,0,0
14523,05916,0,0,0
14523,05954,10,0,10
14523,05958,0,0,0
14523,05962,13,0,13
14523,05966,0,0,0
14523,05970,11,0,11
14523,05974,0,0,0
14523,05978,0,0,0
14523,06411,12,0,12
14523,06412,77,12,65
14523,06413,0,0,0
14523,06414,19,0,19
14523,06431,17,17,0
14523,06432,15,0,15
14523,06433,13,0,13
14523,06434,27,0,27
14523,06435,16,0,16
14523,06436,15,0,15
14523,06437,0,0,0
14523,06438,20,0,20
14523,06439,0,0,0
14523,06440,10,0,10
14523,06531,0,0,0
14523,06532,0,0,0
14523,06533,0,0,0
14523,06534,0,0,0
14523,06535,0,0,0
14523,06611,0,0,0
14523,06631,0,0,0
14523,06632,26,13,13
14523,06633,0,0,0
14523,06634,0,0,0
14523,06635,0,0,0
14523,06636,0,0,0
14523,07111,0,0,0
14523,07131,0,0,0
14523,07132,0,0,0
14523,07133,0,0,0
14523,07134,0,0,0
14523,07135,0,0,0
14523,07137,0,0,0
14523,07138,0,0,0
14523,07140,0,0,0
14523,07141,0,0,0
14523,07143,0,0,0
14523,07211,0,0,0
14523,07231,0,0,0
14523,07232,21,0,21
14523,07233,0,0,0
14523,07235,0,0,0
14523,07311,0,0,0
14523,07312,0,0,0
14523,07313,0,0,0
14523,07314,0,0,0
14523,07315,0,0,0
14523,07316,0,0,0
14523,07317,0,0,0
14523,07318,0,0,0
14523,07319,0,0,0
14523,07320,0,0,0
14523,07331,0,0,0
14523,07332,0,0,0
14523,07333,0,0,0
14523,07334,0,0,0
14523,07335,0,0,0
14523,07336,0,0,0
14523,07337,0,0,0
14523,07338,11,0,11
14523,07339,0,0,0
14523,07340,0,0,0
14523,08111,49,0,49
14523,08115,21,0,21
14523,08116,37,0,37
14523,08117,19,0,19
14523,08118,42,11,31
14523,08119,30,0,30
14523,08121,11,0,11
14523,08125,43,0,43
14523,08126,32,0,32
14523,08127,24,0,24
14523,08128,19,0,19
14523,08135,0,0,0
14523,08136,16,0,16
14523,08211,0,0,0
14523,08212,19,0,19
14523,08215,12,0,12
14523,08216,12,0,12
14523,08221,12,0,12
14523,08222,21,0,21
14523,08225,0,0,0
14523,08226,27,12,15
14523,08231,0,0,0
14523,08235,0,0,0
14523,08236,0,0,0
14523,08237,0,0,0
14523,08311,0,0,0
14523,08315,0,0,0
14523,08316,0,0,0
14523,08317,16,0,16
14523,08325,0,0,0
14523,08326,0,0,0
14523,08327,0,0,0
14523,08335,0,0,0
14523,08336,0,0,0
14523,08337,0,0,0
14523,08415,13,0,13
14523,08416,0,0,0
14523,08417,10,0,10
14523,08421,18,0,18
14523,08425,0,0,0
14523,08426,11,0,11
14523,08435,0,0,0
14523,08436,14,0,14
14523,08437,0,0,0
14523,09161,38,0,38
14523,09162,253,38,215
14523,09163,0,0,0
14523,09171,0,0,0
14523,09172,0,0,0
14523,09173,18,0,18
14523,09174,0,0,0
14523,09175,0,0,0
14523,09176,47,0,47
14523,09177,14,0,14
14523,09178,31,0,31
14523,09179,16,0,16
14523,09180,0,0,0
14523,09181,14,0,14
14523,09182,0,0,0
14523,09183,0,0,0
14523,09184,103,13,90
14523,09185,11,0,11
14523,09186,27,0,27
14523,09187,22,0,22
14523,09188,15,0,15
14523,09189,10,0,10
14523,09190,12,0,12
14523,09261,0,0,0
14523,09262,0,0,0
14523,09263,0,0,0
14523,09271,37,10,27
14523,09272,0,0,0
14523,09273,17,0,17
14523,09274,26,0,26
14523,09275,0,0,0
14523,09276,141,0,141
14523,09277,10,0,10
14523,09278,0,0,0
14523,09279,0,0,0
14523,09361,15,0,15
14523,09362,71,0,71
14523,09363,29,0,29
14523,09371,0,0,0
14523,09372,31,0,31
14523,09373,25,0,25
14523,09374,32,0,32
14523,09375,23,0,23
14523,09376,34,0,34
14523,09377,89,30,59
14523,09461,29,0,29
14523,09462,223,18,205
14523,09463,0,0,0
14523,09464,2322,215,2107
14523,09471,38,0,38
14523,09472,73,22,51
14523,09473,14,0,14
14523,09474,0,0,0
14523,09475,2365,302,2063
14523,09476,20,0,20
14523,09477,123,32,91
14523,09478,21,0,21
14523,09479,471,92,379
14523,09561,0,0,0
14523,09562,35,0,35
14523,09563,19,0,19
14523,09564,247,24,223
14523,09565,0,0,0
14523,09571,23,0,23
14523,09572,19,0,19
14523,09573,13,0,13
14523,09574,32,0,32
14523,09575,15,0,15
14523,09576,19,0,19
14523,09577,12,0,12
14523,09661,0,0,0
14523,09662,11,0,11
14523,09663,34,0,34
14523,09671,0,0,0
14523,09672,0,0,0
14523,09673,0,0,0
14523,09674,0,0,0
14523,09675,23,0,23
14523,09676,0,0,0
14523,09677,0,0,0
14523,09678,14,0,14
14523,09679,17,0,17
14523,09761,68,0,68
14523,09762,0,0,0
14523,09763,0,0,0
14523,09764,0,0,0
14523,09771,0,0,0
14523,09772,13,0,13
14523,09773,10,0,10
14523,09774,13,0,13
14523,09775,0,0,0
14523,09776,0,0,0
14523,09777,11,0,11
14523,09778,0,0,0
14523,09779,15,0,15
14523,09780,0,0,0
14523,10041,16,0,16
14523,10042,0,0,0
14523,10043,0,0,0
14523,10044,0,0,0
14523,10045,0,0,0
14523,10046,0,0,0
14523,11000,375,92,283
14523,12051,0,0,0
14523,12052,13,0,13
14523,12053,0,0,0
14523,12054,0,0,0
14523,12060,14,14,0
14523,12061,10,0,10
14523,12062,24,11,13
14523,12063,23,23,0
14523,12064,19,19,0
14523,12065,14,0,14
14523,12066,31,12,19
14523,12067,12,12,0
14523,12068,0,0,0
14523,12069,16,0,16
14523,12070,0,0,0
14523,12071,0,0,0
14523,12072,25,11,14
14523,12073,0,0,0
14523,13003,12,0,12
14523,13004,0,0,0
14523,13071,0,0,0
14523,13072,0,0,0
14523,13073,14,0,14
14523,13074,15,15,0
14523,13075,10,10,0
14523,13076,0,0,0
14523,14511,1403,324,1079
14523,14521,2979,1716,1263
14523,14522,383,174,209
14523,14523,0,0,0
14523,14524,8526,3957,4569
14523,14612,743,171,572
14523,14625,106,45,61
14523,14626,81,53,28
14523,14627,119,33,86
14523,14628,78,38,40
14523,14713,516,203,313
14523,14729,179,96,83
14523,14730,90,51,39
14523,15001,0,0,0
14523,15002,61,31,30
14523,15003,25,10,15
14523,15081,0,0,0
14523,15082,32,18,14
14523,15083,0,0,0
14523,15084,94,68,26
14523,15085,13,13,0
14523,15086,0,0,0
14523,15087,35,13,22
14523,15088,79,43,36
14523,15089,16,16,0
14523,15090,0,0,0
14523,15091,0,0,0
14523,16051,138,38,100
14523,16052,326,106,220
14523,16053,123,23,100
14523,16054,0,0,0
14523,16055,18,0,18
14523,16056,0,0,0
14523,16061,15,0,15
14523,16062,0,0,0
14523,16063,39,0,39
14523,16064,14,14,0
14523,16065,0,0,0
14523,16066,26,11,15
14523,16067,36,22,14
14523,16068,10,10,0
14523,16069,11,11,0
14523,16070,18,18,0
14523,16071,32,14,18
14523,16072,34,22,12
14523,16073,68,22,46
14523,16074,86,34,52
14523,16075,1384,517,867
14523,16076,3851,2190,1661
14523,16077,132,67,65
14524,01001,0,0,0
14524,01002,0,0,0
14524,01003,0,0,0
14524,01004,0,0,0
14524,01051,0,0,0
14524,01053,0,0,0
14524,01054,0,0,0
14524,01055,0,0,0
14524,01056,0,0,0
14524,01057,0,0,0
14524,01058,0,0,0
14524,01059,0,0,0
14524,01060,0,0,0
14524,01061,0,0,0
14524,01062,11,0,11
14524,02000,134,19,115
14524,03101,51,16,35
14524,03102,0,0,0
14524,03103,93,31,62
14524,03151,14,14,0
14524,03153,0,0,0
14524,03154,0,0,0
14524,03155,0,0,0
14524,03157,0,0,0
14524,03158,0,0,0
14524,03159,29,14,15
14524,03241,77,10,67
14524,03251,10,0,10
14524,03252,0,0,0
14524,03254,0,0,0
14524,03255,0,0,0
14524,03256,0,0,0
14524,03257,0,0,0
14524,03351,0,0,0
14524,03352,0,0,0
14524,03353,0,0,0
14524,03354,0,0,0
14524,03355,0,0,0
14524,03356,0,0,0
14524,03357,0,0,0
14524,03358,0,0,0
14524,03359,0,0,0
14524,03360,0,0,0
14524,03361,0,0,0
14524,03401,0,0,0
14524,03402,0,0,0
14524,03403,0,0,0
14524,03404,0,0,0
14524,03405,0,0,0
14524,03451,0,0,0
14524,03452,0,0,0
14524,03453,0,0,0
14524,03454,14,0,14
14524,03455,0,0,0
14524,03456,0,0,0
14524,03457,0,0,0
14524,03458,0,0,0
14524,03459,0,0,0
14524,03460,0,0,0
14524,03461,0,0,0
14524,03462,0,0,0
14524,04011,30,12,18
14524,04012,0,0,0
14524,05111,34,0,34
14524,05112,10,0,10
14524,05113,32,0,32
14524,05114,11,0,11
14524,05116,0,0,0
14524,05117,0,0,0
14524,05119,0,0,0
14524,05120,0,0,0
14524,05122,0,0,0
14524,05124,0,0,0
14524,05154,0,0,0
14524,05158,35,0,35
14524,05162,26,0,26
14524,05166,12,0,12
14524,05170,31,0,31
14524,05314,12,0,12
14524,05315,93,16,77
14524,05316,10,0,10
14524,05334,11,0,11
14524,05358,0,0,0
14524,05362,13,0,13
14524,05366,0,0,0
14524,05370,0,0,0
14524,05374,25,0,25
14524,05378,0,0,0
14524,05382,12,0,12
14524,05512,0,0,0
14524,05513,18,0,18
14524,05515,11,0,11
14524,05554,11,11,0
14524,05558,0,0,0
14524,05562,11,0,11
14524,05566,0,0,0
14524,05570,0,0,0
14524,05711,55,0,55
14524,05754,24,0,24
14524,05758,0,0,0
14524,05762,0,0,0
14524,05766,0,0,0
14524,05770,0,0,0
14524,05774,0,0,0
14524,05911,17,0,17
14524,05913,17,0,17
14524,05914,0,0,0
14524,05915,0,0,0
14524,05916,0,0,0
14524,05954,0,0,0
14524,05958,0,0,0
14524,05962,10,0,10
14524,05966,0,0,0
14524,05970,17,0,17
14524,05974,0,0,0
14524,05978,10,0,10
14524,06411,15,0,15
14524,06412,107,10,97
14524,06413,10,0,10
14524,06414,18,0,18
14524,06431,17,0,17
14524,06432,20,0,20
14524,06433,25,0,25
14524,06434,11,0,11
14524,06435,35,0,35
14524,06436,26,0,26
14524,06437,0,0,0
14524,06438,38,10,28
14524,06439,0,0,0
14524,06440,0,0,0
14524,06531,18,0,18
14524,06532,17,0,17
14524,06533,0,0,0
14524,06534,0,0,0
14524,06535,0,0,0
14524,06611,16,0,16
14524,06631,41,14,27
14524,06632,13,0,13
14524,06633,0,0,0
14524,06634,0,0,0
14524,06635,10,0,10
14524,06636,0,0,0
14524,07111,0,0,0
14524,07131,0,0,0
14524,07132,0,0,0
14524,07133,0,0,0
14524,07134,0,0,0
14524,07135,0,0,0
14524,07137,10,0,10
14524,07138,10,0,10
14524,07140,0,0,0
14524,07141,0,0,0
14524,07143,0,0,0
14524,07211,0,0,0
14524,07231,0,0,0
14524,07232,0,0,0
14524,07233,0,0,0
14524,07235,0,0,0
14524,07311,0,0,0
14524,07312,0,0,0
14524,07313,0,0,0
14524,07314,0,0,0
14524,07315,11,0,11
14524,07316,0,0,0
14524,07317,0,0,0
14524,07318,0,0,0
14524,07319,0,0,0
14524,07320,0,0,0
14524,07331,0,0,0
14524,07332,0,0,0
14524,07333,0,0,0
14524,07334,0,0,0
14524,07335,0,0,0
14524,07336,0,0,0
14524,07337,0,0,0
14524,07338,11,0,11
14524,07339,0,0,0
14524,07340,0,0,0
14524,08111,83,0,83
14524,08115,37,0,37
14524,08116,50,12,38
14524,08117,16,0,16
14524,08118,63,16,47
14524,08119,33,0,33
14524,08121,0,0,0
14524,08125,56,26,30
14524,08126,38,10,28
14524,08127,33,0,33
14524,08128,0,0,0
14524,08135,15,0,15
14524,08136,29,0,29
14524,08211,0,0,0
14524,08212,18,0,18
14524,08215,29,10,19
14524,08216,12,0,12
14524,08221,19,0,19
14524,08222,33,0,33
14524,08225,0,0,0
14524,08226,45,10,35
14524,08231,0,0,0
14524,08235,0,0,0
14524,08236,0,0,0
14524,08237,0,0,0
14524,08311,0,0,0
14524,08315,0,0,0
14524,08316,0,0,0
14524,08317,17,0,17
14524,08325,0,0,0
14524,08326,0,0,0
14524,08327,0,0,0
14524,08335,10,0,10
14524,08336,10,0,10
14524,08337,12,0,12
14524,08415,11,0,11
14524,08416,0,0,0
14524,08417,23,11,12
14524,08421,17,0,17
14524,08425,0,0,0
14524,08426,0,0,0
14524,08435,0,0,0
14524,08436,0,0,0
14524,08437,0,0,0
14524,09161,56,0,56
14524,09162,258,52,206
14524,09163,0,0,0
14524,09171,0,0,0
14524,09172,10,0,10
14524,09173,11,0,11
14524,09174,17,0,17
14524,09175,17,0,17
14524,09176,28,0,28
14524,09177,0,0,0
14524,09178,30,0,30
14524,09179,16,0,16
14524,09180,0,0,0
14524,09181,0,0,0
14524,09182,0,0,0
14524,09183,0,0,0
14524,09184,73,0,73
14524,09185,0,0,0
14524,09186,38,10,28
14524,09187,32,0,32
14524,09188,17,0,17
14524,09189,0,0,0
14524,09190,0,0,0
14524,09261,0,0,0
14524,09262,18,0,18
14524,09263,0,0,0
14524,09271,0,0,0
14524,09272,0,0,0
14524,09273,17,0,17
14524,09274,42,0,42
14524,09275,13,0,13
14524,09276,39,0,39
14524,09277,10,0,10
14524,09278,18,0,18
14524,09279,0,0,0
14524,09361,25,0,25
14524,09362,63,14,49
14524,09363,0,0,0
14524,09371,0,0,0
14524,09372,17,0,17
14524,09373,25,0,25
14524,09374,18,0,18
14524,09375,15,0,15
14524,09376,38,0,38
14524,09377,42,0,42
14524,09461,14,0,14
14524,09462,77,10,67
14524,09463,0,0,0
14524,09464,139,28,111
14524,09471,22,0,22
14524,09472,26,16,10
14524,09473,12,0,12
14524,09474,0,0,0
14524,09475,139,41,98
14524,09476,0,0,0
14524,09477,18,0,18
14524,09478,0,0,0
14524,09479,32,17,15
14524,09561,0,0,0
14524,09562,27,0,27
14524,09563,28,0,28
14524,09564,246,31,215
14524,09565,0,0,0
14524,09571,41,41,0
14524,09572,0,0,0
14524,09573,0,0,0
14524,09574,19,0,19
14524,09575,0,0,0
14524,09576,20,0,20
14524,09577,10,0,10
14524,09661,0,0,0
14524,09662,0,0,0
14524,09663,11,0,11
14524,09671,0,0,0
14524,09672,0,0,0
14524,09673,0,0,0
14524,09674,0,0,0
14524,09675,16,0,16
14524,09676,11,0,11
14524,09677,0,0,0
14524,09678,0,0,0
14524,09679,23,0,23
14524,09761,32,13,19
14524,09762,0,0,0
14524,09763,0,0,0
14524,09764,0,0,0
14524,09771,0,0,0
14524,09772,24,0,24
14524,09773,0,0,0
14524,09774,0,0,0
14524,09775,12,0,12
14524,09776,0,0,0
14524,09777,0,0,0
14524,09778,0,0,0
14524,09779,24,11,13
14524,09780,0,0,0
14524,10041,13,0,13
14524,10042,0,0,0
14524,10043,0,0,0
14524,10044,0,0,0
14524,10045,0,0,0
14524,10046,0,0,0
14524,11000,535,160,375
14524,12051,0,0,0
14524,12052,50,38,12
14524,12053,0,0,0
14524,12054,12,0,12
14524,12060,37,21,16
14524,12061,26,11,15
14524,12062,20,20,0
14524,12063,29,13,16
14524,12064,26,26,0
14524,12065,23,23,0
14524,12066,30,30,0
14524,12067,0,0,0
14524,12068,0,0,0
14524,12069,35,12,23
14524,12070,0,0,0
14524,12071,27,27,0
14524,12072,33,12,21
14524,12073,0,0,0
14524,13003,31,15,16
14524,13004,0,0,0
14524,13071,50,35,15
14524,13072,37,19,18
14524,13073,38,25,13
14524,13074,10,10,0
14524,13075,18,18,0
14524,13076,0,0,0
14524,14511,16369,5947,10422
14524,14521,11914,7453,4461
14524,14522,5866,3078,2788
14524,14523,8526,4569,3957
14524,14524,0,0,0
14524,14612,1690,461,1229
14524,14625,206,129,77
14524,14626,120,85,35
14524,14627,436,209,227
14524,14628,241,135,106
14524,14713,1755,661,1094
14524,14729,767,508,259
14524,14730,266,169,97
14524,15001,40,29,11
14524,15002,134,69,65
14524,15003,59,21,38
14524,15081,0,0,0
14524,15082,99,44,55
14524,15083,21,21,0
14524,15084,249,194,55
14524,15085,38,28,10
14524,15086,0,0,0
14524,15087,31,31,0
14524,15088,137,38,99
14524,15089,45,45,0
14524,15090,13,13,0
14524,15091,31,20,11
14524,16051,249,68,181
14524,16052,1513,785,728
14524,16053,260,92,168
14524,16054,29,0,29
14524,16055,47,29,18
14524,16056,0,0,0
14524,16061,18,0,18
14524,16062,26,11,15
14524,16063,26,16,10
14524,16064,21,21,0
14524,16065,23,23,0
14524,16066,37,25,12
14524,16067,84,13,71
14524,16068,10,10,0
14524,16069,0,0,0
14524,16070,39,26,13
14524,16071,43,28,15
14524,16072,0,0,0
14524,16073,121,88,33
14524,16074,229,138,91
14524,16075,154,103,51
14524,16076,2172,1198,974
14524,16077,4444,2623,1821
14612,01001,0,0,0
14612,01002,55,21,34
14612,01003,40,21,19
14612,01004,37,0,37
14612,01051,0,0,0
14612,01053,16,16,0
14612,01054,10,0,10
14612,01055,19,19,0
14612,01056,68,37,31
14612,01057,11,11,0
14612,01058,10,0,10
14612,01059,0,0,0
14612,01060,38,16,22
14612,01061,0,0,0
14612,01062,28,12,16
14612,02000,748,248,500
14612,03101,81,33,48
14612,03102,0,0,0
14612,03103,86,0,86
14612,03151,10,10,0
14612,03153,29,15,14
14612,03154,0,0,0
14612,03155,47,0,47
14612,03157,0,0,0
14612,03158,10,10,0
14612,03159,66,36,30
14612,03241,272,98,174
14612,03251,15,15,0
14612,03252,0,0,0
14612,03254,48,27,21
14612,03255,0,0,0
14612,03256,0,0,0
14612,03257,0,0,0
14612,03351,12,0,12
14612,03352,12,12,0
14612,03353,50,26,24
14612,03354,0,0,0
14612,03355,44,21,23
14612,03356,0,0,0
14612,03357,15,0,15
14612,03358,11,11,0
14612,03359,48,48,0
14612,03360,0,0,0
14612,03361,11,0,11
14612,03401,0,0,0
14612,03402,0,0,0
14612,03403,15,0,15
14612,03404,42,15,27
14612,03405,0,0,0
14612,03451,0,0,0
14612,03452,11,0,11
14612,03453,23,23,0
14612,03454,35,17,18
14612,03455,0,0,0
14612,03456,0,0,0
14612,03457,0,0,0
14612,03458,11,11,0
14612,03459,27,13,14
14612,03460,0,0,0
14612,03461,14,14,0
14612,03462,0,0,0
14612,04011,101,34,67
14612,04012,10,10,0
14612,05111,283,41,242
14612,05112,42,20,22
14612,05113,115,41,74
14612,05114,19,0,19
14612,05116,11,11,0
14612,05117,12,0,12
14612,05119,12,0,12
14612,05120,0,0,0
14612,05122,17,0,17
14612,05124,35,21,14
14612,05154,29,11,18
14612,05158,97,18,79
14612,05162,107,27,80
14612,05166,39,0,39
14612,05170,81,0,81
14612,05314,112,33,79
14612,05315,368,66,302
14612,05316,12,0,12
14612,05334,65,27,38
14612,05358,0,0,0
14612,05362,44,20,24
14612,05366,0,0,0
14612,05370,0,0,0
14612,05374,127,0,127
14612,05378,24,0,24
14612,05382,64,17,47
14612,05512,0,0,0
14612,05513,12,0,12
14612,05515,63,24,39
14612,05554,33,17,16
14612,05558,16,16,0
14612,05562,310,290,20
14612,05566,39,13,26
14612,05570,10,10,0
14612,05711,60,21,39
14612,05754,46,11,35
14612,05758,12,12,0
14612,05762,0,0,0
14612,05766,19,0,19
14612,05770,18,0,18
14612,05774,34,16,18
14612,05911,53,23,30
14612,05913,97,40,57
14612,05914,0,0,0
14612,05915,0,0,0
14612,05916,0,0,0
14612,05954,30,17,13
14612,05958,0,0,0
14612,05962,28,17,11
14612,05966,66,0,66
14612,05970,44,10,34
14612,05974,32,13,19
14612,05978,39,20,19
14612,06411,58,21,37
14612,06412,474,100,374
14612,06413,55,13,42
14612,06414,77,14,63
14612,06431,34,17,17
14612,06432,44,14,30
14612,06433,84,21,63
14612,06434,106,15,91
14612,06435,109,21,88
14612,06436,90,15,75
14612,06437,0,0,0
14612,06438,93,23,70
14612,06439,27,12,15
14612,06440,49,24,25
14612,06531,74,36,38
14612,06532,21,10,11
14612,06533,16,0,16
14612,06534,28,14,14
14612,06535,0,0,0
14612,06611,54,26,28
14612,06631,35,18,17
14612,06632,23,0,23
14612,06633,14,14,0
14612,06634,30,17,13
14612,06635,73,0,73
14612,06636,0,0,0
14612,07111,16,0,16
14612,07131,0,0,0
14612,07132,10,0,10
14612,07133,0,0,0
14612,07134,0,0,0
14612,07135,0,0,0
14612,07137,13,13,0
14612,07138,11,0,11
14612,07140,0,0,0
14612,07141,0,0,0
14612,07143,18,0,18
14612,07211,0,0,0
14612,07231,0,0,0
14612,07232,0,0,0
14612,07233,0,0,0
14612,07235,0,0,0
14612,07311,0,0,0
14612,07312,12,0,12
14612,07313,12,0,12
14612,07314,30,0,30
14612,07315,63,27,36
14612,07316,0,0,0
14612,07317,0,0,0
14612,07318,0,0,0
14612,07319,0,0,0
14612,07320,0,0,0
14612,07331,0,0,0
14612,07332,18,0,18
14612,07333,0,0,0
14612,07334,0,0,0
14612,07335,0,0,0
14612,07336,0,0,0
14612,07337,0,0,0
14612,07338,25,13,12
14612,07339,32,16,16
14612,07340,0,0,0
14612,08111,331,67,264
14612,08115,85,16,69
14612,08116,135,32,103
14612,08117,30,12,18
14612,08118,380,130,250
14612,08119,78,28,50
14612,08121,24,10,14
14612,08125,60,22,38
14612,08126,31,11,20
14612,08127,41,11,30
14612,08128,27,13,14
14612,08135,16,0,16
14612,08136,57,22,35
14612,08211,10,0,10
14612,08212,69,27,42
14612,08215,80,25,55
14612,08216,14,0,14
14612,08221,181,40,141
14612,08222,118,23,95
14612,08225,0,0,0
14612,08226,75,27,48
14612,08231,0,0,0
14612,08235,13,13,0
14612,08236,15,0,15
14612,08237,11,0,11
14612,08311,80,49,31
14612,08315,49,33,16
14612,08316,10,10,0
14612,08317,48,20,28
14612,08325,16,0,16
14612,08326,36,13,23
14612,08327,13,0,13
14612,08335,40,18,22
14612,08336,21,0,21
14612,08337,12,0,12
14612,08415,63,24,39
14612,08416,86,30,56
14612,08417,13,13,0
14612,08421,50,15,35
14612,08425,27,10,17
14612,08426,16,0,16
14612,08435,41,16,25
14612,08436,41,16,25
14612,08437,0,0,0
14612,09161,100,17,83
14612,09162,825,223,602
14612,09163,0,0,0
14612,09171,11,0,11
14612,09172,11,0,11
14612,09173,22,11,11
14612,09174,23,12,11
14612,09175,29,18,11
14612,09176,32,11,21
14612,09177,23,10,13
14612,09178,71,17,54
14612,09179,42,19,23
14612,09180,0,0,0
14612,09181,24,0,24
14612,09182,26,13,13
14612,09183,11,0,11
14612,09184,372,46,326
14612,09185,0,0,0
14612,09186,47,15,32
14612,09187,34,22,12
14612,09188,41,11,30
14612,09189,13,0,13
14612,09190,12,0,12
14612,09261,0,0,0
14612,09262,10,0,10
14612,09263,0,0,0
14612,09271,26,0,26
14612,09272,0,0,0
14612,09273,35,35,0
14612,09274,30,11,19
14612,09275,0,0,0
14612,09276,0,0,0
14612,09277,0,0,0
14612,09278,0,0,0
14612,09279,0,0,0
14612,09361,10,0,10
14612,09362,94,39,55
14612,09363,0,0,0
14612,09371,0,0,0
14612,09372,0,0,0
14612,09373,16,0,16
14612,09374,0,0,0
14612,09375,45,29,16
14612,09376,27,13,14
14612,09377,14,0,14
14612,09461,26,14,12
14612,09462,44,17,27
14612,09463,0,0,0
14612,09464,13,0,13
14612,09471,43,14,29
14612,09472,10,0,10
14612,09473,0,0,0
14612,09474,12,12,0
14612,09475,23,0,23
14612,09476,0,0,0
14612,09477,0,0,0
14612,09478,0,0,0
14612,09479,0,0,0
14612,09561,0,0,0
14612,09562,87,14,73
14612,09563,39,14,25
14612,09564,278,61,217
14612,09565,10,0,10
14612,09571,0,0,0
14612,09572,35,15,20
14612,09573,0,0,0
14612,09574,52,0,52
14612,09575,0,0,0
14612,09576,20,10,10
14612,09577,0,0,0
14612,09661,0,0,0
14612,09662,0,0,0
14612,09663,53,23,30
14612,09671,28,14,14
14612,09672,0,0,0
14612,09673,0,0,0
14612,09674,0,0,0
14612,09675,12,0,12
14612,09676,13,0,13
14612,09677,12,12,0
14612,09678,0,0,0
14612,09679,42,22,20
14612,09761,54,19,35
14612,09762,0,0,0
14612,09763,28,0,28
14612,09764,0,0,0
14612,09771,10,0,10
14612,09772,37,19,18
14612,09773,0,0,0
14612,09774,0,0,0
14612,09775,29,12,17
14612,09776,19,0,19
14612,09777,0,0,0
14612,09778,0,0,0
14612,09779,40,10,30
14612,09780,45,0,45
14612,10041,30,11,19
14612,10042,0,0,0
14612,10043,0,0,0
14612,10044,0,0,0
14612,10045,0,0,0
14612,10046,0,0,0
14612,11000,3782,1431,2351
14612,12051,44,26,18
14612,12052,431,273,158
14612,12053,70,47,23
14612,12054,261,133,128
14612,12060,147,98,49
14612,12061,325,245,80
14612,12062,868,723,145
14612,12063,78,58,20
14612,12064,126,88,38
14612,12065,175,143,32
14612,12066,1922,1307,615
14612,12067,168,101,67
14612,12068,47,27,20
14612,12069,221,144,77
14612,12070,10,10,0
14612,12071,354,241,113
14612,12072,239,154,85
14612,12073,46,31,15
14612,13003,143,103,40
14612,13004,38,25,13
14612,13071,96,71,25
14612,13072,83,66,17
14612,13073,109,75,34
14612,13074,50,23,27
14612,13075,106,74,32
14612,13076,61,49,12
14612,14511,3426,1895,1531
14612,14521,1742,1425,317
14612,14522,5829,3884,1945
14612,14523,743,572,171
14612,14524,1690,1229,461
14612,14612,0,0,0
14612,14625,22245,14376,7869
14612,14626,3060,2355,705
14612,14627,31583,20235,11348
14612,14628,42972,29431,13541
14612,14713,5734,3015,2719
14612,14729,1230,1039,191
14612,14730,1229,930,299
14612,15001,117,56,61
14612,15002,442,236,206
14612,15003,364,145,219
14612,15081,40,24,16
14612,15082,159,101,58
14612,15083,78,67,11
14612,15084,199,149,50
14612,15085,80,60,20
14612,15086,85,69,16
14612,15087,80,66,14
14612,15088,383,188,195
14612,15089,107,90,17
14612,15090,29,29,0
14612,15091,136,108,28
14612,16051,733,555,178
14612,16052,204,129,75
14612,16053,268,97,171
14612,16054,44,20,24
14612,16055,157,94,63
14612,16056,19,19,0
14612,16061,62,38,24
14612,16062,53,41,12
14612,16063,82,58,24
14612,16064,80,67,13
14612,16065,66,66,0
14612,16066,92,75,17
14612,16067,163,139,24
14612,16068,119,95,24
14612,16069,37,37,0
14612,16070,195,150,45
14612,16071,140,117,23
14612,16072,17,17,0
14612,16073,76,51,25
14612,16074,98,71,27
14612,16075,82,55,27
14612,16076,135,106,29
14612,16077,154,110,44
14625,01001,0,0,0
14625,01002,0,0,0
14625,01003,0,0,0
14625,01004,21,0,21
14625,01051,0,0,0
14625,01053,0,0,0
14625,01054,16,0,16
14625,01055,0,0,0
14625,01056,0,0,0
14625,01057,0,0,0
14625,01058,54,0,54
14625,01059,0,0,0
14625,01060,0,0,0
14625,01061,0,0,0
14625,01062,15,0,15
14625,02000,158,38,120
14625,03101,11,0,11
14625,03102,0,0,0
14625,03103,12,0,12
14625,03151,0,0,0
14625,03153,0,0,0
14625,03154,0,0,0
14625,03155,0,0,0
14625,03157,17,0,17
14625,03158,0,0,0
14625,03159,10,10,0
14625,03241,57,14,43
14625,03251,0,0,0
14625,03252,0,0,0
14625,03254,0,0,0
14625,03255,0,0,0
14625,03256,0,0,0
14625,03257,0,0,0
14625,03351,0,0,0
14625,03352,0,0,0
14625,03353,14,0,14
14625,03354,0,0,0
14625,03355,0,0,0
14625,03356,0,0,0
14625,03357,0,0,0
14625,03358,0,0,0
14625,03359,11,0,11
14625,03360,0,0,0
14625,03361,10,0,10
14625,03401,0,0,0
14625,03402,0,0,0
14625,03403,0,0,0
14625,03404,11,0,11
14625,03405,0,0,0
14625,03451,0,0,0
14625,03452,0,0,0
14625,03453,0,0,0
14625,03454,24,11,13
14625,03455,0,0,0
14625,03456,0,0,0
14625,03457,15,0,15
14625,03458,0,0,0
14625,03459,10,0,10
14625,03460,0,0,0
14625,03461,0,0,0
14625,03462,0,0,0
14625,04011,33,0,33
14625,04012,0,0,0
14625,05111,67,0,67
14625,05112,14,0,14
14625,05113,101,0,101
14625,05114,15,0,15
14625,05116,0,0,0
14625,05117,15,0,15
14625,05119,0,0,0
14625,05120,0,0,0
14625,05122,0,0,0
14625,05124,0,0,0
14625,05154,0,0,0
14625,05158,29,0,29
14625,05162,28,0,28
14625,05166,11,0,11
14625,05170,34,0,34
14625,05314,0,0,0
14625,05315,98,14,84
14625,05316,0,0,0
14625,05334,16,0,16
14625,05358,0,0,0
14625,05362,14,0,14
14625,05366,0,0,0
14625,05370,0,0,0
14625,05374,28,0,28
14625,05378,0,0,0
14625,05382,30,15,15
14625,05512,0,0,0
14625,05513,0,0,0
14625,05515,0,0,0
14625,05554,14,0,14
14625,05558,0,0,0
14625,05562,16,0,16
14625,05566,16,0,16
14625,05570,0,0,0
14625,05711,12,0,12
14625,05754,24,0,24
14625,05758,0,0,0
14625,05762,0,0,0
14625,05766,0,0,0
14625,05770,0,0,0
14625,05774,11,0,11
14625,05911,11,0,11
14625,05913,14,0,14
14625,05914,0,0,0
14625,05915,0,0,0
14625,05916,0,0,0
14625,05954,0,0,0
14625,05958,0,0,0
14625,05962,12,0,12
14625,05966,0,0,0
14625,05970,11,0,11
14625,05974,0,0,0
14625,05978,11,0,11
14625,06411,14,0,14
14625,06412,97,19,78
14625,06413,0,0,0
14625,06414,20,0,20
14625,06431,11,0,11
14625,06432,11,0,11
14625,06433,17,0,17
14625,06434,24,0,24
14625,06435,54,32,22
14625,06436,22,0,22
14625,06437,0,0,0
14625,06438,26,0,26
14625,06439,0,0,0
14625,06440,16,0,16
14625,06531,12,0,12
14625,06532,20,10,10
14625,06533,0,0,0
14625,06534,0,0,0
14625,06535,0,0,0
14625,06611,13,0,13
14625,06631,0,0,0
14625,06632,18,0,18
14625,06633,0,0,0
14625,06634,0,0,0
14625,06635,0,0,0
14625,06636,0,0,0
14625,07111,0,0,0
14625,07131,0,0,0
14625,07132,0,0,0
14625,07133,14,0,14
14625,07134,0,0,0
14625,07135,0,0,0
14625,07137,0,0,0
14625,07138,12,0,12
14625,07140,0,0,0
14625,07141,0,0,0
14625,07143,0,0,0
14625,07211,0,0,0
14625,07231,0,0,0
14625,07232,0,0,0
14625,07233,0,0,0
14625,07235,0,0,0
14625,07311,0,0,0
14625,07312,0,0,0
14625,07313,0,0,0
14625,07314,12,0,12
14625,07315,0,0,0
14625,07316,0,0,0
14625,07317,0,0,0
14625,07318,0,0,0
14625,07319,0,0,0
14625,07320,0,0,0
14625,07331,10,0,10
14625,07332,0,0,0
14625,07333,0,0,0
14625,07334,0,0,0
14625,07335,0,0,0
14625,07336,0,0,0
14625,07337,0,0,0
14625,07338,12,0,12
14625,07339,0,0,0
14625,07340,0,0,0
14625,08111,74,11,63
14625,08115,33,12,21
14625,08116,32,0,32
14625,08117,12,0,12
14625,08118,61,0,61
14625,08119,38,0,38
14625,08121,0,0,0
14625,08125,13,0,13
14625,08126,18,0,18
14625,08127,13,0,13
14625,08128,0,0,0
14625,08135,0,0,0
14625,08136,10,0,10
14625,08211,0,0,0
14625,08212,15,0,15
14625,08215,47,17,30
14625,08216,0,0,0
14625,08221,18,0,18
14625,08222,34,0,34
14625,08225,0,0,0
14625,08226,26,12,14
14625,08231,0,0,0
14625,08235,0,0,0
14625,08236,16,0,16
14625,08237,0,0,0
14625,08311,24,0,24
14625,08315,0,0,0
14625,08316,0,0,0
14625,08317,38,12,26
14625,08325,0,0,0
14625,08326,10,0,10
14625,08327,0,0,0
14625,08335,27,10,17
14625,08336,0,0,0
14625,08337,10,0,10
14625,08415,18,0,18
14625,08416,0,0,0
14625,08417,0,0,0
14625,08421,0,0,0
14625,08425,0,0,0
14625,08426,0,0,0
14625,08435,14,0,14
14625,08436,0,0,0
14625,08437,0,0,0
14625,09161,12,0,12
14625,09162,173,24,149
14625,09163,0,0,0
14625,09171,15,0,15
14625,09172,10,0,10
14625,09173,0,0,0
14625,09174,11,0,11
14625,09175,0,0,0
14625,09176,11,0,11
14625,09177,0,0,0
14625,09178,25,0,25
14625,09179,15,0,15
14625,09180,0,0,0
14625,09181,0,0,0
14625,09182,17,0,17
14625,09183,12,0,12
14625,09184,77,0,77
14625,09185,0,0,0
14625,09186,18,0,18
14625,09187,17,0,17
14625,09188,0,0,0
14625,09189,0,0,0
14625,09190,0,0,0
14625,09261,0,0,0
14625,09262,0,0,0
14625,09263,0,0,0
14625,09271,15,0,15
14625,09272,0,0,0
14625,09273,0,0,0
14625,09274,10,0,10
14625,09275,0,0,0
14625,09276,0,0,0
14625,09277,0,0,0
14625,09278,0,0,0
14625,09279,0,0,0
14625,09361,0,0,0
14625,09362,13,0,13
14625,09363,0,0,0
14625,09371,0,0,0
14625,09372,0,0,0
14625,09373,10,0,10
14625,09374,0,0,0
14625,09375,10,10,0
14625,09376,25,0,25
14625,09377,0,0,0
14625,09461,10,0,10
14625,09462,15,0,15
14625,09463,0,0,0
14625,09464,0,0,0
14625,09471,19,0,19
14625,09472,0,0,0
14625,09473,0,0,0
14625,09474,0,0,0
14625,09475,0,0,0
14625,09476,0,0,0
14625,09477,0,0,0
14625,09478,0,0,0
14625,09479,0,0,0
14625,09561,0,0,0
14625,09562,21,0,21
14625,09563,0,0,0
14625,09564,79,10,69
14625,09565,0,0,0
14625,09571,0,0,0
14625,09572,0,0,0
14625,09573,0,0,0
14625,09574,11,0,11
14625,09575,0,0,0
14625,09576,0,0,0
14625,09577,0,0,0
14625,09661,11,0,11
14625,09662,0,0,0
14625,09663,0,0,0
14625,09671,0,0,0
14625,09672,0,0,0
14625,09673,0,0,0
14625,09674,0,0,0
14625,09675,0,0,0
14625,09676,0,0,0
14625,09677,0,0,0
14625,09678,0,0,0
14625,09679,11,0,11
14625,09761,19,0,19
14625,09762,0,0,0
14625,09763,0,0,0
14625,09764,0,0,0
14625,09771,0,0,0
14625,09772,18,0,18
14625,09773,0,0,0
14625,09774,10,0,10
14625,09775,0,0,0
14625,09776,0,0,0
14625,09777,0,0,0
14625,09778,0,0,0
14625,09779,0,0,0
14625,09780,0,0,0
14625,10041,10,0,10
14625,10042,0,0,0
14625,10043,0,0,0
14625,10044,0,0,0
14625,10045,0,0,0
14625,10046,0,0,0
14625,11000,1128,366,762
14625,12051,10,0,10
14625,12052,961,260,701
14625,12053,33,10,23
14625,12054,75,35,40
14625,12060,44,21,23
14625,12061,122,61,61
14625,12062,376,242,134
14625,12063,47,30,17
14625,12064,62,39,23
14625,12065,47,31,16
14625,12066,3603,1539,2064
14625,12067,93,40,53
14625,12068,0,0,0
14625,12069,141,71,70
14625,12070,0,0,0
14625,12071,2972,911,2061
14625,12072,63,25,38
14625,12073,20,20,0
14625,13003,55,43,12
14625,13004,0,0,0
14625,13071,20,20,0
14625,13072,18,18,0
14625,13073,15,15,0
14625,13074,0,0,0
14625,13075,47,16,31
14625,13076,31,31,0
14625,14511,419,125,294
14625,14521,206,109,97
14625,14522,522,279,243
14625,14523,106,61,45
14625,14524,206,77,129
14625,14612,22245,7869,14376
14625,14625,0,0,0
14625,14626,11211,6624,4587
14625,14627,4163,1927,2236
14625,14628,5513,2989,2524
14625,14713,946,236,710
14625,14729,171,90,81
14625,14730,238,114,124
14625,15001,0,0,0
14625,15002,104,48,56
14625,15003,63,21,42
14625,15081,12,0,12
14625,15082,42,16,26
14625,15083,13,0,13
14625,15084,61,40,21
14625,15085,10,10,0
14625,15086,79,14,65
14625,15087,22,22,0
14625,15088,135,27,108
14625,15089,36,15,21
14625,15090,0,0,0
14625,15091,36,16,20
14625,16051,73,36,37
14625,16052,56,34,22
14625,16053,70,27,43
14625,16054,0,0,0
14625,16055,31,19,12
14625,16056,0,0,0
14625,16061,0,0,0
14625,16062,11,0,11
14625,16063,22,0,22
14625,16064,10,10,0
14625,16065,10,10,0
14625,16066,0,0,0
14625,16067,26,26,0
14625,16068,12,12,0
14625,16069,0,0,0
14625,16070,14,14,0
14625,16071,19,0,19
14625,16072,0,0,0
14625,16073,25,13,12
14625,16074,43,23,20
14625,16075,0,0,0
14625,16076,17,17,0
14625,16077,40,24,16
14626,01001,0,0,0
14626,01002,0,0,0
14626,01003,0,0,0
14626,01004,0,0,0
14626,01051,0,0,0
14626,01053,0,0,0
14626,01054,0,0,0
14626,01055,0,0,0
14626,01056,0,0,0
14626,01057,0,0,0
14626,01058,0,0,0
14626,01059,0,0,0
14626,01060,10,0,10
14626,01061,0,0,0
14626,01062,0,0,0
14626,02000,106,11,95
14626,03101,11,11,0
14626,03102,11,0,11
14626,03103,27,14,13
14626,03151,0,0,0
14626,03153,0,0,0
14626,03154,0,0,0
14626,03155,0,0,0
14626,03157,45,0,45
14626,03158,0,0,0
14626,03159,0,0,0
14626,03241,66,20,46
14626,03251,0,0,0
14626,03252,0,0,0
14626,03254,0,0,0
14626,03255,0,0,0
14626,03256,0,0,0
14626,03257,36,0,36
14626,03351,0,0,0
14626,03352,0,0,0
14626,03353,0,0,0
14626,03354,0,0,0
14626,03355,0,0,0
14626,03356,0,0,0
14626,03357,0,0,0
14626,03358,59,0,59
14626,03359,0,0,0
14626,03360,0,0,0
14626,03361,0,0,0
14626,03401,0,0,0
14626,03402,0,0,0
14626,03403,0,0,0
14626,03404,0,0,0
14626,03405,0,0,0
14626,03451,0,0,0
14626,03452,0,0,0
14626,03453,0,0,0
14626,03454,12,0,12
14626,03455,0,0,0
14626,03456,0,0,0
14626,03457,0,0,0
14626,03458,0,0,0
14626,03459,14,0,14
14626,03460,0,0,0
14626,03461,0,0,0
14626,03462,0,0,0
14626,04011,25,0,25
14626,04012,0,0,0
14626,05111,78,11,67
14626,05112,13,0,13
14626,05113,22,0,22
14626,05114,0,0,0
14626,05116,0,0,0
14626,05117,0,0,0
14626,05119,0,0,0
14626,05120,0,0,0
14626,05122,0,0,0
14626,05124,0,0,0
14626,05154,0,0,0
14626,05158,20,0,20
14626,05162,10,0,10
14626,05166,10,0,10
14626,05170,76,0,76
14626,05314,0,0,0
14626,05315,238,12,226
14626,05316,0,0,0
14626,05334,0,0,0
14626,05358,0,0,0
14626,05362,17,0,17
14626,05366,0,0,0
14626,05370,0,0,0
14626,05374,25,0,25
14626,05378,0,0,0
14626,05382,60,13,47
14626,05512,12,0,12
14626,05513,13,0,13
14626,05515,13,0,13
14626,05554,11,0,11
14626,05558,0,0,0
14626,05562,25,0,25
14626,05566,23,12,11
14626,05570,0,0,0
14626,05711,10,0,10
14626,05754,19,0,19
14626,05758,0,0,0
14626,05762,0,0,0
14626,05766,0,0,0
14626,05770,12,0,12
14626,05774,13,0,13
14626,05911,0,0,0
14626,05913,14,0,14
14626,05914,0,0,0
14626,05915,0,0,0
14626,05916,0,0,0
14626,05954,0,0,0
14626,05958,14,0,14
14626,05962,0,0,0
14626,05966,0,0,0
14626,05970,14,0,14
14626,05974,0,0,0
14626,05978,0,0,0
14626,06411,0,0,0
14626,06412,92,17,75
14626,06413,0,0,0
14626,06414,10,0,10
14626,06431,0,0,0
14626,06432,0,0,0
14626,06433,16,0,16
14626,06434,15,0,15
14626,06435,10,0,10
14626,06436,0,0,0
14626,06437,0,0,0
14626,06438,15,0,15
14626,06439,0,0,0
14626,06440,0,0,0
14626,06531,0,0,0
14626,06532,13,0,13
14626,06533,0,0,0
14626,06534,0,0,0
14626,06535,0,0,0
14626,06611,10,0,10
14626,06631,19,0,19
14626,06632,15,0,15
14626,06633,0,0,0
14626,06634,0,0,0
14626,06635,0,0,0
14626,06636,0,0,0
14626,07111,0,0,0
14626,07131,0,0,0
14626,07132,0,0,0
14626,07133,0,0,0
14626,07134,0,0,0
14626,07135,0,0,0
14626,07137,0,0,0
14626,07138,0,0,0
14626,07140,0,0,0
14626,07141,0,0,0
14626,07143,14,0,14
14626,07211,0,0,0
14626,07231,0,0,0
14626,07232,0,0,0
14626,07233,0,0,0
14626,07235,0,0,0
14626,07311,0,0,0
14626,07312,0,0,0
14626,07313,0,0,0
14626,07314,0,0,0
14626,07315,0,0,0
14626,07316,0,0,0
14626,07317,0,0,0
14626,07318,0,0,0
14626,07319,0,0,0
14626,07320,0,0,0
14626,07331,13,0,13
14626,07332,0,0,0
14626,07333,0,0,0
14626,07334,0,0,0
14626,07335,0,0,0
14626,07336,0,0,0
14626,07337,0,0,0
14626,07338,0,0,0
14626,07339,0,0,0
14626,07340,0,0,0
14626,08111,52,0,52
14626,08115,34,0,34
14626,08116,39,0,39
14626,08117,23,0,23
14626,08118,22,0,22
14626,08119,26,0,26
14626,08121,13,0,13
14626,08125,15,0,15
14626,08126,12,0,12
14626,08127,16,0,16
14626,08128,0,0,0
14626,08135,0,0,0
14626,08136,0,0,0
14626,08211,0,0,0
14626,08212,14,0,14
14626,08215,17,0,17
14626,08216,0,0,0
14626,08221,0,0,0
14626,08222,47,13,34
14626,08225,0,0,0
14626,08226,10,0,10
14626,08231,0,0,0
14626,08235,0,0,0
14626,08236,0,0,0
14626,08237,0,0,0
14626,08311,0,0,0
14626,08315,10,0,10
14626,08316,0,0,0
14626,08317,13,0,13
14626,08325,0,0,0
14626,08326,18,0,18
14626,08327,0,0,0
14626,08335,10,0,10
14626,08336,0,0,0
14626,08337,0,0,0
14626,08415,10,0,10
14626,08416,0,0,0
14626,08417,0,0,0
14626,08421,15,0,15
14626,08425,10,0,10
14626,08426,24,0,24
14626,08435,0,0,0
14626,08436,13,0,13
14626,08437,0,0,0
14626,09161,30,13,17
14626,09162,174,23,151
14626,09163,0,0,0
14626,09171,0,0,0
14626,09172,18,0,18
14626,09173,0,0,0
14626,09174,16,0,16
14626,09175,0,0,0
14626,09176,10,0,10
14626,09177,12,0,12
14626,09178,31,0,31
14626,09179,11,0,11
14626,09180,0,0,0
14626,09181,0,0,0
14626,09182,0,0,0
14626,09183,0,0,0
14626,09184,51,0,51
14626,09185,14,0,14
14626,09186,25,0,25
14626,09187,0,0,0
14626,09188,11,0,11
14626,09189,0,0,0
14626,09190,0,0,0
14626,09261,0,0,0
14626,09262,0,0,0
14626,09263,0,0,0
14626,09271,21,0,21
14626,09272,0,0,0
14626,09273,45,30,15
14626,09274,13,0,13
14626,09275,0,0,0
14626,09276,13,0,13
14626,09277,0,0,0
14626,09278,0,0,0
14626,09279,0,0,0
14626,09361,0,0,0
14626,09362,10,0,10
14626,09363,0,0,0
14626,09371,0,0,0
14626,09372,10,0,10
14626,09373,12,0,12
14626,09374,0,0,0
14626,09375,12,0,12
14626,09376,16,0,16
14626,09377,0,0,0
14626,09461,0,0,0
14626,09462,0,0,0
14626,09463,0,0,0
14626,09464,0,0,0
14626,09471,13,0,13
14626,09472,0,0,0
14626,09473,0,0,0
14626,09474,0,0,0
14626,09475,10,0,10
14626,09476,0,0,0
14626,09477,0,0,0
14626,09478,0,0,0
14626,09479,0,0,0
14626,09561,0,0,0
14626,09562,35,0,35
14626,09563,0,0,0
14626,09564,83,10,73
14626,09565,0,0,0
14626,09571,0,0,0
14626,09572,0,0,0
14626,09573,0,0,0
14626,09574,0,0,0
14626,09575,0,0,0
14626,09576,10,0,10
14626,09577,0,0,0
14626,09661,0,0,0
14626,09662,0,0,0
14626,09663,0,0,0
14626,09671,0,0,0
14626,09672,0,0,0
14626,09673,0,0,0
14626,09674,0,0,0
14626,09675,0,0,0
14626,09676,11,0,11
14626,09677,0,0,0
14626,09678,0,0,0
14626,09679,0,0,0
14626,09761,12,0,12
14626,09762,0,0,0
14626,09763,0,0,0
14626,09764,0,0,0
14626,09771,10,0,10
14626,09772,12,0,12
14626,09773,0,0,0
14626,09774,0,0,0
14626,09775,16,0,16
14626,09776,0,0,0
14626,09777,0,0,0
14626,09778,0,0,0
14626,09779,11,0,11
14626,09780,0,0,0
14626,10041,0,0,0
14626,10042,0,0,0
14626,10043,0,0,0
14626,10044,0,0,0
14626,10045,0,0,0
14626,10046,0,0,0
14626,11000,779,129,650
14626,12051,0,0,0
14626,12052,825,163,662
14626,12053,14,0,14
14626,12054,35,0,35
14626,12060,19,0,19
14626,12061,67,16,51
14626,12062,66,26,40
14626,12063,11,11,0
14626,12064,20,10,10
14626,12065,33,0,33
14626,12066,530,106,424
14626,12067,57,14,43
14626,12068,0,0,0
14626,12069,58,11,47
14626,12070,0,0,0
14626,12071,2506,833,1673
14626,12072,51,10,41
14626,12073,0,0,0
14626,13003,13,0,13
14626,13004,0,0,0
14626,13071,0,0,0
14626,13072,19,0,19
14626,13073,13,0,13
14626,13074,0,0,0
14626,13075,12,12,0
14626,13076,0,0,0
14626,14511,159,26,133
14626,14521,107,76,31
14626,14522,207,64,143
14626,14523,81,28,53
14626,14524,120,35,85
14626,14612,3060,705,2355
14626,14625,11211,4587,6624
14626,14626,0,0,0
14626,14627,488,119,369
14626,14628,521,200,321
14626,14713,513,116,397
14626,14729,153,64,89
14626,14730,108,29,79
14626,15001,0,0,0
14626,15002,30,0,30
14626,15003,33,0,33
14626,15081,0,0,0
14626,15082,28,10,18
14626,15083,0,0,0
14626,15084,24,14,10
14626,15085,0,0,0
14626,15086,30,0,30
14626,15087,0,0,0
14626,15088,58,10,48
14626,15089,19,0,19
14626,15090,0,0,0
14626,15091,30,10,20
14626,16051,31,0,31
14626,16052,15,0,15
14626,16053,17,0,17
14626,16054,0,0,0
14626,16055,10,0,10
14626,16056,0,0,0
14626,16061,14,0,14
14626,16062,0,0,0
14626,16063,20,0,20
14626,16064,0,0,0
14626,16065,0,0,0
14626,16066,0,0,0
14626,16067,14,14,0
14626,16068,0,0,0
14626,16069,0,0,0
14626,16070,0,0,0
14626,16071,0,0,0
14626,16072,0,0,0
14626,16073,0,0,0
14626,16074,38,22,16
14626,16075,0,0,0
14626,16076,0,0,0
14626,16077,10,0,10
14627,01001,0,0,0
14627,01002,0,0,0
14627,01003,0,0,0
14627,01004,0,0,0
14627,01051,0,0,0
14627,01053,0,0,0
14627,01054,13,0,13
14627,01055,0,0,0
14627,01056,0,0,0
14627,01057,0,0,0
14627,01058,0,0,0
14627,01059,0,0,0
14627,01060,12,0,12
14627,01061,0,0,0
14627,01062,0,0,0
14627,02000,136,19,117
14627,03101,10,0,10
14627,03102,0,0,0
14627,03103,21,0,21
14627,03151,0,0,0
14627,03153,0,0,0
14627,03154,0,0,0
14627,03155,0,0,0
14627,03157,0,0,0
14627,03158,0,0,0
14627,03159,13,0,13
14627,03241,69,15,54
14627,03251,0,0,0
14627,03252,0,0,0
14627,03254,0,0,0
14627,03255,0,0,0
14627,03256,0,0,0
14627,03257,0,0,0
14627,03351,0,0,0
14627,03352,0,0,0
14627,03353,0,0,0
14627,03354,0,0,0
14627,03355,12,0,12
14627,03356,0,0,0
14627,03357,32,0,32
14627,03358,0,0,0
14627,03359,12,0,12
14627,03360,0,0,0
14627,03361,0,0,0
14627,03401,0,0,0
14627,03402,0,0,0
14627,03403,0,0,0
14627,03404,0,0,0
14627,03405,10,0,10
14627,03451,0,0,0
14627,03452,0,0,0
14627,03453,10,0,10
14627,03454,15,0,15
14627,03455,0,0,0
14627,03456,0,0,0
14627,03457,0,0,0
14627,03458,0,0,0
14627,03459,0,0,0
14627,03460,0,0,0
14627,03461,0,0,0
14627,03462,0,0,0
14627,04011,11,0,11
14627,04012,0,0,0
14627,05111,54,0,54
14627,05112,14,0,14
14627,05113,22,0,22
14627,05114,12,0,12
14627,05116,0,0,0
14627,05117,0,0,0
14627,05119,0,0,0
14627,05120,0,0,0
14627,05122,0,0,0
14627,05124,0,0,0
14627,05154,12,0,12
14627,05158,27,0,27
14627,05162,11,0,11
14627,05166,0,0,0
14627,05170,34,0,34
14627,05314,0,0,0
14627,05315,68,10,58
14627,05316,0,0,0
14627,05334,0,0,0
14627,05358,0,0,0
14627,05362,12,0,12
14627,05366,0,0,0
14627,05370,0,0,0
14627,05374,76,55,21
14627,05378,0,0,0
14627,05382,30,10,20
14627,05512,0,0,0
14627,05513,0,0,0
14627,05515,0,0,0
14627,05554,0,0,0
14627,05558,0,0,0
14627,05562,0,0,0
14627,05566,0,0,0
14627,05570,0,0,0
14627,05711,12,0,12
14627,05754,20,0,20
14627,05758,0,0,0
14627,05762,0,0,0
14627,05766,0,0,0
14627,05770,10,0,10
14627,05774,0,0,0
14627,05911,11,0,11
14627,05913,19,0,19
14627,05914,0,0,0
14627,05915,0,0,0
14627,05916,0,0,0
14627,05954,0,0,0
14627,05958,0,0,0
14627,05962,0,0,0
14627,05966,0,0,0
14627,05970,25,14,11
14627,05974,0,0,0
14627,05978,10,0,10
14627,06411,10,0,10
14627,06412,99,15,84
14627,06413,0,0,0
14627,06414,19,0,19
14627,06431,11,0,11
14627,06432,27,0,27
14627,06433,0,0,0
14627,06434,19,0,19
14627,06435,22,0,22
14627,06436,22,0,22
14627,06437,0,0,0
14627,06438,22,0,22
14627,06439,0,0,0
14627,06440,11,0,11
14627,06531,0,0,0
14627,06532,0,0,0
14627,06533,0,0,0
14627,06534,0,0,0
14627,06535,0,0,0
14627,06611,0,0,0
14627,06631,0,0,0
14627,06632,12,0,12
14627,06633,0,0,0
14627,06634,13,0,13
14627,06635,0,0,0
14627,06636,0,0,0
14627,07111,0,0,0
14627,07131,0,0,0
14627,07132,58,58,0
14627,07133,0,0,0
14627,07134,0,0,0
14627,07135,0,0,0
14627,07137,0,0,0
14627,07138,0,0,0
14627,07140,0,0,0
14627,07141,0,0,0
14627,07143,16,0,16
14627,07211,0,0,0
14627,07231,0,0,0
14627,07232,0,0,0
14627,07233,0,0,0
14627,07235,0,0,0
14627,07311,0,0,0
14627,07312,0,0,0
14627,07313,0,0,0
14627,07314,0,0,0
14627,07315,24,0,24
14627,07316,0,0,0
14627,07317,0,0,0
14627,07318,0,0,0
14627,07319,0,0,0
14627,07320,0,0,0
14627,07331,0,0,0
14627,07332,0,0,0
14627,07333,0,0,0
14627,07334,0,0,0
14627,07335,0,0,0
14627,07336,0,0,0
14627,07337,0,0,0
14627,07338,0,0,0
14627,07339,0,0,0
14627,07340,0,0,0
14627,08111,66,0,66
14627,08115,14,0,14
14627,08116,41,0,41
14627,08117,15,0,15
14627,08118,60,12,48
14627,08119,14,0,14
14627,08121,0,0,0
14627,08125,27,0,27
14627,08126,13,0,13
14627,08127,78,60,18
14627,08128,0,0,0
14627,08135,10,0,10
14627,08136,15,0,15
14627,08211,0,0,0
14627,08212,36,0,36
14627,08215,0,0,0
14627,08216,0,0,0
14627,08221,0,0,0
14627,08222,38,0,38
14627,08225,10,0,10
14627,08226,42,13,29
14627,08231,0,0,0
14627,08235,0,0,0
14627,08236,0,0,0
14627,08237,0,0,0
14627,08311,12,0,12
14627,08315,15,0,15
14627,08316,16,0,16
14627,08317,20,0,20
14627,08325,0,0,0
14627,08326,0,0,0
14627,08327,10,0,10
14627,08335,0,0,0
14627,08336,0,0,0
14627,08337,0,0,0
14627,08415,11,0,11
14627,08416,0,0,0
14627,08417,0,0,0
14627,08421,0,0,0
14627,08425,11,0,11
14627,08426,0,0,0
14627,08435,0,0,0
14627,08436,0,0,0
14627,08437,0,0,0
14627,09161,28,0,28
14627,09162,173,36,137
14627,09163,11,0,11
14627,09171,15,0,15
14627,09172,0,0,0
14627,09173,0,0,0
14627,09174,0,0,0
14627,09175,0,0,0
14627,09176,0,0,0
14627,09177,12,0,12
14627,09178,28,10,18
14627,09179,12,0,12
14627,09180,0,0,0
14627,09181,0,0,0
14627,09182,0,0,0
14627,09183,22,0,22
14627,09184,78,12,66
14627,09185,0,0,0
14627,09186,36,0,36
14627,09187,26,0,26
14627,09188,0,0,0
14627,09189,0,0,0
14627,09190,0,0,0
14627,09261,0,0,0
14627,09262,0,0,0
14627,09263,0,0,0
14627,09271,11,0,11
14627,09272,0,0,0
14627,09273,0,0,0
14627,09274,0,0,0
14627,09275,0,0,0
14627,09276,0,0,0
14627,09277,0,0,0
14627,09278,0,0,0
14627,09279,0,0,0
14627,09361,0,0,0
14627,09362,16,0,16
14627,09363,0,0,0
14627,09371,0,0,0
14627,09372,0,0,0
14627,09373,21,0,21
14627,09374,0,0,0
14627,09375,16,0,16
14627,09376,10,0,10
14627,09377,0,0,0
14627,09461,0,0,0
14627,09462,0,0,0
14627,09463,0,0,0
14627,09464,0,0,0
14627,09471,30,0,30
14627,09472,0,0,0
14627,09473,29,29,0
14627,09474,0,0,0
14627,09475,0,0,0
14627,09476,0,0,0
14627,09477,14,0,14
14627,09478,0,0,0
14627,09479,0,0,0
14627,09561,0,0,0
14627,09562,0,0,0
14627,09563,20,20,0
14627,09564,97,28,69
14627,09565,10,0,10
14627,09571,11,0,11
14627,09572,0,0,0
14627,09573,0,0,0
14627,09574,17,0,17
14627,09575,0,0,0
14627,09576,0,0,0
14627,09577,0,0,0
14627,09661,0,0,0
14627,09662,0,0,0
14627,09663,0,0,0
14627,09671,0,0,0
14627,09672,0,0,0
14627,09673,0,0,0
14627,09674,0,0,0
14627,09675,0,0,0
14627,09676,0,0,0
14627,09677,0,0,0
14627,09678,0,0,0
14627,09679,17,0,17
14627,09761,0,0,0
14627,09762,0,0,0
14627,09763,0,0,0
14627,09764,0,0,0
14627,09771,0,0,0
14627,09772,0,0,0
14627,09773,0,0,0
14627,09774,0,0,0
14627,09775,10,0,10
14627,09776,35,0,35
14627,09777,0,0,0
14627,09778,0,0,0
14627,09779,13,0,13
14627,09780,13,0,13
14627,10041,0,0,0
14627,10042,0,0,0
14627,10043,0,0,0
14627,10044,0,0,0
14627,10045,0,0,0
14627,10046,0,0,0
14627,11000,703,239,464
14627,12051,11,11,0
14627,12052,89,52,37
14627,12053,0,0,0
14627,12054,115,39,76
14627,12060,27,27,0
14627,12061,100,61,39
14627,12062,3064,2257,807
14627,12063,13,13,0
14627,12064,46,25,21
14627,12065,22,11,11
14627,12066,1485,942,543
14627,12067,53,19,34
14627,12068,13,0,13
14627,12069,212,72,140
14627,12070,0,0,0
14627,12071,112,72,40
14627,12072,83,47,36
14627,12073,0,0,0
14627,13003,28,11,17
14627,13004,0,0,0
14627,13071,18,18,0
14627,13072,22,11,11
14627,13073,27,17,10
14627,13074,15,15,0
14627,13075,57,46,11
14627,13076,21,21,0
14627,14511,819,333,486
14627,14521,385,224,161
14627,14522,5109,2875,2234
14627,14523,119,86,33
14627,14524,436,227,209
14627,14612,31583,11348,20235
14627,14625,4163,2236,1927
14627,14626,488,369,119
14627,14627,0,0,0
14627,14628,4670,2576,2094
14627,14713,1490,517,973
14627,14729,569,348,221
14627,14730,2911,1919,992
14627,15001,34,23,11
14627,15002,133,62,71
14627,15003,73,42,31
14627,15081,0,0,0
14627,15082,75,32,43
14627,15083,56,30,26
14627,15084,78,43,35
14627,15085,31,11,20
14627,15086,12,0,12
14627,15087,28,14,14
14627,15088,169,64,105
14627,15089,30,15,15
14627,15090,0,0,0
14627,15091,108,78,30
14627,16051,124,57,67
14627,16052,75,43,32
14627,16053,60,11,49
14627,16054,0,0,0
14627,16055,22,12,10
14627,16056,0,0,0
14627,16061,16,0,16
14627,16062,14,0,14
14627,16063,17,0,17
14627,16064,0,0,0
14627,16065,0,0,0
14627,16066,33,19,14
14627,16067,26,26,0
14627,16068,12,12,0
14627,16069,0,0,0
14627,16070,31,19,12
14627,16071,25,13,12
14627,16072,0,0,0
14627,16073,16,16,0
14627,16074,31,16,15
14627,16075,26,15,11
14627,16076,50,32,18
14627,16077,39,23,16
14628,01001,0,0,0
14628,01002,0,0,0
14628,01003,0,0,0
14628,01004,10,0,10
14628,01051,0,0,0
14628,01053,0,0,0
14628,01054,0,0,0
14628,01055,0,0,0
14628,01056,13,0,13
14628,01057,0,0,0
14628,01058,0,0,0
14628,01059,0,0,0
14628,01060,0,0,0
14628,01061,0,0,0
14628,01062,11,0,11
14628,02000,107,16,91
14628,03101,12,0,12
14628,03102,0,0,0
14628,03103,20,0,20
14628,03151,0,0,0
14628,03153,0,0,0
14628,03154,0,0,0
14628,03155,10,0,10
14628,03157,0,0,0
14628,03158,0,0,0
14628,03159,0,0,0
14628,03241,57,10,47
14628,03251,0,0,0
14628,03252,0,0,0
14628,03254,0,0,0
14628,03255,0,0,0
14628,03256,0,0,0
14628,03257,0,0,0
14628,03351,0,0,0
14628,03352,0,0,0
14628,03353,10,0,10
14628,03354,0,0,0
14628,03355,13,0,13
14628,03356,0,0,0
14628,03357,0,0,0
14628,03358,0,0,0
14628,03359,0,0,0
14628,03360,0,0,0
14628,03361,12,0,12
14628,03401,0,0,0
14628,03402,0,0,0
14628,03403,0,0,0
14628,03404,13,0,13
14628,03405,0,0,0
14628,03451,0,0,0
14628,03452,0,0,0
14628,03453,0,0,0
14628,03454,11,0,11
14628,03455,0,0,0
14628,03456,0,0,0
14628,03457,0,0,0
14628,03458,0,0,0
14628,03459,10,10,0
14628,03460,0,0,0
14628,03461,0,0,0
14628,03462,0,0,0
14628,04011,26,0,26
14628,04012,0,0,0
14628,05111,47,0,47
14628,05112,0,0,0
14628,05113,34,0,34
14628,05114,11,0,11
14628,05116,0,0,0
14628,05117,0,0,0
14628,05119,0,0,0
14628,05120,0,0,0
14628,05122,0,0,0
14628,05124,0,0,0
14628,05154,0,0,0
14628,05158,31,0,31
14628,05162,13,0,13
14628,05166,0,0,0
14628,05170,68,0,68
14628,05314,13,0,13
14628,05315,97,0,97
14628,05316,0,0,0
14628,05334,0,0,0
14628,05358,0,0,0
14628,05362,0,0,0
14628,05366,0,0,0
14628,05370,0,0,0
14628,05374,23,0,23
14628,05378,0,0,0
14628,05382,22,0,22
14628,05512,0,0,0
14628,05513,0,0,0
14628,05515,10,0,10
14628,05554,14,0,14
14628,05558,0,0,0
14628,05562,0,0,0
14628,05566,10,0,10
14628,05570,0,0,0
14628,05711,13,0,13
14628,05754,29,0,29
14628,05758,0,0,0
14628,05762,0,0,0
14628,05766,0,0,0
14628,05770,0,0,0
14628,05774,10,0,10
14628,05911,11,0,11
14628,05913,14,0,14
14628,05914,0,0,0
14628,05915,0,0,0
14628,05916,0,0,0
14628,05954,0,0,0
14628,05958,0,0,0
14628,05962,0,0,0
14628,05966,0,0,0
14628,05970,13,0,13
14628,05974,0,0,0
14628,05978,17,0,17
14628,06411,22,0,22
14628,06412,84,0,84
14628,06413,0,0,0
14628,06414,22,0,22
14628,06431,10,0,10
14628,06432,10,0,10
14628,06433,19,0,19
14628,06434,12,0,12
14628,06435,27,0,27
14628,06436,25,0,25
14628,06437,0,0,0
14628,06438,20,0,20
14628,06439,0,0,0
14628,06440,0,0,0
14628,06531,0,0,0
14628,06532,10,0,10
14628,06533,0,0,0
14628,06534,0,0,0
14628,06535,0,0,0
14628,06611,0,0,0
14628,06631,10,0,10
14628,06632,22,0,22
14628,06633,0,0,0
14628,06634,0,0,0
14628,06635,10,0,10
14628,06636,0,0,0
14628,07111,0,0,0
14628,07131,0,0,0
14628,07132,0,0,0
14628,07133,0,0,0
14628,07134,0,0,0
14628,07135,0,0,0
14628,07137,0,0,0
14628,07138,0,0,0
14628,07140,0,0,0
14628,07141,0,0,0
14628,07143,0,0,0
14628,07211,0,0,0
14628,07231,0,0,0
14628,07232,0,0,0
14628,07233,0,0,0
14628,07235,0,0,0
14628,07311,0,0,0
14628,07312,0,0,0
14628,07313,0,0,0
14628,07314,0,0,0
14628,07315,19,0,19
14628,07316,0,0,0
14628,07317,0,0,0
14628,07318,0,0,0
14628,07319,0,0,0
14628,07320,0,0,0
14628,07331,0,0,0
14628,07332,0,0,0
14628,07333,0,0,0
14628,07334,0,0,0
14628,07335,0,0,0
14628,07336,0,0,0
14628,07337,0,0,0
14628,07338,0,0,0
14628,07339,0,0,0
14628,07340,0,0,0
14628,08111,80,0,80
14628,08115,29,0,29
14628,08116,50,0,50
14628,08117,17,0,17
14628,08118,56,10,46
14628,08119,22,0,22
14628,08121,0,0,0
14628,08125,14,0,14
14628,08126,14,0,14
14628,08127,14,0,14
14628,08128,0,0,0
14628,08135,0,0,0
14628,08136,16,0,16
14628,08211,0,0,0
14628,08212,11,0,11
14628,08215,36,0,36
14628,08216,0,0,0
14628,08221,14,0,14
14628,08222,33,0,33
14628,08225,0,0,0
14628,08226,13,0,13
14628,08231,0,0,0
14628,08235,0,0,0
14628,08236,10,0,10
14628,08237,0,0,0
14628,08311,18,0,18
14628,08315,0,0,0
14628,08316,0,0,0
14628,08317,19,0,19
14628,08325,0,0,0
14628,08326,0,0,0
14628,08327,0,0,0
14628,08335,0,0,0
14628,08336,0,0,0
14628,08337,0,0,0
14628,08415,0,0,0
14628,08416,0,0,0
14628,08417,0,0,0
14628,08421,0,0,0
14628,08425,0,0,0
14628,08426,10,0,10
14628,08435,0,0,0
14628,08436,14,0,14
14628,08437,0,0,0
14628,09161,18,0,18
14628,09162,153,24,129
14628,09163,0,0,0
14628,09171,0,0,0
14628,09172,0,0,0
14628,09173,0,0,0
14628,09174,0,0,0
14628,09175,10,0,10
14628,09176,11,0,11
14628,09177,0,0,0
14628,09178,20,0,20
14628,09179,0,0,0
14628,09180,0,0,0
14628,09181,0,0,0
14628,09182,14,0,14
14628,09183,0,0,0
14628,09184,84,13,71
14628,09185,0,0,0
14628,09186,0,0,0
14628,09187,10,0,10
14628,09188,0,0,0
14628,09189,0,0,0
14628,09190,0,0,0
14628,09261,0,0,0
14628,09262,0,0,0
14628,09263,0,0,0
14628,09271,28,0,28
14628,09272,16,0,16
14628,09273,0,0,0
14628,09274,11,0,11
14628,09275,0,0,0
14628,09276,0,0,0
14628,09277,0,0,0
14628,09278,0,0,0
14628,09279,0,0,0
14628,09361,0,0,0
14628,09362,20,0,20
14628,09363,0,0,0
14628,09371,0,0,0
14628,09372,11,0,11
14628,09373,0,0,0
14628,09374,0,0,0
14628,09375,14,0,14
14628,09376,10,0,10
14628,09377,13,0,13
14628,09461,0,0,0
14628,09462,0,0,0
14628,09463,0,0,0
14628,09464,0,0,0
14628,09471,13,0,13
14628,09472,14,0,14
14628,09473,0,0,0
14628,09474,0,0,0
14628,09475,0,0,0
14628,09476,0,0,0
14628,09477,0,0,0
14628,09478,0,0,0
14628,09479,0,0,0
14628,09561,0,0,0
14628,09562,11,0,11
14628,09563,0,0,0
14628,09564,78,11,67
14628,09565,0,0,0
14628,09571,0,0,0
14628,09572,0,0,0
14628,09573,0,0,0
14628,09574,18,0,18
14628,09575,0,0,0
14628,09576,0,0,0
14628,09577,0,0,0
14628,09661,0,0,0
14628,09662,0,0,0
14628,09663,0,0,0
14628,09671,0,0,0
14628,09672,0,0,0
14628,09673,0,0,0
14628,09674,0,0,0
14628,09675,0,0,0
14628,09676,0,0,0
14628,09677,0,0,0
14628,09678,0,0,0
14628,09679,0,0,0
14628,09761,14,0,14
14628,09762,0,0,0
14628,09763,0,0,0
14628,09764,11,0,11
14628,09771,0,0,0
14628,09772,0,0,0
14628,09773,0,0,0
14628,09774,0,0,0
14628,09775,0,0,0
14628,09776,0,0,0
14628,09777,0,0,0
14628,09778,0,0,0
14628,09779,0,0,0
14628,09780,19,0,19
14628,10041,0,0,0
14628,10042,0,0,0
14628,10043,0,0,0
14628,10044,0,0,0
14628,10045,0,0,0
14628,10046,0,0,0
14628,11000,680,179,501
14628,12051,0,0,0
14628,12052,81,51,30
14628,12053,13,0,13
14628,12054,38,17,21
14628,12060,34,18,16
14628,12061,34,14,20
14628,12062,90,61,29
14628,12063,0,0,0
14628,12064,15,15,0
14628,12065,24,12,12
14628,12066,197,89,108
14628,12067,31,17,14
14628,12068,0,0,0
14628,12069,62,27,35
14628,12070,0,0,0
14628,12071,81,56,25
14628,12072,67,29,38
14628,12073,10,10,0
14628,13003,13,13,0
14628,13004,0,0,0
14628,13071,14,14,0
14628,13072,0,0,0
14628,13073,10,0,10
14628,13074,0,0,0
14628,13075,16,0,16
14628,13076,0,0,0
14628,14511,544,129,415
14628,14521,365,218,147
14628,14522,3026,1466,1560
14628,14523,78,40,38
14628,14524,241,106,135
14628,14612,42972,13541,29431
14628,14625,5513,2524,2989
14628,14626,521,321,200
14628,14627,4670,2094,2576
14628,14628,0,0,0
14628,14713,796,150,646
14628,14729,196,106,90
14628,14730,186,77,109
14628,15001,18,0,18
14628,15002,83,23,60
14628,15003,59,14,45
14628,15081,0,0,0
14628,15082,37,14,23
14628,15083,28,15,13
14628,15084,34,22,12
14628,15085,25,12,13
14628,15086,10,0,10
14628,15087,36,36,0
14628,15088,116,43,73
14628,15089,28,14,14
14628,15090,0,0,0
14628,15091,34,17,17
14628,16051,54,18,36
14628,16052,26,11,15
14628,16053,25,0,25
14628,16054,0,0,0
14628,16055,12,0,12
14628,16056,0,0,0
14628,16061,13,0,13
14628,16062,0,0,0
14628,16063,10,0,10
14628,16064,0,0,0
14628,16065,0,0,0
14628,16066,0,0,0
14628,16067,14,14,0
14628,16068,0,0,0
14628,16069,0,0,0
14628,16070,0,0,0
14628,16071,57,0,57
14628,16072,0,0,0
14628,16073,13,13,0
14628,16074,12,0,12
14628,16075,11,11,0
14628,16076,30,19,11
14628,16077,29,17,12
14713,01001,15,0,15
14713,01002,79,30,49
14713,01003,57,17,40
14713,01004,33,11,22
14713,01051,0,0,0
14713,01053,29,12,17
14713,01054,23,0,23
14713,01055,23,10,13
14713,01056,46,19,27
14713,01057,0,0,0
14713,01058,31,16,15
14713,01059,13,0,13
14713,01060,58,30,28
14713,01061,0,0,0
14713,01062,56,16,40
14713,02000,1019,217,802
14713,03101,146,40,106
14713,03102,11,0,11
14713,03103,96,20,76
14713,03151,33,19,14
14713,03153,62,44,18
14713,03154,48,48,0
14713,03155,37,15,22
14713,03157,27,15,12
14713,03158,15,15,0
14713,03159,160,83,77
14713,03241,568,162,406
14713,03251,39,13,26
14713,03252,35,23,12
14713,03254,58,34,24
14713,03255,0,0,0
14713,03256,31,15,16
14713,03257,20,20,0
14713,03351,31,15,16
14713,03352,35,0,35
14713,03353,57,23,34
14713,03354,0,0,0
14713,03355,52,20,32
14713,03356,0,0,0
14713,03357,24,11,13
14713,03358,0,0,0
14713,03359,12,12,0
14713,03360,10,10,0
14713,03361,34,14,20
14713,03401,10,0,10
14713,03402,0,0,0
14713,03403,32,14,18
14713,03404,77,13,64
14713,03405,16,0,16
14713,03451,0,0,0
14713,03452,37,16,21
14713,03453,15,0,15
14713,03454,63,18,45
14713,03455,0,0,0
14713,03456,12,0,12
14713,03457,27,11,16
14713,03458,0,0,0
14713,03459,45,11,34
14713,03460,14,0,14
14713,03461,0,0,0
14713,03462,0,0,0
14713,04011,217,61,156
14713,04012,12,0,12
14713,05111,511,52,459
14713,05112,95,46,49
14713,05113,193,65,128
14713,05114,62,36,26
14713,05116,36,12,24
14713,05117,23,12,11
14713,05119,25,12,13
14713,05120,0,0,0
14713,05122,16,0,16
14713,05124,51,25,26
14713,05154,53,15,38
14713,05158,169,31,138
14713,05162,83,28,55
14713,05166,57,15,42
14713,05170,120,22,98
14713,05314,165,39,126
14713,05315,701,125,576
14713,05316,34,12,22
14713,05334,72,28,44
14713,05358,24,13,11
14713,05362,113,42,71
14713,05366,0,0,0
14713,05370,38,21,17
14713,05374,121,22,99
14713,05378,50,17,33
14713,05382,114,39,75
14713,05512,13,13,0
14713,05513,102,39,63
14713,05515,110,33,77
14713,05554,51,17,34
14713,05558,0,0,0
14713,05562,71,44,27
14713,05566,53,24,29
14713,05570,45,31,14
14713,05711,67,16,51
14713,05754,115,18,97
14713,05758,32,10,22
14713,05762,23,11,12
14713,05766,32,14,18
14713,05770,71,19,52
14713,05774,64,18,46
14713,05911,81,41,40
14713,05913,151,43,108
14713,05914,38,13,25
14713,05915,0,0,0
14713,05916,19,0,19
14713,05954,42,17,25
14713,05958,72,10,62
14713,05962,32,11,21
14713,05966,10,0,10
14713,05970,27,0,27
14713,05974,53,28,25
14713,05978,48,0,48
14713,06411,80,22,58
14713,06412,922,134,788
14713,06413,36,14,22
14713,06414,124,23,101
14713,06431,33,14,19
14713,06432,43,16,27
14713,06433,65,19,46
14713,06434,150,21,129
14713,06435,118,44,74
14713,06436,165,38,127
14713,06437,0,0,0
14713,06438,187,57,130
14713,06439,38,11,27
14713,06440,59,24,35
14713,06531,84,35,49
14713,06532,33,11,22
14713,06533,14,0,14
14713,06534,46,21,25
14713,06535,0,0,0
14713,06611,90,41,49
14713,06631,54,21,33
14713,06632,39,15,24
14713,06633,44,21,23
14713,06634,33,15,18
14713,06635,52,12,40
14713,06636,18,18,0
14713,07111,21,0,21
14713,07131,0,0,0
14713,07132,0,0,0
14713,07133,17,0,17
14713,07134,0,0,0
14713,07135,0,0,0
14713,07137,20,0,20
14713,07138,12,0,12
14713,07140,10,0,10
14713,07141,0,0,0
14713,07143,31,12,19
14713,07211,14,0,14
14713,07231,0,0,0
14713,07232,0,0,0
14713,07233,0,0,0
14713,07235,0,0,0
14713,07311,0,0,0
14713,07312,12,12,0
14713,07313,0,0,0
14713,07314,37,11,26
14713,07315,81,18,63
14713,07316,0,0,0
14713,07317,0,0,0
14713,07318,0,0,0
14713,07319,0,0,0
14713,07320,0,0,0
14713,07331,0,0,0
14713,07332,17,0,17
14713,07333,13,0,13
14713,07334,0,0,0
14713,07335,0,0,0
14713,07336,0,0,0
14713,07337,24,0,24
14713,07338,15,0,15
14713,07339,27,14,13
14713,07340,0,0,0
14713,08111,348,103,245
14713,08115,110,30,80
14713,08116,237,107,130
14713,08117,37,0,37
14713,08118,136,42,94
14713,08119,73,17,56
14713,08121,82,46,36
14713,08125,95,51,44
14713,08126,28,0,28
14713,08127,36,11,25
14713,08128,15,0,15
14713,08135,12,0,12
14713,08136,44,19,25
14713,08211,0,0,0
14713,08212,139,39,100
14713,08215,74,17,57
14713,08216,44,10,34
14713,08221,51,11,40
14713,08222,249,35,214
14713,08225,21,11,10
14713,08226,81,32,49
14713,08231,16,0,16
14713,08235,13,13,0
14713,08236,0,0,0
14713,08237,0,0,0
14713,08311,80,29,51
14713,08315,49,26,23
14713,08316,0,0,0
14713,08317,84,33,51
14713,08325,10,0,10
14713,08326,25,11,14
14713,08327,16,0,16
14713,08335,54,29,25
14713,08336,24,0,24
14713,08337,11,0,11
14713,08415,52,18,34
14713,08416,48,31,17
14713,08417,11,0,11
14713,08421,65,11,54
14713,08425,32,14,18
14713,08426,33,11,22
14713,08435,36,15,21
14713,08436,38,22,16
14713,08437,14,0,14
14713,09161,100,10,90
14713,09162,1256,294,962
14713,09163,17,0,17
14713,09171,18,18,0
14713,09172,12,0,12
14713,09173,17,0,17
14713,09174,75,17,58
14713,09175,69,24,45
14713,09176,18,0,18
14713,09177,38,15,23
14713,09178,80,23,57
14713,09179,51,26,25
14713,09180,0,0,0
14713,09181,38,13,25
14713,09182,18,0,18
14713,09183,46,32,14
14713,09184,380,60,320
14713,09185,0,0,0
14713,09186,49,15,34
14713,09187,39,24,15
14713,09188,68,13,55
14713,09189,17,0,17
14713,09190,23,11,12
14713,09261,0,0,0
14713,09262,10,0,10
14713,09263,11,0,11
14713,09271,56,0,56
14713,09272,0,0,0
14713,09273,51,11,40
14713,09274,64,0,64
14713,09275,13,0,13
14713,09276,0,0,0
14713,09277,16,0,16
14713,09278,20,0,20
14713,09279,15,0,15
14713,09361,16,0,16
14713,09362,57,17,40
14713,09363,0,0,0
14713,09371,25,11,14
14713,09372,12,0,12
14713,09373,29,0,29
14713,09374,0,0,0
14713,09375,27,27,0
14713,09376,13,13,0
14713,09377,14,0,14
14713,09461,80,17,63
14713,09462,55,15,40
14713,09463,27,11,16
14713,09464,25,10,15
14713,09471,37,11,26
14713,09472,34,13,21
14713,09473,0,0,0
14713,09474,25,10,15
14713,09475,50,20,30
14713,09476,0,0,0
14713,09477,12,0,12
14713,09478,12,0,12
14713,09479,12,0,12
14713,09561,13,0,13
14713,09562,79,17,62
14713,09563,37,16,21
14713,09564,413,92,321
14713,09565,0,0,0
14713,09571,27,13,14
14713,09572,45,17,28
14713,09573,11,11,0
14713,09574,47,19,28
14713,09575,0,0,0
14713,09576,37,12,25
14713,09577,16,0,16
14713,09661,13,0,13
14713,09662,0,0,0
14713,09663,59,31,28
14713,09671,38,11,27
14713,09672,14,0,14
14713,09673,25,10,15
14713,09674,0,0,0
14713,09675,15,0,15
14713,09676,21,0,21
14713,09677,26,11,15
14713,09678,0,0,0
14713,09679,56,22,34
14713,09761,86,39,47
14713,09762,0,0,0
14713,09763,0,0,0
14713,09764,12,0,12
14713,09771,14,0,14
14713,09772,48,18,30
14713,09773,0,0,0
14713,09774,0,0,0
14713,09775,21,0,21
14713,09776,10,0,10
14713,09777,10,0,10
14713,09778,20,0,20
14713,09779,24,10,14
14713,09780,22,0,22
14713,10041,50,16,34
14713,10042,0,0,0
14713,10043,0,0,0
14713,10044,11,0,11
14713,10045,0,0,0
14713,10046,0,0,0
14713,11000,5437,2194,3243
14713,12051,75,58,17
14713,12052,261,178,83
14713,12053,55,43,12
14713,12054,320,158,162
14713,12060,128,97,31
14713,12061,189,121,68
14713,12062,437,366,71
14713,12063,154,119,35
14713,12064,205,164,41
14713,12065,152,115,37
14713,12066,314,178,136
14713,12067,160,107,53
14713,12068,78,56,22
14713,12069,394,256,138
14713,12070,25,13,12
14713,12071,146,120,26
14713,12072,251,153,98
14713,12073,75,60,15
14713,13003,168,97,71
14713,13004,56,30,26
14713,13071,137,111,26
14713,13072,107,74,33
14713,13073,135,87,48
14713,13074,74,45,29
14713,13075,143,105,38
14713,13076,49,37,12
14713,14511,2662,1259,1403
14713,14521,802,614,188
14713,14522,2767,1893,874
14713,14523,516,313,203
14713,14524,1755,1094,661
14713,14612,5734,2719,3015
14713,14625,946,710,236
14713,14626,513,397,116
14713,14627,1490,973,517
14713,14628,796,646,150
14713,14713,0,0,0
14713,14729,45498,31992,13506
14713,14730,30865,18576,12289
14713,15001,1284,747,537
14713,15002,8628,4623,4005
14713,15003,1060,595,465
14713,15081,70,52,18
14713,15082,3492,2115,1377
14713,15083,256,202,54
14713,15084,4231,2915,1316
14713,15085,344,237,107
14713,15086,186,125,61
14713,15087,724,605,119
14713,15088,8729,5396,3333
14713,15089,912,605,307
14713,15090,181,142,39
14713,15091,1263,961,302
14713,16051,1332,777,555
14713,16052,629,409,220
14713,16053,746,307,439
14713,16054,72,48,24
14713,16055,252,155,97
14713,16056,79,48,31
14713,16061,124,89,35
14713,16062,209,139,70
14713,16063,141,82,59
14713,16064,155,109,46
14713,16065,176,125,51
14713,16066,108,88,20
14713,16067,218,169,49
14713,16068,134,101,33
14713,16069,43,30,13
14713,16070,225,134,91
14713,16071,197,169,28
14713,16072,30,17,13
14713,16073,145,105,40
14713,16074,310,210,100
14713,16075,143,83,60
14713,16076,322,250,72
14713,16077,1804,1398,406
14729,01001,0,0,0
14729,01002,0,0,0
14729,01003,14,14,0
14729,01004,14,0,14
14729,01051,0,0,0
14729,01053,0,0,0
14729,01054,13,0,13
14729,01055,0,0,0
14729,01056,11,0,11
14729,01057,0,0,0
14729,01058,0,0,0
14729,01059,0,0,0
14729,01060,0,0,0
14729,01061,0,0,0
14729,01062,14,0,14
14729,02000,199,33,166
14729,03101,15,0,15
14729,03102,0,0,0
14729,03103,21,0,21
14729,03151,11,0,11
14729,03153,26,26,0
14729,03154,0,0,0
14729,03155,13,0,13
14729,03157,0,0,0
14729,03158,0,0,0
14729,03159,16,0,16
14729,03241,176,16,160
14729,03251,14,0,14
14729,03252,0,0,0
14729,03254,10,0,10
14729,03255,0,0,0
14729,03256,0,0,0
14729,03257,0,0,0
14729,03351,10,0,10
14729,03352,15,0,15
14729,03353,24,0,24
14729,03354,0,0,0
14729,03355,0,0,0
14729,03356,0,0,0
14729,03357,0,0,0
14729,03358,0,0,0
14729,03359,14,0,14
14729,03360,0,0,0
14729,03361,0,0,0
14729,03401,0,0,0
14729,03402,0,0,0
14729,03403,0,0,0
14729,03404,11,0,11
14729,03405,16,0,16
14729,03451,0,0,0
14729,03452,0,0,0
14729,03453,14,0,14
14729,03454,28,0,28
14729,03455,0,0,0
14729,03456,0,0,0
14729,03457,0,0,0
14729,03458,0,0,0
14729,03459,45,0,45
14729,03460,0,0,0
14729,03461,0,0,0
14729,03462,0,0,0
14729,04011,48,22,26
14729,04012,0,0,0
14729,05111,106,0,106
14729,05112,14,0,14
14729,05113,36,0,36
14729,05114,10,0,10
14729,05116,0,0,0
14729,05117,0,0,0
14729,05119,12,0,12
14729,05120,0,0,0
14729,05122,0,0,0
14729,05124,12,0,12
14729,05154,10,0,10
14729,05158,53,0,53
14729,05162,20,0,20
14729,05166,13,0,13
14729,05170,37,0,37
14729,05314,16,0,16
14729,05315,89,0,89
14729,05316,0,0,0
14729,05334,14,0,14
14729,05358,0,0,0
14729,05362,31,0,31
14729,05366,0,0,0
14729,05370,0,0,0
14729,05374,28,0,28
14729,05378,12,0,12
14729,05382,27,0,27
14729,05512,0,0,0
14729,05513,12,0,12
14729,05515,15,0,15
14729,05554,11,0,11
14729,05558,0,0,0
14729,05562,10,0,10
14729,05566,22,0,22
14729,05570,0,0,0
14729,05711,20,0,20
14729,05754,40,0,40
14729,05758,11,0,11
14729,05762,0,0,0
14729,05766,0,0,0
14729,05770,15,0,15
14729,05774,18,0,18
14729,05911,12,0,12
14729,05913,33,0,33
14729,05914,0,0,0
14729,05915,0,0,0
14729,05916,0,0,0
14729,05954,0,0,0
14729,05958,24,0,24
14729,05962,11,0,11
14729,05966,0,0,0
14729,05970,24,0,24
14729,05974,15,0,15
14729,05978,13,0,13
14729,06411,18,0,18
14729,06412,188,17,171
14729,06413,0,0,0
14729,06414,66,0,66
14729,06431,13,0,13
14729,06432,14,0,14
14729,06433,18,0,18
14729,06434,28,0,28
14729,06435,36,0,36
14729,06436,36,0,36
14729,06437,0,0,0
14729,06438,110,0,110
14729,06439,0,0,0
14729,06440,16,0,16
14729,06531,14,0,14
14729,06532,0,0,0
14729,06533,0,0,0
14729,06534,0,0,0
14729,06535,0,0,0
14729,06611,13,0,13
14729,06631,0,0,0
14729,06632,15,0,15
14729,06633,0,0,0
14729,06634,0,0,0
14729,06635,0,0,0
14729,06636,0,0,0
14729,07111,0,0,0
14729,07131,0,0,0
14729,07132,0,0,0
14729,07133,0,0,0
14729,07134,0,0,0
14729,07135,0,0,0
14729,07137,0,0,0
14729,07138,11,0,11
14729,07140,0,0,0
14729,07141,0,0,0
14729,07143,12,0,12
14729,07211,0,0,0
14729,07231,0,0,0
14729,07232,0,0,0
14729,07233,0,0,0
14729,07235,0,0,0
14729,07311,0,0,0
14729,07312,0,0,0
14729,07313,0,0,0
14729,07314,0,0,0
14729,07315,13,0,13
14729,07316,0,0,0
14729,07317,0,0,0
14729,07318,0,0,0
14729,07319,0,0,0
14729,07320,0,0,0
14729,07331,0,0,0
14729,07332,0,0,0
14729,07333,0,0,0
14729,07334,0,0,0
14729,07335,0,0,0
14729,07336,0,0,0
14729,07337,18,0,18
14729,07338,11,0,11
14729,07339,0,0,0
14729,07340,0,0,0
14729,08111,86,11,75
14729,08115,26,0,26
14729,08116,62,10,52
14729,08117,23,0,23
14729,08118,18,0,18
14729,08119,26,0,26
14729,08121,12,0,12
14729,08125,36,11,25
14729,08126,21,0,21
14729,08127,17,0,17
14729,08128,0,0,0
14729,08135,0,0,0
14729,08136,34,0,34
14729,08211,0,0,0
14729,08212,37,0,37
14729,08215,43,12,31
14729,08216,0,0,0
14729,08221,20,0,20
14729,08222,47,0,47
14729,08225,0,0,0
14729,08226,22,0,22
14729,08231,0,0,0
14729,08235,0,0,0
14729,08236,13,0,13
14729,08237,0,0,0
14729,08311,0,0,0
14729,08315,0,0,0
14729,08316,0,0,0
14729,08317,20,0,20
14729,08325,0,0,0
14729,08326,14,0,14
14729,08327,0,0,0
14729,08335,0,0,0
14729,08336,0,0,0
14729,08337,0,0,0
14729,08415,16,0,16
14729,08416,14,0,14
14729,08417,0,0,0
14729,08421,66,0,66
14729,08425,10,0,10
14729,08426,14,0,14
14729,08435,13,0,13
14729,08436,20,0,20
14729,08437,0,0,0
14729,09161,36,0,36
14729,09162,196,16,180
14729,09163,0,0,0
14729,09171,0,0,0
14729,09172,0,0,0
14729,09173,0,0,0
14729,09174,25,0,25
14729,09175,0,0,0
14729,09176,11,0,11
14729,09177,14,0,14
14729,09178,18,0,18
14729,09179,14,0,14
14729,09180,0,0,0
14729,09181,0,0,0
14729,09182,0,0,0
14729,09183,0,0,0
14729,09184,97,0,97
14729,09185,0,0,0
14729,09186,13,0,13
14729,09187,17,0,17
14729,09188,11,0,11
14729,09189,0,0,0
14729,09190,0,0,0
14729,09261,0,0,0
14729,09262,14,0,14
14729,09263,0,0,0
14729,09271,14,0,14
14729,09272,0,0,0
14729,09273,25,0,25
14729,09274,13,0,13
14729,09275,0,0,0
14729,09276,0,0,0
14729,09277,0,0,0
14729,09278,13,13,0
14729,09279,0,0,0
14729,09361,0,0,0
14729,09362,20,0,20
14729,09363,0,0,0
14729,09371,0,0,0
14729,09372,0,0,0
14729,09373,25,0,25
14729,09374,0,0,0
14729,09375,11,0,11
14729,09376,14,0,14
14729,09377,0,0,0
14729,09461,0,0,0
14729,09462,0,0,0
14729,09463,0,0,0
14729,09464,0,0,0
14729,09471,0,0,0
14729,09472,0,0,0
14729,09473,0,0,0
14729,09474,11,0,11
14729,09475,0,0,0
14729,09476,0,0,0
14729,09477,0,0,0
14729,09478,0,0,0
14729,09479,0,0,0
14729,09561,25,0,25
14729,09562,30,0,30
14729,09563,0,0,0
14729,09564,102,23,79
14729,09565,0,0,0
14729,09571,10,0,10
14729,09572,0,0,0
14729,09573,0,0,0
14729,09574,14,0,14
14729,09575,0,0,0
14729,09576,0,0,0
14729,09577,0,0,0
14729,09661,0,0,0
14729,09662,0,0,0
14729,09663,0,0,0
14729,09671,18,0,18
14729,09672,12,0,12
14729,09673,0,0,0
14729,09674,0,0,0
14729,09675,0,0,0
14729,09676,0,0,0
14729,09677,15,0,15
14729,09678,0,0,0
14729,09679,0,0,0
14729,09761,27,10,17
14729,09762,0,0,0
14729,09763,0,0,0
14729,09764,0,0,0
14729,09771,10,0,10
14729,09772,12,0,12
14729,09773,0,0,0
14729,09774,0,0,0
14729,09775,16,0,16
14729,09776,0,0,0
14729,09777,10,0,10
14729,09778,0,0,0
14729,09779,17,0,17
14729,09780,12,0,12
14729,10041,10,0,10
14729,10042,0,0,0
14729,10043,11,0,11
14729,10044,10,0,10
14729,10045,0,0,0
14729,10046,0,0,0
14729,11000,818,163,655
14729,12051,0,0,0
14729,12052,84,31,53
14729,12053,16,0,16
14729,12054,62,17,45
14729,12060,50,27,23
14729,12061,71,31,40
14729,12062,134,88,46
14729,12063,0,0,0
14729,12064,38,20,18
14729,12065,58,23,35
14729,12066,158,48,110
14729,12067,24,10,14
14729,12068,13,0,13
14729,12069,64,28,36
14729,12070,10,10,0
14729,12071,85,46,39
14729,12072,44,14,30
14729,12073,0,0,0
14729,13003,38,20,18
14729,13004,0,0,0
14729,13071,28,18,10
14729,13072,56,38,18
14729,13073,24,10,14
14729,13074,0,0,0
14729,13075,29,19,10
14729,13076,0,0,0
14729,14511,1045,214,831
14729,14521,268,170,98
14729,14522,4581,2103,2478
14729,14523,179,83,96
14729,14524,767,259,508
14729,14612,1230,191,1039
14729,14625,171,81,90
14729,14626,153,89,64
14729,14627,569,221,348
14729,14628,196,90,106
14729,14713,45498,13506,31992
14729,14729,0,0,0
14729,14730,7832,3611,4221
14729,15001,113,58,55
14729,15002,1034,442,592
14729,15003,200,64,136
14729,15081,0,0,0
14729,15082,422,181,241
14729,15083,51,31,20
14729,15084,2437,1226,1211
14729,15085,54,34,20
14729,15086,53,23,30
14729,15087,120,72,48
14729,15088,2048,834,1214
14729,15089,153,44,109
14729,15090,24,11,13
14729,15091,190,117,73
14729,16051,183,50,133
14729,16052,180,52,128
14729,16053,110,29,81
14729,16054,12,12,0
14729,16055,44,14,30
14729,16056,0,0,0
14729,16061,23,0,23
14729,16062,35,10,25
14729,16063,33,12,21
14729,16064,27,14,13
14729,16065,33,21,12
14729,16066,38,22,16
14729,16067,64,44,20
14729,16068,19,19,0
14729,16069,0,0,0
14729,16070,55,36,19
14729,16071,32,32,0
14729,16072,12,0,12
14729,16073,30,20,10
14729,16074,104,56,48
14729,16075,54,35,19
14729,16076,113,65,48
14729,16077,2972,1641,1331
14730,01001,0,0,0
14730,01002,0,0,0
14730,01003,0,0,0
14730,01004,0,0,0
14730,01051,0,0,0
14730,01053,0,0,0
14730,01054,0,0,0
14730,01055,0,0,0
14730,01056,11,0,11
14730,01057,0,0,0
14730,01058,0,0,0
14730,01059,0,0,0
14730,01060,0,0,0
14730,01061,0,0,0
14730,01062,0,0,0
14730,02000,127,25,102
14730,03101,28,0,28
14730,03102,0,0,0
14730,03103,21,0,21
14730,03151,0,0,0
14730,03153,11,11,0
14730,03154,0,0,0
14730,03155,0,0,0
14730,03157,0,0,0
14730,03158,0,0,0
14730,03159,10,0,10
14730,03241,100,23,77
14730,03251,13,0,13
14730,03252,0,0,0
14730,03254,0,0,0
14730,03255,0,0,0
14730,03256,0,0,0
14730,03257,0,0,0
14730,03351,10,0,10
14730,03352,0,0,0
14730,03353,0,0,0
14730,03354,0,0,0
14730,03355,0,0,0
14730,03356,0,0,0
14730,03357,0,0,0
14730,03358,0,0,0
14730,03359,0,0,0
14730,03360,0,0,0
14730,03361,0,0,0
14730,03401,0,0,0
14730,03402,0,0,0
14730,03403,0,0,0
14730,03404,12,0,12
14730,03405,0,0,0
14730,03451,0,0,0
14730,03452,0,0,0
14730,03453,37,0,37
14730,03454,19,0,19
14730,03455,0,0,0
14730,03456,0,0,0
14730,03457,11,0,11
14730,03458,0,0,0
14730,03459,362,0,362
14730,03460,0,0,0
14730,03461,0,0,0
14730,03462,0,0,0
14730,04011,36,10,26
14730,04012,0,0,0
14730,05111,91,21,70
14730,05112,13,0,13
14730,05113,16,0,16
14730,05114,0,0,0
14730,05116,0,0,0
14730,05117,0,0,0
14730,05119,0,0,0
14730,05120,0,0,0
14730,05122,0,0,0
14730,05124,0,0,0
14730,05154,0,0,0
14730,05158,32,0,32
14730,05162,28,10,18
14730,05166,12,0,12
14730,05170,12,0,12
14730,05314,18,0,18
14730,05315,98,14,84
14730,05316,0,0,0
14730,05334,23,0,23
14730,05358,0,0,0
14730,05362,20,0,20
14730,05366,0,0,0
14730,05370,0,0,0
14730,05374,14,0,14
14730,05378,0,0,0
14730,05382,35,15,20
14730,05512,0,0,0
14730,05513,13,0,13
14730,05515,0,0,0
14730,05554,10,0,10
14730,05558,0,0,0
14730,05562,0,0,0
14730,05566,16,0,16
14730,05570,18,0,18
14730,05711,11,0,11
14730,05754,21,0,21
14730,05758,11,0,11
14730,05762,14,14,0
14730,05766,0,0,0
14730,05770,23,0,23
14730,05774,13,0,13
14730,05911,15,0,15
14730,05913,17,0,17
14730,05914,0,0,0
14730,05915,0,0,0
14730,05916,0,0,0
14730,05954,0,0,0
14730,05958,13,0,13
14730,05962,0,0,0
14730,05966,0,0,0
14730,05970,20,0,20
14730,05974,20,0,20
14730,05978,0,0,0
14730,06411,0,0,0
14730,06412,128,18,110
14730,06413,0,0,0
14730,06414,13,0,13
14730,06431,0,0,0
14730,06432,0,0,0
14730,06433,26,10,16
14730,06434,21,0,21
14730,06435,26,0,26
14730,06436,29,0,29
14730,06437,0,0,0
14730,06438,49,14,35
14730,06439,0,0,0
14730,06440,0,0,0
14730,06531,0,0,0
14730,06532,17,0,17
14730,06533,0,0,0
14730,06534,0,0,0
14730,06535,0,0,0
14730,06611,0,0,0
14730,06631,15,0,15
14730,06632,12,0,12
14730,06633,0,0,0
14730,06634,0,0,0
14730,06635,21,0,21
14730,06636,0,0,0
14730,07111,0,0,0
14730,07131,0,0,0
14730,07132,0,0,0
14730,07133,0,0,0
14730,07134,0,0,0
14730,07135,0,0,0
14730,07137,0,0,0
14730,07138,0,0,0
14730,07140,38,0,38
14730,07141,0,0,0
14730,07143,0,0,0
14730,07211,0,0,0
14730,07231,0,0,0
14730,07232,0,0,0
14730,07233,0,0,0
14730,07235,0,0,0
14730,07311,0,0,0
14730,07312,0,0,0
14730,07313,0,0,0
14730,07314,0,0,0
14730,07315,11,0,11
14730,07316,0,0,0
14730,07317,0,0,0
14730,07318,0,0,0
14730,07319,0,0,0
14730,07320,0,0,0
14730,07331,0,0,0
14730,07332,0,0,0
14730,07333,0,0,0
14730,07334,0,0,0
14730,07335,0,0,0
14730,07336,0,0,0
14730,07337,0,0,0
14730,07338,0,0,0
14730,07339,0,0,0
14730,07340,0,0,0
14730,08111,56,0,56
14730,08115,25,0,25
14730,08116,62,21,41
14730,08117,21,0,21
14730,08118,48,32,16
14730,08119,14,0,14
14730,08121,0,0,0
14730,08125,24,0,24
14730,08126,13,0,13
14730,08127,13,0,13
14730,08128,0,0,0
14730,08135,10,0,10
14730,08136,11,0,11
14730,08211,0,0,0
14730,08212,24,0,24
14730,08215,24,0,24
14730,08216,0,0,0
14730,08221,0,0,0
14730,08222,50,0,50
14730,08225,0,0,0
14730,08226,20,0,20
14730,08231,0,0,0
14730,08235,0,0,0
14730,08236,0,0,0
14730,08237,0,0,0
14730,08311,10,0,10
14730,08315,0,0,0
14730,08316,0,0,0
14730,08317,11,0,11
14730,08325,0,0,0
14730,08326,0,0,0
14730,08327,0,0,0
14730,08335,12,0,12
14730,08336,0,0,0
14730,08337,18,0,18
14730,08415,0,0,0
14730,08416,0,0,0
14730,08417,0,0,0
14730,08421,11,0,11
14730,08425,33,0,33
14730,08426,0,0,0
14730,08435,0,0,0
14730,08436,0,0,0
14730,08437,0,0,0
14730,09161,36,0,36
14730,09162,240,32,208
14730,09163,0,0,0
14730,09171,0,0,0
14730,09172,0,0,0
14730,09173,0,0,0
14730,09174,21,0,21
14730,09175,10,0,10
14730,09176,0,0,0
14730,09177,0,0,0
14730,09178,20,0,20
14730,09179,18,0,18
14730,09180,0,0,0
14730,09181,0,0,0
14730,09182,0,0,0
14730,09183,0,0,0
14730,09184,69,0,69
14730,09185,0,0,0
14730,09186,10,0,10
14730,09187,0,0,0
14730,09188,10,0,10
14730,09189,16,0,16
14730,09190,0,0,0
14730,09261,0,0,0
14730,09262,11,0,11
14730,09263,0,0,0
14730,09271,11,0,11
14730,09272,0,0,0
14730,09273,18,0,18
14730,09274,10,0,10
14730,09275,0,0,0
14730,09276,0,0,0
14730,09277,0,0,0
14730,09278,0,0,0
14730,09279,0,0,0
14730,09361,0,0,0
14730,09362,24,0,24
14730,09363,0,0,0
14730,09371,0,0,0
14730,09372,0,0,0
14730,09373,32,0,32
14730,09374,0,0,0
14730,09375,13,0,13
14730,09376,15,0,15
14730,09377,0,0,0
14730,09461,15,0,15
14730,09462,30,0,30
14730,09463,0,0,0
14730,09464,0,0,0
14730,09471,11,0,11
14730,09472,0,0,0
14730,09473,0,0,0
14730,09474,0,0,0
14730,09475,10,0,10
14730,09476,0,0,0
14730,09477,0,0,0
14730,09478,0,0,0
14730,09479,0,0,0
14730,09561,0,0,0
14730,09562,15,0,15
14730,09563,0,0,0
14730,09564,110,14,96
14730,09565,0,0,0
14730,09571,0,0,0
14730,09572,0,0,0
14730,09573,0,0,0
14730,09574,0,0,0
14730,09575,0,0,0
14730,09576,13,0,13
14730,09577,0,0,0
14730,09661,0,0,0
14730,09662,0,0,0
14730,09663,12,0,12
14730,09671,21,0,21
14730,09672,11,11,0
14730,09673,0,0,0
14730,09674,0,0,0
14730,09675,0,0,0
14730,09676,0,0,0
14730,09677,0,0,0
14730,09678,0,0,0
14730,09679,21,0,21
14730,09761,11,0,11
14730,09762,0,0,0
14730,09763,0,0,0
14730,09764,0,0,0
14730,09771,0,0,0
14730,09772,16,0,16
14730,09773,0,0,0
14730,09774,0,0,0
14730,09775,15,0,15
14730,09776,0,0,0
14730,09777,0,0,0
14730,09778,0,0,0
14730,09779,21,11,10
14730,09780,10,0,10
14730,10041,15,0,15
14730,10042,0,0,0
14730,10043,0,0,0
14730,10044,0,0,0
14730,10045,0,0,0
14730,10046,0,0,0
14730,11000,738,236,502
14730,12051,0,0,0
14730,12052,41,11,30
14730,12053,0,0,0
14730,12054,72,23,49
14730,12060,27,14,13
14730,12061,70,37,33
14730,12062,1237,693,544
14730,12063,18,18,0
14730,12064,26,26,0
14730,12065,13,13,0
14730,12066,99,35,64
14730,12067,41,28,13
14730,12068,16,16,0
14730,12069,83,30,53
14730,12070,0,0,0
14730,12071,112,15,97
14730,12072,67,25,42
14730,12073,0,0,0
14730,13003,11,0,11
14730,13004,0,0,0
14730,13071,12,12,0
14730,13072,13,0,13
14730,13073,10,10,0
14730,13074,0,0,0
14730,13075,28,15,13
14730,13076,0,0,0
14730,14511,315,93,222
14730,14521,149,75,74
14730,14522,2248,842,1406
14730,14523,90,39,51
14730,14524,266,97,169
14730,14612,1229,299,930
14730,14625,238,124,114
14730,14626,108,79,29
14730,14627,2911,992,1919
14730,14628,186,109,77
14730,14713,30865,12289,18576
14730,14729,7832,4221,3611
14730,14730,0,0,0
14730,15001,342,185,157
14730,15002,2664,1754,910
14730,15003,153,28,125
14730,15081,0,0,0
14730,15082,2979,1679,1300
14730,15083,67,36,31
14730,15084,666,529,137
14730,15085,61,41,20
14730,15086,53,34,19
14730,15087,170,123,47
14730,15088,3377,2183,1194
14730,15089,228,124,104
14730,15090,21,21,0
14730,15091,1931,1134,797
14730,16051,106,25,81
14730,16052,79,50,29
14730,16053,55,13,42
14730,16054,0,0,0
14730,16055,51,10,41
14730,16056,0,0,0
14730,16061,26,0,26
14730,16062,26,11,15
14730,16063,38,10,28
14730,16064,21,11,10
14730,16065,28,17,11
14730,16066,0,0,0
14730,16067,18,18,0
14730,16068,13,13,0
14730,16069,0,0,0
14730,16070,35,16,19
14730,16071,28,17,11
14730,16072,31,0,31
14730,16073,10,10,0
14730,16074,65,28,37
14730,16075,48,23,25
14730,16076,47,31,16
14730,16077,178,123,55
15001,01001,0,0,0
15001,01002,0,0,0
15001,01003,0,0,0
15001,01004,0,0,0
15001,01051,0,0,0
15001,01053,0,0,0
15001,01054,0,0,0
15001,01055,0,0,0
15001,01056,0,0,0
15001,01057,0,0,0
15001,01058,0,0,0
15001,01059,0,0,0
15001,01060,0,0,0
15001,01061,0,0,0
15001,01062,10,0,10
15001,02000,77,21,56
15001,03101,17,0,17
15001,03102,0,0,0
15001,03103,16,0,16
15001,03151,0,0,0
15001,03153,0,0,0
15001,03154,0,0,0
15001,03155,0,0,0
15001,03157,0,0,0
15001,03158,0,0,0
15001,03159,11,0,11
15001,03241,66,15,51
15001,03251,0,0,0
15001,03252,0,0,0
15001,03254,0,0,0
15001,03255,0,0,0
15001,03256,0,0,0
15001,03257,0,0,0
15001,03351,0,0,0
15001,03352,0,0,0
15001,03353,0,0,0
15001,03354,0,0,0
15001,03355,0,0,0
15001,03356,0,0,0
15001,03357,0,0,0
15001,03358,0,0,0
15001,03359,0,0,0
15001,03360,0,0,0
15001,03361,0,0,0
15001,03401,0,0,0
15001,03402,0,0,0
15001,03403,0,0,0
15001,03404,0,0,0
15001,03405,0,0,0
15001,03451,0,0,0
15001,03452,0,0,0
15001,03453,0,0,0
15001,03454,0,0,0
15001,03455,0,0,0
15001,03456,0,0,0
15001,03457,0,0,0
15001,03458,0,0,0
15001,03459,74,0,74
15001,03460,0,0,0
15001,03461,0,0,0
15001,03462,0,0,0
15001,04011,17,0,17
15001,04012,0,0,0
15001,05111,31,11,20
15001,05112,0,0,0
15001,05113,14,0,14
15001,05114,0,0,0
15001,05116,0,0,0
15001,05117,0,0,0
15001,05119,0,0,0
15001,05120,0,0,0
15001,05122,0,0,0
15001,05124,0,0,0
15001,05154,0,0,0
15001,05158,0,0,0
15001,05162,0,0,0
15001,05166,0,0,0
15001,05170,0,0,0
15001,05314,0,0,0
15001,05315,32,0,32
15001,05316,0,0,0
15001,05334,11,11,0
15001,05358,0,0,0
15001,05362,0,0,0
15001,05366,0,0,0
15001,05370,0,0,0
15001,05374,0,0,0
15001,05378,0,0,0
15001,05382,0,0,0
15001,05512,0,0,0
15001,05513,0,0,0
15001,05515,0,0,0
15001,05554,0,0,0
15001,05558,0,0,0
15001,05562,0,0,0
15001,05566,10,0,10
15001,05570,0,0,0
15001,05711,0,0,0
15001,05754,36,0,36
15001,05758,0,0,0
15001,05762,0,0,0
15001,05766,0,0,0
15001,05770,15,0,15
15001,05774,0,0,0
15001,05911,0,0,0
15001,05913,0,0,0
15001,05914,0,0,0
15001,05915,0,0,0
15001,05916,0,0,0
15001,05954,0,0,0
15001,05958,0,0,0
15001,05962,0,0,0
15001,05966,0,0,0
15001,05970,0,0,0
15001,05974,0,0,0
15001,05978,0,0,0
15001,06411,0,0,0
15001,06412,48,0,48
15001,06413,0,0,0
15001,06414,0,0,0
15001,06431,0,0,0
15001,06432,11,0,11
15001,06433,0,0,0
15001,06434,0,0,0
15001,06435,0,0,0
15001,06436,0,0,0
15001,06437,0,0,0
15001,06438,10,0,10
15001,06439,0,0,0
15001,06440,0,0,0
15001,06531,0,0,0
15001,06532,0,0,0
15001,06533,0,0,0
15001,06534,0,0,0
15001,06535,0,0,0
15001,06611,0,0,0
15001,06631,0,0,0
15001,06632,0,0,0
15001,06633,0,0,0
15001,06634,0,0,0
15001,06635,0,0,0
15001,06636,0,0,0
15001,07111,0,0,0
15001,07131,0,0,0
15001,07132,0,0,0
15001,07133,0,0,0
15001,07134,0,0,0
15001,07135,0,0,0
15001,07137,0,0,0
15001,07138,0,0,0
15001,07140,0,0,0
15001,07141,0,0,0
15001,07143,0,0,0
15001,07211,0,0,0
15001,07231,0,0,0
15001,07232,0,0,0
15001,07233,0,0,0
15001,07235,0,0,0
15001,07311,0,0,0
15001,07312,0,0,0
15001,07313,0,0,0
15001,07314,0,0,0
15001,07315,0,0,0
15001,07316,0,0,0
15001,07317,0,0,0
15001,07318,0,0,0
15001,07319,0,0,0
15001,07320,0,0,0
15001,07331,0,0,0
15001,07332,0,0,0
15001,07333,0,0,0
15001,07334,0,0,0
15001,07335,0,0,0
15001,07336,0,0,0
15001,07337,0,0,0
15001,07338,0,0,0
15001,07339,0,0,0
15001,07340,0,0,0
15001,08111,15,0,15
15001,08115,0,0,0
15001,08116,0,0,0
15001,08117,0,0,0
15001,08118,16,0,16
15001,08119,0,0,0
15001,08121,0,0,0
15001,08125,0,0,0
15001,08126,0,0,0
15001,08127,0,0,0
15001,08128,0,0,0
15001,08135,0,0,0
15001,08136,0,0,0
15001,08211,0,0,0
15001,08212,11,0,11
15001,08215,13,0,13
15001,08216,0,0,0
15001,08221,0,0,0
15001,08222,19,0,19
15001,08225,0,0,0
15001,08226,0,0,0
15001,08231,0,0,0
15001,08235,0,0,0
15001,08236,0,0,0
15001,08237,0,0,0
15001,08311,0,0,0
15001,08315,0,0,0
15001,08316,0,0,0
15001,08317,0,0,0
15001,08325,0,0,0
15001,08326,0,0,0
15001,08327,0,0,0
15001,08335,0,0,0
15001,08336,0,0,0
15001,08337,0,0,0
15001,08415,18,0,18
15001,08416,0,0,0
15001,08417,17,0,17
15001,08421,0,0,0
15001,08425,0,0,0
15001,08426,0,0,0
15001,08435,0,0,0
15001,08436,0,0,0
15001,08437,0,0,0
15001,09161,12,0,12
15001,09162,58,0,58
15001,09163,0,0,0
15001,09171,0,0,0
15001,09172,0,0,0
15001,09173,0,0,0
15001,09174,0,0,0
15001,09175,0,0,0
15001,09176,0,0,0
15001,09177,0,0,0
15001,09178,10,0,10
15001,09179,0,0,0
15001,09180,0,0,0
15001,09181,0,0,0
15001,09182,0,0,0
15001,09183,0,0,0
15001,09184,20,0,20
15001,09185,0,0,0
15001,09186,0,0,0
15001,09187,0,0,0
15001,09188,0,0,0
15001,09189,0,0,0
15001,09190,0,0,0
15001,09261,0,0,0
15001,09262,0,0,0
15001,09263,0,0,0
15001,09271,24,0,24
15001,09272,0,0,0
15001,09273,0,0,0
15001,09274,0,0,0
15001,09275,0,0,0
15001,09276,0,0,0
15001,09277,0,0,0
15001,09278,0,0,0
15001,09279,0,0,0
15001,09361,0,0,0
15001,09362,0,0,0
15001,09363,0,0,0
15001,09371,0,0,0
15001,09372,0,0,0
15001,09373,0,0,0
15001,09374,0,0,0
15001,09375,0,0,0
15001,09376,0,0,0
15001,09377,0,0,0
15001,09461,0,0,0
15001,09462,0,0,0
15001,09463,0,0,0
15001,09464,0,0,0
15001,09471,0,0,0
15001,09472,0,0,0
15001,09473,0,0,0
15001,09474,0,0,0
15001,09475,0,0,0
15001,09476,0,0,0
15001,09477,0,0,0
15001,09478,0,0,0
15001,09479,0,0,0
15001,09561,0,0,0
15001,09562,0,0,0
15001,09563,0,0,0
15001,09564,19,0,19
15001,09565,0,0,0
15001,09571,0,0,0
15001,09572,0,0,0
15001,09573,0,0,0
15001,09574,0,0,0
15001,09575,0,0,0
15001,09576,0,0,0
15001,09577,0,0,0
15001,09661,0,0,0
15001,09662,0,0,0
15001,09663,0,0,0
15001,09671,0,0,0
15001,09672,0,0,0
15001,09673,0,0,0
15001,09674,0,0,0
15001,09675,0,0,0
15001,09676,0,0,0
15001,09677,0,0,0
15001,09678,0,0,0
15001,09679,0,0,0
15001,09761,0,0,0
15001,09762,0,0,0
15001,09763,0,0,0
15001,09764,0,0,0
15001,09771,0,0,0
15001,09772,0,0,0
15001,09773,0,0,0
15001,09774,0,0,0
15001,09775,0,0,0
15001,09776,0,0,0
15001,09777,0,0,0
15001,09778,0,0,0
15001,09779,0,0,0
15001,09780,0,0,0
15001,10041,0,0,0
15001,10042,0,0,0
15001,10043,38,0,38
15001,10044,0,0,0
15001,10045,0,0,0
15001,10046,0,0,0
15001,11000,675,281,394
15001,12051,13,0,13
15001,12052,0,0,0
15001,12053,0,0,0
15001,12054,66,31,35
15001,12060,24,24,0
15001,12061,24,14,10
15001,12062,10,10,0
15001,12063,11,11,0
15001,12064,28,16,12
15001,12065,10,10,0
15001,12066,14,0,14
15001,12067,0,0,0
15001,12068,0,0,0
15001,12069,191,127,64
15001,12070,0,0,0
15001,12071,0,0,0
15001,12072,33,16,17
15001,12073,12,12,0
15001,13003,10,0,10
15001,13004,0,0,0
15001,13071,12,12,0
15001,13072,0,0,0
15001,13073,0,0,0
15001,13074,0,0,0
15001,13075,10,10,0
15001,13076,0,0,0
15001,14511,130,28,102
15001,14521,18,18,0
15001,14522,145,133,12
15001,14523,0,0,0
15001,14524,40,11,29
15001,14612,117,61,56
15001,14625,0,0,0
15001,14626,0,0,0
15001,14627,34,11,23
15001,14628,18,18,0
15001,14713,1284,537,747
15001,14729,113,55,58
15001,14730,342,157,185
15001,15001,0,0,0
15001,15002,990,457,533
15001,15003,554,243,311
15001,15081,29,19,10
15001,15082,7969,5221,2748
15001,15083,99,60,39
15001,15084,108,61,47
15001,15085,89,69,20
15001,15086,249,163,86
15001,15087,123,70,53
15001,15088,521,221,300
15001,15089,812,524,288
15001,15090,59,29,30
15001,15091,5786,3838,1948
15001,16051,94,0,94
15001,16052,0,0,0
15001,16053,0,0,0
15001,16054,0,0,0
15001,16055,0,0,0
15001,16056,0,0,0
15001,16061,35,0,35
15001,16062,0,0,0
15001,16063,0,0,0
15001,16064,0,0,0
15001,16065,0,0,0
15001,16066,0,0,0
15001,16067,0,0,0
15001,16068,0,0,0
15001,16069,0,0,0
15001,16070,0,0,0
15001,16071,0,0,0
15001,16072,0,0,0
15001,16073,0,0,0
15001,16074,13,13,0
15001,16075,0,0,0
15001,16076,0,0,0
15001,16077,0,0,0
15002,01001,0,0,0
15002,01002,11,11,0
15002,01003,25,12,13
15002,01004,0,0,0
15002,01051,0,0,0
15002,01053,31,31,0
15002,01054,15,0,15
15002,01055,34,24,10
15002,01056,26,13,13
15002,01057,0,0,0
15002,01058,0,0,0
15002,01059,0,0,0
15002,01060,42,42,0
15002,01061,0,0,0
15002,01062,29,13,16
15002,02000,335,108,227
15002,03101,78,20,58
15002,03102,18,0,18
15002,03103,43,0,43
15002,03151,10,0,10
15002,03153,24,14,10
15002,03154,0,0,0
15002,03155,0,0,0
15002,03157,0,0,0
15002,03158,11,11,0
15002,03159,60,34,26
15002,03241,221,67,154
15002,03251,0,0,0
15002,03252,0,0,0
15002,03254,30,17,13
15002,03255,0,0,0
15002,03256,0,0,0
15002,03257,12,12,0
15002,03351,30,0,30
15002,03352,0,0,0
15002,03353,48,35,13
15002,03354,0,0,0
15002,03355,10,0,10
15002,03356,0,0,0
15002,03357,10,0,10
15002,03358,14,0,14
15002,03359,0,0,0
15002,03360,0,0,0
15002,03361,0,0,0
15002,03401,0,0,0
15002,03402,0,0,0
15002,03403,15,15,0
15002,03404,0,0,0
15002,03405,13,0,13
15002,03451,0,0,0
15002,03452,0,0,0
15002,03453,16,0,16
15002,03454,0,0,0
15002,03455,0,0,0
15002,03456,0,0,0
15002,03457,0,0,0
15002,03458,0,0,0
15002,03459,47,12,35
15002,03460,0,0,0
15002,03461,0,0,0
15002,03462,0,0,0
15002,04011,52,21,31
15002,04012,0,0,0
15002,05111,74,10,64
15002,05112,27,13,14
15002,05113,43,12,31
15002,05114,0,0,0
15002,05116,0,0,0
15002,05117,0,0,0
15002,05119,0,0,0
15002,05120,0,0,0
15002,05122,0,0,0
15002,05124,15,0,15
15002,05154,19,0,19
15002,05158,27,0,27
15002,05162,29,11,18
15002,05166,14,0,14
15002,05170,16,0,16
15002,05314,47,13,34
15002,05315,144,28,116
15002,05316,0,0,0
15002,05334,0,0,0
15002,05358,0,0,0
15002,05362,33,0,33
15002,05366,0,0,0
15002,05370,0,0,0
15002,05374,0,0,0
15002,05378,0,0,0
15002,05382,31,10,21
15002,05512,0,0,0
15002,05513,12,0,12
15002,05515,34,14,20
15002,05554,0,0,0
15002,05558,0,0,0
15002,05562,33,16,17
15002,05566,12,0,12
15002,05570,11,0,11
15002,05711,31,11,20
15002,05754,46,0,46
15002,05758,10,10,0
15002,05762,13,0,13
15002,05766,23,10,13
15002,05770,39,0,39
15002,05774,17,0,17
15002,05911,18,0,18
15002,05913,44,15,29
15002,05914,0,0,0
15002,05915,0,0,0
15002,05916,0,0,0
15002,05954,0,0,0
15002,05958,0,0,0
15002,05962,0,0,0
15002,05966,0,0,0
15002,05970,15,0,15
15002,05974,10,0,10
15002,05978,22,11,11
15002,06411,19,0,19
15002,06412,760,19,741
15002,06413,0,0,0
15002,06414,21,0,21
15002,06431,0,0,0
15002,06432,0,0,0
15002,06433,12,0,12
15002,06434,26,0,26
15002,06435,27,13,14
15002,06436,21,0,21
15002,06437,0,0,0
15002,06438,61,0,61
15002,06439,0,0,0
15002,06440,0,0,0
15002,06531,10,0,10
15002,06532,0,0,0
15002,06533,0,0,0
15002,06534,0,0,0
15002,06535,0,0,0
15002,06611,17,0,17
15002,06631,50,0,50
15002,06632,13,0,13
15002,06633,12,0,12
15002,06634,0,0,0
15002,06635,16,0,16
15002,06636,0,0,0
15002,07111,0,0,0
15002,07131,0,0,0
15002,07132,0,0,0
15002,07133,0,0,0
15002,07134,0,0,0
15002,07135,0,0,0
15002,07137,0,0,0
15002,07138,0,0,0
15002,07140,0,0,0
15002,07141,0,0,0
15002,07143,0,0,0
15002,07211,0,0,0
15002,07231,0,0,0
15002,07232,0,0,0
15002,07233,0,0,0
15002,07235,0,0,0
15002,07311,0,0,0
15002,07312,0,0,0
15002,07313,0,0,0
15002,07314,0,0,0
15002,07315,48,13,35
15002,07316,0,0,0
15002,07317,0,0,0
15002,07318,0,0,0
15002,07319,0,0,0
15002,07320,0,0,0
15002,07331,0,0,0
15002,07332,0,0,0
15002,07333,0,0,0
15002,07334,0,0,0
15002,07335,0,0,0
15002,07336,0,0,0
15002,07337,12,0,12
15002,07338,10,0,10
15002,07339,0,0,0
15002,07340,0,0,0
15002,08111,90,25,65
15002,08115,18,0,18
15002,08116,51,20,31
15002,08117,29,0,29
15002,08118,24,0,24
15002,08119,14,0,14
15002,08121,0,0,0
15002,08125,15,0,15
15002,08126,0,0,0
15002,08127,0,0,0
15002,08128,0,0,0
15002,08135,0,0,0
15002,08136,15,0,15
15002,08211,0,0,0
15002,08212,37,13,24
15002,08215,30,0,30
15002,08216,0,0,0
15002,08221,27,10,17
15002,08222,41,0,41
15002,08225,0,0,0
15002,08226,19,0,19
15002,08231,11,0,11
15002,08235,0,0,0
15002,08236,0,0,0
15002,08237,0,0,0
15002,08311,21,0,21
15002,08315,0,0,0
15002,08316,0,0,0
15002,08317,0,0,0
15002,08325,0,0,0
15002,08326,0,0,0
15002,08327,0,0,0
15002,08335,10,0,10
15002,08336,0,0,0
15002,08337,0,0,0
15002,08415,20,10,10
15002,08416,0,0,0
15002,08417,0,0,0
15002,08421,0,0,0
15002,08425,0,0,0
15002,08426,0,0,0
15002,08435,0,0,0
15002,08436,0,0,0
15002,08437,0,0,0
15002,09161,31,0,31
15002,09162,237,57,180
15002,09163,0,0,0
15002,09171,10,0,10
15002,09172,11,0,11
15002,09173,10,10,0
15002,09174,13,0,13
15002,09175,0,0,0
15002,09176,0,0,0
15002,09177,0,0,0
15002,09178,13,0,13
15002,09179,11,0,11
15002,09180,0,0,0
15002,09181,10,0,10
15002,09182,10,0,10
15002,09183,0,0,0
15002,09184,57,0,57
15002,09185,0,0,0
15002,09186,13,0,13
15002,09187,0,0,0
15002,09188,14,0,14
15002,09189,0,0,0
15002,09190,0,0,0
15002,09261,0,0,0
15002,09262,0,0,0
15002,09263,0,0,0
15002,09271,15,0,15
15002,09272,0,0,0
15002,09273,0,0,0
15002,09274,0,0,0
15002,09275,0,0,0
15002,09276,0,0,0
15002,09277,0,0,0
15002,09278,0,0,0
15002,09279,0,0,0
15002,09361,0,0,0
15002,09362,0,0,0
15002,09363,0,0,0
15002,09371,0,0,0
15002,09372,0,0,0
15002,09373,0,0,0
15002,09374,0,0,0
15002,09375,0,0,0
15002,09376,0,0,0
15002,09377,0,0,0
15002,09461,0,0,0
15002,09462,11,0,11
15002,09463,0,0,0
15002,09464,0,0,0
15002,09471,0,0,0
15002,09472,22,0,22
15002,09473,0,0,0
15002,09474,0,0,0
15002,09475,12,0,12
15002,09476,0,0,0
15002,09477,0,0,0
15002,09478,0,0,0
15002,09479,0,0,0
15002,09561,0,0,0
15002,09562,20,0,20
15002,09563,0,0,0
15002,09564,142,11,131
15002,09565,0,0,0
15002,09571,0,0,0
15002,09572,0,0,0
15002,09573,0,0,0
15002,09574,12,0,12
15002,09575,0,0,0
15002,09576,12,0,12
15002,09577,0,0,0
15002,09661,0,0,0
15002,09662,0,0,0
15002,09663,21,0,21
15002,09671,11,0,11
15002,09672,0,0,0
15002,09673,0,0,0
15002,09674,0,0,0
15002,09675,0,0,0
15002,09676,0,0,0
15002,09677,0,0,0
15002,09678,0,0,0
15002,09679,0,0,0
15002,09761,10,0,10
15002,09762,183,0,183
15002,09763,0,0,0
15002,09764,0,0,0
15002,09771,0,0,0
15002,09772,0,0,0
15002,09773,0,0,0
15002,09774,0,0,0
15002,09775,12,0,12
15002,09776,0,0,0
15002,09777,0,0,0
15002,09778,0,0,0
15002,09779,0,0,0
15002,09780,0,0,0
15002,10041,16,16,0
15002,10042,0,0,0
15002,10043,30,30,0
15002,10044,0,0,0
15002,10045,53,53,0
15002,10046,0,0,0
15002,11000,1512,677,835
15002,12051,28,12,16
15002,12052,54,37,17
15002,12053,10,10,0
15002,12054,88,44,44
15002,12060,26,26,0
15002,12061,58,34,24
15002,12062,70,60,10
15002,12063,48,38,10
15002,12064,43,26,17
15002,12065,45,31,14
15002,12066,56,14,42
15002,12067,42,22,20
15002,12068,13,13,0
15002,12069,173,98,75
15002,12070,11,11,0
15002,12071,41,29,12
15002,12072,85,45,40
15002,12073,34,34,0
15002,13003,30,11,19
15002,13004,21,21,0
15002,13071,20,20,0
15002,13072,22,22,0
15002,13073,108,94,14
15002,13074,24,24,0
15002,13075,81,69,12
15002,13076,72,72,0
15002,14511,211,86,125
15002,14521,70,45,25
15002,14522,158,85,73
15002,14523,61,30,31
15002,14524,134,65,69
15002,14612,442,206,236
15002,14625,104,56,48
15002,14626,30,30,0
15002,14627,133,71,62
15002,14628,83,60,23
15002,14713,8628,4005,4623
15002,14729,1034,592,442
15002,14730,2664,910,1754
15002,15001,990,533,457
15002,15002,0,0,0
15002,15003,1396,623,773
15002,15081,63,49,14
15002,15082,4135,2644,1491
15002,15083,314,227,87
15002,15084,2317,1643,674
15002,15085,619,468,151
15002,15086,163,89,74
15002,15087,3708,2936,772
15002,15088,29854,18675,11179
15002,15089,1651,1180,471
15002,15090,253,147,106
15002,15091,680,529,151
15002,16051,360,168,192
15002,16052,62,35,27
15002,16053,178,58,120
15002,16054,0,0,0
15002,16055,83,54,29
15002,16056,24,24,0
15002,16061,94,29,65
15002,16062,168,81,87
15002,16063,39,22,17
15002,16064,48,37,11
15002,16065,234,143,91
15002,16066,40,25,15
15002,16067,87,67,20
15002,16068,51,21,30
15002,16069,0,0,0
15002,16070,56,34,22
15002,16071,75,62,13
15002,16072,0,0,0
15002,16073,69,59,10
15002,16074,71,45,26
15002,16075,15,15,0
15002,16076,59,33,26
15002,16077,69,54,15
15003,01001,12,0,12
15003,01002,23,23,0
15003,01003,11,0,11
15003,01004,0,0,0
15003,01051,0,0,0
15003,01053,22,11,11
15003,01054,18,0,18
15003,01055,30,30,0
15003,01056,27,14,13
15003,01057,0,0,0
15003,01058,14,0,14
15003,01059,0,0,0
15003,01060,0,0,0
15003,01061,14,0,14
15003,01062,24,0,24
15003,02000,403,139,264
15003,03101,657,184,473
15003,03102,97,36,61
15003,03103,886,45,841
15003,03151,192,54,138
15003,03153,58,44,14
15003,03154,594,241,353
15003,03155,40,0,40
15003,03157,70,33,37
15003,03158,100,50,50
15003,03159,64,31,33
15003,03241,815,249,566
15003,03251,21,10,11
15003,03252,14,0,14
15003,03254,93,33,60
15003,03255,0,0,0
15003,03256,0,0,0
15003,03257,20,20,0
15003,03351,50,20,30
15003,03352,0,0,0
15003,03353,49,15,34
15003,03354,15,15,0
15003,03355,24,10,14
15003,03356,11,0,11
15003,03357,0,0,0
15003,03358,21,10,11
15003,03359,0,0,0
15003,03360,29,12,17
15003,03361,13,0,13
15003,03401,17,0,17
15003,03402,0,0,0
15003,03403,40,15,25
15003,03404,12,0,12
15003,03405,0,0,0
15003,03451,10,0,10
15003,03452,56,0,56
15003,03453,12,0,12
15003,03454,39,12,27
15003,03455,0,0,0
15003,03456,0,0,0
15003,03457,0,0,0
15003,03458,23,13,10
15003,03459,21,0,21
15003,03460,14,0,14
15003,03461,0,0,0
15003,03462,0,0,0
15003,04011,86,30,56
15003,04012,0,0,0
15003,05111,151,15,136
15003,05112,30,18,12
15003,05113,55,22,33
15003,05114,10,0,10
15003,05116,12,0,12
15003,05117,0,0,0
15003,05119,0,0,0
15003,05120,0,0,0
15003,05122,0,0,0
15003,05124,10,0,10
15003,05154,0,0,0
15003,05158,32,10,22
15003,05162,13,0,13
15003,05166,0,0,0
15003,05170,39,10,29
15003,05314,30,0,30
15003,05315,116,13,103
15003,05316,0,0,0
15003,05334,24,11,13
15003,05358,0,0,0
15003,05362,0,0,0
15003,05366,0,0,0
15003,05370,0,0,0
15003,05374,56,0,56
15003,05378,0,0,0
15003,05382,25,0,25
15003,05512,0,0,0
15003,05513,15,15,0
15003,05515,41,13,28
15003,05554,13,0,13
15003,05558,0,0,0
15003,05562,32,14,18
15003,05566,61,12,49
15003,05570,0,0,0
15003,05711,33,13,20
15003,05754,70,10,60
15003,05758,47,34,13
15003,05762,0,0,0
15003,05766,35,13,22
15003,05770,56,25,31
15003,05774,14,0,14
15003,05911,26,0,26
15003,05913,33,0,33
15003,05914,13,0,13
15003,05915,0,0,0
15003,05916,0,0,0
15003,05954,0,0,0
15003,05958,0,0,0
15003,05962,23,11,12
15003,05966,0,0,0
15003,05970,13,0,13
15003,05974,18,0,18
15003,05978,16,0,16
15003,06411,20,0,20
15003,06412,172,43,129
15003,06413,0,0,0
15003,06414,20,0,20
15003,06431,0,0,0
15003,06432,0,0,0
15003,06433,12,0,12
15003,06434,40,0,40
15003,06435,44,10,34
15003,06436,42,10,32
15003,06437,0,0,0
15003,06438,30,0,30
15003,06439,0,0,0
15003,06440,0,0,0
15003,06531,0,0,0
15003,06532,0,0,0
15003,06533,0,0,0
15003,06534,0,0,0
15003,06535,0,0,0
15003,06611,60,34,26
15003,06631,14,0,14
15003,06632,14,0,14
15003,06633,11,11,0
15003,06634,0,0,0
15003,06635,10,10,0
15003,06636,0,0,0
15003,07111,0,0,0
15003,07131,0,0,0
15003,07132,0,0,0
15003,07133,0,0,0
15003,07134,0,0,0
15003,07135,0,0,0
15003,07137,0,0,0
15003,07138,0,0,0
15003,07140,0,0,0
15003,07141,0,0,0
15003,07143,0,0,0
15003,07211,0,0,0
15003,07231,10,0,10
15003,07232,0,0,0
15003,07233,0,0,0
15003,07235,0,0,0
15003,07311,0,0,0
15003,07312,0,0,0
15003,07313,0,0,0
15003,07314,0,0,0
15003,07315,22,0,22
15003,07316,0,0,0
15003,07317,0,0,0
15003,07318,0,0,0
15003,07319,0,0,0
15003,07320,0,0,0
15003,07331,0,0,0
15003,07332,0,0,0
15003,07333,0,0,0
15003,07334,0,0,0
15003,07335,0,0,0
15003,07336,0,0,0
15003,07337,0,0,0
15003,07338,0,0,0
15003,07339,0,0,0
15003,07340,0,0,0
15003,08111,101,0,101
15003,08115,33,0,33
15003,08116,44,13,31
15003,08117,0,0,0
15003,08118,33,0,33
15003,08119,16,0,16
15003,08121,10,0,10
15003,08125,0,0,0
15003,08126,0,0,0
15003,08127,10,0,10
15003,08128,0,0,0
15003,08135,0,0,0
15003,08136,0,0,0
15003,08211,0,0,0
15003,08212,28,10,18
15003,08215,15,0,15
15003,08216,0,0,0
15003,08221,10,0,10
15003,08222,30,0,30
15003,08225,0,0,0
15003,08226,16,0,16
15003,08231,0,0,0
15003,08235,0,0,0
15003,08236,0,0,0
15003,08237,0,0,0
15003,08311,11,0,11
15003,08315,0,0,0
15003,08316,0,0,0
15003,08317,12,0,12
15003,08325,0,0,0
15003,08326,0,0,0
15003,08327,0,0,0
15003,08335,0,0,0
15003,08336,15,0,15
15003,08337,0,0,0
15003,08415,0,0,0
15003,08416,0,0,0
15003,08417,0,0,0
15003,08421,12,0,12
15003,08425,0,0,0
15003,08426,0,0,0
15003,08435,123,0,123
15003,08436,0,0,0
15003,08437,0,0,0
15003,09161,17,0,17
15003,09162,183,30,153
15003,09163,0,0,0
15003,09171,0,0,0
15003,09172,10,0,10
15003,09173,0,0,0
15003,09174,0,0,0
15003,09175,0,0,0
15003,09176,0,0,0
15003,09177,0,0,0
15003,09178,0,0,0
15003,09179,0,0,0
15003,09180,0,0,0
15003,09181,0,0,0
15003,09182,0,0,0
15003,09183,0,0,0
15003,09184,58,0,58
15003,09185,0,0,0
15003,09186,11,0,11
15003,09187,0,0,0
15003,09188,0,0,0
15003,09189,0,0,0
15003,09190,0,0,0
15003,09261,0,0,0
15003,09262,0,0,0
15003,09263,0,0,0
15003,09271,0,0,0
15003,09272,0,0,0
15003,09273,0,0,0
15003,09274,0,0,0
15003,09275,0,0,0
15003,09276,0,0,0
15003,09277,0,0,0
15003,09278,0,0,0
15003,09279,0,0,0
15003,09361,0,0,0
15003,09362,0,0,0
15003,09363,0,0,0
15003,09371,0,0,0
15003,09372,0,0,0
15003,09373,0,0,0
15003,09374,0,0,0
15003,09375,0,0,0
15003,09376,0,0,0
15003,09377,0,0,0
15003,09461,0,0,0
15003,09462,0,0,0
15003,09463,0,0,0
15003,09464,0,0,0
15003,09471,0,0,0
15003,09472,0,0,0
15003,09473,0,0,0
15003,09474,0,0,0
15003,09475,0,0,0
15003,09476,0,0,0
15003,09477,0,0,0
15003,09478,0,0,0
15003,09479,0,0,0
15003,09561,0,0,0
15003,09562,53,0,53
15003,09563,0,0,0
15003,09564,157,0,157
15003,09565,0,0,0
15003,09571,0,0,0
15003,09572,0,0,0
15003,09573,0,0,0
15003,09574,0,0,0
15003,09575,0,0,0
15003,09576,0,0,0
15003,09577,0,0,0
15003,09661,0,0,0
15003,09662,0,0,0
15003,09663,0,0,0
15003,09671,0,0,0
15003,09672,0,0,0
15003,09673,0,0,0
15003,09674,0,0,0
15003,09675,0,0,0
15003,09676,0,0,0
15003,09677,0,0,0
15003,09678,0,0,0
15003,09679,0,0,0
15003,09761,15,0,15
15003,09762,0,0,0
15003,09763,0,0,0
15003,09764,0,0,0
15003,09771,0,0,0
15003,09772,0,0,0
15003,09773,0,0,0
15003,09774,0,0,0
15003,09775,0,0,0
15003,09776,17,0,17
15003,09777,0,0,0
15003,09778,0,0,0
15003,09779,0,0,0
15003,09780,0,0,0
15003,10041,16,0,16
15003,10042,0,0,0
15003,10043,0,0,0
15003,10044,0,0,0
15003,10045,0,0,0
15003,10046,0,0,0
15003,11000,1838,604,1234
15003,12051,212,136,76
15003,12052,39,24,15
15003,12053,0,0,0
15003,12054,203,116,87
15003,12060,81,51,30
15003,12061,92,29,63
15003,12062,72,50,22
15003,12063,150,116,34
15003,12064,98,33,65
15003,12065,52,32,20
15003,12066,16,16,0
15003,12067,75,29,46
15003,12068,20,20,0
15003,12069,275,192,83
15003,12070,66,43,23
15003,12071,16,16,0
15003,12072,121,32,89
15003,12073,88,67,21
15003,13003,127,99,28
15003,13004,75,21,54
15003,13071,82,82,0
15003,13072,80,65,15
15003,13073,61,41,20
15003,13074,37,16,21
15003,13075,108,86,22
15003,13076,29,29,0
15003,14511,138,78,60
15003,14521,44,23,21
15003,14522,46,31,15
15003,14523,25,15,10
15003,14524,59,38,21
15003,14612,364,219,145
15003,14625,63,42,21
15003,14626,33,33,0
15003,14627,73,31,42
15003,14628,59,45,14
15003,14713,1060,465,595
15003,14729,200,136,64
15003,14730,153,125,28
15003,15001,554,311,243
15003,15002,1396,773,623
15003,15003,0,0,0
15003,15081,917,679,238
15003,15082,1054,789,265
15003,15083,25707,15301,10406
15003,15084,341,221,120
15003,15085,2112,1644,468
15003,15086,10149,7502,2647
15003,15087,415,320,95
15003,15088,522,349,173
15003,15089,10922,7569,3353
15003,15090,2239,1697,542
15003,15091,310,265,45
15003,16051,303,92,211
15003,16052,35,24,11
15003,16053,37,13,24
15003,16054,10,0,10
15003,16055,61,41,20
15003,16056,0,0,0
15003,16061,17,0,17
15003,16062,38,23,15
15003,16063,27,13,14
15003,16064,18,18,0
15003,16065,39,28,11
15003,16066,18,18,0
15003,16067,39,29,10
15003,16068,22,22,0
15003,16069,0,0,0
15003,16070,22,12,10
15003,16071,39,39,0
15003,16072,0,0,0
15003,16073,16,16,0
15003,16074,17,17,0
15003,16075,0,0,0
15003,16076,26,26,0
15003,16077,26,26,0
15081,01001,0,0,0
15081,01002,16,0,16
15081,01003,13,0,13
15081,01004,0,0,0
15081,01051,0,0,0
15081,01053,22,0,22
15081,01054,0,0,0
15081,01055,0,0,0
15081,01056,0,0,0
15081,01057,0,0,0
15081,01058,0,0,0
15081,01059,0,0,0
15081,01060,21,0,21
15081,01061,0,0,0
15081,01062,24,0,24
15081,02000,249,44,205
15081,03101,259,41,218
15081,03102,53,16,37
15081,03103,3343,76,3267
15081,03151,1887,289,1598
15081,03153,16,16,0
15081,03154,235,38,197
15081,03155,0,0,0
15081,03157,42,12,30
15081,03158,40,19,21
15081,03159,0,0,0
15081,03241,342,55,287
15081,03251,0,0,0
15081,03252,0,0,0
15081,03254,27,11,16
15081,03255,0,0,0
15081,03256,12,0,12
15081,03257,0,0,0
15081,03351,167,53,114
15081,03352,0,0,0
15081,03353,51,0,51
15081,03354,1908,707,1201
15081,03355,129,34,95
15081,03356,0,0,0
15081,03357,0,0,0
15081,03358,40,0,40
15081,03359,39,23,16
15081,03360,1176,220,956
15081,03361,29,0,29
15081,03401,0,0,0
15081,03402,0,0,0
15081,03403,0,0,0
15081,03404,0,0,0
15081,03405,0,0,0
15081,03451,0,0,0
15081,03452,0,0,0
15081,03453,0,0,0
15081,03454,103,0,103
15081,03455,0,0,0
15081,03456,0,0,0
15081,03457,10,0,10
15081,03458,0,0,0
15081,03459,15,0,15
15081,03460,0,0,0
15081,03461,10,0,10
15081,03462,0,0,0
15081,04011,37,14,23
15081,04012,0,0,0
15081,05111,11,0,11
15081,05112,0,0,0
15081,05113,0,0,0
15081,05114,0,0,0
15081,05116,18,0,18
15081,05117,14,0,14
15081,05119,0,0,0
15081,05120,0,0,0
15081,05122,0,0,0
15081,05124,0,0,0
15081,05154,0,0,0
15081,05158,0,0,0
15081,05162,0,0,0
15081,05166,0,0,0
15081,05170,0,0,0
15081,05314,0,0,0
15081,05315,15,0,15
15081,05316,0,0,0
15081,05334,0,0,0
15081,05358,0,0,0
15081,05362,10,0,10
15081,05366,0,0,0
15081,05370,0,0,0
15081,05374,23,0,23
15081,05378,0,0,0
15081,05382,0,0,0
15081,05512,0,0,0
15081,05513,0,0,0
15081,05515,0,0,0
15081,05554,0,0,0
15081,05558,0,0,0
15081,05562,0,0,0
15081,05566,0,0,0
15081,05570,0,0,0
15081,05711,0,0,0
15081,05754,11,0,11
15081,05758,0,0,0
15081,05762,0,0,0
15081,05766,0,0,0
15081,05770,0,0,0
15081,05774,0,0,0
15081,05911,0,0,0
15081,05913,0,0,0
15081,05914,0,0,0
15081,05915,0,0,0
15081,05916,0,0,0
15081,05954,0,0,0
15081,05958,0,0,0
15081,05962,0,0,0
15081,05966,0,0,0
15081,05970,0,0,0
15081,05974,0,0,0
15081,05978,0,0,0
15081,06411,0,0,0
15081,06412,17,0,17
15081,06413,0,0,0
15081,06414,0,0,0
15081,06431,0,0,0
15081,06432,0,0,0
15081,06433,0,0,0
15081,06434,0,0,0
15081,06435,13,0,13
15081,06436,0,0,0
15081,06437,0,0,0
15081,06438,10,0,10
15081,06439,0,0,0
15081,06440,0,0,0
15081,06531,0,0,0
15081,06532,0,0,0
15081,06533,0,0,0
15081,06534,0,0,0
15081,06535,0,0,0
15081,06611,0,0,0
15081,06631,0,0,0
15081,06632,0,0,0
15081,06633,0,0,0
15081,06634,0,0,0
15081,06635,0,0,0
15081,06636,0,0,0
15081,07111,0,0,0
15081,07131,0,0,0
15081,07132,0,0,0
15081,07133,21,0,21
15081,07134,0,0,0
15081,07135,0,0,0
15081,07137,0,0,0
15081,07138,0,0,0
15081,07140,0,0,0
15081,07141,0,0,0
15081,07143,0,0,0
15081,07211,0,0,0
15081,07231,0,0,0
15081,07232,0,0,0
15081,07233,0,0,0
15081,07235,0,0,0
15081,07311,0,0,0
15081,07312,0,0,0
15081,07313,0,0,0
15081,07314,0,0,0
15081,07315,0,0,0
15081,07316,0,0,0
15081,07317,0,0,0
15081,07318,0,0,0
15081,07319,0,0,0
15081,07320,0,0,0
15081,07331,0,0,0
15081,07332,0,0,0
15081,07333,0,0,0
15081,07334,0,0,0
15081,07335,0,0,0
15081,07336,0,0,0
15081,07337,0,0,0
15081,07338,0,0,0
15081,07339,0,0,0
15081,07340,0,0,0
15081,08111,0,0,0
15081,08115,14,0,14
15081,08116,0,0,0
15081,08117,0,0,0
15081,08118,0,0,0
15081,08119,14,0,14
15081,08121,0,0,0
15081,08125,0,0,0
15081,08126,0,0,0
15081,08127,0,0,0
15081,08128,0,0,0
15081,08135,0,0,0
15081,08136,0,0,0
15081,08211,0,0,0
15081,08212,0,0,0
15081,08215,0,0,0
15081,08216,0,0,0
15081,08221,0,0,0
15081,08222,0,0,0
15081,08225,0,0,0
15081,08226,0,0,0
15081,08231,0,0,0
15081,08235,0,0,0
15081,08236,10,10,0
15081,08237,0,0,0
15081,08311,0,0,0
15081,08315,0,0,0
15081,08316,0,0,0
15081,08317,0,0,0
15081,08325,0,0,0
15081,08326,0,0,0
15081,08327,0,0,0
15081,08335,0,0,0
15081,08336,0,0,0
15081,08337,0,0,0
15081,08415,0,0,0
15081,08416,0,0,0
15081,08417,0,0,0
15081,08421,0,0,0
15081,08425,0,0,0
15081,08426,0,0,0
15081,08435,0,0,0
15081,08436,0,0,0
15081,08437,0,0,0
15081,09161,0,0,0
15081,09162,20,0,20
15081,09163,0,0,0
15081,09171,0,0,0
15081,09172,0,0,0
15081,09173,0,0,0
15081,09174,0,0,0
15081,09175,0,0,0
15081,09176,0,0,0
15081,09177,0,0,0
15081,09178,0,0,0
15081,09179,0,0,0
15081,09180,0,0,0
15081,09181,0,0,0
15081,09182,0,0,0
15081,09183,0,0,0
15081,09184,0,0,0
15081,09185,0,0,0
15081,09186,0,0,0
15081,09187,0,0,0
15081,09188,0,0,0
15081,09189,0,0,0
15081,09190,0,0,0
15081,09261,0,0,0
15081,09262,0,0,0
15081,09263,0,0,0
15081,09271,0,0,0
15081,09272,0,0,0
15081,09273,0,0,0
15081,09274,0,0,0
15081,09275,0,0,0
15081,09276,0,0,0
15081,09277,0,0,0
15081,09278,0,0,0
15081,09279,0,0,0
15081,09361,0,0,0
15081,09362,0,0,0
15081,09363,0,0,0
15081,09371,0,0,0
15081,09372,0,0,0
15081,09373,0,0,0
15081,09374,0,0,0
15081,09375,0,0,0
15081,09376,0,0,0
15081,09377,0,0,0
15081,09461,0,0,0
15081,09462,0,0,0
15081,09463,0,0,0
15081,09464,0,0,0
15081,09471,0,0,0
15081,09472,0,0,0
15081,09473,0,0,0
15081,09474,0,0,0
15081,09475,0,0,0
15081,09476,0,0,0
15081,09477,0,0,0
15081,09478,0,0,0
15081,09479,0,0,0
15081,09561,0,0,0
15081,09562,0,0,0
15081,09563,0,0,0
15081,09564,10,0,10
15081,09565,0,0,0
15081,09571,0,0,0
15081,09572,0,0,0
15081,09573,0,0,0
15081,09574,0,0,0
15081,09575,0,0,0
15081,09576,0,0,0
15081,09577,0,0,0
15081,09661,0,0,0
15081,09662,0,0,0
15081,09663,0,0,0
15081,09671,0,0,0
15081,09672,0,0,0
15081,09673,0,0,0
15081,09674,0,0,0
15081,09675,0,0,0
15081,09676,0,0,0
15081,09677,0,0,0
15081,09678,0,0,0
15081,09679,0,0,0
15081,09761,0,0,0
15081,09762,0,0,0
15081,09763,0,0,0
15081,09764,0,0,0
15081,09771,0,0,0
15081,09772,0,0,0
15081,09773,0,0,0
15081,09774,0,0,0
15081,09775,0,0,0
15081,09776,0,0,0
15081,09777,0,0,0
15081,09778,0,0,0
15081,09779,0,0,0
15081,09780,0,0,0
15081,10041,0,0,0
15081,10042,0,0,0
15081,10043,0,0,0
15081,10044,0,0,0
15081,10045,0,0,0
15081,10046,0,0,0
15081,11000,220,35,185
15081,12051,13,0,13
15081,12052,0,0,0
15081,12053,0,0,0
15081,12054,18,0,18
15081,12060,0,0,0
15081,12061,11,0,11
15081,12062,49,0,49
15081,12063,43,22,21
15081,12064,0,0,0
15081,12065,0,0,0
15081,12066,0,0,0
15081,12067,0,0,0
15081,12068,29,16,13
15081,12069,29,18,11
15081,12070,157,71,86
15081,12071,0,0,0
15081,12072,13,0,13
15081,12073,0,0,0
15081,13003,10,0,10
15081,13004,12,12,0
15081,13071,14,14,0
15081,13072,14,0,14
15081,13073,30,18,12
15081,13074,10,0,10
15081,13075,14,14,0
15081,13076,60,36,24
15081,14511,0,0,0
15081,14521,0,0,0
15081,14522,0,0,0
15081,14523,0,0,0
15081,14524,0,0,0
15081,14612,40,16,24
15081,14625,12,12,0
15081,14626,0,0,0
15081,14627,0,0,0
15081,14628,0,0,0
15081,14713,70,18,52
15081,14729,0,0,0
15081,14730,0,0,0
15081,15001,29,10,19
15081,15002,63,14,49
15081,15003,917,238,679
15081,15081,0,0,0
15081,15082,17,0,17
15081,15083,2101,737,1364
15081,15084,0,0,0
15081,15085,89,48,41
15081,15086,185,127,58
15081,15087,28,13,15
15081,15088,26,10,16
15081,15089,146,91,55
15081,15090,3726,2236,1490
15081,15091,0,0,0
15081,16051,10,0,10
15081,16052,0,0,0
15081,16053,22,0,22
15081,16054,0,0,0
15081,16055,0,0,0
15081,16056,0,0,0
15081,16061,0,0,0
15081,16062,0,0,0
15081,16063,0,0,0
15081,16064,0,0,0
15081,16065,0,0,0
15081,16066,0,0,0
15081,16067,0,0,0
15081,16068,0,0,0
15081,16069,0,0,0
15081,16070,0,0,0
15081,16071,0,0,0
15081,16072,0,0,0
15081,16073,0,0,0
15081,16074,0,0,0
15081,16075,0,0,0
15081,16076,0,0,0
15081,16077,0,0,0
15082,01001,26,0,26
15082,01002,0,0,0
15082,01003,0,0,0
15082,01004,0,0,0
15082,01051,0,0,0
15082,01053,0,0,0
15082,01054,0,0,0
15082,01055,0,0,0
15082,01056,0,0,0
15082,01057,0,0,0
15082,01058,10,0,10
15082,01059,0,0,0
15082,01060,11,0,11
15082,01061,0,0,0
15082,01062,17,0,17
15082,02000,123,23,100
15082,03101,30,0,30
15082,03102,0,0,0
15082,03103,41,0,41
15082,03151,17,0,17
15082,03153,0,0,0
15082,03154,14,14,0
15082,03155,0,0,0
15082,03157,0,0,0
15082,03158,0,0,0
15082,03159,16,0,16
15082,03241,161,36,125
15082,03251,34,17,17
15082,03252,0,0,0
15082,03254,18,0,18
15082,03255,0,0,0
15082,03256,13,0,13
15082,03257,0,0,0
15082,03351,0,0,0
15082,03352,0,0,0
15082,03353,12,0,12
15082,03354,0,0,0
15082,03355,0,0,0
15082,03356,0,0,0
15082,03357,0,0,0
15082,03358,0,0,0
15082,03359,33,19,14
15082,03360,0,0,0
15082,03361,0,0,0
15082,03401,0,0,0
15082,03402,0,0,0
15082,03403,0,0,0
15082,03404,26,0,26
15082,03405,0,0,0
15082,03451,0,0,0
15082,03452,0,0,0
15082,03453,22,10,12
15082,03454,24,0,24
15082,03455,0,0,0
15082,03456,19,0,19
15082,03457,0,0,0
15082,03458,0,0,0
15082,03459,242,0,242
15082,03460,18,0,18
15082,03461,0,0,0
15082,03462,0,0,0
15082,04011,29,10,19
15082,04012,0,0,0
15082,05111,35,0,35
15082,05112,14,0,14
15082,05113,33,0,33
15082,05114,0,0,0
15082,05116,0,0,0
15082,05117,0,0,0
15082,05119,0,0,0
15082,05120,0,0,0
15082,05122,0,0,0
15082,05124,0,0,0
15082,05154,11,0,11
15082,05158,20,0,20
15082,05162,22,0,22
15082,05166,22,0,22
15082,05170,19,0,19
15082,05314,27,12,15
15082,05315,41,0,41
15082,05316,0,0,0
15082,05334,0,0,0
15082,05358,0,0,0
15082,05362,12,0,12
15082,05366,0,0,0
15082,05370,0,0,0
15082,05374,0,0,0
15082,05378,0,0,0
15082,05382,27,14,13
15082,05512,0,0,0
15082,05513,0,0,0
15082,05515,0,0,0
15082,05554,0,0,0
15082,05558,0,0,0
15082,05562,13,13,0
15082,05566,26,0,26
15082,05570,17,0,17
15082,05711,10,0,10
15082,05754,49,0,49
15082,05758,13,0,13
15082,05762,0,0,0
15082,05766,0,0,0
15082,05770,33,0,33
15082,05774,0,0,0
15082,05911,15,0,15
15082,05913,45,31,14
15082,05914,0,0,0
15082,05915,0,0,0
15082,05916,0,0,0
15082,05954,0,0,0
15082,05958,0,0,0
15082,05962,20,0,20
15082,05966,0,0,0
15082,05970,14,0,14
15082,05974,0,0,0
15082,05978,0,0,0
15082,06411,0,0,0
15082,06412,108,0,108
15082,06413,0,0,0
15082,06414,16,0,16
15082,06431,0,0,0
15082,06432,14,0,14
15082,06433,11,0,11
15082,06434,18,0,18
15082,06435,0,0,0
15082,06436,0,0,0
15082,06437,0,0,0
15082,06438,100,0,100
15082,06439,0,0,0
15082,06440,15,0,15
15082,06531,0,0,0
15082,06532,0,0,0
15082,06533,20,0,20
15082,06534,0,0,0
15082,06535,0,0,0
15082,06611,0,0,0
15082,06631,13,0,13
15082,06632,0,0,0
15082,06633,0,0,0
15082,06634,0,0,0
15082,06635,0,0,0
15082,06636,0,0,0
15082,07111,0,0,0
15082,07131,0,0,0
15082,07132,0,0,0
15082,07133,0,0,0
15082,07134,0,0,0
15082,07135,0,0,0
15082,07137,0,0,0
15082,07138,0,0,0
15082,07140,0,0,0
15082,07141,0,0,0
15082,07143,0,0,0
15082,07211,0,0,0
15082,07231,0,0,0
15082,07232,0,0,0
15082,07233,0,0,0
15082,07235,0,0,0
15082,07311,0,0,0
15082,07312,0,0,0
15082,07313,0,0,0
15082,07314,11,0,11
15082,07315,20,0,20
15082,07316,0,0,0
15082,07317,0,0,0
15082,07318,0,0,0
15082,07319,0,0,0
15082,07320,0,0,0
15082,07331,0,0,0
15082,07332,0,0,0
15082,07333,0,0,0
15082,07334,0,0,0
15082,07335,0,0,0
15082,07336,0,0,0
15082,07337,0,0,0
15082,07338,0,0,0
15082,07339,0,0,0
15082,07340,0,0,0
15082,08111,30,0,30
15082,08115,13,0,13
15082,08116,22,0,22
15082,08117,14,0,14
15082,08118,11,0,11
15082,08119,21,0,21
15082,08121,0,0,0
15082,08125,0,0,0
15082,08126,0,0,0
15082,08127,11,0,11
15082,08128,0,0,0
15082,08135,0,0,0
15082,08136,0,0,0
15082,08211,0,0,0
15082,08212,10,0,10
15082,08215,27,0,27
15082,08216,0,0,0
15082,08221,0,0,0
15082,08222,18,0,18
15082,08225,15,0,15
15082,08226,14,0,14
15082,08231,0,0,0
15082,08235,0,0,0
15082,08236,0,0,0
15082,08237,0,0,0
15082,08311,0,0,0
15082,08315,0,0,0
15082,08316,0,0,0
15082,08317,10,0,10
15082,08325,0,0,0
15082,08326,0,0,0
15082,08327,0,0,0
15082,08335,0,0,0
15082,08336,0,0,0
15082,08337,0,0,0
15082,08415,0,0,0
15082,08416,0,0,0
15082,08417,0,0,0
15082,08421,0,0,0
15082,08425,0,0,0
15082,08426,0,0,0
15082,08435,0,0,0
15082,08436,0,0,0
15082,08437,0,0,0
15082,09161,14,0,14
15082,09162,98,13,85
15082,09163,0,0,0
15082,09171,23,23,0
15082,09172,0,0,0
15082,09173,0,0,0
15082,09174,0,0,0
15082,09175,0,0,0
15082,09176,0,0,0
15082,09177,10,0,10
15082,09178,11,0,11
15082,09179,0,0,0
15082,09180,0,0,0
15082,09181,0,0,0
15082,09182,0,0,0
15082,09183,0,0,0
15082,09184,48,0,48
15082,09185,0,0,0
15082,09186,12,0,12
15082,09187,0,0,0
15082,09188,21,0,21
15082,09189,0,0,0
15082,09190,0,0,0
15082,09261,0,0,0
15082,09262,0,0,0
15082,09263,0,0,0
15082,09271,18,0,18
15082,09272,0,0,0
15082,09273,13,0,13
15082,09274,21,21,0
15082,09275,0,0,0
15082,09276,0,0,0
15082,09277,0,0,0
15082,09278,25,0,25
15082,09279,0,0,0
15082,09361,0,0,0
15082,09362,0,0,0
15082,09363,0,0,0
15082,09371,0,0,0
15082,09372,0,0,0
15082,09373,0,0,0
15082,09374,0,0,0
15082,09375,26,0,26
15082,09376,0,0,0
15082,09377,0,0,0
15082,09461,0,0,0
15082,09462,0,0,0
15082,09463,0,0,0
15082,09464,0,0,0
15082,09471,0,0,0
15082,09472,0,0,0
15082,09473,0,0,0
15082,09474,0,0,0
15082,09475,0,0,0
15082,09476,0,0,0
15082,09477,0,0,0
15082,09478,0,0,0
15082,09479,0,0,0
15082,09561,0,0,0
15082,09562,0,0,0
15082,09563,0,0,0
15082,09564,52,0,52
15082,09565,0,0,0
15082,09571,0,0,0
15082,09572,0,0,0
15082,09573,0,0,0
15082,09574,0,0,0
15082,09575,0,0,0
15082,09576,0,0,0
15082,09577,0,0,0
15082,09661,0,0,0
15082,09662,0,0,0
15082,09663,0,0,0
15082,09671,0,0,0
15082,09672,0,0,0
15082,09673,0,0,0
15082,09674,0,0,0
15082,09675,16,0,16
15082,09676,0,0,0
15082,09677,0,0,0
15082,09678,0,0,0
15082,09679,0,0,0
15082,09761,0,0,0
15082,09762,0,0,0
15082,09763,0,0,0
15082,09764,0,0,0
15082,09771,0,0,0
15082,09772,0,0,0
15082,09773,0,0,0
15082,09774,0,0,0
15082,09775,59,0,59
15082,09776,0,0,0
15082,09777,0,0,0
15082,09778,0,0,0
15082,09779,0,0,0
15082,09780,0,0,0
15082,10041,0,0,0
15082,10042,0,0,0
15082,10043,0,0,0
15082,10044,0,0,0
15082,10045,0,0,0
15082,10046,0,0,0
15082,11000,749,186,563
15082,12051,24,0,24
15082,12052,13,0,13
15082,12053,32,10,22
15082,12054,45,12,33
15082,12060,16,16,0
15082,12061,85,74,11
15082,12062,39,16,23
15082,12063,30,12,18
15082,12064,65,43,22
15082,12065,35,15,20
15082,12066,101,27,74
15082,12067,51,27,24
15082,12068,0,0,0
15082,12069,148,80,68
15082,12070,78,78,0
15082,12071,42,30,12
15082,12072,110,73,37
15082,12073,26,26,0
15082,13003,13,0,13
15082,13004,0,0,0
15082,13071,29,19,10
15082,13072,33,17,16
15082,13073,26,26,0
15082,13074,0,0,0
15082,13075,19,19,0
15082,13076,15,15,0
15082,14511,102,26,76
15082,14521,51,41,10
15082,14522,79,39,40
15082,14523,32,14,18
15082,14524,99,55,44
15082,14612,159,58,101
15082,14625,42,26,16
15082,14626,28,18,10
15082,14627,75,43,32
15082,14628,37,23,14
15082,14713,3492,1377,2115
15082,14729,422,241,181
15082,14730,2979,1300,1679
15082,15001,7969,2748,5221
15082,15002,4135,1491,2644
15082,15003,1054,265,789
15082,15081,17,17,0
15082,15082,0,0,0
15082,15083,227,100,127
15082,15084,274,160,114
15082,15085,152,87,65
15082,15086,1155,715,440
15082,15087,368,209,159
15082,15088,3871,1445,2426
15082,15089,2937,1501,1436
15082,15090,68,23,45
15082,15091,3367,2108,1259
15082,16051,88,19,69
15082,16052,27,12,15
15082,16053,47,13,34
15082,16054,18,0,18
15082,16055,0,0,0
15082,16056,11,11,0
15082,16061,27,0,27
15082,16062,0,0,0
15082,16063,0,0,0
15082,16064,26,15,11
15082,16065,17,17,0
15082,16066,39,0,39
15082,16067,33,21,12
15082,16068,14,14,0
15082,16069,0,0,0
15082,16070,11,0,11
15082,16071,0,0,0
15082,16072,0,0,0
15082,16073,0,0,0
15082,16074,66,27,39
15082,16075,0,0,0
15082,16076,17,17,0
15082,16077,12,12,0
15083,01001,0,0,0
15083,01002,14,0,14
15083,01003,41,0,41
15083,01004,0,0,0
15083,01051,0,0,0
15083,01053,0,0,0
15083,01054,27,0,27
15083,01055,10,0,10
15083,01056,17,0,17
15083,01057,0,0,0
15083,01058,0,0,0
15083,01059,0,0,0
15083,01060,0,0,0
15083,01061,17,0,17
15083,01062,13,0,13
15083,02000,181,28,153
15083,03101,1194,114,1080
15083,03102,157,19,138
15083,03103,3711,129,3582
15083,03151,476,84,392
15083,03153,63,22,41
15083,03154,4049,771,3278
15083,03155,32,10,22
15083,03157,145,48,97
15083,03158,379,84,295
15083,03159,50,16,34
15083,03241,658,84,574
15083,03251,38,14,24
15083,03252,0,0,0
15083,03254,80,18,62
15083,03255,0,0,0
15083,03256,19,0,19
15083,03257,0,0,0
15083,03351,61,0,61
15083,03352,11,0,11
15083,03353,25,0,25
15083,03354,19,19,0
15083,03355,19,0,19
15083,03356,0,0,0
15083,03357,15,0,15
15083,03358,29,13,16
15083,03359,0,0,0
15083,03360,20,0,20
15083,03361,23,0,23
15083,03401,17,0,17
15083,03402,0,0,0
15083,03403,13,0,13
15083,03404,17,0,17
15083,03405,0,0,0
15083,03451,0,0,0
15083,03452,12,0,12
15083,03453,22,0,22
15083,03454,66,0,66
15083,03455,0,0,0
15083,03456,0,0,0
15083,03457,11,0,11
15083,03458,14,0,14
15083,03459,28,0,28
15083,03460,18,0,18
15083,03461,10,0,10
15083,03462,0,0,0
15083,04011,37,0,37
15083,04012,0,0,0
15083,05111,39,0,39
15083,05112,0,0,0
15083,05113,20,0,20
15083,05114,0,0,0
15083,05116,39,0,39
15083,05117,0,0,0
15083,05119,0,0,0
15083,05120,0,0,0
15083,05122,0,0,0
15083,05124,13,0,13
15083,05154,10,10,0
15083,05158,20,0,20
15083,05162,10,0,10
15083,05166,13,0,13
15083,05170,18,0,18
15083,05314,0,0,0
15083,05315,69,0,69
15083,05316,15,0,15
15083,05334,0,0,0
15083,05358,0,0,0
15083,05362,13,0,13
15083,05366,0,0,0
15083,05370,0,0,0
15083,05374,26,0,26
15083,05378,0,0,0
15083,05382,20,0,20
15083,05512,0,0,0
15083,05513,14,0,14
15083,05515,0,0,0
15083,05554,0,0,0
15083,05558,0,0,0
15083,05562,11,0,11
15083,05566,37,14,23
15083,05570,0,0,0
15083,05711,0,0,0
15083,05754,41,0,41
15083,05758,18,0,18
15083,05762,0,0,0
15083,05766,30,0,30
15083,05770,26,0,26
15083,05774,11,0,11
15083,05911,10,0,10
15083,05913,19,0,19
15083,05914,0,0,0
15083,05915,0,0,0
15083,05916,0,0,0
15083,05954,0,0,0
15083,05958,0,0,0
15083,05962,20,0,20
15083,05966,0,0,0
15083,05970,0,0,0
15083,05974,14,0,14
15083,05978,13,0,13
15083,06411,0,0,0
15083,06412,48,0,48
15083,06413,0,0,0
15083,06414,13,0,13
15083,06431,0,0,0
15083,06432,10,0,10
15083,06433,34,0,34
15083,06434,19,0,19
15083,06435,50,0,50
15083,06436,14,0,14
15083,06437,0,0,0
15083,06438,23,0,23
15083,06439,0,0,0
15083,06440,0,0,0
15083,06531,0,0,0
15083,06532,0,0,0
15083,06533,0,0,0
15083,06534,0,0,0
15083,06535,0,0,0
15083,06611,13,0,13
15083,06631,0,0,0
15083,06632,14,0,14
15083,06633,0,0,0
15083,06634,0,0,0
15083,06635,0,0,0
15083,06636,0,0,0
15083,07111,0,0,0
15083,07131,0,0,0
15083,07132,0,0,0
15083,07133,0,0,0
15083,07134,0,0,0
15083,07135,0,0,0
15083,07137,0,0,0
15083,07138,0,0,0
15083,07140,0,0,0
15083,07141,10,0,10
15083,07143,0,0,0
15083,07211,0,0,0
15083,07231,0,0,0
15083,07232,0,0,0
15083,07233,0,0,0
15083,07235,0,0,0
15083,07311,0,0,0
15083,07312,0,0,0
15083,07313,0,0,0
15083,07314,0,0,0
15083,07315,0,0,0
15083,07316,0,0,0
15083,07317,0,0,0
15083,07318,0,0,0
15083,07319,0,0,0
15083,07320,0,0,0
15083,07331,0,0,0
15083,07332,0,0,0
15083,07333,0,0,0
15083,07334,0,0,0
15083,07335,0,0,0
15083,07336,0,0,0
15083,07337,0,0,0
15083,07338,0,0,0
15083,07339,0,0,0
15083,07340,0,0,0
15083,08111,32,0,32
15083,08115,0,0,0
15083,08116,16,0,16
15083,08117,0,0,0
15083,08118,11,0,11
15083,08119,16,0,16
15083,08121,0,0,0
15083,08125,0,0,0
15083,08126,0,0,0
15083,08127,0,0,0
15083,08128,0,0,0
15083,08135,0,0,0
15083,08136,0,0,0
15083,08211,0,0,0
15083,08212,0,0,0
15083,08215,10,0,10
15083,08216,0,0,0
15083,08221,0,0,0
15083,08222,19,0,19
15083,08225,0,0,0
15083,08226,0,0,0
15083,08231,0,0,0
15083,08235,0,0,0
15083,08236,0,0,0
15083,08237,0,0,0
15083,08311,0,0,0
15083,08315,0,0,0
15083,08316,0,0,0
15083,08317,0,0,0
15083,08325,0,0,0
15083,08326,0,0,0
15083,08327,0,0,0
15083,08335,0,0,0
15083,08336,0,0,0
15083,08337,0,0,0
15083,08415,0,0,0
15083,08416,0,0,0
15083,08417,0,0,0
15083,08421,0,0,0
15083,08425,0,0,0
15083,08426,23,0,23
15083,08435,26,0,26
15083,08436,0,0,0
15083,08437,0,0,0
15083,09161,0,0,0
15083,09162,56,0,56
15083,09163,0,0,0
15083,09171,0,0,0
15083,09172,0,0,0
15083,09173,0,0,0
15083,09174,0,0,0
15083,09175,0,0,0
15083,09176,0,0,0
15083,09177,0,0,0
15083,09178,0,0,0
15083,09179,0,0,0
15083,09180,0,0,0
15083,09181,0,0,0
15083,09182,0,0,0
15083,09183,0,0,0
15083,09184,26,0,26
15083,09185,10,10,0
15083,09186,0,0,0
15083,09187,0,0,0
15083,09188,0,0,0
15083,09189,0,0,0
15083,09190,0,0,0
15083,09261,0,0,0
15083,09262,0,0,0
15083,09263,0,0,0
15083,09271,0,0,0
15083,09272,0,0,0
15083,09273,0,0,0
15083,09274,0,0,0
15083,09275,0,0,0
15083,09276,0,0,0
15083,09277,0,0,0
15083,09278,0,0,0
15083,09279,0,0,0
15083,09361,0,0,0
15083,09362,0,0,0
15083,09363,0,0,0
15083,09371,0,0,0
15083,09372,0,0,0
15083,09373,0,0,0
15083,09374,0,0,0
15083,09375,0,0,0
15083,09376,0,0,0
15083,09377,0,0,0
15083,09461,0,0,0
15083,09462,0,0,0
15083,09463,0,0,0
15083,09464,0,0,0
15083,09471,0,0,0
15083,09472,0,0,0
15083,09473,0,0,0
15083,09474,0,0,0
15083,09475,0,0,0
15083,09476,0,0,0
15083,09477,0,0,0
15083,09478,0,0,0
15083,09479,0,0,0
15083,09561,0,0,0
15083,09562,0,0,0
15083,09563,0,0,0
15083,09564,32,0,32
15083,09565,0,0,0
15083,09571,0,0,0
15083,09572,0,0,0
15083,09573,0,0,0
15083,09574,0,0,0
15083,09575,0,0,0
15083,09576,0,0,0
15083,09577,0,0,0
15083,09661,0,0,0
15083,09662,0,0,0
15083,09663,0,0,0
15083,09671,12,12,0
15083,09672,0,0,0
15083,09673,0,0,0
15083,09674,0,0,0
15083,09675,0,0,0
15083,09676,0,0,0
15083,09677,0,0,0
15083,09678,0,0,0
15083,09679,0,0,0
15083,09761,0,0,0
15083,09762,0,0,0
15083,09763,0,0,0
15083,09764,0,0,0
15083,09771,0,0,0
15083,09772,0,0,0
15083,09773,0,0,0
15083,09774,0,0,0
15083,09775,0,0,0
15083,09776,11,0,11
15083,09777,0,0,0
15083,09778,0,0,0
15083,09779,0,0,0
15083,09780,0,0,0
15083,10041,10,0,10
15083,10042,0,0,0
15083,10043,0,0,0
15083,10044,0,0,0
15083,10045,0,0,0
15083,10046,0,0,0
15083,11000,613,132,481
15083,12051,44,14,30
15083,12052,14,0,14
15083,12053,0,0,0
15083,12054,55,15,40
15083,12060,41,19,22
15083,12061,60,16,44
15083,12062,30,0,30
15083,12063,53,37,16
15083,12064,74,17,57
15083,12065,37,16,21
15083,12066,10,0,10
15083,12067,28,12,16
15083,12068,11,11,0
15083,12069,77,42,35
15083,12070,31,19,12
15083,12071,17,17,0
15083,12072,60,23,37
15083,12073,11,0,11
15083,13003,10,0,10
15083,13004,26,0,26
15083,13071,17,17,0
15083,13072,31,15,16
15083,13073,14,14,0
15083,13074,0,0,0
15083,13075,25,15,10
15083,13076,29,15,14
15083,14511,20,0,20
15083,14521,0,0,0
15083,14522,0,0,0
15083,14523,0,0,0
15083,14524,21,0,21
15083,14612,78,11,67
15083,14625,13,13,0
15083,14626,0,0,0
15083,14627,56,26,30
15083,14628,28,13,15
15083,14713,256,54,202
15083,14729,51,20,31
15083,14730,67,31,36
15083,15001,99,39,60
15083,15002,314,87,227
15083,15003,25707,10406,15301
15083,15081,2101,1364,737
15083,15082,227,127,100
15083,15083,0,0,0
15083,15084,128,68,60
15083,15085,2395,1294,1101
15083,15086,2231,1321,910
15083,15087,241,156,85
15083,15088,156,94,62
15083,15089,4356,3029,1327
15083,15090,1643,1068,575
15083,15091,66,35,31
15083,16051,200,13,187
15083,16052,11,0,11
15083,16053,14,0,14
15083,16054,0,0,0
15083,16055,0,0,0
15083,16056,0,0,0
15083,16061,0,0,0
15083,16062,14,0,14
15083,16063,0,0,0
15083,16064,0,0,0
15083,16065,14,14,0
15083,16066,0,0,0
15083,16067,11,11,0
15083,16068,0,0,0
15083,16069,0,0,0
15083,16070,0,0,0
15083,16071,0,0,0
15083,16072,0,0,0
15083,16073,0,0,0
15083,16074,0,0,0
15083,16075,0,0,0
15083,16076,0,0,0
15083,16077,0,0,0
15084,01001,0,0,0
15084,01002,0,0,0
15084,01003,0,0,0
15084,01004,0,0,0
15084,01051,0,0,0
15084,01053,0,0,0
15084,01054,0,0,0
15084,01055,0,0,0
15084,01056,0,0,0
15084,01057,0,0,0
15084,01058,10,0,10
15084,01059,0,0,0
15084,01060,0,0,0
15084,01061,0,0,0
15084,01062,0,0,0
15084,02000,98,0,98
15084,03101,30,0,30
15084,03102,0,0,0
15084,03103,17,0,17
15084,03151,0,0,0
15084,03153,0,0,0
15084,03154,24,24,0
15084,03155,11,0,11
15084,03157,0,0,0
15084,03158,0,0,0
15084,03159,16,0,16
15084,03241,123,0,123
15084,03251,130,0,130
15084,03252,0,0,0
15084,03254,11,0,11
15084,03255,0,0,0
15084,03256,494,0,494
15084,03257,0,0,0
15084,03351,16,16,0
15084,03352,0,0,0
15084,03353,0,0,0
15084,03354,0,0,0
15084,03355,0,0,0
15084,03356,16,0,16
15084,03357,21,11,10
15084,03358,73,73,0
15084,03359,12,0,12
15084,03360,0,0,0
15084,03361,13,0,13
15084,03401,0,0,0
15084,03402,0,0,0
15084,03403,0,0,0
15084,03404,17,0,17
15084,03405,0,0,0
15084,03451,0,0,0
15084,03452,0,0,0
15084,03453,50,14,36
15084,03454,143,21,122
15084,03455,0,0,0
15084,03456,0,0,0
15084,03457,0,0,0
15084,03458,0,0,0
15084,03459,428,0,428
15084,03460,16,0,16
15084,03461,0,0,0
15084,03462,0,0,0
15084,04011,27,0,27
15084,04012,0,0,0
15084,05111,270,0,270
15084,05112,14,0,14
15084,05113,32,0,32
15084,05114,16,0,16
15084,05116,0,0,0
15084,05117,0,0,0
15084,05119,19,0,19
15084,05120,0,0,0
15084,05122,0,0,0
15084,05124,0,0,0
15084,05154,12,0,12
15084,05158,18,0,18
15084,05162,20,0,20
15084,05166,0,0,0
15084,05170,12,0,12
15084,05314,0,0,0
15084,05315,70,0,70
15084,05316,0,0,0
15084,05334,10,0,10
15084,05358,0,0,0
15084,05362,32,0,32
15084,05366,0,0,0
15084,05370,0,0,0
15084,05374,0,0,0
15084,05378,0,0,0
15084,05382,13,0,13
15084,05512,0,0,0
15084,05513,14,0,14
15084,05515,13,0,13
15084,05554,12,0,12
15084,05558,0,0,0
15084,05562,14,0,14
15084,05566,58,0,58
15084,05570,59,47,12
15084,05711,15,15,0
15084,05754,883,145,738
15084,05758,10,0,10
15084,05762,0,0,0
15084,05766,31,16,15
15084,05770,19,0,19
15084,05774,10,0,10
15084,05911,0,0,0
15084,05913,30,0,30
15084,05914,0,0,0
15084,05915,0,0,0
15084,05916,12,0,12
15084,05954,0,0,0
15084,05958,0,0,0
15084,05962,0,0,0
15084,05966,0,0,0
15084,05970,17,0,17
15084,05974,12,0,12
15084,05978,22,0,22
15084,06411,0,0,0
15084,06412,122,0,122
15084,06413,0,0,0
15084,06414,16,0,16
15084,06431,18,0,18
15084,06432,12,0,12
15084,06433,13,0,13
15084,06434,81,0,81
15084,06435,28,0,28
15084,06436,19,0,19
15084,06437,0,0,0
15084,06438,92,0,92
15084,06439,15,0,15
15084,06440,0,0,0
15084,06531,0,0,0
15084,06532,0,0,0
15084,06533,0,0,0
15084,06534,0,0,0
15084,06535,0,0,0
15084,06611,25,0,25
15084,06631,14,0,14
15084,06632,22,0,22
15084,06633,12,0,12
15084,06634,12,0,12
15084,06635,108,0,108
15084,06636,11,11,0
15084,07111,0,0,0
15084,07131,0,0,0
15084,07132,0,0,0
15084,07133,0,0,0
15084,07134,0,0,0
15084,07135,13,13,0
15084,07137,13,0,13
15084,07138,0,0,0
15084,07140,0,0,0
15084,07141,0,0,0
15084,07143,13,0,13
15084,07211,0,0,0
15084,07231,0,0,0
15084,07232,0,0,0
15084,07233,0,0,0
15084,07235,0,0,0
15084,07311,0,0,0
15084,07312,0,0,0
15084,07313,0,0,0
15084,07314,0,0,0
15084,07315,0,0,0
15084,07316,0,0,0
15084,07317,0,0,0
15084,07318,0,0,0
15084,07319,0,0,0
15084,07320,0,0,0
15084,07331,0,0,0
15084,07332,0,0,0
15084,07333,0,0,0
15084,07334,0,0,0
15084,07335,0,0,0
15084,07336,0,0,0
15084,07337,10,0,10
15084,07338,0,0,0
15084,07339,0,0,0
15084,07340,0,0,0
15084,08111,51,0,51
15084,08115,26,0,26
15084,08116,33,0,33
15084,08117,15,0,15
15084,08118,23,0,23
15084,08119,11,0,11
15084,08121,11,0,11
15084,08125,31,0,31
15084,08126,24,0,24
15084,08127,23,0,23
15084,08128,0,0,0
15084,08135,0,0,0
15084,08136,12,0,12
15084,08211,0,0,0
15084,08212,15,0,15
15084,08215,19,0,19
15084,08216,0,0,0
15084,08221,0,0,0
15084,08222,31,0,31
15084,08225,0,0,0
15084,08226,27,0,27
15084,08231,0,0,0
15084,08235,12,0,12
15084,08236,0,0,0
15084,08237,0,0,0
15084,08311,0,0,0
15084,08315,0,0,0
15084,08316,0,0,0
15084,08317,11,0,11
15084,08325,0,0,0
15084,08326,0,0,0
15084,08327,0,0,0
15084,08335,0,0,0
15084,08336,0,0,0
15084,08337,0,0,0
15084,08415,0,0,0
15084,08416,16,0,16
15084,08417,0,0,0
15084,08421,0,0,0
15084,08425,12,0,12
15084,08426,0,0,0
15084,08435,0,0,0
15084,08436,0,0,0
15084,08437,0,0,0
15084,09161,28,0,28
15084,09162,136,19,117
15084,09163,14,0,14
15084,09171,11,0,11
15084,09172,0,0,0
15084,09173,0,0,0
15084,09174,15,0,15
15084,09175,0,0,0
15084,09176,13,0,13
15084,09177,15,0,15
15084,09178,19,0,19
15084,09179,0,0,0
15084,09180,0,0,0
15084,09181,0,0,0
15084,09182,0,0,0
15084,09183,0,0,0
15084,09184,70,0,70
15084,09185,0,0,0
15084,09186,16,0,16
15084,09187,10,0,10
15084,09188,15,0,15
15084,09189,0,0,0
15084,09190,0,0,0
15084,09261,0,0,0
15084,09262,0,0,0
15084,09263,0,0,0
15084,09271,12,0,12
15084,09272,0,0,0
15084,09273,26,0,26
15084,09274,0,0,0
15084,09275,11,0,11
15084,09276,0,0,0
15084,09277,0,0,0
15084,09278,0,0,0
15084,09279,0,0,0
15084,09361,11,0,11
15084,09362,16,0,16
15084,09363,0,0,0
15084,09371,11,0,11
15084,09372,11,0,11
15084,09373,18,0,18
15084,09374,10,0,10
15084,09375,0,0,0
15084,09376,19,0,19
15084,09377,12,0,12
15084,09461,0,0,0
15084,09462,21,0,21
15084,09463,0,0,0
15084,09464,0,0,0
15084,09471,31,18,13
15084,09472,16,0,16
15084,09473,0,0,0
15084,09474,0,0,0
15084,09475,11,0,11
15084,09476,0,0,0
15084,09477,0,0,0
15084,09478,0,0,0
15084,09479,0,0,0
15084,09561,0,0,0
15084,09562,15,0,15
15084,09563,25,0,25
15084,09564,91,0,91
15084,09565,0,0,0
15084,09571,13,0,13
15084,09572,0,0,0
15084,09573,16,0,16
15084,09574,28,0,28
15084,09575,0,0,0
15084,09576,12,0,12
15084,09577,0,0,0
15084,09661,0,0,0
15084,09662,0,0,0
15084,09663,0,0,0
15084,09671,22,0,22
15084,09672,0,0,0
15084,09673,10,0,10
15084,09674,10,0,10
15084,09675,12,0,12
15084,09676,12,0,12
15084,09677,34,0,34
15084,09678,0,0,0
15084,09679,0,0,0
15084,09761,10,0,10
15084,09762,10,0,10
15084,09763,0,0,0
15084,09764,0,0,0
15084,09771,0,0,0
15084,09772,14,0,14
15084,09773,0,0,0
15084,09774,36,0,36
15084,09775,0,0,0
15084,09776,0,0,0
15084,09777,0,0,0
15084,09778,13,0,13
15084,09779,16,0,16
15084,09780,0,0,0
15084,10041,15,0,15
15084,10042,16,0,16
15084,10043,0,0,0
15084,10044,0,0,0
15084,10045,0,0,0
15084,10046,0,0,0
15084,11000,686,347,339
15084,12051,0,0,0
15084,12052,0,0,0
15084,12053,27,27,0
15084,12054,71,0,71
15084,12060,12,0,12
15084,12061,32,17,15
15084,12062,94,72,22
15084,12063,30,30,0
15084,12064,31,14,17
15084,12065,17,0,17
15084,12066,56,27,29
15084,12067,82,71,11
15084,12068,0,0,0
15084,12069,20,0,20
15084,12070,0,0,0
15084,12071,31,17,14
15084,12072,56,26,30
15084,12073,0,0,0
15084,13003,15,0,15
15084,13004,0,0,0
15084,13071,121,19,102
15084,13072,0,0,0
15084,13073,0,0,0
15084,13074,0,0,0
15084,13075,83,83,0
15084,13076,0,0,0
15084,14511,140,33,107
15084,14521,48,25,23
15084,14522,99,43,56
15084,14523,94,26,68
15084,14524,249,55,194
15084,14612,199,50,149
15084,14625,61,21,40
15084,14626,24,10,14
15084,14627,78,35,43
15084,14628,34,12,22
15084,14713,4231,1316,2915
15084,14729,2437,1211,1226
15084,14730,666,137,529
15084,15001,108,47,61
15084,15002,2317,674,1643
15084,15003,341,120,221
15084,15081,0,0,0
15084,15082,274,114,160
15084,15083,128,60,68
15084,15084,0,0,0
15084,15085,125,101,24
15084,15086,58,20,38
15084,15087,401,217,184
15084,15088,8047,3180,4867
15084,15089,159,83,76
15084,15090,34,21,13
15084,15091,98,53,45
15084,16051,443,77,366
15084,16052,1262,328,934
15084,16053,997,206,791
15084,16054,31,31,0
15084,16055,259,74,185
15084,16056,13,0,13
15084,16061,81,10,71
15084,16062,56,34,22
15084,16063,84,21,63
15084,16064,35,13,22
15084,16065,583,298,285
15084,16066,42,16,26
15084,16067,64,29,35
15084,16068,595,125,470
15084,16069,11,11,0
15084,16070,58,25,33
15084,16071,1315,314,1001
15084,16072,0,0,0
15084,16073,41,19,22
15084,16074,1930,647,1283
15084,16075,101,29,72
15084,16076,597,162,435
15084,16077,1525,816,709
15085,01001,0,0,0
15085,01002,12,0,12
15085,01003,15,15,0
15085,01004,0,0,0
15085,01051,0,0,0
15085,01053,0,0,0
15085,01054,14,0,14
15085,01055,0,0,0
15085,01056,12,0,12
15085,01057,0,0,0
15085,01058,0,0,0
15085,01059,0,0,0
15085,01060,12,0,12
15085,01061,0,0,0
15085,01062,10,0,10
15085,02000,183,27,156
15085,03101,1659,156,1503
15085,03102,1281,77,1204
15085,03103,475,11,464
15085,03151,135,14,121
15085,03153,4822,1032,3790
15085,03154,559,91,468
15085,03155,65,22,43
15085,03157,176,44,132
15085,03158,1531,268,1263
15085,03159,384,103,281
15085,03241,656,122,534
15085,03251,24,0,24
15085,03252,16,0,16
15085,03254,202,52,150
15085,03255,0,0,0
15085,03256,0,0,0
15085,03257,29,0,29
15085,03351,54,10,44
15085,03352,0,0,0
15085,03353,12,0,12
15085,03354,0,0,0
15085,03355,30,0,30
15085,03356,0,0,0
15085,03357,0,0,0
15085,03358,29,0,29
15085,03359,10,0,10
15085,03360,0,0,0
15085,03361,26,0,26
15085,03401,0,0,0
15085,03402,0,0,0
15085,03403,32,0,32
15085,03404,25,0,25
15085,03405,0,0,0
15085,03451,0,0,0
15085,03452,13,0,13
15085,03453,43,0,43
15085,03454,24,0,24
15085,03455,0,0,0
15085,03456,0,0,0
15085,03457,0,0,0
15085,03458,0,0,0
15085,03459,28,0,28
15085,03460,0,0,0
15085,03461,0,0,0
15085,03462,0,0,0
15085,04011,63,0,63
15085,04012,0,0,0
15085,05111,44,0,44
15085,05112,20,0,20
15085,05113,77,0,77
15085,05114,0,0,0
15085,05116,11,0,11
15085,05117,0,0,0
15085,05119,35,0,35
15085,05120,0,0,0
15085,05122,11,0,11
15085,05124,0,0,0
15085,05154,0,0,0
15085,05158,36,0,36
15085,05162,17,0,17
15085,05166,0,0,0
15085,05170,13,0,13
15085,05314,13,0,13
15085,05315,56,12,44
15085,05316,0,0,0
15085,05334,11,0,11
15085,05358,0,0,0
15085,05362,24,0,24
15085,05366,0,0,0
15085,05370,0,0,0
15085,05374,14,0,14
15085,05378,0,0,0
15085,05382,45,0,45
15085,05512,0,0,0
15085,05513,10,0,10
15085,05515,14,0,14
15085,05554,19,0,19
15085,05558,0,0,0
15085,05562,0,0,0
15085,05566,17,0,17
15085,05570,17,0,17
15085,05711,19,0,19
15085,05754,38,0,38
15085,05758,10,0,10
15085,05762,19,0,19
15085,05766,26,12,14
15085,05770,36,0,36
15085,05774,17,0,17
15085,05911,0,0,0
15085,05913,55,0,55
15085,05914,12,0,12
15085,05915,0,0,0
15085,05916,0,0,0
15085,05954,0,0,0
15085,05958,0,0,0
15085,05962,21,11,10
15085,05966,0,0,0
15085,05970,14,0,14
15085,05974,0,0,0
15085,05978,0,0,0
15085,06411,0,0,0
15085,06412,74,0,74
15085,06413,0,0,0
15085,06414,0,0,0
15085,06431,0,0,0
15085,06432,23,0,23
15085,06433,0,0,0
15085,06434,19,0,19
15085,06435,20,0,20
15085,06436,15,0,15
15085,06437,0,0,0
15085,06438,11,0,11
15085,06439,0,0,0
15085,06440,12,0,12
15085,06531,0,0,0
15085,06532,12,0,12
15085,06533,19,0,19
15085,06534,13,13,0
15085,06535,0,0,0
15085,06611,30,0,30
15085,06631,0,0,0
15085,06632,0,0,0
15085,06633,13,0,13
15085,06634,10,0,10
15085,06635,0,0,0
15085,06636,16,0,16
15085,07111,0,0,0
15085,07131,0,0,0
15085,07132,0,0,0
15085,07133,0,0,0
15085,07134,0,0,0
15085,07135,0,0,0
15085,07137,0,0,0
15085,07138,0,0,0
15085,07140,0,0,0
15085,07141,0,0,0
15085,07143,0,0,0
15085,07211,0,0,0
15085,07231,0,0,0
15085,07232,0,0,0
15085,07233,0,0,0
15085,07235,0,0,0
15085,07311,0,0,0
15085,07312,0,0,0
15085,07313,0,0,0
15085,07314,0,0,0
15085,07315,10,0,10
15085,07316,0,0,0
15085,07317,0,0,0
15085,07318,0,0,0
15085,07319,0,0,0
15085,07320,0,0,0
15085,07331,0,0,0
15085,07332,0,0,0
15085,07333,0,0,0
15085,07334,0,0,0
15085,07335,0,0,0
15085,07336,0,0,0
15085,07337,0,0,0
15085,07338,0,0,0
15085,07339,0,0,0
15085,07340,0,0,0
15085,08111,33,0,33
15085,08115,14,0,14
15085,08116,27,0,27
15085,08117,0,0,0
15085,08118,11,0,11
15085,08119,0,0,0
15085,08121,0,0,0
15085,08125,0,0,0
15085,08126,17,0,17
15085,08127,0,0,0
15085,08128,0,0,0
15085,08135,0,0,0
15085,08136,0,0,0
15085,08211,0,0,0
15085,08212,19,0,19
15085,08215,10,0,10
15085,08216,10,0,10
15085,08221,0,0,0
15085,08222,14,0,14
15085,08225,0,0,0
15085,08226,18,0,18
15085,08231,0,0,0
15085,08235,0,0,0
15085,08236,0,0,0
15085,08237,0,0,0
15085,08311,0,0,0
15085,08315,0,0,0
15085,08316,0,0,0
15085,08317,0,0,0
15085,08325,0,0,0
15085,08326,0,0,0
15085,08327,0,0,0
15085,08335,0,0,0
15085,08336,0,0,0
15085,08337,0,0,0
15085,08415,0,0,0
15085,08416,0,0,0
15085,08417,0,0,0
15085,08421,0,0,0
15085,08425,0,0,0
15085,08426,0,0,0
15085,08435,0,0,0
15085,08436,0,0,0
15085,08437,0,0,0
15085,09161,0,0,0
15085,09162,79,0,79
15085,09163,0,0,0
15085,09171,0,0,0
15085,09172,0,0,0
15085,09173,0,0,0
15085,09174,0,0,0
15085,09175,0,0,0
15085,09176,0,0,0
15085,09177,0,0,0
15085,09178,0,0,0
15085,09179,0,0,0
15085,09180,0,0,0
15085,09181,0,0,0
15085,09182,0,0,0
15085,09183,0,0,0
15085,09184,36,0,36
15085,09185,0,0,0
15085,09186,0,0,0
15085,09187,11,11,0
15085,09188,0,0,0
15085,09189,0,0,0
15085,09190,0,0,0
15085,09261,0,0,0
15085,09262,0,0,0
15085,09263,0,0,0
15085,09271,0,0,0
15085,09272,0,0,0
15085,09273,0,0,0
15085,09274,0,0,0
15085,09275,0,0,0
15085,09276,0,0,0
15085,09277,0,0,0
15085,09278,0,0,0
15085,09279,0,0,0
15085,09361,0,0,0
15085,09362,0,0,0
15085,09363,0,0,0
15085,09371,0,0,0
15085,09372,0,0,0
15085,09373,0,0,0
15085,09374,0,0,0
15085,09375,0,0,0
15085,09376,0,0,0
15085,09377,0,0,0
15085,09461,0,0,0
15085,09462,0,0,0
15085,09463,0,0,0
15085,09464,0,0,0
15085,09471,0,0,0
15085,09472,0,0,0
15085,09473,0,0,0
15085,09474,0,0,0
15085,09475,0,0,0
15085,09476,0,0,0
15085,09477,0,0,0
15085,09478,0,0,0
15085,09479,0,0,0
15085,09561,0,0,0
15085,09562,0,0,0
15085,09563,0,0,0
15085,09564,70,0,70
15085,09565,0,0,0
15085,09571,0,0,0
15085,09572,0,0,0
15085,09573,0,0,0
15085,09574,0,0,0
15085,09575,0,0,0
15085,09576,0,0,0
15085,09577,0,0,0
15085,09661,0,0,0
15085,09662,0,0,0
15085,09663,0,0,0
15085,09671,0,0,0
15085,09672,0,0,0
15085,09673,0,0,0
15085,09674,0,0,0
15085,09675,0,0,0
15085,09676,0,0,0
15085,09677,0,0,0
15085,09678,0,0,0
15085,09679,0,0,0
15085,09761,0,0,0
15085,09762,0,0,0
15085,09763,0,0,0
15085,09764,0,0,0
15085,09771,0,0,0
15085,09772,0,0,0
15085,09773,0,0,0
15085,09774,0,0,0
15085,09775,0,0,0
15085,09776,0,0,0
15085,09777,0,0,0
15085,09778,12,0,12
15085,09779,0,0,0
15085,09780,0,0,0
15085,10041,12,0,12
15085,10042,0,0,0
15085,10043,0,0,0
15085,10044,0,0,0
15085,10045,0,0,0
15085,10046,0,0,0
15085,11000,484,170,314
15085,12051,17,0,17
15085,12052,0,0,0
15085,12053,0,0,0
15085,12054,27,0,27
15085,12060,17,17,0
15085,12061,12,12,0
15085,12062,16,0,16
15085,12063,44,17,27
15085,12064,39,23,16
15085,12065,39,28,11
15085,12066,0,0,0
15085,12067,32,12,20
15085,12068,0,0,0
15085,12069,52,21,31
15085,12070,16,16,0
15085,12071,0,0,0
15085,12072,38,20,18
15085,12073,0,0,0
15085,13003,22,0,22
15085,13004,0,0,0
15085,13071,0,0,0
15085,13072,31,19,12
15085,13073,0,0,0
15085,13074,15,15,0
15085,13075,19,19,0
15085,13076,41,41,0
15085,14511,0,0,0
15085,14521,26,11,15
15085,14522,34,14,20
15085,14523,13,0,13
15085,14524,38,10,28
15085,14612,80,20,60
15085,14625,10,0,10
15085,14626,0,0,0
15085,14627,31,20,11
15085,14628,25,13,12
15085,14713,344,107,237
15085,14729,54,20,34
15085,14730,61,20,41
15085,15001,89,20,69
15085,15002,619,151,468
15085,15003,2112,468,1644
15085,15081,89,41,48
15085,15082,152,65,87
15085,15083,2395,1101,1294
15085,15084,125,24,101
15085,15085,0,0,0
15085,15086,242,77,165
15085,15087,1978,1048,930
15085,15088,197,103,94
15085,15089,4867,2172,2695
15085,15090,102,56,46
15085,15091,89,33,56
15085,16051,77,15,62
15085,16052,10,10,0
15085,16053,13,0,13
15085,16054,0,0,0
15085,16055,26,0,26
15085,16056,0,0,0
15085,16061,39,0,39
15085,16062,364,176,188
15085,16063,28,0,28
15085,16064,22,22,0
15085,16065,51,28,23
15085,16066,10,0,10
15085,16067,0,0,0
15085,16068,0,0,0
15085,16069,0,0,0
15085,16070,32,18,14
15085,16071,0,0,0
15085,16072,0,0,0
15085,16073,0,0,0
15085,16074,0,0,0
15085,16075,0,0,0
15085,16076,0,0,0
15085,16077,0,0,0
15086,01001,0,0,0
15086,01002,0,0,0
15086,01003,0,0,0
15086,01004,0,0,0
15086,01051,0,0,0
15086,01053,0,0,0
15086,01054,16,0,16
15086,01055,0,0,0
15086,01056,19,0,19
15086,01057,0,0,0
15086,01058,0,0,0
15086,01059,12,0,12
15086,01060,0,0,0
15086,01061,0,0,0
15086,01062,13,0,13
15086,02000,115,21,94
15086,03101,150,25,125
15086,03102,13,0,13
15086,03103,162,0,162
15086,03151,34,0,34
15086,03153,14,0,14
15086,03154,75,21,54
15086,03155,0,0,0
15086,03157,20,0,20
15086,03158,14,0,14
15086,03159,11,0,11
15086,03241,252,74,178
15086,03251,14,0,14
15086,03252,0,0,0
15086,03254,35,0,35
15086,03255,0,0,0
15086,03256,27,0,27
15086,03257,0,0,0
15086,03351,40,16,24
15086,03352,0,0,0
15086,03353,11,0,11
15086,03354,0,0,0
15086,03355,0,0,0
15086,03356,0,0,0
15086,03357,0,0,0
15086,03358,0,0,0
15086,03359,0,0,0
15086,03360,10,0,10
15086,03361,0,0,0
15086,03401,0,0,0
15086,03402,0,0,0
15086,03403,0,0,0
15086,03404,0,0,0
15086,03405,0,0,0
15086,03451,0,0,0
15086,03452,19,0,19
15086,03453,0,0,0
15086,03454,36,0,36
15086,03455,0,0,0
15086,03456,10,0,10
15086,03457,11,0,11
15086,03458,0,0,0
15086,03459,16,0,16
15086,03460,13,0,13
15086,03461,0,0,0
15086,03462,0,0,0
15086,04011,43,0,43
15086,04012,0,0,0
15086,05111,21,0,21
15086,05112,0,0,0
15086,05113,0,0,0
15086,05114,0,0,0
15086,05116,0,0,0
15086,05117,0,0,0
15086,05119,0,0,0
15086,05120,0,0,0
15086,05122,0,0,0
15086,05124,0,0,0
15086,05154,0,0,0
15086,05158,22,0,22
15086,05162,0,0,0
15086,05166,0,0,0
15086,05170,14,0,14
15086,05314,10,0,10
15086,05315,42,0,42
15086,05316,0,0,0
15086,05334,0,0,0
15086,05358,0,0,0
15086,05362,0,0,0
15086,05366,0,0,0
15086,05370,0,0,0
15086,05374,0,0,0
15086,05378,0,0,0
15086,05382,0,0,0
15086,05512,0,0,0
15086,05513,12,0,12
15086,05515,0,0,0
15086,05554,0,0,0
15086,05558,0,0,0
15086,05562,0,0,0
15086,05566,39,0,39
15086,05570,0,0,0
15086,05711,21,0,21
15086,05754,22,0,22
15086,05758,16,0,16
15086,05762,0,0,0
15086,05766,11,0,11
15086,05770,16,0,16
15086,05774,0,0,0
15086,05911,0,0,0
15086,05913,10,0,10
15086,05914,0,0,0
15086,05915,0,0,0
15086,05916,0,0,0
15086,05954,0,0,0
15086,05958,0,0,0
15086,05962,0,0,0
15086,05966,0,0,0
15086,05970,0,0,0
15086,05974,0,0,0
15086,05978,0,0,0
15086,06411,0,0,0
15086,06412,21,0,21
15086,06413,0,0,0
15086,06414,0,0,0
15086,06431,0,0,0
15086,06432,0,0,0
15086,06433,0,0,0
15086,06434,14,0,14
15086,06435,11,0,11
15086,06436,0,0,0
15086,06437,0,0,0
15086,06438,0,0,0
15086,06439,0,0,0
15086,06440,0,0,0
15086,06531,0,0,0
15086,06532,0,0,0
15086,06533,0,0,0
15086,06534,0,0,0
15086,06535,0,0,0
15086,06611,0,0,0
15086,06631,0,0,0
15086,06632,0,0,0
15086,06633,0,0,0
15086,06634,0,0,0
15086,06635,0,0,0
15086,06636,0,0,0
15086,07111,0,0,0
15086,07131,0,0,0
15086,07132,0,0,0
15086,07133,0,0,0
15086,07134,0,0,0
15086,07135,0,0,0
15086,07137,0,0,0
15086,07138,0,0,0
15086,07140,0,0,0
15086,07141,0,0,0
15086,07143,0,0,0
15086,07211,0,0,0
15086,07231,0,0,0
15086,07232,0,0,0
15086,07233,0,0,0
15086,07235,0,0,0
15086,07311,0,0,0
15086,07312,0,0,0
15086,07313,0,0,0
15086,07314,0,0,0
15086,07315,0,0,0
15086,07316,0,0,0
15086,07317,0,0,0
15086,07318,0,0,0
15086,07319,0,0,0
15086,07320,0,0,0
15086,07331,0,0,0
15086,07332,0,0,0
15086,07333,0,0,0
15086,07334,0,0,0
15086,07335,0,0,0
15086,07336,0,0,0
15086,07337,0,0,0
15086,07338,0,0,0
15086,07339,0,0,0
15086,07340,0,0,0
15086,08111,23,0,23
15086,08115,0,0,0
15086,08116,0,0,0
15086,08117,0,0,0
15086,08118,0,0,0
15086,08119,0,0,0
15086,08121,0,0,0
15086,08125,0,0,0
15086,08126,0,0,0
15086,08127,0,0,0
15086,08128,0,0,0
15086,08135,0,0,0
15086,08136,0,0,0
15086,08211,0,0,0
15086,08212,0,0,0
15086,08215,0,0,0
15086,08216,0,0,0
15086,08221,0,0,0
15086,08222,10,0,10
15086,08225,0,0,0
15086,08226,0,0,0
15086,08231,0,0,0
15086,08235,0,0,0
15086,08236,0,0,0
15086,08237,0,0,0
15086,08311,0,0,0
15086,08315,0,0,0
15086,08316,0,0,0
15086,08317,10,0,10
15086,08325,0,0,0
15086,08326,0,0,0
15086,08327,0,0,0
15086,08335,0,0,0
15086,08336,0,0,0
15086,08337,0,0,0
15086,08415,0,0,0
15086,08416,0,0,0
15086,08417,0,0,0
15086,08421,0,0,0
15086,08425,0,0,0
15086,08426,0,0,0
15086,08435,12,0,12
15086,08436,0,0,0
15086,08437,0,0,0
15086,09161,0,0,0
15086,09162,25,0,25
15086,09163,0,0,0
15086,09171,0,0,0
15086,09172,0,0,0
15086,09173,0,0,0
15086,09174,0,0,0
15086,09175,0,0,0
15086,09176,0,0,0
15086,09177,0,0,0
15086,09178,0,0,0
15086,09179,0,0,0
15086,09180,0,0,0
15086,09181,0,0,0
15086,09182,0,0,0
15086,09183,0,0,0
15086,09184,17,0,17
15086,09185,0,0,0
15086,09186,0,0,0
15086,09187,0,0,0
15086,09188,0,0,0
15086,09189,0,0,0
15086,09190,0,0,0
15086,09261,0,0,0
15086,09262,0,0,0
15086,09263,0,0,0
15086,09271,0,0,0
15086,09272,0,0,0
15086,09273,0,0,0
15086,09274,0,0,0
15086,09275,0,0,0
15086,09276,0,0,0
15086,09277,0,0,0
15086,09278,0,0,0
15086,09279,0,0,0
15086,09361,0,0,0
15086,09362,0,0,0
15086,09363,0,0,0
15086,09371,0,0,0
15086,09372,0,0,0
15086,09373,0,0,0
15086,09374,0,0,0
15086,09375,0,0,0
15086,09376,0,0,0
15086,09377,0,0,0
15086,09461,0,0,0
15086,09462,0,0,0
15086,09463,0,0,0
15086,09464,0,0,0
15086,09471,0,0,0
15086,09472,0,0,0
15086,09473,0,0,0
15086,09474,0,0,0
15086,09475,0,0,0
15086,09476,0,0,0
15086,09477,0,0,0
15086,09478,0,0,0
15086,09479,0,0,0
15086,09561,0,0,0
15086,09562,0,0,0
15086,09563,0,0,0
15086,09564,16,0,16
15086,09565,0,0,0
15086,09571,0,0,0
15086,09572,0,0,0
15086,09573,0,0,0
15086,09574,0,0,0
15086,09575,0,0,0
15086,09576,0,0,0
15086,09577,0,0,0
15086,09661,0,0,0
15086,09662,0,0,0
15086,09663,0,0,0
15086,09671,0,0,0
15086,09672,0,0,0
15086,09673,0,0,0
15086,09674,0,0,0
15086,09675,0,0,0
15086,09676,0,0,0
15086,09677,0,0,0
15086,09678,0,0,0
15086,09679,0,0,0
15086,09761,0,0,0
15086,09762,0,0,0
15086,09763,0,0,0
15086,09764,0,0,0
15086,09771,0,0,0
15086,09772,0,0,0
15086,09773,0,0,0
15086,09774,0,0,0
15086,09775,0,0,0
15086,09776,0,0,0
15086,09777,0,0,0
15086,09778,13,0,13
15086,09779,16,16,0
15086,09780,0,0,0
15086,10041,0,0,0
15086,10042,0,0,0
15086,10043,0,0,0
15086,10044,0,0,0
15086,10045,0,0,0
15086,10046,0,0,0
15086,11000,683,113,570
15086,12051,919,218,701
15086,12052,35,18,17
15086,12053,99,0,99
15086,12054,120,17,103
15086,12060,37,23,14
15086,12061,73,18,55
15086,12062,0,0,0
15086,12063,406,132,274
15086,12064,135,15,120
15086,12065,45,17,28
15086,12066,26,26,0
15086,12067,40,14,26
15086,12068,34,17,17
15086,12069,667,327,340
15086,12070,39,21,18
15086,12071,26,26,0
15086,12072,50,14,36
15086,12073,16,16,0
15086,13003,34,20,14
15086,13004,17,0,17
15086,13071,19,19,0
15086,13072,58,34,24
15086,13073,30,19,11
15086,13074,18,18,0
15086,13075,22,11,11
15086,13076,23,23,0
15086,14511,14,0,14
15086,14521,11,11,0
15086,14522,23,23,0
15086,14523,0,0,0
15086,14524,0,0,0
15086,14612,85,16,69
15086,14625,79,65,14
15086,14626,30,30,0
15086,14627,12,12,0
15086,14628,10,10,0
15086,14713,186,61,125
15086,14729,53,30,23
15086,14730,53,19,34
15086,15001,249,86,163
15086,15002,163,74,89
15086,15003,10149,2647,7502
15086,15081,185,58,127
15086,15082,1155,440,715
15086,15083,2231,910,1321
15086,15084,58,38,20
15086,15085,242,165,77
15086,15086,0,0,0
15086,15087,161,118,43
15086,15088,87,38,49
15086,15089,1447,735,712
15086,15090,1558,767,791
15086,15091,109,59,50
15086,16051,54,10,44
15086,16052,0,0,0
15086,16053,0,0,0
15086,16054,0,0,0
15086,16055,0,0,0
15086,16056,0,0,0
15086,16061,0,0,0
15086,16062,0,0,0
15086,16063,10,0,10
15086,16064,0,0,0
15086,16065,0,0,0
15086,16066,0,0,0
15086,16067,0,0,0
15086,16068,0,0,0
15086,16069,0,0,0
15086,16070,0,0,0
15086,16071,0,0,0
15086,16072,0,0,0
15086,16073,11,11,0
15086,16074,17,0,17
15086,16075,0,0,0
15086,16076,0,0,0
15086,16077,0,0,0
15087,01001,0,0,0
15087,01002,0,0,0
15087,01003,0,0,0
15087,01004,0,0,0
15087,01051,0,0,0
15087,01053,0,0,0
15087,01054,0,0,0
15087,01055,0,0,0
15087,01056,0,0,0
15087,01057,0,0,0
15087,01058,0,0,0
15087,01059,10,0,10
15087,01060,0,0,0
15087,01061,0,0,0
15087,01062,0,0,0
15087,02000,99,0,99
15087,03101,33,0,33
15087,03102,30,0,30
15087,03103,39,0,39
15087,03151,0,0,0
15087,03153,54,14,40
15087,03154,0,0,0
15087,03155,30,0,30
15087,03157,22,11,11
15087,03158,18,0,18
15087,03159,135,41,94
15087,03241,172,21,151
15087,03251,0,0,0
15087,03252,10,0,10
15087,03254,38,0,38
15087,03255,0,0,0
15087,03256,10,0,10
15087,03257,0,0,0
15087,03351,0,0,0
15087,03352,0,0,0
15087,03353,0,0,0
15087,03354,0,0,0
15087,03355,13,0,13
15087,03356,0,0,0
15087,03357,0,0,0
15087,03358,0,0,0
15087,03359,0,0,0
15087,03360,10,10,0
15087,03361,0,0,0
15087,03401,0,0,0
15087,03402,0,0,0
15087,03403,0,0,0
15087,03404,11,0,11
15087,03405,0,0,0
15087,03451,0,0,0
15087,03452,0,0,0
15087,03453,25,0,25
15087,03454,25,0,25
15087,03455,0,0,0
15087,03456,0,0,0
15087,03457,10,0,10
15087,03458,0,0,0
15087,03459,13,0,13
15087,03460,0,0,0
15087,03461,0,0,0
15087,03462,0,0,0
15087,04011,28,0,28
15087,04012,0,0,0
15087,05111,27,0,27
15087,05112,27,0,27
15087,05113,27,0,27
15087,05114,0,0,0
15087,05116,0,0,0
15087,05117,0,0,0
15087,05119,0,0,0
15087,05120,0,0,0
15087,05122,0,0,0
15087,05124,26,0,26
15087,05154,0,0,0
15087,05158,17,0,17
15087,05162,11,0,11
15087,05166,10,0,10
15087,05170,11,0,11
15087,05314,0,0,0
15087,05315,31,0,31
15087,05316,0,0,0
15087,05334,0,0,0
15087,05358,0,0,0
15087,05362,28,0,28
15087,05366,0,0,0
15087,05370,0,0,0
15087,05374,15,0,15
15087,05378,0,0,0
15087,05382,0,0,0
15087,05512,0,0,0
15087,05513,15,0,15
15087,05515,0,0,0
15087,05554,10,0,10
15087,05558,0,0,0
15087,05562,31,0,31
15087,05566,28,0,28
15087,05570,24,0,24
15087,05711,11,0,11
15087,05754,32,0,32
15087,05758,0,0,0
15087,05762,0,0,0
15087,05766,10,0,10
15087,05770,48,16,32
15087,05774,10,0,10
15087,05911,16,0,16
15087,05913,30,0,30
15087,05914,0,0,0
15087,05915,0,0,0
15087,05916,0,0,0
15087,05954,0,0,0
15087,05958,11,0,11
15087,05962,0,0,0
15087,05966,0,0,0
15087,05970,10,0,10
15087,05974,0,0,0
15087,05978,27,0,27
15087,06411,0,0,0
15087,06412,76,0,76
15087,06413,0,0,0
15087,06414,14,0,14
15087,06431,0,0,0
15087,06432,11,0,11
15087,06433,13,0,13
15087,06434,13,0,13
15087,06435,25,0,25
15087,06436,10,0,10
15087,06437,0,0,0
15087,06438,28,0,28
15087,06439,0,0,0
15087,06440,12,0,12
15087,06531,0,0,0
15087,06532,0,0,0
15087,06533,0,0,0
15087,06534,0,0,0
15087,06535,0,0,0
15087,06611,24,0,24
15087,06631,58,32,26
15087,06632,78,65,13
15087,06633,0,0,0
15087,06634,50,12,38
15087,06635,12,0,12
15087,06636,0,0,0
15087,07111,11,0,11
15087,07131,0,0,0
15087,07132,0,0,0
15087,07133,0,0,0
15087,07134,0,0,0
15087,07135,0,0,0
15087,07137,0,0,0
15087,07138,0,0,0
15087,07140,0,0,0
15087,07141,0,0,0
15087,07143,19,0,19
15087,07211,0,0,0
15087,07231,0,0,0
15087,07232,0,0,0
15087,07233,0,0,0
15087,07235,0,0,0
15087,07311,0,0,0
15087,07312,0,0,0
15087,07313,0,0,0
15087,07314,0,0,0
15087,07315,14,0,14
15087,07316,0,0,0
15087,07317,0,0,0
15087,07318,0,0,0
15087,07319,0,0,0
15087,07320,0,0,0
15087,07331,0,0,0
15087,07332,0,0,0
15087,07333,0,0,0
15087,07334,0,0,0
15087,07335,0,0,0
15087,07336,0,0,0
15087,07337,12,0,12
15087,07338,0,0,0
15087,07339,0,0,0
15087,07340,0,0,0
15087,08111,32,0,32
15087,08115,17,0,17
15087,08116,23,0,23
15087,08117,13,0,13
15087,08118,28,0,28
15087,08119,11,0,11
15087,08121,11,0,11
15087,08125,25,0,25
15087,08126,0,0,0
15087,08127,19,0,19
15087,08128,0,0,0
15087,08135,0,0,0
15087,08136,17,17,0
15087,08211,0,0,0
15087,08212,0,0,0
15087,08215,16,0,16
15087,08216,0,0,0
15087,08221,0,0,0
15087,08222,17,0,17
15087,08225,0,0,0
15087,08226,12,0,12
15087,08231,0,0,0
15087,08235,0,0,0
15087,08236,0,0,0
15087,08237,0,0,0
15087,08311,0,0,0
15087,08315,0,0,0
15087,08316,0,0,0
15087,08317,12,0,12
15087,08325,0,0,0
15087,08326,0,0,0
15087,08327,0,0,0
15087,08335,0,0,0
15087,08336,0,0,0
15087,08337,0,0,0
15087,08415,13,0,13
15087,08416,0,0,0
15087,08417,0,0,0
15087,08421,14,0,14
15087,08425,0,0,0
15087,08426,0,0,0
15087,08435,0,0,0
15087,08436,13,0,13
15087,08437,0,0,0
15087,09161,32,0,32
15087,09162,67,0,67
15087,09163,0,0,0
15087,09171,0,0,0
15087,09172,0,0,0
15087,09173,0,0,0
15087,09174,0,0,0
15087,09175,0,0,0
15087,09176,0,0,0
15087,09177,0,0,0
15087,09178,22,0,22
15087,09179,0,0,0
15087,09180,0,0,0
15087,09181,0,0,0
15087,09182,0,0,0
15087,09183,0,0,0
15087,09184,40,0,40
15087,09185,0,0,0
15087,09186,11,0,11
15087,09187,38,0,38
15087,09188,0,0,0
15087,09189,0,0,0
15087,09190,0,0,0
15087,09261,0,0,0
15087,09262,0,0,0
15087,09263,0,0,0
15087,09271,10,0,10
15087,09272,0,0,0
15087,09273,0,0,0
15087,09274,0,0,0
15087,09275,0,0,0
15087,09276,0,0,0
15087,09277,0,0,0
15087,09278,0,0,0
15087,09279,0,0,0
15087,09361,0,0,0
15087,09362,10,0,10
15087,09363,0,0,0
15087,09371,0,0,0
15087,09372,0,0,0
15087,09373,0,0,0
15087,09374,0,0,0
15087,09375,0,0,0
15087,09376,0,0,0
15087,09377,0,0,0
15087,09461,0,0,0
15087,09462,0,0,0
15087,09463,0,0,0
15087,09464,0,0,0
15087,09471,0,0,0
15087,09472,0,0,0
15087,09473,0,0,0
15087,09474,0,0,0
15087,09475,0,0,0
15087,09476,0,0,0
15087,09477,0,0,0
15087,09478,0,0,0
15087,09479,0,0,0
15087,09561,0,0,0
15087,09562,11,0,11
15087,09563,0,0,0
15087,09564,54,0,54
15087,09565,0,0,0
15087,09571,0,0,0
15087,09572,0,0,0
15087,09573,0,0,0
15087,09574,30,0,30
15087,09575,0,0,0
15087,09576,0,0,0
15087,09577,0,0,0
15087,09661,0,0,0
15087,09662,0,0,0
15087,09663,0,0,0
15087,09671,10,0,10
15087,09672,0,0,0
15087,09673,0,0,0
15087,09674,0,0,0
15087,09675,0,0,0
15087,09676,0,0,0
15087,09677,12,0,12
15087,09678,0,0,0
15087,09679,0,0,0
15087,09761,0,0,0
15087,09762,0,0,0
15087,09763,0,0,0
15087,09764,0,0,0
15087,09771,0,0,0
15087,09772,0,0,0
15087,09773,0,0,0
15087,09774,10,0,10
15087,09775,12,0,12
15087,09776,0,0,0
15087,09777,0,0,0
15087,09778,0,0,0
15087,09779,11,0,11
15087,09780,0,0,0
15087,10041,0,0,0
15087,10042,0,0,0
15087,10043,0,0,0
15087,10044,0,0,0
15087,10045,0,0,0
15087,10046,0,0,0
15087,11000,334,89,245
15087,12051,11,0,11
15087,12052,0,0,0
15087,12053,0,0,0
15087,12054,27,0,27
15087,12060,0,0,0
15087,12061,37,0,37
15087,12062,0,0,0
15087,12063,0,0,0
15087,12064,0,0,0
15087,12065,0,0,0
15087,12066,0,0,0
15087,12067,17,0,17
15087,12068,0,0,0
15087,12069,17,0,17
15087,12070,0,0,0
15087,12071,0,0,0
15087,12072,20,0,20
15087,12073,0,0,0
15087,13003,0,0,0
15087,13004,0,0,0
15087,13071,0,0,0
15087,13072,0,0,0
15087,13073,0,0,0
15087,13074,0,0,0
15087,13075,0,0,0
15087,13076,0,0,0
15087,14511,40,17,23
15087,14521,21,11,10
15087,14522,42,26,16
15087,14523,35,22,13
15087,14524,31,0,31
15087,14612,80,14,66
15087,14625,22,0,22
15087,14626,0,0,0
15087,14627,28,14,14
15087,14628,36,0,36
15087,14713,724,119,605
15087,14729,120,48,72
15087,14730,170,47,123
15087,15001,123,53,70
15087,15002,3708,772,2936
15087,15003,415,95,320
15087,15081,28,15,13
15087,15082,368,159,209
15087,15083,241,85,156
15087,15084,401,184,217
15087,15085,1978,930,1048
15087,15086,161,43,118
15087,15087,0,0,0
15087,15088,3776,1453,2323
15087,15089,3089,1292,1797
15087,15090,54,27,27
15087,15091,113,56,57
15087,16051,341,43,298
15087,16052,10,0,10
15087,16053,35,0,35
15087,16054,0,0,0
15087,16055,18,0,18
15087,16056,0,0,0
15087,16061,143,36,107
15087,16062,2066,849,1217
15087,16063,65,25,40
15087,16064,80,46,34
15087,16065,2068,1205,863
15087,16066,38,16,22
15087,16067,43,13,30
15087,16068,335,52,283
15087,16069,0,0,0
15087,16070,17,0,17
15087,16071,50,18,32
15087,16072,0,0,0
15087,16073,0,0,0
15087,16074,21,0,21
15087,16075,14,0,14
15087,16076,16,16,0
15087,16077,18,18,0
15088,01001,0,0,0
15088,01002,11,0,11
15088,01003,0,0,0
15088,01004,0,0,0
15088,01051,16,16,0
15088,01053,12,0,12
15088,01054,11,0,11
15088,01055,0,0,0
15088,01056,0,0,0
15088,01057,0,0,0
15088,01058,0,0,0
15088,01059,0,0,0
15088,01060,0,0,0
15088,01061,0,0,0
15088,01062,0,0,0
15088,02000,178,26,152
15088,03101,33,0,33
15088,03102,16,0,16
15088,03103,21,0,21
15088,03151,0,0,0
15088,03153,0,0,0
15088,03154,0,0,0
15088,03155,0,0,0
15088,03157,0,0,0
15088,03158,0,0,0
15088,03159,63,18,45
15088,03241,147,24,123
15088,03251,12,0,12
15088,03252,0,0,0
15088,03254,0,0,0
15088,03255,0,0,0
15088,03256,13,0,13
15088,03257,0,0,0
15088,03351,11,0,11
15088,03352,0,0,0
15088,03353,44,24,20
15088,03354,0,0,0
15088,03355,0,0,0
15088,03356,0,0,0
15088,03357,0,0,0
15088,03358,0,0,0
15088,03359,40,18,22
15088,03360,0,0,0
15088,03361,0,0,0
15088,03401,0,0,0
15088,03402,0,0,0
15088,03403,0,0,0
15088,03404,25,0,25
15088,03405,0,0,0
15088,03451,0,0,0
15088,03452,0,0,0
15088,03453,43,0,43
15088,03454,26,0,26
15088,03455,0,0,0
15088,03456,0,0,0
15088,03457,10,0,10
15088,03458,0,0,0
15088,03459,16,0,16
15088,03460,0,0,0
15088,03461,0,0,0
15088,03462,0,0,0
15088,04011,51,19,32
15088,04012,0,0,0
15088,05111,48,10,38
15088,05112,26,14,12
15088,05113,37,0,37
15088,05114,0,0,0
15088,05116,0,0,0
15088,05117,0,0,0
15088,05119,22,10,12
15088,05120,0,0,0
15088,05122,0,0,0
15088,05124,0,0,0
15088,05154,30,0,30
15088,05158,28,0,28
15088,05162,31,15,16
15088,05166,19,0,19
15088,05170,30,11,19
15088,05314,18,0,18
15088,05315,91,14,77
15088,05316,0,0,0
15088,05334,109,109,0
15088,05358,35,19,16
15088,05362,58,11,47
15088,05366,0,0,0
15088,05370,14,14,0
15088,05374,14,0,14
15088,05378,0,0,0
15088,05382,12,0,12
15088,05512,0,0,0
15088,05513,30,14,16
15088,05515,0,0,0
15088,05554,10,0,10
15088,05558,0,0,0
15088,05562,49,18,31
15088,05566,43,0,43
15088,05570,13,0,13
15088,05711,13,0,13
15088,05754,37,0,37
15088,05758,0,0,0
15088,05762,0,0,0
15088,05766,0,0,0
15088,05770,60,0,60
15088,05774,14,0,14
15088,05911,19,0,19
15088,05913,30,0,30
15088,05914,0,0,0
15088,05915,0,0,0
15088,05916,0,0,0
15088,05954,0,0,0
15088,05958,14,0,14
15088,05962,0,0,0
15088,05966,0,0,0
15088,05970,12,0,12
15088,05974,18,0,18
15088,05978,30,15,15
15088,06411,0,0,0
15088,06412,241,14,227
15088,06413,0,0,0
15088,06414,16,0,16
15088,06431,15,0,15
15088,06432,33,18,15
15088,06433,30,11,19
15088,06434,29,0,29
15088,06435,26,0,26
15088,06436,23,0,23
15088,06437,0,0,0
15088,06438,220,14,206
15088,06439,0,0,0
15088,06440,13,0,13
15088,06531,0,0,0
15088,06532,0,0,0
15088,06533,0,0,0
15088,06534,0,0,0
15088,06535,0,0,0
15088,06611,20,0,20
15088,06631,20,0,20
15088,06632,16,0,16
15088,06633,0,0,0
15088,06634,0,0,0
15088,06635,10,0,10
15088,06636,0,0,0
15088,07111,0,0,0
15088,07131,0,0,0
15088,07132,0,0,0
15088,07133,10,0,10
15088,07134,0,0,0
15088,07135,0,0,0
15088,07137,22,10,12
15088,07138,0,0,0
15088,07140,0,0,0
15088,07141,0,0,0
15088,07143,14,0,14
15088,07211,0,0,0
15088,07231,0,0,0
15088,07232,0,0,0
15088,07233,0,0,0
15088,07235,0,0,0
15088,07311,0,0,0
15088,07312,0,0,0
15088,07313,0,0,0
15088,07314,29,10,19
15088,07315,36,0,36
15088,07316,0,0,0
15088,07317,0,0,0
15088,07318,0,0,0
15088,07319,0,0,0
15088,07320,0,0,0
15088,07331,0,0,0
15088,07332,0,0,0
15088,07333,0,0,0
15088,07334,0,0,0
15088,07335,0,0,0
15088,07336,0,0,0
15088,07337,17,0,17
15088,07338,0,0,0
15088,07339,0,0,0
15088,07340,0,0,0
15088,08111,68,10,58
15088,08115,22,0,22
15088,08116,22,0,22
15088,08117,13,0,13
15088,08118,32,10,22
15088,08119,17,0,17
15088,08121,0,0,0
15088,08125,12,0,12
15088,08126,16,0,16
15088,08127,0,0,0
15088,08128,0,0,0
15088,08135,0,0,0
15088,08136,12,0,12
15088,08211,0,0,0
15088,08212,28,0,28
15088,08215,20,0,20
15088,08216,0,0,0
15088,08221,0,0,0
15088,08222,41,0,41
15088,08225,0,0,0
15088,08226,14,0,14
15088,08231,0,0,0
15088,08235,0,0,0
15088,08236,0,0,0
15088,08237,0,0,0
15088,08311,0,0,0
15088,08315,0,0,0
15088,08316,0,0,0
15088,08317,14,0,14
15088,08325,0,0,0
15088,08326,0,0,0
15088,08327,0,0,0
15088,08335,0,0,0
15088,08336,0,0,0
15088,08337,0,0,0
15088,08415,15,0,15
15088,08416,0,0,0
15088,08417,0,0,0
15088,08421,0,0,0
15088,08425,15,0,15
15088,08426,0,0,0
15088,08435,0,0,0
15088,08436,0,0,0
15088,08437,0,0,0
15088,09161,33,0,33
15088,09162,153,19,134
15088,09163,10,0,10
15088,09171,0,0,0
15088,09172,0,0,0
15088,09173,0,0,0
15088,09174,16,0,16
15088,09175,0,0,0
15088,09176,10,0,10
15088,09177,0,0,0
15088,09178,22,0,22
15088,09179,0,0,0
15088,09180,0,0,0
15088,09181,0,0,0
15088,09182,0,0,0
15088,09183,0,0,0
15088,09184,91,0,91
15088,09185,0,0,0
15088,09186,17,0,17
15088,09187,11,0,11
15088,09188,0,0,0
15088,09189,14,0,14
15088,09190,0,0,0
15088,09261,0,0,0
15088,09262,0,0,0
15088,09263,0,0,0
15088,09271,29,0,29
15088,09272,0,0,0
15088,09273,11,0,11
15088,09274,0,0,0
15088,09275,0,0,0
15088,09276,0,0,0
15088,09277,0,0,0
15088,09278,12,0,12
15088,09279,0,0,0
15088,09361,0,0,0
15088,09362,12,0,12
15088,09363,0,0,0
15088,09371,0,0,0
15088,09372,0,0,0
15088,09373,10,10,0
15088,09374,0,0,0
15088,09375,0,0,0
15088,09376,0,0,0
15088,09377,0,0,0
15088,09461,0,0,0
15088,09462,17,0,17
15088,09463,0,0,0
15088,09464,0,0,0
15088,09471,10,0,10
15088,09472,14,0,14
15088,09473,0,0,0
15088,09474,0,0,0
15088,09475,0,0,0
15088,09476,0,0,0
15088,09477,0,0,0
15088,09478,0,0,0
15088,09479,0,0,0
15088,09561,0,0,0
15088,09562,18,0,18
15088,09563,0,0,0
15088,09564,70,0,70
15088,09565,0,0,0
15088,09571,0,0,0
15088,09572,0,0,0
15088,09573,0,0,0
15088,09574,27,0,27
15088,09575,0,0,0
15088,09576,11,0,11
15088,09577,0,0,0
15088,09661,0,0,0
15088,09662,0,0,0
15088,09663,13,0,13
15088,09671,10,0,10
15088,09672,0,0,0
15088,09673,0,0,0
15088,09674,0,0,0
15088,09675,20,0,20
15088,09676,0,0,0
15088,09677,31,0,31
15088,09678,0,0,0
15088,09679,0,0,0
15088,09761,15,0,15
15088,09762,64,10,54
15088,09763,0,0,0
15088,09764,0,0,0
15088,09771,0,0,0
15088,09772,0,0,0
15088,09773,0,0,0
15088,09774,0,0,0
15088,09775,11,0,11
15088,09776,0,0,0
15088,09777,0,0,0
15088,09778,28,28,0
15088,09779,12,0,12
15088,09780,0,0,0
15088,10041,17,0,17
15088,10042,0,0,0
15088,10043,0,0,0
15088,10044,0,0,0
15088,10045,0,0,0
15088,10046,0,0,0
15088,11000,700,209,491
15088,12051,23,10,13
15088,12052,60,41,19
15088,12053,0,0,0
15088,12054,49,19,30
15088,12060,55,30,25
15088,12061,53,31,22
15088,12062,68,52,16
15088,12063,68,68,0
15088,12064,54,29,25
15088,12065,32,16,16
15088,12066,180,117,63
15088,12067,66,35,31
15088,12068,14,14,0
15088,12069,104,52,52
15088,12070,0,0,0
15088,12071,88,37,51
15088,12072,68,30,38
15088,12073,134,122,12
15088,13003,81,65,16
15088,13004,0,0,0
15088,13071,25,25,0
15088,13072,31,31,0
15088,13073,13,13,0
15088,13074,20,20,0
15088,13075,42,42,0
15088,13076,19,19,0
15088,14511,170,71,99
15088,14521,93,74,19
15088,14522,209,125,84
15088,14523,79,36,43
15088,14524,137,99,38
15088,14612,383,195,188
15088,14625,135,108,27
15088,14626,58,48,10
15088,14627,169,105,64
15088,14628,116,73,43
15088,14713,8729,3333,5396
15088,14729,2048,1214,834
15088,14730,3377,1194,2183
15088,15001,521,300,221
15088,15002,29854,11179,18675
15088,15003,522,173,349
15088,15081,26,16,10
15088,15082,3871,2426,1445
15088,15083,156,62,94
15088,15084,8047,4867,3180
15088,15085,197,94,103
15088,15086,87,49,38
15088,15087,3776,2323,1453
15088,15088,0,0,0
15088,15089,1248,818,430
15088,15090,70,26,44
15088,15091,539,439,100
15088,16051,236,100,136
15088,16052,143,83,60
15088,16053,123,30,93
15088,16054,0,0,0
15088,16055,61,34,27
15088,16056,0,0,0
15088,16061,57,14,43
15088,16062,90,35,55
15088,16063,44,22,22
15088,16064,17,17,0
15088,16065,580,343,237
15088,16066,37,21,16
15088,16067,41,27,14
15088,16068,96,41,55
15088,16069,0,0,0
15088,16070,39,22,17
15088,16071,78,51,27
15088,16072,0,0,0
15088,16073,16,16,0
15088,16074,124,64,60
15088,16075,30,30,0
15088,16076,108,81,27
15088,16077,133,106,27
15089,01001,0,0,0
15089,01002,0,0,0
15089,01003,0,0,0
15089,01004,0,0,0
15089,01051,0,0,0
15089,01053,0,0,0
15089,01054,40,0,40
15089,01055,12,0,12
15089,01056,18,0,18
15089,01057,0,0,0
15089,01058,0,0,0
15089,01059,0,0,0
15089,01060,0,0,0
15089,01061,10,0,10
15089,01062,11,0,11
15089,02000,197,19,178
15089,03101,181,29,152
15089,03102,38,0,38
15089,03103,189,0,189
15089,03151,40,0,40
15089,03153,92,36,56
15089,03154,114,30,84
15089,03155,29,0,29
15089,03157,47,0,47
15089,03158,29,10,19
15089,03159,43,19,24
15089,03241,342,63,279
15089,03251,15,0,15
15089,03252,0,0,0
15089,03254,72,40,32
15089,03255,0,0,0
15089,03256,27,0,27
15089,03257,16,0,16
15089,03351,10,0,10
15089,03352,33,17,16
15089,03353,17,0,17
15089,03354,0,0,0
15089,03355,17,0,17
15089,03356,0,0,0
15089,03357,0,0,0
15089,03358,10,0,10
15089,03359,17,0,17
15089,03360,11,0,11
15089,03361,16,0,16
15089,03401,0,0,0
15089,03402,0,0,0
15089,03403,0,0,0
15089,03404,15,0,15
15089,03405,0,0,0
15089,03451,10,0,10
15089,03452,16,0,16
15089,03453,18,0,18
15089,03454,36,0,36
15089,03455,0,0,0
15089,03456,13,0,13
15089,03457,0,0,0
15089,03458,17,0,17
15089,03459,44,11,33
15089,03460,24,0,24
15089,03461,0,0,0
15089,03462,0,0,0
15089,04011,49,22,27
15089,04012,14,14,0
15089,05111,54,0,54
15089,05112,10,0,10
15089,05113,27,0,27
15089,05114,18,0,18
15089,05116,0,0,0
15089,05117,0,0,0
15089,05119,0,0,0
15089,05120,0,0,0
15089,05122,0,0,0
15089,05124,0,0,0
15089,05154,0,0,0
15089,05158,23,0,23
15089,05162,20,0,20
15089,05166,38,0,38
15089,05170,24,0,24
15089,05314,0,0,0
15089,05315,93,0,93
15089,05316,0,0,0
15089,05334,10,10,0
15089,05358,0,0,0
15089,05362,32,12,20
15089,05366,10,0,10
15089,05370,0,0,0
15089,05374,0,0,0
15089,05378,0,0,0
15089,05382,25,0,25
15089,05512,0,0,0
15089,05513,0,0,0
15089,05515,11,0,11
15089,05554,12,0,12
15089,05558,15,0,15
15089,05562,12,0,12
15089,05566,36,0,36
15089,05570,17,0,17
15089,05711,18,0,18
15089,05754,56,0,56
15089,05758,14,0,14
15089,05762,0,0,0
15089,05766,16,0,16
15089,05770,36,0,36
15089,05774,12,0,12
15089,05911,17,0,17
15089,05913,17,0,17
15089,05914,0,0,0
15089,05915,15,0,15
15089,05916,0,0,0
15089,05954,0,0,0
15089,05958,0,0,0
15089,05962,0,0,0
15089,05966,0,0,0
15089,05970,0,0,0
15089,05974,12,0,12
15089,05978,0,0,0
15089,06411,0,0,0
15089,06412,82,0,82
15089,06413,0,0,0
15089,06414,0,0,0
15089,06431,10,0,10
15089,06432,0,0,0
15089,06433,12,0,12
15089,06434,16,0,16
15089,06435,0,0,0
15089,06436,0,0,0
15089,06437,0,0,0
15089,06438,19,0,19
15089,06439,0,0,0
15089,06440,0,0,0
15089,06531,0,0,0
15089,06532,0,0,0
15089,06533,0,0,0
15089,06534,0,0,0
15089,06535,0,0,0
15089,06611,10,0,10
15089,06631,0,0,0
15089,06632,0,0,0
15089,06633,0,0,0
15089,06634,0,0,0
15089,06635,0,0,0
15089,06636,0,0,0
15089,07111,0,0,0
15089,07131,0,0,0
15089,07132,0,0,0
15089,07133,0,0,0
15089,07134,0,0,0
15089,07135,0,0,0
15089,07137,0,0,0
15089,07138,0,0,0
15089,07140,0,0,0
15089,07141,0,0,0
15089,07143,15,0,15
15089,07211,0,0,0
15089,07231,0,0,0
15089,07232,13,0,13
15089,07233,10,0,10
15089,07235,0,0,0
15089,07311,0,0,0
15089,07312,0,0,0
15089,07313,0,0,0
15089,07314,0,0,0
15089,07315,12,0,12
15089,07316,0,0,0
15089,07317,0,0,0
15089,07318,0,0,0
15089,07319,0,0,0
15089,07320,0,0,0
15089,07331,0,0,0
15089,07332,0,0,0
15089,07333,0,0,0
15089,07334,0,0,0
15089,07335,0,0,0
15089,07336,0,0,0
15089,07337,0,0,0
15089,07338,0,0,0
15089,07339,0,0,0
15089,07340,0,0,0
15089,08111,32,0,32
15089,08115,0,0,0
15089,08116,14,0,14
15089,08117,13,0,13
15089,08118,21,0,21
15089,08119,0,0,0
15089,08121,16,0,16
15089,08125,16,0,16
15089,08126,11,0,11
15089,08127,11,0,11
15089,08128,0,0,0
15089,08135,0,0,0
15089,08136,0,0,0
15089,08211,0,0,0
15089,08212,0,0,0
15089,08215,17,0,17
15089,08216,0,0,0
15089,08221,0,0,0
15089,08222,15,0,15
15089,08225,0,0,0
15089,08226,13,0,13
15089,08231,0,0,0
15089,08235,0,0,0
15089,08236,0,0,0
15089,08237,0,0,0
15089,08311,0,0,0
15089,08315,0,0,0
15089,08316,0,0,0
15089,08317,11,0,11
15089,08325,0,0,0
15089,08326,0,0,0
15089,08327,0,0,0
15089,08335,0,0,0
15089,08336,0,0,0
15089,08337,0,0,0
15089,08415,0,0,0
15089,08416,0,0,0
15089,08417,0,0,0
15089,08421,13,0,13
15089,08425,0,0,0
15089,08426,10,0,10
15089,08435,29,0,29
15089,08436,0,0,0
15089,08437,0,0,0
15089,09161,0,0,0
15089,09162,77,0,77
15089,09163,10,0,10
15089,09171,0,0,0
15089,09172,17,0,17
15089,09173,0,0,0
15089,09174,11,0,11
15089,09175,16,0,16
15089,09176,0,0,0
15089,09177,0,0,0
15089,09178,0,0,0
15089,09179,10,0,10
15089,09180,0,0,0
15089,09181,0,0,0
15089,09182,0,0,0
15089,09183,0,0,0
15089,09184,32,0,32
15089,09185,0,0,0
15089,09186,0,0,0
15089,09187,0,0,0
15089,09188,0,0,0
15089,09189,10,0,10
15089,09190,0,0,0
15089,09261,0,0,0
15089,09262,0,0,0
15089,09263,0,0,0
15089,09271,0,0,0
15089,09272,0,0,0
15089,09273,12,0,12
15089,09274,0,0,0
15089,09275,0,0,0
15089,09276,0,0,0
15089,09277,0,0,0
15089,09278,0,0,0
15089,09279,0,0,0
15089,09361,0,0,0
15089,09362,0,0,0
15089,09363,0,0,0
15089,09371,0,0,0
15089,09372,11,0,11
15089,09373,19,0,19
15089,09374,0,0,0
15089,09375,10,0,10
15089,09376,10,0,10
15089,09377,0,0,0
15089,09461,0,0,0
15089,09462,0,0,0
15089,09463,0,0,0
15089,09464,0,0,0
15089,09471,10,0,10
15089,09472,0,0,0
15089,09473,0,0,0
15089,09474,0,0,0
15089,09475,0,0,0
15089,09476,0,0,0
15089,09477,0,0,0
15089,09478,0,0,0
15089,09479,0,0,0
15089,09561,0,0,0
15089,09562,0,0,0
15089,09563,0,0,0
15089,09564,86,11,75
15089,09565,0,0,0
15089,09571,0,0,0
15089,09572,0,0,0
15089,09573,0,0,0
15089,09574,0,0,0
15089,09575,0,0,0
15089,09576,0,0,0
15089,09577,0,0,0
15089,09661,0,0,0
15089,09662,0,0,0
15089,09663,0,0,0
15089,09671,0,0,0
15089,09672,0,0,0
15089,09673,0,0,0
15089,09674,0,0,0
15089,09675,0,0,0
15089,09676,0,0,0
15089,09677,0,0,0
15089,09678,0,0,0
15089,09679,0,0,0
15089,09761,0,0,0
15089,09762,0,0,0
15089,09763,0,0,0
15089,09764,0,0,0
15089,09771,0,0,0
15089,09772,12,0,12
15089,09773,0,0,0
15089,09774,0,0,0
15089,09775,0,0,0
15089,09776,0,0,0
15089,09777,0,0,0
15089,09778,0,0,0
15089,09779,0,0,0
15089,09780,0,0,0
15089,10041,0,0,0
15089,10042,0,0,0
15089,10043,0,0,0
15089,10044,0,0,0
15089,10045,0,0,0
15089,10046,0,0,0
15089,11000,510,99,411
15089,12051,0,0,0
15089,12052,12,0,12
15089,12053,15,0,15
15089,12054,21,0,21
15089,12060,18,0,18
15089,12061,41,10,31
15089,12062,18,0,18
15089,12063,23,10,13
15089,12064,32,12,20
15089,12065,53,41,12
15089,12066,28,16,12
15089,12067,51,22,29
15089,12068,0,0,0
15089,12069,63,30,33
15089,12070,0,0,0
15089,12071,12,12,0
15089,12072,43,16,27
15089,12073,12,0,12
15089,13003,25,12,13
15089,13004,13,0,13
15089,13071,31,20,11
15089,13072,31,20,11
15089,13073,25,0,25
15089,13074,12,12,0
15089,13075,12,12,0
15089,13076,34,23,11
15089,14511,47,11,36
15089,14521,0,0,0
15089,14522,34,11,23
15089,14523,16,0,16
15089,14524,45,0,45
15089,14612,107,17,90
15089,14625,36,21,15
15089,14626,19,19,0
15089,14627,30,15,15
15089,14628,28,14,14
15089,14713,912,307,605
15089,14729,153,109,44
15089,14730,228,104,124
15089,15001,812,288,524
15089,15002,1651,471,1180
15089,15003,10922,3353,7569
15089,15081,146,55,91
15089,15082,2937,1436,1501
15089,15083,4356,1327,3029
15089,15084,159,76,83
15089,15085,4867,2695,2172
15089,15086,1447,712,735
15089,15087,3089,1797,1292
15089,15088,1248,430,818
15089,15089,0,0,0
15089,15090,152,78,74
15089,15091,223,134,89
15089,16051,114,16,98
15089,16052,12,0,12
15089,16053,18,0,18
15089,16054,0,0,0
15089,16055,10,0,10
15089,16056,0,0,0
15089,16061,30,0,30
15089,16062,44,30,14
15089,16063,12,0,12
15089,16064,0,0,0
15089,16065,37,22,15
15089,16066,11,0,11
15089,16067,11,0,11
15089,16068,26,0,26
15089,16069,0,0,0
15089,16070,0,0,0
15089,16071,0,0,0
15089,16072,0,0,0
15089,16073,0,0,0
15089,16074,11,11,0
15089,16075,0,0,0
15089,16076,0,0,0
15089,16077,0,0,0
15090,01001,0,0,0
15090,01002,18,0,18
15090,01003,0,0,0
15090,01004,0,0,0
15090,01051,0,0,0
15090,01053,11,0,11
15090,01054,26,0,26
15090,01055,0,0,0
15090,01056,14,0,14
15090,01057,0,0,0
15090,01058,0,0,0
15090,01059,0,0,0
15090,01060,17,0,17
15090,01061,0,0,0
15090,01062,24,0,24
15090,02000,362,48,314
15090,03101,89,0,89
15090,03102,14,0,14
15090,03103,466,16,450
15090,03151,80,13,67
15090,03153,20,20,0
15090,03154,24,0,24
15090,03155,0,0,0
15090,03157,22,0,22
15090,03158,13,0,13
15090,03159,10,10,0
15090,03241,393,25,368
15090,03251,25,0,25
15090,03252,0,0,0
15090,03254,39,10,29
15090,03255,0,0,0
15090,03256,16,0,16
15090,03257,18,0,18
15090,03351,70,0,70
15090,03352,35,0,35
15090,03353,33,0,33
15090,03354,266,37,229
15090,03355,56,11,45
15090,03356,0,0,0
15090,03357,22,0,22
15090,03358,53,0,53
15090,03359,0,0,0
15090,03360,67,17,50
15090,03361,32,0,32
15090,03401,10,0,10
15090,03402,0,0,0
15090,03403,10,0,10
15090,03404,0,0,0
15090,03405,0,0,0
15090,03451,0,0,0
15090,03452,0,0,0
15090,03453,19,0,19
15090,03454,99,0,99
15090,03455,0,0,0
15090,03456,0,0,0
15090,03457,16,0,16
15090,03458,10,0,10
15090,03459,29,0,29
15090,03460,17,0,17
15090,03461,14,0,14
15090,03462,0,0,0
15090,04011,47,0,47
15090,04012,0,0,0
15090,05111,19,0,19
15090,05112,0,0,0
15090,05113,17,0,17
15090,05114,0,0,0
15090,05116,0,0,0
15090,05117,0,0,0
15090,05119,0,0,0
15090,05120,0,0,0
15090,05122,0,0,0
15090,05124,10,0,10
15090,05154,0,0,0
15090,05158,15,0,15
15090,05162,0,0,0
15090,05166,0,0,0
15090,05170,0,0,0
15090,05314,0,0,0
15090,05315,20,0,20
15090,05316,0,0,0
15090,05334,0,0,0
15090,05358,0,0,0
15090,05362,0,0,0
15090,05366,0,0,0
15090,05370,0,0,0
15090,05374,0,0,0
15090,05378,0,0,0
15090,05382,15,0,15
15090,05512,0,0,0
15090,05513,0,0,0
15090,05515,0,0,0
15090,05554,18,0,18
15090,05558,26,0,26
15090,05562,14,14,0
15090,05566,23,0,23
15090,05570,0,0,0
15090,05711,13,0,13
15090,05754,46,0,46
15090,05758,15,0,15
15090,05762,0,0,0
15090,05766,0,0,0
15090,05770,33,0,33
15090,05774,0,0,0
15090,05911,0,0,0
15090,05913,11,0,11
15090,05914,0,0,0
15090,05915,0,0,0
15090,05916,0,0,0
15090,05954,0,0,0
15090,05958,0,0,0
15090,05962,0,0,0
15090,05966,14,0,14
15090,05970,0,0,0
15090,05974,0,0,0
15090,05978,0,0,0
15090,06411,0,0,0
15090,06412,38,0,38
15090,06413,0,0,0
15090,06414,0,0,0
15090,06431,0,0,0
15090,06432,0,0,0
15090,06433,0,0,0
15090,06434,0,0,0
15090,06435,81,0,81
15090,06436,0,0,0
15090,06437,0,0,0
15090,06438,0,0,0
15090,06439,0,0,0
15090,06440,0,0,0
15090,06531,0,0,0
15090,06532,0,0,0
15090,06533,0,0,0
15090,06534,0,0,0
15090,06535,0,0,0
15090,06611,0,0,0
15090,06631,0,0,0
15090,06632,0,0,0
15090,06633,0,0,0
15090,06634,0,0,0
15090,06635,0,0,0
15090,06636,0,0,0
15090,07111,0,0,0
15090,07131,0,0,0
15090,07132,0,0,0
15090,07133,0,0,0
15090,07134,0,0,0
15090,07135,0,0,0
15090,07137,0,0,0
15090,07138,0,0,0
15090,07140,0,0,0
15090,07141,0,0,0
15090,07143,20,0,20
15090,07211,0,0,0
15090,07231,0,0,0
15090,07232,0,0,0
15090,07233,0,0,0
15090,07235,0,0,0
15090,07311,0,0,0
15090,07312,0,0,0
15090,07313,0,0,0
15090,07314,0,0,0
15090,07315,0,0,0
15090,07316,0,0,0
15090,07317,0,0,0
15090,07318,0,0,0
15090,07319,0,0,0
15090,07320,0,0,0
15090,07331,0,0,0
15090,07332,0,0,0
15090,07333,0,0,0
15090,07334,0,0,0
15090,07335,0,0,0
15090,07336,0,0,0
15090,07337,0,0,0
15090,07338,0,0,0
15090,07339,0,0,0
15090,07340,0,0,0
15090,08111,25,0,25
15090,08115,10,0,10
15090,08116,0,0,0
15090,08117,0,0,0
15090,08118,0,0,0
15090,08119,0,0,0
15090,08121,0,0,0
15090,08125,0,0,0
15090,08126,0,0,0
15090,08127,0,0,0
15090,08128,0,0,0
15090,08135,0,0,0
15090,08136,0,0,0
15090,08211,0,0,0
15090,08212,10,0,10
15090,08215,0,0,0
15090,08216,0,0,0
15090,08221,0,0,0
15090,08222,13,0,13
15090,08225,0,0,0
15090,08226,0,0,0
15090,08231,0,0,0
15090,08235,0,0,0
15090,08236,0,0,0
15090,08237,0,0,0
15090,08311,0,0,0
15090,08315,0,0,0
15090,08316,0,0,0
15090,08317,0,0,0
15090,08325,0,0,0
15090,08326,15,0,15
15090,08327,0,0,0
15090,08335,0,0,0
15090,08336,0,0,0
15090,08337,0,0,0
15090,08415,0,0,0
15090,08416,0,0,0
15090,08417,0,0,0
15090,08421,0,0,0
15090,08425,0,0,0
15090,08426,0,0,0
15090,08435,0,0,0
15090,08436,0,0,0
15090,08437,0,0,0
15090,09161,0,0,0
15090,09162,28,0,28
15090,09163,0,0,0
15090,09171,0,0,0
15090,09172,0,0,0
15090,09173,0,0,0
15090,09174,0,0,0
15090,09175,0,0,0
15090,09176,0,0,0
15090,09177,0,0,0
15090,09178,0,0,0
15090,09179,0,0,0
15090,09180,0,0,0
15090,09181,0,0,0
15090,09182,0,0,0
15090,09183,0,0,0
15090,09184,10,0,10
15090,09185,0,0,0
15090,09186,0,0,0
15090,09187,0,0,0
15090,09188,0,0,0
15090,09189,0,0,0
15090,09190,0,0,0
15090,09261,0,0,0
15090,09262,0,0,0
15090,09263,0,0,0
15090,09271,10,0,10
15090,09272,0,0,0
15090,09273,0,0,0
15090,09274,0,0,0
15090,09275,0,0,0
15090,09276,0,0,0
15090,09277,0,0,0
15090,09278,0,0,0
15090,09279,0,0,0
15090,09361,0,0,0
15090,09362,0,0,0
15090,09363,0,0,0
15090,09371,0,0,0
15090,09372,0,0,0
15090,09373,0,0,0
15090,09374,0,0,0
15090,09375,0,0,0
15090,09376,0,0,0
15090,09377,0,0,0
15090,09461,0,0,0
15090,09462,0,0,0
15090,09463,0,0,0
15090,09464,0,0,0
15090,09471,0,0,0
15090,09472,0,0,0
15090,09473,0,0,0
15090,09474,0,0,0
15090,09475,0,0,0
15090,09476,0,0,0
15090,09477,0,0,0
15090,09478,0,0,0
15090,09479,0,0,0
15090,09561,0,0,0
15090,09562,0,0,0
15090,09563,0,0,0
15090,09564,15,0,15
15090,09565,0,0,0
15090,09571,0,0,0
15090,09572,0,0,0
15090,09573,0,0,0
15090,09574,0,0,0
15090,09575,0,0,0
15090,09576,0,0,0
15090,09577,0,0,0
15090,09661,0,0,0
15090,09662,0,0,0
15090,09663,0,0,0
15090,09671,0,0,0
15090,09672,0,0,0
15090,09673,0,0,0
15090,09674,0,0,0
15090,09675,0,0,0
15090,09676,0,0,0
15090,09677,0,0,0
15090,09678,0,0,0
15090,09679,0,0,0
15090,09761,0,0,0
15090,09762,0,0,0
15090,09763,0,0,0
15090,09764,0,0,0
15090,09771,0,0,0
15090,09772,0,0,0
15090,09773,0,0,0
15090,09774,0,0,0
15090,09775,0,0,0
15090,09776,0,0,0
15090,09777,0,0,0
15090,09778,0,0,0
15090,09779,0,0,0
15090,09780,0,0,0
15090,10041,0,0,0
15090,10042,0,0,0
15090,10043,0,0,0
15090,10044,0,0,0
15090,10045,0,0,0
15090,10046,0,0,0
15090,11000,776,155,621
15090,12051,165,61,104
15090,12052,22,0,22
15090,12053,0,0,0
15090,12054,99,15,84
15090,12060,24,13,11
15090,12061,34,0,34
15090,12062,46,0,46
15090,12063,914,334,580
15090,12064,77,0,77
15090,12065,60,30,30
15090,12066,0,0,0
15090,12067,21,11,10
15090,12068,240,125,115
15090,12069,88,57,31
15090,12070,1571,458,1113
15090,12071,0,0,0
15090,12072,26,0,26
15090,12073,0,0,0
15090,13003,54,23,31
15090,13004,26,0,26
15090,13071,39,28,11
15090,13072,82,58,24
15090,13073,46,30,16
15090,13074,70,47,23
15090,13075,51,32,19
15090,13076,113,49,64
15090,14511,27,13,14
15090,14521,16,16,0
15090,14522,0,0,0
15090,14523,0,0,0
15090,14524,13,0,13
15090,14612,29,0,29
15090,14625,0,0,0
15090,14626,0,0,0
15090,14627,0,0,0
15090,14628,0,0,0
15090,14713,181,39,142
15090,14729,24,13,11
15090,14730,21,0,21
15090,15001,59,30,29
15090,15002,253,106,147
15090,15003,2239,542,1697
15090,15081,3726,1490,2236
15090,15082,68,45,23
15090,15083,1643,575,1068
15090,15084,34,13,21
15090,15085,102,46,56
15090,15086,1558,791,767
15090,15087,54,27,27
15090,15088,70,44,26
15090,15089,152,74,78
15090,15090,0,0,0
15090,15091,47,47,0
15090,16051,33,0,33
15090,16052,0,0,0
15090,16053,0,0,0
15090,16054,0,0,0
15090,16055,0,0,0
15090,16056,0,0,0
15090,16061,12,0,12
15090,16062,0,0,0
15090,16063,11,0,11
15090,16064,0,0,0
15090,16065,0,0,0
15090,16066,0,0,0
15090,16067,0,0,0
15090,16068,0,0,0
15090,16069,0,0,0
15090,16070,0,0,0
15090,16071,0,0,0
15090,16072,0,0,0
15090,16073,0,0,0
15090,16074,0,0,0
15090,16075,0,0,0
15090,16076,0,0,0
15090,16077,0,0,0
15091,01001,0,0,0
15091,01002,0,0,0
15091,01003,0,0,0
15091,01004,0,0,0
15091,01051,11,0,11
15091,01053,0,0,0
15091,01054,0,0,0
15091,01055,0,0,0
15091,01056,0,0,0
15091,01057,0,0,0
15091,01058,0,0,0
15091,01059,0,0,0
15091,01060,0,0,0
15091,01061,0,0,0
15091,01062,14,0,14
15091,02000,134,0,134
15091,03101,20,0,20
15091,03102,0,0,0
15091,03103,19,0,19
15091,03151,0,0,0
15091,03153,0,0,0
15091,03154,0,0,0
15091,03155,0,0,0
15091,03157,0,0,0
15091,03158,0,0,0
15091,03159,11,0,11
15091,03241,64,12,52
15091,03251,0,0,0
15091,03252,0,0,0
15091,03254,10,0,10
15091,03255,0,0,0
15091,03256,0,0,0
15091,03257,14,0,14
15091,03351,0,0,0
15091,03352,17,0,17
15091,03353,15,0,15
15091,03354,0,0,0
15091,03355,0,0,0
15091,03356,0,0,0
15091,03357,0,0,0
15091,03358,0,0,0
15091,03359,0,0,0
15091,03360,0,0,0
15091,03361,0,0,0
15091,03401,0,0,0
15091,03402,0,0,0
15091,03403,10,0,10
15091,03404,0,0,0
15091,03405,0,0,0
15091,03451,0,0,0
15091,03452,0,0,0
15091,03453,11,11,0
15091,03454,13,0,13
15091,03455,0,0,0
15091,03456,0,0,0
15091,03457,0,0,0
15091,03458,0,0,0
15091,03459,14,0,14
15091,03460,0,0,0
15091,03461,0,0,0
15091,03462,0,0,0
15091,04011,69,53,16
15091,04012,13,13,0
15091,05111,20,0,20
15091,05112,0,0,0
15091,05113,28,0,28
15091,05114,0,0,0
15091,05116,0,0,0
15091,05117,0,0,0
15091,05119,11,0,11
15091,05120,0,0,0
15091,05122,0,0,0
15091,05124,23,0,23
15091,05154,0,0,0
15091,05158,12,0,12
15091,05162,0,0,0
15091,05166,0,0,0
15091,05170,0,0,0
15091,05314,14,0,14
15091,05315,25,0,25
15091,05316,0,0,0
15091,05334,0,0,0
15091,05358,0,0,0
15091,05362,20,0,20
15091,05366,0,0,0
15091,05370,0,0,0
15091,05374,0,0,0
15091,05378,0,0,0
15091,05382,11,0,11
15091,05512,0,0,0
15091,05513,0,0,0
15091,05515,0,0,0
15091,05554,0,0,0
15091,05558,0,0,0
15091,05562,13,0,13
15091,05566,12,0,12
15091,05570,15,0,15
15091,05711,0,0,0
15091,05754,37,0,37
15091,05758,0,0,0
15091,05762,0,0,0
15091,05766,12,0,12
15091,05770,25,0,25
15091,05774,0,0,0
15091,05911,0,0,0
15091,05913,11,0,11
15091,05914,0,0,0
15091,05915,0,0,0
15091,05916,0,0,0
15091,05954,0,0,0
15091,05958,18,0,18
15091,05962,0,0,0
15091,05966,0,0,0
15091,05970,0,0,0
15091,05974,0,0,0
15091,05978,0,0,0
15091,06411,0,0,0
15091,06412,67,14,53
15091,06413,0,0,0
15091,06414,12,0,12
15091,06431,0,0,0
15091,06432,12,0,12
15091,06433,37,37,0
15091,06434,0,0,0
15091,06435,15,0,15
15091,06436,0,0,0
15091,06437,0,0,0
15091,06438,46,0,46
15091,06439,0,0,0
15091,06440,0,0,0
15091,06531,0,0,0
15091,06532,0,0,0
15091,06533,0,0,0
15091,06534,0,0,0
15091,06535,0,0,0
15091,06611,0,0,0
15091,06631,11,0,11
15091,06632,0,0,0
15091,06633,0,0,0
15091,06634,0,0,0
15091,06635,0,0,0
15091,06636,0,0,0
15091,07111,0,0,0
15091,07131,0,0,0
15091,07132,0,0,0
15091,07133,0,0,0
15091,07134,0,0,0
15091,07135,0,0,0
15091,07137,0,0,0
15091,07138,0,0,0
15091,07140,12,0,12
15091,07141,0,0,0
15091,07143,23,0,23
15091,07211,0,0,0
15091,07231,0,0,0
15091,07232,0,0,0
15091,07233,0,0,0
15091,07235,0,0,0
15091,07311,0,0,0
15091,07312,0,0,0
15091,07313,0,0,0
15091,07314,0,0,0
15091,07315,0,0,0
15091,07316,0,0,0
15091,07317,0,0,0
15091,07318,0,0,0
15091,07319,0,0,0
15091,07320,0,0,0
15091,07331,0,0,0
15091,07332,0,0,0
15091,07333,0,0,0
15091,07334,0,0,0
15091,07335,0,0,0
15091,07336,0,0,0
15091,07337,0,0,0
15091,07338,0,0,0
15091,07339,0,0,0
15091,07340,0,0,0
15091,08111,28,0,28
15091,08115,0,0,0
15091,08116,37,25,12
15091,08117,15,0,15
15091,08118,18,0,18
15091,08119,0,0,0
15091,08121,0,0,0
15091,08125,12,0,12
15091,08126,0,0,0
15091,08127,0,0,0
15091,08128,0,0,0
15091,08135,0,0,0
15091,08136,0,0,0
15091,08211,0,0,0
15091,08212,0,0,0
15091,08215,0,0,0
15091,08216,0,0,0
15091,08221,0,0,0
15091,08222,20,0,20
15091,08225,0,0,0
15091,08226,0,0,0
15091,08231,0,0,0
15091,08235,0,0,0
15091,08236,0,0,0
15091,08237,0,0,0
15091,08311,0,0,0
15091,08315,0,0,0
15091,08316,0,0,0
15091,08317,19,0,19
15091,08325,0,0,0
15091,08326,0,0,0
15091,08327,0,0,0
15091,08335,0,0,0
15091,08336,0,0,0
15091,08337,0,0,0
15091,08415,27,0,27
15091,08416,0,0,0
15091,08417,0,0,0
15091,08421,13,0,13
15091,08425,0,0,0
15091,08426,0,0,0
15091,08435,0,0,0
15091,08436,0,0,0
15091,08437,0,0,0
15091,09161,15,0,15
15091,09162,107,12,95
15091,09163,0,0,0
15091,09171,0,0,0
15091,09172,0,0,0
15091,09173,0,0,0
15091,09174,0,0,0
15091,09175,0,0,0
15091,09176,0,0,0
15091,09177,0,0,0
15091,09178,0,0,0
15091,09179,0,0,0
15091,09180,0,0,0
15091,09181,0,0,0
15091,09182,0,0,0
15091,09183,0,0,0
15091,09184,37,0,37
15091,09185,0,0,0
15091,09186,51,0,51
15091,09187,0,0,0
15091,09188,0,0,0
15091,09189,0,0,0
15091,09190,0,0,0
15091,09261,0,0,0
15091,09262,0,0,0
15091,09263,0,0,0
15091,09271,12,0,12
15091,09272,0,0,0
15091,09273,0,0,0
15091,09274,0,0,0
15091,09275,0,0,0
15091,09276,0,0,0
15091,09277,0,0,0
15091,09278,0,0,0
15091,09279,0,0,0
15091,09361,0,0,0
15091,09362,11,0,11
15091,09363,0,0,0
15091,09371,0,0,0
15091,09372,0,0,0
15091,09373,15,0,15
15091,09374,0,0,0
15091,09375,0,0,0
15091,09376,0,0,0
15091,09377,0,0,0
15091,09461,0,0,0
15091,09462,0,0,0
15091,09463,0,0,0
15091,09464,0,0,0
15091,09471,0,0,0
15091,09472,0,0,0
15091,09473,0,0,0
15091,09474,0,0,0
15091,09475,0,0,0
15091,09476,0,0,0
15091,09477,0,0,0
15091,09478,0,0,0
15091,09479,0,0,0
15091,09561,0,0,0
15091,09562,0,0,0
15091,09563,0,0,0
15091,09564,52,10,42
15091,09565,0,0,0
15091,09571,0,0,0
15091,09572,0,0,0
15091,09573,0,0,0
15091,09574,0,0,0
15091,09575,0,0,0
15091,09576,0,0,0
15091,09577,0,0,0
15091,09661,0,0,0
15091,09662,0,0,0
15091,09663,0,0,0
15091,09671,10,0,10
15091,09672,0,0,0
15091,09673,0,0,0
15091,09674,0,0,0
15091,09675,0,0,0
15091,09676,0,0,0
15091,09677,10,0,10
15091,09678,0,0,0
15091,09679,0,0,0
15091,09761,0,0,0
15091,09762,0,0,0
15091,09763,0,0,0
15091,09764,0,0,0
15091,09771,0,0,0
15091,09772,0,0,0
15091,09773,0,0,0
15091,09774,10,0,10
15091,09775,0,0,0
15091,09776,0,0,0
15091,09777,0,0,0
15091,09778,0,0,0
15091,09779,0,0,0
15091,09780,0,0,0
15091,10041,0,0,0
15091,10042,0,0,0
15091,10043,11,0,11
15091,10044,0,0,0
15091,10045,0,0,0
15091,10046,0,0,0
15091,11000,1081,249,832
15091,12051,68,19,49
15091,12052,42,12,30
15091,12053,0,0,0
15091,12054,124,29,95
15091,12060,30,17,13
15091,12061,59,15,44
15091,12062,836,472,364
15091,12063,35,13,22
15091,12064,50,25,25
15091,12065,33,11,22
15091,12066,80,22,58
15091,12067,39,24,15
15091,12068,0,0,0
15091,12069,839,311,528
15091,12070,0,0,0
15091,12071,31,13,18
15091,12072,799,290,509
15091,12073,0,0,0
15091,13003,25,13,12
15091,13004,0,0,0
15091,13071,25,25,0
15091,13072,37,12,25
15091,13073,10,0,10
15091,13074,0,0,0
15091,13075,0,0,0
15091,13076,12,12,0
15091,14511,78,18,60
15091,14521,18,0,18
15091,14522,55,23,32
15091,14523,0,0,0
15091,14524,31,11,20
15091,14612,136,28,108
15091,14625,36,20,16
15091,14626,30,20,10
15091,14627,108,30,78
15091,14628,34,17,17
15091,14713,1263,302,961
15091,14729,190,73,117
15091,14730,1931,797,1134
15091,15001,5786,1948,3838
15091,15002,680,151,529
15091,15003,310,45,265
15091,15081,0,0,0
15091,15082,3367,1259,2108
15091,15083,66,31,35
15091,15084,98,45,53
15091,15085,89,56,33
15091,15086,109,50,59
15091,15087,113,57,56
15091,15088,539,100,439
15091,15089,223,89,134
15091,15090,47,0,47
15091,15091,0,0,0
15091,16051,52,14,38
15091,16052,11,0,11
15091,16053,15,0,15
15091,16054,0,0,0
15091,16055,21,10,11
15091,16056,0,0,0
15091,16061,27,0,27
15091,16062,12,0,12
15091,16063,0,0,0
15091,16064,0,0,0
15091,16065,0,0,0
15091,16066,0,0,0
15091,16067,0,0,0
15091,16068,0,0,0
15091,16069,0,0,0
15091,16070,0,0,0
15091,16071,11,11,0
15091,16072,0,0,0
15091,16073,11,11,0
15091,16074,36,10,26
15091,16075,0,0,0
15091,16076,20,0,20
15091,16077,10,10,0
16051,01001,0,0,0
16051,01002,11,0,11
16051,01003,32,13,19
16051,01004,0,0,0
16051,01051,0,0,0
16051,01053,0,0,0
16051,01054,17,0,17
16051,01055,12,12,0
16051,01056,0,0,0
16051,01057,0,0,0
16051,01058,0,0,0
16051,01059,0,0,0
16051,01060,0,0,0
16051,01061,0,0,0
16051,01062,19,0,19
16051,02000,270,50,220
16051,03101,36,13,23
16051,03102,0,0,0
16051,03103,15,0,15
16051,03151,0,0,0
16051,03153,12,12,0
16051,03154,0,0,0
16051,03155,35,10,25
16051,03157,0,0,0
16051,03158,0,0,0
16051,03159,88,56,32
16051,03241,154,42,112
16051,03251,0,0,0
16051,03252,0,0,0
16051,03254,21,10,11
16051,03255,0,0,0
16051,03256,0,0,0
16051,03257,0,0,0
16051,03351,0,0,0
16051,03352,0,0,0
16051,03353,0,0,0
16051,03354,0,0,0
16051,03355,0,0,0
16051,03356,0,0,0
16051,03357,0,0,0
16051,03358,0,0,0
16051,03359,0,0,0
16051,03360,0,0,0
16051,03361,0,0,0
16051,03401,0,0,0
16051,03402,0,0,0
16051,03403,14,0,14
16051,03404,22,0,22
16051,03405,0,0,0
16051,03451,0,0,0
16051,03452,0,0,0
16051,03453,0,0,0
16051,03454,28,13,15
16051,03455,0,0,0
16051,03456,0,0,0
16051,03457,0,0,0
16051,03458,0,0,0
16051,03459,0,0,0
16051,03460,0,0,0
16051,03461,0,0,0
16051,03462,0,0,0
16051,04011,32,11,21
16051,04012,0,0,0
16051,05111,79,13,66
16051,05112,27,13,14
16051,05113,72,19,53
16051,05114,0,0,0
16051,05116,14,0,14
16051,05117,11,0,11
16051,05119,15,0,15
16051,05120,0,0,0
16051,05122,0,0,0
16051,05124,24,0,24
16051,05154,25,25,0
16051,05158,21,0,21
16051,05162,26,10,16
16051,05166,18,0,18
16051,05170,41,19,22
16051,05314,46,11,35
16051,05315,152,35,117
16051,05316,0,0,0
16051,05334,30,12,18
16051,05358,0,0,0
16051,05362,17,0,17
16051,05366,0,0,0
16051,05370,0,0,0
16051,05374,55,10,45
16051,05378,98,0,98
16051,05382,39,21,18
16051,05512,0,0,0
16051,05513,0,0,0
16051,05515,33,15,18
16051,05554,0,0,0
16051,05558,0,0,0
16051,05562,12,0,12
16051,05566,22,22,0
16051,05570,10,10,0
16051,05711,11,0,11
16051,05754,33,10,23
16051,05758,0,0,0
16051,05762,0,0,0
16051,05766,14,14,0
16051,05770,10,10,0
16051,05774,28,28,0
16051,05911,14,14,0
16051,05913,54,20,34
16051,05914,0,0,0
16051,05915,0,0,0
16051,05916,0,0,0
16051,05954,11,0,11
16051,05958,12,0,12
16051,05962,0,0,0
16051,05966,0,0,0
16051,05970,0,0,0
16051,05974,0,0,0
16051,05978,43,11,32
16051,06411,37,0,37
16051,06412,294,36,258
16051,06413,24,10,14
16051,06414,38,0,38
16051,06431,17,0,17
16051,06432,53,15,38
16051,06433,19,0,19
16051,06434,51,0,51
16051,06435,135,24,111
16051,06436,56,11,45
16051,06437,0,0,0
16051,06438,64,23,41
16051,06439,0,0,0
16051,06440,39,20,19
16051,06531,34,19,15
16051,06532,25,10,15
16051,06533,11,0,11
16051,06534,25,13,12
16051,06535,11,0,11
16051,06611,109,47,62
16051,06631,149,51,98
16051,06632,205,129,76
16051,06633,58,38,20
16051,06634,19,19,0
16051,06635,30,17,13
16051,06636,74,63,11
16051,07111,25,0,25
16051,07131,0,0,0
16051,07132,0,0,0
16051,07133,0,0,0
16051,07134,0,0,0
16051,07135,0,0,0
16051,07137,0,0,0
16051,07138,0,0,0
16051,07140,0,0,0
16051,07141,0,0,0
16051,07143,0,0,0
16051,07211,0,0,0
16051,07231,0,0,0
16051,07232,0,0,0
16051,07233,0,0,0
16051,07235,0,0,0
16051,07311,0,0,0
16051,07312,0,0,0
16051,07313,0,0,0
16051,07314,0,0,0
16051,07315,41,11,30
16051,07316,0,0,0
16051,07317,0,0,0
16051,07318,0,0,0
16051,07319,0,0,0
16051,07320,0,0,0
16051,07331,0,0,0
16051,07332,0,0,0
16051,07333,0,0,0
16051,07334,0,0,0
16051,07335,0,0,0
16051,07336,0,0,0
16051,07337,0,0,0
16051,07338,0,0,0
16051,07339,10,0,10
16051,07340,0,0,0
16051,08111,146,50,96
16051,08115,89,74,15
16051,08116,56,28,28
16051,08117,0,0,0
16051,08118,61,27,34
16051,08119,49,13,36
16051,08121,17,0,17
16051,08125,45,18,27
16051,08126,12,0,12
16051,08127,0,0,0
16051,08128,21,11,10
16051,08135,0,0,0
16051,08136,19,0,19
16051,08211,0,0,0
16051,08212,40,0,40
16051,08215,35,10,25
16051,08216,0,0,0
16051,08221,13,0,13
16051,08222,46,10,36
16051,08225,0,0,0
16051,08226,35,14,21
16051,08231,0,0,0
16051,08235,20,20,0
16051,08236,0,0,0
16051,08237,0,0,0
16051,08311,29,0,29
16051,08315,10,10,0
16051,08316,0,0,0
16051,08317,29,0,29
16051,08325,0,0,0
16051,08326,14,0,14
16051,08327,0,0,0
16051,08335,0,0,0
16051,08336,0,0,0
16051,08337,0,0,0
16051,08415,26,12,14
16051,08416,15,15,0
16051,08417,10,0,10
16051,08421,16,0,16
16051,08425,0,0,0
16051,08426,0,0,0
16051,08435,0,0,0
16051,08436,32,10,22
16051,08437,0,0,0
16051,09161,44,0,44
16051,09162,283,56,227
16051,09163,0,0,0
16051,09171,0,0,0
16051,09172,10,0,10
16051,09173,0,0,0
16051,09174,17,0,17
16051,09175,0,0,0
16051,09176,10,0,10
16051,09177,0,0,0
16051,09178,15,0,15
16051,09179,12,0,12
16051,09180,0,0,0
16051,09181,0,0,0
16051,09182,0,0,0
16051,09183,0,0,0
16051,09184,90,10,80
16051,09185,0,0,0
16051,09186,39,0,39
16051,09187,0,0,0
16051,09188,0,0,0
16051,09189,0,0,0
16051,09190,0,0,0
16051,09261,0,0,0
16051,09262,0,0,0
16051,09263,0,0,0
16051,09271,0,0,0
16051,09272,0,0,0
16051,09273,0,0,0
16051,09274,0,0,0
16051,09275,0,0,0
16051,09276,0,0,0
16051,09277,0,0,0
16051,09278,0,0,0
16051,09279,0,0,0
16051,09361,0,0,0
16051,09362,19,0,19
16051,09363,0,0,0
16051,09371,0,0,0
16051,09372,0,0,0
16051,09373,0,0,0
16051,09374,0,0,0
16051,09375,0,0,0
16051,09376,0,0,0
16051,09377,0,0,0
16051,09461,0,0,0
16051,09462,0,0,0
16051,09463,35,18,17
16051,09464,0,0,0
16051,09471,13,13,0
16051,09472,0,0,0
16051,09473,63,40,23
16051,09474,0,0,0
16051,09475,25,12,13
16051,09476,17,17,0
16051,09477,0,0,0
16051,09478,0,0,0
16051,09479,0,0,0
16051,09561,0,0,0
16051,09562,23,0,23
16051,09563,15,0,15
16051,09564,149,29,120
16051,09565,13,0,13
16051,09571,0,0,0
16051,09572,11,11,0
16051,09573,0,0,0
16051,09574,24,11,13
16051,09575,0,0,0
16051,09576,0,0,0
16051,09577,0,0,0
16051,09661,0,0,0
16051,09662,16,0,16
16051,09663,35,13,22
16051,09671,36,14,22
16051,09672,29,19,10
16051,09673,52,33,19
16051,09674,13,13,0
16051,09675,0,0,0
16051,09676,0,0,0
16051,09677,12,0,12
16051,09678,19,19,0
16051,09679,54,18,36
16051,09761,11,0,11
16051,09762,0,0,0
16051,09763,0,0,0
16051,09764,0,0,0
16051,09771,0,0,0
16051,09772,10,0,10
16051,09773,0,0,0
16051,09774,10,0,10
16051,09775,0,0,0
16051,09776,0,0,0
16051,09777,0,0,0
16051,09778,0,0,0
16051,09779,0,0,0
16051,09780,0,0,0
16051,10041,11,0,11
16051,10042,0,0,0
16051,10043,0,0,0
16051,10044,0,0,0
16051,10045,0,0,0
16051,10046,0,0,0
16051,11000,1002,435,567
16051,12051,0,0,0
16051,12052,32,19,13
16051,12053,0,0,0
16051,12054,63,29,34
16051,12060,13,13,0
16051,12061,41,29,12
16051,12062,21,21,0
16051,12063,31,19,12
16051,12064,19,19,0
16051,12065,24,14,10
16051,12066,28,18,10
16051,12067,17,17,0
16051,12068,0,0,0
16051,12069,41,24,17
16051,12070,0,0,0
16051,12071,21,21,0
16051,12072,73,27,46
16051,12073,22,12,10
16051,13003,28,15,13
16051,13004,13,0,13
16051,13071,63,52,11
16051,13072,27,27,0
16051,13073,30,19,11
16051,13074,0,0,0
16051,13075,42,42,0
16051,13076,21,21,0
16051,14511,268,125,143
16051,14521,83,68,15
16051,14522,124,99,25
16051,14523,138,100,38
16051,14524,249,181,68
16051,14612,733,178,555
16051,14625,73,37,36
16051,14626,31,31,0
16051,14627,124,67,57
16051,14628,54,36,18
16051,14713,1332,555,777
16051,14729,183,133,50
16051,14730,106,81,25
16051,15001,94,94,0
16051,15002,360,192,168
16051,15003,303,211,92
16051,15081,10,10,0
16051,15082,88,69,19
16051,15083,200,187,13
16051,15084,443,366,77
16051,15085,77,62,15
16051,15086,54,44,10
16051,15087,341,298,43
16051,15088,236,136,100
16051,15089,114,98,16
16051,15090,33,33,0
16051,15091,52,38,14
16051,16051,0,0,0
16051,16052,772,641,131
16051,16053,2423,1276,1147
16051,16054,803,601,202
16051,16055,4754,3011,1743
16051,16056,814,484,330
16051,16061,668,444,224
16051,16062,869,618,251
16051,16063,1106,860,246
16051,16064,3062,2347,715
16051,16065,1996,1810,186
16051,16066,1417,1160,257
16051,16067,9379,6622,2757
16051,16068,9905,7002,2903
16051,16069,433,378,55
16051,16070,8271,5190,3081
16051,16071,5886,4338,1548
16051,16072,382,350,32
16051,16073,1239,1032,207
16051,16074,706,597,109
16051,16075,406,350,56
16051,16076,506,434,72
16051,16077,489,453,36
16052,01001,0,0,0
16052,01002,0,0,0
16052,01003,0,0,0
16052,01004,0,0,0
16052,01051,0,0,0
16052,01053,0,0,0
16052,01054,0,0,0
16052,01055,0,0,0
16052,01056,0,0,0
16052,01057,0,0,0
16052,01058,0,0,0
16052,01059,0,0,0
16052,01060,0,0,0
16052,01061,0,0,0
16052,01062,11,0,11
16052,02000,53,0,53
16052,03101,15,0,15
16052,03102,0,0,0
16052,03103,0,0,0
16052,03151,0,0,0
16052,03153,0,0,0
16052,03154,0,0,0
16052,03155,0,0,0
16052,03157,0,0,0
16052,03158,0,0,0
16052,03159,0,0,0
16052,03241,24,0,24
16052,03251,0,0,0
16052,03252,0,0,0
16052,03254,0,0,0
16052,03255,0,0,0
16052,03256,12,0,12
16052,03257,0,0,0
16052,03351,0,0,0
16052,03352,0,0,0
16052,03353,0,0,0
16052,03354,0,0,0
16052,03355,0,0,0
16052,03356,0,0,0
16052,03357,0,0,0
16052,03358,0,0,0
16052,03359,0,0,0
16052,03360,0,0,0
16052,03361,0,0,0
16052,03401,0,0,0
16052,03402,0,0,0
16052,03403,12,12,0
16052,03404,12,0,12
16052,03405,0,0,0
16052,03451,0,0,0
16052,03452,0,0,0
16052,03453,0,0,0
16052,03454,0,0,0
16052,03455,0,0,0
16052,03456,10,0,10
16052,03457,0,0,0
16052,03458,0,0,0
16052,03459,0,0,0
16052,03460,0,0,0
16052,03461,0,0,0
16052,03462,0,0,0
16052,04011,29,18,11
16052,04012,0,0,0
16052,05111,22,0,22
16052,05112,0,0,0
16052,05113,25,0,25
16052,05114,0,0,0
16052,05116,0,0,0
16052,05117,0,0,0
16052,05119,0,0,0
16052,05120,0,0,0
16052,05122,0,0,0
16052,05124,0,0,0
16052,05154,0,0,0
16052,05158,0,0,0
16052,05162,0,0,0
16052,05166,0,0,0
16052,05170,0,0,0
16052,05314,0,0,0
16052,05315,24,0,24
16052,05316,0,0,0
16052,05334,0,0,0
16052,05358,0,0,0
16052,05362,0,0,0
16052,05366,0,0,0
16052,05370,0,0,0
16052,05374,20,0,20
16052,05378,0,0,0
16052,05382,0,0,0
16052,05512,0,0,0
16052,05513,0,0,0
16052,05515,0,0,0
16052,05554,0,0,0
16052,05558,0,0,0
16052,05562,32,20,12
16052,05566,0,0,0
16052,05570,0,0,0
16052,05711,0,0,0
16052,05754,0,0,0
16052,05758,0,0,0
16052,05762,0,0,0
16052,05766,14,0,14
16052,05770,0,0,0
16052,05774,0,0,0
16052,05911,19,19,0
16052,05913,23,11,12
16052,05914,0,0,0
16052,05915,0,0,0
16052,05916,0,0,0
16052,05954,12,12,0
16052,05958,0,0,0
16052,05962,0,0,0
16052,05966,0,0,0
16052,05970,0,0,0
16052,05974,0,0,0
16052,05978,0,0,0
16052,06411,11,0,11
16052,06412,37,0,37
16052,06413,0,0,0
16052,06414,11,0,11
16052,06431,0,0,0
16052,06432,0,0,0
16052,06433,0,0,0
16052,06434,15,0,15
16052,06435,25,10,15
16052,06436,12,0,12
16052,06437,0,0,0
16052,06438,10,0,10
16052,06439,0,0,0
16052,06440,0,0,0
16052,06531,0,0,0
16052,06532,0,0,0
16052,06533,0,0,0
16052,06534,0,0,0
16052,06535,0,0,0
16052,06611,0,0,0
16052,06631,10,0,10
16052,06632,14,0,14
16052,06633,0,0,0
16052,06634,0,0,0
16052,06635,0,0,0
16052,06636,0,0,0
16052,07111,0,0,0
16052,07131,0,0,0
16052,07132,0,0,0
16052,07133,0,0,0
16052,07134,0,0,0
16052,07135,0,0,0
16052,07137,0,0,0
16052,07138,0,0,0
16052,07140,0,0,0
16052,07141,0,0,0
16052,07143,0,0,0
16052,07211,0,0,0
16052,07231,0,0,0
16052,07232,13,0,13
16052,07233,0,0,0
16052,07235,0,0,0
16052,07311,0,0,0
16052,07312,0,0,0
16052,07313,0,0,0
16052,07314,0,0,0
16052,07315,0,0,0
16052,07316,0,0,0
16052,07317,0,0,0
16052,07318,0,0,0
16052,07319,0,0,0
16052,07320,0,0,0
16052,07331,0,0,0
16052,07332,0,0,0
16052,07333,0,0,0
16052,07334,0,0,0
16052,07335,0,0,0
16052,07336,0,0,0
16052,07337,0,0,0
16052,07338,0,0,0
16052,07339,0,0,0
16052,07340,0,0,0
16052,08111,28,0,28
16052,08115,12,0,12
16052,08116,30,0,30
16052,08117,13,0,13
16052,08118,0,0,0
16052,08119,17,0,17
16052,08121,0,0,0
16052,08125,0,0,0
16052,08126,0,0,0
16052,08127,20,0,20
16052,08128,0,0,0
16052,08135,0,0,0
16052,08136,13,0,13
16052,08211,0,0,0
16052,08212,0,0,0
16052,08215,11,0,11
16052,08216,0,0,0
16052,08221,21,0,21
16052,08222,25,0,25
16052,08225,0,0,0
16052,08226,0,0,0
16052,08231,0,0,0
16052,08235,0,0,0
16052,08236,0,0,0
16052,08237,0,0,0
16052,08311,0,0,0
16052,08315,0,0,0
16052,08316,0,0,0
16052,08317,0,0,0
16052,08325,0,0,0
16052,08326,0,0,0
16052,08327,0,0,0
16052,08335,0,0,0
16052,08336,0,0,0
16052,08337,0,0,0
16052,08415,0,0,0
16052,08416,0,0,0
16052,08417,0,0,0
16052,08421,10,0,10
16052,08425,0,0,0
16052,08426,0,0,0
16052,08435,0,0,0
16052,08436,0,0,0
16052,08437,0,0,0
16052,09161,12,0,12
16052,09162,85,12,73
16052,09163,0,0,0
16052,09171,0,0,0
16052,09172,0,0,0
16052,09173,0,0,0
16052,09174,0,0,0
16052,09175,0,0,0
16052,09176,0,0,0
16052,09177,0,0,0
16052,09178,12,0,12
16052,09179,0,0,0
16052,09180,0,0,0
16052,09181,0,0,0
16052,09182,0,0,0
16052,09183,0,0,0
16052,09184,41,0,41
16052,09185,0,0,0
16052,09186,10,0,10
16052,09187,0,0,0
16052,09188,0,0,0
16052,09189,0,0,0
16052,09190,0,0,0
16052,09261,0,0,0
16052,09262,0,0,0
16052,09263,0,0,0
16052,09271,16,0,16
16052,09272,0,0,0
16052,09273,0,0,0
16052,09274,0,0,0
16052,09275,0,0,0
16052,09276,0,0,0
16052,09277,0,0,0
16052,09278,0,0,0
16052,09279,0,0,0
16052,09361,0,0,0
16052,09362,10,0,10
16052,09363,11,0,11
16052,09371,0,0,0
16052,09372,0,0,0
16052,09373,14,0,14
16052,09374,0,0,0
16052,09375,0,0,0
16052,09376,14,0,14
16052,09377,0,0,0
16052,09461,0,0,0
16052,09462,34,0,34
16052,09463,32,0,32
16052,09464,14,14,0
16052,09471,20,0,20
16052,09472,14,0,14
16052,09473,0,0,0
16052,09474,0,0,0
16052,09475,24,14,10
16052,09476,0,0,0
16052,09477,0,0,0
16052,09478,0,0,0
16052,09479,0,0,0
16052,09561,0,0,0
16052,09562,0,0,0
16052,09563,11,0,11
16052,09564,54,0,54
16052,09565,0,0,0
16052,09571,0,0,0
16052,09572,0,0,0
16052,09573,0,0,0
16052,09574,20,0,20
16052,09575,0,0,0
16052,09576,11,0,11
16052,09577,0,0,0
16052,09661,0,0,0
16052,09662,0,0,0
16052,09663,0,0,0
16052,09671,0,0,0
16052,09672,0,0,0
16052,09673,0,0,0
16052,09674,0,0,0
16052,09675,0,0,0
16052,09676,0,0,0
16052,09677,0,0,0
16052,09678,0,0,0
16052,09679,0,0,0
16052,09761,0,0,0
16052,09762,0,0,0
16052,09763,0,0,0
16052,09764,0,0,0
16052,09771,0,0,0
16052,09772,0,0,0
16052,09773,0,0,0
16052,09774,12,0,12
16052,09775,0,0,0
16052,09776,0,0,0
16052,09777,0,0,0
16052,09778,0,0,0
16052,09779,0,0,0
16052,09780,0,0,0
16052,10041,0,0,0
16052,10042,0,0,0
16052,10043,0,0,0
16052,10044,0,0,0
16052,10045,0,0,0
16052,10046,0,0,0
16052,11000,341,121,220
16052,12051,0,0,0
16052,12052,0,0,0
16052,12053,0,0,0
16052,12054,10,10,0
16052,12060,0,0,0
16052,12061,10,10,0
16052,12062,10,0,10
16052,12063,0,0,0
16052,12064,0,0,0
16052,12065,0,0,0
16052,12066,0,0,0
16052,12067,0,0,0
16052,12068,0,0,0
16052,12069,50,38,12
16052,12070,0,0,0
16052,12071,0,0,0
16052,12072,10,0,10
16052,12073,0,0,0
16052,13003,0,0,0
16052,13004,0,0,0
16052,13071,0,0,0
16052,13072,0,0,0
16052,13073,0,0,0
16052,13074,0,0,0
16052,13075,50,0,50
16052,13076,0,0,0
16052,14511,332,120,212
16052,14521,188,155,33
16052,14522,124,75,49
16052,14523,326,220,106
16052,14524,1513,728,785
16052,14612,204,75,129
16052,14625,56,22,34
16052,14626,15,15,0
16052,14627,75,32,43
16052,14628,26,15,11
16052,14713,629,220,409
16052,14729,180,128,52
16052,14730,79,29,50
16052,15001,0,0,0
16052,15002,62,27,35
16052,15003,35,11,24
16052,15081,0,0,0
16052,15082,27,15,12
16052,15083,11,11,0
16052,15084,1262,934,328
16052,15085,10,0,10
16052,15086,0,0,0
16052,15087,10,10,0
16052,15088,143,60,83
16052,15089,12,12,0
16052,15090,0,0,0
16052,15091,11,11,0
16052,16051,772,131,641
16052,16052,0,0,0
16052,16053,1775,496,1279
16052,16054,0,0,0
16052,16055,184,76,108
16052,16056,19,0,19
16052,16061,29,13,16
16052,16062,21,11,10
16052,16063,60,22,38
16052,16064,37,22,15
16052,16065,13,13,0
16052,16066,47,30,17
16052,16067,61,28,33
16052,16068,39,27,12
16052,16069,0,0,0
16052,16070,77,51,26
16052,16071,145,77,68
16052,16072,0,0,0
16052,16073,263,174,89
16052,16074,3191,1523,1668
16052,16075,1081,657,424
16052,16076,10160,6705,3455
16052,16077,2276,1475,801
16053,01001,0,0,0
16053,01002,0,0,0
16053,01003,0,0,0
16053,01004,0,0,0
16053,01051,0,0,0
16053,01053,0,0,0
16053,01054,0,0,0
16053,01055,0,0,0
16053,01056,0,0,0
16053,01057,0,0,0
16053,01058,0,0,0
16053,01059,0,0,0
16053,01060,0,0,0
16053,01061,0,0,0
16053,01062,0,0,0
16053,02000,123,38,85
16053,03101,14,0,14
16053,03102,0,0,0
16053,03103,11,0,11
16053,03151,0,0,0
16053,03153,0,0,0
16053,03154,0,0,0
16053,03155,22,22,0
16053,03157,0,0,0
16053,03158,0,0,0
16053,03159,119,93,26
16053,03241,54,24,30
16053,03251,0,0,0
16053,03252,0,0,0
16053,03254,0,0,0
16053,03255,0,0,0
16053,03256,0,0,0
16053,03257,0,0,0
16053,03351,0,0,0
16053,03352,0,0,0
16053,03353,0,0,0
16053,03354,0,0,0
16053,03355,0,0,0
16053,03356,0,0,0
16053,03357,0,0,0
16053,03358,0,0,0
16053,03359,0,0,0
16053,03360,0,0,0
16053,03361,0,0,0
16053,03401,0,0,0
16053,03402,0,0,0
16053,03403,70,70,0
16053,03404,12,0,12
16053,03405,0,0,0
16053,03451,0,0,0
16053,03452,0,0,0
16053,03453,0,0,0
16053,03454,0,0,0
16053,03455,0,0,0
16053,03456,50,50,0
16053,03457,0,0,0
16053,03458,0,0,0
16053,03459,0,0,0
16053,03460,0,0,0
16053,03461,0,0,0
16053,03462,0,0,0
16053,04011,39,15,24
16053,04012,0,0,0
16053,05111,31,0,31
16053,05112,0,0,0
16053,05113,23,13,10
16053,05114,0,0,0
16053,05116,0,0,0
16053,05117,0,0,0
16053,05119,0,0,0
16053,05120,0,0,0
16053,05122,0,0,0
16053,05124,0,0,0
16053,05154,0,0,0
16053,05158,13,0,13
16053,05162,0,0,0
16053,05166,17,17,0
16053,05170,0,0,0
16053,05314,35,17,18
16053,05315,62,21,41
16053,05316,0,0,0
16053,05334,23,13,10
16053,05358,0,0,0
16053,05362,0,0,0
16053,05366,0,0,0
16053,05370,0,0,0
16053,05374,61,0,61
16053,05378,0,0,0
16053,05382,0,0,0
16053,05512,0,0,0
16053,05513,0,0,0
16053,05515,10,10,0
16053,05554,0,0,0
16053,05558,0,0,0
16053,05562,0,0,0
16053,05566,0,0,0
16053,05570,0,0,0
16053,05711,12,0,12
16053,05754,10,0,10
16053,05758,0,0,0
16053,05762,0,0,0
16053,05766,0,0,0
16053,05770,0,0,0
16053,05774,0,0,0
16053,05911,0,0,0
16053,05913,14,0,14
16053,05914,0,0,0
16053,05915,0,0,0
16053,05916,0,0,0
16053,05954,0,0,0
16053,05958,0,0,0
16053,05962,0,0,0
16053,05966,0,0,0
16053,05970,0,0,0
16053,05974,0,0,0
16053,05978,0,0,0
16053,06411,14,0,14
16053,06412,114,24,90
16053,06413,0,0,0
16053,06414,23,0,23
16053,06431,0,0,0
16053,06432,0,0,0
16053,06433,11,0,11
16053,06434,88,0,88
16053,06435,27,13,14
16053,06436,17,0,17
16053,06437,0,0,0
16053,06438,48,11,37
16053,06439,0,0,0
16053,06440,0,0,0
16053,06531,24,11,13
16053,06532,0,0,0
16053,06533,0,0,0
16053,06534,10,10,0
16053,06535,0,0,0
16053,06611,24,14,10
16053,06631,12,0,12
16053,06632,12,12,0
16053,06633,0,0,0
16053,06634,0,0,0
16053,06635,0,0,0
16053,06636,17,17,0
16053,07111,0,0,0
16053,07131,0,0,0
16053,07132,0,0,0
16053,07133,0,0,0
16053,07134,0,0,0
16053,07135,0,0,0
16053,07137,0,0,0
16053,07138,0,0,0
16053,07140,0,0,0
16053,07141,0,0,0
16053,07143,0,0,0
16053,07211,0,0,0
16053,07231,0,0,0
16053,07232,0,0,0
16053,07233,0,0,0
16053,07235,0,0,0
16053,07311,0,0,0
16053,07312,0,0,0
16053,07313,0,0,0
16053,07314,0,0,0
16053,07315,15,0,15
16053,07316,0,0,0
16053,07317,0,0,0
16053,07318,0,0,0
16053,07319,0,0,0
16053,07320,0,0,0
16053,07331,0,0,0
16053,07332,0,0,0
16053,07333,0,0,0
16053,07334,0,0,0
16053,07335,0,0,0
16053,07336,0,0,0
16053,07337,0,0,0
16053,07338,0,0,0
16053,07339,0,0,0
16053,07340,0,0,0
16053,08111,65,25,40
16053,08115,21,10,11
16053,08116,13,13,0
16053,08117,0,0,0
16053,08118,14,0,14
16053,08119,10,0,10
16053,08121,22,22,0
16053,08125,65,55,10
16053,08126,0,0,0
16053,08127,0,0,0
16053,08128,0,0,0
16053,08135,0,0,0
16053,08136,37,14,23
16053,08211,0,0,0
16053,08212,28,16,12
16053,08215,25,11,14
16053,08216,0,0,0
16053,08221,30,15,15
16053,08222,10,0,10
16053,08225,0,0,0
16053,08226,29,29,0
16053,08231,0,0,0
16053,08235,0,0,0
16053,08236,0,0,0
16053,08237,0,0,0
16053,08311,11,11,0
16053,08315,10,10,0
16053,08316,0,0,0
16053,08317,0,0,0
16053,08325,0,0,0
16053,08326,0,0,0
16053,08327,0,0,0
16053,08335,0,0,0
16053,08336,0,0,0
16053,08337,0,0,0
16053,08415,0,0,0
16053,08416,15,0,15
16053,08417,0,0,0
16053,08421,26,10,16
16053,08425,0,0,0
16053,08426,0,0,0
16053,08435,0,0,0
16053,08436,11,0,11
16053,08437,0,0,0
16053,09161,0,0,0
16053,09162,239,62,177
16053,09163,0,0,0
16053,09171,0,0,0
16053,09172,0,0,0
16053,09173,0,0,0
16053,09174,0,0,0
16053,09175,0,0,0
16053,09176,0,0,0
16053,09177,0,0,0
16053,09178,0,0,0
16053,09179,0,0,0
16053,09180,0,0,0
16053,09181,0,0,0
16053,09182,0,0,0
16053,09183,0,0,0
16053,09184,57,11,46
16053,09185,0,0,0
16053,09186,0,0,0
16053,09187,42,42,0
16053,09188,11,0,11
16053,09189,0,0,0
16053,09190,0,0,0
16053,09261,0,0,0
16053,09262,0,0,0
16053,09263,0,0,0
16053,09271,0,0,0
16053,09272,0,0,0
16053,09273,0,0,0
16053,09274,0,0,0
16053,09275,0,0,0
16053,09276,0,0,0
16053,09277,0,0,0
16053,09278,0,0,0
16053,09279,0,0,0
16053,09361,0,0,0
16053,09362,0,0,0
16053,09363,0,0,0
16053,09371,0,0,0
16053,09372,0,0,0
16053,09373,0,0,0
16053,09374,0,0,0
16053,09375,0,0,0
16053,09376,0,0,0
16053,09377,0,0,0
16053,09461,0,0,0
16053,09462,25,0,25
16053,09463,0,0,0
16053,09464,0,0,0
16053,09471,0,0,0
16053,09472,0,0,0
16053,09473,0,0,0
16053,09474,0,0,0
16053,09475,13,13,0
16053,09476,0,0,0
16053,09477,0,0,0
16053,09478,0,0,0
16053,09479,31,31,0
16053,09561,0,0,0
16053,09562,34,11,23
16053,09563,20,20,0
16053,09564,88,40,48
16053,09565,0,0,0
16053,09571,0,0,0
16053,09572,0,0,0
16053,09573,0,0,0
16053,09574,0,0,0
16053,09575,0,0,0
16053,09576,0,0,0
16053,09577,0,0,0
16053,09661,0,0,0
16053,09662,0,0,0
16053,09663,10,10,0
16053,09671,10,0,10
16053,09672,0,0,0
16053,09673,0,0,0
16053,09674,0,0,0
16053,09675,0,0,0
16053,09676,0,0,0
16053,09677,0,0,0
16053,09678,0,0,0
16053,09679,0,0,0
16053,09761,0,0,0
16053,09762,0,0,0
16053,09763,0,0,0
16053,09764,0,0,0
16053,09771,0,0,0
16053,09772,0,0,0
16053,09773,0,0,0
16053,09774,0,0,0
16053,09775,0,0,0
16053,09776,0,0,0
16053,09777,0,0,0
16053,09778,0,0,0
16053,09779,0,0,0
16053,09780,0,0,0
16053,10041,0,0,0
16053,10042,0,0,0
16053,10043,0,0,0
16053,10044,0,0,0
16053,10045,0,0,0
16053,10046,0,0,0
16053,11000,597,280,317
16053,12051,0,0,0
16053,12052,0,0,0
16053,12053,0,0,0
16053,12054,36,19,17
16053,12060,27,27,0
16053,12061,13,13,0
16053,12062,29,29,0
16053,12063,0,0,0
16053,12064,13,13,0
16053,12065,10,10,0
16053,12066,26,26,0
16053,12067,0,0,0
16053,12068,0,0,0
16053,12069,29,13,16
16053,12070,0,0,0
16053,12071,0,0,0
16053,12072,12,0,12
16053,12073,0,0,0
16053,13003,31,19,12
16053,13004,0,0,0
16053,13071,16,16,0
16053,13072,0,0,0
16053,13073,0,0,0
16053,13074,0,0,0
16053,13075,11,0,11
16053,13076,0,0,0
16053,14511,143,56,87
16053,14521,89,72,17
16053,14522,120,101,19
16053,14523,123,100,23
16053,14524,260,168,92
16053,14612,268,171,97
16053,14625,70,43,27
16053,14626,17,17,0
16053,14627,60,49,11
16053,14628,25,25,0
16053,14713,746,439,307
16053,14729,110,81,29
16053,14730,55,42,13
16053,15001,0,0,0
16053,15002,178,120,58
16053,15003,37,24,13
16053,15081,22,22,0
16053,15082,47,34,13
16053,15083,14,14,0
16053,15084,997,791,206
16053,15085,13,13,0
16053,15086,0,0,0
16053,15087,35,35,0
16053,15088,123,93,30
16053,15089,18,18,0
16053,15090,0,0,0
16053,15091,15,15,0
16053,16051,2423,1147,1276
16053,16052,1775,1279,496
16053,16053,0,0,0
16053,16054,41,31,10
16053,16055,2484,1576,908
16053,16056,176,59,117
16053,16061,51,35,16
16053,16062,47,47,0
16053,16063,119,87,32
16053,16064,143,103,40
16053,16065,91,76,15
16053,16066,124,88,36
16053,16067,247,176,71
16053,16068,269,170,99
16053,16069,45,45,0
16053,16070,394,259,135
16053,16071,4420,3446,974
16053,16072,38,38,0
16053,16073,1403,989,414
16053,16074,12318,9592,2726
16053,16075,1246,998,248
16053,16076,980,826,154
16053,16077,245,206,39
16054,01001,0,0,0
16054,01002,0,0,0
16054,01003,0,0,0
16054,01004,0,0,0
16054,01051,0,0,0
16054,01053,0,0,0
16054,01054,0,0,0
16054,01055,0,0,0
16054,01056,0,0,0
16054,01057,0,0,0
16054,01058,0,0,0
16054,01059,0,0,0
16054,01060,0,0,0
16054,01061,0,0,0
16054,01062,0,0,0
16054,02000,17,0,17
16054,03101,0,0,0
16054,03102,0,0,0
16054,03103,0,0,0
16054,03151,0,0,0
16054,03153,0,0,0
16054,03154,0,0,0
16054,03155,0,0,0
16054,03157,0,0,0
16054,03158,0,0,0
16054,03159,0,0,0
16054,03241,12,0,12
16054,03251,0,0,0
16054,03252,0,0,0
16054,03254,0,0,0
16054,03255,0,0,0
16054,03256,0,0,0
16054,03257,0,0,0
16054,03351,0,0,0
16054,03352,0,0,0
16054,03353,0,0,0
16054,03354,0,0,0
16054,03355,0,0,0
16054,03356,0,0,0
16054,03357,0,0,0
16054,03358,0,0,0
16054,03359,0,0,0
16054,03360,0,0,0
16054,03361,0,0,0
16054,03401,0,0,0
16054,03402,0,0,0
16054,03403,0,0,0
16054,03404,0,0,0
16054,03405,0,0,0
16054,03451,0,0,0
16054,03452,0,0,0
16054,03453,0,0,0
16054,03454,0,0,0
16054,03455,0,0,0
16054,03456,0,0,0
16054,03457,0,0,0
16054,03458,0,0,0
16054,03459,0,0,0
16054,03460,0,0,0
16054,03461,0,0,0
16054,03462,0,0,0
16054,04011,0,0,0
16054,04012,0,0,0
16054,05111,0,0,0
16054,05112,13,0,13
16054,05113,0,0,0
16054,05114,0,0,0
16054,05116,0,0,0
16054,05117,0,0,0
16054,05119,0,0,0
16054,05120,0,0,0
16054,05122,0,0,0
16054,05124,0,0,0
16054,05154,0,0,0
16054,05158,0,0,0
16054,05162,0,0,0
16054,05166,0,0,0
16054,05170,0,0,0
16054,05314,0,0,0
16054,05315,14,0,14
16054,05316,0,0,0
16054,05334,0,0,0
16054,05358,0,0,0
16054,05362,0,0,0
16054,05366,0,0,0
16054,05370,0,0,0
16054,05374,0,0,0
16054,05378,0,0,0
16054,05382,0,0,0
16054,05512,0,0,0
16054,05513,0,0,0
16054,05515,0,0,0
16054,05554,0,0,0
16054,05558,0,0,0
16054,05562,0,0,0
16054,05566,0,0,0
16054,05570,0,0,0
16054,05711,0,0,0
16054,05754,0,0,0
16054,05758,0,0,0
16054,05762,0,0,0
16054,05766,0,0,0
16054,05770,0,0,0
16054,05774,0,0,0
16054,05911,0,0,0
16054,05913,0,0,0
16054,05914,0,0,0
16054,05915,0,0,0
16054,05916,0,0,0
16054,05954,0,0,0
16054,05958,0,0,0
16054,05962,0,0,0
16054,05966,0,0,0
16054,05970,0,0,0
16054,05974,0,0,0
16054,05978,0,0,0
16054,06411,0,0,0
16054,06412,25,0,25
16054,06413,0,0,0
16054,06414,0,0,0
16054,06431,0,0,0
16054,06432,0,0,0
16054,06433,0,0,0
16054,06434,0,0,0
16054,06435,18,0,18
16054,06436,0,0,0
16054,06437,0,0,0
16054,06438,12,0,12
16054,06439,0,0,0
16054,06440,0,0,0
16054,06531,0,0,0
16054,06532,0,0,0
16054,06533,0,0,0
16054,06534,0,0,0
16054,06535,0,0,0
16054,06611,0,0,0
16054,06631,32,11,21
16054,06632,0,0,0
16054,06633,0,0,0
16054,06634,0,0,0
16054,06635,0,0,0
16054,06636,0,0,0
16054,07111,0,0,0
16054,07131,0,0,0
16054,07132,0,0,0
16054,07133,0,0,0
16054,07134,0,0,0
16054,07135,0,0,0
16054,07137,0,0,0
16054,07138,13,0,13
16054,07140,0,0,0
16054,07141,0,0,0
16054,07143,0,0,0
16054,07211,0,0,0
16054,07231,0,0,0
16054,07232,0,0,0
16054,07233,0,0,0
16054,07235,0,0,0
16054,07311,0,0,0
16054,07312,0,0,0
16054,07313,0,0,0
16054,07314,0,0,0
16054,07315,0,0,0
16054,07316,0,0,0
16054,07317,0,0,0
16054,07318,0,0,0
16054,07319,0,0,0
16054,07320,0,0,0
16054,07331,0,0,0
16054,07332,0,0,0
16054,07333,0,0,0
16054,07334,0,0,0
16054,07335,0,0,0
16054,07336,0,0,0
16054,07337,0,0,0
16054,07338,0,0,0
16054,07339,0,0,0
16054,07340,0,0,0
16054,08111,16,0,16
16054,08115,10,0,10
16054,08116,0,0,0
16054,08117,0,0,0
16054,08118,12,0,12
16054,08119,0,0,0
16054,08121,0,0,0
16054,08125,0,0,0
16054,08126,0,0,0
16054,08127,0,0,0
16054,08128,0,0,0
16054,08135,0,0,0
16054,08136,0,0,0
16054,08211,0,0,0
16054,08212,0,0,0
16054,08215,0,0,0
16054,08216,0,0,0
16054,08221,11,0,11
16054,08222,0,0,0
16054,08225,0,0,0
16054,08226,0,0,0
16054,08231,0,0,0
16054,08235,0,0,0
16054,08236,0,0,0
16054,08237,0,0,0
16054,08311,0,0,0
16054,08315,0,0,0
16054,08316,0,0,0
16054,08317,0,0,0
16054,08325,0,0,0
16054,08326,0,0,0
16054,08327,0,0,0
16054,08335,0,0,0
16054,08336,0,0,0
16054,08337,0,0,0
16054,08415,0,0,0
16054,08416,0,0,0
16054,08417,0,0,0
16054,08421,0,0,0
16054,08425,0,0,0
16054,08426,0,0,0
16054,08435,0,0,0
16054,08436,0,0,0
16054,08437,0,0,0
16054,09161,0,0,0
16054,09162,47,0,47
16054,09163,0,0,0
16054,09171,0,0,0
16054,09172,0,0,0
16054,09173,0,0,0
16054,09174,0,0,0
16054,09175,0,0,0
16054,09176,0,0,0
16054,09177,0,0,0
16054,09178,0,0,0
16054,09179,0,0,0
16054,09180,0,0,0
16054,09181,0,0,0
16054,09182,0,0,0
16054,09183,0,0,0
16054,09184,13,0,13
16054,09185,0,0,0
16054,09186,0,0,0
16054,09187,0,0,0
16054,09188,0,0,0
16054,09189,0,0,0
16054,09190,0,0,0
16054,09261,0,0,0
16054,09262,0,0,0
16054,09263,0,0,0
16054,09271,0,0,0
16054,09272,0,0,0
16054,09273,0,0,0
16054,09274,0,0,0
16054,09275,0,0,0
16054,09276,0,0,0
16054,09277,0,0,0
16054,09278,0,0,0
16054,09279,0,0,0
16054,09361,0,0,0
16054,09362,0,0,0
16054,09363,0,0,0
16054,09371,0,0,0
16054,09372,0,0,0
16054,09373,0,0,0
16054,09374,0,0,0
16054,09375,0,0,0
16054,09376,0,0,0
16054,09377,0,0,0
16054,09461,0,0,0
16054,09462,0,0,0
16054,09463,160,30,130
16054,09464,0,0,0
16054,09471,0,0,0
16054,09472,0,0,0
16054,09473,112,59,53
16054,09474,0,0,0
16054,09475,0,0,0
16054,09476,0,0,0
16054,09477,0,0,0
16054,09478,18,0,18
16054,09479,0,0,0
16054,09561,0,0,0
16054,09562,11,0,11
16054,09563,0,0,0
16054,09564,39,0,39
16054,09565,0,0,0
16054,09571,0,0,0
16054,09572,0,0,0
16054,09573,0,0,0
16054,09574,0,0,0
16054,09575,0,0,0
16054,09576,0,0,0
16054,09577,0,0,0
16054,09661,0,0,0
16054,09662,23,0,23
16054,09663,14,0,14
16054,09671,0,0,0
16054,09672,17,0,17
16054,09673,139,37,102
16054,09674,0,0,0
16054,09675,0,0,0
16054,09676,0,0,0
16054,09677,12,0,12
16054,09678,17,0,17
16054,09679,0,0,0
16054,09761,0,0,0
16054,09762,0,0,0
16054,09763,0,0,0
16054,09764,0,0,0
16054,09771,0,0,0
16054,09772,0,0,0
16054,09773,0,0,0
16054,09774,0,0,0
16054,09775,0,0,0
16054,09776,0,0,0
16054,09777,0,0,0
16054,09778,0,0,0
16054,09779,0,0,0
16054,09780,0,0,0
16054,10041,0,0,0
16054,10042,0,0,0
16054,10043,0,0,0
16054,10044,0,0,0
16054,10045,0,0,0
16054,10046,0,0,0
16054,11000,72,23,49
16054,12051,0,0,0
16054,12052,0,0,0
16054,12053,0,0,0
16054,12054,0,0,0
16054,12060,0,0,0
16054,12061,0,0,0
16054,12062,0,0,0
16054,12063,76,0,76
16054,12064,0,0,0
16054,12065,0,0,0
16054,12066,0,0,0
16054,12067,0,0,0
16054,12068,0,0,0
16054,12069,0,0,0
16054,12070,0,0,0
16054,12071,0,0,0
16054,12072,0,0,0
16054,12073,0,0,0
16054,13003,0,0,0
16054,13004,0,0,0
16054,13071,0,0,0
16054,13072,0,0,0
16054,13073,12,12,0
16054,13074,0,0,0
16054,13075,0,0,0
16054,13076,0,0,0
16054,14511,16,0,16
16054,14521,0,0,0
16054,14522,0,0,0
16054,14523,0,0,0
16054,14524,29,29,0
16054,14612,44,24,20
16054,14625,0,0,0
16054,14626,0,0,0
16054,14627,0,0,0
16054,14628,0,0,0
16054,14713,72,24,48
16054,14729,12,0,12
16054,14730,0,0,0
16054,15001,0,0,0
16054,15002,0,0,0
16054,15003,10,10,0
16054,15081,0,0,0
16054,15082,18,18,0
16054,15083,0,0,0
16054,15084,31,0,31
16054,15085,0,0,0
16054,15086,0,0,0
16054,15087,0,0,0
16054,15088,0,0,0
16054,15089,0,0,0
16054,15090,0,0,0
16054,15091,0,0,0
16054,16051,803,202,601
16054,16052,0,0,0
16054,16053,41,10,31
16054,16054,0,0,0
16054,16055,77,27,50
16054,16056,48,18,30
16054,16061,0,0,0
16054,16062,0,0,0
16054,16063,198,163,35
16054,16064,106,53,53
16054,16065,0,0,0
16054,16066,6191,3724,2467
16054,16067,410,201,209
16054,16068,11,11,0
16054,16069,2882,2069,813
16054,16070,1459,959,500
16054,16071,35,20,15
16054,16072,215,161,54
16054,16073,113,92,21
16054,16074,0,0,0
16054,16075,13,13,0
16054,16076,0,0,0
16054,16077,16,16,0
16055,01001,0,0,0
16055,01002,0,0,0
16055,01003,0,0,0
16055,01004,0,0,0
16055,01051,0,0,0
16055,01053,0,0,0
16055,01054,0,0,0
16055,01055,0,0,0
16055,01056,0,0,0
16055,01057,0,0,0
16055,01058,0,0,0
16055,01059,0,0,0
16055,01060,0,0,0
16055,01061,0,0,0
16055,01062,0,0,0
16055,02000,66,21,45
16055,03101,0,0,0
16055,03102,0,0,0
16055,03103,0,0,0
16055,03151,0,0,0
16055,03153,0,0,0
16055,03154,0,0,0
16055,03155,0,0,0
16055,03157,0,0,0
16055,03158,0,0,0
16055,03159,0,0,0
16055,03241,57,0,57
16055,03251,0,0,0
16055,03252,0,0,0
16055,03254,0,0,0
16055,03255,0,0,0
16055,03256,0,0,0
16055,03257,0,0,0
16055,03351,0,0,0
16055,03352,0,0,0
16055,03353,0,0,0
16055,03354,0,0,0
16055,03355,0,0,0
16055,03356,0,0,0
16055,03357,0,0,0
16055,03358,0,0,0
16055,03359,0,0,0
16055,03360,0,0,0
16055,03361,0,0,0
16055,03401,0,0,0
16055,03402,0,0,0
16055,03403,0,0,0
16055,03404,0,0,0
16055,03405,0,0,0
16055,03451,0,0,0
16055,03452,0,0,0
16055,03453,0,0,0
16055,03454,73,0,73
16055,03455,0,0,0
16055,03456,0,0,0
16055,03457,0,0,0
16055,03458,0,0,0
16055,03459,0,0,0
16055,03460,0,0,0
16055,03461,0,0,0
16055,03462,0,0,0
16055,04011,0,0,0
16055,04012,0,0,0
16055,05111,35,0,35
16055,05112,0,0,0
16055,05113,12,0,12
16055,05114,0,0,0
16055,05116,0,0,0
16055,05117,0,0,0
16055,05119,0,0,0
16055,05120,0,0,0
16055,05122,0,0,0
16055,05124,0,0,0
16055,05154,0,0,0
16055,05158,14,0,14
16055,05162,0,0,0
16055,05166,12,0,12
16055,05170,0,0,0
16055,05314,0,0,0
16055,05315,54,12,42
16055,05316,0,0,0
16055,05334,0,0,0
16055,05358,0,0,0
16055,05362,0,0,0
16055,05366,0,0,0
16055,05370,0,0,0
16055,05374,0,0,0
16055,05378,0,0,0
16055,05382,0,0,0
16055,05512,0,0,0
16055,05513,0,0,0
16055,05515,0,0,0
16055,05554,0,0,0
16055,05558,0,0,0
16055,05562,0,0,0
16055,05566,0,0,0
16055,05570,0,0,0
16055,05711,0,0,0
16055,05754,0,0,0
16055,05758,0,0,0
16055,05762,0,0,0
16055,05766,0,0,0
16055,05770,10,0,10
16055,05774,0,0,0
16055,05911,0,0,0
16055,05913,0,0,0
16055,05914,0,0,0
16055,05915,0,0,0
16055,05916,0,0,0
16055,05954,0,0,0
16055,05958,0,0,0
16055,05962,0,0,0
16055,05966,0,0,0
16055,05970,0,0,0
16055,05974,0,0,0
16055,05978,16,0,16
16055,06411,0,0,0
16055,06412,73,0,73
16055,06413,0,0,0
16055,06414,12,0,12
16055,06431,0,0,0
16055,06432,22,0,22
16055,06433,0,0,0
16055,06434,16,0,16
16055,06435,14,0,14
16055,06436,15,0,15
16055,06437,0,0,0
16055,06438,0,0,0
16055,06439,0,0,0
16055,06440,0,0,0
16055,06531,0,0,0
16055,06532,0,0,0
16055,06533,0,0,0
16055,06534,0,0,0
16055,06535,0,0,0
16055,06611,24,0,24
16055,06631,11,0,11
16055,06632,19,0,19
16055,06633,0,0,0
16055,06634,0,0,0
16055,06635,0,0,0
16055,06636,0,0,0
16055,07111,0,0,0
16055,07131,0,0,0
16055,07132,0,0,0
16055,07133,0,0,0
16055,07134,0,0,0
16055,07135,0,0,0
16055,07137,0,0,0
16055,07138,0,0,0
16055,07140,0,0,0
16055,07141,0,0,0
16055,07143,0,0,0
16055,07211,0,0,0
16055,07231,0,0,0
16055,07232,0,0,0
16055,07233,0,0,0
16055,07235,0,0,0
16055,07311,0,0,0
16055,07312,0,0,0
16055,07313,0,0,0
16055,07314,0,0,0
16055,07315,0,0,0
16055,07316,0,0,0
16055,07317,0,0,0
16055,07318,0,0,0
16055,07319,0,0,0
16055,07320,0,0,0
16055,07331,0,0,0
16055,07332,0,0,0
16055,07333,0,0,0
16055,07334,0,0,0
16055,07335,0,0,0
16055,07336,0,0,0
16055,07337,0,0,0
16055,07338,0,0,0
16055,07339,0,0,0
16055,07340,0,0,0
16055,08111,34,0,34
16055,08115,0,0,0
16055,08116,0,0,0
16055,08117,0,0,0
16055,08118,11,11,0
16055,08119,0,0,0
16055,08121,0,0,0
16055,08125,0,0,0
16055,08126,0,0,0
16055,08127,0,0,0
16055,08128,0,0,0
16055,08135,0,0,0
16055,08136,0,0,0
16055,08211,0,0,0
16055,08212,0,0,0
16055,08215,10,0,10
16055,08216,0,0,0
16055,08221,0,0,0
16055,08222,0,0,0
16055,08225,0,0,0
16055,08226,0,0,0
16055,08231,0,0,0
16055,08235,0,0,0
16055,08236,0,0,0
16055,08237,0,0,0
16055,08311,0,0,0
16055,08315,0,0,0
16055,08316,0,0,0
16055,08317,0,0,0
16055,08325,0,0,0
16055,08326,0,0,0
16055,08327,0,0,0
16055,08335,0,0,0
16055,08336,0,0,0
16055,08337,0,0,0
16055,08415,0,0,0
16055,08416,0,0,0
16055,08417,0,0,0
16055,08421,0,0,0
16055,08425,0,0,0
16055,08426,0,0,0
16055,08435,0,0,0
16055,08436,0,0,0
16055,08437,0,0,0
16055,09161,0,0,0
16055,09162,123,27,96
16055,09163,0,0,0
16055,09171,0,0,0
16055,09172,0,0,0
16055,09173,0,0,0
16055,09174,0,0,0
16055,09175,0,0,0
16055,09176,0,0,0
16055,09177,0,0,0
16055,09178,0,0,0
16055,09179,0,0,0
16055,09180,0,0,0
16055,09181,0,0,0
16055,09182,0,0,0
16055,09183,0,0,0
16055,09184,23,0,23
16055,09185,0,0,0
16055,09186,0,0,0
16055,09187,0,0,0
16055,09188,0,0,0
16055,09189,0,0,0
16055,09190,0,0,0
16055,09261,0,0,0
16055,09262,0,0,0
16055,09263,0,0,0
16055,09271,0,0,0
16055,09272,0,0,0
16055,09273,0,0,0
16055,09274,0,0,0
16055,09275,0,0,0
16055,09276,0,0,0
16055,09277,0,0,0
16055,09278,0,0,0
16055,09279,0,0,0
16055,09361,0,0,0
16055,09362,0,0,0
16055,09363,0,0,0
16055,09371,0,0,0
16055,09372,0,0,0
16055,09373,0,0,0
16055,09374,0,0,0
16055,09375,0,0,0
16055,09376,0,0,0
16055,09377,0,0,0
16055,09461,0,0,0
16055,09462,0,0,0
16055,09463,0,0,0
16055,09464,0,0,0
16055,09471,0,0,0
16055,09472,0,0,0
16055,09473,0,0,0
16055,09474,0,0,0
16055,09475,0,0,0
16055,09476,0,0,0
16055,09477,0,0,0
16055,09478,0,0,0
16055,09479,0,0,0
16055,09561,0,0,0
16055,09562,0,0,0
16055,09563,0,0,0
16055,09564,38,10,28
16055,09565,0,0,0
16055,09571,0,0,0
16055,09572,0,0,0
16055,09573,0,0,0
16055,09574,0,0,0
16055,09575,0,0,0
16055,09576,0,0,0
16055,09577,0,0,0
16055,09661,0,0,0
16055,09662,0,0,0
16055,09663,0,0,0
16055,09671,0,0,0
16055,09672,0,0,0
16055,09673,13,13,0
16055,09674,0,0,0
16055,09675,0,0,0
16055,09676,0,0,0
16055,09677,0,0,0
16055,09678,0,0,0
16055,09679,0,0,0
16055,09761,0,0,0
16055,09762,0,0,0
16055,09763,0,0,0
16055,09764,0,0,0
16055,09771,0,0,0
16055,09772,0,0,0
16055,09773,0,0,0
16055,09774,0,0,0
16055,09775,0,0,0
16055,09776,0,0,0
16055,09777,0,0,0
16055,09778,0,0,0
16055,09779,0,0,0
16055,09780,0,0,0
16055,10041,0,0,0
16055,10042,0,0,0
16055,10043,0,0,0
16055,10044,0,0,0
16055,10045,0,0,0
16055,10046,0,0,0
16055,11000,323,140,183
16055,12051,0,0,0
16055,12052,0,0,0
16055,12053,0,0,0
16055,12054,12,0,12
16055,12060,0,0,0
16055,12061,0,0,0
16055,12062,0,0,0
16055,12063,0,0,0
16055,12064,0,0,0
16055,12065,0,0,0
16055,12066,0,0,0
16055,12067,0,0,0
16055,12068,0,0,0
16055,12069,0,0,0
16055,12070,0,0,0
16055,12071,0,0,0
16055,12072,0,0,0
16055,12073,0,0,0
16055,13003,0,0,0
16055,13004,0,0,0
16055,13071,0,0,0
16055,13072,0,0,0
16055,13073,0,0,0
16055,13074,0,0,0
16055,13075,0,0,0
16055,13076,0,0,0
16055,14511,45,13,32
16055,14521,17,17,0
16055,14522,14,14,0
16055,14523,18,18,0
16055,14524,47,18,29
16055,14612,157,63,94
16055,14625,31,12,19
16055,14626,10,10,0
16055,14627,22,10,12
16055,14628,12,12,0
16055,14713,252,97,155
16055,14729,44,30,14
16055,14730,51,41,10
16055,15001,0,0,0
16055,15002,83,29,54
16055,15003,61,20,41
16055,15081,0,0,0
16055,15082,0,0,0
16055,15083,0,0,0
16055,15084,259,185,74
16055,15085,26,26,0
16055,15086,0,0,0
16055,15087,18,18,0
16055,15088,61,27,34
16055,15089,10,10,0
16055,15090,0,0,0
16055,15091,21,11,10
16055,16051,4754,1743,3011
16055,16052,184,108,76
16055,16053,2484,908,1576
16055,16054,77,50,27
16055,16055,0,0,0
16055,16056,56,19,37
16055,16061,42,14,28
16055,16062,51,34,17
16055,16063,73,27,46
16055,16064,135,84,51
16055,16065,168,131,37
16055,16066,127,89,38
16055,16067,437,225,212
16055,16068,1060,709,351
16055,16069,64,35,29
16055,16070,488,250,238
16055,16071,8608,5291,3317
16055,16072,17,17,0
16055,16073,376,240,136
16055,16074,482,312,170
16055,16075,188,145,43
16055,16076,77,59,18
16055,16077,41,28,13
16056,01001,0,0,0
16056,01002,0,0,0
16056,01003,0,0,0
16056,01004,0,0,0
16056,01051,0,0,0
16056,01053,0,0,0
16056,01054,0,0,0
16056,01055,0,0,0
16056,01056,0,0,0
16056,01057,0,0,0
16056,01058,0,0,0
16056,01059,0,0,0
16056,01060,0,0,0
16056,01061,0,0,0
16056,01062,0,0,0
16056,02000,30,0,30
16056,03101,0,0,0
16056,03102,0,0,0
16056,03103,0,0,0
16056,03151,0,0,0
16056,03153,0,0,0
16056,03154,0,0,0
16056,03155,0,0,0
16056,03157,0,0,0
16056,03158,0,0,0
16056,03159,10,0,10
16056,03241,10,0,10
16056,03251,0,0,0
16056,03252,0,0,0
16056,03254,0,0,0
16056,03255,0,0,0
16056,03256,0,0,0
16056,03257,0,0,0
16056,03351,0,0,0
16056,03352,0,0,0
16056,03353,0,0,0
16056,03354,0,0,0
16056,03355,0,0,0
16056,03356,0,0,0
16056,03357,0,0,0
16056,03358,0,0,0
16056,03359,0,0,0
16056,03360,0,0,0
16056,03361,0,0,0
16056,03401,0,0,0
16056,03402,10,0,10
16056,03403,0,0,0
16056,03404,0,0,0
16056,03405,0,0,0
16056,03451,0,0,0
16056,03452,0,0,0
16056,03453,0,0,0
16056,03454,0,0,0
16056,03455,0,0,0
16056,03456,0,0,0
16056,03457,0,0,0
16056,03458,0,0,0
16056,03459,0,0,0
16056,03460,0,0,0
16056,03461,0,0,0
16056,03462,0,0,0
16056,04011,0,0,0
16056,04012,0,0,0
16056,05111,16,0,16
16056,05112,0,0,0
16056,05113,0,0,0
16056,05114,0,0,0
16056,05116,0,0,0
16056,05117,0,0,0
16056,05119,0,0,0
16056,05120,0,0,0
16056,05122,0,0,0
16056,05124,0,0,0
16056,05154,0,0,0
16056,05158,11,0,11
16056,05162,0,0,0
16056,05166,0,0,0
16056,05170,0,0,0
16056,05314,0,0,0
16056,05315,15,0,15
16056,05316,0,0,0
16056,05334,0,0,0
16056,05358,0,0,0
16056,05362,0,0,0
16056,05366,0,0,0
16056,05370,0,0,0
16056,05374,0,0,0
16056,05378,0,0,0
16056,05382,13,0,13
16056,05512,0,0,0
16056,05513,0,0,0
16056,05515,0,0,0
16056,05554,0,0,0
16056,05558,0,0,0
16056,05562,0,0,0
16056,05566,0,0,0
16056,05570,0,0,0
16056,05711,16,0,16
16056,05754,0,0,0
16056,05758,0,0,0
16056,05762,0,0,0
16056,05766,0,0,0
16056,05770,0,0,0
16056,05774,0,0,0
16056,05911,0,0,0
16056,05913,0,0,0
16056,05914,0,0,0
16056,05915,0,0,0
16056,05916,0,0,0
16056,05954,0,0,0
16056,05958,0,0,0
16056,05962,0,0,0
16056,05966,0,0,0
16056,05970,0,0,0
16056,05974,0,0,0
16056,05978,0,0,0
16056,06411,0,0,0
16056,06412,51,0,51
16056,06413,0,0,0
16056,06414,0,0,0
16056,06431,0,0,0
16056,06432,0,0,0
16056,06433,16,0,16
16056,06434,15,0,15
16056,06435,10,0,10
16056,06436,11,0,11
16056,06437,0,0,0
16056,06438,12,0,12
16056,06439,0,0,0
16056,06440,0,0,0
16056,06531,13,0,13
16056,06532,0,0,0
16056,06533,0,0,0
16056,06534,0,0,0
16056,06535,11,0,11
16056,06611,42,0,42
16056,06631,57,19,38
16056,06632,607,270,337
16056,06633,31,11,20
16056,06634,28,11,17
16056,06635,0,0,0
16056,06636,632,462,170
16056,07111,0,0,0
16056,07131,0,0,0
16056,07132,0,0,0
16056,07133,0,0,0
16056,07134,0,0,0
16056,07135,0,0,0
16056,07137,0,0,0
16056,07138,0,0,0
16056,07140,0,0,0
16056,07141,0,0,0
16056,07143,0,0,0
16056,07211,0,0,0
16056,07231,0,0,0
16056,07232,0,0,0
16056,07233,0,0,0
16056,07235,0,0,0
16056,07311,0,0,0
16056,07312,0,0,0
16056,07313,0,0,0
16056,07314,0,0,0
16056,07315,0,0,0
16056,07316,0,0,0
16056,07317,0,0,0
16056,07318,0,0,0
16056,07319,0,0,0
16056,07320,0,0,0
16056,07331,0,0,0
16056,07332,0,0,0
16056,07333,0,0,0
16056,07334,0,0,0
16056,07335,0,0,0
16056,07336,0,0,0
16056,07337,0,0,0
16056,07338,0,0,0
16056,07339,0,0,0
16056,07340,0,0,0
16056,08111,17,0,17
16056,08115,0,0,0
16056,08116,0,0,0
16056,08117,0,0,0
16056,08118,0,0,0
16056,08119,0,0,0
16056,08121,0,0,0
16056,08125,10,0,10
16056,08126,0,0,0
16056,08127,0,0,0
16056,08128,0,0,0
16056,08135,0,0,0
16056,08136,0,0,0
16056,08211,0,0,0
16056,08212,0,0,0
16056,08215,0,0,0
16056,08216,0,0,0
16056,08221,0,0,0
16056,08222,10,0,10
16056,08225,0,0,0
16056,08226,0,0,0
16056,08231,0,0,0
16056,08235,0,0,0
16056,08236,0,0,0
16056,08237,0,0,0
16056,08311,0,0,0
16056,08315,0,0,0
16056,08316,0,0,0
16056,08317,0,0,0
16056,08325,0,0,0
16056,08326,0,0,0
16056,08327,0,0,0
16056,08335,0,0,0
16056,08336,0,0,0
16056,08337,0,0,0
16056,08415,0,0,0
16056,08416,0,0,0
16056,08417,0,0,0
16056,08421,0,0,0
16056,08425,0,0,0
16056,08426,0,0,0
16056,08435,0,0,0
16056,08436,0,0,0
16056,08437,0,0,0
16056,09161,0,0,0
16056,09162,21,0,21
16056,09163,0,0,0
16056,09171,0,0,0
16056,09172,0,0,0
16056,09173,0,0,0
16056,09174,0,0,0
16056,09175,0,0,0
16056,09176,0,0,0
16056,09177,0,0,0
16056,09178,0,0,0
16056,09179,0,0,0
16056,09180,0,0,0
16056,09181,0,0,0
16056,09182,0,0,0
16056,09183,0,0,0
16056,09184,11,0,11
16056,09185,0,0,0
16056,09186,0,0,0
16056,09187,0,0,0
16056,09188,0,0,0
16056,09189,0,0,0
16056,09190,0,0,0
16056,09261,0,0,0
16056,09262,0,0,0
16056,09263,0,0,0
16056,09271,0,0,0
16056,09272,0,0,0
16056,09273,0,0,0
16056,09274,0,0,0
16056,09275,0,0,0
16056,09276,0,0,0
16056,09277,0,0,0
16056,09278,0,0,0
16056,09279,0,0,0
16056,09361,0,0,0
16056,09362,0,0,0
16056,09363,0,0,0
16056,09371,0,0,0
16056,09372,0,0,0
16056,09373,0,0,0
16056,09374,0,0,0
16056,09375,0,0,0
16056,09376,0,0,0
16056,09377,0,0,0
16056,09461,0,0,0
16056,09462,0,0,0
16056,09463,0,0,0
16056,09464,0,0,0
16056,09471,0,0,0
16056,09472,0,0,0
16056,09473,0,0,0
16056,09474,0,0,0
16056,09475,10,0,10
16056,09476,0,0,0
16056,09477,0,0,0
16056,09478,0,0,0
16056,09479,0,0,0
16056,09561,0,0,0
16056,09562,0,0,0
16056,09563,0,0,0
16056,09564,10,0,10
16056,09565,0,0,0
16056,09571,0,0,0
16056,09572,0,0,0
16056,09573,0,0,0
16056,09574,0,0,0
16056,09575,0,0,0
16056,09576,0,0,0
16056,09577,0,0,0
16056,09661,0,0,0
16056,09662,0,0,0
16056,09663,0,0,0
16056,09671,0,0,0
16056,09672,0,0,0
16056,09673,0,0,0
16056,09674,0,0,0
16056,09675,0,0,0
16056,09676,0,0,0
16056,09677,0,0,0
16056,09678,0,0,0
16056,09679,0,0,0
16056,09761,0,0,0
16056,09762,0,0,0
16056,09763,0,0,0
16056,09764,0,0,0
16056,09771,0,0,0
16056,09772,0,0,0
16056,09773,0,0,0
16056,09774,0,0,0
16056,09775,0,0,0
16056,09776,0,0,0
16056,09777,15,0,15
16056,09778,0,0,0
16056,09779,0,0,0
16056,09780,0,0,0
16056,10041,0,0,0
16056,10042,0,0,0
16056,10043,0,0,0
16056,10044,0,0,0
16056,10045,0,0,0
16056,10046,0,0,0
16056,11000,86,34,52
16056,12051,0,0,0
16056,12052,0,0,0
16056,12053,0,0,0
16056,12054,0,0,0
16056,12060,0,0,0
16056,12061,0,0,0
16056,12062,0,0,0
16056,12063,0,0,0
16056,12064,0,0,0
16056,12065,0,0,0
16056,12066,0,0,0
16056,12067,0,0,0
16056,12068,0,0,0
16056,12069,0,0,0
16056,12070,0,0,0
16056,12071,0,0,0
16056,12072,0,0,0
16056,12073,0,0,0
16056,13003,0,0,0
16056,13004,0,0,0
16056,13071,0,0,0
16056,13072,0,0,0
16056,13073,0,0,0
16056,13074,0,0,0
16056,13075,0,0,0
16056,13076,0,0,0
16056,14511,0,0,0
16056,14521,0,0,0
16056,14522,10,0,10
16056,14523,0,0,0
16056,14524,0,0,0
16056,14612,19,0,19
16056,14625,0,0,0
16056,14626,0,0,0
16056,14627,0,0,0
16056,14628,0,0,0
16056,14713,79,31,48
16056,14729,0,0,0
16056,14730,0,0,0
16056,15001,0,0,0
16056,15002,24,0,24
16056,15003,0,0,0
16056,15081,0,0,0
16056,15082,11,0,11
16056,15083,0,0,0
16056,15084,13,13,0
16056,15085,0,0,0
16056,15086,0,0,0
16056,15087,0,0,0
16056,15088,0,0,0
16056,15089,0,0,0
16056,15090,0,0,0
16056,15091,0,0,0
16056,16051,814,330,484
16056,16052,19,19,0
16056,16053,176,117,59
16056,16054,48,30,18
16056,16055,56,37,19
16056,16056,0,0,0
16056,16061,116,76,40
16056,16062,20,20,0
16056,16063,10857,7377,3480
16056,16064,1287,1105,182
16056,16065,45,45,0
16056,16066,501,323,178
16056,16067,2138,1390,748
16056,16068,73,54,19
16056,16069,31,10,21
16056,16070,165,100,65
16056,16071,110,83,27
16056,16072,0,0,0
16056,16073,52,40,12
16056,16074,58,58,0
16056,16075,0,0,0
16056,16076,17,17,0
16056,16077,0,0,0
16061,01001,0,0,0
16061,01002,0,0,0
16061,01003,10,0,10
16061,01004,0,0,0
16061,01051,0,0,0
16061,01053,0,0,0
16061,01054,0,0,0
16061,01055,0,0,0
16061,01056,0,0,0
16061,01057,0,0,0
16061,01058,0,0,0
16061,01059,0,0,0
16061,01060,0,0,0
16061,01061,0,0,0
16061,01062,0,0,0
16061,02000,74,19,55
16061,03101,43,18,25
16061,03102,0,0,0
16061,03103,25,0,25
16061,03151,11,0,11
16061,03153,75,35,40
16061,03154,0,0,0
16061,03155,433,105,328
16061,03157,0,0,0
16061,03158,0,0,0
16061,03159,8414,1292,7122
16061,03241,238,19,219
16061,03251,13,13,0
16061,03252,0,0,0
16061,03254,25,0,25
16061,03255,0,0,0
16061,03256,0,0,0
16061,03257,0,0,0
16061,03351,0,0,0
16061,03352,0,0,0
16061,03353,0,0,0
16061,03354,0,0,0
16061,03355,0,0,0
16061,03356,0,0,0
16061,03357,0,0,0
16061,03358,15,0,15
16061,03359,0,0,0
16061,03360,0,0,0
16061,03361,0,0,0
16061,03401,0,0,0
16061,03402,0,0,0
16061,03403,0,0,0
16061,03404,0,0,0
16061,03405,0,0,0
16061,03451,10,0,10
16061,03452,0,0,0
16061,03453,0,0,0
16061,03454,10,10,0
16061,03455,0,0,0
16061,03456,0,0,0
16061,03457,0,0,0
16061,03458,0,0,0
16061,03459,22,0,22
16061,03460,16,0,16
16061,03461,0,0,0
16061,03462,0,0,0
16061,04011,167,151,16
16061,04012,0,0,0
16061,05111,26,0,26
16061,05112,0,0,0
16061,05113,11,0,11
16061,05114,0,0,0
16061,05116,0,0,0
16061,05117,14,0,14
16061,05119,0,0,0
16061,05120,0,0,0
16061,05122,0,0,0
16061,05124,10,0,10
16061,05154,0,0,0
16061,05158,12,0,12
16061,05162,0,0,0
16061,05166,0,0,0
16061,05170,0,0,0
16061,05314,0,0,0
16061,05315,43,10,33
16061,05316,0,0,0
16061,05334,0,0,0
16061,05358,0,0,0
16061,05362,12,0,12
16061,05366,0,0,0
16061,05370,0,0,0
16061,05374,0,0,0
16061,05378,0,0,0
16061,05382,13,0,13
16061,05512,0,0,0
16061,05513,0,0,0
16061,05515,0,0,0
16061,05554,10,10,0
16061,05558,10,0,10
16061,05562,0,0,0
16061,05566,12,0,12
16061,05570,0,0,0
16061,05711,15,0,15
16061,05754,19,0,19
16061,05758,0,0,0
16061,05762,0,0,0
16061,05766,0,0,0
16061,05770,0,0,0
16061,05774,67,0,67
16061,05911,0,0,0
16061,05913,0,0,0
16061,05914,0,0,0
16061,05915,0,0,0
16061,05916,0,0,0
16061,05954,0,0,0
16061,05958,22,0,22
16061,05962,0,0,0
16061,05966,0,0,0
16061,05970,0,0,0
16061,05974,0,0,0
16061,05978,63,0,63
16061,06411,10,0,10
16061,06412,99,19,80
16061,06413,18,0,18
16061,06414,0,0,0
16061,06431,0,0,0
16061,06432,0,0,0
16061,06433,0,0,0
16061,06434,10,0,10
16061,06435,10,0,10
16061,06436,14,0,14
16061,06437,0,0,0
16061,06438,12,0,12
16061,06439,0,0,0
16061,06440,47,0,47
16061,06531,0,0,0
16061,06532,0,0,0
16061,06533,0,0,0
16061,06534,14,0,14
16061,06535,18,0,18
16061,06611,550,75,475
16061,06631,22,0,22
16061,06632,76,15,61
16061,06633,251,58,193
16061,06634,114,42,72
16061,06635,25,0,25
16061,06636,2040,571,1469
16061,07111,0,0,0
16061,07131,0,0,0
16061,07132,0,0,0
16061,07133,0,0,0
16061,07134,0,0,0
16061,07135,0,0,0
16061,07137,0,0,0
16061,07138,0,0,0
16061,07140,0,0,0
16061,07141,0,0,0
16061,07143,28,0,28
16061,07211,0,0,0
16061,07231,0,0,0
16061,07232,0,0,0
16061,07233,0,0,0
16061,07235,0,0,0
16061,07311,0,0,0
16061,07312,0,0,0
16061,07313,0,0,0
16061,07314,0,0,0
16061,07315,0,0,0
16061,07316,0,0,0
16061,07317,0,0,0
16061,07318,0,0,0
16061,07319,0,0,0
16061,07320,0,0,0
16061,07331,0,0,0
16061,07332,0,0,0
16061,07333,0,0,0
16061,07334,0,0,0
16061,07335,0,0,0
16061,07336,0,0,0
16061,07337,0,0,0
16061,07338,0,0,0
16061,07339,0,0,0
16061,07340,0,0,0
16061,08111,30,0,30
16061,08115,0,0,0
16061,08116,0,0,0
16061,08117,0,0,0
16061,08118,11,0,11
16061,08119,0,0,0
16061,08121,14,14,0
16061,08125,13,13,0
16061,08126,0,0,0
16061,08127,0,0,0
16061,08128,0,0,0
16061,08135,0,0,0
16061,08136,0,0,0
16061,08211,0,0,0
16061,08212,0,0,0
16061,08215,22,0,22
16061,08216,0,0,0
16061,08221,0,0,0
16061,08222,12,0,12
16061,08225,11,11,0
16061,08226,10,0,10
16061,08231,0,0,0
16061,08235,0,0,0
16061,08236,0,0,0
16061,08237,0,0,0
16061,08311,0,0,0
16061,08315,0,0,0
16061,08316,0,0,0
16061,08317,0,0,0
16061,08325,0,0,0
16061,08326,0,0,0
16061,08327,0,0,0
16061,08335,0,0,0
16061,08336,0,0,0
16061,08337,0,0,0
16061,08415,0,0,0
16061,08416,0,0,0
16061,08417,0,0,0
16061,08421,0,0,0
16061,08425,0,0,0
16061,08426,0,0,0
16061,08435,0,0,0
16061,08436,0,0,0
16061,08437,0,0,0
16061,09161,0,0,0
16061,09162,48,11,37
16061,09163,22,0,22
16061,09171,0,0,0
16061,09172,0,0,0
16061,09173,0,0,0
16061,09174,0,0,0
16061,09175,0,0,0
16061,09176,0,0,0
16061,09177,0,0,0
16061,09178,0,0,0
16061,09179,0,0,0
16061,09180,0,0,0
16061,09181,0,0,0
16061,09182,0,0,0
16061,09183,0,0,0
16061,09184,16,0,16
16061,09185,0,0,0
16061,09186,0,0,0
16061,09187,0,0,0
16061,09188,0,0,0
16061,09189,0,0,0
16061,09190,0,0,0
16061,09261,0,0,0
16061,09262,0,0,0
16061,09263,0,0,0
16061,09271,0,0,0
16061,09272,0,0,0
16061,09273,0,0,0
16061,09274,0,0,0
16061,09275,0,0,0
16061,09276,0,0,0
16061,09277,0,0,0
16061,09278,0,0,0
16061,09279,0,0,0
16061,09361,0,0,0
16061,09362,0,0,0
16061,09363,0,0,0
16061,09371,0,0,0
16061,09372,0,0,0
16061,09373,10,0,10
16061,09374,0,0,0
16061,09375,0,0,0
16061,09376,0,0,0
16061,09377,0,0,0
16061,09461,0,0,0
16061,09462,0,0,0
16061,09463,0,0,0
16061,09464,0,0,0
16061,09471,20,20,0
16061,09472,0,0,0
16061,09473,0,0,0
16061,09474,0,0,0
16061,09475,0,0,0
16061,09476,0,0,0
16061,09477,0,0,0
16061,09478,0,0,0
16061,09479,0,0,0
16061,09561,0,0,0
16061,09562,0,0,0
16061,09563,0,0,0
16061,09564,27,0,27
16061,09565,0,0,0
16061,09571,0,0,0
16061,09572,0,0,0
16061,09573,0,0,0
16061,09574,0,0,0
16061,09575,0,0,0
16061,09576,0,0,0
16061,09577,0,0,0
16061,09661,0,0,0
16061,09662,0,0,0
16061,09663,0,0,0
16061,09671,0,0,0
16061,09672,0,0,0
16061,09673,0,0,0
16061,09674,0,0,0
16061,09675,0,0,0
16061,09676,0,0,0
16061,09677,0,0,0
16061,09678,0,0,0
16061,09679,0,0,0
16061,09761,0,0,0
16061,09762,0,0,0
16061,09763,0,0,0
16061,09764,0,0,0
16061,09771,0,0,0
16061,09772,0,0,0
16061,09773,0,0,0
16061,09774,0,0,0
16061,09775,0,0,0
16061,09776,0,0,0
16061,09777,0,0,0
16061,09778,0,0,0
16061,09779,0,0,0
16061,09780,0,0,0
16061,10041,0,0,0
16061,10042,0,0,0
16061,10043,0,0,0
16061,10044,0,0,0
16061,10045,0,0,0
16061,10046,0,0,0
16061,11000,141,48,93
16061,12051,0,0,0
16061,12052,0,0,0
16061,12053,17,0,17
16061,12054,10,0,10
16061,12060,21,0,21
16061,12061,0,0,0
16061,12062,11,11,0
16061,12063,0,0,0
16061,12064,0,0,0
16061,12065,0,0,0
16061,12066,0,0,0
16061,12067,0,0,0
16061,12068,0,0,0
16061,12069,0,0,0
16061,12070,0,0,0
16061,12071,11,11,0
16061,12072,0,0,0
16061,12073,21,21,0
16061,13003,0,0,0
16061,13004,0,0,0
16061,13071,13,13,0
16061,13072,0,0,0
16061,13073,10,10,0
16061,13074,0,0,0
16061,13075,10,10,0
16061,13076,0,0,0
16061,14511,10,0,10
16061,14521,14,14,0
16061,14522,13,13,0
16061,14523,15,15,0
16061,14524,18,18,0
16061,14612,62,24,38
16061,14625,0,0,0
16061,14626,14,14,0
16061,14627,16,16,0
16061,14628,13,13,0
16061,14713,124,35,89
16061,14729,23,23,0
16061,14730,26,26,0
16061,15001,35,35,0
16061,15002,94,65,29
16061,15003,17,17,0
16061,15081,0,0,0
16061,15082,27,27,0
16061,15083,0,0,0
16061,15084,81,71,10
16061,15085,39,39,0
16061,15086,0,0,0
16061,15087,143,107,36
16061,15088,57,43,14
16061,15089,30,30,0
16061,15090,12,12,0
16061,15091,27,27,0
16061,16051,668,224,444
16061,16052,29,16,13
16061,16053,51,16,35
16061,16054,0,0,0
16061,16055,42,28,14
16061,16056,116,40,76
16061,16061,0,0,0
16061,16062,2769,1796,973
16061,16063,241,115,126
16061,16064,3797,2314,1483
16061,16065,445,342,103
16061,16066,38,16,22
16061,16067,177,75,102
16061,16068,96,58,38
16061,16069,0,0,0
16061,16070,69,34,35
16061,16071,52,31,21
16061,16072,0,0,0
16061,16073,22,22,0
16061,16074,0,0,0
16061,16075,10,10,0
16061,16076,0,0,0
16061,16077,19,19,0
16062,01001,0,0,0
16062,01002,0,0,0
16062,01003,0,0,0
16062,01004,0,0,0
16062,01051,0,0,0
16062,01053,0,0,0
16062,01054,0,0,0
16062,01055,0,0,0
16062,01056,0,0,0
16062,01057,0,0,0
16062,01058,0,0,0
16062,01059,0,0,0
16062,01060,0,0,0
16062,01061,0,0,0
16062,01062,0,0,0
16062,02000,57,13,44
16062,03101,34,0,34
16062,03102,19,0,19
16062,03103,14,0,14
16062,03151,0,0,0
16062,03153,165,51,114
16062,03154,0,0,0
16062,03155,125,49,76
16062,03157,14,0,14
16062,03158,0,0,0
16062,03159,2540,817,1723
16062,03241,141,19,122
16062,03251,0,0,0
16062,03252,14,0,14
16062,03254,28,0,28
16062,03255,0,0,0
16062,03256,0,0,0
16062,03257,0,0,0
16062,03351,0,0,0
16062,03352,0,0,0
16062,03353,0,0,0
16062,03354,0,0,0
16062,03355,0,0,0
16062,03356,0,0,0
16062,03357,0,0,0
16062,03358,0,0,0
16062,03359,0,0,0
16062,03360,0,0,0
16062,03361,0,0,0
16062,03401,0,0,0
16062,03402,0,0,0
16062,03403,0,0,0
16062,03404,16,0,16
16062,03405,0,0,0
16062,03451,0,0,0
16062,03452,0,0,0
16062,03453,0,0,0
16062,03454,0,0,0
16062,03455,0,0,0
16062,03456,0,0,0
16062,03457,0,0,0
16062,03458,0,0,0
16062,03459,0,0,0
16062,03460,11,0,11
16062,03461,0,0,0
16062,03462,0,0,0
16062,04011,10,0,10
16062,04012,0,0,0
16062,05111,20,0,20
16062,05112,0,0,0
16062,05113,0,0,0
16062,05114,0,0,0
16062,05116,0,0,0
16062,05117,0,0,0
16062,05119,0,0,0
16062,05120,0,0,0
16062,05122,0,0,0
16062,05124,14,0,14
16062,05154,0,0,0
16062,05158,12,0,12
16062,05162,0,0,0
16062,05166,0,0,0
16062,05170,12,12,0
16062,05314,0,0,0
16062,05315,19,0,19
16062,05316,0,0,0
16062,05334,0,0,0
16062,05358,0,0,0
16062,05362,0,0,0
16062,05366,0,0,0
16062,05370,0,0,0
16062,05374,0,0,0
16062,05378,0,0,0
16062,05382,0,0,0
16062,05512,0,0,0
16062,05513,0,0,0
16062,05515,11,0,11
16062,05554,0,0,0
16062,05558,0,0,0
16062,05562,0,0,0
16062,05566,10,0,10
16062,05570,0,0,0
16062,05711,14,0,14
16062,05754,13,0,13
16062,05758,0,0,0
16062,05762,0,0,0
16062,05766,0,0,0
16062,05770,10,0,10
16062,05774,0,0,0
16062,05911,19,0,19
16062,05913,18,0,18
16062,05914,0,0,0
16062,05915,0,0,0
16062,05916,0,0,0
16062,05954,0,0,0
16062,05958,0,0,0
16062,05962,0,0,0
16062,05966,0,0,0
16062,05970,0,0,0
16062,05974,14,0,14
16062,05978,12,0,12
16062,06411,0,0,0
16062,06412,65,0,65
16062,06413,0,0,0
16062,06414,0,0,0
16062,06431,0,0,0
16062,06432,0,0,0
16062,06433,11,0,11
16062,06434,0,0,0
16062,06435,0,0,0
16062,06436,0,0,0
16062,06437,0,0,0
16062,06438,10,0,10
16062,06439,0,0,0
16062,06440,37,0,37
16062,06531,0,0,0
16062,06532,0,0,0
16062,06533,0,0,0
16062,06534,0,0,0
16062,06535,0,0,0
16062,06611,72,10,62
16062,06631,0,0,0
16062,06632,11,0,11
16062,06633,45,0,45
16062,06634,14,0,14
16062,06635,10,0,10
16062,06636,31,12,19
16062,07111,0,0,0
16062,07131,0,0,0
16062,07132,0,0,0
16062,07133,0,0,0
16062,07134,0,0,0
16062,07135,0,0,0
16062,07137,0,0,0
16062,07138,0,0,0
16062,07140,0,0,0
16062,07141,0,0,0
16062,07143,0,0,0
16062,07211,0,0,0
16062,07231,0,0,0
16062,07232,0,0,0
16062,07233,0,0,0
16062,07235,0,0,0
16062,07311,0,0,0
16062,07312,0,0,0
16062,07313,0,0,0
16062,07314,0,0,0
16062,07315,0,0,0
16062,07316,0,0,0
16062,07317,0,0,0
16062,07318,0,0,0
16062,07319,0,0,0
16062,07320,0,0,0
16062,07331,0,0,0
16062,07332,0,0,0
16062,07333,0,0,0
16062,07334,0,0,0
16062,07335,0,0,0
16062,07336,0,0,0
16062,07337,0,0,0
16062,07338,0,0,0
16062,07339,0,0,0
16062,07340,0,0,0
16062,08111,15,0,15
16062,08115,0,0,0
16062,08116,11,0,11
16062,08117,0,0,0
16062,08118,0,0,0
16062,08119,0,0,0
16062,08121,0,0,0
16062,08125,10,0,10
16062,08126,0,0,0
16062,08127,0,0,0
16062,08128,0,0,0
16062,08135,0,0,0
16062,08136,0,0,0
16062,08211,0,0,0
16062,08212,10,0,10
16062,08215,0,0,0
16062,08216,0,0,0
16062,08221,0,0,0
16062,08222,10,0,10
16062,08225,0,0,0
16062,08226,10,0,10
16062,08231,0,0,0
16062,08235,0,0,0
16062,08236,0,0,0
16062,08237,0,0,0
16062,08311,0,0,0
16062,08315,0,0,0
16062,08316,0,0,0
16062,08317,0,0,0
16062,08325,0,0,0
16062,08326,0,0,0
16062,08327,0,0,0
16062,08335,0,0,0
16062,08336,0,0,0
16062,08337,0,0,0
16062,08415,0,0,0
16062,08416,0,0,0
16062,08417,35,0,35
16062,08421,0,0,0
16062,08425,0,0,0
16062,08426,0,0,0
16062,08435,0,0,0
16062,08436,0,0,0
16062,08437,0,0,0
16062,09161,0,0,0
16062,09162,46,10,36
16062,09163,0,0,0
16062,09171,0,0,0
16062,09172,0,0,0
16062,09173,0,0,0
16062,09174,0,0,0
16062,09175,0,0,0
16062,09176,0,0,0
16062,09177,0,0,0
16062,09178,0,0,0
16062,09179,0,0,0
16062,09180,0,0,0
16062,09181,0,0,0
16062,09182,0,0,0
16062,09183,0,0,0
16062,09184,14,0,14
16062,09185,18,0,18
16062,09186,0,0,0
16062,09187,0,0,0
16062,09188,0,0,0
16062,09189,0,0,0
16062,09190,0,0,0
16062,09261,0,0,0
16062,09262,0,0,0
16062,09263,0,0,0
16062,09271,0,0,0
16062,09272,0,0,0
16062,09273,0,0,0
16062,09274,0,0,0
16062,09275,0,0,0
16062,09276,0,0,0
16062,09277,0,0,0
16062,09278,0,0,0
16062,09279,0,0,0
16062,09361,0,0,0
16062,09362,0,0,0
16062,09363,0,0,0
16062,09371,0,0,0
16062,09372,0,0,0
16062,09373,0,0,0
16062,09374,0,0,0
16062,09375,0,0,0
16062,09376,0,0,0
16062,09377,0,0,0
16062,09461,0,0,0
16062,09462,0,0,0
16062,09463,0,0,0
16062,09464,0,0,0
16062,09471,0,0,0
16062,09472,0,0,0
16062,09473,0,0,0
16062,09474,0,0,0
16062,09475,0,0,0
16062,09476,0,0,0
16062,09477,0,0,0
16062,09478,0,0,0
16062,09479,0,0,0
16062,09561,0,0,0
16062,09562,0,0,0
16062,09563,0,0,0
16062,09564,20,0,20
16062,09565,0,0,0
16062,09571,0,0,0
16062,09572,0,0,0
16062,09573,0,0,0
16062,09574,0,0,0
16062,09575,0,0,0
16062,09576,0,0,0
16062,09577,0,0,0
16062,09661,0,0,0
16062,09662,0,0,0
16062,09663,0,0,0
16062,09671,0,0,0
16062,09672,0,0,0
16062,09673,0,0,0
16062,09674,0,0,0
16062,09675,0,0,0
16062,09676,0,0,0
16062,09677,0,0,0
16062,09678,0,0,0
16062,09679,0,0,0
16062,09761,0,0,0
16062,09762,0,0,0
16062,09763,0,0,0
16062,09764,0,0,0
16062,09771,0,0,0
16062,09772,0,0,0
16062,09773,0,0,0
16062,09774,0,0,0
16062,09775,0,0,0
16062,09776,0,0,0
16062,09777,0,0,0
16062,09778,0,0,0
16062,09779,0,0,0
16062,09780,0,0,0
16062,10041,0,0,0
16062,10042,0,0,0
16062,10043,0,0,0
16062,10044,0,0,0
16062,10045,0,0,0
16062,10046,0,0,0
16062,11000,157,41,116
16062,12051,0,0,0
16062,12052,0,0,0
16062,12053,0,0,0
16062,12054,0,0,0
16062,12060,14,0,14
16062,12061,0,0,0
16062,12062,0,0,0
16062,12063,16,0,16
16062,12064,0,0,0
16062,12065,0,0,0
16062,12066,0,0,0
16062,12067,0,0,0
16062,12068,0,0,0
16062,12069,0,0,0
16062,12070,19,0,19
16062,12071,0,0,0
16062,12072,0,0,0
16062,12073,0,0,0
16062,13003,0,0,0
16062,13004,0,0,0
16062,13071,0,0,0
16062,13072,0,0,0
16062,13073,0,0,0
16062,13074,0,0,0
16062,13075,0,0,0
16062,13076,0,0,0
16062,14511,16,0,16
16062,14521,25,25,0
16062,14522,35,21,14
16062,14523,0,0,0
16062,14524,26,15,11
16062,14612,53,12,41
16062,14625,11,11,0
16062,14626,0,0,0
16062,14627,14,14,0
16062,14628,0,0,0
16062,14713,209,70,139
16062,14729,35,25,10
16062,14730,26,15,11
16062,15001,0,0,0
16062,15002,168,87,81
16062,15003,38,15,23
16062,15081,0,0,0
16062,15082,0,0,0
16062,15083,14,14,0
16062,15084,56,22,34
16062,15085,364,188,176
16062,15086,0,0,0
16062,15087,2066,1217,849
16062,15088,90,55,35
16062,15089,44,14,30
16062,15090,0,0,0
16062,15091,12,12,0
16062,16051,869,251,618
16062,16052,21,10,11
16062,16053,47,0,47
16062,16054,0,0,0
16062,16055,51,17,34
16062,16056,20,0,20
16062,16061,2769,973,1796
16062,16062,0,0,0
16062,16063,43,18,25
16062,16064,480,226,254
16062,16065,2607,1559,1048
16062,16066,16,16,0
16062,16067,128,64,64
16062,16068,185,93,92
16062,16069,11,11,0
16062,16070,98,68,30
16062,16071,38,26,12
16062,16072,0,0,0
16062,16073,51,38,13
16062,16074,0,0,0
16062,16075,0,0,0
16062,16076,0,0,0
16062,16077,0,0,0
16063,01001,0,0,0
16063,01002,0,0,0
16063,01003,0,0,0
16063,01004,0,0,0
16063,01051,0,0,0
16063,01053,0,0,0
16063,01054,0,0,0
16063,01055,0,0,0
16063,01056,21,0,21
16063,01057,0,0,0
16063,01058,0,0,0
16063,01059,0,0,0
16063,01060,0,0,0
16063,01061,0,0,0
16063,01062,0,0,0
16063,02000,66,19,47
16063,03101,0,0,0
16063,03102,0,0,0
16063,03103,0,0,0
16063,03151,0,0,0
16063,03153,0,0,0
16063,03154,0,0,0
16063,03155,0,0,0
16063,03157,0,0,0
16063,03158,0,0,0
16063,03159,42,18,24
16063,03241,48,14,34
16063,03251,0,0,0
16063,03252,0,0,0
16063,03254,0,0,0
16063,03255,0,0,0
16063,03256,0,0,0
16063,03257,0,0,0
16063,03351,0,0,0
16063,03352,0,0,0
16063,03353,0,0,0
16063,03354,0,0,0
16063,03355,0,0,0
16063,03356,0,0,0
16063,03357,0,0,0
16063,03358,0,0,0
16063,03359,0,0,0
16063,03360,0,0,0
16063,03361,0,0,0
16063,03401,0,0,0
16063,03402,0,0,0
16063,03403,0,0,0
16063,03404,0,0,0
16063,03405,0,0,0
16063,03451,0,0,0
16063,03452,0,0,0
16063,03453,0,0,0
16063,03454,14,0,14
16063,03455,0,0,0
16063,03456,0,0,0
16063,03457,0,0,0
16063,03458,0,0,0
16063,03459,0,0,0
16063,03460,0,0,0
16063,03461,0,0,0
16063,03462,0,0,0
16063,04011,62,49,13
16063,04012,0,0,0
16063,05111,31,0,31
16063,05112,16,16,0
16063,05113,22,0,22
16063,05114,17,0,17
16063,05116,0,0,0
16063,05117,0,0,0
16063,05119,0,0,0
16063,05120,0,0,0
16063,05122,0,0,0
16063,05124,0,0,0
16063,05154,0,0,0
16063,05158,19,0,19
16063,05162,0,0,0
16063,05166,16,0,16
16063,05170,33,33,0
16063,05314,38,0,38
16063,05315,54,0,54
16063,05316,0,0,0
16063,05334,0,0,0
16063,05358,0,0,0
16063,05362,16,0,16
16063,05366,0,0,0
16063,05370,0,0,0
16063,05374,0,0,0
16063,05378,0,0,0
16063,05382,10,10,0
16063,05512,0,0,0
16063,05513,10,0,10
16063,05515,0,0,0
16063,05554,0,0,0
16063,05558,0,0,0
16063,05562,0,0,0
16063,05566,0,0,0
16063,05570,0,0,0
16063,05711,20,0,20
16063,05754,0,0,0
16063,05758,0,0,0
16063,05762,0,0,0
16063,05766,0,0,0
16063,05770,13,0,13
16063,05774,35,35,0
16063,05911,0,0,0
16063,05913,0,0,0
16063,05914,0,0,0
16063,05915,46,46,0
16063,05916,0,0,0
16063,05954,0,0,0
16063,05958,10,0,10
16063,05962,0,0,0
16063,05966,17,17,0
16063,05970,32,20,12
16063,05974,0,0,0
16063,05978,0,0,0
16063,06411,0,0,0
16063,06412,180,11,169
16063,06413,0,0,0
16063,06414,22,0,22
16063,06431,0,0,0
16063,06432,0,0,0
16063,06433,34,0,34
16063,06434,18,0,18
16063,06435,136,41,95
16063,06436,24,0,24
16063,06437,0,0,0
16063,06438,51,0,51
16063,06439,0,0,0
16063,06440,23,10,13
16063,06531,33,13,20
16063,06532,0,0,0
16063,06533,0,0,0
16063,06534,25,13,12
16063,06535,84,25,59
16063,06611,131,20,111
16063,06631,3504,437,3067
16063,06632,5233,1553,3680
16063,06633,95,29,66
16063,06634,114,46,68
16063,06635,15,0,15
16063,06636,1083,501,582
16063,07111,0,0,0
16063,07131,0,0,0
16063,07132,0,0,0
16063,07133,0,0,0
16063,07134,0,0,0
16063,07135,0,0,0
16063,07137,0,0,0
16063,07138,0,0,0
16063,07140,0,0,0
16063,07141,0,0,0
16063,07143,0,0,0
16063,07211,0,0,0
16063,07231,0,0,0
16063,07232,0,0,0
16063,07233,0,0,0
16063,07235,0,0,0
16063,07311,0,0,0
16063,07312,0,0,0
16063,07313,0,0,0
16063,07314,0,0,0
16063,07315,15,0,15
16063,07316,0,0,0
16063,07317,0,0,0
16063,07318,0,0,0
16063,07319,0,0,0
16063,07320,0,0,0
16063,07331,0,0,0
16063,07332,0,0,0
16063,07333,0,0,0
16063,07334,0,0,0
16063,07335,0,0,0
16063,07336,0,0,0
16063,07337,0,0,0
16063,07338,0,0,0
16063,07339,0,0,0
16063,07340,0,0,0
16063,08111,20,0,20
16063,08115,0,0,0
16063,08116,13,0,13
16063,08117,0,0,0
16063,08118,0,0,0
16063,08119,22,11,11
16063,08121,0,0,0
16063,08125,18,0,18
16063,08126,0,0,0
16063,08127,0,0,0
16063,08128,0,0,0
16063,08135,0,0,0
16063,08136,0,0,0
16063,08211,0,0,0
16063,08212,0,0,0
16063,08215,0,0,0
16063,08216,0,0,0
16063,08221,0,0,0
16063,08222,12,0,12
16063,08225,0,0,0
16063,08226,10,0,10
16063,08231,0,0,0
16063,08235,0,0,0
16063,08236,0,0,0
16063,08237,0,0,0
16063,08311,0,0,0
16063,08315,0,0,0
16063,08316,0,0,0
16063,08317,0,0,0
16063,08325,0,0,0
16063,08326,13,0,13
16063,08327,0,0,0
16063,08335,0,0,0
16063,08336,0,0,0
16063,08337,0,0,0
16063,08415,0,0,0
16063,08416,0,0,0
16063,08417,0,0,0
16063,08421,0,0,0
16063,08425,0,0,0
16063,08426,0,0,0
16063,08435,0,0,0
16063,08436,0,0,0
16063,08437,0,0,0
16063,09161,0,0,0
16063,09162,104,48,56
16063,09163,0,0,0
16063,09171,0,0,0
16063,09172,0,0,0
16063,09173,0,0,0
16063,09174,0,0,0
16063,09175,0,0,0
16063,09176,0,0,0
16063,09177,0,0,0
16063,09178,0,0,0
16063,09179,0,0,0
16063,09180,0,0,0
16063,09181,0,0,0
16063,09182,0,0,0
16063,09183,0,0,0
16063,09184,19,0,19
16063,09185,0,0,0
16063,09186,0,0,0
16063,09187,0,0,0
16063,09188,0,0,0
16063,09189,0,0,0
16063,09190,0,0,0
16063,09261,0,0,0
16063,09262,0,0,0
16063,09263,0,0,0
16063,09271,0,0,0
16063,09272,0,0,0
16063,09273,0,0,0
16063,09274,0,0,0
16063,09275,0,0,0
16063,09276,0,0,0
16063,09277,0,0,0
16063,09278,0,0,0
16063,09279,0,0,0
16063,09361,0,0,0
16063,09362,0,0,0
16063,09363,0,0,0
16063,09371,0,0,0
16063,09372,0,0,0
16063,09373,0,0,0
16063,09374,0,0,0
16063,09375,0,0,0
16063,09376,0,0,0
16063,09377,0,0,0
16063,09461,0,0,0
16063,09462,0,0,0
16063,09463,13,0,13
16063,09464,0,0,0
16063,09471,0,0,0
16063,09472,0,0,0
16063,09473,0,0,0
16063,09474,0,0,0
16063,09475,0,0,0
16063,09476,0,0,0
16063,09477,0,0,0
16063,09478,0,0,0
16063,09479,0,0,0
16063,09561,0,0,0
16063,09562,16,0,16
16063,09563,0,0,0
16063,09564,28,0,28
16063,09565,0,0,0
16063,09571,0,0,0
16063,09572,0,0,0
16063,09573,0,0,0
16063,09574,0,0,0
16063,09575,0,0,0
16063,09576,0,0,0
16063,09577,0,0,0
16063,09661,0,0,0
16063,09662,0,0,0
16063,09663,11,0,11
16063,09671,0,0,0
16063,09672,25,0,25
16063,09673,81,17,64
16063,09674,0,0,0
16063,09675,0,0,0
16063,09676,0,0,0
16063,09677,0,0,0
16063,09678,15,0,15
16063,09679,0,0,0
16063,09761,0,0,0
16063,09762,0,0,0
16063,09763,0,0,0
16063,09764,0,0,0
16063,09771,0,0,0
16063,09772,0,0,0
16063,09773,0,0,0
16063,09774,0,0,0
16063,09775,10,0,10
16063,09776,0,0,0
16063,09777,31,0,31
16063,09778,0,0,0
16063,09779,0,0,0
16063,09780,0,0,0
16063,10041,0,0,0
16063,10042,0,0,0
16063,10043,0,0,0
16063,10044,0,0,0
16063,10045,0,0,0
16063,10046,0,0,0
16063,11000,174,59,115
16063,12051,0,0,0
16063,12052,0,0,0
16063,12053,0,0,0
16063,12054,0,0,0
16063,12060,0,0,0
16063,12061,15,15,0
16063,12062,14,14,0
16063,12063,0,0,0
16063,12064,0,0,0
16063,12065,0,0,0
16063,12066,14,14,0
16063,12067,0,0,0
16063,12068,0,0,0
16063,12069,0,0,0
16063,12070,0,0,0
16063,12071,0,0,0
16063,12072,23,23,0
16063,12073,10,10,0
16063,13003,0,0,0
16063,13004,0,0,0
16063,13071,17,17,0
16063,13072,0,0,0
16063,13073,0,0,0
16063,13074,0,0,0
16063,13075,20,20,0
16063,13076,0,0,0
16063,14511,46,31,15
16063,14521,21,21,0
16063,14522,22,22,0
16063,14523,39,39,0
16063,14524,26,10,16
16063,14612,82,24,58
16063,14625,22,22,0
16063,14626,20,20,0
16063,14627,17,17,0
16063,14628,10,10,0
16063,14713,141,59,82
16063,14729,33,21,12
16063,14730,38,28,10
16063,15001,0,0,0
16063,15002,39,17,22
16063,15003,27,14,13
16063,15081,0,0,0
16063,15082,0,0,0
16063,15083,0,0,0
16063,15084,84,63,21
16063,15085,28,28,0
16063,15086,10,10,0
16063,15087,65,40,25
16063,15088,44,22,22
16063,15089,12,12,0
16063,15090,11,11,0
16063,15091,0,0,0
16063,16051,1106,246,860
16063,16052,60,38,22
16063,16053,119,32,87
16063,16054,198,35,163
16063,16055,73,46,27
16063,16056,10857,3480,7377
16063,16061,241,126,115
16063,16062,43,25,18
16063,16063,0,0,0
16063,16064,1372,816,556
16063,16065,78,62,16
16063,16066,5098,3047,2051
16063,16067,2779,1351,1428
16063,16068,118,94,24
16063,16069,90,50,40
16063,16070,237,94,143
16063,16071,93,60,33
16063,16072,0,0,0
16063,16073,29,29,0
16063,16074,21,21,0
16063,16075,0,0,0
16063,16076,35,35,0
16063,16077,10,10,0
16064,01001,0,0,0
16064,01002,0,0,0
16064,01003,0,0,0
16064,01004,0,0,0
16064,01051,0,0,0
16064,01053,0,0,0
16064,01054,13,0,13
16064,01055,0,0,0
16064,01056,0,0,0
16064,01057,0,0,0
16064,01058,0,0,0
16064,01059,0,0,0
16064,01060,0,0,0
16064,01061,0,0,0
16064,01062,0,0,0
16064,02000,68,0,68
16064,03101,11,0,11
16064,03102,0,0,0
16064,03103,14,0,14
16064,03151,0,0,0
16064,03153,0,0,0
16064,03154,0,0,0
16064,03155,55,10,45
16064,03157,0,0,0
16064,03158,0,0,0
16064,03159,306,75,231
16064,03241,66,0,66
16064,03251,0,0,0
16064,03252,0,0,0
16064,03254,24,0,24
16064,03255,0,0,0
16064,03256,0,0,0
16064,03257,0,0,0
16064,03351,16,0,16
16064,03352,0,0,0
16064,03353,0,0,0
16064,03354,0,0,0
16064,03355,0,0,0
16064,03356,0,0,0
16064,03357,0,0,0
16064,03358,0,0,0
16064,03359,0,0,0
16064,03360,0,0,0
16064,03361,0,0,0
16064,03401,0,0,0
16064,03402,0,0,0
16064,03403,10,0,10
16064,03404,0,0,0
16064,03405,0,0,0
16064,03451,0,0,0
16064,03452,0,0,0
16064,03453,0,0,0
16064,03454,12,0,12
16064,03455,0,0,0
16064,03456,0,0,0
16064,03457,0,0,0
16064,03458,0,0,0
16064,03459,0,0,0
16064,03460,0,0,0
16064,03461,0,0,0
16064,03462,0,0,0
16064,04011,37,14,23
16064,04012,0,0,0
16064,05111,24,0,24
16064,05112,0,0,0
16064,05113,12,0,12
16064,05114,0,0,0
16064,05116,0,0,0
16064,05117,0,0,0
16064,05119,0,0,0
16064,05120,0,0,0
16064,05122,11,0,11
16064,05124,11,0,11
16064,05154,0,0,0
16064,05158,12,0,12
16064,05162,10,0,10
16064,05166,0,0,0
16064,05170,0,0,0
16064,05314,0,0,0
16064,05315,25,0,25
16064,05316,0,0,0
16064,05334,10,0,10
16064,05358,0,0,0
16064,05362,0,0,0
16064,05366,0,0,0
16064,05370,0,0,0
16064,05374,0,0,0
16064,05378,0,0,0
16064,05382,0,0,0
16064,05512,0,0,0
16064,05513,0,0,0
16064,05515,0,0,0
16064,05554,0,0,0
16064,05558,0,0,0
16064,05562,12,12,0
16064,05566,0,0,0
16064,05570,0,0,0
16064,05711,0,0,0
16064,05754,15,0,15
16064,05758,0,0,0
16064,05762,0,0,0
16064,05766,10,0,10
16064,05770,0,0,0
16064,05774,17,0,17
16064,05911,0,0,0
16064,05913,0,0,0
16064,05914,0,0,0
16064,05915,0,0,0
16064,05916,0,0,0
16064,05954,0,0,0
16064,05958,32,0,32
16064,05962,0,0,0
16064,05966,0,0,0
16064,05970,0,0,0
16064,05974,0,0,0
16064,05978,0,0,0
16064,06411,14,0,14
16064,06412,160,22,138
16064,06413,12,0,12
16064,06414,23,0,23
16064,06431,0,0,0
16064,06432,0,0,0
16064,06433,40,0,40
16064,06434,23,0,23
16064,06435,41,0,41
16064,06436,13,0,13
16064,06437,0,0,0
16064,06438,21,0,21
16064,06439,0,0,0
16064,06440,40,10,30
16064,06531,24,0,24
16064,06532,0,0,0
16064,06533,0,0,0
16064,06534,11,0,11
16064,06535,39,12,27
16064,06611,148,18,130
16064,06631,93,44,49
16064,06632,182,37,145
16064,06633,95,27,68
16064,06634,61,22,39
16064,06635,17,0,17
16064,06636,886,249,637
16064,07111,0,0,0
16064,07131,0,0,0
16064,07132,0,0,0
16064,07133,30,0,30
16064,07134,0,0,0
16064,07135,0,0,0
16064,07137,0,0,0
16064,07138,0,0,0
16064,07140,0,0,0
16064,07141,0,0,0
16064,07143,0,0,0
16064,07211,0,0,0
16064,07231,0,0,0
16064,07232,0,0,0
16064,07233,0,0,0
16064,07235,0,0,0
16064,07311,0,0,0
16064,07312,0,0,0
16064,07313,0,0,0
16064,07314,0,0,0
16064,07315,12,0,12
16064,07316,0,0,0
16064,07317,0,0,0
16064,07318,0,0,0
16064,07319,0,0,0
16064,07320,0,0,0
16064,07331,0,0,0
16064,07332,0,0,0
16064,07333,0,0,0
16064,07334,0,0,0
16064,07335,0,0,0
16064,07336,0,0,0
16064,07337,0,0,0
16064,07338,0,0,0
16064,07339,0,0,0
16064,07340,0,0,0
16064,08111,17,0,17
16064,08115,12,0,12
16064,08116,15,0,15
16064,08117,0,0,0
16064,08118,19,0,19
16064,08119,0,0,0
16064,08121,10,0,10
16064,08125,10,0,10
16064,08126,0,0,0
16064,08127,19,0,19
16064,08128,0,0,0
16064,08135,0,0,0
16064,08136,0,0,0
16064,08211,0,0,0
16064,08212,0,0,0
16064,08215,24,0,24
16064,08216,0,0,0
16064,08221,0,0,0
16064,08222,24,0,24
16064,08225,0,0,0
16064,08226,12,0,12
16064,08231,0,0,0
16064,08235,0,0,0
16064,08236,0,0,0
16064,08237,0,0,0
16064,08311,0,0,0
16064,08315,0,0,0
16064,08316,0,0,0
16064,08317,0,0,0
16064,08325,0,0,0
16064,08326,0,0,0
16064,08327,0,0,0
16064,08335,0,0,0
16064,08336,0,0,0
16064,08337,0,0,0
16064,08415,27,0,27
16064,08416,0,0,0
16064,08417,0,0,0
16064,08421,0,0,0
16064,08425,0,0,0
16064,08426,0,0,0
16064,08435,0,0,0
16064,08436,0,0,0
16064,08437,0,0,0
16064,09161,16,0,16
16064,09162,54,0,54
16064,09163,11,0,11
16064,09171,0,0,0
16064,09172,0,0,0
16064,09173,0,0,0
16064,09174,0,0,0
16064,09175,0,0,0
16064,09176,0,0,0
16064,09177,0,0,0
16064,09178,0,0,0
16064,09179,0,0,0
16064,09180,0,0,0
16064,09181,0,0,0
16064,09182,0,0,0
16064,09183,0,0,0
16064,09184,36,0,36
16064,09185,0,0,0
16064,09186,0,0,0
16064,09187,0,0,0
16064,09188,0,0,0
16064,09189,0,0,0
16064,09190,0,0,0
16064,09261,0,0,0
16064,09262,0,0,0
16064,09263,0,0,0
16064,09271,0,0,0
16064,09272,0,0,0
16064,09273,0,0,0
16064,09274,0,0,0
16064,09275,0,0,0
16064,09276,0,0,0
16064,09277,11,0,11
16064,09278,0,0,0
16064,09279,0,0,0
16064,09361,0,0,0
16064,09362,0,0,0
16064,09363,0,0,0
16064,09371,0,0,0
16064,09372,0,0,0
16064,09373,10,0,10
16064,09374,12,0,12
16064,09375,0,0,0
16064,09376,0,0,0
16064,09377,0,0,0
16064,09461,0,0,0
16064,09462,0,0,0
16064,09463,0,0,0
16064,09464,0,0,0
16064,09471,0,0,0
16064,09472,0,0,0
16064,09473,11,0,11
16064,09474,0,0,0
16064,09475,0,0,0
16064,09476,0,0,0
16064,09477,0,0,0
16064,09478,0,0,0
16064,09479,0,0,0
16064,09561,0,0,0
16064,09562,12,0,12
16064,09563,0,0,0
16064,09564,35,0,35
16064,09565,0,0,0
16064,09571,0,0,0
16064,09572,0,0,0
16064,09573,0,0,0
16064,09574,0,0,0
16064,09575,0,0,0
16064,09576,0,0,0
16064,09577,0,0,0
16064,09661,10,0,10
16064,09662,0,0,0
16064,09663,0,0,0
16064,09671,13,0,13
16064,09672,14,14,0
16064,09673,21,0,21
16064,09674,0,0,0
16064,09675,0,0,0
16064,09676,0,0,0
16064,09677,0,0,0
16064,09678,10,10,0
16064,09679,0,0,0
16064,09761,0,0,0
16064,09762,0,0,0
16064,09763,0,0,0
16064,09764,0,0,0
16064,09771,0,0,0
16064,09772,0,0,0
16064,09773,0,0,0
16064,09774,0,0,0
16064,09775,0,0,0
16064,09776,0,0,0
16064,09777,0,0,0
16064,09778,0,0,0
16064,09779,0,0,0
16064,09780,0,0,0
16064,10041,0,0,0
16064,10042,0,0,0
16064,10043,0,0,0
16064,10044,0,0,0
16064,10045,0,0,0
16064,10046,0,0,0
16064,11000,133,29,104
16064,12051,0,0,0
16064,12052,0,0,0
16064,12053,0,0,0
16064,12054,16,0,16
16064,12060,0,0,0
16064,12061,0,0,0
16064,12062,0,0,0
16064,12063,0,0,0
16064,12064,0,0,0
16064,12065,0,0,0
16064,12066,0,0,0
16064,12067,0,0,0
16064,12068,0,0,0
16064,12069,0,0,0
16064,12070,0,0,0
16064,12071,0,0,0
16064,12072,12,0,12
16064,12073,0,0,0
16064,13003,0,0,0
16064,13004,0,0,0
16064,13071,0,0,0
16064,13072,0,0,0
16064,13073,13,13,0
16064,13074,0,0,0
16064,13075,0,0,0
16064,13076,0,0,0
16064,14511,29,10,19
16064,14521,0,0,0
16064,14522,12,0,12
16064,14523,14,0,14
16064,14524,21,0,21
16064,14612,80,13,67
16064,14625,10,0,10
16064,14626,0,0,0
16064,14627,0,0,0
16064,14628,0,0,0
16064,14713,155,46,109
16064,14729,27,13,14
16064,14730,21,10,11
16064,15001,0,0,0
16064,15002,48,11,37
16064,15003,18,0,18
16064,15081,0,0,0
16064,15082,26,11,15
16064,15083,0,0,0
16064,15084,35,22,13
16064,15085,22,0,22
16064,15086,0,0,0
16064,15087,80,34,46
16064,15088,17,0,17
16064,15089,0,0,0
16064,15090,0,0,0
16064,15091,0,0,0
16064,16051,3062,715,2347
16064,16052,37,15,22
16064,16053,143,40,103
16064,16054,106,53,53
16064,16055,135,51,84
16064,16056,1287,182,1105
16064,16061,3797,1483,2314
16064,16062,480,254,226
16064,16063,1372,556,816
16064,16064,0,0,0
16064,16065,1627,1243,384
16064,16066,145,52,93
16064,16067,2813,1299,1514
16064,16068,968,414,554
16064,16069,22,22,0
16064,16070,263,121,142
16064,16071,121,71,50
16064,16072,0,0,0
16064,16073,56,39,17
16064,16074,48,32,16
16064,16075,26,12,14
16064,16076,34,15,19
16064,16077,0,0,0
16065,01001,0,0,0
16065,01002,0,0,0
16065,01003,0,0,0
16065,01004,14,0,14
16065,01051,0,0,0
16065,01053,0,0,0
16065,01054,11,0,11
16065,01055,0,0,0
16065,01056,0,0,0
16065,01057,0,0,0
16065,01058,0,0,0
16065,01059,0,0,0
16065,01060,0,0,0
16065,01061,0,0,0
16065,01062,0,0,0
16065,02000,37,0,37
16065,03101,0,0,0
16065,03102,0,0,0
16065,03103,10,0,10
16065,03151,0,0,0
16065,03153,0,0,0
16065,03154,0,0,0
16065,03155,23,0,23
16065,03157,0,0,0
16065,03158,0,0,0
16065,03159,120,28,92
16065,03241,116,0,116
16065,03251,0,0,0
16065,03252,0,0,0
16065,03254,0,0,0
16065,03255,0,0,0
16065,03256,0,0,0
16065,03257,0,0,0
16065,03351,0,0,0
16065,03352,0,0,0
16065,03353,0,0,0
16065,03354,0,0,0
16065,03355,0,0,0
16065,03356,0,0,0
16065,03357,0,0,0
16065,03358,0,0,0
16065,03359,0,0,0
16065,03360,0,0,0
16065,03361,0,0,0
16065,03401,0,0,0
16065,03402,0,0,0
16065,03403,0,0,0
16065,03404,0,0,0
16065,03405,0,0,0
16065,03451,0,0,0
16065,03452,0,0,0
16065,03453,0,0,0
16065,03454,0,0,0
16065,03455,0,0,0
16065,03456,0,0,0
16065,03457,0,0,0
16065,03458,0,0,0
16065,03459,0,0,0
16065,03460,0,0,0
16065,03461,0,0,0
16065,03462,0,0,0
16065,04011,13,0,13
16065,04012,0,0,0
16065,05111,12,0,12
16065,05112,0,0,0
16065,05113,15,0,15
16065,05114,0,0,0
16065,05116,0,0,0
16065,05117,0,0,0
16065,05119,0,0,0
16065,05120,0,0,0
16065,05122,0,0,0
16065,05124,0,0,0
16065,05154,0,0,0
16065,05158,12,0,12
16065,05162,0,0,0
16065,05166,0,0,0
16065,05170,0,0,0
16065,05314,0,0,0
16065,05315,17,0,17
16065,05316,0,0,0
16065,05334,0,0,0
16065,05358,0,0,0
16065,05362,0,0,0
16065,05366,0,0,0
16065,05370,0,0,0
16065,05374,0,0,0
16065,05378,0,0,0
16065,05382,0,0,0
16065,05512,0,0,0
16065,05513,0,0,0
16065,05515,0,0,0
16065,05554,0,0,0
16065,05558,0,0,0
16065,05562,0,0,0
16065,05566,0,0,0
16065,05570,0,0,0
16065,05711,0,0,0
16065,05754,16,0,16
16065,05758,0,0,0
16065,05762,0,0,0
16065,05766,0,0,0
16065,05770,17,0,17
16065,05774,0,0,0
16065,05911,0,0,0
16065,05913,12,0,12
16065,05914,0,0,0
16065,05915,0,0,0
16065,05916,0,0,0
16065,05954,0,0,0
16065,05958,14,0,14
16065,05962,0,0,0
16065,05966,0,0,0
16065,05970,0,0,0
16065,05974,0,0,0
16065,05978,121,0,121
16065,06411,0,0,0
16065,06412,58,0,58
16065,06413,0,0,0
16065,06414,0,0,0
16065,06431,0,0,0
16065,06432,11,0,11
16065,06433,0,0,0
16065,06434,12,0,12
16065,06435,19,0,19
16065,06436,10,0,10
16065,06437,0,0,0
16065,06438,25,0,25
16065,06439,0,0,0
16065,06440,12,0,12
16065,06531,0,0,0
16065,06532,0,0,0
16065,06533,0,0,0
16065,06534,0,0,0
16065,06535,0,0,0
16065,06611,31,0,31
16065,06631,32,0,32
16065,06632,33,0,33
16065,06633,14,0,14
16065,06634,22,0,22
16065,06635,0,0,0
16065,06636,11,0,11
16065,07111,12,0,12
16065,07131,0,0,0
16065,07132,0,0,0
16065,07133,0,0,0
16065,07134,0,0,0
16065,07135,0,0,0
16065,07137,0,0,0
16065,07138,0,0,0
16065,07140,0,0,0
16065,07141,0,0,0
16065,07143,0,0,0
16065,07211,0,0,0
16065,07231,0,0,0
16065,07232,0,0,0
16065,07233,0,0,0
16065,07235,0,0,0
16065,07311,0,0,0
16065,07312,0,0,0
16065,07313,0,0,0
16065,07314,0,0,0
16065,07315,0,0,0
16065,07316,0,0,0
16065,07317,0,0,0
16065,07318,0,0,0
16065,07319,0,0,0
16065,07320,0,0,0
16065,07331,0,0,0
16065,07332,0,0,0
16065,07333,0,0,0
16065,07334,0,0,0
16065,07335,0,0,0
16065,07336,0,0,0
16065,07337,0,0,0
16065,07338,0,0,0
16065,07339,0,0,0
16065,07340,0,0,0
16065,08111,23,0,23
16065,08115,12,0,12
16065,08116,0,0,0
16065,08117,10,0,10
16065,08118,13,0,13
16065,08119,0,0,0
16065,08121,0,0,0
16065,08125,0,0,0
16065,08126,0,0,0
16065,08127,0,0,0
16065,08128,23,23,0
16065,08135,0,0,0
16065,08136,0,0,0
16065,08211,0,0,0
16065,08212,0,0,0
16065,08215,22,0,22
16065,08216,0,0,0
16065,08221,0,0,0
16065,08222,10,0,10
16065,08225,0,0,0
16065,08226,11,0,11
16065,08231,0,0,0
16065,08235,0,0,0
16065,08236,0,0,0
16065,08237,0,0,0
16065,08311,0,0,0
16065,08315,0,0,0
16065,08316,0,0,0
16065,08317,0,0,0
16065,08325,0,0,0
16065,08326,0,0,0
16065,08327,0,0,0
16065,08335,0,0,0
16065,08336,0,0,0
16065,08337,0,0,0
16065,08415,0,0,0
16065,08416,0,0,0
16065,08417,0,0,0
16065,08421,0,0,0
16065,08425,0,0,0
16065,08426,0,0,0
16065,08435,0,0,0
16065,08436,0,0,0
16065,08437,0,0,0
16065,09161,0,0,0
16065,09162,42,0,42
16065,09163,0,0,0
16065,09171,0,0,0
16065,09172,0,0,0
16065,09173,0,0,0
16065,09174,0,0,0
16065,09175,0,0,0
16065,09176,0,0,0
16065,09177,0,0,0
16065,09178,0,0,0
16065,09179,0,0,0
16065,09180,0,0,0
16065,09181,0,0,0
16065,09182,0,0,0
16065,09183,0,0,0
16065,09184,20,0,20
16065,09185,0,0,0
16065,09186,17,0,17
16065,09187,0,0,0
16065,09188,0,0,0
16065,09189,0,0,0
16065,09190,0,0,0
16065,09261,0,0,0
16065,09262,0,0,0
16065,09263,0,0,0
16065,09271,0,0,0
16065,09272,0,0,0
16065,09273,0,0,0
16065,09274,0,0,0
16065,09275,0,0,0
16065,09276,0,0,0
16065,09277,0,0,0
16065,09278,0,0,0
16065,09279,0,0,0
16065,09361,0,0,0
16065,09362,0,0,0
16065,09363,0,0,0
16065,09371,0,0,0
16065,09372,0,0,0
16065,09373,11,0,11
16065,09374,0,0,0
16065,09375,0,0,0
16065,09376,0,0,0
16065,09377,0,0,0
16065,09461,0,0,0
16065,09462,0,0,0
16065,09463,0,0,0
16065,09464,0,0,0
16065,09471,0,0,0
16065,09472,0,0,0
16065,09473,0,0,0
16065,09474,0,0,0
16065,09475,0,0,0
16065,09476,0,0,0
16065,09477,0,0,0
16065,09478,0,0,0
16065,09479,0,0,0
16065,09561,0,0,0
16065,09562,0,0,0
16065,09563,0,0,0
16065,09564,31,0,31
16065,09565,0,0,0
16065,09571,0,0,0
16065,09572,0,0,0
16065,09573,14,0,14
16065,09574,0,0,0
16065,09575,0,0,0
16065,09576,0,0,0
16065,09577,0,0,0
16065,09661,0,0,0
16065,09662,0,0,0
16065,09663,0,0,0
16065,09671,0,0,0
16065,09672,0,0,0
16065,09673,0,0,0
16065,09674,0,0,0
16065,09675,0,0,0
16065,09676,0,0,0
16065,09677,10,0,10
16065,09678,0,0,0
16065,09679,0,0,0
16065,09761,0,0,0
16065,09762,0,0,0
16065,09763,0,0,0
16065,09764,0,0,0
16065,09771,0,0,0
16065,09772,0,0,0
16065,09773,0,0,0
16065,09774,0,0,0
16065,09775,0,0,0
16065,09776,0,0,0
16065,09777,0,0,0
16065,09778,0,0,0
16065,09779,0,0,0
16065,09780,0,0,0
16065,10041,0,0,0
16065,10042,0,0,0
16065,10043,0,0,0
16065,10044,0,0,0
16065,10045,0,0,0
16065,10046,0,0,0
16065,11000,110,21,89
16065,12051,0,0,0
16065,12052,0,0,0
16065,12053,0,0,0
16065,12054,0,0,0
16065,12060,0,0,0
16065,12061,0,0,0
16065,12062,0,0,0
16065,12063,0,0,0
16065,12064,0,0,0
16065,12065,0,0,0
16065,12066,0,0,0
16065,12067,0,0,0
16065,12068,0,0,0
16065,12069,0,0,0
16065,12070,0,0,0
16065,12071,0,0,0
16065,12072,0,0,0
16065,12073,0,0,0
16065,13003,0,0,0
16065,13004,0,0,0
16065,13071,0,0,0
16065,13072,0,0,0
16065,13073,0,0,0
16065,13074,0,0,0
16065,13075,0,0,0
16065,13076,0,0,0
16065,14511,0,0,0
16065,14521,0,0,0
16065,14522,15,0,15
16065,14523,0,0,0
16065,14524,23,0,23
16065,14612,66,0,66
16065,14625,10,0,10
16065,14626,0,0,0
16065,14627,0,0,0
16065,14628,0,0,0
16065,14713,176,51,125
16065,14729,33,12,21
16065,14730,28,11,17
16065,15001,0,0,0
16065,15002,234,91,143
16065,15003,39,11,28
16065,15081,0,0,0
16065,15082,17,0,17
16065,15083,14,0,14
16065,15084,583,285,298
16065,15085,51,23,28
16065,15086,0,0,0
16065,15087,2068,863,1205
16065,15088,580,237,343
16065,15089,37,15,22
16065,15090,0,0,0
16065,15091,0,0,0
16065,16051,1996,186,1810
16065,16052,13,0,13
16065,16053,91,15,76
16065,16054,0,0,0
16065,16055,168,37,131
16065,16056,45,0,45
16065,16061,445,103,342
16065,16062,2607,1048,1559
16065,16063,78,16,62
16065,16064,1627,384,1243
16065,16065,0,0,0
16065,16066,69,44,25
16065,16067,209,44,165
16065,16068,3128,496,2632
16065,16069,11,11,0
16065,16070,90,16,74
16065,16071,183,46,137
16065,16072,0,0,0
16065,16073,37,24,13
16065,16074,11,0,11
16065,16075,0,0,0
16065,16076,0,0,0
16065,16077,0,0,0
16066,01001,0,0,0
16066,01002,0,0,0
16066,01003,0,0,0
16066,01004,0,0,0
16066,01051,0,0,0
16066,01053,0,0,0
16066,01054,0,0,0
16066,01055,0,0,0
16066,01056,0,0,0
16066,01057,0,0,0
16066,01058,0,0,0
16066,01059,0,0,0
16066,01060,0,0,0
16066,01061,0,0,0
16066,01062,14,0,14
16066,02000,48,0,48
16066,03101,16,0,16
16066,03102,0,0,0
16066,03103,0,0,0
16066,03151,0,0,0
16066,03153,0,0,0
16066,03154,0,0,0
16066,03155,0,0,0
16066,03157,0,0,0
16066,03158,0,0,0
16066,03159,13,0,13
16066,03241,28,0,28
16066,03251,0,0,0
16066,03252,0,0,0
16066,03254,0,0,0
16066,03255,0,0,0
16066,03256,0,0,0
16066,03257,0,0,0
16066,03351,0,0,0
16066,03352,0,0,0
16066,03353,0,0,0
16066,03354,0,0,0
16066,03355,0,0,0
16066,03356,18,18,0
16066,03357,0,0,0
16066,03358,0,0,0
16066,03359,0,0,0
16066,03360,0,0,0
16066,03361,0,0,0
16066,03401,0,0,0
16066,03402,0,0,0
16066,03403,0,0,0
16066,03404,0,0,0
16066,03405,24,24,0
16066,03451,0,0,0
16066,03452,0,0,0
16066,03453,0,0,0
16066,03454,0,0,0
16066,03455,17,17,0
16066,03456,0,0,0
16066,03457,0,0,0
16066,03458,0,0,0
16066,03459,0,0,0
16066,03460,0,0,0
16066,03461,0,0,0
16066,03462,14,14,0
16066,04011,0,0,0
16066,04012,0,0,0
16066,05111,16,0,16
16066,05112,0,0,0
16066,05113,0,0,0
16066,05114,0,0,0
16066,05116,0,0,0
16066,05117,0,0,0
16066,05119,0,0,0
16066,05120,0,0,0
16066,05122,0,0,0
16066,05124,0,0,0
16066,05154,0,0,0
16066,05158,0,0,0
16066,05162,0,0,0
16066,05166,0,0,0
16066,05170,0,0,0
16066,05314,10,0,10
16066,05315,27,0,27
16066,05316,0,0,0
16066,05334,0,0,0
16066,05358,0,0,0
16066,05362,0,0,0
16066,05366,0,0,0
16066,05370,0,0,0
16066,05374,0,0,0
16066,05378,0,0,0
16066,05382,12,0,12
16066,05512,0,0,0
16066,05513,0,0,0
16066,05515,0,0,0
16066,05554,0,0,0
16066,05558,0,0,0
16066,05562,0,0,0
16066,05566,0,0,0
16066,05570,0,0,0
16066,05711,0,0,0
16066,05754,14,0,14
16066,05758,15,0,15
16066,05762,0,0,0
16066,05766,0,0,0
16066,05770,19,0,19
16066,05774,10,0,10
16066,05911,0,0,0
16066,05913,16,0,16
16066,05914,0,0,0
16066,05915,0,0,0
16066,05916,0,0,0
16066,05954,0,0,0
16066,05958,10,10,0
16066,05962,54,0,54
16066,05966,0,0,0
16066,05970,13,0,13
16066,05974,0,0,0
16066,05978,11,0,11
16066,06411,25,0,25
16066,06412,145,0,145
16066,06413,0,0,0
16066,06414,21,0,21
16066,06431,18,0,18
16066,06432,19,0,19
16066,06433,25,0,25
16066,06434,19,0,19
16066,06435,86,0,86
16066,06436,18,0,18
16066,06437,0,0,0
16066,06438,43,0,43
16066,06439,0,0,0
16066,06440,21,0,21
16066,06531,21,11,10
16066,06532,12,0,12
16066,06533,0,0,0
16066,06534,11,11,0
16066,06535,42,19,23
16066,06611,62,0,62
16066,06631,1508,130,1378
16066,06632,213,44,169
16066,06633,14,0,14
16066,06634,11,0,11
16066,06635,0,0,0
16066,06636,0,0,0
16066,07111,0,0,0
16066,07131,0,0,0
16066,07132,0,0,0
16066,07133,0,0,0
16066,07134,0,0,0
16066,07135,0,0,0
16066,07137,0,0,0
16066,07138,17,0,17
16066,07140,11,0,11
16066,07141,11,0,11
16066,07143,0,0,0
16066,07211,0,0,0
16066,07231,0,0,0
16066,07232,0,0,0
16066,07233,0,0,0
16066,07235,0,0,0
16066,07311,0,0,0
16066,07312,0,0,0
16066,07313,0,0,0
16066,07314,0,0,0
16066,07315,0,0,0
16066,07316,0,0,0
16066,07317,0,0,0
16066,07318,0,0,0
16066,07319,0,0,0
16066,07320,0,0,0
16066,07331,0,0,0
16066,07332,0,0,0
16066,07333,0,0,0
16066,07334,0,0,0
16066,07335,0,0,0
16066,07336,0,0,0
16066,07337,0,0,0
16066,07338,0,0,0
16066,07339,0,0,0
16066,07340,0,0,0
16066,08111,47,0,47
16066,08115,12,0,12
16066,08116,26,0,26
16066,08117,0,0,0
16066,08118,18,0,18
16066,08119,20,0,20
16066,08121,13,0,13
16066,08125,35,0,35
16066,08126,15,0,15
16066,08127,0,0,0
16066,08128,15,0,15
16066,08135,0,0,0
16066,08136,0,0,0
16066,08211,0,0,0
16066,08212,11,0,11
16066,08215,11,0,11
16066,08216,0,0,0
16066,08221,0,0,0
16066,08222,10,0,10
16066,08225,0,0,0
16066,08226,15,0,15
16066,08231,0,0,0
16066,08235,0,0,0
16066,08236,11,0,11
16066,08237,0,0,0
16066,08311,0,0,0
16066,08315,0,0,0
16066,08316,0,0,0
16066,08317,0,0,0
16066,08325,0,0,0
16066,08326,0,0,0
16066,08327,0,0,0
16066,08335,0,0,0
16066,08336,0,0,0
16066,08337,0,0,0
16066,08415,13,0,13
16066,08416,0,0,0
16066,08417,0,0,0
16066,08421,10,0,10
16066,08425,0,0,0
16066,08426,0,0,0
16066,08435,0,0,0
16066,08436,10,0,10
16066,08437,0,0,0
16066,09161,0,0,0
16066,09162,132,12,120
16066,09163,0,0,0
16066,09171,0,0,0
16066,09172,0,0,0
16066,09173,0,0,0
16066,09174,0,0,0
16066,09175,0,0,0
16066,09176,0,0,0
16066,09177,0,0,0
16066,09178,12,0,12
16066,09179,0,0,0
16066,09180,0,0,0
16066,09181,0,0,0
16066,09182,11,0,11
16066,09183,0,0,0
16066,09184,34,0,34
16066,09185,0,0,0
16066,09186,0,0,0
16066,09187,0,0,0
16066,09188,0,0,0
16066,09189,0,0,0
16066,09190,0,0,0
16066,09261,0,0,0
16066,09262,0,0,0
16066,09263,0,0,0
16066,09271,0,0,0
16066,09272,0,0,0
16066,09273,0,0,0
16066,09274,12,0,12
16066,09275,0,0,0
16066,09276,0,0,0
16066,09277,0,0,0
16066,09278,0,0,0
16066,09279,0,0,0
16066,09361,0,0,0
16066,09362,0,0,0
16066,09363,0,0,0
16066,09371,0,0,0
16066,09372,0,0,0
16066,09373,0,0,0
16066,09374,0,0,0
16066,09375,0,0,0
16066,09376,0,0,0
16066,09377,0,0,0
16066,09461,25,0,25
16066,09462,0,0,0
16066,09463,128,23,105
16066,09464,0,0,0
16066,09471,20,0,20
16066,09472,10,10,0
16066,09473,130,47,83
16066,09474,0,0,0
16066,09475,0,0,0
16066,09476,0,0,0
16066,09477,23,12,11
16066,09478,59,37,22
16066,09479,0,0,0
16066,09561,0,0,0
16066,09562,23,0,23
16066,09563,30,0,30
16066,09564,118,13,105
16066,09565,0,0,0
16066,09571,0,0,0
16066,09572,10,0,10
16066,09573,0,0,0
16066,09574,0,0,0
16066,09575,0,0,0
16066,09576,0,0,0
16066,09577,0,0,0
16066,09661,21,0,21
16066,09662,171,0,171
16066,09663,73,0,73
16066,09671,0,0,0
16066,09672,301,78,223
16066,09673,2957,488,2469
16066,09674,47,0,47
16066,09675,31,0,31
16066,09676,0,0,0
16066,09677,30,0,30
16066,09678,119,17,102
16066,09679,44,12,32
16066,09761,29,0,29
16066,09762,0,0,0
16066,09763,0,0,0
16066,09764,0,0,0
16066,09771,0,0,0
16066,09772,0,0,0
16066,09773,0,0,0
16066,09774,0,0,0
16066,09775,0,0,0
16066,09776,0,0,0
16066,09777,0,0,0
16066,09778,0,0,0
16066,09779,0,0,0
16066,09780,0,0,0
16066,10041,0,0,0
16066,10042,0,0,0
16066,10043,0,0,0
16066,10044,0,0,0
16066,10045,0,0,0
16066,10046,0,0,0
16066,11000,312,83,229
16066,12051,0,0,0
16066,12052,0,0,0
16066,12053,0,0,0
16066,12054,0,0,0
16066,12060,0,0,0
16066,12061,0,0,0
16066,12062,0,0,0
16066,12063,14,0,14
16066,12064,0,0,0
16066,12065,0,0,0
16066,12066,0,0,0
16066,12067,0,0,0
16066,12068,0,0,0
16066,12069,0,0,0
16066,12070,0,0,0
16066,12071,0,0,0
16066,12072,0,0,0
16066,12073,0,0,0
16066,13003,0,0,0
16066,13004,0,0,0
16066,13071,0,0,0
16066,13072,0,0,0
16066,13073,0,0,0
16066,13074,0,0,0
16066,13075,0,0,0
16066,13076,0,0,0
16066,14511,37,11,26
16066,14521,14,0,14
16066,14522,29,14,15
16066,14523,26,15,11
16066,14524,37,12,25
16066,14612,92,17,75
16066,14625,0,0,0
16066,14626,0,0,0
16066,14627,33,14,19
16066,14628,0,0,0
16066,14713,108,20,88
16066,14729,38,16,22
16066,14730,0,0,0
16066,15001,0,0,0
16066,15002,40,15,25
16066,15003,18,0,18
16066,15081,0,0,0
16066,15082,39,39,0
16066,15083,0,0,0
16066,15084,42,26,16
16066,15085,10,10,0
16066,15086,0,0,0
16066,15087,38,22,16
16066,15088,37,16,21
16066,15089,11,11,0
16066,15090,0,0,0
16066,15091,0,0,0
16066,16051,1417,257,1160
16066,16052,47,17,30
16066,16053,124,36,88
16066,16054,6191,2467,3724
16066,16055,127,38,89
16066,16056,501,178,323
16066,16061,38,22,16
16066,16062,16,0,16
16066,16063,5098,2051,3047
16066,16064,145,93,52
16066,16065,69,25,44
16066,16066,0,0,0
16066,16067,1251,639,612
16066,16068,78,51,27
16066,16069,2549,1435,1114
16066,16070,1077,664,413
16066,16071,74,46,28
16066,16072,255,180,75
16066,16073,100,71,29
16066,16074,29,13,16
16066,16075,10,10,0
16066,16076,18,18,0
16066,16077,0,0,0
16067,01001,0,0,0
16067,01002,0,0,0
16067,01003,0,0,0
16067,01004,0,0,0
16067,01051,0,0,0
16067,01053,0,0,0
16067,01054,0,0,0
16067,01055,0,0,0
16067,01056,0,0,0
16067,01057,0,0,0
16067,01058,0,0,0
16067,01059,0,0,0
16067,01060,0,0,0
16067,01061,0,0,0
16067,01062,0,0,0
16067,02000,75,0,75
16067,03101,27,27,0
16067,03102,0,0,0
16067,03103,0,0,0
16067,03151,0,0,0
16067,03153,0,0,0
16067,03154,0,0,0
16067,03155,0,0,0
16067,03157,0,0,0
16067,03158,0,0,0
16067,03159,43,27,16
16067,03241,79,10,69
16067,03251,0,0,0
16067,03252,0,0,0
16067,03254,0,0,0
16067,03255,0,0,0
16067,03256,0,0,0
16067,03257,0,0,0
16067,03351,0,0,0
16067,03352,0,0,0
16067,03353,0,0,0
16067,03354,0,0,0
16067,03355,0,0,0
16067,03356,0,0,0
16067,03357,0,0,0
16067,03358,0,0,0
16067,03359,0,0,0
16067,03360,0,0,0
16067,03361,0,0,0
16067,03401,0,0,0
16067,03402,0,0,0
16067,03403,0,0,0
16067,03404,0,0,0
16067,03405,0,0,0
16067,03451,0,0,0
16067,03452,0,0,0
16067,03453,0,0,0
16067,03454,0,0,0
16067,03455,0,0,0
16067,03456,0,0,0
16067,03457,0,0,0
16067,03458,0,0,0
16067,03459,15,0,15
16067,03460,0,0,0
16067,03461,0,0,0
16067,03462,0,0,0
16067,04011,14,0,14
16067,04012,0,0,0
16067,05111,43,0,43
16067,05112,0,0,0
16067,05113,28,0,28
16067,05114,0,0,0
16067,05116,0,0,0
16067,05117,0,0,0
16067,05119,0,0,0
16067,05120,0,0,0
16067,05122,0,0,0
16067,05124,0,0,0
16067,05154,11,0,11
16067,05158,0,0,0
16067,05162,12,0,12
16067,05166,0,0,0
16067,05170,0,0,0
16067,05314,0,0,0
16067,05315,50,12,38
16067,05316,0,0,0
16067,05334,0,0,0
16067,05358,0,0,0
16067,05362,0,0,0
16067,05366,0,0,0
16067,05370,0,0,0
16067,05374,23,0,23
16067,05378,11,0,11
16067,05382,13,0,13
16067,05512,0,0,0
16067,05513,10,0,10
16067,05515,0,0,0
16067,05554,0,0,0
16067,05558,0,0,0
16067,05562,0,0,0
16067,05566,0,0,0
16067,05570,0,0,0
16067,05711,0,0,0
16067,05754,49,0,49
16067,05758,0,0,0
16067,05762,0,0,0
16067,05766,0,0,0
16067,05770,0,0,0
16067,05774,13,0,13
16067,05911,10,0,10
16067,05913,11,0,11
16067,05914,0,0,0
16067,05915,0,0,0
16067,05916,0,0,0
16067,05954,0,0,0
16067,05958,10,0,10
16067,05962,0,0,0
16067,05966,0,0,0
16067,05970,11,0,11
16067,05974,0,0,0
16067,05978,16,0,16
16067,06411,16,0,16
16067,06412,140,19,121
16067,06413,0,0,0
16067,06414,16,0,16
16067,06431,0,0,0
16067,06432,14,0,14
16067,06433,14,0,14
16067,06434,12,0,12
16067,06435,63,17,46
16067,06436,24,0,24
16067,06437,0,0,0
16067,06438,24,0,24
16067,06439,0,0,0
16067,06440,14,0,14
16067,06531,28,0,28
16067,06532,17,0,17
16067,06533,0,0,0
16067,06534,14,0,14
16067,06535,0,0,0
16067,06611,55,13,42
16067,06631,97,18,79
16067,06632,158,54,104
16067,06633,21,0,21
16067,06634,31,18,13
16067,06635,0,0,0
16067,06636,69,41,28
16067,07111,0,0,0
16067,07131,0,0,0
16067,07132,0,0,0
16067,07133,15,0,15
16067,07134,0,0,0
16067,07135,0,0,0
16067,07137,0,0,0
16067,07138,12,0,12
16067,07140,15,0,15
16067,07141,0,0,0
16067,07143,14,0,14
16067,07211,0,0,0
16067,07231,0,0,0
16067,07232,0,0,0
16067,07233,0,0,0
16067,07235,0,0,0
16067,07311,0,0,0
16067,07312,0,0,0
16067,07313,0,0,0
16067,07314,0,0,0
16067,07315,15,0,15
16067,07316,0,0,0
16067,07317,0,0,0
16067,07318,0,0,0
16067,07319,0,0,0
16067,07320,0,0,0
16067,07331,0,0,0
16067,07332,0,0,0
16067,07333,0,0,0
16067,07334,0,0,0
16067,07335,0,0,0
16067,07336,0,0,0
16067,07337,0,0,0
16067,07338,0,0,0
16067,07339,0,0,0
16067,07340,0,0,0
16067,08111,34,0,34
16067,08115,0,0,0
16067,08116,46,17,29
16067,08117,14,0,14
16067,08118,33,11,22
16067,08119,10,0,10
16067,08121,13,0,13
16067,08125,21,0,21
16067,08126,0,0,0
16067,08127,0,0,0
16067,08128,0,0,0
16067,08135,0,0,0
16067,08136,0,0,0
16067,08211,0,0,0
16067,08212,14,0,14
16067,08215,17,0,17
16067,08216,0,0,0
16067,08221,11,0,11
16067,08222,24,0,24
16067,08225,0,0,0
16067,08226,0,0,0
16067,08231,0,0,0
16067,08235,0,0,0
16067,08236,0,0,0
16067,08237,0,0,0
16067,08311,13,0,13
16067,08315,0,0,0
16067,08316,0,0,0
16067,08317,27,0,27
16067,08325,0,0,0
16067,08326,0,0,0
16067,08327,0,0,0
16067,08335,0,0,0
16067,08336,0,0,0
16067,08337,0,0,0
16067,08415,15,0,15
16067,08416,0,0,0
16067,08417,0,0,0
16067,08421,14,0,14
16067,08425,0,0,0
16067,08426,0,0,0
16067,08435,0,0,0
16067,08436,0,0,0
16067,08437,0,0,0
16067,09161,22,0,22
16067,09162,101,14,87
16067,09163,15,0,15
16067,09171,0,0,0
16067,09172,0,0,0
16067,09173,0,0,0
16067,09174,0,0,0
16067,09175,0,0,0
16067,09176,0,0,0
16067,09177,0,0,0
16067,09178,0,0,0
16067,09179,0,0,0
16067,09180,0,0,0
16067,09181,0,0,0
16067,09182,0,0,0
16067,09183,0,0,0
16067,09184,36,0,36
16067,09185,0,0,0
16067,09186,0,0,0
16067,09187,0,0,0
16067,09188,0,0,0
16067,09189,0,0,0
16067,09190,0,0,0
16067,09261,0,0,0
16067,09262,0,0,0
16067,09263,0,0,0
16067,09271,0,0,0
16067,09272,0,0,0
16067,09273,0,0,0
16067,09274,0,0,0
16067,09275,0,0,0
16067,09276,0,0,0
16067,09277,0,0,0
16067,09278,0,0,0
16067,09279,0,0,0
16067,09361,0,0,0
16067,09362,0,0,0
16067,09363,0,0,0
16067,09371,0,0,0
16067,09372,0,0,0
16067,09373,0,0,0
16067,09374,0,0,0
16067,09375,0,0,0
16067,09376,0,0,0
16067,09377,0,0,0
16067,09461,0,0,0
16067,09462,0,0,0
16067,09463,10,0,10
16067,09464,0,0,0
16067,09471,37,0,37
16067,09472,0,0,0
16067,09473,17,0,17
16067,09474,0,0,0
16067,09475,0,0,0
16067,09476,0,0,0
16067,09477,0,0,0
16067,09478,11,0,11
16067,09479,0,0,0
16067,09561,0,0,0
16067,09562,18,0,18
16067,09563,11,0,11
16067,09564,58,11,47
16067,09565,0,0,0
16067,09571,0,0,0
16067,09572,0,0,0
16067,09573,0,0,0
16067,09574,0,0,0
16067,09575,0,0,0
16067,09576,0,0,0
16067,09577,0,0,0
16067,09661,0,0,0
16067,09662,0,0,0
16067,09663,18,0,18
16067,09671,33,33,0
16067,09672,40,0,40
16067,09673,18,0,18
16067,09674,0,0,0
16067,09675,0,0,0
16067,09676,0,0,0
16067,09677,10,0,10
16067,09678,0,0,0
16067,09679,10,0,10
16067,09761,0,0,0
16067,09762,0,0,0
16067,09763,0,0,0
16067,09764,0,0,0
16067,09771,0,0,0
16067,09772,0,0,0
16067,09773,0,0,0
16067,09774,0,0,0
16067,09775,0,0,0
16067,09776,0,0,0
16067,09777,16,0,16
16067,09778,0,0,0
16067,09779,0,0,0
16067,09780,0,0,0
16067,10041,33,0,33
16067,10042,0,0,0
16067,10043,0,0,0
16067,10044,0,0,0
16067,10045,0,0,0
16067,10046,0,0,0
16067,11000,252,59,193
16067,12051,0,0,0
16067,12052,0,0,0
16067,12053,12,0,12
16067,12054,10,0,10
16067,12060,0,0,0
16067,12061,0,0,0
16067,12062,0,0,0
16067,12063,0,0,0
16067,12064,0,0,0
16067,12065,0,0,0
16067,12066,0,0,0
16067,12067,0,0,0
16067,12068,0,0,0
16067,12069,11,0,11
16067,12070,0,0,0
16067,12071,0,0,0
16067,12072,11,0,11
16067,12073,0,0,0
16067,13003,0,0,0
16067,13004,0,0,0
16067,13071,0,0,0
16067,13072,0,0,0
16067,13073,0,0,0
16067,13074,0,0,0
16067,13075,20,10,10
16067,13076,0,0,0
16067,14511,63,11,52
16067,14521,0,0,0
16067,14522,42,20,22
16067,14523,36,14,22
16067,14524,84,71,13
16067,14612,163,24,139
16067,14625,26,0,26
16067,14626,14,0,14
16067,14627,26,0,26
16067,14628,14,0,14
16067,14713,218,49,169
16067,14729,64,20,44
16067,14730,18,0,18
16067,15001,0,0,0
16067,15002,87,20,67
16067,15003,39,10,29
16067,15081,0,0,0
16067,15082,33,12,21
16067,15083,11,0,11
16067,15084,64,35,29
16067,15085,0,0,0
16067,15086,0,0,0
16067,15087,43,30,13
16067,15088,41,14,27
16067,15089,11,11,0
16067,15090,0,0,0
16067,15091,0,0,0
16067,16051,9379,2757,6622
16067,16052,61,33,28
16067,16053,247,71,176
16067,16054,410,209,201
16067,16055,437,212,225
16067,16056,2138,748,1390
16067,16061,177,102,75
16067,16062,128,64,64
16067,16063,2779,1428,1351
16067,16064,2813,1514,1299
16067,16065,209,165,44
16067,16066,1251,612,639
16067,16067,0,0,0
16067,16068,869,404,465
16067,16069,99,67,32
16067,16070,3637,1736,1901
16067,16071,442,282,160
16067,16072,46,23,23
16067,16073,177,119,58
16067,16074,137,48,89
16067,16075,66,29,37
16067,16076,76,47,29
16067,16077,28,28,0
16068,01001,0,0,0
16068,01002,0,0,0
16068,01003,0,0,0
16068,01004,0,0,0
16068,01051,0,0,0
16068,01053,0,0,0
16068,01054,0,0,0
16068,01055,0,0,0
16068,01056,0,0,0
16068,01057,0,0,0
16068,01058,0,0,0
16068,01059,0,0,0
16068,01060,0,0,0
16068,01061,0,0,0
16068,01062,0,0,0
16068,02000,31,0,31
16068,03101,0,0,0
16068,03102,0,0,0
16068,03103,0,0,0
16068,03151,0,0,0
16068,03153,0,0,0
16068,03154,0,0,0
16068,03155,0,0,0
16068,03157,0,0,0
16068,03158,0,0,0
16068,03159,0,0,0
16068,03241,48,22,26
16068,03251,0,0,0
16068,03252,0,0,0
16068,03254,0,0,0
16068,03255,0,0,0
16068,03256,0,0,0
16068,03257,0,0,0
16068,03351,0,0,0
16068,03352,0,0,0
16068,03353,0,0,0
16068,03354,0,0,0
16068,03355,0,0,0
16068,03356,0,0,0
16068,03357,0,0,0
16068,03358,0,0,0
16068,03359,0,0,0
16068,03360,0,0,0
16068,03361,0,0,0
16068,03401,0,0,0
16068,03402,0,0,0
16068,03403,0,0,0
16068,03404,0,0,0
16068,03405,0,0,0
16068,03451,0,0,0
16068,03452,0,0,0
16068,03453,0,0,0
16068,03454,0,0,0
16068,03455,0,0,0
16068,03456,0,0,0
16068,03457,0,0,0
16068,03458,0,0,0
16068,03459,0,0,0
16068,03460,0,0,0
16068,03461,0,0,0
16068,03462,0,0,0
16068,04011,18,0,18
16068,04012,0,0,0
16068,05111,15,0,15
16068,05112,0,0,0
16068,05113,10,0,10
16068,05114,13,0,13
16068,05116,0,0,0
16068,05117,0,0,0
16068,05119,0,0,0
16068,05120,0,0,0
16068,05122,0,0,0
16068,05124,0,0,0
16068,05154,0,0,0
16068,05158,0,0,0
16068,05162,0,0,0
16068,05166,0,0,0
16068,05170,0,0,0
16068,05314,0,0,0
16068,05315,19,0,19
16068,05316,0,0,0
16068,05334,0,0,0
16068,05358,0,0,0
16068,05362,0,0,0
16068,05366,0,0,0
16068,05370,0,0,0
16068,05374,0,0,0
16068,05378,18,0,18
16068,05382,0,0,0
16068,05512,0,0,0
16068,05513,0,0,0
16068,05515,0,0,0
16068,05554,0,0,0
16068,05558,0,0,0
16068,05562,0,0,0
16068,05566,0,0,0
16068,05570,0,0,0
16068,05711,0,0,0
16068,05754,12,0,12
16068,05758,0,0,0
16068,05762,0,0,0
16068,05766,0,0,0
16068,05770,13,0,13
16068,05774,0,0,0
16068,05911,0,0,0
16068,05913,0,0,0
16068,05914,0,0,0
16068,05915,0,0,0
16068,05916,0,0,0
16068,05954,0,0,0
16068,05958,0,0,0
16068,05962,0,0,0
16068,05966,0,0,0
16068,05970,0,0,0
16068,05974,0,0,0
16068,05978,339,0,339
16068,06411,0,0,0
16068,06412,45,0,45
16068,06413,0,0,0
16068,06414,0,0,0
16068,06431,0,0,0
16068,06432,0,0,0
16068,06433,13,0,13
16068,06434,0,0,0
16068,06435,12,0,12
16068,06436,0,0,0
16068,06437,0,0,0
16068,06438,15,0,15
16068,06439,0,0,0
16068,06440,24,0,24
16068,06531,0,0,0
16068,06532,0,0,0
16068,06533,0,0,0
16068,06534,0,0,0
16068,06535,0,0,0
16068,06611,14,0,14
16068,06631,27,0,27
16068,06632,35,0,35
16068,06633,11,0,11
16068,06634,0,0,0
16068,06635,0,0,0
16068,06636,0,0,0
16068,07111,0,0,0
16068,07131,0,0,0
16068,07132,0,0,0
16068,07133,0,0,0
16068,07134,0,0,0
16068,07135,0,0,0
16068,07137,0,0,0
16068,07138,0,0,0
16068,07140,0,0,0
16068,07141,0,0,0
16068,07143,0,0,0
16068,07211,0,0,0
16068,07231,0,0,0
16068,07232,0,0,0
16068,07233,0,0,0
16068,07235,0,0,0
16068,07311,0,0,0
16068,07312,0,0,0
16068,07313,0,0,0
16068,07314,0,0,0
16068,07315,0,0,0
16068,07316,0,0,0
16068,07317,0,0,0
16068,07318,0,0,0
16068,07319,0,0,0
16068,07320,0,0,0
16068,07331,0,0,0
16068,07332,0,0,0
16068,07333,0,0,0
16068,07334,0,0,0
16068,07335,0,0,0
16068,07336,0,0,0
16068,07337,0,0,0
16068,07338,0,0,0
16068,07339,0,0,0
16068,07340,0,0,0
16068,08111,24,0,24
16068,08115,0,0,0
16068,08116,0,0,0
16068,08117,0,0,0
16068,08118,0,0,0
16068,08119,0,0,0
16068,08121,0,0,0
16068,08125,0,0,0
16068,08126,0,0,0
16068,08127,0,0,0
16068,08128,0,0,0
16068,08135,0,0,0
16068,08136,0,0,0
16068,08211,0,0,0
16068,08212,0,0,0
16068,08215,0,0,0
16068,08216,0,0,0
16068,08221,0,0,0
16068,08222,10,0,10
16068,08225,0,0,0
16068,08226,0,0,0
16068,08231,0,0,0
16068,08235,0,0,0
16068,08236,0,0,0
16068,08237,0,0,0
16068,08311,0,0,0
16068,08315,0,0,0
16068,08316,0,0,0
16068,08317,14,0,14
16068,08325,0,0,0
16068,08326,0,0,0
16068,08327,0,0,0
16068,08335,0,0,0
16068,08336,0,0,0
16068,08337,0,0,0
16068,08415,0,0,0
16068,08416,0,0,0
16068,08417,0,0,0
16068,08421,0,0,0
16068,08425,0,0,0
16068,08426,0,0,0
16068,08435,0,0,0
16068,08436,0,0,0
16068,08437,0,0,0
16068,09161,12,0,12
16068,09162,45,0,45
16068,09163,0,0,0
16068,09171,0,0,0
16068,09172,0,0,0
16068,09173,0,0,0
16068,09174,0,0,0
16068,09175,0,0,0
16068,09176,0,0,0
16068,09177,0,0,0
16068,09178,0,0,0
16068,09179,0,0,0
16068,09180,0,0,0
16068,09181,0,0,0
16068,09182,0,0,0
16068,09183,0,0,0
16068,09184,18,0,18
16068,09185,0,0,0
16068,09186,102,0,102
16068,09187,0,0,0
16068,09188,0,0,0
16068,09189,0,0,0
16068,09190,0,0,0
16068,09261,0,0,0
16068,09262,0,0,0
16068,09263,0,0,0
16068,09271,0,0,0
16068,09272,0,0,0
16068,09273,0,0,0
16068,09274,0,0,0
16068,09275,0,0,0
16068,09276,0,0,0
16068,09277,0,0,0
16068,09278,0,0,0
16068,09279,0,0,0
16068,09361,0,0,0
16068,09362,0,0,0
16068,09363,0,0,0
16068,09371,0,0,0
16068,09372,0,0,0
16068,09373,0,0,0
16068,09374,0,0,0
16068,09375,0,0,0
16068,09376,0,0,0
16068,09377,0,0,0
16068,09461,0,0,0
16068,09462,0,0,0
16068,09463,0,0,0
16068,09464,0,0,0
16068,09471,0,0,0
16068,09472,0,0,0
16068,09473,0,0,0
16068,09474,0,0,0
16068,09475,0,0,0
16068,09476,0,0,0
16068,09477,0,0,0
16068,09478,0,0,0
16068,09479,0,0,0
16068,09561,0,0,0
16068,09562,0,0,0
16068,09563,0,0,0
16068,09564,31,0,31
16068,09565,0,0,0
16068,09571,0,0,0
16068,09572,0,0,0
16068,09573,0,0,0
16068,09574,0,0,0
16068,09575,0,0,0
16068,09576,0,0,0
16068,09577,0,0,0
16068,09661,0,0,0
16068,09662,0,0,0
16068,09663,0,0,0
16068,09671,0,0,0
16068,09672,0,0,0
16068,09673,0,0,0
16068,09674,0,0,0
16068,09675,0,0,0
16068,09676,0,0,0
16068,09677,19,0,19
16068,09678,10,0,10
16068,09679,0,0,0
16068,09761,0,0,0
16068,09762,0,0,0
16068,09763,0,0,0
16068,09764,0,0,0
16068,09771,0,0,0
16068,09772,0,0,0
16068,09773,0,0,0
16068,09774,0,0,0
16068,09775,0,0,0
16068,09776,0,0,0
16068,09777,10,0,10
16068,09778,0,0,0
16068,09779,0,0,0
16068,09780,0,0,0
16068,10041,0,0,0
16068,10042,0,0,0
16068,10043,0,0,0
16068,10044,0,0,0
16068,10045,0,0,0
16068,10046,0,0,0
16068,11000,120,13,107
16068,12051,0,0,0
16068,12052,0,0,0
16068,12053,0,0,0
16068,12054,0,0,0
16068,12060,0,0,0
16068,12061,0,0,0
16068,12062,0,0,0
16068,12063,0,0,0
16068,12064,0,0,0
16068,12065,0,0,0
16068,12066,0,0,0
16068,12067,0,0,0
16068,12068,0,0,0
16068,12069,11,0,11
16068,12070,0,0,0
16068,12071,0,0,0
16068,12072,0,0,0
16068,12073,0,0,0
16068,13003,0,0,0
16068,13004,0,0,0
16068,13071,0,0,0
16068,13072,0,0,0
16068,13073,0,0,0
16068,13074,0,0,0
16068,13075,0,0,0
16068,13076,0,0,0
16068,14511,42,10,32
16068,14521,0,0,0
16068,14522,12,12,0
16068,14523,10,0,10
16068,14524,10,0,10
16068,14612,119,24,95
16068,14625,12,0,12
16068,14626,0,0,0
16068,14627,12,0,12
16068,14628,0,0,0
16068,14713,134,33,101
16068,14729,19,0,19
16068,14730,13,0,13
16068,15001,0,0,0
16068,15002,51,30,21
16068,15003,22,0,22
16068,15081,0,0,0
16068,15082,14,0,14
16068,15083,0,0,0
16068,15084,595,470,125
16068,15085,0,0,0
16068,15086,0,0,0
16068,15087,335,283,52
16068,15088,96,55,41
16068,15089,26,26,0
16068,15090,0,0,0
16068,15091,0,0,0
16068,16051,9905,2903,7002
16068,16052,39,12,27
16068,16053,269,99,170
16068,16054,11,0,11
16068,16055,1060,351,709
16068,16056,73,19,54
16068,16061,96,38,58
16068,16062,185,92,93
16068,16063,118,24,94
16068,16064,968,554,414
16068,16065,3128,2632,496
16068,16066,78,27,51
16068,16067,869,465,404
16068,16068,0,0,0
16068,16069,21,21,0
16068,16070,517,168,349
16068,16071,1554,707,847
16068,16072,0,0,0
16068,16073,63,31,32
16068,16074,67,30,37
16068,16075,10,10,0
16068,16076,15,15,0
16068,16077,11,11,0
16069,01001,0,0,0
16069,01002,0,0,0
16069,01003,0,0,0
16069,01004,0,0,0
16069,01051,0,0,0
16069,01053,0,0,0
16069,01054,0,0,0
16069,01055,0,0,0
16069,01056,0,0,0
16069,01057,0,0,0
16069,01058,0,0,0
16069,01059,0,0,0
16069,01060,0,0,0
16069,01061,0,0,0
16069,01062,0,0,0
16069,02000,0,0,0
16069,03101,0,0,0
16069,03102,0,0,0
16069,03103,0,0,0
16069,03151,0,0,0
16069,03153,0,0,0
16069,03154,0,0,0
16069,03155,0,0,0
16069,03157,0,0,0
16069,03158,0,0,0
16069,03159,0,0,0
16069,03241,13,0,13
16069,03251,0,0,0
16069,03252,0,0,0
16069,03254,0,0,0
16069,03255,0,0,0
16069,03256,0,0,0
16069,03257,0,0,0
16069,03351,0,0,0
16069,03352,0,0,0
16069,03353,0,0,0
16069,03354,0,0,0
16069,03355,0,0,0
16069,03356,0,0,0
16069,03357,0,0,0
16069,03358,0,0,0
16069,03359,0,0,0
16069,03360,0,0,0
16069,03361,0,0,0
16069,03401,0,0,0
16069,03402,0,0,0
16069,03403,0,0,0
16069,03404,0,0,0
16069,03405,0,0,0
16069,03451,0,0,0
16069,03452,0,0,0
16069,03453,0,0,0
16069,03454,0,0,0
16069,03455,0,0,0
16069,03456,0,0,0
16069,03457,0,0,0
16069,03458,0,0,0
16069,03459,0,0,0
16069,03460,0,0,0
16069,03461,0,0,0
16069,03462,0,0,0
16069,04011,0,0,0
16069,04012,0,0,0
16069,05111,0,0,0
16069,05112,0,0,0
16069,05113,0,0,0
16069,05114,0,0,0
16069,05116,0,0,0
16069,05117,0,0,0
16069,05119,0,0,0
16069,05120,0,0,0
16069,05122,0,0,0
16069,05124,22,0,22
16069,05154,0,0,0
16069,05158,0,0,0
16069,05162,0,0,0
16069,05166,0,0,0
16069,05170,0,0,0
16069,05314,0,0,0
16069,05315,15,0,15
16069,05316,0,0,0
16069,05334,0,0,0
16069,05358,0,0,0
16069,05362,0,0,0
16069,05366,0,0,0
16069,05370,0,0,0
16069,05374,0,0,0
16069,05378,0,0,0
16069,05382,0,0,0
16069,05512,0,0,0
16069,05513,0,0,0
16069,05515,0,0,0
16069,05554,0,0,0
16069,05558,0,0,0
16069,05562,0,0,0
16069,05566,0,0,0
16069,05570,0,0,0
16069,05711,0,0,0
16069,05754,0,0,0
16069,05758,0,0,0
16069,05762,0,0,0
16069,05766,0,0,0
16069,05770,0,0,0
16069,05774,0,0,0
16069,05911,0,0,0
16069,05913,0,0,0
16069,05914,0,0,0
16069,05915,0,0,0
16069,05916,0,0,0
16069,05954,0,0,0
16069,05958,0,0,0
16069,05962,0,0,0
16069,05966,0,0,0
16069,05970,0,0,0
16069,05974,0,0,0
16069,05978,0,0,0
16069,06411,0,0,0
16069,06412,33,0,33
16069,06413,0,0,0
16069,06414,0,0,0
16069,06431,0,0,0
16069,06432,0,0,0
16069,06433,0,0,0
16069,06434,0,0,0
16069,06435,10,0,10
16069,06436,0,0,0
16069,06437,0,0,0
16069,06438,0,0,0
16069,06439,0,0,0
16069,06440,14,0,14
16069,06531,0,0,0
16069,06532,0,0,0
16069,06533,0,0,0
16069,06534,0,0,0
16069,06535,0,0,0
16069,06611,0,0,0
16069,06631,29,0,29
16069,06632,0,0,0
16069,06633,0,0,0
16069,06634,0,0,0
16069,06635,0,0,0
16069,06636,0,0,0
16069,07111,0,0,0
16069,07131,0,0,0
16069,07132,0,0,0
16069,07133,0,0,0
16069,07134,0,0,0
16069,07135,0,0,0
16069,07137,0,0,0
16069,07138,95,0,95
16069,07140,0,0,0
16069,07141,0,0,0
16069,07143,0,0,0
16069,07211,0,0,0
16069,07231,0,0,0
16069,07232,0,0,0
16069,07233,0,0,0
16069,07235,0,0,0
16069,07311,0,0,0
16069,07312,0,0,0
16069,07313,0,0,0
16069,07314,0,0,0
16069,07315,0,0,0
16069,07316,0,0,0
16069,07317,0,0,0
16069,07318,0,0,0
16069,07319,0,0,0
16069,07320,0,0,0
16069,07331,0,0,0
16069,07332,0,0,0
16069,07333,0,0,0
16069,07334,0,0,0
16069,07335,0,0,0
16069,07336,0,0,0
16069,07337,14,0,14
16069,07338,0,0,0
16069,07339,0,0,0
16069,07340,0,0,0
16069,08111,14,0,14
16069,08115,0,0,0
16069,08116,0,0,0
16069,08117,0,0,0
16069,08118,12,0,12
16069,08119,0,0,0
16069,08121,0,0,0
16069,08125,10,0,10
16069,08126,0,0,0
16069,08127,0,0,0
16069,08128,0,0,0
16069,08135,0,0,0
16069,08136,0,0,0
16069,08211,0,0,0
16069,08212,0,0,0
16069,08215,0,0,0
16069,08216,0,0,0
16069,08221,0,0,0
16069,08222,0,0,0
16069,08225,0,0,0
16069,08226,0,0,0
16069,08231,0,0,0
16069,08235,12,12,0
16069,08236,0,0,0
16069,08237,0,0,0
16069,08311,0,0,0
16069,08315,0,0,0
16069,08316,0,0,0
16069,08317,0,0,0
16069,08325,0,0,0
16069,08326,0,0,0
16069,08327,0,0,0
16069,08335,0,0,0
16069,08336,0,0,0
16069,08337,0,0,0
16069,08415,0,0,0
16069,08416,23,23,0
16069,08417,56,56,0
16069,08421,0,0,0
16069,08425,0,0,0
16069,08426,0,0,0
16069,08435,0,0,0
16069,08436,0,0,0
16069,08437,0,0,0
16069,09161,12,0,12
16069,09162,55,0,55
16069,09163,0,0,0
16069,09171,0,0,0
16069,09172,0,0,0
16069,09173,0,0,0
16069,09174,0,0,0
16069,09175,0,0,0
16069,09176,0,0,0
16069,09177,0,0,0
16069,09178,0,0,0
16069,09179,0,0,0
16069,09180,0,0,0
16069,09181,0,0,0
16069,09182,0,0,0
16069,09183,0,0,0
16069,09184,18,0,18
16069,09185,0,0,0
16069,09186,0,0,0
16069,09187,0,0,0
16069,09188,0,0,0
16069,09189,0,0,0
16069,09190,0,0,0
16069,09261,0,0,0
16069,09262,0,0,0
16069,09263,0,0,0
16069,09271,0,0,0
16069,09272,0,0,0
16069,09273,0,0,0
16069,09274,0,0,0
16069,09275,0,0,0
16069,09276,0,0,0
16069,09277,0,0,0
16069,09278,0,0,0
16069,09279,0,0,0
16069,09361,0,0,0
16069,09362,0,0,0
16069,09363,0,0,0
16069,09371,0,0,0
16069,09372,0,0,0
16069,09373,0,0,0
16069,09374,0,0,0
16069,09375,0,0,0
16069,09376,0,0,0
16069,09377,0,0,0
16069,09461,66,12,54
16069,09462,15,0,15
16069,09463,2050,196,1854
16069,09464,0,0,0
16069,09471,63,14,49
16069,09472,0,0,0
16069,09473,3108,525,2583
16069,09474,13,0,13
16069,09475,0,0,0
16069,09476,57,10,47
16069,09477,26,0,26
16069,09478,154,27,127
16069,09479,0,0,0
16069,09561,0,0,0
16069,09562,20,0,20
16069,09563,15,0,15
16069,09564,114,22,92
16069,09565,0,0,0
16069,09571,0,0,0
16069,09572,12,0,12
16069,09573,0,0,0
16069,09574,17,0,17
16069,09575,0,0,0
16069,09576,0,0,0
16069,09577,0,0,0
16069,09661,0,0,0
16069,09662,103,0,103
16069,09663,32,0,32
16069,09671,0,0,0
16069,09672,117,33,84
16069,09673,1068,154,914
16069,09674,580,49,531
16069,09675,15,0,15
16069,09676,0,0,0
16069,09677,0,0,0
16069,09678,90,12,78
16069,09679,15,0,15
16069,09761,0,0,0
16069,09762,0,0,0
16069,09763,0,0,0
16069,09764,0,0,0
16069,09771,0,0,0
16069,09772,0,0,0
16069,09773,0,0,0
16069,09774,0,0,0
16069,09775,0,0,0
16069,09776,0,0,0
16069,09777,0,0,0
16069,09778,0,0,0
16069,09779,0,0,0
16069,09780,0,0,0
16069,10041,0,0,0
16069,10042,0,0,0
16069,10043,0,0,0
16069,10044,0,0,0
16069,10045,0,0,0
16069,10046,0,0,0
16069,11000,58,0,58
16069,12051,0,0,0
16069,12052,0,0,0
16069,12053,0,0,0
16069,12054,0,0,0
16069,12060,0,0,0
16069,12061,0,0,0
16069,12062,0,0,0
16069,12063,0,0,0
16069,12064,0,0,0
16069,12065,0,0,0
16069,12066,0,0,0
16069,12067,0,0,0
16069,12068,0,0,0
16069,12069,0,0,0
16069,12070,0,0,0
16069,12071,0,0,0
16069,12072,0,0,0
16069,12073,0,0,0
16069,13003,0,0,0
16069,13004,0,0,0
16069,13071,0,0,0
16069,13072,0,0,0
16069,13073,0,0,0
16069,13074,0,0,0
16069,13075,0,0,0
16069,13076,0,0,0
16069,14511,30,0,30
16069,14521,0,0,0
16069,14522,0,0,0
16069,14523,11,0,11
16069,14524,0,0,0
16069,14612,37,0,37
16069,14625,0,0,0
16069,14626,0,0,0
16069,14627,0,0,0
16069,14628,0,0,0
16069,14713,43,13,30
16069,14729,0,0,0
16069,14730,0,0,0
16069,15001,0,0,0
16069,15002,0,0,0
16069,15003,0,0,0
16069,15081,0,0,0
16069,15082,0,0,0
16069,15083,0,0,0
16069,15084,11,0,11
16069,15085,0,0,0
16069,15086,0,0,0
16069,15087,0,0,0
16069,15088,0,0,0
16069,15089,0,0,0
16069,15090,0,0,0
16069,15091,0,0,0
16069,16051,433,55,378
16069,16052,0,0,0
16069,16053,45,0,45
16069,16054,2882,813,2069
16069,16055,64,29,35
16069,16056,31,21,10
16069,16061,0,0,0
16069,16062,11,0,11
16069,16063,90,40,50
16069,16064,22,0,22
16069,16065,11,0,11
16069,16066,2549,1114,1435
16069,16067,99,32,67
16069,16068,21,0,21
16069,16069,0,0,0
16069,16070,646,399,247
16069,16071,81,63,18
16069,16072,1417,467,950
16069,16073,98,58,40
16069,16074,0,0,0
16069,16075,0,0,0
16069,16076,0,0,0
16069,16077,0,0,0
16070,01001,0,0,0
16070,01002,11,0,11
16070,01003,10,10,0
16070,01004,0,0,0
16070,01051,0,0,0
16070,01053,0,0,0
16070,01054,0,0,0
16070,01055,0,0,0
16070,01056,0,0,0
16070,01057,0,0,0
16070,01058,0,0,0
16070,01059,0,0,0
16070,01060,0,0,0
16070,01061,0,0,0
16070,01062,0,0,0
16070,02000,75,22,53
16070,03101,0,0,0
16070,03102,0,0,0
16070,03103,0,0,0
16070,03151,0,0,0
16070,03153,0,0,0
16070,03154,0,0,0
16070,03155,0,0,0
16070,03157,0,0,0
16070,03158,0,0,0
16070,03159,32,19,13
16070,03241,67,26,41
16070,03251,0,0,0
16070,03252,0,0,0
16070,03254,0,0,0
16070,03255,0,0,0
16070,03256,0,0,0
16070,03257,0,0,0
16070,03351,0,0,0
16070,03352,0,0,0
16070,03353,0,0,0
16070,03354,0,0,0
16070,03355,0,0,0
16070,03356,0,0,0
16070,03357,0,0,0
16070,03358,0,0,0
16070,03359,0,0,0
16070,03360,0,0,0
16070,03361,0,0,0
16070,03401,0,0,0
16070,03402,0,0,0
16070,03403,0,0,0
16070,03404,0,0,0
16070,03405,0,0,0
16070,03451,0,0,0
16070,03452,0,0,0
16070,03453,0,0,0
16070,03454,0,0,0
16070,03455,0,0,0
16070,03456,0,0,0
16070,03457,0,0,0
16070,03458,0,0,0
16070,03459,12,0,12
16070,03460,0,0,0
16070,03461,0,0,0
16070,03462,0,0,0
16070,04011,14,0,14
16070,04012,0,0,0
16070,05111,40,14,26
16070,05112,0,0,0
16070,05113,31,10,21
16070,05114,0,0,0
16070,05116,0,0,0
16070,05117,0,0,0
16070,05119,0,0,0
16070,05120,0,0,0
16070,05122,0,0,0
16070,05124,0,0,0
16070,05154,36,0,36
16070,05158,27,12,15
16070,05162,10,10,0
16070,05166,0,0,0
16070,05170,0,0,0
16070,05314,10,0,10
16070,05315,68,12,56
16070,05316,0,0,0
16070,05334,10,0,10
16070,05358,0,0,0
16070,05362,0,0,0
16070,05366,0,0,0
16070,05370,0,0,0
16070,05374,16,0,16
16070,05378,13,0,13
16070,05382,31,14,17
16070,05512,0,0,0
16070,05513,0,0,0
16070,05515,0,0,0
16070,05554,0,0,0
16070,05558,0,0,0
16070,05562,11,11,0
16070,05566,0,0,0
16070,05570,0,0,0
16070,05711,0,0,0
16070,05754,19,0,19
16070,05758,0,0,0
16070,05762,0,0,0
16070,05766,0,0,0
16070,05770,0,0,0
16070,05774,13,0,13
16070,05911,13,13,0
16070,05913,14,14,0
16070,05914,0,0,0
16070,05915,0,0,0
16070,05916,0,0,0
16070,05954,0,0,0
16070,05958,0,0,0
16070,05962,10,0,10
16070,05966,0,0,0
16070,05970,0,0,0
16070,05974,10,10,0
16070,05978,12,0,12
16070,06411,13,0,13
16070,06412,102,16,86
16070,06413,0,0,0
16070,06414,13,0,13
16070,06431,0,0,0
16070,06432,0,0,0
16070,06433,13,0,13
16070,06434,19,0,19
16070,06435,44,12,32
16070,06436,20,0,20
16070,06437,0,0,0
16070,06438,37,13,24
16070,06439,0,0,0
16070,06440,0,0,0
16070,06531,0,0,0
16070,06532,18,0,18
16070,06533,0,0,0
16070,06534,0,0,0
16070,06535,0,0,0
16070,06611,31,16,15
16070,06631,83,10,73
16070,06632,33,0,33
16070,06633,0,0,0
16070,06634,16,16,0
16070,06635,0,0,0
16070,06636,10,10,0
16070,07111,0,0,0
16070,07131,0,0,0
16070,07132,0,0,0
16070,07133,0,0,0
16070,07134,0,0,0
16070,07135,0,0,0
16070,07137,0,0,0
16070,07138,107,0,107
16070,07140,0,0,0
16070,07141,0,0,0
16070,07143,0,0,0
16070,07211,0,0,0
16070,07231,0,0,0
16070,07232,0,0,0
16070,07233,0,0,0
16070,07235,0,0,0
16070,07311,0,0,0
16070,07312,0,0,0
16070,07313,0,0,0
16070,07314,0,0,0
16070,07315,0,0,0
16070,07316,0,0,0
16070,07317,0,0,0
16070,07318,0,0,0
16070,07319,0,0,0
16070,07320,0,0,0
16070,07331,0,0,0
16070,07332,0,0,0
16070,07333,0,0,0
16070,07334,0,0,0
16070,07335,0,0,0
16070,07336,0,0,0
16070,07337,0,0,0
16070,07338,0,0,0
16070,07339,11,0,11
16070,07340,0,0,0
16070,08111,61,13,48
16070,08115,16,0,16
16070,08116,24,0,24
16070,08117,0,0,0
16070,08118,31,0,31
16070,08119,0,0,0
16070,08121,0,0,0
16070,08125,20,0,20
16070,08126,11,0,11
16070,08127,0,0,0
16070,08128,0,0,0
16070,08135,0,0,0
16070,08136,13,0,13
16070,08211,0,0,0
16070,08212,12,0,12
16070,08215,26,12,14
16070,08216,0,0,0
16070,08221,0,0,0
16070,08222,0,0,0
16070,08225,0,0,0
16070,08226,27,0,27
16070,08231,0,0,0
16070,08235,0,0,0
16070,08236,0,0,0
16070,08237,0,0,0
16070,08311,13,0,13
16070,08315,0,0,0
16070,08316,0,0,0
16070,08317,36,0,36
16070,08325,0,0,0
16070,08326,22,0,22
16070,08327,0,0,0
16070,08335,64,0,64
16070,08336,0,0,0
16070,08337,0,0,0
16070,08415,0,0,0
16070,08416,0,0,0
16070,08417,0,0,0
16070,08421,0,0,0
16070,08425,0,0,0
16070,08426,10,0,10
16070,08435,0,0,0
16070,08436,0,0,0
16070,08437,0,0,0
16070,09161,21,0,21
16070,09162,129,15,114
16070,09163,0,0,0
16070,09171,0,0,0
16070,09172,0,0,0
16070,09173,0,0,0
16070,09174,0,0,0
16070,09175,0,0,0
16070,09176,10,0,10
16070,09177,0,0,0
16070,09178,15,0,15
16070,09179,0,0,0
16070,09180,0,0,0
16070,09181,0,0,0
16070,09182,10,0,10
16070,09183,0,0,0
16070,09184,45,0,45
16070,09185,0,0,0
16070,09186,0,0,0
16070,09187,0,0,0
16070,09188,0,0,0
16070,09189,0,0,0
16070,09190,0,0,0
16070,09261,0,0,0
16070,09262,0,0,0
16070,09263,0,0,0
16070,09271,14,0,14
16070,09272,0,0,0
16070,09273,0,0,0
16070,09274,0,0,0
16070,09275,0,0,0
16070,09276,0,0,0
16070,09277,0,0,0
16070,09278,0,0,0
16070,09279,0,0,0
16070,09361,0,0,0
16070,09362,11,0,11
16070,09363,0,0,0
16070,09371,0,0,0
16070,09372,0,0,0
16070,09373,14,0,14
16070,09374,0,0,0
16070,09375,0,0,0
16070,09376,0,0,0
16070,09377,0,0,0
16070,09461,25,10,15
16070,09462,0,0,0
16070,09463,70,10,60
16070,09464,0,0,0
16070,09471,28,10,18
16070,09472,0,0,0
16070,09473,57,17,40
16070,09474,0,0,0
16070,09475,0,0,0
16070,09476,35,11,24
16070,09477,0,0,0
16070,09478,11,0,11
16070,09479,0,0,0
16070,09561,0,0,0
16070,09562,23,0,23
16070,09563,0,0,0
16070,09564,93,12,81
16070,09565,0,0,0
16070,09571,0,0,0
16070,09572,10,0,10
16070,09573,0,0,0
16070,09574,0,0,0
16070,09575,0,0,0
16070,09576,0,0,0
16070,09577,0,0,0
16070,09661,0,0,0
16070,09662,11,0,11
16070,09663,14,0,14
16070,09671,12,0,12
16070,09672,22,0,22
16070,09673,39,10,29
16070,09674,0,0,0
16070,09675,0,0,0
16070,09676,0,0,0
16070,09677,28,11,17
16070,09678,13,0,13
16070,09679,12,0,12
16070,09761,0,0,0
16070,09762,0,0,0
16070,09763,0,0,0
16070,09764,0,0,0
16070,09771,0,0,0
16070,09772,0,0,0
16070,09773,0,0,0
16070,09774,0,0,0
16070,09775,0,0,0
16070,09776,0,0,0
16070,09777,0,0,0
16070,09778,0,0,0
16070,09779,0,0,0
16070,09780,0,0,0
16070,10041,12,0,12
16070,10042,0,0,0
16070,10043,0,0,0
16070,10044,0,0,0
16070,10045,0,0,0
16070,10046,0,0,0
16070,11000,239,61,178
16070,12051,0,0,0
16070,12052,0,0,0
16070,12053,0,0,0
16070,12054,12,0,12
16070,12060,0,0,0
16070,12061,0,0,0
16070,12062,0,0,0
16070,12063,0,0,0
16070,12064,15,15,0
16070,12065,10,10,0
16070,12066,0,0,0
16070,12067,0,0,0
16070,12068,0,0,0
16070,12069,0,0,0
16070,12070,0,0,0
16070,12071,0,0,0
16070,12072,25,12,13
16070,12073,0,0,0
16070,13003,0,0,0
16070,13004,0,0,0
16070,13071,0,0,0
16070,13072,10,0,10
16070,13073,0,0,0
16070,13074,0,0,0
16070,13075,0,0,0
16070,13076,0,0,0
16070,14511,40,10,30
16070,14521,22,22,0
16070,14522,29,19,10
16070,14523,18,0,18
16070,14524,39,13,26
16070,14612,195,45,150
16070,14625,14,0,14
16070,14626,0,0,0
16070,14627,31,12,19
16070,14628,0,0,0
16070,14713,225,91,134
16070,14729,55,19,36
16070,14730,35,19,16
16070,15001,0,0,0
16070,15002,56,22,34
16070,15003,22,10,12
16070,15081,0,0,0
16070,15082,11,11,0
16070,15083,0,0,0
16070,15084,58,33,25
16070,15085,32,14,18
16070,15086,0,0,0
16070,15087,17,17,0
16070,15088,39,17,22
16070,15089,0,0,0
16070,15090,0,0,0
16070,15091,0,0,0
16070,16051,8271,3081,5190
16070,16052,77,26,51
16070,16053,394,135,259
16070,16054,1459,500,959
16070,16055,488,238,250
16070,16056,165,65,100
16070,16061,69,35,34
16070,16062,98,30,68
16070,16063,237,143,94
16070,16064,263,142,121
16070,16065,90,74,16
16070,16066,1077,413,664
16070,16067,3637,1901,1736
16070,16068,517,349,168
16070,16069,646,247,399
16070,16070,0,0,0
16070,16071,942,523,419
16070,16072,342,157,185
16070,16073,1950,1066,884
16070,16074,123,79,44
16070,16075,69,31,38
16070,16076,53,29,24
16070,16077,20,10,10
16071,01001,0,0,0
16071,01002,0,0,0
16071,01003,0,0,0
16071,01004,0,0,0
16071,01051,0,0,0
16071,01053,0,0,0
16071,01054,0,0,0
16071,01055,0,0,0
16071,01056,0,0,0
16071,01057,0,0,0
16071,01058,0,0,0
16071,01059,0,0,0
16071,01060,0,0,0
16071,01061,0,0,0
16071,01062,0,0,0
16071,02000,33,0,33
16071,03101,0,0,0
16071,03102,0,0,0
16071,03103,0,0,0
16071,03151,0,0,0
16071,03153,0,0,0
16071,03154,0,0,0
16071,03155,0,0,0
16071,03157,0,0,0
16071,03158,0,0,0
16071,03159,0,0,0
16071,03241,34,0,34
16071,03251,0,0,0
16071,03252,0,0,0
16071,03254,0,0,0
16071,03255,0,0,0
16071,03256,0,0,0
16071,03257,0,0,0
16071,03351,0,0,0
16071,03352,0,0,0
16071,03353,0,0,0
16071,03354,0,0,0
16071,03355,0,0,0
16071,03356,0,0,0
16071,03357,0,0,0
16071,03358,0,0,0
16071,03359,0,0,0
16071,03360,0,0,0
16071,03361,0,0,0
16071,03401,0,0,0
16071,03402,0,0,0
16071,03403,0,0,0
16071,03404,0,0,0
16071,03405,0,0,0
16071,03451,0,0,0
16071,03452,0,0,0
16071,03453,0,0,0
16071,03454,25,0,25
16071,03455,0,0,0
16071,03456,0,0,0
16071,03457,0,0,0
16071,03458,0,0,0
16071,03459,0,0,0
16071,03460,0,0,0
16071,03461,0,0,0
16071,03462,0,0,0
16071,04011,0,0,0
16071,04012,0,0,0
16071,05111,17,0,17
16071,05112,0,0,0
16071,05113,13,0,13
16071,05114,0,0,0
16071,05116,0,0,0
16071,05117,0,0,0
16071,05119,0,0,0
16071,05120,0,0,0
16071,05122,0,0,0
16071,05124,0,0,0
16071,05154,0,0,0
16071,05158,12,0,12
16071,05162,0,0,0
16071,05166,0,0,0
16071,05170,0,0,0
16071,05314,0,0,0
16071,05315,34,0,34
16071,05316,0,0,0
16071,05334,0,0,0
16071,05358,0,0,0
16071,05362,10,0,10
16071,05366,0,0,0
16071,05370,0,0,0
16071,05374,0,0,0
16071,05378,0,0,0
16071,05382,0,0,0
16071,05512,0,0,0
16071,05513,0,0,0
16071,05515,0,0,0
16071,05554,0,0,0
16071,05558,0,0,0
16071,05562,0,0,0
16071,05566,0,0,0
16071,05570,0,0,0
16071,05711,0,0,0
16071,05754,16,0,16
16071,05758,0,0,0
16071,05762,0,0,0
16071,05766,0,0,0
16071,05770,0,0,0
16071,05774,0,0,0
16071,05911,0,0,0
16071,05913,11,0,11
16071,05914,0,0,0
16071,05915,0,0,0
16071,05916,0,0,0
16071,05954,0,0,0
16071,05958,0,0,0
16071,05962,0,0,0
16071,05966,0,0,0
16071,05970,0,0,0
16071,05974,0,0,0
16071,05978,19,0,19
16071,06411,0,0,0
16071,06412,94,0,94
16071,06413,0,0,0
16071,06414,12,0,12
16071,06431,0,0,0
16071,06432,13,0,13
16071,06433,14,0,14
16071,06434,16,0,16
16071,06435,21,0,21
16071,06436,14,0,14
16071,06437,0,0,0
16071,06438,34,0,34
16071,06439,0,0,0
16071,06440,10,0,10
16071,06531,0,0,0
16071,06532,0,0,0
16071,06533,0,0,0
16071,06534,0,0,0
16071,06535,0,0,0
16071,06611,28,11,17
16071,06631,23,0,23
16071,06632,30,0,30
16071,06633,0,0,0
16071,06634,0,0,0
16071,06635,0,0,0
16071,06636,0,0,0
16071,07111,0,0,0
16071,07131,0,0,0
16071,07132,0,0,0
16071,07133,0,0,0
16071,07134,0,0,0
16071,07135,0,0,0
16071,07137,0,0,0
16071,07138,0,0,0
16071,07140,0,0,0
16071,07141,0,0,0
16071,07143,0,0,0
16071,07211,0,0,0
16071,07231,0,0,0
16071,07232,11,11,0
16071,07233,0,0,0
16071,07235,0,0,0
16071,07311,0,0,0
16071,07312,0,0,0
16071,07313,0,0,0
16071,07314,0,0,0
16071,07315,0,0,0
16071,07316,0,0,0
16071,07317,0,0,0
16071,07318,0,0,0
16071,07319,0,0,0
16071,07320,0,0,0
16071,07331,0,0,0
16071,07332,0,0,0
16071,07333,0,0,0
16071,07334,0,0,0
16071,07335,0,0,0
16071,07336,0,0,0
16071,07337,0,0,0
16071,07338,0,0,0
16071,07339,0,0,0
16071,07340,0,0,0
16071,08111,23,0,23
16071,08115,14,0,14
16071,08116,12,0,12
16071,08117,0,0,0
16071,08118,14,0,14
16071,08119,0,0,0
16071,08121,0,0,0
16071,08125,0,0,0
16071,08126,0,0,0
16071,08127,0,0,0
16071,08128,0,0,0
16071,08135,0,0,0
16071,08136,10,0,10
16071,08211,0,0,0
16071,08212,12,0,12
16071,08215,0,0,0
16071,08216,0,0,0
16071,08221,0,0,0
16071,08222,14,0,14
16071,08225,0,0,0
16071,08226,0,0,0
16071,08231,0,0,0
16071,08235,0,0,0
16071,08236,0,0,0
16071,08237,0,0,0
16071,08311,10,0,10
16071,08315,0,0,0
16071,08316,0,0,0
16071,08317,11,0,11
16071,08325,0,0,0
16071,08326,0,0,0
16071,08327,0,0,0
16071,08335,0,0,0
16071,08336,0,0,0
16071,08337,0,0,0
16071,08415,0,0,0
16071,08416,0,0,0
16071,08417,0,0,0
16071,08421,0,0,0
16071,08425,0,0,0
16071,08426,0,0,0
16071,08435,0,0,0
16071,08436,0,0,0
16071,08437,0,0,0
16071,09161,11,0,11
16071,09162,98,27,71
16071,09163,0,0,0
16071,09171,0,0,0
16071,09172,0,0,0
16071,09173,0,0,0
16071,09174,0,0,0
16071,09175,0,0,0
16071,09176,0,0,0
16071,09177,0,0,0
16071,09178,0,0,0
16071,09179,0,0,0
16071,09180,0,0,0
16071,09181,0,0,0
16071,09182,0,0,0
16071,09183,0,0,0
16071,09184,58,17,41
16071,09185,0,0,0
16071,09186,0,0,0
16071,09187,0,0,0
16071,09188,0,0,0
16071,09189,0,0,0
16071,09190,0,0,0
16071,09261,0,0,0
16071,09262,0,0,0
16071,09263,0,0,0
16071,09271,0,0,0
16071,09272,0,0,0
16071,09273,0,0,0
16071,09274,0,0,0
16071,09275,0,0,0
16071,09276,0,0,0
16071,09277,0,0,0
16071,09278,0,0,0
16071,09279,0,0,0
16071,09361,0,0,0
16071,09362,0,0,0
16071,09363,0,0,0
16071,09371,0,0,0
16071,09372,0,0,0
16071,09373,0,0,0
16071,09374,0,0,0
16071,09375,0,0,0
16071,09376,0,0,0
16071,09377,0,0,0
16071,09461,0,0,0
16071,09462,10,0,10
16071,09463,0,0,0
16071,09464,0,0,0
16071,09471,10,0,10
16071,09472,0,0,0
16071,09473,0,0,0
16071,09474,0,0,0
16071,09475,0,0,0
16071,09476,0,0,0
16071,09477,0,0,0
16071,09478,0,0,0
16071,09479,0,0,0
16071,09561,0,0,0
16071,09562,0,0,0
16071,09563,0,0,0
16071,09564,32,0,32
16071,09565,0,0,0
16071,09571,0,0,0
16071,09572,0,0,0
16071,09573,0,0,0
16071,09574,0,0,0
16071,09575,0,0,0
16071,09576,0,0,0
16071,09577,0,0,0
16071,09661,0,0,0
16071,09662,0,0,0
16071,09663,0,0,0
16071,09671,0,0,0
16071,09672,0,0,0
16071,09673,0,0,0
16071,09674,0,0,0
16071,09675,0,0,0
16071,09676,0,0,0
16071,09677,0,0,0
16071,09678,0,0,0
16071,09679,0,0,0
16071,09761,0,0,0
16071,09762,0,0,0
16071,09763,0,0,0
16071,09764,0,0,0
16071,09771,0,0,0
16071,09772,0,0,0
16071,09773,0,0,0
16071,09774,0,0,0
16071,09775,0,0,0
16071,09776,0,0,0
16071,09777,0,0,0
16071,09778,0,0,0
16071,09779,0,0,0
16071,09780,0,0,0
16071,10041,0,0,0
16071,10042,0,0,0
16071,10043,0,0,0
16071,10044,0,0,0
16071,10045,0,0,0
16071,10046,0,0,0
16071,11000,194,43,151
16071,12051,0,0,0
16071,12052,0,0,0
16071,12053,0,0,0
16071,12054,0,0,0
16071,12060,0,0,0
16071,12061,0,0,0
16071,12062,0,0,0
16071,12063,0,0,0
16071,12064,0,0,0
16071,12065,0,0,0
16071,12066,0,0,0
16071,12067,0,0,0
16071,12068,0,0,0
16071,12069,26,13,13
16071,12070,0,0,0
16071,12071,0,0,0
16071,12072,0,0,0
16071,12073,0,0,0
16071,13003,0,0,0
16071,13004,0,0,0
16071,13071,0,0,0
16071,13072,0,0,0
16071,13073,0,0,0
16071,13074,0,0,0
16071,13075,0,0,0
16071,13076,0,0,0
16071,14511,43,12,31
16071,14521,10,0,10
16071,14522,13,0,13
16071,14523,32,18,14
16071,14524,43,15,28
16071,14612,140,23,117
16071,14625,19,19,0
16071,14626,0,0,0
16071,14627,25,12,13
16071,14628,57,57,0
16071,14713,197,28,169
16071,14729,32,0,32
16071,14730,28,11,17
16071,15001,0,0,0
16071,15002,75,13,62
16071,15003,39,0,39
16071,15081,0,0,0
16071,15082,0,0,0
16071,15083,0,0,0
16071,15084,1315,1001,314
16071,15085,0,0,0
16071,15086,0,0,0
16071,15087,50,32,18
16071,15088,78,27,51
16071,15089,0,0,0
16071,15090,0,0,0
16071,15091,11,0,11
16071,16051,5886,1548,4338
16071,16052,145,68,77
16071,16053,4420,974,3446
16071,16054,35,15,20
16071,16055,8608,3317,5291
16071,16056,110,27,83
16071,16061,52,21,31
16071,16062,38,12,26
16071,16063,93,33,60
16071,16064,121,50,71
16071,16065,183,137,46
16071,16066,74,28,46
16071,16067,442,160,282
16071,16068,1554,847,707
16071,16069,81,18,63
16071,16070,942,419,523
16071,16071,0,0,0
16071,16072,0,0,0
16071,16073,595,366,229
16071,16074,1359,705,654
16071,16075,124,69,55
16071,16076,83,50,33
16071,16077,23,12,11
16072,01001,0,0,0
16072,01002,0,0,0
16072,01003,0,0,0
16072,01004,0,0,0
16072,01051,0,0,0
16072,01053,0,0,0
16072,01054,0,0,0
16072,01055,0,0,0
16072,01056,0,0,0
16072,01057,0,0,0
16072,01058,0,0,0
16072,01059,0,0,0
16072,01060,0,0,0
16072,01061,0,0,0
16072,01062,0,0,0
16072,02000,11,0,11
16072,03101,0,0,0
16072,03102,0,0,0
16072,03103,0,0,0
16072,03151,0,0,0
16072,03153,0,0,0
16072,03154,0,0,0
16072,03155,0,0,0
16072,03157,0,0,0
16072,03158,0,0,0
16072,03159,0,0,0
16072,03241,0,0,0
16072,03251,0,0,0
16072,03252,0,0,0
16072,03254,0,0,0
16072,03255,0,0,0
16072,03256,0,0,0
16072,03257,0,0,0
16072,03351,0,0,0
16072,03352,0,0,0
16072,03353,0,0,0
16072,03354,0,0,0
16072,03355,0,0,0
16072,03356,0,0,0
16072,03357,0,0,0
16072,03358,0,0,0
16072,03359,0,0,0
16072,03360,0,0,0
16072,03361,0,0,0
16072,03401,0,0,0
16072,03402,0,0,0
16072,03403,0,0,0
16072,03404,0,0,0
16072,03405,0,0,0
16072,03451,0,0,0
16072,03452,0,0,0
16072,03453,0,0,0
16072,03454,0,0,0
16072,03455,0,0,0
16072,03456,0,0,0
16072,03457,0,0,0
16072,03458,0,0,0
16072,03459,0,0,0
16072,03460,0,0,0
16072,03461,0,0,0
16072,03462,0,0,0
16072,04011,0,0,0
16072,04012,0,0,0
16072,05111,0,0,0
16072,05112,0,0,0
16072,05113,0,0,0
16072,05114,0,0,0
16072,05116,0,0,0
16072,05117,0,0,0
16072,05119,0,0,0
16072,05120,0,0,0
16072,05122,0,0,0
16072,05124,0,0,0
16072,05154,0,0,0
16072,05158,0,0,0
16072,05162,0,0,0
16072,05166,0,0,0
16072,05170,0,0,0
16072,05314,0,0,0
16072,05315,0,0,0
16072,05316,0,0,0
16072,05334,0,0,0
16072,05358,0,0,0
16072,05362,0,0,0
16072,05366,0,0,0
16072,05370,0,0,0
16072,05374,0,0,0
16072,05378,0,0,0
16072,05382,0,0,0
16072,05512,0,0,0
16072,05513,0,0,0
16072,05515,0,0,0
16072,05554,0,0,0
16072,05558,0,0,0
16072,05562,0,0,0
16072,05566,0,0,0
16072,05570,0,0,0
16072,05711,0,0,0
16072,05754,0,0,0
16072,05758,0,0,0
16072,05762,0,0,0
16072,05766,0,0,0
16072,05770,0,0,0
16072,05774,0,0,0
16072,05911,0,0,0
16072,05913,0,0,0
16072,05914,0,0,0
16072,05915,0,0,0
16072,05916,0,0,0
16072,05954,0,0,0
16072,05958,0,0,0
16072,05962,0,0,0
16072,05966,0,0,0
16072,05970,0,0,0
16072,05974,0,0,0
16072,05978,0,0,0
16072,06411,0,0,0
16072,06412,16,0,16
16072,06413,0,0,0
16072,06414,0,0,0
16072,06431,0,0,0
16072,06432,0,0,0
16072,06433,0,0,0
16072,06434,0,0,0
16072,06435,0,0,0
16072,06436,0,0,0
16072,06437,0,0,0
16072,06438,0,0,0
16072,06439,0,0,0
16072,06440,0,0,0
16072,06531,0,0,0
16072,06532,0,0,0
16072,06533,0,0,0
16072,06534,0,0,0
16072,06535,0,0,0
16072,06611,0,0,0
16072,06631,0,0,0
16072,06632,0,0,0
16072,06633,0,0,0
16072,06634,0,0,0
16072,06635,0,0,0
16072,06636,0,0,0
16072,07111,0,0,0
16072,07131,0,0,0
16072,07132,0,0,0
16072,07133,0,0,0
16072,07134,0,0,0
16072,07135,0,0,0
16072,07137,0,0,0
16072,07138,10,0,10
16072,07140,0,0,0
16072,07141,0,0,0
16072,07143,0,0,0
16072,07211,0,0,0
16072,07231,0,0,0
16072,07232,0,0,0
16072,07233,0,0,0
16072,07235,0,0,0
16072,07311,0,0,0
16072,07312,0,0,0
16072,07313,0,0,0
16072,07314,0,0,0
16072,07315,0,0,0
16072,07316,0,0,0
16072,07317,0,0,0
16072,07318,0,0,0
16072,07319,0,0,0
16072,07320,0,0,0
16072,07331,0,0,0
16072,07332,0,0,0
16072,07333,0,0,0
16072,07334,0,0,0
16072,07335,0,0,0
16072,07336,0,0,0
16072,07337,0,0,0
16072,07338,0,0,0
16072,07339,0,0,0
16072,07340,0,0,0
16072,08111,13,0,13
16072,08115,0,0,0
16072,08116,10,0,10
16072,08117,0,0,0
16072,08118,0,0,0
16072,08119,0,0,0
16072,08121,0,0,0
16072,08125,0,0,0
16072,08126,0,0,0
16072,08127,0,0,0
16072,08128,0,0,0
16072,08135,0,0,0
16072,08136,0,0,0
16072,08211,0,0,0
16072,08212,0,0,0
16072,08215,0,0,0
16072,08216,0,0,0
16072,08221,0,0,0
16072,08222,0,0,0
16072,08225,0,0,0
16072,08226,13,13,0
16072,08231,0,0,0
16072,08235,0,0,0
16072,08236,0,0,0
16072,08237,0,0,0
16072,08311,0,0,0
16072,08315,0,0,0
16072,08316,0,0,0
16072,08317,0,0,0
16072,08325,0,0,0
16072,08326,0,0,0
16072,08327,0,0,0
16072,08335,0,0,0
16072,08336,0,0,0
16072,08337,0,0,0
16072,08415,0,0,0
16072,08416,0,0,0
16072,08417,0,0,0
16072,08421,0,0,0
16072,08425,0,0,0
16072,08426,0,0,0
16072,08435,0,0,0
16072,08436,0,0,0
16072,08437,0,0,0
16072,09161,23,0,23
16072,09162,44,0,44
16072,09163,0,0,0
16072,09171,0,0,0
16072,09172,0,0,0
16072,09173,10,0,10
16072,09174,0,0,0
16072,09175,0,0,0
16072,09176,0,0,0
16072,09177,0,0,0
16072,09178,0,0,0
16072,09179,0,0,0
16072,09180,0,0,0
16072,09181,0,0,0
16072,09182,0,0,0
16072,09183,0,0,0
16072,09184,10,0,10
16072,09185,0,0,0
16072,09186,0,0,0
16072,09187,0,0,0
16072,09188,0,0,0
16072,09189,0,0,0
16072,09190,0,0,0
16072,09261,0,0,0
16072,09262,0,0,0
16072,09263,0,0,0
16072,09271,0,0,0
16072,09272,0,0,0
16072,09273,0,0,0
16072,09274,0,0,0
16072,09275,0,0,0
16072,09276,0,0,0
16072,09277,0,0,0
16072,09278,0,0,0
16072,09279,0,0,0
16072,09361,0,0,0
16072,09362,0,0,0
16072,09363,0,0,0
16072,09371,0,0,0
16072,09372,0,0,0
16072,09373,0,0,0
16072,09374,0,0,0
16072,09375,0,0,0
16072,09376,11,0,11
16072,09377,0,0,0
16072,09461,66,16,50
16072,09462,135,14,121
16072,09463,1954,281,1673
16072,09464,48,48,0
16072,09471,78,27,51
16072,09472,28,15,13
16072,09473,3885,1231,2654
16072,09474,14,14,0
16072,09475,65,37,28
16072,09476,2864,1296,1568
16072,09477,158,97,61
16072,09478,702,165,537
16072,09479,0,0,0
16072,09561,0,0,0
16072,09562,15,0,15
16072,09563,0,0,0
16072,09564,90,15,75
16072,09565,0,0,0
16072,09571,0,0,0
16072,09572,0,0,0
16072,09573,0,0,0
16072,09574,0,0,0
16072,09575,0,0,0
16072,09576,0,0,0
16072,09577,0,0,0
16072,09661,0,0,0
16072,09662,27,0,27
16072,09663,15,0,15
16072,09671,0,0,0
16072,09672,0,0,0
16072,09673,25,0,25
16072,09674,49,16,33
16072,09675,0,0,0
16072,09676,0,0,0
16072,09677,0,0,0
16072,09678,0,0,0
16072,09679,0,0,0
16072,09761,0,0,0
16072,09762,0,0,0
16072,09763,0,0,0
16072,09764,0,0,0
16072,09771,0,0,0
16072,09772,0,0,0
16072,09773,0,0,0
16072,09774,0,0,0
16072,09775,0,0,0
16072,09776,0,0,0
16072,09777,0,0,0
16072,09778,0,0,0
16072,09779,0,0,0
16072,09780,0,0,0
16072,10041,0,0,0
16072,10042,0,0,0
16072,10043,0,0,0
16072,10044,0,0,0
16072,10045,0,0,0
16072,10046,0,0,0
16072,11000,45,15,30
16072,12051,0,0,0
16072,12052,0,0,0
16072,12053,0,0,0
16072,12054,0,0,0
16072,12060,0,0,0
16072,12061,12,12,0
16072,12062,23,23,0
16072,12063,0,0,0
16072,12064,0,0,0
16072,12065,0,0,0
16072,12066,0,0,0
16072,12067,0,0,0
16072,12068,0,0,0
16072,12069,0,0,0
16072,12070,0,0,0
16072,12071,0,0,0
16072,12072,0,0,0
16072,12073,0,0,0
16072,13003,0,0,0
16072,13004,0,0,0
16072,13071,0,0,0
16072,13072,0,0,0
16072,13073,0,0,0
16072,13074,0,0,0
16072,13075,0,0,0
16072,13076,0,0,0
16072,14511,0,0,0
16072,14521,0,0,0
16072,14522,0,0,0
16072,14523,34,12,22
16072,14524,0,0,0
16072,14612,17,0,17
16072,14625,0,0,0
16072,14626,0,0,0
16072,14627,0,0,0
16072,14628,0,0,0
16072,14713,30,13,17
16072,14729,12,12,0
16072,14730,31,31,0
16072,15001,0,0,0
16072,15002,0,0,0
16072,15003,0,0,0
16072,15081,0,0,0
16072,15082,0,0,0
16072,15083,0,0,0
16072,15084,0,0,0
16072,15085,0,0,0
16072,15086,0,0,0
16072,15087,0,0,0
16072,15088,0,0,0
16072,15089,0,0,0
16072,15090,0,0,0
16072,15091,0,0,0
16072,16051,382,32,350
16072,16052,0,0,0
16072,16053,38,0,38
16072,16054,215,54,161
16072,16055,17,0,17
16072,16056,0,0,0
16072,16061,0,0,0
16072,16062,0,0,0
16072,16063,0,0,0
16072,16064,0,0,0
16072,16065,0,0,0
16072,16066,255,75,180
16072,16067,46,23,23
16072,16068,0,0,0
16072,16069,1417,950,467
16072,16070,342,185,157
16072,16071,0,0,0
16072,16072,0,0,0
16072,16073,1818,1381,437
16072,16074,0,0,0
16072,16075,71,58,13
16072,16076,10,10,0
16072,16077,0,0,0
16073,01001,0,0,0
16073,01002,0,0,0
16073,01003,0,0,0
16073,01004,0,0,0
16073,01051,0,0,0
16073,01053,0,0,0
16073,01054,0,0,0
16073,01055,0,0,0
16073,01056,0,0,0
16073,01057,0,0,0
16073,01058,0,0,0
16073,01059,0,0,0
16073,01060,0,0,0
16073,01061,0,0,0
16073,01062,0,0,0
16073,02000,27,0,27
16073,03101,0,0,0
16073,03102,0,0,0
16073,03103,11,0,11
16073,03151,0,0,0
16073,03153,0,0,0
16073,03154,0,0,0
16073,03155,0,0,0
16073,03157,0,0,0
16073,03158,0,0,0
16073,03159,0,0,0
16073,03241,34,0,34
16073,03251,0,0,0
16073,03252,0,0,0
16073,03254,0,0,0
16073,03255,0,0,0
16073,03256,0,0,0
16073,03257,0,0,0
16073,03351,0,0,0
16073,03352,0,0,0
16073,03353,0,0,0
16073,03354,0,0,0
16073,03355,0,0,0
16073,03356,0,0,0
16073,03357,0,0,0
16073,03358,0,0,0
16073,03359,0,0,0
16073,03360,0,0,0
16073,03361,0,0,0
16073,03401,0,0,0
16073,03402,0,0,0
16073,03403,0,0,0
16073,03404,0,0,0
16073,03405,0,0,0
16073,03451,0,0,0
16073,03452,0,0,0
16073,03453,0,0,0
16073,03454,0,0,0
16073,03455,0,0,0
16073,03456,0,0,0
16073,03457,0,0,0
16073,03458,0,0,0
16073,03459,0,0,0
16073,03460,0,0,0
16073,03461,0,0,0
16073,03462,0,0,0
16073,04011,0,0,0
16073,04012,0,0,0
16073,05111,17,0,17
16073,05112,0,0,0
16073,05113,0,0,0
16073,05114,0,0,0
16073,05116,0,0,0
16073,05117,0,0,0
16073,05119,0,0,0
16073,05120,0,0,0
16073,05122,0,0,0
16073,05124,0,0,0
16073,05154,0,0,0
16073,05158,11,0,11
16073,05162,0,0,0
16073,05166,0,0,0
16073,05170,0,0,0
16073,05314,0,0,0
16073,05315,36,0,36
16073,05316,0,0,0
16073,05334,0,0,0
16073,05358,0,0,0
16073,05362,0,0,0
16073,05366,0,0,0
16073,05370,0,0,0
16073,05374,0,0,0
16073,05378,0,0,0
16073,05382,0,0,0
16073,05512,0,0,0
16073,05513,0,0,0
16073,05515,0,0,0
16073,05554,0,0,0
16073,05558,0,0,0
16073,05562,0,0,0
16073,05566,0,0,0
16073,05570,0,0,0
16073,05711,0,0,0
16073,05754,0,0,0
16073,05758,0,0,0
16073,05762,0,0,0
16073,05766,0,0,0
16073,05770,0,0,0
16073,05774,0,0,0
16073,05911,0,0,0
16073,05913,0,0,0
16073,05914,0,0,0
16073,05915,0,0,0
16073,05916,0,0,0
16073,05954,0,0,0
16073,05958,0,0,0
16073,05962,0,0,0
16073,05966,0,0,0
16073,05970,0,0,0
16073,05974,0,0,0
16073,05978,0,0,0
16073,06411,11,0,11
16073,06412,53,0,53
16073,06413,0,0,0
16073,06414,21,0,21
16073,06431,0,0,0
16073,06432,0,0,0
16073,06433,10,0,10
16073,06434,12,0,12
16073,06435,12,0,12
16073,06436,0,0,0
16073,06437,0,0,0
16073,06438,20,0,20
16073,06439,0,0,0
16073,06440,0,0,0
16073,06531,0,0,0
16073,06532,0,0,0
16073,06533,0,0,0
16073,06534,0,0,0
16073,06535,0,0,0
16073,06611,13,0,13
16073,06631,20,0,20
16073,06632,20,0,20
16073,06633,0,0,0
16073,06634,0,0,0
16073,06635,0,0,0
16073,06636,0,0,0
16073,07111,0,0,0
16073,07131,0,0,0
16073,07132,0,0,0
16073,07133,0,0,0
16073,07134,0,0,0
16073,07135,0,0,0
16073,07137,0,0,0
16073,07138,24,0,24
16073,07140,0,0,0
16073,07141,0,0,0
16073,07143,0,0,0
16073,07211,0,0,0
16073,07231,0,0,0
16073,07232,0,0,0
16073,07233,0,0,0
16073,07235,0,0,0
16073,07311,0,0,0
16073,07312,0,0,0
16073,07313,0,0,0
16073,07314,0,0,0
16073,07315,0,0,0
16073,07316,0,0,0
16073,07317,0,0,0
16073,07318,0,0,0
16073,07319,0,0,0
16073,07320,0,0,0
16073,07331,0,0,0
16073,07332,0,0,0
16073,07333,0,0,0
16073,07334,0,0,0
16073,07335,0,0,0
16073,07336,0,0,0
16073,07337,0,0,0
16073,07338,0,0,0
16073,07339,0,0,0
16073,07340,0,0,0
16073,08111,32,0,32
16073,08115,0,0,0
16073,08116,24,0,24
16073,08117,0,0,0
16073,08118,13,0,13
16073,08119,10,0,10
16073,08121,0,0,0
16073,08125,13,0,13
16073,08126,0,0,0
16073,08127,0,0,0
16073,08128,0,0,0
16073,08135,0,0,0
16073,08136,10,0,10
16073,08211,0,0,0
16073,08212,0,0,0
16073,08215,15,0,15
16073,08216,0,0,0
16073,08221,0,0,0
16073,08222,0,0,0
16073,08225,0,0,0
16073,08226,0,0,0
16073,08231,0,0,0
16073,08235,0,0,0
16073,08236,0,0,0
16073,08237,0,0,0
16073,08311,0,0,0
16073,08315,0,0,0
16073,08316,0,0,0
16073,08317,16,0,16
16073,08325,0,0,0
16073,08326,0,0,0
16073,08327,0,0,0
16073,08335,11,0,11
16073,08336,0,0,0
16073,08337,0,0,0
16073,08415,0,0,0
16073,08416,0,0,0
16073,08417,0,0,0
16073,08421,0,0,0
16073,08425,0,0,0
16073,08426,0,0,0
16073,08435,0,0,0
16073,08436,23,0,23
16073,08437,0,0,0
16073,09161,13,0,13
16073,09162,103,0,103
16073,09163,0,0,0
16073,09171,0,0,0
16073,09172,0,0,0
16073,09173,0,0,0
16073,09174,0,0,0
16073,09175,12,0,12
16073,09176,0,0,0
16073,09177,0,0,0
16073,09178,11,0,11
16073,09179,0,0,0
16073,09180,0,0,0
16073,09181,0,0,0
16073,09182,0,0,0
16073,09183,0,0,0
16073,09184,39,0,39
16073,09185,19,0,19
16073,09186,11,0,11
16073,09187,15,0,15
16073,09188,0,0,0
16073,09189,0,0,0
16073,09190,0,0,0
16073,09261,0,0,0
16073,09262,0,0,0
16073,09263,0,0,0
16073,09271,0,0,0
16073,09272,0,0,0
16073,09273,0,0,0
16073,09274,0,0,0
16073,09275,0,0,0
16073,09276,0,0,0
16073,09277,0,0,0
16073,09278,0,0,0
16073,09279,0,0,0
16073,09361,0,0,0
16073,09362,13,0,13
16073,09363,0,0,0
16073,09371,0,0,0
16073,09372,0,0,0
16073,09373,12,0,12
16073,09374,0,0,0
16073,09375,0,0,0
16073,09376,0,0,0
16073,09377,0,0,0
16073,09461,17,0,17
16073,09462,27,0,27
16073,09463,49,0,49
16073,09464,17,0,17
16073,09471,23,0,23
16073,09472,13,0,13
16073,09473,56,0,56
16073,09474,10,0,10
16073,09475,61,10,51
16073,09476,1009,83,926
16073,09477,23,0,23
16073,09478,38,0,38
16073,09479,0,0,0
16073,09561,0,0,0
16073,09562,19,0,19
16073,09563,0,0,0
16073,09564,81,0,81
16073,09565,0,0,0
16073,09571,0,0,0
16073,09572,0,0,0
16073,09573,11,0,11
16073,09574,13,0,13
16073,09575,0,0,0
16073,09576,17,0,17
16073,09577,0,0,0
16073,09661,10,0,10
16073,09662,0,0,0
16073,09663,11,0,11
16073,09671,0,0,0
16073,09672,10,0,10
16073,09673,0,0,0
16073,09674,12,0,12
16073,09675,0,0,0
16073,09676,0,0,0
16073,09677,0,0,0
16073,09678,0,0,0
16073,09679,10,0,10
16073,09761,0,0,0
16073,09762,0,0,0
16073,09763,0,0,0
16073,09764,0,0,0
16073,09771,0,0,0
16073,09772,0,0,0
16073,09773,0,0,0
16073,09774,0,0,0
16073,09775,17,0,17
16073,09776,11,0,11
16073,09777,0,0,0
16073,09778,0,0,0
16073,09779,0,0,0
16073,09780,0,0,0
16073,10041,0,0,0
16073,10042,0,0,0
16073,10043,0,0,0
16073,10044,0,0,0
16073,10045,0,0,0
16073,10046,0,0,0
16073,11000,165,39,126
16073,12051,0,0,0
16073,12052,0,0,0
16073,12053,0,0,0
16073,12054,0,0,0
16073,12060,0,0,0
16073,12061,0,0,0
16073,12062,0,0,0
16073,12063,0,0,0
16073,12064,0,0,0
16073,12065,0,0,0
16073,12066,0,0,0
16073,12067,0,0,0
16073,12068,0,0,0
16073,12069,0,0,0
16073,12070,0,0,0
16073,12071,0,0,0
16073,12072,13,0,13
16073,12073,0,0,0
16073,13003,0,0,0
16073,13004,0,0,0
16073,13071,0,0,0
16073,13072,0,0,0
16073,13073,0,0,0
16073,13074,0,0,0
16073,13075,0,0,0
16073,13076,0,0,0
16073,14511,35,13,22
16073,14521,18,18,0
16073,14522,32,10,22
16073,14523,68,46,22
16073,14524,121,33,88
16073,14612,76,25,51
16073,14625,25,12,13
16073,14626,0,0,0
16073,14627,16,0,16
16073,14628,13,0,13
16073,14713,145,40,105
16073,14729,30,10,20
16073,14730,10,0,10
16073,15001,0,0,0
16073,15002,69,10,59
16073,15003,16,0,16
16073,15081,0,0,0
16073,15082,0,0,0
16073,15083,0,0,0
16073,15084,41,22,19
16073,15085,0,0,0
16073,15086,11,0,11
16073,15087,0,0,0
16073,15088,16,0,16
16073,15089,0,0,0
16073,15090,0,0,0
16073,15091,11,0,11
16073,16051,1239,207,1032
16073,16052,263,89,174
16073,16053,1403,414,989
16073,16054,113,21,92
16073,16055,376,136,240
16073,16056,52,12,40
16073,16061,22,0,22
16073,16062,51,13,38
16073,16063,29,0,29
16073,16064,56,17,39
16073,16065,37,13,24
16073,16066,100,29,71
16073,16067,177,58,119
16073,16068,63,32,31
16073,16069,98,40,58
16073,16070,1950,884,1066
16073,16071,595,229,366
16073,16072,1818,437,1381
16073,16073,0,0,0
16073,16074,700,314,386
16073,16075,3949,2092,1857
16073,16076,240,109,131
16073,16077,23,23,0
16074,01001,0,0,0
16074,01002,0,0,0
16074,01003,0,0,0
16074,01004,0,0,0
16074,01051,0,0,0
16074,01053,0,0,0
16074,01054,0,0,0
16074,01055,0,0,0
16074,01056,0,0,0
16074,01057,0,0,0
16074,01058,0,0,0
16074,01059,0,0,0
16074,01060,0,0,0
16074,01061,0,0,0
16074,01062,0,0,0
16074,02000,34,0,34
16074,03101,0,0,0
16074,03102,0,0,0
16074,03103,0,0,0
16074,03151,0,0,0
16074,03153,0,0,0
16074,03154,0,0,0
16074,03155,0,0,0
16074,03157,0,0,0
16074,03158,0,0,0
16074,03159,0,0,0
16074,03241,21,0,21
16074,03251,0,0,0
16074,03252,0,0,0
16074,03254,0,0,0
16074,03255,0,0,0
16074,03256,0,0,0
16074,03257,0,0,0
16074,03351,0,0,0
16074,03352,0,0,0
16074,03353,0,0,0
16074,03354,0,0,0
16074,03355,0,0,0
16074,03356,0,0,0
16074,03357,0,0,0
16074,03358,0,0,0
16074,03359,0,0,0
16074,03360,0,0,0
16074,03361,0,0,0
16074,03401,0,0,0
16074,03402,0,0,0
16074,03403,0,0,0
16074,03404,0,0,0
16074,03405,0,0,0
16074,03451,0,0,0
16074,03452,0,0,0
16074,03453,0,0,0
16074,03454,0,0,0
16074,03455,0,0,0
16074,03456,32,0,32
16074,03457,0,0,0
16074,03458,0,0,0
16074,03459,100,0,100
16074,03460,0,0,0
16074,03461,0,0,0
16074,03462,0,0,0
16074,04011,0,0,0
16074,04012,0,0,0
16074,05111,17,0,17
16074,05112,0,0,0
16074,05113,0,0,0
16074,05114,0,0,0
16074,05116,0,0,0
16074,05117,0,0,0
16074,05119,0,0,0
16074,05120,0,0,0
16074,05122,0,0,0
16074,05124,0,0,0
16074,05154,0,0,0
16074,05158,0,0,0
16074,05162,10,0,10
16074,05166,0,0,0
16074,05170,0,0,0
16074,05314,0,0,0
16074,05315,28,0,28
16074,05316,0,0,0
16074,05334,0,0,0
16074,05358,0,0,0
16074,05362,0,0,0
16074,05366,0,0,0
16074,05370,0,0,0
16074,05374,0,0,0
16074,05378,0,0,0
16074,05382,0,0,0
16074,05512,0,0,0
16074,05513,0,0,0
16074,05515,0,0,0
16074,05554,0,0,0
16074,05558,0,0,0
16074,05562,0,0,0
16074,05566,0,0,0
16074,05570,0,0,0
16074,05711,0,0,0
16074,05754,12,0,12
16074,05758,0,0,0
16074,05762,0,0,0
16074,05766,0,0,0
16074,05770,0,0,0
16074,05774,0,0,0
16074,05911,13,13,0
16074,05913,11,0,11
16074,05914,0,0,0
16074,05915,0,0,0
16074,05916,0,0,0
16074,05954,0,0,0
16074,05958,0,0,0
16074,05962,0,0,0
16074,05966,0,0,0
16074,05970,0,0,0
16074,05974,0,0,0
16074,05978,0,0,0
16074,06411,0,0,0
16074,06412,55,0,55
16074,06413,0,0,0
16074,06414,15,0,15
16074,06431,0,0,0
16074,06432,0,0,0
16074,06433,0,0,0
16074,06434,17,0,17
16074,06435,12,0,12
16074,06436,12,0,12
16074,06437,0,0,0
16074,06438,16,0,16
16074,06439,0,0,0
16074,06440,0,0,0
16074,06531,10,0,10
16074,06532,17,0,17
16074,06533,0,0,0
16074,06534,0,0,0
16074,06535,0,0,0
16074,06611,0,0,0
16074,06631,0,0,0
16074,06632,20,0,20
16074,06633,0,0,0
16074,06634,0,0,0
16074,06635,0,0,0
16074,06636,0,0,0
16074,07111,0,0,0
16074,07131,0,0,0
16074,07132,0,0,0
16074,07133,0,0,0
16074,07134,0,0,0
16074,07135,0,0,0
16074,07137,23,0,23
16074,07138,0,0,0
16074,07140,0,0,0
16074,07141,0,0,0
16074,07143,0,0,0
16074,07211,0,0,0
16074,07231,0,0,0
16074,07232,0,0,0
16074,07233,0,0,0
16074,07235,0,0,0
16074,07311,0,0,0
16074,07312,0,0,0
16074,07313,0,0,0
16074,07314,0,0,0
16074,07315,0,0,0
16074,07316,0,0,0
16074,07317,0,0,0
16074,07318,0,0,0
16074,07319,0,0,0
16074,07320,0,0,0
16074,07331,0,0,0
16074,07332,0,0,0
16074,07333,0,0,0
16074,07334,0,0,0
16074,07335,0,0,0
16074,07336,0,0,0
16074,07337,0,0,0
16074,07338,0,0,0
16074,07339,0,0,0
16074,07340,0,0,0
16074,08111,17,0,17
16074,08115,0,0,0
16074,08116,13,0,13
16074,08117,0,0,0
16074,08118,13,0,13
16074,08119,13,0,13
16074,08121,0,0,0
16074,08125,0,0,0
16074,08126,0,0,0
16074,08127,18,0,18
16074,08128,0,0,0
16074,08135,0,0,0
16074,08136,0,0,0
16074,08211,0,0,0
16074,08212,0,0,0
16074,08215,17,0,17
16074,08216,0,0,0
16074,08221,0,0,0
16074,08222,10,0,10
16074,08225,0,0,0
16074,08226,0,0,0
16074,08231,0,0,0
16074,08235,0,0,0
16074,08236,0,0,0
16074,08237,0,0,0
16074,08311,0,0,0
16074,08315,0,0,0
16074,08316,0,0,0
16074,08317,0,0,0
16074,08325,0,0,0
16074,08326,0,0,0
16074,08327,0,0,0
16074,08335,0,0,0
16074,08336,0,0,0
16074,08337,12,0,12
16074,08415,0,0,0
16074,08416,0,0,0
16074,08417,0,0,0
16074,08421,12,0,12
16074,08425,0,0,0
16074,08426,0,0,0
16074,08435,0,0,0
16074,08436,0,0,0
16074,08437,0,0,0
16074,09161,0,0,0
16074,09162,55,0,55
16074,09163,0,0,0
16074,09171,0,0,0
16074,09172,0,0,0
16074,09173,0,0,0
16074,09174,0,0,0
16074,09175,0,0,0
16074,09176,0,0,0
16074,09177,0,0,0
16074,09178,0,0,0
16074,09179,0,0,0
16074,09180,0,0,0
16074,09181,0,0,0
16074,09182,0,0,0
16074,09183,0,0,0
16074,09184,27,0,27
16074,09185,0,0,0
16074,09186,16,0,16
16074,09187,0,0,0
16074,09188,0,0,0
16074,09189,0,0,0
16074,09190,0,0,0
16074,09261,0,0,0
16074,09262,0,0,0
16074,09263,0,0,0
16074,09271,0,0,0
16074,09272,0,0,0
16074,09273,0,0,0
16074,09274,0,0,0
16074,09275,0,0,0
16074,09276,0,0,0
16074,09277,0,0,0
16074,09278,0,0,0
16074,09279,0,0,0
16074,09361,0,0,0
16074,09362,0,0,0
16074,09363,0,0,0
16074,09371,0,0,0
16074,09372,0,0,0
16074,09373,13,0,13
16074,09374,0,0,0
16074,09375,0,0,0
16074,09376,10,0,10
16074,09377,0,0,0
16074,09461,35,0,35
16074,09462,28,0,28
16074,09463,0,0,0
16074,09464,0,0,0
16074,09471,0,0,0
16074,09472,0,0,0
16074,09473,10,0,10
16074,09474,0,0,0
16074,09475,13,0,13
16074,09476,0,0,0
16074,09477,13,0,13
16074,09478,0,0,0
16074,09479,0,0,0
16074,09561,0,0,0
16074,09562,0,0,0
16074,09563,0,0,0
16074,09564,47,0,47
16074,09565,0,0,0
16074,09571,0,0,0
16074,09572,0,0,0
16074,09573,12,0,12
16074,09574,10,0,10
16074,09575,0,0,0
16074,09576,11,0,11
16074,09577,0,0,0
16074,09661,0,0,0
16074,09662,0,0,0
16074,09663,0,0,0
16074,09671,0,0,0
16074,09672,0,0,0
16074,09673,0,0,0
16074,09674,0,0,0
16074,09675,0,0,0
16074,09676,0,0,0
16074,09677,0,0,0
16074,09678,0,0,0
16074,09679,0,0,0
16074,09761,0,0,0
16074,09762,0,0,0
16074,09763,0,0,0
16074,09764,0,0,0
16074,09771,0,0,0
16074,09772,0,0,0
16074,09773,12,0,12
16074,09774,0,0,0
16074,09775,0,0,0
16074,09776,0,0,0
16074,09777,0,0,0
16074,09778,0,0,0
16074,09779,0,0,0
16074,09780,0,0,0
16074,10041,0,0,0
16074,10042,16,0,16
16074,10043,0,0,0
16074,10044,0,0,0
16074,10045,0,0,0
16074,10046,0,0,0
16074,11000,183,69,114
16074,12051,0,0,0
16074,12052,0,0,0
16074,12053,0,0,0
16074,12054,19,0,19
16074,12060,0,0,0
16074,12061,17,17,0
16074,12062,0,0,0
16074,12063,0,0,0
16074,12064,0,0,0
16074,12065,0,0,0
16074,12066,0,0,0
16074,12067,0,0,0
16074,12068,0,0,0
16074,12069,13,0,13
16074,12070,0,0,0
16074,12071,0,0,0
16074,12072,61,50,11
16074,12073,0,0,0
16074,13003,0,0,0
16074,13004,0,0,0
16074,13071,0,0,0
16074,13072,0,0,0
16074,13073,0,0,0
16074,13074,0,0,0
16074,13075,0,0,0
16074,13076,0,0,0
16074,14511,88,31,57
16074,14521,53,33,20
16074,14522,68,41,27
16074,14523,86,52,34
16074,14524,229,91,138
16074,14612,98,27,71
16074,14625,43,20,23
16074,14626,38,16,22
16074,14627,31,15,16
16074,14628,12,12,0
16074,14713,310,100,210
16074,14729,104,48,56
16074,14730,65,37,28
16074,15001,13,0,13
16074,15002,71,26,45
16074,15003,17,0,17
16074,15081,0,0,0
16074,15082,66,39,27
16074,15083,0,0,0
16074,15084,1930,1283,647
16074,15085,0,0,0
16074,15086,17,17,0
16074,15087,21,21,0
16074,15088,124,60,64
16074,15089,11,0,11
16074,15090,0,0,0
16074,15091,36,26,10
16074,16051,706,109,597
16074,16052,3191,1668,1523
16074,16053,12318,2726,9592
16074,16054,0,0,0
16074,16055,482,170,312
16074,16056,58,0,58
16074,16061,0,0,0
16074,16062,0,0,0
16074,16063,21,0,21
16074,16064,48,16,32
16074,16065,11,11,0
16074,16066,29,16,13
16074,16067,137,89,48
16074,16068,67,37,30
16074,16069,0,0,0
16074,16070,123,44,79
16074,16071,1359,654,705
16074,16072,0,0,0
16074,16073,700,386,314
16074,16074,0,0,0
16074,16075,1386,765,621
16074,16076,2264,1444,820
16074,16077,248,150,98
16075,01001,0,0,0
16075,01002,0,0,0
16075,01003,0,0,0
16075,01004,0,0,0
16075,01051,0,0,0
16075,01053,0,0,0
16075,01054,0,0,0
16075,01055,0,0,0
16075,01056,0,0,0
16075,01057,0,0,0
16075,01058,0,0,0
16075,01059,0,0,0
16075,01060,0,0,0
16075,01061,0,0,0
16075,01062,0,0,0
16075,02000,39,0,39
16075,03101,0,0,0
16075,03102,0,0,0
16075,03103,0,0,0
16075,03151,0,0,0
16075,03153,0,0,0
16075,03154,0,0,0
16075,03155,0,0,0
16075,03157,0,0,0
16075,03158,0,0,0
16075,03159,0,0,0
16075,03241,13,0,13
16075,03251,0,0,0
16075,03252,0,0,0
16075,03254,0,0,0
16075,03255,0,0,0
16075,03256,0,0,0
16075,03257,0,0,0
16075,03351,0,0,0
16075,03352,0,0,0
16075,03353,0,0,0
16075,03354,0,0,0
16075,03355,0,0,0
16075,03356,0,0,0
16075,03357,0,0,0
16075,03358,0,0,0
16075,03359,0,0,0
16075,03360,0,0,0
16075,03361,0,0,0
16075,03401,0,0,0
16075,03402,0,0,0
16075,03403,0,0,0
16075,03404,0,0,0
16075,03405,0,0,0
16075,03451,0,0,0
16075,03452,0,0,0
16075,03453,0,0,0
16075,03454,0,0,0
16075,03455,0,0,0
16075,03456,0,0,0
16075,03457,0,0,0
16075,03458,0,0,0
16075,03459,19,0,19
16075,03460,0,0,0
16075,03461,0,0,0
16075,03462,0,0,0
16075,04011,0,0,0
16075,04012,0,0,0
16075,05111,0,0,0
16075,05112,0,0,0
16075,05113,0,0,0
16075,05114,0,0,0
16075,05116,0,0,0
16075,05117,0,0,0
16075,05119,0,0,0
16075,05120,0,0,0
16075,05122,0,0,0
16075,05124,0,0,0
16075,05154,0,0,0
16075,05158,0,0,0
16075,05162,0,0,0
16075,05166,0,0,0
16075,05170,0,0,0
16075,05314,0,0,0
16075,05315,17,0,17
16075,05316,0,0,0
16075,05334,0,0,0
16075,05358,0,0,0
16075,05362,0,0,0
16075,05366,0,0,0
16075,05370,0,0,0
16075,05374,0,0,0
16075,05378,0,0,0
16075,05382,14,0,14
16075,05512,0,0,0
16075,05513,0,0,0
16075,05515,0,0,0
16075,05554,0,0,0
16075,05558,0,0,0
16075,05562,0,0,0
16075,05566,0,0,0
16075,05570,0,0,0
16075,05711,0,0,0
16075,05754,10,0,10
16075,05758,0,0,0
16075,05762,0,0,0
16075,05766,0,0,0
16075,05770,0,0,0
16075,05774,0,0,0
16075,05911,0,0,0
16075,05913,0,0,0
16075,05914,0,0,0
16075,05915,0,0,0
16075,05916,0,0,0
16075,05954,0,0,0
16075,05958,0,0,0
16075,05962,0,0,0
16075,05966,0,0,0
16075,05970,0,0,0
16075,05974,0,0,0
16075,05978,0,0,0
16075,06411,0,0,0
16075,06412,20,0,20
16075,06413,0,0,0
16075,06414,10,0,10
16075,06431,0,0,0
16075,06432,0,0,0
16075,06433,0,0,0
16075,06434,0,0,0
16075,06435,0,0,0
16075,06436,0,0,0
16075,06437,0,0,0
16075,06438,0,0,0
16075,06439,0,0,0
16075,06440,0,0,0
16075,06531,0,0,0
16075,06532,0,0,0
16075,06533,0,0,0
16075,06534,0,0,0
16075,06535,0,0,0
16075,06611,0,0,0
16075,06631,0,0,0
16075,06632,13,0,13
16075,06633,0,0,0
16075,06634,0,0,0
16075,06635,0,0,0
16075,06636,0,0,0
16075,07111,0,0,0
16075,07131,0,0,0
16075,07132,0,0,0
16075,07133,0,0,0
16075,07134,0,0,0
16075,07135,0,0,0
16075,07137,0,0,0
16075,07138,0,0,0
16075,07140,0,0,0
16075,07141,0,0,0
16075,07143,0,0,0
16075,07211,0,0,0
16075,07231,0,0,0
16075,07232,0,0,0
16075,07233,0,0,0
16075,07235,0,0,0
16075,07311,0,0,0
16075,07312,0,0,0
16075,07313,0,0,0
16075,07314,0,0,0
16075,07315,0,0,0
16075,07316,0,0,0
16075,07317,0,0,0
16075,07318,0,0,0
16075,07319,0,0,0
16075,07320,0,0,0
16075,07331,0,0,0
16075,07332,0,0,0
16075,07333,0,0,0
16075,07334,0,0,0
16075,07335,0,0,0
16075,07336,0,0,0
16075,07337,0,0,0
16075,07338,0,0,0
16075,07339,0,0,0
16075,07340,0,0,0
16075,08111,30,0,30
16075,08115,0,0,0
16075,08116,14,0,14
16075,08117,11,0,11
16075,08118,11,0,11
16075,08119,11,0,11
16075,08121,0,0,0
16075,08125,0,0,0
16075,08126,0,0,0
16075,08127,0,0,0
16075,08128,0,0,0
16075,08135,0,0,0
16075,08136,10,0,10
16075,08211,0,0,0
16075,08212,0,0,0
16075,08215,0,0,0
16075,08216,0,0,0
16075,08221,0,0,0
16075,08222,0,0,0
16075,08225,0,0,0
16075,08226,0,0,0
16075,08231,0,0,0
16075,08235,0,0,0
16075,08236,0,0,0
16075,08237,0,0,0
16075,08311,0,0,0
16075,08315,0,0,0
16075,08316,0,0,0
16075,08317,0,0,0
16075,08325,0,0,0
16075,08326,0,0,0
16075,08327,0,0,0
16075,08335,0,0,0
16075,08336,0,0,0
16075,08337,0,0,0
16075,08415,0,0,0
16075,08416,0,0,0
16075,08417,0,0,0
16075,08421,0,0,0
16075,08425,0,0,0
16075,08426,13,13,0
16075,08435,0,0,0
16075,08436,0,0,0
16075,08437,0,0,0
16075,09161,11,0,11
16075,09162,77,0,77
16075,09163,0,0,0
16075,09171,0,0,0
16075,09172,0,0,0
16075,09173,0,0,0
16075,09174,0,0,0
16075,09175,12,0,12
16075,09176,0,0,0
16075,09177,0,0,0
16075,09178,0,0,0
16075,09179,0,0,0
16075,09180,0,0,0
16075,09181,0,0,0
16075,09182,0,0,0
16075,09183,0,0,0
16075,09184,25,0,25
16075,09185,60,0,60
16075,09186,11,0,11
16075,09187,0,0,0
16075,09188,0,0,0
16075,09189,0,0,0
16075,09190,0,0,0
16075,09261,0,0,0
16075,09262,0,0,0
16075,09263,0,0,0
16075,09271,0,0,0
16075,09272,0,0,0
16075,09273,0,0,0
16075,09274,17,0,17
16075,09275,0,0,0
16075,09276,0,0,0
16075,09277,0,0,0
16075,09278,0,0,0
16075,09279,0,0,0
16075,09361,0,0,0
16075,09362,18,0,18
16075,09363,0,0,0
16075,09371,0,0,0
16075,09372,0,0,0
16075,09373,19,0,19
16075,09374,0,0,0
16075,09375,0,0,0
16075,09376,0,0,0
16075,09377,0,0,0
16075,09461,11,0,11
16075,09462,99,0,99
16075,09463,13,0,13
16075,09464,762,112,650
16075,09471,10,0,10
16075,09472,30,0,30
16075,09473,15,0,15
16075,09474,0,0,0
16075,09475,1815,257,1558
16075,09476,341,84,257
16075,09477,66,0,66
16075,09478,0,0,0
16075,09479,61,20,41
16075,09561,0,0,0
16075,09562,13,0,13
16075,09563,0,0,0
16075,09564,109,14,95
16075,09565,0,0,0
16075,09571,0,0,0
16075,09572,0,0,0
16075,09573,0,0,0
16075,09574,24,0,24
16075,09575,0,0,0
16075,09576,16,0,16
16075,09577,0,0,0
16075,09661,0,0,0
16075,09662,0,0,0
16075,09663,0,0,0
16075,09671,0,0,0
16075,09672,20,10,10
16075,09673,0,0,0
16075,09674,0,0,0
16075,09675,13,13,0
16075,09676,0,0,0
16075,09677,0,0,0
16075,09678,14,0,14
16075,09679,0,0,0
16075,09761,0,0,0
16075,09762,0,0,0
16075,09763,0,0,0
16075,09764,0,0,0
16075,09771,0,0,0
16075,09772,0,0,0
16075,09773,0,0,0
16075,09774,0,0,0
16075,09775,0,0,0
16075,09776,0,0,0
16075,09777,0,0,0
16075,09778,0,0,0
16075,09779,0,0,0
16075,09780,0,0,0
16075,10041,0,0,0
16075,10042,0,0,0
16075,10043,0,0,0
16075,10044,0,0,0
16075,10045,0,0,0
16075,10046,0,0,0
16075,11000,109,13,96
16075,12051,0,0,0
16075,12052,0,0,0
16075,12053,0,0,0
16075,12054,0,0,0
16075,12060,0,0,0
16075,12061,0,0,0
16075,12062,0,0,0
16075,12063,0,0,0
16075,12064,0,0,0
16075,12065,21,0,21
16075,12066,0,0,0
16075,12067,0,0,0
16075,12068,0,0,0
16075,12069,0,0,0
16075,12070,0,0,0
16075,12071,0,0,0
16075,12072,0,0,0
16075,12073,0,0,0
16075,13003,0,0,0
16075,13004,0,0,0
16075,13071,0,0,0
16075,13072,0,0,0
16075,13073,0,0,0
16075,13074,0,0,0
16075,13075,0,0,0
16075,13076,0,0,0
16075,14511,61,18,43
16075,14521,35,18,17
16075,14522,31,13,18
16075,14523,1384,867,517
16075,14524,154,51,103
16075,14612,82,27,55
16075,14625,0,0,0
16075,14626,0,0,0
16075,14627,26,11,15
16075,14628,11,0,11
16075,14713,143,60,83
16075,14729,54,19,35
16075,14730,48,25,23
16075,15001,0,0,0
16075,15002,15,0,15
16075,15003,0,0,0
16075,15081,0,0,0
16075,15082,0,0,0
16075,15083,0,0,0
16075,15084,101,72,29
16075,15085,0,0,0
16075,15086,0,0,0
16075,15087,14,14,0
16075,15088,30,0,30
16075,15089,0,0,0
16075,15090,0,0,0
16075,15091,0,0,0
16075,16051,406,56,350
16075,16052,1081,424,657
16075,16053,1246,248,998
16075,16054,13,0,13
16075,16055,188,43,145
16075,16056,0,0,0
16075,16061,10,0,10
16075,16062,0,0,0
16075,16063,0,0,0
16075,16064,26,14,12
16075,16065,0,0,0
16075,16066,10,0,10
16075,16067,66,37,29
16075,16068,10,0,10
16075,16069,0,0,0
16075,16070,69,38,31
16075,16071,124,55,69
16075,16072,71,13,58
16075,16073,3949,1857,2092
16075,16074,1386,621,765
16075,16075,0,0,0
16075,16076,2393,1542,851
16075,16077,65,37,28
16076,01001,0,0,0
16076,01002,0,0,0
16076,01003,0,0,0
16076,01004,0,0,0
16076,01051,0,0,0
16076,01053,0,0,0
16076,01054,0,0,0
16076,01055,0,0,0
16076,01056,0,0,0
16076,01057,0,0,0
16076,01058,0,0,0
16076,01059,0,0,0
16076,01060,0,0,0
16076,01061,0,0,0
16076,01062,0,0,0
16076,02000,32,0,32
16076,03101,0,0,0
16076,03102,0,0,0
16076,03103,0,0,0
16076,03151,0,0,0
16076,03153,0,0,0
16076,03154,0,0,0
16076,03155,0,0,0
16076,03157,0,0,0
16076,03158,0,0,0
16076,03159,0,0,0
16076,03241,19,0,19
16076,03251,0,0,0
16076,03252,0,0,0
16076,03254,0,0,0
16076,03255,0,0,0
16076,03256,0,0,0
16076,03257,0,0,0
16076,03351,0,0,0
16076,03352,0,0,0
16076,03353,0,0,0
16076,03354,0,0,0
16076,03355,0,0,0
16076,03356,0,0,0
16076,03357,0,0,0
16076,03358,0,0,0
16076,03359,0,0,0
16076,03360,0,0,0
16076,03361,0,0,0
16076,03401,0,0,0
16076,03402,0,0,0
16076,03403,0,0,0
16076,03404,0,0,0
16076,03405,0,0,0
16076,03451,0,0,0
16076,03452,0,0,0
16076,03453,0,0,0
16076,03454,0,0,0
16076,03455,0,0,0
16076,03456,10,0,10
16076,03457,0,0,0
16076,03458,0,0,0
16076,03459,0,0,0
16076,03460,0,0,0
16076,03461,0,0,0
16076,03462,0,0,0
16076,04011,0,0,0
16076,04012,0,0,0
16076,05111,16,0,16
16076,05112,0,0,0
16076,05113,13,0,13
16076,05114,0,0,0
16076,05116,0,0,0
16076,05117,0,0,0
16076,05119,0,0,0
16076,05120,0,0,0
16076,05122,0,0,0
16076,05124,0,0,0
16076,05154,0,0,0
16076,05158,20,0,20
16076,05162,0,0,0
16076,05166,0,0,0
16076,05170,0,0,0
16076,05314,0,0,0
16076,05315,22,0,22
16076,05316,0,0,0
16076,05334,0,0,0
16076,05358,0,0,0
16076,05362,0,0,0
16076,05366,0,0,0
16076,05370,0,0,0
16076,05374,10,0,10
16076,05378,0,0,0
16076,05382,0,0,0
16076,05512,0,0,0
16076,05513,0,0,0
16076,05515,0,0,0
16076,05554,0,0,0
16076,05558,0,0,0
16076,05562,0,0,0
16076,05566,0,0,0
16076,05570,0,0,0
16076,05711,11,0,11
16076,05754,0,0,0
16076,05758,0,0,0
16076,05762,0,0,0
16076,05766,0,0,0
16076,05770,0,0,0
16076,05774,0,0,0
16076,05911,0,0,0
16076,05913,0,0,0
16076,05914,0,0,0
16076,05915,0,0,0
16076,05916,0,0,0
16076,05954,0,0,0
16076,05958,0,0,0
16076,05962,0,0,0
16076,05966,0,0,0
16076,05970,11,11,0
16076,05974,0,0,0
16076,05978,0,0,0
16076,06411,0,0,0
16076,06412,56,0,56
16076,06413,0,0,0
16076,06414,0,0,0
16076,06431,0,0,0
16076,06432,0,0,0
16076,06433,0,0,0
16076,06434,15,0,15
16076,06435,12,0,12
16076,06436,0,0,0
16076,06437,0,0,0
16076,06438,15,0,15
16076,06439,0,0,0
16076,06440,0,0,0
16076,06531,11,0,11
16076,06532,11,0,11
16076,06533,0,0,0
16076,06534,0,0,0
16076,06535,0,0,0
16076,06611,0,0,0
16076,06631,0,0,0
16076,06632,15,0,15
16076,06633,0,0,0
16076,06634,0,0,0
16076,06635,0,0,0
16076,06636,0,0,0
16076,07111,0,0,0
16076,07131,0,0,0
16076,07132,0,0,0
16076,07133,0,0,0
16076,07134,0,0,0
16076,07135,0,0,0
16076,07137,0,0,0
16076,07138,0,0,0
16076,07140,0,0,0
16076,07141,0,0,0
16076,07143,0,0,0
16076,07211,0,0,0
16076,07231,0,0,0
16076,07232,17,0,17
16076,07233,0,0,0
16076,07235,0,0,0
16076,07311,0,0,0
16076,07312,0,0,0
16076,07313,0,0,0
16076,07314,0,0,0
16076,07315,0,0,0
16076,07316,0,0,0
16076,07317,0,0,0
16076,07318,0,0,0
16076,07319,0,0,0
16076,07320,0,0,0
16076,07331,0,0,0
16076,07332,0,0,0
16076,07333,0,0,0
16076,07334,0,0,0
16076,07335,0,0,0
16076,07336,0,0,0
16076,07337,0,0,0
16076,07338,0,0,0
16076,07339,0,0,0
16076,07340,0,0,0
16076,08111,25,0,25
16076,08115,13,0,13
16076,08116,17,0,17
16076,08117,11,0,11
16076,08118,20,0,20
16076,08119,11,0,11
16076,08121,0,0,0
16076,08125,0,0,0
16076,08126,0,0,0
16076,08127,26,13,13
16076,08128,0,0,0
16076,08135,0,0,0
16076,08136,16,0,16
16076,08211,0,0,0
16076,08212,0,0,0
16076,08215,0,0,0
16076,08216,0,0,0
16076,08221,0,0,0
16076,08222,13,0,13
16076,08225,0,0,0
16076,08226,0,0,0
16076,08231,0,0,0
16076,08235,0,0,0
16076,08236,0,0,0
16076,08237,0,0,0
16076,08311,0,0,0
16076,08315,0,0,0
16076,08316,0,0,0
16076,08317,0,0,0
16076,08325,0,0,0
16076,08326,0,0,0
16076,08327,0,0,0
16076,08335,0,0,0
16076,08336,0,0,0
16076,08337,0,0,0
16076,08415,0,0,0
16076,08416,0,0,0
16076,08417,0,0,0
16076,08421,0,0,0
16076,08425,0,0,0
16076,08426,0,0,0
16076,08435,0,0,0
16076,08436,0,0,0
16076,08437,0,0,0
16076,09161,28,0,28
16076,09162,129,17,112
16076,09163,0,0,0
16076,09171,0,0,0
16076,09172,0,0,0
16076,09173,21,21,0
16076,09174,0,0,0
16076,09175,0,0,0
16076,09176,0,0,0
16076,09177,0,0,0
16076,09178,18,0,18
16076,09179,0,0,0
16076,09180,0,0,0
16076,09181,0,0,0
16076,09182,0,0,0
16076,09183,0,0,0
16076,09184,43,0,43
16076,09185,0,0,0
16076,09186,13,0,13
16076,09187,0,0,0
16076,09188,0,0,0
16076,09189,21,21,0
16076,09190,0,0,0
16076,09261,0,0,0
16076,09262,0,0,0
16076,09263,0,0,0
16076,09271,0,0,0
16076,09272,0,0,0
16076,09273,0,0,0
16076,09274,0,0,0
16076,09275,0,0,0
16076,09276,17,0,17
16076,09277,0,0,0
16076,09278,0,0,0
16076,09279,0,0,0
16076,09361,0,0,0
16076,09362,15,0,15
16076,09363,10,0,10
16076,09371,0,0,0
16076,09372,0,0,0
16076,09373,60,0,60
16076,09374,0,0,0
16076,09375,16,0,16
16076,09376,15,0,15
16076,09377,0,0,0
16076,09461,0,0,0
16076,09462,33,0,33
16076,09463,18,0,18
16076,09464,60,0,60
16076,09471,15,0,15
16076,09472,24,10,14
16076,09473,11,0,11
16076,09474,0,0,0
16076,09475,101,25,76
16076,09476,0,0,0
16076,09477,26,0,26
16076,09478,0,0,0
16076,09479,0,0,0
16076,09561,0,0,0
16076,09562,16,0,16
16076,09563,0,0,0
16076,09564,98,0,98
16076,09565,0,0,0
16076,09571,0,0,0
16076,09572,0,0,0
16076,09573,10,0,10
16076,09574,17,0,17
16076,09575,0,0,0
16076,09576,15,0,15
16076,09577,0,0,0
16076,09661,0,0,0
16076,09662,0,0,0
16076,09663,13,0,13
16076,09671,0,0,0
16076,09672,0,0,0
16076,09673,0,0,0
16076,09674,0,0,0
16076,09675,0,0,0
16076,09676,0,0,0
16076,09677,0,0,0
16076,09678,0,0,0
16076,09679,0,0,0
16076,09761,0,0,0
16076,09762,0,0,0
16076,09763,0,0,0
16076,09764,0,0,0
16076,09771,0,0,0
16076,09772,0,0,0
16076,09773,0,0,0
16076,09774,17,0,17
16076,09775,0,0,0
16076,09776,0,0,0
16076,09777,0,0,0
16076,09778,0,0,0
16076,09779,0,0,0
16076,09780,0,0,0
16076,10041,0,0,0
16076,10042,0,0,0
16076,10043,0,0,0
16076,10044,0,0,0
16076,10045,0,0,0
16076,10046,0,0,0
16076,11000,165,52,113
16076,12051,0,0,0
16076,12052,0,0,0
16076,12053,0,0,0
16076,12054,10,0,10
16076,12060,0,0,0
16076,12061,0,0,0
16076,12062,0,0,0
16076,12063,0,0,0
16076,12064,0,0,0
16076,12065,11,0,11
16076,12066,0,0,0
16076,12067,0,0,0
16076,12068,0,0,0
16076,12069,0,0,0
16076,12070,0,0,0
16076,12071,0,0,0
16076,12072,11,0,11
16076,12073,0,0,0
16076,13003,0,0,0
16076,13004,0,0,0
16076,13071,0,0,0
16076,13072,0,0,0
16076,13073,0,0,0
16076,13074,0,0,0
16076,13075,0,0,0
16076,13076,0,0,0
16076,14511,244,55,189
16076,14521,188,128,60
16076,14522,119,79,40
16076,14523,3851,1661,2190
16076,14524,2172,974,1198
16076,14612,135,29,106
16076,14625,17,0,17
16076,14626,0,0,0
16076,14627,50,18,32
16076,14628,30,11,19
16076,14713,322,72,250
16076,14729,113,48,65
16076,14730,47,16,31
16076,15001,0,0,0
16076,15002,59,26,33
16076,15003,26,0,26
16076,15081,0,0,0
16076,15082,17,0,17
16076,15083,0,0,0
16076,15084,597,435,162
16076,15085,0,0,0
16076,15086,0,0,0
16076,15087,16,0,16
16076,15088,108,27,81
16076,15089,0,0,0
16076,15090,0,0,0
16076,15091,20,20,0
16076,16051,506,72,434
16076,16052,10160,3455,6705
16076,16053,980,154,826
16076,16054,0,0,0
16076,16055,77,18,59
16076,16056,17,0,17
16076,16061,0,0,0
16076,16062,0,0,0
16076,16063,35,0,35
16076,16064,34,19,15
16076,16065,0,0,0
16076,16066,18,0,18
16076,16067,76,29,47
16076,16068,15,0,15
16076,16069,0,0,0
16076,16070,53,24,29
16076,16071,83,33,50
16076,16072,10,0,10
16076,16073,240,131,109
16076,16074,2264,820,1444
16076,16075,2393,851,1542
16076,16076,0,0,0
16076,16077,1303,716,587
16077,01001,0,0,0
16077,01002,0,0,0
16077,01003,0,0,0
16077,01004,10,0,10
16077,01051,0,0,0
16077,01053,0,0,0
16077,01054,0,0,0
16077,01055,0,0,0
16077,01056,0,0,0
16077,01057,0,0,0
16077,01058,0,0,0
16077,01059,0,0,0
16077,01060,0,0,0
16077,01061,0,0,0
16077,01062,0,0,0
16077,02000,31,0,31
16077,03101,0,0,0
16077,03102,0,0,0
16077,03103,11,0,11
16077,03151,0,0,0
16077,03153,0,0,0
16077,03154,0,0,0
16077,03155,0,0,0
16077,03157,0,0,0
16077,03158,0,0,0
16077,03159,0,0,0
16077,03241,16,0,16
16077,03251,0,0,0
16077,03252,0,0,0
16077,03254,0,0,0
16077,03255,0,0,0
16077,03256,0,0,0
16077,03257,0,0,0
16077,03351,0,0,0
16077,03352,0,0,0
16077,03353,0,0,0
16077,03354,0,0,0
16077,03355,0,0,0
16077,03356,0,0,0
16077,03357,0,0,0
16077,03358,0,0,0
16077,03359,0,0,0
16077,03360,0,0,0
16077,03361,0,0,0
16077,03401,0,0,0
16077,03402,0,0,0
16077,03403,0,0,0
16077,03404,0,0,0
16077,03405,0,0,0
16077,03451,0,0,0
16077,03452,0,0,0
16077,03453,0,0,0
16077,03454,0,0,0
16077,03455,0,0,0
16077,03456,0,0,0
16077,03457,0,0,0
16077,03458,0,0,0
16077,03459,0,0,0
16077,03460,0,0,0
16077,03461,0,0,0
16077,03462,0,0,0
16077,04011,17,0,17
16077,04012,0,0,0
16077,05111,21,0,21
16077,05112,0,0,0
16077,05113,0,0,0
16077,05114,10,0,10
16077,05116,0,0,0
16077,05117,0,0,0
16077,05119,0,0,0
16077,05120,0,0,0
16077,05122,0,0,0
16077,05124,0,0,0
16077,05154,0,0,0
16077,05158,11,0,11
16077,05162,13,13,0
16077,05166,0,0,0
16077,05170,0,0,0
16077,05314,0,0,0
16077,05315,27,0,27
16077,05316,0,0,0
16077,05334,0,0,0
16077,05358,14,0,14
16077,05362,12,0,12
16077,05366,0,0,0
16077,05370,11,0,11
16077,05374,0,0,0
16077,05378,0,0,0
16077,05382,0,0,0
16077,05512,0,0,0
16077,05513,0,0,0
16077,05515,0,0,0
16077,05554,0,0,0
16077,05558,0,0,0
16077,05562,0,0,0
16077,05566,0,0,0
16077,05570,0,0,0
16077,05711,0,0,0
16077,05754,30,0,30
16077,05758,0,0,0
16077,05762,0,0,0
16077,05766,0,0,0
16077,05770,0,0,0
16077,05774,0,0,0
16077,05911,10,0,10
16077,05913,11,0,11
16077,05914,0,0,0
16077,05915,0,0,0
16077,05916,0,0,0
16077,05954,0,0,0
16077,05958,0,0,0
16077,05962,0,0,0
16077,05966,0,0,0
16077,05970,0,0,0
16077,05974,0,0,0
16077,05978,31,0,31
16077,06411,0,0,0
16077,06412,41,0,41
16077,06413,0,0,0
16077,06414,0,0,0
16077,06431,0,0,0
16077,06432,0,0,0
16077,06433,0,0,0
16077,06434,0,0,0
16077,06435,14,0,14
16077,06436,11,0,11
16077,06437,0,0,0
16077,06438,0,0,0
16077,06439,0,0,0
16077,06440,0,0,0
16077,06531,0,0,0
16077,06532,10,0,10
16077,06533,0,0,0
16077,06534,0,0,0
16077,06535,0,0,0
16077,06611,0,0,0
16077,06631,0,0,0
16077,06632,0,0,0
16077,06633,0,0,0
16077,06634,0,0,0
16077,06635,71,0,71
16077,06636,0,0,0
16077,07111,0,0,0
16077,07131,0,0,0
16077,07132,0,0,0
16077,07133,0,0,0
16077,07134,0,0,0
16077,07135,0,0,0
16077,07137,0,0,0
16077,07138,0,0,0
16077,07140,0,0,0
16077,07141,0,0,0
16077,07143,0,0,0
16077,07211,0,0,0
16077,07231,0,0,0
16077,07232,0,0,0
16077,07233,0,0,0
16077,07235,0,0,0
16077,07311,0,0,0
16077,07312,0,0,0
16077,07313,0,0,0
16077,07314,12,0,12
16077,07315,0,0,0
16077,07316,0,0,0
16077,07317,0,0,0
16077,07318,0,0,0
16077,07319,0,0,0
16077,07320,0,0,0
16077,07331,0,0,0
16077,07332,0,0,0
16077,07333,0,0,0
16077,07334,0,0,0
16077,07335,0,0,0
16077,07336,0,0,0
16077,07337,0,0,0
16077,07338,0,0,0
16077,07339,0,0,0
16077,07340,0,0,0
16077,08111,30,0,30
16077,08115,0,0,0
16077,08116,17,0,17
16077,08117,0,0,0
16077,08118,0,0,0
16077,08119,15,0,15
16077,08121,0,0,0
16077,08125,10,0,10
16077,08126,0,0,0
16077,08127,0,0,0
16077,08128,0,0,0
16077,08135,0,0,0
16077,08136,22,0,22
16077,08211,0,0,0
16077,08212,0,0,0
16077,08215,0,0,0
16077,08216,0,0,0
16077,08221,0,0,0
16077,08222,22,0,22
16077,08225,0,0,0
16077,08226,20,0,20
16077,08231,0,0,0
16077,08235,0,0,0
16077,08236,0,0,0
16077,08237,0,0,0
16077,08311,0,0,0
16077,08315,0,0,0
16077,08316,0,0,0
16077,08317,0,0,0
16077,08325,0,0,0
16077,08326,0,0,0
16077,08327,0,0,0
16077,08335,0,0,0
16077,08336,0,0,0
16077,08337,0,0,0
16077,08415,0,0,0
16077,08416,0,0,0
16077,08417,0,0,0
16077,08421,0,0,0
16077,08425,0,0,0
16077,08426,0,0,0
16077,08435,0,0,0
16077,08436,40,0,40
16077,08437,0,0,0
16077,09161,23,0,23
16077,09162,70,15,55
16077,09163,0,0,0
16077,09171,0,0,0
16077,09172,0,0,0
16077,09173,0,0,0
16077,09174,0,0,0
16077,09175,0,0,0
16077,09176,12,0,12
16077,09177,0,0,0
16077,09178,0,0,0
16077,09179,0,0,0
16077,09180,0,0,0
16077,09181,0,0,0
16077,09182,0,0,0
16077,09183,0,0,0
16077,09184,31,0,31
16077,09185,0,0,0
16077,09186,17,0,17
16077,09187,0,0,0
16077,09188,0,0,0
16077,09189,0,0,0
16077,09190,0,0,0
16077,09261,0,0,0
16077,09262,0,0,0
16077,09263,0,0,0
16077,09271,0,0,0
16077,09272,0,0,0
16077,09273,0,0,0
16077,09274,0,0,0
16077,09275,0,0,0
16077,09276,0,0,0
16077,09277,0,0,0
16077,09278,0,0,0
16077,09279,0,0,0
16077,09361,0,0,0
16077,09362,11,0,11
16077,09363,15,0,15
16077,09371,0,0,0
16077,09372,0,0,0
16077,09373,22,0,22
16077,09374,0,0,0
16077,09375,0,0,0
16077,09376,32,0,32
16077,09377,13,0,13
16077,09461,0,0,0
16077,09462,0,0,0
16077,09463,0,0,0
16077,09464,0,0,0
16077,09471,0,0,0
16077,09472,0,0,0
16077,09473,0,0,0
16077,09474,0,0,0
16077,09475,0,0,0
16077,09476,0,0,0
16077,09477,13,0,13
16077,09478,0,0,0
16077,09479,0,0,0
16077,09561,0,0,0
16077,09562,0,0,0
16077,09563,0,0,0
16077,09564,74,10,64
16077,09565,0,0,0
16077,09571,0,0,0
16077,09572,0,0,0
16077,09573,0,0,0
16077,09574,16,0,16
16077,09575,0,0,0
16077,09576,0,0,0
16077,09577,0,0,0
16077,09661,0,0,0
16077,09662,0,0,0
16077,09663,0,0,0
16077,09671,13,0,13
16077,09672,0,0,0
16077,09673,0,0,0
16077,09674,0,0,0
16077,09675,0,0,0
16077,09676,0,0,0
16077,09677,0,0,0
16077,09678,0,0,0
16077,09679,0,0,0
16077,09761,15,0,15
16077,09762,0,0,0
16077,09763,0,0,0
16077,09764,0,0,0
16077,09771,0,0,0
16077,09772,12,0,12
16077,09773,0,0,0
16077,09774,0,0,0
16077,09775,0,0,0
16077,09776,0,0,0
16077,09777,0,0,0
16077,09778,10,0,10
16077,09779,0,0,0
16077,09780,0,0,0
16077,10041,0,0,0
16077,10042,0,0,0
16077,10043,0,0,0
16077,10044,0,0,0
16077,10045,0,0,0
16077,10046,0,0,0
16077,11000,168,52,116
16077,12051,0,0,0
16077,12052,0,0,0
16077,12053,0,0,0
16077,12054,0,0,0
16077,12060,0,0,0
16077,12061,0,0,0
16077,12062,0,0,0
16077,12063,0,0,0
16077,12064,0,0,0
16077,12065,0,0,0
16077,12066,19,0,19
16077,12067,0,0,0
16077,12068,0,0,0
16077,12069,0,0,0
16077,12070,0,0,0
16077,12071,0,0,0
16077,12072,11,0,11
16077,12073,0,0,0
16077,13003,0,0,0
16077,13004,0,0,0
16077,13071,0,0,0
16077,13072,0,0,0
16077,13073,0,0,0
16077,13074,0,0,0
16077,13075,0,0,0
16077,13076,0,0,0
16077,14511,498,116,382
16077,14521,152,72,80
16077,14522,512,185,327
16077,14523,132,65,67
16077,14524,4444,1821,2623
16077,14612,154,44,110
16077,14625,40,16,24
16077,14626,10,10,0
16077,14627,39,16,23
16077,14628,29,12,17
16077,14713,1804,406,1398
16077,14729,2972,1331,1641
16077,14730,178,55,123
16077,15001,0,0,0
16077,15002,69,15,54
16077,15003,26,0,26
16077,15081,0,0,0
16077,15082,12,0,12
16077,15083,0,0,0
16077,15084,1525,709,816
16077,15085,0,0,0
16077,15086,0,0,0
16077,15087,18,0,18
16077,15088,133,27,106
16077,15089,0,0,0
16077,15090,0,0,0
16077,15091,10,0,10
16077,16051,489,36,453
16077,16052,2276,801,1475
16077,16053,245,39,206
16077,16054,16,0,16
16077,16055,41,13,28
16077,16056,0,0,0
16077,16061,19,0,19
16077,16062,0,0,0
16077,16063,10,0,10
16077,16064,0,0,0
16077,16065,0,0,0
16077,16066,0,0,0
16077,16067,28,0,28
16077,16068,11,0,11
16077,16069,0,0,0
16077,16070,20,10,10
16077,16071,23,11,12
16077,16072,0,0,0
16077,16073,23,0,23
16077,16074,248,98,150
16077,16075,65,28,37
16077,16076,1303,587,716
16077,16077,0,0,0
