id_kreis_a,id_kreis_b,inandout,incoming,outgoing
1001,1001,0,0,0
1001,1002,1038,345,693
1001,1003,169,44,125
1001,1004,182,49,133
1001,1051,263,212,51
1001,1053,47,30,17
1001,1054,3235,2487,748
1001,1055,74,32,42
1001,1056,109,64,45
1001,1057,86,55,31
1001,1058,1273,854,419
1001,1059,22448,16255,6193
1001,1060,130,89,41
1001,1061,116,85,31
1001,1062,82,41,41
1001,2000,979,272,707
1001,3101,0,0,0
1001,3102,0,0,0
1001,3103,0,0,0
1001,3151,0,0,0
1001,3153,0,0,0
1001,3154,0,0,0
1001,3155,0,0,0
1001,3157,0,0,0
1001,3158,0,0,0
1001,3159,12,12,0
1001,3241,83,43,40
1001,3251,17,0,17
1001,3252,14,0,14
1001,3254,0,0,0
1001,3255,0,0,0
1001,3256,0,0,0
1001,3257,0,0,0
1001,3351,0,0,0
1001,3352,19,19,0
1001,3353,28,18,10
1001,3354,0,0,0
1001,3355,13,13,0
1001,3356,0,0,0
1001,3357,16,16,0
1001,3358,10,10,0
1001,3359,31,16,15
1001,3360,0,0,0
1001,3361,0,0,0
1001,3401,214,214,0
1001,3402,0,0,0
1001,3403,10,0,10
1001,3404,0,0,0
1001,3405,0,0,0
1001,3451,0,0,0
1001,3452,0,0,0
1001,3453,23,23,0
1001,3454,0,0,0
1001,3455,0,0,0
1001,3456,0,0,0
1001,3457,11,0,11
1001,3458,24,24,0
1001,3459,156,22,134
1001,3460,0,0,0
1001,3461,0,0,0
1001,3462,15,0,15
1001,4011,97,43,54
1001,4012,0,0,0
1001,5111,58,13,45
1001,5112,0,0,0
1001,5113,27,12,15
1001,5114,0,0,0
1001,5116,0,0,0
1001,5117,0,0,0
1001,5119,0,0,0
1001,5120,0,0,0
1001,5122,0,0,0
1001,5124,0,0,0
1001,5154,0,0,0
1001,5158,0,0,0
1001,5162,0,0,0
1001,5166,0,0,0
1001,5170,0,0,0
1001,5314,0,0,0
1001,5315,94,17,77
1001,5316,0,0,0
1001,5334,0,0,0
1001,5358,0,0,0
1001,5362,0,0,0
1001,5366,0,0,0
1001,5370,0,0,0
1001,5374,14,0,14
1001,5378,0,0,0
1001,5382,0,0,0
1001,5512,0,0,0
1001,5513,0,0,0
1001,5515,0,0,0
1001,5554,0,0,0
1001,5558,0,0,0
1001,5562,0,0,0
1001,5566,0,0,0
1001,5570,0,0,0
1001,5711,11,11,0
1001,5754,21,10,11
1001,5758,0,0,0
1001,5762,0,0,0
1001,5766,0,0,0
1001,5770,0,0,0
1001,5774,0,0,0
1001,5911,12,12,0
1001,5913,0,0,0
1001,5914,0,0,0
1001,5915,0,0,0
1001,5916,0,0,0
1001,5954,0,0,0
1001,5958,0,0,0
1001,5962,0,0,0
1001,5966,0,0,0
1001,5970,0,0,0
1001,5974,0,0,0
1001,5978,106,0,106
1001,6411,0,0,0
1001,6412,57,14,43
1001,6413,0,0,0
1001,6414,0,0,0
1001,6431,0,0,0
1001,6432,0,0,0
1001,6433,0,0,0
1001,6434,0,0,0
1001,6435,10,10,0
1001,6436,0,0,0
1001,6437,0,0,0
1001,6438,10,0,10
1001,6439,0,0,0
1001,6440,12,12,0
1001,6531,0,0,0
1001,6532,0,0,0
1001,6533,0,0,0
1001,6534,0,0,0
1001,6535,0,0,0
1001,6611,0,0,0
1001,6631,0,0,0
1001,6632,0,0,0
1001,6633,0,0,0
1001,6634,0,0,0
1001,6635,0,0,0
1001,6636,0,0,0
1001,7111,0,0,0
1001,7131,0,0,0
1001,7132,0,0,0
1001,7133,0,0,0
1001,7134,0,0,0
1001,7135,0,0,0
1001,7137,0,0,0
1001,7138,0,0,0
1001,7140,11,11,0
1001,7141,0,0,0
1001,7143,0,0,0
1001,7211,0,0,0
1001,7231,0,0,0
1001,7232,0,0,0
1001,7233,0,0,0
1001,7235,0,0,0
1001,7311,0,0,0
1001,7312,0,0,0
1001,7313,0,0,0
1001,7314,0,0,0
1001,7315,0,0,0
1001,7316,0,0,0
1001,7317,0,0,0
1001,7318,0,0,0
1001,7319,0,0,0
1001,7320,0,0,0
1001,7331,0,0,0
1001,7332,0,0,0
1001,7333,0,0,0
1001,7334,0,0,0
1001,7335,0,0,0
1001,7336,0,0,0
1001,7337,0,0,0
1001,7338,0,0,0
1001,7339,0,0,0
1001,7340,0,0,0
1001,8111,12,0,12
1001,8115,0,0,0
1001,8116,0,0,0
1001,8117,0,0,0
1001,8118,0,0,0
1001,8119,0,0,0
1001,8121,0,0,0
1001,8125,0,0,0
1001,8126,0,0,0
1001,8127,0,0,0
1001,8128,0,0,0
1001,8135,0,0,0
1001,8136,0,0,0
1001,8211,0,0,0
1001,8212,0,0,0
1001,8215,0,0,0
1001,8216,0,0,0
1001,8221,0,0,0
1001,8222,0,0,0
1001,8225,0,0,0
1001,8226,11,11,0
1001,8231,0,0,0
1001,8235,0,0,0
1001,8236,0,0,0
1001,8237,0,0,0
1001,8311,17,17,0
1001,8315,53,53,0
1001,8316,48,48,0
1001,8317,0,0,0
1001,8325,0,0,0
1001,8326,0,0,0
1001,8327,0,0,0
1001,8335,0,0,0
1001,8336,0,0,0
1001,8337,0,0,0
1001,8415,0,0,0
1001,8416,0,0,0
1001,8417,0,0,0
1001,8421,0,0,0
1001,8425,0,0,0
1001,8426,0,0,0
1001,8435,0,0,0
1001,8436,0,0,0
1001,8437,0,0,0
1001,9161,0,0,0
1001,9162,61,22,39
1001,9163,0,0,0
1001,9171,0,0,0
1001,9172,0,0,0
1001,9173,0,0,0
1001,9174,0,0,0
1001,9175,0,0,0
1001,9176,0,0,0
1001,9177,0,0,0
1001,9178,0,0,0
1001,9179,0,0,0
1001,9180,0,0,0
1001,9181,0,0,0
1001,9182,0,0,0
1001,9183,0,0,0
1001,9184,24,11,13
1001,9185,0,0,0
1001,9186,0,0,0
1001,9187,0,0,0
1001,9188,0,0,0
1001,9189,0,0,0
1001,9190,0,0,0
1001,9261,0,0,0
1001,9262,0,0,0
1001,9263,0,0,0
1001,9271,0,0,0
1001,9272,0,0,0
1001,9273,0,0,0
1001,9274,0,0,0
1001,9275,0,0,0
1001,9276,0,0,0
1001,9277,0,0,0
1001,9278,0,0,0
1001,9279,0,0,0
1001,9361,0,0,0
1001,9362,0,0,0
1001,9363,0,0,0
1001,9371,0,0,0
1001,9372,0,0,0
1001,9373,0,0,0
1001,9374,0,0,0
1001,9375,0,0,0
1001,9376,0,0,0
1001,9377,0,0,0
1001,9461,0,0,0
1001,9462,0,0,0
1001,9463,0,0,0
1001,9464,0,0,0
1001,9471,0,0,0
1001,9472,0,0,0
1001,9473,0,0,0
1001,9474,0,0,0
1001,9475,0,0,0
1001,9476,0,0,0
1001,9477,21,21,0
1001,9478,0,0,0
1001,9479,0,0,0
1001,9561,0,0,0
1001,9562,0,0,0
1001,9563,0,0,0
1001,9564,15,0,15
1001,9565,0,0,0
1001,9571,0,0,0
1001,9572,0,0,0
1001,9573,0,0,0
1001,9574,0,0,0
1001,9575,0,0,0
1001,9576,0,0,0
1001,9577,0,0,0
1001,9661,0,0,0
1001,9662,0,0,0
1001,9663,0,0,0
1001,9671,0,0,0
1001,9672,0,0,0
1001,9673,0,0,0
1001,9674,37,37,0
1001,9675,0,0,0
1001,9676,0,0,0
1001,9677,0,0,0
1001,9678,0,0,0
1001,9679,0,0,0
1001,9761,0,0,0
1001,9762,19,19,0
1001,9763,0,0,0
1001,9764,0,0,0
1001,9771,0,0,0
1001,9772,0,0,0
1001,9773,0,0,0
1001,9774,0,0,0
1001,9775,0,0,0
1001,9776,0,0,0
1001,9777,18,18,0
1001,9778,0,0,0
1001,9779,0,0,0
1001,9780,0,0,0
1001,10041,227,0,227
1001,10042,0,0,0
1001,10043,0,0,0
1001,10044,0,0,0
1001,10045,0,0,0
1001,10046,0,0,0
1001,11000,287,118,169
1001,12051,0,0,0
1001,12052,0,0,0
1001,12053,0,0,0
1001,12054,0,0,0
1001,12060,0,0,0
1001,12061,0,0,0
1001,12062,0,0,0
1001,12063,0,0,0
1001,12064,0,0,0
1001,12065,0,0,0
1001,12066,0,0,0
1001,12067,0,0,0
1001,12068,0,0,0
1001,12069,0,0,0
1001,12070,0,0,0
1001,12071,0,0,0
1001,12072,0,0,0
1001,12073,0,0,0
1001,13003,27,27,0
1001,13004,0,0,0
1001,13071,37,37,0
1001,13072,28,28,0
1001,13073,32,32,0
1001,13074,13,13,0
1001,13075,24,24,0
1001,13076,41,12,29
1001,14511,0,0,0
1001,14521,0,0,0
1001,14522,29,29,0
1001,14523,17,17,0
1001,14524,0,0,0
1001,14612,0,0,0
1001,14625,0,0,0
1001,14626,0,0,0
1001,14627,0,0,0
1001,14628,0,0,0
1001,14713,15,15,0
1001,14729,0,0,0
1001,14730,0,0,0
1001,15001,0,0,0
1001,15002,0,0,0
1001,15003,12,12,0
1001,15081,0,0,0
1001,15082,26,26,0
1001,15083,0,0,0
1001,15084,0,0,0
1001,15085,0,0,0
1001,15086,0,0,0
1001,15087,0,0,0
1001,15088,0,0,0
1001,15089,0,0,0
1001,15090,0,0,0
1001,15091,0,0,0
1001,16051,0,0,0
1001,16052,0,0,0
1001,16053,0,0,0
1001,16054,0,0,0
1001,16055,0,0,0
1001,16056,0,0,0
1001,16061,0,0,0
1001,16062,0,0,0
1001,16063,0,0,0
1001,16064,0,0,0
1001,16065,0,0,0
1001,16066,0,0,0
1001,16067,0,0,0
1001,16068,0,0,0
1001,16069,0,0,0
1001,16070,0,0,0
1001,16071,0,0,0
1001,16072,0,0,0
1001,16073,0,0,0
1001,16074,0,0,0
1001,16075,0,0,0
1001,16076,0,0,0
1001,16077,0,0,0
1002,1001,1038,693,345
1002,1002,0,0,0
1002,1003,2443,1340,1103
1002,1004,4181,2168,2013
1002,1051,832,739,93
1002,1053,535,462,73
1002,1054,815,627,188
1002,1055,1890,1479,411
1002,1056,1017,756,261
1002,1057,21513,16625,4888
1002,1058,32951,24028,8923
1002,1059,2403,1840,563
1002,1060,2646,1844,802
1002,1061,809,611,198
1002,1062,808,409,399
1002,2000,5250,1939,3311
1002,3101,76,49,27
1002,3102,34,24,10
1002,3103,21,10,11
1002,3151,31,20,11
1002,3153,13,13,0
1002,3154,0,0,0
1002,3155,15,15,0
1002,3157,21,21,0
1002,3158,23,23,0
1002,3159,53,35,18
1002,3241,375,170,205
1002,3251,41,25,16
1002,3252,25,12,13
1002,3254,20,20,0
1002,3255,0,0,0
1002,3256,10,10,0
1002,3257,0,0,0
1002,3351,48,24,24
1002,3352,62,41,21
1002,3353,203,138,65
1002,3354,34,34,0
1002,3355,102,78,24
1002,3356,20,20,0
1002,3357,69,43,26
1002,3358,53,27,26
1002,3359,132,93,39
1002,3360,19,19,0
1002,3361,68,20,48
1002,3401,0,0,0
1002,3402,37,22,15
1002,3403,77,59,18
1002,3404,88,36,52
1002,3405,99,17,82
1002,3451,10,0,10
1002,3452,38,19,19
1002,3453,27,17,10
1002,3454,34,22,12
1002,3455,16,16,0
1002,3456,0,0,0
1002,3457,33,19,14
1002,3458,19,19,0
1002,3459,73,62,11
1002,3460,25,0,25
1002,3461,20,20,0
1002,3462,0,0,0
1002,4011,359,137,222
1002,4012,56,33,23
1002,5111,149,67,82
1002,5112,21,11,10
1002,5113,91,40,51
1002,5114,33,22,11
1002,5116,13,13,0
1002,5117,0,0,0
1002,5119,15,15,0
1002,5120,0,0,0
1002,5122,11,0,11
1002,5124,31,19,12
1002,5154,11,11,0
1002,5158,58,26,32
1002,5162,42,42,0
1002,5166,13,0,13
1002,5170,24,24,0
1002,5314,73,24,49
1002,5315,374,181,193
1002,5316,0,0,0
1002,5334,47,20,27
1002,5358,13,0,13
1002,5362,30,30,0
1002,5366,0,0,0
1002,5370,10,10,0
1002,5374,66,0,66
1002,5378,16,16,0
1002,5382,48,30,18
1002,5512,0,0,0
1002,5513,11,11,0
1002,5515,60,35,25
1002,5554,0,0,0
1002,5558,0,0,0
1002,5562,39,39,0
1002,5566,20,10,10
1002,5570,17,17,0
1002,5711,72,47,25
1002,5754,95,70,25
1002,5758,59,16,43
1002,5762,22,22,0
1002,5766,61,51,10
1002,5770,29,15,14
1002,5774,136,136,0
1002,5911,27,17,10
1002,5913,98,74,24
1002,5914,0,0,0
1002,5915,17,17,0
1002,5916,14,14,0
1002,5954,14,14,0
1002,5958,12,12,0
1002,5962,0,0,0
1002,5966,0,0,0
1002,5970,0,0,0
1002,5974,68,68,0
1002,5978,42,42,0
1002,6411,13,0,13
1002,6412,159,35,124
1002,6413,0,0,0
1002,6414,13,0,13
1002,6431,0,0,0
1002,6432,12,12,0
1002,6433,0,0,0
1002,6434,32,0,32
1002,6435,0,0,0
1002,6436,28,0,28
1002,6437,0,0,0
1002,6438,30,15,15
1002,6439,0,0,0
1002,6440,11,11,0
1002,6531,11,11,0
1002,6532,0,0,0
1002,6533,0,0,0
1002,6534,10,10,0
1002,6535,0,0,0
1002,6611,44,32,12
1002,6631,0,0,0
1002,6632,0,0,0
1002,6633,18,18,0
1002,6634,11,11,0
1002,6635,0,0,0
1002,6636,0,0,0
1002,7111,32,0,32
1002,7131,0,0,0
1002,7132,0,0,0
1002,7133,0,0,0
1002,7134,0,0,0
1002,7135,0,0,0
1002,7137,0,0,0
1002,7138,10,0,10
1002,7140,0,0,0
1002,7141,0,0,0
1002,7143,0,0,0
1002,7211,0,0,0
1002,7231,0,0,0
1002,7232,0,0,0
1002,7233,0,0,0
1002,7235,0,0,0
1002,7311,0,0,0
1002,7312,0,0,0
1002,7313,0,0,0
1002,7314,0,0,0
1002,7315,29,0,29
1002,7316,0,0,0
1002,7317,0,0,0
1002,7318,0,0,0
1002,7319,0,0,0
1002,7320,0,0,0
1002,7331,0,0,0
1002,7332,0,0,0
1002,7333,0,0,0
1002,7334,0,0,0
1002,7335,0,0,0
1002,7336,0,0,0
1002,7337,0,0,0
1002,7338,10,10,0
1002,7339,0,0,0
1002,7340,0,0,0
1002,8111,135,79,56
1002,8115,33,33,0
1002,8116,64,35,29
1002,8117,0,0,0
1002,8118,86,72,14
1002,8119,21,21,0
1002,8121,0,0,0
1002,8125,10,10,0
1002,8126,0,0,0
1002,8127,0,0,0
1002,8128,0,0,0
1002,8135,0,0,0
1002,8136,0,0,0
1002,8211,0,0,0
1002,8212,15,0,15
1002,8215,33,13,20
1002,8216,0,0,0
1002,8221,18,0,18
1002,8222,76,17,59
1002,8225,0,0,0
1002,8226,35,24,11
1002,8231,0,0,0
1002,8235,0,0,0
1002,8236,0,0,0
1002,8237,0,0,0
1002,8311,13,0,13
1002,8315,0,0,0
1002,8316,0,0,0
1002,8317,14,0,14
1002,8325,0,0,0
1002,8326,0,0,0
1002,8327,0,0,0
1002,8335,0,0,0
1002,8336,14,14,0
1002,8337,0,0,0
1002,8415,0,0,0
1002,8416,13,13,0
1002,8417,0,0,0
1002,8421,0,0,0
1002,8425,11,0,11
1002,8426,0,0,0
1002,8435,0,0,0
1002,8436,0,0,0
1002,8437,0,0,0
1002,9161,21,0,21
1002,9162,254,80,174
1002,9163,0,0,0
1002,9171,0,0,0
1002,9172,0,0,0
1002,9173,0,0,0
1002,9174,0,0,0
1002,9175,0,0,0
1002,9176,0,0,0
1002,9177,0,0,0
1002,9178,11,0,11
1002,9179,0,0,0
1002,9180,0,0,0
1002,9181,0,0,0
1002,9182,0,0,0
1002,9183,0,0,0
1002,9184,61,12,49
1002,9185,0,0,0
1002,9186,0,0,0
1002,9187,0,0,0
1002,9188,0,0,0
1002,9189,0,0,0
1002,9190,23,11,12
1002,9261,0,0,0
1002,9262,0,0,0
1002,9263,0,0,0
1002,9271,0,0,0
1002,9272,0,0,0
1002,9273,0,0,0
1002,9274,10,0,10
1002,9275,0,0,0
1002,9276,0,0,0
1002,9277,0,0,0
1002,9278,0,0,0
1002,9279,0,0,0
1002,9361,0,0,0
1002,9362,0,0,0
1002,9363,0,0,0
1002,9371,0,0,0
1002,9372,0,0,0
1002,9373,0,0,0
1002,9374,0,0,0
1002,9375,0,0,0
1002,9376,0,0,0
1002,9377,0,0,0
1002,9461,0,0,0
1002,9462,0,0,0
1002,9463,0,0,0
1002,9464,0,0,0
1002,9471,11,11,0
1002,9472,0,0,0
1002,9473,0,0,0
1002,9474,0,0,0
1002,9475,0,0,0
1002,9476,0,0,0
1002,9477,0,0,0
1002,9478,0,0,0
1002,9479,0,0,0
1002,9561,0,0,0
1002,9562,0,0,0
1002,9563,0,0,0
1002,9564,41,16,25
1002,9565,0,0,0
1002,9571,0,0,0
1002,9572,0,0,0
1002,9573,0,0,0
1002,9574,0,0,0
1002,9575,0,0,0
1002,9576,0,0,0
1002,9577,0,0,0
1002,9661,0,0,0
1002,9662,0,0,0
1002,9663,0,0,0
1002,9671,0,0,0
1002,9672,0,0,0
1002,9673,0,0,0
1002,9674,0,0,0
1002,9675,0,0,0
1002,9676,0,0,0
1002,9677,0,0,0
1002,9678,0,0,0
1002,9679,0,0,0
1002,9761,14,0,14
1002,9762,0,0,0
1002,9763,0,0,0
1002,9764,0,0,0
1002,9771,0,0,0
1002,9772,22,12,10
1002,9773,0,0,0
1002,9774,0,0,0
1002,9775,0,0,0
1002,9776,0,0,0
1002,9777,0,0,0
1002,9778,0,0,0
1002,9779,0,0,0
1002,9780,0,0,0
1002,10041,11,11,0
1002,10042,0,0,0
1002,10043,0,0,0
1002,10044,0,0,0
1002,10045,0,0,0
1002,10046,0,0,0
1002,11000,801,352,449
1002,12051,0,0,0
1002,12052,0,0,0
1002,12053,0,0,0
1002,12054,62,21,41
1002,12060,11,11,0
1002,12061,0,0,0
1002,12062,0,0,0
1002,12063,0,0,0
1002,12064,11,11,0
1002,12065,19,19,0
1002,12066,0,0,0
1002,12067,0,0,0
1002,12068,0,0,0
1002,12069,25,15,10
1002,12070,17,17,0
1002,12071,0,0,0
1002,12072,21,21,0
1002,12073,0,0,0
1002,13003,139,87,52
1002,13004,82,65,17
1002,13071,65,52,13
1002,13072,112,99,13
1002,13073,143,116,27
1002,13074,251,230,21
1002,13075,135,125,10
1002,13076,117,85,32
1002,14511,0,0,0
1002,14521,0,0,0
1002,14522,0,0,0
1002,14523,0,0,0
1002,14524,0,0,0
1002,14612,55,34,21
1002,14625,0,0,0
1002,14626,0,0,0
1002,14627,0,0,0
1002,14628,0,0,0
1002,14713,79,49,30
1002,14729,0,0,0
1002,14730,0,0,0
1002,15001,0,0,0
1002,15002,11,0,11
1002,15003,23,0,23
1002,15081,16,16,0
1002,15082,0,0,0
1002,15083,14,14,0
1002,15084,0,0,0
1002,15085,12,12,0
1002,15086,0,0,0
1002,15087,0,0,0
1002,15088,11,11,0
1002,15089,0,0,0
1002,15090,18,18,0
1002,15091,0,0,0
1002,16051,11,11,0
1002,16052,0,0,0
1002,16053,0,0,0
1002,16054,0,0,0
1002,16055,0,0,0
1002,16056,0,0,0
1002,16061,0,0,0
1002,16062,0,0,0
1002,16063,0,0,0
1002,16064,0,0,0
1002,16065,0,0,0
1002,16066,0,0,0
1002,16067,0,0,0
1002,16068,0,0,0
1002,16069,0,0,0
1002,16070,11,11,0
1002,16071,0,0,0
1002,16072,0,0,0
1002,16073,0,0,0
1002,16074,0,0,0
1002,16075,0,0,0
1002,16076,0,0,0
1002,16077,0,0,0
1003,1001,169,125,44
1003,1002,2443,1103,1340
1003,1003,0,0,0
1003,1004,348,172,176
1003,1051,199,155,44
1003,1053,6743,5293,1450
1003,1054,143,90,53
1003,1055,20547,13583,6964
1003,1056,420,238,182
1003,1057,682,520,162
1003,1058,571,384,187
1003,1059,158,114,44
1003,1060,2822,1829,993
1003,1061,161,103,58
1003,1062,6833,3869,2964
1003,2000,7077,2172,4905
1003,3101,46,30,16
1003,3102,0,0,0
1003,3103,0,0,0
1003,3151,0,0,0
1003,3153,11,11,0
1003,3154,0,0,0
1003,3155,11,0,11
1003,3157,14,14,0
1003,3158,0,0,0
1003,3159,39,19,20
1003,3241,333,179,154
1003,3251,67,52,15
1003,3252,14,14,0
1003,3254,39,26,13
1003,3255,0,0,0
1003,3256,16,16,0
1003,3257,16,16,0
1003,3351,141,114,27
1003,3352,35,35,0
1003,3353,218,141,77
1003,3354,47,47,0
1003,3355,160,100,60
1003,3356,11,11,0
1003,3357,62,50,12
1003,3358,50,38,12
1003,3359,122,88,34
1003,3360,22,22,0
1003,3361,35,25,10
1003,3401,22,22,0
1003,3402,0,0,0
1003,3403,43,27,16
1003,3404,44,26,18
1003,3405,17,0,17
1003,3451,28,18,10
1003,3452,35,23,12
1003,3453,153,153,0
1003,3454,182,169,13
1003,3455,0,0,0
1003,3456,16,16,0
1003,3457,14,14,0
1003,3458,82,82,0
1003,3459,112,100,12
1003,3460,118,106,12
1003,3461,13,13,0
1003,3462,0,0,0
1003,4011,211,117,94
1003,4012,22,22,0
1003,5111,114,32,82
1003,5112,17,17,0
1003,5113,60,12,48
1003,5114,23,23,0
1003,5116,19,19,0
1003,5117,0,0,0
1003,5119,0,0,0
1003,5120,0,0,0
1003,5122,0,0,0
1003,5124,0,0,0
1003,5154,29,29,0
1003,5158,48,20,28
1003,5162,25,11,14
1003,5166,20,10,10
1003,5170,10,10,0
1003,5314,34,15,19
1003,5315,128,41,87
1003,5316,0,0,0
1003,5334,54,24,30
1003,5358,11,11,0
1003,5362,57,37,20
1003,5366,0,0,0
1003,5370,0,0,0
1003,5374,38,0,38
1003,5378,11,11,0
1003,5382,35,22,13
1003,5512,0,0,0
1003,5513,0,0,0
1003,5515,46,18,28
1003,5554,23,12,11
1003,5558,0,0,0
1003,5562,33,33,0
1003,5566,87,73,14
1003,5570,16,16,0
1003,5711,40,18,22
1003,5754,93,66,27
1003,5758,23,12,11
1003,5762,0,0,0
1003,5766,13,13,0
1003,5770,32,32,0
1003,5774,11,0,11
1003,5911,14,14,0
1003,5913,111,82,29
1003,5914,0,0,0
1003,5915,10,0,10
1003,5916,0,0,0
1003,5954,23,23,0
1003,5958,12,12,0
1003,5962,31,19,12
1003,5966,0,0,0
1003,5970,27,16,11
1003,5974,27,15,12
1003,5978,55,25,30
1003,6411,46,25,21
1003,6412,162,72,90
1003,6413,17,17,0
1003,6414,44,22,22
1003,6431,0,0,0
1003,6432,10,0,10
1003,6433,35,25,10
1003,6434,30,0,30
1003,6435,19,19,0
1003,6436,43,15,28
1003,6437,0,0,0
1003,6438,43,26,17
1003,6439,11,11,0
1003,6440,27,27,0
1003,6531,31,31,0
1003,6532,0,0,0
1003,6533,0,0,0
1003,6534,0,0,0
1003,6535,0,0,0
1003,6611,0,0,0
1003,6631,13,0,13
1003,6632,0,0,0
1003,6633,16,16,0
1003,6634,0,0,0
1003,6635,0,0,0
1003,6636,0,0,0
1003,7111,0,0,0
1003,7131,0,0,0
1003,7132,0,0,0
1003,7133,0,0,0
1003,7134,0,0,0
1003,7135,0,0,0
1003,7137,0,0,0
1003,7138,16,0,16
1003,7140,0,0,0
1003,7141,0,0,0
1003,7143,10,10,0
1003,7211,0,0,0
1003,7231,0,0,0
1003,7232,0,0,0
1003,7233,0,0,0
1003,7235,0,0,0
1003,7311,0,0,0
1003,7312,0,0,0
1003,7313,0,0,0
1003,7314,0,0,0
1003,7315,0,0,0
1003,7316,0,0,0
1003,7317,0,0,0
1003,7318,0,0,0
1003,7319,0,0,0
1003,7320,0,0,0
1003,7331,33,33,0
1003,7332,0,0,0
1003,7333,0,0,0
1003,7334,0,0,0
1003,7335,0,0,0
1003,7336,0,0,0
1003,7337,0,0,0
1003,7338,0,0,0
1003,7339,16,16,0
1003,7340,0,0,0
1003,8111,83,42,41
1003,8115,13,13,0
1003,8116,47,21,26
1003,8117,0,0,0
1003,8118,47,27,20
1003,8119,21,21,0
1003,8121,0,0,0
1003,8125,12,12,0
1003,8126,21,0,21
1003,8127,51,51,0
1003,8128,0,0,0
1003,8135,0,0,0
1003,8136,10,10,0
1003,8211,0,0,0
1003,8212,13,0,13
1003,8215,44,30,14
1003,8216,0,0,0
1003,8221,19,0,19
1003,8222,22,0,22
1003,8225,0,0,0
1003,8226,25,11,14
1003,8231,0,0,0
1003,8235,0,0,0
1003,8236,0,0,0
1003,8237,0,0,0
1003,8311,11,0,11
1003,8315,0,0,0
1003,8316,0,0,0
1003,8317,16,16,0
1003,8325,0,0,0
1003,8326,0,0,0
1003,8327,0,0,0
1003,8335,27,27,0
1003,8336,0,0,0
1003,8337,0,0,0
1003,8415,19,19,0
1003,8416,0,0,0
1003,8417,11,0,11
1003,8421,13,0,13
1003,8425,0,0,0
1003,8426,0,0,0
1003,8435,0,0,0
1003,8436,0,0,0
1003,8437,0,0,0
1003,9161,0,0,0
1003,9162,171,55,116
1003,9163,0,0,0
1003,9171,0,0,0
1003,9172,0,0,0
1003,9173,0,0,0
1003,9174,0,0,0
1003,9175,0,0,0
1003,9176,0,0,0
1003,9177,0,0,0
1003,9178,15,0,15
1003,9179,13,13,0
1003,9180,0,0,0
1003,9181,0,0,0
1003,9182,0,0,0
1003,9183,86,86,0
1003,9184,48,14,34
1003,9185,0,0,0
1003,9186,0,0,0
1003,9187,0,0,0
1003,9188,0,0,0
1003,9189,0,0,0
1003,9190,0,0,0
1003,9261,0,0,0
1003,9262,0,0,0
1003,9263,18,18,0
1003,9271,12,12,0
1003,9272,0,0,0
1003,9273,0,0,0
1003,9274,0,0,0
1003,9275,15,15,0
1003,9276,0,0,0
1003,9277,0,0,0
1003,9278,10,10,0
1003,9279,0,0,0
1003,9361,0,0,0
1003,9362,0,0,0
1003,9363,0,0,0
1003,9371,0,0,0
1003,9372,0,0,0
1003,9373,42,42,0
1003,9374,0,0,0
1003,9375,0,0,0
1003,9376,0,0,0
1003,9377,0,0,0
1003,9461,0,0,0
1003,9462,0,0,0
1003,9463,0,0,0
1003,9464,0,0,0
1003,9471,0,0,0
1003,9472,0,0,0
1003,9473,0,0,0
1003,9474,0,0,0
1003,9475,10,0,10
1003,9476,0,0,0
1003,9477,0,0,0
1003,9478,0,0,0
1003,9479,0,0,0
1003,9561,0,0,0
1003,9562,10,0,10
1003,9563,12,12,0
1003,9564,48,22,26
1003,9565,0,0,0
1003,9571,15,15,0
1003,9572,0,0,0
1003,9573,0,0,0
1003,9574,0,0,0
1003,9575,0,0,0
1003,9576,0,0,0
1003,9577,0,0,0
1003,9661,0,0,0
1003,9662,0,0,0
1003,9663,0,0,0
1003,9671,28,28,0
1003,9672,0,0,0
1003,9673,0,0,0
1003,9674,0,0,0
1003,9675,0,0,0
1003,9676,0,0,0
1003,9677,0,0,0
1003,9678,0,0,0
1003,9679,0,0,0
1003,9761,29,13,16
1003,9762,0,0,0
1003,9763,13,13,0
1003,9764,0,0,0
1003,9771,0,0,0
1003,9772,11,11,0
1003,9773,0,0,0
1003,9774,0,0,0
1003,9775,0,0,0
1003,9776,0,0,0
1003,9777,0,0,0
1003,9778,0,0,0
1003,9779,0,0,0
1003,9780,0,0,0
1003,10041,28,28,0
1003,10042,0,0,0
1003,10043,0,0,0
1003,10044,0,0,0
1003,10045,0,0,0
1003,10046,0,0,0
1003,11000,747,349,398
1003,12051,18,18,0
1003,12052,0,0,0
1003,12053,0,0,0
1003,12054,38,26,12
1003,12060,12,12,0
1003,12061,0,0,0
1003,12062,0,0,0
1003,12063,10,10,0
1003,12064,0,0,0
1003,12065,18,18,0
1003,12066,0,0,0
1003,12067,27,27,0
1003,12068,15,15,0
1003,12069,29,18,11
1003,12070,39,39,0
1003,12071,0,0,0
1003,12072,33,13,20
1003,12073,0,0,0
1003,13003,284,164,120
1003,13004,280,177,103
1003,13071,95,65,30
1003,13072,250,204,46
1003,13073,131,101,30
1003,13074,8294,6771,1523
1003,13075,131,109,22
1003,13076,520,439,81
1003,14511,0,0,0
1003,14521,0,0,0
1003,14522,0,0,0
1003,14523,0,0,0
1003,14524,0,0,0
1003,14612,40,19,21
1003,14625,0,0,0
1003,14626,0,0,0
1003,14627,0,0,0
1003,14628,0,0,0
1003,14713,57,40,17
1003,14729,14,0,14
1003,14730,0,0,0
1003,15001,0,0,0
1003,15002,25,13,12
1003,15003,11,11,0
1003,15081,13,13,0
1003,15082,0,0,0
1003,15083,41,41,0
1003,15084,0,0,0
1003,15085,15,0,15
1003,15086,0,0,0
1003,15087,0,0,0
1003,15088,0,0,0
1003,15089,0,0,0
1003,15090,0,0,0
1003,15091,0,0,0
1003,16051,32,19,13
1003,16052,0,0,0
1003,16053,0,0,0
1003,16054,0,0,0
1003,16055,0,0,0
1003,16056,0,0,0
1003,16061,10,10,0
1003,16062,0,0,0
1003,16063,0,0,0
1003,16064,0,0,0
1003,16065,0,0,0
1003,16066,0,0,0
1003,16067,0,0,0
1003,16068,0,0,0
1003,16069,0,0,0
1003,16070,10,0,10
1003,16071,0,0,0
1003,16072,0,0,0
1003,16073,0,0,0
1003,16074,0,0,0
1003,16075,0,0,0
1003,16076,0,0,0
1003,16077,0,0,0
1004,1001,182,133,49
1004,1002,4181,2013,2168
1004,1003,348,176,172
1004,1004,0,0,0
1004,1051,276,235,41
1004,1053,136,101,35
1004,1054,214,180,34
1004,1055,451,389,62
1004,1056,752,486,266
1004,1057,2296,1909,387
1004,1058,7963,5705,2258
1004,1059,488,388,100
1004,1060,6842,4331,2511
1004,1061,1249,1011,238
1004,1062,397,180,217
1004,2000,2353,690,1663
1004,3101,0,0,0
1004,3102,0,0,0
1004,3103,0,0,0
1004,3151,0,0,0
1004,3153,0,0,0
1004,3154,0,0,0
1004,3155,0,0,0
1004,3157,0,0,0
1004,3158,0,0,0
1004,3159,0,0,0
1004,3241,83,25,58
1004,3251,0,0,0
1004,3252,0,0,0
1004,3254,0,0,0
1004,3255,0,0,0
1004,3256,16,16,0
1004,3257,0,0,0
1004,3351,121,121,0
1004,3352,60,60,0
1004,3353,114,49,65
1004,3354,0,0,0
1004,3355,64,64,0
1004,3356,15,15,0
1004,3357,52,41,11
1004,3358,147,147,0
1004,3359,48,30,18
1004,3360,27,27,0
1004,3361,10,0,10
1004,3401,0,0,0
1004,3402,0,0,0
1004,3403,0,0,0
1004,3404,15,0,15
1004,3405,171,171,0
1004,3451,0,0,0
1004,3452,58,58,0
1004,3453,10,10,0
1004,3454,16,16,0
1004,3455,97,97,0
1004,3456,0,0,0
1004,3457,20,20,0
1004,3458,12,0,12
1004,3459,10,10,0
1004,3460,23,0,23
1004,3461,0,0,0
1004,3462,93,93,0
1004,4011,42,14,28
1004,4012,20,20,0
1004,5111,51,0,51
1004,5112,0,0,0
1004,5113,17,0,17
1004,5114,0,0,0
1004,5116,10,0,10
1004,5117,0,0,0
1004,5119,0,0,0
1004,5120,0,0,0
1004,5122,0,0,0
1004,5124,12,0,12
1004,5154,41,41,0
1004,5158,12,0,12
1004,5162,10,0,10
1004,5166,0,0,0
1004,5170,26,26,0
1004,5314,0,0,0
1004,5315,72,25,47
1004,5316,0,0,0
1004,5334,11,0,11
1004,5358,0,0,0
1004,5362,11,11,0
1004,5366,0,0,0
1004,5370,0,0,0
1004,5374,10,0,10
1004,5378,0,0,0
1004,5382,14,14,0
1004,5512,0,0,0
1004,5513,0,0,0
1004,5515,0,0,0
1004,5554,0,0,0
1004,5558,0,0,0
1004,5562,30,16,14
1004,5566,14,14,0
1004,5570,18,18,0
1004,5711,0,0,0
1004,5754,0,0,0
1004,5758,0,0,0
1004,5762,14,14,0
1004,5766,0,0,0
1004,5770,0,0,0
1004,5774,0,0,0
1004,5911,0,0,0
1004,5913,0,0,0
1004,5914,0,0,0
1004,5915,0,0,0
1004,5916,0,0,0
1004,5954,14,14,0
1004,5958,0,0,0
1004,5962,0,0,0
1004,5966,0,0,0
1004,5970,19,19,0
1004,5974,0,0,0
1004,5978,42,14,28
1004,6411,0,0,0
1004,6412,71,0,71
1004,6413,0,0,0
1004,6414,11,0,11
1004,6431,0,0,0
1004,6432,0,0,0
1004,6433,0,0,0
1004,6434,0,0,0
1004,6435,0,0,0
1004,6436,0,0,0
1004,6437,0,0,0
1004,6438,27,0,27
1004,6439,0,0,0
1004,6440,0,0,0
1004,6531,0,0,0
1004,6532,0,0,0
1004,6533,0,0,0
1004,6534,13,13,0
1004,6535,0,0,0
1004,6611,0,0,0
1004,6631,0,0,0
1004,6632,0,0,0
1004,6633,0,0,0
1004,6634,17,17,0
1004,6635,0,0,0
1004,6636,0,0,0
1004,7111,20,20,0
1004,7131,0,0,0
1004,7132,0,0,0
1004,7133,0,0,0
1004,7134,27,27,0
1004,7135,35,35,0
1004,7137,21,21,0
1004,7138,10,10,0
1004,7140,0,0,0
1004,7141,0,0,0
1004,7143,0,0,0
1004,7211,0,0,0
1004,7231,0,0,0
1004,7232,0,0,0
1004,7233,22,22,0
1004,7235,0,0,0
1004,7311,0,0,0
1004,7312,0,0,0
1004,7313,0,0,0
1004,7314,0,0,0
1004,7315,0,0,0
1004,7316,0,0,0
1004,7317,0,0,0
1004,7318,0,0,0
1004,7319,0,0,0
1004,7320,0,0,0
1004,7331,0,0,0
1004,7332,0,0,0
1004,7333,0,0,0
1004,7334,0,0,0
1004,7335,0,0,0
1004,7336,0,0,0
1004,7337,0,0,0
1004,7338,0,0,0
1004,7339,0,0,0
1004,7340,0,0,0
1004,8111,21,0,21
1004,8115,0,0,0
1004,8116,0,0,0
1004,8117,0,0,0
1004,8118,11,0,11
1004,8119,0,0,0
1004,8121,0,0,0
1004,8125,0,0,0
1004,8126,0,0,0
1004,8127,0,0,0
1004,8128,0,0,0
1004,8135,0,0,0
1004,8136,0,0,0
1004,8211,0,0,0
1004,8212,0,0,0
1004,8215,0,0,0
1004,8216,0,0,0
1004,8221,0,0,0
1004,8222,0,0,0
1004,8225,0,0,0
1004,8226,10,0,10
1004,8231,0,0,0
1004,8235,0,0,0
1004,8236,0,0,0
1004,8237,0,0,0
1004,8311,0,0,0
1004,8315,0,0,0
1004,8316,0,0,0
1004,8317,0,0,0
1004,8325,0,0,0
1004,8326,0,0,0
1004,8327,0,0,0
1004,8335,0,0,0
1004,8336,0,0,0
1004,8337,0,0,0
1004,8415,0,0,0
1004,8416,0,0,0
1004,8417,0,0,0
1004,8421,0,0,0
1004,8425,0,0,0
1004,8426,0,0,0
1004,8435,0,0,0
1004,8436,0,0,0
1004,8437,17,17,0
1004,9161,11,11,0
1004,9162,116,10,106
1004,9163,0,0,0
1004,9171,0,0,0
1004,9172,0,0,0
1004,9173,0,0,0
1004,9174,0,0,0
1004,9175,0,0,0
1004,9176,0,0,0
1004,9177,0,0,0
1004,9178,0,0,0
1004,9179,0,0,0
1004,9180,0,0,0
1004,9181,0,0,0
1004,9182,0,0,0
1004,9183,0,0,0
1004,9184,16,0,16
1004,9185,0,0,0
1004,9186,0,0,0
1004,9187,0,0,0
1004,9188,0,0,0
1004,9189,16,0,16
1004,9190,0,0,0
1004,9261,0,0,0
1004,9262,0,0,0
1004,9263,0,0,0
1004,9271,0,0,0
1004,9272,0,0,0
1004,9273,0,0,0
1004,9274,0,0,0
1004,9275,0,0,0
1004,9276,0,0,0
1004,9277,0,0,0
1004,9278,0,0,0
1004,9279,0,0,0
1004,9361,0,0,0
1004,9362,0,0,0
1004,9363,0,0,0
1004,9371,0,0,0
1004,9372,0,0,0
1004,9373,0,0,0
1004,9374,0,0,0
1004,9375,0,0,0
1004,9376,0,0,0
1004,9377,0,0,0
1004,9461,0,0,0
1004,9462,0,0,0
1004,9463,0,0,0
1004,9464,0,0,0
1004,9471,0,0,0
1004,9472,0,0,0
1004,9473,0,0,0
1004,9474,0,0,0
1004,9475,0,0,0
1004,9476,0,0,0
1004,9477,0,0,0
1004,9478,0,0,0
1004,9479,0,0,0
1004,9561,0,0,0
1004,9562,0,0,0
1004,9563,0,0,0
1004,9564,0,0,0
1004,9565,0,0,0
1004,9571,0,0,0
1004,9572,0,0,0
1004,9573,0,0,0
1004,9574,0,0,0
1004,9575,0,0,0
1004,9576,0,0,0
1004,9577,0,0,0
1004,9661,0,0,0
1004,9662,0,0,0
1004,9663,0,0,0
1004,9671,0,0,0
1004,9672,0,0,0
1004,9673,0,0,0
1004,9674,0,0,0
1004,9675,0,0,0
1004,9676,0,0,0
1004,9677,0,0,0
1004,9678,0,0,0
1004,9679,0,0,0
1004,9761,0,0,0
1004,9762,0,0,0
1004,9763,0,0,0
1004,9764,0,0,0
1004,9771,0,0,0
1004,9772,0,0,0
1004,9773,0,0,0
1004,9774,0,0,0
1004,9775,0,0,0
1004,9776,0,0,0
1004,9777,0,0,0
1004,9778,0,0,0
1004,9779,0,0,0
1004,9780,0,0,0
1004,10041,0,0,0
1004,10042,13,13,0
1004,10043,0,0,0
1004,10044,11,11,0
1004,10045,0,0,0
1004,10046,0,0,0
1004,11000,823,725,98
1004,12051,0,0,0
1004,12052,0,0,0
1004,12053,0,0,0
1004,12054,39,39,0
1004,12060,19,19,0
1004,12061,26,26,0
1004,12062,0,0,0
1004,12063,17,17,0
1004,12064,50,40,10
1004,12065,39,39,0
1004,12066,0,0,0
1004,12067,36,36,0
1004,12068,0,0,0
1004,12069,22,22,0
1004,12070,0,0,0
1004,12071,0,0,0
1004,12072,41,41,0
1004,12073,11,11,0
1004,13003,21,21,0
1004,13004,60,60,0
1004,13071,43,43,0
1004,13072,30,30,0
1004,13073,27,27,0
1004,13074,72,72,0
1004,13075,18,18,0
1004,13076,641,627,14
1004,14511,0,0,0
1004,14521,0,0,0
1004,14522,0,0,0
1004,14523,0,0,0
1004,14524,0,0,0
1004,14612,37,37,0
1004,14625,21,21,0
1004,14626,0,0,0
1004,14627,0,0,0
1004,14628,10,10,0
1004,14713,33,22,11
1004,14729,14,14,0
1004,14730,0,0,0
1004,15001,0,0,0
1004,15002,0,0,0
1004,15003,0,0,0
1004,15081,0,0,0
1004,15082,0,0,0
1004,15083,0,0,0
1004,15084,0,0,0
1004,15085,0,0,0
1004,15086,0,0,0
1004,15087,0,0,0
1004,15088,0,0,0
1004,15089,0,0,0
1004,15090,0,0,0
1004,15091,0,0,0
1004,16051,0,0,0
1004,16052,0,0,0
1004,16053,0,0,0
1004,16054,0,0,0
1004,16055,0,0,0
1004,16056,0,0,0
1004,16061,0,0,0
1004,16062,0,0,0
1004,16063,0,0,0
1004,16064,0,0,0
1004,16065,14,14,0
1004,16066,0,0,0
1004,16067,0,0,0
1004,16068,0,0,0
1004,16069,0,0,0
1004,16070,0,0,0
1004,16071,0,0,0
1004,16072,0,0,0
1004,16073,0,0,0
1004,16074,0,0,0
1004,16075,0,0,0
1004,16076,0,0,0
1004,16077,10,10,0
1051,1001,263,51,212
1051,1002,832,93,739
1051,1003,199,44,155
1051,1004,276,41,235
1051,1051,0,0,0
1051,1053,55,27,28
1051,1054,2880,1127,1753
1051,1055,142,69,73
1051,1056,819,259,560
1051,1057,127,59,68
1051,1058,2123,835,1288
1051,1059,839,392,447
1051,1060,289,94,195
1051,1061,4764,1938,2826
1051,1062,135,50,85
1051,2000,2453,465,1988
1051,3101,10,0,10
1051,3102,0,0,0
1051,3103,15,0,15
1051,3151,0,0,0
1051,3153,0,0,0
1051,3154,0,0,0
1051,3155,0,0,0
1051,3157,0,0,0
1051,3158,0,0,0
1051,3159,0,0,0
1051,3241,90,14,76
1051,3251,15,15,0
1051,3252,0,0,0
1051,3254,0,0,0
1051,3255,0,0,0
1051,3256,0,0,0
1051,3257,0,0,0
1051,3351,0,0,0
1051,3352,108,17,91
1051,3353,112,50,62
1051,3354,0,0,0
1051,3355,33,19,14
1051,3356,0,0,0
1051,3357,79,13,66
1051,3358,15,0,15
1051,3359,142,60,82
1051,3360,13,0,13
1051,3361,0,0,0
1051,3401,0,0,0
1051,3402,0,0,0
1051,3403,13,0,13
1051,3404,35,0,35
1051,3405,0,0,0
1051,3451,0,0,0
1051,3452,14,0,14
1051,3453,15,0,15
1051,3454,10,0,10
1051,3455,10,0,10
1051,3456,0,0,0
1051,3457,24,11,13
1051,3458,0,0,0
1051,3459,12,0,12
1051,3460,0,0,0
1051,3461,0,0,0
1051,3462,0,0,0
1051,4011,71,17,54
1051,4012,0,0,0
1051,5111,28,0,28
1051,5112,26,26,0
1051,5113,53,0,53
1051,5114,0,0,0
1051,5116,0,0,0
1051,5117,0,0,0
1051,5119,0,0,0
1051,5120,0,0,0
1051,5122,0,0,0
1051,5124,0,0,0
1051,5154,0,0,0
1051,5158,17,0,17
1051,5162,0,0,0
1051,5166,0,0,0
1051,5170,14,0,14
1051,5314,0,0,0
1051,5315,38,0,38
1051,5316,22,0,22
1051,5334,0,0,0
1051,5358,0,0,0
1051,5362,110,0,110
1051,5366,0,0,0
1051,5370,0,0,0
1051,5374,25,0,25
1051,5378,0,0,0
1051,5382,13,0,13
1051,5512,0,0,0
1051,5513,0,0,0
1051,5515,10,0,10
1051,5554,0,0,0
1051,5558,0,0,0
1051,5562,19,0,19
1051,5566,14,0,14
1051,5570,0,0,0
1051,5711,10,10,0
1051,5754,16,0,16
1051,5758,0,0,0
1051,5762,0,0,0
1051,5766,0,0,0
1051,5770,0,0,0
1051,5774,0,0,0
1051,5911,17,0,17
1051,5913,11,0,11
1051,5914,0,0,0
1051,5915,0,0,0
1051,5916,0,0,0
1051,5954,0,0,0
1051,5958,0,0,0
1051,5962,0,0,0
1051,5966,0,0,0
1051,5970,0,0,0
1051,5974,0,0,0
1051,5978,17,0,17
1051,6411,0,0,0
1051,6412,53,0,53
1051,6413,0,0,0
1051,6414,0,0,0
1051,6431,0,0,0
1051,6432,0,0,0
1051,6433,0,0,0
1051,6434,0,0,0
1051,6435,10,0,10
1051,6436,0,0,0
1051,6437,0,0,0
1051,6438,64,0,64
1051,6439,0,0,0
1051,6440,0,0,0
1051,6531,0,0,0
1051,6532,0,0,0
1051,6533,0,0,0
1051,6534,0,0,0
1051,6535,0,0,0
1051,6611,0,0,0
1051,6631,0,0,0
1051,6632,0,0,0
1051,6633,0,0,0
1051,6634,0,0,0
1051,6635,0,0,0
1051,6636,0,0,0
1051,7111,0,0,0
1051,7131,0,0,0
1051,7132,0,0,0
1051,7133,0,0,0
1051,7134,0,0,0
1051,7135,0,0,0
1051,7137,0,0,0
1051,7138,0,0,0
1051,7140,0,0,0
1051,7141,0,0,0
1051,7143,0,0,0
1051,7211,0,0,0
1051,7231,0,0,0
1051,7232,0,0,0
1051,7233,0,0,0
1051,7235,0,0,0
1051,7311,0,0,0
1051,7312,0,0,0
1051,7313,0,0,0
1051,7314,0,0,0
1051,7315,0,0,0
1051,7316,0,0,0
1051,7317,0,0,0
1051,7318,0,0,0
1051,7319,0,0,0
1051,7320,0,0,0
1051,7331,0,0,0
1051,7332,0,0,0
1051,7333,0,0,0
1051,7334,0,0,0
1051,7335,0,0,0
1051,7336,0,0,0
1051,7337,18,0,18
1051,7338,0,0,0
1051,7339,0,0,0
1051,7340,0,0,0
1051,8111,18,0,18
1051,8115,0,0,0
1051,8116,0,0,0
1051,8117,0,0,0
1051,8118,0,0,0
1051,8119,0,0,0
1051,8121,0,0,0
1051,8125,0,0,0
1051,8126,10,0,10
1051,8127,0,0,0
1051,8128,0,0,0
1051,8135,0,0,0
1051,8136,0,0,0
1051,8211,0,0,0
1051,8212,0,0,0
1051,8215,20,0,20
1051,8216,0,0,0
1051,8221,0,0,0
1051,8222,23,0,23
1051,8225,0,0,0
1051,8226,0,0,0
1051,8231,0,0,0
1051,8235,0,0,0
1051,8236,0,0,0
1051,8237,0,0,0
1051,8311,0,0,0
1051,8315,0,0,0
1051,8316,0,0,0
1051,8317,0,0,0
1051,8325,0,0,0
1051,8326,0,0,0
1051,8327,0,0,0
1051,8335,0,0,0
1051,8336,0,0,0
1051,8337,0,0,0
1051,8415,0,0,0
1051,8416,0,0,0
1051,8417,0,0,0
1051,8421,0,0,0
1051,8425,0,0,0
1051,8426,0,0,0
1051,8435,0,0,0
1051,8436,0,0,0
1051,8437,0,0,0
1051,9161,0,0,0
1051,9162,29,0,29
1051,9163,0,0,0
1051,9171,0,0,0
1051,9172,0,0,0
1051,9173,0,0,0
1051,9174,0,0,0
1051,9175,0,0,0
1051,9176,0,0,0
1051,9177,0,0,0
1051,9178,12,0,12
1051,9179,0,0,0
1051,9180,0,0,0
1051,9181,0,0,0
1051,9182,0,0,0
1051,9183,0,0,0
1051,9184,40,0,40
1051,9185,0,0,0
1051,9186,0,0,0
1051,9187,0,0,0
1051,9188,0,0,0
1051,9189,0,0,0
1051,9190,0,0,0
1051,9261,0,0,0
1051,9262,0,0,0
1051,9263,0,0,0
1051,9271,0,0,0
1051,9272,0,0,0
1051,9273,0,0,0
1051,9274,0,0,0
1051,9275,0,0,0
1051,9276,0,0,0
1051,9277,0,0,0
1051,9278,0,0,0
1051,9279,0,0,0
1051,9361,0,0,0
1051,9362,0,0,0
1051,9363,0,0,0
1051,9371,0,0,0
1051,9372,0,0,0
1051,9373,0,0,0
1051,9374,0,0,0
1051,9375,0,0,0
1051,9376,0,0,0
1051,9377,0,0,0
1051,9461,0,0,0
1051,9462,0,0,0
1051,9463,0,0,0
1051,9464,0,0,0
1051,9471,0,0,0
1051,9472,0,0,0
1051,9473,0,0,0
1051,9474,0,0,0
1051,9475,0,0,0
1051,9476,0,0,0
1051,9477,0,0,0
1051,9478,0,0,0
1051,9479,0,0,0
1051,9561,0,0,0
1051,9562,0,0,0
1051,9563,0,0,0
1051,9564,12,0,12
1051,9565,0,0,0
1051,9571,0,0,0
1051,9572,0,0,0
1051,9573,0,0,0
1051,9574,0,0,0
1051,9575,0,0,0
1051,9576,0,0,0
1051,9577,0,0,0
1051,9661,0,0,0
1051,9662,0,0,0
1051,9663,0,0,0
1051,9671,0,0,0
1051,9672,0,0,0
1051,9673,0,0,0
1051,9674,0,0,0
1051,9675,0,0,0
1051,9676,0,0,0
1051,9677,0,0,0
1051,9678,0,0,0
1051,9679,0,0,0
1051,9761,0,0,0
1051,9762,0,0,0
1051,9763,0,0,0
1051,9764,0,0,0
1051,9771,0,0,0
1051,9772,0,0,0
1051,9773,0,0,0
1051,9774,0,0,0
1051,9775,0,0,0
1051,9776,0,0,0
1051,9777,0,0,0
1051,9778,0,0,0
1051,9779,0,0,0
1051,9780,0,0,0
1051,10041,14,0,14
1051,10042,0,0,0
1051,10043,0,0,0
1051,10044,0,0,0
1051,10045,0,0,0
1051,10046,0,0,0
1051,11000,174,32,142
1051,12051,0,0,0
1051,12052,0,0,0
1051,12053,0,0,0
1051,12054,0,0,0
1051,12060,0,0,0
1051,12061,0,0,0
1051,12062,0,0,0
1051,12063,0,0,0
1051,12064,0,0,0
1051,12065,0,0,0
1051,12066,0,0,0
1051,12067,0,0,0
1051,12068,0,0,0
1051,12069,22,11,11
1051,12070,0,0,0
1051,12071,0,0,0
1051,12072,0,0,0
1051,12073,13,13,0
1051,13003,18,18,0
1051,13004,0,0,0
1051,13071,21,21,0
1051,13072,67,56,11
1051,13073,39,23,16
1051,13074,27,27,0
1051,13075,14,14,0
1051,13076,23,23,0
1051,14511,0,0,0
1051,14521,0,0,0
1051,14522,0,0,0
1051,14523,0,0,0
1051,14524,0,0,0
1051,14612,0,0,0
1051,14625,0,0,0
1051,14626,0,0,0
1051,14627,0,0,0
1051,14628,0,0,0
1051,14713,0,0,0
1051,14729,0,0,0
1051,14730,0,0,0
1051,15001,0,0,0
1051,15002,0,0,0
1051,15003,0,0,0
1051,15081,0,0,0
1051,15082,0,0,0
1051,15083,0,0,0
1051,15084,0,0,0
1051,15085,0,0,0
1051,15086,0,0,0
1051,15087,0,0,0
1051,15088,16,0,16
1051,15089,0,0,0
1051,15090,0,0,0
1051,15091,11,11,0
1051,16051,0,0,0
1051,16052,0,0,0
1051,16053,0,0,0
1051,16054,0,0,0
1051,16055,0,0,0
1051,16056,0,0,0
1051,16061,0,0,0
1051,16062,0,0,0
1051,16063,0,0,0
1051,16064,0,0,0
1051,16065,0,0,0
1051,16066,0,0,0
1051,16067,0,0,0
1051,16068,0,0,0
1051,16069,0,0,0
1051,16070,0,0,0
1051,16071,0,0,0
1051,16072,0,0,0
1051,16073,0,0,0
1051,16074,0,0,0
1051,16075,0,0,0
1051,16076,0,0,0
1051,16077,0,0,0
1053,1001,47,17,30
1053,1002,535,73,462
1053,1003,6743,1450,5293
1053,1004,136,35,101
1053,1051,55,28,27
1053,1053,0,0,0
1053,1054,76,26,50
1053,1055,810,343,467
1053,1056,376,157,219
1053,1057,88,51,37
1053,1058,174,76,98
1053,1059,55,34,21
1053,1060,743,267,476
1053,1061,182,44,138
1053,1062,10449,1957,8492
1053,2000,28055,4825,23230
1053,3101,17,0,17
1053,3102,0,0,0
1053,3103,15,0,15
1053,3151,0,0,0
1053,3153,11,0,11
1053,3154,0,0,0
1053,3155,0,0,0
1053,3157,0,0,0
1053,3158,0,0,0
1053,3159,32,13,19
1053,3241,241,33,208
1053,3251,11,0,11
1053,3252,0,0,0
1053,3254,13,0,13
1053,3255,0,0,0
1053,3256,0,0,0
1053,3257,0,0,0
1053,3351,69,15,54
1053,3352,53,29,24
1053,3353,1786,1143,643
1053,3354,49,49,0
1053,3355,2575,1783,792
1053,3356,10,0,10
1053,3357,75,37,38
1053,3358,72,32,40
1053,3359,139,62,77
1053,3360,175,141,34
1053,3361,21,0,21
1053,3401,0,0,0
1053,3402,0,0,0
1053,3403,12,0,12
1053,3404,24,0,24
1053,3405,10,0,10
1053,3451,27,12,15
1053,3452,12,12,0
1053,3453,15,0,15
1053,3454,36,11,25
1053,3455,0,0,0
1053,3456,0,0,0
1053,3457,0,0,0
1053,3458,0,0,0
1053,3459,29,12,17
1053,3460,0,0,0
1053,3461,0,0,0
1053,3462,0,0,0
1053,4011,140,27,113
1053,4012,0,0,0
1053,5111,122,21,101
1053,5112,15,0,15
1053,5113,37,0,37
1053,5114,11,0,11
1053,5116,20,0,20
1053,5117,0,0,0
1053,5119,0,0,0
1053,5120,0,0,0
1053,5122,0,0,0
1053,5124,0,0,0
1053,5154,0,0,0
1053,5158,30,0,30
1053,5162,10,0,10
1053,5166,0,0,0
1053,5170,0,0,0
1053,5314,28,12,16
1053,5315,99,10,89
1053,5316,0,0,0
1053,5334,33,0,33
1053,5358,0,0,0
1053,5362,26,11,15
1053,5366,0,0,0
1053,5370,0,0,0
1053,5374,17,0,17
1053,5378,0,0,0
1053,5382,31,19,12
1053,5512,0,0,0
1053,5513,16,16,0
1053,5515,28,10,18
1053,5554,17,17,0
1053,5558,0,0,0
1053,5562,26,10,16
1053,5566,12,12,0
1053,5570,0,0,0
1053,5711,20,0,20
1053,5754,37,10,27
1053,5758,15,0,15
1053,5762,0,0,0
1053,5766,10,0,10
1053,5770,10,0,10
1053,5774,13,0,13
1053,5911,19,0,19
1053,5913,57,0,57
1053,5914,10,0,10
1053,5915,13,0,13
1053,5916,0,0,0
1053,5954,10,0,10
1053,5958,0,0,0
1053,5962,0,0,0
1053,5966,0,0,0
1053,5970,0,0,0
1053,5974,0,0,0
1053,5978,27,10,17
1053,6411,0,0,0
1053,6412,166,48,118
1053,6413,14,14,0
1053,6414,50,11,39
1053,6431,0,0,0
1053,6432,0,0,0
1053,6433,28,14,14
1053,6434,18,0,18
1053,6435,10,0,10
1053,6436,52,13,39
1053,6437,0,0,0
1053,6438,39,10,29
1053,6439,0,0,0
1053,6440,13,13,0
1053,6531,0,0,0
1053,6532,13,0,13
1053,6533,0,0,0
1053,6534,0,0,0
1053,6535,0,0,0
1053,6611,12,0,12
1053,6631,12,0,12
1053,6632,0,0,0
1053,6633,0,0,0
1053,6634,0,0,0
1053,6635,0,0,0
1053,6636,0,0,0
1053,7111,0,0,0
1053,7131,0,0,0
1053,7132,0,0,0
1053,7133,0,0,0
1053,7134,0,0,0
1053,7135,0,0,0
1053,7137,0,0,0
1053,7138,0,0,0
1053,7140,0,0,0
1053,7141,0,0,0
1053,7143,0,0,0
1053,7211,0,0,0
1053,7231,0,0,0
1053,7232,0,0,0
1053,7233,0,0,0
1053,7235,0,0,0
1053,7311,0,0,0
1053,7312,0,0,0
1053,7313,0,0,0
1053,7314,0,0,0
1053,7315,10,0,10
1053,7316,0,0,0
1053,7317,0,0,0
1053,7318,0,0,0
1053,7319,0,0,0
1053,7320,0,0,0
1053,7331,0,0,0
1053,7332,0,0,0
1053,7333,0,0,0
1053,7334,0,0,0
1053,7335,0,0,0
1053,7336,0,0,0
1053,7337,0,0,0
1053,7338,0,0,0
1053,7339,0,0,0
1053,7340,0,0,0
1053,8111,32,0,32
1053,8115,12,0,12
1053,8116,27,0,27
1053,8117,0,0,0
1053,8118,15,0,15
1053,8119,0,0,0
1053,8121,0,0,0
1053,8125,16,0,16
1053,8126,16,0,16
1053,8127,0,0,0
1053,8128,0,0,0
1053,8135,0,0,0
1053,8136,45,0,45
1053,8211,0,0,0
1053,8212,10,0,10
1053,8215,13,0,13
1053,8216,0,0,0
1053,8221,0,0,0
1053,8222,13,0,13
1053,8225,0,0,0
1053,8226,20,0,20
1053,8231,0,0,0
1053,8235,0,0,0
1053,8236,0,0,0
1053,8237,0,0,0
1053,8311,0,0,0
1053,8315,0,0,0
1053,8316,0,0,0
1053,8317,13,0,13
1053,8325,0,0,0
1053,8326,0,0,0
1053,8327,0,0,0
1053,8335,11,0,11
1053,8336,0,0,0
1053,8337,0,0,0
1053,8415,0,0,0
1053,8416,0,0,0
1053,8417,0,0,0
1053,8421,0,0,0
1053,8425,11,11,0
1053,8426,0,0,0
1053,8435,0,0,0
1053,8436,0,0,0
1053,8437,0,0,0
1053,9161,0,0,0
1053,9162,163,64,99
1053,9163,0,0,0
1053,9171,0,0,0
1053,9172,0,0,0
1053,9173,0,0,0
1053,9174,0,0,0
1053,9175,0,0,0
1053,9176,0,0,0
1053,9177,0,0,0
1053,9178,15,0,15
1053,9179,0,0,0
1053,9180,0,0,0
1053,9181,0,0,0
1053,9182,0,0,0
1053,9183,0,0,0
1053,9184,40,0,40
1053,9185,0,0,0
1053,9186,0,0,0
1053,9187,0,0,0
1053,9188,0,0,0
1053,9189,0,0,0
1053,9190,0,0,0
1053,9261,0,0,0
1053,9262,0,0,0
1053,9263,0,0,0
1053,9271,0,0,0
1053,9272,0,0,0
1053,9273,0,0,0
1053,9274,0,0,0
1053,9275,0,0,0
1053,9276,0,0,0
1053,9277,13,13,0
1053,9278,0,0,0
1053,9279,0,0,0
1053,9361,0,0,0
1053,9362,0,0,0
1053,9363,0,0,0
1053,9371,0,0,0
1053,9372,0,0,0
1053,9373,0,0,0
1053,9374,0,0,0
1053,9375,0,0,0
1053,9376,0,0,0
1053,9377,0,0,0
1053,9461,0,0,0
1053,9462,0,0,0
1053,9463,0,0,0
1053,9464,0,0,0
1053,9471,0,0,0
1053,9472,0,0,0
1053,9473,0,0,0
1053,9474,0,0,0
1053,9475,0,0,0
1053,9476,0,0,0
1053,9477,0,0,0
1053,9478,0,0,0
1053,9479,0,0,0
1053,9561,0,0,0
1053,9562,0,0,0
1053,9563,0,0,0
1053,9564,20,0,20
1053,9565,0,0,0
1053,9571,0,0,0
1053,9572,0,0,0
1053,9573,0,0,0
1053,9574,0,0,0
1053,9575,0,0,0
1053,9576,0,0,0
1053,9577,0,0,0
1053,9661,0,0,0
1053,9662,0,0,0
1053,9663,0,0,0
1053,9671,0,0,0
1053,9672,0,0,0
1053,9673,0,0,0
1053,9674,0,0,0
1053,9675,0,0,0
1053,9676,0,0,0
1053,9677,0,0,0
1053,9678,0,0,0
1053,9679,0,0,0
1053,9761,0,0,0
1053,9762,0,0,0
1053,9763,0,0,0
1053,9764,0,0,0
1053,9771,0,0,0
1053,9772,0,0,0
1053,9773,0,0,0
1053,9774,0,0,0
1053,9775,11,0,11
1053,9776,0,0,0
1053,9777,0,0,0
1053,9778,0,0,0
1053,9779,0,0,0
1053,9780,0,0,0
1053,10041,0,0,0
1053,10042,0,0,0
1053,10043,0,0,0
1053,10044,0,0,0
1053,10045,0,0,0
1053,10046,0,0,0
1053,11000,578,281,297
1053,12051,0,0,0
1053,12052,0,0,0
1053,12053,0,0,0
1053,12054,14,0,14
1053,12060,0,0,0
1053,12061,37,0,37
1053,12062,0,0,0
1053,12063,16,16,0
1053,12064,13,13,0
1053,12065,10,10,0
1053,12066,0,0,0
1053,12067,0,0,0
1053,12068,16,16,0
1053,12069,19,19,0
1053,12070,29,29,0
1053,12071,0,0,0
1053,12072,12,12,0
1053,12073,11,11,0
1053,13003,78,36,42
1053,13004,202,107,95
1053,13071,46,36,10
1053,13072,103,64,39
1053,13073,48,29,19
1053,13074,1820,1428,392
1053,13075,48,34,14
1053,13076,3284,2478,806
1053,14511,0,0,0
1053,14521,0,0,0
1053,14522,0,0,0
1053,14523,0,0,0
1053,14524,0,0,0
1053,14612,16,0,16
1053,14625,0,0,0
1053,14626,0,0,0
1053,14627,0,0,0
1053,14628,0,0,0
1053,14713,29,17,12
1053,14729,0,0,0
1053,14730,0,0,0
1053,15001,0,0,0
1053,15002,31,0,31
1053,15003,22,11,11
1053,15081,22,22,0
1053,15082,0,0,0
1053,15083,0,0,0
1053,15084,0,0,0
1053,15085,0,0,0
1053,15086,0,0,0
1053,15087,0,0,0
1053,15088,12,12,0
1053,15089,0,0,0
1053,15090,11,11,0
1053,15091,0,0,0
1053,16051,0,0,0
1053,16052,0,0,0
1053,16053,0,0,0
1053,16054,0,0,0
1053,16055,0,0,0
1053,16056,0,0,0
1053,16061,0,0,0
1053,16062,0,0,0
1053,16063,0,0,0
1053,16064,0,0,0
1053,16065,0,0,0
1053,16066,0,0,0
1053,16067,0,0,0
1053,16068,0,0,0
1053,16069,0,0,0
1053,16070,0,0,0
1053,16071,0,0,0
1053,16072,0,0,0
1053,16073,0,0,0
1053,16074,0,0,0
1053,16075,0,0,0
1053,16076,0,0,0
1053,16077,0,0,0
1054,1001,3235,748,2487
1054,1002,815,188,627
1054,1003,143,53,90
1054,1004,214,34,180
1054,1051,2880,1753,1127
1054,1053,76,50,26
1054,1054,0,0,0
1054,1055,235,164,71
1054,1056,296,122,174
1054,1057,130,97,33
1054,1058,1054,425,629
1054,1059,5331,2611,2720
1054,1060,178,61,117
1054,1061,305,158,147
1054,1062,110,53,57
1054,2000,1558,425,1133
1054,3101,18,0,18
1054,3102,0,0,0
1054,3103,11,0,11
1054,3151,0,0,0
1054,3153,0,0,0
1054,3154,0,0,0
1054,3155,0,0,0
1054,3157,0,0,0
1054,3158,0,0,0
1054,3159,27,14,13
1054,3241,173,57,116
1054,3251,43,21,22
1054,3252,28,18,10
1054,3254,10,10,0
1054,3255,0,0,0
1054,3256,11,11,0
1054,3257,10,0,10
1054,3351,27,14,13
1054,3352,60,44,16
1054,3353,82,42,40
1054,3354,0,0,0
1054,3355,58,46,12
1054,3356,11,11,0
1054,3357,66,35,31
1054,3358,36,24,12
1054,3359,96,33,63
1054,3360,11,11,0
1054,3361,18,18,0
1054,3401,0,0,0
1054,3402,0,0,0
1054,3403,0,0,0
1054,3404,14,0,14
1054,3405,0,0,0
1054,3451,0,0,0
1054,3452,29,15,14
1054,3453,13,0,13
1054,3454,27,10,17
1054,3455,41,12,29
1054,3456,0,0,0
1054,3457,10,10,0
1054,3458,12,12,0
1054,3459,10,10,0
1054,3460,32,12,20
1054,3461,11,11,0
1054,3462,10,10,0
1054,4011,135,65,70
1054,4012,52,12,40
1054,5111,72,23,49
1054,5112,11,11,0
1054,5113,33,11,22
1054,5114,0,0,0
1054,5116,0,0,0
1054,5117,0,0,0
1054,5119,0,0,0
1054,5120,0,0,0
1054,5122,0,0,0
1054,5124,0,0,0
1054,5154,0,0,0
1054,5158,19,0,19
1054,5162,10,10,0
1054,5166,0,0,0
1054,5170,20,0,20
1054,5314,0,0,0
1054,5315,106,32,74
1054,5316,0,0,0
1054,5334,20,10,10
1054,5358,0,0,0
1054,5362,0,0,0
1054,5366,0,0,0
1054,5370,0,0,0
1054,5374,12,0,12
1054,5378,0,0,0
1054,5382,78,12,66
1054,5512,0,0,0
1054,5513,0,0,0
1054,5515,20,0,20
1054,5554,0,0,0
1054,5558,0,0,0
1054,5562,17,17,0
1054,5566,31,20,11
1054,5570,0,0,0
1054,5711,13,0,13
1054,5754,14,0,14
1054,5758,32,0,32
1054,5762,10,10,0
1054,5766,16,16,0
1054,5770,0,0,0
1054,5774,18,18,0
1054,5911,23,11,12
1054,5913,33,13,20
1054,5914,0,0,0
1054,5915,10,10,0
1054,5916,0,0,0
1054,5954,11,11,0
1054,5958,35,0,35
1054,5962,0,0,0
1054,5966,0,0,0
1054,5970,0,0,0
1054,5974,31,19,12
1054,5978,25,12,13
1054,6411,0,0,0
1054,6412,78,17,61
1054,6413,0,0,0
1054,6414,14,0,14
1054,6431,0,0,0
1054,6432,0,0,0
1054,6433,0,0,0
1054,6434,19,0,19
1054,6435,16,16,0
1054,6436,11,11,0
1054,6437,0,0,0
1054,6438,11,0,11
1054,6439,0,0,0
1054,6440,0,0,0
1054,6531,0,0,0
1054,6532,0,0,0
1054,6533,0,0,0
1054,6534,0,0,0
1054,6535,0,0,0
1054,6611,0,0,0
1054,6631,0,0,0
1054,6632,0,0,0
1054,6633,15,15,0
1054,6634,0,0,0
1054,6635,0,0,0
1054,6636,0,0,0
1054,7111,0,0,0
1054,7131,0,0,0
1054,7132,0,0,0
1054,7133,0,0,0
1054,7134,0,0,0
1054,7135,0,0,0
1054,7137,0,0,0
1054,7138,0,0,0
1054,7140,0,0,0
1054,7141,0,0,0
1054,7143,0,0,0
1054,7211,0,0,0
1054,7231,22,22,0
1054,7232,12,12,0
1054,7233,0,0,0
1054,7235,0,0,0
1054,7311,0,0,0
1054,7312,0,0,0
1054,7313,0,0,0
1054,7314,0,0,0
1054,7315,0,0,0
1054,7316,0,0,0
1054,7317,0,0,0
1054,7318,0,0,0
1054,7319,0,0,0
1054,7320,0,0,0
1054,7331,0,0,0
1054,7332,0,0,0
1054,7333,0,0,0
1054,7334,0,0,0
1054,7335,0,0,0
1054,7336,0,0,0
1054,7337,0,0,0
1054,7338,0,0,0
1054,7339,0,0,0
1054,7340,0,0,0
1054,8111,22,10,12
1054,8115,0,0,0
1054,8116,0,0,0
1054,8117,11,11,0
1054,8118,10,10,0
1054,8119,0,0,0
1054,8121,0,0,0
1054,8125,0,0,0
1054,8126,0,0,0
1054,8127,0,0,0
1054,8128,0,0,0
1054,8135,0,0,0
1054,8136,0,0,0
1054,8211,10,0,10
1054,8212,0,0,0
1054,8215,12,0,12
1054,8216,0,0,0
1054,8221,0,0,0
1054,8222,10,0,10
1054,8225,0,0,0
1054,8226,0,0,0
1054,8231,0,0,0
1054,8235,0,0,0
1054,8236,0,0,0
1054,8237,0,0,0
1054,8311,0,0,0
1054,8315,0,0,0
1054,8316,0,0,0
1054,8317,10,0,10
1054,8325,0,0,0
1054,8326,0,0,0
1054,8327,0,0,0
1054,8335,0,0,0
1054,8336,0,0,0
1054,8337,0,0,0
1054,8415,0,0,0
1054,8416,0,0,0
1054,8417,0,0,0
1054,8421,0,0,0
1054,8425,0,0,0
1054,8426,0,0,0
1054,8435,0,0,0
1054,8436,0,0,0
1054,8437,0,0,0
1054,9161,0,0,0
1054,9162,93,23,70
1054,9163,0,0,0
1054,9171,0,0,0
1054,9172,0,0,0
1054,9173,0,0,0
1054,9174,0,0,0
1054,9175,0,0,0
1054,9176,0,0,0
1054,9177,0,0,0
1054,9178,0,0,0
1054,9179,0,0,0
1054,9180,0,0,0
1054,9181,0,0,0
1054,9182,0,0,0
1054,9183,0,0,0
1054,9184,16,0,16
1054,9185,0,0,0
1054,9186,0,0,0
1054,9187,0,0,0
1054,9188,0,0,0
1054,9189,0,0,0
1054,9190,0,0,0
1054,9261,0,0,0
1054,9262,0,0,0
1054,9263,0,0,0
1054,9271,0,0,0
1054,9272,0,0,0
1054,9273,0,0,0
1054,9274,0,0,0
1054,9275,0,0,0
1054,9276,0,0,0
1054,9277,0,0,0
1054,9278,0,0,0
1054,9279,0,0,0
1054,9361,0,0,0
1054,9362,0,0,0
1054,9363,0,0,0
1054,9371,0,0,0
1054,9372,0,0,0
1054,9373,0,0,0
1054,9374,0,0,0
1054,9375,0,0,0
1054,9376,0,0,0
1054,9377,0,0,0
1054,9461,0,0,0
1054,9462,0,0,0
1054,9463,0,0,0
1054,9464,0,0,0
1054,9471,0,0,0
1054,9472,0,0,0
1054,9473,0,0,0
1054,9474,0,0,0
1054,9475,0,0,0
1054,9476,0,0,0
1054,9477,0,0,0
1054,9478,0,0,0
1054,9479,0,0,0
1054,9561,0,0,0
1054,9562,0,0,0
1054,9563,0,0,0
1054,9564,11,0,11
1054,9565,0,0,0
1054,9571,0,0,0
1054,9572,0,0,0
1054,9573,0,0,0
1054,9574,0,0,0
1054,9575,0,0,0
1054,9576,0,0,0
1054,9577,0,0,0
1054,9661,0,0,0
1054,9662,0,0,0
1054,9663,0,0,0
1054,9671,11,11,0
1054,9672,0,0,0
1054,9673,0,0,0
1054,9674,0,0,0
1054,9675,0,0,0
1054,9676,0,0,0
1054,9677,0,0,0
1054,9678,0,0,0
1054,9679,0,0,0
1054,9761,16,16,0
1054,9762,0,0,0
1054,9763,0,0,0
1054,9764,0,0,0
1054,9771,0,0,0
1054,9772,0,0,0
1054,9773,0,0,0
1054,9774,0,0,0
1054,9775,0,0,0
1054,9776,0,0,0
1054,9777,0,0,0
1054,9778,0,0,0
1054,9779,0,0,0
1054,9780,0,0,0
1054,10041,163,0,163
1054,10042,0,0,0
1054,10043,0,0,0
1054,10044,0,0,0
1054,10045,0,0,0
1054,10046,0,0,0
1054,11000,360,157,203
1054,12051,0,0,0
1054,12052,24,24,0
1054,12053,0,0,0
1054,12054,0,0,0
1054,12060,16,16,0
1054,12061,10,10,0
1054,12062,48,48,0
1054,12063,13,13,0
1054,12064,23,23,0
1054,12065,0,0,0
1054,12066,39,39,0
1054,12067,14,14,0
1054,12068,20,20,0
1054,12069,13,13,0
1054,12070,27,27,0
1054,12071,21,21,0
1054,12072,0,0,0
1054,12073,20,20,0
1054,13003,44,26,18
1054,13004,11,11,0
1054,13071,36,26,10
1054,13072,47,30,17
1054,13073,76,60,16
1054,13074,48,48,0
1054,13075,94,80,14
1054,13076,54,43,11
1054,14511,0,0,0
1054,14521,10,10,0
1054,14522,11,11,0
1054,14523,0,0,0
1054,14524,0,0,0
1054,14612,10,10,0
1054,14625,16,16,0
1054,14626,0,0,0
1054,14627,13,13,0
1054,14628,0,0,0
1054,14713,23,23,0
1054,14729,13,13,0
1054,14730,0,0,0
1054,15001,0,0,0
1054,15002,15,15,0
1054,15003,18,18,0
1054,15081,0,0,0
1054,15082,0,0,0
1054,15083,27,27,0
1054,15084,0,0,0
1054,15085,14,14,0
1054,15086,16,16,0
1054,15087,0,0,0
1054,15088,11,11,0
1054,15089,40,40,0
1054,15090,26,26,0
1054,15091,0,0,0
1054,16051,17,17,0
1054,16052,0,0,0
1054,16053,0,0,0
1054,16054,0,0,0
1054,16055,0,0,0
1054,16056,0,0,0
1054,16061,0,0,0
1054,16062,0,0,0
1054,16063,0,0,0
1054,16064,13,13,0
1054,16065,11,11,0
1054,16066,0,0,0
1054,16067,0,0,0
1054,16068,0,0,0
1054,16069,0,0,0
1054,16070,0,0,0
1054,16071,0,0,0
1054,16072,0,0,0
1054,16073,0,0,0
1054,16074,0,0,0
1054,16075,0,0,0
1054,16076,0,0,0
1054,16077,0,0,0
1055,1001,74,42,32
1055,1002,1890,411,1479
1055,1003,20547,6964,13583
1055,1004,451,62,389
1055,1051,142,73,69
1055,1053,810,467,343
1055,1054,235,71,164
1055,1055,0,0,0
1055,1056,223,76,147
1055,1057,3295,1986,1309
1055,1058,485,225,260
1055,1059,166,112,54
1055,1060,2105,987,1118
1055,1061,127,35,92
1055,1062,2417,786,1631
1055,2000,3551,535,3016
1055,3101,35,10,25
1055,3102,0,0,0
1055,3103,16,0,16
1055,3151,0,0,0
1055,3153,0,0,0
1055,3154,0,0,0
1055,3155,0,0,0
1055,3157,0,0,0
1055,3158,0,0,0
1055,3159,34,15,19
1055,3241,288,62,226
1055,3251,40,16,24
1055,3252,0,0,0
1055,3254,27,15,12
1055,3255,0,0,0
1055,3256,0,0,0
1055,3257,26,15,11
1055,3351,31,10,21
1055,3352,62,40,22
1055,3353,156,59,97
1055,3354,0,0,0
1055,3355,89,50,39
1055,3356,14,14,0
1055,3357,45,17,28
1055,3358,41,19,22
1055,3359,63,34,29
1055,3360,31,19,12
1055,3361,25,12,13
1055,3401,16,0,16
1055,3402,0,0,0
1055,3403,41,15,26
1055,3404,34,0,34
1055,3405,0,0,0
1055,3451,0,0,0
1055,3452,11,11,0
1055,3453,0,0,0
1055,3454,19,0,19
1055,3455,0,0,0
1055,3456,19,0,19
1055,3457,0,0,0
1055,3458,16,0,16
1055,3459,10,10,0
1055,3460,10,0,10
1055,3461,0,0,0
1055,3462,0,0,0
1055,4011,150,27,123
1055,4012,31,20,11
1055,5111,47,0,47
1055,5112,14,0,14
1055,5113,51,0,51
1055,5114,0,0,0
1055,5116,0,0,0
1055,5117,0,0,0
1055,5119,0,0,0
1055,5120,0,0,0
1055,5122,0,0,0
1055,5124,10,10,0
1055,5154,10,0,10
1055,5158,33,0,33
1055,5162,18,0,18
1055,5166,0,0,0
1055,5170,12,0,12
1055,5314,17,0,17
1055,5315,85,0,85
1055,5316,0,0,0
1055,5334,15,0,15
1055,5358,0,0,0
1055,5362,25,0,25
1055,5366,0,0,0
1055,5370,0,0,0
1055,5374,0,0,0
1055,5378,0,0,0
1055,5382,22,0,22
1055,5512,0,0,0
1055,5513,0,0,0
1055,5515,21,0,21
1055,5554,0,0,0
1055,5558,0,0,0
1055,5562,11,0,11
1055,5566,19,0,19
1055,5570,0,0,0
1055,5711,41,12,29
1055,5754,34,0,34
1055,5758,19,0,19
1055,5762,0,0,0
1055,5766,20,0,20
1055,5770,18,0,18
1055,5774,14,14,0
1055,5911,24,10,14
1055,5913,42,10,32
1055,5914,0,0,0
1055,5915,0,0,0
1055,5916,0,0,0
1055,5954,0,0,0
1055,5958,0,0,0
1055,5962,15,0,15
1055,5966,0,0,0
1055,5970,40,0,40
1055,5974,11,0,11
1055,5978,18,0,18
1055,6411,0,0,0
1055,6412,74,0,74
1055,6413,0,0,0
1055,6414,0,0,0
1055,6431,0,0,0
1055,6432,0,0,0
1055,6433,0,0,0
1055,6434,25,0,25
1055,6435,10,0,10
1055,6436,20,0,20
1055,6437,0,0,0
1055,6438,19,0,19
1055,6439,0,0,0
1055,6440,0,0,0
1055,6531,0,0,0
1055,6532,0,0,0
1055,6533,0,0,0
1055,6534,0,0,0
1055,6535,0,0,0
1055,6611,10,0,10
1055,6631,10,0,10
1055,6632,0,0,0
1055,6633,0,0,0
1055,6634,0,0,0
1055,6635,0,0,0
1055,6636,0,0,0
1055,7111,0,0,0
1055,7131,0,0,0
1055,7132,0,0,0
1055,7133,0,0,0
1055,7134,0,0,0
1055,7135,0,0,0
1055,7137,0,0,0
1055,7138,10,0,10
1055,7140,0,0,0
1055,7141,0,0,0
1055,7143,0,0,0
1055,7211,0,0,0
1055,7231,0,0,0
1055,7232,0,0,0
1055,7233,0,0,0
1055,7235,0,0,0
1055,7311,0,0,0
1055,7312,0,0,0
1055,7313,0,0,0
1055,7314,0,0,0
1055,7315,12,0,12
1055,7316,0,0,0
1055,7317,0,0,0
1055,7318,0,0,0
1055,7319,0,0,0
1055,7320,0,0,0
1055,7331,0,0,0
1055,7332,0,0,0
1055,7333,0,0,0
1055,7334,0,0,0
1055,7335,0,0,0
1055,7336,0,0,0
1055,7337,0,0,0
1055,7338,0,0,0
1055,7339,0,0,0
1055,7340,0,0,0
1055,8111,35,0,35
1055,8115,10,0,10
1055,8116,17,0,17
1055,8117,0,0,0
1055,8118,0,0,0
1055,8119,0,0,0
1055,8121,0,0,0
1055,8125,0,0,0
1055,8126,17,0,17
1055,8127,0,0,0
1055,8128,0,0,0
1055,8135,0,0,0
1055,8136,0,0,0
1055,8211,0,0,0
1055,8212,0,0,0
1055,8215,18,0,18
1055,8216,0,0,0
1055,8221,0,0,0
1055,8222,12,0,12
1055,8225,0,0,0
1055,8226,18,0,18
1055,8231,0,0,0
1055,8235,0,0,0
1055,8236,0,0,0
1055,8237,0,0,0
1055,8311,0,0,0
1055,8315,0,0,0
1055,8316,0,0,0
1055,8317,13,0,13
1055,8325,0,0,0
1055,8326,0,0,0
1055,8327,0,0,0
1055,8335,10,0,10
1055,8336,0,0,0
1055,8337,0,0,0
1055,8415,0,0,0
1055,8416,0,0,0
1055,8417,14,0,14
1055,8421,0,0,0
1055,8425,0,0,0
1055,8426,0,0,0
1055,8435,0,0,0
1055,8436,0,0,0
1055,8437,0,0,0
1055,9161,0,0,0
1055,9162,106,10,96
1055,9163,0,0,0
1055,9171,0,0,0
1055,9172,0,0,0
1055,9173,0,0,0
1055,9174,0,0,0
1055,9175,0,0,0
1055,9176,0,0,0
1055,9177,0,0,0
1055,9178,10,0,10
1055,9179,0,0,0
1055,9180,0,0,0
1055,9181,0,0,0
1055,9182,0,0,0
1055,9183,0,0,0
1055,9184,27,0,27
1055,9185,0,0,0
1055,9186,0,0,0
1055,9187,0,0,0
1055,9188,0,0,0
1055,9189,0,0,0
1055,9190,0,0,0
1055,9261,0,0,0
1055,9262,0,0,0
1055,9263,0,0,0
1055,9271,0,0,0
1055,9272,0,0,0
1055,9273,0,0,0
1055,9274,0,0,0
1055,9275,0,0,0
1055,9276,0,0,0
1055,9277,0,0,0
1055,9278,0,0,0
1055,9279,0,0,0
1055,9361,0,0,0
1055,9362,0,0,0
1055,9363,0,0,0
1055,9371,0,0,0
1055,9372,0,0,0
1055,9373,0,0,0
1055,9374,0,0,0
1055,9375,0,0,0
1055,9376,0,0,0
1055,9377,0,0,0
1055,9461,0,0,0
1055,9462,0,0,0
1055,9463,0,0,0
1055,9464,0,0,0
1055,9471,0,0,0
1055,9472,0,0,0
1055,9473,0,0,0
1055,9474,0,0,0
1055,9475,0,0,0
1055,9476,0,0,0
1055,9477,0,0,0
1055,9478,0,0,0
1055,9479,0,0,0
1055,9561,0,0,0
1055,9562,0,0,0
1055,9563,0,0,0
1055,9564,21,0,21
1055,9565,0,0,0
1055,9571,0,0,0
1055,9572,0,0,0
1055,9573,0,0,0
1055,9574,0,0,0
1055,9575,0,0,0
1055,9576,0,0,0
1055,9577,0,0,0
1055,9661,0,0,0
1055,9662,0,0,0
1055,9663,0,0,0
1055,9671,0,0,0
1055,9672,0,0,0
1055,9673,0,0,0
1055,9674,0,0,0
1055,9675,0,0,0
1055,9676,0,0,0
1055,9677,0,0,0
1055,9678,0,0,0
1055,9679,0,0,0
1055,9761,0,0,0
1055,9762,0,0,0
1055,9763,0,0,0
1055,9764,0,0,0
1055,9771,0,0,0
1055,9772,0,0,0
1055,9773,0,0,0
1055,9774,0,0,0
1055,9775,0,0,0
1055,9776,0,0,0
1055,9777,0,0,0
1055,9778,0,0,0
1055,9779,0,0,0
1055,9780,0,0,0
1055,10041,0,0,0
1055,10042,0,0,0
1055,10043,0,0,0
1055,10044,0,0,0
1055,10045,0,0,0
1055,10046,0,0,0
1055,11000,369,121,248
1055,12051,0,0,0
1055,12052,0,0,0
1055,12053,0,0,0
1055,12054,11,0,11
1055,12060,0,0,0
1055,12061,0,0,0
1055,12062,0,0,0
1055,12063,0,0,0
1055,12064,0,0,0
1055,12065,11,0,11
1055,12066,0,0,0
1055,12067,0,0,0
1055,12068,0,0,0
1055,12069,19,0,19
1055,12070,29,12,17
1055,12071,0,0,0
1055,12072,0,0,0
1055,12073,0,0,0
1055,13003,287,204,83
1055,13004,104,55,49
1055,13071,56,41,15
1055,13072,234,198,36
1055,13073,250,225,25
1055,13074,1233,860,373
1055,13075,115,94,21
1055,13076,109,83,26
1055,14511,0,0,0
1055,14521,0,0,0
1055,14522,0,0,0
1055,14523,0,0,0
1055,14524,0,0,0
1055,14612,19,0,19
1055,14625,0,0,0
1055,14626,0,0,0
1055,14627,0,0,0
1055,14628,0,0,0
1055,14713,23,13,10
1055,14729,0,0,0
1055,14730,0,0,0
1055,15001,0,0,0
1055,15002,34,10,24
1055,15003,30,0,30
1055,15081,0,0,0
1055,15082,0,0,0
1055,15083,10,10,0
1055,15084,0,0,0
1055,15085,0,0,0
1055,15086,0,0,0
1055,15087,0,0,0
1055,15088,0,0,0
1055,15089,12,12,0
1055,15090,0,0,0
1055,15091,0,0,0
1055,16051,12,0,12
1055,16052,0,0,0
1055,16053,0,0,0
1055,16054,0,0,0
1055,16055,0,0,0
1055,16056,0,0,0
1055,16061,0,0,0
1055,16062,0,0,0
1055,16063,0,0,0
1055,16064,0,0,0
1055,16065,0,0,0
1055,16066,0,0,0
1055,16067,0,0,0
1055,16068,0,0,0
1055,16069,0,0,0
1055,16070,0,0,0
1055,16071,0,0,0
1055,16072,0,0,0
1055,16073,0,0,0
1055,16074,0,0,0
1055,16075,0,0,0
1055,16076,0,0,0
1055,16077,0,0,0
1056,1001,109,45,64
1056,1002,1017,261,756
1056,1003,420,182,238
1056,1004,752,266,486
1056,1051,819,560,259
1056,1053,376,219,157
1056,1054,296,174,122
1056,1055,223,147,76
1056,1056,0,0,0
1056,1057,152,107,45
1056,1058,897,520,377
1056,1059,180,103,77
1056,1060,10402,4616,5786
1056,1061,9553,6968,2585
1056,1062,1485,591,894
1056,2000,66416,14691,51725
1056,3101,65,35,30
1056,3102,15,15,0
1056,3103,18,0,18
1056,3151,12,12,0
1056,3153,35,13,22
1056,3154,0,0,0
1056,3155,0,0,0
1056,3157,22,11,11
1056,3158,13,13,0
1056,3159,36,19,17
1056,3241,387,98,289
1056,3251,58,33,25
1056,3252,10,10,0
1056,3254,40,24,16
1056,3255,0,0,0
1056,3256,57,12,45
1056,3257,17,17,0
1056,3351,97,24,73
1056,3352,159,104,55
1056,3353,1099,611,488
1056,3354,14,14,0
1056,3355,282,170,112
1056,3356,38,25,13
1056,3357,137,86,51
1056,3358,95,55,40
1056,3359,488,325,163
1056,3360,41,29,12
1056,3361,67,28,39
1056,3401,28,15,13
1056,3402,11,0,11
1056,3403,33,18,15
1056,3404,60,11,49
1056,3405,35,35,0
1056,3451,30,16,14
1056,3452,32,32,0
1056,3453,28,14,14
1056,3454,41,21,20
1056,3455,19,19,0
1056,3456,0,0,0
1056,3457,37,14,23
1056,3458,23,23,0
1056,3459,44,20,24
1056,3460,31,20,11
1056,3461,0,0,0
1056,3462,0,0,0
1056,4011,432,139,293
1056,4012,130,41,89
1056,5111,289,24,265
1056,5112,52,21,31
1056,5113,97,29,68
1056,5114,42,24,18
1056,5116,16,0,16
1056,5117,0,0,0
1056,5119,10,10,0
1056,5120,0,0,0
1056,5122,10,0,10
1056,5124,37,16,21
1056,5154,30,17,13
1056,5158,112,33,79
1056,5162,80,19,61
1056,5166,54,12,42
1056,5170,28,15,13
1056,5314,50,14,36
1056,5315,227,37,190
1056,5316,13,0,13
1056,5334,105,24,81
1056,5358,11,11,0
1056,5362,37,13,24
1056,5366,11,11,0
1056,5370,0,0,0
1056,5374,41,0,41
1056,5378,10,10,0
1056,5382,56,28,28
1056,5512,0,0,0
1056,5513,26,11,15
1056,5515,59,26,33
1056,5554,11,11,0
1056,5558,23,11,12
1056,5562,51,28,23
1056,5566,45,16,29
1056,5570,0,0,0
1056,5711,56,16,40
1056,5754,57,23,34
1056,5758,27,16,11
1056,5762,0,0,0
1056,5766,47,21,26
1056,5770,47,17,30
1056,5774,30,15,15
1056,5911,34,16,18
1056,5913,150,22,128
1056,5914,12,0,12
1056,5915,0,0,0
1056,5916,0,0,0
1056,5954,23,23,0
1056,5958,0,0,0
1056,5962,30,10,20
1056,5966,0,0,0
1056,5970,18,0,18
1056,5974,37,10,27
1056,5978,46,17,29
1056,6411,37,16,21
1056,6412,284,24,260
1056,6413,0,0,0
1056,6414,71,14,57
1056,6431,18,0,18
1056,6432,26,15,11
1056,6433,41,10,31
1056,6434,59,0,59
1056,6435,27,16,11
1056,6436,59,0,59
1056,6437,0,0,0
1056,6438,91,13,78
1056,6439,0,0,0
1056,6440,10,0,10
1056,6531,0,0,0
1056,6532,24,14,10
1056,6533,0,0,0
1056,6534,0,0,0
1056,6535,0,0,0
1056,6611,24,24,0
1056,6631,10,10,0
1056,6632,0,0,0
1056,6633,20,20,0
1056,6634,0,0,0
1056,6635,0,0,0
1056,6636,0,0,0
1056,7111,0,0,0
1056,7131,0,0,0
1056,7132,0,0,0
1056,7133,0,0,0
1056,7134,0,0,0
1056,7135,0,0,0
1056,7137,0,0,0
1056,7138,0,0,0
1056,7140,0,0,0
1056,7141,0,0,0
1056,7143,0,0,0
1056,7211,0,0,0
1056,7231,0,0,0
1056,7232,0,0,0
1056,7233,0,0,0
1056,7235,0,0,0
1056,7311,0,0,0
1056,7312,0,0,0
1056,7313,0,0,0
1056,7314,0,0,0
1056,7315,27,15,12
1056,7316,0,0,0
1056,7317,0,0,0
1056,7318,0,0,0
1056,7319,0,0,0
1056,7320,0,0,0
1056,7331,10,10,0
1056,7332,0,0,0
1056,7333,0,0,0
1056,7334,0,0,0
1056,7335,0,0,0
1056,7336,0,0,0
1056,7337,0,0,0
1056,7338,0,0,0
1056,7339,0,0,0
1056,7340,0,0,0
1056,8111,83,10,73
1056,8115,38,14,24
1056,8116,69,20,49
1056,8117,0,0,0
1056,8118,41,13,28
1056,8119,30,12,18
1056,8121,13,0,13
1056,8125,16,0,16
1056,8126,21,0,21
1056,8127,0,0,0
1056,8128,0,0,0
1056,8135,0,0,0
1056,8136,10,0,10
1056,8211,0,0,0
1056,8212,36,12,24
1056,8215,67,39,28
1056,8216,0,0,0
1056,8221,16,0,16
1056,8222,26,0,26
1056,8225,0,0,0
1056,8226,61,31,30
1056,8231,0,0,0
1056,8235,0,0,0
1056,8236,13,13,0
1056,8237,0,0,0
1056,8311,17,0,17
1056,8315,13,0,13
1056,8316,0,0,0
1056,8317,17,0,17
1056,8325,0,0,0
1056,8326,13,0,13
1056,8327,0,0,0
1056,8335,15,0,15
1056,8336,18,0,18
1056,8337,0,0,0
1056,8415,12,12,0
1056,8416,0,0,0
1056,8417,10,0,10
1056,8421,22,0,22
1056,8425,0,0,0
1056,8426,12,0,12
1056,8435,0,0,0
1056,8436,12,12,0
1056,8437,11,0,11
1056,9161,15,0,15
1056,9162,388,58,330
1056,9163,0,0,0
1056,9171,0,0,0
1056,9172,0,0,0
1056,9173,0,0,0
1056,9174,13,0,13
1056,9175,10,0,10
1056,9176,0,0,0
1056,9177,0,0,0
1056,9178,51,17,34
1056,9179,12,12,0
1056,9180,0,0,0
1056,9181,0,0,0
1056,9182,0,0,0
1056,9183,0,0,0
1056,9184,122,17,105
1056,9185,0,0,0
1056,9186,13,0,13
1056,9187,11,11,0
1056,9188,17,0,17
1056,9189,12,0,12
1056,9190,0,0,0
1056,9261,0,0,0
1056,9262,0,0,0
1056,9263,0,0,0
1056,9271,0,0,0
1056,9272,0,0,0
1056,9273,0,0,0
1056,9274,11,11,0
1056,9275,0,0,0
1056,9276,0,0,0
1056,9277,0,0,0
1056,9278,0,0,0
1056,9279,0,0,0
1056,9361,0,0,0
1056,9362,15,0,15
1056,9363,0,0,0
1056,9371,0,0,0
1056,9372,0,0,0
1056,9373,0,0,0
1056,9374,0,0,0
1056,9375,0,0,0
1056,9376,0,0,0
1056,9377,0,0,0
1056,9461,28,0,28
1056,9462,0,0,0
1056,9463,0,0,0
1056,9464,0,0,0
1056,9471,12,12,0
1056,9472,0,0,0
1056,9473,0,0,0
1056,9474,0,0,0
1056,9475,27,0,27
1056,9476,0,0,0
1056,9477,0,0,0
1056,9478,0,0,0
1056,9479,0,0,0
1056,9561,0,0,0
1056,9562,0,0,0
1056,9563,0,0,0
1056,9564,88,19,69
1056,9565,0,0,0
1056,9571,0,0,0
1056,9572,0,0,0
1056,9573,0,0,0
1056,9574,0,0,0
1056,9575,0,0,0
1056,9576,0,0,0
1056,9577,0,0,0
1056,9661,0,0,0
1056,9662,0,0,0
1056,9663,0,0,0
1056,9671,0,0,0
1056,9672,10,0,10
1056,9673,0,0,0
1056,9674,0,0,0
1056,9675,0,0,0
1056,9676,0,0,0
1056,9677,0,0,0
1056,9678,0,0,0
1056,9679,0,0,0
1056,9761,17,0,17
1056,9762,0,0,0
1056,9763,0,0,0
1056,9764,0,0,0
1056,9771,0,0,0
1056,9772,10,10,0
1056,9773,0,0,0
1056,9774,0,0,0
1056,9775,0,0,0
1056,9776,0,0,0
1056,9777,0,0,0
1056,9778,0,0,0
1056,9779,13,0,13
1056,9780,0,0,0
1056,10041,18,0,18
1056,10042,0,0,0
1056,10043,0,0,0
1056,10044,0,0,0
1056,10045,0,0,0
1056,10046,0,0,0
1056,11000,724,210,514
1056,12051,0,0,0
1056,12052,0,0,0
1056,12053,0,0,0
1056,12054,15,0,15
1056,12060,17,17,0
1056,12061,13,13,0
1056,12062,0,0,0
1056,12063,25,13,12
1056,12064,18,18,0
1056,12065,32,32,0
1056,12066,0,0,0
1056,12067,18,0,18
1056,12068,0,0,0
1056,12069,51,33,18
1056,12070,22,22,0
1056,12071,0,0,0
1056,12072,0,0,0
1056,12073,0,0,0
1056,13003,74,30,44
1056,13004,77,45,32
1056,13071,49,37,12
1056,13072,72,53,19
1056,13073,70,52,18
1056,13074,109,68,41
1056,13075,65,51,14
1056,13076,189,139,50
1056,14511,0,0,0
1056,14521,22,0,22
1056,14522,12,12,0
1056,14523,0,0,0
1056,14524,0,0,0
1056,14612,68,31,37
1056,14625,0,0,0
1056,14626,0,0,0
1056,14627,0,0,0
1056,14628,13,13,0
1056,14713,46,27,19
1056,14729,11,11,0
1056,14730,11,11,0
1056,15001,0,0,0
1056,15002,26,13,13
1056,15003,27,13,14
1056,15081,0,0,0
1056,15082,0,0,0
1056,15083,17,17,0
1056,15084,0,0,0
1056,15085,12,12,0
1056,15086,19,19,0
1056,15087,0,0,0
1056,15088,0,0,0
1056,15089,18,18,0
1056,15090,14,14,0
1056,15091,0,0,0
1056,16051,0,0,0
1056,16052,0,0,0
1056,16053,0,0,0
1056,16054,0,0,0
1056,16055,0,0,0
1056,16056,0,0,0
1056,16061,0,0,0
1056,16062,0,0,0
1056,16063,21,21,0
1056,16064,0,0,0
1056,16065,0,0,0
1056,16066,0,0,0
1056,16067,0,0,0
1056,16068,0,0,0
1056,16069,0,0,0
1056,16070,0,0,0
1056,16071,0,0,0
1056,16072,0,0,0
1056,16073,0,0,0
1056,16074,0,0,0
1056,16075,0,0,0
1056,16076,0,0,0
1056,16077,0,0,0
1057,1001,86,31,55
1057,1002,21513,4888,16625
1057,1003,682,162,520
1057,1004,2296,387,1909
1057,1051,127,68,59
1057,1053,88,37,51
1057,1054,130,33,97
1057,1055,3295,1309,1986
1057,1056,152,45,107
1057,1057,0,0,0
1057,1058,3756,1507,2249
1057,1059,243,103,140
1057,1060,2062,761,1301
1057,1061,146,47,99
1057,1062,258,55,203
1057,2000,1571,194,1377
1057,3101,0,0,0
1057,3102,0,0,0
1057,3103,0,0,0
1057,3151,0,0,0
1057,3153,0,0,0
1057,3154,0,0,0
1057,3155,0,0,0
1057,3157,0,0,0
1057,3158,0,0,0
1057,3159,0,0,0
1057,3241,117,11,106
1057,3251,0,0,0
1057,3252,0,0,0
1057,3254,18,0,18
1057,3255,0,0,0
1057,3256,0,0,0
1057,3257,0,0,0
1057,3351,10,0,10
1057,3352,14,0,14
1057,3353,61,17,44
1057,3354,0,0,0
1057,3355,24,13,11
1057,3356,0,0,0
1057,3357,11,0,11
1057,3358,13,0,13
1057,3359,12,0,12
1057,3360,0,0,0
1057,3361,0,0,0
1057,3401,0,0,0
1057,3402,0,0,0
1057,3403,11,0,11
1057,3404,32,0,32
1057,3405,46,0,46
1057,3451,0,0,0
1057,3452,0,0,0
1057,3453,0,0,0
1057,3454,170,160,10
1057,3455,0,0,0
1057,3456,0,0,0
1057,3457,10,10,0
1057,3458,0,0,0
1057,3459,0,0,0
1057,3460,0,0,0
1057,3461,0,0,0
1057,3462,0,0,0
1057,4011,79,0,79
1057,4012,0,0,0
1057,5111,37,0,37
1057,5112,0,0,0
1057,5113,25,0,25
1057,5114,0,0,0
1057,5116,0,0,0
1057,5117,0,0,0
1057,5119,0,0,0
1057,5120,0,0,0
1057,5122,0,0,0
1057,5124,0,0,0
1057,5154,0,0,0
1057,5158,19,0,19
1057,5162,0,0,0
1057,5166,0,0,0
1057,5170,0,0,0
1057,5314,16,0,16
1057,5315,53,0,53
1057,5316,0,0,0
1057,5334,0,0,0
1057,5358,0,0,0
1057,5362,0,0,0
1057,5366,0,0,0
1057,5370,0,0,0
1057,5374,18,0,18
1057,5378,0,0,0
1057,5382,0,0,0
1057,5512,0,0,0
1057,5513,0,0,0
1057,5515,15,0,15
1057,5554,0,0,0
1057,5558,13,0,13
1057,5562,0,0,0
1057,5566,0,0,0
1057,5570,0,0,0
1057,5711,13,0,13
1057,5754,11,0,11
1057,5758,18,0,18
1057,5762,0,0,0
1057,5766,0,0,0
1057,5770,0,0,0
1057,5774,0,0,0
1057,5911,0,0,0
1057,5913,10,0,10
1057,5914,0,0,0
1057,5915,0,0,0
1057,5916,0,0,0
1057,5954,0,0,0
1057,5958,0,0,0
1057,5962,0,0,0
1057,5966,0,0,0
1057,5970,0,0,0
1057,5974,0,0,0
1057,5978,12,0,12
1057,6411,0,0,0
1057,6412,49,0,49
1057,6413,0,0,0
1057,6414,0,0,0
1057,6431,0,0,0
1057,6432,0,0,0
1057,6433,0,0,0
1057,6434,13,0,13
1057,6435,0,0,0
1057,6436,20,0,20
1057,6437,0,0,0
1057,6438,13,0,13
1057,6439,0,0,0
1057,6440,0,0,0
1057,6531,0,0,0
1057,6532,0,0,0
1057,6533,0,0,0
1057,6534,0,0,0
1057,6535,0,0,0
1057,6611,10,0,10
1057,6631,0,0,0
1057,6632,0,0,0
1057,6633,0,0,0
1057,6634,0,0,0
1057,6635,0,0,0
1057,6636,0,0,0
1057,7111,13,0,13
1057,7131,0,0,0
1057,7132,0,0,0
1057,7133,0,0,0
1057,7134,0,0,0
1057,7135,0,0,0
1057,7137,0,0,0
1057,7138,0,0,0
1057,7140,0,0,0
1057,7141,0,0,0
1057,7143,0,0,0
1057,7211,0,0,0
1057,7231,0,0,0
1057,7232,0,0,0
1057,7233,0,0,0
1057,7235,0,0,0
1057,7311,0,0,0
1057,7312,0,0,0
1057,7313,0,0,0
1057,7314,0,0,0
1057,7315,0,0,0
1057,7316,0,0,0
1057,7317,0,0,0
1057,7318,0,0,0
1057,7319,0,0,0
1057,7320,0,0,0
1057,7331,0,0,0
1057,7332,0,0,0
1057,7333,0,0,0
1057,7334,0,0,0
1057,7335,0,0,0
1057,7336,0,0,0
1057,7337,0,0,0
1057,7338,0,0,0
1057,7339,0,0,0
1057,7340,0,0,0
1057,8111,31,0,31
1057,8115,0,0,0
1057,8116,0,0,0
1057,8117,0,0,0
1057,8118,0,0,0
1057,8119,0,0,0
1057,8121,0,0,0
1057,8125,0,0,0
1057,8126,14,0,14
1057,8127,0,0,0
1057,8128,0,0,0
1057,8135,0,0,0
1057,8136,0,0,0
1057,8211,0,0,0
1057,8212,0,0,0
1057,8215,14,0,14
1057,8216,0,0,0
1057,8221,0,0,0
1057,8222,28,0,28
1057,8225,0,0,0
1057,8226,10,0,10
1057,8231,0,0,0
1057,8235,0,0,0
1057,8236,0,0,0
1057,8237,0,0,0
1057,8311,0,0,0
1057,8315,0,0,0
1057,8316,0,0,0
1057,8317,0,0,0
1057,8325,0,0,0
1057,8326,0,0,0
1057,8327,0,0,0
1057,8335,0,0,0
1057,8336,0,0,0
1057,8337,0,0,0
1057,8415,0,0,0
1057,8416,0,0,0
1057,8417,0,0,0
1057,8421,0,0,0
1057,8425,0,0,0
1057,8426,0,0,0
1057,8435,0,0,0
1057,8436,0,0,0
1057,8437,0,0,0
1057,9161,0,0,0
1057,9162,53,0,53
1057,9163,0,0,0
1057,9171,0,0,0
1057,9172,0,0,0
1057,9173,0,0,0
1057,9174,0,0,0
1057,9175,0,0,0
1057,9176,0,0,0
1057,9177,0,0,0
1057,9178,0,0,0
1057,9179,0,0,0
1057,9180,0,0,0
1057,9181,0,0,0
1057,9182,0,0,0
1057,9183,0,0,0
1057,9184,21,0,21
1057,9185,0,0,0
1057,9186,0,0,0
1057,9187,0,0,0
1057,9188,0,0,0
1057,9189,0,0,0
1057,9190,0,0,0
1057,9261,0,0,0
1057,9262,0,0,0
1057,9263,0,0,0
1057,9271,0,0,0
1057,9272,0,0,0
1057,9273,0,0,0
1057,9274,0,0,0
1057,9275,0,0,0
1057,9276,0,0,0
1057,9277,0,0,0
1057,9278,0,0,0
1057,9279,0,0,0
1057,9361,0,0,0
1057,9362,0,0,0
1057,9363,0,0,0
1057,9371,0,0,0
1057,9372,0,0,0
1057,9373,0,0,0
1057,9374,0,0,0
1057,9375,0,0,0
1057,9376,0,0,0
1057,9377,0,0,0
1057,9461,0,0,0
1057,9462,0,0,0
1057,9463,0,0,0
1057,9464,0,0,0
1057,9471,0,0,0
1057,9472,0,0,0
1057,9473,0,0,0
1057,9474,0,0,0
1057,9475,0,0,0
1057,9476,0,0,0
1057,9477,0,0,0
1057,9478,0,0,0
1057,9479,0,0,0
1057,9561,0,0,0
1057,9562,0,0,0
1057,9563,0,0,0
1057,9564,12,0,12
1057,9565,0,0,0
1057,9571,0,0,0
1057,9572,0,0,0
1057,9573,0,0,0
1057,9574,0,0,0
1057,9575,0,0,0
1057,9576,0,0,0
1057,9577,0,0,0
1057,9661,0,0,0
1057,9662,0,0,0
1057,9663,0,0,0
1057,9671,0,0,0
1057,9672,0,0,0
1057,9673,0,0,0
1057,9674,0,0,0
1057,9675,0,0,0
1057,9676,0,0,0
1057,9677,0,0,0
1057,9678,0,0,0
1057,9679,0,0,0
1057,9761,0,0,0
1057,9762,0,0,0
1057,9763,0,0,0
1057,9764,0,0,0
1057,9771,0,0,0
1057,9772,0,0,0
1057,9773,0,0,0
1057,9774,0,0,0
1057,9775,0,0,0
1057,9776,0,0,0
1057,9777,0,0,0
1057,9778,0,0,0
1057,9779,0,0,0
1057,9780,0,0,0
1057,10041,0,0,0
1057,10042,0,0,0
1057,10043,0,0,0
1057,10044,0,0,0
1057,10045,0,0,0
1057,10046,0,0,0
1057,11000,207,32,175
1057,12051,0,0,0
1057,12052,0,0,0
1057,12053,0,0,0
1057,12054,0,0,0
1057,12060,0,0,0
1057,12061,0,0,0
1057,12062,0,0,0
1057,12063,0,0,0
1057,12064,0,0,0
1057,12065,0,0,0
1057,12066,0,0,0
1057,12067,0,0,0
1057,12068,0,0,0
1057,12069,14,0,14
1057,12070,0,0,0
1057,12071,0,0,0
1057,12072,0,0,0
1057,12073,0,0,0
1057,13003,13,0,13
1057,13004,0,0,0
1057,13071,23,10,13
1057,13072,29,29,0
1057,13073,34,18,16
1057,13074,53,35,18
1057,13075,13,13,0
1057,13076,29,13,16
1057,14511,0,0,0
1057,14521,0,0,0
1057,14522,0,0,0
1057,14523,0,0,0
1057,14524,0,0,0
1057,14612,11,0,11
1057,14625,0,0,0
1057,14626,0,0,0
1057,14627,0,0,0
1057,14628,0,0,0
1057,14713,0,0,0
1057,14729,0,0,0
1057,14730,0,0,0
1057,15001,0,0,0
1057,15002,0,0,0
1057,15003,0,0,0
1057,15081,0,0,0
1057,15082,0,0,0
1057,15083,0,0,0
1057,15084,0,0,0
1057,15085,0,0,0
1057,15086,0,0,0
1057,15087,0,0,0
1057,15088,0,0,0
1057,15089,0,0,0
1057,15090,0,0,0
1057,15091,0,0,0
1057,16051,0,0,0
1057,16052,0,0,0
1057,16053,0,0,0
1057,16054,0,0,0
1057,16055,0,0,0
1057,16056,0,0,0
1057,16061,0,0,0
1057,16062,0,0,0
1057,16063,0,0,0
1057,16064,0,0,0
1057,16065,0,0,0
1057,16066,0,0,0
1057,16067,0,0,0
1057,16068,0,0,0
1057,16069,0,0,0
1057,16070,0,0,0
1057,16071,0,0,0
1057,16072,0,0,0
1057,16073,0,0,0
1057,16074,0,0,0
1057,16075,0,0,0
1057,16076,0,0,0
1057,16077,0,0,0
1058,1001,1273,419,854
1058,1002,32951,8923,24028
1058,1003,571,187,384
1058,1004,7963,2258,5705
1058,1051,2123,1288,835
1058,1053,174,98,76
1058,1054,1054,629,425
1058,1055,485,260,225
1058,1056,897,377,520
1058,1057,3756,2249,1507
1058,1058,0,0,0
1058,1059,8333,4751,3582
1058,1060,2206,952,1254
1058,1061,2944,1511,1433
1058,1062,517,163,354
1058,2000,3931,847,3084
1058,3101,32,13,19
1058,3102,0,0,0
1058,3103,11,0,11
1058,3151,14,14,0
1058,3153,0,0,0
1058,3154,0,0,0
1058,3155,11,11,0
1058,3157,11,11,0
1058,3158,0,0,0
1058,3159,30,19,11
1058,3241,305,93,212
1058,3251,12,0,12
1058,3252,24,14,10
1058,3254,39,29,10
1058,3255,0,0,0
1058,3256,0,0,0
1058,3257,0,0,0
1058,3351,45,13,32
1058,3352,47,24,23
1058,3353,179,72,107
1058,3354,10,10,0
1058,3355,73,48,25
1058,3356,0,0,0
1058,3357,63,25,38
1058,3358,42,21,21
1058,3359,76,38,38
1058,3360,28,13,15
1058,3361,24,0,24
1058,3401,0,0,0
1058,3402,0,0,0
1058,3403,29,13,16
1058,3404,19,0,19
1058,3405,47,16,31
1058,3451,0,0,0
1058,3452,11,11,0
1058,3453,0,0,0
1058,3454,59,41,18
1058,3455,0,0,0
1058,3456,11,11,0
1058,3457,19,0,19
1058,3458,21,21,0
1058,3459,35,18,17
1058,3460,0,0,0
1058,3461,0,0,0
1058,3462,0,0,0
1058,4011,125,24,101
1058,4012,32,15,17
1058,5111,84,12,72
1058,5112,11,0,11
1058,5113,63,15,48
1058,5114,0,0,0
1058,5116,10,10,0
1058,5117,0,0,0
1058,5119,0,0,0
1058,5120,0,0,0
1058,5122,39,26,13
1058,5124,0,0,0
1058,5154,0,0,0
1058,5158,22,0,22
1058,5162,26,0,26
1058,5166,25,10,15
1058,5170,15,0,15
1058,5314,50,0,50
1058,5315,162,15,147
1058,5316,10,0,10
1058,5334,28,10,18
1058,5358,0,0,0
1058,5362,20,0,20
1058,5366,0,0,0
1058,5370,0,0,0
1058,5374,39,0,39
1058,5378,0,0,0
1058,5382,33,16,17
1058,5512,0,0,0
1058,5513,0,0,0
1058,5515,18,0,18
1058,5554,11,0,11
1058,5558,0,0,0
1058,5562,11,11,0
1058,5566,28,12,16
1058,5570,13,13,0
1058,5711,24,0,24
1058,5754,54,15,39
1058,5758,43,0,43
1058,5762,0,0,0
1058,5766,14,14,0
1058,5770,23,0,23
1058,5774,20,10,10
1058,5911,14,0,14
1058,5913,33,15,18
1058,5914,0,0,0
1058,5915,0,0,0
1058,5916,0,0,0
1058,5954,0,0,0
1058,5958,0,0,0
1058,5962,14,0,14
1058,5966,0,0,0
1058,5970,77,77,0
1058,5974,0,0,0
1058,5978,17,0,17
1058,6411,0,0,0
1058,6412,98,0,98
1058,6413,0,0,0
1058,6414,26,0,26
1058,6431,0,0,0
1058,6432,0,0,0
1058,6433,0,0,0
1058,6434,27,0,27
1058,6435,10,0,10
1058,6436,27,0,27
1058,6437,0,0,0
1058,6438,23,0,23
1058,6439,0,0,0
1058,6440,16,0,16
1058,6531,0,0,0
1058,6532,0,0,0
1058,6533,0,0,0
1058,6534,0,0,0
1058,6535,0,0,0
1058,6611,0,0,0
1058,6631,11,0,11
1058,6632,0,0,0
1058,6633,0,0,0
1058,6634,0,0,0
1058,6635,0,0,0
1058,6636,0,0,0
1058,7111,21,0,21
1058,7131,0,0,0
1058,7132,0,0,0
1058,7133,0,0,0
1058,7134,0,0,0
1058,7135,0,0,0
1058,7137,0,0,0
1058,7138,0,0,0
1058,7140,0,0,0
1058,7141,21,21,0
1058,7143,0,0,0
1058,7211,0,0,0
1058,7231,0,0,0
1058,7232,0,0,0
1058,7233,0,0,0
1058,7235,0,0,0
1058,7311,0,0,0
1058,7312,0,0,0
1058,7313,0,0,0
1058,7314,0,0,0
1058,7315,11,0,11
1058,7316,0,0,0
1058,7317,0,0,0
1058,7318,0,0,0
1058,7319,0,0,0
1058,7320,0,0,0
1058,7331,0,0,0
1058,7332,0,0,0
1058,7333,0,0,0
1058,7334,0,0,0
1058,7335,0,0,0
1058,7336,0,0,0
1058,7337,0,0,0
1058,7338,0,0,0
1058,7339,14,0,14
1058,7340,0,0,0
1058,8111,46,0,46
1058,8115,15,0,15
1058,8116,26,0,26
1058,8117,0,0,0
1058,8118,27,11,16
1058,8119,0,0,0
1058,8121,0,0,0
1058,8125,11,0,11
1058,8126,17,0,17
1058,8127,0,0,0
1058,8128,0,0,0
1058,8135,0,0,0
1058,8136,0,0,0
1058,8211,0,0,0
1058,8212,11,0,11
1058,8215,30,11,19
1058,8216,10,0,10
1058,8221,0,0,0
1058,8222,52,0,52
1058,8225,0,0,0
1058,8226,34,11,23
1058,8231,0,0,0
1058,8235,0,0,0
1058,8236,0,0,0
1058,8237,0,0,0
1058,8311,0,0,0
1058,8315,0,0,0
1058,8316,0,0,0
1058,8317,17,0,17
1058,8325,0,0,0
1058,8326,0,0,0
1058,8327,0,0,0
1058,8335,34,34,0
1058,8336,0,0,0
1058,8337,0,0,0
1058,8415,0,0,0
1058,8416,0,0,0
1058,8417,0,0,0
1058,8421,12,0,12
1058,8425,0,0,0
1058,8426,0,0,0
1058,8435,0,0,0
1058,8436,14,14,0
1058,8437,0,0,0
1058,9161,14,0,14
1058,9162,172,39,133
1058,9163,0,0,0
1058,9171,0,0,0
1058,9172,0,0,0
1058,9173,0,0,0
1058,9174,0,0,0
1058,9175,0,0,0
1058,9176,17,17,0
1058,9177,0,0,0
1058,9178,12,0,12
1058,9179,0,0,0
1058,9180,0,0,0
1058,9181,0,0,0
1058,9182,0,0,0
1058,9183,0,0,0
1058,9184,45,0,45
1058,9185,0,0,0
1058,9186,0,0,0
1058,9187,11,0,11
1058,9188,0,0,0
1058,9189,0,0,0
1058,9190,19,0,19
1058,9261,0,0,0
1058,9262,0,0,0
1058,9263,0,0,0
1058,9271,0,0,0
1058,9272,0,0,0
1058,9273,0,0,0
1058,9274,0,0,0
1058,9275,0,0,0
1058,9276,0,0,0
1058,9277,0,0,0
1058,9278,0,0,0
1058,9279,0,0,0
1058,9361,0,0,0
1058,9362,0,0,0
1058,9363,0,0,0
1058,9371,0,0,0
1058,9372,0,0,0
1058,9373,0,0,0
1058,9374,0,0,0
1058,9375,0,0,0
1058,9376,0,0,0
1058,9377,0,0,0
1058,9461,0,0,0
1058,9462,0,0,0
1058,9463,0,0,0
1058,9464,0,0,0
1058,9471,0,0,0
1058,9472,0,0,0
1058,9473,0,0,0
1058,9474,0,0,0
1058,9475,0,0,0
1058,9476,0,0,0
1058,9477,0,0,0
1058,9478,0,0,0
1058,9479,0,0,0
1058,9561,0,0,0
1058,9562,14,0,14
1058,9563,0,0,0
1058,9564,32,0,32
1058,9565,0,0,0
1058,9571,0,0,0
1058,9572,0,0,0
1058,9573,0,0,0
1058,9574,0,0,0
1058,9575,0,0,0
1058,9576,0,0,0
1058,9577,0,0,0
1058,9661,0,0,0
1058,9662,0,0,0
1058,9663,0,0,0
1058,9671,0,0,0
1058,9672,57,57,0
1058,9673,0,0,0
1058,9674,0,0,0
1058,9675,0,0,0
1058,9676,0,0,0
1058,9677,0,0,0
1058,9678,0,0,0
1058,9679,0,0,0
1058,9761,11,0,11
1058,9762,0,0,0
1058,9763,0,0,0
1058,9764,0,0,0
1058,9771,0,0,0
1058,9772,0,0,0
1058,9773,0,0,0
1058,9774,0,0,0
1058,9775,0,0,0
1058,9776,0,0,0
1058,9777,0,0,0
1058,9778,0,0,0
1058,9779,0,0,0
1058,9780,0,0,0
1058,10041,0,0,0
1058,10042,0,0,0
1058,10043,0,0,0
1058,10044,0,0,0
1058,10045,0,0,0
1058,10046,0,0,0
1058,11000,420,150,270
1058,12051,18,18,0
1058,12052,0,0,0
1058,12053,0,0,0
1058,12054,0,0,0
1058,12060,34,34,0
1058,12061,14,14,0
1058,12062,0,0,0
1058,12063,17,17,0
1058,12064,32,32,0
1058,12065,38,38,0
1058,12066,0,0,0
1058,12067,14,14,0
1058,12068,14,14,0
1058,12069,12,12,0
1058,12070,0,0,0
1058,12071,0,0,0
1058,12072,0,0,0
1058,12073,23,23,0
1058,13003,88,52,36
1058,13004,10,10,0
1058,13071,50,36,14
1058,13072,118,100,18
1058,13073,119,97,22
1058,13074,115,82,33
1058,13075,68,58,10
1058,13076,129,64,65
1058,14511,0,0,0
1058,14521,0,0,0
1058,14522,0,0,0
1058,14523,0,0,0
1058,14524,0,0,0
1058,14612,10,10,0
1058,14625,54,54,0
1058,14626,0,0,0
1058,14627,0,0,0
1058,14628,0,0,0
1058,14713,31,15,16
1058,14729,0,0,0
1058,14730,0,0,0
1058,15001,0,0,0
1058,15002,0,0,0
1058,15003,14,14,0
1058,15081,0,0,0
1058,15082,10,10,0
1058,15083,0,0,0
1058,15084,10,10,0
1058,15085,0,0,0
1058,15086,0,0,0
1058,15087,0,0,0
1058,15088,0,0,0
1058,15089,0,0,0
1058,15090,0,0,0
1058,15091,0,0,0
1058,16051,0,0,0
1058,16052,0,0,0
1058,16053,0,0,0
1058,16054,0,0,0
1058,16055,0,0,0
1058,16056,0,0,0
1058,16061,0,0,0
1058,16062,0,0,0
1058,16063,0,0,0
1058,16064,0,0,0
1058,16065,0,0,0
1058,16066,0,0,0
1058,16067,0,0,0
1058,16068,0,0,0
1058,16069,0,0,0
1058,16070,0,0,0
1058,16071,0,0,0
1058,16072,0,0,0
1058,16073,0,0,0
1058,16074,0,0,0
1058,16075,0,0,0
1058,16076,0,0,0
1058,16077,0,0,0
1059,1001,22448,6193,16255
1059,1002,2403,563,1840
1059,1003,158,44,114
1059,1004,488,100,388
1059,1051,839,447,392
1059,1053,55,21,34
1059,1054,5331,2720,2611
1059,1055,166,54,112
1059,1056,180,77,103
1059,1057,243,140,103
1059,1058,8333,3582,4751
1059,1059,0,0,0
1059,1060,322,124,198
1059,1061,187,92,95
1059,1062,192,43,149
1059,2000,1473,217,1256
1059,3101,0,0,0
1059,3102,0,0,0
1059,3103,10,0,10
1059,3151,0,0,0
1059,3153,0,0,0
1059,3154,0,0,0
1059,3155,14,14,0
1059,3157,0,0,0
1059,3158,0,0,0
1059,3159,28,16,12
1059,3241,176,51,125
1059,3251,14,14,0
1059,3252,10,0,10
1059,3254,13,13,0
1059,3255,11,11,0
1059,3256,0,0,0
1059,3257,14,14,0
1059,3351,13,0,13
1059,3352,30,20,10
1059,3353,74,35,39
1059,3354,10,10,0
1059,3355,27,15,12
1059,3356,10,10,0
1059,3357,76,33,43
1059,3358,24,24,0
1059,3359,35,14,21
1059,3360,11,0,11
1059,3361,0,0,0
1059,3401,0,0,0
1059,3402,0,0,0
1059,3403,12,12,0
1059,3404,14,0,14
1059,3405,11,0,11
1059,3451,0,0,0
1059,3452,0,0,0
1059,3453,0,0,0
1059,3454,28,16,12
1059,3455,0,0,0
1059,3456,0,0,0
1059,3457,0,0,0
1059,3458,14,14,0
1059,3459,103,33,70
1059,3460,0,0,0
1059,3461,0,0,0
1059,3462,25,0,25
1059,4011,142,52,90
1059,4012,0,0,0
1059,5111,46,12,34
1059,5112,10,0,10
1059,5113,46,12,34
1059,5114,0,0,0
1059,5116,0,0,0
1059,5117,0,0,0
1059,5119,0,0,0
1059,5120,0,0,0
1059,5122,0,0,0
1059,5124,14,0,14
1059,5154,0,0,0
1059,5158,25,0,25
1059,5162,18,0,18
1059,5166,0,0,0
1059,5170,0,0,0
1059,5314,11,0,11
1059,5315,86,28,58
1059,5316,0,0,0
1059,5334,32,10,22
1059,5358,30,30,0
1059,5362,29,15,14
1059,5366,0,0,0
1059,5370,0,0,0
1059,5374,10,0,10
1059,5378,13,13,0
1059,5382,33,20,13
1059,5512,0,0,0
1059,5513,0,0,0
1059,5515,12,0,12
1059,5554,12,0,12
1059,5558,0,0,0
1059,5562,14,14,0
1059,5566,42,15,27
1059,5570,12,12,0
1059,5711,23,10,13
1059,5754,45,24,21
1059,5758,15,0,15
1059,5762,18,18,0
1059,5766,19,19,0
1059,5770,0,0,0
1059,5774,13,13,0
1059,5911,0,0,0
1059,5913,25,11,14
1059,5914,0,0,0
1059,5915,0,0,0
1059,5916,0,0,0
1059,5954,0,0,0
1059,5958,0,0,0
1059,5962,0,0,0
1059,5966,0,0,0
1059,5970,0,0,0
1059,5974,12,0,12
1059,5978,10,10,0
1059,6411,0,0,0
1059,6412,67,12,55
1059,6413,0,0,0
1059,6414,0,0,0
1059,6431,16,16,0
1059,6432,0,0,0
1059,6433,0,0,0
1059,6434,13,0,13
1059,6435,17,17,0
1059,6436,14,0,14
1059,6437,0,0,0
1059,6438,39,0,39
1059,6439,0,0,0
1059,6440,0,0,0
1059,6531,0,0,0
1059,6532,0,0,0
1059,6533,0,0,0
1059,6534,0,0,0
1059,6535,0,0,0
1059,6611,12,12,0
1059,6631,10,0,10
1059,6632,0,0,0
1059,6633,14,14,0
1059,6634,10,10,0
1059,6635,0,0,0
1059,6636,0,0,0
1059,7111,0,0,0
1059,7131,0,0,0
1059,7132,0,0,0
1059,7133,0,0,0
1059,7134,0,0,0
1059,7135,0,0,0
1059,7137,13,13,0
1059,7138,0,0,0
1059,7140,12,12,0
1059,7141,0,0,0
1059,7143,13,13,0
1059,7211,0,0,0
1059,7231,0,0,0
1059,7232,0,0,0
1059,7233,13,13,0
1059,7235,0,0,0
1059,7311,0,0,0
1059,7312,0,0,0
1059,7313,0,0,0
1059,7314,0,0,0
1059,7315,0,0,0
1059,7316,0,0,0
1059,7317,0,0,0
1059,7318,0,0,0
1059,7319,0,0,0
1059,7320,0,0,0
1059,7331,0,0,0
1059,7332,0,0,0
1059,7333,0,0,0
1059,7334,0,0,0
1059,7335,0,0,0
1059,7336,0,0,0
1059,7337,0,0,0
1059,7338,0,0,0
1059,7339,0,0,0
1059,7340,0,0,0
1059,8111,31,11,20
1059,8115,10,0,10
1059,8116,13,0,13
1059,8117,0,0,0
1059,8118,0,0,0
1059,8119,0,0,0
1059,8121,0,0,0
1059,8125,0,0,0
1059,8126,17,0,17
1059,8127,0,0,0
1059,8128,0,0,0
1059,8135,0,0,0
1059,8136,0,0,0
1059,8211,0,0,0
1059,8212,0,0,0
1059,8215,12,0,12
1059,8216,0,0,0
1059,8221,0,0,0
1059,8222,0,0,0
1059,8225,0,0,0
1059,8226,13,0,13
1059,8231,0,0,0
1059,8235,0,0,0
1059,8236,0,0,0
1059,8237,0,0,0
1059,8311,0,0,0
1059,8315,0,0,0
1059,8316,0,0,0
1059,8317,0,0,0
1059,8325,0,0,0
1059,8326,28,28,0
1059,8327,0,0,0
1059,8335,0,0,0
1059,8336,0,0,0
1059,8337,0,0,0
1059,8415,0,0,0
1059,8416,0,0,0
1059,8417,0,0,0
1059,8421,0,0,0
1059,8425,0,0,0
1059,8426,0,0,0
1059,8435,0,0,0
1059,8436,0,0,0
1059,8437,0,0,0
1059,9161,0,0,0
1059,9162,76,19,57
1059,9163,0,0,0
1059,9171,0,0,0
1059,9172,0,0,0
1059,9173,0,0,0
1059,9174,0,0,0
1059,9175,0,0,0
1059,9176,0,0,0
1059,9177,0,0,0
1059,9178,10,0,10
1059,9179,0,0,0
1059,9180,0,0,0
1059,9181,0,0,0
1059,9182,0,0,0
1059,9183,0,0,0
1059,9184,23,0,23
1059,9185,0,0,0
1059,9186,0,0,0
1059,9187,0,0,0
1059,9188,0,0,0
1059,9189,0,0,0
1059,9190,0,0,0
1059,9261,0,0,0
1059,9262,0,0,0
1059,9263,0,0,0
1059,9271,0,0,0
1059,9272,0,0,0
1059,9273,0,0,0
1059,9274,0,0,0
1059,9275,0,0,0
1059,9276,0,0,0
1059,9277,0,0,0
1059,9278,0,0,0
1059,9279,0,0,0
1059,9361,0,0,0
1059,9362,0,0,0
1059,9363,0,0,0
1059,9371,18,0,18
1059,9372,0,0,0
1059,9373,0,0,0
1059,9374,0,0,0
1059,9375,0,0,0
1059,9376,0,0,0
1059,9377,0,0,0
1059,9461,0,0,0
1059,9462,0,0,0
1059,9463,0,0,0
1059,9464,0,0,0
1059,9471,0,0,0
1059,9472,0,0,0
1059,9473,0,0,0
1059,9474,0,0,0
1059,9475,0,0,0
1059,9476,0,0,0
1059,9477,0,0,0
1059,9478,0,0,0
1059,9479,0,0,0
1059,9561,0,0,0
1059,9562,0,0,0
1059,9563,0,0,0
1059,9564,11,0,11
1059,9565,0,0,0
1059,9571,0,0,0
1059,9572,0,0,0
1059,9573,0,0,0
1059,9574,0,0,0
1059,9575,0,0,0
1059,9576,0,0,0
1059,9577,0,0,0
1059,9661,0,0,0
1059,9662,0,0,0
1059,9663,0,0,0
1059,9671,0,0,0
1059,9672,0,0,0
1059,9673,0,0,0
1059,9674,0,0,0
1059,9675,0,0,0
1059,9676,0,0,0
1059,9677,0,0,0
1059,9678,0,0,0
1059,9679,0,0,0
1059,9761,0,0,0
1059,9762,0,0,0
1059,9763,0,0,0
1059,9764,0,0,0
1059,9771,0,0,0
1059,9772,0,0,0
1059,9773,0,0,0
1059,9774,0,0,0
1059,9775,0,0,0
1059,9776,0,0,0
1059,9777,0,0,0
1059,9778,0,0,0
1059,9779,0,0,0
1059,9780,0,0,0
1059,10041,51,0,51
1059,10042,0,0,0
1059,10043,0,0,0
1059,10044,0,0,0
1059,10045,0,0,0
1059,10046,0,0,0
1059,11000,242,52,190
1059,12051,0,0,0
1059,12052,0,0,0
1059,12053,0,0,0
1059,12054,0,0,0
1059,12060,0,0,0
1059,12061,0,0,0
1059,12062,0,0,0
1059,12063,0,0,0
1059,12064,13,13,0
1059,12065,0,0,0
1059,12066,0,0,0
1059,12067,0,0,0
1059,12068,0,0,0
1059,12069,0,0,0
1059,12070,0,0,0
1059,12071,0,0,0
1059,12072,0,0,0
1059,12073,12,12,0
1059,13003,37,20,17
1059,13004,79,13,66
1059,13071,35,18,17
1059,13072,53,32,21
1059,13073,83,46,37
1059,13074,51,31,20
1059,13075,31,31,0
1059,13076,116,48,68
1059,14511,0,0,0
1059,14521,0,0,0
1059,14522,0,0,0
1059,14523,0,0,0
1059,14524,0,0,0
1059,14612,0,0,0
1059,14625,0,0,0
1059,14626,0,0,0
1059,14627,0,0,0
1059,14628,0,0,0
1059,14713,13,13,0
1059,14729,0,0,0
1059,14730,0,0,0
1059,15001,0,0,0
1059,15002,0,0,0
1059,15003,0,0,0
1059,15081,0,0,0
1059,15082,0,0,0
1059,15083,0,0,0
1059,15084,0,0,0
1059,15085,0,0,0
1059,15086,12,12,0
1059,15087,10,10,0
1059,15088,0,0,0
1059,15089,0,0,0
1059,15090,0,0,0
1059,15091,0,0,0
1059,16051,0,0,0
1059,16052,0,0,0
1059,16053,0,0,0
1059,16054,0,0,0
1059,16055,0,0,0
1059,16056,0,0,0
1059,16061,0,0,0
1059,16062,0,0,0
1059,16063,0,0,0
1059,16064,0,0,0
1059,16065,0,0,0
1059,16066,0,0,0
1059,16067,0,0,0
1059,16068,0,0,0
1059,16069,0,0,0
1059,16070,0,0,0
1059,16071,0,0,0
1059,16072,0,0,0
1059,16073,0,0,0
1059,16074,0,0,0
1059,16075,0,0,0
1059,16076,0,0,0
1059,16077,0,0,0
1060,1001,130,41,89
1060,1002,2646,802,1844
1060,1003,2822,993,1829
1060,1004,6842,2511,4331
1060,1051,289,195,94
1060,1053,743,476,267
1060,1054,178,117,61
1060,1055,2105,1118,987
1060,1056,10402,5786,4616
1060,1057,2062,1301,761
1060,1058,2206,1254,952
1060,1059,322,198,124
1060,1060,0,0,0
1060,1061,2544,1895,649
1060,1062,6815,2935,3880
1060,2000,48812,14591,34221
1060,3101,35,18,17
1060,3102,0,0,0
1060,3103,18,0,18
1060,3151,15,15,0
1060,3153,23,11,12
1060,3154,0,0,0
1060,3155,12,12,0
1060,3157,15,15,0
1060,3158,0,0,0
1060,3159,61,43,18
1060,3241,374,174,200
1060,3251,80,36,44
1060,3252,23,11,12
1060,3254,33,19,14
1060,3255,12,12,0
1060,3256,22,10,12
1060,3257,36,36,0
1060,3351,72,25,47
1060,3352,82,41,41
1060,3353,811,520,291
1060,3354,22,22,0
1060,3355,211,151,60
1060,3356,18,18,0
1060,3357,95,61,34
1060,3358,114,57,57
1060,3359,291,220,71
1060,3360,63,49,14
1060,3361,220,33,187
1060,3401,12,12,0
1060,3402,0,0,0
1060,3403,48,24,24
1060,3404,77,22,55
1060,3405,0,0,0
1060,3451,32,18,14
1060,3452,30,17,13
1060,3453,26,11,15
1060,3454,108,91,17
1060,3455,0,0,0
1060,3456,18,18,0
1060,3457,29,29,0
1060,3458,49,30,19
1060,3459,55,31,24
1060,3460,28,18,10
1060,3461,10,10,0
1060,3462,0,0,0
1060,4011,259,110,149
1060,4012,35,20,15
1060,5111,265,56,209
1060,5112,65,31,34
1060,5113,120,31,89
1060,5114,82,10,72
1060,5116,43,16,27
1060,5117,0,0,0
1060,5119,0,0,0
1060,5120,0,0,0
1060,5122,23,13,10
1060,5124,27,13,14
1060,5154,34,23,11
1060,5158,104,39,65
1060,5162,89,32,57
1060,5166,21,0,21
1060,5170,72,61,11
1060,5314,34,12,22
1060,5315,267,78,189
1060,5316,30,13,17
1060,5334,80,16,64
1060,5358,22,10,12
1060,5362,50,31,19
1060,5366,0,0,0
1060,5370,10,10,0
1060,5374,18,0,18
1060,5378,24,24,0
1060,5382,52,27,25
1060,5512,10,0,10
1060,5513,28,12,16
1060,5515,53,29,24
1060,5554,44,23,21
1060,5558,16,16,0
1060,5562,38,38,0
1060,5566,55,27,28
1060,5570,23,13,10
1060,5711,44,20,24
1060,5754,104,20,84
1060,5758,29,16,13
1060,5762,13,13,0
1060,5766,30,14,16
1060,5770,45,23,22
1060,5774,33,17,16
1060,5911,47,20,27
1060,5913,138,41,97
1060,5914,0,0,0
1060,5915,14,14,0
1060,5916,10,0,10
1060,5954,28,10,18
1060,5958,18,0,18
1060,5962,57,40,17
1060,5966,0,0,0
1060,5970,12,12,0
1060,5974,32,16,16
1060,5978,53,37,16
1060,6411,14,0,14
1060,6412,324,60,264
1060,6413,11,11,0
1060,6414,65,20,45
1060,6431,23,12,11
1060,6432,23,11,12
1060,6433,56,31,25
1060,6434,87,25,62
1060,6435,47,22,25
1060,6436,71,18,53
1060,6437,0,0,0
1060,6438,83,22,61
1060,6439,22,10,12
1060,6440,46,34,12
1060,6531,17,17,0
1060,6532,11,11,0
1060,6533,20,10,10
1060,6534,0,0,0
1060,6535,0,0,0
1060,6611,29,29,0
1060,6631,16,0,16
1060,6632,0,0,0
1060,6633,15,15,0
1060,6634,13,13,0
1060,6635,0,0,0
1060,6636,0,0,0
1060,7111,10,0,10
1060,7131,0,0,0
1060,7132,11,11,0
1060,7133,0,0,0
1060,7134,0,0,0
1060,7135,0,0,0
1060,7137,10,10,0
1060,7138,10,0,10
1060,7140,0,0,0
1060,7141,0,0,0
1060,7143,0,0,0
1060,7211,0,0,0
1060,7231,0,0,0
1060,7232,0,0,0
1060,7233,0,0,0
1060,7235,0,0,0
1060,7311,0,0,0
1060,7312,0,0,0
1060,7313,0,0,0
1060,7314,0,0,0
1060,7315,31,13,18
1060,7316,0,0,0
1060,7317,0,0,0
1060,7318,0,0,0
1060,7319,0,0,0
1060,7320,0,0,0
1060,7331,0,0,0
1060,7332,0,0,0
1060,7333,0,0,0
1060,7334,0,0,0
1060,7335,0,0,0
1060,7336,0,0,0
1060,7337,0,0,0
1060,7338,0,0,0
1060,7339,11,11,0
1060,7340,0,0,0
1060,8111,72,15,57
1060,8115,35,16,19
1060,8116,82,32,50
1060,8117,10,10,0
1060,8118,34,13,21
1060,8119,34,13,21
1060,8121,0,0,0
1060,8125,14,14,0
1060,8126,30,0,30
1060,8127,0,0,0
1060,8128,13,0,13
1060,8135,0,0,0
1060,8136,0,0,0
1060,8211,0,0,0
1060,8212,27,10,17
1060,8215,29,12,17
1060,8216,0,0,0
1060,8221,24,11,13
1060,8222,49,17,32
1060,8225,0,0,0
1060,8226,55,19,36
1060,8231,0,0,0
1060,8235,10,0,10
1060,8236,10,10,0
1060,8237,0,0,0
1060,8311,30,10,20
1060,8315,23,10,13
1060,8316,0,0,0
1060,8317,34,12,22
1060,8325,0,0,0
1060,8326,0,0,0
1060,8327,0,0,0
1060,8335,20,0,20
1060,8336,19,0,19
1060,8337,0,0,0
1060,8415,15,15,0
1060,8416,0,0,0
1060,8417,0,0,0
1060,8421,21,0,21
1060,8425,12,12,0
1060,8426,13,0,13
1060,8435,0,0,0
1060,8436,0,0,0
1060,8437,0,0,0
1060,9161,16,0,16
1060,9162,258,58,200
1060,9163,0,0,0
1060,9171,0,0,0
1060,9172,0,0,0
1060,9173,0,0,0
1060,9174,0,0,0
1060,9175,10,0,10
1060,9176,0,0,0
1060,9177,13,0,13
1060,9178,49,10,39
1060,9179,0,0,0
1060,9180,0,0,0
1060,9181,0,0,0
1060,9182,0,0,0
1060,9183,0,0,0
1060,9184,102,13,89
1060,9185,0,0,0
1060,9186,12,0,12
1060,9187,15,0,15
1060,9188,22,11,11
1060,9189,58,44,14
1060,9190,0,0,0
1060,9261,0,0,0
1060,9262,0,0,0
1060,9263,0,0,0
1060,9271,0,0,0
1060,9272,0,0,0
1060,9273,0,0,0
1060,9274,11,0,11
1060,9275,0,0,0
1060,9276,0,0,0
1060,9277,0,0,0
1060,9278,0,0,0
1060,9279,0,0,0
1060,9361,0,0,0
1060,9362,10,10,0
1060,9363,0,0,0
1060,9371,0,0,0
1060,9372,0,0,0
1060,9373,0,0,0
1060,9374,0,0,0
1060,9375,0,0,0
1060,9376,0,0,0
1060,9377,0,0,0
1060,9461,0,0,0
1060,9462,0,0,0
1060,9463,0,0,0
1060,9464,0,0,0
1060,9471,0,0,0
1060,9472,0,0,0
1060,9473,0,0,0
1060,9474,13,13,0
1060,9475,13,0,13
1060,9476,0,0,0
1060,9477,0,0,0
1060,9478,0,0,0
1060,9479,0,0,0
1060,9561,0,0,0
1060,9562,0,0,0
1060,9563,0,0,0
1060,9564,62,24,38
1060,9565,0,0,0
1060,9571,0,0,0
1060,9572,25,0,25
1060,9573,0,0,0
1060,9574,0,0,0
1060,9575,0,0,0
1060,9576,0,0,0
1060,9577,0,0,0
1060,9661,0,0,0
1060,9662,0,0,0
1060,9663,21,21,0
1060,9671,0,0,0
1060,9672,0,0,0
1060,9673,0,0,0
1060,9674,0,0,0
1060,9675,0,0,0
1060,9676,0,0,0
1060,9677,0,0,0
1060,9678,18,18,0
1060,9679,15,15,0
1060,9761,36,12,24
1060,9762,0,0,0
1060,9763,0,0,0
1060,9764,0,0,0
1060,9771,0,0,0
1060,9772,27,10,17
1060,9773,0,0,0
1060,9774,0,0,0
1060,9775,12,12,0
1060,9776,0,0,0
1060,9777,0,0,0
1060,9778,0,0,0
1060,9779,0,0,0
1060,9780,0,0,0
1060,10041,27,0,27
1060,10042,0,0,0
1060,10043,0,0,0
1060,10044,0,0,0
1060,10045,0,0,0
1060,10046,0,0,0
1060,11000,660,300,360
1060,12051,0,0,0
1060,12052,0,0,0
1060,12053,0,0,0
1060,12054,22,22,0
1060,12060,20,20,0
1060,12061,34,10,24
1060,12062,0,0,0
1060,12063,34,23,11
1060,12064,10,10,0
1060,12065,27,27,0
1060,12066,0,0,0
1060,12067,10,10,0
1060,12068,15,15,0
1060,12069,22,11,11
1060,12070,25,25,0
1060,12071,0,0,0
1060,12072,20,20,0
1060,12073,15,15,0
1060,13003,104,68,36
1060,13004,82,54,28
1060,13071,89,74,15
1060,13072,111,84,27
1060,13073,88,56,32
1060,13074,356,269,87
1060,13075,81,63,18
1060,13076,279,227,52
1060,14511,10,0,10
1060,14521,19,0,19
1060,14522,0,0,0
1060,14523,0,0,0
1060,14524,0,0,0
1060,14612,38,22,16
1060,14625,0,0,0
1060,14626,10,10,0
1060,14627,12,12,0
1060,14628,0,0,0
1060,14713,58,28,30
1060,14729,0,0,0
1060,14730,0,0,0
1060,15001,0,0,0
1060,15002,42,0,42
1060,15003,0,0,0
1060,15081,21,21,0
1060,15082,11,11,0
1060,15083,0,0,0
1060,15084,0,0,0
1060,15085,12,12,0
1060,15086,0,0,0
1060,15087,0,0,0
1060,15088,0,0,0
1060,15089,0,0,0
1060,15090,17,17,0
1060,15091,0,0,0
1060,16051,0,0,0
1060,16052,0,0,0
1060,16053,0,0,0
1060,16054,0,0,0
1060,16055,0,0,0
1060,16056,0,0,0
1060,16061,0,0,0
1060,16062,0,0,0
1060,16063,0,0,0
1060,16064,0,0,0
1060,16065,0,0,0
1060,16066,0,0,0
1060,16067,0,0,0
1060,16068,0,0,0
1060,16069,0,0,0
1060,16070,0,0,0
1060,16071,0,0,0
1060,16072,0,0,0
1060,16073,0,0,0
1060,16074,0,0,0
1060,16075,0,0,0
1060,16076,0,0,0
1060,16077,0,0,0
1061,1001,116,31,85
1061,1002,809,198,611
1061,1003,161,58,103
1061,1004,1249,238,1011
1061,1051,4764,2826,1938
1061,1053,182,138,44
1061,1054,305,147,158
1061,1055,127,92,35
1061,1056,9553,2585,6968
1061,1057,146,99,47
1061,1058,2944,1433,1511
1061,1059,187,95,92
1061,1060,2544,649,1895
1061,1061,0,0,0
1061,1062,262,87,175
1061,2000,7225,1025,6200
1061,3101,0,0,0
1061,3102,0,0,0
1061,3103,0,0,0
1061,3151,0,0,0
1061,3153,0,0,0
1061,3154,0,0,0
1061,3155,0,0,0
1061,3157,0,0,0
1061,3158,0,0,0
1061,3159,10,0,10
1061,3241,137,39,98
1061,3251,0,0,0
1061,3252,0,0,0
1061,3254,0,0,0
1061,3255,0,0,0
1061,3256,0,0,0
1061,3257,0,0,0
1061,3351,17,0,17
1061,3352,85,35,50
1061,3353,169,67,102
1061,3354,0,0,0
1061,3355,51,30,21
1061,3356,0,0,0
1061,3357,50,10,40
1061,3358,13,13,0
1061,3359,184,135,49
1061,3360,0,0,0
1061,3361,16,0,16
1061,3401,0,0,0
1061,3402,0,0,0
1061,3403,0,0,0
1061,3404,0,0,0
1061,3405,0,0,0
1061,3451,0,0,0
1061,3452,10,0,10
1061,3453,0,0,0
1061,3454,24,0,24
1061,3455,0,0,0
1061,3456,0,0,0
1061,3457,0,0,0
1061,3458,0,0,0
1061,3459,15,0,15
1061,3460,0,0,0
1061,3461,0,0,0
1061,3462,0,0,0
1061,4011,80,19,61
1061,4012,25,13,12
1061,5111,50,0,50
1061,5112,0,0,0
1061,5113,24,0,24
1061,5114,117,0,117
1061,5116,0,0,0
1061,5117,0,0,0
1061,5119,0,0,0
1061,5120,0,0,0
1061,5122,0,0,0
1061,5124,0,0,0
1061,5154,0,0,0
1061,5158,22,0,22
1061,5162,11,0,11
1061,5166,0,0,0
1061,5170,0,0,0
1061,5314,13,0,13
1061,5315,153,88,65
1061,5316,0,0,0
1061,5334,12,0,12
1061,5358,0,0,0
1061,5362,41,20,21
1061,5366,0,0,0
1061,5370,0,0,0
1061,5374,16,0,16
1061,5378,12,12,0
1061,5382,20,20,0
1061,5512,0,0,0
1061,5513,15,15,0
1061,5515,13,0,13
1061,5554,0,0,0
1061,5558,0,0,0
1061,5562,12,12,0
1061,5566,15,0,15
1061,5570,0,0,0
1061,5711,11,0,11
1061,5754,129,0,129
1061,5758,0,0,0
1061,5762,0,0,0
1061,5766,0,0,0
1061,5770,0,0,0
1061,5774,0,0,0
1061,5911,0,0,0
1061,5913,13,0,13
1061,5914,0,0,0
1061,5915,0,0,0
1061,5916,0,0,0
1061,5954,0,0,0
1061,5958,0,0,0
1061,5962,0,0,0
1061,5966,0,0,0
1061,5970,13,0,13
1061,5974,0,0,0
1061,5978,10,0,10
1061,6411,0,0,0
1061,6412,57,0,57
1061,6413,0,0,0
1061,6414,14,0,14
1061,6431,0,0,0
1061,6432,0,0,0
1061,6433,11,0,11
1061,6434,0,0,0
1061,6435,13,0,13
1061,6436,14,0,14
1061,6437,0,0,0
1061,6438,26,0,26
1061,6439,0,0,0
1061,6440,0,0,0
1061,6531,0,0,0
1061,6532,0,0,0
1061,6533,0,0,0
1061,6534,0,0,0
1061,6535,0,0,0
1061,6611,0,0,0
1061,6631,0,0,0
1061,6632,0,0,0
1061,6633,0,0,0
1061,6634,0,0,0
1061,6635,0,0,0
1061,6636,0,0,0
1061,7111,0,0,0
1061,7131,0,0,0
1061,7132,0,0,0
1061,7133,0,0,0
1061,7134,0,0,0
1061,7135,0,0,0
1061,7137,0,0,0
1061,7138,0,0,0
1061,7140,0,0,0
1061,7141,0,0,0
1061,7143,0,0,0
1061,7211,0,0,0
1061,7231,0,0,0
1061,7232,0,0,0
1061,7233,0,0,0
1061,7235,0,0,0
1061,7311,0,0,0
1061,7312,0,0,0
1061,7313,0,0,0
1061,7314,0,0,0
1061,7315,0,0,0
1061,7316,0,0,0
1061,7317,0,0,0
1061,7318,0,0,0
1061,7319,0,0,0
1061,7320,0,0,0
1061,7331,0,0,0
1061,7332,0,0,0
1061,7333,0,0,0
1061,7334,0,0,0
1061,7335,0,0,0
1061,7336,0,0,0
1061,7337,0,0,0
1061,7338,0,0,0
1061,7339,0,0,0
1061,7340,0,0,0
1061,8111,23,0,23
1061,8115,0,0,0
1061,8116,11,0,11
1061,8117,0,0,0
1061,8118,0,0,0
1061,8119,0,0,0
1061,8121,0,0,0
1061,8125,0,0,0
1061,8126,10,0,10
1061,8127,0,0,0
1061,8128,0,0,0
1061,8135,0,0,0
1061,8136,0,0,0
1061,8211,0,0,0
1061,8212,0,0,0
1061,8215,11,0,11
1061,8216,0,0,0
1061,8221,0,0,0
1061,8222,11,0,11
1061,8225,0,0,0
1061,8226,0,0,0
1061,8231,0,0,0
1061,8235,0,0,0
1061,8236,0,0,0
1061,8237,0,0,0
1061,8311,0,0,0
1061,8315,0,0,0
1061,8316,0,0,0
1061,8317,14,0,14
1061,8325,0,0,0
1061,8326,0,0,0
1061,8327,0,0,0
1061,8335,0,0,0
1061,8336,0,0,0
1061,8337,0,0,0
1061,8415,0,0,0
1061,8416,0,0,0
1061,8417,0,0,0
1061,8421,10,0,10
1061,8425,0,0,0
1061,8426,0,0,0
1061,8435,0,0,0
1061,8436,0,0,0
1061,8437,0,0,0
1061,9161,0,0,0
1061,9162,99,40,59
1061,9163,0,0,0
1061,9171,0,0,0
1061,9172,0,0,0
1061,9173,0,0,0
1061,9174,0,0,0
1061,9175,0,0,0
1061,9176,0,0,0
1061,9177,0,0,0
1061,9178,0,0,0
1061,9179,12,12,0
1061,9180,0,0,0
1061,9181,0,0,0
1061,9182,0,0,0
1061,9183,0,0,0
1061,9184,49,0,49
1061,9185,0,0,0
1061,9186,0,0,0
1061,9187,0,0,0
1061,9188,0,0,0
1061,9189,0,0,0
1061,9190,0,0,0
1061,9261,0,0,0
1061,9262,0,0,0
1061,9263,0,0,0
1061,9271,0,0,0
1061,9272,0,0,0
1061,9273,0,0,0
1061,9274,0,0,0
1061,9275,0,0,0
1061,9276,0,0,0
1061,9277,0,0,0
1061,9278,0,0,0
1061,9279,0,0,0
1061,9361,0,0,0
1061,9362,0,0,0
1061,9363,0,0,0
1061,9371,0,0,0
1061,9372,0,0,0
1061,9373,0,0,0
1061,9374,0,0,0
1061,9375,0,0,0
1061,9376,0,0,0
1061,9377,0,0,0
1061,9461,0,0,0
1061,9462,0,0,0
1061,9463,0,0,0
1061,9464,0,0,0
1061,9471,0,0,0
1061,9472,0,0,0
1061,9473,0,0,0
1061,9474,0,0,0
1061,9475,0,0,0
1061,9476,0,0,0
1061,9477,0,0,0
1061,9478,0,0,0
1061,9479,0,0,0
1061,9561,0,0,0
1061,9562,0,0,0
1061,9563,0,0,0
1061,9564,13,0,13
1061,9565,0,0,0
1061,9571,0,0,0
1061,9572,0,0,0
1061,9573,0,0,0
1061,9574,0,0,0
1061,9575,0,0,0
1061,9576,0,0,0
1061,9577,0,0,0
1061,9661,0,0,0
1061,9662,0,0,0
1061,9663,0,0,0
1061,9671,0,0,0
1061,9672,0,0,0
1061,9673,0,0,0
1061,9674,0,0,0
1061,9675,0,0,0
1061,9676,0,0,0
1061,9677,0,0,0
1061,9678,0,0,0
1061,9679,0,0,0
1061,9761,0,0,0
1061,9762,0,0,0
1061,9763,0,0,0
1061,9764,0,0,0
1061,9771,0,0,0
1061,9772,0,0,0
1061,9773,0,0,0
1061,9774,13,0,13
1061,9775,0,0,0
1061,9776,0,0,0
1061,9777,0,0,0
1061,9778,0,0,0
1061,9779,0,0,0
1061,9780,0,0,0
1061,10041,0,0,0
1061,10042,0,0,0
1061,10043,0,0,0
1061,10044,0,0,0
1061,10045,0,0,0
1061,10046,0,0,0
1061,11000,173,33,140
1061,12051,0,0,0
1061,12052,0,0,0
1061,12053,0,0,0
1061,12054,20,20,0
1061,12060,0,0,0
1061,12061,0,0,0
1061,12062,0,0,0
1061,12063,0,0,0
1061,12064,0,0,0
1061,12065,0,0,0
1061,12066,0,0,0
1061,12067,0,0,0
1061,12068,0,0,0
1061,12069,0,0,0
1061,12070,0,0,0
1061,12071,0,0,0
1061,12072,0,0,0
1061,12073,11,11,0
1061,13003,30,30,0
1061,13004,27,12,15
1061,13071,23,10,13
1061,13072,25,25,0
1061,13073,27,15,12
1061,13074,22,22,0
1061,13075,19,19,0
1061,13076,48,32,16
1061,14511,0,0,0
1061,14521,0,0,0
1061,14522,0,0,0
1061,14523,0,0,0
1061,14524,0,0,0
1061,14612,0,0,0
1061,14625,0,0,0
1061,14626,0,0,0
1061,14627,0,0,0
1061,14628,0,0,0
1061,14713,0,0,0
1061,14729,0,0,0
1061,14730,0,0,0
1061,15001,0,0,0
1061,15002,0,0,0
1061,15003,14,14,0
1061,15081,0,0,0
1061,15082,0,0,0
1061,15083,17,17,0
1061,15084,0,0,0
1061,15085,0,0,0
1061,15086,0,0,0
1061,15087,0,0,0
1061,15088,0,0,0
1061,15089,10,10,0
1061,15090,0,0,0
1061,15091,0,0,0
1061,16051,0,0,0
1061,16052,0,0,0
1061,16053,0,0,0
1061,16054,0,0,0
1061,16055,0,0,0
1061,16056,0,0,0
1061,16061,0,0,0
1061,16062,0,0,0
1061,16063,0,0,0
1061,16064,0,0,0
1061,16065,0,0,0
1061,16066,0,0,0
1061,16067,0,0,0
1061,16068,0,0,0
1061,16069,0,0,0
1061,16070,0,0,0
1061,16071,0,0,0
1061,16072,0,0,0
1061,16073,0,0,0
1061,16074,0,0,0
1061,16075,0,0,0
1061,16076,0,0,0
1061,16077,0,0,0
1062,1001,82,41,41
1062,1002,808,399,409
1062,1003,6833,2964,3869
1062,1004,397,217,180
1062,1051,135,85,50
1062,1053,10449,8492,1957
1062,1054,110,57,53
1062,1055,2417,1631,786
1062,1056,1485,894,591
1062,1057,258,203,55
1062,1058,517,354,163
1062,1059,192,149,43
1062,1060,6815,3880,2935
1062,1061,262,175,87
1062,1062,0,0,0
1062,2000,60423,19568,40855
1062,3101,113,88,25
1062,3102,15,15,0
1062,3103,14,0,14
1062,3151,71,42,29
1062,3153,26,15,11
1062,3154,0,0,0
1062,3155,11,0,11
1062,3157,30,30,0
1062,3158,15,15,0
1062,3159,43,25,18
1062,3241,590,244,346
1062,3251,61,43,18
1062,3252,18,18,0
1062,3254,45,25,20
1062,3255,0,0,0
1062,3256,13,13,0
1062,3257,16,16,0
1062,3351,134,26,108
1062,3352,83,56,27
1062,3353,1478,1077,401
1062,3354,15,15,0
1062,3355,615,507,108
1062,3356,67,45,22
1062,3357,129,100,29
1062,3358,122,86,36
1062,3359,304,229,75
1062,3360,89,70,19
1062,3361,65,40,25
1062,3401,18,18,0
1062,3402,0,0,0
1062,3403,55,32,23
1062,3404,31,0,31
1062,3405,0,0,0
1062,3451,49,31,18
1062,3452,68,43,25
1062,3453,32,18,14
1062,3454,45,19,26
1062,3455,18,18,0
1062,3456,0,0,0
1062,3457,32,22,10
1062,3458,40,40,0
1062,3459,32,17,15
1062,3460,13,13,0
1062,3461,18,18,0
1062,3462,0,0,0
1062,4011,457,215,242
1062,4012,55,32,23
1062,5111,340,105,235
1062,5112,73,45,28
1062,5113,204,131,73
1062,5114,19,19,0
1062,5116,38,14,24
1062,5117,14,14,0
1062,5119,0,0,0
1062,5120,0,0,0
1062,5122,17,17,0
1062,5124,48,35,13
1062,5154,28,13,15
1062,5158,146,88,58
1062,5162,153,116,37
1062,5166,29,14,15
1062,5170,37,26,11
1062,5314,33,0,33
1062,5315,217,55,162
1062,5316,0,0,0
1062,5334,95,14,81
1062,5358,21,10,11
1062,5362,69,32,37
1062,5366,24,24,0
1062,5370,0,0,0
1062,5374,48,29,19
1062,5378,19,19,0
1062,5382,50,23,27
1062,5512,13,13,0
1062,5513,13,13,0
1062,5515,44,18,26
1062,5554,27,13,14
1062,5558,14,14,0
1062,5562,34,22,12
1062,5566,51,29,22
1062,5570,21,21,0
1062,5711,69,34,35
1062,5754,131,94,37
1062,5758,44,24,20
1062,5762,11,11,0
1062,5766,28,17,11
1062,5770,56,37,19
1062,5774,21,21,0
1062,5911,49,19,30
1062,5913,131,43,88
1062,5914,29,10,19
1062,5915,0,0,0
1062,5916,10,10,0
1062,5954,39,21,18
1062,5958,0,0,0
1062,5962,23,12,11
1062,5966,0,0,0
1062,5970,0,0,0
1062,5974,14,14,0
1062,5978,52,16,36
1062,6411,30,11,19
1062,6412,241,31,210
1062,6413,10,0,10
1062,6414,68,16,52
1062,6431,15,15,0
1062,6432,32,15,17
1062,6433,168,145,23
1062,6434,94,16,78
1062,6435,29,13,16
1062,6436,71,16,55
1062,6437,0,0,0
1062,6438,60,15,45
1062,6439,10,10,0
1062,6440,35,22,13
1062,6531,10,10,0
1062,6532,0,0,0
1062,6533,0,0,0
1062,6534,0,0,0
1062,6535,0,0,0
1062,6611,23,10,13
1062,6631,15,0,15
1062,6632,0,0,0
1062,6633,12,12,0
1062,6634,0,0,0
1062,6635,0,0,0
1062,6636,0,0,0
1062,7111,49,49,0
1062,7131,0,0,0
1062,7132,0,0,0
1062,7133,0,0,0
1062,7134,0,0,0
1062,7135,0,0,0
1062,7137,68,68,0
1062,7138,44,44,0
1062,7140,17,17,0
1062,7141,14,14,0
1062,7143,27,27,0
1062,7211,0,0,0
1062,7231,0,0,0
1062,7232,0,0,0
1062,7233,0,0,0
1062,7235,0,0,0
1062,7311,0,0,0
1062,7312,0,0,0
1062,7313,0,0,0
1062,7314,26,0,26
1062,7315,32,11,21
1062,7316,0,0,0
1062,7317,0,0,0
1062,7318,0,0,0
1062,7319,0,0,0
1062,7320,0,0,0
1062,7331,0,0,0
1062,7332,0,0,0
1062,7333,0,0,0
1062,7334,0,0,0
1062,7335,0,0,0
1062,7336,0,0,0
1062,7337,0,0,0
1062,7338,0,0,0
1062,7339,14,14,0
1062,7340,0,0,0
1062,8111,106,41,65
1062,8115,32,32,0
1062,8116,74,26,48
1062,8117,12,0,12
1062,8118,50,19,31
1062,8119,0,0,0
1062,8121,10,0,10
1062,8125,27,13,14
1062,8126,26,0,26
1062,8127,0,0,0
1062,8128,0,0,0
1062,8135,0,0,0
1062,8136,16,0,16
1062,8211,12,0,12
1062,8212,23,0,23
1062,8215,39,19,20
1062,8216,10,0,10
1062,8221,13,0,13
1062,8222,43,15,28
1062,8225,0,0,0
1062,8226,48,17,31
1062,8231,0,0,0
1062,8235,14,14,0
1062,8236,12,12,0
1062,8237,0,0,0
1062,8311,11,0,11
1062,8315,14,0,14
1062,8316,0,0,0
1062,8317,28,14,14
1062,8325,0,0,0
1062,8326,10,0,10
1062,8327,0,0,0
1062,8335,0,0,0
1062,8336,11,0,11
1062,8337,0,0,0
1062,8415,15,15,0
1062,8416,16,0,16
1062,8417,10,10,0
1062,8421,51,0,51
1062,8425,0,0,0
1062,8426,0,0,0
1062,8435,0,0,0
1062,8436,0,0,0
1062,8437,0,0,0
1062,9161,0,0,0
1062,9162,317,78,239
1062,9163,0,0,0
1062,9171,0,0,0
1062,9172,0,0,0
1062,9173,0,0,0
1062,9174,0,0,0
1062,9175,13,0,13
1062,9176,0,0,0
1062,9177,13,0,13
1062,9178,38,0,38
1062,9179,13,13,0
1062,9180,0,0,0
1062,9181,0,0,0
1062,9182,0,0,0
1062,9183,0,0,0
1062,9184,100,16,84
1062,9185,16,16,0
1062,9186,31,31,0
1062,9187,0,0,0
1062,9188,14,0,14
1062,9189,0,0,0
1062,9190,0,0,0
1062,9261,0,0,0
1062,9262,0,0,0
1062,9263,0,0,0
1062,9271,0,0,0
1062,9272,0,0,0
1062,9273,12,0,12
1062,9274,0,0,0
1062,9275,0,0,0
1062,9276,0,0,0
1062,9277,0,0,0
1062,9278,0,0,0
1062,9279,0,0,0
1062,9361,0,0,0
1062,9362,0,0,0
1062,9363,0,0,0
1062,9371,0,0,0
1062,9372,0,0,0
1062,9373,0,0,0
1062,9374,0,0,0
1062,9375,0,0,0
1062,9376,0,0,0
1062,9377,0,0,0
1062,9461,0,0,0
1062,9462,0,0,0
1062,9463,0,0,0
1062,9464,0,0,0
1062,9471,0,0,0
1062,9472,0,0,0
1062,9473,0,0,0
1062,9474,0,0,0
1062,9475,0,0,0
1062,9476,0,0,0
1062,9477,0,0,0
1062,9478,0,0,0
1062,9479,0,0,0
1062,9561,0,0,0
1062,9562,0,0,0
1062,9563,12,12,0
1062,9564,117,59,58
1062,9565,0,0,0
1062,9571,0,0,0
1062,9572,0,0,0
1062,9573,10,10,0
1062,9574,13,13,0
1062,9575,0,0,0
1062,9576,0,0,0
1062,9577,0,0,0
1062,9661,0,0,0
1062,9662,0,0,0
1062,9663,0,0,0
1062,9671,0,0,0
1062,9672,13,13,0
1062,9673,0,0,0
1062,9674,0,0,0
1062,9675,0,0,0
1062,9676,0,0,0
1062,9677,0,0,0
1062,9678,0,0,0
1062,9679,13,13,0
1062,9761,30,10,20
1062,9762,0,0,0
1062,9763,0,0,0
1062,9764,0,0,0
1062,9771,0,0,0
1062,9772,0,0,0
1062,9773,0,0,0
1062,9774,0,0,0
1062,9775,0,0,0
1062,9776,0,0,0
1062,9777,0,0,0
1062,9778,0,0,0
1062,9779,0,0,0
1062,9780,0,0,0
1062,10041,0,0,0
1062,10042,0,0,0
1062,10043,0,0,0
1062,10044,0,0,0
1062,10045,0,0,0
1062,10046,0,0,0
1062,11000,742,306,436
1062,12051,11,11,0
1062,12052,0,0,0
1062,12053,0,0,0
1062,12054,26,14,12
1062,12060,35,35,0
1062,12061,34,12,22
1062,12062,20,20,0
1062,12063,19,19,0
1062,12064,25,25,0
1062,12065,18,18,0
1062,12066,0,0,0
1062,12067,14,14,0
1062,12068,20,20,0
1062,12069,17,17,0
1062,12070,98,98,0
1062,12071,0,0,0
1062,12072,0,0,0
1062,12073,15,15,0
1062,13003,92,68,24
1062,13004,208,160,48
1062,13071,118,103,15
1062,13072,171,142,29
1062,13073,123,104,19
1062,13074,955,736,219
1062,13075,85,63,22
1062,13076,1336,1173,163
1062,14511,10,10,0
1062,14521,0,0,0
1062,14522,16,16,0
1062,14523,0,0,0
1062,14524,11,11,0
1062,14612,28,16,12
1062,14625,15,15,0
1062,14626,0,0,0
1062,14627,0,0,0
1062,14628,11,11,0
1062,14713,56,40,16
1062,14729,14,14,0
1062,14730,0,0,0
1062,15001,10,10,0
1062,15002,29,16,13
1062,15003,24,24,0
1062,15081,24,24,0
1062,15082,17,17,0
1062,15083,13,13,0
1062,15084,0,0,0
1062,15085,10,10,0
1062,15086,13,13,0
1062,15087,0,0,0
1062,15088,0,0,0
1062,15089,11,11,0
1062,15090,24,24,0
1062,15091,14,14,0
1062,16051,19,19,0
1062,16052,11,11,0
1062,16053,0,0,0
1062,16054,0,0,0
1062,16055,0,0,0
1062,16056,0,0,0
1062,16061,0,0,0
1062,16062,0,0,0
1062,16063,0,0,0
1062,16064,0,0,0
1062,16065,0,0,0
1062,16066,14,14,0
1062,16067,0,0,0
1062,16068,0,0,0
1062,16069,0,0,0
1062,16070,0,0,0
1062,16071,0,0,0
1062,16072,0,0,0
1062,16073,0,0,0
1062,16074,0,0,0
1062,16075,0,0,0
1062,16076,0,0,0
1062,16077,0,0,0
2000,1001,979,707,272
2000,1002,5250,3311,1939
2000,1003,7077,4905,2172
2000,1004,2353,1663,690
2000,1051,2453,1988,465
2000,1053,28055,23230,4825
2000,1054,1558,1133,425
2000,1055,3551,3016,535
2000,1056,66416,51725,14691
2000,1057,1571,1377,194
2000,1058,3931,3084,847
2000,1059,1473,1256,217
2000,1060,48812,34221,14591
2000,1061,7225,6200,1025
2000,1062,60423,40855,19568
2000,2000,0,0,0
2000,3101,817,492,325
2000,3102,173,146,27
2000,3103,390,182,208
2000,3151,272,210,62
2000,3153,243,178,65
2000,3154,116,100,16
2000,3155,232,126,106
2000,3157,214,190,24
2000,3158,151,119,32
2000,3159,643,453,190
2000,3241,6122,3736,2386
2000,3251,910,753,157
2000,3252,342,269,73
2000,3254,637,514,123
2000,3255,94,57,37
2000,3256,265,205,60
2000,3257,289,257,32
2000,3351,1414,635,779
2000,3352,1911,1712,199
2000,3353,55304,46119,9185
2000,3354,458,412,46
2000,3355,12600,10786,1814
2000,3356,672,568,104
2000,3357,4123,3662,461
2000,3358,2628,2195,433
2000,3359,23677,21253,2424
2000,3360,1903,1611,292
2000,3361,1057,821,236
2000,3401,311,245,66
2000,3402,173,102,71
2000,3403,839,620,219
2000,3404,511,317,194
2000,3405,317,250,67
2000,3451,332,260,72
2000,3452,445,373,72
2000,3453,328,242,86
2000,3454,647,429,218
2000,3455,278,245,33
2000,3456,139,110,29
2000,3457,455,384,71
2000,3458,578,465,113
2000,3459,500,383,117
2000,3460,296,190,106
2000,3461,407,322,85
2000,3462,129,104,25
2000,4011,6732,4011,2721
2000,4012,835,617,218
2000,5111,3928,1390,2538
2000,5112,677,470,207
2000,5113,1283,593,690
2000,5114,368,234,134
2000,5116,491,268,223
2000,5117,168,117,51
2000,5119,296,182,114
2000,5120,78,63,15
2000,5122,205,125,80
2000,5124,418,281,137
2000,5154,302,218,84
2000,5158,829,515,314
2000,5162,854,501,353
2000,5166,319,201,118
2000,5170,465,374,91
2000,5314,735,366,369
2000,5315,4044,1717,2327
2000,5316,176,127,49
2000,5334,1125,409,716
2000,5358,197,137,60
2000,5362,630,446,184
2000,5366,125,104,21
2000,5370,194,156,38
2000,5374,368,132,236
2000,5378,312,269,43
2000,5382,889,522,367
2000,5512,108,87,21
2000,5513,260,202,58
2000,5515,818,475,343
2000,5554,254,173,81
2000,5558,225,182,43
2000,5562,549,452,97
2000,5566,506,344,162
2000,5570,321,207,114
2000,5711,769,336,433
2000,5754,500,269,231
2000,5758,332,219,113
2000,5762,147,134,13
2000,5766,387,279,108
2000,5770,430,312,118
2000,5774,358,233,125
2000,5911,533,331,202
2000,5913,1889,1045,844
2000,5914,309,149,160
2000,5915,153,119,34
2000,5916,113,91,22
2000,5954,358,231,127
2000,5958,192,127,65
2000,5962,301,192,109
2000,5966,65,42,23
2000,5970,183,102,81
2000,5974,279,213,66
2000,5978,842,404,438
2000,6411,378,215,163
2000,6412,4795,1482,3313
2000,6413,293,224,69
2000,6414,960,363,597
2000,6431,269,204,65
2000,6432,368,289,79
2000,6433,664,397,267
2000,6434,1038,301,737
2000,6435,584,426,158
2000,6436,875,373,502
2000,6437,87,32,55
2000,6438,909,480,429
2000,6439,277,178,99
2000,6440,461,350,111
2000,6531,253,187,66
2000,6532,204,92,112
2000,6533,183,145,38
2000,6534,198,155,43
2000,6535,62,51,11
2000,6611,336,198,138
2000,6631,181,133,48
2000,6632,110,82,28
2000,6633,203,165,38
2000,6634,151,113,38
2000,6635,106,67,39
2000,6636,88,61,27
2000,7111,124,70,54
2000,7131,67,51,16
2000,7132,64,47,17
2000,7133,91,68,23
2000,7134,53,23,30
2000,7135,18,18,0
2000,7137,148,111,37
2000,7138,129,85,44
2000,7140,94,75,19
2000,7141,86,68,18
2000,7143,124,91,33
2000,7211,102,74,28
2000,7231,114,59,55
2000,7232,30,20,10
2000,7233,17,17,0
2000,7235,55,45,10
2000,7311,18,18,0
2000,7312,64,44,20
2000,7313,19,19,0
2000,7314,149,109,40
2000,7315,467,238,229
2000,7316,28,28,0
2000,7317,58,58,0
2000,7318,56,32,24
2000,7319,143,126,17
2000,7320,14,14,0
2000,7331,106,95,11
2000,7332,60,60,0
2000,7333,44,32,12
2000,7334,66,48,18
2000,7335,38,38,0
2000,7336,18,18,0
2000,7337,61,41,20
2000,7338,72,72,0
2000,7339,200,149,51
2000,7340,43,43,0
2000,8111,1303,668,635
2000,8115,363,225,138
2000,8116,649,385,264
2000,8117,175,117,58
2000,8118,573,326,247
2000,8119,298,209,89
2000,8121,169,135,34
2000,8125,299,184,115
2000,8126,116,36,80
2000,8127,137,71,66
2000,8128,103,62,41
2000,8135,62,43,19
2000,8136,255,182,73
2000,8211,166,50,116
2000,8212,429,240,189
2000,8215,371,226,145
2000,8216,164,119,45
2000,8221,306,159,147
2000,8222,525,245,280
2000,8225,63,50,13
2000,8226,597,378,219
2000,8231,112,51,61
2000,8235,91,64,27
2000,8236,105,76,29
2000,8237,57,42,15
2000,8311,326,157,169
2000,8315,220,99,121
2000,8316,87,68,19
2000,8317,256,154,102
2000,8325,25,25,0
2000,8326,105,64,41
2000,8327,68,39,29
2000,8335,211,143,68
2000,8336,192,74,118
2000,8337,56,29,27
2000,8415,259,169,90
2000,8416,200,146,54
2000,8417,135,108,27
2000,8421,228,106,122
2000,8425,71,71,0
2000,8426,199,80,119
2000,8435,169,96,73
2000,8436,173,121,52
2000,8437,55,44,11
2000,9161,177,101,76
2000,9162,5687,2145,3542
2000,9163,59,34,25
2000,9171,83,56,27
2000,9172,83,41,42
2000,9173,88,65,23
2000,9174,131,103,28
2000,9175,186,129,57
2000,9176,64,50,14
2000,9177,250,151,99
2000,9178,604,211,393
2000,9179,231,178,53
2000,9180,58,41,17
2000,9181,91,69,22
2000,9182,81,57,24
2000,9183,53,53,0
2000,9184,1311,372,939
2000,9185,40,26,14
2000,9186,144,80,64
2000,9187,370,131,239
2000,9188,303,127,176
2000,9189,79,39,40
2000,9190,62,49,13
2000,9261,79,64,15
2000,9262,73,46,27
2000,9263,15,15,0
2000,9271,43,31,12
2000,9272,10,10,0
2000,9273,41,41,0
2000,9274,107,95,12
2000,9275,56,46,10
2000,9276,0,0,0
2000,9277,42,24,18
2000,9278,35,35,0
2000,9279,18,18,0
2000,9361,16,16,0
2000,9362,136,86,50
2000,9363,12,12,0
2000,9371,27,27,0
2000,9372,20,20,0
2000,9373,85,44,41
2000,9374,16,16,0
2000,9375,89,77,12
2000,9376,65,53,12
2000,9377,0,0,0
2000,9461,87,45,42
2000,9462,111,60,51
2000,9463,33,17,16
2000,9464,36,25,11
2000,9471,75,65,10
2000,9472,38,38,0
2000,9473,33,33,0
2000,9474,50,50,0
2000,9475,124,16,108
2000,9476,12,12,0
2000,9477,19,19,0
2000,9478,32,22,10
2000,9479,41,22,19
2000,9561,17,17,0
2000,9562,174,80,94
2000,9563,122,98,24
2000,9564,878,424,454
2000,9565,43,20,23
2000,9571,98,68,30
2000,9572,146,78,68
2000,9573,100,81,19
2000,9574,130,79,51
2000,9575,45,35,10
2000,9576,92,77,15
2000,9577,26,26,0
2000,9661,93,49,44
2000,9662,45,32,13
2000,9663,161,112,49
2000,9671,174,125,49
2000,9672,79,48,31
2000,9673,29,29,0
2000,9674,29,29,0
2000,9675,67,36,31
2000,9676,153,109,44
2000,9677,86,63,23
2000,9678,64,54,10
2000,9679,175,115,60
2000,9761,469,231,238
2000,9762,28,18,10
2000,9763,73,40,33
2000,9764,50,50,0
2000,9771,98,79,19
2000,9772,183,137,46
2000,9773,58,46,12
2000,9774,75,37,38
2000,9775,173,100,73
2000,9776,83,56,27
2000,9777,68,45,23
2000,9778,101,86,15
2000,9779,229,163,66
2000,9780,101,65,36
2000,10041,252,134,118
2000,10042,46,24,22
2000,10043,50,50,0
2000,10044,58,58,0
2000,10045,76,59,17
2000,10046,29,29,0
2000,11000,14716,8608,6108
2000,12051,61,61,0
2000,12052,110,87,23
2000,12053,69,52,17
2000,12054,470,311,159
2000,12060,320,275,45
2000,12061,309,235,74
2000,12062,48,48,0
2000,12063,239,212,27
2000,12064,272,236,36
2000,12065,326,269,57
2000,12066,98,74,24
2000,12067,221,163,58
2000,12068,198,177,21
2000,12069,451,360,91
2000,12070,464,431,33
2000,12071,86,57,29
2000,12072,296,205,91
2000,12073,203,179,24
2000,13003,1407,1134,273
2000,13004,1527,1158,369
2000,13071,843,720,123
2000,13072,1250,1102,148
2000,13073,1001,813,188
2000,13074,1796,1470,326
2000,13075,824,699,125
2000,13076,4977,4450,527
2000,14511,226,152,74
2000,14521,86,65,21
2000,14522,161,138,23
2000,14523,70,70,0
2000,14524,134,115,19
2000,14612,748,500,248
2000,14625,158,120,38
2000,14626,106,95,11
2000,14627,136,117,19
2000,14628,107,91,16
2000,14713,1019,802,217
2000,14729,199,166,33
2000,14730,127,102,25
2000,15001,77,56,21
2000,15002,335,227,108
2000,15003,403,264,139
2000,15081,249,205,44
2000,15082,123,100,23
2000,15083,181,153,28
2000,15084,98,98,0
2000,15085,183,156,27
2000,15086,115,94,21
2000,15087,99,99,0
2000,15088,178,152,26
2000,15089,197,178,19
2000,15090,362,314,48
2000,15091,134,134,0
2000,16051,270,220,50
2000,16052,53,53,0
2000,16053,123,85,38
2000,16054,17,17,0
2000,16055,66,45,21
2000,16056,30,30,0
2000,16061,74,55,19
2000,16062,57,44,13
2000,16063,66,47,19
2000,16064,68,68,0
2000,16065,37,37,0
2000,16066,48,48,0
2000,16067,75,75,0
2000,16068,31,31,0
2000,16069,0,0,0
2000,16070,75,53,22
2000,16071,33,33,0
2000,16072,11,11,0
2000,16073,27,27,0
2000,16074,34,34,0
2000,16075,39,39,0
2000,16076,32,32,0
2000,16077,31,31,0
3101,1001,0,0,0
3101,1002,76,27,49
3101,1003,46,16,30
3101,1004,0,0,0
3101,1051,10,10,0
3101,1053,17,17,0
3101,1054,18,18,0
3101,1055,35,25,10
3101,1056,65,30,35
3101,1057,0,0,0
3101,1058,32,19,13
3101,1059,0,0,0
3101,1060,35,17,18
3101,1061,0,0,0
3101,1062,113,25,88
3101,2000,817,325,492
3101,3101,0,0,0
3101,3102,10862,6441,4421
3101,3103,14330,2803,11527
3101,3151,11396,8342,3054
3101,3153,2822,2272,550
3101,3154,6384,5127,1257
3101,3155,310,226,84
3101,3157,12115,10157,1958
3101,3158,17738,14595,3143
3101,3159,732,559,173
3101,3241,6048,3023,3025
3101,3251,62,41,21
3101,3252,84,67,17
3101,3254,1986,1434,552
3101,3255,66,55,11
3101,3256,58,43,15
3101,3257,128,95,33
3101,3351,740,514,226
3101,3352,14,14,0
3101,3353,124,100,24
3101,3354,41,41,0
3101,3355,148,114,34
3101,3356,11,11,0
3101,3357,27,27,0
3101,3358,92,55,37
3101,3359,57,38,19
3101,3360,162,124,38
3101,3361,62,29,33
3101,3401,13,0,13
3101,3402,20,20,0
3101,3403,65,36,29
3101,3404,86,50,36
3101,3405,12,0,12
3101,3451,30,18,12
3101,3452,50,24,26
3101,3453,20,10,10
3101,3454,69,38,31
3101,3455,17,17,0
3101,3456,22,22,0
3101,3457,47,36,11
3101,3458,17,17,0
3101,3459,46,27,19
3101,3460,75,23,52
3101,3461,12,12,0
3101,3462,0,0,0
3101,4011,197,89,108
3101,4012,20,20,0
3101,5111,172,36,136
3101,5112,54,11,43
3101,5113,107,52,55
3101,5114,0,0,0
3101,5116,15,0,15
3101,5117,17,17,0
3101,5119,0,0,0
3101,5120,11,0,11
3101,5122,22,0,22
3101,5124,29,11,18
3101,5154,43,0,43
3101,5158,54,29,25
3101,5162,31,18,13
3101,5166,27,11,16
3101,5170,19,19,0
3101,5314,56,17,39
3101,5315,187,57,130
3101,5316,35,0,35
3101,5334,79,39,40
3101,5358,34,0,34
3101,5362,43,15,28
3101,5366,0,0,0
3101,5370,0,0,0
3101,5374,77,0,77
3101,5378,21,10,11
3101,5382,56,24,32
3101,5512,0,0,0
3101,5513,29,19,10
3101,5515,51,22,29
3101,5554,0,0,0
3101,5558,0,0,0
3101,5562,28,28,0
3101,5566,58,43,15
3101,5570,31,16,15
3101,5711,92,34,58
3101,5754,50,21,29
3101,5758,35,25,10
3101,5762,24,24,0
3101,5766,89,68,21
3101,5770,168,112,56
3101,5774,48,32,16
3101,5911,58,35,23
3101,5913,59,36,23
3101,5914,0,0,0
3101,5915,14,14,0
3101,5916,0,0,0
3101,5954,39,25,14
3101,5958,11,11,0
3101,5962,20,10,10
3101,5966,0,0,0
3101,5970,10,10,0
3101,5974,64,18,46
3101,5978,43,27,16
3101,6411,36,12,24
3101,6412,231,78,153
3101,6413,0,0,0
3101,6414,32,11,21
3101,6431,16,16,0
3101,6432,39,21,18
3101,6433,31,12,19
3101,6434,38,0,38
3101,6435,29,17,12
3101,6436,78,16,62
3101,6437,0,0,0
3101,6438,66,17,49
3101,6439,0,0,0
3101,6440,29,16,13
3101,6531,17,17,0
3101,6532,15,15,0
3101,6533,19,19,0
3101,6534,11,0,11
3101,6535,0,0,0
3101,6611,132,94,38
3101,6631,30,15,15
3101,6632,0,0,0
3101,6633,129,61,68
3101,6634,10,10,0
3101,6635,0,0,0
3101,6636,20,20,0
3101,7111,13,0,13
3101,7131,0,0,0
3101,7132,0,0,0
3101,7133,0,0,0
3101,7134,0,0,0
3101,7135,0,0,0
3101,7137,0,0,0
3101,7138,0,0,0
3101,7140,0,0,0
3101,7141,0,0,0
3101,7143,0,0,0
3101,7211,0,0,0
3101,7231,11,0,11
3101,7232,0,0,0
3101,7233,0,0,0
3101,7235,0,0,0
3101,7311,0,0,0
3101,7312,11,11,0
3101,7313,0,0,0
3101,7314,0,0,0
3101,7315,0,0,0
3101,7316,0,0,0
3101,7317,0,0,0
3101,7318,0,0,0
3101,7319,0,0,0
3101,7320,0,0,0
3101,7331,0,0,0
3101,7332,0,0,0
3101,7333,0,0,0
3101,7334,0,0,0
3101,7335,0,0,0
3101,7336,0,0,0
3101,7337,0,0,0
3101,7338,0,0,0
3101,7339,12,0,12
3101,7340,0,0,0
3101,8111,185,29,156
3101,8115,64,14,50
3101,8116,68,23,45
3101,8117,22,12,10
3101,8118,115,18,97
3101,8119,14,0,14
3101,8121,0,0,0
3101,8125,44,14,30
3101,8126,11,0,11
3101,8127,0,0,0
3101,8128,14,0,14
3101,8135,0,0,0
3101,8136,17,0,17
3101,8211,0,0,0
3101,8212,37,12,25
3101,8215,26,10,16
3101,8216,13,0,13
3101,8221,13,13,0
3101,8222,27,0,27
3101,8225,0,0,0
3101,8226,49,19,30
3101,8231,0,0,0
3101,8235,0,0,0
3101,8236,0,0,0
3101,8237,0,0,0
3101,8311,29,16,13
3101,8315,13,0,13
3101,8316,0,0,0
3101,8317,11,0,11
3101,8325,0,0,0
3101,8326,0,0,0
3101,8327,0,0,0
3101,8335,34,22,12
3101,8336,0,0,0
3101,8337,0,0,0
3101,8415,22,10,12
3101,8416,10,10,0
3101,8417,0,0,0
3101,8421,12,0,12
3101,8425,0,0,0
3101,8426,0,0,0
3101,8435,42,42,0
3101,8436,0,0,0
3101,8437,0,0,0
3101,9161,111,22,89
3101,9162,420,169,251
3101,9163,0,0,0
3101,9171,0,0,0
3101,9172,19,0,19
3101,9173,0,0,0
3101,9174,22,22,0
3101,9175,0,0,0
3101,9176,49,0,49
3101,9177,0,0,0
3101,9178,25,14,11
3101,9179,12,12,0
3101,9180,0,0,0
3101,9181,0,0,0
3101,9182,0,0,0
3101,9183,0,0,0
3101,9184,219,42,177
3101,9185,0,0,0
3101,9186,14,0,14
3101,9187,12,12,0
3101,9188,16,16,0
3101,9189,0,0,0
3101,9190,0,0,0
3101,9261,0,0,0
3101,9262,0,0,0
3101,9263,0,0,0
3101,9271,31,0,31
3101,9272,0,0,0
3101,9273,0,0,0
3101,9274,0,0,0
3101,9275,0,0,0
3101,9276,0,0,0
3101,9277,0,0,0
3101,9278,0,0,0
3101,9279,0,0,0
3101,9361,0,0,0
3101,9362,0,0,0
3101,9363,0,0,0
3101,9371,0,0,0
3101,9372,0,0,0
3101,9373,0,0,0
3101,9374,0,0,0
3101,9375,0,0,0
3101,9376,0,0,0
3101,9377,0,0,0
3101,9461,0,0,0
3101,9462,0,0,0
3101,9463,0,0,0
3101,9464,0,0,0
3101,9471,0,0,0
3101,9472,0,0,0
3101,9473,0,0,0
3101,9474,0,0,0
3101,9475,23,0,23
3101,9476,0,0,0
3101,9477,0,0,0
3101,9478,0,0,0
3101,9479,0,0,0
3101,9561,0,0,0
3101,9562,34,0,34
3101,9563,0,0,0
3101,9564,60,20,40
3101,9565,0,0,0
3101,9571,0,0,0
3101,9572,17,0,17
3101,9573,0,0,0
3101,9574,0,0,0
3101,9575,0,0,0
3101,9576,0,0,0
3101,9577,0,0,0
3101,9661,0,0,0
3101,9662,0,0,0
3101,9663,45,45,0
3101,9671,0,0,0
3101,9672,0,0,0
3101,9673,0,0,0
3101,9674,0,0,0
3101,9675,14,0,14
3101,9676,0,0,0
3101,9677,0,0,0
3101,9678,0,0,0
3101,9679,11,11,0
3101,9761,14,0,14
3101,9762,0,0,0
3101,9763,0,0,0
3101,9764,0,0,0
3101,9771,0,0,0
3101,9772,0,0,0
3101,9773,0,0,0
3101,9774,0,0,0
3101,9775,0,0,0
3101,9776,0,0,0
3101,9777,0,0,0
3101,9778,0,0,0
3101,9779,0,0,0
3101,9780,0,0,0
3101,10041,92,92,0
3101,10042,0,0,0
3101,10043,10,10,0
3101,10044,0,0,0
3101,10045,13,13,0
3101,10046,0,0,0
3101,11000,1239,666,573
3101,12051,11,11,0
3101,12052,0,0,0
3101,12053,0,0,0
3101,12054,86,74,12
3101,12060,15,15,0
3101,12061,11,11,0
3101,12062,13,13,0
3101,12063,31,31,0
3101,12064,34,34,0
3101,12065,21,21,0
3101,12066,0,0,0
3101,12067,22,22,0
3101,12068,0,0,0
3101,12069,74,55,19
3101,12070,11,11,0
3101,12071,12,12,0
3101,12072,47,33,14
3101,12073,10,10,0
3101,13003,15,15,0
3101,13004,11,11,0
3101,13071,24,24,0
3101,13072,20,20,0
3101,13073,27,15,12
3101,13074,21,21,0
3101,13075,32,32,0
3101,13076,14,14,0
3101,14511,29,15,14
3101,14521,0,0,0
3101,14522,16,16,0
3101,14523,0,0,0
3101,14524,51,35,16
3101,14612,81,48,33
3101,14625,11,11,0
3101,14626,11,0,11
3101,14627,10,10,0
3101,14628,12,12,0
3101,14713,146,106,40
3101,14729,15,15,0
3101,14730,28,28,0
3101,15001,17,17,0
3101,15002,78,58,20
3101,15003,657,473,184
3101,15081,259,218,41
3101,15082,30,30,0
3101,15083,1194,1080,114
3101,15084,30,30,0
3101,15085,1659,1503,156
3101,15086,150,125,25
3101,15087,33,33,0
3101,15088,33,33,0
3101,15089,181,152,29
3101,15090,89,89,0
3101,15091,20,20,0
3101,16051,36,23,13
3101,16052,15,15,0
3101,16053,14,14,0
3101,16054,0,0,0
3101,16055,0,0,0
3101,16056,0,0,0
3101,16061,43,25,18
3101,16062,34,34,0
3101,16063,0,0,0
3101,16064,11,11,0
3101,16065,0,0,0
3101,16066,16,16,0
3101,16067,27,0,27
3101,16068,0,0,0
3101,16069,0,0,0
3101,16070,0,0,0
3101,16071,0,0,0
3101,16072,0,0,0
3101,16073,0,0,0
3101,16074,0,0,0
3101,16075,0,0,0
3101,16076,0,0,0
3101,16077,0,0,0
3102,1001,0,0,0
3102,1002,34,10,24
3102,1003,0,0,0
3102,1004,0,0,0
3102,1051,0,0,0
3102,1053,0,0,0
3102,1054,0,0,0
3102,1055,0,0,0
3102,1056,15,0,15
3102,1057,0,0,0
3102,1058,0,0,0
3102,1059,0,0,0
3102,1060,0,0,0
3102,1061,0,0,0
3102,1062,15,0,15
3102,2000,173,27,146
3102,3101,10862,4421,6441
3102,3102,0,0,0
3102,3103,1152,164,988
3102,3151,632,398,234
3102,3153,3565,2674,891
3102,3154,469,316,153
3102,3155,187,132,55
3102,3157,6315,4864,1451
3102,3158,8171,6687,1484
3102,3159,188,119,69
3102,3241,1746,663,1083
3102,3251,0,0,0
3102,3252,27,17,10
3102,3254,2746,1976,770
3102,3255,12,0,12
3102,3256,0,0,0
3102,3257,19,19,0
3102,3351,72,57,15
3102,3352,0,0,0
3102,3353,80,0,80
3102,3354,0,0,0
3102,3355,0,0,0
3102,3356,0,0,0
3102,3357,0,0,0
3102,3358,28,11,17
3102,3359,0,0,0
3102,3360,13,13,0
3102,3361,14,0,14
3102,3401,0,0,0
3102,3402,0,0,0
3102,3403,11,0,11
3102,3404,0,0,0
3102,3405,0,0,0
3102,3451,0,0,0
3102,3452,0,0,0
3102,3453,0,0,0
3102,3454,0,0,0
3102,3455,0,0,0
3102,3456,0,0,0
3102,3457,0,0,0
3102,3458,0,0,0
3102,3459,15,15,0
3102,3460,0,0,0
3102,3461,0,0,0
3102,3462,0,0,0
3102,4011,132,28,104
3102,4012,0,0,0
3102,5111,57,0,57
3102,5112,49,0,49
3102,5113,29,17,12
3102,5114,10,0,10
3102,5116,0,0,0
3102,5117,0,0,0
3102,5119,0,0,0
3102,5120,0,0,0
3102,5122,14,0,14
3102,5124,0,0,0
3102,5154,0,0,0
3102,5158,16,0,16
3102,5162,0,0,0
3102,5166,0,0,0
3102,5170,11,0,11
3102,5314,0,0,0
3102,5315,21,0,21
3102,5316,12,0,12
3102,5334,22,10,12
3102,5358,0,0,0
3102,5362,11,0,11
3102,5366,0,0,0
3102,5370,0,0,0
3102,5374,0,0,0
3102,5378,0,0,0
3102,5382,22,0,22
3102,5512,0,0,0
3102,5513,0,0,0
3102,5515,0,0,0
3102,5554,0,0,0
3102,5558,0,0,0
3102,5562,10,0,10
3102,5566,0,0,0
3102,5570,0,0,0
3102,5711,45,10,35
3102,5754,10,0,10
3102,5758,0,0,0
3102,5762,0,0,0
3102,5766,0,0,0
3102,5770,24,14,10
3102,5774,10,0,10
3102,5911,0,0,0
3102,5913,0,0,0
3102,5914,0,0,0
3102,5915,14,0,14
3102,5916,0,0,0
3102,5954,0,0,0
3102,5958,0,0,0
3102,5962,0,0,0
3102,5966,0,0,0
3102,5970,0,0,0
3102,5974,0,0,0
3102,5978,0,0,0
3102,6411,0,0,0
3102,6412,41,12,29
3102,6413,0,0,0
3102,6414,0,0,0
3102,6431,0,0,0
3102,6432,0,0,0
3102,6433,22,0,22
3102,6434,0,0,0
3102,6435,0,0,0
3102,6436,13,0,13
3102,6437,0,0,0
3102,6438,0,0,0
3102,6439,0,0,0
3102,6440,0,0,0
3102,6531,0,0,0
3102,6532,21,0,21
3102,6533,0,0,0
3102,6534,0,0,0
3102,6535,0,0,0
3102,6611,25,12,13
3102,6631,0,0,0
3102,6632,0,0,0
3102,6633,29,11,18
3102,6634,0,0,0
3102,6635,0,0,0
3102,6636,0,0,0
3102,7111,10,0,10
3102,7131,0,0,0
3102,7132,0,0,0
3102,7133,0,0,0
3102,7134,0,0,0
3102,7135,0,0,0
3102,7137,0,0,0
3102,7138,0,0,0
3102,7140,0,0,0
3102,7141,0,0,0
3102,7143,0,0,0
3102,7211,0,0,0
3102,7231,0,0,0
3102,7232,0,0,0
3102,7233,0,0,0
3102,7235,0,0,0
3102,7311,0,0,0
3102,7312,0,0,0
3102,7313,0,0,0
3102,7314,0,0,0
3102,7315,0,0,0
3102,7316,0,0,0
3102,7317,0,0,0
3102,7318,0,0,0
3102,7319,0,0,0
3102,7320,0,0,0
3102,7331,0,0,0
3102,7332,0,0,0
3102,7333,0,0,0
3102,7334,0,0,0
3102,7335,0,0,0
3102,7336,0,0,0
3102,7337,0,0,0
3102,7338,0,0,0
3102,7339,0,0,0
3102,7340,0,0,0
3102,8111,40,0,40
3102,8115,10,0,10
3102,8116,17,0,17
3102,8117,0,0,0
3102,8118,0,0,0
3102,8119,0,0,0
3102,8121,0,0,0
3102,8125,0,0,0
3102,8126,0,0,0
3102,8127,0,0,0
3102,8128,0,0,0
3102,8135,0,0,0
3102,8136,0,0,0
3102,8211,0,0,0
3102,8212,0,0,0
3102,8215,0,0,0
3102,8216,0,0,0
3102,8221,0,0,0
3102,8222,0,0,0
3102,8225,0,0,0
3102,8226,20,0,20
3102,8231,0,0,0
3102,8235,0,0,0
3102,8236,10,0,10
3102,8237,0,0,0
3102,8311,0,0,0
3102,8315,0,0,0
3102,8316,0,0,0
3102,8317,0,0,0
3102,8325,0,0,0
3102,8326,0,0,0
3102,8327,0,0,0
3102,8335,0,0,0
3102,8336,0,0,0
3102,8337,0,0,0
3102,8415,0,0,0
3102,8416,0,0,0
3102,8417,0,0,0
3102,8421,0,0,0
3102,8425,0,0,0
3102,8426,0,0,0
3102,8435,0,0,0
3102,8436,0,0,0
3102,8437,0,0,0
3102,9161,10,0,10
3102,9162,34,0,34
3102,9163,0,0,0
3102,9171,0,0,0
3102,9172,0,0,0
3102,9173,0,0,0
3102,9174,0,0,0
3102,9175,0,0,0
3102,9176,0,0,0
3102,9177,0,0,0
3102,9178,0,0,0
3102,9179,0,0,0
3102,9180,0,0,0
3102,9181,0,0,0
3102,9182,0,0,0
3102,9183,0,0,0
3102,9184,28,0,28
3102,9185,0,0,0
3102,9186,0,0,0
3102,9187,0,0,0
3102,9188,0,0,0
3102,9189,0,0,0
3102,9190,0,0,0
3102,9261,0,0,0
3102,9262,0,0,0
3102,9263,0,0,0
3102,9271,0,0,0
3102,9272,0,0,0
3102,9273,0,0,0
3102,9274,0,0,0
3102,9275,0,0,0
3102,9276,0,0,0
3102,9277,0,0,0
3102,9278,0,0,0
3102,9279,0,0,0
3102,9361,0,0,0
3102,9362,0,0,0
3102,9363,0,0,0
3102,9371,0,0,0
3102,9372,0,0,0
3102,9373,0,0,0
3102,9374,0,0,0
3102,9375,0,0,0
3102,9376,0,0,0
3102,9377,0,0,0
3102,9461,0,0,0
3102,9462,0,0,0
3102,9463,0,0,0
3102,9464,0,0,0
3102,9471,0,0,0
3102,9472,0,0,0
3102,9473,0,0,0
3102,9474,0,0,0
3102,9475,0,0,0
3102,9476,0,0,0
3102,9477,0,0,0
3102,9478,0,0,0
3102,9479,0,0,0
3102,9561,0,0,0
3102,9562,0,0,0
3102,9563,0,0,0
3102,9564,11,0,11
3102,9565,0,0,0
3102,9571,0,0,0
3102,9572,0,0,0
3102,9573,0,0,0
3102,9574,0,0,0
3102,9575,0,0,0
3102,9576,0,0,0
3102,9577,0,0,0
3102,9661,0,0,0
3102,9662,0,0,0
3102,9663,0,0,0
3102,9671,0,0,0
3102,9672,0,0,0
3102,9673,0,0,0
3102,9674,0,0,0
3102,9675,0,0,0
3102,9676,0,0,0
3102,9677,0,0,0
3102,9678,0,0,0
3102,9679,0,0,0
3102,9761,0,0,0
3102,9762,0,0,0
3102,9763,0,0,0
3102,9764,0,0,0
3102,9771,0,0,0
3102,9772,0,0,0
3102,9773,0,0,0
3102,9774,0,0,0
3102,9775,0,0,0
3102,9776,0,0,0
3102,9777,0,0,0
3102,9778,0,0,0
3102,9779,0,0,0
3102,9780,0,0,0
3102,10041,0,0,0
3102,10042,0,0,0
3102,10043,0,0,0
3102,10044,0,0,0
3102,10045,0,0,0
3102,10046,0,0,0
3102,11000,232,91,141
3102,12051,0,0,0
3102,12052,0,0,0
3102,12053,0,0,0
3102,12054,11,0,11
3102,12060,0,0,0
3102,12061,0,0,0
3102,12062,0,0,0
3102,12063,0,0,0
3102,12064,0,0,0
3102,12065,35,0,35
3102,12066,0,0,0
3102,12067,0,0,0
3102,12068,0,0,0
3102,12069,15,0,15
3102,12070,0,0,0
3102,12071,0,0,0
3102,12072,0,0,0
3102,12073,0,0,0
3102,13003,0,0,0
3102,13004,0,0,0
3102,13071,0,0,0
3102,13072,0,0,0
3102,13073,0,0,0
3102,13074,0,0,0
3102,13075,0,0,0
3102,13076,0,0,0
3102,14511,0,0,0
3102,14521,0,0,0
3102,14522,0,0,0
3102,14523,0,0,0
3102,14524,0,0,0
3102,14612,0,0,0
3102,14625,0,0,0
3102,14626,11,11,0
3102,14627,0,0,0
3102,14628,0,0,0
3102,14713,11,11,0
3102,14729,0,0,0
3102,14730,0,0,0
3102,15001,0,0,0
3102,15002,18,18,0
3102,15003,97,61,36
3102,15081,53,37,16
3102,15082,0,0,0
3102,15083,157,138,19
3102,15084,0,0,0
3102,15085,1281,1204,77
3102,15086,13,13,0
3102,15087,30,30,0
3102,15088,16,16,0
3102,15089,38,38,0
3102,15090,14,14,0
3102,15091,0,0,0
3102,16051,0,0,0
3102,16052,0,0,0
3102,16053,0,0,0
3102,16054,0,0,0
3102,16055,0,0,0
3102,16056,0,0,0
3102,16061,0,0,0
3102,16062,19,19,0
3102,16063,0,0,0
3102,16064,0,0,0
3102,16065,0,0,0
3102,16066,0,0,0
3102,16067,0,0,0
3102,16068,0,0,0
3102,16069,0,0,0
3102,16070,0,0,0
3102,16071,0,0,0
3102,16072,0,0,0
3102,16073,0,0,0
3102,16074,0,0,0
3102,16075,0,0,0
3102,16076,0,0,0
3102,16077,0,0,0
3103,1001,0,0,0
3103,1002,21,11,10
3103,1003,0,0,0
3103,1004,0,0,0
3103,1051,15,15,0
3103,1053,15,15,0
3103,1054,11,11,0
3103,1055,16,16,0
3103,1056,18,18,0
3103,1057,0,0,0
3103,1058,11,11,0
3103,1059,10,10,0
3103,1060,18,18,0
3103,1061,0,0,0
3103,1062,14,14,0
3103,2000,390,208,182
3103,3101,14330,11527,2803
3103,3102,1152,988,164
3103,3103,0,0,0
3103,3151,28811,26606,2205
3103,3153,429,406,23
3103,3154,14062,13232,830
3103,3155,69,57,12
3103,3157,2139,2031,108
3103,3158,3261,3109,152
3103,3159,222,161,61
3103,3241,3833,3094,739
3103,3251,33,33,0
3103,3252,64,54,10
3103,3254,501,464,37
3103,3255,14,14,0
3103,3256,53,53,0
3103,3257,103,103,0
3103,3351,622,592,30
3103,3352,19,19,0
3103,3353,34,34,0
3103,3354,92,92,0
3103,3355,64,43,21
3103,3356,13,13,0
3103,3357,14,14,0
3103,3358,68,47,21
3103,3359,16,16,0
3103,3360,388,350,38
3103,3361,23,23,0
3103,3401,0,0,0
3103,3402,58,35,23
3103,3403,17,17,0
3103,3404,146,146,0
3103,3405,10,10,0
3103,3451,14,14,0
3103,3452,49,49,0
3103,3453,0,0,0
3103,3454,77,34,43
3103,3455,14,14,0
3103,3456,10,10,0
3103,3457,21,21,0
3103,3458,10,10,0
3103,3459,107,107,0
3103,3460,27,17,10
3103,3461,20,0,20
3103,3462,0,0,0
3103,4011,93,73,20
3103,4012,0,0,0
3103,5111,97,36,61
3103,5112,17,17,0
3103,5113,21,21,0
3103,5114,0,0,0
3103,5116,21,11,10
3103,5117,12,12,0
3103,5119,10,10,0
3103,5120,0,0,0
3103,5122,0,0,0
3103,5124,12,0,12
3103,5154,0,0,0
3103,5158,11,11,0
3103,5162,21,21,0
3103,5166,16,16,0
3103,5170,14,14,0
3103,5314,14,14,0
3103,5315,85,40,45
3103,5316,25,0,25
3103,5334,53,39,14
3103,5358,0,0,0
3103,5362,16,16,0
3103,5366,0,0,0
3103,5370,0,0,0
3103,5374,62,0,62
3103,5378,11,11,0
3103,5382,33,22,11
3103,5512,0,0,0
3103,5513,0,0,0
3103,5515,25,25,0
3103,5554,0,0,0
3103,5558,12,12,0
3103,5562,14,14,0
3103,5566,59,59,0
3103,5570,0,0,0
3103,5711,20,20,0
3103,5754,24,14,10
3103,5758,24,24,0
3103,5762,14,14,0
3103,5766,48,37,11
3103,5770,59,45,14
3103,5774,26,26,0
3103,5911,30,30,0
3103,5913,22,22,0
3103,5914,0,0,0
3103,5915,0,0,0
3103,5916,0,0,0
3103,5954,0,0,0
3103,5958,0,0,0
3103,5962,14,14,0
3103,5966,0,0,0
3103,5970,0,0,0
3103,5974,13,13,0
3103,5978,12,12,0
3103,6411,15,15,0
3103,6412,94,36,58
3103,6413,0,0,0
3103,6414,17,17,0
3103,6431,0,0,0
3103,6432,27,15,12
3103,6433,14,14,0
3103,6434,23,11,12
3103,6435,22,10,12
3103,6436,0,0,0
3103,6437,0,0,0
3103,6438,49,12,37
3103,6439,0,0,0
3103,6440,10,10,0
3103,6531,13,13,0
3103,6532,0,0,0
3103,6533,0,0,0
3103,6534,17,17,0
3103,6535,0,0,0
3103,6611,100,100,0
3103,6631,29,29,0
3103,6632,10,10,0
3103,6633,167,138,29
3103,6634,52,52,0
3103,6635,12,12,0
3103,6636,14,14,0
3103,7111,0,0,0
3103,7131,0,0,0
3103,7132,0,0,0
3103,7133,0,0,0
3103,7134,0,0,0
3103,7135,0,0,0
3103,7137,0,0,0
3103,7138,0,0,0
3103,7140,0,0,0
3103,7141,0,0,0
3103,7143,0,0,0
3103,7211,0,0,0
3103,7231,0,0,0
3103,7232,0,0,0
3103,7233,0,0,0
3103,7235,0,0,0
3103,7311,0,0,0
3103,7312,0,0,0
3103,7313,0,0,0
3103,7314,0,0,0
3103,7315,42,11,31
3103,7316,0,0,0
3103,7317,0,0,0
3103,7318,0,0,0
3103,7319,0,0,0
3103,7320,0,0,0
3103,7331,0,0,0
3103,7332,0,0,0
3103,7333,0,0,0
3103,7334,0,0,0
3103,7335,0,0,0
3103,7336,0,0,0
3103,7337,0,0,0
3103,7338,0,0,0
3103,7339,23,12,11
3103,7340,0,0,0
3103,8111,77,42,35
3103,8115,49,33,16
3103,8116,37,27,10
3103,8117,0,0,0
3103,8118,68,34,34
3103,8119,32,10,22
3103,8121,10,10,0
3103,8125,39,21,18
3103,8126,0,0,0
3103,8127,0,0,0
3103,8128,0,0,0
3103,8135,0,0,0
3103,8136,17,17,0
3103,8211,0,0,0
3103,8212,20,20,0
3103,8215,0,0,0
3103,8216,0,0,0
3103,8221,0,0,0
3103,8222,10,10,0
3103,8225,0,0,0
3103,8226,35,20,15
3103,8231,0,0,0
3103,8235,0,0,0
3103,8236,0,0,0
3103,8237,0,0,0
3103,8311,0,0,0
3103,8315,0,0,0
3103,8316,0,0,0
3103,8317,0,0,0
3103,8325,0,0,0
3103,8326,0,0,0
3103,8327,0,0,0
3103,8335,0,0,0
3103,8336,0,0,0
3103,8337,0,0,0
3103,8415,0,0,0
3103,8416,0,0,0
3103,8417,0,0,0
3103,8421,0,0,0
3103,8425,0,0,0
3103,8426,0,0,0
3103,8435,0,0,0
3103,8436,0,0,0
3103,8437,0,0,0
3103,9161,144,70,74
3103,9162,257,162,95
3103,9163,0,0,0
3103,9171,0,0,0
3103,9172,0,0,0
3103,9173,0,0,0
3103,9174,12,12,0
3103,9175,0,0,0
3103,9176,52,26,26
3103,9177,0,0,0
3103,9178,35,35,0
3103,9179,12,12,0
3103,9180,0,0,0
3103,9181,0,0,0
3103,9182,0,0,0
3103,9183,0,0,0
3103,9184,83,19,64
3103,9185,0,0,0
3103,9186,10,10,0
3103,9187,0,0,0
3103,9188,0,0,0
3103,9189,18,0,18
3103,9190,0,0,0
3103,9261,13,13,0
3103,9262,0,0,0
3103,9263,15,15,0
3103,9271,95,95,0
3103,9272,0,0,0
3103,9273,12,12,0
3103,9274,69,15,54
3103,9275,0,0,0
3103,9276,0,0,0
3103,9277,0,0,0
3103,9278,24,24,0
3103,9279,258,258,0
3103,9361,0,0,0
3103,9362,0,0,0
3103,9363,0,0,0
3103,9371,0,0,0
3103,9372,0,0,0
3103,9373,0,0,0
3103,9374,0,0,0
3103,9375,13,13,0
3103,9376,0,0,0
3103,9377,0,0,0
3103,9461,0,0,0
3103,9462,0,0,0
3103,9463,0,0,0
3103,9464,0,0,0
3103,9471,0,0,0
3103,9472,0,0,0
3103,9473,0,0,0
3103,9474,0,0,0
3103,9475,0,0,0
3103,9476,0,0,0
3103,9477,0,0,0
3103,9478,0,0,0
3103,9479,0,0,0
3103,9561,0,0,0
3103,9562,0,0,0
3103,9563,0,0,0
3103,9564,27,14,13
3103,9565,0,0,0
3103,9571,0,0,0
3103,9572,16,0,16
3103,9573,0,0,0
3103,9574,0,0,0
3103,9575,0,0,0
3103,9576,0,0,0
3103,9577,0,0,0
3103,9661,0,0,0
3103,9662,0,0,0
3103,9663,11,11,0
3103,9671,0,0,0
3103,9672,0,0,0
3103,9673,0,0,0
3103,9674,0,0,0
3103,9675,22,0,22
3103,9676,0,0,0
3103,9677,0,0,0
3103,9678,0,0,0
3103,9679,10,10,0
3103,9761,14,14,0
3103,9762,0,0,0
3103,9763,0,0,0
3103,9764,0,0,0
3103,9771,0,0,0
3103,9772,0,0,0
3103,9773,0,0,0
3103,9774,0,0,0
3103,9775,0,0,0
3103,9776,0,0,0
3103,9777,0,0,0
3103,9778,0,0,0
3103,9779,0,0,0
3103,9780,0,0,0
3103,10041,0,0,0
3103,10042,0,0,0
3103,10043,0,0,0
3103,10044,0,0,0
3103,10045,0,0,0
3103,10046,0,0,0
3103,11000,1583,1285,298
3103,12051,11,11,0
3103,12052,13,13,0
3103,12053,0,0,0
3103,12054,49,49,0
3103,12060,18,18,0
3103,12061,20,20,0
3103,12062,0,0,0
3103,12063,53,53,0
3103,12064,23,23,0
3103,12065,20,20,0
3103,12066,0,0,0
3103,12067,14,14,0
3103,12068,0,0,0
3103,12069,40,40,0
3103,12070,21,21,0
3103,12071,16,16,0
3103,12072,19,19,0
3103,12073,0,0,0
3103,13003,15,15,0
3103,13004,0,0,0
3103,13071,17,17,0
3103,13072,0,0,0
3103,13073,11,11,0
3103,13074,14,14,0
3103,13075,0,0,0
3103,13076,28,28,0
3103,14511,27,27,0
3103,14521,29,29,0
3103,14522,24,24,0
3103,14523,15,15,0
3103,14524,93,62,31
3103,14612,86,86,0
3103,14625,12,12,0
3103,14626,27,13,14
3103,14627,21,21,0
3103,14628,20,20,0
3103,14713,96,76,20
3103,14729,21,21,0
3103,14730,21,21,0
3103,15001,16,16,0
3103,15002,43,43,0
3103,15003,886,841,45
3103,15081,3343,3267,76
3103,15082,41,41,0
3103,15083,3711,3582,129
3103,15084,17,17,0
3103,15085,475,464,11
3103,15086,162,162,0
3103,15087,39,39,0
3103,15088,21,21,0
3103,15089,189,189,0
3103,15090,466,450,16
3103,15091,19,19,0
3103,16051,15,15,0
3103,16052,0,0,0
3103,16053,11,11,0
3103,16054,0,0,0
3103,16055,0,0,0
3103,16056,0,0,0
3103,16061,25,25,0
3103,16062,14,14,0
3103,16063,0,0,0
3103,16064,14,14,0
3103,16065,10,10,0
3103,16066,0,0,0
3103,16067,0,0,0
3103,16068,0,0,0
3103,16069,0,0,0
3103,16070,0,0,0
3103,16071,0,0,0
3103,16072,0,0,0
3103,16073,11,11,0
3103,16074,0,0,0
3103,16075,0,0,0
3103,16076,0,0,0
3103,16077,11,11,0
3151,1001,0,0,0
3151,1002,31,11,20
3151,1003,0,0,0
3151,1004,0,0,0
3151,1051,0,0,0
3151,1053,0,0,0
3151,1054,0,0,0
3151,1055,0,0,0
3151,1056,12,0,12
3151,1057,0,0,0
3151,1058,14,0,14
3151,1059,0,0,0
3151,1060,15,0,15
3151,1061,0,0,0
3151,1062,71,29,42
3151,2000,272,62,210
3151,3101,11396,3054,8342
3151,3102,632,234,398
3151,3103,28811,2205,26606
3151,3151,0,0,0
3151,3153,174,113,61
3151,3154,1373,876,497
3151,3155,36,25,11
3151,3157,1800,1033,767
3151,3158,867,585,282
3151,3159,129,64,65
3151,3241,3272,1121,2151
3151,3251,23,13,10
3151,3252,25,25,0
3151,3254,297,157,140
3151,3255,0,0,0
3151,3256,25,0,25
3151,3257,47,28,19
3151,3351,2156,1013,1143
3151,3352,0,0,0
3151,3353,29,14,15
3151,3354,113,77,36
3151,3355,113,46,67
3151,3356,0,0,0
3151,3357,22,12,10
3151,3358,92,32,60
3151,3359,15,0,15
3151,3360,1100,517,583
3151,3361,45,12,33
3151,3401,0,0,0
3151,3402,14,0,14
3151,3403,19,0,19
3151,3404,26,10,16
3151,3405,0,0,0
3151,3451,0,0,0
3151,3452,0,0,0
3151,3453,0,0,0
3151,3454,58,0,58
3151,3455,0,0,0
3151,3456,0,0,0
3151,3457,0,0,0
3151,3458,12,0,12
3151,3459,22,12,10
3151,3460,12,0,12
3151,3461,0,0,0
3151,3462,0,0,0
3151,4011,53,21,32
3151,4012,0,0,0
3151,5111,42,0,42
3151,5112,10,0,10
3151,5113,12,0,12
3151,5114,0,0,0
3151,5116,0,0,0
3151,5117,0,0,0
3151,5119,0,0,0
3151,5120,0,0,0
3151,5122,0,0,0
3151,5124,0,0,0
3151,5154,0,0,0
3151,5158,12,0,12
3151,5162,0,0,0
3151,5166,0,0,0
3151,5170,0,0,0
3151,5314,16,0,16
3151,5315,73,11,62
3151,5316,0,0,0
3151,5334,13,0,13
3151,5358,10,0,10
3151,5362,10,0,10
3151,5366,0,0,0
3151,5370,0,0,0
3151,5374,46,0,46
3151,5378,0,0,0
3151,5382,18,0,18
3151,5512,0,0,0
3151,5513,0,0,0
3151,5515,13,0,13
3151,5554,0,0,0
3151,5558,0,0,0
3151,5562,0,0,0
3151,5566,0,0,0
3151,5570,11,0,11
3151,5711,10,0,10
3151,5754,14,0,14
3151,5758,0,0,0
3151,5762,0,0,0
3151,5766,11,0,11
3151,5770,44,12,32
3151,5774,0,0,0
3151,5911,0,0,0
3151,5913,12,0,12
3151,5914,0,0,0
3151,5915,0,0,0
3151,5916,0,0,0
3151,5954,0,0,0
3151,5958,0,0,0
3151,5962,10,0,10
3151,5966,0,0,0
3151,5970,0,0,0
3151,5974,0,0,0
3151,5978,0,0,0
3151,6411,0,0,0
3151,6412,64,13,51
3151,6413,0,0,0
3151,6414,0,0,0
3151,6431,0,0,0
3151,6432,10,0,10
3151,6433,0,0,0
3151,6434,10,0,10
3151,6435,14,0,14
3151,6436,21,0,21
3151,6437,0,0,0
3151,6438,30,0,30
3151,6439,0,0,0
3151,6440,0,0,0
3151,6531,0,0,0
3151,6532,0,0,0
3151,6533,0,0,0
3151,6534,0,0,0
3151,6535,0,0,0
3151,6611,26,15,11
3151,6631,0,0,0
3151,6632,0,0,0
3151,6633,32,17,15
3151,6634,0,0,0
3151,6635,0,0,0
3151,6636,0,0,0
3151,7111,10,0,10
3151,7131,0,0,0
3151,7132,0,0,0
3151,7133,0,0,0
3151,7134,0,0,0
3151,7135,0,0,0
3151,7137,0,0,0
3151,7138,0,0,0
3151,7140,0,0,0
3151,7141,0,0,0
3151,7143,0,0,0
3151,7211,0,0,0
3151,7231,0,0,0
3151,7232,0,0,0
3151,7233,0,0,0
3151,7235,0,0,0
3151,7311,0,0,0
3151,7312,0,0,0
3151,7313,0,0,0
3151,7314,0,0,0
3151,7315,0,0,0
3151,7316,0,0,0
3151,7317,0,0,0
3151,7318,0,0,0
3151,7319,0,0,0
3151,7320,0,0,0
3151,7331,0,0,0
3151,7332,0,0,0
3151,7333,0,0,0
3151,7334,0,0,0
3151,7335,0,0,0
3151,7336,0,0,0
3151,7337,0,0,0
3151,7338,0,0,0
3151,7339,0,0,0
3151,7340,0,0,0
3151,8111,37,0,37
3151,8115,20,0,20
3151,8116,15,0,15
3151,8117,0,0,0
3151,8118,28,0,28
3151,8119,33,0,33
3151,8121,0,0,0
3151,8125,17,0,17
3151,8126,0,0,0
3151,8127,0,0,0
3151,8128,0,0,0
3151,8135,0,0,0
3151,8136,0,0,0
3151,8211,0,0,0
3151,8212,21,0,21
3151,8215,0,0,0
3151,8216,0,0,0
3151,8221,0,0,0
3151,8222,0,0,0
3151,8225,0,0,0
3151,8226,15,0,15
3151,8231,0,0,0
3151,8235,14,0,14
3151,8236,0,0,0
3151,8237,0,0,0
3151,8311,0,0,0
3151,8315,0,0,0
3151,8316,0,0,0
3151,8317,0,0,0
3151,8325,0,0,0
3151,8326,0,0,0
3151,8327,0,0,0
3151,8335,0,0,0
3151,8336,0,0,0
3151,8337,0,0,0
3151,8415,0,0,0
3151,8416,0,0,0
3151,8417,0,0,0
3151,8421,0,0,0
3151,8425,0,0,0
3151,8426,0,0,0
3151,8435,0,0,0
3151,8436,0,0,0
3151,8437,0,0,0
3151,9161,29,0,29
3151,9162,80,0,80
3151,9163,0,0,0
3151,9171,0,0,0
3151,9172,0,0,0
3151,9173,0,0,0
3151,9174,0,0,0
3151,9175,0,0,0
3151,9176,24,0,24
3151,9177,0,0,0
3151,9178,11,0,11
3151,9179,0,0,0
3151,9180,0,0,0
3151,9181,0,0,0
3151,9182,0,0,0
3151,9183,0,0,0
3151,9184,63,0,63
3151,9185,0,0,0
3151,9186,0,0,0
3151,9187,0,0,0
3151,9188,0,0,0
3151,9189,0,0,0
3151,9190,0,0,0
3151,9261,0,0,0
3151,9262,0,0,0
3151,9263,0,0,0
3151,9271,0,0,0
3151,9272,0,0,0
3151,9273,0,0,0
3151,9274,0,0,0
3151,9275,0,0,0
3151,9276,0,0,0
3151,9277,0,0,0
3151,9278,0,0,0
3151,9279,0,0,0
3151,9361,0,0,0
3151,9362,0,0,0
3151,9363,0,0,0
3151,9371,0,0,0
3151,9372,0,0,0
3151,9373,0,0,0
3151,9374,0,0,0
3151,9375,0,0,0
3151,9376,0,0,0
3151,9377,0,0,0
3151,9461,0,0,0
3151,9462,0,0,0
3151,9463,0,0,0
3151,9464,0,0,0
3151,9471,0,0,0
3151,9472,0,0,0
3151,9473,0,0,0
3151,9474,0,0,0
3151,9475,0,0,0
3151,9476,0,0,0
3151,9477,0,0,0
3151,9478,0,0,0
3151,9479,0,0,0
3151,9561,0,0,0
3151,9562,0,0,0
3151,9563,0,0,0
3151,9564,21,0,21
3151,9565,0,0,0
3151,9571,0,0,0
3151,9572,0,0,0
3151,9573,0,0,0
3151,9574,0,0,0
3151,9575,0,0,0
3151,9576,0,0,0
3151,9577,0,0,0
3151,9661,0,0,0
3151,9662,0,0,0
3151,9663,0,0,0
3151,9671,0,0,0
3151,9672,0,0,0
3151,9673,0,0,0
3151,9674,0,0,0
3151,9675,11,0,11
3151,9676,0,0,0
3151,9677,0,0,0
3151,9678,0,0,0
3151,9679,0,0,0
3151,9761,0,0,0
3151,9762,0,0,0
3151,9763,0,0,0
3151,9764,0,0,0
3151,9771,0,0,0
3151,9772,0,0,0
3151,9773,0,0,0
3151,9774,0,0,0
3151,9775,0,0,0
3151,9776,0,0,0
3151,9777,0,0,0
3151,9778,0,0,0
3151,9779,0,0,0
3151,9780,0,0,0
3151,10041,11,0,11
3151,10042,0,0,0
3151,10043,0,0,0
3151,10044,0,0,0
3151,10045,0,0,0
3151,10046,0,0,0
3151,11000,377,128,249
3151,12051,0,0,0
3151,12052,0,0,0
3151,12053,0,0,0
3151,12054,0,0,0
3151,12060,0,0,0
3151,12061,0,0,0
3151,12062,0,0,0
3151,12063,13,13,0
3151,12064,0,0,0
3151,12065,0,0,0
3151,12066,0,0,0
3151,12067,0,0,0
3151,12068,0,0,0
3151,12069,0,0,0
3151,12070,11,11,0
3151,12071,0,0,0
3151,12072,0,0,0
3151,12073,0,0,0
3151,13003,0,0,0
3151,13004,68,0,68
3151,13071,0,0,0
3151,13072,11,11,0
3151,13073,17,17,0
3151,13074,0,0,0
3151,13075,12,12,0
3151,13076,33,20,13
3151,14511,0,0,0
3151,14521,0,0,0
3151,14522,0,0,0
3151,14523,0,0,0
3151,14524,14,0,14
3151,14612,10,0,10
3151,14625,0,0,0
3151,14626,0,0,0
3151,14627,0,0,0
3151,14628,0,0,0
3151,14713,33,14,19
3151,14729,11,11,0
3151,14730,0,0,0
3151,15001,0,0,0
3151,15002,10,10,0
3151,15003,192,138,54
3151,15081,1887,1598,289
3151,15082,17,17,0
3151,15083,476,392,84
3151,15084,0,0,0
3151,15085,135,121,14
3151,15086,34,34,0
3151,15087,0,0,0
3151,15088,0,0,0
3151,15089,40,40,0
3151,15090,80,67,13
3151,15091,0,0,0
3151,16051,0,0,0
3151,16052,0,0,0
3151,16053,0,0,0
3151,16054,0,0,0
3151,16055,0,0,0
3151,16056,0,0,0
3151,16061,11,11,0
3151,16062,0,0,0
3151,16063,0,0,0
3151,16064,0,0,0
3151,16065,0,0,0
3151,16066,0,0,0
3151,16067,0,0,0
3151,16068,0,0,0
3151,16069,0,0,0
3151,16070,0,0,0
3151,16071,0,0,0
3151,16072,0,0,0
3151,16073,0,0,0
3151,16074,0,0,0
3151,16075,0,0,0
3151,16076,0,0,0
3151,16077,0,0,0
3153,1001,0,0,0
3153,1002,13,0,13
3153,1003,11,0,11
3153,1004,0,0,0
3153,1051,0,0,0
3153,1053,11,11,0
3153,1054,0,0,0
3153,1055,0,0,0
3153,1056,35,22,13
3153,1057,0,0,0
3153,1058,0,0,0
3153,1059,0,0,0
3153,1060,23,12,11
3153,1061,0,0,0
3153,1062,26,11,15
3153,2000,243,65,178
3153,3101,2822,550,2272
3153,3102,3565,891,2674
3153,3103,429,23,406
3153,3151,174,61,113
3153,3153,0,0,0
3153,3154,173,66,107
3153,3155,1657,849,808
3153,3157,336,166,170
3153,3158,2201,1259,942
3153,3159,3772,1995,1777
3153,3241,1479,269,1210
3153,3251,13,0,13
3153,3252,37,19,18
3153,3254,2188,818,1370
3153,3255,110,66,44
3153,3256,14,0,14
3153,3257,34,22,12
3153,3351,58,26,32
3153,3352,0,0,0
3153,3353,32,0,32
3153,3354,0,0,0
3153,3355,28,11,17
3153,3356,0,0,0
3153,3357,0,0,0
3153,3358,71,0,71
3153,3359,24,11,13
3153,3360,19,19,0
3153,3361,29,17,12
3153,3401,0,0,0
3153,3402,0,0,0
3153,3403,30,0,30
3153,3404,0,0,0
3153,3405,0,0,0
3153,3451,0,0,0
3153,3452,0,0,0
3153,3453,17,0,17
3153,3454,21,0,21
3153,3455,0,0,0
3153,3456,0,0,0
3153,3457,0,0,0
3153,3458,11,0,11
3153,3459,0,0,0
3153,3460,15,0,15
3153,3461,0,0,0
3153,3462,0,0,0
3153,4011,98,16,82
3153,4012,0,0,0
3153,5111,66,14,52
3153,5112,20,0,20
3153,5113,37,0,37
3153,5114,0,0,0
3153,5116,0,0,0
3153,5117,0,0,0
3153,5119,14,0,14
3153,5120,0,0,0
3153,5122,21,0,21
3153,5124,10,0,10
3153,5154,0,0,0
3153,5158,29,15,14
3153,5162,15,0,15
3153,5166,0,0,0
3153,5170,12,0,12
3153,5314,25,0,25
3153,5315,86,20,66
3153,5316,0,0,0
3153,5334,13,0,13
3153,5358,0,0,0
3153,5362,16,0,16
3153,5366,0,0,0
3153,5370,0,0,0
3153,5374,11,11,0
3153,5378,0,0,0
3153,5382,40,10,30
3153,5512,0,0,0
3153,5513,0,0,0
3153,5515,20,20,0
3153,5554,0,0,0
3153,5558,0,0,0
3153,5562,21,11,10
3153,5566,10,0,10
3153,5570,0,0,0
3153,5711,41,0,41
3153,5754,10,0,10
3153,5758,0,0,0
3153,5762,0,0,0
3153,5766,60,36,24
3153,5770,21,0,21
3153,5774,16,0,16
3153,5911,13,0,13
3153,5913,29,0,29
3153,5914,0,0,0
3153,5915,0,0,0
3153,5916,0,0,0
3153,5954,0,0,0
3153,5958,10,0,10
3153,5962,0,0,0
3153,5966,0,0,0
3153,5970,0,0,0
3153,5974,0,0,0
3153,5978,0,0,0
3153,6411,0,0,0
3153,6412,71,0,71
3153,6413,0,0,0
3153,6414,13,0,13
3153,6431,0,0,0
3153,6432,0,0,0
3153,6433,0,0,0
3153,6434,22,0,22
3153,6435,10,0,10
3153,6436,18,0,18
3153,6437,0,0,0
3153,6438,10,0,10
3153,6439,0,0,0
3153,6440,30,0,30
3153,6531,0,0,0
3153,6532,0,0,0
3153,6533,0,0,0
3153,6534,0,0,0
3153,6535,0,0,0
3153,6611,61,10,51
3153,6631,0,0,0
3153,6632,0,0,0
3153,6633,31,11,20
3153,6634,0,0,0
3153,6635,0,0,0
3153,6636,16,0,16
3153,7111,10,0,10
3153,7131,0,0,0
3153,7132,0,0,0
3153,7133,0,0,0
3153,7134,0,0,0
3153,7135,0,0,0
3153,7137,0,0,0
3153,7138,0,0,0
3153,7140,0,0,0
3153,7141,0,0,0
3153,7143,10,0,10
3153,7211,0,0,0
3153,7231,0,0,0
3153,7232,0,0,0
3153,7233,0,0,0
3153,7235,0,0,0
3153,7311,0,0,0
3153,7312,0,0,0
3153,7313,0,0,0
3153,7314,0,0,0
3153,7315,0,0,0
3153,7316,0,0,0
3153,7317,30,0,30
3153,7318,0,0,0
3153,7319,0,0,0
3153,7320,0,0,0
3153,7331,0,0,0
3153,7332,0,0,0
3153,7333,0,0,0
3153,7334,0,0,0
3153,7335,0,0,0
3153,7336,0,0,0
3153,7337,0,0,0
3153,7338,0,0,0
3153,7339,0,0,0
3153,7340,0,0,0
3153,8111,31,0,31
3153,8115,11,0,11
3153,8116,20,0,20
3153,8117,0,0,0
3153,8118,16,0,16
3153,8119,0,0,0
3153,8121,0,0,0
3153,8125,0,0,0
3153,8126,14,0,14
3153,8127,0,0,0
3153,8128,0,0,0
3153,8135,0,0,0
3153,8136,0,0,0
3153,8211,0,0,0
3153,8212,12,0,12
3153,8215,19,0,19
3153,8216,0,0,0
3153,8221,0,0,0
3153,8222,10,0,10
3153,8225,0,0,0
3153,8226,13,0,13
3153,8231,15,15,0
3153,8235,0,0,0
3153,8236,11,11,0
3153,8237,0,0,0
3153,8311,0,0,0
3153,8315,0,0,0
3153,8316,0,0,0
3153,8317,11,0,11
3153,8325,0,0,0
3153,8326,0,0,0
3153,8327,0,0,0
3153,8335,0,0,0
3153,8336,0,0,0
3153,8337,0,0,0
3153,8415,0,0,0
3153,8416,0,0,0
3153,8417,0,0,0
3153,8421,0,0,0
3153,8425,0,0,0
3153,8426,0,0,0
3153,8435,0,0,0
3153,8436,0,0,0
3153,8437,0,0,0
3153,9161,0,0,0
3153,9162,91,12,79
3153,9163,0,0,0
3153,9171,14,14,0
3153,9172,0,0,0
3153,9173,0,0,0
3153,9174,0,0,0
3153,9175,0,0,0
3153,9176,0,0,0
3153,9177,0,0,0
3153,9178,0,0,0
3153,9179,0,0,0
3153,9180,0,0,0
3153,9181,0,0,0
3153,9182,0,0,0
3153,9183,0,0,0
3153,9184,44,15,29
3153,9185,0,0,0
3153,9186,0,0,0
3153,9187,0,0,0
3153,9188,0,0,0
3153,9189,0,0,0
3153,9190,0,0,0
3153,9261,0,0,0
3153,9262,0,0,0
3153,9263,0,0,0
3153,9271,0,0,0
3153,9272,0,0,0
3153,9273,0,0,0
3153,9274,0,0,0
3153,9275,0,0,0
3153,9276,0,0,0
3153,9277,0,0,0
3153,9278,0,0,0
3153,9279,0,0,0
3153,9361,0,0,0
3153,9362,0,0,0
3153,9363,0,0,0
3153,9371,0,0,0
3153,9372,0,0,0
3153,9373,0,0,0
3153,9374,0,0,0
3153,9375,0,0,0
3153,9376,0,0,0
3153,9377,0,0,0
3153,9461,0,0,0
3153,9462,11,11,0
3153,9463,0,0,0
3153,9464,0,0,0
3153,9471,0,0,0
3153,9472,11,11,0
3153,9473,0,0,0
3153,9474,0,0,0
3153,9475,0,0,0
3153,9476,0,0,0
3153,9477,0,0,0
3153,9478,0,0,0
3153,9479,0,0,0
3153,9561,0,0,0
3153,9562,0,0,0
3153,9563,0,0,0
3153,9564,63,41,22
3153,9565,0,0,0
3153,9571,0,0,0
3153,9572,0,0,0
3153,9573,0,0,0
3153,9574,37,37,0
3153,9575,0,0,0
3153,9576,0,0,0
3153,9577,0,0,0
3153,9661,0,0,0
3153,9662,0,0,0
3153,9663,0,0,0
3153,9671,0,0,0
3153,9672,0,0,0
3153,9673,0,0,0
3153,9674,0,0,0
3153,9675,0,0,0
3153,9676,0,0,0
3153,9677,0,0,0
3153,9678,0,0,0
3153,9679,0,0,0
3153,9761,0,0,0
3153,9762,0,0,0
3153,9763,0,0,0
3153,9764,0,0,0
3153,9771,0,0,0
3153,9772,0,0,0
3153,9773,10,10,0
3153,9774,0,0,0
3153,9775,0,0,0
3153,9776,0,0,0
3153,9777,12,0,12
3153,9778,0,0,0
3153,9779,0,0,0
3153,9780,0,0,0
3153,10041,0,0,0
3153,10042,0,0,0
3153,10043,0,0,0
3153,10044,0,0,0
3153,10045,0,0,0
3153,10046,0,0,0
3153,11000,258,83,175
3153,12051,0,0,0
3153,12052,0,0,0
3153,12053,0,0,0
3153,12054,10,0,10
3153,12060,0,0,0
3153,12061,0,0,0
3153,12062,10,10,0
3153,12063,10,0,10
3153,12064,0,0,0
3153,12065,0,0,0
3153,12066,12,12,0
3153,12067,0,0,0
3153,12068,0,0,0
3153,12069,0,0,0
3153,12070,0,0,0
3153,12071,0,0,0
3153,12072,0,0,0
3153,12073,0,0,0
3153,13003,12,12,0
3153,13004,0,0,0
3153,13071,0,0,0
3153,13072,0,0,0
3153,13073,0,0,0
3153,13074,0,0,0
3153,13075,0,0,0
3153,13076,0,0,0
3153,14511,0,0,0
3153,14521,0,0,0
3153,14522,0,0,0
3153,14523,0,0,0
3153,14524,0,0,0
3153,14612,29,14,15
3153,14625,0,0,0
3153,14626,0,0,0
3153,14627,0,0,0
3153,14628,0,0,0
3153,14713,62,18,44
3153,14729,26,0,26
3153,14730,11,0,11
3153,15001,0,0,0
3153,15002,24,10,14
3153,15003,58,14,44
3153,15081,16,0,16
3153,15082,0,0,0
3153,15083,63,41,22
3153,15084,0,0,0
3153,15085,4822,3790,1032
3153,15086,14,14,0
3153,15087,54,40,14
3153,15088,0,0,0
3153,15089,92,56,36
3153,15090,20,0,20
3153,15091,0,0,0
3153,16051,12,0,12
3153,16052,0,0,0
3153,16053,0,0,0
3153,16054,0,0,0
3153,16055,0,0,0
3153,16056,0,0,0
3153,16061,75,40,35
3153,16062,165,114,51
3153,16063,0,0,0
3153,16064,0,0,0
3153,16065,0,0,0
3153,16066,0,0,0
3153,16067,0,0,0
3153,16068,0,0,0
3153,16069,0,0,0
3153,16070,0,0,0
3153,16071,0,0,0
3153,16072,0,0,0
3153,16073,0,0,0
3153,16074,0,0,0
3153,16075,0,0,0
3153,16076,0,0,0
3153,16077,0,0,0
3154,1001,0,0,0
3154,1002,0,0,0
3154,1003,0,0,0
3154,1004,0,0,0
3154,1051,0,0,0
3154,1053,0,0,0
3154,1054,0,0,0
3154,1055,0,0,0
3154,1056,0,0,0
3154,1057,0,0,0
3154,1058,0,0,0
3154,1059,0,0,0
3154,1060,0,0,0
3154,1061,0,0,0
3154,1062,0,0,0
3154,2000,116,16,100
3154,3101,6384,1257,5127
3154,3102,469,153,316
3154,3103,14062,830,13232
3154,3151,1373,497,876
3154,3153,173,107,66
3154,3154,0,0,0
3154,3155,16,0,16
3154,3157,377,198,179
3154,3158,2154,1165,989
3154,3159,64,21,43
3154,3241,917,343,574
3154,3251,0,0,0
3154,3252,0,0,0
3154,3254,202,122,80
3154,3255,0,0,0
3154,3256,25,25,0
3154,3257,46,32,14
3154,3351,98,57,41
3154,3352,0,0,0
3154,3353,17,0,17
3154,3354,14,14,0
3154,3355,14,14,0
3154,3356,0,0,0
3154,3357,0,0,0
3154,3358,50,36,14
3154,3359,0,0,0
3154,3360,46,32,14
3154,3361,0,0,0
3154,3401,0,0,0
3154,3402,15,0,15
3154,3403,19,0,19
3154,3404,0,0,0
3154,3405,13,0,13
3154,3451,0,0,0
3154,3452,0,0,0
3154,3453,0,0,0
3154,3454,24,0,24
3154,3455,0,0,0
3154,3456,0,0,0
3154,3457,0,0,0
3154,3458,0,0,0
3154,3459,0,0,0
3154,3460,0,0,0
3154,3461,0,0,0
3154,3462,0,0,0
3154,4011,19,0,19
3154,4012,0,0,0
3154,5111,23,0,23
3154,5112,0,0,0
3154,5113,0,0,0
3154,5114,0,0,0
3154,5116,0,0,0
3154,5117,0,0,0
3154,5119,0,0,0
3154,5120,0,0,0
3154,5122,0,0,0
3154,5124,0,0,0
3154,5154,13,0,13
3154,5158,0,0,0
3154,5162,0,0,0
3154,5166,0,0,0
3154,5170,0,0,0
3154,5314,10,0,10
3154,5315,24,0,24
3154,5316,0,0,0
3154,5334,0,0,0
3154,5358,41,0,41
3154,5362,15,0,15
3154,5366,0,0,0
3154,5370,0,0,0
3154,5374,23,0,23
3154,5378,0,0,0
3154,5382,11,0,11
3154,5512,0,0,0
3154,5513,0,0,0
3154,5515,0,0,0
3154,5554,0,0,0
3154,5558,0,0,0
3154,5562,0,0,0
3154,5566,0,0,0
3154,5570,0,0,0
3154,5711,15,0,15
3154,5754,12,0,12
3154,5758,0,0,0
3154,5762,0,0,0
3154,5766,13,0,13
3154,5770,0,0,0
3154,5774,0,0,0
3154,5911,0,0,0
3154,5913,0,0,0
3154,5914,0,0,0
3154,5915,0,0,0
3154,5916,0,0,0
3154,5954,0,0,0
3154,5958,0,0,0
3154,5962,32,0,32
3154,5966,0,0,0
3154,5970,0,0,0
3154,5974,0,0,0
3154,5978,0,0,0
3154,6411,0,0,0
3154,6412,23,0,23
3154,6413,0,0,0
3154,6414,0,0,0
3154,6431,0,0,0
3154,6432,0,0,0
3154,6433,0,0,0
3154,6434,0,0,0
3154,6435,0,0,0
3154,6436,0,0,0
3154,6437,0,0,0
3154,6438,16,0,16
3154,6439,0,0,0
3154,6440,0,0,0
3154,6531,0,0,0
3154,6532,0,0,0
3154,6533,0,0,0
3154,6534,0,0,0
3154,6535,0,0,0
3154,6611,0,0,0
3154,6631,0,0,0
3154,6632,0,0,0
3154,6633,28,0,28
3154,6634,0,0,0
3154,6635,0,0,0
3154,6636,0,0,0
3154,7111,0,0,0
3154,7131,0,0,0
3154,7132,0,0,0
3154,7133,0,0,0
3154,7134,0,0,0
3154,7135,0,0,0
3154,7137,0,0,0
3154,7138,0,0,0
3154,7140,0,0,0
3154,7141,0,0,0
3154,7143,0,0,0
3154,7211,0,0,0
3154,7231,0,0,0
3154,7232,0,0,0
3154,7233,0,0,0
3154,7235,0,0,0
3154,7311,0,0,0
3154,7312,0,0,0
3154,7313,0,0,0
3154,7314,0,0,0
3154,7315,0,0,0
3154,7316,0,0,0
3154,7317,0,0,0
3154,7318,0,0,0
3154,7319,0,0,0
3154,7320,0,0,0
3154,7331,0,0,0
3154,7332,0,0,0
3154,7333,0,0,0
3154,7334,0,0,0
3154,7335,0,0,0
3154,7336,0,0,0
3154,7337,0,0,0
3154,7338,0,0,0
3154,7339,0,0,0
3154,7340,0,0,0
3154,8111,20,0,20
3154,8115,0,0,0
3154,8116,0,0,0
3154,8117,0,0,0
3154,8118,15,0,15
3154,8119,12,0,12
3154,8121,0,0,0
3154,8125,13,0,13
3154,8126,0,0,0
3154,8127,0,0,0
3154,8128,0,0,0
3154,8135,0,0,0
3154,8136,0,0,0
3154,8211,0,0,0
3154,8212,0,0,0
3154,8215,12,0,12
3154,8216,0,0,0
3154,8221,0,0,0
3154,8222,0,0,0
3154,8225,0,0,0
3154,8226,0,0,0
3154,8231,0,0,0
3154,8235,0,0,0
3154,8236,0,0,0
3154,8237,0,0,0
3154,8311,0,0,0
3154,8315,0,0,0
3154,8316,0,0,0
3154,8317,0,0,0
3154,8325,0,0,0
3154,8326,0,0,0
3154,8327,0,0,0
3154,8335,0,0,0
3154,8336,0,0,0
3154,8337,0,0,0
3154,8415,0,0,0
3154,8416,0,0,0
3154,8417,0,0,0
3154,8421,0,0,0
3154,8425,0,0,0
3154,8426,0,0,0
3154,8435,0,0,0
3154,8436,0,0,0
3154,8437,0,0,0
3154,9161,29,18,11
3154,9162,37,0,37
3154,9163,0,0,0
3154,9171,0,0,0
3154,9172,0,0,0
3154,9173,0,0,0
3154,9174,0,0,0
3154,9175,0,0,0
3154,9176,10,0,10
3154,9177,0,0,0
3154,9178,0,0,0
3154,9179,0,0,0
3154,9180,0,0,0
3154,9181,0,0,0
3154,9182,0,0,0
3154,9183,0,0,0
3154,9184,35,0,35
3154,9185,0,0,0
3154,9186,0,0,0
3154,9187,0,0,0
3154,9188,0,0,0
3154,9189,0,0,0
3154,9190,0,0,0
3154,9261,0,0,0
3154,9262,0,0,0
3154,9263,0,0,0
3154,9271,0,0,0
3154,9272,0,0,0
3154,9273,0,0,0
3154,9274,0,0,0
3154,9275,0,0,0
3154,9276,0,0,0
3154,9277,0,0,0
3154,9278,0,0,0
3154,9279,0,0,0
3154,9361,0,0,0
3154,9362,0,0,0
3154,9363,0,0,0
3154,9371,0,0,0
3154,9372,0,0,0
3154,9373,0,0,0
3154,9374,0,0,0
3154,9375,0,0,0
3154,9376,0,0,0
3154,9377,0,0,0
3154,9461,0,0,0
3154,9462,0,0,0
3154,9463,0,0,0
3154,9464,0,0,0
3154,9471,0,0,0
3154,9472,0,0,0
3154,9473,0,0,0
3154,9474,0,0,0
3154,9475,0,0,0
3154,9476,0,0,0
3154,9477,0,0,0
3154,9478,0,0,0
3154,9479,0,0,0
3154,9561,0,0,0
3154,9562,0,0,0
3154,9563,0,0,0
3154,9564,0,0,0
3154,9565,0,0,0
3154,9571,0,0,0
3154,9572,0,0,0
3154,9573,0,0,0
3154,9574,0,0,0
3154,9575,0,0,0
3154,9576,0,0,0
3154,9577,0,0,0
3154,9661,0,0,0
3154,9662,0,0,0
3154,9663,0,0,0
3154,9671,0,0,0
3154,9672,0,0,0
3154,9673,0,0,0
3154,9674,0,0,0
3154,9675,0,0,0
3154,9676,0,0,0
3154,9677,0,0,0
3154,9678,0,0,0
3154,9679,0,0,0
3154,9761,0,0,0
3154,9762,0,0,0
3154,9763,0,0,0
3154,9764,0,0,0
3154,9771,0,0,0
3154,9772,0,0,0
3154,9773,0,0,0
3154,9774,0,0,0
3154,9775,0,0,0
3154,9776,0,0,0
3154,9777,0,0,0
3154,9778,0,0,0
3154,9779,0,0,0
3154,9780,0,0,0
3154,10041,0,0,0
3154,10042,0,0,0
3154,10043,0,0,0
3154,10044,0,0,0
3154,10045,0,0,0
3154,10046,0,0,0
3154,11000,147,34,113
3154,12051,0,0,0
3154,12052,0,0,0
3154,12053,0,0,0
3154,12054,11,0,11
3154,12060,0,0,0
3154,12061,0,0,0
3154,12062,0,0,0
3154,12063,0,0,0
3154,12064,0,0,0
3154,12065,0,0,0
3154,12066,0,0,0
3154,12067,0,0,0
3154,12068,0,0,0
3154,12069,11,0,11
3154,12070,0,0,0
3154,12071,0,0,0
3154,12072,0,0,0
3154,12073,0,0,0
3154,13003,0,0,0
3154,13004,23,0,23
3154,13071,0,0,0
3154,13072,0,0,0
3154,13073,0,0,0
3154,13074,0,0,0
3154,13075,0,0,0
3154,13076,0,0,0
3154,14511,15,0,15
3154,14521,0,0,0
3154,14522,0,0,0
3154,14523,0,0,0
3154,14524,0,0,0
3154,14612,0,0,0
3154,14625,0,0,0
3154,14626,0,0,0
3154,14627,0,0,0
3154,14628,0,0,0
3154,14713,48,0,48
3154,14729,0,0,0
3154,14730,0,0,0
3154,15001,0,0,0
3154,15002,0,0,0
3154,15003,594,353,241
3154,15081,235,197,38
3154,15082,14,0,14
3154,15083,4049,3278,771
3154,15084,24,0,24
3154,15085,559,468,91
3154,15086,75,54,21
3154,15087,0,0,0
3154,15088,0,0,0
3154,15089,114,84,30
3154,15090,24,24,0
3154,15091,0,0,0
3154,16051,0,0,0
3154,16052,0,0,0
3154,16053,0,0,0
3154,16054,0,0,0
3154,16055,0,0,0
3154,16056,0,0,0
3154,16061,0,0,0
3154,16062,0,0,0
3154,16063,0,0,0
3154,16064,0,0,0
3154,16065,0,0,0
3154,16066,0,0,0
3154,16067,0,0,0
3154,16068,0,0,0
3154,16069,0,0,0
3154,16070,0,0,0
3154,16071,0,0,0
3154,16072,0,0,0
3154,16073,0,0,0
3154,16074,0,0,0
3154,16075,0,0,0
3154,16076,0,0,0
3154,16077,0,0,0
3155,1001,0,0,0
3155,1002,15,0,15
3155,1003,11,11,0
3155,1004,0,0,0
3155,1051,0,0,0
3155,1053,0,0,0
3155,1054,0,0,0
3155,1055,0,0,0
3155,1056,0,0,0
3155,1057,0,0,0
3155,1058,11,0,11
3155,1059,14,0,14
3155,1060,12,0,12
3155,1061,0,0,0
3155,1062,11,11,0
3155,2000,232,106,126
3155,3101,310,84,226
3155,3102,187,55,132
3155,3103,69,12,57
3155,3151,36,11,25
3155,3153,1657,808,849
3155,3154,16,16,0
3155,3155,0,0,0
3155,3157,63,36,27
3155,3158,77,43,34
3155,3159,16912,5824,11088
3155,3241,1278,291,987
3155,3251,22,12,10
3155,3252,119,56,63
3155,3254,2047,893,1154
3155,3255,2233,1278,955
3155,3256,10,0,10
3155,3257,37,21,16
3155,3351,48,24,24
3155,3352,0,0,0
3155,3353,20,20,0
3155,3354,0,0,0
3155,3355,28,28,0
3155,3356,0,0,0
3155,3357,31,18,13
3155,3358,0,0,0
3155,3359,0,0,0
3155,3360,16,0,16
3155,3361,20,0,20
3155,3401,0,0,0
3155,3402,0,0,0
3155,3403,45,35,10
3155,3404,56,34,22
3155,3405,0,0,0
3155,3451,31,31,0
3155,3452,0,0,0
3155,3453,0,0,0
3155,3454,10,10,0
3155,3455,0,0,0
3155,3456,0,0,0
3155,3457,11,11,0
3155,3458,13,13,0
3155,3459,41,26,15
3155,3460,0,0,0
3155,3461,0,0,0
3155,3462,0,0,0
3155,4011,65,35,30
3155,4012,0,0,0
3155,5111,61,0,61
3155,5112,27,0,27
3155,5113,48,21,27
3155,5114,0,0,0
3155,5116,0,0,0
3155,5117,0,0,0
3155,5119,0,0,0
3155,5120,0,0,0
3155,5122,0,0,0
3155,5124,0,0,0
3155,5154,0,0,0
3155,5158,37,10,27
3155,5162,12,0,12
3155,5166,0,0,0
3155,5170,0,0,0
3155,5314,16,0,16
3155,5315,78,27,51
3155,5316,0,0,0
3155,5334,44,14,30
3155,5358,77,77,0
3155,5362,11,11,0
3155,5366,0,0,0
3155,5370,0,0,0
3155,5374,0,0,0
3155,5378,0,0,0
3155,5382,10,0,10
3155,5512,0,0,0
3155,5513,0,0,0
3155,5515,11,0,11
3155,5554,0,0,0
3155,5558,0,0,0
3155,5562,12,12,0
3155,5566,10,0,10
3155,5570,13,13,0
3155,5711,41,0,41
3155,5754,27,0,27
3155,5758,0,0,0
3155,5762,317,140,177
3155,5766,55,31,24
3155,5770,23,11,12
3155,5774,16,0,16
3155,5911,12,12,0
3155,5913,40,28,12
3155,5914,0,0,0
3155,5915,22,11,11
3155,5916,0,0,0
3155,5954,12,0,12
3155,5958,15,0,15
3155,5962,11,11,0
3155,5966,0,0,0
3155,5970,0,0,0
3155,5974,16,0,16
3155,5978,108,91,17
3155,6411,14,0,14
3155,6412,153,52,101
3155,6413,14,14,0
3155,6414,14,0,14
3155,6431,0,0,0
3155,6432,0,0,0
3155,6433,46,11,35
3155,6434,11,0,11
3155,6435,10,0,10
3155,6436,29,12,17
3155,6437,0,0,0
3155,6438,26,16,10
3155,6439,0,0,0
3155,6440,16,0,16
3155,6531,43,0,43
3155,6532,20,0,20
3155,6533,0,0,0
3155,6534,0,0,0
3155,6535,0,0,0
3155,6611,418,84,334
3155,6631,0,0,0
3155,6632,10,0,10
3155,6633,1126,515,611
3155,6634,68,20,48
3155,6635,18,0,18
3155,6636,110,67,43
3155,7111,0,0,0
3155,7131,0,0,0
3155,7132,0,0,0
3155,7133,0,0,0
3155,7134,0,0,0
3155,7135,0,0,0
3155,7137,0,0,0
3155,7138,0,0,0
3155,7140,0,0,0
3155,7141,0,0,0
3155,7143,0,0,0
3155,7211,0,0,0
3155,7231,0,0,0
3155,7232,0,0,0
3155,7233,0,0,0
3155,7235,0,0,0
3155,7311,0,0,0
3155,7312,0,0,0
3155,7313,0,0,0
3155,7314,0,0,0
3155,7315,18,0,18
3155,7316,0,0,0
3155,7317,0,0,0
3155,7318,0,0,0
3155,7319,0,0,0
3155,7320,0,0,0
3155,7331,0,0,0
3155,7332,0,0,0
3155,7333,0,0,0
3155,7334,0,0,0
3155,7335,0,0,0
3155,7336,0,0,0
3155,7337,0,0,0
3155,7338,0,0,0
3155,7339,0,0,0
3155,7340,0,0,0
3155,8111,29,16,13
3155,8115,0,0,0
3155,8116,28,14,14
3155,8117,0,0,0
3155,8118,12,0,12
3155,8119,12,0,12
3155,8121,0,0,0
3155,8125,0,0,0
3155,8126,11,0,11
3155,8127,0,0,0
3155,8128,0,0,0
3155,8135,0,0,0
3155,8136,0,0,0
3155,8211,0,0,0
3155,8212,22,11,11
3155,8215,90,21,69
3155,8216,0,0,0
3155,8221,0,0,0
3155,8222,29,29,0
3155,8225,0,0,0
3155,8226,16,0,16
3155,8231,0,0,0
3155,8235,0,0,0
3155,8236,0,0,0
3155,8237,0,0,0
3155,8311,13,0,13
3155,8315,12,0,12
3155,8316,0,0,0
3155,8317,0,0,0
3155,8325,0,0,0
3155,8326,0,0,0
3155,8327,0,0,0
3155,8335,0,0,0
3155,8336,0,0,0
3155,8337,0,0,0
3155,8415,0,0,0
3155,8416,0,0,0
3155,8417,0,0,0
3155,8421,0,0,0
3155,8425,0,0,0
3155,8426,0,0,0
3155,8435,0,0,0
3155,8436,0,0,0
3155,8437,0,0,0
3155,9161,0,0,0
3155,9162,172,100,72
3155,9163,0,0,0
3155,9171,0,0,0
3155,9172,0,0,0
3155,9173,0,0,0
3155,9174,0,0,0
3155,9175,0,0,0
3155,9176,0,0,0
3155,9177,0,0,0
3155,9178,0,0,0
3155,9179,0,0,0
3155,9180,0,0,0
3155,9181,0,0,0
3155,9182,0,0,0
3155,9183,0,0,0
3155,9184,49,14,35
3155,9185,0,0,0
3155,9186,0,0,0
3155,9187,0,0,0
3155,9188,0,0,0
3155,9189,0,0,0
3155,9190,0,0,0
3155,9261,0,0,0
3155,9262,0,0,0
3155,9263,0,0,0
3155,9271,0,0,0
3155,9272,0,0,0
3155,9273,0,0,0
3155,9274,0,0,0
3155,9275,0,0,0
3155,9276,0,0,0
3155,9277,0,0,0
3155,9278,0,0,0
3155,9279,0,0,0
3155,9361,0,0,0
3155,9362,0,0,0
3155,9363,0,0,0
3155,9371,0,0,0
3155,9372,0,0,0
3155,9373,0,0,0
3155,9374,0,0,0
3155,9375,0,0,0
3155,9376,0,0,0
3155,9377,0,0,0
3155,9461,0,0,0
3155,9462,0,0,0
3155,9463,0,0,0
3155,9464,0,0,0
3155,9471,0,0,0
3155,9472,0,0,0
3155,9473,0,0,0
3155,9474,0,0,0
3155,9475,0,0,0
3155,9476,0,0,0
3155,9477,0,0,0
3155,9478,0,0,0
3155,9479,0,0,0
3155,9561,0,0,0
3155,9562,0,0,0
3155,9563,11,11,0
3155,9564,53,29,24
3155,9565,0,0,0
3155,9571,0,0,0
3155,9572,0,0,0
3155,9573,0,0,0
3155,9574,0,0,0
3155,9575,0,0,0
3155,9576,0,0,0
3155,9577,0,0,0
3155,9661,0,0,0
3155,9662,0,0,0
3155,9663,0,0,0
3155,9671,0,0,0
3155,9672,0,0,0
3155,9673,0,0,0
3155,9674,0,0,0
3155,9675,12,12,0
3155,9676,0,0,0
3155,9677,0,0,0
3155,9678,0,0,0
3155,9679,16,16,0
3155,9761,0,0,0
3155,9762,0,0,0
3155,9763,0,0,0
3155,9764,0,0,0
3155,9771,0,0,0
3155,9772,0,0,0
3155,9773,0,0,0
3155,9774,0,0,0
3155,9775,0,0,0
3155,9776,0,0,0
3155,9777,0,0,0
3155,9778,0,0,0
3155,9779,0,0,0
3155,9780,0,0,0
3155,10041,0,0,0
3155,10042,0,0,0
3155,10043,0,0,0
3155,10044,0,0,0
3155,10045,0,0,0
3155,10046,0,0,0
3155,11000,201,86,115
3155,12051,0,0,0
3155,12052,0,0,0
3155,12053,0,0,0
3155,12054,0,0,0
3155,12060,0,0,0
3155,12061,0,0,0
3155,12062,0,0,0
3155,12063,0,0,0
3155,12064,0,0,0
3155,12065,0,0,0
3155,12066,0,0,0
3155,12067,0,0,0
3155,12068,0,0,0
3155,12069,0,0,0
3155,12070,0,0,0
3155,12071,0,0,0
3155,12072,0,0,0
3155,12073,0,0,0
3155,13003,0,0,0
3155,13004,0,0,0
3155,13071,0,0,0
3155,13072,0,0,0
3155,13073,11,11,0
3155,13074,0,0,0
3155,13075,0,0,0
3155,13076,0,0,0
3155,14511,0,0,0
3155,14521,0,0,0
3155,14522,0,0,0
3155,14523,0,0,0
3155,14524,0,0,0
3155,14612,47,47,0
3155,14625,0,0,0
3155,14626,0,0,0
3155,14627,0,0,0
3155,14628,10,10,0
3155,14713,37,22,15
3155,14729,13,13,0
3155,14730,0,0,0
3155,15001,0,0,0
3155,15002,0,0,0
3155,15003,40,40,0
3155,15081,0,0,0
3155,15082,0,0,0
3155,15083,32,22,10
3155,15084,11,11,0
3155,15085,65,43,22
3155,15086,0,0,0
3155,15087,30,30,0
3155,15088,0,0,0
3155,15089,29,29,0
3155,15090,0,0,0
3155,15091,0,0,0
3155,16051,35,25,10
3155,16052,0,0,0
3155,16053,22,0,22
3155,16054,0,0,0
3155,16055,0,0,0
3155,16056,0,0,0
3155,16061,433,328,105
3155,16062,125,76,49
3155,16063,0,0,0
3155,16064,55,45,10
3155,16065,23,23,0
3155,16066,0,0,0
3155,16067,0,0,0
3155,16068,0,0,0
3155,16069,0,0,0
3155,16070,0,0,0
3155,16071,0,0,0
3155,16072,0,0,0
3155,16073,0,0,0
3155,16074,0,0,0
3155,16075,0,0,0
3155,16076,0,0,0
3155,16077,0,0,0
3157,1001,0,0,0
3157,1002,21,0,21
3157,1003,14,0,14
3157,1004,0,0,0
3157,1051,0,0,0
3157,1053,0,0,0
3157,1054,0,0,0
3157,1055,0,0,0
3157,1056,22,11,11
3157,1057,0,0,0
3157,1058,11,0,11
3157,1059,0,0,0
3157,1060,15,0,15
3157,1061,0,0,0
3157,1062,30,0,30
3157,2000,214,24,190
3157,3101,12115,1958,10157
3157,3102,6315,1451,4864
3157,3103,2139,108,2031
3157,3151,1800,767,1033
3157,3153,336,170,166
3157,3154,377,179,198
3157,3155,63,27,36
3157,3157,0,0,0
3157,3158,1201,633,568
3157,3159,144,74,70
3157,3241,10816,2604,8212
3157,3251,16,0,16
3157,3252,50,25,25
3157,3254,3494,1414,2080
3157,3255,17,17,0
3157,3256,38,16,22
3157,3257,68,34,34
3157,3351,534,239,295
3157,3352,0,0,0
3157,3353,24,0,24
3157,3354,45,45,0
3157,3355,26,15,11
3157,3356,0,0,0
3157,3357,0,0,0
3157,3358,69,30,39
3157,3359,10,0,10
3157,3360,26,16,10
3157,3361,22,0,22
3157,3401,0,0,0
3157,3402,0,0,0
3157,3403,14,0,14
3157,3404,24,0,24
3157,3405,0,0,0
3157,3451,0,0,0
3157,3452,10,10,0
3157,3453,11,11,0
3157,3454,12,0,12
3157,3455,0,0,0
3157,3456,0,0,0
3157,3457,58,58,0
3157,3458,0,0,0
3157,3459,23,11,12
3157,3460,16,0,16
3157,3461,0,0,0
3157,3462,0,0,0
3157,4011,73,20,53
3157,4012,0,0,0
3157,5111,55,0,55
3157,5112,20,0,20
3157,5113,33,0,33
3157,5114,0,0,0
3157,5116,23,12,11
3157,5117,0,0,0
3157,5119,0,0,0
3157,5120,14,0,14
3157,5122,10,0,10
3157,5124,0,0,0
3157,5154,0,0,0
3157,5158,28,0,28
3157,5162,16,0,16
3157,5166,21,21,0
3157,5170,14,0,14
3157,5314,24,0,24
3157,5315,58,0,58
3157,5316,0,0,0
3157,5334,12,0,12
3157,5358,0,0,0
3157,5362,13,0,13
3157,5366,0,0,0
3157,5370,0,0,0
3157,5374,17,0,17
3157,5378,0,0,0
3157,5382,0,0,0
3157,5512,0,0,0
3157,5513,0,0,0
3157,5515,26,0,26
3157,5554,11,0,11
3157,5558,0,0,0
3157,5562,17,0,17
3157,5566,11,0,11
3157,5570,0,0,0
3157,5711,30,0,30
3157,5754,21,0,21
3157,5758,55,13,42
3157,5762,0,0,0
3157,5766,24,14,10
3157,5770,54,17,37
3157,5774,0,0,0
3157,5911,11,0,11
3157,5913,42,18,24
3157,5914,0,0,0
3157,5915,0,0,0
3157,5916,0,0,0
3157,5954,11,0,11
3157,5958,0,0,0
3157,5962,0,0,0
3157,5966,0,0,0
3157,5970,0,0,0
3157,5974,0,0,0
3157,5978,14,0,14
3157,6411,0,0,0
3157,6412,60,10,50
3157,6413,0,0,0
3157,6414,17,0,17
3157,6431,0,0,0
3157,6432,0,0,0
3157,6433,0,0,0
3157,6434,19,0,19
3157,6435,16,0,16
3157,6436,23,0,23
3157,6437,0,0,0
3157,6438,17,0,17
3157,6439,0,0,0
3157,6440,0,0,0
3157,6531,0,0,0
3157,6532,12,0,12
3157,6533,0,0,0
3157,6534,0,0,0
3157,6535,0,0,0
3157,6611,0,0,0
3157,6631,0,0,0
3157,6632,0,0,0
3157,6633,17,0,17
3157,6634,0,0,0
3157,6635,0,0,0
3157,6636,0,0,0
3157,7111,41,0,41
3157,7131,0,0,0
3157,7132,0,0,0
3157,7133,0,0,0
3157,7134,0,0,0
3157,7135,0,0,0
3157,7137,0,0,0
3157,7138,0,0,0
3157,7140,0,0,0
3157,7141,0,0,0
3157,7143,12,0,12
3157,7211,0,0,0
3157,7231,0,0,0
3157,7232,0,0,0
3157,7233,0,0,0
3157,7235,0,0,0
3157,7311,0,0,0
3157,7312,0,0,0
3157,7313,0,0,0
3157,7314,0,0,0
3157,7315,0,0,0
3157,7316,0,0,0
3157,7317,0,0,0
3157,7318,0,0,0
3157,7319,0,0,0
3157,7320,0,0,0
3157,7331,0,0,0
3157,7332,0,0,0
3157,7333,0,0,0
3157,7334,0,0,0
3157,7335,0,0,0
3157,7336,0,0,0
3157,7337,0,0,0
3157,7338,0,0,0
3157,7339,0,0,0
3157,7340,0,0,0
3157,8111,28,0,28
3157,8115,0,0,0
3157,8116,18,0,18
3157,8117,0,0,0
3157,8118,24,0,24
3157,8119,10,0,10
3157,8121,0,0,0
3157,8125,12,0,12
3157,8126,0,0,0
3157,8127,0,0,0
3157,8128,10,0,10
3157,8135,0,0,0
3157,8136,0,0,0
3157,8211,0,0,0
3157,8212,0,0,0
3157,8215,11,0,11
3157,8216,0,0,0
3157,8221,0,0,0
3157,8222,13,0,13
3157,8225,0,0,0
3157,8226,19,0,19
3157,8231,0,0,0
3157,8235,0,0,0
3157,8236,0,0,0
3157,8237,0,0,0
3157,8311,0,0,0
3157,8315,0,0,0
3157,8316,0,0,0
3157,8317,0,0,0
3157,8325,0,0,0
3157,8326,0,0,0
3157,8327,0,0,0
3157,8335,0,0,0
3157,8336,0,0,0
3157,8337,0,0,0
3157,8415,0,0,0
3157,8416,0,0,0
3157,8417,0,0,0
3157,8421,0,0,0
3157,8425,0,0,0
3157,8426,0,0,0
3157,8435,0,0,0
3157,8436,0,0,0
3157,8437,0,0,0
3157,9161,0,0,0
3157,9162,50,0,50
3157,9163,0,0,0
3157,9171,0,0,0
3157,9172,0,0,0
3157,9173,0,0,0
3157,9174,0,0,0
3157,9175,0,0,0
3157,9176,0,0,0
3157,9177,0,0,0
3157,9178,0,0,0
3157,9179,0,0,0
3157,9180,0,0,0
3157,9181,0,0,0
3157,9182,0,0,0
3157,9183,0,0,0
3157,9184,33,0,33
3157,9185,0,0,0
3157,9186,0,0,0
3157,9187,0,0,0
3157,9188,0,0,0
3157,9189,0,0,0
3157,9190,0,0,0
3157,9261,0,0,0
3157,9262,0,0,0
3157,9263,0,0,0
3157,9271,0,0,0
3157,9272,0,0,0
3157,9273,0,0,0
3157,9274,0,0,0
3157,9275,0,0,0
3157,9276,0,0,0
3157,9277,0,0,0
3157,9278,0,0,0
3157,9279,0,0,0
3157,9361,0,0,0
3157,9362,0,0,0
3157,9363,0,0,0
3157,9371,0,0,0
3157,9372,0,0,0
3157,9373,0,0,0
3157,9374,0,0,0
3157,9375,0,0,0
3157,9376,0,0,0
3157,9377,0,0,0
3157,9461,0,0,0
3157,9462,0,0,0
3157,9463,0,0,0
3157,9464,0,0,0
3157,9471,0,0,0
3157,9472,0,0,0
3157,9473,0,0,0
3157,9474,0,0,0
3157,9475,0,0,0
3157,9476,0,0,0
3157,9477,0,0,0
3157,9478,0,0,0
3157,9479,0,0,0
3157,9561,0,0,0
3157,9562,0,0,0
3157,9563,0,0,0
3157,9564,16,0,16
3157,9565,0,0,0
3157,9571,0,0,0
3157,9572,0,0,0
3157,9573,0,0,0
3157,9574,0,0,0
3157,9575,0,0,0
3157,9576,0,0,0
3157,9577,0,0,0
3157,9661,0,0,0
3157,9662,0,0,0
3157,9663,0,0,0
3157,9671,0,0,0
3157,9672,0,0,0
3157,9673,0,0,0
3157,9674,0,0,0
3157,9675,0,0,0
3157,9676,0,0,0
3157,9677,0,0,0
3157,9678,0,0,0
3157,9679,0,0,0
3157,9761,0,0,0
3157,9762,0,0,0
3157,9763,0,0,0
3157,9764,0,0,0
3157,9771,0,0,0
3157,9772,0,0,0
3157,9773,0,0,0
3157,9774,0,0,0
3157,9775,0,0,0
3157,9776,0,0,0
3157,9777,0,0,0
3157,9778,0,0,0
3157,9779,0,0,0
3157,9780,0,0,0
3157,10041,0,0,0
3157,10042,0,0,0
3157,10043,0,0,0
3157,10044,0,0,0
3157,10045,0,0,0
3157,10046,0,0,0
3157,11000,255,40,215
3157,12051,0,0,0
3157,12052,0,0,0
3157,12053,0,0,0
3157,12054,0,0,0
3157,12060,0,0,0
3157,12061,0,0,0
3157,12062,0,0,0
3157,12063,0,0,0
3157,12064,0,0,0
3157,12065,17,0,17
3157,12066,0,0,0
3157,12067,0,0,0
3157,12068,0,0,0
3157,12069,10,0,10
3157,12070,0,0,0
3157,12071,0,0,0
3157,12072,0,0,0
3157,12073,0,0,0
3157,13003,0,0,0
3157,13004,0,0,0
3157,13071,0,0,0
3157,13072,0,0,0
3157,13073,0,0,0
3157,13074,0,0,0
3157,13075,0,0,0
3157,13076,0,0,0
3157,14511,0,0,0
3157,14521,0,0,0
3157,14522,0,0,0
3157,14523,0,0,0
3157,14524,0,0,0
3157,14612,0,0,0
3157,14625,17,17,0
3157,14626,45,45,0
3157,14627,0,0,0
3157,14628,0,0,0
3157,14713,27,12,15
3157,14729,0,0,0
3157,14730,0,0,0
3157,15001,0,0,0
3157,15002,0,0,0
3157,15003,70,37,33
3157,15081,42,30,12
3157,15082,0,0,0
3157,15083,145,97,48
3157,15084,0,0,0
3157,15085,176,132,44
3157,15086,20,20,0
3157,15087,22,11,11
3157,15088,0,0,0
3157,15089,47,47,0
3157,15090,22,22,0
3157,15091,0,0,0
3157,16051,0,0,0
3157,16052,0,0,0
3157,16053,0,0,0
3157,16054,0,0,0
3157,16055,0,0,0
3157,16056,0,0,0
3157,16061,0,0,0
3157,16062,14,14,0
3157,16063,0,0,0
3157,16064,0,0,0
3157,16065,0,0,0
3157,16066,0,0,0
3157,16067,0,0,0
3157,16068,0,0,0
3157,16069,0,0,0
3157,16070,0,0,0
3157,16071,0,0,0
3157,16072,0,0,0
3157,16073,0,0,0
3157,16074,0,0,0
3157,16075,0,0,0
3157,16076,0,0,0
3157,16077,0,0,0
3158,1001,0,0,0
3158,1002,23,0,23
3158,1003,0,0,0
3158,1004,0,0,0
3158,1051,0,0,0
3158,1053,0,0,0
3158,1054,0,0,0
3158,1055,0,0,0
3158,1056,13,0,13
3158,1057,0,0,0
3158,1058,0,0,0
3158,1059,0,0,0
3158,1060,0,0,0
3158,1061,0,0,0
3158,1062,15,0,15
3158,2000,151,32,119
3158,3101,17738,3143,14595
3158,3102,8171,1484,6687
3158,3103,3261,152,3109
3158,3151,867,282,585
3158,3153,2201,942,1259
3158,3154,2154,989,1165
3158,3155,77,34,43
3158,3157,1201,568,633
3158,3158,0,0,0
3158,3159,156,81,75
3158,3241,1313,192,1121
3158,3251,0,0,0
3158,3252,15,15,0
3158,3254,1056,374,682
3158,3255,0,0,0
3158,3256,10,0,10
3158,3257,0,0,0
3158,3351,77,26,51
3158,3352,0,0,0
3158,3353,18,0,18
3158,3354,0,0,0
3158,3355,0,0,0
3158,3356,0,0,0
3158,3357,0,0,0
3158,3358,15,0,15
3158,3359,11,0,11
3158,3360,26,14,12
3158,3361,15,0,15
3158,3401,0,0,0
3158,3402,0,0,0
3158,3403,35,0,35
3158,3404,42,0,42
3158,3405,0,0,0
3158,3451,0,0,0
3158,3452,0,0,0
3158,3453,0,0,0
3158,3454,0,0,0
3158,3455,0,0,0
3158,3456,0,0,0
3158,3457,0,0,0
3158,3458,0,0,0
3158,3459,0,0,0
3158,3460,14,0,14
3158,3461,0,0,0
3158,3462,0,0,0
3158,4011,37,0,37
3158,4012,0,0,0
3158,5111,42,0,42
3158,5112,35,0,35
3158,5113,12,0,12
3158,5114,0,0,0
3158,5116,0,0,0
3158,5117,0,0,0
3158,5119,0,0,0
3158,5120,0,0,0
3158,5122,0,0,0
3158,5124,0,0,0
3158,5154,0,0,0
3158,5158,21,0,21
3158,5162,13,0,13
3158,5166,0,0,0
3158,5170,0,0,0
3158,5314,0,0,0
3158,5315,39,0,39
3158,5316,12,0,12
3158,5334,0,0,0
3158,5358,0,0,0
3158,5362,11,0,11
3158,5366,0,0,0
3158,5370,0,0,0
3158,5374,21,0,21
3158,5378,0,0,0
3158,5382,23,0,23
3158,5512,0,0,0
3158,5513,0,0,0
3158,5515,10,0,10
3158,5554,11,0,11
3158,5558,0,0,0
3158,5562,0,0,0
3158,5566,0,0,0
3158,5570,0,0,0
3158,5711,27,0,27
3158,5754,16,0,16
3158,5758,0,0,0
3158,5762,0,0,0
3158,5766,0,0,0
3158,5770,18,0,18
3158,5774,0,0,0
3158,5911,0,0,0
3158,5913,10,0,10
3158,5914,0,0,0
3158,5915,0,0,0
3158,5916,0,0,0
3158,5954,0,0,0
3158,5958,0,0,0
3158,5962,0,0,0
3158,5966,0,0,0
3158,5970,0,0,0
3158,5974,17,0,17
3158,5978,0,0,0
3158,6411,0,0,0
3158,6412,42,0,42
3158,6413,0,0,0
3158,6414,10,0,10
3158,6431,0,0,0
3158,6432,0,0,0
3158,6433,0,0,0
3158,6434,25,0,25
3158,6435,0,0,0
3158,6436,14,0,14
3158,6437,0,0,0
3158,6438,16,0,16
3158,6439,0,0,0
3158,6440,0,0,0
3158,6531,0,0,0
3158,6532,0,0,0
3158,6533,0,0,0
3158,6534,0,0,0
3158,6535,0,0,0
3158,6611,10,0,10
3158,6631,0,0,0
3158,6632,0,0,0
3158,6633,18,0,18
3158,6634,0,0,0
3158,6635,0,0,0
3158,6636,0,0,0
3158,7111,0,0,0
3158,7131,0,0,0
3158,7132,0,0,0
3158,7133,0,0,0
3158,7134,0,0,0
3158,7135,0,0,0
3158,7137,0,0,0
3158,7138,0,0,0
3158,7140,0,0,0
3158,7141,0,0,0
3158,7143,0,0,0
3158,7211,0,0,0
3158,7231,0,0,0
3158,7232,0,0,0
3158,7233,0,0,0
3158,7235,0,0,0
3158,7311,0,0,0
3158,7312,0,0,0
3158,7313,0,0,0
3158,7314,0,0,0
3158,7315,0,0,0
3158,7316,0,0,0
3158,7317,0,0,0
3158,7318,0,0,0
3158,7319,0,0,0
3158,7320,0,0,0
3158,7331,0,0,0
3158,7332,0,0,0
3158,7333,0,0,0
3158,7334,0,0,0
3158,7335,0,0,0
3158,7336,0,0,0
3158,7337,0,0,0
3158,7338,0,0,0
3158,7339,0,0,0
3158,7340,0,0,0
3158,8111,32,0,32
3158,8115,10,0,10
3158,8116,18,0,18
3158,8117,0,0,0
3158,8118,11,0,11
3158,8119,0,0,0
3158,8121,0,0,0
3158,8125,0,0,0
3158,8126,0,0,0
3158,8127,0,0,0
3158,8128,0,0,0
3158,8135,0,0,0
3158,8136,0,0,0
3158,8211,0,0,0
3158,8212,0,0,0
3158,8215,0,0,0
3158,8216,0,0,0
3158,8221,0,0,0
3158,8222,15,0,15
3158,8225,0,0,0
3158,8226,0,0,0
3158,8231,0,0,0
3158,8235,0,0,0
3158,8236,0,0,0
3158,8237,0,0,0
3158,8311,0,0,0
3158,8315,0,0,0
3158,8316,0,0,0
3158,8317,0,0,0
3158,8325,0,0,0
3158,8326,0,0,0
3158,8327,0,0,0
3158,8335,0,0,0
3158,8336,0,0,0
3158,8337,0,0,0
3158,8415,0,0,0
3158,8416,0,0,0
3158,8417,0,0,0
3158,8421,0,0,0
3158,8425,0,0,0
3158,8426,0,0,0
3158,8435,0,0,0
3158,8436,0,0,0
3158,8437,0,0,0
3158,9161,0,0,0
3158,9162,73,0,73
3158,9163,0,0,0
3158,9171,0,0,0
3158,9172,0,0,0
3158,9173,0,0,0
3158,9174,0,0,0
3158,9175,0,0,0
3158,9176,0,0,0
3158,9177,0,0,0
3158,9178,0,0,0
3158,9179,0,0,0
3158,9180,0,0,0
3158,9181,0,0,0
3158,9182,0,0,0
3158,9183,0,0,0
3158,9184,45,0,45
3158,9185,0,0,0
3158,9186,0,0,0
3158,9187,0,0,0
3158,9188,0,0,0
3158,9189,0,0,0
3158,9190,0,0,0
3158,9261,0,0,0
3158,9262,0,0,0
3158,9263,0,0,0
3158,9271,0,0,0
3158,9272,0,0,0
3158,9273,0,0,0
3158,9274,0,0,0
3158,9275,0,0,0
3158,9276,0,0,0
3158,9277,0,0,0
3158,9278,0,0,0
3158,9279,0,0,0
3158,9361,0,0,0
3158,9362,0,0,0
3158,9363,0,0,0
3158,9371,0,0,0
3158,9372,0,0,0
3158,9373,0,0,0
3158,9374,0,0,0
3158,9375,0,0,0
3158,9376,0,0,0
3158,9377,0,0,0
3158,9461,0,0,0
3158,9462,0,0,0
3158,9463,0,0,0
3158,9464,0,0,0
3158,9471,0,0,0
3158,9472,0,0,0
3158,9473,0,0,0
3158,9474,0,0,0
3158,9475,0,0,0
3158,9476,0,0,0
3158,9477,0,0,0
3158,9478,0,0,0
3158,9479,0,0,0
3158,9561,0,0,0
3158,9562,0,0,0
3158,9563,0,0,0
3158,9564,21,0,21
3158,9565,0,0,0
3158,9571,0,0,0
3158,9572,0,0,0
3158,9573,0,0,0
3158,9574,0,0,0
3158,9575,0,0,0
3158,9576,0,0,0
3158,9577,0,0,0
3158,9661,0,0,0
3158,9662,0,0,0
3158,9663,0,0,0
3158,9671,0,0,0
3158,9672,0,0,0
3158,9673,0,0,0
3158,9674,0,0,0
3158,9675,0,0,0
3158,9676,0,0,0
3158,9677,0,0,0
3158,9678,0,0,0
3158,9679,0,0,0
3158,9761,0,0,0
3158,9762,0,0,0
3158,9763,0,0,0
3158,9764,0,0,0
3158,9771,0,0,0
3158,9772,0,0,0
3158,9773,0,0,0
3158,9774,0,0,0
3158,9775,0,0,0
3158,9776,0,0,0
3158,9777,0,0,0
3158,9778,0,0,0
3158,9779,0,0,0
3158,9780,0,0,0
3158,10041,0,0,0
3158,10042,0,0,0
3158,10043,0,0,0
3158,10044,0,0,0
3158,10045,0,0,0
3158,10046,0,0,0
3158,11000,255,75,180
3158,12051,0,0,0
3158,12052,0,0,0
3158,12053,0,0,0
3158,12054,0,0,0
3158,12060,0,0,0
3158,12061,0,0,0
3158,12062,0,0,0
3158,12063,0,0,0
3158,12064,0,0,0
3158,12065,0,0,0
3158,12066,0,0,0
3158,12067,0,0,0
3158,12068,0,0,0
3158,12069,0,0,0
3158,12070,0,0,0
3158,12071,0,0,0
3158,12072,0,0,0
3158,12073,0,0,0
3158,13003,0,0,0
3158,13004,0,0,0
3158,13071,0,0,0
3158,13072,0,0,0
3158,13073,0,0,0
3158,13074,0,0,0
3158,13075,0,0,0
3158,13076,0,0,0
3158,14511,0,0,0
3158,14521,0,0,0
3158,14522,0,0,0
3158,14523,0,0,0
3158,14524,0,0,0
3158,14612,10,0,10
3158,14625,0,0,0
3158,14626,0,0,0
3158,14627,0,0,0
3158,14628,0,0,0
3158,14713,15,0,15
3158,14729,0,0,0
3158,14730,0,0,0
3158,15001,0,0,0
3158,15002,11,0,11
3158,15003,100,50,50
3158,15081,40,21,19
3158,15082,0,0,0
3158,15083,379,295,84
3158,15084,0,0,0
3158,15085,1531,1263,268
3158,15086,14,14,0
3158,15087,18,18,0
3158,15088,0,0,0
3158,15089,29,19,10
3158,15090,13,13,0
3158,15091,0,0,0
3158,16051,0,0,0
3158,16052,0,0,0
3158,16053,0,0,0
3158,16054,0,0,0
3158,16055,0,0,0
3158,16056,0,0,0
3158,16061,0,0,0
3158,16062,0,0,0
3158,16063,0,0,0
3158,16064,0,0,0
3158,16065,0,0,0
3158,16066,0,0,0
3158,16067,0,0,0
3158,16068,0,0,0
3158,16069,0,0,0
3158,16070,0,0,0
3158,16071,0,0,0
3158,16072,0,0,0
3158,16073,0,0,0
3158,16074,0,0,0
3158,16075,0,0,0
3158,16076,0,0,0
3158,16077,0,0,0
3159,1001,12,0,12
3159,1002,53,18,35
3159,1003,39,20,19
3159,1004,0,0,0
3159,1051,0,0,0
3159,1053,32,19,13
3159,1054,27,13,14
3159,1055,34,19,15
3159,1056,36,17,19
3159,1057,0,0,0
3159,1058,30,11,19
3159,1059,28,12,16
3159,1060,61,18,43
3159,1061,10,10,0
3159,1062,43,18,25
3159,2000,643,190,453
3159,3101,732,173,559
3159,3102,188,69,119
3159,3103,222,61,161
3159,3151,129,65,64
3159,3153,3772,1777,1995
3159,3154,64,43,21
3159,3155,16912,11088,5824
3159,3157,144,70,74
3159,3158,156,75,81
3159,3159,0,0,0
3159,3241,2895,918,1977
3159,3251,49,22,27
3159,3252,175,96,79
3159,3254,952,414,538
3159,3255,741,617,124
3159,3256,53,27,26
3159,3257,67,26,41
3159,3351,83,44,39
3159,3352,19,19,0
3159,3353,54,32,22
3159,3354,0,0,0
3159,3355,80,49,31
3159,3356,0,0,0
3159,3357,33,18,15
3159,3358,48,28,20
3159,3359,42,22,20
3159,3360,55,19,36
3159,3361,49,12,37
3159,3401,12,0,12
3159,3402,0,0,0
3159,3403,82,31,51
3159,3404,88,19,69
3159,3405,10,0,10
3159,3451,0,0,0
3159,3452,29,13,16
3159,3453,21,11,10
3159,3454,69,42,27
3159,3455,11,11,0
3159,3456,11,11,0
3159,3457,21,11,10
3159,3458,18,18,0
3159,3459,53,30,23
3159,3460,57,17,40
3159,3461,0,0,0
3159,3462,0,0,0
3159,4011,172,73,99
3159,4012,0,0,0
3159,5111,159,36,123
3159,5112,61,33,28
3159,5113,117,26,91
3159,5114,11,0,11
3159,5116,0,0,0
3159,5117,0,0,0
3159,5119,28,12,16
3159,5120,0,0,0
3159,5122,11,0,11
3159,5124,38,18,20
3159,5154,12,0,12
3159,5158,81,21,60
3159,5162,62,25,37
3159,5166,24,11,13
3159,5170,45,17,28
3159,5314,105,23,82
3159,5315,298,65,233
3159,5316,12,0,12
3159,5334,99,32,67
3159,5358,28,14,14
3159,5362,47,19,28
3159,5366,0,0,0
3159,5370,0,0,0
3159,5374,15,0,15
3159,5378,11,0,11
3159,5382,49,19,30
3159,5512,0,0,0
3159,5513,28,13,15
3159,5515,76,41,35
3159,5554,13,0,13
3159,5558,21,10,11
3159,5562,55,28,27
3159,5566,37,15,22
3159,5570,42,23,19
3159,5711,115,28,87
3159,5754,87,40,47
3159,5758,51,28,23
3159,5762,219,156,63
3159,5766,68,41,27
3159,5770,52,27,25
3159,5774,112,50,62
3159,5911,45,19,26
3159,5913,93,41,52
3159,5914,24,0,24
3159,5915,15,15,0
3159,5916,12,12,0
3159,5954,23,12,11
3159,5958,66,25,41
3159,5962,29,14,15
3159,5966,0,0,0
3159,5970,39,14,25
3159,5974,48,17,31
3159,5978,96,59,37
3159,6411,54,15,39
3159,6412,377,46,331
3159,6413,0,0,0
3159,6414,68,17,51
3159,6431,0,0,0
3159,6432,34,14,20
3159,6433,34,16,18
3159,6434,93,22,71
3159,6435,65,26,39
3159,6436,93,13,80
3159,6437,0,0,0
3159,6438,59,19,40
3159,6439,26,12,14
3159,6440,628,21,607
3159,6531,70,29,41
3159,6532,163,12,151
3159,6533,19,0,19
3159,6534,77,36,41
3159,6535,41,24,17
3159,6611,5140,1569,3571
3159,6631,145,60,85
3159,6632,143,72,71
3159,6633,4477,2566,1911
3159,6634,555,286,269
3159,6635,156,75,81
3159,6636,2826,2134,692
3159,7111,19,0,19
3159,7131,0,0,0
3159,7132,0,0,0
3159,7133,0,0,0
3159,7134,0,0,0
3159,7135,0,0,0
3159,7137,12,0,12
3159,7138,0,0,0
3159,7140,0,0,0
3159,7141,0,0,0
3159,7143,41,0,41
3159,7211,0,0,0
3159,7231,0,0,0
3159,7232,0,0,0
3159,7233,0,0,0
3159,7235,0,0,0
3159,7311,0,0,0
3159,7312,0,0,0
3159,7313,0,0,0
3159,7314,15,0,15
3159,7315,73,23,50
3159,7316,0,0,0
3159,7317,0,0,0
3159,7318,0,0,0
3159,7319,0,0,0
3159,7320,0,0,0
3159,7331,0,0,0
3159,7332,0,0,0
3159,7333,0,0,0
3159,7334,0,0,0
3159,7335,0,0,0
3159,7336,0,0,0
3159,7337,0,0,0
3159,7338,0,0,0
3159,7339,11,11,0
3159,7340,0,0,0
3159,8111,94,31,63
3159,8115,72,60,12
3159,8116,64,31,33
3159,8117,10,0,10
3159,8118,60,15,45
3159,8119,33,15,18
3159,8121,0,0,0
3159,8125,26,14,12
3159,8126,19,0,19
3159,8127,25,0,25
3159,8128,11,0,11
3159,8135,0,0,0
3159,8136,39,15,24
3159,8211,0,0,0
3159,8212,47,15,32
3159,8215,139,19,120
3159,8216,0,0,0
3159,8221,59,35,24
3159,8222,66,18,48
3159,8225,0,0,0
3159,8226,79,24,55
3159,8231,0,0,0
3159,8235,12,12,0
3159,8236,0,0,0
3159,8237,0,0,0
3159,8311,65,19,46
3159,8315,23,11,12
3159,8316,0,0,0
3159,8317,25,12,13
3159,8325,0,0,0
3159,8326,25,10,15
3159,8327,0,0,0
3159,8335,35,11,24
3159,8336,18,0,18
3159,8337,0,0,0
3159,8415,26,11,15
3159,8416,30,20,10
3159,8417,0,0,0
3159,8421,18,0,18
3159,8425,13,13,0
3159,8426,0,0,0
3159,8435,11,0,11
3159,8436,12,0,12
3159,8437,0,0,0
3159,9161,0,0,0
3159,9162,337,88,249
3159,9163,0,0,0
3159,9171,0,0,0
3159,9172,0,0,0
3159,9173,0,0,0
3159,9174,0,0,0
3159,9175,0,0,0
3159,9176,0,0,0
3159,9177,0,0,0
3159,9178,26,10,16
3159,9179,0,0,0
3159,9180,0,0,0
3159,9181,0,0,0
3159,9182,0,0,0
3159,9183,16,16,0
3159,9184,140,15,125
3159,9185,0,0,0
3159,9186,0,0,0
3159,9187,0,0,0
3159,9188,24,0,24
3159,9189,0,0,0
3159,9190,10,0,10
3159,9261,0,0,0
3159,9262,0,0,0
3159,9263,0,0,0
3159,9271,10,0,10
3159,9272,0,0,0
3159,9273,0,0,0
3159,9274,0,0,0
3159,9275,0,0,0
3159,9276,0,0,0
3159,9277,0,0,0
3159,9278,0,0,0
3159,9279,0,0,0
3159,9361,0,0,0
3159,9362,39,13,26
3159,9363,0,0,0
3159,9371,0,0,0
3159,9372,0,0,0
3159,9373,0,0,0
3159,9374,0,0,0
3159,9375,0,0,0
3159,9376,0,0,0
3159,9377,0,0,0
3159,9461,0,0,0
3159,9462,0,0,0
3159,9463,0,0,0
3159,9464,0,0,0
3159,9471,0,0,0
3159,9472,0,0,0
3159,9473,0,0,0
3159,9474,0,0,0
3159,9475,0,0,0
3159,9476,0,0,0
3159,9477,10,10,0
3159,9478,0,0,0
3159,9479,0,0,0
3159,9561,0,0,0
3159,9562,25,0,25
3159,9563,0,0,0
3159,9564,70,29,41
3159,9565,0,0,0
3159,9571,0,0,0
3159,9572,0,0,0
3159,9573,0,0,0
3159,9574,0,0,0
3159,9575,0,0,0
3159,9576,0,0,0
3159,9577,0,0,0
3159,9661,0,0,0
3159,9662,0,0,0
3159,9663,42,20,22
3159,9671,10,0,10
3159,9672,0,0,0
3159,9673,0,0,0
3159,9674,0,0,0
3159,9675,0,0,0
3159,9676,11,0,11
3159,9677,0,0,0
3159,9678,0,0,0
3159,9679,0,0,0
3159,9761,26,10,16
3159,9762,0,0,0
3159,9763,0,0,0
3159,9764,0,0,0
3159,9771,0,0,0
3159,9772,0,0,0
3159,9773,0,0,0
3159,9774,0,0,0
3159,9775,10,0,10
3159,9776,0,0,0
3159,9777,0,0,0
3159,9778,0,0,0
3159,9779,0,0,0
3159,9780,0,0,0
3159,10041,23,10,13
3159,10042,0,0,0
3159,10043,0,0,0
3159,10044,0,0,0
3159,10045,0,0,0
3159,10046,0,0,0
3159,11000,885,338,547
3159,12051,0,0,0
3159,12052,0,0,0
3159,12053,18,0,18
3159,12054,70,31,39
3159,12060,18,18,0
3159,12061,0,0,0
3159,12062,0,0,0
3159,12063,18,18,0
3159,12064,21,0,21
3159,12065,10,10,0
3159,12066,0,0,0
3159,12067,0,0,0
3159,12068,0,0,0
3159,12069,40,25,15
3159,12070,0,0,0
3159,12071,0,0,0
3159,12072,12,12,0
3159,12073,0,0,0
3159,13003,15,15,0
3159,13004,0,0,0
3159,13071,0,0,0
3159,13072,0,0,0
3159,13073,0,0,0
3159,13074,0,0,0
3159,13075,38,25,13
3159,13076,37,37,0
3159,14511,36,23,13
3159,14521,37,0,37
3159,14522,51,39,12
3159,14523,0,0,0
3159,14524,29,15,14
3159,14612,66,30,36
3159,14625,10,0,10
3159,14626,0,0,0
3159,14627,13,13,0
3159,14628,0,0,0
3159,14713,160,77,83
3159,14729,16,16,0
3159,14730,10,10,0
3159,15001,11,11,0
3159,15002,60,26,34
3159,15003,64,33,31
3159,15081,0,0,0
3159,15082,16,16,0
3159,15083,50,34,16
3159,15084,16,16,0
3159,15085,384,281,103
3159,15086,11,11,0
3159,15087,135,94,41
3159,15088,63,45,18
3159,15089,43,24,19
3159,15090,10,0,10
3159,15091,11,11,0
3159,16051,88,32,56
3159,16052,0,0,0
3159,16053,119,26,93
3159,16054,0,0,0
3159,16055,0,0,0
3159,16056,10,10,0
3159,16061,8414,7122,1292
3159,16062,2540,1723,817
3159,16063,42,24,18
3159,16064,306,231,75
3159,16065,120,92,28
3159,16066,13,13,0
3159,16067,43,16,27
3159,16068,0,0,0
3159,16069,0,0,0
3159,16070,32,13,19
3159,16071,0,0,0
3159,16072,0,0,0
3159,16073,0,0,0
3159,16074,0,0,0
3159,16075,0,0,0
3159,16076,0,0,0
3159,16077,0,0,0
3241,1001,83,40,43
3241,1002,375,205,170
3241,1003,333,154,179
3241,1004,83,58,25
3241,1051,90,76,14
3241,1053,241,208,33
3241,1054,173,116,57
3241,1055,288,226,62
3241,1056,387,289,98
3241,1057,117,106,11
3241,1058,305,212,93
3241,1059,176,125,51
3241,1060,374,200,174
3241,1061,137,98,39
3241,1062,590,346,244
3241,2000,6122,2386,3736
3241,3101,6048,3025,3023
3241,3102,1746,1083,663
3241,3103,3833,739,3094
3241,3151,3272,2151,1121
3241,3153,1479,1210,269
3241,3154,917,574,343
3241,3155,1278,987,291
3241,3157,10816,8212,2604
3241,3158,1313,1121,192
3241,3159,2895,1977,918
3241,3241,0,0,0
3241,3251,1062,784,278
3241,3252,9121,6734,2387
3241,3254,27219,19453,7766
3241,3255,923,790,133
3241,3256,7630,5984,1646
3241,3257,16986,13921,3065
3241,3351,15275,11448,3827
3241,3352,506,460,46
3241,3353,694,554,140
3241,3354,136,120,16
3241,3355,886,653,233
3241,3356,284,253,31
3241,3357,535,426,109
3241,3358,5780,4736,1044
3241,3359,403,313,90
3241,3360,715,546,169
3241,3361,882,646,236
3241,3401,224,145,79
3241,3402,372,95,277
3241,3403,614,387,227
3241,3404,643,399,244
3241,3405,122,92,30
3241,3451,272,199,73
3241,3452,431,323,108
3241,3453,307,215,92
3241,3454,452,295,157
3241,3455,151,125,26
3241,3456,151,103,48
3241,3457,264,209,55
3241,3458,434,288,146
3241,3459,617,464,153
3241,3460,341,214,127
3241,3461,131,99,32
3241,3462,102,49,53
3241,4011,2276,1446,830
3241,4012,312,229,83
3241,5111,1156,265,891
3241,5112,219,124,95
3241,5113,603,319,284
3241,5114,194,66,128
3241,5116,412,329,83
3241,5117,89,59,30
3241,5119,109,65,44
3241,5120,83,33,50
3241,5122,71,35,36
3241,5124,140,80,60
3241,5154,153,99,54
3241,5158,404,153,251
3241,5162,320,190,130
3241,5166,171,119,52
3241,5170,285,100,185
3241,5314,350,130,220
3241,5315,1382,475,907
3241,5316,58,24,34
3241,5334,250,121,129
3241,5358,97,47,50
3241,5362,247,163,84
3241,5366,63,40,23
3241,5370,62,43,19
3241,5374,156,44,112
3241,5378,132,89,43
3241,5382,308,190,118
3241,5512,75,40,35
3241,5513,192,74,118
3241,5515,336,164,172
3241,5554,157,98,59
3241,5558,165,107,58
3241,5562,362,263,99
3241,5566,430,285,145
3241,5570,219,166,53
3241,5711,1113,527,586
3241,5754,712,319,393
3241,5758,695,470,225
3241,5762,334,214,120
3241,5766,880,645,235
3241,5770,2265,1473,792
3241,5774,428,259,169
3241,5911,330,185,145
3241,5913,587,318,269
3241,5914,136,112,24
3241,5915,117,85,32
3241,5916,119,95,24
3241,5954,191,121,70
3241,5958,138,98,40
3241,5962,180,109,71
3241,5966,49,31,18
3241,5970,121,63,58
3241,5974,172,120,52
3241,5978,375,230,145
3241,6411,148,53,95
3241,6412,1371,249,1122
3241,6413,69,41,28
3241,6414,260,81,179
3241,6431,88,45,43
3241,6432,126,77,49
3241,6433,162,62,100
3241,6434,303,66,237
3241,6435,220,124,96
3241,6436,285,61,224
3241,6437,12,12,0
3241,6438,346,127,219
3241,6439,69,35,34
3241,6440,204,134,70
3241,6531,161,96,65
3241,6532,192,78,114
3241,6533,62,40,22
3241,6534,128,84,44
3241,6535,32,32,0
3241,6611,618,365,253
3241,6631,140,91,49
3241,6632,151,93,58
3241,6633,418,325,93
3241,6634,183,151,32
3241,6635,197,83,114
3241,6636,176,160,16
3241,7111,135,24,111
3241,7131,45,30,15
3241,7132,28,28,0
3241,7133,42,10,32
3241,7134,36,22,14
3241,7135,0,0,0
3241,7137,57,36,21
3241,7138,68,31,37
3241,7140,10,10,0
3241,7141,36,22,14
3241,7143,73,36,37
3241,7211,34,17,17
3241,7231,22,10,12
3241,7232,0,0,0
3241,7233,17,17,0
3241,7235,15,15,0
3241,7311,15,0,15
3241,7312,36,23,13
3241,7313,0,0,0
3241,7314,70,40,30
3241,7315,154,65,89
3241,7316,25,10,15
3241,7317,0,0,0
3241,7318,0,0,0
3241,7319,15,15,0
3241,7320,0,0,0
3241,7331,18,18,0
3241,7332,31,31,0
3241,7333,15,15,0
3241,7334,34,19,15
3241,7335,17,17,0
3241,7336,0,0,0
3241,7337,34,10,24
3241,7338,25,25,0
3241,7339,62,35,27
3241,7340,20,20,0
3241,8111,524,183,341
3241,8115,255,107,148
3241,8116,301,165,136
3241,8117,117,43,74
3241,8118,292,127,165
3241,8119,167,96,71
3241,8121,48,23,25
3241,8125,154,67,87
3241,8126,114,0,114
3241,8127,50,31,19
3241,8128,65,33,32
3241,8135,34,13,21
3241,8136,114,40,74
3241,8211,30,14,16
3241,8212,206,90,116
3241,8215,146,70,76
3241,8216,80,31,49
3241,8221,103,54,49
3241,8222,282,110,172
3241,8225,45,21,24
3241,8226,247,114,133
3241,8231,54,21,33
3241,8235,68,32,36
3241,8236,46,29,17
3241,8237,26,16,10
3241,8311,138,71,67
3241,8315,88,53,35
3241,8316,51,34,17
3241,8317,125,64,61
3241,8325,21,11,10
3241,8326,69,34,35
3241,8327,23,11,12
3241,8335,71,37,34
3241,8336,57,21,36
3241,8337,65,47,18
3241,8415,100,64,36
3241,8416,73,37,36
3241,8417,58,34,24
3241,8421,102,26,76
3241,8425,50,33,17
3241,8426,30,16,14
3241,8435,65,36,29
3241,8436,78,35,43
3241,8437,19,0,19
3241,9161,60,18,42
3241,9162,1766,643,1123
3241,9163,35,15,20
3241,9171,13,0,13
3241,9172,36,15,21
3241,9173,28,28,0
3241,9174,92,62,30
3241,9175,85,45,40
3241,9176,46,12,34
3241,9177,138,89,49
3241,9178,298,177,121
3241,9179,130,84,46
3241,9180,18,18,0
3241,9181,50,34,16
3241,9182,52,24,28
3241,9183,19,19,0
3241,9184,580,160,420
3241,9185,11,11,0
3241,9186,85,25,60
3241,9187,79,51,28
3241,9188,85,33,52
3241,9189,42,21,21
3241,9190,30,17,13
3241,9261,26,26,0
3241,9262,0,0,0
3241,9263,12,12,0
3241,9271,11,0,11
3241,9272,0,0,0
3241,9273,23,12,11
3241,9274,37,37,0
3241,9275,0,0,0
3241,9276,0,0,0
3241,9277,0,0,0
3241,9278,20,20,0
3241,9279,0,0,0
3241,9361,0,0,0
3241,9362,59,33,26
3241,9363,0,0,0
3241,9371,15,15,0
3241,9372,12,12,0
3241,9373,51,24,27
3241,9374,0,0,0
3241,9375,27,27,0
3241,9376,30,16,14
3241,9377,0,0,0
3241,9461,34,34,0
3241,9462,53,20,33
3241,9463,15,0,15
3241,9464,0,0,0
3241,9471,35,35,0
3241,9472,20,20,0
3241,9473,0,0,0
3241,9474,66,24,42
3241,9475,110,0,110
3241,9476,14,0,14
3241,9477,10,10,0
3241,9478,0,0,0
3241,9479,0,0,0
3241,9561,0,0,0
3241,9562,100,38,62
3241,9563,53,36,17
3241,9564,523,192,331
3241,9565,29,13,16
3241,9571,42,28,14
3241,9572,67,44,23
3241,9573,40,40,0
3241,9574,64,42,22
3241,9575,0,0,0
3241,9576,53,30,23
3241,9577,10,10,0
3241,9661,31,11,20
3241,9662,26,11,15
3241,9663,82,44,38
3241,9671,72,44,28
3241,9672,12,12,0
3241,9673,11,11,0
3241,9674,26,14,12
3241,9675,33,33,0
3241,9676,61,29,32
3241,9677,72,20,52
3241,9678,25,14,11
3241,9679,78,45,33
3241,9761,150,58,92
3241,9762,0,0,0
3241,9763,12,0,12
3241,9764,25,25,0
3241,9771,27,27,0
3241,9772,65,45,20
3241,9773,13,0,13
3241,9774,42,18,24
3241,9775,61,31,30
3241,9776,34,21,13
3241,9777,30,15,15
3241,9778,46,36,10
3241,9779,27,16,11
3241,9780,17,17,0
3241,10041,82,43,39
3241,10042,21,0,21
3241,10043,13,13,0
3241,10044,21,21,0
3241,10045,26,26,0
3241,10046,0,0,0
3241,11000,4780,2295,2485
3241,12051,49,37,12
3241,12052,50,34,16
3241,12053,35,21,14
3241,12054,309,122,187
3241,12060,111,89,22
3241,12061,165,92,73
3241,12062,38,25,13
3241,12063,126,94,32
3241,12064,118,92,26
3241,12065,116,101,15
3241,12066,23,23,0
3241,12067,68,68,0
3241,12068,33,33,0
3241,12069,177,115,62
3241,12070,61,47,14
3241,12071,33,33,0
3241,12072,153,96,57
3241,12073,64,53,11
3241,13003,124,78,46
3241,13004,102,71,31
3241,13071,140,109,31
3241,13072,133,115,18
3241,13073,102,67,35
3241,13074,98,73,25
3241,13075,188,124,64
3241,13076,156,140,16
3241,14511,82,48,34
3241,14521,53,40,13
3241,14522,70,55,15
3241,14523,44,31,13
3241,14524,77,67,10
3241,14612,272,174,98
3241,14625,57,43,14
3241,14626,66,46,20
3241,14627,69,54,15
3241,14628,57,47,10
3241,14713,568,406,162
3241,14729,176,160,16
3241,14730,100,77,23
3241,15001,66,51,15
3241,15002,221,154,67
3241,15003,815,566,249
3241,15081,342,287,55
3241,15082,161,125,36
3241,15083,658,574,84
3241,15084,123,123,0
3241,15085,656,534,122
3241,15086,252,178,74
3241,15087,172,151,21
3241,15088,147,123,24
3241,15089,342,279,63
3241,15090,393,368,25
3241,15091,64,52,12
3241,16051,154,112,42
3241,16052,24,24,0
3241,16053,54,30,24
3241,16054,12,12,0
3241,16055,57,57,0
3241,16056,10,10,0
3241,16061,238,219,19
3241,16062,141,122,19
3241,16063,48,34,14
3241,16064,66,66,0
3241,16065,116,116,0
3241,16066,28,28,0
3241,16067,79,69,10
3241,16068,48,26,22
3241,16069,13,13,0
3241,16070,67,41,26
3241,16071,34,34,0
3241,16072,0,0,0
3241,16073,34,34,0
3241,16074,21,21,0
3241,16075,13,13,0
3241,16076,19,19,0
3241,16077,16,16,0
3251,1001,17,17,0
3251,1002,41,16,25
3251,1003,67,15,52
3251,1004,0,0,0
3251,1051,15,0,15
3251,1053,11,11,0
3251,1054,43,22,21
3251,1055,40,24,16
3251,1056,58,25,33
3251,1057,0,0,0
3251,1058,12,12,0
3251,1059,14,0,14
3251,1060,80,44,36
3251,1061,0,0,0
3251,1062,61,18,43
3251,2000,910,157,753
3251,3101,62,21,41
3251,3102,0,0,0
3251,3103,33,0,33
3251,3151,23,10,13
3251,3153,13,13,0
3251,3154,0,0,0
3251,3155,22,10,12
3251,3157,16,16,0
3251,3158,0,0,0
3251,3159,49,27,22
3251,3241,1062,278,784
3251,3251,0,0,0
3251,3252,15,15,0
3251,3254,88,53,35
3251,3255,0,0,0
3251,3256,4600,2252,2348
3251,3257,92,45,47
3251,3351,85,45,40
3251,3352,229,168,61
3251,3353,93,44,49
3251,3354,0,0,0
3251,3355,51,29,22
3251,3356,731,492,239
3251,3357,584,317,267
3251,3358,155,94,61
3251,3359,70,44,26
3251,3360,22,10,12
3251,3361,4068,1734,2334
3251,3401,2575,1486,1089
3251,3402,15,0,15
3251,3403,777,278,499
3251,3404,898,401,497
3251,3405,62,36,26
3251,3451,229,115,114
3251,3452,86,30,56
3251,3453,697,366,331
3251,3454,229,125,104
3251,3455,60,39,21
3251,3456,78,53,25
3251,3457,134,84,50
3251,3458,3318,1958,1360
3251,3459,1405,897,508
3251,3460,6334,2010,4324
3251,3461,278,167,111
3251,3462,41,20,21
3251,4011,26668,6038,20630
3251,4012,250,101,149
3251,5111,97,19,78
3251,5112,41,15,26
3251,5113,89,10,79
3251,5114,12,12,0
3251,5116,0,0,0
3251,5117,11,0,11
3251,5119,24,12,12
3251,5120,0,0,0
3251,5122,0,0,0
3251,5124,11,0,11
3251,5154,29,12,17
3251,5158,36,0,36
3251,5162,28,0,28
3251,5166,11,0,11
3251,5170,28,16,12
3251,5314,40,0,40
3251,5315,113,26,87
3251,5316,0,0,0
3251,5334,13,0,13
3251,5358,0,0,0
3251,5362,27,10,17
3251,5366,0,0,0
3251,5370,0,0,0
3251,5374,42,0,42
3251,5378,0,0,0
3251,5382,23,0,23
3251,5512,0,0,0
3251,5513,10,10,0
3251,5515,93,31,62
3251,5554,19,0,19
3251,5558,32,17,15
3251,5562,272,23,249
3251,5566,182,110,72
3251,5570,33,15,18
3251,5711,107,19,88
3251,5754,146,23,123
3251,5758,125,71,54
3251,5762,10,0,10
3251,5766,68,40,28
3251,5770,3680,1699,1981
3251,5774,53,38,15
3251,5911,14,0,14
3251,5913,76,41,35
3251,5914,0,0,0
3251,5915,0,0,0
3251,5916,0,0,0
3251,5954,33,15,18
3251,5958,13,0,13
3251,5962,15,15,0
3251,5966,0,0,0
3251,5970,0,0,0
3251,5974,29,19,10
3251,5978,91,32,59
3251,6411,13,0,13
3251,6412,139,13,126
3251,6413,0,0,0
3251,6414,0,0,0
3251,6431,0,0,0
3251,6432,0,0,0
3251,6433,11,0,11
3251,6434,20,0,20
3251,6435,0,0,0
3251,6436,23,0,23
3251,6437,0,0,0
3251,6438,40,0,40
3251,6439,0,0,0
3251,6440,15,0,15
3251,6531,0,0,0
3251,6532,0,0,0
3251,6533,10,0,10
3251,6534,10,10,0
3251,6535,0,0,0
3251,6611,46,21,25
3251,6631,0,0,0
3251,6632,0,0,0
3251,6633,0,0,0
3251,6634,11,11,0
3251,6635,0,0,0
3251,6636,0,0,0
3251,7111,0,0,0
3251,7131,0,0,0
3251,7132,0,0,0
3251,7133,0,0,0
3251,7134,0,0,0
3251,7135,0,0,0
3251,7137,0,0,0
3251,7138,0,0,0
3251,7140,0,0,0
3251,7141,0,0,0
3251,7143,0,0,0
3251,7211,0,0,0
3251,7231,0,0,0
3251,7232,0,0,0
3251,7233,0,0,0
3251,7235,0,0,0
3251,7311,0,0,0
3251,7312,0,0,0
3251,7313,0,0,0
3251,7314,0,0,0
3251,7315,0,0,0
3251,7316,0,0,0
3251,7317,0,0,0
3251,7318,0,0,0
3251,7319,0,0,0
3251,7320,0,0,0
3251,7331,0,0,0
3251,7332,0,0,0
3251,7333,0,0,0
3251,7334,0,0,0
3251,7335,0,0,0
3251,7336,0,0,0
3251,7337,10,0,10
3251,7338,0,0,0
3251,7339,0,0,0
3251,7340,0,0,0
3251,8111,35,0,35
3251,8115,10,0,10
3251,8116,36,12,24
3251,8117,0,0,0
3251,8118,26,0,26
3251,8119,10,10,0
3251,8121,0,0,0
3251,8125,10,0,10
3251,8126,15,0,15
3251,8127,0,0,0
3251,8128,0,0,0
3251,8135,0,0,0
3251,8136,12,0,12
3251,8211,0,0,0
3251,8212,13,0,13
3251,8215,18,0,18
3251,8216,0,0,0
3251,8221,0,0,0
3251,8222,16,0,16
3251,8225,0,0,0
3251,8226,28,14,14
3251,8231,0,0,0
3251,8235,0,0,0
3251,8236,0,0,0
3251,8237,0,0,0
3251,8311,14,0,14
3251,8315,0,0,0
3251,8316,0,0,0
3251,8317,0,0,0
3251,8325,0,0,0
3251,8326,0,0,0
3251,8327,0,0,0
3251,8335,0,0,0
3251,8336,0,0,0
3251,8337,11,11,0
3251,8415,0,0,0
3251,8416,0,0,0
3251,8417,0,0,0
3251,8421,0,0,0
3251,8425,0,0,0
3251,8426,0,0,0
3251,8435,0,0,0
3251,8436,13,0,13
3251,8437,0,0,0
3251,9161,0,0,0
3251,9162,106,15,91
3251,9163,0,0,0
3251,9171,0,0,0
3251,9172,0,0,0
3251,9173,0,0,0
3251,9174,0,0,0
3251,9175,0,0,0
3251,9176,0,0,0
3251,9177,0,0,0
3251,9178,15,0,15
3251,9179,24,24,0
3251,9180,0,0,0
3251,9181,0,0,0
3251,9182,0,0,0
3251,9183,0,0,0
3251,9184,52,0,52
3251,9185,0,0,0
3251,9186,0,0,0
3251,9187,0,0,0
3251,9188,0,0,0
3251,9189,0,0,0
3251,9190,0,0,0
3251,9261,0,0,0
3251,9262,0,0,0
3251,9263,0,0,0
3251,9271,0,0,0
3251,9272,0,0,0
3251,9273,0,0,0
3251,9274,10,0,10
3251,9275,0,0,0
3251,9276,0,0,0
3251,9277,0,0,0
3251,9278,0,0,0
3251,9279,0,0,0
3251,9361,0,0,0
3251,9362,0,0,0
3251,9363,0,0,0
3251,9371,0,0,0
3251,9372,0,0,0
3251,9373,0,0,0
3251,9374,0,0,0
3251,9375,0,0,0
3251,9376,0,0,0
3251,9377,0,0,0
3251,9461,0,0,0
3251,9462,0,0,0
3251,9463,0,0,0
3251,9464,0,0,0
3251,9471,0,0,0
3251,9472,0,0,0
3251,9473,0,0,0
3251,9474,0,0,0
3251,9475,0,0,0
3251,9476,0,0,0
3251,9477,0,0,0
3251,9478,0,0,0
3251,9479,0,0,0
3251,9561,0,0,0
3251,9562,0,0,0
3251,9563,0,0,0
3251,9564,30,0,30
3251,9565,0,0,0
3251,9571,0,0,0
3251,9572,0,0,0
3251,9573,0,0,0
3251,9574,0,0,0
3251,9575,0,0,0
3251,9576,0,0,0
3251,9577,0,0,0
3251,9661,0,0,0
3251,9662,0,0,0
3251,9663,0,0,0
3251,9671,11,0,11
3251,9672,0,0,0
3251,9673,0,0,0
3251,9674,0,0,0
3251,9675,0,0,0
3251,9676,0,0,0
3251,9677,0,0,0
3251,9678,0,0,0
3251,9679,0,0,0
3251,9761,15,0,15
3251,9762,0,0,0
3251,9763,0,0,0
3251,9764,0,0,0
3251,9771,0,0,0
3251,9772,0,0,0
3251,9773,0,0,0
3251,9774,0,0,0
3251,9775,0,0,0
3251,9776,0,0,0
3251,9777,0,0,0
3251,9778,0,0,0
3251,9779,0,0,0
3251,9780,0,0,0
3251,10041,10,0,10
3251,10042,0,0,0
3251,10043,0,0,0
3251,10044,0,0,0
3251,10045,0,0,0
3251,10046,0,0,0
3251,11000,207,51,156
3251,12051,0,0,0
3251,12052,0,0,0
3251,12053,0,0,0
3251,12054,0,0,0
3251,12060,0,0,0
3251,12061,0,0,0
3251,12062,0,0,0
3251,12063,13,13,0
3251,12064,0,0,0
3251,12065,0,0,0
3251,12066,0,0,0
3251,12067,0,0,0
3251,12068,0,0,0
3251,12069,22,10,12
3251,12070,0,0,0
3251,12071,0,0,0
3251,12072,0,0,0
3251,12073,0,0,0
3251,13003,26,15,11
3251,13004,12,12,0
3251,13071,36,21,15
3251,13072,27,15,12
3251,13073,18,18,0
3251,13074,18,18,0
3251,13075,23,23,0
3251,13076,37,26,11
3251,14511,0,0,0
3251,14521,12,12,0
3251,14522,0,0,0
3251,14523,0,0,0
3251,14524,10,10,0
3251,14612,15,0,15
3251,14625,0,0,0
3251,14626,0,0,0
3251,14627,0,0,0
3251,14628,0,0,0
3251,14713,39,26,13
3251,14729,14,14,0
3251,14730,13,13,0
3251,15001,0,0,0
3251,15002,0,0,0
3251,15003,21,11,10
3251,15081,0,0,0
3251,15082,34,17,17
3251,15083,38,24,14
3251,15084,130,130,0
3251,15085,24,24,0
3251,15086,14,14,0
3251,15087,0,0,0
3251,15088,12,12,0
3251,15089,15,15,0
3251,15090,25,25,0
3251,15091,0,0,0
3251,16051,0,0,0
3251,16052,0,0,0
3251,16053,0,0,0
3251,16054,0,0,0
3251,16055,0,0,0
3251,16056,0,0,0
3251,16061,13,0,13
3251,16062,0,0,0
3251,16063,0,0,0
3251,16064,0,0,0
3251,16065,0,0,0
3251,16066,0,0,0
3251,16067,0,0,0
3251,16068,0,0,0
3251,16069,0,0,0
3251,16070,0,0,0
3251,16071,0,0,0
3251,16072,0,0,0
3251,16073,0,0,0
3251,16074,0,0,0
3251,16075,0,0,0
3251,16076,0,0,0
3251,16077,0,0,0
3252,1001,14,14,0
3252,1002,25,13,12
3252,1003,14,0,14
3252,1004,0,0,0
3252,1051,0,0,0
3252,1053,0,0,0
3252,1054,28,10,18
3252,1055,0,0,0
3252,1056,10,0,10
3252,1057,0,0,0
3252,1058,24,10,14
3252,1059,10,10,0
3252,1060,23,12,11
3252,1061,0,0,0
3252,1062,18,0,18
3252,2000,342,73,269
3252,3101,84,17,67
3252,3102,27,10,17
3252,3103,64,10,54
3252,3151,25,0,25
3252,3153,37,18,19
3252,3154,0,0,0
3252,3155,119,63,56
3252,3157,50,25,25
3252,3158,15,0,15
3252,3159,175,79,96
3252,3241,9121,2387,6734
3252,3251,15,0,15
3252,3252,0,0,0
3252,3254,2236,884,1352
3252,3255,2792,1962,830
3252,3256,121,40,81
3252,3257,4966,2169,2797
3252,3351,51,17,34
3252,3352,13,13,0
3252,3353,38,15,23
3252,3354,0,0,0
3252,3355,28,13,15
3252,3356,0,0,0
3252,3357,0,0,0
3252,3358,43,20,23
3252,3359,0,0,0
3252,3360,0,0,0
3252,3361,17,0,17
3252,3401,0,0,0
3252,3402,0,0,0
3252,3403,17,0,17
3252,3404,73,17,56
3252,3405,0,0,0
3252,3451,0,0,0
3252,3452,16,16,0
3252,3453,49,21,28
3252,3454,31,11,20
3252,3455,0,0,0
3252,3456,0,0,0
3252,3457,0,0,0
3252,3458,111,0,111
3252,3459,55,30,25
3252,3460,25,14,11
3252,3461,0,0,0
3252,3462,41,41,0
3252,4011,76,29,47
3252,4012,0,0,0
3252,5111,82,15,67
3252,5112,0,0,0
3252,5113,37,11,26
3252,5114,0,0,0
3252,5116,15,0,15
3252,5117,0,0,0
3252,5119,11,11,0
3252,5120,13,0,13
3252,5122,10,0,10
3252,5124,16,16,0
3252,5154,0,0,0
3252,5158,32,10,22
3252,5162,23,0,23
3252,5166,0,0,0
3252,5170,18,0,18
3252,5314,51,0,51
3252,5315,67,11,56
3252,5316,0,0,0
3252,5334,18,0,18
3252,5358,28,0,28
3252,5362,0,0,0
3252,5366,0,0,0
3252,5370,0,0,0
3252,5374,14,0,14
3252,5378,0,0,0
3252,5382,11,11,0
3252,5512,0,0,0
3252,5513,0,0,0
3252,5515,46,13,33
3252,5554,11,0,11
3252,5558,0,0,0
3252,5562,0,0,0
3252,5566,37,19,18
3252,5570,38,28,10
3252,5711,206,76,130
3252,5754,126,50,76
3252,5758,247,98,149
3252,5762,659,475,184
3252,5766,5762,3552,2210
3252,5770,817,334,483
3252,5774,279,130,149
3252,5911,13,0,13
3252,5913,38,10,28
3252,5914,0,0,0
3252,5915,33,33,0
3252,5916,16,0,16
3252,5954,0,0,0
3252,5958,0,0,0
3252,5962,0,0,0
3252,5966,0,0,0
3252,5970,0,0,0
3252,5974,37,22,15
3252,5978,41,20,21
3252,6411,0,0,0
3252,6412,151,17,134
3252,6413,0,0,0
3252,6414,26,0,26
3252,6431,0,0,0
3252,6432,0,0,0
3252,6433,0,0,0
3252,6434,11,0,11
3252,6435,78,0,78
3252,6436,17,0,17
3252,6437,0,0,0
3252,6438,32,15,17
3252,6439,0,0,0
3252,6440,0,0,0
3252,6531,0,0,0
3252,6532,0,0,0
3252,6533,0,0,0
3252,6534,0,0,0
3252,6535,0,0,0
3252,6611,19,0,19
3252,6631,11,0,11
3252,6632,0,0,0
3252,6633,31,15,16
3252,6634,0,0,0
3252,6635,16,16,0
3252,6636,11,11,0
3252,7111,0,0,0
3252,7131,0,0,0
3252,7132,0,0,0
3252,7133,0,0,0
3252,7134,0,0,0
3252,7135,0,0,0
3252,7137,0,0,0
3252,7138,0,0,0
3252,7140,0,0,0
3252,7141,0,0,0
3252,7143,0,0,0
3252,7211,0,0,0
3252,7231,0,0,0
3252,7232,0,0,0
3252,7233,0,0,0
3252,7235,0,0,0
3252,7311,0,0,0
3252,7312,0,0,0
3252,7313,0,0,0
3252,7314,0,0,0
3252,7315,0,0,0
3252,7316,0,0,0
3252,7317,0,0,0
3252,7318,0,0,0
3252,7319,0,0,0
3252,7320,0,0,0
3252,7331,0,0,0
3252,7332,0,0,0
3252,7333,0,0,0
3252,7334,0,0,0
3252,7335,0,0,0
3252,7336,0,0,0
3252,7337,0,0,0
3252,7338,0,0,0
3252,7339,0,0,0
3252,7340,0,0,0
3252,8111,27,0,27
3252,8115,10,0,10
3252,8116,32,14,18
3252,8117,0,0,0
3252,8118,17,0,17
3252,8119,14,0,14
3252,8121,0,0,0
3252,8125,0,0,0
3252,8126,11,0,11
3252,8127,0,0,0
3252,8128,0,0,0
3252,8135,0,0,0
3252,8136,0,0,0
3252,8211,0,0,0
3252,8212,0,0,0
3252,8215,10,0,10
3252,8216,0,0,0
3252,8221,0,0,0
3252,8222,13,0,13
3252,8225,24,0,24
3252,8226,28,13,15
3252,8231,0,0,0
3252,8235,0,0,0
3252,8236,0,0,0
3252,8237,0,0,0
3252,8311,0,0,0
3252,8315,11,11,0
3252,8316,0,0,0
3252,8317,0,0,0
3252,8325,0,0,0
3252,8326,0,0,0
3252,8327,0,0,0
3252,8335,0,0,0
3252,8336,0,0,0
3252,8337,0,0,0
3252,8415,0,0,0
3252,8416,0,0,0
3252,8417,0,0,0
3252,8421,10,0,10
3252,8425,0,0,0
3252,8426,0,0,0
3252,8435,0,0,0
3252,8436,10,0,10
3252,8437,0,0,0
3252,9161,0,0,0
3252,9162,142,13,129
3252,9163,0,0,0
3252,9171,0,0,0
3252,9172,0,0,0
3252,9173,0,0,0
3252,9174,11,0,11
3252,9175,0,0,0
3252,9176,10,0,10
3252,9177,0,0,0
3252,9178,10,0,10
3252,9179,0,0,0
3252,9180,0,0,0
3252,9181,0,0,0
3252,9182,0,0,0
3252,9183,0,0,0
3252,9184,57,0,57
3252,9185,0,0,0
3252,9186,0,0,0
3252,9187,0,0,0
3252,9188,0,0,0
3252,9189,0,0,0
3252,9190,0,0,0
3252,9261,0,0,0
3252,9262,0,0,0
3252,9263,0,0,0
3252,9271,0,0,0
3252,9272,0,0,0
3252,9273,0,0,0
3252,9274,0,0,0
3252,9275,0,0,0
3252,9276,0,0,0
3252,9277,0,0,0
3252,9278,0,0,0
3252,9279,0,0,0
3252,9361,0,0,0
3252,9362,0,0,0
3252,9363,0,0,0
3252,9371,0,0,0
3252,9372,0,0,0
3252,9373,0,0,0
3252,9374,0,0,0
3252,9375,0,0,0
3252,9376,0,0,0
3252,9377,0,0,0
3252,9461,0,0,0
3252,9462,0,0,0
3252,9463,0,0,0
3252,9464,0,0,0
3252,9471,0,0,0
3252,9472,0,0,0
3252,9473,0,0,0
3252,9474,0,0,0
3252,9475,0,0,0
3252,9476,0,0,0
3252,9477,0,0,0
3252,9478,0,0,0
3252,9479,0,0,0
3252,9561,0,0,0
3252,9562,0,0,0
3252,9563,0,0,0
3252,9564,15,0,15
3252,9565,0,0,0
3252,9571,0,0,0
3252,9572,0,0,0
3252,9573,0,0,0
3252,9574,0,0,0
3252,9575,0,0,0
3252,9576,0,0,0
3252,9577,0,0,0
3252,9661,0,0,0
3252,9662,0,0,0
3252,9663,13,13,0
3252,9671,0,0,0
3252,9672,0,0,0
3252,9673,0,0,0
3252,9674,0,0,0
3252,9675,0,0,0
3252,9676,0,0,0
3252,9677,0,0,0
3252,9678,0,0,0
3252,9679,0,0,0
3252,9761,0,0,0
3252,9762,0,0,0
3252,9763,0,0,0
3252,9764,0,0,0
3252,9771,0,0,0
3252,9772,0,0,0
3252,9773,0,0,0
3252,9774,0,0,0
3252,9775,0,0,0
3252,9776,0,0,0
3252,9777,16,0,16
3252,9778,0,0,0
3252,9779,0,0,0
3252,9780,0,0,0
3252,10041,0,0,0
3252,10042,0,0,0
3252,10043,0,0,0
3252,10044,0,0,0
3252,10045,0,0,0
3252,10046,0,0,0
3252,11000,226,93,133
3252,12051,0,0,0
3252,12052,0,0,0
3252,12053,0,0,0
3252,12054,0,0,0
3252,12060,0,0,0
3252,12061,0,0,0
3252,12062,0,0,0
3252,12063,0,0,0
3252,12064,0,0,0
3252,12065,0,0,0
3252,12066,0,0,0
3252,12067,0,0,0
3252,12068,0,0,0
3252,12069,0,0,0
3252,12070,0,0,0
3252,12071,0,0,0
3252,12072,0,0,0
3252,12073,0,0,0
3252,13003,0,0,0
3252,13004,0,0,0
3252,13071,0,0,0
3252,13072,0,0,0
3252,13073,0,0,0
3252,13074,0,0,0
3252,13075,0,0,0
3252,13076,0,0,0
3252,14511,0,0,0
3252,14521,0,0,0
3252,14522,0,0,0
3252,14523,0,0,0
3252,14524,0,0,0
3252,14612,0,0,0
3252,14625,0,0,0
3252,14626,0,0,0
3252,14627,0,0,0
3252,14628,0,0,0
3252,14713,35,12,23
3252,14729,0,0,0
3252,14730,0,0,0
3252,15001,0,0,0
3252,15002,0,0,0
3252,15003,14,14,0
3252,15081,0,0,0
3252,15082,0,0,0
3252,15083,0,0,0
3252,15084,0,0,0
3252,15085,16,16,0
3252,15086,0,0,0
3252,15087,10,10,0
3252,15088,0,0,0
3252,15089,0,0,0
3252,15090,0,0,0
3252,15091,0,0,0
3252,16051,0,0,0
3252,16052,0,0,0
3252,16053,0,0,0
3252,16054,0,0,0
3252,16055,0,0,0
3252,16056,0,0,0
3252,16061,0,0,0
3252,16062,14,14,0
3252,16063,0,0,0
3252,16064,0,0,0
3252,16065,0,0,0
3252,16066,0,0,0
3252,16067,0,0,0
3252,16068,0,0,0
3252,16069,0,0,0
3252,16070,0,0,0
3252,16071,0,0,0
3252,16072,0,0,0
3252,16073,0,0,0
3252,16074,0,0,0
3252,16075,0,0,0
3252,16076,0,0,0
3252,16077,0,0,0
3254,1001,0,0,0
3254,1002,20,0,20
3254,1003,39,13,26
3254,1004,0,0,0
3254,1051,0,0,0
3254,1053,13,13,0
3254,1054,10,0,10
3254,1055,27,12,15
3254,1056,40,16,24
3254,1057,18,18,0
3254,1058,39,10,29
3254,1059,13,0,13
3254,1060,33,14,19
3254,1061,0,0,0
3254,1062,45,20,25
3254,2000,637,123,514
3254,3101,1986,552,1434
3254,3102,2746,770,1976
3254,3103,501,37,464
3254,3151,297,140,157
3254,3153,2188,1370,818
3254,3154,202,80,122
3254,3155,2047,1154,893
3254,3157,3494,2080,1414
3254,3158,1056,682,374
3254,3159,952,538,414
3254,3241,27219,7766,19453
3254,3251,88,35,53
3254,3252,2236,1352,884
3254,3254,0,0,0
3254,3255,2498,1689,809
3254,3256,153,83,70
3254,3257,377,221,156
3254,3351,432,205,227
3254,3352,170,156,14
3254,3353,78,35,43
3254,3354,0,0,0
3254,3355,68,39,29
3254,3356,67,39,28
3254,3357,52,30,22
3254,3358,123,69,54
3254,3359,43,26,17
3254,3360,57,24,33
3254,3361,83,55,28
3254,3401,33,22,11
3254,3402,0,0,0
3254,3403,52,21,31
3254,3404,229,147,82
3254,3405,0,0,0
3254,3451,13,0,13
3254,3452,30,14,16
3254,3453,27,12,15
3254,3454,51,17,34
3254,3455,0,0,0
3254,3456,0,0,0
3254,3457,25,14,11
3254,3458,99,37,62
3254,3459,154,117,37
3254,3460,125,11,114
3254,3461,11,11,0
3254,3462,32,0,32
3254,4011,302,223,79
3254,4012,191,175,16
3254,5111,144,17,127
3254,5112,45,12,33
3254,5113,59,10,49
3254,5114,26,12,14
3254,5116,16,0,16
3254,5117,10,0,10
3254,5119,0,0,0
3254,5120,10,0,10
3254,5122,0,0,0
3254,5124,30,12,18
3254,5154,22,11,11
3254,5158,222,18,204
3254,5162,26,0,26
3254,5166,36,13,23
3254,5170,42,17,25
3254,5314,42,16,26
3254,5315,137,23,114
3254,5316,0,0,0
3254,5334,32,15,17
3254,5358,0,0,0
3254,5362,27,10,17
3254,5366,0,0,0
3254,5370,10,10,0
3254,5374,12,0,12
3254,5378,11,0,11
3254,5382,31,11,20
3254,5512,0,0,0
3254,5513,18,0,18
3254,5515,69,21,48
3254,5554,20,0,20
3254,5558,25,13,12
3254,5562,28,11,17
3254,5566,74,50,24
3254,5570,23,11,12
3254,5711,83,16,67
3254,5754,109,20,89
3254,5758,55,22,33
3254,5762,59,31,28
3254,5766,107,35,72
3254,5770,144,56,88
3254,5774,55,20,35
3254,5911,56,13,43
3254,5913,58,13,45
3254,5914,0,0,0
3254,5915,13,0,13
3254,5916,0,0,0
3254,5954,17,0,17
3254,5958,13,0,13
3254,5962,65,52,13
3254,5966,11,11,0
3254,5970,12,12,0
3254,5974,25,12,13
3254,5978,100,28,72
3254,6411,28,10,18
3254,6412,163,0,163
3254,6413,0,0,0
3254,6414,36,0,36
3254,6431,14,0,14
3254,6432,15,0,15
3254,6433,10,0,10
3254,6434,42,0,42
3254,6435,36,12,24
3254,6436,55,0,55
3254,6437,0,0,0
3254,6438,28,0,28
3254,6439,0,0,0
3254,6440,13,0,13
3254,6531,18,0,18
3254,6532,14,0,14
3254,6533,0,0,0
3254,6534,28,12,16
3254,6535,0,0,0
3254,6611,92,42,50
3254,6631,20,0,20
3254,6632,0,0,0
3254,6633,70,51,19
3254,6634,38,27,11
3254,6635,15,15,0
3254,6636,18,18,0
3254,7111,11,0,11
3254,7131,0,0,0
3254,7132,0,0,0
3254,7133,14,0,14
3254,7134,0,0,0
3254,7135,0,0,0
3254,7137,11,11,0
3254,7138,22,11,11
3254,7140,0,0,0
3254,7141,0,0,0
3254,7143,10,0,10
3254,7211,0,0,0
3254,7231,0,0,0
3254,7232,0,0,0
3254,7233,0,0,0
3254,7235,0,0,0
3254,7311,0,0,0
3254,7312,0,0,0
3254,7313,0,0,0
3254,7314,0,0,0
3254,7315,15,0,15
3254,7316,0,0,0
3254,7317,0,0,0
3254,7318,0,0,0
3254,7319,0,0,0
3254,7320,0,0,0
3254,7331,0,0,0
3254,7332,0,0,0
3254,7333,0,0,0
3254,7334,0,0,0
3254,7335,0,0,0
3254,7336,0,0,0
3254,7337,0,0,0
3254,7338,0,0,0
3254,7339,0,0,0
3254,7340,0,0,0
3254,8111,111,20,91
3254,8115,44,10,34
3254,8116,42,13,29
3254,8117,10,0,10
3254,8118,76,18,58
3254,8119,16,0,16
3254,8121,0,0,0
3254,8125,30,0,30
3254,8126,35,0,35
3254,8127,20,0,20
3254,8128,16,0,16
3254,8135,0,0,0
3254,8136,11,0,11
3254,8211,0,0,0
3254,8212,21,0,21
3254,8215,20,0,20
3254,8216,0,0,0
3254,8221,0,0,0
3254,8222,18,0,18
3254,8225,0,0,0
3254,8226,27,0,27
3254,8231,0,0,0
3254,8235,0,0,0
3254,8236,0,0,0
3254,8237,0,0,0
3254,8311,0,0,0
3254,8315,0,0,0
3254,8316,0,0,0
3254,8317,34,0,34
3254,8325,0,0,0
3254,8326,0,0,0
3254,8327,0,0,0
3254,8335,10,0,10
3254,8336,0,0,0
3254,8337,0,0,0
3254,8415,0,0,0
3254,8416,0,0,0
3254,8417,12,0,12
3254,8421,11,0,11
3254,8425,0,0,0
3254,8426,0,0,0
3254,8435,11,0,11
3254,8436,0,0,0
3254,8437,0,0,0
3254,9161,0,0,0
3254,9162,186,41,145
3254,9163,0,0,0
3254,9171,0,0,0
3254,9172,0,0,0
3254,9173,0,0,0
3254,9174,0,0,0
3254,9175,0,0,0
3254,9176,0,0,0
3254,9177,0,0,0
3254,9178,13,0,13
3254,9179,0,0,0
3254,9180,0,0,0
3254,9181,0,0,0
3254,9182,10,0,10
3254,9183,0,0,0
3254,9184,75,0,75
3254,9185,0,0,0
3254,9186,0,0,0
3254,9187,0,0,0
3254,9188,13,0,13
3254,9189,0,0,0
3254,9190,0,0,0
3254,9261,0,0,0
3254,9262,0,0,0
3254,9263,0,0,0
3254,9271,0,0,0
3254,9272,0,0,0
3254,9273,0,0,0
3254,9274,0,0,0
3254,9275,0,0,0
3254,9276,0,0,0
3254,9277,0,0,0
3254,9278,0,0,0
3254,9279,0,0,0
3254,9361,0,0,0
3254,9362,0,0,0
3254,9363,0,0,0
3254,9371,0,0,0
3254,9372,0,0,0
3254,9373,0,0,0
3254,9374,0,0,0
3254,9375,0,0,0
3254,9376,0,0,0
3254,9377,0,0,0
3254,9461,0,0,0
3254,9462,0,0,0
3254,9463,0,0,0
3254,9464,0,0,0
3254,9471,0,0,0
3254,9472,0,0,0
3254,9473,0,0,0
3254,9474,0,0,0
3254,9475,13,0,13
3254,9476,0,0,0
3254,9477,0,0,0
3254,9478,0,0,0
3254,9479,0,0,0
3254,9561,0,0,0
3254,9562,15,0,15
3254,9563,0,0,0
3254,9564,77,21,56
3254,9565,0,0,0
3254,9571,0,0,0
3254,9572,0,0,0
3254,9573,0,0,0
3254,9574,0,0,0
3254,9575,0,0,0
3254,9576,0,0,0
3254,9577,0,0,0
3254,9661,0,0,0
3254,9662,0,0,0
3254,9663,11,0,11
3254,9671,0,0,0
3254,9672,0,0,0
3254,9673,0,0,0
3254,9674,0,0,0
3254,9675,0,0,0
3254,9676,0,0,0
3254,9677,10,0,10
3254,9678,0,0,0
3254,9679,0,0,0
3254,9761,0,0,0
3254,9762,0,0,0
3254,9763,0,0,0
3254,9764,0,0,0
3254,9771,0,0,0
3254,9772,0,0,0
3254,9773,0,0,0
3254,9774,0,0,0
3254,9775,0,0,0
3254,9776,0,0,0
3254,9777,0,0,0
3254,9778,0,0,0
3254,9779,0,0,0
3254,9780,0,0,0
3254,10041,0,0,0
3254,10042,0,0,0
3254,10043,0,0,0
3254,10044,0,0,0
3254,10045,0,0,0
3254,10046,0,0,0
3254,11000,629,163,466
3254,12051,0,0,0
3254,12052,0,0,0
3254,12053,0,0,0
3254,12054,27,10,17
3254,12060,0,0,0
3254,12061,12,0,12
3254,12062,0,0,0
3254,12063,16,16,0
3254,12064,0,0,0
3254,12065,0,0,0
3254,12066,0,0,0
3254,12067,0,0,0
3254,12068,0,0,0
3254,12069,22,0,22
3254,12070,0,0,0
3254,12071,0,0,0
3254,12072,10,10,0
3254,12073,0,0,0
3254,13003,0,0,0
3254,13004,0,0,0
3254,13071,10,10,0
3254,13072,12,12,0
3254,13073,10,0,10
3254,13074,0,0,0
3254,13075,41,16,25
3254,13076,11,11,0
3254,14511,17,17,0
3254,14521,0,0,0
3254,14522,0,0,0
3254,14523,0,0,0
3254,14524,0,0,0
3254,14612,48,21,27
3254,14625,0,0,0
3254,14626,0,0,0
3254,14627,0,0,0
3254,14628,0,0,0
3254,14713,58,24,34
3254,14729,10,10,0
3254,14730,0,0,0
3254,15001,0,0,0
3254,15002,30,13,17
3254,15003,93,60,33
3254,15081,27,16,11
3254,15082,18,18,0
3254,15083,80,62,18
3254,15084,11,11,0
3254,15085,202,150,52
3254,15086,35,35,0
3254,15087,38,38,0
3254,15088,0,0,0
3254,15089,72,32,40
3254,15090,39,29,10
3254,15091,10,10,0
3254,16051,21,11,10
3254,16052,0,0,0
3254,16053,0,0,0
3254,16054,0,0,0
3254,16055,0,0,0
3254,16056,0,0,0
3254,16061,25,25,0
3254,16062,28,28,0
3254,16063,0,0,0
3254,16064,24,24,0
3254,16065,0,0,0
3254,16066,0,0,0
3254,16067,0,0,0
3254,16068,0,0,0
3254,16069,0,0,0
3254,16070,0,0,0
3254,16071,0,0,0
3254,16072,0,0,0
3254,16073,0,0,0
3254,16074,0,0,0
3254,16075,0,0,0
3254,16076,0,0,0
3254,16077,0,0,0
3255,1001,0,0,0
3255,1002,0,0,0
3255,1003,0,0,0
3255,1004,0,0,0
3255,1051,0,0,0
3255,1053,0,0,0
3255,1054,0,0,0
3255,1055,0,0,0
3255,1056,0,0,0
3255,1057,0,0,0
3255,1058,0,0,0
3255,1059,11,0,11
3255,1060,12,0,12
3255,1061,0,0,0
3255,1062,0,0,0
3255,2000,94,37,57
3255,3101,66,11,55
3255,3102,12,12,0
3255,3103,14,0,14
3255,3151,0,0,0
3255,3153,110,44,66
3255,3154,0,0,0
3255,3155,2233,955,1278
3255,3157,17,0,17
3255,3158,0,0,0
3255,3159,741,124,617
3255,3241,923,133,790
3255,3251,0,0,0
3255,3252,2792,830,1962
3255,3254,2498,809,1689
3255,3255,0,0,0
3255,3256,27,0,27
3255,3257,126,54,72
3255,3351,10,10,0
3255,3352,0,0,0
3255,3353,12,12,0
3255,3354,0,0,0
3255,3355,0,0,0
3255,3356,0,0,0
3255,3357,0,0,0
3255,3358,0,0,0
3255,3359,0,0,0
3255,3360,0,0,0
3255,3361,0,0,0
3255,3401,0,0,0
3255,3402,0,0,0
3255,3403,0,0,0
3255,3404,23,0,23
3255,3405,0,0,0
3255,3451,0,0,0
3255,3452,0,0,0
3255,3453,0,0,0
3255,3454,0,0,0
3255,3455,0,0,0
3255,3456,0,0,0
3255,3457,0,0,0
3255,3458,0,0,0
3255,3459,0,0,0
3255,3460,0,0,0
3255,3461,0,0,0
3255,3462,0,0,0
3255,4011,15,0,15
3255,4012,0,0,0
3255,5111,36,0,36
3255,5112,0,0,0
3255,5113,18,0,18
3255,5114,0,0,0
3255,5116,0,0,0
3255,5117,0,0,0
3255,5119,0,0,0
3255,5120,0,0,0
3255,5122,0,0,0
3255,5124,21,0,21
3255,5154,0,0,0
3255,5158,10,0,10
3255,5162,0,0,0
3255,5166,0,0,0
3255,5170,0,0,0
3255,5314,0,0,0
3255,5315,37,11,26
3255,5316,0,0,0
3255,5334,0,0,0
3255,5358,0,0,0
3255,5362,12,0,12
3255,5366,0,0,0
3255,5370,0,0,0
3255,5374,0,0,0
3255,5378,0,0,0
3255,5382,0,0,0
3255,5512,0,0,0
3255,5513,0,0,0
3255,5515,10,0,10
3255,5554,0,0,0
3255,5558,0,0,0
3255,5562,0,0,0
3255,5566,0,0,0
3255,5570,0,0,0
3255,5711,54,14,40
3255,5754,52,11,41
3255,5758,12,12,0
3255,5762,6338,3715,2623
3255,5766,514,273,241
3255,5770,61,34,27
3255,5774,168,59,109
3255,5911,13,0,13
3255,5913,0,0,0
3255,5914,0,0,0
3255,5915,0,0,0
3255,5916,13,0,13
3255,5954,0,0,0
3255,5958,0,0,0
3255,5962,0,0,0
3255,5966,0,0,0
3255,5970,0,0,0
3255,5974,10,10,0
3255,5978,0,0,0
3255,6411,0,0,0
3255,6412,66,0,66
3255,6413,0,0,0
3255,6414,0,0,0
3255,6431,0,0,0
3255,6432,0,0,0
3255,6433,0,0,0
3255,6434,0,0,0
3255,6435,19,0,19
3255,6436,0,0,0
3255,6437,0,0,0
3255,6438,0,0,0
3255,6439,0,0,0
3255,6440,0,0,0
3255,6531,0,0,0
3255,6532,0,0,0
3255,6533,0,0,0
3255,6534,0,0,0
3255,6535,0,0,0
3255,6611,49,16,33
3255,6631,11,11,0
3255,6632,0,0,0
3255,6633,257,154,103
3255,6634,0,0,0
3255,6635,0,0,0
3255,6636,0,0,0
3255,7111,0,0,0
3255,7131,0,0,0
3255,7132,0,0,0
3255,7133,0,0,0
3255,7134,0,0,0
3255,7135,0,0,0
3255,7137,0,0,0
3255,7138,0,0,0
3255,7140,0,0,0
3255,7141,0,0,0
3255,7143,0,0,0
3255,7211,0,0,0
3255,7231,0,0,0
3255,7232,0,0,0
3255,7233,0,0,0
3255,7235,0,0,0
3255,7311,0,0,0
3255,7312,0,0,0
3255,7313,0,0,0
3255,7314,0,0,0
3255,7315,0,0,0
3255,7316,0,0,0
3255,7317,0,0,0
3255,7318,0,0,0
3255,7319,0,0,0
3255,7320,0,0,0
3255,7331,0,0,0
3255,7332,0,0,0
3255,7333,0,0,0
3255,7334,0,0,0
3255,7335,0,0,0
3255,7336,0,0,0
3255,7337,0,0,0
3255,7338,0,0,0
3255,7339,0,0,0
3255,7340,0,0,0
3255,8111,0,0,0
3255,8115,0,0,0
3255,8116,0,0,0
3255,8117,0,0,0
3255,8118,0,0,0
3255,8119,0,0,0
3255,8121,0,0,0
3255,8125,0,0,0
3255,8126,0,0,0
3255,8127,0,0,0
3255,8128,0,0,0
3255,8135,0,0,0
3255,8136,0,0,0
3255,8211,0,0,0
3255,8212,0,0,0
3255,8215,0,0,0
3255,8216,0,0,0
3255,8221,10,0,10
3255,8222,10,0,10
3255,8225,0,0,0
3255,8226,0,0,0
3255,8231,0,0,0
3255,8235,0,0,0
3255,8236,0,0,0
3255,8237,0,0,0
3255,8311,0,0,0
3255,8315,0,0,0
3255,8316,0,0,0
3255,8317,0,0,0
3255,8325,0,0,0
3255,8326,0,0,0
3255,8327,0,0,0
3255,8335,0,0,0
3255,8336,0,0,0
3255,8337,0,0,0
3255,8415,0,0,0
3255,8416,0,0,0
3255,8417,0,0,0
3255,8421,0,0,0
3255,8425,0,0,0
3255,8426,0,0,0
3255,8435,0,0,0
3255,8436,0,0,0
3255,8437,0,0,0
3255,9161,0,0,0
3255,9162,18,0,18
3255,9163,0,0,0
3255,9171,0,0,0
3255,9172,0,0,0
3255,9173,0,0,0
3255,9174,0,0,0
3255,9175,0,0,0
3255,9176,0,0,0
3255,9177,0,0,0
3255,9178,0,0,0
3255,9179,0,0,0
3255,9180,0,0,0
3255,9181,0,0,0
3255,9182,0,0,0
3255,9183,0,0,0
3255,9184,45,0,45
3255,9185,0,0,0
3255,9186,0,0,0
3255,9187,0,0,0
3255,9188,0,0,0
3255,9189,0,0,0
3255,9190,0,0,0
3255,9261,0,0,0
3255,9262,0,0,0
3255,9263,0,0,0
3255,9271,0,0,0
3255,9272,0,0,0
3255,9273,0,0,0
3255,9274,0,0,0
3255,9275,0,0,0
3255,9276,0,0,0
3255,9277,0,0,0
3255,9278,0,0,0
3255,9279,0,0,0
3255,9361,0,0,0
3255,9362,0,0,0
3255,9363,0,0,0
3255,9371,0,0,0
3255,9372,0,0,0
3255,9373,0,0,0
3255,9374,0,0,0
3255,9375,0,0,0
3255,9376,0,0,0
3255,9377,0,0,0
3255,9461,0,0,0
3255,9462,0,0,0
3255,9463,0,0,0
3255,9464,0,0,0
3255,9471,0,0,0
3255,9472,0,0,0
3255,9473,0,0,0
3255,9474,0,0,0
3255,9475,0,0,0
3255,9476,0,0,0
3255,9477,0,0,0
3255,9478,0,0,0
3255,9479,0,0,0
3255,9561,0,0,0
3255,9562,0,0,0
3255,9563,0,0,0
3255,9564,0,0,0
3255,9565,0,0,0
3255,9571,0,0,0
3255,9572,0,0,0
3255,9573,0,0,0
3255,9574,0,0,0
3255,9575,0,0,0
3255,9576,0,0,0
3255,9577,0,0,0
3255,9661,0,0,0
3255,9662,0,0,0
3255,9663,0,0,0
3255,9671,0,0,0
3255,9672,0,0,0
3255,9673,0,0,0
3255,9674,0,0,0
3255,9675,0,0,0
3255,9676,0,0,0
3255,9677,0,0,0
3255,9678,0,0,0
3255,9679,0,0,0
3255,9761,0,0,0
3255,9762,0,0,0
3255,9763,0,0,0
3255,9764,0,0,0
3255,9771,0,0,0
3255,9772,0,0,0
3255,9773,0,0,0
3255,9774,0,0,0
3255,9775,0,0,0
3255,9776,0,0,0
3255,9777,0,0,0
3255,9778,0,0,0
3255,9779,0,0,0
3255,9780,0,0,0
3255,10041,0,0,0
3255,10042,0,0,0
3255,10043,0,0,0
3255,10044,0,0,0
3255,10045,0,0,0
3255,10046,0,0,0
3255,11000,69,22,47
3255,12051,0,0,0
3255,12052,0,0,0
3255,12053,0,0,0
3255,12054,0,0,0
3255,12060,0,0,0
3255,12061,0,0,0
3255,12062,0,0,0
3255,12063,0,0,0
3255,12064,0,0,0
3255,12065,0,0,0
3255,12066,0,0,0
3255,12067,0,0,0
3255,12068,0,0,0
3255,12069,0,0,0
3255,12070,0,0,0
3255,12071,0,0,0
3255,12072,0,0,0
3255,12073,0,0,0
3255,13003,0,0,0
3255,13004,0,0,0
3255,13071,0,0,0
3255,13072,0,0,0
3255,13073,0,0,0
3255,13074,0,0,0
3255,13075,0,0,0
3255,13076,0,0,0
3255,14511,0,0,0
3255,14521,0,0,0
3255,14522,0,0,0
3255,14523,0,0,0
3255,14524,0,0,0
3255,14612,0,0,0
3255,14625,0,0,0
3255,14626,0,0,0
3255,14627,0,0,0
3255,14628,0,0,0
3255,14713,0,0,0
3255,14729,0,0,0
3255,14730,0,0,0
3255,15001,0,0,0
3255,15002,0,0,0
3255,15003,0,0,0
3255,15081,0,0,0
3255,15082,0,0,0
3255,15083,0,0,0
3255,15084,0,0,0
3255,15085,0,0,0
3255,15086,0,0,0
3255,15087,0,0,0
3255,15088,0,0,0
3255,15089,0,0,0
3255,15090,0,0,0
3255,15091,0,0,0
3255,16051,0,0,0
3255,16052,0,0,0
3255,16053,0,0,0
3255,16054,0,0,0
3255,16055,0,0,0
3255,16056,0,0,0
3255,16061,0,0,0
3255,16062,0,0,0
3255,16063,0,0,0
3255,16064,0,0,0
3255,16065,0,0,0
3255,16066,0,0,0
3255,16067,0,0,0
3255,16068,0,0,0
3255,16069,0,0,0
3255,16070,0,0,0
3255,16071,0,0,0
3255,16072,0,0,0
3255,16073,0,0,0
3255,16074,0,0,0
3255,16075,0,0,0
3255,16076,0,0,0
3255,16077,0,0,0
3256,1001,0,0,0
3256,1002,10,0,10
3256,1003,16,0,16
3256,1004,16,0,16
3256,1051,0,0,0
3256,1053,0,0,0
3256,1054,11,0,11
3256,1055,0,0,0
3256,1056,57,45,12
3256,1057,0,0,0
3256,1058,0,0,0
3256,1059,0,0,0
3256,1060,22,12,10
3256,1061,0,0,0
3256,1062,13,0,13
3256,2000,265,60,205
3256,3101,58,15,43
3256,3102,0,0,0
3256,3103,53,0,53
3256,3151,25,25,0
3256,3153,14,14,0
3256,3154,25,0,25
3256,3155,10,10,0
3256,3157,38,22,16
3256,3158,10,10,0
3256,3159,53,26,27
3256,3241,7630,1646,5984
3256,3251,4600,2348,2252
3256,3252,121,81,40
3256,3254,153,70,83
3256,3255,27,27,0
3256,3256,0,0,0
3256,3257,1484,770,714
3256,3351,305,146,159
3256,3352,25,14,11
3256,3353,14,0,14
3256,3354,0,0,0
3256,3355,29,11,18
3256,3356,52,30,22
3256,3357,194,75,119
3256,3358,1052,461,591
3256,3359,33,11,22
3256,3360,11,11,0
3256,3361,2637,952,1685
3256,3401,42,20,22
3256,3402,15,0,15
3256,3403,70,21,49
3256,3404,44,10,34
3256,3405,0,0,0
3256,3451,12,0,12
3256,3452,27,27,0
3256,3453,49,24,25
3256,3454,431,384,47
3256,3455,0,0,0
3256,3456,0,0,0
3256,3457,28,18,10
3256,3458,73,25,48
3256,3459,95,41,54
3256,3460,124,28,96
3256,3461,0,0,0
3256,3462,0,0,0
3256,4011,1020,147,873
3256,4012,0,0,0
3256,5111,60,0,60
3256,5112,19,0,19
3256,5113,17,0,17
3256,5114,11,0,11
3256,5116,0,0,0
3256,5117,0,0,0
3256,5119,0,0,0
3256,5120,0,0,0
3256,5122,0,0,0
3256,5124,0,0,0
3256,5154,10,0,10
3256,5158,20,0,20
3256,5162,23,0,23
3256,5166,0,0,0
3256,5170,26,10,16
3256,5314,40,0,40
3256,5315,35,0,35
3256,5316,0,0,0
3256,5334,0,0,0
3256,5358,0,0,0
3256,5362,0,0,0
3256,5366,0,0,0
3256,5370,11,11,0
3256,5374,0,0,0
3256,5378,0,0,0
3256,5382,25,10,15
3256,5512,0,0,0
3256,5513,0,0,0
3256,5515,23,0,23
3256,5554,11,0,11
3256,5558,0,0,0
3256,5562,27,15,12
3256,5566,43,22,21
3256,5570,11,0,11
3256,5711,68,22,46
3256,5754,91,28,63
3256,5758,208,70,138
3256,5762,0,0,0
3256,5766,77,44,33
3256,5770,4672,1527,3145
3256,5774,10,10,0
3256,5911,0,0,0
3256,5913,30,10,20
3256,5914,0,0,0
3256,5915,0,0,0
3256,5916,0,0,0
3256,5954,0,0,0
3256,5958,0,0,0
3256,5962,15,0,15
3256,5966,0,0,0
3256,5970,0,0,0
3256,5974,0,0,0
3256,5978,0,0,0
3256,6411,0,0,0
3256,6412,33,0,33
3256,6413,0,0,0
3256,6414,0,0,0
3256,6431,0,0,0
3256,6432,0,0,0
3256,6433,0,0,0
3256,6434,11,0,11
3256,6435,0,0,0
3256,6436,16,0,16
3256,6437,0,0,0
3256,6438,16,0,16
3256,6439,0,0,0
3256,6440,0,0,0
3256,6531,0,0,0
3256,6532,0,0,0
3256,6533,0,0,0
3256,6534,0,0,0
3256,6535,0,0,0
3256,6611,16,0,16
3256,6631,0,0,0
3256,6632,0,0,0
3256,6633,0,0,0
3256,6634,0,0,0
3256,6635,0,0,0
3256,6636,21,21,0
3256,7111,0,0,0
3256,7131,0,0,0
3256,7132,0,0,0
3256,7133,0,0,0
3256,7134,0,0,0
3256,7135,0,0,0
3256,7137,0,0,0
3256,7138,0,0,0
3256,7140,0,0,0
3256,7141,0,0,0
3256,7143,0,0,0
3256,7211,0,0,0
3256,7231,0,0,0
3256,7232,0,0,0
3256,7233,0,0,0
3256,7235,0,0,0
3256,7311,0,0,0
3256,7312,0,0,0
3256,7313,0,0,0
3256,7314,0,0,0
3256,7315,0,0,0
3256,7316,0,0,0
3256,7317,0,0,0
3256,7318,0,0,0
3256,7319,0,0,0
3256,7320,0,0,0
3256,7331,0,0,0
3256,7332,0,0,0
3256,7333,0,0,0
3256,7334,0,0,0
3256,7335,0,0,0
3256,7336,0,0,0
3256,7337,0,0,0
3256,7338,0,0,0
3256,7339,0,0,0
3256,7340,0,0,0
3256,8111,16,0,16
3256,8115,26,0,26
3256,8116,14,0,14
3256,8117,0,0,0
3256,8118,11,0,11
3256,8119,0,0,0
3256,8121,0,0,0
3256,8125,0,0,0
3256,8126,13,0,13
3256,8127,0,0,0
3256,8128,0,0,0
3256,8135,0,0,0
3256,8136,0,0,0
3256,8211,0,0,0
3256,8212,0,0,0
3256,8215,12,0,12
3256,8216,0,0,0
3256,8221,0,0,0
3256,8222,0,0,0
3256,8225,0,0,0
3256,8226,12,12,0
3256,8231,0,0,0
3256,8235,0,0,0
3256,8236,0,0,0
3256,8237,0,0,0
3256,8311,0,0,0
3256,8315,0,0,0
3256,8316,0,0,0
3256,8317,12,0,12
3256,8325,0,0,0
3256,8326,0,0,0
3256,8327,0,0,0
3256,8335,0,0,0
3256,8336,0,0,0
3256,8337,0,0,0
3256,8415,0,0,0
3256,8416,0,0,0
3256,8417,0,0,0
3256,8421,0,0,0
3256,8425,0,0,0
3256,8426,0,0,0
3256,8435,0,0,0
3256,8436,60,0,60
3256,8437,0,0,0
3256,9161,0,0,0
3256,9162,68,13,55
3256,9163,0,0,0
3256,9171,0,0,0
3256,9172,0,0,0
3256,9173,0,0,0
3256,9174,0,0,0
3256,9175,0,0,0
3256,9176,0,0,0
3256,9177,0,0,0
3256,9178,0,0,0
3256,9179,0,0,0
3256,9180,0,0,0
3256,9181,0,0,0
3256,9182,0,0,0
3256,9183,0,0,0
3256,9184,27,0,27
3256,9185,0,0,0
3256,9186,0,0,0
3256,9187,0,0,0
3256,9188,0,0,0
3256,9189,0,0,0
3256,9190,0,0,0
3256,9261,0,0,0
3256,9262,0,0,0
3256,9263,0,0,0
3256,9271,0,0,0
3256,9272,0,0,0
3256,9273,0,0,0
3256,9274,0,0,0
3256,9275,0,0,0
3256,9276,0,0,0
3256,9277,0,0,0
3256,9278,0,0,0
3256,9279,0,0,0
3256,9361,0,0,0
3256,9362,0,0,0
3256,9363,0,0,0
3256,9371,0,0,0
3256,9372,0,0,0
3256,9373,82,52,30
3256,9374,0,0,0
3256,9375,0,0,0
3256,9376,0,0,0
3256,9377,0,0,0
3256,9461,0,0,0
3256,9462,0,0,0
3256,9463,0,0,0
3256,9464,0,0,0
3256,9471,0,0,0
3256,9472,0,0,0
3256,9473,0,0,0
3256,9474,0,0,0
3256,9475,0,0,0
3256,9476,0,0,0
3256,9477,0,0,0
3256,9478,0,0,0
3256,9479,0,0,0
3256,9561,0,0,0
3256,9562,0,0,0
3256,9563,0,0,0
3256,9564,19,0,19
3256,9565,0,0,0
3256,9571,0,0,0
3256,9572,0,0,0
3256,9573,0,0,0
3256,9574,0,0,0
3256,9575,0,0,0
3256,9576,0,0,0
3256,9577,0,0,0
3256,9661,0,0,0
3256,9662,0,0,0
3256,9663,0,0,0
3256,9671,0,0,0
3256,9672,0,0,0
3256,9673,0,0,0
3256,9674,0,0,0
3256,9675,0,0,0
3256,9676,0,0,0
3256,9677,0,0,0
3256,9678,0,0,0
3256,9679,0,0,0
3256,9761,0,0,0
3256,9762,0,0,0
3256,9763,0,0,0
3256,9764,0,0,0
3256,9771,0,0,0
3256,9772,0,0,0
3256,9773,0,0,0
3256,9774,0,0,0
3256,9775,0,0,0
3256,9776,0,0,0
3256,9777,0,0,0
3256,9778,0,0,0
3256,9779,0,0,0
3256,9780,0,0,0
3256,10041,0,0,0
3256,10042,0,0,0
3256,10043,0,0,0
3256,10044,0,0,0
3256,10045,0,0,0
3256,10046,0,0,0
3256,11000,154,40,114
3256,12051,0,0,0
3256,12052,0,0,0
3256,12053,0,0,0
3256,12054,11,0,11
3256,12060,0,0,0
3256,12061,0,0,0
3256,12062,0,0,0
3256,12063,0,0,0
3256,12064,0,0,0
3256,12065,0,0,0
3256,12066,0,0,0
3256,12067,0,0,0
3256,12068,0,0,0
3256,12069,0,0,0
3256,12070,0,0,0
3256,12071,0,0,0
3256,12072,0,0,0
3256,12073,0,0,0
3256,13003,0,0,0
3256,13004,63,0,63
3256,13071,0,0,0
3256,13072,12,12,0
3256,13073,0,0,0
3256,13074,0,0,0
3256,13075,13,13,0
3256,13076,12,12,0
3256,14511,0,0,0
3256,14521,12,12,0
3256,14522,0,0,0
3256,14523,0,0,0
3256,14524,0,0,0
3256,14612,0,0,0
3256,14625,0,0,0
3256,14626,0,0,0
3256,14627,0,0,0
3256,14628,0,0,0
3256,14713,31,16,15
3256,14729,0,0,0
3256,14730,0,0,0
3256,15001,0,0,0
3256,15002,0,0,0
3256,15003,0,0,0
3256,15081,12,12,0
3256,15082,13,13,0
3256,15083,19,19,0
3256,15084,494,494,0
3256,15085,0,0,0
3256,15086,27,27,0
3256,15087,10,10,0
3256,15088,13,13,0
3256,15089,27,27,0
3256,15090,16,16,0
3256,15091,0,0,0
3256,16051,0,0,0
3256,16052,12,12,0
3256,16053,0,0,0
3256,16054,0,0,0
3256,16055,0,0,0
3256,16056,0,0,0
3256,16061,0,0,0
3256,16062,0,0,0
3256,16063,0,0,0
3256,16064,0,0,0
3256,16065,0,0,0
3256,16066,0,0,0
3256,16067,0,0,0
3256,16068,0,0,0
3256,16069,0,0,0
3256,16070,0,0,0
3256,16071,0,0,0
3256,16072,0,0,0
3256,16073,0,0,0
3256,16074,0,0,0
3256,16075,0,0,0
3256,16076,0,0,0
3256,16077,0,0,0
3257,1001,0,0,0
3257,1002,0,0,0
3257,1003,16,0,16
3257,1004,0,0,0
3257,1051,0,0,0
3257,1053,0,0,0
3257,1054,10,10,0
3257,1055,26,11,15
3257,1056,17,0,17
3257,1057,0,0,0
3257,1058,0,0,0
3257,1059,14,0,14
3257,1060,36,0,36
3257,1061,0,0,0
3257,1062,16,0,16
3257,2000,289,32,257
3257,3101,128,33,95
3257,3102,19,0,19
3257,3103,103,0,103
3257,3151,47,19,28
3257,3153,34,12,22
3257,3154,46,14,32
3257,3155,37,16,21
3257,3157,68,34,34
3257,3158,0,0,0
3257,3159,67,41,26
3257,3241,16986,3065,13921
3257,3251,92,47,45
3257,3252,4966,2797,2169
3257,3254,377,156,221
3257,3255,126,72,54
3257,3256,1484,714,770
3257,3257,0,0,0
3257,3351,122,50,72
3257,3352,10,10,0
3257,3353,25,0,25
3257,3354,0,0,0
3257,3355,13,0,13
3257,3356,0,0,0
3257,3357,10,0,10
3257,3358,73,31,42
3257,3359,28,0,28
3257,3360,20,10,10
3257,3361,28,11,17
3257,3401,0,0,0
3257,3402,44,0,44
3257,3403,25,0,25
3257,3404,75,16,59
3257,3405,0,0,0
3257,3451,0,0,0
3257,3452,11,11,0
3257,3453,0,0,0
3257,3454,51,26,25
3257,3455,0,0,0
3257,3456,11,11,0
3257,3457,15,15,0
3257,3458,0,0,0
3257,3459,81,34,47
3257,3460,23,0,23
3257,3461,0,0,0
3257,3462,0,0,0
3257,4011,183,47,136
3257,4012,0,0,0
3257,5111,98,21,77
3257,5112,47,25,22
3257,5113,65,17,48
3257,5114,16,0,16
3257,5116,0,0,0
3257,5117,10,0,10
3257,5119,0,0,0
3257,5120,0,0,0
3257,5122,0,0,0
3257,5124,18,18,0
3257,5154,13,13,0
3257,5158,44,13,31
3257,5162,33,12,21
3257,5166,27,15,12
3257,5170,33,17,16
3257,5314,30,0,30
3257,5315,89,16,73
3257,5316,0,0,0
3257,5334,31,10,21
3257,5358,0,0,0
3257,5362,20,0,20
3257,5366,0,0,0
3257,5370,11,11,0
3257,5374,13,0,13
3257,5378,0,0,0
3257,5382,12,0,12
3257,5512,0,0,0
3257,5513,11,0,11
3257,5515,42,0,42
3257,5554,0,0,0
3257,5558,0,0,0
3257,5562,38,26,12
3257,5566,39,15,24
3257,5570,40,21,19
3257,5711,436,80,356
3257,5754,170,56,114
3257,5758,912,287,625
3257,5762,37,20,17
3257,5766,2168,1340,828
3257,5770,9182,3744,5438
3257,5774,87,28,59
3257,5911,33,17,16
3257,5913,64,15,49
3257,5914,11,0,11
3257,5915,20,20,0
3257,5916,0,0,0
3257,5954,22,10,12
3257,5958,27,10,17
3257,5962,12,0,12
3257,5966,0,0,0
3257,5970,0,0,0
3257,5974,40,26,14
3257,5978,33,12,21
3257,6411,0,0,0
3257,6412,148,0,148
3257,6413,0,0,0
3257,6414,18,0,18
3257,6431,0,0,0
3257,6432,0,0,0
3257,6433,10,0,10
3257,6434,19,0,19
3257,6435,26,0,26
3257,6436,16,0,16
3257,6437,0,0,0
3257,6438,39,0,39
3257,6439,0,0,0
3257,6440,0,0,0
3257,6531,0,0,0
3257,6532,10,0,10
3257,6533,0,0,0
3257,6534,0,0,0
3257,6535,0,0,0
3257,6611,15,0,15
3257,6631,0,0,0
3257,6632,0,0,0
3257,6633,35,0,35
3257,6634,0,0,0
3257,6635,10,10,0
3257,6636,13,13,0
3257,7111,0,0,0
3257,7131,0,0,0
3257,7132,0,0,0
3257,7133,0,0,0
3257,7134,0,0,0
3257,7135,0,0,0
3257,7137,0,0,0
3257,7138,0,0,0
3257,7140,0,0,0
3257,7141,0,0,0
3257,7143,17,17,0
3257,7211,0,0,0
3257,7231,0,0,0
3257,7232,0,0,0
3257,7233,0,0,0
3257,7235,0,0,0
3257,7311,0,0,0
3257,7312,0,0,0
3257,7313,0,0,0
3257,7314,0,0,0
3257,7315,0,0,0
3257,7316,0,0,0
3257,7317,0,0,0
3257,7318,0,0,0
3257,7319,0,0,0
3257,7320,0,0,0
3257,7331,19,19,0
3257,7332,10,10,0
3257,7333,0,0,0
3257,7334,0,0,0
3257,7335,0,0,0
3257,7336,0,0,0
3257,7337,0,0,0
3257,7338,0,0,0
3257,7339,0,0,0
3257,7340,0,0,0
3257,8111,37,0,37
3257,8115,51,0,51
3257,8116,15,0,15
3257,8117,0,0,0
3257,8118,10,0,10
3257,8119,0,0,0
3257,8121,0,0,0
3257,8125,14,0,14
3257,8126,13,0,13
3257,8127,0,0,0
3257,8128,0,0,0
3257,8135,0,0,0
3257,8136,0,0,0
3257,8211,0,0,0
3257,8212,0,0,0
3257,8215,14,0,14
3257,8216,0,0,0
3257,8221,0,0,0
3257,8222,13,0,13
3257,8225,0,0,0
3257,8226,30,16,14
3257,8231,0,0,0
3257,8235,0,0,0
3257,8236,0,0,0
3257,8237,0,0,0
3257,8311,11,0,11
3257,8315,0,0,0
3257,8316,0,0,0
3257,8317,0,0,0
3257,8325,0,0,0
3257,8326,0,0,0
3257,8327,0,0,0
3257,8335,0,0,0
3257,8336,0,0,0
3257,8337,0,0,0
3257,8415,10,0,10
3257,8416,0,0,0
3257,8417,0,0,0
3257,8421,0,0,0
3257,8425,0,0,0
3257,8426,0,0,0
3257,8435,0,0,0
3257,8436,0,0,0
3257,8437,0,0,0
3257,9161,0,0,0
3257,9162,83,0,83
3257,9163,0,0,0
3257,9171,0,0,0
3257,9172,0,0,0
3257,9173,0,0,0
3257,9174,0,0,0
3257,9175,0,0,0
3257,9176,0,0,0
3257,9177,0,0,0
3257,9178,24,0,24
3257,9179,0,0,0
3257,9180,0,0,0
3257,9181,0,0,0
3257,9182,0,0,0
3257,9183,0,0,0
3257,9184,43,0,43
3257,9185,0,0,0
3257,9186,14,0,14
3257,9187,0,0,0
3257,9188,0,0,0
3257,9189,0,0,0
3257,9190,0,0,0
3257,9261,0,0,0
3257,9262,0,0,0
3257,9263,0,0,0
3257,9271,0,0,0
3257,9272,0,0,0
3257,9273,0,0,0
3257,9274,0,0,0
3257,9275,0,0,0
3257,9276,0,0,0
3257,9277,0,0,0
3257,9278,0,0,0
3257,9279,0,0,0
3257,9361,0,0,0
3257,9362,0,0,0
3257,9363,0,0,0
3257,9371,0,0,0
3257,9372,0,0,0
3257,9373,0,0,0
3257,9374,0,0,0
3257,9375,0,0,0
3257,9376,0,0,0
3257,9377,0,0,0
3257,9461,0,0,0
3257,9462,0,0,0
3257,9463,0,0,0
3257,9464,0,0,0
3257,9471,0,0,0
3257,9472,0,0,0
3257,9473,0,0,0
3257,9474,0,0,0
3257,9475,0,0,0
3257,9476,0,0,0
3257,9477,0,0,0
3257,9478,0,0,0
3257,9479,0,0,0
3257,9561,0,0,0
3257,9562,0,0,0
3257,9563,0,0,0
3257,9564,32,0,32
3257,9565,0,0,0
3257,9571,0,0,0
3257,9572,0,0,0
3257,9573,0,0,0
3257,9574,0,0,0
3257,9575,0,0,0
3257,9576,0,0,0
3257,9577,0,0,0
3257,9661,0,0,0
3257,9662,0,0,0
3257,9663,0,0,0
3257,9671,0,0,0
3257,9672,0,0,0
3257,9673,0,0,0
3257,9674,0,0,0
3257,9675,0,0,0
3257,9676,0,0,0
3257,9677,17,0,17
3257,9678,0,0,0
3257,9679,0,0,0
3257,9761,10,0,10
3257,9762,0,0,0
3257,9763,0,0,0
3257,9764,0,0,0
3257,9771,0,0,0
3257,9772,0,0,0
3257,9773,0,0,0
3257,9774,0,0,0
3257,9775,10,0,10
3257,9776,0,0,0
3257,9777,0,0,0
3257,9778,0,0,0
3257,9779,0,0,0
3257,9780,0,0,0
3257,10041,0,0,0
3257,10042,0,0,0
3257,10043,0,0,0
3257,10044,0,0,0
3257,10045,0,0,0
3257,10046,0,0,0
3257,11000,273,31,242
3257,12051,0,0,0
3257,12052,0,0,0
3257,12053,0,0,0
3257,12054,10,0,10
3257,12060,0,0,0
3257,12061,15,15,0
3257,12062,16,16,0
3257,12063,0,0,0
3257,12064,0,0,0
3257,12065,0,0,0
3257,12066,0,0,0
3257,12067,13,13,0
3257,12068,0,0,0
3257,12069,0,0,0
3257,12070,0,0,0
3257,12071,16,16,0
3257,12072,0,0,0
3257,12073,13,13,0
3257,13003,0,0,0
3257,13004,0,0,0
3257,13071,0,0,0
3257,13072,0,0,0
3257,13073,0,0,0
3257,13074,0,0,0
3257,13075,0,0,0
3257,13076,0,0,0
3257,14511,0,0,0
3257,14521,13,13,0
3257,14522,0,0,0
3257,14523,0,0,0
3257,14524,0,0,0
3257,14612,0,0,0
3257,14625,0,0,0
3257,14626,36,36,0
3257,14627,0,0,0
3257,14628,0,0,0
3257,14713,20,0,20
3257,14729,0,0,0
3257,14730,0,0,0
3257,15001,0,0,0
3257,15002,12,0,12
3257,15003,20,0,20
3257,15081,0,0,0
3257,15082,0,0,0
3257,15083,0,0,0
3257,15084,0,0,0
3257,15085,29,29,0
3257,15086,0,0,0
3257,15087,0,0,0
3257,15088,0,0,0
3257,15089,16,16,0
3257,15090,18,18,0
3257,15091,14,14,0
3257,16051,0,0,0
3257,16052,0,0,0
3257,16053,0,0,0
3257,16054,0,0,0
3257,16055,0,0,0
3257,16056,0,0,0
3257,16061,0,0,0
3257,16062,0,0,0
3257,16063,0,0,0
3257,16064,0,0,0
3257,16065,0,0,0
3257,16066,0,0,0
3257,16067,0,0,0
3257,16068,0,0,0
3257,16069,0,0,0
3257,16070,0,0,0
3257,16071,0,0,0
3257,16072,0,0,0
3257,16073,0,0,0
3257,16074,0,0,0
3257,16075,0,0,0
3257,16076,0,0,0
3257,16077,0,0,0
3351,1001,0,0,0
3351,1002,48,24,24
3351,1003,141,27,114
3351,1004,121,0,121
3351,1051,0,0,0
3351,1053,69,54,15
3351,1054,27,13,14
3351,1055,31,21,10
3351,1056,97,73,24
3351,1057,10,10,0
3351,1058,45,32,13
3351,1059,13,13,0
3351,1060,72,47,25
3351,1061,17,17,0
3351,1062,134,108,26
3351,2000,1414,779,635
3351,3101,740,226,514
3351,3102,72,15,57
3351,3103,622,30,592
3351,3151,2156,1143,1013
3351,3153,58,32,26
3351,3154,98,41,57
3351,3155,48,24,24
3351,3157,534,295,239
3351,3158,77,51,26
3351,3159,83,39,44
3351,3241,15275,3827,11448
3351,3251,85,40,45
3351,3252,51,34,17
3351,3254,432,227,205
3351,3255,10,0,10
3351,3256,305,159,146
3351,3257,122,72,50
3351,3351,0,0,0
3351,3352,43,28,15
3351,3353,296,155,141
3351,3354,81,48,33
3351,3355,439,285,154
3351,3356,13,13,0
3351,3357,164,97,67
3351,3358,3201,1262,1939
3351,3359,87,59,28
3351,3360,1237,793,444
3351,3361,154,61,93
3351,3401,40,0,40
3351,3402,11,0,11
3351,3403,77,24,53
3351,3404,22,0,22
3351,3405,0,0,0
3351,3451,30,18,12
3351,3452,29,19,10
3351,3453,41,20,21
3351,3454,232,60,172
3351,3455,12,12,0
3351,3456,34,22,12
3351,3457,26,12,14
3351,3458,35,20,15
3351,3459,33,17,16
3351,3460,46,12,34
3351,3461,10,10,0
3351,3462,26,26,0
3351,4011,183,49,134
3351,4012,0,0,0
3351,5111,113,32,81
3351,5112,24,0,24
3351,5113,49,12,37
3351,5114,17,0,17
3351,5116,11,0,11
3351,5117,0,0,0
3351,5119,0,0,0
3351,5120,0,0,0
3351,5122,0,0,0
3351,5124,0,0,0
3351,5154,0,0,0
3351,5158,37,14,23
3351,5162,17,0,17
3351,5166,15,0,15
3351,5170,13,0,13
3351,5314,22,0,22
3351,5315,111,22,89
3351,5316,0,0,0
3351,5334,22,10,12
3351,5358,0,0,0
3351,5362,22,11,11
3351,5366,0,0,0
3351,5370,0,0,0
3351,5374,18,0,18
3351,5378,0,0,0
3351,5382,28,14,14
3351,5512,0,0,0
3351,5513,0,0,0
3351,5515,27,0,27
3351,5554,15,0,15
3351,5558,0,0,0
3351,5562,49,31,18
3351,5566,27,14,13
3351,5570,13,13,0
3351,5711,42,0,42
3351,5754,43,11,32
3351,5758,29,13,16
3351,5762,12,0,12
3351,5766,15,15,0
3351,5770,74,16,58
3351,5774,66,48,18
3351,5911,52,24,28
3351,5913,33,19,14
3351,5914,0,0,0
3351,5915,0,0,0
3351,5916,14,0,14
3351,5954,0,0,0
3351,5958,0,0,0
3351,5962,10,0,10
3351,5966,0,0,0
3351,5970,17,0,17
3351,5974,0,0,0
3351,5978,32,14,18
3351,6411,11,0,11
3351,6412,113,17,96
3351,6413,0,0,0
3351,6414,17,0,17
3351,6431,0,0,0
3351,6432,0,0,0
3351,6433,0,0,0
3351,6434,21,0,21
3351,6435,57,11,46
3351,6436,20,0,20
3351,6437,0,0,0
3351,6438,26,0,26
3351,6439,0,0,0
3351,6440,0,0,0
3351,6531,0,0,0
3351,6532,11,0,11
3351,6533,0,0,0
3351,6534,0,0,0
3351,6535,0,0,0
3351,6611,45,14,31
3351,6631,15,0,15
3351,6632,0,0,0
3351,6633,30,17,13
3351,6634,14,14,0
3351,6635,11,0,11
3351,6636,0,0,0
3351,7111,10,0,10
3351,7131,0,0,0
3351,7132,0,0,0
3351,7133,0,0,0
3351,7134,0,0,0
3351,7135,0,0,0
3351,7137,0,0,0
3351,7138,0,0,0
3351,7140,0,0,0
3351,7141,0,0,0
3351,7143,0,0,0
3351,7211,0,0,0
3351,7231,16,0,16
3351,7232,0,0,0
3351,7233,0,0,0
3351,7235,0,0,0
3351,7311,0,0,0
3351,7312,0,0,0
3351,7313,0,0,0
3351,7314,0,0,0
3351,7315,0,0,0
3351,7316,0,0,0
3351,7317,0,0,0
3351,7318,0,0,0
3351,7319,0,0,0
3351,7320,0,0,0
3351,7331,0,0,0
3351,7332,0,0,0
3351,7333,0,0,0
3351,7334,0,0,0
3351,7335,0,0,0
3351,7336,0,0,0
3351,7337,0,0,0
3351,7338,0,0,0
3351,7339,0,0,0
3351,7340,0,0,0
3351,8111,28,0,28
3351,8115,14,0,14
3351,8116,14,0,14
3351,8117,0,0,0
3351,8118,13,0,13
3351,8119,11,0,11
3351,8121,0,0,0
3351,8125,0,0,0
3351,8126,12,0,12
3351,8127,0,0,0
3351,8128,0,0,0
3351,8135,0,0,0
3351,8136,16,0,16
3351,8211,0,0,0
3351,8212,11,0,11
3351,8215,18,0,18
3351,8216,0,0,0
3351,8221,0,0,0
3351,8222,20,0,20
3351,8225,0,0,0
3351,8226,0,0,0
3351,8231,0,0,0
3351,8235,0,0,0
3351,8236,0,0,0
3351,8237,0,0,0
3351,8311,0,0,0
3351,8315,0,0,0
3351,8316,0,0,0
3351,8317,0,0,0
3351,8325,0,0,0
3351,8326,0,0,0
3351,8327,0,0,0
3351,8335,0,0,0
3351,8336,0,0,0
3351,8337,0,0,0
3351,8415,0,0,0
3351,8416,0,0,0
3351,8417,0,0,0
3351,8421,0,0,0
3351,8425,0,0,0
3351,8426,0,0,0
3351,8435,0,0,0
3351,8436,15,0,15
3351,8437,0,0,0
3351,9161,0,0,0
3351,9162,155,52,103
3351,9163,0,0,0
3351,9171,0,0,0
3351,9172,10,0,10
3351,9173,0,0,0
3351,9174,0,0,0
3351,9175,0,0,0
3351,9176,0,0,0
3351,9177,0,0,0
3351,9178,25,13,12
3351,9179,16,16,0
3351,9180,0,0,0
3351,9181,0,0,0
3351,9182,0,0,0
3351,9183,0,0,0
3351,9184,55,20,35
3351,9185,0,0,0
3351,9186,0,0,0
3351,9187,0,0,0
3351,9188,0,0,0
3351,9189,0,0,0
3351,9190,0,0,0
3351,9261,0,0,0
3351,9262,0,0,0
3351,9263,0,0,0
3351,9271,0,0,0
3351,9272,0,0,0
3351,9273,0,0,0
3351,9274,0,0,0
3351,9275,0,0,0
3351,9276,0,0,0
3351,9277,0,0,0
3351,9278,0,0,0
3351,9279,0,0,0
3351,9361,0,0,0
3351,9362,0,0,0
3351,9363,0,0,0
3351,9371,0,0,0
3351,9372,0,0,0
3351,9373,0,0,0
3351,9374,0,0,0
3351,9375,0,0,0
3351,9376,0,0,0
3351,9377,0,0,0
3351,9461,0,0,0
3351,9462,0,0,0
3351,9463,0,0,0
3351,9464,0,0,0
3351,9471,0,0,0
3351,9472,0,0,0
3351,9473,0,0,0
3351,9474,0,0,0
3351,9475,0,0,0
3351,9476,0,0,0
3351,9477,0,0,0
3351,9478,0,0,0
3351,9479,0,0,0
3351,9561,0,0,0
3351,9562,0,0,0
3351,9563,0,0,0
3351,9564,38,0,38
3351,9565,0,0,0
3351,9571,0,0,0
3351,9572,0,0,0
3351,9573,0,0,0
3351,9574,0,0,0
3351,9575,0,0,0
3351,9576,0,0,0
3351,9577,0,0,0
3351,9661,0,0,0
3351,9662,0,0,0
3351,9663,0,0,0
3351,9671,0,0,0
3351,9672,0,0,0
3351,9673,0,0,0
3351,9674,0,0,0
3351,9675,0,0,0
3351,9676,0,0,0
3351,9677,0,0,0
3351,9678,0,0,0
3351,9679,0,0,0
3351,9761,0,0,0
3351,9762,0,0,0
3351,9763,0,0,0
3351,9764,0,0,0
3351,9771,0,0,0
3351,9772,0,0,0
3351,9773,0,0,0
3351,9774,0,0,0
3351,9775,0,0,0
3351,9776,0,0,0
3351,9777,0,0,0
3351,9778,0,0,0
3351,9779,0,0,0
3351,9780,0,0,0
3351,10041,0,0,0
3351,10042,0,0,0
3351,10043,0,0,0
3351,10044,0,0,0
3351,10045,0,0,0
3351,10046,0,0,0
3351,11000,301,97,204
3351,12051,0,0,0
3351,12052,11,11,0
3351,12053,0,0,0
3351,12054,0,0,0
3351,12060,0,0,0
3351,12061,0,0,0
3351,12062,0,0,0
3351,12063,0,0,0
3351,12064,12,12,0
3351,12065,15,15,0
3351,12066,0,0,0
3351,12067,21,21,0
3351,12068,20,20,0
3351,12069,17,17,0
3351,12070,29,29,0
3351,12071,11,11,0
3351,12072,0,0,0
3351,12073,0,0,0
3351,13003,17,17,0
3351,13004,11,11,0
3351,13071,44,44,0
3351,13072,49,39,10
3351,13073,21,21,0
3351,13074,18,18,0
3351,13075,32,32,0
3351,13076,51,39,12
3351,14511,0,0,0
3351,14521,0,0,0
3351,14522,10,10,0
3351,14523,0,0,0
3351,14524,0,0,0
3351,14612,12,12,0
3351,14625,0,0,0
3351,14626,0,0,0
3351,14627,0,0,0
3351,14628,0,0,0
3351,14713,31,16,15
3351,14729,10,10,0
3351,14730,10,10,0
3351,15001,0,0,0
3351,15002,30,30,0
3351,15003,50,30,20
3351,15081,167,114,53
3351,15082,0,0,0
3351,15083,61,61,0
3351,15084,16,0,16
3351,15085,54,44,10
3351,15086,40,24,16
3351,15087,0,0,0
3351,15088,11,11,0
3351,15089,10,10,0
3351,15090,70,70,0
3351,15091,0,0,0
3351,16051,0,0,0
3351,16052,0,0,0
3351,16053,0,0,0
3351,16054,0,0,0
3351,16055,0,0,0
3351,16056,0,0,0
3351,16061,0,0,0
3351,16062,0,0,0
3351,16063,0,0,0
3351,16064,16,16,0
3351,16065,0,0,0
3351,16066,0,0,0
3351,16067,0,0,0
3351,16068,0,0,0
3351,16069,0,0,0
3351,16070,0,0,0
3351,16071,0,0,0
3351,16072,0,0,0
3351,16073,0,0,0
3351,16074,0,0,0
3351,16075,0,0,0
3351,16076,0,0,0
3351,16077,0,0,0
3352,1001,19,0,19
3352,1002,62,21,41
3352,1003,35,0,35
3352,1004,60,0,60
3352,1051,108,91,17
3352,1053,53,24,29
3352,1054,60,16,44
3352,1055,62,22,40
3352,1056,159,55,104
3352,1057,14,14,0
3352,1058,47,23,24
3352,1059,30,10,20
3352,1060,82,41,41
3352,1061,85,50,35
3352,1062,83,27,56
3352,2000,1911,199,1712
3352,3101,14,0,14
3352,3102,0,0,0
3352,3103,19,0,19
3352,3151,0,0,0
3352,3153,0,0,0
3352,3154,0,0,0
3352,3155,0,0,0
3352,3157,0,0,0
3352,3158,0,0,0
3352,3159,19,0,19
3352,3241,506,46,460
3352,3251,229,61,168
3352,3252,13,0,13
3352,3254,170,14,156
3352,3255,0,0,0
3352,3256,25,11,14
3352,3257,10,0,10
3352,3351,43,15,28
3352,3352,0,0,0
3352,3353,298,80,218
3352,3354,0,0,0
3352,3355,96,20,76
3352,3356,1689,540,1149
3352,3357,2072,786,1286
3352,3358,38,15,23
3352,3359,4709,1340,3369
3352,3360,10,0,10
3352,3361,265,52,213
3352,3401,112,25,87
3352,3402,66,10,56
3352,3403,280,53,227
3352,3404,65,12,53
3352,3405,97,11,86
3352,3451,102,42,60
3352,3452,65,29,36
3352,3453,80,32,48
3352,3454,81,25,56
3352,3455,79,25,54
3352,3456,0,0,0
3352,3457,80,34,46
3352,3458,116,49,67
3352,3459,60,11,49
3352,3460,48,14,34
3352,3461,969,247,722
3352,3462,30,15,15
3352,4011,4958,544,4414
3352,4012,21395,4266,17129
3352,5111,68,0,68
3352,5112,12,12,0
3352,5113,43,10,33
3352,5114,13,0,13
3352,5116,0,0,0
3352,5117,0,0,0
3352,5119,0,0,0
3352,5120,0,0,0
3352,5122,0,0,0
3352,5124,0,0,0
3352,5154,29,0,29
3352,5158,21,0,21
3352,5162,13,0,13
3352,5166,0,0,0
3352,5170,14,0,14
3352,5314,15,0,15
3352,5315,71,12,59
3352,5316,0,0,0
3352,5334,28,0,28
3352,5358,0,0,0
3352,5362,0,0,0
3352,5366,0,0,0
3352,5370,0,0,0
3352,5374,22,0,22
3352,5378,21,0,21
3352,5382,15,0,15
3352,5512,0,0,0
3352,5513,0,0,0
3352,5515,41,10,31
3352,5554,14,0,14
3352,5558,10,0,10
3352,5562,19,19,0
3352,5566,34,13,21
3352,5570,0,0,0
3352,5711,25,0,25
3352,5754,46,0,46
3352,5758,0,0,0
3352,5762,0,0,0
3352,5766,0,0,0
3352,5770,23,0,23
3352,5774,0,0,0
3352,5911,0,0,0
3352,5913,19,0,19
3352,5914,0,0,0
3352,5915,0,0,0
3352,5916,37,37,0
3352,5954,0,0,0
3352,5958,10,10,0
3352,5962,0,0,0
3352,5966,0,0,0
3352,5970,0,0,0
3352,5974,12,0,12
3352,5978,10,0,10
3352,6411,10,0,10
3352,6412,68,0,68
3352,6413,0,0,0
3352,6414,0,0,0
3352,6431,0,0,0
3352,6432,11,11,0
3352,6433,12,12,0
3352,6434,0,0,0
3352,6435,29,0,29
3352,6436,13,0,13
3352,6437,0,0,0
3352,6438,11,0,11
3352,6439,0,0,0
3352,6440,0,0,0
3352,6531,0,0,0
3352,6532,0,0,0
3352,6533,0,0,0
3352,6534,0,0,0
3352,6535,0,0,0
3352,6611,0,0,0
3352,6631,0,0,0
3352,6632,0,0,0
3352,6633,0,0,0
3352,6634,0,0,0
3352,6635,0,0,0
3352,6636,0,0,0
3352,7111,0,0,0
3352,7131,0,0,0
3352,7132,0,0,0
3352,7133,0,0,0
3352,7134,0,0,0
3352,7135,0,0,0
3352,7137,0,0,0
3352,7138,0,0,0
3352,7140,0,0,0
3352,7141,0,0,0
3352,7143,0,0,0
3352,7211,0,0,0
3352,7231,0,0,0
3352,7232,0,0,0
3352,7233,0,0,0
3352,7235,0,0,0
3352,7311,0,0,0
3352,7312,0,0,0
3352,7313,0,0,0
3352,7314,0,0,0
3352,7315,10,0,10
3352,7316,0,0,0
3352,7317,0,0,0
3352,7318,0,0,0
3352,7319,0,0,0
3352,7320,0,0,0
3352,7331,0,0,0
3352,7332,0,0,0
3352,7333,0,0,0
3352,7334,0,0,0
3352,7335,0,0,0
3352,7336,0,0,0
3352,7337,0,0,0
3352,7338,0,0,0
3352,7339,0,0,0
3352,7340,0,0,0
3352,8111,28,0,28
3352,8115,10,0,10
3352,8116,0,0,0
3352,8117,0,0,0
3352,8118,18,0,18
3352,8119,14,0,14
3352,8121,0,0,0
3352,8125,0,0,0
3352,8126,0,0,0
3352,8127,0,0,0
3352,8128,0,0,0
3352,8135,0,0,0
3352,8136,0,0,0
3352,8211,0,0,0
3352,8212,11,0,11
3352,8215,19,0,19
3352,8216,0,0,0
3352,8221,13,0,13
3352,8222,12,0,12
3352,8225,0,0,0
3352,8226,12,0,12
3352,8231,0,0,0
3352,8235,0,0,0
3352,8236,0,0,0
3352,8237,0,0,0
3352,8311,0,0,0
3352,8315,0,0,0
3352,8316,0,0,0
3352,8317,0,0,0
3352,8325,0,0,0
3352,8326,0,0,0
3352,8327,0,0,0
3352,8335,0,0,0
3352,8336,0,0,0
3352,8337,0,0,0
3352,8415,0,0,0
3352,8416,0,0,0
3352,8417,0,0,0
3352,8421,0,0,0
3352,8425,0,0,0
3352,8426,0,0,0
3352,8435,0,0,0
3352,8436,0,0,0
3352,8437,0,0,0
3352,9161,0,0,0
3352,9162,81,10,71
3352,9163,0,0,0
3352,9171,0,0,0
3352,9172,13,0,13
3352,9173,0,0,0
3352,9174,0,0,0
3352,9175,0,0,0
3352,9176,0,0,0
3352,9177,0,0,0
3352,9178,13,0,13
3352,9179,0,0,0
3352,9180,0,0,0
3352,9181,0,0,0
3352,9182,0,0,0
3352,9183,0,0,0
3352,9184,28,0,28
3352,9185,0,0,0
3352,9186,13,0,13
3352,9187,0,0,0
3352,9188,0,0,0
3352,9189,0,0,0
3352,9190,0,0,0
3352,9261,0,0,0
3352,9262,0,0,0
3352,9263,0,0,0
3352,9271,0,0,0
3352,9272,0,0,0
3352,9273,0,0,0
3352,9274,0,0,0
3352,9275,0,0,0
3352,9276,0,0,0
3352,9277,0,0,0
3352,9278,0,0,0
3352,9279,0,0,0
3352,9361,0,0,0
3352,9362,0,0,0
3352,9363,0,0,0
3352,9371,0,0,0
3352,9372,0,0,0
3352,9373,0,0,0
3352,9374,0,0,0
3352,9375,0,0,0
3352,9376,0,0,0
3352,9377,0,0,0
3352,9461,0,0,0
3352,9462,0,0,0
3352,9463,0,0,0
3352,9464,0,0,0
3352,9471,0,0,0
3352,9472,0,0,0
3352,9473,0,0,0
3352,9474,0,0,0
3352,9475,0,0,0
3352,9476,0,0,0
3352,9477,0,0,0
3352,9478,13,13,0
3352,9479,0,0,0
3352,9561,0,0,0
3352,9562,11,0,11
3352,9563,0,0,0
3352,9564,13,0,13
3352,9565,0,0,0
3352,9571,0,0,0
3352,9572,0,0,0
3352,9573,0,0,0
3352,9574,0,0,0
3352,9575,0,0,0
3352,9576,0,0,0
3352,9577,0,0,0
3352,9661,0,0,0
3352,9662,0,0,0
3352,9663,0,0,0
3352,9671,0,0,0
3352,9672,0,0,0
3352,9673,0,0,0
3352,9674,0,0,0
3352,9675,0,0,0
3352,9676,0,0,0
3352,9677,0,0,0
3352,9678,0,0,0
3352,9679,0,0,0
3352,9761,31,11,20
3352,9762,0,0,0
3352,9763,0,0,0
3352,9764,0,0,0
3352,9771,0,0,0
3352,9772,0,0,0
3352,9773,0,0,0
3352,9774,0,0,0
3352,9775,0,0,0
3352,9776,0,0,0
3352,9777,0,0,0
3352,9778,0,0,0
3352,9779,0,0,0
3352,9780,0,0,0
3352,10041,0,0,0
3352,10042,0,0,0
3352,10043,0,0,0
3352,10044,0,0,0
3352,10045,0,0,0
3352,10046,0,0,0
3352,11000,198,63,135
3352,12051,0,0,0
3352,12052,0,0,0
3352,12053,0,0,0
3352,12054,0,0,0
3352,12060,0,0,0
3352,12061,0,0,0
3352,12062,0,0,0
3352,12063,0,0,0
3352,12064,0,0,0
3352,12065,0,0,0
3352,12066,0,0,0
3352,12067,0,0,0
3352,12068,19,19,0
3352,12069,0,0,0
3352,12070,0,0,0
3352,12071,0,0,0
3352,12072,0,0,0
3352,12073,0,0,0
3352,13003,112,51,61
3352,13004,42,0,42
3352,13071,39,20,19
3352,13072,45,45,0
3352,13073,127,53,74
3352,13074,39,24,15
3352,13075,29,29,0
3352,13076,66,54,12
3352,14511,0,0,0
3352,14521,0,0,0
3352,14522,0,0,0
3352,14523,0,0,0
3352,14524,0,0,0
3352,14612,12,0,12
3352,14625,0,0,0
3352,14626,0,0,0
3352,14627,0,0,0
3352,14628,0,0,0
3352,14713,35,35,0
3352,14729,15,15,0
3352,14730,0,0,0
3352,15001,0,0,0
3352,15002,0,0,0
3352,15003,0,0,0
3352,15081,0,0,0
3352,15082,0,0,0
3352,15083,11,11,0
3352,15084,0,0,0
3352,15085,0,0,0
3352,15086,0,0,0
3352,15087,0,0,0
3352,15088,0,0,0
3352,15089,33,16,17
3352,15090,35,35,0
3352,15091,17,17,0
3352,16051,0,0,0
3352,16052,0,0,0
3352,16053,0,0,0
3352,16054,0,0,0
3352,16055,0,0,0
3352,16056,0,0,0
3352,16061,0,0,0
3352,16062,0,0,0
3352,16063,0,0,0
3352,16064,0,0,0
3352,16065,0,0,0
3352,16066,0,0,0
3352,16067,0,0,0
3352,16068,0,0,0
3352,16069,0,0,0
3352,16070,0,0,0
3352,16071,0,0,0
3352,16072,0,0,0
3352,16073,0,0,0
3352,16074,0,0,0
3352,16075,0,0,0
3352,16076,0,0,0
3352,16077,0,0,0
3353,1001,28,10,18
3353,1002,203,65,138
3353,1003,218,77,141
3353,1004,114,65,49
3353,1051,112,62,50
3353,1053,1786,643,1143
3353,1054,82,40,42
3353,1055,156,97,59
3353,1056,1099,488,611
3353,1057,61,44,17
3353,1058,179,107,72
3353,1059,74,39,35
3353,1060,811,291,520
3353,1061,169,102,67
3353,1062,1478,401,1077
3353,2000,55304,9185,46119
3353,3101,124,24,100
3353,3102,80,80,0
3353,3103,34,0,34
3353,3151,29,15,14
3353,3153,32,32,0
3353,3154,17,17,0
3353,3155,20,0,20
3353,3157,24,24,0
3353,3158,18,18,0
3353,3159,54,22,32
3353,3241,694,140,554
3353,3251,93,49,44
3353,3252,38,23,15
3353,3254,78,43,35
3353,3255,12,0,12
3353,3256,14,14,0
3353,3257,25,25,0
3353,3351,296,141,155
3353,3352,298,218,80
3353,3353,0,0,0
3353,3354,93,81,12
3353,3355,8078,4638,3440
3353,3356,73,46,27
3353,3357,2145,1410,735
3353,3358,1694,1105,589
3353,3359,4987,2869,2118
3353,3360,562,417,145
3353,3361,190,84,106
3353,3401,36,19,17
3353,3402,28,0,28
3353,3403,67,31,36
3353,3404,23,0,23
3353,3405,0,0,0
3353,3451,48,24,24
3353,3452,44,33,11
3353,3453,72,42,30
3353,3454,62,19,43
3353,3455,14,14,0
3353,3456,0,0,0
3353,3457,42,27,15
3353,3458,100,44,56
3353,3459,38,19,19
3353,3460,35,35,0
3353,3461,33,16,17
3353,3462,0,0,0
3353,4011,714,144,570
3353,4012,86,50,36
3353,5111,274,13,261
3353,5112,58,28,30
3353,5113,81,12,69
3353,5114,15,0,15
3353,5116,14,0,14
3353,5117,14,0,14
3353,5119,17,0,17
3353,5120,0,0,0
3353,5122,0,0,0
3353,5124,27,10,17
3353,5154,21,0,21
3353,5158,76,18,58
3353,5162,66,26,40
3353,5166,48,11,37
3353,5170,27,13,14
3353,5314,25,0,25
3353,5315,224,17,207
3353,5316,11,0,11
3353,5334,92,0,92
3353,5358,0,0,0
3353,5362,62,27,35
3353,5366,0,0,0
3353,5370,0,0,0
3353,5374,43,0,43
3353,5378,0,0,0
3353,5382,44,19,25
3353,5512,0,0,0
3353,5513,14,0,14
3353,5515,42,0,42
3353,5554,28,10,18
3353,5558,0,0,0
3353,5562,46,26,20
3353,5566,73,10,63
3353,5570,10,0,10
3353,5711,60,11,49
3353,5754,60,11,49
3353,5758,34,12,22
3353,5762,0,0,0
3353,5766,37,16,21
3353,5770,44,20,24
3353,5774,32,13,19
3353,5911,43,18,25
3353,5913,139,17,122
3353,5914,23,0,23
3353,5915,0,0,0
3353,5916,15,15,0
3353,5954,14,0,14
3353,5958,10,0,10
3353,5962,13,0,13
3353,5966,0,0,0
3353,5970,0,0,0
3353,5974,21,11,10
3353,5978,81,13,68
3353,6411,19,0,19
3353,6412,220,11,209
3353,6413,12,0,12
3353,6414,48,0,48
3353,6431,22,11,11
3353,6432,32,17,15
3353,6433,28,0,28
3353,6434,59,0,59
3353,6435,55,11,44
3353,6436,92,12,80
3353,6437,0,0,0
3353,6438,62,17,45
3353,6439,31,18,13
3353,6440,22,0,22
3353,6531,16,0,16
3353,6532,0,0,0
3353,6533,14,0,14
3353,6534,0,0,0
3353,6535,0,0,0
3353,6611,0,0,0
3353,6631,14,0,14
3353,6632,0,0,0
3353,6633,0,0,0
3353,6634,15,0,15
3353,6635,0,0,0
3353,6636,0,0,0
3353,7111,26,0,26
3353,7131,16,16,0
3353,7132,0,0,0
3353,7133,0,0,0
3353,7134,0,0,0
3353,7135,0,0,0
3353,7137,18,18,0
3353,7138,10,10,0
3353,7140,0,0,0
3353,7141,0,0,0
3353,7143,0,0,0
3353,7211,0,0,0
3353,7231,0,0,0
3353,7232,0,0,0
3353,7233,0,0,0
3353,7235,0,0,0
3353,7311,0,0,0
3353,7312,0,0,0
3353,7313,0,0,0
3353,7314,0,0,0
3353,7315,21,0,21
3353,7316,0,0,0
3353,7317,0,0,0
3353,7318,0,0,0
3353,7319,0,0,0
3353,7320,0,0,0
3353,7331,0,0,0
3353,7332,0,0,0
3353,7333,0,0,0
3353,7334,0,0,0
3353,7335,0,0,0
3353,7336,0,0,0
3353,7337,0,0,0
3353,7338,0,0,0
3353,7339,0,0,0
3353,7340,0,0,0
3353,8111,84,12,72
3353,8115,40,15,25
3353,8116,62,22,40
3353,8117,15,0,15
3353,8118,40,10,30
3353,8119,10,0,10
3353,8121,0,0,0
3353,8125,15,0,15
3353,8126,28,0,28
3353,8127,0,0,0
3353,8128,11,0,11
3353,8135,0,0,0
3353,8136,10,0,10
3353,8211,0,0,0
3353,8212,25,0,25
3353,8215,42,10,32
3353,8216,0,0,0
3353,8221,13,0,13
3353,8222,58,11,47
3353,8225,12,12,0
3353,8226,57,12,45
3353,8231,0,0,0
3353,8235,0,0,0
3353,8236,0,0,0
3353,8237,0,0,0
3353,8311,18,0,18
3353,8315,31,0,31
3353,8316,0,0,0
3353,8317,15,0,15
3353,8325,0,0,0
3353,8326,0,0,0
3353,8327,0,0,0
3353,8335,0,0,0
3353,8336,14,0,14
3353,8337,0,0,0
3353,8415,25,12,13
3353,8416,36,0,36
3353,8417,12,0,12
3353,8421,44,0,44
3353,8425,0,0,0
3353,8426,20,0,20
3353,8435,11,0,11
3353,8436,0,0,0
3353,8437,0,0,0
3353,9161,10,0,10
3353,9162,270,33,237
3353,9163,0,0,0
3353,9171,0,0,0
3353,9172,0,0,0
3353,9173,0,0,0
3353,9174,13,13,0
3353,9175,0,0,0
3353,9176,0,0,0
3353,9177,15,0,15
3353,9178,40,0,40
3353,9179,0,0,0
3353,9180,0,0,0
3353,9181,0,0,0
3353,9182,0,0,0
3353,9183,0,0,0
3353,9184,98,12,86
3353,9185,0,0,0
3353,9186,0,0,0
3353,9187,0,0,0
3353,9188,18,0,18
3353,9189,0,0,0
3353,9190,0,0,0
3353,9261,0,0,0
3353,9262,11,0,11
3353,9263,0,0,0
3353,9271,0,0,0
3353,9272,0,0,0
3353,9273,0,0,0
3353,9274,0,0,0
3353,9275,0,0,0
3353,9276,0,0,0
3353,9277,0,0,0
3353,9278,0,0,0
3353,9279,0,0,0
3353,9361,0,0,0
3353,9362,0,0,0
3353,9363,0,0,0
3353,9371,0,0,0
3353,9372,0,0,0
3353,9373,0,0,0
3353,9374,0,0,0
3353,9375,0,0,0
3353,9376,0,0,0
3353,9377,0,0,0
3353,9461,0,0,0
3353,9462,11,0,11
3353,9463,0,0,0
3353,9464,0,0,0
3353,9471,0,0,0
3353,9472,0,0,0
3353,9473,0,0,0
3353,9474,0,0,0
3353,9475,0,0,0
3353,9476,0,0,0
3353,9477,0,0,0
3353,9478,0,0,0
3353,9479,0,0,0
3353,9561,0,0,0
3353,9562,10,0,10
3353,9563,0,0,0
3353,9564,64,17,47
3353,9565,0,0,0
3353,9571,0,0,0
3353,9572,0,0,0
3353,9573,0,0,0
3353,9574,0,0,0
3353,9575,0,0,0
3353,9576,0,0,0
3353,9577,0,0,0
3353,9661,0,0,0
3353,9662,0,0,0
3353,9663,0,0,0
3353,9671,11,0,11
3353,9672,0,0,0
3353,9673,0,0,0
3353,9674,0,0,0
3353,9675,0,0,0
3353,9676,0,0,0
3353,9677,0,0,0
3353,9678,0,0,0
3353,9679,0,0,0
3353,9761,43,0,43
3353,9762,0,0,0
3353,9763,0,0,0
3353,9764,0,0,0
3353,9771,0,0,0
3353,9772,0,0,0
3353,9773,0,0,0
3353,9774,0,0,0
3353,9775,30,0,30
3353,9776,0,0,0
3353,9777,0,0,0
3353,9778,0,0,0
3353,9779,0,0,0
3353,9780,0,0,0
3353,10041,13,0,13
3353,10042,0,0,0
3353,10043,0,0,0
3353,10044,0,0,0
3353,10045,0,0,0
3353,10046,0,0,0
3353,11000,610,201,409
3353,12051,0,0,0
3353,12052,0,0,0
3353,12053,0,0,0
3353,12054,24,12,12
3353,12060,27,27,0
3353,12061,34,34,0
3353,12062,0,0,0
3353,12063,19,19,0
3353,12064,24,24,0
3353,12065,26,26,0
3353,12066,97,97,0
3353,12067,13,13,0
3353,12068,17,17,0
3353,12069,32,22,10
3353,12070,65,65,0
3353,12071,0,0,0
3353,12072,65,65,0
3353,12073,20,20,0
3353,13003,86,53,33
3353,13004,74,44,30
3353,13071,69,49,20
3353,13072,107,90,17
3353,13073,99,70,29
3353,13074,101,54,47
3353,13075,68,58,10
3353,13076,449,346,103
3353,14511,0,0,0
3353,14521,10,10,0
3353,14522,0,0,0
3353,14523,10,10,0
3353,14524,0,0,0
3353,14612,50,24,26
3353,14625,14,14,0
3353,14626,0,0,0
3353,14627,0,0,0
3353,14628,10,10,0
3353,14713,57,34,23
3353,14729,24,24,0
3353,14730,0,0,0
3353,15001,0,0,0
3353,15002,48,13,35
3353,15003,49,34,15
3353,15081,51,51,0
3353,15082,12,12,0
3353,15083,25,25,0
3353,15084,0,0,0
3353,15085,12,12,0
3353,15086,11,11,0
3353,15087,0,0,0
3353,15088,44,20,24
3353,15089,17,17,0
3353,15090,33,33,0
3353,15091,15,15,0
3353,16051,0,0,0
3353,16052,0,0,0
3353,16053,0,0,0
3353,16054,0,0,0
3353,16055,0,0,0
3353,16056,0,0,0
3353,16061,0,0,0
3353,16062,0,0,0
3353,16063,0,0,0
3353,16064,0,0,0
3353,16065,0,0,0
3353,16066,0,0,0
3353,16067,0,0,0
3353,16068,0,0,0
3353,16069,0,0,0
3353,16070,0,0,0
3353,16071,0,0,0
3353,16072,0,0,0
3353,16073,0,0,0
3353,16074,0,0,0
3353,16075,0,0,0
3353,16076,0,0,0
3353,16077,0,0,0
3354,1001,0,0,0
3354,1002,34,0,34
3354,1003,47,0,47
3354,1004,0,0,0
3354,1051,0,0,0
3354,1053,49,0,49
3354,1054,0,0,0
3354,1055,0,0,0
3354,1056,14,0,14
3354,1057,0,0,0
3354,1058,10,0,10
3354,1059,10,0,10
3354,1060,22,0,22
3354,1061,0,0,0
3354,1062,15,0,15
3354,2000,458,46,412
3354,3101,41,0,41
3354,3102,0,0,0
3354,3103,92,0,92
3354,3151,113,36,77
3354,3153,0,0,0
3354,3154,14,0,14
3354,3155,0,0,0
3354,3157,45,0,45
3354,3158,0,0,0
3354,3159,0,0,0
3354,3241,136,16,120
3354,3251,0,0,0
3354,3252,0,0,0
3354,3254,0,0,0
3354,3255,0,0,0
3354,3256,0,0,0
3354,3257,0,0,0
3354,3351,81,33,48
3354,3352,0,0,0
3354,3353,93,12,81
3354,3354,0,0,0
3354,3355,1269,377,892
3354,3356,0,0,0
3354,3357,0,0,0
3354,3358,46,0,46
3354,3359,13,0,13
3354,3360,2035,615,1420
3354,3361,14,0,14
3354,3401,0,0,0
3354,3402,0,0,0
3354,3403,0,0,0
3354,3404,0,0,0
3354,3405,0,0,0
3354,3451,0,0,0
3354,3452,0,0,0
3354,3453,0,0,0
3354,3454,0,0,0
3354,3455,0,0,0
3354,3456,0,0,0
3354,3457,0,0,0
3354,3458,0,0,0
3354,3459,0,0,0
3354,3460,0,0,0
3354,3461,0,0,0
3354,3462,0,0,0
3354,4011,20,0,20
3354,4012,0,0,0
3354,5111,0,0,0
3354,5112,0,0,0
3354,5113,0,0,0
3354,5114,0,0,0
3354,5116,0,0,0
3354,5117,11,0,11
3354,5119,0,0,0
3354,5120,0,0,0
3354,5122,0,0,0
3354,5124,0,0,0
3354,5154,0,0,0
3354,5158,0,0,0
3354,5162,0,0,0
3354,5166,0,0,0
3354,5170,0,0,0
3354,5314,0,0,0
3354,5315,14,0,14
3354,5316,0,0,0
3354,5334,0,0,0
3354,5358,0,0,0
3354,5362,0,0,0
3354,5366,0,0,0
3354,5370,0,0,0
3354,5374,0,0,0
3354,5378,0,0,0
3354,5382,0,0,0
3354,5512,0,0,0
3354,5513,0,0,0
3354,5515,0,0,0
3354,5554,0,0,0
3354,5558,0,0,0
3354,5562,0,0,0
3354,5566,0,0,0
3354,5570,0,0,0
3354,5711,0,0,0
3354,5754,0,0,0
3354,5758,0,0,0
3354,5762,0,0,0
3354,5766,0,0,0
3354,5770,10,0,10
3354,5774,0,0,0
3354,5911,0,0,0
3354,5913,0,0,0
3354,5914,0,0,0
3354,5915,0,0,0
3354,5916,0,0,0
3354,5954,0,0,0
3354,5958,0,0,0
3354,5962,0,0,0
3354,5966,0,0,0
3354,5970,0,0,0
3354,5974,0,0,0
3354,5978,0,0,0
3354,6411,0,0,0
3354,6412,11,0,11
3354,6413,0,0,0
3354,6414,0,0,0
3354,6431,0,0,0
3354,6432,0,0,0
3354,6433,0,0,0
3354,6434,0,0,0
3354,6435,0,0,0
3354,6436,0,0,0
3354,6437,0,0,0
3354,6438,0,0,0
3354,6439,0,0,0
3354,6440,0,0,0
3354,6531,0,0,0
3354,6532,0,0,0
3354,6533,0,0,0
3354,6534,0,0,0
3354,6535,0,0,0
3354,6611,0,0,0
3354,6631,0,0,0
3354,6632,0,0,0
3354,6633,0,0,0
3354,6634,0,0,0
3354,6635,0,0,0
3354,6636,0,0,0
3354,7111,0,0,0
3354,7131,0,0,0
3354,7132,0,0,0
3354,7133,279,0,279
3354,7134,0,0,0
3354,7135,0,0,0
3354,7137,0,0,0
3354,7138,0,0,0
3354,7140,0,0,0
3354,7141,0,0,0
3354,7143,0,0,0
3354,7211,0,0,0
3354,7231,0,0,0
3354,7232,0,0,0
3354,7233,0,0,0
3354,7235,0,0,0
3354,7311,0,0,0
3354,7312,0,0,0
3354,7313,0,0,0
3354,7314,0,0,0
3354,7315,0,0,0
3354,7316,0,0,0
3354,7317,0,0,0
3354,7318,0,0,0
3354,7319,0,0,0
3354,7320,0,0,0
3354,7331,0,0,0
3354,7332,0,0,0
3354,7333,0,0,0
3354,7334,0,0,0
3354,7335,0,0,0
3354,7336,0,0,0
3354,7337,0,0,0
3354,7338,0,0,0
3354,7339,0,0,0
3354,7340,0,0,0
3354,8111,0,0,0
3354,8115,0,0,0
3354,8116,10,0,10
3354,8117,0,0,0
3354,8118,0,0,0
3354,8119,0,0,0
3354,8121,0,0,0
3354,8125,0,0,0
3354,8126,0,0,0
3354,8127,0,0,0
3354,8128,0,0,0
3354,8135,0,0,0
3354,8136,0,0,0
3354,8211,0,0,0
3354,8212,0,0,0
3354,8215,0,0,0
3354,8216,0,0,0
3354,8221,0,0,0
3354,8222,0,0,0
3354,8225,0,0,0
3354,8226,0,0,0
3354,8231,0,0,0
3354,8235,0,0,0
3354,8236,0,0,0
3354,8237,0,0,0
3354,8311,0,0,0
3354,8315,0,0,0
3354,8316,0,0,0
3354,8317,0,0,0
3354,8325,0,0,0
3354,8326,0,0,0
3354,8327,0,0,0
3354,8335,0,0,0
3354,8336,0,0,0
3354,8337,0,0,0
3354,8415,0,0,0
3354,8416,0,0,0
3354,8417,0,0,0
3354,8421,0,0,0
3354,8425,0,0,0
3354,8426,0,0,0
3354,8435,0,0,0
3354,8436,0,0,0
3354,8437,0,0,0
3354,9161,0,0,0
3354,9162,11,0,11
3354,9163,0,0,0
3354,9171,0,0,0
3354,9172,0,0,0
3354,9173,0,0,0
3354,9174,0,0,0
3354,9175,0,0,0
3354,9176,0,0,0
3354,9177,0,0,0
3354,9178,0,0,0
3354,9179,0,0,0
3354,9180,0,0,0
3354,9181,0,0,0
3354,9182,0,0,0
3354,9183,0,0,0
3354,9184,0,0,0
3354,9185,0,0,0
3354,9186,0,0,0
3354,9187,0,0,0
3354,9188,0,0,0
3354,9189,0,0,0
3354,9190,0,0,0
3354,9261,0,0,0
3354,9262,0,0,0
3354,9263,0,0,0
3354,9271,0,0,0
3354,9272,0,0,0
3354,9273,0,0,0
3354,9274,0,0,0
3354,9275,0,0,0
3354,9276,0,0,0
3354,9277,0,0,0
3354,9278,0,0,0
3354,9279,0,0,0
3354,9361,0,0,0
3354,9362,0,0,0
3354,9363,0,0,0
3354,9371,0,0,0
3354,9372,0,0,0
3354,9373,0,0,0
3354,9374,0,0,0
3354,9375,0,0,0
3354,9376,0,0,0
3354,9377,0,0,0
3354,9461,0,0,0
3354,9462,0,0,0
3354,9463,0,0,0
3354,9464,0,0,0
3354,9471,0,0,0
3354,9472,0,0,0
3354,9473,0,0,0
3354,9474,0,0,0
3354,9475,0,0,0
3354,9476,0,0,0
3354,9477,0,0,0
3354,9478,0,0,0
3354,9479,0,0,0
3354,9561,0,0,0
3354,9562,0,0,0
3354,9563,0,0,0
3354,9564,0,0,0
3354,9565,0,0,0
3354,9571,0,0,0
3354,9572,0,0,0
3354,9573,0,0,0
3354,9574,0,0,0
3354,9575,0,0,0
3354,9576,0,0,0
3354,9577,0,0,0
3354,9661,0,0,0
3354,9662,0,0,0
3354,9663,0,0,0
3354,9671,0,0,0
3354,9672,0,0,0
3354,9673,0,0,0
3354,9674,0,0,0
3354,9675,0,0,0
3354,9676,0,0,0
3354,9677,0,0,0
3354,9678,0,0,0
3354,9679,0,0,0
3354,9761,0,0,0
3354,9762,0,0,0
3354,9763,0,0,0
3354,9764,0,0,0
3354,9771,0,0,0
3354,9772,0,0,0
3354,9773,0,0,0
3354,9774,0,0,0
3354,9775,0,0,0
3354,9776,0,0,0
3354,9777,0,0,0
3354,9778,0,0,0
3354,9779,0,0,0
3354,9780,0,0,0
3354,10041,0,0,0
3354,10042,0,0,0
3354,10043,0,0,0
3354,10044,0,0,0
3354,10045,0,0,0
3354,10046,0,0,0
3354,11000,134,34,100
3354,12051,0,0,0
3354,12052,0,0,0
3354,12053,0,0,0
3354,12054,0,0,0
3354,12060,0,0,0
3354,12061,0,0,0
3354,12062,0,0,0
3354,12063,0,0,0
3354,12064,0,0,0
3354,12065,0,0,0
3354,12066,0,0,0
3354,12067,0,0,0
3354,12068,0,0,0
3354,12069,0,0,0
3354,12070,121,101,20
3354,12071,0,0,0
3354,12072,0,0,0
3354,12073,0,0,0
3354,13003,0,0,0
3354,13004,33,10,23
3354,13071,0,0,0
3354,13072,0,0,0
3354,13073,0,0,0
3354,13074,0,0,0
3354,13075,0,0,0
3354,13076,762,618,144
3354,14511,0,0,0
3354,14521,0,0,0
3354,14522,0,0,0
3354,14523,0,0,0
3354,14524,0,0,0
3354,14612,0,0,0
3354,14625,0,0,0
3354,14626,0,0,0
3354,14627,0,0,0
3354,14628,0,0,0
3354,14713,0,0,0
3354,14729,0,0,0
3354,14730,0,0,0
3354,15001,0,0,0
3354,15002,0,0,0
3354,15003,15,0,15
3354,15081,1908,1201,707
3354,15082,0,0,0
3354,15083,19,0,19
3354,15084,0,0,0
3354,15085,0,0,0
3354,15086,0,0,0
3354,15087,0,0,0
3354,15088,0,0,0
3354,15089,0,0,0
3354,15090,266,229,37
3354,15091,0,0,0
3354,16051,0,0,0
3354,16052,0,0,0
3354,16053,0,0,0
3354,16054,0,0,0
3354,16055,0,0,0
3354,16056,0,0,0
3354,16061,0,0,0
3354,16062,0,0,0
3354,16063,0,0,0
3354,16064,0,0,0
3354,16065,0,0,0
3354,16066,0,0,0
3354,16067,0,0,0
3354,16068,0,0,0
3354,16069,0,0,0
3354,16070,0,0,0
3354,16071,0,0,0
3354,16072,0,0,0
3354,16073,0,0,0
3354,16074,0,0,0
3354,16075,0,0,0
3354,16076,0,0,0
3354,16077,0,0,0
3355,1001,13,0,13
3355,1002,102,24,78
3355,1003,160,60,100
3355,1004,64,0,64
3355,1051,33,14,19
3355,1053,2575,792,1783
3355,1054,58,12,46
3355,1055,89,39,50
3355,1056,282,112,170
3355,1057,24,11,13
3355,1058,73,25,48
3355,1059,27,12,15
3355,1060,211,60,151
3355,1061,51,21,30
3355,1062,615,108,507
3355,2000,12600,1814,10786
3355,3101,148,34,114
3355,3102,0,0,0
3355,3103,64,21,43
3355,3151,113,67,46
3355,3153,28,17,11
3355,3154,14,0,14
3355,3155,28,0,28
3355,3157,26,11,15
3355,3158,0,0,0
3355,3159,80,31,49
3355,3241,886,233,653
3355,3251,51,22,29
3355,3252,28,15,13
3355,3254,68,29,39
3355,3255,0,0,0
3355,3256,29,18,11
3355,3257,13,13,0
3355,3351,439,154,285
3355,3352,96,76,20
3355,3353,8078,3440,4638
3355,3354,1269,892,377
3355,3355,0,0,0
3355,3356,15,0,15
3355,3357,159,103,56
3355,3358,813,364,449
3355,3359,475,347,128
3355,3360,5377,3702,1675
3355,3361,125,32,93
3355,3401,0,0,0
3355,3402,0,0,0
3355,3403,36,14,22
3355,3404,19,0,19
3355,3405,0,0,0
3355,3451,0,0,0
3355,3452,12,0,12
3355,3453,0,0,0
3355,3454,44,19,25
3355,3455,10,0,10
3355,3456,19,19,0
3355,3457,10,10,0
3355,3458,21,11,10
3355,3459,52,10,42
3355,3460,11,0,11
3355,3461,0,0,0
3355,3462,0,0,0
3355,4011,226,60,166
3355,4012,36,13,23
3355,5111,102,15,87
3355,5112,15,0,15
3355,5113,54,0,54
3355,5114,0,0,0
3355,5116,21,0,21
3355,5117,0,0,0
3355,5119,0,0,0
3355,5120,0,0,0
3355,5122,0,0,0
3355,5124,10,0,10
3355,5154,13,0,13
3355,5158,31,0,31
3355,5162,19,0,19
3355,5166,12,0,12
3355,5170,12,0,12
3355,5314,34,14,20
3355,5315,137,40,97
3355,5316,0,0,0
3355,5334,44,0,44
3355,5358,0,0,0
3355,5362,37,13,24
3355,5366,0,0,0
3355,5370,0,0,0
3355,5374,17,0,17
3355,5378,10,0,10
3355,5382,64,36,28
3355,5512,0,0,0
3355,5513,0,0,0
3355,5515,43,16,27
3355,5554,12,0,12
3355,5558,10,10,0
3355,5562,23,12,11
3355,5566,12,0,12
3355,5570,0,0,0
3355,5711,60,16,44
3355,5754,22,0,22
3355,5758,0,0,0
3355,5762,0,0,0
3355,5766,12,12,0
3355,5770,12,0,12
3355,5774,10,0,10
3355,5911,12,0,12
3355,5913,51,15,36
3355,5914,0,0,0
3355,5915,13,0,13
3355,5916,0,0,0
3355,5954,0,0,0
3355,5958,0,0,0
3355,5962,0,0,0
3355,5966,0,0,0
3355,5970,0,0,0
3355,5974,0,0,0
3355,5978,15,0,15
3355,6411,21,0,21
3355,6412,126,14,112
3355,6413,0,0,0
3355,6414,19,0,19
3355,6431,0,0,0
3355,6432,0,0,0
3355,6433,0,0,0
3355,6434,28,0,28
3355,6435,43,19,24
3355,6436,34,0,34
3355,6437,0,0,0
3355,6438,24,0,24
3355,6439,0,0,0
3355,6440,10,0,10
3355,6531,0,0,0
3355,6532,0,0,0
3355,6533,0,0,0
3355,6534,11,0,11
3355,6535,0,0,0
3355,6611,32,12,20
3355,6631,0,0,0
3355,6632,0,0,0
3355,6633,11,11,0
3355,6634,0,0,0
3355,6635,0,0,0
3355,6636,0,0,0
3355,7111,0,0,0
3355,7131,0,0,0
3355,7132,0,0,0
3355,7133,0,0,0
3355,7134,0,0,0
3355,7135,0,0,0
3355,7137,0,0,0
3355,7138,0,0,0
3355,7140,0,0,0
3355,7141,0,0,0
3355,7143,0,0,0
3355,7211,0,0,0
3355,7231,0,0,0
3355,7232,0,0,0
3355,7233,0,0,0
3355,7235,0,0,0
3355,7311,0,0,0
3355,7312,0,0,0
3355,7313,0,0,0
3355,7314,0,0,0
3355,7315,0,0,0
3355,7316,0,0,0
3355,7317,0,0,0
3355,7318,0,0,0
3355,7319,0,0,0
3355,7320,0,0,0
3355,7331,0,0,0
3355,7332,0,0,0
3355,7333,0,0,0
3355,7334,0,0,0
3355,7335,0,0,0
3355,7336,0,0,0
3355,7337,0,0,0
3355,7338,0,0,0
3355,7339,0,0,0
3355,7340,0,0,0
3355,8111,37,0,37
3355,8115,13,0,13
3355,8116,24,0,24
3355,8117,0,0,0
3355,8118,19,0,19
3355,8119,0,0,0
3355,8121,0,0,0
3355,8125,18,0,18
3355,8126,15,0,15
3355,8127,0,0,0
3355,8128,0,0,0
3355,8135,0,0,0
3355,8136,0,0,0
3355,8211,0,0,0
3355,8212,14,0,14
3355,8215,16,0,16
3355,8216,0,0,0
3355,8221,11,0,11
3355,8222,32,0,32
3355,8225,0,0,0
3355,8226,17,0,17
3355,8231,0,0,0
3355,8235,0,0,0
3355,8236,11,0,11
3355,8237,0,0,0
3355,8311,24,13,11
3355,8315,10,0,10
3355,8316,0,0,0
3355,8317,0,0,0
3355,8325,0,0,0
3355,8326,0,0,0
3355,8327,0,0,0
3355,8335,0,0,0
3355,8336,0,0,0
3355,8337,0,0,0
3355,8415,0,0,0
3355,8416,0,0,0
3355,8417,0,0,0
3355,8421,14,0,14
3355,8425,0,0,0
3355,8426,0,0,0
3355,8435,0,0,0
3355,8436,0,0,0
3355,8437,0,0,0
3355,9161,14,0,14
3355,9162,188,50,138
3355,9163,0,0,0
3355,9171,0,0,0
3355,9172,0,0,0
3355,9173,0,0,0
3355,9174,0,0,0
3355,9175,0,0,0
3355,9176,0,0,0
3355,9177,0,0,0
3355,9178,16,0,16
3355,9179,0,0,0
3355,9180,0,0,0
3355,9181,0,0,0
3355,9182,0,0,0
3355,9183,0,0,0
3355,9184,40,0,40
3355,9185,0,0,0
3355,9186,0,0,0
3355,9187,0,0,0
3355,9188,0,0,0
3355,9189,0,0,0
3355,9190,0,0,0
3355,9261,0,0,0
3355,9262,0,0,0
3355,9263,0,0,0
3355,9271,0,0,0
3355,9272,0,0,0
3355,9273,0,0,0
3355,9274,0,0,0
3355,9275,0,0,0
3355,9276,0,0,0
3355,9277,0,0,0
3355,9278,0,0,0
3355,9279,0,0,0
3355,9361,0,0,0
3355,9362,0,0,0
3355,9363,0,0,0
3355,9371,0,0,0
3355,9372,0,0,0
3355,9373,0,0,0
3355,9374,0,0,0
3355,9375,0,0,0
3355,9376,0,0,0
3355,9377,0,0,0
3355,9461,0,0,0
3355,9462,0,0,0
3355,9463,0,0,0
3355,9464,0,0,0
3355,9471,0,0,0
3355,9472,0,0,0
3355,9473,0,0,0
3355,9474,0,0,0
3355,9475,21,0,21
3355,9476,0,0,0
3355,9477,0,0,0
3355,9478,0,0,0
3355,9479,0,0,0
3355,9561,0,0,0
3355,9562,0,0,0
3355,9563,0,0,0
3355,9564,55,22,33
3355,9565,0,0,0
3355,9571,0,0,0
3355,9572,0,0,0
3355,9573,0,0,0
3355,9574,0,0,0
3355,9575,0,0,0
3355,9576,0,0,0
3355,9577,0,0,0
3355,9661,0,0,0
3355,9662,0,0,0
3355,9663,0,0,0
3355,9671,0,0,0
3355,9672,0,0,0
3355,9673,0,0,0
3355,9674,0,0,0
3355,9675,0,0,0
3355,9676,0,0,0
3355,9677,0,0,0
3355,9678,0,0,0
3355,9679,0,0,0
3355,9761,10,0,10
3355,9762,0,0,0
3355,9763,0,0,0
3355,9764,0,0,0
3355,9771,0,0,0
3355,9772,0,0,0
3355,9773,0,0,0
3355,9774,0,0,0
3355,9775,10,0,10
3355,9776,0,0,0
3355,9777,0,0,0
3355,9778,0,0,0
3355,9779,0,0,0
3355,9780,0,0,0
3355,10041,10,0,10
3355,10042,0,0,0
3355,10043,0,0,0
3355,10044,12,0,12
3355,10045,0,0,0
3355,10046,0,0,0
3355,11000,584,285,299
3355,12051,0,0,0
3355,12052,0,0,0
3355,12053,0,0,0
3355,12054,17,0,17
3355,12060,0,0,0
3355,12061,0,0,0
3355,12062,0,0,0
3355,12063,16,16,0
3355,12064,0,0,0
3355,12065,0,0,0
3355,12066,0,0,0
3355,12067,0,0,0
3355,12068,13,13,0
3355,12069,11,0,11
3355,12070,54,44,10
3355,12071,0,0,0
3355,12072,0,0,0
3355,12073,0,0,0
3355,13003,39,18,21
3355,13004,126,36,90
3355,13071,50,37,13
3355,13072,51,35,16
3355,13073,32,19,13
3355,13074,58,40,18
3355,13075,43,43,0
3355,13076,1932,1148,784
3355,14511,0,0,0
3355,14521,0,0,0
3355,14522,0,0,0
3355,14523,0,0,0
3355,14524,0,0,0
3355,14612,44,23,21
3355,14625,0,0,0
3355,14626,0,0,0
3355,14627,12,12,0
3355,14628,13,13,0
3355,14713,52,32,20
3355,14729,0,0,0
3355,14730,0,0,0
3355,15001,0,0,0
3355,15002,10,10,0
3355,15003,24,14,10
3355,15081,129,95,34
3355,15082,0,0,0
3355,15083,19,19,0
3355,15084,0,0,0
3355,15085,30,30,0
3355,15086,0,0,0
3355,15087,13,13,0
3355,15088,0,0,0
3355,15089,17,17,0
3355,15090,56,45,11
3355,15091,0,0,0
3355,16051,0,0,0
3355,16052,0,0,0
3355,16053,0,0,0
3355,16054,0,0,0
3355,16055,0,0,0
3355,16056,0,0,0
3355,16061,0,0,0
3355,16062,0,0,0
3355,16063,0,0,0
3355,16064,0,0,0
3355,16065,0,0,0
3355,16066,0,0,0
3355,16067,0,0,0
3355,16068,0,0,0
3355,16069,0,0,0
3355,16070,0,0,0
3355,16071,0,0,0
3355,16072,0,0,0
3355,16073,0,0,0
3355,16074,0,0,0
3355,16075,0,0,0
3355,16076,0,0,0
3355,16077,0,0,0
3356,1001,0,0,0
3356,1002,20,0,20
3356,1003,11,0,11
3356,1004,15,0,15
3356,1051,0,0,0
3356,1053,10,10,0
3356,1054,11,0,11
3356,1055,14,0,14
3356,1056,38,13,25
3356,1057,0,0,0
3356,1058,0,0,0
3356,1059,10,0,10
3356,1060,18,0,18
3356,1061,0,0,0
3356,1062,67,22,45
3356,2000,672,104,568
3356,3101,11,0,11
3356,3102,0,0,0
3356,3103,13,0,13
3356,3151,0,0,0
3356,3153,0,0,0
3356,3154,0,0,0
3356,3155,0,0,0
3356,3157,0,0,0
3356,3158,0,0,0
3356,3159,0,0,0
3356,3241,284,31,253
3356,3251,731,239,492
3356,3252,0,0,0
3356,3254,67,28,39
3356,3255,0,0,0
3356,3256,52,22,30
3356,3257,0,0,0
3356,3351,13,0,13
3356,3352,1689,1149,540
3356,3353,73,27,46
3356,3354,0,0,0
3356,3355,15,15,0
3356,3356,0,0,0
3356,3357,2616,1668,948
3356,3358,88,60,28
3356,3359,141,58,83
3356,3360,12,0,12
3356,3361,1440,504,936
3356,3401,339,115,224
3356,3402,19,0,19
3356,3403,259,65,194
3356,3404,25,0,25
3356,3405,26,0,26
3356,3451,69,26,43
3356,3452,32,10,22
3356,3453,57,20,37
3356,3454,47,17,30
3356,3455,32,11,21
3356,3456,0,0,0
3356,3457,40,15,25
3356,3458,266,124,142
3356,3459,31,12,19
3356,3460,23,0,23
3356,3461,550,166,384
3356,3462,0,0,0
3356,4011,26489,5234,21255
3356,4012,978,256,722
3356,5111,45,0,45
3356,5112,0,0,0
3356,5113,27,0,27
3356,5114,0,0,0
3356,5116,0,0,0
3356,5117,0,0,0
3356,5119,0,0,0
3356,5120,0,0,0
3356,5122,0,0,0
3356,5124,0,0,0
3356,5154,14,0,14
3356,5158,33,0,33
3356,5162,18,0,18
3356,5166,0,0,0
3356,5170,0,0,0
3356,5314,0,0,0
3356,5315,56,14,42
3356,5316,0,0,0
3356,5334,0,0,0
3356,5358,0,0,0
3356,5362,37,27,10
3356,5366,0,0,0
3356,5370,0,0,0
3356,5374,13,0,13
3356,5378,0,0,0
3356,5382,34,18,16
3356,5512,0,0,0
3356,5513,0,0,0
3356,5515,15,0,15
3356,5554,0,0,0
3356,5558,0,0,0
3356,5562,0,0,0
3356,5566,19,0,19
3356,5570,0,0,0
3356,5711,20,0,20
3356,5754,17,0,17
3356,5758,0,0,0
3356,5762,0,0,0
3356,5766,0,0,0
3356,5770,14,0,14
3356,5774,19,19,0
3356,5911,13,0,13
3356,5913,12,0,12
3356,5914,0,0,0
3356,5915,0,0,0
3356,5916,0,0,0
3356,5954,14,0,14
3356,5958,0,0,0
3356,5962,0,0,0
3356,5966,0,0,0
3356,5970,0,0,0
3356,5974,0,0,0
3356,5978,25,0,25
3356,6411,0,0,0
3356,6412,58,0,58
3356,6413,0,0,0
3356,6414,0,0,0
3356,6431,0,0,0
3356,6432,0,0,0
3356,6433,12,0,12
3356,6434,0,0,0
3356,6435,0,0,0
3356,6436,20,0,20
3356,6437,0,0,0
3356,6438,18,0,18
3356,6439,0,0,0
3356,6440,0,0,0
3356,6531,0,0,0
3356,6532,0,0,0
3356,6533,0,0,0
3356,6534,0,0,0
3356,6535,0,0,0
3356,6611,0,0,0
3356,6631,0,0,0
3356,6632,0,0,0
3356,6633,0,0,0
3356,6634,0,0,0
3356,6635,0,0,0
3356,6636,0,0,0
3356,7111,0,0,0
3356,7131,0,0,0
3356,7132,0,0,0
3356,7133,0,0,0
3356,7134,0,0,0
3356,7135,0,0,0
3356,7137,0,0,0
3356,7138,0,0,0
3356,7140,0,0,0
3356,7141,0,0,0
3356,7143,0,0,0
3356,7211,0,0,0
3356,7231,0,0,0
3356,7232,0,0,0
3356,7233,0,0,0
3356,7235,0,0,0
3356,7311,0,0,0
3356,7312,0,0,0
3356,7313,0,0,0
3356,7314,0,0,0
3356,7315,0,0,0
3356,7316,0,0,0
3356,7317,0,0,0
3356,7318,0,0,0
3356,7319,0,0,0
3356,7320,0,0,0
3356,7331,0,0,0
3356,7332,0,0,0
3356,7333,0,0,0
3356,7334,0,0,0
3356,7335,0,0,0
3356,7336,0,0,0
3356,7337,0,0,0
3356,7338,0,0,0
3356,7339,0,0,0
3356,7340,0,0,0
3356,8111,25,0,25
3356,8115,0,0,0
3356,8116,12,0,12
3356,8117,0,0,0
3356,8118,21,0,21
3356,8119,0,0,0
3356,8121,0,0,0
3356,8125,0,0,0
3356,8126,0,0,0
3356,8127,0,0,0
3356,8128,0,0,0
3356,8135,0,0,0
3356,8136,0,0,0
3356,8211,0,0,0
3356,8212,0,0,0
3356,8215,0,0,0
3356,8216,0,0,0
3356,8221,0,0,0
3356,8222,0,0,0
3356,8225,0,0,0
3356,8226,0,0,0
3356,8231,0,0,0
3356,8235,0,0,0
3356,8236,0,0,0
3356,8237,0,0,0
3356,8311,0,0,0
3356,8315,0,0,0
3356,8316,0,0,0
3356,8317,0,0,0
3356,8325,0,0,0
3356,8326,0,0,0
3356,8327,0,0,0
3356,8335,0,0,0
3356,8336,0,0,0
3356,8337,0,0,0
3356,8415,0,0,0
3356,8416,0,0,0
3356,8417,0,0,0
3356,8421,0,0,0
3356,8425,0,0,0
3356,8426,0,0,0
3356,8435,0,0,0
3356,8436,0,0,0
3356,8437,0,0,0
3356,9161,0,0,0
3356,9162,96,17,79
3356,9163,0,0,0
3356,9171,0,0,0
3356,9172,0,0,0
3356,9173,0,0,0
3356,9174,0,0,0
3356,9175,0,0,0
3356,9176,0,0,0
3356,9177,0,0,0
3356,9178,0,0,0
3356,9179,0,0,0
3356,9180,0,0,0
3356,9181,0,0,0
3356,9182,0,0,0
3356,9183,0,0,0
3356,9184,22,0,22
3356,9185,0,0,0
3356,9186,0,0,0
3356,9187,0,0,0
3356,9188,0,0,0
3356,9189,0,0,0
3356,9190,0,0,0
3356,9261,0,0,0
3356,9262,0,0,0
3356,9263,0,0,0
3356,9271,0,0,0
3356,9272,0,0,0
3356,9273,0,0,0
3356,9274,0,0,0
3356,9275,0,0,0
3356,9276,0,0,0
3356,9277,0,0,0
3356,9278,0,0,0
3356,9279,0,0,0
3356,9361,0,0,0
3356,9362,0,0,0
3356,9363,0,0,0
3356,9371,0,0,0
3356,9372,0,0,0
3356,9373,0,0,0
3356,9374,0,0,0
3356,9375,0,0,0
3356,9376,0,0,0
3356,9377,0,0,0
3356,9461,0,0,0
3356,9462,0,0,0
3356,9463,0,0,0
3356,9464,0,0,0
3356,9471,0,0,0
3356,9472,0,0,0
3356,9473,0,0,0
3356,9474,0,0,0
3356,9475,0,0,0
3356,9476,0,0,0
3356,9477,0,0,0
3356,9478,0,0,0
3356,9479,0,0,0
3356,9561,0,0,0
3356,9562,0,0,0
3356,9563,0,0,0
3356,9564,12,0,12
3356,9565,0,0,0
3356,9571,0,0,0
3356,9572,0,0,0
3356,9573,0,0,0
3356,9574,0,0,0
3356,9575,0,0,0
3356,9576,0,0,0
3356,9577,0,0,0
3356,9661,0,0,0
3356,9662,0,0,0
3356,9663,0,0,0
3356,9671,0,0,0
3356,9672,0,0,0
3356,9673,0,0,0
3356,9674,0,0,0
3356,9675,0,0,0
3356,9676,0,0,0
3356,9677,0,0,0
3356,9678,0,0,0
3356,9679,0,0,0
3356,9761,15,0,15
3356,9762,0,0,0
3356,9763,0,0,0
3356,9764,0,0,0
3356,9771,18,18,0
3356,9772,0,0,0
3356,9773,0,0,0
3356,9774,0,0,0
3356,9775,0,0,0
3356,9776,0,0,0
3356,9777,0,0,0
3356,9778,0,0,0
3356,9779,0,0,0
3356,9780,0,0,0
3356,10041,0,0,0
3356,10042,0,0,0
3356,10043,0,0,0
3356,10044,0,0,0
3356,10045,0,0,0
3356,10046,0,0,0
3356,11000,149,35,114
3356,12051,0,0,0
3356,12052,0,0,0
3356,12053,0,0,0
3356,12054,0,0,0
3356,12060,0,0,0
3356,12061,0,0,0
3356,12062,0,0,0
3356,12063,0,0,0
3356,12064,0,0,0
3356,12065,0,0,0
3356,12066,0,0,0
3356,12067,0,0,0
3356,12068,0,0,0
3356,12069,0,0,0
3356,12070,0,0,0
3356,12071,0,0,0
3356,12072,0,0,0
3356,12073,0,0,0
3356,13003,28,28,0
3356,13004,0,0,0
3356,13071,17,17,0
3356,13072,20,20,0
3356,13073,34,34,0
3356,13074,15,15,0
3356,13075,26,26,0
3356,13076,21,21,0
3356,14511,26,0,26
3356,14521,14,14,0
3356,14522,0,0,0
3356,14523,0,0,0
3356,14524,0,0,0
3356,14612,0,0,0
3356,14625,0,0,0
3356,14626,0,0,0
3356,14627,0,0,0
3356,14628,0,0,0
3356,14713,0,0,0
3356,14729,0,0,0
3356,14730,0,0,0
3356,15001,0,0,0
3356,15002,0,0,0
3356,15003,11,11,0
3356,15081,0,0,0
3356,15082,0,0,0
3356,15083,0,0,0
3356,15084,16,16,0
3356,15085,0,0,0
3356,15086,0,0,0
3356,15087,0,0,0
3356,15088,0,0,0
3356,15089,0,0,0
3356,15090,0,0,0
3356,15091,0,0,0
3356,16051,0,0,0
3356,16052,0,0,0
3356,16053,0,0,0
3356,16054,0,0,0
3356,16055,0,0,0
3356,16056,0,0,0
3356,16061,0,0,0
3356,16062,0,0,0
3356,16063,0,0,0
3356,16064,0,0,0
3356,16065,0,0,0
3356,16066,18,0,18
3356,16067,0,0,0
3356,16068,0,0,0
3356,16069,0,0,0
3356,16070,0,0,0
3356,16071,0,0,0
3356,16072,0,0,0
3356,16073,0,0,0
3356,16074,0,0,0
3356,16075,0,0,0
3356,16076,0,0,0
3356,16077,0,0,0
3357,1001,16,0,16
3357,1002,69,26,43
3357,1003,62,12,50
3357,1004,52,11,41
3357,1051,79,66,13
3357,1053,75,38,37
3357,1054,66,31,35
3357,1055,45,28,17
3357,1056,137,51,86
3357,1057,11,11,0
3357,1058,63,38,25
3357,1059,76,43,33
3357,1060,95,34,61
3357,1061,50,40,10
3357,1062,129,29,100
3357,2000,4123,461,3662
3357,3101,27,0,27
3357,3102,0,0,0
3357,3103,14,0,14
3357,3151,22,10,12
3357,3153,0,0,0
3357,3154,0,0,0
3357,3155,31,13,18
3357,3157,0,0,0
3357,3158,0,0,0
3357,3159,33,15,18
3357,3241,535,109,426
3357,3251,584,267,317
3357,3252,0,0,0
3357,3254,52,22,30
3357,3255,0,0,0
3357,3256,194,119,75
3357,3257,10,10,0
3357,3351,164,67,97
3357,3352,2072,1286,786
3357,3353,2145,735,1410
3357,3354,0,0,0
3357,3355,159,56,103
3357,3356,2616,948,1668
3357,3357,0,0,0
3357,3358,3150,1622,1528
3357,3359,5028,2255,2773
3357,3360,75,20,55
3357,3361,5529,2155,3374
3357,3401,133,52,81
3357,3402,13,0,13
3357,3403,161,64,97
3357,3404,45,11,34
3357,3405,18,0,18
3357,3451,73,34,39
3357,3452,68,42,26
3357,3453,91,46,45
3357,3454,82,33,49
3357,3455,34,22,12
3357,3456,11,0,11
3357,3457,65,35,30
3357,3458,162,86,76
3357,3459,60,24,36
3357,3460,115,89,26
3357,3461,104,42,62
3357,3462,0,0,0
3357,4011,5934,968,4966
3357,4012,550,171,379
3357,5111,71,12,59
3357,5112,12,12,0
3357,5113,37,15,22
3357,5114,0,0,0
3357,5116,0,0,0
3357,5117,0,0,0
3357,5119,0,0,0
3357,5120,0,0,0
3357,5122,0,0,0
3357,5124,10,0,10
3357,5154,0,0,0
3357,5158,29,0,29
3357,5162,13,0,13
3357,5166,0,0,0
3357,5170,25,25,0
3357,5314,18,0,18
3357,5315,77,15,62
3357,5316,0,0,0
3357,5334,16,0,16
3357,5358,0,0,0
3357,5362,18,0,18
3357,5366,0,0,0
3357,5370,0,0,0
3357,5374,18,0,18
3357,5378,0,0,0
3357,5382,27,0,27
3357,5512,0,0,0
3357,5513,0,0,0
3357,5515,53,11,42
3357,5554,27,16,11
3357,5558,16,16,0
3357,5562,14,0,14
3357,5566,56,26,30
3357,5570,60,49,11
3357,5711,18,0,18
3357,5754,21,0,21
3357,5758,12,0,12
3357,5762,0,0,0
3357,5766,11,11,0
3357,5770,27,0,27
3357,5774,0,0,0
3357,5911,10,0,10
3357,5913,21,0,21
3357,5914,0,0,0
3357,5915,29,19,10
3357,5916,0,0,0
3357,5954,0,0,0
3357,5958,0,0,0
3357,5962,0,0,0
3357,5966,0,0,0
3357,5970,0,0,0
3357,5974,20,10,10
3357,5978,20,0,20
3357,6411,0,0,0
3357,6412,153,11,142
3357,6413,0,0,0
3357,6414,16,0,16
3357,6431,18,0,18
3357,6432,34,34,0
3357,6433,0,0,0
3357,6434,16,0,16
3357,6435,15,0,15
3357,6436,18,0,18
3357,6437,0,0,0
3357,6438,24,0,24
3357,6439,0,0,0
3357,6440,0,0,0
3357,6531,0,0,0
3357,6532,0,0,0
3357,6533,0,0,0
3357,6534,0,0,0
3357,6535,0,0,0
3357,6611,0,0,0
3357,6631,0,0,0
3357,6632,0,0,0
3357,6633,0,0,0
3357,6634,0,0,0
3357,6635,0,0,0
3357,6636,0,0,0
3357,7111,0,0,0
3357,7131,0,0,0
3357,7132,0,0,0
3357,7133,0,0,0
3357,7134,0,0,0
3357,7135,0,0,0
3357,7137,0,0,0
3357,7138,0,0,0
3357,7140,0,0,0
3357,7141,0,0,0
3357,7143,0,0,0
3357,7211,0,0,0
3357,7231,0,0,0
3357,7232,0,0,0
3357,7233,0,0,0
3357,7235,0,0,0
3357,7311,0,0,0
3357,7312,0,0,0
3357,7313,0,0,0
3357,7314,0,0,0
3357,7315,0,0,0
3357,7316,0,0,0
3357,7317,0,0,0
3357,7318,0,0,0
3357,7319,0,0,0
3357,7320,0,0,0
3357,7331,0,0,0
3357,7332,0,0,0
3357,7333,0,0,0
3357,7334,0,0,0
3357,7335,0,0,0
3357,7336,0,0,0
3357,7337,0,0,0
3357,7338,0,0,0
3357,7339,0,0,0
3357,7340,0,0,0
3357,8111,24,0,24
3357,8115,0,0,0
3357,8116,20,0,20
3357,8117,12,0,12
3357,8118,0,0,0
3357,8119,0,0,0
3357,8121,0,0,0
3357,8125,0,0,0
3357,8126,10,0,10
3357,8127,0,0,0
3357,8128,0,0,0
3357,8135,0,0,0
3357,8136,0,0,0
3357,8211,0,0,0
3357,8212,0,0,0
3357,8215,0,0,0
3357,8216,10,0,10
3357,8221,0,0,0
3357,8222,18,0,18
3357,8225,0,0,0
3357,8226,17,0,17
3357,8231,0,0,0
3357,8235,0,0,0
3357,8236,0,0,0
3357,8237,0,0,0
3357,8311,0,0,0
3357,8315,0,0,0
3357,8316,0,0,0
3357,8317,21,0,21
3357,8325,0,0,0
3357,8326,0,0,0
3357,8327,10,0,10
3357,8335,0,0,0
3357,8336,0,0,0
3357,8337,0,0,0
3357,8415,0,0,0
3357,8416,0,0,0
3357,8417,0,0,0
3357,8421,12,0,12
3357,8425,0,0,0
3357,8426,0,0,0
3357,8435,0,0,0
3357,8436,0,0,0
3357,8437,0,0,0
3357,9161,0,0,0
3357,9162,69,0,69
3357,9163,0,0,0
3357,9171,0,0,0
3357,9172,28,0,28
3357,9173,0,0,0
3357,9174,0,0,0
3357,9175,0,0,0
3357,9176,0,0,0
3357,9177,0,0,0
3357,9178,11,0,11
3357,9179,0,0,0
3357,9180,0,0,0
3357,9181,0,0,0
3357,9182,0,0,0
3357,9183,0,0,0
3357,9184,35,0,35
3357,9185,0,0,0
3357,9186,0,0,0
3357,9187,0,0,0
3357,9188,0,0,0
3357,9189,0,0,0
3357,9190,0,0,0
3357,9261,0,0,0
3357,9262,0,0,0
3357,9263,0,0,0
3357,9271,0,0,0
3357,9272,0,0,0
3357,9273,0,0,0
3357,9274,0,0,0
3357,9275,0,0,0
3357,9276,0,0,0
3357,9277,0,0,0
3357,9278,0,0,0
3357,9279,0,0,0
3357,9361,0,0,0
3357,9362,0,0,0
3357,9363,0,0,0
3357,9371,0,0,0
3357,9372,0,0,0
3357,9373,0,0,0
3357,9374,0,0,0
3357,9375,0,0,0
3357,9376,0,0,0
3357,9377,0,0,0
3357,9461,0,0,0
3357,9462,0,0,0
3357,9463,0,0,0
3357,9464,0,0,0
3357,9471,0,0,0
3357,9472,0,0,0
3357,9473,0,0,0
3357,9474,0,0,0
3357,9475,0,0,0
3357,9476,0,0,0
3357,9477,0,0,0
3357,9478,0,0,0
3357,9479,0,0,0
3357,9561,0,0,0
3357,9562,0,0,0
3357,9563,0,0,0
3357,9564,20,0,20
3357,9565,0,0,0
3357,9571,0,0,0
3357,9572,0,0,0
3357,9573,0,0,0
3357,9574,0,0,0
3357,9575,23,23,0
3357,9576,0,0,0
3357,9577,0,0,0
3357,9661,0,0,0
3357,9662,0,0,0
3357,9663,0,0,0
3357,9671,26,26,0
3357,9672,0,0,0
3357,9673,0,0,0
3357,9674,0,0,0
3357,9675,0,0,0
3357,9676,0,0,0
3357,9677,0,0,0
3357,9678,0,0,0
3357,9679,0,0,0
3357,9761,22,0,22
3357,9762,0,0,0
3357,9763,0,0,0
3357,9764,0,0,0
3357,9771,0,0,0
3357,9772,0,0,0
3357,9773,0,0,0
3357,9774,0,0,0
3357,9775,0,0,0
3357,9776,0,0,0
3357,9777,0,0,0
3357,9778,0,0,0
3357,9779,0,0,0
3357,9780,0,0,0
3357,10041,11,11,0
3357,10042,0,0,0
3357,10043,0,0,0
3357,10044,0,0,0
3357,10045,0,0,0
3357,10046,0,0,0
3357,11000,261,84,177
3357,12051,0,0,0
3357,12052,0,0,0
3357,12053,0,0,0
3357,12054,0,0,0
3357,12060,0,0,0
3357,12061,10,10,0
3357,12062,0,0,0
3357,12063,0,0,0
3357,12064,14,14,0
3357,12065,0,0,0
3357,12066,0,0,0
3357,12067,0,0,0
3357,12068,13,13,0
3357,12069,0,0,0
3357,12070,10,10,0
3357,12071,0,0,0
3357,12072,11,11,0
3357,12073,10,10,0
3357,13003,0,0,0
3357,13004,12,12,0
3357,13071,38,38,0
3357,13072,29,16,13
3357,13073,40,40,0
3357,13074,12,12,0
3357,13075,34,22,12
3357,13076,114,92,22
3357,14511,17,0,17
3357,14521,0,0,0
3357,14522,0,0,0
3357,14523,0,0,0
3357,14524,0,0,0
3357,14612,15,15,0
3357,14625,0,0,0
3357,14626,0,0,0
3357,14627,32,32,0
3357,14628,0,0,0
3357,14713,24,13,11
3357,14729,0,0,0
3357,14730,0,0,0
3357,15001,0,0,0
3357,15002,10,10,0
3357,15003,0,0,0
3357,15081,0,0,0
3357,15082,0,0,0
3357,15083,15,15,0
3357,15084,21,10,11
3357,15085,0,0,0
3357,15086,0,0,0
3357,15087,0,0,0
3357,15088,0,0,0
3357,15089,0,0,0
3357,15090,22,22,0
3357,15091,0,0,0
3357,16051,0,0,0
3357,16052,0,0,0
3357,16053,0,0,0
3357,16054,0,0,0
3357,16055,0,0,0
3357,16056,0,0,0
3357,16061,0,0,0
3357,16062,0,0,0
3357,16063,0,0,0
3357,16064,0,0,0
3357,16065,0,0,0
3357,16066,0,0,0
3357,16067,0,0,0
3357,16068,0,0,0
3357,16069,0,0,0
3357,16070,0,0,0
3357,16071,0,0,0
3357,16072,0,0,0
3357,16073,0,0,0
3357,16074,0,0,0
3357,16075,0,0,0
3357,16076,0,0,0
3357,16077,0,0,0
3358,1001,10,0,10
3358,1002,53,26,27
3358,1003,50,12,38
3358,1004,147,0,147
3358,1051,15,15,0
3358,1053,72,40,32
3358,1054,36,12,24
3358,1055,41,22,19
3358,1056,95,40,55
3358,1057,13,13,0
3358,1058,42,21,21
3358,1059,24,0,24
3358,1060,114,57,57
3358,1061,13,0,13
3358,1062,122,36,86
3358,2000,2628,433,2195
3358,3101,92,37,55
3358,3102,28,17,11
3358,3103,68,21,47
3358,3151,92,60,32
3358,3153,71,71,0
3358,3154,50,14,36
3358,3155,0,0,0
3358,3157,69,39,30
3358,3158,15,15,0
3358,3159,48,20,28
3358,3241,5780,1044,4736
3358,3251,155,61,94
3358,3252,43,23,20
3358,3254,123,54,69
3358,3255,0,0,0
3358,3256,1052,591,461
3358,3257,73,42,31
3358,3351,3201,1939,1262
3358,3352,38,23,15
3358,3353,1694,589,1105
3358,3354,46,46,0
3358,3355,813,449,364
3358,3356,88,28,60
3358,3357,3150,1528,1622
3358,3358,0,0,0
3358,3359,229,83,146
3358,3360,707,521,186
3358,3361,1761,583,1178
3358,3401,34,20,14
3358,3402,21,0,21
3358,3403,131,111,20
3358,3404,25,0,25
3358,3405,0,0,0
3358,3451,29,29,0
3358,3452,27,13,14
3358,3453,54,40,14
3358,3454,49,21,28
3358,3455,18,18,0
3358,3456,30,16,14
3358,3457,0,0,0
3358,3458,68,49,19
3358,3459,48,35,13
3358,3460,46,30,16
3358,3461,0,0,0
3358,3462,0,0,0
3358,4011,765,177,588
3358,4012,57,28,29
3358,5111,43,0,43
3358,5112,23,10,13
3358,5113,22,0,22
3358,5114,0,0,0
3358,5116,0,0,0
3358,5117,0,0,0
3358,5119,0,0,0
3358,5120,0,0,0
3358,5122,0,0,0
3358,5124,0,0,0
3358,5154,0,0,0
3358,5158,39,10,29
3358,5162,24,0,24
3358,5166,0,0,0
3358,5170,26,14,12
3358,5314,11,11,0
3358,5315,68,0,68
3358,5316,0,0,0
3358,5334,26,11,15
3358,5358,37,0,37
3358,5362,54,17,37
3358,5366,0,0,0
3358,5370,10,0,10
3358,5374,13,0,13
3358,5378,0,0,0
3358,5382,29,11,18
3358,5512,0,0,0
3358,5513,0,0,0
3358,5515,12,0,12
3358,5554,0,0,0
3358,5558,0,0,0
3358,5562,74,22,52
3358,5566,31,20,11
3358,5570,13,0,13
3358,5711,28,0,28
3358,5754,41,11,30
3358,5758,0,0,0
3358,5762,0,0,0
3358,5766,29,15,14
3358,5770,49,15,34
3358,5774,10,0,10
3358,5911,0,0,0
3358,5913,17,0,17
3358,5914,0,0,0
3358,5915,0,0,0
3358,5916,0,0,0
3358,5954,0,0,0
3358,5958,0,0,0
3358,5962,0,0,0
3358,5966,0,0,0
3358,5970,0,0,0
3358,5974,0,0,0
3358,5978,0,0,0
3358,6411,0,0,0
3358,6412,86,0,86
3358,6413,0,0,0
3358,6414,19,0,19
3358,6431,0,0,0
3358,6432,0,0,0
3358,6433,15,0,15
3358,6434,11,0,11
3358,6435,0,0,0
3358,6436,18,0,18
3358,6437,0,0,0
3358,6438,17,0,17
3358,6439,0,0,0
3358,6440,0,0,0
3358,6531,0,0,0
3358,6532,0,0,0
3358,6533,0,0,0
3358,6534,11,0,11
3358,6535,0,0,0
3358,6611,15,0,15
3358,6631,14,0,14
3358,6632,0,0,0
3358,6633,0,0,0
3358,6634,0,0,0
3358,6635,0,0,0
3358,6636,0,0,0
3358,7111,0,0,0
3358,7131,0,0,0
3358,7132,0,0,0
3358,7133,0,0,0
3358,7134,0,0,0
3358,7135,0,0,0
3358,7137,0,0,0
3358,7138,0,0,0
3358,7140,0,0,0
3358,7141,0,0,0
3358,7143,0,0,0
3358,7211,0,0,0
3358,7231,0,0,0
3358,7232,0,0,0
3358,7233,0,0,0
3358,7235,0,0,0
3358,7311,0,0,0
3358,7312,0,0,0
3358,7313,0,0,0
3358,7314,0,0,0
3358,7315,0,0,0
3358,7316,0,0,0
3358,7317,0,0,0
3358,7318,0,0,0
3358,7319,0,0,0
3358,7320,0,0,0
3358,7331,0,0,0
3358,7332,0,0,0
3358,7333,0,0,0
3358,7334,0,0,0
3358,7335,0,0,0
3358,7336,0,0,0
3358,7337,0,0,0
3358,7338,0,0,0
3358,7339,0,0,0
3358,7340,0,0,0
3358,8111,14,0,14
3358,8115,0,0,0
3358,8116,14,0,14
3358,8117,0,0,0
3358,8118,17,0,17
3358,8119,11,0,11
3358,8121,0,0,0
3358,8125,12,0,12
3358,8126,11,0,11
3358,8127,0,0,0
3358,8128,0,0,0
3358,8135,0,0,0
3358,8136,0,0,0
3358,8211,0,0,0
3358,8212,25,0,25
3358,8215,15,0,15
3358,8216,0,0,0
3358,8221,0,0,0
3358,8222,23,0,23
3358,8225,0,0,0
3358,8226,19,0,19
3358,8231,0,0,0
3358,8235,0,0,0
3358,8236,0,0,0
3358,8237,0,0,0
3358,8311,0,0,0
3358,8315,0,0,0
3358,8316,0,0,0
3358,8317,10,0,10
3358,8325,0,0,0
3358,8326,0,0,0
3358,8327,0,0,0
3358,8335,0,0,0
3358,8336,0,0,0
3358,8337,0,0,0
3358,8415,0,0,0
3358,8416,0,0,0
3358,8417,0,0,0
3358,8421,0,0,0
3358,8425,0,0,0
3358,8426,0,0,0
3358,8435,10,0,10
3358,8436,11,0,11
3358,8437,0,0,0
3358,9161,0,0,0
3358,9162,95,0,95
3358,9163,0,0,0
3358,9171,0,0,0
3358,9172,0,0,0
3358,9173,0,0,0
3358,9174,0,0,0
3358,9175,0,0,0
3358,9176,0,0,0
3358,9177,0,0,0
3358,9178,11,0,11
3358,9179,0,0,0
3358,9180,0,0,0
3358,9181,0,0,0
3358,9182,0,0,0
3358,9183,0,0,0
3358,9184,42,0,42
3358,9185,0,0,0
3358,9186,0,0,0
3358,9187,0,0,0
3358,9188,0,0,0
3358,9189,18,0,18
3358,9190,0,0,0
3358,9261,0,0,0
3358,9262,0,0,0
3358,9263,0,0,0
3358,9271,0,0,0
3358,9272,0,0,0
3358,9273,0,0,0
3358,9274,0,0,0
3358,9275,0,0,0
3358,9276,0,0,0
3358,9277,0,0,0
3358,9278,0,0,0
3358,9279,0,0,0
3358,9361,0,0,0
3358,9362,0,0,0
3358,9363,0,0,0
3358,9371,0,0,0
3358,9372,0,0,0
3358,9373,0,0,0
3358,9374,0,0,0
3358,9375,0,0,0
3358,9376,0,0,0
3358,9377,0,0,0
3358,9461,0,0,0
3358,9462,0,0,0
3358,9463,0,0,0
3358,9464,0,0,0
3358,9471,0,0,0
3358,9472,0,0,0
3358,9473,0,0,0
3358,9474,20,0,20
3358,9475,0,0,0
3358,9476,0,0,0
3358,9477,0,0,0
3358,9478,0,0,0
3358,9479,0,0,0
3358,9561,0,0,0
3358,9562,0,0,0
3358,9563,0,0,0
3358,9564,16,0,16
3358,9565,0,0,0
3358,9571,0,0,0
3358,9572,0,0,0
3358,9573,0,0,0
3358,9574,0,0,0
3358,9575,0,0,0
3358,9576,0,0,0
3358,9577,0,0,0
3358,9661,0,0,0
3358,9662,0,0,0
3358,9663,0,0,0
3358,9671,0,0,0
3358,9672,0,0,0
3358,9673,0,0,0
3358,9674,0,0,0
3358,9675,0,0,0
3358,9676,0,0,0
3358,9677,0,0,0
3358,9678,0,0,0
3358,9679,0,0,0
3358,9761,0,0,0
3358,9762,0,0,0
3358,9763,0,0,0
3358,9764,0,0,0
3358,9771,0,0,0
3358,9772,0,0,0
3358,9773,0,0,0
3358,9774,20,20,0
3358,9775,0,0,0
3358,9776,0,0,0
3358,9777,0,0,0
3358,9778,0,0,0
3358,9779,0,0,0
3358,9780,0,0,0
3358,10041,15,0,15
3358,10042,0,0,0
3358,10043,0,0,0
3358,10044,0,0,0
3358,10045,0,0,0
3358,10046,0,0,0
3358,11000,243,103,140
3358,12051,0,0,0
3358,12052,0,0,0
3358,12053,0,0,0
3358,12054,0,0,0
3358,12060,0,0,0
3358,12061,0,0,0
3358,12062,0,0,0
3358,12063,12,0,12
3358,12064,0,0,0
3358,12065,15,15,0
3358,12066,0,0,0
3358,12067,0,0,0
3358,12068,0,0,0
3358,12069,0,0,0
3358,12070,0,0,0
3358,12071,0,0,0
3358,12072,0,0,0
3358,12073,0,0,0
3358,13003,0,0,0
3358,13004,0,0,0
3358,13071,0,0,0
3358,13072,23,23,0
3358,13073,21,21,0
3358,13074,23,10,13
3358,13075,15,15,0
3358,13076,38,27,11
3358,14511,0,0,0
3358,14521,0,0,0
3358,14522,12,12,0
3358,14523,0,0,0
3358,14524,0,0,0
3358,14612,11,0,11
3358,14625,0,0,0
3358,14626,59,59,0
3358,14627,0,0,0
3358,14628,0,0,0
3358,14713,0,0,0
3358,14729,0,0,0
3358,14730,0,0,0
3358,15001,0,0,0
3358,15002,14,14,0
3358,15003,21,11,10
3358,15081,40,40,0
3358,15082,0,0,0
3358,15083,29,16,13
3358,15084,73,0,73
3358,15085,29,29,0
3358,15086,0,0,0
3358,15087,0,0,0
3358,15088,0,0,0
3358,15089,10,10,0
3358,15090,53,53,0
3358,15091,0,0,0
3358,16051,0,0,0
3358,16052,0,0,0
3358,16053,0,0,0
3358,16054,0,0,0
3358,16055,0,0,0
3358,16056,0,0,0
3358,16061,15,15,0
3358,16062,0,0,0
3358,16063,0,0,0
3358,16064,0,0,0
3358,16065,0,0,0
3358,16066,0,0,0
3358,16067,0,0,0
3358,16068,0,0,0
3358,16069,0,0,0
3358,16070,0,0,0
3358,16071,0,0,0
3358,16072,0,0,0
3358,16073,0,0,0
3358,16074,0,0,0
3358,16075,0,0,0
3358,16076,0,0,0
3358,16077,0,0,0
3359,1001,31,15,16
3359,1002,132,39,93
3359,1003,122,34,88
3359,1004,48,18,30
3359,1051,142,82,60
3359,1053,139,77,62
3359,1054,96,63,33
3359,1055,63,29,34
3359,1056,488,163,325
3359,1057,12,12,0
3359,1058,76,38,38
3359,1059,35,21,14
3359,1060,291,71,220
3359,1061,184,49,135
3359,1062,304,75,229
3359,2000,23677,2424,21253
3359,3101,57,19,38
3359,3102,0,0,0
3359,3103,16,0,16
3359,3151,15,15,0
3359,3153,24,13,11
3359,3154,0,0,0
3359,3155,0,0,0
3359,3157,10,10,0
3359,3158,11,11,0
3359,3159,42,20,22
3359,3241,403,90,313
3359,3251,70,26,44
3359,3252,0,0,0
3359,3254,43,17,26
3359,3255,0,0,0
3359,3256,33,22,11
3359,3257,28,28,0
3359,3351,87,28,59
3359,3352,4709,3369,1340
3359,3353,4987,2118,2869
3359,3354,13,13,0
3359,3355,475,128,347
3359,3356,141,83,58
3359,3357,5028,2773,2255
3359,3358,229,146,83
3359,3359,0,0,0
3359,3360,51,23,28
3359,3361,136,48,88
3359,3401,34,10,24
3359,3402,28,10,18
3359,3403,86,28,58
3359,3404,51,0,51
3359,3405,34,21,13
3359,3451,14,14,0
3359,3452,40,24,16
3359,3453,42,21,21
3359,3454,45,20,25
3359,3455,10,10,0
3359,3456,0,0,0
3359,3457,68,35,33
3359,3458,62,30,32
3359,3459,23,0,23
3359,3460,26,12,14
3359,3461,79,40,39
3359,3462,0,0,0
3359,4011,567,109,458
3359,4012,132,51,81
3359,5111,134,0,134
3359,5112,24,0,24
3359,5113,67,14,53
3359,5114,10,0,10
3359,5116,10,0,10
3359,5117,0,0,0
3359,5119,0,0,0
3359,5120,0,0,0
3359,5122,0,0,0
3359,5124,0,0,0
3359,5154,0,0,0
3359,5158,43,0,43
3359,5162,32,20,12
3359,5166,23,10,13
3359,5170,46,17,29
3359,5314,16,0,16
3359,5315,99,11,88
3359,5316,0,0,0
3359,5334,42,12,30
3359,5358,0,0,0
3359,5362,23,0,23
3359,5366,0,0,0
3359,5370,0,0,0
3359,5374,42,0,42
3359,5378,0,0,0
3359,5382,13,0,13
3359,5512,0,0,0
3359,5513,40,0,40
3359,5515,32,13,19
3359,5554,11,0,11
3359,5558,21,0,21
3359,5562,15,0,15
3359,5566,68,22,46
3359,5570,11,11,0
3359,5711,25,0,25
3359,5754,19,0,19
3359,5758,16,0,16
3359,5762,13,13,0
3359,5766,10,10,0
3359,5770,48,18,30
3359,5774,0,0,0
3359,5911,13,0,13
3359,5913,52,0,52
3359,5914,0,0,0
3359,5915,0,0,0
3359,5916,0,0,0
3359,5954,0,0,0
3359,5958,0,0,0
3359,5962,0,0,0
3359,5966,0,0,0
3359,5970,0,0,0
3359,5974,10,0,10
3359,5978,44,0,44
3359,6411,0,0,0
3359,6412,98,13,85
3359,6413,0,0,0
3359,6414,29,0,29
3359,6431,0,0,0
3359,6432,0,0,0
3359,6433,27,0,27
3359,6434,53,11,42
3359,6435,19,0,19
3359,6436,33,0,33
3359,6437,12,0,12
3359,6438,41,10,31
3359,6439,15,0,15
3359,6440,0,0,0
3359,6531,0,0,0
3359,6532,10,0,10
3359,6533,0,0,0
3359,6534,0,0,0
3359,6535,0,0,0
3359,6611,0,0,0
3359,6631,0,0,0
3359,6632,0,0,0
3359,6633,0,0,0
3359,6634,0,0,0
3359,6635,0,0,0
3359,6636,0,0,0
3359,7111,0,0,0
3359,7131,0,0,0
3359,7132,0,0,0
3359,7133,0,0,0
3359,7134,0,0,0
3359,7135,0,0,0
3359,7137,16,0,16
3359,7138,0,0,0
3359,7140,0,0,0
3359,7141,0,0,0
3359,7143,0,0,0
3359,7211,0,0,0
3359,7231,0,0,0
3359,7232,0,0,0
3359,7233,0,0,0
3359,7235,0,0,0
3359,7311,0,0,0
3359,7312,0,0,0
3359,7313,0,0,0
3359,7314,0,0,0
3359,7315,0,0,0
3359,7316,0,0,0
3359,7317,0,0,0
3359,7318,10,0,10
3359,7319,0,0,0
3359,7320,0,0,0
3359,7331,0,0,0
3359,7332,0,0,0
3359,7333,0,0,0
3359,7334,0,0,0
3359,7335,0,0,0
3359,7336,0,0,0
3359,7337,0,0,0
3359,7338,0,0,0
3359,7339,0,0,0
3359,7340,0,0,0
3359,8111,37,0,37
3359,8115,0,0,0
3359,8116,26,0,26
3359,8117,0,0,0
3359,8118,14,0,14
3359,8119,0,0,0
3359,8121,0,0,0
3359,8125,14,0,14
3359,8126,12,0,12
3359,8127,0,0,0
3359,8128,0,0,0
3359,8135,0,0,0
3359,8136,0,0,0
3359,8211,0,0,0
3359,8212,13,0,13
3359,8215,14,0,14
3359,8216,0,0,0
3359,8221,24,0,24
3359,8222,18,0,18
3359,8225,0,0,0
3359,8226,35,15,20
3359,8231,0,0,0
3359,8235,0,0,0
3359,8236,0,0,0
3359,8237,0,0,0
3359,8311,0,0,0
3359,8315,29,18,11
3359,8316,0,0,0
3359,8317,21,0,21
3359,8325,0,0,0
3359,8326,0,0,0
3359,8327,0,0,0
3359,8335,0,0,0
3359,8336,0,0,0
3359,8337,0,0,0
3359,8415,0,0,0
3359,8416,0,0,0
3359,8417,0,0,0
3359,8421,13,0,13
3359,8425,0,0,0
3359,8426,23,0,23
3359,8435,15,0,15
3359,8436,0,0,0
3359,8437,0,0,0
3359,9161,0,0,0
3359,9162,119,18,101
3359,9163,0,0,0
3359,9171,0,0,0
3359,9172,10,0,10
3359,9173,0,0,0
3359,9174,0,0,0
3359,9175,0,0,0
3359,9176,0,0,0
3359,9177,13,0,13
3359,9178,18,0,18
3359,9179,0,0,0
3359,9180,0,0,0
3359,9181,0,0,0
3359,9182,0,0,0
3359,9183,0,0,0
3359,9184,44,0,44
3359,9185,0,0,0
3359,9186,10,0,10
3359,9187,0,0,0
3359,9188,0,0,0
3359,9189,0,0,0
3359,9190,0,0,0
3359,9261,0,0,0
3359,9262,0,0,0
3359,9263,0,0,0
3359,9271,0,0,0
3359,9272,0,0,0
3359,9273,0,0,0
3359,9274,0,0,0
3359,9275,0,0,0
3359,9276,0,0,0
3359,9277,0,0,0
3359,9278,0,0,0
3359,9279,0,0,0
3359,9361,0,0,0
3359,9362,0,0,0
3359,9363,0,0,0
3359,9371,0,0,0
3359,9372,0,0,0
3359,9373,0,0,0
3359,9374,0,0,0
3359,9375,0,0,0
3359,9376,0,0,0
3359,9377,0,0,0
3359,9461,0,0,0
3359,9462,0,0,0
3359,9463,0,0,0
3359,9464,0,0,0
3359,9471,0,0,0
3359,9472,0,0,0
3359,9473,0,0,0
3359,9474,0,0,0
3359,9475,11,0,11
3359,9476,0,0,0
3359,9477,0,0,0
3359,9478,0,0,0
3359,9479,0,0,0
3359,9561,0,0,0
3359,9562,0,0,0
3359,9563,0,0,0
3359,9564,30,0,30
3359,9565,0,0,0
3359,9571,0,0,0
3359,9572,0,0,0
3359,9573,0,0,0
3359,9574,0,0,0
3359,9575,0,0,0
3359,9576,0,0,0
3359,9577,0,0,0
3359,9661,0,0,0
3359,9662,0,0,0
3359,9663,0,0,0
3359,9671,0,0,0
3359,9672,0,0,0
3359,9673,0,0,0
3359,9674,0,0,0
3359,9675,0,0,0
3359,9676,0,0,0
3359,9677,0,0,0
3359,9678,0,0,0
3359,9679,0,0,0
3359,9761,86,0,86
3359,9762,0,0,0
3359,9763,0,0,0
3359,9764,0,0,0
3359,9771,0,0,0
3359,9772,0,0,0
3359,9773,0,0,0
3359,9774,0,0,0
3359,9775,0,0,0
3359,9776,0,0,0
3359,9777,0,0,0
3359,9778,0,0,0
3359,9779,11,0,11
3359,9780,0,0,0
3359,10041,10,0,10
3359,10042,0,0,0
3359,10043,0,0,0
3359,10044,0,0,0
3359,10045,0,0,0
3359,10046,0,0,0
3359,11000,331,91,240
3359,12051,0,0,0
3359,12052,0,0,0
3359,12053,0,0,0
3359,12054,16,16,0
3359,12060,0,0,0
3359,12061,0,0,0
3359,12062,11,11,0
3359,12063,0,0,0
3359,12064,0,0,0
3359,12065,19,0,19
3359,12066,0,0,0
3359,12067,0,0,0
3359,12068,0,0,0
3359,12069,17,17,0
3359,12070,11,11,0
3359,12071,0,0,0
3359,12072,0,0,0
3359,12073,0,0,0
3359,13003,70,38,32
3359,13004,13,13,0
3359,13071,79,64,15
3359,13072,46,32,14
3359,13073,56,44,12
3359,13074,39,23,16
3359,13075,61,49,12
3359,13076,95,76,19
3359,14511,0,0,0
3359,14521,0,0,0
3359,14522,0,0,0
3359,14523,0,0,0
3359,14524,0,0,0
3359,14612,48,0,48
3359,14625,11,11,0
3359,14626,0,0,0
3359,14627,12,12,0
3359,14628,0,0,0
3359,14713,12,0,12
3359,14729,14,14,0
3359,14730,0,0,0
3359,15001,0,0,0
3359,15002,0,0,0
3359,15003,0,0,0
3359,15081,39,16,23
3359,15082,33,14,19
3359,15083,0,0,0
3359,15084,12,12,0
3359,15085,10,10,0
3359,15086,0,0,0
3359,15087,0,0,0
3359,15088,40,22,18
3359,15089,17,17,0
3359,15090,0,0,0
3359,15091,0,0,0
3359,16051,0,0,0
3359,16052,0,0,0
3359,16053,0,0,0
3359,16054,0,0,0
3359,16055,0,0,0
3359,16056,0,0,0
3359,16061,0,0,0
3359,16062,0,0,0
3359,16063,0,0,0
3359,16064,0,0,0
3359,16065,0,0,0
3359,16066,0,0,0
3359,16067,0,0,0
3359,16068,0,0,0
3359,16069,0,0,0
3359,16070,0,0,0
3359,16071,0,0,0
3359,16072,0,0,0
3359,16073,0,0,0
3359,16074,0,0,0
3359,16075,0,0,0
3359,16076,0,0,0
3359,16077,0,0,0
3360,1001,0,0,0
3360,1002,19,0,19
3360,1003,22,0,22
3360,1004,27,0,27
3360,1051,13,13,0
3360,1053,175,34,141
3360,1054,11,0,11
3360,1055,31,12,19
3360,1056,41,12,29
3360,1057,0,0,0
3360,1058,28,15,13
3360,1059,11,11,0
3360,1060,63,14,49
3360,1061,0,0,0
3360,1062,89,19,70
3360,2000,1903,292,1611
3360,3101,162,38,124
3360,3102,13,0,13
3360,3103,388,38,350
3360,3151,1100,583,517
3360,3153,19,0,19
3360,3154,46,14,32
3360,3155,16,16,0
3360,3157,26,10,16
3360,3158,26,12,14
3360,3159,55,36,19
3360,3241,715,169,546
3360,3251,22,12,10
3360,3252,0,0,0
3360,3254,57,33,24
3360,3255,0,0,0
3360,3256,11,0,11
3360,3257,20,10,10
3360,3351,1237,444,793
3360,3352,10,10,0
3360,3353,562,145,417
3360,3354,2035,1420,615
3360,3355,5377,1675,3702
3360,3356,12,12,0
3360,3357,75,55,20
3360,3358,707,186,521
3360,3359,51,28,23
3360,3360,0,0,0
3360,3361,68,42,26
3360,3401,0,0,0
3360,3402,0,0,0
3360,3403,15,0,15
3360,3404,0,0,0
3360,3405,0,0,0
3360,3451,0,0,0
3360,3452,0,0,0
3360,3453,0,0,0
3360,3454,29,0,29
3360,3455,0,0,0
3360,3456,0,0,0
3360,3457,0,0,0
3360,3458,0,0,0
3360,3459,12,0,12
3360,3460,0,0,0
3360,3461,0,0,0
3360,3462,0,0,0
3360,4011,82,39,43
3360,4012,0,0,0
3360,5111,20,0,20
3360,5112,0,0,0
3360,5113,29,0,29
3360,5114,0,0,0
3360,5116,0,0,0
3360,5117,0,0,0
3360,5119,0,0,0
3360,5120,0,0,0
3360,5122,0,0,0
3360,5124,0,0,0
3360,5154,0,0,0
3360,5158,0,0,0
3360,5162,0,0,0
3360,5166,0,0,0
3360,5170,0,0,0
3360,5314,10,0,10
3360,5315,33,0,33
3360,5316,0,0,0
3360,5334,10,0,10
3360,5358,0,0,0
3360,5362,0,0,0
3360,5366,0,0,0
3360,5370,0,0,0
3360,5374,0,0,0
3360,5378,0,0,0
3360,5382,17,0,17
3360,5512,0,0,0
3360,5513,0,0,0
3360,5515,0,0,0
3360,5554,0,0,0
3360,5558,0,0,0
3360,5562,0,0,0
3360,5566,0,0,0
3360,5570,0,0,0
3360,5711,0,0,0
3360,5754,15,0,15
3360,5758,0,0,0
3360,5762,0,0,0
3360,5766,0,0,0
3360,5770,0,0,0
3360,5774,0,0,0
3360,5911,0,0,0
3360,5913,0,0,0
3360,5914,0,0,0
3360,5915,0,0,0
3360,5916,0,0,0
3360,5954,0,0,0
3360,5958,0,0,0
3360,5962,0,0,0
3360,5966,0,0,0
3360,5970,0,0,0
3360,5974,0,0,0
3360,5978,0,0,0
3360,6411,0,0,0
3360,6412,41,0,41
3360,6413,0,0,0
3360,6414,0,0,0
3360,6431,0,0,0
3360,6432,0,0,0
3360,6433,0,0,0
3360,6434,16,0,16
3360,6435,0,0,0
3360,6436,0,0,0
3360,6437,0,0,0
3360,6438,0,0,0
3360,6439,0,0,0
3360,6440,0,0,0
3360,6531,0,0,0
3360,6532,0,0,0
3360,6533,0,0,0
3360,6534,0,0,0
3360,6535,0,0,0
3360,6611,0,0,0
3360,6631,0,0,0
3360,6632,0,0,0
3360,6633,0,0,0
3360,6634,0,0,0
3360,6635,0,0,0
3360,6636,0,0,0
3360,7111,0,0,0
3360,7131,0,0,0
3360,7132,0,0,0
3360,7133,0,0,0
3360,7134,0,0,0
3360,7135,0,0,0
3360,7137,0,0,0
3360,7138,0,0,0
3360,7140,0,0,0
3360,7141,0,0,0
3360,7143,0,0,0
3360,7211,0,0,0
3360,7231,0,0,0
3360,7232,0,0,0
3360,7233,0,0,0
3360,7235,0,0,0
3360,7311,0,0,0
3360,7312,0,0,0
3360,7313,0,0,0
3360,7314,0,0,0
3360,7315,0,0,0
3360,7316,0,0,0
3360,7317,0,0,0
3360,7318,0,0,0
3360,7319,0,0,0
3360,7320,0,0,0
3360,7331,0,0,0
3360,7332,0,0,0
3360,7333,0,0,0
3360,7334,0,0,0
3360,7335,0,0,0
3360,7336,0,0,0
3360,7337,0,0,0
3360,7338,0,0,0
3360,7339,0,0,0
3360,7340,0,0,0
3360,8111,18,0,18
3360,8115,0,0,0
3360,8116,0,0,0
3360,8117,0,0,0
3360,8118,0,0,0
3360,8119,0,0,0
3360,8121,0,0,0
3360,8125,0,0,0
3360,8126,0,0,0
3360,8127,0,0,0
3360,8128,0,0,0
3360,8135,0,0,0
3360,8136,0,0,0
3360,8211,0,0,0
3360,8212,0,0,0
3360,8215,0,0,0
3360,8216,0,0,0
3360,8221,0,0,0
3360,8222,10,0,10
3360,8225,0,0,0
3360,8226,0,0,0
3360,8231,0,0,0
3360,8235,0,0,0
3360,8236,0,0,0
3360,8237,0,0,0
3360,8311,0,0,0
3360,8315,0,0,0
3360,8316,0,0,0
3360,8317,0,0,0
3360,8325,0,0,0
3360,8326,0,0,0
3360,8327,0,0,0
3360,8335,0,0,0
3360,8336,0,0,0
3360,8337,0,0,0
3360,8415,0,0,0
3360,8416,0,0,0
3360,8417,0,0,0
3360,8421,0,0,0
3360,8425,0,0,0
3360,8426,0,0,0
3360,8435,0,0,0
3360,8436,0,0,0
3360,8437,0,0,0
3360,9161,0,0,0
3360,9162,38,0,38
3360,9163,0,0,0
3360,9171,0,0,0
3360,9172,0,0,0
3360,9173,0,0,0
3360,9174,0,0,0
3360,9175,0,0,0
3360,9176,0,0,0
3360,9177,0,0,0
3360,9178,0,0,0
3360,9179,0,0,0
3360,9180,0,0,0
3360,9181,0,0,0
3360,9182,0,0,0
3360,9183,0,0,0
3360,9184,15,0,15
3360,9185,0,0,0
3360,9186,0,0,0
3360,9187,0,0,0
3360,9188,0,0,0
3360,9189,0,0,0
3360,9190,0,0,0
3360,9261,0,0,0
3360,9262,0,0,0
3360,9263,0,0,0
3360,9271,0,0,0
3360,9272,0,0,0
3360,9273,0,0,0
3360,9274,0,0,0
3360,9275,0,0,0
3360,9276,0,0,0
3360,9277,0,0,0
3360,9278,0,0,0
3360,9279,0,0,0
3360,9361,0,0,0
3360,9362,0,0,0
3360,9363,0,0,0
3360,9371,0,0,0
3360,9372,0,0,0
3360,9373,0,0,0
3360,9374,0,0,0
3360,9375,0,0,0
3360,9376,0,0,0
3360,9377,0,0,0
3360,9461,0,0,0
3360,9462,0,0,0
3360,9463,0,0,0
3360,9464,0,0,0
3360,9471,0,0,0
3360,9472,0,0,0
3360,9473,0,0,0
3360,9474,0,0,0
3360,9475,0,0,0
3360,9476,0,0,0
3360,9477,0,0,0
3360,9478,0,0,0
3360,9479,0,0,0
3360,9561,0,0,0
3360,9562,0,0,0
3360,9563,0,0,0
3360,9564,22,0,22
3360,9565,0,0,0
3360,9571,0,0,0
3360,9572,0,0,0
3360,9573,0,0,0
3360,9574,0,0,0
3360,9575,0,0,0
3360,9576,0,0,0
3360,9577,0,0,0
3360,9661,0,0,0
3360,9662,0,0,0
3360,9663,0,0,0
3360,9671,0,0,0
3360,9672,0,0,0
3360,9673,0,0,0
3360,9674,0,0,0
3360,9675,0,0,0
3360,9676,0,0,0
3360,9677,0,0,0
3360,9678,0,0,0
3360,9679,0,0,0
3360,9761,0,0,0
3360,9762,0,0,0
3360,9763,0,0,0
3360,9764,0,0,0
3360,9771,0,0,0
3360,9772,0,0,0
3360,9773,0,0,0
3360,9774,0,0,0
3360,9775,0,0,0
3360,9776,0,0,0
3360,9777,0,0,0
3360,9778,0,0,0
3360,9779,0,0,0
3360,9780,0,0,0
3360,10041,0,0,0
3360,10042,0,0,0
3360,10043,0,0,0
3360,10044,0,0,0
3360,10045,0,0,0
3360,10046,0,0,0
3360,11000,129,39,90
3360,12051,0,0,0
3360,12052,0,0,0
3360,12053,0,0,0
3360,12054,0,0,0
3360,12060,0,0,0
3360,12061,0,0,0
3360,12062,0,0,0
3360,12063,0,0,0
3360,12064,11,11,0
3360,12065,10,10,0
3360,12066,0,0,0
3360,12067,0,0,0
3360,12068,10,0,10
3360,12069,0,0,0
3360,12070,21,21,0
3360,12071,0,0,0
3360,12072,0,0,0
3360,12073,0,0,0
3360,13003,0,0,0
3360,13004,51,0,51
3360,13071,15,0,15
3360,13072,27,27,0
3360,13073,0,0,0
3360,13074,0,0,0
3360,13075,0,0,0
3360,13076,132,101,31
3360,14511,0,0,0
3360,14521,0,0,0
3360,14522,0,0,0
3360,14523,0,0,0
3360,14524,0,0,0
3360,14612,0,0,0
3360,14625,0,0,0
3360,14626,0,0,0
3360,14627,0,0,0
3360,14628,0,0,0
3360,14713,10,0,10
3360,14729,0,0,0
3360,14730,0,0,0
3360,15001,0,0,0
3360,15002,0,0,0
3360,15003,29,17,12
3360,15081,1176,956,220
3360,15082,0,0,0
3360,15083,20,20,0
3360,15084,0,0,0
3360,15085,0,0,0
3360,15086,10,10,0
3360,15087,10,0,10
3360,15088,0,0,0
3360,15089,11,11,0
3360,15090,67,50,17
3360,15091,0,0,0
3360,16051,0,0,0
3360,16052,0,0,0
3360,16053,0,0,0
3360,16054,0,0,0
3360,16055,0,0,0
3360,16056,0,0,0
3360,16061,0,0,0
3360,16062,0,0,0
3360,16063,0,0,0
3360,16064,0,0,0
3360,16065,0,0,0
3360,16066,0,0,0
3360,16067,0,0,0
3360,16068,0,0,0
3360,16069,0,0,0
3360,16070,0,0,0
3360,16071,0,0,0
3360,16072,0,0,0
3360,16073,0,0,0
3360,16074,0,0,0
3360,16075,0,0,0
3360,16076,0,0,0
3360,16077,0,0,0
3361,1001,0,0,0
3361,1002,68,48,20
3361,1003,35,10,25
3361,1004,10,10,0
3361,1051,0,0,0
3361,1053,21,21,0
3361,1054,18,0,18
3361,1055,25,13,12
3361,1056,67,39,28
3361,1057,0,0,0
3361,1058,24,24,0
3361,1059,0,0,0
3361,1060,220,187,33
3361,1061,16,16,0
3361,1062,65,25,40
3361,2000,1057,236,821
3361,3101,62,33,29
3361,3102,14,14,0
3361,3103,23,0,23
3361,3151,45,33,12
3361,3153,29,12,17
3361,3154,0,0,0
3361,3155,20,20,0
3361,3157,22,22,0
3361,3158,15,15,0
3361,3159,49,37,12
3361,3241,882,236,646
3361,3251,4068,2334,1734
3361,3252,17,17,0
3361,3254,83,28,55
3361,3255,0,0,0
3361,3256,2637,1685,952
3361,3257,28,17,11
3361,3351,154,93,61
3361,3352,265,213,52
3361,3353,190,106,84
3361,3354,14,14,0
3361,3355,125,93,32
3361,3356,1440,936,504
3361,3357,5529,3374,2155
3361,3358,1761,1178,583
3361,3359,136,88,48
3361,3360,68,26,42
3361,3361,0,0,0
3361,3401,515,277,238
3361,3402,25,0,25
3361,3403,305,131,174
3361,3404,65,28,37
3361,3405,39,27,12
3361,3451,86,48,38
3361,3452,94,68,26
3361,3453,489,441,48
3361,3454,127,68,59
3361,3455,37,21,16
3361,3456,30,20,10
3361,3457,85,67,18
3361,3458,644,420,224
3361,3459,109,73,36
3361,3460,137,106,31
3361,3461,156,87,69
3361,3462,15,15,0
3361,4011,20788,5167,15621
3361,4012,259,118,141
3361,5111,100,19,81
3361,5112,0,0,0
3361,5113,26,0,26
3361,5114,0,0,0
3361,5116,0,0,0
3361,5117,0,0,0
3361,5119,0,0,0
3361,5120,0,0,0
3361,5122,0,0,0
3361,5124,10,10,0
3361,5154,0,0,0
3361,5158,12,0,12
3361,5162,28,13,15
3361,5166,0,0,0
3361,5170,12,0,12
3361,5314,33,0,33
3361,5315,72,21,51
3361,5316,0,0,0
3361,5334,10,0,10
3361,5358,0,0,0
3361,5362,17,0,17
3361,5366,0,0,0
3361,5370,0,0,0
3361,5374,33,0,33
3361,5378,0,0,0
3361,5382,26,11,15
3361,5512,0,0,0
3361,5513,0,0,0
3361,5515,36,18,18
3361,5554,0,0,0
3361,5558,0,0,0
3361,5562,0,0,0
3361,5566,39,23,16
3361,5570,11,11,0
3361,5711,52,36,16
3361,5754,39,17,22
3361,5758,12,12,0
3361,5762,11,11,0
3361,5766,28,18,10
3361,5770,55,33,22
3361,5774,0,0,0
3361,5911,13,0,13
3361,5913,29,10,19
3361,5914,0,0,0
3361,5915,0,0,0
3361,5916,0,0,0
3361,5954,22,12,10
3361,5958,0,0,0
3361,5962,23,12,11
3361,5966,0,0,0
3361,5970,0,0,0
3361,5974,10,0,10
3361,5978,35,10,25
3361,6411,0,0,0
3361,6412,80,12,68
3361,6413,0,0,0
3361,6414,14,0,14
3361,6431,0,0,0
3361,6432,0,0,0
3361,6433,12,0,12
3361,6434,33,0,33
3361,6435,11,0,11
3361,6436,15,0,15
3361,6437,0,0,0
3361,6438,65,0,65
3361,6439,0,0,0
3361,6440,12,0,12
3361,6531,0,0,0
3361,6532,0,0,0
3361,6533,0,0,0
3361,6534,0,0,0
3361,6535,0,0,0
3361,6611,22,11,11
3361,6631,0,0,0
3361,6632,0,0,0
3361,6633,0,0,0
3361,6634,0,0,0
3361,6635,0,0,0
3361,6636,0,0,0
3361,7111,0,0,0
3361,7131,0,0,0
3361,7132,0,0,0
3361,7133,0,0,0
3361,7134,0,0,0
3361,7135,0,0,0
3361,7137,0,0,0
3361,7138,0,0,0
3361,7140,0,0,0
3361,7141,0,0,0
3361,7143,0,0,0
3361,7211,0,0,0
3361,7231,0,0,0
3361,7232,0,0,0
3361,7233,0,0,0
3361,7235,0,0,0
3361,7311,0,0,0
3361,7312,0,0,0
3361,7313,0,0,0
3361,7314,0,0,0
3361,7315,0,0,0
3361,7316,0,0,0
3361,7317,0,0,0
3361,7318,0,0,0
3361,7319,0,0,0
3361,7320,0,0,0
3361,7331,0,0,0
3361,7332,0,0,0
3361,7333,0,0,0
3361,7334,0,0,0
3361,7335,0,0,0
3361,7336,0,0,0
3361,7337,0,0,0
3361,7338,0,0,0
3361,7339,0,0,0
3361,7340,0,0,0
3361,8111,36,0,36
3361,8115,11,11,0
3361,8116,11,0,11
3361,8117,0,0,0
3361,8118,36,0,36
3361,8119,0,0,0
3361,8121,0,0,0
3361,8125,0,0,0
3361,8126,15,0,15
3361,8127,0,0,0
3361,8128,0,0,0
3361,8135,0,0,0
3361,8136,0,0,0
3361,8211,0,0,0
3361,8212,0,0,0
3361,8215,17,17,0
3361,8216,0,0,0
3361,8221,0,0,0
3361,8222,0,0,0
3361,8225,0,0,0
3361,8226,17,0,17
3361,8231,0,0,0
3361,8235,0,0,0
3361,8236,0,0,0
3361,8237,0,0,0
3361,8311,0,0,0
3361,8315,0,0,0
3361,8316,0,0,0
3361,8317,12,0,12
3361,8325,0,0,0
3361,8326,0,0,0
3361,8327,0,0,0
3361,8335,0,0,0
3361,8336,0,0,0
3361,8337,0,0,0
3361,8415,0,0,0
3361,8416,0,0,0
3361,8417,0,0,0
3361,8421,0,0,0
3361,8425,0,0,0
3361,8426,0,0,0
3361,8435,0,0,0
3361,8436,0,0,0
3361,8437,0,0,0
3361,9161,0,0,0
3361,9162,102,29,73
3361,9163,0,0,0
3361,9171,0,0,0
3361,9172,0,0,0
3361,9173,0,0,0
3361,9174,0,0,0
3361,9175,0,0,0
3361,9176,0,0,0
3361,9177,0,0,0
3361,9178,12,0,12
3361,9179,0,0,0
3361,9180,0,0,0
3361,9181,0,0,0
3361,9182,0,0,0
3361,9183,0,0,0
3361,9184,25,0,25
3361,9185,0,0,0
3361,9186,0,0,0
3361,9187,0,0,0
3361,9188,0,0,0
3361,9189,0,0,0
3361,9190,0,0,0
3361,9261,0,0,0
3361,9262,0,0,0
3361,9263,0,0,0
3361,9271,0,0,0
3361,9272,0,0,0
3361,9273,0,0,0
3361,9274,0,0,0
3361,9275,0,0,0
3361,9276,0,0,0
3361,9277,0,0,0
3361,9278,0,0,0
3361,9279,0,0,0
3361,9361,0,0,0
3361,9362,0,0,0
3361,9363,0,0,0
3361,9371,0,0,0
3361,9372,0,0,0
3361,9373,0,0,0
3361,9374,0,0,0
3361,9375,0,0,0
3361,9376,0,0,0
3361,9377,0,0,0
3361,9461,0,0,0
3361,9462,13,0,13
3361,9463,0,0,0
3361,9464,0,0,0
3361,9471,0,0,0
3361,9472,0,0,0
3361,9473,0,0,0
3361,9474,0,0,0
3361,9475,0,0,0
3361,9476,0,0,0
3361,9477,0,0,0
3361,9478,0,0,0
3361,9479,0,0,0
3361,9561,0,0,0
3361,9562,0,0,0
3361,9563,0,0,0
3361,9564,22,0,22
3361,9565,0,0,0
3361,9571,0,0,0
3361,9572,0,0,0
3361,9573,0,0,0
3361,9574,0,0,0
3361,9575,0,0,0
3361,9576,0,0,0
3361,9577,0,0,0
3361,9661,0,0,0
3361,9662,0,0,0
3361,9663,0,0,0
3361,9671,0,0,0
3361,9672,0,0,0
3361,9673,0,0,0
3361,9674,0,0,0
3361,9675,0,0,0
3361,9676,0,0,0
3361,9677,0,0,0
3361,9678,0,0,0
3361,9679,0,0,0
3361,9761,0,0,0
3361,9762,0,0,0
3361,9763,0,0,0
3361,9764,0,0,0
3361,9771,0,0,0
3361,9772,0,0,0
3361,9773,0,0,0
3361,9774,0,0,0
3361,9775,0,0,0
3361,9776,0,0,0
3361,9777,0,0,0
3361,9778,0,0,0
3361,9779,0,0,0
3361,9780,0,0,0
3361,10041,0,0,0
3361,10042,0,0,0
3361,10043,0,0,0
3361,10044,0,0,0
3361,10045,0,0,0
3361,10046,0,0,0
3361,11000,207,100,107
3361,12051,0,0,0
3361,12052,0,0,0
3361,12053,0,0,0
3361,12054,0,0,0
3361,12060,0,0,0
3361,12061,13,13,0
3361,12062,0,0,0
3361,12063,0,0,0
3361,12064,0,0,0
3361,12065,11,11,0
3361,12066,0,0,0
3361,12067,14,14,0
3361,12068,0,0,0
3361,12069,16,16,0
3361,12070,0,0,0
3361,12071,0,0,0
3361,12072,0,0,0
3361,12073,0,0,0
3361,13003,10,0,10
3361,13004,11,11,0
3361,13071,29,14,15
3361,13072,20,20,0
3361,13073,27,27,0
3361,13074,13,13,0
3361,13075,15,15,0
3361,13076,24,24,0
3361,14511,0,0,0
3361,14521,0,0,0
3361,14522,0,0,0
3361,14523,0,0,0
3361,14524,0,0,0
3361,14612,11,11,0
3361,14625,10,10,0
3361,14626,0,0,0
3361,14627,0,0,0
3361,14628,12,12,0
3361,14713,34,20,14
3361,14729,0,0,0
3361,14730,0,0,0
3361,15001,0,0,0
3361,15002,0,0,0
3361,15003,13,13,0
3361,15081,29,29,0
3361,15082,0,0,0
3361,15083,23,23,0
3361,15084,13,13,0
3361,15085,26,26,0
3361,15086,0,0,0
3361,15087,0,0,0
3361,15088,0,0,0
3361,15089,16,16,0
3361,15090,32,32,0
3361,15091,0,0,0
3361,16051,0,0,0
3361,16052,0,0,0
3361,16053,0,0,0
3361,16054,0,0,0
3361,16055,0,0,0
3361,16056,0,0,0
3361,16061,0,0,0
3361,16062,0,0,0
3361,16063,0,0,0
3361,16064,0,0,0
3361,16065,0,0,0
3361,16066,0,0,0
3361,16067,0,0,0
3361,16068,0,0,0
3361,16069,0,0,0
3361,16070,0,0,0
3361,16071,0,0,0
3361,16072,0,0,0
3361,16073,0,0,0
3361,16074,0,0,0
3361,16075,0,0,0
3361,16076,0,0,0
3361,16077,0,0,0
3401,1001,214,0,214
3401,1002,0,0,0
3401,1003,22,0,22
3401,1004,0,0,0
3401,1051,0,0,0
3401,1053,0,0,0
3401,1054,0,0,0
3401,1055,16,16,0
3401,1056,28,13,15
3401,1057,0,0,0
3401,1058,0,0,0
3401,1059,0,0,0
3401,1060,12,0,12
3401,1061,0,0,0
3401,1062,18,0,18
3401,2000,311,66,245
3401,3101,13,13,0
3401,3102,0,0,0
3401,3103,0,0,0
3401,3151,0,0,0
3401,3153,0,0,0
3401,3154,0,0,0
3401,3155,0,0,0
3401,3157,0,0,0
3401,3158,0,0,0
3401,3159,12,12,0
3401,3241,224,79,145
3401,3251,2575,1089,1486
3401,3252,0,0,0
3401,3254,33,11,22
3401,3255,0,0,0
3401,3256,42,22,20
3401,3257,0,0,0
3401,3351,40,40,0
3401,3352,112,87,25
3401,3353,36,17,19
3401,3354,0,0,0
3401,3355,0,0,0
3401,3356,339,224,115
3401,3357,133,81,52
3401,3358,34,14,20
3401,3359,34,24,10
3401,3360,0,0,0
3401,3361,515,238,277
3401,3401,0,0,0
3401,3402,0,0,0
3401,3403,1410,677,733
3401,3404,39,18,21
3401,3405,70,54,16
3401,3451,350,262,88
3401,3452,65,31,34
3401,3453,190,95,95
3401,3454,43,29,14
3401,3455,104,60,44
3401,3456,0,0,0
3401,3457,64,44,20
3401,3458,6699,3900,2799
3401,3459,277,24,253
3401,3460,211,75,136
3401,3461,717,465,252
3401,3462,14,14,0
3401,4011,10801,2234,8567
3401,4012,167,100,67
3401,5111,19,0,19
3401,5112,11,11,0
3401,5113,21,10,11
3401,5114,0,0,0
3401,5116,0,0,0
3401,5117,0,0,0
3401,5119,0,0,0
3401,5120,0,0,0
3401,5122,0,0,0
3401,5124,11,11,0
3401,5154,0,0,0
3401,5158,17,0,17
3401,5162,0,0,0
3401,5166,0,0,0
3401,5170,0,0,0
3401,5314,10,0,10
3401,5315,42,15,27
3401,5316,0,0,0
3401,5334,0,0,0
3401,5358,0,0,0
3401,5362,0,0,0
3401,5366,0,0,0
3401,5370,0,0,0
3401,5374,14,0,14
3401,5378,0,0,0
3401,5382,0,0,0
3401,5512,0,0,0
3401,5513,0,0,0
3401,5515,0,0,0
3401,5554,0,0,0
3401,5558,0,0,0
3401,5562,21,0,21
3401,5566,39,24,15
3401,5570,0,0,0
3401,5711,23,0,23
3401,5754,80,10,70
3401,5758,0,0,0
3401,5762,0,0,0
3401,5766,0,0,0
3401,5770,15,0,15
3401,5774,0,0,0
3401,5911,12,0,12
3401,5913,0,0,0
3401,5914,0,0,0
3401,5915,0,0,0
3401,5916,0,0,0
3401,5954,0,0,0
3401,5958,0,0,0
3401,5962,0,0,0
3401,5966,0,0,0
3401,5970,0,0,0
3401,5974,0,0,0
3401,5978,39,0,39
3401,6411,0,0,0
3401,6412,19,0,19
3401,6413,0,0,0
3401,6414,0,0,0
3401,6431,0,0,0
3401,6432,0,0,0
3401,6433,0,0,0
3401,6434,0,0,0
3401,6435,0,0,0
3401,6436,0,0,0
3401,6437,0,0,0
3401,6438,0,0,0
3401,6439,0,0,0
3401,6440,0,0,0
3401,6531,0,0,0
3401,6532,0,0,0
3401,6533,0,0,0
3401,6534,0,0,0
3401,6535,0,0,0
3401,6611,0,0,0
3401,6631,0,0,0
3401,6632,0,0,0
3401,6633,0,0,0
3401,6634,0,0,0
3401,6635,0,0,0
3401,6636,0,0,0
3401,7111,0,0,0
3401,7131,0,0,0
3401,7132,0,0,0
3401,7133,0,0,0
3401,7134,0,0,0
3401,7135,0,0,0
3401,7137,0,0,0
3401,7138,0,0,0
3401,7140,0,0,0
3401,7141,0,0,0
3401,7143,0,0,0
3401,7211,0,0,0
3401,7231,0,0,0
3401,7232,0,0,0
3401,7233,0,0,0
3401,7235,0,0,0
3401,7311,0,0,0
3401,7312,0,0,0
3401,7313,0,0,0
3401,7314,0,0,0
3401,7315,0,0,0
3401,7316,0,0,0
3401,7317,0,0,0
3401,7318,0,0,0
3401,7319,0,0,0
3401,7320,0,0,0
3401,7331,0,0,0
3401,7332,0,0,0
3401,7333,0,0,0
3401,7334,0,0,0
3401,7335,0,0,0
3401,7336,0,0,0
3401,7337,0,0,0
3401,7338,0,0,0
3401,7339,0,0,0
3401,7340,0,0,0
3401,8111,0,0,0
3401,8115,0,0,0
3401,8116,0,0,0
3401,8117,0,0,0
3401,8118,29,18,11
3401,8119,0,0,0
3401,8121,0,0,0
3401,8125,0,0,0
3401,8126,0,0,0
3401,8127,0,0,0
3401,8128,0,0,0
3401,8135,0,0,0
3401,8136,0,0,0
3401,8211,0,0,0
3401,8212,0,0,0
3401,8215,0,0,0
3401,8216,0,0,0
3401,8221,0,0,0
3401,8222,0,0,0
3401,8225,0,0,0
3401,8226,0,0,0
3401,8231,0,0,0
3401,8235,0,0,0
3401,8236,0,0,0
3401,8237,0,0,0
3401,8311,0,0,0
3401,8315,0,0,0
3401,8316,0,0,0
3401,8317,0,0,0
3401,8325,0,0,0
3401,8326,0,0,0
3401,8327,0,0,0
3401,8335,0,0,0
3401,8336,0,0,0
3401,8337,0,0,0
3401,8415,0,0,0
3401,8416,0,0,0
3401,8417,0,0,0
3401,8421,0,0,0
3401,8425,0,0,0
3401,8426,0,0,0
3401,8435,0,0,0
3401,8436,0,0,0
3401,8437,0,0,0
3401,9161,0,0,0
3401,9162,26,0,26
3401,9163,0,0,0
3401,9171,0,0,0
3401,9172,0,0,0
3401,9173,0,0,0
3401,9174,0,0,0
3401,9175,0,0,0
3401,9176,0,0,0
3401,9177,0,0,0
3401,9178,0,0,0
3401,9179,0,0,0
3401,9180,0,0,0
3401,9181,0,0,0
3401,9182,0,0,0
3401,9183,0,0,0
3401,9184,0,0,0
3401,9185,0,0,0
3401,9186,0,0,0
3401,9187,0,0,0
3401,9188,0,0,0
3401,9189,0,0,0
3401,9190,0,0,0
3401,9261,0,0,0
3401,9262,0,0,0
3401,9263,0,0,0
3401,9271,0,0,0
3401,9272,0,0,0
3401,9273,0,0,0
3401,9274,0,0,0
3401,9275,0,0,0
3401,9276,0,0,0
3401,9277,0,0,0
3401,9278,0,0,0
3401,9279,0,0,0
3401,9361,0,0,0
3401,9362,0,0,0
3401,9363,0,0,0
3401,9371,0,0,0
3401,9372,0,0,0
3401,9373,0,0,0
3401,9374,0,0,0
3401,9375,0,0,0
3401,9376,0,0,0
3401,9377,0,0,0
3401,9461,0,0,0
3401,9462,0,0,0
3401,9463,0,0,0
3401,9464,0,0,0
3401,9471,0,0,0
3401,9472,0,0,0
3401,9473,0,0,0
3401,9474,0,0,0
3401,9475,0,0,0
3401,9476,0,0,0
3401,9477,0,0,0
3401,9478,0,0,0
3401,9479,0,0,0
3401,9561,0,0,0
3401,9562,0,0,0
3401,9563,0,0,0
3401,9564,10,0,10
3401,9565,0,0,0
3401,9571,0,0,0
3401,9572,0,0,0
3401,9573,0,0,0
3401,9574,0,0,0
3401,9575,0,0,0
3401,9576,0,0,0
3401,9577,0,0,0
3401,9661,0,0,0
3401,9662,0,0,0
3401,9663,0,0,0
3401,9671,10,0,10
3401,9672,0,0,0
3401,9673,0,0,0
3401,9674,0,0,0
3401,9675,0,0,0
3401,9676,0,0,0
3401,9677,0,0,0
3401,9678,0,0,0
3401,9679,0,0,0
3401,9761,0,0,0
3401,9762,0,0,0
3401,9763,0,0,0
3401,9764,0,0,0
3401,9771,0,0,0
3401,9772,0,0,0
3401,9773,0,0,0
3401,9774,0,0,0
3401,9775,0,0,0
3401,9776,0,0,0
3401,9777,0,0,0
3401,9778,0,0,0
3401,9779,0,0,0
3401,9780,0,0,0
3401,10041,0,0,0
3401,10042,0,0,0
3401,10043,0,0,0
3401,10044,0,0,0
3401,10045,0,0,0
3401,10046,0,0,0
3401,11000,82,52,30
3401,12051,0,0,0
3401,12052,0,0,0
3401,12053,0,0,0
3401,12054,0,0,0
3401,12060,0,0,0
3401,12061,0,0,0
3401,12062,0,0,0
3401,12063,0,0,0
3401,12064,0,0,0
3401,12065,0,0,0
3401,12066,0,0,0
3401,12067,0,0,0
3401,12068,0,0,0
3401,12069,0,0,0
3401,12070,0,0,0
3401,12071,0,0,0
3401,12072,0,0,0
3401,12073,0,0,0
3401,13003,0,0,0
3401,13004,0,0,0
3401,13071,0,0,0
3401,13072,11,11,0
3401,13073,0,0,0
3401,13074,0,0,0
3401,13075,12,12,0
3401,13076,0,0,0
3401,14511,0,0,0
3401,14521,0,0,0
3401,14522,0,0,0
3401,14523,0,0,0
3401,14524,0,0,0
3401,14612,0,0,0
3401,14625,0,0,0
3401,14626,0,0,0
3401,14627,0,0,0
3401,14628,0,0,0
3401,14713,10,10,0
3401,14729,0,0,0
3401,14730,0,0,0
3401,15001,0,0,0
3401,15002,0,0,0
3401,15003,17,17,0
3401,15081,0,0,0
3401,15082,0,0,0
3401,15083,17,17,0
3401,15084,0,0,0
3401,15085,0,0,0
3401,15086,0,0,0
3401,15087,0,0,0
3401,15088,0,0,0
3401,15089,0,0,0
3401,15090,10,10,0
3401,15091,0,0,0
3401,16051,0,0,0
3401,16052,0,0,0
3401,16053,0,0,0
3401,16054,0,0,0
3401,16055,0,0,0
3401,16056,0,0,0
3401,16061,0,0,0
3401,16062,0,0,0
3401,16063,0,0,0
3401,16064,0,0,0
3401,16065,0,0,0
3401,16066,0,0,0
3401,16067,0,0,0
3401,16068,0,0,0
3401,16069,0,0,0
3401,16070,0,0,0
3401,16071,0,0,0
3401,16072,0,0,0
3401,16073,0,0,0
3401,16074,0,0,0
3401,16075,0,0,0
3401,16076,0,0,0
3401,16077,0,0,0
3402,1001,0,0,0
3402,1002,37,15,22
3402,1003,0,0,0
3402,1004,0,0,0
3402,1051,0,0,0
3402,1053,0,0,0
3402,1054,0,0,0
3402,1055,0,0,0
3402,1056,11,11,0
3402,1057,0,0,0
3402,1058,0,0,0
3402,1059,0,0,0
3402,1060,0,0,0
3402,1061,0,0,0
3402,1062,0,0,0
3402,2000,173,71,102
3402,3101,20,0,20
3402,3102,0,0,0
3402,3103,58,23,35
3402,3151,14,14,0
3402,3153,0,0,0
3402,3154,15,15,0
3402,3155,0,0,0
3402,3157,0,0,0
3402,3158,0,0,0
3402,3159,0,0,0
3402,3241,372,277,95
3402,3251,15,15,0
3402,3252,0,0,0
3402,3254,0,0,0
3402,3255,0,0,0
3402,3256,15,15,0
3402,3257,44,44,0
3402,3351,11,11,0
3402,3352,66,56,10
3402,3353,28,28,0
3402,3354,0,0,0
3402,3355,0,0,0
3402,3356,19,19,0
3402,3357,13,13,0
3402,3358,21,21,0
3402,3359,28,18,10
3402,3360,0,0,0
3402,3361,25,25,0
3402,3401,0,0,0
3402,3402,0,0,0
3402,3403,321,122,199
3402,3404,24,0,24
3402,3405,117,69,48
3402,3451,189,124,65
3402,3452,13991,12029,1962
3402,3453,104,55,49
3402,3454,431,278,153
3402,3455,151,128,23
3402,3456,15,15,0
3402,3457,4564,3700,864
3402,3458,49,30,19
3402,3459,14,0,14
3402,3460,14,0,14
3402,3461,34,19,15
3402,3462,501,464,37
3402,4011,327,160,167
3402,4012,78,64,14
3402,5111,30,0,30
3402,5112,23,10,13
3402,5113,13,0,13
3402,5114,0,0,0
3402,5116,0,0,0
3402,5117,0,0,0
3402,5119,0,0,0
3402,5120,0,0,0
3402,5122,0,0,0
3402,5124,0,0,0
3402,5154,10,10,0
3402,5158,0,0,0
3402,5162,24,0,24
3402,5166,0,0,0
3402,5170,58,0,58
3402,5314,0,0,0
3402,5315,27,13,14
3402,5316,0,0,0
3402,5334,0,0,0
3402,5358,0,0,0
3402,5362,14,0,14
3402,5366,0,0,0
3402,5370,0,0,0
3402,5374,0,0,0
3402,5378,0,0,0
3402,5382,29,0,29
3402,5512,0,0,0
3402,5513,0,0,0
3402,5515,21,0,21
3402,5554,12,0,12
3402,5558,0,0,0
3402,5562,12,12,0
3402,5566,30,15,15
3402,5570,0,0,0
3402,5711,17,0,17
3402,5754,15,0,15
3402,5758,14,0,14
3402,5762,0,0,0
3402,5766,0,0,0
3402,5770,0,0,0
3402,5774,0,0,0
3402,5911,10,0,10
3402,5913,13,0,13
3402,5914,0,0,0
3402,5915,0,0,0
3402,5916,0,0,0
3402,5954,0,0,0
3402,5958,0,0,0
3402,5962,0,0,0
3402,5966,0,0,0
3402,5970,0,0,0
3402,5974,0,0,0
3402,5978,0,0,0
3402,6411,0,0,0
3402,6412,0,0,0
3402,6413,0,0,0
3402,6414,0,0,0
3402,6431,0,0,0
3402,6432,0,0,0
3402,6433,0,0,0
3402,6434,0,0,0
3402,6435,0,0,0
3402,6436,0,0,0
3402,6437,0,0,0
3402,6438,0,0,0
3402,6439,0,0,0
3402,6440,0,0,0
3402,6531,0,0,0
3402,6532,0,0,0
3402,6533,0,0,0
3402,6534,0,0,0
3402,6535,0,0,0
3402,6611,0,0,0
3402,6631,0,0,0
3402,6632,0,0,0
3402,6633,0,0,0
3402,6634,0,0,0
3402,6635,0,0,0
3402,6636,0,0,0
3402,7111,0,0,0
3402,7131,0,0,0
3402,7132,0,0,0
3402,7133,0,0,0
3402,7134,0,0,0
3402,7135,0,0,0
3402,7137,0,0,0
3402,7138,0,0,0
3402,7140,0,0,0
3402,7141,0,0,0
3402,7143,0,0,0
3402,7211,0,0,0
3402,7231,0,0,0
3402,7232,0,0,0
3402,7233,0,0,0
3402,7235,0,0,0
3402,7311,0,0,0
3402,7312,0,0,0
3402,7313,0,0,0
3402,7314,31,31,0
3402,7315,0,0,0
3402,7316,0,0,0
3402,7317,0,0,0
3402,7318,102,102,0
3402,7319,0,0,0
3402,7320,0,0,0
3402,7331,0,0,0
3402,7332,10,10,0
3402,7333,0,0,0
3402,7334,41,41,0
3402,7335,0,0,0
3402,7336,0,0,0
3402,7337,0,0,0
3402,7338,54,54,0
3402,7339,0,0,0
3402,7340,0,0,0
3402,8111,29,0,29
3402,8115,10,10,0
3402,8116,0,0,0
3402,8117,0,0,0
3402,8118,0,0,0
3402,8119,0,0,0
3402,8121,0,0,0
3402,8125,0,0,0
3402,8126,0,0,0
3402,8127,0,0,0
3402,8128,0,0,0
3402,8135,0,0,0
3402,8136,0,0,0
3402,8211,0,0,0
3402,8212,0,0,0
3402,8215,16,16,0
3402,8216,0,0,0
3402,8221,0,0,0
3402,8222,32,32,0
3402,8225,0,0,0
3402,8226,57,46,11
3402,8231,0,0,0
3402,8235,0,0,0
3402,8236,0,0,0
3402,8237,0,0,0
3402,8311,0,0,0
3402,8315,64,0,64
3402,8316,0,0,0
3402,8317,0,0,0
3402,8325,0,0,0
3402,8326,0,0,0
3402,8327,0,0,0
3402,8335,0,0,0
3402,8336,0,0,0
3402,8337,0,0,0
3402,8415,0,0,0
3402,8416,0,0,0
3402,8417,0,0,0
3402,8421,0,0,0
3402,8425,0,0,0
3402,8426,0,0,0
3402,8435,0,0,0
3402,8436,0,0,0
3402,8437,0,0,0
3402,9161,17,0,17
3402,9162,21,0,21
3402,9163,0,0,0
3402,9171,0,0,0
3402,9172,0,0,0
3402,9173,0,0,0
3402,9174,0,0,0
3402,9175,0,0,0
3402,9176,0,0,0
3402,9177,0,0,0
3402,9178,0,0,0
3402,9179,0,0,0
3402,9180,0,0,0
3402,9181,0,0,0
3402,9182,0,0,0
3402,9183,0,0,0
3402,9184,0,0,0
3402,9185,0,0,0
3402,9186,0,0,0
3402,9187,0,0,0
3402,9188,0,0,0
3402,9189,0,0,0
3402,9190,13,13,0
3402,9261,0,0,0
3402,9262,0,0,0
3402,9263,0,0,0
3402,9271,0,0,0
3402,9272,0,0,0
3402,9273,45,45,0
3402,9274,0,0,0
3402,9275,0,0,0
3402,9276,0,0,0
3402,9277,0,0,0
3402,9278,0,0,0
3402,9279,0,0,0
3402,9361,0,0,0
3402,9362,168,168,0
3402,9363,0,0,0
3402,9371,0,0,0
3402,9372,0,0,0
3402,9373,0,0,0
3402,9374,0,0,0
3402,9375,267,267,0
3402,9376,37,37,0
3402,9377,0,0,0
3402,9461,0,0,0
3402,9462,0,0,0
3402,9463,0,0,0
3402,9464,0,0,0
3402,9471,0,0,0
3402,9472,0,0,0
3402,9473,0,0,0
3402,9474,0,0,0
3402,9475,0,0,0
3402,9476,0,0,0
3402,9477,0,0,0
3402,9478,0,0,0
3402,9479,0,0,0
3402,9561,0,0,0
3402,9562,0,0,0
3402,9563,0,0,0
3402,9564,0,0,0
3402,9565,0,0,0
3402,9571,0,0,0
3402,9572,0,0,0
3402,9573,0,0,0
3402,9574,0,0,0
3402,9575,0,0,0
3402,9576,0,0,0
3402,9577,0,0,0
3402,9661,18,18,0
3402,9662,0,0,0
3402,9663,0,0,0
3402,9671,17,17,0
3402,9672,0,0,0
3402,9673,0,0,0
3402,9674,0,0,0
3402,9675,0,0,0
3402,9676,0,0,0
3402,9677,0,0,0
3402,9678,0,0,0
3402,9679,0,0,0
3402,9761,0,0,0
3402,9762,0,0,0
3402,9763,0,0,0
3402,9764,0,0,0
3402,9771,0,0,0
3402,9772,0,0,0
3402,9773,0,0,0
3402,9774,0,0,0
3402,9775,0,0,0
3402,9776,0,0,0
3402,9777,0,0,0
3402,9778,0,0,0
3402,9779,0,0,0
3402,9780,0,0,0
3402,10041,0,0,0
3402,10042,0,0,0
3402,10043,0,0,0
3402,10044,26,26,0
3402,10045,0,0,0
3402,10046,0,0,0
3402,11000,48,16,32
3402,12051,0,0,0
3402,12052,0,0,0
3402,12053,0,0,0
3402,12054,0,0,0
3402,12060,0,0,0
3402,12061,0,0,0
3402,12062,0,0,0
3402,12063,0,0,0
3402,12064,0,0,0
3402,12065,0,0,0
3402,12066,0,0,0
3402,12067,0,0,0
3402,12068,0,0,0
3402,12069,0,0,0
3402,12070,0,0,0
3402,12071,0,0,0
3402,12072,0,0,0
3402,12073,0,0,0
3402,13003,14,14,0
3402,13004,0,0,0
3402,13071,0,0,0
3402,13072,68,68,0
3402,13073,23,23,0
3402,13074,0,0,0
3402,13075,11,11,0
3402,13076,0,0,0
3402,14511,0,0,0
3402,14521,0,0,0
3402,14522,0,0,0
3402,14523,0,0,0
3402,14524,0,0,0
3402,14612,0,0,0
3402,14625,0,0,0
3402,14626,0,0,0
3402,14627,0,0,0
3402,14628,0,0,0
3402,14713,0,0,0
3402,14729,0,0,0
3402,14730,0,0,0
3402,15001,0,0,0
3402,15002,0,0,0
3402,15003,0,0,0
3402,15081,0,0,0
3402,15082,0,0,0
3402,15083,0,0,0
3402,15084,0,0,0
3402,15085,0,0,0
3402,15086,0,0,0
3402,15087,0,0,0
3402,15088,0,0,0
3402,15089,0,0,0
3402,15090,0,0,0
3402,15091,0,0,0
3402,16051,0,0,0
3402,16052,0,0,0
3402,16053,0,0,0
3402,16054,0,0,0
3402,16055,0,0,0
3402,16056,10,10,0
3402,16061,0,0,0
3402,16062,0,0,0
3402,16063,0,0,0
3402,16064,0,0,0
3402,16065,0,0,0
3402,16066,0,0,0
3402,16067,0,0,0
3402,16068,0,0,0
3402,16069,0,0,0
3402,16070,0,0,0
3402,16071,0,0,0
3402,16072,0,0,0
3402,16073,0,0,0
3402,16074,0,0,0
3402,16075,0,0,0
3402,16076,0,0,0
3402,16077,0,0,0
3403,1001,10,10,0
3403,1002,77,18,59
3403,1003,43,16,27
3403,1004,0,0,0
3403,1051,13,13,0
3403,1053,12,12,0
3403,1054,0,0,0
3403,1055,41,26,15
3403,1056,33,15,18
3403,1057,11,11,0
3403,1058,29,16,13
3403,1059,12,0,12
3403,1060,48,24,24
3403,1061,0,0,0
3403,1062,55,23,32
3403,2000,839,219,620
3403,3101,65,29,36
3403,3102,11,11,0
3403,3103,17,0,17
3403,3151,19,19,0
3403,3153,30,30,0
3403,3154,19,19,0
3403,3155,45,10,35
3403,3157,14,14,0
3403,3158,35,35,0
3403,3159,82,51,31
3403,3241,614,227,387
3403,3251,777,499,278
3403,3252,17,17,0
3403,3254,52,31,21
3403,3255,0,0,0
3403,3256,70,49,21
3403,3257,25,25,0
3403,3351,77,53,24
3403,3352,280,227,53
3403,3353,67,36,31
3403,3354,0,0,0
3403,3355,36,22,14
3403,3356,259,194,65
3403,3357,161,97,64
3403,3358,131,20,111
3403,3359,86,58,28
3403,3360,15,15,0
3403,3361,305,174,131
3403,3401,1410,733,677
3403,3402,321,199,122
3403,3403,0,0,0
3403,3404,383,237,146
3403,3405,1404,761,643
3403,3451,19081,12944,6137
3403,3452,1060,709,351
3403,3453,4393,3266,1127
3403,3454,1007,792,215
3403,3455,2780,1960,820
3403,3456,128,103,25
3403,3457,1741,1353,388
3403,3458,12305,9378,2927
3403,3459,578,290,288
3403,3460,1020,626,394
3403,3461,3640,2599,1041
3403,3462,391,300,91
3403,4011,4765,1592,3173
3403,4012,281,169,112
3403,5111,115,35,80
3403,5112,38,19,19
3403,5113,90,29,61
3403,5114,0,0,0
3403,5116,0,0,0
3403,5117,0,0,0
3403,5119,0,0,0
3403,5120,13,0,13
3403,5122,0,0,0
3403,5124,14,14,0
3403,5154,11,0,11
3403,5158,54,12,42
3403,5162,36,10,26
3403,5166,14,0,14
3403,5170,31,17,14
3403,5314,45,23,22
3403,5315,152,41,111
3403,5316,0,0,0
3403,5334,31,16,15
3403,5358,0,0,0
3403,5362,30,14,16
3403,5366,0,0,0
3403,5370,0,0,0
3403,5374,32,0,32
3403,5378,0,0,0
3403,5382,29,13,16
3403,5512,0,0,0
3403,5513,21,10,11
3403,5515,152,44,108
3403,5554,28,15,13
3403,5558,11,11,0
3403,5562,62,44,18
3403,5566,154,102,52
3403,5570,17,17,0
3403,5711,80,28,52
3403,5754,169,28,141
3403,5758,47,24,23
3403,5762,10,10,0
3403,5766,34,23,11
3403,5770,93,43,50
3403,5774,13,13,0
3403,5911,58,20,38
3403,5913,50,22,28
3403,5914,13,13,0
3403,5915,22,22,0
3403,5916,0,0,0
3403,5954,21,10,11
3403,5958,21,21,0
3403,5962,48,35,13
3403,5966,0,0,0
3403,5970,13,0,13
3403,5974,12,12,0
3403,5978,38,19,19
3403,6411,15,0,15
3403,6412,118,31,87
3403,6413,0,0,0
3403,6414,17,0,17
3403,6431,0,0,0
3403,6432,0,0,0
3403,6433,14,0,14
3403,6434,35,0,35
3403,6435,14,0,14
3403,6436,14,0,14
3403,6437,0,0,0
3403,6438,26,0,26
3403,6439,0,0,0
3403,6440,0,0,0
3403,6531,13,13,0
3403,6532,0,0,0
3403,6533,0,0,0
3403,6534,10,10,0
3403,6535,0,0,0
3403,6611,11,0,11
3403,6631,10,10,0
3403,6632,0,0,0
3403,6633,0,0,0
3403,6634,0,0,0
3403,6635,0,0,0
3403,6636,0,0,0
3403,7111,0,0,0
3403,7131,0,0,0
3403,7132,0,0,0
3403,7133,0,0,0
3403,7134,0,0,0
3403,7135,0,0,0
3403,7137,0,0,0
3403,7138,0,0,0
3403,7140,0,0,0
3403,7141,0,0,0
3403,7143,0,0,0
3403,7211,0,0,0
3403,7231,0,0,0
3403,7232,0,0,0
3403,7233,0,0,0
3403,7235,0,0,0
3403,7311,0,0,0
3403,7312,0,0,0
3403,7313,0,0,0
3403,7314,0,0,0
3403,7315,15,0,15
3403,7316,0,0,0
3403,7317,0,0,0
3403,7318,0,0,0
3403,7319,0,0,0
3403,7320,0,0,0
3403,7331,0,0,0
3403,7332,0,0,0
3403,7333,0,0,0
3403,7334,0,0,0
3403,7335,0,0,0
3403,7336,0,0,0
3403,7337,0,0,0
3403,7338,0,0,0
3403,7339,0,0,0
3403,7340,0,0,0
3403,8111,30,0,30
3403,8115,10,0,10
3403,8116,15,0,15
3403,8117,0,0,0
3403,8118,20,0,20
3403,8119,10,10,0
3403,8121,0,0,0
3403,8125,0,0,0
3403,8126,18,0,18
3403,8127,0,0,0
3403,8128,0,0,0
3403,8135,0,0,0
3403,8136,0,0,0
3403,8211,0,0,0
3403,8212,11,0,11
3403,8215,0,0,0
3403,8216,0,0,0
3403,8221,10,0,10
3403,8222,23,0,23
3403,8225,0,0,0
3403,8226,16,0,16
3403,8231,0,0,0
3403,8235,0,0,0
3403,8236,0,0,0
3403,8237,0,0,0
3403,8311,19,0,19
3403,8315,0,0,0
3403,8316,0,0,0
3403,8317,0,0,0
3403,8325,0,0,0
3403,8326,0,0,0
3403,8327,0,0,0
3403,8335,0,0,0
3403,8336,10,0,10
3403,8337,0,0,0
3403,8415,0,0,0
3403,8416,0,0,0
3403,8417,0,0,0
3403,8421,0,0,0
3403,8425,0,0,0
3403,8426,0,0,0
3403,8435,0,0,0
3403,8436,0,0,0
3403,8437,0,0,0
3403,9161,0,0,0
3403,9162,133,31,102
3403,9163,0,0,0
3403,9171,0,0,0
3403,9172,0,0,0
3403,9173,0,0,0
3403,9174,0,0,0
3403,9175,0,0,0
3403,9176,0,0,0
3403,9177,0,0,0
3403,9178,0,0,0
3403,9179,0,0,0
3403,9180,0,0,0
3403,9181,0,0,0
3403,9182,0,0,0
3403,9183,0,0,0
3403,9184,55,0,55
3403,9185,0,0,0
3403,9186,0,0,0
3403,9187,0,0,0
3403,9188,0,0,0
3403,9189,0,0,0
3403,9190,0,0,0
3403,9261,0,0,0
3403,9262,0,0,0
3403,9263,0,0,0
3403,9271,0,0,0
3403,9272,0,0,0
3403,9273,0,0,0
3403,9274,0,0,0
3403,9275,0,0,0
3403,9276,0,0,0
3403,9277,0,0,0
3403,9278,0,0,0
3403,9279,0,0,0
3403,9361,0,0,0
3403,9362,0,0,0
3403,9363,0,0,0
3403,9371,0,0,0
3403,9372,0,0,0
3403,9373,0,0,0
3403,9374,0,0,0
3403,9375,0,0,0
3403,9376,0,0,0
3403,9377,0,0,0
3403,9461,0,0,0
3403,9462,0,0,0
3403,9463,0,0,0
3403,9464,0,0,0
3403,9471,0,0,0
3403,9472,0,0,0
3403,9473,0,0,0
3403,9474,0,0,0
3403,9475,41,0,41
3403,9476,0,0,0
3403,9477,0,0,0
3403,9478,0,0,0
3403,9479,0,0,0
3403,9561,0,0,0
3403,9562,10,0,10
3403,9563,0,0,0
3403,9564,47,20,27
3403,9565,0,0,0
3403,9571,0,0,0
3403,9572,0,0,0
3403,9573,0,0,0
3403,9574,10,0,10
3403,9575,0,0,0
3403,9576,0,0,0
3403,9577,0,0,0
3403,9661,0,0,0
3403,9662,0,0,0
3403,9663,0,0,0
3403,9671,0,0,0
3403,9672,0,0,0
3403,9673,0,0,0
3403,9674,0,0,0
3403,9675,0,0,0
3403,9676,0,0,0
3403,9677,0,0,0
3403,9678,0,0,0
3403,9679,0,0,0
3403,9761,0,0,0
3403,9762,0,0,0
3403,9763,0,0,0
3403,9764,0,0,0
3403,9771,0,0,0
3403,9772,0,0,0
3403,9773,0,0,0
3403,9774,0,0,0
3403,9775,0,0,0
3403,9776,0,0,0
3403,9777,0,0,0
3403,9778,0,0,0
3403,9779,0,0,0
3403,9780,0,0,0
3403,10041,10,10,0
3403,10042,0,0,0
3403,10043,0,0,0
3403,10044,0,0,0
3403,10045,0,0,0
3403,10046,0,0,0
3403,11000,572,196,376
3403,12051,0,0,0
3403,12052,0,0,0
3403,12053,0,0,0
3403,12054,0,0,0
3403,12060,10,10,0
3403,12061,0,0,0
3403,12062,0,0,0
3403,12063,0,0,0
3403,12064,12,12,0
3403,12065,0,0,0
3403,12066,0,0,0
3403,12067,0,0,0
3403,12068,0,0,0
3403,12069,10,10,0
3403,12070,0,0,0
3403,12071,0,0,0
3403,12072,0,0,0
3403,12073,0,0,0
3403,13003,19,19,0
3403,13004,0,0,0
3403,13071,12,12,0
3403,13072,12,12,0
3403,13073,33,33,0
3403,13074,16,16,0
3403,13075,33,33,0
3403,13076,10,10,0
3403,14511,0,0,0
3403,14521,29,0,29
3403,14522,0,0,0
3403,14523,0,0,0
3403,14524,0,0,0
3403,14612,15,15,0
3403,14625,0,0,0
3403,14626,0,0,0
3403,14627,0,0,0
3403,14628,0,0,0
3403,14713,32,18,14
3403,14729,0,0,0
3403,14730,0,0,0
3403,15001,0,0,0
3403,15002,15,0,15
3403,15003,40,25,15
3403,15081,0,0,0
3403,15082,0,0,0
3403,15083,13,13,0
3403,15084,0,0,0
3403,15085,32,32,0
3403,15086,0,0,0
3403,15087,0,0,0
3403,15088,0,0,0
3403,15089,0,0,0
3403,15090,10,10,0
3403,15091,10,10,0
3403,16051,14,14,0
3403,16052,12,0,12
3403,16053,70,0,70
3403,16054,0,0,0
3403,16055,0,0,0
3403,16056,0,0,0
3403,16061,0,0,0
3403,16062,0,0,0
3403,16063,0,0,0
3403,16064,10,10,0
3403,16065,0,0,0
3403,16066,0,0,0
3403,16067,0,0,0
3403,16068,0,0,0
3403,16069,0,0,0
3403,16070,0,0,0
3403,16071,0,0,0
3403,16072,0,0,0
3403,16073,0,0,0
3403,16074,0,0,0
3403,16075,0,0,0
3403,16076,0,0,0
3403,16077,0,0,0
3404,1001,0,0,0
3404,1002,88,52,36
3404,1003,44,18,26
3404,1004,15,15,0
3404,1051,35,35,0
3404,1053,24,24,0
3404,1054,14,14,0
3404,1055,34,34,0
3404,1056,60,49,11
3404,1057,32,32,0
3404,1058,19,19,0
3404,1059,14,14,0
3404,1060,77,55,22
3404,1061,0,0,0
3404,1062,31,31,0
3404,2000,511,194,317
3404,3101,86,36,50
3404,3102,0,0,0
3404,3103,146,0,146
3404,3151,26,16,10
3404,3153,0,0,0
3404,3154,0,0,0
3404,3155,56,22,34
3404,3157,24,24,0
3404,3158,42,42,0
3404,3159,88,69,19
3404,3241,643,244,399
3404,3251,898,497,401
3404,3252,73,56,17
3404,3254,229,82,147
3404,3255,23,23,0
3404,3256,44,34,10
3404,3257,75,59,16
3404,3351,22,22,0
3404,3352,65,53,12
3404,3353,23,23,0
3404,3354,0,0,0
3404,3355,19,19,0
3404,3356,25,25,0
3404,3357,45,34,11
3404,3358,25,25,0
3404,3359,51,51,0
3404,3360,0,0,0
3404,3361,65,37,28
3404,3401,39,21,18
3404,3402,24,24,0
3404,3403,383,146,237
3404,3404,0,0,0
3404,3405,51,51,0
3404,3451,71,50,21
3404,3452,106,83,23
3404,3453,362,236,126
3404,3454,1471,1109,362
3404,3455,51,51,0
3404,3456,491,386,105
3404,3457,106,72,34
3404,3458,111,84,27
3404,3459,43968,31894,12074
3404,3460,1625,954,671
3404,3461,33,33,0
3404,3462,61,51,10
3404,4011,583,238,345
3404,4012,58,42,16
3404,5111,225,62,163
3404,5112,86,59,27
3404,5113,183,96,87
3404,5114,37,25,12
3404,5116,20,20,0
3404,5117,31,17,14
3404,5119,61,36,25
3404,5120,12,0,12
3404,5122,0,0,0
3404,5124,52,38,14
3404,5154,87,70,17
3404,5158,114,55,59
3404,5162,61,28,33
3404,5166,22,10,12
3404,5170,86,67,19
3404,5314,56,27,29
3404,5315,219,75,144
3404,5316,11,0,11
3404,5334,38,28,10
3404,5358,57,10,47
3404,5362,65,31,34
3404,5366,0,0,0
3404,5370,0,0,0
3404,5374,56,14,42
3404,5378,16,16,0
3404,5382,60,40,20
3404,5512,20,20,0
3404,5513,43,32,11
3404,5515,1631,758,873
3404,5554,212,120,92
3404,5558,200,163,37
3404,5562,163,122,41
3404,5566,13503,9783,3720
3404,5570,590,389,201
3404,5711,741,342,399
3404,5754,1217,573,644
3404,5758,1020,607,413
3404,5762,49,49,0
3404,5766,277,161,116
3404,5770,1146,548,598
3404,5774,142,100,42
3404,5911,99,56,43
3404,5913,204,106,98
3404,5914,27,16,11
3404,5915,70,43,27
3404,5916,18,18,0
3404,5954,50,36,14
3404,5958,31,12,19
3404,5962,48,11,37
3404,5966,10,10,0
3404,5970,77,65,12
3404,5974,99,46,53
3404,5978,157,62,95
3404,6411,0,0,0
3404,6412,129,41,88
3404,6413,0,0,0
3404,6414,71,27,44
3404,6431,25,14,11
3404,6432,10,10,0
3404,6433,18,18,0
3404,6434,37,16,21
3404,6435,27,27,0
3404,6436,46,22,24
3404,6437,0,0,0
3404,6438,34,18,16
3404,6439,13,13,0
3404,6440,27,27,0
3404,6531,52,17,35
3404,6532,20,20,0
3404,6533,0,0,0
3404,6534,42,42,0
3404,6535,0,0,0
3404,6611,27,17,10
3404,6631,0,0,0
3404,6632,0,0,0
3404,6633,14,14,0
3404,6634,13,13,0
3404,6635,0,0,0
3404,6636,0,0,0
3404,7111,43,0,43
3404,7131,0,0,0
3404,7132,0,0,0
3404,7133,0,0,0
3404,7134,0,0,0
3404,7135,11,11,0
3404,7137,25,25,0
3404,7138,0,0,0
3404,7140,0,0,0
3404,7141,11,11,0
3404,7143,23,23,0
3404,7211,13,13,0
3404,7231,21,21,0
3404,7232,0,0,0
3404,7233,0,0,0
3404,7235,0,0,0
3404,7311,22,22,0
3404,7312,0,0,0
3404,7313,13,13,0
3404,7314,54,37,17
3404,7315,34,20,14
3404,7316,0,0,0
3404,7317,0,0,0
3404,7318,0,0,0
3404,7319,0,0,0
3404,7320,0,0,0
3404,7331,11,11,0
3404,7332,12,12,0
3404,7333,0,0,0
3404,7334,18,18,0
3404,7335,0,0,0
3404,7336,0,0,0
3404,7337,0,0,0
3404,7338,18,18,0
3404,7339,14,14,0
3404,7340,0,0,0
3404,8111,104,62,42
3404,8115,68,55,13
3404,8116,103,86,17
3404,8117,19,19,0
3404,8118,61,44,17
3404,8119,35,35,0
3404,8121,14,14,0
3404,8125,32,32,0
3404,8126,34,21,13
3404,8127,12,12,0
3404,8128,14,14,0
3404,8135,0,0,0
3404,8136,0,0,0
3404,8211,0,0,0
3404,8212,15,15,0
3404,8215,42,31,11
3404,8216,12,12,0
3404,8221,23,10,13
3404,8222,41,29,12
3404,8225,0,0,0
3404,8226,64,44,20
3404,8231,14,14,0
3404,8235,0,0,0
3404,8236,11,11,0
3404,8237,0,0,0
3404,8311,89,79,10
3404,8315,25,25,0
3404,8316,68,68,0
3404,8317,33,33,0
3404,8325,0,0,0
3404,8326,33,33,0
3404,8327,12,12,0
3404,8335,44,44,0
3404,8336,65,65,0
3404,8337,0,0,0
3404,8415,30,30,0
3404,8416,38,38,0
3404,8417,21,21,0
3404,8421,12,0,12
3404,8425,12,12,0
3404,8426,0,0,0
3404,8435,62,62,0
3404,8436,13,13,0
3404,8437,21,21,0
3404,9161,0,0,0
3404,9162,262,145,117
3404,9163,0,0,0
3404,9171,0,0,0
3404,9172,0,0,0
3404,9173,0,0,0
3404,9174,0,0,0
3404,9175,0,0,0
3404,9176,0,0,0
3404,9177,10,10,0
3404,9178,0,0,0
3404,9179,16,16,0
3404,9180,0,0,0
3404,9181,0,0,0
3404,9182,0,0,0
3404,9183,0,0,0
3404,9184,59,20,39
3404,9185,0,0,0
3404,9186,0,0,0
3404,9187,0,0,0
3404,9188,0,0,0
3404,9189,0,0,0
3404,9190,0,0,0
3404,9261,0,0,0
3404,9262,0,0,0
3404,9263,0,0,0
3404,9271,0,0,0
3404,9272,0,0,0
3404,9273,0,0,0
3404,9274,0,0,0
3404,9275,0,0,0
3404,9276,0,0,0
3404,9277,0,0,0
3404,9278,0,0,0
3404,9279,0,0,0
3404,9361,0,0,0
3404,9362,13,0,13
3404,9363,0,0,0
3404,9371,0,0,0
3404,9372,0,0,0
3404,9373,0,0,0
3404,9374,0,0,0
3404,9375,0,0,0
3404,9376,0,0,0
3404,9377,10,10,0
3404,9461,0,0,0
3404,9462,0,0,0
3404,9463,0,0,0
3404,9464,0,0,0
3404,9471,0,0,0
3404,9472,19,19,0
3404,9473,0,0,0
3404,9474,20,20,0
3404,9475,13,0,13
3404,9476,0,0,0
3404,9477,0,0,0
3404,9478,0,0,0
3404,9479,0,0,0
3404,9561,0,0,0
3404,9562,0,0,0
3404,9563,0,0,0
3404,9564,65,49,16
3404,9565,0,0,0
3404,9571,0,0,0
3404,9572,0,0,0
3404,9573,11,11,0
3404,9574,13,13,0
3404,9575,0,0,0
3404,9576,17,17,0
3404,9577,0,0,0
3404,9661,0,0,0
3404,9662,0,0,0
3404,9663,15,15,0
3404,9671,12,12,0
3404,9672,0,0,0
3404,9673,0,0,0
3404,9674,0,0,0
3404,9675,0,0,0
3404,9676,0,0,0
3404,9677,0,0,0
3404,9678,0,0,0
3404,9679,0,0,0
3404,9761,13,13,0
3404,9762,0,0,0
3404,9763,0,0,0
3404,9764,0,0,0
3404,9771,0,0,0
3404,9772,33,33,0
3404,9773,0,0,0
3404,9774,0,0,0
3404,9775,11,11,0
3404,9776,0,0,0
3404,9777,0,0,0
3404,9778,0,0,0
3404,9779,0,0,0
3404,9780,13,13,0
3404,10041,12,12,0
3404,10042,0,0,0
3404,10043,0,0,0
3404,10044,0,0,0
3404,10045,0,0,0
3404,10046,0,0,0
3404,11000,623,300,323
3404,12051,0,0,0
3404,12052,0,0,0
3404,12053,0,0,0
3404,12054,13,13,0
3404,12060,0,0,0
3404,12061,0,0,0
3404,12062,0,0,0
3404,12063,0,0,0
3404,12064,0,0,0
3404,12065,13,13,0
3404,12066,0,0,0
3404,12067,0,0,0
3404,12068,0,0,0
3404,12069,0,0,0
3404,12070,0,0,0
3404,12071,0,0,0
3404,12072,14,14,0
3404,12073,0,0,0
3404,13003,17,17,0
3404,13004,24,24,0
3404,13071,27,27,0
3404,13072,0,0,0
3404,13073,16,16,0
3404,13074,0,0,0
3404,13075,12,12,0
3404,13076,18,18,0
3404,14511,0,0,0
3404,14521,0,0,0
3404,14522,0,0,0
3404,14523,0,0,0
3404,14524,0,0,0
3404,14612,42,27,15
3404,14625,11,11,0
3404,14626,0,0,0
3404,14627,0,0,0
3404,14628,13,13,0
3404,14713,77,64,13
3404,14729,11,11,0
3404,14730,12,12,0
3404,15001,0,0,0
3404,15002,0,0,0
3404,15003,12,12,0
3404,15081,0,0,0
3404,15082,26,26,0
3404,15083,17,17,0
3404,15084,17,17,0
3404,15085,25,25,0
3404,15086,0,0,0
3404,15087,11,11,0
3404,15088,25,25,0
3404,15089,15,15,0
3404,15090,0,0,0
3404,15091,0,0,0
3404,16051,22,22,0
3404,16052,12,12,0
3404,16053,12,12,0
3404,16054,0,0,0
3404,16055,0,0,0
3404,16056,0,0,0
3404,16061,0,0,0
3404,16062,16,16,0
3404,16063,0,0,0
3404,16064,0,0,0
3404,16065,0,0,0
3404,16066,0,0,0
3404,16067,0,0,0
3404,16068,0,0,0
3404,16069,0,0,0
3404,16070,0,0,0
3404,16071,0,0,0
3404,16072,0,0,0
3404,16073,0,0,0
3404,16074,0,0,0
3404,16075,0,0,0
3404,16076,0,0,0
3404,16077,0,0,0
3405,1001,0,0,0
3405,1002,99,82,17
3405,1003,17,17,0
3405,1004,171,0,171
3405,1051,0,0,0
3405,1053,10,10,0
3405,1054,0,0,0
3405,1055,0,0,0
3405,1056,35,0,35
3405,1057,46,46,0
3405,1058,47,31,16
3405,1059,11,11,0
3405,1060,0,0,0
3405,1061,0,0,0
3405,1062,0,0,0
3405,2000,317,67,250
3405,3101,12,12,0
3405,3102,0,0,0
3405,3103,10,0,10
3405,3151,0,0,0
3405,3153,0,0,0
3405,3154,13,13,0
3405,3155,0,0,0
3405,3157,0,0,0
3405,3158,0,0,0
3405,3159,10,10,0
3405,3241,122,30,92
3405,3251,62,26,36
3405,3252,0,0,0
3405,3254,0,0,0
3405,3255,0,0,0
3405,3256,0,0,0
3405,3257,0,0,0
3405,3351,0,0,0
3405,3352,97,86,11
3405,3353,0,0,0
3405,3354,0,0,0
3405,3355,0,0,0
3405,3356,26,26,0
3405,3357,18,18,0
3405,3358,0,0,0
3405,3359,34,13,21
3405,3360,0,0,0
3405,3361,39,12,27
3405,3401,70,16,54
3405,3402,117,48,69
3405,3403,1404,643,761
3405,3404,51,0,51
3405,3405,0,0,0
3405,3451,1238,890,348
3405,3452,707,490,217
3405,3453,137,79,58
3405,3454,82,50,32
3405,3455,11025,7406,3619
3405,3456,29,14,15
3405,3457,320,222,98
3405,3458,208,139,69
3405,3459,24,0,24
3405,3460,52,14,38
3405,3461,345,217,128
3405,3462,1628,1283,345
3405,4011,490,110,380
3405,4012,145,76,69
3405,5111,26,0,26
3405,5112,59,49,10
3405,5113,36,22,14
3405,5114,10,10,0
3405,5116,0,0,0
3405,5117,13,0,13
3405,5119,0,0,0
3405,5120,0,0,0
3405,5122,0,0,0
3405,5124,0,0,0
3405,5154,12,12,0
3405,5158,0,0,0
3405,5162,0,0,0
3405,5166,0,0,0
3405,5170,17,17,0
3405,5314,15,0,15
3405,5315,29,0,29
3405,5316,0,0,0
3405,5334,0,0,0
3405,5358,26,0,26
3405,5362,11,0,11
3405,5366,0,0,0
3405,5370,0,0,0
3405,5374,16,0,16
3405,5378,0,0,0
3405,5382,10,0,10
3405,5512,0,0,0
3405,5513,0,0,0
3405,5515,16,0,16
3405,5554,0,0,0
3405,5558,0,0,0
3405,5562,0,0,0
3405,5566,24,10,14
3405,5570,0,0,0
3405,5711,21,0,21
3405,5754,0,0,0
3405,5758,27,0,27
3405,5762,0,0,0
3405,5766,0,0,0
3405,5770,0,0,0
3405,5774,0,0,0
3405,5911,11,0,11
3405,5913,24,14,10
3405,5914,0,0,0
3405,5915,0,0,0
3405,5916,16,0,16
3405,5954,0,0,0
3405,5958,0,0,0
3405,5962,0,0,0
3405,5966,0,0,0
3405,5970,0,0,0
3405,5974,0,0,0
3405,5978,0,0,0
3405,6411,0,0,0
3405,6412,44,0,44
3405,6413,0,0,0
3405,6414,0,0,0
3405,6431,12,0,12
3405,6432,0,0,0
3405,6433,22,0,22
3405,6434,10,0,10
3405,6435,12,0,12
3405,6436,0,0,0
3405,6437,0,0,0
3405,6438,0,0,0
3405,6439,0,0,0
3405,6440,0,0,0
3405,6531,0,0,0
3405,6532,0,0,0
3405,6533,0,0,0
3405,6534,0,0,0
3405,6535,0,0,0
3405,6611,0,0,0
3405,6631,0,0,0
3405,6632,0,0,0
3405,6633,0,0,0
3405,6634,0,0,0
3405,6635,0,0,0
3405,6636,0,0,0
3405,7111,0,0,0
3405,7131,0,0,0
3405,7132,0,0,0
3405,7133,0,0,0
3405,7134,0,0,0
3405,7135,0,0,0
3405,7137,0,0,0
3405,7138,0,0,0
3405,7140,0,0,0
3405,7141,0,0,0
3405,7143,0,0,0
3405,7211,0,0,0
3405,7231,0,0,0
3405,7232,0,0,0
3405,7233,0,0,0
3405,7235,0,0,0
3405,7311,0,0,0
3405,7312,0,0,0
3405,7313,0,0,0
3405,7314,0,0,0
3405,7315,0,0,0
3405,7316,0,0,0
3405,7317,0,0,0
3405,7318,0,0,0
3405,7319,0,0,0
3405,7320,0,0,0
3405,7331,0,0,0
3405,7332,0,0,0
3405,7333,0,0,0
3405,7334,0,0,0
3405,7335,0,0,0
3405,7336,0,0,0
3405,7337,0,0,0
3405,7338,0,0,0
3405,7339,0,0,0
3405,7340,0,0,0
3405,8111,0,0,0
3405,8115,0,0,0
3405,8116,0,0,0
3405,8117,0,0,0
3405,8118,0,0,0
3405,8119,0,0,0
3405,8121,0,0,0
3405,8125,0,0,0
3405,8126,0,0,0
3405,8127,57,0,57
3405,8128,0,0,0
3405,8135,0,0,0
3405,8136,0,0,0
3405,8211,0,0,0
3405,8212,0,0,0
3405,8215,0,0,0
3405,8216,0,0,0
3405,8221,0,0,0
3405,8222,0,0,0
3405,8225,0,0,0
3405,8226,0,0,0
3405,8231,0,0,0
3405,8235,0,0,0
3405,8236,0,0,0
3405,8237,0,0,0
3405,8311,0,0,0
3405,8315,0,0,0
3405,8316,0,0,0
3405,8317,0,0,0
3405,8325,0,0,0
3405,8326,0,0,0
3405,8327,0,0,0
3405,8335,0,0,0
3405,8336,0,0,0
3405,8337,0,0,0
3405,8415,0,0,0
3405,8416,0,0,0
3405,8417,0,0,0
3405,8421,0,0,0
3405,8425,0,0,0
3405,8426,0,0,0
3405,8435,0,0,0
3405,8436,0,0,0
3405,8437,0,0,0
3405,9161,0,0,0
3405,9162,26,0,26
3405,9163,0,0,0
3405,9171,0,0,0
3405,9172,0,0,0
3405,9173,0,0,0
3405,9174,0,0,0
3405,9175,0,0,0
3405,9176,0,0,0
3405,9177,0,0,0
3405,9178,0,0,0
3405,9179,0,0,0
3405,9180,0,0,0
3405,9181,0,0,0
3405,9182,0,0,0
3405,9183,0,0,0
3405,9184,20,0,20
3405,9185,0,0,0
3405,9186,0,0,0
3405,9187,0,0,0
3405,9188,0,0,0
3405,9189,0,0,0
3405,9190,0,0,0
3405,9261,0,0,0
3405,9262,0,0,0
3405,9263,0,0,0
3405,9271,0,0,0
3405,9272,0,0,0
3405,9273,0,0,0
3405,9274,0,0,0
3405,9275,0,0,0
3405,9276,0,0,0
3405,9277,0,0,0
3405,9278,0,0,0
3405,9279,0,0,0
3405,9361,0,0,0
3405,9362,0,0,0
3405,9363,0,0,0
3405,9371,0,0,0
3405,9372,0,0,0
3405,9373,0,0,0
3405,9374,0,0,0
3405,9375,0,0,0
3405,9376,0,0,0
3405,9377,0,0,0
3405,9461,0,0,0
3405,9462,0,0,0
3405,9463,0,0,0
3405,9464,0,0,0
3405,9471,0,0,0
3405,9472,0,0,0
3405,9473,0,0,0
3405,9474,0,0,0
3405,9475,0,0,0
3405,9476,0,0,0
3405,9477,0,0,0
3405,9478,0,0,0
3405,9479,0,0,0
3405,9561,0,0,0
3405,9562,0,0,0
3405,9563,0,0,0
3405,9564,11,0,11
3405,9565,0,0,0
3405,9571,0,0,0
3405,9572,0,0,0
3405,9573,0,0,0
3405,9574,0,0,0
3405,9575,0,0,0
3405,9576,0,0,0
3405,9577,0,0,0
3405,9661,0,0,0
3405,9662,0,0,0
3405,9663,0,0,0
3405,9671,0,0,0
3405,9672,0,0,0
3405,9673,0,0,0
3405,9674,0,0,0
3405,9675,0,0,0
3405,9676,0,0,0
3405,9677,0,0,0
3405,9678,0,0,0
3405,9679,0,0,0
3405,9761,0,0,0
3405,9762,0,0,0
3405,9763,0,0,0
3405,9764,0,0,0
3405,9771,0,0,0
3405,9772,0,0,0
3405,9773,0,0,0
3405,9774,0,0,0
3405,9775,0,0,0
3405,9776,0,0,0
3405,9777,0,0,0
3405,9778,0,0,0
3405,9779,0,0,0
3405,9780,0,0,0
3405,10041,0,0,0
3405,10042,0,0,0
3405,10043,0,0,0
3405,10044,0,0,0
3405,10045,0,0,0
3405,10046,0,0,0
3405,11000,127,22,105
3405,12051,0,0,0
3405,12052,0,0,0
3405,12053,0,0,0
3405,12054,0,0,0
3405,12060,0,0,0
3405,12061,0,0,0
3405,12062,0,0,0
3405,12063,0,0,0
3405,12064,0,0,0
3405,12065,0,0,0
3405,12066,0,0,0
3405,12067,0,0,0
3405,12068,0,0,0
3405,12069,0,0,0
3405,12070,0,0,0
3405,12071,0,0,0
3405,12072,0,0,0
3405,12073,0,0,0
3405,13003,10,0,10
3405,13004,0,0,0
3405,13071,0,0,0
3405,13072,0,0,0
3405,13073,0,0,0
3405,13074,0,0,0
3405,13075,15,15,0
3405,13076,0,0,0
3405,14511,0,0,0
3405,14521,0,0,0
3405,14522,0,0,0
3405,14523,0,0,0
3405,14524,0,0,0
3405,14612,0,0,0
3405,14625,0,0,0
3405,14626,0,0,0
3405,14627,10,10,0
3405,14628,0,0,0
3405,14713,16,16,0
3405,14729,16,16,0
3405,14730,0,0,0
3405,15001,0,0,0
3405,15002,13,13,0
3405,15003,0,0,0
3405,15081,0,0,0
3405,15082,0,0,0
3405,15083,0,0,0
3405,15084,0,0,0
3405,15085,0,0,0
3405,15086,0,0,0
3405,15087,0,0,0
3405,15088,0,0,0
3405,15089,0,0,0
3405,15090,0,0,0
3405,15091,0,0,0
3405,16051,0,0,0
3405,16052,0,0,0
3405,16053,0,0,0
3405,16054,0,0,0
3405,16055,0,0,0
3405,16056,0,0,0
3405,16061,0,0,0
3405,16062,0,0,0
3405,16063,0,0,0
3405,16064,0,0,0
3405,16065,0,0,0
3405,16066,24,0,24
3405,16067,0,0,0
3405,16068,0,0,0
3405,16069,0,0,0
3405,16070,0,0,0
3405,16071,0,0,0
3405,16072,0,0,0
3405,16073,0,0,0
3405,16074,0,0,0
3405,16075,0,0,0
3405,16076,0,0,0
3405,16077,0,0,0
3451,1001,0,0,0
3451,1002,10,10,0
3451,1003,28,10,18
3451,1004,0,0,0
3451,1051,0,0,0
3451,1053,27,15,12
3451,1054,0,0,0
3451,1055,0,0,0
3451,1056,30,14,16
3451,1057,0,0,0
3451,1058,0,0,0
3451,1059,0,0,0
3451,1060,32,14,18
3451,1061,0,0,0
3451,1062,49,18,31
3451,2000,332,72,260
3451,3101,30,12,18
3451,3102,0,0,0
3451,3103,14,0,14
3451,3151,0,0,0
3451,3153,0,0,0
3451,3154,0,0,0
3451,3155,31,0,31
3451,3157,0,0,0
3451,3158,0,0,0
3451,3159,0,0,0
3451,3241,272,73,199
3451,3251,229,114,115
3451,3252,0,0,0
3451,3254,13,13,0
3451,3255,0,0,0
3451,3256,12,12,0
3451,3257,0,0,0
3451,3351,30,12,18
3451,3352,102,60,42
3451,3353,48,24,24
3451,3354,0,0,0
3451,3355,0,0,0
3451,3356,69,43,26
3451,3357,73,39,34
3451,3358,29,0,29
3451,3359,14,0,14
3451,3360,0,0,0
3451,3361,86,38,48
3451,3401,350,88,262
3451,3402,189,65,124
3451,3403,19081,6137,12944
3451,3404,71,21,50
3451,3405,1238,348,890
3451,3451,0,0,0
3451,3452,996,585,411
3451,3453,3885,2522,1363
3451,3454,485,277,208
3451,3455,3085,2034,1051
3451,3456,52,34,18
3451,3457,3414,2370,1044
3451,3458,2474,1416,1058
3451,3459,140,71,69
3451,3460,272,104,168
3451,3461,1828,1153,675
3451,3462,393,289,104
3451,4011,1349,239,1110
3451,4012,98,34,64
3451,5111,42,0,42
3451,5112,16,0,16
3451,5113,35,10,25
3451,5114,10,10,0
3451,5116,11,0,11
3451,5117,0,0,0
3451,5119,0,0,0
3451,5120,12,0,12
3451,5122,0,0,0
3451,5124,0,0,0
3451,5154,0,0,0
3451,5158,34,11,23
3451,5162,10,0,10
3451,5166,10,10,0
3451,5170,0,0,0
3451,5314,12,0,12
3451,5315,50,11,39
3451,5316,0,0,0
3451,5334,10,0,10
3451,5358,0,0,0
3451,5362,28,14,14
3451,5366,0,0,0
3451,5370,0,0,0
3451,5374,19,0,19
3451,5378,0,0,0
3451,5382,14,14,0
3451,5512,0,0,0
3451,5513,0,0,0
3451,5515,37,0,37
3451,5554,23,10,13
3451,5558,0,0,0
3451,5562,23,10,13
3451,5566,40,11,29
3451,5570,0,0,0
3451,5711,38,0,38
3451,5754,50,16,34
3451,5758,32,16,16
3451,5762,0,0,0
3451,5766,12,0,12
3451,5770,49,12,37
3451,5774,0,0,0
3451,5911,10,0,10
3451,5913,15,0,15
3451,5914,0,0,0
3451,5915,0,0,0
3451,5916,0,0,0
3451,5954,11,0,11
3451,5958,0,0,0
3451,5962,0,0,0
3451,5966,0,0,0
3451,5970,0,0,0
3451,5974,0,0,0
3451,5978,11,0,11
3451,6411,0,0,0
3451,6412,53,0,53
3451,6413,0,0,0
3451,6414,11,0,11
3451,6431,0,0,0
3451,6432,0,0,0
3451,6433,15,0,15
3451,6434,12,0,12
3451,6435,0,0,0
3451,6436,13,0,13
3451,6437,0,0,0
3451,6438,10,0,10
3451,6439,0,0,0
3451,6440,0,0,0
3451,6531,0,0,0
3451,6532,0,0,0
3451,6533,0,0,0
3451,6534,0,0,0
3451,6535,0,0,0
3451,6611,0,0,0
3451,6631,0,0,0
3451,6632,0,0,0
3451,6633,0,0,0
3451,6634,0,0,0
3451,6635,0,0,0
3451,6636,0,0,0
3451,7111,0,0,0
3451,7131,0,0,0
3451,7132,0,0,0
3451,7133,0,0,0
3451,7134,0,0,0
3451,7135,0,0,0
3451,7137,0,0,0
3451,7138,0,0,0
3451,7140,0,0,0
3451,7141,0,0,0
3451,7143,0,0,0
3451,7211,0,0,0
3451,7231,0,0,0
3451,7232,0,0,0
3451,7233,0,0,0
3451,7235,0,0,0
3451,7311,0,0,0
3451,7312,0,0,0
3451,7313,0,0,0
3451,7314,0,0,0
3451,7315,0,0,0
3451,7316,0,0,0
3451,7317,0,0,0
3451,7318,0,0,0
3451,7319,0,0,0
3451,7320,0,0,0
3451,7331,0,0,0
3451,7332,0,0,0
3451,7333,0,0,0
3451,7334,0,0,0
3451,7335,0,0,0
3451,7336,0,0,0
3451,7337,0,0,0
3451,7338,0,0,0
3451,7339,0,0,0
3451,7340,0,0,0
3451,8111,21,0,21
3451,8115,0,0,0
3451,8116,14,0,14
3451,8117,0,0,0
3451,8118,16,0,16
3451,8119,0,0,0
3451,8121,0,0,0
3451,8125,0,0,0
3451,8126,12,0,12
3451,8127,0,0,0
3451,8128,0,0,0
3451,8135,0,0,0
3451,8136,0,0,0
3451,8211,0,0,0
3451,8212,0,0,0
3451,8215,10,0,10
3451,8216,0,0,0
3451,8221,0,0,0
3451,8222,13,0,13
3451,8225,0,0,0
3451,8226,11,0,11
3451,8231,0,0,0
3451,8235,0,0,0
3451,8236,0,0,0
3451,8237,0,0,0
3451,8311,12,0,12
3451,8315,0,0,0
3451,8316,0,0,0
3451,8317,0,0,0
3451,8325,0,0,0
3451,8326,0,0,0
3451,8327,0,0,0
3451,8335,0,0,0
3451,8336,0,0,0
3451,8337,0,0,0
3451,8415,0,0,0
3451,8416,0,0,0
3451,8417,0,0,0
3451,8421,0,0,0
3451,8425,0,0,0
3451,8426,0,0,0
3451,8435,0,0,0
3451,8436,0,0,0
3451,8437,0,0,0
3451,9161,0,0,0
3451,9162,56,0,56
3451,9163,0,0,0
3451,9171,0,0,0
3451,9172,0,0,0
3451,9173,0,0,0
3451,9174,0,0,0
3451,9175,0,0,0
3451,9176,0,0,0
3451,9177,0,0,0
3451,9178,0,0,0
3451,9179,0,0,0
3451,9180,0,0,0
3451,9181,0,0,0
3451,9182,0,0,0
3451,9183,0,0,0
3451,9184,33,0,33
3451,9185,0,0,0
3451,9186,0,0,0
3451,9187,0,0,0
3451,9188,0,0,0
3451,9189,0,0,0
3451,9190,0,0,0
3451,9261,0,0,0
3451,9262,0,0,0
3451,9263,0,0,0
3451,9271,0,0,0
3451,9272,0,0,0
3451,9273,0,0,0
3451,9274,0,0,0
3451,9275,0,0,0
3451,9276,0,0,0
3451,9277,0,0,0
3451,9278,0,0,0
3451,9279,0,0,0
3451,9361,0,0,0
3451,9362,0,0,0
3451,9363,0,0,0
3451,9371,0,0,0
3451,9372,0,0,0
3451,9373,11,11,0
3451,9374,0,0,0
3451,9375,0,0,0
3451,9376,0,0,0
3451,9377,0,0,0
3451,9461,0,0,0
3451,9462,0,0,0
3451,9463,0,0,0
3451,9464,0,0,0
3451,9471,0,0,0
3451,9472,0,0,0
3451,9473,0,0,0
3451,9474,0,0,0
3451,9475,10,0,10
3451,9476,0,0,0
3451,9477,0,0,0
3451,9478,0,0,0
3451,9479,0,0,0
3451,9561,0,0,0
3451,9562,0,0,0
3451,9563,0,0,0
3451,9564,10,0,10
3451,9565,0,0,0
3451,9571,0,0,0
3451,9572,0,0,0
3451,9573,0,0,0
3451,9574,0,0,0
3451,9575,0,0,0
3451,9576,0,0,0
3451,9577,0,0,0
3451,9661,0,0,0
3451,9662,0,0,0
3451,9663,0,0,0
3451,9671,0,0,0
3451,9672,0,0,0
3451,9673,0,0,0
3451,9674,0,0,0
3451,9675,0,0,0
3451,9676,0,0,0
3451,9677,0,0,0
3451,9678,0,0,0
3451,9679,0,0,0
3451,9761,0,0,0
3451,9762,0,0,0
3451,9763,0,0,0
3451,9764,0,0,0
3451,9771,0,0,0
3451,9772,0,0,0
3451,9773,0,0,0
3451,9774,0,0,0
3451,9775,0,0,0
3451,9776,0,0,0
3451,9777,0,0,0
3451,9778,0,0,0
3451,9779,0,0,0
3451,9780,0,0,0
3451,10041,0,0,0
3451,10042,0,0,0
3451,10043,0,0,0
3451,10044,0,0,0
3451,10045,0,0,0
3451,10046,0,0,0
3451,11000,237,112,125
3451,12051,13,13,0
3451,12052,0,0,0
3451,12053,0,0,0
3451,12054,0,0,0
3451,12060,0,0,0
3451,12061,0,0,0
3451,12062,0,0,0
3451,12063,0,0,0
3451,12064,0,0,0
3451,12065,0,0,0
3451,12066,0,0,0
3451,12067,31,31,0
3451,12068,0,0,0
3451,12069,0,0,0
3451,12070,0,0,0
3451,12071,0,0,0
3451,12072,0,0,0
3451,12073,0,0,0
3451,13003,0,0,0
3451,13004,0,0,0
3451,13071,11,11,0
3451,13072,10,10,0
3451,13073,0,0,0
3451,13074,0,0,0
3451,13075,0,0,0
3451,13076,0,0,0
3451,14511,0,0,0
3451,14521,0,0,0
3451,14522,0,0,0
3451,14523,0,0,0
3451,14524,0,0,0
3451,14612,0,0,0
3451,14625,0,0,0
3451,14626,0,0,0
3451,14627,0,0,0
3451,14628,0,0,0
3451,14713,0,0,0
3451,14729,0,0,0
3451,14730,0,0,0
3451,15001,0,0,0
3451,15002,0,0,0
3451,15003,10,10,0
3451,15081,0,0,0
3451,15082,0,0,0
3451,15083,0,0,0
3451,15084,0,0,0
3451,15085,0,0,0
3451,15086,0,0,0
3451,15087,0,0,0
3451,15088,0,0,0
3451,15089,10,10,0
3451,15090,0,0,0
3451,15091,0,0,0
3451,16051,0,0,0
3451,16052,0,0,0
3451,16053,0,0,0
3451,16054,0,0,0
3451,16055,0,0,0
3451,16056,0,0,0
3451,16061,10,10,0
3451,16062,0,0,0
3451,16063,0,0,0
3451,16064,0,0,0
3451,16065,0,0,0
3451,16066,0,0,0
3451,16067,0,0,0
3451,16068,0,0,0
3451,16069,0,0,0
3451,16070,0,0,0
3451,16071,0,0,0
3451,16072,0,0,0
3451,16073,0,0,0
3451,16074,0,0,0
3451,16075,0,0,0
3451,16076,0,0,0
3451,16077,0,0,0
3452,1001,0,0,0
3452,1002,38,19,19
3452,1003,35,12,23
3452,1004,58,0,58
3452,1051,14,14,0
3452,1053,12,0,12
3452,1054,29,14,15
3452,1055,11,0,11
3452,1056,32,0,32
3452,1057,0,0,0
3452,1058,11,0,11
3452,1059,0,0,0
3452,1060,30,13,17
3452,1061,10,10,0
3452,1062,68,25,43
3452,2000,445,72,373
3452,3101,50,26,24
3452,3102,0,0,0
3452,3103,49,0,49
3452,3151,0,0,0
3452,3153,0,0,0
3452,3154,0,0,0
3452,3155,0,0,0
3452,3157,10,0,10
3452,3158,0,0,0
3452,3159,29,16,13
3452,3241,431,108,323
3452,3251,86,56,30
3452,3252,16,0,16
3452,3254,30,16,14
3452,3255,0,0,0
3452,3256,27,0,27
3452,3257,11,0,11
3452,3351,29,10,19
3452,3352,65,36,29
3452,3353,44,11,33
3452,3354,0,0,0
3452,3355,12,12,0
3452,3356,32,22,10
3452,3357,68,26,42
3452,3358,27,14,13
3452,3359,40,16,24
3452,3360,0,0,0
3452,3361,94,26,68
3452,3401,65,34,31
3452,3402,13991,1962,12029
3452,3403,1060,351,709
3452,3404,106,23,83
3452,3405,707,217,490
3452,3451,996,411,585
3452,3452,0,0,0
3452,3453,494,277,217
3452,3454,814,456,358
3452,3455,1238,670,568
3452,3456,103,58,45
3452,3457,6074,3378,2696
3452,3458,163,103,60
3452,3459,86,40,46
3452,3460,67,32,35
3452,3461,158,71,87
3452,3462,6200,3856,2344
3452,4011,556,208,348
3452,4012,49,22,27
3452,5111,92,23,69
3452,5112,57,26,31
3452,5113,50,17,33
3452,5114,10,10,0
3452,5116,14,14,0
3452,5117,11,0,11
3452,5119,0,0,0
3452,5120,0,0,0
3452,5122,0,0,0
3452,5124,43,10,33
3452,5154,41,27,14
3452,5158,32,0,32
3452,5162,13,0,13
3452,5166,0,0,0
3452,5170,60,35,25
3452,5314,17,0,17
3452,5315,135,47,88
3452,5316,0,0,0
3452,5334,10,0,10
3452,5358,0,0,0
3452,5362,27,11,16
3452,5366,12,12,0
3452,5370,13,0,13
3452,5374,29,13,16
3452,5378,0,0,0
3452,5382,48,13,35
3452,5512,0,0,0
3452,5513,28,16,12
3452,5515,101,38,63
3452,5554,62,39,23
3452,5558,29,19,10
3452,5562,59,39,20
3452,5566,98,35,63
3452,5570,10,0,10
3452,5711,33,0,33
3452,5754,50,15,35
3452,5758,75,12,63
3452,5762,0,0,0
3452,5766,49,31,18
3452,5770,39,19,20
3452,5774,0,0,0
3452,5911,39,18,21
3452,5913,117,31,86
3452,5914,10,0,10
3452,5915,25,11,14
3452,5916,0,0,0
3452,5954,16,0,16
3452,5958,16,16,0
3452,5962,36,12,24
3452,5966,0,0,0
3452,5970,16,0,16
3452,5974,51,19,32
3452,5978,29,11,18
3452,6411,0,0,0
3452,6412,64,11,53
3452,6413,13,0,13
3452,6414,0,0,0
3452,6431,0,0,0
3452,6432,0,0,0
3452,6433,0,0,0
3452,6434,0,0,0
3452,6435,0,0,0
3452,6436,0,0,0
3452,6437,0,0,0
3452,6438,0,0,0
3452,6439,0,0,0
3452,6440,12,0,12
3452,6531,0,0,0
3452,6532,0,0,0
3452,6533,0,0,0
3452,6534,0,0,0
3452,6535,0,0,0
3452,6611,0,0,0
3452,6631,0,0,0
3452,6632,0,0,0
3452,6633,0,0,0
3452,6634,0,0,0
3452,6635,0,0,0
3452,6636,0,0,0
3452,7111,0,0,0
3452,7131,0,0,0
3452,7132,0,0,0
3452,7133,0,0,0
3452,7134,0,0,0
3452,7135,0,0,0
3452,7137,0,0,0
3452,7138,0,0,0
3452,7140,0,0,0
3452,7141,0,0,0
3452,7143,0,0,0
3452,7211,0,0,0
3452,7231,0,0,0
3452,7232,0,0,0
3452,7233,0,0,0
3452,7235,0,0,0
3452,7311,0,0,0
3452,7312,0,0,0
3452,7313,0,0,0
3452,7314,0,0,0
3452,7315,16,16,0
3452,7316,0,0,0
3452,7317,0,0,0
3452,7318,0,0,0
3452,7319,0,0,0
3452,7320,0,0,0
3452,7331,0,0,0
3452,7332,0,0,0
3452,7333,0,0,0
3452,7334,0,0,0
3452,7335,0,0,0
3452,7336,0,0,0
3452,7337,0,0,0
3452,7338,0,0,0
3452,7339,10,10,0
3452,7340,0,0,0
3452,8111,33,0,33
3452,8115,0,0,0
3452,8116,0,0,0
3452,8117,0,0,0
3452,8118,13,0,13
3452,8119,0,0,0
3452,8121,0,0,0
3452,8125,11,0,11
3452,8126,0,0,0
3452,8127,0,0,0
3452,8128,0,0,0
3452,8135,0,0,0
3452,8136,0,0,0
3452,8211,0,0,0
3452,8212,0,0,0
3452,8215,18,0,18
3452,8216,0,0,0
3452,8221,0,0,0
3452,8222,12,0,12
3452,8225,0,0,0
3452,8226,14,0,14
3452,8231,0,0,0
3452,8235,0,0,0
3452,8236,0,0,0
3452,8237,0,0,0
3452,8311,0,0,0
3452,8315,43,0,43
3452,8316,0,0,0
3452,8317,0,0,0
3452,8325,0,0,0
3452,8326,0,0,0
3452,8327,0,0,0
3452,8335,0,0,0
3452,8336,10,0,10
3452,8337,0,0,0
3452,8415,0,0,0
3452,8416,0,0,0
3452,8417,0,0,0
3452,8421,0,0,0
3452,8425,0,0,0
3452,8426,0,0,0
3452,8435,0,0,0
3452,8436,0,0,0
3452,8437,0,0,0
3452,9161,0,0,0
3452,9162,35,0,35
3452,9163,0,0,0
3452,9171,0,0,0
3452,9172,0,0,0
3452,9173,0,0,0
3452,9174,0,0,0
3452,9175,0,0,0
3452,9176,0,0,0
3452,9177,0,0,0
3452,9178,0,0,0
3452,9179,0,0,0
3452,9180,0,0,0
3452,9181,0,0,0
3452,9182,0,0,0
3452,9183,0,0,0
3452,9184,18,0,18
3452,9185,0,0,0
3452,9186,0,0,0
3452,9187,0,0,0
3452,9188,0,0,0
3452,9189,0,0,0
3452,9190,0,0,0
3452,9261,0,0,0
3452,9262,0,0,0
3452,9263,0,0,0
3452,9271,0,0,0
3452,9272,0,0,0
3452,9273,0,0,0
3452,9274,0,0,0
3452,9275,0,0,0
3452,9276,0,0,0
3452,9277,0,0,0
3452,9278,0,0,0
3452,9279,0,0,0
3452,9361,0,0,0
3452,9362,0,0,0
3452,9363,0,0,0
3452,9371,0,0,0
3452,9372,0,0,0
3452,9373,0,0,0
3452,9374,0,0,0
3452,9375,13,13,0
3452,9376,0,0,0
3452,9377,0,0,0
3452,9461,0,0,0
3452,9462,0,0,0
3452,9463,0,0,0
3452,9464,0,0,0
3452,9471,0,0,0
3452,9472,0,0,0
3452,9473,0,0,0
3452,9474,0,0,0
3452,9475,11,11,0
3452,9476,0,0,0
3452,9477,0,0,0
3452,9478,0,0,0
3452,9479,0,0,0
3452,9561,0,0,0
3452,9562,0,0,0
3452,9563,0,0,0
3452,9564,19,0,19
3452,9565,0,0,0
3452,9571,0,0,0
3452,9572,0,0,0
3452,9573,0,0,0
3452,9574,0,0,0
3452,9575,0,0,0
3452,9576,0,0,0
3452,9577,0,0,0
3452,9661,0,0,0
3452,9662,0,0,0
3452,9663,0,0,0
3452,9671,0,0,0
3452,9672,0,0,0
3452,9673,0,0,0
3452,9674,0,0,0
3452,9675,0,0,0
3452,9676,0,0,0
3452,9677,0,0,0
3452,9678,0,0,0
3452,9679,0,0,0
3452,9761,0,0,0
3452,9762,0,0,0
3452,9763,0,0,0
3452,9764,0,0,0
3452,9771,0,0,0
3452,9772,0,0,0
3452,9773,0,0,0
3452,9774,0,0,0
3452,9775,0,0,0
3452,9776,0,0,0
3452,9777,0,0,0
3452,9778,0,0,0
3452,9779,0,0,0
3452,9780,0,0,0
3452,10041,0,0,0
3452,10042,0,0,0
3452,10043,0,0,0
3452,10044,0,0,0
3452,10045,0,0,0
3452,10046,0,0,0
3452,11000,179,89,90
3452,12051,0,0,0
3452,12052,0,0,0
3452,12053,0,0,0
3452,12054,0,0,0
3452,12060,28,28,0
3452,12061,0,0,0
3452,12062,0,0,0
3452,12063,0,0,0
3452,12064,0,0,0
3452,12065,0,0,0
3452,12066,0,0,0
3452,12067,0,0,0
3452,12068,12,0,12
3452,12069,0,0,0
3452,12070,0,0,0
3452,12071,0,0,0
3452,12072,0,0,0
3452,12073,33,33,0
3452,13003,26,16,10
3452,13004,0,0,0
3452,13071,20,20,0
3452,13072,11,11,0
3452,13073,11,11,0
3452,13074,0,0,0
3452,13075,13,13,0
3452,13076,0,0,0
3452,14511,0,0,0
3452,14521,0,0,0
3452,14522,0,0,0
3452,14523,0,0,0
3452,14524,0,0,0
3452,14612,11,11,0
3452,14625,0,0,0
3452,14626,0,0,0
3452,14627,0,0,0
3452,14628,0,0,0
3452,14713,37,21,16
3452,14729,0,0,0
3452,14730,0,0,0
3452,15001,0,0,0
3452,15002,0,0,0
3452,15003,56,56,0
3452,15081,0,0,0
3452,15082,0,0,0
3452,15083,12,12,0
3452,15084,0,0,0
3452,15085,13,13,0
3452,15086,19,19,0
3452,15087,0,0,0
3452,15088,0,0,0
3452,15089,16,16,0
3452,15090,0,0,0
3452,15091,0,0,0
3452,16051,0,0,0
3452,16052,0,0,0
3452,16053,0,0,0
3452,16054,0,0,0
3452,16055,0,0,0
3452,16056,0,0,0
3452,16061,0,0,0
3452,16062,0,0,0
3452,16063,0,0,0
3452,16064,0,0,0
3452,16065,0,0,0
3452,16066,0,0,0
3452,16067,0,0,0
3452,16068,0,0,0
3452,16069,0,0,0
3452,16070,0,0,0
3452,16071,0,0,0
3452,16072,0,0,0
3452,16073,0,0,0
3452,16074,0,0,0
3452,16075,0,0,0
3452,16076,0,0,0
3452,16077,0,0,0
3453,1001,23,0,23
3453,1002,27,10,17
3453,1003,153,0,153
3453,1004,10,0,10
3453,1051,15,15,0
3453,1053,15,15,0
3453,1054,13,13,0
3453,1055,0,0,0
3453,1056,28,14,14
3453,1057,0,0,0
3453,1058,0,0,0
3453,1059,0,0,0
3453,1060,26,15,11
3453,1061,0,0,0
3453,1062,32,14,18
3453,2000,328,86,242
3453,3101,20,10,10
3453,3102,0,0,0
3453,3103,0,0,0
3453,3151,0,0,0
3453,3153,17,17,0
3453,3154,0,0,0
3453,3155,0,0,0
3453,3157,11,0,11
3453,3158,0,0,0
3453,3159,21,10,11
3453,3241,307,92,215
3453,3251,697,331,366
3453,3252,49,28,21
3453,3254,27,15,12
3453,3255,0,0,0
3453,3256,49,25,24
3453,3257,0,0,0
3453,3351,41,21,20
3453,3352,80,48,32
3453,3353,72,30,42
3453,3354,0,0,0
3453,3355,0,0,0
3453,3356,57,37,20
3453,3357,91,45,46
3453,3358,54,14,40
3453,3359,42,21,21
3453,3360,0,0,0
3453,3361,489,48,441
3453,3401,190,95,95
3453,3402,104,49,55
3453,3403,4393,1127,3266
3453,3404,362,126,236
3453,3405,137,58,79
3453,3451,3885,1363,2522
3453,3452,494,217,277
3453,3453,0,0,0
3453,3454,5711,3264,2447
3453,3455,283,118,165
3453,3456,112,55,57
3453,3457,2956,2013,943
3453,3458,3983,2380,1603
3453,3459,3967,1956,2011
3453,3460,7070,2351,4719
3453,3461,153,80,73
3453,3462,101,56,45
3453,4011,859,279,580
3453,4012,59,37,22
3453,5111,71,15,56
3453,5112,39,19,20
3453,5113,42,15,27
3453,5114,324,0,324
3453,5116,0,0,0
3453,5117,0,0,0
3453,5119,0,0,0
3453,5120,0,0,0
3453,5122,0,0,0
3453,5124,11,11,0
3453,5154,31,12,19
3453,5158,20,0,20
3453,5162,20,10,10
3453,5166,39,25,14
3453,5170,28,15,13
3453,5314,12,12,0
3453,5315,72,19,53
3453,5316,0,0,0
3453,5334,0,0,0
3453,5358,0,0,0
3453,5362,22,10,12
3453,5366,0,0,0
3453,5370,0,0,0
3453,5374,31,0,31
3453,5378,12,0,12
3453,5382,17,17,0
3453,5512,0,0,0
3453,5513,11,11,0
3453,5515,92,23,69
3453,5554,102,82,20
3453,5558,43,26,17
3453,5562,128,109,19
3453,5566,175,79,96
3453,5570,52,27,25
3453,5711,41,13,28
3453,5754,162,23,139
3453,5758,42,15,27
3453,5762,0,0,0
3453,5766,28,28,0
3453,5770,80,38,42
3453,5774,45,34,11
3453,5911,28,14,14
3453,5913,46,17,29
3453,5914,0,0,0
3453,5915,10,10,0
3453,5916,0,0,0
3453,5954,0,0,0
3453,5958,0,0,0
3453,5962,11,11,0
3453,5966,0,0,0
3453,5970,0,0,0
3453,5974,10,10,0
3453,5978,48,12,36
3453,6411,0,0,0
3453,6412,51,15,36
3453,6413,0,0,0
3453,6414,0,0,0
3453,6431,0,0,0
3453,6432,0,0,0
3453,6433,10,10,0
3453,6434,0,0,0
3453,6435,11,0,11
3453,6436,10,0,10
3453,6437,0,0,0
3453,6438,10,0,10
3453,6439,0,0,0
3453,6440,0,0,0
3453,6531,0,0,0
3453,6532,0,0,0
3453,6533,0,0,0
3453,6534,0,0,0
3453,6535,0,0,0
3453,6611,0,0,0
3453,6631,10,0,10
3453,6632,0,0,0
3453,6633,12,12,0
3453,6634,0,0,0
3453,6635,0,0,0
3453,6636,0,0,0
3453,7111,0,0,0
3453,7131,0,0,0
3453,7132,0,0,0
3453,7133,0,0,0
3453,7134,0,0,0
3453,7135,0,0,0
3453,7137,0,0,0
3453,7138,0,0,0
3453,7140,0,0,0
3453,7141,0,0,0
3453,7143,0,0,0
3453,7211,0,0,0
3453,7231,0,0,0
3453,7232,0,0,0
3453,7233,0,0,0
3453,7235,0,0,0
3453,7311,0,0,0
3453,7312,0,0,0
3453,7313,0,0,0
3453,7314,0,0,0
3453,7315,0,0,0
3453,7316,0,0,0
3453,7317,0,0,0
3453,7318,0,0,0
3453,7319,0,0,0
3453,7320,0,0,0
3453,7331,0,0,0
3453,7332,0,0,0
3453,7333,0,0,0
3453,7334,0,0,0
3453,7335,0,0,0
3453,7336,0,0,0
3453,7337,0,0,0
3453,7338,0,0,0
3453,7339,0,0,0
3453,7340,0,0,0
3453,8111,37,23,14
3453,8115,0,0,0
3453,8116,26,13,13
3453,8117,0,0,0
3453,8118,17,0,17
3453,8119,0,0,0
3453,8121,11,0,11
3453,8125,10,0,10
3453,8126,18,0,18
3453,8127,10,0,10
3453,8128,0,0,0
3453,8135,0,0,0
3453,8136,0,0,0
3453,8211,0,0,0
3453,8212,0,0,0
3453,8215,13,13,0
3453,8216,0,0,0
3453,8221,12,0,12
3453,8222,28,12,16
3453,8225,0,0,0
3453,8226,10,0,10
3453,8231,0,0,0
3453,8235,0,0,0
3453,8236,0,0,0
3453,8237,0,0,0
3453,8311,0,0,0
3453,8315,0,0,0
3453,8316,0,0,0
3453,8317,0,0,0
3453,8325,0,0,0
3453,8326,0,0,0
3453,8327,0,0,0
3453,8335,0,0,0
3453,8336,44,44,0
3453,8337,0,0,0
3453,8415,0,0,0
3453,8416,0,0,0
3453,8417,0,0,0
3453,8421,0,0,0
3453,8425,0,0,0
3453,8426,0,0,0
3453,8435,0,0,0
3453,8436,0,0,0
3453,8437,0,0,0
3453,9161,0,0,0
3453,9162,60,13,47
3453,9163,0,0,0
3453,9171,0,0,0
3453,9172,0,0,0
3453,9173,0,0,0
3453,9174,0,0,0
3453,9175,0,0,0
3453,9176,0,0,0
3453,9177,0,0,0
3453,9178,0,0,0
3453,9179,0,0,0
3453,9180,0,0,0
3453,9181,0,0,0
3453,9182,0,0,0
3453,9183,0,0,0
3453,9184,22,0,22
3453,9185,0,0,0
3453,9186,0,0,0
3453,9187,0,0,0
3453,9188,0,0,0
3453,9189,0,0,0
3453,9190,0,0,0
3453,9261,0,0,0
3453,9262,0,0,0
3453,9263,0,0,0
3453,9271,0,0,0
3453,9272,0,0,0
3453,9273,0,0,0
3453,9274,0,0,0
3453,9275,0,0,0
3453,9276,0,0,0
3453,9277,0,0,0
3453,9278,0,0,0
3453,9279,0,0,0
3453,9361,0,0,0
3453,9362,0,0,0
3453,9363,0,0,0
3453,9371,0,0,0
3453,9372,0,0,0
3453,9373,0,0,0
3453,9374,0,0,0
3453,9375,0,0,0
3453,9376,0,0,0
3453,9377,0,0,0
3453,9461,0,0,0
3453,9462,0,0,0
3453,9463,0,0,0
3453,9464,0,0,0
3453,9471,0,0,0
3453,9472,0,0,0
3453,9473,0,0,0
3453,9474,0,0,0
3453,9475,0,0,0
3453,9476,0,0,0
3453,9477,0,0,0
3453,9478,0,0,0
3453,9479,0,0,0
3453,9561,0,0,0
3453,9562,0,0,0
3453,9563,0,0,0
3453,9564,11,0,11
3453,9565,0,0,0
3453,9571,0,0,0
3453,9572,0,0,0
3453,9573,0,0,0
3453,9574,0,0,0
3453,9575,0,0,0
3453,9576,0,0,0
3453,9577,0,0,0
3453,9661,0,0,0
3453,9662,0,0,0
3453,9663,0,0,0
3453,9671,0,0,0
3453,9672,0,0,0
3453,9673,0,0,0
3453,9674,0,0,0
3453,9675,0,0,0
3453,9676,0,0,0
3453,9677,0,0,0
3453,9678,0,0,0
3453,9679,0,0,0
3453,9761,0,0,0
3453,9762,0,0,0
3453,9763,0,0,0
3453,9764,0,0,0
3453,9771,0,0,0
3453,9772,0,0,0
3453,9773,0,0,0
3453,9774,0,0,0
3453,9775,0,0,0
3453,9776,0,0,0
3453,9777,16,16,0
3453,9778,0,0,0
3453,9779,0,0,0
3453,9780,0,0,0
3453,10041,11,11,0
3453,10042,0,0,0
3453,10043,0,0,0
3453,10044,0,0,0
3453,10045,0,0,0
3453,10046,0,0,0
3453,11000,185,59,126
3453,12051,0,0,0
3453,12052,0,0,0
3453,12053,0,0,0
3453,12054,0,0,0
3453,12060,10,10,0
3453,12061,12,12,0
3453,12062,0,0,0
3453,12063,17,17,0
3453,12064,16,16,0
3453,12065,16,16,0
3453,12066,0,0,0
3453,12067,0,0,0
3453,12068,50,0,50
3453,12069,10,10,0
3453,12070,16,16,0
3453,12071,0,0,0
3453,12072,16,16,0
3453,12073,16,16,0
3453,13003,21,11,10
3453,13004,0,0,0
3453,13071,11,11,0
3453,13072,14,14,0
3453,13073,16,16,0
3453,13074,0,0,0
3453,13075,20,20,0
3453,13076,27,27,0
3453,14511,0,0,0
3453,14521,0,0,0
3453,14522,23,23,0
3453,14523,0,0,0
3453,14524,0,0,0
3453,14612,23,0,23
3453,14625,0,0,0
3453,14626,0,0,0
3453,14627,10,10,0
3453,14628,0,0,0
3453,14713,15,15,0
3453,14729,14,14,0
3453,14730,37,37,0
3453,15001,0,0,0
3453,15002,16,16,0
3453,15003,12,12,0
3453,15081,0,0,0
3453,15082,22,12,10
3453,15083,22,22,0
3453,15084,50,36,14
3453,15085,43,43,0
3453,15086,0,0,0
3453,15087,25,25,0
3453,15088,43,43,0
3453,15089,18,18,0
3453,15090,19,19,0
3453,15091,11,0,11
3453,16051,0,0,0
3453,16052,0,0,0
3453,16053,0,0,0
3453,16054,0,0,0
3453,16055,0,0,0
3453,16056,0,0,0
3453,16061,0,0,0
3453,16062,0,0,0
3453,16063,0,0,0
3453,16064,0,0,0
3453,16065,0,0,0
3453,16066,0,0,0
3453,16067,0,0,0
3453,16068,0,0,0
3453,16069,0,0,0
3453,16070,0,0,0
3453,16071,0,0,0
3453,16072,0,0,0
3453,16073,0,0,0
3453,16074,0,0,0
3453,16075,0,0,0
3453,16076,0,0,0
3453,16077,0,0,0
3454,1001,0,0,0
3454,1002,34,12,22
3454,1003,182,13,169
3454,1004,16,0,16
3454,1051,10,10,0
3454,1053,36,25,11
3454,1054,27,17,10
3454,1055,19,19,0
3454,1056,41,20,21
3454,1057,170,10,160
3454,1058,59,18,41
3454,1059,28,12,16
3454,1060,108,17,91
3454,1061,24,24,0
3454,1062,45,26,19
3454,2000,647,218,429
3454,3101,69,31,38
3454,3102,0,0,0
3454,3103,77,43,34
3454,3151,58,58,0
3454,3153,21,21,0
3454,3154,24,24,0
3454,3155,10,0,10
3454,3157,12,12,0
3454,3158,0,0,0
3454,3159,69,27,42
3454,3241,452,157,295
3454,3251,229,104,125
3454,3252,31,20,11
3454,3254,51,34,17
3454,3255,0,0,0
3454,3256,431,47,384
3454,3257,51,25,26
3454,3351,232,172,60
3454,3352,81,56,25
3454,3353,62,43,19
3454,3354,0,0,0
3454,3355,44,25,19
3454,3356,47,30,17
3454,3357,82,49,33
3454,3358,49,28,21
3454,3359,45,25,20
3454,3360,29,29,0
3454,3361,127,59,68
3454,3401,43,14,29
3454,3402,431,153,278
3454,3403,1007,215,792
3454,3404,1471,362,1109
3454,3405,82,32,50
3454,3451,485,208,277
3454,3452,814,358,456
3454,3453,5711,2447,3264
3454,3454,0,0,0
3454,3455,103,57,46
3454,3456,10987,6586,4401
3454,3457,10768,8266,2502
3454,3458,303,145,158
3454,3459,3063,1552,1511
3454,3460,581,189,392
3454,3461,76,34,42
3454,3462,131,60,71
3454,4011,747,97,650
3454,4012,87,47,40
3454,5111,440,97,343
3454,5112,141,70,71
3454,5113,232,108,124
3454,5114,52,21,31
3454,5116,46,31,15
3454,5117,44,22,22
3454,5119,94,46,48
3454,5120,12,0,12
3454,5122,21,11,10
3454,5124,62,39,23
3454,5154,67,39,28
3454,5158,131,62,69
3454,5162,191,157,34
3454,5166,50,35,15
3454,5170,252,84,168
3454,5314,49,23,26
3454,5315,348,119,229
3454,5316,26,10,16
3454,5334,60,27,33
3454,5358,38,20,18
3454,5362,118,52,66
3454,5366,18,18,0
3454,5370,45,21,24
3454,5374,54,18,36
3454,5378,30,30,0
3454,5382,51,32,19
3454,5512,24,12,12
3454,5513,144,89,55
3454,5515,865,245,620
3454,5554,726,389,337
3454,5558,202,108,94
3454,5562,259,174,85
3454,5566,9642,4882,4760
3454,5570,194,140,54
3454,5711,104,31,73
3454,5754,681,48,633
3454,5758,79,43,36
3454,5762,0,0,0
3454,5766,69,44,25
3454,5770,194,72,122
3454,5774,58,30,28
3454,5911,88,51,37
3454,5913,180,76,104
3454,5914,10,10,0
3454,5915,120,93,27
3454,5916,78,59,19
3454,5954,96,32,64
3454,5958,27,16,11
3454,5962,59,25,34
3454,5966,0,0,0
3454,5970,14,0,14
3454,5974,46,27,19
3454,5978,112,57,55
3454,6411,48,35,13
3454,6412,149,65,84
3454,6413,17,17,0
3454,6414,34,0,34
3454,6431,28,18,10
3454,6432,20,20,0
3454,6433,44,14,30
3454,6434,35,0,35
3454,6435,33,12,21
3454,6436,27,0,27
3454,6437,0,0,0
3454,6438,46,23,23
3454,6439,0,0,0
3454,6440,22,12,10
3454,6531,16,16,0
3454,6532,0,0,0
3454,6533,0,0,0
3454,6534,18,18,0
3454,6535,0,0,0
3454,6611,15,0,15
3454,6631,29,10,19
3454,6632,13,13,0
3454,6633,25,12,13
3454,6634,0,0,0
3454,6635,0,0,0
3454,6636,0,0,0
3454,7111,0,0,0
3454,7131,0,0,0
3454,7132,11,11,0
3454,7133,0,0,0
3454,7134,0,0,0
3454,7135,0,0,0
3454,7137,28,17,11
3454,7138,28,11,17
3454,7140,0,0,0
3454,7141,0,0,0
3454,7143,12,12,0
3454,7211,0,0,0
3454,7231,0,0,0
3454,7232,11,0,11
3454,7233,0,0,0
3454,7235,0,0,0
3454,7311,20,20,0
3454,7312,11,11,0
3454,7313,0,0,0
3454,7314,77,77,0
3454,7315,13,0,13
3454,7316,0,0,0
3454,7317,0,0,0
3454,7318,16,16,0
3454,7319,22,22,0
3454,7320,0,0,0
3454,7331,14,14,0
3454,7332,12,12,0
3454,7333,0,0,0
3454,7334,14,14,0
3454,7335,0,0,0
3454,7336,0,0,0
3454,7337,0,0,0
3454,7338,29,29,0
3454,7339,0,0,0
3454,7340,0,0,0
3454,8111,95,73,22
3454,8115,48,34,14
3454,8116,54,34,20
3454,8117,21,11,10
3454,8118,67,34,33
3454,8119,33,18,15
3454,8121,0,0,0
3454,8125,38,27,11
3454,8126,20,0,20
3454,8127,21,10,11
3454,8128,0,0,0
3454,8135,0,0,0
3454,8136,16,0,16
3454,8211,11,11,0
3454,8212,60,47,13
3454,8215,54,21,33
3454,8216,19,19,0
3454,8221,18,0,18
3454,8222,87,61,26
3454,8225,86,86,0
3454,8226,56,56,0
3454,8231,0,0,0
3454,8235,17,17,0
3454,8236,11,11,0
3454,8237,0,0,0
3454,8311,0,0,0
3454,8315,0,0,0
3454,8316,0,0,0
3454,8317,16,0,16
3454,8325,10,10,0
3454,8326,0,0,0
3454,8327,0,0,0
3454,8335,11,11,0
3454,8336,0,0,0
3454,8337,0,0,0
3454,8415,0,0,0
3454,8416,0,0,0
3454,8417,0,0,0
3454,8421,15,0,15
3454,8425,0,0,0
3454,8426,0,0,0
3454,8435,0,0,0
3454,8436,11,0,11
3454,8437,0,0,0
3454,9161,12,12,0
3454,9162,127,32,95
3454,9163,0,0,0
3454,9171,0,0,0
3454,9172,0,0,0
3454,9173,0,0,0
3454,9174,11,11,0
3454,9175,0,0,0
3454,9176,0,0,0
3454,9177,0,0,0
3454,9178,33,33,0
3454,9179,0,0,0
3454,9180,0,0,0
3454,9181,0,0,0
3454,9182,0,0,0
3454,9183,0,0,0
3454,9184,45,13,32
3454,9185,0,0,0
3454,9186,12,0,12
3454,9187,11,11,0
3454,9188,12,12,0
3454,9189,0,0,0
3454,9190,0,0,0
3454,9261,0,0,0
3454,9262,0,0,0
3454,9263,0,0,0
3454,9271,20,10,10
3454,9272,0,0,0
3454,9273,0,0,0
3454,9274,25,25,0
3454,9275,0,0,0
3454,9276,0,0,0
3454,9277,0,0,0
3454,9278,0,0,0
3454,9279,0,0,0
3454,9361,0,0,0
3454,9362,13,0,13
3454,9363,0,0,0
3454,9371,0,0,0
3454,9372,0,0,0
3454,9373,11,0,11
3454,9374,0,0,0
3454,9375,0,0,0
3454,9376,0,0,0
3454,9377,0,0,0
3454,9461,0,0,0
3454,9462,0,0,0
3454,9463,0,0,0
3454,9464,0,0,0
3454,9471,0,0,0
3454,9472,0,0,0
3454,9473,0,0,0
3454,9474,0,0,0
3454,9475,0,0,0
3454,9476,0,0,0
3454,9477,0,0,0
3454,9478,0,0,0
3454,9479,0,0,0
3454,9561,0,0,0
3454,9562,21,0,21
3454,9563,0,0,0
3454,9564,79,56,23
3454,9565,0,0,0
3454,9571,11,11,0
3454,9572,0,0,0
3454,9573,0,0,0
3454,9574,0,0,0
3454,9575,39,39,0
3454,9576,0,0,0
3454,9577,0,0,0
3454,9661,0,0,0
3454,9662,0,0,0
3454,9663,19,19,0
3454,9671,19,0,19
3454,9672,0,0,0
3454,9673,0,0,0
3454,9674,0,0,0
3454,9675,0,0,0
3454,9676,0,0,0
3454,9677,0,0,0
3454,9678,0,0,0
3454,9679,15,15,0
3454,9761,35,15,20
3454,9762,0,0,0
3454,9763,0,0,0
3454,9764,0,0,0
3454,9771,0,0,0
3454,9772,12,12,0
3454,9773,0,0,0
3454,9774,0,0,0
3454,9775,0,0,0
3454,9776,0,0,0
3454,9777,0,0,0
3454,9778,12,0,12
3454,9779,0,0,0
3454,9780,0,0,0
3454,10041,42,11,31
3454,10042,0,0,0
3454,10043,0,0,0
3454,10044,10,10,0
3454,10045,0,0,0
3454,10046,0,0,0
3454,11000,405,222,183
3454,12051,0,0,0
3454,12052,13,13,0
3454,12053,0,0,0
3454,12054,11,11,0
3454,12060,11,11,0
3454,12061,50,16,34
3454,12062,0,0,0
3454,12063,14,14,0
3454,12064,12,12,0
3454,12065,20,20,0
3454,12066,0,0,0
3454,12067,0,0,0
3454,12068,0,0,0
3454,12069,40,30,10
3454,12070,31,31,0
3454,12071,0,0,0
3454,12072,41,19,22
3454,12073,19,19,0
3454,13003,53,42,11
3454,13004,21,21,0
3454,13071,38,38,0
3454,13072,30,30,0
3454,13073,75,64,11
3454,13074,43,31,12
3454,13075,69,58,11
3454,13076,98,69,29
3454,14511,0,0,0
3454,14521,26,11,15
3454,14522,25,25,0
3454,14523,0,0,0
3454,14524,14,14,0
3454,14612,35,18,17
3454,14625,24,13,11
3454,14626,12,12,0
3454,14627,15,15,0
3454,14628,11,11,0
3454,14713,63,45,18
3454,14729,28,28,0
3454,14730,19,19,0
3454,15001,0,0,0
3454,15002,0,0,0
3454,15003,39,27,12
3454,15081,103,103,0
3454,15082,24,24,0
3454,15083,66,66,0
3454,15084,143,122,21
3454,15085,24,24,0
3454,15086,36,36,0
3454,15087,25,25,0
3454,15088,26,26,0
3454,15089,36,36,0
3454,15090,99,99,0
3454,15091,13,13,0
3454,16051,28,15,13
3454,16052,0,0,0
3454,16053,0,0,0
3454,16054,0,0,0
3454,16055,73,73,0
3454,16056,0,0,0
3454,16061,10,0,10
3454,16062,0,0,0
3454,16063,14,14,0
3454,16064,12,12,0
3454,16065,0,0,0
3454,16066,0,0,0
3454,16067,0,0,0
3454,16068,0,0,0
3454,16069,0,0,0
3454,16070,0,0,0
3454,16071,25,25,0
3454,16072,0,0,0
3454,16073,0,0,0
3454,16074,0,0,0
3454,16075,0,0,0
3454,16076,0,0,0
3454,16077,0,0,0
3455,1001,0,0,0
3455,1002,16,0,16
3455,1003,0,0,0
3455,1004,97,0,97
3455,1051,10,10,0
3455,1053,0,0,0
3455,1054,41,29,12
3455,1055,0,0,0
3455,1056,19,0,19
3455,1057,0,0,0
3455,1058,0,0,0
3455,1059,0,0,0
3455,1060,0,0,0
3455,1061,0,0,0
3455,1062,18,0,18
3455,2000,278,33,245
3455,3101,17,0,17
3455,3102,0,0,0
3455,3103,14,0,14
3455,3151,0,0,0
3455,3153,0,0,0
3455,3154,0,0,0
3455,3155,0,0,0
3455,3157,0,0,0
3455,3158,0,0,0
3455,3159,11,0,11
3455,3241,151,26,125
3455,3251,60,21,39
3455,3252,0,0,0
3455,3254,0,0,0
3455,3255,0,0,0
3455,3256,0,0,0
3455,3257,0,0,0
3455,3351,12,0,12
3455,3352,79,54,25
3455,3353,14,0,14
3455,3354,0,0,0
3455,3355,10,10,0
3455,3356,32,21,11
3455,3357,34,12,22
3455,3358,18,0,18
3455,3359,10,0,10
3455,3360,0,0,0
3455,3361,37,16,21
3455,3401,104,44,60
3455,3402,151,23,128
3455,3403,2780,820,1960
3455,3404,51,0,51
3455,3405,11025,3619,7406
3455,3451,3085,1051,2034
3455,3452,1238,568,670
3455,3453,283,165,118
3455,3454,103,46,57
3455,3455,0,0,0
3455,3456,24,0,24
3455,3457,525,315,210
3455,3458,340,177,163
3455,3459,53,15,38
3455,3460,69,14,55
3455,3461,1653,978,675
3455,3462,3225,1854,1371
3455,4011,560,94,466
3455,4012,122,36,86
3455,5111,42,0,42
3455,5112,12,0,12
3455,5113,12,0,12
3455,5114,0,0,0
3455,5116,0,0,0
3455,5117,0,0,0
3455,5119,0,0,0
3455,5120,0,0,0
3455,5122,0,0,0
3455,5124,13,0,13
3455,5154,0,0,0
3455,5158,12,0,12
3455,5162,13,0,13
3455,5166,0,0,0
3455,5170,0,0,0
3455,5314,13,0,13
3455,5315,32,0,32
3455,5316,0,0,0
3455,5334,0,0,0
3455,5358,0,0,0
3455,5362,0,0,0
3455,5366,0,0,0
3455,5370,0,0,0
3455,5374,17,0,17
3455,5378,0,0,0
3455,5382,0,0,0
3455,5512,0,0,0
3455,5513,0,0,0
3455,5515,19,0,19
3455,5554,0,0,0
3455,5558,0,0,0
3455,5562,10,0,10
3455,5566,14,0,14
3455,5570,0,0,0
3455,5711,15,0,15
3455,5754,32,0,32
3455,5758,22,0,22
3455,5762,0,0,0
3455,5766,10,10,0
3455,5770,24,10,14
3455,5774,0,0,0
3455,5911,0,0,0
3455,5913,16,0,16
3455,5914,0,0,0
3455,5915,0,0,0
3455,5916,0,0,0
3455,5954,0,0,0
3455,5958,0,0,0
3455,5962,0,0,0
3455,5966,0,0,0
3455,5970,0,0,0
3455,5974,0,0,0
3455,5978,0,0,0
3455,6411,0,0,0
3455,6412,44,0,44
3455,6413,0,0,0
3455,6414,0,0,0
3455,6431,0,0,0
3455,6432,0,0,0
3455,6433,13,0,13
3455,6434,10,0,10
3455,6435,17,0,17
3455,6436,0,0,0
3455,6437,0,0,0
3455,6438,10,0,10
3455,6439,0,0,0
3455,6440,0,0,0
3455,6531,0,0,0
3455,6532,0,0,0
3455,6533,0,0,0
3455,6534,0,0,0
3455,6535,0,0,0
3455,6611,0,0,0
3455,6631,0,0,0
3455,6632,0,0,0
3455,6633,0,0,0
3455,6634,0,0,0
3455,6635,0,0,0
3455,6636,0,0,0
3455,7111,0,0,0
3455,7131,0,0,0
3455,7132,0,0,0
3455,7133,0,0,0
3455,7134,0,0,0
3455,7135,0,0,0
3455,7137,0,0,0
3455,7138,0,0,0
3455,7140,0,0,0
3455,7141,0,0,0
3455,7143,0,0,0
3455,7211,0,0,0
3455,7231,0,0,0
3455,7232,0,0,0
3455,7233,0,0,0
3455,7235,0,0,0
3455,7311,0,0,0
3455,7312,0,0,0
3455,7313,0,0,0
3455,7314,0,0,0
3455,7315,0,0,0
3455,7316,0,0,0
3455,7317,0,0,0
3455,7318,0,0,0
3455,7319,0,0,0
3455,7320,0,0,0
3455,7331,0,0,0
3455,7332,0,0,0
3455,7333,0,0,0
3455,7334,0,0,0
3455,7335,0,0,0
3455,7336,0,0,0
3455,7337,0,0,0
3455,7338,0,0,0
3455,7339,0,0,0
3455,7340,0,0,0
3455,8111,0,0,0
3455,8115,0,0,0
3455,8116,0,0,0
3455,8117,0,0,0
3455,8118,0,0,0
3455,8119,0,0,0
3455,8121,0,0,0
3455,8125,0,0,0
3455,8126,0,0,0
3455,8127,0,0,0
3455,8128,0,0,0
3455,8135,0,0,0
3455,8136,0,0,0
3455,8211,0,0,0
3455,8212,0,0,0
3455,8215,0,0,0
3455,8216,0,0,0
3455,8221,0,0,0
3455,8222,12,0,12
3455,8225,0,0,0
3455,8226,0,0,0
3455,8231,0,0,0
3455,8235,0,0,0
3455,8236,0,0,0
3455,8237,0,0,0
3455,8311,0,0,0
3455,8315,0,0,0
3455,8316,0,0,0
3455,8317,0,0,0
3455,8325,0,0,0
3455,8326,0,0,0
3455,8327,0,0,0
3455,8335,0,0,0
3455,8336,0,0,0
3455,8337,0,0,0
3455,8415,0,0,0
3455,8416,0,0,0
3455,8417,0,0,0
3455,8421,0,0,0
3455,8425,0,0,0
3455,8426,0,0,0
3455,8435,0,0,0
3455,8436,0,0,0
3455,8437,0,0,0
3455,9161,0,0,0
3455,9162,45,0,45
3455,9163,0,0,0
3455,9171,0,0,0
3455,9172,0,0,0
3455,9173,0,0,0
3455,9174,0,0,0
3455,9175,0,0,0
3455,9176,0,0,0
3455,9177,0,0,0
3455,9178,0,0,0
3455,9179,0,0,0
3455,9180,0,0,0
3455,9181,0,0,0
3455,9182,0,0,0
3455,9183,0,0,0
3455,9184,14,0,14
3455,9185,0,0,0
3455,9186,0,0,0
3455,9187,0,0,0
3455,9188,0,0,0
3455,9189,0,0,0
3455,9190,0,0,0
3455,9261,0,0,0
3455,9262,0,0,0
3455,9263,0,0,0
3455,9271,0,0,0
3455,9272,0,0,0
3455,9273,0,0,0
3455,9274,0,0,0
3455,9275,0,0,0
3455,9276,0,0,0
3455,9277,0,0,0
3455,9278,0,0,0
3455,9279,0,0,0
3455,9361,0,0,0
3455,9362,0,0,0
3455,9363,0,0,0
3455,9371,0,0,0
3455,9372,0,0,0
3455,9373,0,0,0
3455,9374,0,0,0
3455,9375,0,0,0
3455,9376,0,0,0
3455,9377,0,0,0
3455,9461,0,0,0
3455,9462,0,0,0
3455,9463,0,0,0
3455,9464,0,0,0
3455,9471,0,0,0
3455,9472,0,0,0
3455,9473,0,0,0
3455,9474,0,0,0
3455,9475,0,0,0
3455,9476,0,0,0
3455,9477,0,0,0
3455,9478,0,0,0
3455,9479,0,0,0
3455,9561,0,0,0
3455,9562,0,0,0
3455,9563,0,0,0
3455,9564,0,0,0
3455,9565,0,0,0
3455,9571,0,0,0
3455,9572,0,0,0
3455,9573,0,0,0
3455,9574,0,0,0
3455,9575,0,0,0
3455,9576,0,0,0
3455,9577,0,0,0
3455,9661,0,0,0
3455,9662,0,0,0
3455,9663,0,0,0
3455,9671,0,0,0
3455,9672,0,0,0
3455,9673,0,0,0
3455,9674,0,0,0
3455,9675,0,0,0
3455,9676,0,0,0
3455,9677,0,0,0
3455,9678,0,0,0
3455,9679,0,0,0
3455,9761,0,0,0
3455,9762,0,0,0
3455,9763,0,0,0
3455,9764,0,0,0
3455,9771,0,0,0
3455,9772,0,0,0
3455,9773,0,0,0
3455,9774,0,0,0
3455,9775,0,0,0
3455,9776,0,0,0
3455,9777,0,0,0
3455,9778,0,0,0
3455,9779,0,0,0
3455,9780,0,0,0
3455,10041,0,0,0
3455,10042,0,0,0
3455,10043,0,0,0
3455,10044,0,0,0
3455,10045,0,0,0
3455,10046,0,0,0
3455,11000,104,21,83
3455,12051,0,0,0
3455,12052,0,0,0
3455,12053,0,0,0
3455,12054,0,0,0
3455,12060,0,0,0
3455,12061,0,0,0
3455,12062,0,0,0
3455,12063,0,0,0
3455,12064,0,0,0
3455,12065,0,0,0
3455,12066,0,0,0
3455,12067,0,0,0
3455,12068,0,0,0
3455,12069,0,0,0
3455,12070,0,0,0
3455,12071,0,0,0
3455,12072,0,0,0
3455,12073,0,0,0
3455,13003,0,0,0
3455,13004,0,0,0
3455,13071,0,0,0
3455,13072,0,0,0
3455,13073,0,0,0
3455,13074,0,0,0
3455,13075,0,0,0
3455,13076,0,0,0
3455,14511,0,0,0
3455,14521,0,0,0
3455,14522,0,0,0
3455,14523,0,0,0
3455,14524,0,0,0
3455,14612,0,0,0
3455,14625,0,0,0
3455,14626,0,0,0
3455,14627,0,0,0
3455,14628,0,0,0
3455,14713,0,0,0
3455,14729,0,0,0
3455,14730,0,0,0
3455,15001,0,0,0
3455,15002,0,0,0
3455,15003,0,0,0
3455,15081,0,0,0
3455,15082,0,0,0
3455,15083,0,0,0
3455,15084,0,0,0
3455,15085,0,0,0
3455,15086,0,0,0
3455,15087,0,0,0
3455,15088,0,0,0
3455,15089,0,0,0
3455,15090,0,0,0
3455,15091,0,0,0
3455,16051,0,0,0
3455,16052,0,0,0
3455,16053,0,0,0
3455,16054,0,0,0
3455,16055,0,0,0
3455,16056,0,0,0
3455,16061,0,0,0
3455,16062,0,0,0
3455,16063,0,0,0
3455,16064,0,0,0
3455,16065,0,0,0
3455,16066,17,0,17
3455,16067,0,0,0
3455,16068,0,0,0
3455,16069,0,0,0
3455,16070,0,0,0
3455,16071,0,0,0
3455,16072,0,0,0
3455,16073,0,0,0
3455,16074,0,0,0
3455,16075,0,0,0
3455,16076,0,0,0
3455,16077,0,0,0
3456,1001,0,0,0
3456,1002,0,0,0
3456,1003,16,0,16
3456,1004,0,0,0
3456,1051,0,0,0
3456,1053,0,0,0
3456,1054,0,0,0
3456,1055,19,19,0
3456,1056,0,0,0
3456,1057,0,0,0
3456,1058,11,0,11
3456,1059,0,0,0
3456,1060,18,0,18
3456,1061,0,0,0
3456,1062,0,0,0
3456,2000,139,29,110
3456,3101,22,0,22
3456,3102,0,0,0
3456,3103,10,0,10
3456,3151,0,0,0
3456,3153,0,0,0
3456,3154,0,0,0
3456,3155,0,0,0
3456,3157,0,0,0
3456,3158,0,0,0
3456,3159,11,0,11
3456,3241,151,48,103
3456,3251,78,25,53
3456,3252,0,0,0
3456,3254,0,0,0
3456,3255,0,0,0
3456,3256,0,0,0
3456,3257,11,0,11
3456,3351,34,12,22
3456,3352,0,0,0
3456,3353,0,0,0
3456,3354,0,0,0
3456,3355,19,0,19
3456,3356,0,0,0
3456,3357,11,11,0
3456,3358,30,14,16
3456,3359,0,0,0
3456,3360,0,0,0
3456,3361,30,10,20
3456,3401,0,0,0
3456,3402,15,0,15
3456,3403,128,25,103
3456,3404,491,105,386
3456,3405,29,15,14
3456,3451,52,18,34
3456,3452,103,45,58
3456,3453,112,57,55
3456,3454,10987,4401,6586
3456,3455,24,24,0
3456,3456,0,0,0
3456,3457,130,64,66
3456,3458,16,16,0
3456,3459,369,165,204
3456,3460,117,40,77
3456,3461,0,0,0
3456,3462,0,0,0
3456,4011,71,22,49
3456,4012,0,0,0
3456,5111,103,21,82
3456,5112,74,31,43
3456,5113,64,27,37
3456,5114,20,10,10
3456,5116,0,0,0
3456,5117,12,0,12
3456,5119,24,11,13
3456,5120,0,0,0
3456,5122,0,0,0
3456,5124,27,0,27
3456,5154,30,13,17
3456,5158,52,12,40
3456,5162,16,0,16
3456,5166,0,0,0
3456,5170,82,53,29
3456,5314,13,0,13
3456,5315,115,43,72
3456,5316,0,0,0
3456,5334,64,49,15
3456,5358,11,11,0
3456,5362,42,21,21
3456,5366,0,0,0
3456,5370,0,0,0
3456,5374,13,0,13
3456,5378,0,0,0
3456,5382,13,13,0
3456,5512,0,0,0
3456,5513,28,15,13
3456,5515,408,93,315
3456,5554,2066,922,1144
3456,5558,122,61,61
3456,5562,230,183,47
3456,5566,3865,1660,2205
3456,5570,48,22,26
3456,5711,55,14,41
3456,5754,60,17,43
3456,5758,32,12,20
3456,5762,0,0,0
3456,5766,29,16,13
3456,5770,46,0,46
3456,5774,32,16,16
3456,5911,49,19,30
3456,5913,57,22,35
3456,5914,0,0,0
3456,5915,10,10,0
3456,5916,0,0,0
3456,5954,10,0,10
3456,5958,0,0,0
3456,5962,11,11,0
3456,5966,0,0,0
3456,5970,0,0,0
3456,5974,21,21,0
3456,5978,44,13,31
3456,6411,0,0,0
3456,6412,44,10,34
3456,6413,0,0,0
3456,6414,15,0,15
3456,6431,0,0,0
3456,6432,0,0,0
3456,6433,0,0,0
3456,6434,0,0,0
3456,6435,11,0,11
3456,6436,0,0,0
3456,6437,0,0,0
3456,6438,0,0,0
3456,6439,0,0,0
3456,6440,0,0,0
3456,6531,16,16,0
3456,6532,0,0,0
3456,6533,0,0,0
3456,6534,0,0,0
3456,6535,0,0,0
3456,6611,0,0,0
3456,6631,0,0,0
3456,6632,0,0,0
3456,6633,0,0,0
3456,6634,0,0,0
3456,6635,0,0,0
3456,6636,0,0,0
3456,7111,0,0,0
3456,7131,0,0,0
3456,7132,0,0,0
3456,7133,0,0,0
3456,7134,0,0,0
3456,7135,0,0,0
3456,7137,0,0,0
3456,7138,0,0,0
3456,7140,0,0,0
3456,7141,12,0,12
3456,7143,0,0,0
3456,7211,0,0,0
3456,7231,0,0,0
3456,7232,0,0,0
3456,7233,0,0,0
3456,7235,0,0,0
3456,7311,0,0,0
3456,7312,0,0,0
3456,7313,0,0,0
3456,7314,0,0,0
3456,7315,0,0,0
3456,7316,11,11,0
3456,7317,0,0,0
3456,7318,0,0,0
3456,7319,0,0,0
3456,7320,0,0,0
3456,7331,0,0,0
3456,7332,23,23,0
3456,7333,0,0,0
3456,7334,0,0,0
3456,7335,0,0,0
3456,7336,0,0,0
3456,7337,0,0,0
3456,7338,0,0,0
3456,7339,0,0,0
3456,7340,0,0,0
3456,8111,0,0,0
3456,8115,0,0,0
3456,8116,0,0,0
3456,8117,0,0,0
3456,8118,23,23,0
3456,8119,0,0,0
3456,8121,0,0,0
3456,8125,0,0,0
3456,8126,13,0,13
3456,8127,0,0,0
3456,8128,0,0,0
3456,8135,0,0,0
3456,8136,0,0,0
3456,8211,0,0,0
3456,8212,0,0,0
3456,8215,11,0,11
3456,8216,0,0,0
3456,8221,0,0,0
3456,8222,0,0,0
3456,8225,0,0,0
3456,8226,0,0,0
3456,8231,0,0,0
3456,8235,0,0,0
3456,8236,0,0,0
3456,8237,0,0,0
3456,8311,0,0,0
3456,8315,0,0,0
3456,8316,0,0,0
3456,8317,0,0,0
3456,8325,0,0,0
3456,8326,0,0,0
3456,8327,0,0,0
3456,8335,0,0,0
3456,8336,0,0,0
3456,8337,0,0,0
3456,8415,0,0,0
3456,8416,0,0,0
3456,8417,0,0,0
3456,8421,0,0,0
3456,8425,0,0,0
3456,8426,0,0,0
3456,8435,0,0,0
3456,8436,0,0,0
3456,8437,0,0,0
3456,9161,0,0,0
3456,9162,39,11,28
3456,9163,0,0,0
3456,9171,0,0,0
3456,9172,0,0,0
3456,9173,0,0,0
3456,9174,0,0,0
3456,9175,0,0,0
3456,9176,0,0,0
3456,9177,0,0,0
3456,9178,0,0,0
3456,9179,0,0,0
3456,9180,0,0,0
3456,9181,0,0,0
3456,9182,0,0,0
3456,9183,0,0,0
3456,9184,23,0,23
3456,9185,0,0,0
3456,9186,0,0,0
3456,9187,0,0,0
3456,9188,0,0,0
3456,9189,0,0,0
3456,9190,0,0,0
3456,9261,0,0,0
3456,9262,0,0,0
3456,9263,0,0,0
3456,9271,0,0,0
3456,9272,0,0,0
3456,9273,0,0,0
3456,9274,0,0,0
3456,9275,0,0,0
3456,9276,0,0,0
3456,9277,0,0,0
3456,9278,0,0,0
3456,9279,0,0,0
3456,9361,0,0,0
3456,9362,0,0,0
3456,9363,0,0,0
3456,9371,0,0,0
3456,9372,0,0,0
3456,9373,0,0,0
3456,9374,0,0,0
3456,9375,0,0,0
3456,9376,0,0,0
3456,9377,0,0,0
3456,9461,0,0,0
3456,9462,0,0,0
3456,9463,0,0,0
3456,9464,0,0,0
3456,9471,0,0,0
3456,9472,0,0,0
3456,9473,0,0,0
3456,9474,0,0,0
3456,9475,0,0,0
3456,9476,0,0,0
3456,9477,18,0,18
3456,9478,0,0,0
3456,9479,0,0,0
3456,9561,0,0,0
3456,9562,0,0,0
3456,9563,0,0,0
3456,9564,10,0,10
3456,9565,0,0,0
3456,9571,0,0,0
3456,9572,0,0,0
3456,9573,0,0,0
3456,9574,0,0,0
3456,9575,0,0,0
3456,9576,0,0,0
3456,9577,0,0,0
3456,9661,0,0,0
3456,9662,0,0,0
3456,9663,0,0,0
3456,9671,0,0,0
3456,9672,0,0,0
3456,9673,0,0,0
3456,9674,0,0,0
3456,9675,0,0,0
3456,9676,0,0,0
3456,9677,0,0,0
3456,9678,0,0,0
3456,9679,0,0,0
3456,9761,0,0,0
3456,9762,0,0,0
3456,9763,0,0,0
3456,9764,0,0,0
3456,9771,0,0,0
3456,9772,0,0,0
3456,9773,0,0,0
3456,9774,0,0,0
3456,9775,0,0,0
3456,9776,0,0,0
3456,9777,0,0,0
3456,9778,0,0,0
3456,9779,0,0,0
3456,9780,0,0,0
3456,10041,0,0,0
3456,10042,0,0,0
3456,10043,0,0,0
3456,10044,0,0,0
3456,10045,0,0,0
3456,10046,0,0,0
3456,11000,95,34,61
3456,12051,0,0,0
3456,12052,0,0,0
3456,12053,0,0,0
3456,12054,0,0,0
3456,12060,0,0,0
3456,12061,0,0,0
3456,12062,0,0,0
3456,12063,0,0,0
3456,12064,29,0,29
3456,12065,0,0,0
3456,12066,0,0,0
3456,12067,0,0,0
3456,12068,0,0,0
3456,12069,10,10,0
3456,12070,0,0,0
3456,12071,0,0,0
3456,12072,0,0,0
3456,12073,0,0,0
3456,13003,0,0,0
3456,13004,0,0,0
3456,13071,23,23,0
3456,13072,0,0,0
3456,13073,10,10,0
3456,13074,0,0,0
3456,13075,0,0,0
3456,13076,10,10,0
3456,14511,0,0,0
3456,14521,0,0,0
3456,14522,0,0,0
3456,14523,0,0,0
3456,14524,0,0,0
3456,14612,0,0,0
3456,14625,0,0,0
3456,14626,0,0,0
3456,14627,0,0,0
3456,14628,0,0,0
3456,14713,12,12,0
3456,14729,0,0,0
3456,14730,0,0,0
3456,15001,0,0,0
3456,15002,0,0,0
3456,15003,0,0,0
3456,15081,0,0,0
3456,15082,19,19,0
3456,15083,0,0,0
3456,15084,0,0,0
3456,15085,0,0,0
3456,15086,10,10,0
3456,15087,0,0,0
3456,15088,0,0,0
3456,15089,13,13,0
3456,15090,0,0,0
3456,15091,0,0,0
3456,16051,0,0,0
3456,16052,10,10,0
3456,16053,50,0,50
3456,16054,0,0,0
3456,16055,0,0,0
3456,16056,0,0,0
3456,16061,0,0,0
3456,16062,0,0,0
3456,16063,0,0,0
3456,16064,0,0,0
3456,16065,0,0,0
3456,16066,0,0,0
3456,16067,0,0,0
3456,16068,0,0,0
3456,16069,0,0,0
3456,16070,0,0,0
3456,16071,0,0,0
3456,16072,0,0,0
3456,16073,0,0,0
3456,16074,32,32,0
3456,16075,0,0,0
3456,16076,10,10,0
3456,16077,0,0,0
3457,1001,11,11,0
3457,1002,33,14,19
3457,1003,14,0,14
3457,1004,20,0,20
3457,1051,24,13,11
3457,1053,0,0,0
3457,1054,10,0,10
3457,1055,0,0,0
3457,1056,37,23,14
3457,1057,10,0,10
3457,1058,19,19,0
3457,1059,0,0,0
3457,1060,29,0,29
3457,1061,0,0,0
3457,1062,32,10,22
3457,2000,455,71,384
3457,3101,47,11,36
3457,3102,0,0,0
3457,3103,21,0,21
3457,3151,0,0,0
3457,3153,0,0,0
3457,3154,0,0,0
3457,3155,11,0,11
3457,3157,58,0,58
3457,3158,0,0,0
3457,3159,21,10,11
3457,3241,264,55,209
3457,3251,134,50,84
3457,3252,0,0,0
3457,3254,25,11,14
3457,3255,0,0,0
3457,3256,28,10,18
3457,3257,15,0,15
3457,3351,26,14,12
3457,3352,80,46,34
3457,3353,42,15,27
3457,3354,0,0,0
3457,3355,10,0,10
3457,3356,40,25,15
3457,3357,65,30,35
3457,3358,0,0,0
3457,3359,68,33,35
3457,3360,0,0,0
3457,3361,85,18,67
3457,3401,64,20,44
3457,3402,4564,864,3700
3457,3403,1741,388,1353
3457,3404,106,34,72
3457,3405,320,98,222
3457,3451,3414,1044,2370
3457,3452,6074,2696,3378
3457,3453,2956,943,2013
3457,3454,10768,2502,8266
3457,3455,525,210,315
3457,3456,130,66,64
3457,3457,0,0,0
3457,3458,286,138,148
3457,3459,152,76,76
3457,3460,104,40,64
3457,3461,144,63,81
3457,3462,585,295,290
3457,4011,829,168,661
3457,4012,78,34,44
3457,5111,95,15,80
3457,5112,18,0,18
3457,5113,52,13,39
3457,5114,0,0,0
3457,5116,14,0,14
3457,5117,10,0,10
3457,5119,13,0,13
3457,5120,0,0,0
3457,5122,0,0,0
3457,5124,32,11,21
3457,5154,0,0,0
3457,5158,16,0,16
3457,5162,39,15,24
3457,5166,0,0,0
3457,5170,21,0,21
3457,5314,15,0,15
3457,5315,143,10,133
3457,5316,0,0,0
3457,5334,13,0,13
3457,5358,0,0,0
3457,5362,26,10,16
3457,5366,0,0,0
3457,5370,10,0,10
3457,5374,19,0,19
3457,5378,0,0,0
3457,5382,13,0,13
3457,5512,0,0,0
3457,5513,0,0,0
3457,5515,36,0,36
3457,5554,42,0,42
3457,5558,28,16,12
3457,5562,41,18,23
3457,5566,92,29,63
3457,5570,28,14,14
3457,5711,56,13,43
3457,5754,34,17,17
3457,5758,15,0,15
3457,5762,0,0,0
3457,5766,26,16,10
3457,5770,55,20,35
3457,5774,47,35,12
3457,5911,13,0,13
3457,5913,38,11,27
3457,5914,0,0,0
3457,5915,0,0,0
3457,5916,0,0,0
3457,5954,28,12,16
3457,5958,0,0,0
3457,5962,0,0,0
3457,5966,0,0,0
3457,5970,10,0,10
3457,5974,13,13,0
3457,5978,67,15,52
3457,6411,0,0,0
3457,6412,34,0,34
3457,6413,0,0,0
3457,6414,0,0,0
3457,6431,0,0,0
3457,6432,0,0,0
3457,6433,0,0,0
3457,6434,10,0,10
3457,6435,0,0,0
3457,6436,11,0,11
3457,6437,0,0,0
3457,6438,12,0,12
3457,6439,0,0,0
3457,6440,0,0,0
3457,6531,0,0,0
3457,6532,0,0,0
3457,6533,0,0,0
3457,6534,0,0,0
3457,6535,0,0,0
3457,6611,41,0,41
3457,6631,0,0,0
3457,6632,0,0,0
3457,6633,0,0,0
3457,6634,0,0,0
3457,6635,0,0,0
3457,6636,0,0,0
3457,7111,0,0,0
3457,7131,0,0,0
3457,7132,0,0,0
3457,7133,0,0,0
3457,7134,0,0,0
3457,7135,0,0,0
3457,7137,0,0,0
3457,7138,0,0,0
3457,7140,0,0,0
3457,7141,0,0,0
3457,7143,0,0,0
3457,7211,0,0,0
3457,7231,0,0,0
3457,7232,0,0,0
3457,7233,0,0,0
3457,7235,0,0,0
3457,7311,0,0,0
3457,7312,0,0,0
3457,7313,0,0,0
3457,7314,0,0,0
3457,7315,0,0,0
3457,7316,0,0,0
3457,7317,0,0,0
3457,7318,0,0,0
3457,7319,0,0,0
3457,7320,0,0,0
3457,7331,0,0,0
3457,7332,0,0,0
3457,7333,0,0,0
3457,7334,0,0,0
3457,7335,0,0,0
3457,7336,0,0,0
3457,7337,0,0,0
3457,7338,0,0,0
3457,7339,0,0,0
3457,7340,0,0,0
3457,8111,22,0,22
3457,8115,24,10,14
3457,8116,14,0,14
3457,8117,0,0,0
3457,8118,0,0,0
3457,8119,0,0,0
3457,8121,0,0,0
3457,8125,0,0,0
3457,8126,13,0,13
3457,8127,0,0,0
3457,8128,0,0,0
3457,8135,0,0,0
3457,8136,10,0,10
3457,8211,0,0,0
3457,8212,0,0,0
3457,8215,17,0,17
3457,8216,0,0,0
3457,8221,0,0,0
3457,8222,12,0,12
3457,8225,0,0,0
3457,8226,21,21,0
3457,8231,0,0,0
3457,8235,0,0,0
3457,8236,0,0,0
3457,8237,0,0,0
3457,8311,0,0,0
3457,8315,23,0,23
3457,8316,0,0,0
3457,8317,22,22,0
3457,8325,11,0,11
3457,8326,0,0,0
3457,8327,0,0,0
3457,8335,0,0,0
3457,8336,0,0,0
3457,8337,0,0,0
3457,8415,0,0,0
3457,8416,0,0,0
3457,8417,20,0,20
3457,8421,0,0,0
3457,8425,0,0,0
3457,8426,0,0,0
3457,8435,0,0,0
3457,8436,0,0,0
3457,8437,0,0,0
3457,9161,0,0,0
3457,9162,51,0,51
3457,9163,0,0,0
3457,9171,0,0,0
3457,9172,0,0,0
3457,9173,0,0,0
3457,9174,0,0,0
3457,9175,0,0,0
3457,9176,0,0,0
3457,9177,0,0,0
3457,9178,0,0,0
3457,9179,0,0,0
3457,9180,0,0,0
3457,9181,0,0,0
3457,9182,0,0,0
3457,9183,0,0,0
3457,9184,25,0,25
3457,9185,0,0,0
3457,9186,0,0,0
3457,9187,0,0,0
3457,9188,0,0,0
3457,9189,0,0,0
3457,9190,0,0,0
3457,9261,0,0,0
3457,9262,0,0,0
3457,9263,0,0,0
3457,9271,0,0,0
3457,9272,0,0,0
3457,9273,0,0,0
3457,9274,0,0,0
3457,9275,0,0,0
3457,9276,0,0,0
3457,9277,0,0,0
3457,9278,0,0,0
3457,9279,0,0,0
3457,9361,0,0,0
3457,9362,0,0,0
3457,9363,0,0,0
3457,9371,0,0,0
3457,9372,0,0,0
3457,9373,0,0,0
3457,9374,0,0,0
3457,9375,0,0,0
3457,9376,0,0,0
3457,9377,0,0,0
3457,9461,0,0,0
3457,9462,0,0,0
3457,9463,0,0,0
3457,9464,0,0,0
3457,9471,0,0,0
3457,9472,0,0,0
3457,9473,0,0,0
3457,9474,0,0,0
3457,9475,0,0,0
3457,9476,0,0,0
3457,9477,0,0,0
3457,9478,0,0,0
3457,9479,0,0,0
3457,9561,0,0,0
3457,9562,0,0,0
3457,9563,0,0,0
3457,9564,13,0,13
3457,9565,0,0,0
3457,9571,0,0,0
3457,9572,0,0,0
3457,9573,0,0,0
3457,9574,0,0,0
3457,9575,0,0,0
3457,9576,0,0,0
3457,9577,0,0,0
3457,9661,0,0,0
3457,9662,0,0,0
3457,9663,0,0,0
3457,9671,0,0,0
3457,9672,0,0,0
3457,9673,0,0,0
3457,9674,0,0,0
3457,9675,0,0,0
3457,9676,0,0,0
3457,9677,0,0,0
3457,9678,0,0,0
3457,9679,0,0,0
3457,9761,16,0,16
3457,9762,0,0,0
3457,9763,0,0,0
3457,9764,0,0,0
3457,9771,0,0,0
3457,9772,0,0,0
3457,9773,0,0,0
3457,9774,0,0,0
3457,9775,0,0,0
3457,9776,0,0,0
3457,9777,0,0,0
3457,9778,0,0,0
3457,9779,0,0,0
3457,9780,0,0,0
3457,10041,0,0,0
3457,10042,0,0,0
3457,10043,0,0,0
3457,10044,0,0,0
3457,10045,0,0,0
3457,10046,0,0,0
3457,11000,151,49,102
3457,12051,0,0,0
3457,12052,0,0,0
3457,12053,0,0,0
3457,12054,0,0,0
3457,12060,0,0,0
3457,12061,0,0,0
3457,12062,0,0,0
3457,12063,0,0,0
3457,12064,0,0,0
3457,12065,0,0,0
3457,12066,0,0,0
3457,12067,0,0,0
3457,12068,0,0,0
3457,12069,0,0,0
3457,12070,0,0,0
3457,12071,0,0,0
3457,12072,0,0,0
3457,12073,0,0,0
3457,13003,63,63,0
3457,13004,0,0,0
3457,13071,19,19,0
3457,13072,25,25,0
3457,13073,50,50,0
3457,13074,0,0,0
3457,13075,18,18,0
3457,13076,15,15,0
3457,14511,0,0,0
3457,14521,0,0,0
3457,14522,0,0,0
3457,14523,0,0,0
3457,14524,0,0,0
3457,14612,0,0,0
3457,14625,15,15,0
3457,14626,0,0,0
3457,14627,0,0,0
3457,14628,0,0,0
3457,14713,27,16,11
3457,14729,0,0,0
3457,14730,11,11,0
3457,15001,0,0,0
3457,15002,0,0,0
3457,15003,0,0,0
3457,15081,10,10,0
3457,15082,0,0,0
3457,15083,11,11,0
3457,15084,0,0,0
3457,15085,0,0,0
3457,15086,11,11,0
3457,15087,10,10,0
3457,15088,10,10,0
3457,15089,0,0,0
3457,15090,16,16,0
3457,15091,0,0,0
3457,16051,0,0,0
3457,16052,0,0,0
3457,16053,0,0,0
3457,16054,0,0,0
3457,16055,0,0,0
3457,16056,0,0,0
3457,16061,0,0,0
3457,16062,0,0,0
3457,16063,0,0,0
3457,16064,0,0,0
3457,16065,0,0,0
3457,16066,0,0,0
3457,16067,0,0,0
3457,16068,0,0,0
3457,16069,0,0,0
3457,16070,0,0,0
3457,16071,0,0,0
3457,16072,0,0,0
3457,16073,0,0,0
3457,16074,0,0,0
3457,16075,0,0,0
3457,16076,0,0,0
3457,16077,0,0,0
3458,1001,24,0,24
3458,1002,19,0,19
3458,1003,82,0,82
3458,1004,12,12,0
3458,1051,0,0,0
3458,1053,0,0,0
3458,1054,12,0,12
3458,1055,16,16,0
3458,1056,23,0,23
3458,1057,0,0,0
3458,1058,21,0,21
3458,1059,14,0,14
3458,1060,49,19,30
3458,1061,0,0,0
3458,1062,40,0,40
3458,2000,578,113,465
3458,3101,17,0,17
3458,3102,0,0,0
3458,3103,10,0,10
3458,3151,12,12,0
3458,3153,11,11,0
3458,3154,0,0,0
3458,3155,13,0,13
3458,3157,0,0,0
3458,3158,0,0,0
3458,3159,18,0,18
3458,3241,434,146,288
3458,3251,3318,1360,1958
3458,3252,111,111,0
3458,3254,99,62,37
3458,3255,0,0,0
3458,3256,73,48,25
3458,3257,0,0,0
3458,3351,35,15,20
3458,3352,116,67,49
3458,3353,100,56,44
3458,3354,0,0,0
3458,3355,21,10,11
3458,3356,266,142,124
3458,3357,162,76,86
3458,3358,68,19,49
3458,3359,62,32,30
3458,3360,0,0,0
3458,3361,644,224,420
3458,3401,6699,2799,3900
3458,3402,49,19,30
3458,3403,12305,2927,9378
3458,3404,111,27,84
3458,3405,208,69,139
3458,3451,2474,1058,1416
3458,3452,163,60,103
3458,3453,3983,1603,2380
3458,3454,303,158,145
3458,3455,340,163,177
3458,3456,16,0,16
3458,3457,286,148,138
3458,3458,0,0,0
3458,3459,257,111,146
3458,3460,3439,1328,2111
3458,3461,1628,864,764
3458,3462,37,18,19
3458,4011,8593,1288,7305
3458,4012,103,38,65
3458,5111,55,0,55
3458,5112,34,0,34
3458,5113,41,0,41
3458,5114,417,0,417
3458,5116,0,0,0
3458,5117,0,0,0
3458,5119,0,0,0
3458,5120,0,0,0
3458,5122,0,0,0
3458,5124,0,0,0
3458,5154,12,0,12
3458,5158,25,0,25
3458,5162,20,0,20
3458,5166,11,0,11
3458,5170,0,0,0
3458,5314,13,0,13
3458,5315,76,0,76
3458,5316,0,0,0
3458,5334,0,0,0
3458,5358,0,0,0
3458,5362,11,0,11
3458,5366,0,0,0
3458,5370,0,0,0
3458,5374,27,0,27
3458,5378,0,0,0
3458,5382,12,0,12
3458,5512,0,0,0
3458,5513,0,0,0
3458,5515,49,0,49
3458,5554,13,0,13
3458,5558,0,0,0
3458,5562,49,10,39
3458,5566,72,23,49
3458,5570,21,10,11
3458,5711,51,0,51
3458,5754,216,12,204
3458,5758,22,0,22
3458,5762,0,0,0
3458,5766,11,11,0
3458,5770,66,17,49
3458,5774,0,0,0
3458,5911,13,0,13
3458,5913,26,11,15
3458,5914,0,0,0
3458,5915,0,0,0
3458,5916,0,0,0
3458,5954,13,0,13
3458,5958,0,0,0
3458,5962,14,0,14
3458,5966,0,0,0
3458,5970,0,0,0
3458,5974,0,0,0
3458,5978,31,0,31
3458,6411,0,0,0
3458,6412,79,0,79
3458,6413,0,0,0
3458,6414,17,0,17
3458,6431,0,0,0
3458,6432,13,0,13
3458,6433,11,0,11
3458,6434,12,0,12
3458,6435,0,0,0
3458,6436,21,0,21
3458,6437,0,0,0
3458,6438,21,0,21
3458,6439,12,0,12
3458,6440,0,0,0
3458,6531,0,0,0
3458,6532,0,0,0
3458,6533,0,0,0
3458,6534,0,0,0
3458,6535,0,0,0
3458,6611,0,0,0
3458,6631,0,0,0
3458,6632,0,0,0
3458,6633,0,0,0
3458,6634,0,0,0
3458,6635,0,0,0
3458,6636,0,0,0
3458,7111,0,0,0
3458,7131,0,0,0
3458,7132,0,0,0
3458,7133,0,0,0
3458,7134,0,0,0
3458,7135,0,0,0
3458,7137,0,0,0
3458,7138,0,0,0
3458,7140,0,0,0
3458,7141,0,0,0
3458,7143,0,0,0
3458,7211,0,0,0
3458,7231,0,0,0
3458,7232,0,0,0
3458,7233,0,0,0
3458,7235,0,0,0
3458,7311,0,0,0
3458,7312,0,0,0
3458,7313,0,0,0
3458,7314,0,0,0
3458,7315,0,0,0
3458,7316,0,0,0
3458,7317,0,0,0
3458,7318,0,0,0
3458,7319,0,0,0
3458,7320,0,0,0
3458,7331,0,0,0
3458,7332,0,0,0
3458,7333,0,0,0
3458,7334,0,0,0
3458,7335,0,0,0
3458,7336,0,0,0
3458,7337,0,0,0
3458,7338,0,0,0
3458,7339,0,0,0
3458,7340,0,0,0
3458,8111,29,0,29
3458,8115,0,0,0
3458,8116,14,0,14
3458,8117,0,0,0
3458,8118,12,0,12
3458,8119,0,0,0
3458,8121,0,0,0
3458,8125,13,0,13
3458,8126,20,0,20
3458,8127,0,0,0
3458,8128,0,0,0
3458,8135,0,0,0
3458,8136,0,0,0
3458,8211,0,0,0
3458,8212,10,0,10
3458,8215,16,0,16
3458,8216,0,0,0
3458,8221,0,0,0
3458,8222,0,0,0
3458,8225,0,0,0
3458,8226,13,0,13
3458,8231,0,0,0
3458,8235,0,0,0
3458,8236,0,0,0
3458,8237,0,0,0
3458,8311,0,0,0
3458,8315,0,0,0
3458,8316,0,0,0
3458,8317,11,0,11
3458,8325,0,0,0
3458,8326,0,0,0
3458,8327,0,0,0
3458,8335,0,0,0
3458,8336,0,0,0
3458,8337,0,0,0
3458,8415,0,0,0
3458,8416,0,0,0
3458,8417,0,0,0
3458,8421,12,0,12
3458,8425,0,0,0
3458,8426,0,0,0
3458,8435,0,0,0
3458,8436,0,0,0
3458,8437,0,0,0
3458,9161,0,0,0
3458,9162,71,0,71
3458,9163,0,0,0
3458,9171,0,0,0
3458,9172,0,0,0
3458,9173,0,0,0
3458,9174,0,0,0
3458,9175,0,0,0
3458,9176,0,0,0
3458,9177,0,0,0
3458,9178,14,0,14
3458,9179,0,0,0
3458,9180,0,0,0
3458,9181,0,0,0
3458,9182,0,0,0
3458,9183,0,0,0
3458,9184,34,0,34
3458,9185,0,0,0
3458,9186,0,0,0
3458,9187,0,0,0
3458,9188,0,0,0
3458,9189,0,0,0
3458,9190,0,0,0
3458,9261,0,0,0
3458,9262,0,0,0
3458,9263,0,0,0
3458,9271,0,0,0
3458,9272,0,0,0
3458,9273,0,0,0
3458,9274,0,0,0
3458,9275,0,0,0
3458,9276,0,0,0
3458,9277,0,0,0
3458,9278,0,0,0
3458,9279,0,0,0
3458,9361,0,0,0
3458,9362,0,0,0
3458,9363,0,0,0
3458,9371,0,0,0
3458,9372,0,0,0
3458,9373,0,0,0
3458,9374,0,0,0
3458,9375,0,0,0
3458,9376,0,0,0
3458,9377,0,0,0
3458,9461,0,0,0
3458,9462,0,0,0
3458,9463,0,0,0
3458,9464,0,0,0
3458,9471,0,0,0
3458,9472,0,0,0
3458,9473,0,0,0
3458,9474,0,0,0
3458,9475,0,0,0
3458,9476,0,0,0
3458,9477,0,0,0
3458,9478,0,0,0
3458,9479,0,0,0
3458,9561,0,0,0
3458,9562,0,0,0
3458,9563,0,0,0
3458,9564,18,0,18
3458,9565,0,0,0
3458,9571,0,0,0
3458,9572,0,0,0
3458,9573,0,0,0
3458,9574,0,0,0
3458,9575,0,0,0
3458,9576,0,0,0
3458,9577,0,0,0
3458,9661,0,0,0
3458,9662,0,0,0
3458,9663,0,0,0
3458,9671,12,0,12
3458,9672,0,0,0
3458,9673,0,0,0
3458,9674,0,0,0
3458,9675,0,0,0
3458,9676,0,0,0
3458,9677,0,0,0
3458,9678,0,0,0
3458,9679,0,0,0
3458,9761,0,0,0
3458,9762,0,0,0
3458,9763,0,0,0
3458,9764,0,0,0
3458,9771,0,0,0
3458,9772,0,0,0
3458,9773,0,0,0
3458,9774,0,0,0
3458,9775,0,0,0
3458,9776,0,0,0
3458,9777,0,0,0
3458,9778,0,0,0
3458,9779,0,0,0
3458,9780,0,0,0
3458,10041,10,0,10
3458,10042,0,0,0
3458,10043,0,0,0
3458,10044,0,0,0
3458,10045,0,0,0
3458,10046,0,0,0
3458,11000,231,64,167
3458,12051,0,0,0
3458,12052,0,0,0
3458,12053,0,0,0
3458,12054,0,0,0
3458,12060,0,0,0
3458,12061,0,0,0
3458,12062,0,0,0
3458,12063,13,13,0
3458,12064,13,13,0
3458,12065,0,0,0
3458,12066,0,0,0
3458,12067,0,0,0
3458,12068,17,0,17
3458,12069,0,0,0
3458,12070,0,0,0
3458,12071,0,0,0
3458,12072,0,0,0
3458,12073,0,0,0
3458,13003,0,0,0
3458,13004,0,0,0
3458,13071,10,10,0
3458,13072,13,13,0
3458,13073,0,0,0
3458,13074,0,0,0
3458,13075,12,12,0
3458,13076,21,10,11
3458,14511,0,0,0
3458,14521,0,0,0
3458,14522,0,0,0
3458,14523,0,0,0
3458,14524,0,0,0
3458,14612,11,0,11
3458,14625,0,0,0
3458,14626,0,0,0
3458,14627,0,0,0
3458,14628,0,0,0
3458,14713,0,0,0
3458,14729,0,0,0
3458,14730,0,0,0
3458,15001,0,0,0
3458,15002,0,0,0
3458,15003,23,10,13
3458,15081,0,0,0
3458,15082,0,0,0
3458,15083,14,14,0
3458,15084,0,0,0
3458,15085,0,0,0
3458,15086,0,0,0
3458,15087,0,0,0
3458,15088,0,0,0
3458,15089,17,17,0
3458,15090,10,10,0
3458,15091,0,0,0
3458,16051,0,0,0
3458,16052,0,0,0
3458,16053,0,0,0
3458,16054,0,0,0
3458,16055,0,0,0
3458,16056,0,0,0
3458,16061,0,0,0
3458,16062,0,0,0
3458,16063,0,0,0
3458,16064,0,0,0
3458,16065,0,0,0
3458,16066,0,0,0
3458,16067,0,0,0
3458,16068,0,0,0
3458,16069,0,0,0
3458,16070,0,0,0
3458,16071,0,0,0
3458,16072,0,0,0
3458,16073,0,0,0
3458,16074,0,0,0
3458,16075,0,0,0
3458,16076,0,0,0
3458,16077,0,0,0
3459,1001,156,134,22
3459,1002,73,11,62
3459,1003,112,12,100
3459,1004,10,0,10
3459,1051,12,12,0
3459,1053,29,17,12
3459,1054,10,0,10
3459,1055,10,0,10
3459,1056,44,24,20
3459,1057,0,0,0
3459,1058,35,17,18
3459,1059,103,70,33
3459,1060,55,24,31
3459,1061,15,15,0
3459,1062,32,15,17
3459,2000,500,117,383
3459,3101,46,19,27
3459,3102,15,0,15
3459,3103,107,0,107
3459,3151,22,10,12
3459,3153,0,0,0
3459,3154,0,0,0
3459,3155,41,15,26
3459,3157,23,12,11
3459,3158,0,0,0
3459,3159,53,23,30
3459,3241,617,153,464
3459,3251,1405,508,897
3459,3252,55,25,30
3459,3254,154,37,117
3459,3255,0,0,0
3459,3256,95,54,41
3459,3257,81,47,34
3459,3351,33,16,17
3459,3352,60,49,11
3459,3353,38,19,19
3459,3354,0,0,0
3459,3355,52,42,10
3459,3356,31,19,12
3459,3357,60,36,24
3459,3358,48,13,35
3459,3359,23,23,0
3459,3360,12,12,0
3459,3361,109,36,73
3459,3401,277,253,24
3459,3402,14,14,0
3459,3403,578,288,290
3459,3404,43968,12074,31894
3459,3405,24,24,0
3459,3451,140,69,71
3459,3452,86,46,40
3459,3453,3967,2011,1956
3459,3454,3063,1511,1552
3459,3455,53,38,15
3459,3456,369,204,165
3459,3457,152,76,76
3459,3458,257,146,111
3459,3459,0,0,0
3459,3460,7174,2243,4931
3459,3461,57,37,20
3459,3462,13,0,13
3459,4011,592,218,374
3459,4012,50,22,28
3459,5111,253,52,201
3459,5112,91,44,47
3459,5113,233,60,173
3459,5114,132,17,115
3459,5116,23,12,11
3459,5117,43,11,32
3459,5119,65,25,40
3459,5120,61,11,50
3459,5122,0,0,0
3459,5124,57,33,24
3459,5154,74,42,32
3459,5158,112,41,71
3459,5162,101,48,53
3459,5166,35,16,19
3459,5170,175,33,142
3459,5314,43,10,33
3459,5315,260,74,186
3459,5316,22,0,22
3459,5334,62,27,35
3459,5358,26,12,14
3459,5362,67,28,39
3459,5366,14,14,0
3459,5370,17,0,17
3459,5374,159,95,64
3459,5378,31,16,15
3459,5382,69,39,30
3459,5512,11,11,0
3459,5513,98,62,36
3459,5515,1520,395,1125
3459,5554,202,78,124
3459,5558,209,134,75
3459,5562,409,340,69
3459,5566,10799,5536,5263
3459,5570,2729,1622,1107
3459,5711,2252,736,1516
3459,5754,8370,4288,4082
3459,5758,5432,2906,2526
3459,5762,40,28,12
3459,5766,436,227,209
3459,5770,4538,2163,2375
3459,5774,198,78,120
3459,5911,110,54,56
3459,5913,310,181,129
3459,5914,45,23,22
3459,5915,134,84,50
3459,5916,54,44,10
3459,5954,77,48,29
3459,5958,69,31,38
3459,5962,105,31,74
3459,5966,0,0,0
3459,5970,36,10,26
3459,5974,213,118,95
3459,5978,226,89,137
3459,6411,31,0,31
3459,6412,115,15,100
3459,6413,0,0,0
3459,6414,74,0,74
3459,6431,68,53,15
3459,6432,117,99,18
3459,6433,34,16,18
3459,6434,33,0,33
3459,6435,69,12,57
3459,6436,32,0,32
3459,6437,0,0,0
3459,6438,57,0,57
3459,6439,11,11,0
3459,6440,16,0,16
3459,6531,69,27,42
3459,6532,28,18,10
3459,6533,0,0,0
3459,6534,15,0,15
3459,6535,0,0,0
3459,6611,31,12,19
3459,6631,18,0,18
3459,6632,0,0,0
3459,6633,18,18,0
3459,6634,21,10,11
3459,6635,0,0,0
3459,6636,0,0,0
3459,7111,38,0,38
3459,7131,0,0,0
3459,7132,0,0,0
3459,7133,0,0,0
3459,7134,0,0,0
3459,7135,0,0,0
3459,7137,12,12,0
3459,7138,33,21,12
3459,7140,0,0,0
3459,7141,10,10,0
3459,7143,13,13,0
3459,7211,0,0,0
3459,7231,89,52,37
3459,7232,0,0,0
3459,7233,0,0,0
3459,7235,0,0,0
3459,7311,0,0,0
3459,7312,0,0,0
3459,7313,0,0,0
3459,7314,77,32,45
3459,7315,17,0,17
3459,7316,0,0,0
3459,7317,0,0,0
3459,7318,0,0,0
3459,7319,0,0,0
3459,7320,0,0,0
3459,7331,0,0,0
3459,7332,0,0,0
3459,7333,0,0,0
3459,7334,0,0,0
3459,7335,0,0,0
3459,7336,0,0,0
3459,7337,0,0,0
3459,7338,14,14,0
3459,7339,11,0,11
3459,7340,0,0,0
3459,8111,69,25,44
3459,8115,48,10,38
3459,8116,60,26,34
3459,8117,10,0,10
3459,8118,50,18,32
3459,8119,44,10,34
3459,8121,0,0,0
3459,8125,26,13,13
3459,8126,23,0,23
3459,8127,0,0,0
3459,8128,0,0,0
3459,8135,0,0,0
3459,8136,12,0,12
3459,8211,0,0,0
3459,8212,34,19,15
3459,8215,47,27,20
3459,8216,12,12,0
3459,8221,14,0,14
3459,8222,70,44,26
3459,8225,0,0,0
3459,8226,101,83,18
3459,8231,0,0,0
3459,8235,0,0,0
3459,8236,14,14,0
3459,8237,0,0,0
3459,8311,0,0,0
3459,8315,19,19,0
3459,8316,0,0,0
3459,8317,131,115,16
3459,8325,0,0,0
3459,8326,13,13,0
3459,8327,0,0,0
3459,8335,0,0,0
3459,8336,19,0,19
3459,8337,0,0,0
3459,8415,11,11,0
3459,8416,0,0,0
3459,8417,80,80,0
3459,8421,17,0,17
3459,8425,11,11,0
3459,8426,15,0,15
3459,8435,0,0,0
3459,8436,32,13,19
3459,8437,11,11,0
3459,9161,0,0,0
3459,9162,188,34,154
3459,9163,0,0,0
3459,9171,0,0,0
3459,9172,0,0,0
3459,9173,0,0,0
3459,9174,0,0,0
3459,9175,12,12,0
3459,9176,0,0,0
3459,9177,12,12,0
3459,9178,0,0,0
3459,9179,0,0,0
3459,9180,0,0,0
3459,9181,0,0,0
3459,9182,0,0,0
3459,9183,0,0,0
3459,9184,55,14,41
3459,9185,0,0,0
3459,9186,0,0,0
3459,9187,23,13,10
3459,9188,0,0,0
3459,9189,0,0,0
3459,9190,0,0,0
3459,9261,0,0,0
3459,9262,0,0,0
3459,9263,0,0,0
3459,9271,0,0,0
3459,9272,0,0,0
3459,9273,0,0,0
3459,9274,11,11,0
3459,9275,0,0,0
3459,9276,0,0,0
3459,9277,0,0,0
3459,9278,0,0,0
3459,9279,0,0,0
3459,9361,0,0,0
3459,9362,0,0,0
3459,9363,0,0,0
3459,9371,0,0,0
3459,9372,12,12,0
3459,9373,11,0,11
3459,9374,0,0,0
3459,9375,0,0,0
3459,9376,0,0,0
3459,9377,0,0,0
3459,9461,0,0,0
3459,9462,16,16,0
3459,9463,0,0,0
3459,9464,0,0,0
3459,9471,20,20,0
3459,9472,0,0,0
3459,9473,0,0,0
3459,9474,0,0,0
3459,9475,14,14,0
3459,9476,0,0,0
3459,9477,0,0,0
3459,9478,0,0,0
3459,9479,14,14,0
3459,9561,0,0,0
3459,9562,0,0,0
3459,9563,0,0,0
3459,9564,53,17,36
3459,9565,0,0,0
3459,9571,11,11,0
3459,9572,0,0,0
3459,9573,0,0,0
3459,9574,0,0,0
3459,9575,0,0,0
3459,9576,0,0,0
3459,9577,0,0,0
3459,9661,11,0,11
3459,9662,0,0,0
3459,9663,0,0,0
3459,9671,34,34,0
3459,9672,0,0,0
3459,9673,0,0,0
3459,9674,0,0,0
3459,9675,0,0,0
3459,9676,0,0,0
3459,9677,0,0,0
3459,9678,0,0,0
3459,9679,12,0,12
3459,9761,25,13,12
3459,9762,0,0,0
3459,9763,0,0,0
3459,9764,0,0,0
3459,9771,0,0,0
3459,9772,0,0,0
3459,9773,0,0,0
3459,9774,0,0,0
3459,9775,17,17,0
3459,9776,0,0,0
3459,9777,0,0,0
3459,9778,0,0,0
3459,9779,0,0,0
3459,9780,0,0,0
3459,10041,11,11,0
3459,10042,45,0,45
3459,10043,0,0,0
3459,10044,0,0,0
3459,10045,0,0,0
3459,10046,0,0,0
3459,11000,395,132,263
3459,12051,10,10,0
3459,12052,12,12,0
3459,12053,0,0,0
3459,12054,26,10,16
3459,12060,56,56,0
3459,12061,33,33,0
3459,12062,0,0,0
3459,12063,0,0,0
3459,12064,15,15,0
3459,12065,0,0,0
3459,12066,0,0,0
3459,12067,0,0,0
3459,12068,10,10,0
3459,12069,24,24,0
3459,12070,13,13,0
3459,12071,0,0,0
3459,12072,20,20,0
3459,12073,42,42,0
3459,13003,14,14,0
3459,13004,0,0,0
3459,13071,24,24,0
3459,13072,39,29,10
3459,13073,22,22,0
3459,13074,11,11,0
3459,13075,37,37,0
3459,13076,109,109,0
3459,14511,10,0,10
3459,14521,11,11,0
3459,14522,0,0,0
3459,14523,0,0,0
3459,14524,0,0,0
3459,14612,27,14,13
3459,14625,10,10,0
3459,14626,14,14,0
3459,14627,0,0,0
3459,14628,10,0,10
3459,14713,45,34,11
3459,14729,45,45,0
3459,14730,362,362,0
3459,15001,74,74,0
3459,15002,47,35,12
3459,15003,21,21,0
3459,15081,15,15,0
3459,15082,242,242,0
3459,15083,28,28,0
3459,15084,428,428,0
3459,15085,28,28,0
3459,15086,16,16,0
3459,15087,13,13,0
3459,15088,16,16,0
3459,15089,44,33,11
3459,15090,29,29,0
3459,15091,14,14,0
3459,16051,0,0,0
3459,16052,0,0,0
3459,16053,0,0,0
3459,16054,0,0,0
3459,16055,0,0,0
3459,16056,0,0,0
3459,16061,22,22,0
3459,16062,0,0,0
3459,16063,0,0,0
3459,16064,0,0,0
3459,16065,0,0,0
3459,16066,0,0,0
3459,16067,15,15,0
3459,16068,0,0,0
3459,16069,0,0,0
3459,16070,12,12,0
3459,16071,0,0,0
3459,16072,0,0,0
3459,16073,0,0,0
3459,16074,100,100,0
3459,16075,19,19,0
3459,16076,0,0,0
3459,16077,0,0,0
3460,1001,0,0,0
3460,1002,25,25,0
3460,1003,118,12,106
3460,1004,23,23,0
3460,1051,0,0,0
3460,1053,0,0,0
3460,1054,32,20,12
3460,1055,10,10,0
3460,1056,31,11,20
3460,1057,0,0,0
3460,1058,0,0,0
3460,1059,0,0,0
3460,1060,28,10,18
3460,1061,0,0,0
3460,1062,13,0,13
3460,2000,296,106,190
3460,3101,75,52,23
3460,3102,0,0,0
3460,3103,27,10,17
3460,3151,12,12,0
3460,3153,15,15,0
3460,3154,0,0,0
3460,3155,0,0,0
3460,3157,16,16,0
3460,3158,14,14,0
3460,3159,57,40,17
3460,3241,341,127,214
3460,3251,6334,4324,2010
3460,3252,25,11,14
3460,3254,125,114,11
3460,3255,0,0,0
3460,3256,124,96,28
3460,3257,23,23,0
3460,3351,46,34,12
3460,3352,48,34,14
3460,3353,35,0,35
3460,3354,0,0,0
3460,3355,11,11,0
3460,3356,23,23,0
3460,3357,115,26,89
3460,3358,46,16,30
3460,3359,26,14,12
3460,3360,0,0,0
3460,3361,137,31,106
3460,3401,211,136,75
3460,3402,14,14,0
3460,3403,1020,394,626
3460,3404,1625,671,954
3460,3405,52,38,14
3460,3451,272,168,104
3460,3452,67,35,32
3460,3453,7070,4719,2351
3460,3454,581,392,189
3460,3455,69,55,14
3460,3456,117,77,40
3460,3457,104,64,40
3460,3458,3439,2111,1328
3460,3459,7174,4931,2243
3460,3460,0,0,0
3460,3461,74,45,29
3460,3462,28,13,15
3460,4011,757,281,476
3460,4012,32,16,16
3460,5111,79,19,60
3460,5112,29,13,16
3460,5113,45,24,21
3460,5114,36,0,36
3460,5116,0,0,0
3460,5117,0,0,0
3460,5119,0,0,0
3460,5120,0,0,0
3460,5122,0,0,0
3460,5124,0,0,0
3460,5154,15,15,0
3460,5158,45,13,32
3460,5162,26,11,15
3460,5166,13,13,0
3460,5170,0,0,0
3460,5314,0,0,0
3460,5315,78,20,58
3460,5316,0,0,0
3460,5334,0,0,0
3460,5358,0,0,0
3460,5362,22,22,0
3460,5366,0,0,0
3460,5370,0,0,0
3460,5374,0,0,0
3460,5378,0,0,0
3460,5382,0,0,0
3460,5512,0,0,0
3460,5513,11,11,0
3460,5515,143,55,88
3460,5554,65,41,24
3460,5558,58,25,33
3460,5562,248,27,221
3460,5566,497,320,177
3460,5570,86,40,46
3460,5711,82,13,69
3460,5754,478,31,447
3460,5758,79,43,36
3460,5762,0,0,0
3460,5766,57,24,33
3460,5770,774,342,432
3460,5774,35,35,0
3460,5911,31,16,15
3460,5913,43,23,20
3460,5914,0,0,0
3460,5915,0,0,0
3460,5916,0,0,0
3460,5954,10,0,10
3460,5958,0,0,0
3460,5962,12,12,0
3460,5966,0,0,0
3460,5970,10,0,10
3460,5974,26,16,10
3460,5978,55,26,29
3460,6411,0,0,0
3460,6412,58,15,43
3460,6413,19,19,0
3460,6414,10,0,10
3460,6431,0,0,0
3460,6432,0,0,0
3460,6433,10,10,0
3460,6434,0,0,0
3460,6435,0,0,0
3460,6436,0,0,0
3460,6437,10,10,0
3460,6438,0,0,0
3460,6439,13,0,13
3460,6440,13,13,0
3460,6531,13,13,0
3460,6532,0,0,0
3460,6533,23,23,0
3460,6534,0,0,0
3460,6535,0,0,0
3460,6611,17,0,17
3460,6631,0,0,0
3460,6632,0,0,0
3460,6633,10,10,0
3460,6634,17,17,0
3460,6635,0,0,0
3460,6636,0,0,0
3460,7111,0,0,0
3460,7131,0,0,0
3460,7132,0,0,0
3460,7133,0,0,0
3460,7134,0,0,0
3460,7135,0,0,0
3460,7137,0,0,0
3460,7138,0,0,0
3460,7140,0,0,0
3460,7141,0,0,0
3460,7143,0,0,0
3460,7211,0,0,0
3460,7231,0,0,0
3460,7232,0,0,0
3460,7233,0,0,0
3460,7235,0,0,0
3460,7311,0,0,0
3460,7312,0,0,0
3460,7313,10,0,10
3460,7314,0,0,0
3460,7315,0,0,0
3460,7316,0,0,0
3460,7317,0,0,0
3460,7318,0,0,0
3460,7319,0,0,0
3460,7320,0,0,0
3460,7331,0,0,0
3460,7332,0,0,0
3460,7333,0,0,0
3460,7334,0,0,0
3460,7335,0,0,0
3460,7336,0,0,0
3460,7337,0,0,0
3460,7338,0,0,0
3460,7339,0,0,0
3460,7340,0,0,0
3460,8111,15,0,15
3460,8115,0,0,0
3460,8116,0,0,0
3460,8117,0,0,0
3460,8118,0,0,0
3460,8119,0,0,0
3460,8121,0,0,0
3460,8125,0,0,0
3460,8126,0,0,0
3460,8127,0,0,0
3460,8128,0,0,0
3460,8135,0,0,0
3460,8136,0,0,0
3460,8211,0,0,0
3460,8212,0,0,0
3460,8215,15,0,15
3460,8216,0,0,0
3460,8221,0,0,0
3460,8222,13,13,0
3460,8225,0,0,0
3460,8226,10,10,0
3460,8231,0,0,0
3460,8235,0,0,0
3460,8236,0,0,0
3460,8237,0,0,0
3460,8311,0,0,0
3460,8315,0,0,0
3460,8316,0,0,0
3460,8317,0,0,0
3460,8325,0,0,0
3460,8326,0,0,0
3460,8327,0,0,0
3460,8335,0,0,0
3460,8336,0,0,0
3460,8337,0,0,0
3460,8415,15,0,15
3460,8416,0,0,0
3460,8417,0,0,0
3460,8421,0,0,0
3460,8425,0,0,0
3460,8426,0,0,0
3460,8435,0,0,0
3460,8436,0,0,0
3460,8437,0,0,0
3460,9161,0,0,0
3460,9162,55,17,38
3460,9163,0,0,0
3460,9171,0,0,0
3460,9172,0,0,0
3460,9173,0,0,0
3460,9174,0,0,0
3460,9175,0,0,0
3460,9176,0,0,0
3460,9177,0,0,0
3460,9178,30,30,0
3460,9179,0,0,0
3460,9180,0,0,0
3460,9181,0,0,0
3460,9182,0,0,0
3460,9183,18,18,0
3460,9184,14,0,14
3460,9185,0,0,0
3460,9186,0,0,0
3460,9187,0,0,0
3460,9188,0,0,0
3460,9189,0,0,0
3460,9190,0,0,0
3460,9261,0,0,0
3460,9262,0,0,0
3460,9263,0,0,0
3460,9271,0,0,0
3460,9272,0,0,0
3460,9273,0,0,0
3460,9274,0,0,0
3460,9275,0,0,0
3460,9276,0,0,0
3460,9277,0,0,0
3460,9278,0,0,0
3460,9279,0,0,0
3460,9361,0,0,0
3460,9362,0,0,0
3460,9363,0,0,0
3460,9371,0,0,0
3460,9372,0,0,0
3460,9373,0,0,0
3460,9374,0,0,0
3460,9375,0,0,0
3460,9376,0,0,0
3460,9377,0,0,0
3460,9461,0,0,0
3460,9462,0,0,0
3460,9463,0,0,0
3460,9464,0,0,0
3460,9471,0,0,0
3460,9472,0,0,0
3460,9473,0,0,0
3460,9474,0,0,0
3460,9475,0,0,0
3460,9476,0,0,0
3460,9477,0,0,0
3460,9478,0,0,0
3460,9479,0,0,0
3460,9561,0,0,0
3460,9562,0,0,0
3460,9563,0,0,0
3460,9564,19,0,19
3460,9565,0,0,0
3460,9571,0,0,0
3460,9572,0,0,0
3460,9573,0,0,0
3460,9574,0,0,0
3460,9575,0,0,0
3460,9576,0,0,0
3460,9577,0,0,0
3460,9661,0,0,0
3460,9662,0,0,0
3460,9663,0,0,0
3460,9671,0,0,0
3460,9672,0,0,0
3460,9673,0,0,0
3460,9674,0,0,0
3460,9675,0,0,0
3460,9676,0,0,0
3460,9677,0,0,0
3460,9678,27,27,0
3460,9679,0,0,0
3460,9761,0,0,0
3460,9762,0,0,0
3460,9763,0,0,0
3460,9764,0,0,0
3460,9771,0,0,0
3460,9772,0,0,0
3460,9773,0,0,0
3460,9774,0,0,0
3460,9775,0,0,0
3460,9776,0,0,0
3460,9777,0,0,0
3460,9778,0,0,0
3460,9779,0,0,0
3460,9780,0,0,0
3460,10041,0,0,0
3460,10042,0,0,0
3460,10043,0,0,0
3460,10044,0,0,0
3460,10045,0,0,0
3460,10046,0,0,0
3460,11000,124,50,74
3460,12051,0,0,0
3460,12052,0,0,0
3460,12053,0,0,0
3460,12054,11,0,11
3460,12060,24,24,0
3460,12061,11,11,0
3460,12062,0,0,0
3460,12063,0,0,0
3460,12064,0,0,0
3460,12065,0,0,0
3460,12066,0,0,0
3460,12067,12,12,0
3460,12068,34,34,0
3460,12069,12,12,0
3460,12070,14,14,0
3460,12071,0,0,0
3460,12072,11,11,0
3460,12073,37,37,0
3460,13003,15,15,0
3460,13004,12,12,0
3460,13071,41,41,0
3460,13072,13,13,0
3460,13073,52,52,0
3460,13074,0,0,0
3460,13075,34,34,0
3460,13076,203,175,28
3460,14511,0,0,0
3460,14521,0,0,0
3460,14522,0,0,0
3460,14523,0,0,0
3460,14524,0,0,0
3460,14612,0,0,0
3460,14625,0,0,0
3460,14626,0,0,0
3460,14627,0,0,0
3460,14628,0,0,0
3460,14713,14,14,0
3460,14729,0,0,0
3460,14730,0,0,0
3460,15001,0,0,0
3460,15002,0,0,0
3460,15003,14,14,0
3460,15081,0,0,0
3460,15082,18,18,0
3460,15083,18,18,0
3460,15084,16,16,0
3460,15085,0,0,0
3460,15086,13,13,0
3460,15087,0,0,0
3460,15088,0,0,0
3460,15089,24,24,0
3460,15090,17,17,0
3460,15091,0,0,0
3460,16051,0,0,0
3460,16052,0,0,0
3460,16053,0,0,0
3460,16054,0,0,0
3460,16055,0,0,0
3460,16056,0,0,0
3460,16061,16,16,0
3460,16062,11,11,0
3460,16063,0,0,0
3460,16064,0,0,0
3460,16065,0,0,0
3460,16066,0,0,0
3460,16067,0,0,0
3460,16068,0,0,0
3460,16069,0,0,0
3460,16070,0,0,0
3460,16071,0,0,0
3460,16072,0,0,0
3460,16073,0,0,0
3460,16074,0,0,0
3460,16075,0,0,0
3460,16076,0,0,0
3460,16077,0,0,0
3461,1001,0,0,0
3461,1002,20,0,20
3461,1003,13,0,13
3461,1004,0,0,0
3461,1051,0,0,0
3461,1053,0,0,0
3461,1054,11,0,11
3461,1055,0,0,0
3461,1056,0,0,0
3461,1057,0,0,0
3461,1058,0,0,0
3461,1059,0,0,0
3461,1060,10,0,10
3461,1061,0,0,0
3461,1062,18,0,18
3461,2000,407,85,322
3461,3101,12,0,12
3461,3102,0,0,0
3461,3103,20,20,0
3461,3151,0,0,0
3461,3153,0,0,0
3461,3154,0,0,0
3461,3155,0,0,0
3461,3157,0,0,0
3461,3158,0,0,0
3461,3159,0,0,0
3461,3241,131,32,99
3461,3251,278,111,167
3461,3252,0,0,0
3461,3254,11,0,11
3461,3255,0,0,0
3461,3256,0,0,0
3461,3257,0,0,0
3461,3351,10,0,10
3461,3352,969,722,247
3461,3353,33,17,16
3461,3354,0,0,0
3461,3355,0,0,0
3461,3356,550,384,166
3461,3357,104,62,42
3461,3358,0,0,0
3461,3359,79,39,40
3461,3360,0,0,0
3461,3361,156,69,87
3461,3401,717,252,465
3461,3402,34,15,19
3461,3403,3640,1041,2599
3461,3404,33,0,33
3461,3405,345,128,217
3461,3451,1828,675,1153
3461,3452,158,87,71
3461,3453,153,73,80
3461,3454,76,42,34
3461,3455,1653,675,978
3461,3456,0,0,0
3461,3457,144,81,63
3461,3458,1628,764,864
3461,3459,57,20,37
3461,3460,74,29,45
3461,3461,0,0,0
3461,3462,89,61,28
3461,4011,4312,1306,3006
3461,4012,1464,607,857
3461,5111,34,0,34
3461,5112,0,0,0
3461,5113,12,0,12
3461,5114,0,0,0
3461,5116,0,0,0
3461,5117,0,0,0
3461,5119,0,0,0
3461,5120,0,0,0
3461,5122,0,0,0
3461,5124,11,11,0
3461,5154,0,0,0
3461,5158,16,0,16
3461,5162,0,0,0
3461,5166,0,0,0
3461,5170,0,0,0
3461,5314,0,0,0
3461,5315,29,0,29
3461,5316,0,0,0
3461,5334,0,0,0
3461,5358,0,0,0
3461,5362,0,0,0
3461,5366,0,0,0
3461,5370,0,0,0
3461,5374,16,0,16
3461,5378,0,0,0
3461,5382,0,0,0
3461,5512,0,0,0
3461,5513,0,0,0
3461,5515,18,0,18
3461,5554,0,0,0
3461,5558,0,0,0
3461,5562,0,0,0
3461,5566,0,0,0
3461,5570,0,0,0
3461,5711,0,0,0
3461,5754,14,0,14
3461,5758,0,0,0
3461,5762,0,0,0
3461,5766,0,0,0
3461,5770,26,0,26
3461,5774,0,0,0
3461,5911,0,0,0
3461,5913,0,0,0
3461,5914,0,0,0
3461,5915,0,0,0
3461,5916,0,0,0
3461,5954,0,0,0
3461,5958,20,0,20
3461,5962,0,0,0
3461,5966,0,0,0
3461,5970,0,0,0
3461,5974,13,13,0
3461,5978,12,0,12
3461,6411,0,0,0
3461,6412,21,0,21
3461,6413,0,0,0
3461,6414,0,0,0
3461,6431,0,0,0
3461,6432,0,0,0
3461,6433,0,0,0
3461,6434,0,0,0
3461,6435,62,0,62
3461,6436,0,0,0
3461,6437,0,0,0
3461,6438,0,0,0
3461,6439,0,0,0
3461,6440,0,0,0
3461,6531,0,0,0
3461,6532,0,0,0
3461,6533,0,0,0
3461,6534,0,0,0
3461,6535,0,0,0
3461,6611,16,16,0
3461,6631,0,0,0
3461,6632,0,0,0
3461,6633,17,17,0
3461,6634,13,13,0
3461,6635,0,0,0
3461,6636,0,0,0
3461,7111,0,0,0
3461,7131,0,0,0
3461,7132,0,0,0
3461,7133,0,0,0
3461,7134,0,0,0
3461,7135,0,0,0
3461,7137,22,22,0
3461,7138,0,0,0
3461,7140,0,0,0
3461,7141,0,0,0
3461,7143,0,0,0
3461,7211,0,0,0
3461,7231,0,0,0
3461,7232,0,0,0
3461,7233,0,0,0
3461,7235,0,0,0
3461,7311,0,0,0
3461,7312,0,0,0
3461,7313,0,0,0
3461,7314,0,0,0
3461,7315,0,0,0
3461,7316,0,0,0
3461,7317,0,0,0
3461,7318,0,0,0
3461,7319,0,0,0
3461,7320,0,0,0
3461,7331,0,0,0
3461,7332,0,0,0
3461,7333,0,0,0
3461,7334,0,0,0
3461,7335,0,0,0
3461,7336,0,0,0
3461,7337,0,0,0
3461,7338,0,0,0
3461,7339,0,0,0
3461,7340,0,0,0
3461,8111,0,0,0
3461,8115,0,0,0
3461,8116,0,0,0
3461,8117,0,0,0
3461,8118,0,0,0
3461,8119,0,0,0
3461,8121,0,0,0
3461,8125,0,0,0
3461,8126,0,0,0
3461,8127,0,0,0
3461,8128,0,0,0
3461,8135,0,0,0
3461,8136,0,0,0
3461,8211,0,0,0
3461,8212,0,0,0
3461,8215,0,0,0
3461,8216,0,0,0
3461,8221,0,0,0
3461,8222,0,0,0
3461,8225,0,0,0
3461,8226,0,0,0
3461,8231,0,0,0
3461,8235,0,0,0
3461,8236,0,0,0
3461,8237,0,0,0
3461,8311,0,0,0
3461,8315,0,0,0
3461,8316,0,0,0
3461,8317,0,0,0
3461,8325,0,0,0
3461,8326,0,0,0
3461,8327,0,0,0
3461,8335,0,0,0
3461,8336,0,0,0
3461,8337,0,0,0
3461,8415,0,0,0
3461,8416,0,0,0
3461,8417,0,0,0
3461,8421,0,0,0
3461,8425,0,0,0
3461,8426,0,0,0
3461,8435,0,0,0
3461,8436,0,0,0
3461,8437,0,0,0
3461,9161,0,0,0
3461,9162,22,0,22
3461,9163,0,0,0
3461,9171,0,0,0
3461,9172,0,0,0
3461,9173,0,0,0
3461,9174,0,0,0
3461,9175,0,0,0
3461,9176,0,0,0
3461,9177,0,0,0
3461,9178,0,0,0
3461,9179,0,0,0
3461,9180,0,0,0
3461,9181,0,0,0
3461,9182,0,0,0
3461,9183,0,0,0
3461,9184,52,0,52
3461,9185,0,0,0
3461,9186,0,0,0
3461,9187,0,0,0
3461,9188,0,0,0
3461,9189,0,0,0
3461,9190,0,0,0
3461,9261,0,0,0
3461,9262,0,0,0
3461,9263,0,0,0
3461,9271,0,0,0
3461,9272,0,0,0
3461,9273,0,0,0
3461,9274,0,0,0
3461,9275,0,0,0
3461,9276,0,0,0
3461,9277,0,0,0
3461,9278,0,0,0
3461,9279,0,0,0
3461,9361,0,0,0
3461,9362,0,0,0
3461,9363,0,0,0
3461,9371,0,0,0
3461,9372,0,0,0
3461,9373,0,0,0
3461,9374,0,0,0
3461,9375,0,0,0
3461,9376,0,0,0
3461,9377,0,0,0
3461,9461,0,0,0
3461,9462,0,0,0
3461,9463,0,0,0
3461,9464,0,0,0
3461,9471,0,0,0
3461,9472,0,0,0
3461,9473,0,0,0
3461,9474,0,0,0
3461,9475,0,0,0
3461,9476,0,0,0
3461,9477,0,0,0
3461,9478,0,0,0
3461,9479,0,0,0
3461,9561,0,0,0
3461,9562,0,0,0
3461,9563,0,0,0
3461,9564,0,0,0
3461,9565,0,0,0
3461,9571,0,0,0
3461,9572,0,0,0
3461,9573,0,0,0
3461,9574,0,0,0
3461,9575,0,0,0
3461,9576,0,0,0
3461,9577,0,0,0
3461,9661,0,0,0
3461,9662,0,0,0
3461,9663,0,0,0
3461,9671,0,0,0
3461,9672,0,0,0
3461,9673,0,0,0
3461,9674,0,0,0
3461,9675,0,0,0
3461,9676,0,0,0
3461,9677,0,0,0
3461,9678,0,0,0
3461,9679,0,0,0
3461,9761,23,0,23
3461,9762,0,0,0
3461,9763,0,0,0
3461,9764,0,0,0
3461,9771,0,0,0
3461,9772,0,0,0
3461,9773,0,0,0
3461,9774,0,0,0
3461,9775,0,0,0
3461,9776,0,0,0
3461,9777,0,0,0
3461,9778,0,0,0
3461,9779,0,0,0
3461,9780,0,0,0
3461,10041,11,0,11
3461,10042,0,0,0
3461,10043,0,0,0
3461,10044,0,0,0
3461,10045,0,0,0
3461,10046,0,0,0
3461,11000,86,20,66
3461,12051,0,0,0
3461,12052,0,0,0
3461,12053,0,0,0
3461,12054,0,0,0
3461,12060,0,0,0
3461,12061,0,0,0
3461,12062,0,0,0
3461,12063,0,0,0
3461,12064,0,0,0
3461,12065,12,12,0
3461,12066,0,0,0
3461,12067,0,0,0
3461,12068,0,0,0
3461,12069,0,0,0
3461,12070,0,0,0
3461,12071,0,0,0
3461,12072,0,0,0
3461,12073,0,0,0
3461,13003,0,0,0
3461,13004,12,0,12
3461,13071,0,0,0
3461,13072,0,0,0
3461,13073,17,0,17
3461,13074,0,0,0
3461,13075,13,13,0
3461,13076,0,0,0
3461,14511,0,0,0
3461,14521,0,0,0
3461,14522,0,0,0
3461,14523,0,0,0
3461,14524,0,0,0
3461,14612,14,0,14
3461,14625,0,0,0
3461,14626,0,0,0
3461,14627,0,0,0
3461,14628,0,0,0
3461,14713,0,0,0
3461,14729,0,0,0
3461,14730,0,0,0
3461,15001,0,0,0
3461,15002,0,0,0
3461,15003,0,0,0
3461,15081,10,10,0
3461,15082,0,0,0
3461,15083,10,10,0
3461,15084,0,0,0
3461,15085,0,0,0
3461,15086,0,0,0
3461,15087,0,0,0
3461,15088,0,0,0
3461,15089,0,0,0
3461,15090,14,14,0
3461,15091,0,0,0
3461,16051,0,0,0
3461,16052,0,0,0
3461,16053,0,0,0
3461,16054,0,0,0
3461,16055,0,0,0
3461,16056,0,0,0
3461,16061,0,0,0
3461,16062,0,0,0
3461,16063,0,0,0
3461,16064,0,0,0
3461,16065,0,0,0
3461,16066,0,0,0
3461,16067,0,0,0
3461,16068,0,0,0
3461,16069,0,0,0
3461,16070,0,0,0
3461,16071,0,0,0
3461,16072,0,0,0
3461,16073,0,0,0
3461,16074,0,0,0
3461,16075,0,0,0
3461,16076,0,0,0
3461,16077,0,0,0
3462,1001,15,15,0
3462,1002,0,0,0
3462,1003,0,0,0
3462,1004,93,0,93
3462,1051,0,0,0
3462,1053,0,0,0
3462,1054,10,0,10
3462,1055,0,0,0
3462,1056,0,0,0
3462,1057,0,0,0
3462,1058,0,0,0
3462,1059,25,25,0
3462,1060,0,0,0
3462,1061,0,0,0
3462,1062,0,0,0
3462,2000,129,25,104
3462,3101,0,0,0
3462,3102,0,0,0
3462,3103,0,0,0
3462,3151,0,0,0
3462,3153,0,0,0
3462,3154,0,0,0
3462,3155,0,0,0
3462,3157,0,0,0
3462,3158,0,0,0
3462,3159,0,0,0
3462,3241,102,53,49
3462,3251,41,21,20
3462,3252,41,0,41
3462,3254,32,32,0
3462,3255,0,0,0
3462,3256,0,0,0
3462,3257,0,0,0
3462,3351,26,0,26
3462,3352,30,15,15
3462,3353,0,0,0
3462,3354,0,0,0
3462,3355,0,0,0
3462,3356,0,0,0
3462,3357,0,0,0
3462,3358,0,0,0
3462,3359,0,0,0
3462,3360,0,0,0
3462,3361,15,0,15
3462,3401,14,0,14
3462,3402,501,37,464
3462,3403,391,91,300
3462,3404,61,10,51
3462,3405,1628,345,1283
3462,3451,393,104,289
3462,3452,6200,2344,3856
3462,3453,101,45,56
3462,3454,131,71,60
3462,3455,3225,1371,1854
3462,3456,0,0,0
3462,3457,585,290,295
3462,3458,37,19,18
3462,3459,13,13,0
3462,3460,28,15,13
3462,3461,89,28,61
3462,3462,0,0,0
3462,4011,163,33,130
3462,4012,19,0,19
3462,5111,19,0,19
3462,5112,10,0,10
3462,5113,12,0,12
3462,5114,0,0,0
3462,5116,0,0,0
3462,5117,0,0,0
3462,5119,0,0,0
3462,5120,0,0,0
3462,5122,0,0,0
3462,5124,0,0,0
3462,5154,0,0,0
3462,5158,21,0,21
3462,5162,10,0,10
3462,5166,0,0,0
3462,5170,0,0,0
3462,5314,29,0,29
3462,5315,20,0,20
3462,5316,0,0,0
3462,5334,0,0,0
3462,5358,0,0,0
3462,5362,0,0,0
3462,5366,0,0,0
3462,5370,0,0,0
3462,5374,0,0,0
3462,5378,0,0,0
3462,5382,0,0,0
3462,5512,0,0,0
3462,5513,0,0,0
3462,5515,0,0,0
3462,5554,0,0,0
3462,5558,0,0,0
3462,5562,0,0,0
3462,5566,32,19,13
3462,5570,0,0,0
3462,5711,11,0,11
3462,5754,0,0,0
3462,5758,12,0,12
3462,5762,0,0,0
3462,5766,0,0,0
3462,5770,0,0,0
3462,5774,0,0,0
3462,5911,0,0,0
3462,5913,15,0,15
3462,5914,0,0,0
3462,5915,0,0,0
3462,5916,0,0,0
3462,5954,0,0,0
3462,5958,0,0,0
3462,5962,0,0,0
3462,5966,0,0,0
3462,5970,0,0,0
3462,5974,0,0,0
3462,5978,0,0,0
3462,6411,0,0,0
3462,6412,23,0,23
3462,6413,0,0,0
3462,6414,0,0,0
3462,6431,0,0,0
3462,6432,0,0,0
3462,6433,0,0,0
3462,6434,0,0,0
3462,6435,0,0,0
3462,6436,0,0,0
3462,6437,0,0,0
3462,6438,0,0,0
3462,6439,0,0,0
3462,6440,0,0,0
3462,6531,0,0,0
3462,6532,0,0,0
3462,6533,0,0,0
3462,6534,0,0,0
3462,6535,0,0,0
3462,6611,0,0,0
3462,6631,0,0,0
3462,6632,0,0,0
3462,6633,0,0,0
3462,6634,0,0,0
3462,6635,0,0,0
3462,6636,0,0,0
3462,7111,0,0,0
3462,7131,0,0,0
3462,7132,0,0,0
3462,7133,0,0,0
3462,7134,0,0,0
3462,7135,0,0,0
3462,7137,0,0,0
3462,7138,0,0,0
3462,7140,0,0,0
3462,7141,0,0,0
3462,7143,0,0,0
3462,7211,0,0,0
3462,7231,0,0,0
3462,7232,0,0,0
3462,7233,0,0,0
3462,7235,0,0,0
3462,7311,0,0,0
3462,7312,0,0,0
3462,7313,0,0,0
3462,7314,0,0,0
3462,7315,0,0,0
3462,7316,0,0,0
3462,7317,0,0,0
3462,7318,0,0,0
3462,7319,0,0,0
3462,7320,0,0,0
3462,7331,0,0,0
3462,7332,0,0,0
3462,7333,0,0,0
3462,7334,0,0,0
3462,7335,0,0,0
3462,7336,0,0,0
3462,7337,0,0,0
3462,7338,0,0,0
3462,7339,0,0,0
3462,7340,0,0,0
3462,8111,0,0,0
3462,8115,0,0,0
3462,8116,0,0,0
3462,8117,0,0,0
3462,8118,0,0,0
3462,8119,0,0,0
3462,8121,0,0,0
3462,8125,0,0,0
3462,8126,0,0,0
3462,8127,0,0,0
3462,8128,0,0,0
3462,8135,0,0,0
3462,8136,0,0,0
3462,8211,0,0,0
3462,8212,0,0,0
3462,8215,10,0,10
3462,8216,0,0,0
3462,8221,0,0,0
3462,8222,0,0,0
3462,8225,0,0,0
3462,8226,0,0,0
3462,8231,0,0,0
3462,8235,0,0,0
3462,8236,0,0,0
3462,8237,0,0,0
3462,8311,0,0,0
3462,8315,0,0,0
3462,8316,0,0,0
3462,8317,0,0,0
3462,8325,0,0,0
3462,8326,0,0,0
3462,8327,0,0,0
3462,8335,0,0,0
3462,8336,0,0,0
3462,8337,0,0,0
3462,8415,0,0,0
3462,8416,0,0,0
3462,8417,0,0,0
3462,8421,0,0,0
3462,8425,0,0,0
3462,8426,0,0,0
3462,8435,0,0,0
3462,8436,0,0,0
3462,8437,0,0,0
3462,9161,0,0,0
3462,9162,10,0,10
3462,9163,0,0,0
3462,9171,0,0,0
3462,9172,0,0,0
3462,9173,0,0,0
3462,9174,0,0,0
3462,9175,0,0,0
3462,9176,0,0,0
3462,9177,0,0,0
3462,9178,0,0,0
3462,9179,0,0,0
3462,9180,0,0,0
3462,9181,0,0,0
3462,9182,0,0,0
3462,9183,0,0,0
3462,9184,0,0,0
3462,9185,0,0,0
3462,9186,0,0,0
3462,9187,0,0,0
3462,9188,0,0,0
3462,9189,0,0,0
3462,9190,0,0,0
3462,9261,0,0,0
3462,9262,0,0,0
3462,9263,0,0,0
3462,9271,0,0,0
3462,9272,0,0,0
3462,9273,0,0,0
3462,9274,0,0,0
3462,9275,0,0,0
3462,9276,0,0,0
3462,9277,0,0,0
3462,9278,0,0,0
3462,9279,0,0,0
3462,9361,0,0,0
3462,9362,0,0,0
3462,9363,0,0,0
3462,9371,0,0,0
3462,9372,0,0,0
3462,9373,0,0,0
3462,9374,0,0,0
3462,9375,0,0,0
3462,9376,0,0,0
3462,9377,0,0,0
3462,9461,0,0,0
3462,9462,0,0,0
3462,9463,0,0,0
3462,9464,0,0,0
3462,9471,0,0,0
3462,9472,0,0,0
3462,9473,0,0,0
3462,9474,0,0,0
3462,9475,0,0,0
3462,9476,0,0,0
3462,9477,0,0,0
3462,9478,0,0,0
3462,9479,0,0,0
3462,9561,0,0,0
3462,9562,0,0,0
3462,9563,0,0,0
3462,9564,0,0,0
3462,9565,0,0,0
3462,9571,0,0,0
3462,9572,0,0,0
3462,9573,0,0,0
3462,9574,0,0,0
3462,9575,0,0,0
3462,9576,0,0,0
3462,9577,0,0,0
3462,9661,0,0,0
3462,9662,0,0,0
3462,9663,0,0,0
3462,9671,0,0,0
3462,9672,0,0,0
3462,9673,0,0,0
3462,9674,0,0,0
3462,9675,0,0,0
3462,9676,0,0,0
3462,9677,0,0,0
3462,9678,0,0,0
3462,9679,0,0,0
3462,9761,0,0,0
3462,9762,0,0,0
3462,9763,0,0,0
3462,9764,0,0,0
3462,9771,0,0,0
3462,9772,0,0,0
3462,9773,0,0,0
3462,9774,0,0,0
3462,9775,0,0,0
3462,9776,0,0,0
3462,9777,0,0,0
3462,9778,0,0,0
3462,9779,0,0,0
3462,9780,0,0,0
3462,10041,0,0,0
3462,10042,0,0,0
3462,10043,0,0,0
3462,10044,0,0,0
3462,10045,0,0,0
3462,10046,0,0,0
3462,11000,53,19,34
3462,12051,10,10,0
3462,12052,0,0,0
3462,12053,0,0,0
3462,12054,0,0,0
3462,12060,42,42,0
3462,12061,0,0,0
3462,12062,0,0,0
3462,12063,0,0,0
3462,12064,0,0,0
3462,12065,0,0,0
3462,12066,0,0,0
3462,12067,0,0,0
3462,12068,0,0,0
3462,12069,40,40,0
3462,12070,0,0,0
3462,12071,0,0,0
3462,12072,0,0,0
3462,12073,0,0,0
3462,13003,0,0,0
3462,13004,0,0,0
3462,13071,0,0,0
3462,13072,0,0,0
3462,13073,0,0,0
3462,13074,0,0,0
3462,13075,0,0,0
3462,13076,0,0,0
3462,14511,0,0,0
3462,14521,0,0,0
3462,14522,0,0,0
3462,14523,0,0,0
3462,14524,0,0,0
3462,14612,0,0,0
3462,14625,0,0,0
3462,14626,0,0,0
3462,14627,0,0,0
3462,14628,0,0,0
3462,14713,0,0,0
3462,14729,0,0,0
3462,14730,0,0,0
3462,15001,0,0,0
3462,15002,0,0,0
3462,15003,0,0,0
3462,15081,0,0,0
3462,15082,0,0,0
3462,15083,0,0,0
3462,15084,0,0,0
3462,15085,0,0,0
3462,15086,0,0,0
3462,15087,0,0,0
3462,15088,0,0,0
3462,15089,0,0,0
3462,15090,0,0,0
3462,15091,0,0,0
3462,16051,0,0,0
3462,16052,0,0,0
3462,16053,0,0,0
3462,16054,0,0,0
3462,16055,0,0,0
3462,16056,0,0,0
3462,16061,0,0,0
3462,16062,0,0,0
3462,16063,0,0,0
3462,16064,0,0,0
3462,16065,0,0,0
3462,16066,14,0,14
3462,16067,0,0,0
3462,16068,0,0,0
3462,16069,0,0,0
3462,16070,0,0,0
3462,16071,0,0,0
3462,16072,0,0,0
3462,16073,0,0,0
3462,16074,0,0,0
3462,16075,0,0,0
3462,16076,0,0,0
3462,16077,0,0,0
4011,1001,97,54,43
4011,1002,359,222,137
4011,1003,211,94,117
4011,1004,42,28,14
4011,1051,71,54,17
4011,1053,140,113,27
4011,1054,135,70,65
4011,1055,150,123,27
4011,1056,432,293,139
4011,1057,79,79,0
4011,1058,125,101,24
4011,1059,142,90,52
4011,1060,259,149,110
4011,1061,80,61,19
4011,1062,457,242,215
4011,2000,6732,2721,4011
4011,3101,197,108,89
4011,3102,132,104,28
4011,3103,93,20,73
4011,3151,53,32,21
4011,3153,98,82,16
4011,3154,19,19,0
4011,3155,65,30,35
4011,3157,73,53,20
4011,3158,37,37,0
4011,3159,172,99,73
4011,3241,2276,830,1446
4011,3251,26668,20630,6038
4011,3252,76,47,29
4011,3254,302,79,223
4011,3255,15,15,0
4011,3256,1020,873,147
4011,3257,183,136,47
4011,3351,183,134,49
4011,3352,4958,4414,544
4011,3353,714,570,144
4011,3354,20,20,0
4011,3355,226,166,60
4011,3356,26489,21255,5234
4011,3357,5934,4966,968
4011,3358,765,588,177
4011,3359,567,458,109
4011,3360,82,43,39
4011,3361,20788,15621,5167
4011,3401,10801,8567,2234
4011,3402,327,167,160
4011,3403,4765,3173,1592
4011,3404,583,345,238
4011,3405,490,380,110
4011,3451,1349,1110,239
4011,3452,556,348,208
4011,3453,859,580,279
4011,3454,747,650,97
4011,3455,560,466,94
4011,3456,71,49,22
4011,3457,829,661,168
4011,3458,8593,7305,1288
4011,3459,592,374,218
4011,3460,757,476,281
4011,3461,4312,3006,1306
4011,3462,163,130,33
4011,4011,0,0,0
4011,4012,5032,3056,1976
4011,5111,459,168,291
4011,5112,199,139,60
4011,5113,274,118,156
4011,5114,64,35,29
4011,5116,51,29,22
4011,5117,58,33,25
4011,5119,115,63,52
4011,5120,30,13,17
4011,5122,37,24,13
4011,5124,55,31,24
4011,5154,75,46,29
4011,5158,185,89,96
4011,5162,174,93,81
4011,5166,62,36,26
4011,5170,181,138,43
4011,5314,174,79,95
4011,5315,580,191,389
4011,5316,28,15,13
4011,5334,184,75,109
4011,5358,37,24,13
4011,5362,102,58,44
4011,5366,35,35,0
4011,5370,40,27,13
4011,5374,167,24,143
4011,5378,59,43,16
4011,5382,195,72,123
4011,5512,127,112,15
4011,5513,114,86,28
4011,5515,245,110,135
4011,5554,107,68,39
4011,5558,54,35,19
4011,5562,247,185,62
4011,5566,258,163,95
4011,5570,76,57,19
4011,5711,191,56,135
4011,5754,250,58,192
4011,5758,97,61,36
4011,5762,19,19,0
4011,5766,73,52,21
4011,5770,225,146,79
4011,5774,94,62,32
4011,5911,141,89,52
4011,5913,233,107,126
4011,5914,43,25,18
4011,5915,61,49,12
4011,5916,58,48,10
4011,5954,134,63,71
4011,5958,48,29,19
4011,5962,50,28,22
4011,5966,62,10,52
4011,5970,56,31,25
4011,5974,53,35,18
4011,5978,459,67,392
4011,6411,70,35,35
4011,6412,572,133,439
4011,6413,40,25,15
4011,6414,90,30,60
4011,6431,39,28,11
4011,6432,60,29,31
4011,6433,87,29,58
4011,6434,111,32,79
4011,6435,83,32,51
4011,6436,116,37,79
4011,6437,0,0,0
4011,6438,154,52,102
4011,6439,38,14,24
4011,6440,71,46,25
4011,6531,58,35,23
4011,6532,38,22,16
4011,6533,31,16,15
4011,6534,36,21,15
4011,6535,0,0,0
4011,6611,87,35,52
4011,6631,28,14,14
4011,6632,16,16,0
4011,6633,55,41,14
4011,6634,23,23,0
4011,6635,34,0,34
4011,6636,20,20,0
4011,7111,25,12,13
4011,7131,0,0,0
4011,7132,0,0,0
4011,7133,21,21,0
4011,7134,0,0,0
4011,7135,13,13,0
4011,7137,44,31,13
4011,7138,11,11,0
4011,7140,16,16,0
4011,7141,0,0,0
4011,7143,46,29,17
4011,7211,28,13,15
4011,7231,0,0,0
4011,7232,0,0,0
4011,7233,40,40,0
4011,7235,0,0,0
4011,7311,0,0,0
4011,7312,16,0,16
4011,7313,0,0,0
4011,7314,41,26,15
4011,7315,81,38,43
4011,7316,0,0,0
4011,7317,0,0,0
4011,7318,16,0,16
4011,7319,14,0,14
4011,7320,0,0,0
4011,7331,14,14,0
4011,7332,0,0,0
4011,7333,0,0,0
4011,7334,23,23,0
4011,7335,0,0,0
4011,7336,0,0,0
4011,7337,11,11,0
4011,7338,25,25,0
4011,7339,41,25,16
4011,7340,0,0,0
4011,8111,249,122,127
4011,8115,112,55,57
4011,8116,119,73,46
4011,8117,24,14,10
4011,8118,172,66,106
4011,8119,77,47,30
4011,8121,33,10,23
4011,8125,50,16,34
4011,8126,36,12,24
4011,8127,17,0,17
4011,8128,21,0,21
4011,8135,10,0,10
4011,8136,27,12,15
4011,8211,0,0,0
4011,8212,81,27,54
4011,8215,90,48,42
4011,8216,33,20,13
4011,8221,38,14,24
4011,8222,148,86,62
4011,8225,0,0,0
4011,8226,131,64,67
4011,8231,0,0,0
4011,8235,12,12,0
4011,8236,22,0,22
4011,8237,10,10,0
4011,8311,58,37,21
4011,8315,34,22,12
4011,8316,17,17,0
4011,8317,48,15,33
4011,8325,24,0,24
4011,8326,27,14,13
4011,8327,0,0,0
4011,8335,34,20,14
4011,8336,19,0,19
4011,8337,11,11,0
4011,8415,38,23,15
4011,8416,38,28,10
4011,8417,0,0,0
4011,8421,52,24,28
4011,8425,20,20,0
4011,8426,11,11,0
4011,8435,62,32,30
4011,8436,40,26,14
4011,8437,0,0,0
4011,9161,29,0,29
4011,9162,967,297,670
4011,9163,0,0,0
4011,9171,27,27,0
4011,9172,0,0,0
4011,9173,15,15,0
4011,9174,24,24,0
4011,9175,31,31,0
4011,9176,13,13,0
4011,9177,33,21,12
4011,9178,94,40,54
4011,9179,28,28,0
4011,9180,0,0,0
4011,9181,17,17,0
4011,9182,20,20,0
4011,9183,0,0,0
4011,9184,231,83,148
4011,9185,13,13,0
4011,9186,33,13,20
4011,9187,16,16,0
4011,9188,47,21,26
4011,9189,34,10,24
4011,9190,10,10,0
4011,9261,0,0,0
4011,9262,0,0,0
4011,9263,0,0,0
4011,9271,0,0,0
4011,9272,0,0,0
4011,9273,14,0,14
4011,9274,14,14,0
4011,9275,0,0,0
4011,9276,0,0,0
4011,9277,10,10,0
4011,9278,0,0,0
4011,9279,0,0,0
4011,9361,0,0,0
4011,9362,33,19,14
4011,9363,0,0,0
4011,9371,0,0,0
4011,9372,0,0,0
4011,9373,0,0,0
4011,9374,0,0,0
4011,9375,33,33,0
4011,9376,0,0,0
4011,9377,0,0,0
4011,9461,0,0,0
4011,9462,15,0,15
4011,9463,0,0,0
4011,9464,18,18,0
4011,9471,11,11,0
4011,9472,0,0,0
4011,9473,0,0,0
4011,9474,0,0,0
4011,9475,0,0,0
4011,9476,0,0,0
4011,9477,0,0,0
4011,9478,0,0,0
4011,9479,0,0,0
4011,9561,0,0,0
4011,9562,24,0,24
4011,9563,0,0,0
4011,9564,163,85,78
4011,9565,0,0,0
4011,9571,11,11,0
4011,9572,24,0,24
4011,9573,16,16,0
4011,9574,30,19,11
4011,9575,0,0,0
4011,9576,10,10,0
4011,9577,0,0,0
4011,9661,0,0,0
4011,9662,0,0,0
4011,9663,31,17,14
4011,9671,30,13,17
4011,9672,77,77,0
4011,9673,0,0,0
4011,9674,0,0,0
4011,9675,0,0,0
4011,9676,15,0,15
4011,9677,0,0,0
4011,9678,18,18,0
4011,9679,39,18,21
4011,9761,150,106,44
4011,9762,0,0,0
4011,9763,0,0,0
4011,9764,0,0,0
4011,9771,21,21,0
4011,9772,57,46,11
4011,9773,0,0,0
4011,9774,11,11,0
4011,9775,12,12,0
4011,9776,0,0,0
4011,9777,0,0,0
4011,9778,0,0,0
4011,9779,23,13,10
4011,9780,10,10,0
4011,10041,60,32,28
4011,10042,0,0,0
4011,10043,12,12,0
4011,10044,11,11,0
4011,10045,11,11,0
4011,10046,0,0,0
4011,11000,2082,1062,1020
4011,12051,10,10,0
4011,12052,19,19,0
4011,12053,10,10,0
4011,12054,80,41,39
4011,12060,46,31,15
4011,12061,40,30,10
4011,12062,10,10,0
4011,12063,31,31,0
4011,12064,39,28,11
4011,12065,41,30,11
4011,12066,12,12,0
4011,12067,34,34,0
4011,12068,17,17,0
4011,12069,84,52,32
4011,12070,22,22,0
4011,12071,11,11,0
4011,12072,71,50,21
4011,12073,12,12,0
4011,13003,197,139,58
4011,13004,37,37,0
4011,13071,150,111,39
4011,13072,152,139,13
4011,13073,146,121,25
4011,13074,70,58,12
4011,13075,216,198,18
4011,13076,147,129,18
4011,14511,48,30,18
4011,14521,23,23,0
4011,14522,26,26,0
4011,14523,10,10,0
4011,14524,30,18,12
4011,14612,101,67,34
4011,14625,33,33,0
4011,14626,25,25,0
4011,14627,11,11,0
4011,14628,26,26,0
4011,14713,217,156,61
4011,14729,48,26,22
4011,14730,36,26,10
4011,15001,17,17,0
4011,15002,52,31,21
4011,15003,86,56,30
4011,15081,37,23,14
4011,15082,29,19,10
4011,15083,37,37,0
4011,15084,27,27,0
4011,15085,63,63,0
4011,15086,43,43,0
4011,15087,28,28,0
4011,15088,51,32,19
4011,15089,49,27,22
4011,15090,47,47,0
4011,15091,69,16,53
4011,16051,32,21,11
4011,16052,29,11,18
4011,16053,39,24,15
4011,16054,0,0,0
4011,16055,0,0,0
4011,16056,0,0,0
4011,16061,167,16,151
4011,16062,10,10,0
4011,16063,62,13,49
4011,16064,37,23,14
4011,16065,13,13,0
4011,16066,0,0,0
4011,16067,14,14,0
4011,16068,18,18,0
4011,16069,0,0,0
4011,16070,14,14,0
4011,16071,0,0,0
4011,16072,0,0,0
4011,16073,0,0,0
4011,16074,0,0,0
4011,16075,0,0,0
4011,16076,0,0,0
4011,16077,17,17,0
4012,1001,0,0,0
4012,1002,56,23,33
4012,1003,22,0,22
4012,1004,20,0,20
4012,1051,0,0,0
4012,1053,0,0,0
4012,1054,52,40,12
4012,1055,31,11,20
4012,1056,130,89,41
4012,1057,0,0,0
4012,1058,32,17,15
4012,1059,0,0,0
4012,1060,35,15,20
4012,1061,25,12,13
4012,1062,55,23,32
4012,2000,835,218,617
4012,3101,20,0,20
4012,3102,0,0,0
4012,3103,0,0,0
4012,3151,0,0,0
4012,3153,0,0,0
4012,3154,0,0,0
4012,3155,0,0,0
4012,3157,0,0,0
4012,3158,0,0,0
4012,3159,0,0,0
4012,3241,312,83,229
4012,3251,250,149,101
4012,3252,0,0,0
4012,3254,191,16,175
4012,3255,0,0,0
4012,3256,0,0,0
4012,3257,0,0,0
4012,3351,0,0,0
4012,3352,21395,17129,4266
4012,3353,86,36,50
4012,3354,0,0,0
4012,3355,36,23,13
4012,3356,978,722,256
4012,3357,550,379,171
4012,3358,57,29,28
4012,3359,132,81,51
4012,3360,0,0,0
4012,3361,259,141,118
4012,3401,167,67,100
4012,3402,78,14,64
4012,3403,281,112,169
4012,3404,58,16,42
4012,3405,145,69,76
4012,3451,98,64,34
4012,3452,49,27,22
4012,3453,59,22,37
4012,3454,87,40,47
4012,3455,122,86,36
4012,3456,0,0,0
4012,3457,78,44,34
4012,3458,103,65,38
4012,3459,50,28,22
4012,3460,32,16,16
4012,3461,1464,857,607
4012,3462,19,19,0
4012,4011,5032,1976,3056
4012,4012,0,0,0
4012,5111,68,22,46
4012,5112,12,12,0
4012,5113,32,15,17
4012,5114,0,0,0
4012,5116,0,0,0
4012,5117,29,0,29
4012,5119,0,0,0
4012,5120,0,0,0
4012,5122,0,0,0
4012,5124,0,0,0
4012,5154,0,0,0
4012,5158,16,0,16
4012,5162,18,0,18
4012,5166,0,0,0
4012,5170,0,0,0
4012,5314,0,0,0
4012,5315,40,17,23
4012,5316,0,0,0
4012,5334,10,10,0
4012,5358,16,0,16
4012,5362,0,0,0
4012,5366,0,0,0
4012,5370,0,0,0
4012,5374,19,0,19
4012,5378,0,0,0
4012,5382,0,0,0
4012,5512,0,0,0
4012,5513,0,0,0
4012,5515,0,0,0
4012,5554,0,0,0
4012,5558,14,0,14
4012,5562,11,11,0
4012,5566,27,16,11
4012,5570,0,0,0
4012,5711,11,0,11
4012,5754,26,0,26
4012,5758,0,0,0
4012,5762,0,0,0
4012,5766,0,0,0
4012,5770,10,10,0
4012,5774,0,0,0
4012,5911,20,0,20
4012,5913,10,0,10
4012,5914,0,0,0
4012,5915,0,0,0
4012,5916,0,0,0
4012,5954,0,0,0
4012,5958,0,0,0
4012,5962,0,0,0
4012,5966,0,0,0
4012,5970,0,0,0
4012,5974,10,10,0
4012,5978,27,11,16
4012,6411,0,0,0
4012,6412,67,12,55
4012,6413,0,0,0
4012,6414,0,0,0
4012,6431,0,0,0
4012,6432,0,0,0
4012,6433,11,0,11
4012,6434,0,0,0
4012,6435,13,0,13
4012,6436,0,0,0
4012,6437,0,0,0
4012,6438,0,0,0
4012,6439,0,0,0
4012,6440,0,0,0
4012,6531,0,0,0
4012,6532,0,0,0
4012,6533,0,0,0
4012,6534,0,0,0
4012,6535,0,0,0
4012,6611,0,0,0
4012,6631,0,0,0
4012,6632,0,0,0
4012,6633,0,0,0
4012,6634,0,0,0
4012,6635,0,0,0
4012,6636,0,0,0
4012,7111,0,0,0
4012,7131,0,0,0
4012,7132,0,0,0
4012,7133,0,0,0
4012,7134,0,0,0
4012,7135,0,0,0
4012,7137,0,0,0
4012,7138,0,0,0
4012,7140,0,0,0
4012,7141,0,0,0
4012,7143,0,0,0
4012,7211,0,0,0
4012,7231,0,0,0
4012,7232,0,0,0
4012,7233,0,0,0
4012,7235,0,0,0
4012,7311,0,0,0
4012,7312,0,0,0
4012,7313,0,0,0
4012,7314,0,0,0
4012,7315,18,0,18
4012,7316,0,0,0
4012,7317,0,0,0
4012,7318,0,0,0
4012,7319,0,0,0
4012,7320,0,0,0
4012,7331,0,0,0
4012,7332,0,0,0
4012,7333,0,0,0
4012,7334,0,0,0
4012,7335,0,0,0
4012,7336,0,0,0
4012,7337,0,0,0
4012,7338,0,0,0
4012,7339,0,0,0
4012,7340,0,0,0
4012,8111,25,0,25
4012,8115,0,0,0
4012,8116,0,0,0
4012,8117,0,0,0
4012,8118,0,0,0
4012,8119,0,0,0
4012,8121,0,0,0
4012,8125,0,0,0
4012,8126,0,0,0
4012,8127,0,0,0
4012,8128,0,0,0
4012,8135,0,0,0
4012,8136,0,0,0
4012,8211,0,0,0
4012,8212,0,0,0
4012,8215,0,0,0
4012,8216,0,0,0
4012,8221,0,0,0
4012,8222,10,0,10
4012,8225,0,0,0
4012,8226,0,0,0
4012,8231,0,0,0
4012,8235,0,0,0
4012,8236,0,0,0
4012,8237,0,0,0
4012,8311,0,0,0
4012,8315,0,0,0
4012,8316,0,0,0
4012,8317,0,0,0
4012,8325,0,0,0
4012,8326,0,0,0
4012,8327,0,0,0
4012,8335,0,0,0
4012,8336,0,0,0
4012,8337,0,0,0
4012,8415,0,0,0
4012,8416,0,0,0
4012,8417,0,0,0
4012,8421,0,0,0
4012,8425,0,0,0
4012,8426,0,0,0
4012,8435,0,0,0
4012,8436,0,0,0
4012,8437,0,0,0
4012,9161,0,0,0
4012,9162,39,0,39
4012,9163,0,0,0
4012,9171,0,0,0
4012,9172,10,0,10
4012,9173,0,0,0
4012,9174,0,0,0
4012,9175,0,0,0
4012,9176,0,0,0
4012,9177,0,0,0
4012,9178,0,0,0
4012,9179,0,0,0
4012,9180,0,0,0
4012,9181,0,0,0
4012,9182,0,0,0
4012,9183,0,0,0
4012,9184,44,0,44
4012,9185,0,0,0
4012,9186,10,0,10
4012,9187,0,0,0
4012,9188,0,0,0
4012,9189,0,0,0
4012,9190,0,0,0
4012,9261,0,0,0
4012,9262,0,0,0
4012,9263,0,0,0
4012,9271,0,0,0
4012,9272,0,0,0
4012,9273,0,0,0
4012,9274,0,0,0
4012,9275,0,0,0
4012,9276,0,0,0
4012,9277,0,0,0
4012,9278,0,0,0
4012,9279,0,0,0
4012,9361,0,0,0
4012,9362,0,0,0
4012,9363,0,0,0
4012,9371,0,0,0
4012,9372,0,0,0
4012,9373,0,0,0
4012,9374,0,0,0
4012,9375,22,22,0
4012,9376,0,0,0
4012,9377,0,0,0
4012,9461,0,0,0
4012,9462,0,0,0
4012,9463,0,0,0
4012,9464,0,0,0
4012,9471,0,0,0
4012,9472,0,0,0
4012,9473,0,0,0
4012,9474,0,0,0
4012,9475,0,0,0
4012,9476,0,0,0
4012,9477,0,0,0
4012,9478,0,0,0
4012,9479,0,0,0
4012,9561,0,0,0
4012,9562,0,0,0
4012,9563,0,0,0
4012,9564,10,0,10
4012,9565,0,0,0
4012,9571,0,0,0
4012,9572,0,0,0
4012,9573,0,0,0
4012,9574,0,0,0
4012,9575,0,0,0
4012,9576,0,0,0
4012,9577,0,0,0
4012,9661,0,0,0
4012,9662,0,0,0
4012,9663,0,0,0
4012,9671,0,0,0
4012,9672,0,0,0
4012,9673,0,0,0
4012,9674,0,0,0
4012,9675,0,0,0
4012,9676,0,0,0
4012,9677,0,0,0
4012,9678,0,0,0
4012,9679,0,0,0
4012,9761,11,0,11
4012,9762,0,0,0
4012,9763,0,0,0
4012,9764,0,0,0
4012,9771,0,0,0
4012,9772,0,0,0
4012,9773,0,0,0
4012,9774,0,0,0
4012,9775,0,0,0
4012,9776,0,0,0
4012,9777,0,0,0
4012,9778,0,0,0
4012,9779,0,0,0
4012,9780,0,0,0
4012,10041,0,0,0
4012,10042,0,0,0
4012,10043,0,0,0
4012,10044,0,0,0
4012,10045,0,0,0
4012,10046,0,0,0
4012,11000,157,76,81
4012,12051,0,0,0
4012,12052,0,0,0
4012,12053,0,0,0
4012,12054,0,0,0
4012,12060,0,0,0
4012,12061,0,0,0
4012,12062,0,0,0
4012,12063,0,0,0
4012,12064,0,0,0
4012,12065,0,0,0
4012,12066,0,0,0
4012,12067,0,0,0
4012,12068,0,0,0
4012,12069,0,0,0
4012,12070,0,0,0
4012,12071,0,0,0
4012,12072,0,0,0
4012,12073,0,0,0
4012,13003,49,27,22
4012,13004,0,0,0
4012,13071,20,0,20
4012,13072,15,15,0
4012,13073,41,31,10
4012,13074,0,0,0
4012,13075,40,40,0
4012,13076,11,11,0
4012,14511,0,0,0
4012,14521,0,0,0
4012,14522,0,0,0
4012,14523,0,0,0
4012,14524,0,0,0
4012,14612,10,0,10
4012,14625,0,0,0
4012,14626,0,0,0
4012,14627,0,0,0
4012,14628,0,0,0
4012,14713,12,12,0
4012,14729,0,0,0
4012,14730,0,0,0
4012,15001,0,0,0
4012,15002,0,0,0
4012,15003,0,0,0
4012,15081,0,0,0
4012,15082,0,0,0
4012,15083,0,0,0
4012,15084,0,0,0
4012,15085,0,0,0
4012,15086,0,0,0
4012,15087,0,0,0
4012,15088,0,0,0
4012,15089,14,0,14
4012,15090,0,0,0
4012,15091,13,0,13
4012,16051,0,0,0
4012,16052,0,0,0
4012,16053,0,0,0
4012,16054,0,0,0
4012,16055,0,0,0
4012,16056,0,0,0
4012,16061,0,0,0
4012,16062,0,0,0
4012,16063,0,0,0
4012,16064,0,0,0
4012,16065,0,0,0
4012,16066,0,0,0
4012,16067,0,0,0
4012,16068,0,0,0
4012,16069,0,0,0
4012,16070,0,0,0
4012,16071,0,0,0
4012,16072,0,0,0
4012,16073,0,0,0
4012,16074,0,0,0
4012,16075,0,0,0
4012,16076,0,0,0
4012,16077,0,0,0
5111,1001,58,45,13
5111,1002,149,82,67
5111,1003,114,82,32
5111,1004,51,51,0
5111,1051,28,28,0
5111,1053,122,101,21
5111,1054,72,49,23
5111,1055,47,47,0
5111,1056,289,265,24
5111,1057,37,37,0
5111,1058,84,72,12
5111,1059,46,34,12
5111,1060,265,209,56
5111,1061,50,50,0
5111,1062,340,235,105
5111,2000,3928,2538,1390
5111,3101,172,136,36
5111,3102,57,57,0
5111,3103,97,61,36
5111,3151,42,42,0
5111,3153,66,52,14
5111,3154,23,23,0
5111,3155,61,61,0
5111,3157,55,55,0
5111,3158,42,42,0
5111,3159,159,123,36
5111,3241,1156,891,265
5111,3251,97,78,19
5111,3252,82,67,15
5111,3254,144,127,17
5111,3255,36,36,0
5111,3256,60,60,0
5111,3257,98,77,21
5111,3351,113,81,32
5111,3352,68,68,0
5111,3353,274,261,13
5111,3354,0,0,0
5111,3355,102,87,15
5111,3356,45,45,0
5111,3357,71,59,12
5111,3358,43,43,0
5111,3359,134,134,0
5111,3360,20,20,0
5111,3361,100,81,19
5111,3401,19,19,0
5111,3402,30,30,0
5111,3403,115,80,35
5111,3404,225,163,62
5111,3405,26,26,0
5111,3451,42,42,0
5111,3452,92,69,23
5111,3453,71,56,15
5111,3454,440,343,97
5111,3455,42,42,0
5111,3456,103,82,21
5111,3457,95,80,15
5111,3458,55,55,0
5111,3459,253,201,52
5111,3460,79,60,19
5111,3461,34,34,0
5111,3462,19,19,0
5111,4011,459,291,168
5111,4012,68,46,22
5111,5111,0,0,0
5111,5112,21552,17781,3771
5111,5113,16143,11265,4878
5111,5114,11815,8794,3021
5111,5116,10310,7921,2389
5111,5117,6330,4906,1424
5111,5119,5038,4289,749
5111,5120,1501,996,505
5111,5122,6193,4752,1441
5111,5124,10210,7626,2584
5111,5154,2920,2573,347
5111,5158,60109,41410,18699
5111,5162,50826,39475,11351
5111,5166,11261,9699,1562
5111,5170,7799,6880,919
5111,5314,2288,1413,875
5111,5315,20228,11939,8289
5111,5316,4385,2651,1734
5111,5334,2694,2077,617
5111,5358,1494,1101,393
5111,5362,4466,3622,844
5111,5366,558,501,57
5111,5370,3615,3290,325
5111,5374,882,673,209
5111,5378,3331,2753,578
5111,5382,2349,2028,321
5111,5512,1265,1136,129
5111,5513,2346,1917,429
5111,5515,1239,973,266
5111,5554,1121,917,204
5111,5558,496,452,44
5111,5562,3635,3217,418
5111,5566,643,544,99
5111,5570,420,368,52
5111,5711,541,391,150
5111,5754,420,256,164
5111,5758,208,181,27
5111,5762,78,78,0
5111,5766,336,277,59
5111,5770,268,208,60
5111,5774,514,441,73
5111,5911,3666,2990,676
5111,5913,3884,2897,987
5111,5914,877,702,175
5111,5915,474,433,41
5111,5916,911,800,111
5111,5954,2445,2069,376
5111,5958,347,270,77
5111,5962,895,601,294
5111,5966,148,121,27
5111,5970,406,275,131
5111,5974,542,453,89
5111,5978,1318,1115,203
5111,6411,236,147,89
5111,6412,3773,1494,2279
5111,6413,207,163,44
5111,6414,434,278,156
5111,6431,187,129,58
5111,6432,251,229,22
5111,6433,370,303,67
5111,6434,866,313,553
5111,6435,427,366,61
5111,6436,625,342,283
5111,6437,28,28,0
5111,6438,630,359,271
5111,6439,205,169,36
5111,6440,358,312,46
5111,6531,182,152,30
5111,6532,116,85,31
5111,6533,143,116,27
5111,6534,146,85,61
5111,6535,31,18,13
5111,6611,180,133,47
5111,6631,86,64,22
5111,6632,23,23,0
5111,6633,99,99,0
5111,6634,71,48,23
5111,6635,54,38,16
5111,6636,30,30,0
5111,7111,169,121,48
5111,7131,314,275,39
5111,7132,136,116,20
5111,7133,73,61,12
5111,7134,30,30,0
5111,7135,90,90,0
5111,7137,237,185,52
5111,7138,287,235,52
5111,7140,104,74,30
5111,7141,81,66,15
5111,7143,282,180,102
5111,7211,116,94,22
5111,7231,45,45,0
5111,7232,76,58,18
5111,7233,68,68,0
5111,7235,77,77,0
5111,7311,11,11,0
5111,7312,49,39,10
5111,7313,24,24,0
5111,7314,200,142,58
5111,7315,336,182,154
5111,7316,23,23,0
5111,7317,0,0,0
5111,7318,17,17,0
5111,7319,57,34,23
5111,7320,22,22,0
5111,7331,70,70,0
5111,7332,79,79,0
5111,7333,26,26,0
5111,7334,39,39,0
5111,7335,43,43,0
5111,7336,20,20,0
5111,7337,41,41,0
5111,7338,79,68,11
5111,7339,163,130,33
5111,7340,38,38,0
5111,8111,1011,669,342
5111,8115,285,222,63
5111,8116,461,371,90
5111,8117,113,94,19
5111,8118,353,254,99
5111,8119,231,205,26
5111,8121,71,43,28
5111,8125,133,95,38
5111,8126,48,25,23
5111,8127,70,42,28
5111,8128,57,39,18
5111,8135,43,28,15
5111,8136,115,95,20
5111,8211,65,38,27
5111,8212,276,167,109
5111,8215,279,224,55
5111,8216,94,72,22
5111,8221,154,102,52
5111,8222,470,280,190
5111,8225,31,31,0
5111,8226,371,267,104
5111,8231,60,41,19
5111,8235,79,79,0
5111,8236,88,73,15
5111,8237,41,31,10
5111,8311,167,118,49
5111,8315,111,99,12
5111,8316,44,44,0
5111,8317,190,141,49
5111,8325,21,21,0
5111,8326,66,50,16
5111,8327,30,20,10
5111,8335,132,106,26
5111,8336,70,34,36
5111,8337,23,23,0
5111,8415,171,139,32
5111,8416,118,92,26
5111,8417,56,41,15
5111,8421,87,47,40
5111,8425,45,45,0
5111,8426,46,34,12
5111,8435,70,53,17
5111,8436,88,59,29
5111,8437,35,22,13
5111,9161,119,85,34
5111,9162,3709,2037,1672
5111,9163,26,26,0
5111,9171,18,18,0
5111,9172,26,13,13
5111,9173,71,60,11
5111,9174,103,90,13
5111,9175,105,105,0
5111,9176,20,20,0
5111,9177,106,85,21
5111,9178,257,137,120
5111,9179,142,142,0
5111,9180,17,17,0
5111,9181,64,53,11
5111,9182,74,60,14
5111,9183,37,37,0
5111,9184,691,298,393
5111,9185,15,15,0
5111,9186,81,59,22
5111,9187,119,94,25
5111,9188,109,89,20
5111,9189,105,105,0
5111,9190,36,36,0
5111,9261,39,39,0
5111,9262,15,15,0
5111,9263,0,0,0
5111,9271,24,24,0
5111,9272,0,0,0
5111,9273,47,47,0
5111,9274,49,49,0
5111,9275,44,44,0
5111,9276,0,0,0
5111,9277,20,20,0
5111,9278,27,27,0
5111,9279,14,14,0
5111,9361,0,0,0
5111,9362,136,103,33
5111,9363,0,0,0
5111,9371,28,18,10
5111,9372,0,0,0
5111,9373,43,33,10
5111,9374,16,16,0
5111,9375,65,65,0
5111,9376,26,26,0
5111,9377,0,0,0
5111,9461,26,26,0
5111,9462,35,23,12
5111,9463,0,0,0
5111,9464,0,0,0
5111,9471,26,26,0
5111,9472,23,23,0
5111,9473,0,0,0
5111,9474,30,30,0
5111,9475,29,10,19
5111,9476,11,11,0
5111,9477,37,37,0
5111,9478,0,0,0
5111,9479,0,0,0
5111,9561,18,18,0
5111,9562,90,57,33
5111,9563,77,65,12
5111,9564,531,324,207
5111,9565,20,20,0
5111,9571,84,84,0
5111,9572,87,53,34
5111,9573,50,50,0
5111,9574,110,94,16
5111,9575,30,30,0
5111,9576,45,34,11
5111,9577,13,13,0
5111,9661,64,52,12
5111,9662,0,0,0
5111,9663,143,65,78
5111,9671,130,101,29
5111,9672,20,20,0
5111,9673,0,0,0
5111,9674,0,0,0
5111,9675,22,22,0
5111,9676,63,44,19
5111,9677,59,40,19
5111,9678,27,27,0
5111,9679,73,47,26
5111,9761,190,142,48
5111,9762,0,0,0
5111,9763,11,11,0
5111,9764,0,0,0
5111,9771,59,59,0
5111,9772,108,90,18
5111,9773,14,14,0
5111,9774,26,26,0
5111,9775,76,57,19
5111,9776,16,16,0
5111,9777,48,37,11
5111,9778,56,44,12
5111,9779,16,16,0
5111,9780,27,27,0
5111,10041,294,226,68
5111,10042,75,64,11
5111,10043,56,56,0
5111,10044,83,83,0
5111,10045,90,75,15
5111,10046,20,20,0
5111,11000,4794,3253,1541
5111,12051,21,21,0
5111,12052,23,23,0
5111,12053,13,13,0
5111,12054,126,84,42
5111,12060,74,74,0
5111,12061,75,64,11
5111,12062,17,17,0
5111,12063,77,77,0
5111,12064,76,59,17
5111,12065,66,66,0
5111,12066,36,36,0
5111,12067,65,43,22
5111,12068,16,16,0
5111,12069,122,100,22
5111,12070,77,77,0
5111,12071,22,22,0
5111,12072,66,66,0
5111,12073,21,21,0
5111,13003,119,119,0
5111,13004,37,37,0
5111,13071,56,56,0
5111,13072,86,86,0
5111,13073,50,50,0
5111,13074,50,50,0
5111,13075,45,45,0
5111,13076,79,79,0
5111,14511,119,72,47
5111,14521,30,30,0
5111,14522,63,63,0
5111,14523,27,27,0
5111,14524,34,34,0
5111,14612,283,242,41
5111,14625,67,67,0
5111,14626,78,67,11
5111,14627,54,54,0
5111,14628,47,47,0
5111,14713,511,459,52
5111,14729,106,106,0
5111,14730,91,70,21
5111,15001,31,20,11
5111,15002,74,64,10
5111,15003,151,136,15
5111,15081,11,11,0
5111,15082,35,35,0
5111,15083,39,39,0
5111,15084,270,270,0
5111,15085,44,44,0
5111,15086,21,21,0
5111,15087,27,27,0
5111,15088,48,38,10
5111,15089,54,54,0
5111,15090,19,19,0
5111,15091,20,20,0
5111,16051,79,66,13
5111,16052,22,22,0
5111,16053,31,31,0
5111,16054,0,0,0
5111,16055,35,35,0
5111,16056,16,16,0
5111,16061,26,26,0
5111,16062,20,20,0
5111,16063,31,31,0
5111,16064,24,24,0
5111,16065,12,12,0
5111,16066,16,16,0
5111,16067,43,43,0
5111,16068,15,15,0
5111,16069,0,0,0
5111,16070,40,26,14
5111,16071,17,17,0
5111,16072,0,0,0
5111,16073,17,17,0
5111,16074,17,17,0
5111,16075,0,0,0
5111,16076,16,16,0
5111,16077,21,21,0
5112,1001,0,0,0
5112,1002,21,10,11
5112,1003,17,0,17
5112,1004,0,0,0
5112,1051,26,0,26
5112,1053,15,15,0
5112,1054,11,0,11
5112,1055,14,14,0
5112,1056,52,31,21
5112,1057,0,0,0
5112,1058,11,11,0
5112,1059,10,10,0
5112,1060,65,34,31
5112,1061,0,0,0
5112,1062,73,28,45
5112,2000,677,207,470
5112,3101,54,43,11
5112,3102,49,49,0
5112,3103,17,0,17
5112,3151,10,10,0
5112,3153,20,20,0
5112,3154,0,0,0
5112,3155,27,27,0
5112,3157,20,20,0
5112,3158,35,35,0
5112,3159,61,28,33
5112,3241,219,95,124
5112,3251,41,26,15
5112,3252,0,0,0
5112,3254,45,33,12
5112,3255,0,0,0
5112,3256,19,19,0
5112,3257,47,22,25
5112,3351,24,24,0
5112,3352,12,0,12
5112,3353,58,30,28
5112,3354,0,0,0
5112,3355,15,15,0
5112,3356,0,0,0
5112,3357,12,0,12
5112,3358,23,13,10
5112,3359,24,24,0
5112,3360,0,0,0
5112,3361,0,0,0
5112,3401,11,0,11
5112,3402,23,13,10
5112,3403,38,19,19
5112,3404,86,27,59
5112,3405,59,10,49
5112,3451,16,16,0
5112,3452,57,31,26
5112,3453,39,20,19
5112,3454,141,71,70
5112,3455,12,12,0
5112,3456,74,43,31
5112,3457,18,18,0
5112,3458,34,34,0
5112,3459,91,47,44
5112,3460,29,16,13
5112,3461,0,0,0
5112,3462,10,10,0
5112,4011,199,60,139
5112,4012,12,0,12
5112,5111,21552,3771,17781
5112,5112,0,0,0
5112,5113,14230,6815,7415
5112,5114,9477,3223,6254
5112,5116,1263,533,730
5112,5117,10514,5300,5214
5112,5119,16341,9380,6961
5112,5120,166,71,95
5112,5122,409,225,184
5112,5124,920,432,488
5112,5154,4154,2955,1199
5112,5158,6666,2128,4538
5112,5162,3426,1350,2076
5112,5166,3141,1600,1541
5112,5170,37409,24482,12927
5112,5314,344,152,192
5112,5315,3153,895,2258
5112,5316,612,233,379
5112,5334,433,195,238
5112,5358,280,130,150
5112,5362,886,387,499
5112,5366,101,67,34
5112,5370,348,220,128
5112,5374,136,73,63
5112,5378,275,179,96
5112,5382,383,205,178
5112,5512,2851,1858,993
5112,5513,2948,1904,1044
5112,5515,396,173,223
5112,5554,999,658,341
5112,5558,231,163,68
5112,5562,4172,3185,987
5112,5566,375,270,105
5112,5570,158,87,71
5112,5711,199,85,114
5112,5754,160,75,85
5112,5758,46,22,24
5112,5762,15,15,0
5112,5766,75,48,27
5112,5770,86,52,34
5112,5774,87,52,35
5112,5911,3069,1969,1100
5112,5913,3086,1822,1264
5112,5914,312,138,174
5112,5915,273,147,126
5112,5916,1300,830,470
5112,5954,954,584,370
5112,5958,105,68,37
5112,5962,209,131,78
5112,5966,51,33,18
5112,5970,130,74,56
5112,5974,140,88,52
5112,5978,1007,660,347
5112,6411,37,16,21
5112,6412,542,74,468
5112,6413,45,13,32
5112,6414,134,21,113
5112,6431,129,82,47
5112,6432,52,30,22
5112,6433,72,24,48
5112,6434,99,15,84
5112,6435,97,54,43
5112,6436,127,34,93
5112,6437,17,0,17
5112,6438,138,52,86
5112,6439,27,15,12
5112,6440,65,29,36
5112,6531,35,35,0
5112,6532,60,21,39
5112,6533,36,17,19
5112,6534,19,0,19
5112,6535,10,10,0
5112,6611,71,53,18
5112,6631,10,10,0
5112,6632,0,0,0
5112,6633,61,61,0
5112,6634,49,39,10
5112,6635,33,20,13
5112,6636,18,18,0
5112,7111,63,22,41
5112,7131,42,28,14
5112,7132,49,22,27
5112,7133,11,0,11
5112,7134,0,0,0
5112,7135,0,0,0
5112,7137,68,49,19
5112,7138,106,50,56
5112,7140,0,0,0
5112,7141,60,19,41
5112,7143,83,28,55
5112,7211,12,12,0
5112,7231,14,14,0
5112,7232,20,0,20
5112,7233,15,15,0
5112,7235,0,0,0
5112,7311,16,16,0
5112,7312,0,0,0
5112,7313,0,0,0
5112,7314,94,56,38
5112,7315,71,28,43
5112,7316,0,0,0
5112,7317,0,0,0
5112,7318,16,16,0
5112,7319,51,15,36
5112,7320,0,0,0
5112,7331,17,17,0
5112,7332,43,30,13
5112,7333,15,15,0
5112,7334,17,17,0
5112,7335,0,0,0
5112,7336,0,0,0
5112,7337,12,12,0
5112,7338,45,45,0
5112,7339,46,28,18
5112,7340,0,0,0
5112,8111,211,111,100
5112,8115,124,83,41
5112,8116,108,56,52
5112,8117,31,31,0
5112,8118,124,78,46
5112,8119,73,52,21
5112,8121,0,0,0
5112,8125,88,24,64
5112,8126,11,0,11
5112,8127,0,0,0
5112,8128,0,0,0
5112,8135,0,0,0
5112,8136,25,14,11
5112,8211,18,0,18
5112,8212,101,31,70
5112,8215,66,33,33
5112,8216,11,11,0
5112,8221,27,14,13
5112,8222,184,100,84
5112,8225,0,0,0
5112,8226,166,118,48
5112,8231,24,12,12
5112,8235,11,11,0
5112,8236,12,12,0
5112,8237,0,0,0
5112,8311,36,20,16
5112,8315,17,17,0
5112,8316,0,0,0
5112,8317,47,26,21
5112,8325,0,0,0
5112,8326,0,0,0
5112,8327,0,0,0
5112,8335,18,0,18
5112,8336,43,20,23
5112,8337,0,0,0
5112,8415,21,21,0
5112,8416,11,11,0
5112,8417,0,0,0
5112,8421,35,25,10
5112,8425,22,22,0
5112,8426,13,13,0
5112,8435,0,0,0
5112,8436,12,0,12
5112,8437,0,0,0
5112,9161,10,0,10
5112,9162,586,208,378
5112,9163,0,0,0
5112,9171,0,0,0
5112,9172,13,0,13
5112,9173,10,10,0
5112,9174,14,14,0
5112,9175,10,10,0
5112,9176,0,0,0
5112,9177,15,15,0
5112,9178,39,15,24
5112,9179,46,36,10
5112,9180,0,0,0
5112,9181,0,0,0
5112,9182,0,0,0
5112,9183,16,16,0
5112,9184,122,38,84
5112,9185,0,0,0
5112,9186,0,0,0
5112,9187,14,14,0
5112,9188,24,13,11
5112,9189,10,10,0
5112,9190,0,0,0
5112,9261,0,0,0
5112,9262,0,0,0
5112,9263,0,0,0
5112,9271,38,12,26
5112,9272,0,0,0
5112,9273,0,0,0
5112,9274,15,15,0
5112,9275,0,0,0
5112,9276,0,0,0
5112,9277,11,11,0
5112,9278,0,0,0
5112,9279,0,0,0
5112,9361,0,0,0
5112,9362,74,13,61
5112,9363,0,0,0
5112,9371,0,0,0
5112,9372,0,0,0
5112,9373,0,0,0
5112,9374,11,0,11
5112,9375,11,11,0
5112,9376,0,0,0
5112,9377,0,0,0
5112,9461,0,0,0
5112,9462,0,0,0
5112,9463,0,0,0
5112,9464,0,0,0
5112,9471,0,0,0
5112,9472,0,0,0
5112,9473,0,0,0
5112,9474,0,0,0
5112,9475,12,0,12
5112,9476,0,0,0
5112,9477,0,0,0
5112,9478,0,0,0
5112,9479,0,0,0
5112,9561,0,0,0
5112,9562,33,0,33
5112,9563,0,0,0
5112,9564,163,45,118
5112,9565,0,0,0
5112,9571,0,0,0
5112,9572,14,14,0
5112,9573,0,0,0
5112,9574,14,14,0
5112,9575,0,0,0
5112,9576,0,0,0
5112,9577,0,0,0
5112,9661,0,0,0
5112,9662,0,0,0
5112,9663,24,0,24
5112,9671,31,15,16
5112,9672,0,0,0
5112,9673,0,0,0
5112,9674,0,0,0
5112,9675,0,0,0
5112,9676,10,0,10
5112,9677,24,0,24
5112,9678,0,0,0
5112,9679,21,0,21
5112,9761,47,24,23
5112,9762,0,0,0
5112,9763,0,0,0
5112,9764,0,0,0
5112,9771,10,10,0
5112,9772,20,20,0
5112,9773,0,0,0
5112,9774,0,0,0
5112,9775,17,17,0
5112,9776,0,0,0
5112,9777,0,0,0
5112,9778,0,0,0
5112,9779,0,0,0
5112,9780,27,11,16
5112,10041,47,22,25
5112,10042,21,11,10
5112,10043,12,12,0
5112,10044,0,0,0
5112,10045,27,27,0
5112,10046,0,0,0
5112,11000,739,323,416
5112,12051,0,0,0
5112,12052,35,11,24
5112,12053,0,0,0
5112,12054,38,19,19
5112,12060,33,21,12
5112,12061,20,20,0
5112,12062,0,0,0
5112,12063,29,29,0
5112,12064,23,13,10
5112,12065,23,23,0
5112,12066,44,34,10
5112,12067,0,0,0
5112,12068,0,0,0
5112,12069,39,22,17
5112,12070,0,0,0
5112,12071,14,14,0
5112,12072,15,0,15
5112,12073,0,0,0
5112,13003,11,11,0
5112,13004,0,0,0
5112,13071,15,15,0
5112,13072,15,15,0
5112,13073,16,16,0
5112,13074,0,0,0
5112,13075,23,23,0
5112,13076,17,17,0
5112,14511,0,0,0
5112,14521,0,0,0
5112,14522,17,17,0
5112,14523,0,0,0
5112,14524,10,10,0
5112,14612,42,22,20
5112,14625,14,14,0
5112,14626,13,13,0
5112,14627,14,14,0
5112,14628,0,0,0
5112,14713,95,49,46
5112,14729,14,14,0
5112,14730,13,13,0
5112,15001,0,0,0
5112,15002,27,14,13
5112,15003,30,12,18
5112,15081,0,0,0
5112,15082,14,14,0
5112,15083,0,0,0
5112,15084,14,14,0
5112,15085,20,20,0
5112,15086,0,0,0
5112,15087,27,27,0
5112,15088,26,12,14
5112,15089,10,10,0
5112,15090,0,0,0
5112,15091,0,0,0
5112,16051,27,14,13
5112,16052,0,0,0
5112,16053,0,0,0
5112,16054,13,13,0
5112,16055,0,0,0
5112,16056,0,0,0
5112,16061,0,0,0
5112,16062,0,0,0
5112,16063,16,0,16
5112,16064,0,0,0
5112,16065,0,0,0
5112,16066,0,0,0
5112,16067,0,0,0
5112,16068,0,0,0
5112,16069,0,0,0
5112,16070,0,0,0
5112,16071,0,0,0
5112,16072,0,0,0
5112,16073,0,0,0
5112,16074,0,0,0
5112,16075,0,0,0
5112,16076,0,0,0
5112,16077,0,0,0
5113,1001,27,15,12
5113,1002,91,51,40
5113,1003,60,48,12
5113,1004,17,17,0
5113,1051,53,53,0
5113,1053,37,37,0
5113,1054,33,22,11
5113,1055,51,51,0
5113,1056,97,68,29
5113,1057,25,25,0
5113,1058,63,48,15
5113,1059,46,34,12
5113,1060,120,89,31
5113,1061,24,24,0
5113,1062,204,73,131
5113,2000,1283,690,593
5113,3101,107,55,52
5113,3102,29,12,17
5113,3103,21,0,21
5113,3151,12,12,0
5113,3153,37,37,0
5113,3154,0,0,0
5113,3155,48,27,21
5113,3157,33,33,0
5113,3158,12,12,0
5113,3159,117,91,26
5113,3241,603,284,319
5113,3251,89,79,10
5113,3252,37,26,11
5113,3254,59,49,10
5113,3255,18,18,0
5113,3256,17,17,0
5113,3257,65,48,17
5113,3351,49,37,12
5113,3352,43,33,10
5113,3353,81,69,12
5113,3354,0,0,0
5113,3355,54,54,0
5113,3356,27,27,0
5113,3357,37,22,15
5113,3358,22,22,0
5113,3359,67,53,14
5113,3360,29,29,0
5113,3361,26,26,0
5113,3401,21,11,10
5113,3402,13,13,0
5113,3403,90,61,29
5113,3404,183,87,96
5113,3405,36,14,22
5113,3451,35,25,10
5113,3452,50,33,17
5113,3453,42,27,15
5113,3454,232,124,108
5113,3455,12,12,0
5113,3456,64,37,27
5113,3457,52,39,13
5113,3458,41,41,0
5113,3459,233,173,60
5113,3460,45,21,24
5113,3461,12,12,0
5113,3462,12,12,0
5113,4011,274,156,118
5113,4012,32,17,15
5113,5111,16143,4878,11265
5113,5112,14230,7415,6815
5113,5113,0,0,0
5113,5114,2178,1091,1087
5113,5116,713,376,337
5113,5117,17946,10245,7701
5113,5119,12114,7683,4431
5113,5120,500,233,267
5113,5122,752,415,337
5113,5124,3853,1965,1888
5113,5154,1229,948,281
5113,5158,14898,7011,7887
5113,5162,2266,1372,894
5113,5166,1099,736,363
5113,5170,7133,5373,1760
5113,5314,620,282,338
5113,5315,3639,1542,2097
5113,5316,594,339,255
5113,5334,592,352,240
5113,5358,273,198,75
5113,5362,890,578,312
5113,5366,149,111,38
5113,5370,344,269,75
5113,5374,401,261,140
5113,5378,513,356,157
5113,5382,662,472,190
5113,5512,9076,6817,2259
5113,5513,16021,10905,5116
5113,5515,949,508,441
5113,5554,1677,1296,381
5113,5558,809,683,126
5113,5562,16015,12533,3482
5113,5566,398,242,156
5113,5570,338,200,138
5113,5711,378,270,108
5113,5754,396,255,141
5113,5758,109,73,36
5113,5762,26,26,0
5113,5766,155,101,54
5113,5770,145,93,52
5113,5774,246,185,61
5113,5911,17632,10958,6674
5113,5913,8941,5015,3926
5113,5914,1000,562,438
5113,5915,459,309,150
5113,5916,4373,3150,1223
5113,5954,6477,4660,1817
5113,5958,262,197,65
5113,5962,693,449,244
5113,5966,112,79,33
5113,5970,284,199,85
5113,5974,363,263,100
5113,5978,2204,1572,632
5113,6411,174,130,44
5113,6412,985,323,662
5113,6413,64,36,28
5113,6414,138,81,57
5113,6431,205,178,27
5113,6432,203,186,17
5113,6433,157,111,46
5113,6434,226,71,155
5113,6435,165,108,57
5113,6436,204,91,113
5113,6437,24,24,0
5113,6438,248,94,154
5113,6439,67,50,17
5113,6440,127,69,58
5113,6531,67,48,19
5113,6532,71,51,20
5113,6533,45,33,12
5113,6534,54,24,30
5113,6535,37,37,0
5113,6611,84,36,48
5113,6631,55,35,20
5113,6632,27,14,13
5113,6633,53,53,0
5113,6634,42,26,16
5113,6635,29,29,0
5113,6636,10,10,0
5113,7111,61,26,35
5113,7131,146,126,20
5113,7132,99,84,15
5113,7133,32,19,13
5113,7134,10,10,0
5113,7135,21,21,0
5113,7137,70,53,17
5113,7138,109,71,38
5113,7140,58,58,0
5113,7141,43,29,14
5113,7143,96,49,47
5113,7211,34,13,21
5113,7231,38,38,0
5113,7232,0,0,0
5113,7233,18,18,0
5113,7235,13,13,0
5113,7311,10,0,10
5113,7312,142,130,12
5113,7313,0,0,0
5113,7314,67,32,35
5113,7315,91,48,43
5113,7316,0,0,0
5113,7317,0,0,0
5113,7318,0,0,0
5113,7319,54,39,15
5113,7320,0,0,0
5113,7331,74,42,32
5113,7332,20,20,0
5113,7333,13,13,0
5113,7334,25,12,13
5113,7335,48,48,0
5113,7336,14,14,0
5113,7337,0,0,0
5113,7338,21,21,0
5113,7339,70,53,17
5113,7340,14,14,0
5113,8111,311,188,123
5113,8115,97,59,38
5113,8116,179,116,63
5113,8117,42,29,13
5113,8118,153,81,72
5113,8119,88,62,26
5113,8121,65,53,12
5113,8125,157,121,36
5113,8126,51,11,40
5113,8127,98,80,18
5113,8128,10,10,0
5113,8135,0,0,0
5113,8136,25,11,14
5113,8211,53,0,53
5113,8212,96,46,50
5113,8215,110,65,45
5113,8216,22,22,0
5113,8221,73,29,44
5113,8222,190,69,121
5113,8225,16,16,0
5113,8226,210,137,73
5113,8231,33,13,20
5113,8235,11,11,0
5113,8236,26,26,0
5113,8237,23,11,12
5113,8311,53,26,27
5113,8315,34,17,17
5113,8316,33,21,12
5113,8317,57,36,21
5113,8325,0,0,0
5113,8326,28,13,15
5113,8327,20,0,20
5113,8335,32,18,14
5113,8336,55,21,34
5113,8337,15,15,0
5113,8415,45,25,20
5113,8416,46,26,20
5113,8417,27,11,16
5113,8421,30,0,30
5113,8425,0,0,0
5113,8426,0,0,0
5113,8435,36,36,0
5113,8436,44,27,17
5113,8437,12,12,0
5113,9161,19,19,0
5113,9162,1022,351,671
5113,9163,15,0,15
5113,9171,0,0,0
5113,9172,0,0,0
5113,9173,20,20,0
5113,9174,27,27,0
5113,9175,31,31,0
5113,9176,0,0,0
5113,9177,35,23,12
5113,9178,48,26,22
5113,9179,34,34,0
5113,9180,0,0,0
5113,9181,23,23,0
5113,9182,0,0,0
5113,9183,0,0,0
5113,9184,247,60,187
5113,9185,0,0,0
5113,9186,20,0,20
5113,9187,43,28,15
5113,9188,51,34,17
5113,9189,32,16,16
5113,9190,13,13,0
5113,9261,0,0,0
5113,9262,10,10,0
5113,9263,0,0,0
5113,9271,27,11,16
5113,9272,0,0,0
5113,9273,0,0,0
5113,9274,18,18,0
5113,9275,10,10,0
5113,9276,0,0,0
5113,9277,0,0,0
5113,9278,12,12,0
5113,9279,17,17,0
5113,9361,0,0,0
5113,9362,57,17,40
5113,9363,0,0,0
5113,9371,0,0,0
5113,9372,0,0,0
5113,9373,13,13,0
5113,9374,0,0,0
5113,9375,22,22,0
5113,9376,10,10,0
5113,9377,0,0,0
5113,9461,0,0,0
5113,9462,0,0,0
5113,9463,0,0,0
5113,9464,0,0,0
5113,9471,17,17,0
5113,9472,0,0,0
5113,9473,0,0,0
5113,9474,47,14,33
5113,9475,30,0,30
5113,9476,0,0,0
5113,9477,0,0,0
5113,9478,0,0,0
5113,9479,0,0,0
5113,9561,0,0,0
5113,9562,55,17,38
5113,9563,21,21,0
5113,9564,216,115,101
5113,9565,0,0,0
5113,9571,15,15,0
5113,9572,26,15,11
5113,9573,13,13,0
5113,9574,29,13,16
5113,9575,10,10,0
5113,9576,0,0,0
5113,9577,0,0,0
5113,9661,0,0,0
5113,9662,0,0,0
5113,9663,66,31,35
5113,9671,42,25,17
5113,9672,0,0,0
5113,9673,0,0,0
5113,9674,0,0,0
5113,9675,0,0,0
5113,9676,17,0,17
5113,9677,14,14,0
5113,9678,0,0,0
5113,9679,38,23,15
5113,9761,75,41,34
5113,9762,0,0,0
5113,9763,0,0,0
5113,9764,0,0,0
5113,9771,12,12,0
5113,9772,34,24,10
5113,9773,0,0,0
5113,9774,0,0,0
5113,9775,13,13,0
5113,9776,0,0,0
5113,9777,0,0,0
5113,9778,11,0,11
5113,9779,0,0,0
5113,9780,12,12,0
5113,10041,205,177,28
5113,10042,10,10,0
5113,10043,132,121,11
5113,10044,59,59,0
5113,10045,50,50,0
5113,10046,36,36,0
5113,11000,1778,993,785
5113,12051,0,0,0
5113,12052,15,15,0
5113,12053,0,0,0
5113,12054,57,42,15
5113,12060,36,36,0
5113,12061,50,50,0
5113,12062,10,10,0
5113,12063,32,22,10
5113,12064,30,30,0
5113,12065,45,45,0
5113,12066,26,26,0
5113,12067,32,32,0
5113,12068,19,19,0
5113,12069,53,43,10
5113,12070,0,0,0
5113,12071,23,23,0
5113,12072,38,38,0
5113,12073,17,17,0
5113,13003,28,28,0
5113,13004,12,12,0
5113,13071,14,14,0
5113,13072,34,34,0
5113,13073,31,13,18
5113,13074,28,28,0
5113,13075,29,29,0
5113,13076,23,23,0
5113,14511,49,32,17
5113,14521,24,24,0
5113,14522,22,22,0
5113,14523,12,12,0
5113,14524,32,32,0
5113,14612,115,74,41
5113,14625,101,101,0
5113,14626,22,22,0
5113,14627,22,22,0
5113,14628,34,34,0
5113,14713,193,128,65
5113,14729,36,36,0
5113,14730,16,16,0
5113,15001,14,14,0
5113,15002,43,31,12
5113,15003,55,33,22
5113,15081,0,0,0
5113,15082,33,33,0
5113,15083,20,20,0
5113,15084,32,32,0
5113,15085,77,77,0
5113,15086,0,0,0
5113,15087,27,27,0
5113,15088,37,37,0
5113,15089,27,27,0
5113,15090,17,17,0
5113,15091,28,28,0
5113,16051,72,53,19
5113,16052,25,25,0
5113,16053,23,10,13
5113,16054,0,0,0
5113,16055,12,12,0
5113,16056,0,0,0
5113,16061,11,11,0
5113,16062,0,0,0
5113,16063,22,22,0
5113,16064,12,12,0
5113,16065,15,15,0
5113,16066,0,0,0
5113,16067,28,28,0
5113,16068,10,10,0
5113,16069,0,0,0
5113,16070,31,21,10
5113,16071,13,13,0
5113,16072,0,0,0
5113,16073,0,0,0
5113,16074,0,0,0
5113,16075,0,0,0
5113,16076,13,13,0
5113,16077,0,0,0
5114,1001,0,0,0
5114,1002,33,11,22
5114,1003,23,0,23
5114,1004,0,0,0
5114,1051,0,0,0
5114,1053,11,11,0
5114,1054,0,0,0
5114,1055,0,0,0
5114,1056,42,18,24
5114,1057,0,0,0
5114,1058,0,0,0
5114,1059,0,0,0
5114,1060,82,72,10
5114,1061,117,117,0
5114,1062,19,0,19
5114,2000,368,134,234
5114,3101,0,0,0
5114,3102,10,10,0
5114,3103,0,0,0
5114,3151,0,0,0
5114,3153,0,0,0
5114,3154,0,0,0
5114,3155,0,0,0
5114,3157,0,0,0
5114,3158,0,0,0
5114,3159,11,11,0
5114,3241,194,128,66
5114,3251,12,0,12
5114,3252,0,0,0
5114,3254,26,14,12
5114,3255,0,0,0
5114,3256,11,11,0
5114,3257,16,16,0
5114,3351,17,17,0
5114,3352,13,13,0
5114,3353,15,15,0
5114,3354,0,0,0
5114,3355,0,0,0
5114,3356,0,0,0
5114,3357,0,0,0
5114,3358,0,0,0
5114,3359,10,10,0
5114,3360,0,0,0
5114,3361,0,0,0
5114,3401,0,0,0
5114,3402,0,0,0
5114,3403,0,0,0
5114,3404,37,12,25
5114,3405,10,0,10
5114,3451,10,0,10
5114,3452,10,0,10
5114,3453,324,324,0
5114,3454,52,31,21
5114,3455,0,0,0
5114,3456,20,10,10
5114,3457,0,0,0
5114,3458,417,417,0
5114,3459,132,115,17
5114,3460,36,36,0
5114,3461,0,0,0
5114,3462,0,0,0
5114,4011,64,29,35
5114,4012,0,0,0
5114,5111,11815,3021,8794
5114,5112,9477,6254,3223
5114,5113,2178,1087,1091
5114,5114,0,0,0
5114,5116,4790,2512,2278
5114,5117,1008,634,374
5114,5119,986,645,341
5114,5120,85,38,47
5114,5122,186,126,60
5114,5124,424,244,180
5114,5154,4151,3342,809
5114,5158,2690,1222,1468
5114,5162,7959,3827,4132
5114,5166,20015,12276,7739
5114,5170,7638,5686,1952
5114,5314,190,67,123
5114,5315,1905,607,1298
5114,5316,649,208,441
5114,5334,454,196,258
5114,5358,272,117,155
5114,5362,530,246,284
5114,5366,135,90,45
5114,5370,848,613,235
5114,5374,75,48,27
5114,5378,191,131,60
5114,5382,208,135,73
5114,5512,229,182,47
5114,5513,408,272,136
5114,5515,172,105,67
5114,5554,233,153,80
5114,5558,100,79,21
5114,5562,572,389,183
5114,5566,116,92,24
5114,5570,195,179,16
5114,5711,52,21,31
5114,5754,83,35,48
5114,5758,17,17,0
5114,5762,10,10,0
5114,5766,33,23,10
5114,5770,317,317,0
5114,5774,100,27,73
5114,5911,464,257,207
5114,5913,431,187,244
5114,5914,71,33,38
5114,5915,165,154,11
5114,5916,130,92,38
5114,5954,228,129,99
5114,5958,58,38,20
5114,5962,82,39,43
5114,5966,0,0,0
5114,5970,81,46,35
5114,5974,63,35,28
5114,5978,159,95,64
5114,6411,0,0,0
5114,6412,307,29,278
5114,6413,0,0,0
5114,6414,47,19,28
5114,6431,17,17,0
5114,6432,16,16,0
5114,6433,30,13,17
5114,6434,44,0,44
5114,6435,57,27,30
5114,6436,55,10,45
5114,6437,0,0,0
5114,6438,63,26,37
5114,6439,13,13,0
5114,6440,14,14,0
5114,6531,32,14,18
5114,6532,37,18,19
5114,6533,19,0,19
5114,6534,10,10,0
5114,6535,0,0,0
5114,6611,37,12,25
5114,6631,15,15,0
5114,6632,30,30,0
5114,6633,0,0,0
5114,6634,12,12,0
5114,6635,0,0,0
5114,6636,0,0,0
5114,7111,17,0,17
5114,7131,34,23,11
5114,7132,15,15,0
5114,7133,35,11,24
5114,7134,0,0,0
5114,7135,0,0,0
5114,7137,18,18,0
5114,7138,32,15,17
5114,7140,0,0,0
5114,7141,10,10,0
5114,7143,16,0,16
5114,7211,0,0,0
5114,7231,0,0,0
5114,7232,0,0,0
5114,7233,0,0,0
5114,7235,0,0,0
5114,7311,0,0,0
5114,7312,13,13,0
5114,7313,0,0,0
5114,7314,62,62,0
5114,7315,29,13,16
5114,7316,0,0,0
5114,7317,0,0,0
5114,7318,0,0,0
5114,7319,0,0,0
5114,7320,0,0,0
5114,7331,0,0,0
5114,7332,17,17,0
5114,7333,0,0,0
5114,7334,0,0,0
5114,7335,0,0,0
5114,7336,0,0,0
5114,7337,0,0,0
5114,7338,14,14,0
5114,7339,13,0,13
5114,7340,0,0,0
5114,8111,65,23,42
5114,8115,33,13,20
5114,8116,40,14,26
5114,8117,0,0,0
5114,8118,64,34,30
5114,8119,21,10,11
5114,8121,0,0,0
5114,8125,29,12,17
5114,8126,14,0,14
5114,8127,218,218,0
5114,8128,0,0,0
5114,8135,0,0,0
5114,8136,0,0,0
5114,8211,0,0,0
5114,8212,50,10,40
5114,8215,32,17,15
5114,8216,21,11,10
5114,8221,0,0,0
5114,8222,64,34,30
5114,8225,0,0,0
5114,8226,52,35,17
5114,8231,11,0,11
5114,8235,0,0,0
5114,8236,0,0,0
5114,8237,0,0,0
5114,8311,0,0,0
5114,8315,17,17,0
5114,8316,0,0,0
5114,8317,17,17,0
5114,8325,0,0,0
5114,8326,0,0,0
5114,8327,0,0,0
5114,8335,10,0,10
5114,8336,12,12,0
5114,8337,0,0,0
5114,8415,0,0,0
5114,8416,0,0,0
5114,8417,0,0,0
5114,8421,12,0,12
5114,8425,0,0,0
5114,8426,0,0,0
5114,8435,0,0,0
5114,8436,0,0,0
5114,8437,0,0,0
5114,9161,0,0,0
5114,9162,254,56,198
5114,9163,0,0,0
5114,9171,0,0,0
5114,9172,0,0,0
5114,9173,0,0,0
5114,9174,17,17,0
5114,9175,0,0,0
5114,9176,0,0,0
5114,9177,0,0,0
5114,9178,22,0,22
5114,9179,12,0,12
5114,9180,0,0,0
5114,9181,0,0,0
5114,9182,0,0,0
5114,9183,86,86,0
5114,9184,80,15,65
5114,9185,0,0,0
5114,9186,11,0,11
5114,9187,10,10,0
5114,9188,10,10,0
5114,9189,0,0,0
5114,9190,0,0,0
5114,9261,63,63,0
5114,9262,0,0,0
5114,9263,0,0,0
5114,9271,0,0,0
5114,9272,0,0,0
5114,9273,11,11,0
5114,9274,94,94,0
5114,9275,122,122,0
5114,9276,0,0,0
5114,9277,0,0,0
5114,9278,0,0,0
5114,9279,0,0,0
5114,9361,0,0,0
5114,9362,0,0,0
5114,9363,0,0,0
5114,9371,0,0,0
5114,9372,0,0,0
5114,9373,0,0,0
5114,9374,0,0,0
5114,9375,0,0,0
5114,9376,0,0,0
5114,9377,0,0,0
5114,9461,10,10,0
5114,9462,0,0,0
5114,9463,0,0,0
5114,9464,0,0,0
5114,9471,29,29,0
5114,9472,0,0,0
5114,9473,0,0,0
5114,9474,0,0,0
5114,9475,12,0,12
5114,9476,0,0,0
5114,9477,0,0,0
5114,9478,0,0,0
5114,9479,0,0,0
5114,9561,0,0,0
5114,9562,13,0,13
5114,9563,0,0,0
5114,9564,52,17,35
5114,9565,0,0,0
5114,9571,18,18,0
5114,9572,0,0,0
5114,9573,0,0,0
5114,9574,0,0,0
5114,9575,0,0,0
5114,9576,0,0,0
5114,9577,0,0,0
5114,9661,0,0,0
5114,9662,14,14,0
5114,9663,23,10,13
5114,9671,15,15,0
5114,9672,0,0,0
5114,9673,0,0,0
5114,9674,0,0,0
5114,9675,0,0,0
5114,9676,0,0,0
5114,9677,0,0,0
5114,9678,0,0,0
5114,9679,22,11,11
5114,9761,22,12,10
5114,9762,0,0,0
5114,9763,0,0,0
5114,9764,0,0,0
5114,9771,0,0,0
5114,9772,11,11,0
5114,9773,0,0,0
5114,9774,0,0,0
5114,9775,16,0,16
5114,9776,0,0,0
5114,9777,10,10,0
5114,9778,0,0,0
5114,9779,0,0,0
5114,9780,0,0,0
5114,10041,36,20,16
5114,10042,0,0,0
5114,10043,0,0,0
5114,10044,0,0,0
5114,10045,0,0,0
5114,10046,0,0,0
5114,11000,523,128,395
5114,12051,0,0,0
5114,12052,0,0,0
5114,12053,0,0,0
5114,12054,20,10,10
5114,12060,0,0,0
5114,12061,0,0,0
5114,12062,0,0,0
5114,12063,0,0,0
5114,12064,10,10,0
5114,12065,10,10,0
5114,12066,0,0,0
5114,12067,0,0,0
5114,12068,0,0,0
5114,12069,33,10,23
5114,12070,181,181,0
5114,12071,0,0,0
5114,12072,0,0,0
5114,12073,0,0,0
5114,13003,0,0,0
5114,13004,0,0,0
5114,13071,12,12,0
5114,13072,0,0,0
5114,13073,0,0,0
5114,13074,0,0,0
5114,13075,24,24,0
5114,13076,12,12,0
5114,14511,31,0,31
5114,14521,0,0,0
5114,14522,13,13,0
5114,14523,0,0,0
5114,14524,11,11,0
5114,14612,19,19,0
5114,14625,15,15,0
5114,14626,0,0,0
5114,14627,12,12,0
5114,14628,11,11,0
5114,14713,62,26,36
5114,14729,10,10,0
5114,14730,0,0,0
5114,15001,0,0,0
5114,15002,0,0,0
5114,15003,10,10,0
5114,15081,0,0,0
5114,15082,0,0,0
5114,15083,0,0,0
5114,15084,16,16,0
5114,15085,0,0,0
5114,15086,0,0,0
5114,15087,0,0,0
5114,15088,0,0,0
5114,15089,18,18,0
5114,15090,0,0,0
5114,15091,0,0,0
5114,16051,0,0,0
5114,16052,0,0,0
5114,16053,0,0,0
5114,16054,0,0,0
5114,16055,0,0,0
5114,16056,0,0,0
5114,16061,0,0,0
5114,16062,0,0,0
5114,16063,17,17,0
5114,16064,0,0,0
5114,16065,0,0,0
5114,16066,0,0,0
5114,16067,0,0,0
5114,16068,13,13,0
5114,16069,0,0,0
5114,16070,0,0,0
5114,16071,0,0,0
5114,16072,0,0,0
5114,16073,0,0,0
5114,16074,0,0,0
5114,16075,0,0,0
5114,16076,0,0,0
5114,16077,10,10,0
5116,1001,0,0,0
5116,1002,13,0,13
5116,1003,19,0,19
5116,1004,10,10,0
5116,1051,0,0,0
5116,1053,20,20,0
5116,1054,0,0,0
5116,1055,0,0,0
5116,1056,16,16,0
5116,1057,0,0,0
5116,1058,10,0,10
5116,1059,0,0,0
5116,1060,43,27,16
5116,1061,0,0,0
5116,1062,38,24,14
5116,2000,491,223,268
5116,3101,15,15,0
5116,3102,0,0,0
5116,3103,21,10,11
5116,3151,0,0,0
5116,3153,0,0,0
5116,3154,0,0,0
5116,3155,0,0,0
5116,3157,23,11,12
5116,3158,0,0,0
5116,3159,0,0,0
5116,3241,412,83,329
5116,3251,0,0,0
5116,3252,15,15,0
5116,3254,16,16,0
5116,3255,0,0,0
5116,3256,0,0,0
5116,3257,0,0,0
5116,3351,11,11,0
5116,3352,0,0,0
5116,3353,14,14,0
5116,3354,0,0,0
5116,3355,21,21,0
5116,3356,0,0,0
5116,3357,0,0,0
5116,3358,0,0,0
5116,3359,10,10,0
5116,3360,0,0,0
5116,3361,0,0,0
5116,3401,0,0,0
5116,3402,0,0,0
5116,3403,0,0,0
5116,3404,20,0,20
5116,3405,0,0,0
5116,3451,11,11,0
5116,3452,14,0,14
5116,3453,0,0,0
5116,3454,46,15,31
5116,3455,0,0,0
5116,3456,0,0,0
5116,3457,14,14,0
5116,3458,0,0,0
5116,3459,23,11,12
5116,3460,0,0,0
5116,3461,0,0,0
5116,3462,0,0,0
5116,4011,51,22,29
5116,4012,0,0,0
5116,5111,10310,2389,7921
5116,5112,1263,730,533
5116,5113,713,337,376
5116,5114,4790,2278,2512
5116,5116,0,0,0
5116,5117,284,146,138
5116,5119,280,158,122
5116,5120,84,34,50
5116,5122,171,89,82
5116,5124,444,228,216
5116,5154,872,558,314
5116,5158,1994,810,1184
5116,5162,16585,8231,8354
5116,5166,19292,11711,7581
5116,5170,871,578,293
5116,5314,225,65,160
5116,5315,2551,820,1731
5116,5316,247,138,109
5116,5334,1836,933,903
5116,5358,1304,796,508
5116,5362,1532,828,704
5116,5366,172,133,39
5116,5370,11352,8216,3136
5116,5374,82,42,40
5116,5378,178,101,77
5116,5382,258,157,101
5116,5512,58,35,23
5116,5513,211,99,112
5116,5515,95,36,59
5116,5554,99,48,51
5116,5558,43,28,15
5116,5562,215,140,75
5116,5566,68,37,31
5116,5570,37,27,10
5116,5711,79,36,43
5116,5754,75,41,34
5116,5758,30,20,10
5116,5762,0,0,0
5116,5766,57,38,19
5116,5770,50,27,23
5116,5774,91,61,30
5116,5911,196,114,82
5116,5913,277,134,143
5116,5914,48,28,20
5116,5915,21,21,0
5116,5916,40,24,16
5116,5954,102,44,58
5116,5958,36,15,21
5116,5962,137,39,98
5116,5966,23,23,0
5116,5970,99,20,79
5116,5974,34,19,15
5116,5978,91,43,48
5116,6411,24,10,14
5116,6412,500,67,433
5116,6413,12,0,12
5116,6414,39,13,26
5116,6431,12,0,12
5116,6432,37,20,17
5116,6433,76,58,18
5116,6434,57,15,42
5116,6435,61,24,37
5116,6436,67,22,45
5116,6437,0,0,0
5116,6438,95,45,50
5116,6439,10,0,10
5116,6440,44,19,25
5116,6531,14,14,0
5116,6532,0,0,0
5116,6533,10,10,0
5116,6534,0,0,0
5116,6535,0,0,0
5116,6611,11,0,11
5116,6631,0,0,0
5116,6632,0,0,0
5116,6633,10,10,0
5116,6634,0,0,0
5116,6635,0,0,0
5116,6636,0,0,0
5116,7111,31,13,18
5116,7131,26,13,13
5116,7132,25,12,13
5116,7133,12,0,12
5116,7134,0,0,0
5116,7135,0,0,0
5116,7137,31,15,16
5116,7138,35,20,15
5116,7140,15,15,0
5116,7141,0,0,0
5116,7143,47,17,30
5116,7211,14,14,0
5116,7231,0,0,0
5116,7232,0,0,0
5116,7233,0,0,0
5116,7235,0,0,0
5116,7311,0,0,0
5116,7312,0,0,0
5116,7313,0,0,0
5116,7314,28,18,10
5116,7315,26,14,12
5116,7316,0,0,0
5116,7317,0,0,0
5116,7318,0,0,0
5116,7319,0,0,0
5116,7320,0,0,0
5116,7331,17,17,0
5116,7332,21,21,0
5116,7333,0,0,0
5116,7334,0,0,0
5116,7335,0,0,0
5116,7336,0,0,0
5116,7337,0,0,0
5116,7338,0,0,0
5116,7339,31,18,13
5116,7340,0,0,0
5116,8111,78,31,47
5116,8115,37,27,10
5116,8116,55,36,19
5116,8117,0,0,0
5116,8118,62,34,28
5116,8119,64,38,26
5116,8121,0,0,0
5116,8125,15,0,15
5116,8126,10,0,10
5116,8127,0,0,0
5116,8128,74,74,0
5116,8135,11,0,11
5116,8136,22,22,0
5116,8211,0,0,0
5116,8212,17,0,17
5116,8215,36,21,15
5116,8216,10,0,10
5116,8221,0,0,0
5116,8222,42,15,27
5116,8225,0,0,0
5116,8226,41,23,18
5116,8231,0,0,0
5116,8235,0,0,0
5116,8236,11,11,0
5116,8237,0,0,0
5116,8311,14,14,0
5116,8315,0,0,0
5116,8316,0,0,0
5116,8317,29,15,14
5116,8325,0,0,0
5116,8326,10,10,0
5116,8327,0,0,0
5116,8335,14,14,0
5116,8336,23,0,23
5116,8337,0,0,0
5116,8415,31,12,19
5116,8416,10,10,0
5116,8417,10,10,0
5116,8421,13,0,13
5116,8425,0,0,0
5116,8426,0,0,0
5116,8435,0,0,0
5116,8436,16,0,16
5116,8437,0,0,0
5116,9161,0,0,0
5116,9162,286,93,193
5116,9163,0,0,0
5116,9171,0,0,0
5116,9172,0,0,0
5116,9173,0,0,0
5116,9174,17,17,0
5116,9175,11,11,0
5116,9176,0,0,0
5116,9177,21,21,0
5116,9178,74,46,28
5116,9179,32,21,11
5116,9180,0,0,0
5116,9181,11,11,0
5116,9182,0,0,0
5116,9183,0,0,0
5116,9184,92,19,73
5116,9185,0,0,0
5116,9186,12,12,0
5116,9187,13,13,0
5116,9188,0,0,0
5116,9189,0,0,0
5116,9190,0,0,0
5116,9261,0,0,0
5116,9262,0,0,0
5116,9263,0,0,0
5116,9271,0,0,0
5116,9272,0,0,0
5116,9273,0,0,0
5116,9274,11,11,0
5116,9275,0,0,0
5116,9276,0,0,0
5116,9277,0,0,0
5116,9278,0,0,0
5116,9279,0,0,0
5116,9361,0,0,0
5116,9362,24,0,24
5116,9363,0,0,0
5116,9371,0,0,0
5116,9372,0,0,0
5116,9373,0,0,0
5116,9374,0,0,0
5116,9375,0,0,0
5116,9376,0,0,0
5116,9377,0,0,0
5116,9461,0,0,0
5116,9462,0,0,0
5116,9463,0,0,0
5116,9464,0,0,0
5116,9471,0,0,0
5116,9472,0,0,0
5116,9473,0,0,0
5116,9474,0,0,0
5116,9475,24,0,24
5116,9476,0,0,0
5116,9477,0,0,0
5116,9478,0,0,0
5116,9479,0,0,0
5116,9561,0,0,0
5116,9562,0,0,0
5116,9563,0,0,0
5116,9564,64,19,45
5116,9565,0,0,0
5116,9571,0,0,0
5116,9572,0,0,0
5116,9573,0,0,0
5116,9574,0,0,0
5116,9575,0,0,0
5116,9576,0,0,0
5116,9577,0,0,0
5116,9661,0,0,0
5116,9662,0,0,0
5116,9663,10,10,0
5116,9671,10,10,0
5116,9672,0,0,0
5116,9673,0,0,0
5116,9674,0,0,0
5116,9675,0,0,0
5116,9676,0,0,0
5116,9677,0,0,0
5116,9678,0,0,0
5116,9679,24,24,0
5116,9761,17,17,0
5116,9762,0,0,0
5116,9763,0,0,0
5116,9764,0,0,0
5116,9771,0,0,0
5116,9772,23,13,10
5116,9773,0,0,0
5116,9774,0,0,0
5116,9775,18,0,18
5116,9776,0,0,0
5116,9777,0,0,0
5116,9778,0,0,0
5116,9779,0,0,0
5116,9780,0,0,0
5116,10041,30,12,18
5116,10042,0,0,0
5116,10043,10,0,10
5116,10044,0,0,0
5116,10045,0,0,0
5116,10046,0,0,0
5116,11000,345,119,226
5116,12051,0,0,0
5116,12052,0,0,0
5116,12053,0,0,0
5116,12054,10,0,10
5116,12060,0,0,0
5116,12061,10,10,0
5116,12062,0,0,0
5116,12063,0,0,0
5116,12064,0,0,0
5116,12065,0,0,0
5116,12066,0,0,0
5116,12067,0,0,0
5116,12068,0,0,0
5116,12069,11,11,0
5116,12070,0,0,0
5116,12071,0,0,0
5116,12072,0,0,0
5116,12073,0,0,0
5116,13003,11,11,0
5116,13004,0,0,0
5116,13071,0,0,0
5116,13072,0,0,0
5116,13073,0,0,0
5116,13074,0,0,0
5116,13075,0,0,0
5116,13076,0,0,0
5116,14511,10,0,10
5116,14521,0,0,0
5116,14522,13,13,0
5116,14523,0,0,0
5116,14524,0,0,0
5116,14612,11,0,11
5116,14625,0,0,0
5116,14626,0,0,0
5116,14627,0,0,0
5116,14628,0,0,0
5116,14713,36,24,12
5116,14729,0,0,0
5116,14730,0,0,0
5116,15001,0,0,0
5116,15002,0,0,0
5116,15003,12,12,0
5116,15081,18,18,0
5116,15082,0,0,0
5116,15083,39,39,0
5116,15084,0,0,0
5116,15085,11,11,0
5116,15086,0,0,0
5116,15087,0,0,0
5116,15088,0,0,0
5116,15089,0,0,0
5116,15090,0,0,0
5116,15091,0,0,0
5116,16051,14,14,0
5116,16052,0,0,0
5116,16053,0,0,0
5116,16054,0,0,0
5116,16055,0,0,0
5116,16056,0,0,0
5116,16061,0,0,0
5116,16062,0,0,0
5116,16063,0,0,0
5116,16064,0,0,0
5116,16065,0,0,0
5116,16066,0,0,0
5116,16067,0,0,0
5116,16068,0,0,0
5116,16069,0,0,0
5116,16070,0,0,0
5116,16071,0,0,0
5116,16072,0,0,0
5116,16073,0,0,0
5116,16074,0,0,0
5116,16075,0,0,0
5116,16076,0,0,0
5116,16077,0,0,0
5117,1001,0,0,0
5117,1002,0,0,0
5117,1003,0,0,0
5117,1004,0,0,0
5117,1051,0,0,0
5117,1053,0,0,0
5117,1054,0,0,0
5117,1055,0,0,0
5117,1056,0,0,0
5117,1057,0,0,0
5117,1058,0,0,0
5117,1059,0,0,0
5117,1060,0,0,0
5117,1061,0,0,0
5117,1062,14,0,14
5117,2000,168,51,117
5117,3101,17,0,17
5117,3102,0,0,0
5117,3103,12,0,12
5117,3151,0,0,0
5117,3153,0,0,0
5117,3154,0,0,0
5117,3155,0,0,0
5117,3157,0,0,0
5117,3158,0,0,0
5117,3159,0,0,0
5117,3241,89,30,59
5117,3251,11,11,0
5117,3252,0,0,0
5117,3254,10,10,0
5117,3255,0,0,0
5117,3256,0,0,0
5117,3257,10,10,0
5117,3351,0,0,0
5117,3352,0,0,0
5117,3353,14,14,0
5117,3354,11,11,0
5117,3355,0,0,0
5117,3356,0,0,0
5117,3357,0,0,0
5117,3358,0,0,0
5117,3359,0,0,0
5117,3360,0,0,0
5117,3361,0,0,0
5117,3401,0,0,0
5117,3402,0,0,0
5117,3403,0,0,0
5117,3404,31,14,17
5117,3405,13,13,0
5117,3451,0,0,0
5117,3452,11,11,0
5117,3453,0,0,0
5117,3454,44,22,22
5117,3455,0,0,0
5117,3456,12,12,0
5117,3457,10,10,0
5117,3458,0,0,0
5117,3459,43,32,11
5117,3460,0,0,0
5117,3461,0,0,0
5117,3462,0,0,0
5117,4011,58,25,33
5117,4012,29,29,0
5117,5111,6330,1424,4906
5117,5112,10514,5214,5300
5117,5113,17946,7701,10245
5117,5114,1008,374,634
5117,5116,284,138,146
5117,5117,0,0,0
5117,5119,9572,6137,3435
5117,5120,78,29,49
5117,5122,172,105,67
5117,5124,441,202,239
5117,5154,518,393,125
5117,5158,3771,1387,2384
5117,5162,794,393,401
5117,5166,525,308,217
5117,5170,3583,2549,1034
5117,5314,112,25,87
5117,5315,915,285,630
5117,5316,163,64,99
5117,5334,123,59,64
5117,5358,50,32,18
5117,5362,192,83,109
5117,5366,17,17,0
5117,5370,67,52,15
5117,5374,71,34,37
5117,5378,148,93,55
5117,5382,121,65,56
5117,5512,1323,976,347
5117,5513,1467,943,524
5117,5515,111,40,71
5117,5554,307,207,100
5117,5558,97,67,30
5117,5562,1750,1253,497
5117,5566,102,31,71
5117,5570,55,34,21
5117,5711,53,20,33
5117,5754,57,18,39
5117,5758,11,0,11
5117,5762,0,0,0
5117,5766,15,0,15
5117,5770,36,16,20
5117,5774,25,25,0
5117,5911,1817,997,820
5117,5913,1111,433,678
5117,5914,111,48,63
5117,5915,66,38,28
5117,5916,550,398,152
5117,5954,539,340,199
5117,5958,42,16,26
5117,5962,113,62,51
5117,5966,0,0,0
5117,5970,17,0,17
5117,5974,43,22,21
5117,5978,264,167,97
5117,6411,17,0,17
5117,6412,266,60,206
5117,6413,16,0,16
5117,6414,30,10,20
5117,6431,14,0,14
5117,6432,11,0,11
5117,6433,15,0,15
5117,6434,31,0,31
5117,6435,25,10,15
5117,6436,41,10,31
5117,6437,0,0,0
5117,6438,52,18,34
5117,6439,11,11,0
5117,6440,25,10,15
5117,6531,14,14,0
5117,6532,10,0,10
5117,6533,15,15,0
5117,6534,0,0,0
5117,6535,0,0,0
5117,6611,11,0,11
5117,6631,0,0,0
5117,6632,0,0,0
5117,6633,0,0,0
5117,6634,0,0,0
5117,6635,0,0,0
5117,6636,0,0,0
5117,7111,0,0,0
5117,7131,0,0,0
5117,7132,0,0,0
5117,7133,13,13,0
5117,7134,0,0,0
5117,7135,0,0,0
5117,7137,12,12,0
5117,7138,15,15,0
5117,7140,0,0,0
5117,7141,21,11,10
5117,7143,14,14,0
5117,7211,0,0,0
5117,7231,0,0,0
5117,7232,0,0,0
5117,7233,0,0,0
5117,7235,0,0,0
5117,7311,0,0,0
5117,7312,0,0,0
5117,7313,0,0,0
5117,7314,23,23,0
5117,7315,0,0,0
5117,7316,0,0,0
5117,7317,0,0,0
5117,7318,0,0,0
5117,7319,0,0,0
5117,7320,0,0,0
5117,7331,0,0,0
5117,7332,0,0,0
5117,7333,0,0,0
5117,7334,0,0,0
5117,7335,0,0,0
5117,7336,0,0,0
5117,7337,0,0,0
5117,7338,0,0,0
5117,7339,11,11,0
5117,7340,0,0,0
5117,8111,72,27,45
5117,8115,33,18,15
5117,8116,42,21,21
5117,8117,0,0,0
5117,8118,39,16,23
5117,8119,15,15,0
5117,8121,0,0,0
5117,8125,10,0,10
5117,8126,11,0,11
5117,8127,0,0,0
5117,8128,0,0,0
5117,8135,0,0,0
5117,8136,0,0,0
5117,8211,0,0,0
5117,8212,20,0,20
5117,8215,25,0,25
5117,8216,0,0,0
5117,8221,0,0,0
5117,8222,74,38,36
5117,8225,0,0,0
5117,8226,55,26,29
5117,8231,0,0,0
5117,8235,0,0,0
5117,8236,0,0,0
5117,8237,0,0,0
5117,8311,11,0,11
5117,8315,0,0,0
5117,8316,0,0,0
5117,8317,13,13,0
5117,8325,0,0,0
5117,8326,14,14,0
5117,8327,0,0,0
5117,8335,0,0,0
5117,8336,0,0,0
5117,8337,0,0,0
5117,8415,0,0,0
5117,8416,0,0,0
5117,8417,0,0,0
5117,8421,0,0,0
5117,8425,0,0,0
5117,8426,0,0,0
5117,8435,0,0,0
5117,8436,0,0,0
5117,8437,0,0,0
5117,9161,0,0,0
5117,9162,221,47,174
5117,9163,0,0,0
5117,9171,0,0,0
5117,9172,0,0,0
5117,9173,0,0,0
5117,9174,0,0,0
5117,9175,0,0,0
5117,9176,0,0,0
5117,9177,0,0,0
5117,9178,13,0,13
5117,9179,0,0,0
5117,9180,0,0,0
5117,9181,0,0,0
5117,9182,0,0,0
5117,9183,0,0,0
5117,9184,72,0,72
5117,9185,0,0,0
5117,9186,0,0,0
5117,9187,0,0,0
5117,9188,0,0,0
5117,9189,0,0,0
5117,9190,0,0,0
5117,9261,0,0,0
5117,9262,0,0,0
5117,9263,0,0,0
5117,9271,0,0,0
5117,9272,0,0,0
5117,9273,0,0,0
5117,9274,0,0,0
5117,9275,0,0,0
5117,9276,0,0,0
5117,9277,0,0,0
5117,9278,0,0,0
5117,9279,0,0,0
5117,9361,0,0,0
5117,9362,29,0,29
5117,9363,0,0,0
5117,9371,0,0,0
5117,9372,0,0,0
5117,9373,0,0,0
5117,9374,0,0,0
5117,9375,0,0,0
5117,9376,0,0,0
5117,9377,0,0,0
5117,9461,0,0,0
5117,9462,0,0,0
5117,9463,0,0,0
5117,9464,0,0,0
5117,9471,0,0,0
5117,9472,0,0,0
5117,9473,0,0,0
5117,9474,0,0,0
5117,9475,0,0,0
5117,9476,0,0,0
5117,9477,0,0,0
5117,9478,0,0,0
5117,9479,0,0,0
5117,9561,0,0,0
5117,9562,22,0,22
5117,9563,0,0,0
5117,9564,27,0,27
5117,9565,0,0,0
5117,9571,0,0,0
5117,9572,0,0,0
5117,9573,0,0,0
5117,9574,0,0,0
5117,9575,0,0,0
5117,9576,0,0,0
5117,9577,0,0,0
5117,9661,0,0,0
5117,9662,0,0,0
5117,9663,0,0,0
5117,9671,0,0,0
5117,9672,0,0,0
5117,9673,0,0,0
5117,9674,0,0,0
5117,9675,0,0,0
5117,9676,10,0,10
5117,9677,0,0,0
5117,9678,0,0,0
5117,9679,0,0,0
5117,9761,11,0,11
5117,9762,0,0,0
5117,9763,0,0,0
5117,9764,0,0,0
5117,9771,0,0,0
5117,9772,15,15,0
5117,9773,0,0,0
5117,9774,0,0,0
5117,9775,0,0,0
5117,9776,0,0,0
5117,9777,0,0,0
5117,9778,0,0,0
5117,9779,0,0,0
5117,9780,0,0,0
5117,10041,16,16,0
5117,10042,0,0,0
5117,10043,0,0,0
5117,10044,15,15,0
5117,10045,0,0,0
5117,10046,0,0,0
5117,11000,368,168,200
5117,12051,0,0,0
5117,12052,0,0,0
5117,12053,0,0,0
5117,12054,0,0,0
5117,12060,18,18,0
5117,12061,0,0,0
5117,12062,0,0,0
5117,12063,0,0,0
5117,12064,0,0,0
5117,12065,0,0,0
5117,12066,0,0,0
5117,12067,10,10,0
5117,12068,0,0,0
5117,12069,13,13,0
5117,12070,0,0,0
5117,12071,10,10,0
5117,12072,0,0,0
5117,12073,80,80,0
5117,13003,0,0,0
5117,13004,0,0,0
5117,13071,0,0,0
5117,13072,0,0,0
5117,13073,0,0,0
5117,13074,0,0,0
5117,13075,13,13,0
5117,13076,0,0,0
5117,14511,0,0,0
5117,14521,0,0,0
5117,14522,0,0,0
5117,14523,0,0,0
5117,14524,0,0,0
5117,14612,12,12,0
5117,14625,15,15,0
5117,14626,0,0,0
5117,14627,0,0,0
5117,14628,0,0,0
5117,14713,23,11,12
5117,14729,0,0,0
5117,14730,0,0,0
5117,15001,0,0,0
5117,15002,0,0,0
5117,15003,0,0,0
5117,15081,14,14,0
5117,15082,0,0,0
5117,15083,0,0,0
5117,15084,0,0,0
5117,15085,0,0,0
5117,15086,0,0,0
5117,15087,0,0,0
5117,15088,0,0,0
5117,15089,0,0,0
5117,15090,0,0,0
5117,15091,0,0,0
5117,16051,11,11,0
5117,16052,0,0,0
5117,16053,0,0,0
5117,16054,0,0,0
5117,16055,0,0,0
5117,16056,0,0,0
5117,16061,14,14,0
5117,16062,0,0,0
5117,16063,0,0,0
5117,16064,0,0,0
5117,16065,0,0,0
5117,16066,0,0,0
5117,16067,0,0,0
5117,16068,0,0,0
5117,16069,0,0,0
5117,16070,0,0,0
5117,16071,0,0,0
5117,16072,0,0,0
5117,16073,0,0,0
5117,16074,0,0,0
5117,16075,0,0,0
5117,16076,0,0,0
5117,16077,0,0,0
5119,1001,0,0,0
5119,1002,15,0,15
5119,1003,0,0,0
5119,1004,0,0,0
5119,1051,0,0,0
5119,1053,0,0,0
5119,1054,0,0,0
5119,1055,0,0,0
5119,1056,10,0,10
5119,1057,0,0,0
5119,1058,0,0,0
5119,1059,0,0,0
5119,1060,0,0,0
5119,1061,0,0,0
5119,1062,0,0,0
5119,2000,296,114,182
5119,3101,0,0,0
5119,3102,0,0,0
5119,3103,10,0,10
5119,3151,0,0,0
5119,3153,14,14,0
5119,3154,0,0,0
5119,3155,0,0,0
5119,3157,0,0,0
5119,3158,0,0,0
5119,3159,28,16,12
5119,3241,109,44,65
5119,3251,24,12,12
5119,3252,11,0,11
5119,3254,0,0,0
5119,3255,0,0,0
5119,3256,0,0,0
5119,3257,0,0,0
5119,3351,0,0,0
5119,3352,0,0,0
5119,3353,17,17,0
5119,3354,0,0,0
5119,3355,0,0,0
5119,3356,0,0,0
5119,3357,0,0,0
5119,3358,0,0,0
5119,3359,0,0,0
5119,3360,0,0,0
5119,3361,0,0,0
5119,3401,0,0,0
5119,3402,0,0,0
5119,3403,0,0,0
5119,3404,61,25,36
5119,3405,0,0,0
5119,3451,0,0,0
5119,3452,0,0,0
5119,3453,0,0,0
5119,3454,94,48,46
5119,3455,0,0,0
5119,3456,24,13,11
5119,3457,13,13,0
5119,3458,0,0,0
5119,3459,65,40,25
5119,3460,0,0,0
5119,3461,0,0,0
5119,3462,0,0,0
5119,4011,115,52,63
5119,4012,0,0,0
5119,5111,5038,749,4289
5119,5112,16341,6961,9380
5119,5113,12114,4431,7683
5119,5114,986,341,645
5119,5116,280,122,158
5119,5117,9572,3435,6137
5119,5119,0,0,0
5119,5120,70,33,37
5119,5122,140,65,75
5119,5124,315,141,174
5119,5154,735,471,264
5119,5158,2098,514,1584
5119,5162,623,230,393
5119,5166,455,237,218
5119,5170,8302,5098,3204
5119,5314,193,103,90
5119,5315,1017,378,639
5119,5316,198,103,95
5119,5334,193,139,54
5119,5358,69,38,31
5119,5362,318,160,158
5119,5366,42,28,14
5119,5370,92,68,24
5119,5374,66,34,32
5119,5378,129,89,40
5119,5382,195,142,53
5119,5512,5461,3054,2407
5119,5513,2550,1337,1213
5119,5515,171,61,110
5119,5554,697,416,281
5119,5558,179,119,60
5119,5562,3603,2226,1377
5119,5566,139,67,72
5119,5570,82,43,39
5119,5711,66,35,31
5119,5754,63,23,40
5119,5758,13,0,13
5119,5762,0,0,0
5119,5766,55,41,14
5119,5770,23,10,13
5119,5774,108,86,22
5119,5911,1593,771,822
5119,5913,1573,721,852
5119,5914,269,173,96
5119,5915,147,101,46
5119,5916,819,464,355
5119,5954,520,312,208
5119,5958,61,42,19
5119,5962,109,59,50
5119,5966,31,31,0
5119,5970,57,36,21
5119,5974,75,47,28
5119,5978,435,256,179
5119,6411,16,0,16
5119,6412,203,28,175
5119,6413,10,10,0
5119,6414,12,0,12
5119,6431,35,21,14
5119,6432,10,10,0
5119,6433,29,10,19
5119,6434,45,12,33
5119,6435,82,54,28
5119,6436,29,0,29
5119,6437,0,0,0
5119,6438,66,19,47
5119,6439,0,0,0
5119,6440,20,20,0
5119,6531,22,12,10
5119,6532,34,34,0
5119,6533,0,0,0
5119,6534,12,12,0
5119,6535,0,0,0
5119,6611,25,25,0
5119,6631,0,0,0
5119,6632,0,0,0
5119,6633,19,19,0
5119,6634,10,0,10
5119,6635,13,13,0
5119,6636,0,0,0
5119,7111,11,0,11
5119,7131,23,23,0
5119,7132,23,13,10
5119,7133,12,12,0
5119,7134,0,0,0
5119,7135,0,0,0
5119,7137,20,20,0
5119,7138,26,11,15
5119,7140,0,0,0
5119,7141,0,0,0
5119,7143,28,11,17
5119,7211,0,0,0
5119,7231,10,10,0
5119,7232,13,13,0
5119,7233,11,11,0
5119,7235,0,0,0
5119,7311,0,0,0
5119,7312,0,0,0
5119,7313,0,0,0
5119,7314,10,10,0
5119,7315,0,0,0
5119,7316,0,0,0
5119,7317,0,0,0
5119,7318,0,0,0
5119,7319,10,10,0
5119,7320,0,0,0
5119,7331,17,17,0
5119,7332,0,0,0
5119,7333,0,0,0
5119,7334,0,0,0
5119,7335,0,0,0
5119,7336,0,0,0
5119,7337,0,0,0
5119,7338,0,0,0
5119,7339,0,0,0
5119,7340,0,0,0
5119,8111,91,20,71
5119,8115,49,38,11
5119,8116,48,18,30
5119,8117,0,0,0
5119,8118,49,18,31
5119,8119,0,0,0
5119,8121,0,0,0
5119,8125,21,11,10
5119,8126,15,0,15
5119,8127,0,0,0
5119,8128,0,0,0
5119,8135,0,0,0
5119,8136,0,0,0
5119,8211,0,0,0
5119,8212,42,11,31
5119,8215,40,14,26
5119,8216,0,0,0
5119,8221,11,0,11
5119,8222,59,18,41
5119,8225,0,0,0
5119,8226,49,16,33
5119,8231,0,0,0
5119,8235,0,0,0
5119,8236,0,0,0
5119,8237,0,0,0
5119,8311,0,0,0
5119,8315,0,0,0
5119,8316,0,0,0
5119,8317,13,13,0
5119,8325,0,0,0
5119,8326,16,16,0
5119,8327,0,0,0
5119,8335,10,10,0
5119,8336,0,0,0
5119,8337,0,0,0
5119,8415,44,34,10
5119,8416,0,0,0
5119,8417,0,0,0
5119,8421,0,0,0
5119,8425,0,0,0
5119,8426,0,0,0
5119,8435,0,0,0
5119,8436,0,0,0
5119,8437,0,0,0
5119,9161,0,0,0
5119,9162,255,111,144
5119,9163,0,0,0
5119,9171,0,0,0
5119,9172,0,0,0
5119,9173,0,0,0
5119,9174,0,0,0
5119,9175,0,0,0
5119,9176,0,0,0
5119,9177,0,0,0
5119,9178,0,0,0
5119,9179,0,0,0
5119,9180,0,0,0
5119,9181,0,0,0
5119,9182,0,0,0
5119,9183,0,0,0
5119,9184,61,22,39
5119,9185,0,0,0
5119,9186,0,0,0
5119,9187,0,0,0
5119,9188,0,0,0
5119,9189,0,0,0
5119,9190,0,0,0
5119,9261,0,0,0
5119,9262,0,0,0
5119,9263,0,0,0
5119,9271,0,0,0
5119,9272,0,0,0
5119,9273,0,0,0
5119,9274,0,0,0
5119,9275,0,0,0
5119,9276,0,0,0
5119,9277,0,0,0
5119,9278,0,0,0
5119,9279,0,0,0
5119,9361,0,0,0
5119,9362,29,0,29
5119,9363,0,0,0
5119,9371,0,0,0
5119,9372,0,0,0
5119,9373,0,0,0
5119,9374,0,0,0
5119,9375,0,0,0
5119,9376,0,0,0
5119,9377,0,0,0
5119,9461,0,0,0
5119,9462,0,0,0
5119,9463,0,0,0
5119,9464,0,0,0
5119,9471,0,0,0
5119,9472,0,0,0
5119,9473,0,0,0
5119,9474,0,0,0
5119,9475,0,0,0
5119,9476,0,0,0
5119,9477,0,0,0
5119,9478,0,0,0
5119,9479,0,0,0
5119,9561,0,0,0
5119,9562,0,0,0
5119,9563,0,0,0
5119,9564,53,22,31
5119,9565,0,0,0
5119,9571,0,0,0
5119,9572,0,0,0
5119,9573,0,0,0
5119,9574,0,0,0
5119,9575,0,0,0
5119,9576,57,57,0
5119,9577,0,0,0
5119,9661,0,0,0
5119,9662,0,0,0
5119,9663,0,0,0
5119,9671,17,17,0
5119,9672,0,0,0
5119,9673,0,0,0
5119,9674,0,0,0
5119,9675,0,0,0
5119,9676,0,0,0
5119,9677,0,0,0
5119,9678,0,0,0
5119,9679,0,0,0
5119,9761,15,0,15
5119,9762,0,0,0
5119,9763,0,0,0
5119,9764,0,0,0
5119,9771,0,0,0
5119,9772,12,12,0
5119,9773,0,0,0
5119,9774,0,0,0
5119,9775,0,0,0
5119,9776,0,0,0
5119,9777,0,0,0
5119,9778,0,0,0
5119,9779,0,0,0
5119,9780,0,0,0
5119,10041,23,10,13
5119,10042,0,0,0
5119,10043,0,0,0
5119,10044,0,0,0
5119,10045,0,0,0
5119,10046,0,0,0
5119,11000,260,114,146
5119,12051,19,19,0
5119,12052,0,0,0
5119,12053,0,0,0
5119,12054,0,0,0
5119,12060,11,0,11
5119,12061,0,0,0
5119,12062,10,10,0
5119,12063,0,0,0
5119,12064,0,0,0
5119,12065,0,0,0
5119,12066,0,0,0
5119,12067,0,0,0
5119,12068,0,0,0
5119,12069,0,0,0
5119,12070,0,0,0
5119,12071,0,0,0
5119,12072,0,0,0
5119,12073,14,14,0
5119,13003,0,0,0
5119,13004,0,0,0
5119,13071,0,0,0
5119,13072,0,0,0
5119,13073,11,0,11
5119,13074,0,0,0
5119,13075,0,0,0
5119,13076,0,0,0
5119,14511,0,0,0
5119,14521,0,0,0
5119,14522,0,0,0
5119,14523,0,0,0
5119,14524,0,0,0
5119,14612,12,12,0
5119,14625,0,0,0
5119,14626,0,0,0
5119,14627,0,0,0
5119,14628,0,0,0
5119,14713,25,13,12
5119,14729,12,12,0
5119,14730,0,0,0
5119,15001,0,0,0
5119,15002,0,0,0
5119,15003,0,0,0
5119,15081,0,0,0
5119,15082,0,0,0
5119,15083,0,0,0
5119,15084,19,19,0
5119,15085,35,35,0
5119,15086,0,0,0
5119,15087,0,0,0
5119,15088,22,12,10
5119,15089,0,0,0
5119,15090,0,0,0
5119,15091,11,11,0
5119,16051,15,15,0
5119,16052,0,0,0
5119,16053,0,0,0
5119,16054,0,0,0
5119,16055,0,0,0
5119,16056,0,0,0
5119,16061,0,0,0
5119,16062,0,0,0
5119,16063,0,0,0
5119,16064,0,0,0
5119,16065,0,0,0
5119,16066,0,0,0
5119,16067,0,0,0
5119,16068,0,0,0
5119,16069,0,0,0
5119,16070,0,0,0
5119,16071,0,0,0
5119,16072,0,0,0
5119,16073,0,0,0
5119,16074,0,0,0
5119,16075,0,0,0
5119,16076,0,0,0
5119,16077,0,0,0
5120,1001,0,0,0
5120,1002,0,0,0
5120,1003,0,0,0
5120,1004,0,0,0
5120,1051,0,0,0
5120,1053,0,0,0
5120,1054,0,0,0
5120,1055,0,0,0
5120,1056,0,0,0
5120,1057,0,0,0
5120,1058,0,0,0
5120,1059,0,0,0
5120,1060,0,0,0
5120,1061,0,0,0
5120,1062,0,0,0
5120,2000,78,15,63
5120,3101,11,11,0
5120,3102,0,0,0
5120,3103,0,0,0
5120,3151,0,0,0
5120,3153,0,0,0
5120,3154,0,0,0
5120,3155,0,0,0
5120,3157,14,14,0
5120,3158,0,0,0
5120,3159,0,0,0
5120,3241,83,50,33
5120,3251,0,0,0
5120,3252,13,13,0
5120,3254,10,10,0
5120,3255,0,0,0
5120,3256,0,0,0
5120,3257,0,0,0
5120,3351,0,0,0
5120,3352,0,0,0
5120,3353,0,0,0
5120,3354,0,0,0
5120,3355,0,0,0
5120,3356,0,0,0
5120,3357,0,0,0
5120,3358,0,0,0
5120,3359,0,0,0
5120,3360,0,0,0
5120,3361,0,0,0
5120,3401,0,0,0
5120,3402,0,0,0
5120,3403,13,13,0
5120,3404,12,12,0
5120,3405,0,0,0
5120,3451,12,12,0
5120,3452,0,0,0
5120,3453,0,0,0
5120,3454,12,12,0
5120,3455,0,0,0
5120,3456,0,0,0
5120,3457,0,0,0
5120,3458,0,0,0
5120,3459,61,50,11
5120,3460,0,0,0
5120,3461,0,0,0
5120,3462,0,0,0
5120,4011,30,17,13
5120,4012,0,0,0
5120,5111,1501,505,996
5120,5112,166,95,71
5120,5113,500,267,233
5120,5114,85,47,38
5120,5116,84,50,34
5120,5117,78,49,29
5120,5119,70,37,33
5120,5120,0,0,0
5120,5122,3510,1657,1853
5120,5124,10300,5355,4945
5120,5154,54,36,18
5120,5158,2035,920,1115
5120,5162,308,132,176
5120,5166,74,44,30
5120,5170,101,57,44
5120,5314,191,76,115
5120,5315,1650,733,917
5120,5316,696,384,312
5120,5334,99,76,23
5120,5358,51,31,20
5120,5362,265,156,109
5120,5366,38,38,0
5120,5370,27,15,12
5120,5374,4966,3133,1833
5120,5378,5715,3358,2357
5120,5382,172,107,65
5120,5512,30,30,0
5120,5513,117,81,36
5120,5515,37,18,19
5120,5554,34,21,13
5120,5558,36,17,19
5120,5562,214,169,45
5120,5566,34,22,12
5120,5570,0,0,0
5120,5711,27,27,0
5120,5754,76,54,22
5120,5758,0,0,0
5120,5762,0,0,0
5120,5766,20,10,10
5120,5770,0,0,0
5120,5774,12,12,0
5120,5911,421,310,111
5120,5913,455,255,200
5120,5914,344,202,142
5120,5915,77,55,22
5120,5916,89,75,14
5120,5954,1719,1080,639
5120,5958,36,18,18
5120,5962,378,238,140
5120,5966,61,19,42
5120,5970,45,27,18
5120,5974,38,28,10
5120,5978,136,97,39
5120,6411,0,0,0
5120,6412,49,0,49
5120,6413,0,0,0
5120,6414,0,0,0
5120,6431,0,0,0
5120,6432,0,0,0
5120,6433,0,0,0
5120,6434,15,0,15
5120,6435,0,0,0
5120,6436,14,0,14
5120,6437,0,0,0
5120,6438,14,0,14
5120,6439,0,0,0
5120,6440,0,0,0
5120,6531,0,0,0
5120,6532,0,0,0
5120,6533,0,0,0
5120,6534,0,0,0
5120,6535,0,0,0
5120,6611,0,0,0
5120,6631,0,0,0
5120,6632,0,0,0
5120,6633,0,0,0
5120,6634,0,0,0
5120,6635,0,0,0
5120,6636,0,0,0
5120,7111,11,0,11
5120,7131,0,0,0
5120,7132,10,10,0
5120,7133,0,0,0
5120,7134,0,0,0
5120,7135,0,0,0
5120,7137,0,0,0
5120,7138,25,15,10
5120,7140,0,0,0
5120,7141,0,0,0
5120,7143,17,17,0
5120,7211,0,0,0
5120,7231,0,0,0
5120,7232,0,0,0
5120,7233,0,0,0
5120,7235,0,0,0
5120,7311,0,0,0
5120,7312,0,0,0
5120,7313,0,0,0
5120,7314,0,0,0
5120,7315,0,0,0
5120,7316,0,0,0
5120,7317,0,0,0
5120,7318,0,0,0
5120,7319,0,0,0
5120,7320,0,0,0
5120,7331,0,0,0
5120,7332,0,0,0
5120,7333,0,0,0
5120,7334,0,0,0
5120,7335,0,0,0
5120,7336,0,0,0
5120,7337,0,0,0
5120,7338,0,0,0
5120,7339,0,0,0
5120,7340,0,0,0
5120,8111,37,19,18
5120,8115,0,0,0
5120,8116,30,17,13
5120,8117,0,0,0
5120,8118,11,0,11
5120,8119,0,0,0
5120,8121,0,0,0
5120,8125,0,0,0
5120,8126,0,0,0
5120,8127,0,0,0
5120,8128,0,0,0
5120,8135,0,0,0
5120,8136,0,0,0
5120,8211,0,0,0
5120,8212,0,0,0
5120,8215,0,0,0
5120,8216,0,0,0
5120,8221,0,0,0
5120,8222,16,0,16
5120,8225,0,0,0
5120,8226,43,33,10
5120,8231,0,0,0
5120,8235,0,0,0
5120,8236,0,0,0
5120,8237,0,0,0
5120,8311,0,0,0
5120,8315,0,0,0
5120,8316,0,0,0
5120,8317,0,0,0
5120,8325,0,0,0
5120,8326,0,0,0
5120,8327,0,0,0
5120,8335,0,0,0
5120,8336,0,0,0
5120,8337,0,0,0
5120,8415,14,14,0
5120,8416,0,0,0
5120,8417,0,0,0
5120,8421,0,0,0
5120,8425,36,36,0
5120,8426,0,0,0
5120,8435,0,0,0
5120,8436,0,0,0
5120,8437,0,0,0
5120,9161,0,0,0
5120,9162,73,29,44
5120,9163,0,0,0
5120,9171,0,0,0
5120,9172,0,0,0
5120,9173,0,0,0
5120,9174,0,0,0
5120,9175,0,0,0
5120,9176,0,0,0
5120,9177,0,0,0
5120,9178,0,0,0
5120,9179,0,0,0
5120,9180,0,0,0
5120,9181,0,0,0
5120,9182,0,0,0
5120,9183,0,0,0
5120,9184,13,0,13
5120,9185,0,0,0
5120,9186,0,0,0
5120,9187,0,0,0
5120,9188,0,0,0
5120,9189,0,0,0
5120,9190,0,0,0
5120,9261,0,0,0
5120,9262,0,0,0
5120,9263,0,0,0
5120,9271,17,17,0
5120,9272,0,0,0
5120,9273,18,18,0
5120,9274,0,0,0
5120,9275,0,0,0
5120,9276,0,0,0
5120,9277,0,0,0
5120,9278,0,0,0
5120,9279,0,0,0
5120,9361,0,0,0
5120,9362,0,0,0
5120,9363,0,0,0
5120,9371,0,0,0
5120,9372,0,0,0
5120,9373,0,0,0
5120,9374,0,0,0
5120,9375,11,11,0
5120,9376,0,0,0
5120,9377,0,0,0
5120,9461,0,0,0
5120,9462,0,0,0
5120,9463,0,0,0
5120,9464,0,0,0
5120,9471,0,0,0
5120,9472,0,0,0
5120,9473,0,0,0
5120,9474,0,0,0
5120,9475,0,0,0
5120,9476,0,0,0
5120,9477,0,0,0
5120,9478,0,0,0
5120,9479,0,0,0
5120,9561,0,0,0
5120,9562,0,0,0
5120,9563,0,0,0
5120,9564,17,17,0
5120,9565,0,0,0
5120,9571,0,0,0
5120,9572,0,0,0
5120,9573,0,0,0
5120,9574,0,0,0
5120,9575,0,0,0
5120,9576,0,0,0
5120,9577,0,0,0
5120,9661,0,0,0
5120,9662,0,0,0
5120,9663,0,0,0
5120,9671,0,0,0
5120,9672,0,0,0
5120,9673,0,0,0
5120,9674,0,0,0
5120,9675,0,0,0
5120,9676,0,0,0
5120,9677,0,0,0
5120,9678,0,0,0
5120,9679,0,0,0
5120,9761,0,0,0
5120,9762,0,0,0
5120,9763,0,0,0
5120,9764,0,0,0
5120,9771,0,0,0
5120,9772,0,0,0
5120,9773,0,0,0
5120,9774,0,0,0
5120,9775,0,0,0
5120,9776,0,0,0
5120,9777,0,0,0
5120,9778,0,0,0
5120,9779,0,0,0
5120,9780,0,0,0
5120,10041,0,0,0
5120,10042,0,0,0
5120,10043,0,0,0
5120,10044,0,0,0
5120,10045,0,0,0
5120,10046,0,0,0
5120,11000,82,38,44
5120,12051,0,0,0
5120,12052,0,0,0
5120,12053,0,0,0
5120,12054,0,0,0
5120,12060,0,0,0
5120,12061,0,0,0
5120,12062,0,0,0
5120,12063,0,0,0
5120,12064,0,0,0
5120,12065,0,0,0
5120,12066,0,0,0
5120,12067,0,0,0
5120,12068,0,0,0
5120,12069,0,0,0
5120,12070,0,0,0
5120,12071,0,0,0
5120,12072,0,0,0
5120,12073,0,0,0
5120,13003,0,0,0
5120,13004,0,0,0
5120,13071,0,0,0
5120,13072,0,0,0
5120,13073,0,0,0
5120,13074,0,0,0
5120,13075,0,0,0
5120,13076,0,0,0
5120,14511,14,14,0
5120,14521,0,0,0
5120,14522,0,0,0
5120,14523,0,0,0
5120,14524,0,0,0
5120,14612,0,0,0
5120,14625,0,0,0
5120,14626,0,0,0
5120,14627,0,0,0
5120,14628,0,0,0
5120,14713,0,0,0
5120,14729,0,0,0
5120,14730,0,0,0
5120,15001,0,0,0
5120,15002,0,0,0
5120,15003,0,0,0
5120,15081,0,0,0
5120,15082,0,0,0
5120,15083,0,0,0
5120,15084,0,0,0
5120,15085,0,0,0
5120,15086,0,0,0
5120,15087,0,0,0
5120,15088,0,0,0
5120,15089,0,0,0
5120,15090,0,0,0
5120,15091,0,0,0
5120,16051,0,0,0
5120,16052,0,0,0
5120,16053,0,0,0
5120,16054,0,0,0
5120,16055,0,0,0
5120,16056,0,0,0
5120,16061,0,0,0
5120,16062,0,0,0
5120,16063,0,0,0
5120,16064,0,0,0
5120,16065,0,0,0
5120,16066,0,0,0
5120,16067,0,0,0
5120,16068,0,0,0
5120,16069,0,0,0
5120,16070,0,0,0
5120,16071,0,0,0
5120,16072,0,0,0
5120,16073,0,0,0
5120,16074,0,0,0
5120,16075,0,0,0
5120,16076,0,0,0
5120,16077,0,0,0
5122,1001,0,0,0
5122,1002,11,11,0
5122,1003,0,0,0
5122,1004,0,0,0
5122,1051,0,0,0
5122,1053,0,0,0
5122,1054,0,0,0
5122,1055,0,0,0
5122,1056,10,10,0
5122,1057,0,0,0
5122,1058,39,13,26
5122,1059,0,0,0
5122,1060,23,10,13
5122,1061,0,0,0
5122,1062,17,0,17
5122,2000,205,80,125
5122,3101,22,22,0
5122,3102,14,14,0
5122,3103,0,0,0
5122,3151,0,0,0
5122,3153,21,21,0
5122,3154,0,0,0
5122,3155,0,0,0
5122,3157,10,10,0
5122,3158,0,0,0
5122,3159,11,11,0
5122,3241,71,36,35
5122,3251,0,0,0
5122,3252,10,10,0
5122,3254,0,0,0
5122,3255,0,0,0
5122,3256,0,0,0
5122,3257,0,0,0
5122,3351,0,0,0
5122,3352,0,0,0
5122,3353,0,0,0
5122,3354,0,0,0
5122,3355,0,0,0
5122,3356,0,0,0
5122,3357,0,0,0
5122,3358,0,0,0
5122,3359,0,0,0
5122,3360,0,0,0
5122,3361,0,0,0
5122,3401,0,0,0
5122,3402,0,0,0
5122,3403,0,0,0
5122,3404,0,0,0
5122,3405,0,0,0
5122,3451,0,0,0
5122,3452,0,0,0
5122,3453,0,0,0
5122,3454,21,10,11
5122,3455,0,0,0
5122,3456,0,0,0
5122,3457,0,0,0
5122,3458,0,0,0
5122,3459,0,0,0
5122,3460,0,0,0
5122,3461,0,0,0
5122,3462,0,0,0
5122,4011,37,13,24
5122,4012,0,0,0
5122,5111,6193,1441,4752
5122,5112,409,184,225
5122,5113,752,337,415
5122,5114,186,60,126
5122,5116,171,82,89
5122,5117,172,67,105
5122,5119,140,75,65
5122,5120,3510,1853,1657
5122,5122,0,0,0
5122,5124,8166,4246,3920
5122,5154,86,38,48
5122,5158,12121,4058,8063
5122,5162,942,338,604
5122,5166,142,78,64
5122,5170,169,98,71
5122,5314,205,49,156
5122,5315,2943,750,2193
5122,5316,1839,842,997
5122,5334,95,36,59
5122,5358,66,33,33
5122,5362,401,172,229
5122,5366,48,25,23
5122,5370,75,45,30
5122,5374,520,319,201
5122,5378,2785,1605,1180
5122,5382,219,119,100
5122,5512,65,31,34
5122,5513,113,49,64
5122,5515,88,31,57
5122,5554,50,29,21
5122,5558,38,18,20
5122,5562,145,81,64
5122,5566,42,20,22
5122,5570,30,10,20
5122,5711,20,0,20
5122,5754,35,16,19
5122,5758,0,0,0
5122,5762,0,0,0
5122,5766,25,12,13
5122,5770,21,10,11
5122,5774,10,10,0
5122,5911,264,134,130
5122,5913,266,137,129
5122,5914,156,56,100
5122,5915,24,11,13
5122,5916,51,33,18
5122,5954,686,371,315
5122,5958,49,17,32
5122,5962,150,93,57
5122,5966,46,11,35
5122,5970,37,18,19
5122,5974,31,17,14
5122,5978,92,41,51
5122,6411,0,0,0
5122,6412,161,19,142
5122,6413,0,0,0
5122,6414,34,13,21
5122,6431,0,0,0
5122,6432,11,11,0
5122,6433,10,0,10
5122,6434,19,0,19
5122,6435,24,11,13
5122,6436,23,0,23
5122,6437,0,0,0
5122,6438,46,15,31
5122,6439,0,0,0
5122,6440,0,0,0
5122,6531,0,0,0
5122,6532,10,0,10
5122,6533,0,0,0
5122,6534,0,0,0
5122,6535,0,0,0
5122,6611,0,0,0
5122,6631,0,0,0
5122,6632,0,0,0
5122,6633,0,0,0
5122,6634,0,0,0
5122,6635,0,0,0
5122,6636,0,0,0
5122,7111,18,0,18
5122,7131,14,14,0
5122,7132,12,0,12
5122,7133,0,0,0
5122,7134,0,0,0
5122,7135,0,0,0
5122,7137,24,12,12
5122,7138,30,13,17
5122,7140,0,0,0
5122,7141,0,0,0
5122,7143,15,0,15
5122,7211,0,0,0
5122,7231,0,0,0
5122,7232,0,0,0
5122,7233,0,0,0
5122,7235,0,0,0
5122,7311,0,0,0
5122,7312,0,0,0
5122,7313,0,0,0
5122,7314,0,0,0
5122,7315,10,0,10
5122,7316,0,0,0
5122,7317,0,0,0
5122,7318,0,0,0
5122,7319,0,0,0
5122,7320,0,0,0
5122,7331,0,0,0
5122,7332,0,0,0
5122,7333,0,0,0
5122,7334,0,0,0
5122,7335,0,0,0
5122,7336,0,0,0
5122,7337,0,0,0
5122,7338,0,0,0
5122,7339,0,0,0
5122,7340,0,0,0
5122,8111,77,20,57
5122,8115,40,21,19
5122,8116,28,0,28
5122,8117,0,0,0
5122,8118,20,20,0
5122,8119,26,14,12
5122,8121,0,0,0
5122,8125,16,0,16
5122,8126,10,0,10
5122,8127,0,0,0
5122,8128,0,0,0
5122,8135,0,0,0
5122,8136,0,0,0
5122,8211,0,0,0
5122,8212,42,29,13
5122,8215,27,14,13
5122,8216,0,0,0
5122,8221,0,0,0
5122,8222,36,10,26
5122,8225,0,0,0
5122,8226,29,10,19
5122,8231,0,0,0
5122,8235,0,0,0
5122,8236,0,0,0
5122,8237,0,0,0
5122,8311,0,0,0
5122,8315,0,0,0
5122,8316,0,0,0
5122,8317,17,0,17
5122,8325,0,0,0
5122,8326,0,0,0
5122,8327,0,0,0
5122,8335,0,0,0
5122,8336,0,0,0
5122,8337,0,0,0
5122,8415,0,0,0
5122,8416,0,0,0
5122,8417,0,0,0
5122,8421,0,0,0
5122,8425,0,0,0
5122,8426,0,0,0
5122,8435,0,0,0
5122,8436,0,0,0
5122,8437,0,0,0
5122,9161,0,0,0
5122,9162,186,79,107
5122,9163,0,0,0
5122,9171,0,0,0
5122,9172,0,0,0
5122,9173,0,0,0
5122,9174,0,0,0
5122,9175,0,0,0
5122,9176,0,0,0
5122,9177,0,0,0
5122,9178,10,0,10
5122,9179,0,0,0
5122,9180,0,0,0
5122,9181,0,0,0
5122,9182,0,0,0
5122,9183,0,0,0
5122,9184,64,16,48
5122,9185,0,0,0
5122,9186,0,0,0
5122,9187,0,0,0
5122,9188,0,0,0
5122,9189,0,0,0
5122,9190,0,0,0
5122,9261,0,0,0
5122,9262,0,0,0
5122,9263,0,0,0
5122,9271,0,0,0
5122,9272,0,0,0
5122,9273,0,0,0
5122,9274,0,0,0
5122,9275,0,0,0
5122,9276,0,0,0
5122,9277,0,0,0
5122,9278,0,0,0
5122,9279,0,0,0
5122,9361,0,0,0
5122,9362,0,0,0
5122,9363,0,0,0
5122,9371,0,0,0
5122,9372,0,0,0
5122,9373,0,0,0
5122,9374,0,0,0
5122,9375,0,0,0
5122,9376,0,0,0
5122,9377,0,0,0
5122,9461,0,0,0
5122,9462,0,0,0
5122,9463,0,0,0
5122,9464,0,0,0
5122,9471,0,0,0
5122,9472,0,0,0
5122,9473,0,0,0
5122,9474,0,0,0
5122,9475,0,0,0
5122,9476,0,0,0
5122,9477,0,0,0
5122,9478,0,0,0
5122,9479,0,0,0
5122,9561,0,0,0
5122,9562,0,0,0
5122,9563,0,0,0
5122,9564,39,20,19
5122,9565,0,0,0
5122,9571,0,0,0
5122,9572,0,0,0
5122,9573,0,0,0
5122,9574,0,0,0
5122,9575,0,0,0
5122,9576,0,0,0
5122,9577,0,0,0
5122,9661,0,0,0
5122,9662,0,0,0
5122,9663,0,0,0
5122,9671,0,0,0
5122,9672,0,0,0
5122,9673,0,0,0
5122,9674,0,0,0
5122,9675,0,0,0
5122,9676,0,0,0
5122,9677,0,0,0
5122,9678,0,0,0
5122,9679,0,0,0
5122,9761,13,0,13
5122,9762,0,0,0
5122,9763,0,0,0
5122,9764,0,0,0
5122,9771,0,0,0
5122,9772,0,0,0
5122,9773,0,0,0
5122,9774,0,0,0
5122,9775,0,0,0
5122,9776,0,0,0
5122,9777,0,0,0
5122,9778,0,0,0
5122,9779,0,0,0
5122,9780,0,0,0
5122,10041,11,11,0
5122,10042,0,0,0
5122,10043,0,0,0
5122,10044,0,0,0
5122,10045,0,0,0
5122,10046,0,0,0
5122,11000,222,104,118
5122,12051,0,0,0
5122,12052,0,0,0
5122,12053,0,0,0
5122,12054,0,0,0
5122,12060,11,11,0
5122,12061,0,0,0
5122,12062,0,0,0
5122,12063,0,0,0
5122,12064,0,0,0
5122,12065,0,0,0
5122,12066,0,0,0
5122,12067,0,0,0
5122,12068,0,0,0
5122,12069,0,0,0
5122,12070,0,0,0
5122,12071,0,0,0
5122,12072,0,0,0
5122,12073,0,0,0
5122,13003,0,0,0
5122,13004,0,0,0
5122,13071,0,0,0
5122,13072,0,0,0
5122,13073,24,24,0
5122,13074,0,0,0
5122,13075,11,11,0
5122,13076,0,0,0
5122,14511,0,0,0
5122,14521,0,0,0
5122,14522,0,0,0
5122,14523,0,0,0
5122,14524,0,0,0
5122,14612,17,17,0
5122,14625,0,0,0
5122,14626,0,0,0
5122,14627,0,0,0
5122,14628,0,0,0
5122,14713,16,16,0
5122,14729,0,0,0
5122,14730,0,0,0
5122,15001,0,0,0
5122,15002,0,0,0
5122,15003,0,0,0
5122,15081,0,0,0
5122,15082,0,0,0
5122,15083,0,0,0
5122,15084,0,0,0
5122,15085,11,11,0
5122,15086,0,0,0
5122,15087,0,0,0
5122,15088,0,0,0
5122,15089,0,0,0
5122,15090,0,0,0
5122,15091,0,0,0
5122,16051,0,0,0
5122,16052,0,0,0
5122,16053,0,0,0
5122,16054,0,0,0
5122,16055,0,0,0
5122,16056,0,0,0
5122,16061,0,0,0
5122,16062,0,0,0
5122,16063,0,0,0
5122,16064,11,11,0
5122,16065,0,0,0
5122,16066,0,0,0
5122,16067,0,0,0
5122,16068,0,0,0
5122,16069,0,0,0
5122,16070,0,0,0
5122,16071,0,0,0
5122,16072,0,0,0
5122,16073,0,0,0
5122,16074,0,0,0
5122,16075,0,0,0
5122,16076,0,0,0
5122,16077,0,0,0
5124,1001,0,0,0
5124,1002,31,12,19
5124,1003,0,0,0
5124,1004,12,12,0
5124,1051,0,0,0
5124,1053,0,0,0
5124,1054,0,0,0
5124,1055,10,0,10
5124,1056,37,21,16
5124,1057,0,0,0
5124,1058,0,0,0
5124,1059,14,14,0
5124,1060,27,14,13
5124,1061,0,0,0
5124,1062,48,13,35
5124,2000,418,137,281
5124,3101,29,18,11
5124,3102,0,0,0
5124,3103,12,12,0
5124,3151,0,0,0
5124,3153,10,10,0
5124,3154,0,0,0
5124,3155,0,0,0
5124,3157,0,0,0
5124,3158,0,0,0
5124,3159,38,20,18
5124,3241,140,60,80
5124,3251,11,11,0
5124,3252,16,0,16
5124,3254,30,18,12
5124,3255,21,21,0
5124,3256,0,0,0
5124,3257,18,0,18
5124,3351,0,0,0
5124,3352,0,0,0
5124,3353,27,17,10
5124,3354,0,0,0
5124,3355,10,10,0
5124,3356,0,0,0
5124,3357,10,10,0
5124,3358,0,0,0
5124,3359,0,0,0
5124,3360,0,0,0
5124,3361,10,0,10
5124,3401,11,0,11
5124,3402,0,0,0
5124,3403,14,0,14
5124,3404,52,14,38
5124,3405,0,0,0
5124,3451,0,0,0
5124,3452,43,33,10
5124,3453,11,0,11
5124,3454,62,23,39
5124,3455,13,13,0
5124,3456,27,27,0
5124,3457,32,21,11
5124,3458,0,0,0
5124,3459,57,24,33
5124,3460,0,0,0
5124,3461,11,0,11
5124,3462,0,0,0
5124,4011,55,24,31
5124,4012,0,0,0
5124,5111,10210,2584,7626
5124,5112,920,488,432
5124,5113,3853,1888,1965
5124,5114,424,180,244
5124,5116,444,216,228
5124,5117,441,239,202
5124,5119,315,174,141
5124,5120,10300,4945,5355
5124,5122,8166,3920,4246
5124,5124,0,0,0
5124,5154,193,130,63
5124,5158,17617,7821,9796
5124,5162,1788,813,975
5124,5166,289,186,103
5124,5170,350,214,136
5124,5314,369,134,235
5124,5315,4134,1368,2766
5124,5316,1118,563,555
5124,5334,338,179,159
5124,5358,187,60,127
5124,5362,503,254,249
5124,5366,77,45,32
5124,5370,187,92,95
5124,5374,2255,1449,806
5124,5378,2128,1323,805
5124,5382,368,223,145
5124,5512,157,115,42
5124,5513,458,295,163
5124,5515,217,125,92
5124,5554,164,104,60
5124,5558,117,97,20
5124,5562,901,685,216
5124,5566,113,65,48
5124,5570,107,86,21
5124,5711,149,87,62
5124,5754,130,45,85
5124,5758,60,24,36
5124,5762,22,22,0
5124,5766,42,21,21
5124,5770,82,62,20
5124,5774,61,37,24
5124,5911,2187,1345,842
5124,5913,2064,1217,847
5124,5914,2078,1342,736
5124,5915,131,77,54
5124,5916,417,304,113
5124,5954,14494,9160,5334
5124,5958,102,60,42
5124,5962,944,590,354
5124,5966,106,66,40
5124,5970,162,55,107
5124,5974,149,97,52
5124,5978,732,477,255
5124,6411,35,11,24
5124,6412,394,94,300
5124,6413,11,0,11
5124,6414,64,31,33
5124,6431,36,20,16
5124,6432,28,15,13
5124,6433,45,25,20
5124,6434,85,18,67
5124,6435,58,33,25
5124,6436,93,19,74
5124,6437,0,0,0
5124,6438,103,40,63
5124,6439,19,19,0
5124,6440,44,34,10
5124,6531,53,29,24
5124,6532,20,20,0
5124,6533,19,0,19
5124,6534,39,24,15
5124,6535,0,0,0
5124,6611,33,11,22
5124,6631,0,0,0
5124,6632,0,0,0
5124,6633,15,15,0
5124,6634,11,11,0
5124,6635,25,13,12
5124,6636,0,0,0
5124,7111,52,16,36
5124,7131,39,25,14
5124,7132,23,23,0
5124,7133,10,10,0
5124,7134,0,0,0
5124,7135,0,0,0
5124,7137,47,24,23
5124,7138,71,43,28
5124,7140,0,0,0
5124,7141,0,0,0
5124,7143,37,22,15
5124,7211,31,19,12
5124,7231,0,0,0
5124,7232,0,0,0
5124,7233,0,0,0
5124,7235,0,0,0
5124,7311,0,0,0
5124,7312,0,0,0
5124,7313,0,0,0
5124,7314,24,13,11
5124,7315,43,18,25
5124,7316,0,0,0
5124,7317,0,0,0
5124,7318,0,0,0
5124,7319,0,0,0
5124,7320,0,0,0
5124,7331,0,0,0
5124,7332,0,0,0
5124,7333,0,0,0
5124,7334,0,0,0
5124,7335,0,0,0
5124,7336,0,0,0
5124,7337,0,0,0
5124,7338,0,0,0
5124,7339,22,11,11
5124,7340,0,0,0
5124,8111,119,42,77
5124,8115,84,55,29
5124,8116,99,44,55
5124,8117,23,13,10
5124,8118,68,39,29
5124,8119,53,23,30
5124,8121,0,0,0
5124,8125,29,11,18
5124,8126,23,0,23
5124,8127,10,10,0
5124,8128,0,0,0
5124,8135,0,0,0
5124,8136,64,52,12
5124,8211,10,0,10
5124,8212,50,13,37
5124,8215,40,19,21
5124,8216,10,10,0
5124,8221,37,37,0
5124,8222,71,27,44
5124,8225,0,0,0
5124,8226,72,52,20
5124,8231,0,0,0
5124,8235,0,0,0
5124,8236,29,17,12
5124,8237,0,0,0
5124,8311,25,10,15
5124,8315,0,0,0
5124,8316,0,0,0
5124,8317,36,24,12
5124,8325,11,0,11
5124,8326,0,0,0
5124,8327,12,0,12
5124,8335,12,0,12
5124,8336,11,0,11
5124,8337,0,0,0
5124,8415,29,12,17
5124,8416,0,0,0
5124,8417,17,17,0
5124,8421,15,0,15
5124,8425,14,14,0
5124,8426,0,0,0
5124,8435,0,0,0
5124,8436,0,0,0
5124,8437,0,0,0
5124,9161,0,0,0
5124,9162,329,86,243
5124,9163,0,0,0
5124,9171,0,0,0
5124,9172,0,0,0
5124,9173,0,0,0
5124,9174,0,0,0
5124,9175,10,0,10
5124,9176,11,11,0
5124,9177,0,0,0
5124,9178,19,0,19
5124,9179,0,0,0
5124,9180,0,0,0
5124,9181,0,0,0
5124,9182,0,0,0
5124,9183,0,0,0
5124,9184,92,13,79
5124,9185,0,0,0
5124,9186,0,0,0
5124,9187,0,0,0
5124,9188,18,0,18
5124,9189,0,0,0
5124,9190,0,0,0
5124,9261,0,0,0
5124,9262,0,0,0
5124,9263,0,0,0
5124,9271,0,0,0
5124,9272,0,0,0
5124,9273,0,0,0
5124,9274,0,0,0
5124,9275,0,0,0
5124,9276,0,0,0
5124,9277,0,0,0
5124,9278,0,0,0
5124,9279,0,0,0
5124,9361,0,0,0
5124,9362,22,12,10
5124,9363,0,0,0
5124,9371,0,0,0
5124,9372,0,0,0
5124,9373,0,0,0
5124,9374,0,0,0
5124,9375,0,0,0
5124,9376,0,0,0
5124,9377,0,0,0
5124,9461,0,0,0
5124,9462,0,0,0
5124,9463,0,0,0
5124,9464,0,0,0
5124,9471,0,0,0
5124,9472,0,0,0
5124,9473,0,0,0
5124,9474,0,0,0
5124,9475,14,0,14
5124,9476,0,0,0
5124,9477,0,0,0
5124,9478,0,0,0
5124,9479,0,0,0
5124,9561,0,0,0
5124,9562,21,0,21
5124,9563,13,13,0
5124,9564,70,31,39
5124,9565,0,0,0
5124,9571,0,0,0
5124,9572,0,0,0
5124,9573,0,0,0
5124,9574,11,11,0
5124,9575,0,0,0
5124,9576,0,0,0
5124,9577,0,0,0
5124,9661,0,0,0
5124,9662,0,0,0
5124,9663,18,0,18
5124,9671,13,13,0
5124,9672,0,0,0
5124,9673,0,0,0
5124,9674,0,0,0
5124,9675,0,0,0
5124,9676,11,11,0
5124,9677,0,0,0
5124,9678,21,0,21
5124,9679,11,11,0
5124,9761,20,10,10
5124,9762,0,0,0
5124,9763,0,0,0
5124,9764,0,0,0
5124,9771,0,0,0
5124,9772,0,0,0
5124,9773,0,0,0
5124,9774,0,0,0
5124,9775,0,0,0
5124,9776,0,0,0
5124,9777,0,0,0
5124,9778,0,0,0
5124,9779,0,0,0
5124,9780,0,0,0
5124,10041,39,20,19
5124,10042,0,0,0
5124,10043,0,0,0
5124,10044,0,0,0
5124,10045,0,0,0
5124,10046,0,0,0
5124,11000,539,215,324
5124,12051,0,0,0
5124,12052,0,0,0
5124,12053,0,0,0
5124,12054,13,0,13
5124,12060,0,0,0
5124,12061,0,0,0
5124,12062,0,0,0
5124,12063,0,0,0
5124,12064,0,0,0
5124,12065,17,17,0
5124,12066,0,0,0
5124,12067,0,0,0
5124,12068,0,0,0
5124,12069,24,11,13
5124,12070,0,0,0
5124,12071,0,0,0
5124,12072,14,14,0
5124,12073,0,0,0
5124,13003,0,0,0
5124,13004,0,0,0
5124,13071,0,0,0
5124,13072,0,0,0
5124,13073,13,13,0
5124,13074,0,0,0
5124,13075,0,0,0
5124,13076,0,0,0
5124,14511,10,10,0
5124,14521,12,12,0
5124,14522,16,16,0
5124,14523,0,0,0
5124,14524,0,0,0
5124,14612,35,14,21
5124,14625,0,0,0
5124,14626,0,0,0
5124,14627,0,0,0
5124,14628,0,0,0
5124,14713,51,26,25
5124,14729,12,12,0
5124,14730,0,0,0
5124,15001,0,0,0
5124,15002,15,15,0
5124,15003,10,10,0
5124,15081,0,0,0
5124,15082,0,0,0
5124,15083,13,13,0
5124,15084,0,0,0
5124,15085,0,0,0
5124,15086,0,0,0
5124,15087,26,26,0
5124,15088,0,0,0
5124,15089,0,0,0
5124,15090,10,10,0
5124,15091,23,23,0
5124,16051,24,24,0
5124,16052,0,0,0
5124,16053,0,0,0
5124,16054,0,0,0
5124,16055,0,0,0
5124,16056,0,0,0
5124,16061,10,10,0
5124,16062,14,14,0
5124,16063,0,0,0
5124,16064,11,11,0
5124,16065,0,0,0
5124,16066,0,0,0
5124,16067,0,0,0
5124,16068,0,0,0
5124,16069,22,22,0
5124,16070,0,0,0
5124,16071,0,0,0
5124,16072,0,0,0
5124,16073,0,0,0
5124,16074,0,0,0
5124,16075,0,0,0
5124,16076,0,0,0
5124,16077,0,0,0
5154,1001,0,0,0
5154,1002,11,0,11
5154,1003,29,0,29
5154,1004,41,0,41
5154,1051,0,0,0
5154,1053,0,0,0
5154,1054,0,0,0
5154,1055,10,10,0
5154,1056,30,13,17
5154,1057,0,0,0
5154,1058,0,0,0
5154,1059,0,0,0
5154,1060,34,11,23
5154,1061,0,0,0
5154,1062,28,15,13
5154,2000,302,84,218
5154,3101,43,43,0
5154,3102,0,0,0
5154,3103,0,0,0
5154,3151,0,0,0
5154,3153,0,0,0
5154,3154,13,13,0
5154,3155,0,0,0
5154,3157,0,0,0
5154,3158,0,0,0
5154,3159,12,12,0
5154,3241,153,54,99
5154,3251,29,17,12
5154,3252,0,0,0
5154,3254,22,11,11
5154,3255,0,0,0
5154,3256,10,10,0
5154,3257,13,0,13
5154,3351,0,0,0
5154,3352,29,29,0
5154,3353,21,21,0
5154,3354,0,0,0
5154,3355,13,13,0
5154,3356,14,14,0
5154,3357,0,0,0
5154,3358,0,0,0
5154,3359,0,0,0
5154,3360,0,0,0
5154,3361,0,0,0
5154,3401,0,0,0
5154,3402,10,0,10
5154,3403,11,11,0
5154,3404,87,17,70
5154,3405,12,0,12
5154,3451,0,0,0
5154,3452,41,14,27
5154,3453,31,19,12
5154,3454,67,28,39
5154,3455,0,0,0
5154,3456,30,17,13
5154,3457,0,0,0
5154,3458,12,12,0
5154,3459,74,32,42
5154,3460,15,0,15
5154,3461,0,0,0
5154,3462,0,0,0
5154,4011,75,29,46
5154,4012,0,0,0
5154,5111,2920,347,2573
5154,5112,4154,1199,2955
5154,5113,1229,281,948
5154,5114,4151,809,3342
5154,5116,872,314,558
5154,5117,518,125,393
5154,5119,735,264,471
5154,5120,54,18,36
5154,5122,86,48,38
5154,5124,193,63,130
5154,5154,0,0,0
5154,5158,653,181,472
5154,5162,1010,275,735
5154,5166,5405,1866,3539
5154,5170,17209,7535,9674
5154,5314,197,44,153
5154,5315,914,245,669
5154,5316,102,20,82
5154,5334,247,140,107
5154,5358,102,45,57
5154,5362,201,75,126
5154,5366,40,25,15
5154,5370,208,135,73
5154,5374,74,39,35
5154,5378,72,36,36
5154,5382,209,133,76
5154,5512,156,72,84
5154,5513,357,165,192
5154,5515,302,61,241
5154,5554,3664,1399,2265
5154,5558,114,50,64
5154,5562,455,229,226
5154,5566,166,54,112
5154,5570,52,27,25
5154,5711,75,25,50
5154,5754,102,20,82
5154,5758,36,21,15
5154,5762,11,11,0
5154,5766,50,23,27
5154,5770,51,16,35
5154,5774,66,23,43
5154,5911,309,116,193
5154,5913,336,96,240
5154,5914,114,28,86
5154,5915,43,24,19
5154,5916,111,58,53
5154,5954,113,50,63
5154,5958,73,44,29
5154,5962,77,34,43
5154,5966,15,15,0
5154,5970,131,88,43
5154,5974,64,28,36
5154,5978,127,58,69
5154,6411,24,11,13
5154,6412,211,43,168
5154,6413,0,0,0
5154,6414,54,23,31
5154,6431,27,14,13
5154,6432,16,16,0
5154,6433,45,31,14
5154,6434,33,0,33
5154,6435,61,20,41
5154,6436,49,11,38
5154,6437,0,0,0
5154,6438,53,20,33
5154,6439,18,18,0
5154,6440,23,11,12
5154,6531,14,0,14
5154,6532,14,0,14
5154,6533,0,0,0
5154,6534,14,0,14
5154,6535,0,0,0
5154,6611,31,11,20
5154,6631,0,0,0
5154,6632,0,0,0
5154,6633,0,0,0
5154,6634,53,53,0
5154,6635,28,28,0
5154,6636,0,0,0
5154,7111,14,14,0
5154,7131,10,0,10
5154,7132,13,13,0
5154,7133,45,28,17
5154,7134,0,0,0
5154,7135,0,0,0
5154,7137,29,29,0
5154,7138,28,10,18
5154,7140,11,11,0
5154,7141,0,0,0
5154,7143,25,15,10
5154,7211,10,10,0
5154,7231,0,0,0
5154,7232,0,0,0
5154,7233,0,0,0
5154,7235,0,0,0
5154,7311,0,0,0
5154,7312,0,0,0
5154,7313,0,0,0
5154,7314,0,0,0
5154,7315,33,10,23
5154,7316,0,0,0
5154,7317,0,0,0
5154,7318,0,0,0
5154,7319,0,0,0
5154,7320,0,0,0
5154,7331,0,0,0
5154,7332,0,0,0
5154,7333,0,0,0
5154,7334,0,0,0
5154,7335,0,0,0
5154,7336,0,0,0
5154,7337,0,0,0
5154,7338,13,13,0
5154,7339,35,25,10
5154,7340,0,0,0
5154,8111,70,23,47
5154,8115,24,11,13
5154,8116,52,18,34
5154,8117,0,0,0
5154,8118,44,15,29
5154,8119,33,16,17
5154,8121,23,12,11
5154,8125,44,28,16
5154,8126,18,0,18
5154,8127,0,0,0
5154,8128,0,0,0
5154,8135,0,0,0
5154,8136,0,0,0
5154,8211,0,0,0
5154,8212,21,0,21
5154,8215,81,16,65
5154,8216,0,0,0
5154,8221,0,0,0
5154,8222,36,0,36
5154,8225,0,0,0
5154,8226,49,24,25
5154,8231,11,11,0
5154,8235,0,0,0
5154,8236,0,0,0
5154,8237,0,0,0
5154,8311,0,0,0
5154,8315,22,22,0
5154,8316,0,0,0
5154,8317,45,29,16
5154,8325,0,0,0
5154,8326,10,0,10
5154,8327,0,0,0
5154,8335,11,11,0
5154,8336,10,0,10
5154,8337,0,0,0
5154,8415,25,11,14
5154,8416,0,0,0
5154,8417,0,0,0
5154,8421,11,0,11
5154,8425,10,10,0
5154,8426,0,0,0
5154,8435,0,0,0
5154,8436,0,0,0
5154,8437,0,0,0
5154,9161,11,0,11
5154,9162,187,43,144
5154,9163,0,0,0
5154,9171,0,0,0
5154,9172,0,0,0
5154,9173,0,0,0
5154,9174,0,0,0
5154,9175,0,0,0
5154,9176,0,0,0
5154,9177,0,0,0
5154,9178,10,0,10
5154,9179,0,0,0
5154,9180,0,0,0
5154,9181,0,0,0
5154,9182,0,0,0
5154,9183,0,0,0
5154,9184,62,13,49
5154,9185,0,0,0
5154,9186,10,0,10
5154,9187,13,13,0
5154,9188,0,0,0
5154,9189,0,0,0
5154,9190,0,0,0
5154,9261,0,0,0
5154,9262,0,0,0
5154,9263,0,0,0
5154,9271,0,0,0
5154,9272,0,0,0
5154,9273,0,0,0
5154,9274,0,0,0
5154,9275,0,0,0
5154,9276,0,0,0
5154,9277,0,0,0
5154,9278,0,0,0
5154,9279,0,0,0
5154,9361,0,0,0
5154,9362,0,0,0
5154,9363,0,0,0
5154,9371,0,0,0
5154,9372,0,0,0
5154,9373,12,0,12
5154,9374,0,0,0
5154,9375,0,0,0
5154,9376,0,0,0
5154,9377,0,0,0
5154,9461,0,0,0
5154,9462,0,0,0
5154,9463,0,0,0
5154,9464,0,0,0
5154,9471,14,0,14
5154,9472,0,0,0
5154,9473,0,0,0
5154,9474,0,0,0
5154,9475,0,0,0
5154,9476,0,0,0
5154,9477,0,0,0
5154,9478,0,0,0
5154,9479,0,0,0
5154,9561,0,0,0
5154,9562,10,0,10
5154,9563,0,0,0
5154,9564,56,18,38
5154,9565,0,0,0
5154,9571,0,0,0
5154,9572,0,0,0
5154,9573,0,0,0
5154,9574,12,12,0
5154,9575,0,0,0
5154,9576,0,0,0
5154,9577,0,0,0
5154,9661,0,0,0
5154,9662,0,0,0
5154,9663,0,0,0
5154,9671,0,0,0
5154,9672,0,0,0
5154,9673,0,0,0
5154,9674,0,0,0
5154,9675,0,0,0
5154,9676,0,0,0
5154,9677,0,0,0
5154,9678,0,0,0
5154,9679,0,0,0
5154,9761,28,13,15
5154,9762,0,0,0
5154,9763,0,0,0
5154,9764,0,0,0
5154,9771,0,0,0
5154,9772,0,0,0
5154,9773,0,0,0
5154,9774,0,0,0
5154,9775,0,0,0
5154,9776,0,0,0
5154,9777,0,0,0
5154,9778,0,0,0
5154,9779,0,0,0
5154,9780,0,0,0
5154,10041,42,15,27
5154,10042,0,0,0
5154,10043,0,0,0
5154,10044,10,10,0
5154,10045,0,0,0
5154,10046,0,0,0
5154,11000,315,116,199
5154,12051,0,0,0
5154,12052,0,0,0
5154,12053,18,18,0
5154,12054,0,0,0
5154,12060,0,0,0
5154,12061,10,0,10
5154,12062,0,0,0
5154,12063,0,0,0
5154,12064,0,0,0
5154,12065,0,0,0
5154,12066,23,0,23
5154,12067,0,0,0
5154,12068,0,0,0
5154,12069,0,0,0
5154,12070,10,10,0
5154,12071,0,0,0
5154,12072,23,13,10
5154,12073,0,0,0
5154,13003,0,0,0
5154,13004,0,0,0
5154,13071,0,0,0
5154,13072,0,0,0
5154,13073,0,0,0
5154,13074,0,0,0
5154,13075,0,0,0
5154,13076,0,0,0
5154,14511,14,0,14
5154,14521,0,0,0
5154,14522,0,0,0
5154,14523,0,0,0
5154,14524,0,0,0
5154,14612,29,18,11
5154,14625,0,0,0
5154,14626,0,0,0
5154,14627,12,12,0
5154,14628,0,0,0
5154,14713,53,38,15
5154,14729,10,10,0
5154,14730,0,0,0
5154,15001,0,0,0
5154,15002,19,19,0
5154,15003,0,0,0
5154,15081,0,0,0
5154,15082,11,11,0
5154,15083,10,0,10
5154,15084,12,12,0
5154,15085,0,0,0
5154,15086,0,0,0
5154,15087,0,0,0
5154,15088,30,30,0
5154,15089,0,0,0
5154,15090,0,0,0
5154,15091,0,0,0
5154,16051,25,0,25
5154,16052,0,0,0
5154,16053,0,0,0
5154,16054,0,0,0
5154,16055,0,0,0
5154,16056,0,0,0
5154,16061,0,0,0
5154,16062,0,0,0
5154,16063,0,0,0
5154,16064,0,0,0
5154,16065,0,0,0
5154,16066,0,0,0
5154,16067,11,11,0
5154,16068,0,0,0
5154,16069,0,0,0
5154,16070,36,36,0
5154,16071,0,0,0
5154,16072,0,0,0
5154,16073,0,0,0
5154,16074,0,0,0
5154,16075,0,0,0
5154,16076,0,0,0
5154,16077,0,0,0
5158,1001,0,0,0
5158,1002,58,32,26
5158,1003,48,28,20
5158,1004,12,12,0
5158,1051,17,17,0
5158,1053,30,30,0
5158,1054,19,19,0
5158,1055,33,33,0
5158,1056,112,79,33
5158,1057,19,19,0
5158,1058,22,22,0
5158,1059,25,25,0
5158,1060,104,65,39
5158,1061,22,22,0
5158,1062,146,58,88
5158,2000,829,314,515
5158,3101,54,25,29
5158,3102,16,16,0
5158,3103,11,0,11
5158,3151,12,12,0
5158,3153,29,14,15
5158,3154,0,0,0
5158,3155,37,27,10
5158,3157,28,28,0
5158,3158,21,21,0
5158,3159,81,60,21
5158,3241,404,251,153
5158,3251,36,36,0
5158,3252,32,22,10
5158,3254,222,204,18
5158,3255,10,10,0
5158,3256,20,20,0
5158,3257,44,31,13
5158,3351,37,23,14
5158,3352,21,21,0
5158,3353,76,58,18
5158,3354,0,0,0
5158,3355,31,31,0
5158,3356,33,33,0
5158,3357,29,29,0
5158,3358,39,29,10
5158,3359,43,43,0
5158,3360,0,0,0
5158,3361,12,12,0
5158,3401,17,17,0
5158,3402,0,0,0
5158,3403,54,42,12
5158,3404,114,59,55
5158,3405,0,0,0
5158,3451,34,23,11
5158,3452,32,32,0
5158,3453,20,20,0
5158,3454,131,69,62
5158,3455,12,12,0
5158,3456,52,40,12
5158,3457,16,16,0
5158,3458,25,25,0
5158,3459,112,71,41
5158,3460,45,32,13
5158,3461,16,16,0
5158,3462,21,21,0
5158,4011,185,96,89
5158,4012,16,16,0
5158,5111,60109,18699,41410
5158,5112,6666,4538,2128
5158,5113,14898,7887,7011
5158,5114,2690,1468,1222
5158,5116,1994,1184,810
5158,5117,3771,2384,1387
5158,5119,2098,1584,514
5158,5120,2035,1115,920
5158,5122,12121,8063,4058
5158,5124,17617,9796,7821
5158,5154,653,472,181
5158,5158,0,0,0
5158,5162,9079,5249,3830
5158,5166,2024,1510,514
5158,5170,2325,1771,554
5158,5314,906,334,572
5158,5315,11090,4346,6744
5158,5316,8816,4939,3877
5158,5334,870,578,292
5158,5358,508,335,173
5158,5362,1915,1223,692
5158,5366,259,208,51
5158,5370,681,558,123
5158,5374,796,525,271
5158,5378,4593,3387,1206
5158,5382,1206,889,317
5158,5512,637,512,125
5158,5513,1379,983,396
5158,5515,278,159,119
5158,5554,436,286,150
5158,5558,202,161,41
5158,5562,1738,1400,338
5158,5566,285,170,115
5158,5570,199,140,59
5158,5711,210,117,93
5158,5754,229,121,108
5158,5758,100,69,31
5158,5762,32,32,0
5158,5766,136,88,48
5158,5770,91,53,38
5158,5774,136,94,42
5158,5911,2416,1597,819
5158,5913,1744,1005,739
5158,5914,553,317,236
5158,5915,124,95,29
5158,5916,572,416,156
5158,5954,3776,2557,1219
5158,5958,157,107,50
5158,5962,453,313,140
5158,5966,120,47,73
5158,5970,140,82,58
5158,5974,238,177,61
5158,5978,686,488,198
5158,6411,77,26,51
5158,6412,892,166,726
5158,6413,70,41,29
5158,6414,140,52,88
5158,6431,92,56,36
5158,6432,77,49,28
5158,6433,92,47,45
5158,6434,203,68,135
5158,6435,113,82,31
5158,6436,174,53,121
5158,6437,16,16,0
5158,6438,250,93,157
5158,6439,45,26,19
5158,6440,126,97,29
5158,6531,78,58,20
5158,6532,58,36,22
5158,6533,56,27,29
5158,6534,64,37,27
5158,6535,16,16,0
5158,6611,75,48,27
5158,6631,55,38,17
5158,6632,26,16,10
5158,6633,55,55,0
5158,6634,79,79,0
5158,6635,46,28,18
5158,6636,20,20,0
5158,7111,79,42,37
5158,7131,95,70,25
5158,7132,78,58,20
5158,7133,46,33,13
5158,7134,0,0,0
5158,7135,11,11,0
5158,7137,93,65,28
5158,7138,123,78,45
5158,7140,46,22,24
5158,7141,36,36,0
5158,7143,139,65,74
5158,7211,36,16,20
5158,7231,23,13,10
5158,7232,23,11,12
5158,7233,22,22,0
5158,7235,22,22,0
5158,7311,11,11,0
5158,7312,23,23,0
5158,7313,0,0,0
5158,7314,104,80,24
5158,7315,72,38,34
5158,7316,0,0,0
5158,7317,0,0,0
5158,7318,0,0,0
5158,7319,37,13,24
5158,7320,0,0,0
5158,7331,32,32,0
5158,7332,35,35,0
5158,7333,18,18,0
5158,7334,17,17,0
5158,7335,14,14,0
5158,7336,0,0,0
5158,7337,22,22,0
5158,7338,35,35,0
5158,7339,72,44,28
5158,7340,13,13,0
5158,8111,304,116,188
5158,8115,114,64,50
5158,8116,179,105,74
5158,8117,54,33,21
5158,8118,150,83,67
5158,8119,123,100,23
5158,8121,14,0,14
5158,8125,73,41,32
5158,8126,32,10,22
5158,8127,26,14,12
5158,8128,35,11,24
5158,8135,0,0,0
5158,8136,58,35,23
5158,8211,16,0,16
5158,8212,112,43,69
5158,8215,126,76,50
5158,8216,34,24,10
5158,8221,52,27,25
5158,8222,170,60,110
5158,8225,10,10,0
5158,8226,158,104,54
5158,8231,10,10,0
5158,8235,24,24,0
5158,8236,47,37,10
5158,8237,10,10,0
5158,8311,52,31,21
5158,8315,30,30,0
5158,8316,21,21,0
5158,8317,69,37,32
5158,8325,13,13,0
5158,8326,44,34,10
5158,8327,28,15,13
5158,8335,52,32,20
5158,8336,48,29,19
5158,8337,0,0,0
5158,8415,71,50,21
5158,8416,50,30,20
5158,8417,31,21,10
5158,8421,46,23,23
5158,8425,23,23,0
5158,8426,12,12,0
5158,8435,13,13,0
5158,8436,31,14,17
5158,8437,12,12,0
5158,9161,30,18,12
5158,9162,805,278,527
5158,9163,10,0,10
5158,9171,0,0,0
5158,9172,17,17,0
5158,9173,32,22,10
5158,9174,31,31,0
5158,9175,60,34,26
5158,9176,11,0,11
5158,9177,23,23,0
5158,9178,78,31,47
5158,9179,33,33,0
5158,9180,0,0,0
5158,9181,30,19,11
5158,9182,10,10,0
5158,9183,0,0,0
5158,9184,257,60,197
5158,9185,0,0,0
5158,9186,38,24,14
5158,9187,40,40,0
5158,9188,45,28,17
5158,9189,17,17,0
5158,9190,12,12,0
5158,9261,0,0,0
5158,9262,0,0,0
5158,9263,0,0,0
5158,9271,0,0,0
5158,9272,0,0,0
5158,9273,0,0,0
5158,9274,26,26,0
5158,9275,0,0,0
5158,9276,0,0,0
5158,9277,0,0,0
5158,9278,12,12,0
5158,9279,0,0,0
5158,9361,12,12,0
5158,9362,60,28,32
5158,9363,0,0,0
5158,9371,22,12,10
5158,9372,0,0,0
5158,9373,22,22,0
5158,9374,0,0,0
5158,9375,24,24,0
5158,9376,0,0,0
5158,9377,0,0,0
5158,9461,0,0,0
5158,9462,0,0,0
5158,9463,0,0,0
5158,9464,0,0,0
5158,9471,14,14,0
5158,9472,15,15,0
5158,9473,13,13,0
5158,9474,0,0,0
5158,9475,28,15,13
5158,9476,0,0,0
5158,9477,0,0,0
5158,9478,0,0,0
5158,9479,0,0,0
5158,9561,0,0,0
5158,9562,28,12,16
5158,9563,38,24,14
5158,9564,168,70,98
5158,9565,11,11,0
5158,9571,21,21,0
5158,9572,34,23,11
5158,9573,19,19,0
5158,9574,29,29,0
5158,9575,13,13,0
5158,9576,22,22,0
5158,9577,0,0,0
5158,9661,26,10,16
5158,9662,0,0,0
5158,9663,39,17,22
5158,9671,59,38,21
5158,9672,11,11,0
5158,9673,0,0,0
5158,9674,0,0,0
5158,9675,0,0,0
5158,9676,27,17,10
5158,9677,57,25,32
5158,9678,0,0,0
5158,9679,36,19,17
5158,9761,67,27,40
5158,9762,0,0,0
5158,9763,12,12,0
5158,9764,0,0,0
5158,9771,29,29,0
5158,9772,35,23,12
5158,9773,0,0,0
5158,9774,0,0,0
5158,9775,51,33,18
5158,9776,0,0,0
5158,9777,22,10,12
5158,9778,14,14,0
5158,9779,0,0,0
5158,9780,20,20,0
5158,10041,85,45,40
5158,10042,0,0,0
5158,10043,0,0,0
5158,10044,26,26,0
5158,10045,14,14,0
5158,10046,0,0,0
5158,11000,1154,655,499
5158,12051,10,10,0
5158,12052,11,11,0
5158,12053,0,0,0
5158,12054,26,26,0
5158,12060,27,27,0
5158,12061,28,28,0
5158,12062,12,12,0
5158,12063,23,23,0
5158,12064,35,35,0
5158,12065,26,26,0
5158,12066,15,15,0
5158,12067,37,37,0
5158,12068,10,10,0
5158,12069,60,44,16
5158,12070,0,0,0
5158,12071,14,14,0
5158,12072,29,29,0
5158,12073,0,0,0
5158,13003,19,19,0
5158,13004,0,0,0
5158,13071,24,24,0
5158,13072,27,27,0
5158,13073,22,22,0
5158,13074,14,14,0
5158,13075,30,30,0
5158,13076,20,20,0
5158,14511,65,32,33
5158,14521,22,22,0
5158,14522,36,36,0
5158,14523,29,19,10
5158,14524,35,35,0
5158,14612,97,79,18
5158,14625,29,29,0
5158,14626,20,20,0
5158,14627,27,27,0
5158,14628,31,31,0
5158,14713,169,138,31
5158,14729,53,53,0
5158,14730,32,32,0
5158,15001,0,0,0
5158,15002,27,27,0
5158,15003,32,22,10
5158,15081,0,0,0
5158,15082,20,20,0
5158,15083,20,20,0
5158,15084,18,18,0
5158,15085,36,36,0
5158,15086,22,22,0
5158,15087,17,17,0
5158,15088,28,28,0
5158,15089,23,23,0
5158,15090,15,15,0
5158,15091,12,12,0
5158,16051,21,21,0
5158,16052,0,0,0
5158,16053,13,13,0
5158,16054,0,0,0
5158,16055,14,14,0
5158,16056,11,11,0
5158,16061,12,12,0
5158,16062,12,12,0
5158,16063,19,19,0
5158,16064,12,12,0
5158,16065,12,12,0
5158,16066,0,0,0
5158,16067,0,0,0
5158,16068,0,0,0
5158,16069,0,0,0
5158,16070,27,15,12
5158,16071,12,12,0
5158,16072,0,0,0
5158,16073,11,11,0
5158,16074,0,0,0
5158,16075,0,0,0
5158,16076,20,20,0
5158,16077,11,11,0
5162,1001,0,0,0
5162,1002,42,0,42
5162,1003,25,14,11
5162,1004,10,10,0
5162,1051,0,0,0
5162,1053,10,10,0
5162,1054,10,0,10
5162,1055,18,18,0
5162,1056,80,61,19
5162,1057,0,0,0
5162,1058,26,26,0
5162,1059,18,18,0
5162,1060,89,57,32
5162,1061,11,11,0
5162,1062,153,37,116
5162,2000,854,353,501
5162,3101,31,13,18
5162,3102,0,0,0
5162,3103,21,0,21
5162,3151,0,0,0
5162,3153,15,15,0
5162,3154,0,0,0
5162,3155,12,12,0
5162,3157,16,16,0
5162,3158,13,13,0
5162,3159,62,37,25
5162,3241,320,130,190
5162,3251,28,28,0
5162,3252,23,23,0
5162,3254,26,26,0
5162,3255,0,0,0
5162,3256,23,23,0
5162,3257,33,21,12
5162,3351,17,17,0
5162,3352,13,13,0
5162,3353,66,40,26
5162,3354,0,0,0
5162,3355,19,19,0
5162,3356,18,18,0
5162,3357,13,13,0
5162,3358,24,24,0
5162,3359,32,12,20
5162,3360,0,0,0
5162,3361,28,15,13
5162,3401,0,0,0
5162,3402,24,24,0
5162,3403,36,26,10
5162,3404,61,33,28
5162,3405,0,0,0
5162,3451,10,10,0
5162,3452,13,13,0
5162,3453,20,10,10
5162,3454,191,34,157
5162,3455,13,13,0
5162,3456,16,16,0
5162,3457,39,24,15
5162,3458,20,20,0
5162,3459,101,53,48
5162,3460,26,15,11
5162,3461,0,0,0
5162,3462,10,10,0
5162,4011,174,81,93
5162,4012,18,18,0
5162,5111,50826,11351,39475
5162,5112,3426,2076,1350
5162,5113,2266,894,1372
5162,5114,7959,4132,3827
5162,5116,16585,8354,8231
5162,5117,794,401,393
5162,5119,623,393,230
5162,5120,308,176,132
5162,5122,942,604,338
5162,5124,1788,975,813
5162,5154,1010,735,275
5162,5158,9079,3830,5249
5162,5162,0,0,0
5162,5166,8940,5599,3341
5162,5170,2146,1402,744
5162,5314,951,322,629
5162,5315,16834,4983,11851
5162,5316,2580,976,1604
5162,5334,1817,1036,781
5162,5358,1735,1122,613
5162,5362,8371,5053,3318
5162,5366,371,261,110
5162,5370,3611,2533,1078
5162,5374,318,204,114
5162,5378,1025,729,296
5162,5382,923,584,339
5162,5512,133,97,36
5162,5513,343,181,162
5162,5515,211,75,136
5162,5554,240,151,89
5162,5558,77,51,26
5162,5562,523,341,182
5162,5566,138,67,71
5162,5570,64,36,28
5162,5711,129,49,80
5162,5754,104,38,66
5162,5758,48,33,15
5162,5762,19,19,0
5162,5766,76,42,34
5162,5770,76,41,35
5162,5774,56,24,32
5162,5911,520,273,247
5162,5913,662,320,342
5162,5914,148,83,65
5162,5915,68,40,28
5162,5916,164,110,54
5162,5954,420,267,153
5162,5958,86,45,41
5162,5962,186,98,88
5162,5966,36,14,22
5162,5970,128,54,74
5162,5974,81,54,27
5162,5978,219,124,95
5162,6411,67,27,40
5162,6412,855,81,774
5162,6413,44,20,24
5162,6414,173,86,87
5162,6431,49,25,24
5162,6432,71,45,26
5162,6433,140,67,73
5162,6434,176,24,152
5162,6435,87,40,47
5162,6436,181,53,128
5162,6437,14,0,14
5162,6438,206,71,135
5162,6439,57,20,37
5162,6440,50,29,21
5162,6531,46,28,18
5162,6532,54,33,21
5162,6533,43,33,10
5162,6534,25,14,11
5162,6535,0,0,0
5162,6611,46,20,26
5162,6631,31,20,11
5162,6632,13,13,0
5162,6633,11,11,0
5162,6634,45,18,27
5162,6635,12,12,0
5162,6636,0,0,0
5162,7111,61,24,37
5162,7131,83,63,20
5162,7132,50,39,11
5162,7133,30,15,15
5162,7134,0,0,0
5162,7135,11,11,0
5162,7137,99,67,32
5162,7138,127,76,51
5162,7140,101,75,26
5162,7141,41,25,16
5162,7143,98,73,25
5162,7211,29,19,10
5162,7231,17,17,0
5162,7232,27,13,14
5162,7233,37,19,18
5162,7235,0,0,0
5162,7311,0,0,0
5162,7312,0,0,0
5162,7313,0,0,0
5162,7314,41,14,27
5162,7315,86,30,56
5162,7316,0,0,0
5162,7317,0,0,0
5162,7318,0,0,0
5162,7319,16,0,16
5162,7320,0,0,0
5162,7331,0,0,0
5162,7332,10,10,0
5162,7333,21,21,0
5162,7334,26,14,12
5162,7335,11,11,0
5162,7336,0,0,0
5162,7337,12,12,0
5162,7338,17,17,0
5162,7339,55,29,26
5162,7340,0,0,0
5162,8111,190,62,128
5162,8115,91,65,26
5162,8116,125,63,62
5162,8117,29,19,10
5162,8118,114,54,60
5162,8119,70,36,34
5162,8121,27,11,16
5162,8125,89,33,56
5162,8126,39,20,19
5162,8127,12,0,12
5162,8128,30,13,17
5162,8135,51,33,18
5162,8136,35,35,0
5162,8211,14,14,0
5162,8212,80,36,44
5162,8215,94,59,35
5162,8216,67,54,13
5162,8221,52,19,33
5162,8222,127,30,97
5162,8225,60,0,60
5162,8226,135,70,65
5162,8231,12,0,12
5162,8235,16,16,0
5162,8236,29,14,15
5162,8237,105,57,48
5162,8311,49,19,30
5162,8315,33,33,0
5162,8316,29,14,15
5162,8317,54,31,23
5162,8325,12,12,0
5162,8326,32,18,14
5162,8327,10,10,0
5162,8335,65,38,27
5162,8336,55,16,39
5162,8337,10,0,10
5162,8415,49,30,19
5162,8416,34,21,13
5162,8417,16,16,0
5162,8421,34,11,23
5162,8425,0,0,0
5162,8426,11,11,0
5162,8435,14,14,0
5162,8436,39,18,21
5162,8437,0,0,0
5162,9161,35,23,12
5162,9162,735,186,549
5162,9163,0,0,0
5162,9171,0,0,0
5162,9172,12,0,12
5162,9173,23,12,11
5162,9174,23,23,0
5162,9175,41,27,14
5162,9176,10,10,0
5162,9177,31,20,11
5162,9178,77,29,48
5162,9179,32,32,0
5162,9180,13,13,0
5162,9181,15,15,0
5162,9182,26,11,15
5162,9183,0,0,0
5162,9184,247,49,198
5162,9185,0,0,0
5162,9186,24,24,0
5162,9187,47,27,20
5162,9188,41,29,12
5162,9189,10,0,10
5162,9190,0,0,0
5162,9261,11,11,0
5162,9262,0,0,0
5162,9263,0,0,0
5162,9271,0,0,0
5162,9272,0,0,0
5162,9273,27,27,0
5162,9274,17,17,0
5162,9275,0,0,0
5162,9276,0,0,0
5162,9277,10,0,10
5162,9278,10,10,0
5162,9279,0,0,0
5162,9361,0,0,0
5162,9362,27,16,11
5162,9363,0,0,0
5162,9371,0,0,0
5162,9372,0,0,0
5162,9373,47,47,0
5162,9374,0,0,0
5162,9375,17,17,0
5162,9376,11,0,11
5162,9377,0,0,0
5162,9461,0,0,0
5162,9462,0,0,0
5162,9463,10,0,10
5162,9464,0,0,0
5162,9471,15,15,0
5162,9472,11,11,0
5162,9473,0,0,0
5162,9474,0,0,0
5162,9475,12,0,12
5162,9476,0,0,0
5162,9477,0,0,0
5162,9478,0,0,0
5162,9479,0,0,0
5162,9561,0,0,0
5162,9562,33,13,20
5162,9563,23,13,10
5162,9564,188,84,104
5162,9565,0,0,0
5162,9571,24,11,13
5162,9572,20,20,0
5162,9573,12,12,0
5162,9574,12,12,0
5162,9575,0,0,0
5162,9576,16,16,0
5162,9577,0,0,0
5162,9661,11,0,11
5162,9662,0,0,0
5162,9663,30,0,30
5162,9671,30,16,14
5162,9672,0,0,0
5162,9673,0,0,0
5162,9674,0,0,0
5162,9675,10,10,0
5162,9676,10,0,10
5162,9677,12,12,0
5162,9678,10,10,0
5162,9679,17,17,0
5162,9761,49,29,20
5162,9762,0,0,0
5162,9763,0,0,0
5162,9764,0,0,0
5162,9771,31,21,10
5162,9772,26,26,0
5162,9773,0,0,0
5162,9774,0,0,0
5162,9775,112,95,17
5162,9776,0,0,0
5162,9777,0,0,0
5162,9778,11,11,0
5162,9779,10,10,0
5162,9780,0,0,0
5162,10041,59,24,35
5162,10042,0,0,0
5162,10043,14,14,0
5162,10044,26,26,0
5162,10045,13,13,0
5162,10046,0,0,0
5162,11000,976,503,473
5162,12051,0,0,0
5162,12052,0,0,0
5162,12053,0,0,0
5162,12054,36,17,19
5162,12060,13,13,0
5162,12061,13,13,0
5162,12062,0,0,0
5162,12063,30,30,0
5162,12064,14,14,0
5162,12065,13,13,0
5162,12066,0,0,0
5162,12067,24,13,11
5162,12068,0,0,0
5162,12069,27,14,13
5162,12070,0,0,0
5162,12071,0,0,0
5162,12072,29,17,12
5162,12073,0,0,0
5162,13003,0,0,0
5162,13004,0,0,0
5162,13071,10,10,0
5162,13072,10,0,10
5162,13073,0,0,0
5162,13074,0,0,0
5162,13075,0,0,0
5162,13076,0,0,0
5162,14511,35,23,12
5162,14521,0,0,0
5162,14522,18,18,0
5162,14523,0,0,0
5162,14524,26,26,0
5162,14612,107,80,27
5162,14625,28,28,0
5162,14626,10,10,0
5162,14627,11,11,0
5162,14628,13,13,0
5162,14713,83,55,28
5162,14729,20,20,0
5162,14730,28,18,10
5162,15001,0,0,0
5162,15002,29,18,11
5162,15003,13,13,0
5162,15081,0,0,0
5162,15082,22,22,0
5162,15083,10,10,0
5162,15084,20,20,0
5162,15085,17,17,0
5162,15086,0,0,0
5162,15087,11,11,0
5162,15088,31,16,15
5162,15089,20,20,0
5162,15090,0,0,0
5162,15091,0,0,0
5162,16051,26,16,10
5162,16052,0,0,0
5162,16053,0,0,0
5162,16054,0,0,0
5162,16055,0,0,0
5162,16056,0,0,0
5162,16061,0,0,0
5162,16062,0,0,0
5162,16063,0,0,0
5162,16064,10,10,0
5162,16065,0,0,0
5162,16066,0,0,0
5162,16067,12,12,0
5162,16068,0,0,0
5162,16069,0,0,0
5162,16070,10,0,10
5162,16071,0,0,0
5162,16072,0,0,0
5162,16073,0,0,0
5162,16074,10,10,0
5162,16075,0,0,0
5162,16076,0,0,0
5162,16077,13,0,13
5166,1001,0,0,0
5166,1002,13,13,0
5166,1003,20,10,10
5166,1004,0,0,0
5166,1051,0,0,0
5166,1053,0,0,0
5166,1054,0,0,0
5166,1055,0,0,0
5166,1056,54,42,12
5166,1057,0,0,0
5166,1058,25,15,10
5166,1059,0,0,0
5166,1060,21,21,0
5166,1061,0,0,0
5166,1062,29,15,14
5166,2000,319,118,201
5166,3101,27,16,11
5166,3102,0,0,0
5166,3103,16,0,16
5166,3151,0,0,0
5166,3153,0,0,0
5166,3154,0,0,0
5166,3155,0,0,0
5166,3157,21,0,21
5166,3158,0,0,0
5166,3159,24,13,11
5166,3241,171,52,119
5166,3251,11,11,0
5166,3252,0,0,0
5166,3254,36,23,13
5166,3255,0,0,0
5166,3256,0,0,0
5166,3257,27,12,15
5166,3351,15,15,0
5166,3352,0,0,0
5166,3353,48,37,11
5166,3354,0,0,0
5166,3355,12,12,0
5166,3356,0,0,0
5166,3357,0,0,0
5166,3358,0,0,0
5166,3359,23,13,10
5166,3360,0,0,0
5166,3361,0,0,0
5166,3401,0,0,0
5166,3402,0,0,0
5166,3403,14,14,0
5166,3404,22,12,10
5166,3405,0,0,0
5166,3451,10,0,10
5166,3452,0,0,0
5166,3453,39,14,25
5166,3454,50,15,35
5166,3455,0,0,0
5166,3456,0,0,0
5166,3457,0,0,0
5166,3458,11,11,0
5166,3459,35,19,16
5166,3460,13,0,13
5166,3461,0,0,0
5166,3462,0,0,0
5166,4011,62,26,36
5166,4012,0,0,0
5166,5111,11261,1562,9699
5166,5112,3141,1541,1600
5166,5113,1099,363,736
5166,5114,20015,7739,12276
5166,5116,19292,7581,11711
5166,5117,525,217,308
5166,5119,455,218,237
5166,5120,74,30,44
5166,5122,142,64,78
5166,5124,289,103,186
5166,5154,5405,3539,1866
5166,5158,2024,514,1510
5166,5162,8940,3341,5599
5166,5166,0,0,0
5166,5170,3114,1726,1388
5166,5314,228,64,164
5166,5315,1852,440,1412
5166,5316,213,49,164
5166,5334,910,366,544
5166,5358,804,499,305
5166,5362,925,461,464
5166,5366,155,127,28
5166,5370,4296,2734,1562
5166,5374,79,32,47
5166,5378,143,76,67
5166,5382,229,140,89
5166,5512,93,56,37
5166,5513,246,151,95
5166,5515,136,30,106
5166,5554,178,86,92
5166,5558,58,37,21
5166,5562,275,177,98
5166,5566,93,35,58
5166,5570,61,47,14
5166,5711,60,23,37
5166,5754,62,29,33
5166,5758,30,17,13
5166,5762,11,11,0
5166,5766,34,19,15
5166,5770,50,13,37
5166,5774,62,33,29
5166,5911,293,157,136
5166,5913,344,131,213
5166,5914,71,20,51
5166,5915,36,25,11
5166,5916,87,60,27
5166,5954,128,44,84
5166,5958,47,18,29
5166,5962,105,43,62
5166,5966,24,14,10
5166,5970,145,22,123
5166,5974,85,60,25
5166,5978,118,55,63
5166,6411,27,0,27
5166,6412,365,52,313
5166,6413,12,0,12
5166,6414,51,23,28
5166,6431,29,19,10
5166,6432,39,26,13
5166,6433,49,22,27
5166,6434,76,11,65
5166,6435,58,29,29
5166,6436,71,10,61
5166,6437,0,0,0
5166,6438,86,21,65
5166,6439,71,43,28
5166,6440,21,0,21
5166,6531,26,14,12
5166,6532,25,13,12
5166,6533,17,0,17
5166,6534,0,0,0
5166,6535,0,0,0
5166,6611,33,16,17
5166,6631,15,15,0
5166,6632,0,0,0
5166,6633,13,13,0
5166,6634,10,10,0
5166,6635,0,0,0
5166,6636,0,0,0
5166,7111,27,13,14
5166,7131,47,23,24
5166,7132,17,17,0
5166,7133,19,0,19
5166,7134,0,0,0
5166,7135,0,0,0
5166,7137,39,24,15
5166,7138,76,39,37
5166,7140,22,12,10
5166,7141,0,0,0
5166,7143,48,22,26
5166,7211,18,18,0
5166,7231,15,15,0
5166,7232,18,0,18
5166,7233,37,37,0
5166,7235,0,0,0
5166,7311,0,0,0
5166,7312,0,0,0
5166,7313,0,0,0
5166,7314,12,12,0
5166,7315,43,19,24
5166,7316,0,0,0
5166,7317,0,0,0
5166,7318,0,0,0
5166,7319,0,0,0
5166,7320,0,0,0
5166,7331,0,0,0
5166,7332,14,14,0
5166,7333,0,0,0
5166,7334,0,0,0
5166,7335,0,0,0
5166,7336,0,0,0
5166,7337,0,0,0
5166,7338,14,14,0
5166,7339,22,0,22
5166,7340,0,0,0
5166,8111,109,32,77
5166,8115,32,13,19
5166,8116,66,29,37
5166,8117,10,10,0
5166,8118,58,25,33
5166,8119,28,16,12
5166,8121,23,13,10
5166,8125,33,17,16
5166,8126,30,0,30
5166,8127,10,10,0
5166,8128,0,0,0
5166,8135,13,13,0
5166,8136,10,0,10
5166,8211,0,0,0
5166,8212,28,0,28
5166,8215,36,16,20
5166,8216,10,0,10
5166,8221,19,0,19
5166,8222,83,25,58
5166,8225,0,0,0
5166,8226,63,32,31
5166,8231,0,0,0
5166,8235,0,0,0
5166,8236,10,0,10
5166,8237,10,0,10
5166,8311,25,11,14
5166,8315,14,14,0
5166,8316,0,0,0
5166,8317,28,18,10
5166,8325,0,0,0
5166,8326,10,0,10
5166,8327,0,0,0
5166,8335,32,20,12
5166,8336,36,17,19
5166,8337,0,0,0
5166,8415,44,17,27
5166,8416,0,0,0
5166,8417,0,0,0
5166,8421,15,0,15
5166,8425,12,12,0
5166,8426,10,10,0
5166,8435,0,0,0
5166,8436,25,10,15
5166,8437,0,0,0
5166,9161,0,0,0
5166,9162,391,106,285
5166,9163,0,0,0
5166,9171,0,0,0
5166,9172,0,0,0
5166,9173,10,10,0
5166,9174,0,0,0
5166,9175,11,0,11
5166,9176,0,0,0
5166,9177,0,0,0
5166,9178,38,0,38
5166,9179,11,0,11
5166,9180,0,0,0
5166,9181,0,0,0
5166,9182,0,0,0
5166,9183,0,0,0
5166,9184,134,15,119
5166,9185,0,0,0
5166,9186,11,0,11
5166,9187,22,10,12
5166,9188,15,0,15
5166,9189,0,0,0
5166,9190,0,0,0
5166,9261,0,0,0
5166,9262,0,0,0
5166,9263,0,0,0
5166,9271,0,0,0
5166,9272,0,0,0
5166,9273,0,0,0
5166,9274,12,12,0
5166,9275,0,0,0
5166,9276,0,0,0
5166,9277,0,0,0
5166,9278,0,0,0
5166,9279,0,0,0
5166,9361,0,0,0
5166,9362,0,0,0
5166,9363,0,0,0
5166,9371,0,0,0
5166,9372,0,0,0
5166,9373,13,13,0
5166,9374,0,0,0
5166,9375,0,0,0
5166,9376,0,0,0
5166,9377,0,0,0
5166,9461,0,0,0
5166,9462,0,0,0
5166,9463,0,0,0
5166,9464,0,0,0
5166,9471,0,0,0
5166,9472,0,0,0
5166,9473,0,0,0
5166,9474,11,11,0
5166,9475,0,0,0
5166,9476,0,0,0
5166,9477,0,0,0
5166,9478,0,0,0
5166,9479,0,0,0
5166,9561,0,0,0
5166,9562,10,0,10
5166,9563,0,0,0
5166,9564,91,56,35
5166,9565,0,0,0
5166,9571,0,0,0
5166,9572,14,14,0
5166,9573,0,0,0
5166,9574,0,0,0
5166,9575,0,0,0
5166,9576,0,0,0
5166,9577,0,0,0
5166,9661,0,0,0
5166,9662,0,0,0
5166,9663,18,18,0
5166,9671,14,0,14
5166,9672,0,0,0
5166,9673,0,0,0
5166,9674,0,0,0
5166,9675,0,0,0
5166,9676,0,0,0
5166,9677,0,0,0
5166,9678,0,0,0
5166,9679,12,0,12
5166,9761,27,13,14
5166,9762,0,0,0
5166,9763,0,0,0
5166,9764,0,0,0
5166,9771,0,0,0
5166,9772,15,15,0
5166,9773,0,0,0
5166,9774,0,0,0
5166,9775,41,0,41
5166,9776,11,11,0
5166,9777,0,0,0
5166,9778,0,0,0
5166,9779,13,13,0
5166,9780,0,0,0
5166,10041,39,17,22
5166,10042,0,0,0
5166,10043,0,0,0
5166,10044,0,0,0
5166,10045,0,0,0
5166,10046,0,0,0
5166,11000,465,209,256
5166,12051,0,0,0
5166,12052,0,0,0
5166,12053,0,0,0
5166,12054,14,14,0
5166,12060,0,0,0
5166,12061,39,39,0
5166,12062,0,0,0
5166,12063,14,14,0
5166,12064,13,13,0
5166,12065,0,0,0
5166,12066,0,0,0
5166,12067,14,14,0
5166,12068,0,0,0
5166,12069,18,0,18
5166,12070,0,0,0
5166,12071,0,0,0
5166,12072,32,12,20
5166,12073,0,0,0
5166,13003,0,0,0
5166,13004,0,0,0
5166,13071,0,0,0
5166,13072,0,0,0
5166,13073,0,0,0
5166,13074,0,0,0
5166,13075,0,0,0
5166,13076,0,0,0
5166,14511,0,0,0
5166,14521,10,10,0
5166,14522,0,0,0
5166,14523,0,0,0
5166,14524,12,12,0
5166,14612,39,39,0
5166,14625,11,11,0
5166,14626,10,10,0
5166,14627,0,0,0
5166,14628,0,0,0
5166,14713,57,42,15
5166,14729,13,13,0
5166,14730,12,12,0
5166,15001,0,0,0
5166,15002,14,14,0
5166,15003,0,0,0
5166,15081,0,0,0
5166,15082,22,22,0
5166,15083,13,13,0
5166,15084,0,0,0
5166,15085,0,0,0
5166,15086,0,0,0
5166,15087,10,10,0
5166,15088,19,19,0
5166,15089,38,38,0
5166,15090,0,0,0
5166,15091,0,0,0
5166,16051,18,18,0
5166,16052,0,0,0
5166,16053,17,0,17
5166,16054,0,0,0
5166,16055,12,12,0
5166,16056,0,0,0
5166,16061,0,0,0
5166,16062,0,0,0
5166,16063,16,16,0
5166,16064,0,0,0
5166,16065,0,0,0
5166,16066,0,0,0
5166,16067,0,0,0
5166,16068,0,0,0
5166,16069,0,0,0
5166,16070,0,0,0
5166,16071,0,0,0
5166,16072,0,0,0
5166,16073,0,0,0
5166,16074,0,0,0
5166,16075,0,0,0
5166,16076,0,0,0
5166,16077,0,0,0
5170,1001,0,0,0
5170,1002,24,0,24
5170,1003,10,0,10
5170,1004,26,0,26
5170,1051,14,14,0
5170,1053,0,0,0
5170,1054,20,20,0
5170,1055,12,12,0
5170,1056,28,13,15
5170,1057,0,0,0
5170,1058,15,15,0
5170,1059,0,0,0
5170,1060,72,11,61
5170,1061,0,0,0
5170,1062,37,11,26
5170,2000,465,91,374
5170,3101,19,0,19
5170,3102,11,11,0
5170,3103,14,0,14
5170,3151,0,0,0
5170,3153,12,12,0
5170,3154,0,0,0
5170,3155,0,0,0
5170,3157,14,14,0
5170,3158,0,0,0
5170,3159,45,28,17
5170,3241,285,185,100
5170,3251,28,12,16
5170,3252,18,18,0
5170,3254,42,25,17
5170,3255,0,0,0
5170,3256,26,16,10
5170,3257,33,16,17
5170,3351,13,13,0
5170,3352,14,14,0
5170,3353,27,14,13
5170,3354,0,0,0
5170,3355,12,12,0
5170,3356,0,0,0
5170,3357,25,0,25
5170,3358,26,12,14
5170,3359,46,29,17
5170,3360,0,0,0
5170,3361,12,12,0
5170,3401,0,0,0
5170,3402,58,58,0
5170,3403,31,14,17
5170,3404,86,19,67
5170,3405,17,0,17
5170,3451,0,0,0
5170,3452,60,25,35
5170,3453,28,13,15
5170,3454,252,168,84
5170,3455,0,0,0
5170,3456,82,29,53
5170,3457,21,21,0
5170,3458,0,0,0
5170,3459,175,142,33
5170,3460,0,0,0
5170,3461,0,0,0
5170,3462,0,0,0
5170,4011,181,43,138
5170,4012,0,0,0
5170,5111,7799,919,6880
5170,5112,37409,12927,24482
5170,5113,7133,1760,5373
5170,5114,7638,1952,5686
5170,5116,871,293,578
5170,5117,3583,1034,2549
5170,5119,8302,3204,5098
5170,5120,101,44,57
5170,5122,169,71,98
5170,5124,350,136,214
5170,5154,17209,9674,7535
5170,5158,2325,554,1771
5170,5162,2146,744,1402
5170,5166,3114,1388,1726
5170,5170,0,0,0
5170,5314,264,100,164
5170,5315,1461,371,1090
5170,5316,279,50,229
5170,5334,319,163,156
5170,5358,155,61,94
5170,5362,470,184,286
5170,5366,79,55,24
5170,5370,262,171,91
5170,5374,118,33,85
5170,5378,159,82,77
5170,5382,308,210,98
5170,5512,2161,939,1222
5170,5513,1884,691,1193
5170,5515,545,98,447
5170,5554,9295,4693,4602
5170,5558,506,364,142
5170,5562,4856,2558,2298
5170,5566,240,93,147
5170,5570,121,57,64
5170,5711,127,36,91
5170,5754,206,97,109
5170,5758,51,31,20
5170,5762,32,11,21
5170,5766,58,32,26
5170,5770,63,25,38
5170,5774,128,92,36
5170,5911,1054,377,677
5170,5913,1156,351,805
5170,5914,170,61,109
5170,5915,382,300,82
5170,5916,798,282,516
5170,5954,422,157,265
5170,5958,80,46,34
5170,5962,148,64,84
5170,5966,29,10,19
5170,5970,80,22,58
5170,5974,102,51,51
5170,5978,479,274,205
5170,6411,40,14,26
5170,6412,352,32,320
5170,6413,20,0,20
5170,6414,67,19,48
5170,6431,44,17,27
5170,6432,61,46,15
5170,6433,45,21,24
5170,6434,56,0,56
5170,6435,73,15,58
5170,6436,82,12,70
5170,6437,0,0,0
5170,6438,99,20,79
5170,6439,30,11,19
5170,6440,61,18,43
5170,6531,41,18,23
5170,6532,83,23,60
5170,6533,18,18,0
5170,6534,13,13,0
5170,6535,0,0,0
5170,6611,36,15,21
5170,6631,26,11,15
5170,6632,0,0,0
5170,6633,22,22,0
5170,6634,25,15,10
5170,6635,11,11,0
5170,6636,0,0,0
5170,7111,27,10,17
5170,7131,22,22,0
5170,7132,21,21,0
5170,7133,13,0,13
5170,7134,0,0,0
5170,7135,0,0,0
5170,7137,44,30,14
5170,7138,55,25,30
5170,7140,0,0,0
5170,7141,25,0,25
5170,7143,50,15,35
5170,7211,10,10,0
5170,7231,28,28,0
5170,7232,21,0,21
5170,7233,0,0,0
5170,7235,0,0,0
5170,7311,0,0,0
5170,7312,0,0,0
5170,7313,0,0,0
5170,7314,30,11,19
5170,7315,29,10,19
5170,7316,0,0,0
5170,7317,0,0,0
5170,7318,12,12,0
5170,7319,24,13,11
5170,7320,0,0,0
5170,7331,16,16,0
5170,7332,0,0,0
5170,7333,0,0,0
5170,7334,0,0,0
5170,7335,0,0,0
5170,7336,0,0,0
5170,7337,0,0,0
5170,7338,0,0,0
5170,7339,32,14,18
5170,7340,0,0,0
5170,8111,142,24,118
5170,8115,74,24,50
5170,8116,51,11,40
5170,8117,18,0,18
5170,8118,74,22,52
5170,8119,38,14,24
5170,8121,15,15,0
5170,8125,66,28,38
5170,8126,29,0,29
5170,8127,0,0,0
5170,8128,17,0,17
5170,8135,0,0,0
5170,8136,14,0,14
5170,8211,25,0,25
5170,8212,66,15,51
5170,8215,63,14,49
5170,8216,13,0,13
5170,8221,12,0,12
5170,8222,84,13,71
5170,8225,0,0,0
5170,8226,72,24,48
5170,8231,12,0,12
5170,8235,0,0,0
5170,8236,11,0,11
5170,8237,0,0,0
5170,8311,12,0,12
5170,8315,12,0,12
5170,8316,16,16,0
5170,8317,42,13,29
5170,8325,0,0,0
5170,8326,0,0,0
5170,8327,0,0,0
5170,8335,0,0,0
5170,8336,56,32,24
5170,8337,15,15,0
5170,8415,15,0,15
5170,8416,20,0,20
5170,8417,0,0,0
5170,8421,19,0,19
5170,8425,0,0,0
5170,8426,10,10,0
5170,8435,0,0,0
5170,8436,15,0,15
5170,8437,0,0,0
5170,9161,16,0,16
5170,9162,344,56,288
5170,9163,0,0,0
5170,9171,0,0,0
5170,9172,13,0,13
5170,9173,0,0,0
5170,9174,0,0,0
5170,9175,0,0,0
5170,9176,0,0,0
5170,9177,11,0,11
5170,9178,25,0,25
5170,9179,0,0,0
5170,9180,0,0,0
5170,9181,0,0,0
5170,9182,13,0,13
5170,9183,0,0,0
5170,9184,126,19,107
5170,9185,0,0,0
5170,9186,0,0,0
5170,9187,11,11,0
5170,9188,10,0,10
5170,9189,0,0,0
5170,9190,0,0,0
5170,9261,0,0,0
5170,9262,0,0,0
5170,9263,0,0,0
5170,9271,0,0,0
5170,9272,0,0,0
5170,9273,0,0,0
5170,9274,0,0,0
5170,9275,0,0,0
5170,9276,0,0,0
5170,9277,0,0,0
5170,9278,0,0,0
5170,9279,0,0,0
5170,9361,0,0,0
5170,9362,74,12,62
5170,9363,0,0,0
5170,9371,0,0,0
5170,9372,0,0,0
5170,9373,41,12,29
5170,9374,0,0,0
5170,9375,10,10,0
5170,9376,0,0,0
5170,9377,0,0,0
5170,9461,0,0,0
5170,9462,0,0,0
5170,9463,0,0,0
5170,9464,0,0,0
5170,9471,0,0,0
5170,9472,0,0,0
5170,9473,0,0,0
5170,9474,0,0,0
5170,9475,0,0,0
5170,9476,0,0,0
5170,9477,0,0,0
5170,9478,0,0,0
5170,9479,0,0,0
5170,9561,0,0,0
5170,9562,12,0,12
5170,9563,0,0,0
5170,9564,79,19,60
5170,9565,0,0,0
5170,9571,0,0,0
5170,9572,0,0,0
5170,9573,0,0,0
5170,9574,0,0,0
5170,9575,0,0,0
5170,9576,0,0,0
5170,9577,0,0,0
5170,9661,0,0,0
5170,9662,0,0,0
5170,9663,16,0,16
5170,9671,21,0,21
5170,9672,0,0,0
5170,9673,0,0,0
5170,9674,0,0,0
5170,9675,0,0,0
5170,9676,14,0,14
5170,9677,15,0,15
5170,9678,0,0,0
5170,9679,0,0,0
5170,9761,32,18,14
5170,9762,0,0,0
5170,9763,0,0,0
5170,9764,0,0,0
5170,9771,0,0,0
5170,9772,0,0,0
5170,9773,0,0,0
5170,9774,0,0,0
5170,9775,13,0,13
5170,9776,0,0,0
5170,9777,0,0,0
5170,9778,0,0,0
5170,9779,0,0,0
5170,9780,0,0,0
5170,10041,38,13,25
5170,10042,0,0,0
5170,10043,0,0,0
5170,10044,0,0,0
5170,10045,0,0,0
5170,10046,0,0,0
5170,11000,635,326,309
5170,12051,0,0,0
5170,12052,11,11,0
5170,12053,0,0,0
5170,12054,37,11,26
5170,12060,17,17,0
5170,12061,20,20,0
5170,12062,21,21,0
5170,12063,27,17,10
5170,12064,11,0,11
5170,12065,17,17,0
5170,12066,14,14,0
5170,12067,0,0,0
5170,12068,0,0,0
5170,12069,10,0,10
5170,12070,0,0,0
5170,12071,0,0,0
5170,12072,0,0,0
5170,12073,0,0,0
5170,13003,12,12,0
5170,13004,0,0,0
5170,13071,54,42,12
5170,13072,17,17,0
5170,13073,88,88,0
5170,13074,0,0,0
5170,13075,13,13,0
5170,13076,10,10,0
5170,14511,40,0,40
5170,14521,0,0,0
5170,14522,25,25,0
5170,14523,11,11,0
5170,14524,31,31,0
5170,14612,81,81,0
5170,14625,34,34,0
5170,14626,76,76,0
5170,14627,34,34,0
5170,14628,68,68,0
5170,14713,120,98,22
5170,14729,37,37,0
5170,14730,12,12,0
5170,15001,0,0,0
5170,15002,16,16,0
5170,15003,39,29,10
5170,15081,0,0,0
5170,15082,19,19,0
5170,15083,18,18,0
5170,15084,12,12,0
5170,15085,13,13,0
5170,15086,14,14,0
5170,15087,11,11,0
5170,15088,30,19,11
5170,15089,24,24,0
5170,15090,0,0,0
5170,15091,0,0,0
5170,16051,41,22,19
5170,16052,0,0,0
5170,16053,0,0,0
5170,16054,0,0,0
5170,16055,0,0,0
5170,16056,0,0,0
5170,16061,0,0,0
5170,16062,12,0,12
5170,16063,33,0,33
5170,16064,0,0,0
5170,16065,0,0,0
5170,16066,0,0,0
5170,16067,0,0,0
5170,16068,0,0,0
5170,16069,0,0,0
5170,16070,0,0,0
5170,16071,0,0,0
5170,16072,0,0,0
5170,16073,0,0,0
5170,16074,0,0,0
5170,16075,0,0,0
5170,16076,0,0,0
5170,16077,0,0,0
5314,1001,0,0,0
5314,1002,73,49,24
5314,1003,34,19,15
5314,1004,0,0,0
5314,1051,0,0,0
5314,1053,28,16,12
5314,1054,0,0,0
5314,1055,17,17,0
5314,1056,50,36,14
5314,1057,16,16,0
5314,1058,50,50,0
5314,1059,11,11,0
5314,1060,34,22,12
5314,1061,13,13,0
5314,1062,33,33,0
5314,2000,735,369,366
5314,3101,56,39,17
5314,3102,0,0,0
5314,3103,14,0,14
5314,3151,16,16,0
5314,3153,25,25,0
5314,3154,10,10,0
5314,3155,16,16,0
5314,3157,24,24,0
5314,3158,0,0,0
5314,3159,105,82,23
5314,3241,350,220,130
5314,3251,40,40,0
5314,3252,51,51,0
5314,3254,42,26,16
5314,3255,0,0,0
5314,3256,40,40,0
5314,3257,30,30,0
5314,3351,22,22,0
5314,3352,15,15,0
5314,3353,25,25,0
5314,3354,0,0,0
5314,3355,34,20,14
5314,3356,0,0,0
5314,3357,18,18,0
5314,3358,11,0,11
5314,3359,16,16,0
5314,3360,10,10,0
5314,3361,33,33,0
5314,3401,10,10,0
5314,3402,0,0,0
5314,3403,45,22,23
5314,3404,56,29,27
5314,3405,15,15,0
5314,3451,12,12,0
5314,3452,17,17,0
5314,3453,12,0,12
5314,3454,49,26,23
5314,3455,13,13,0
5314,3456,13,13,0
5314,3457,15,15,0
5314,3458,13,13,0
5314,3459,43,33,10
5314,3460,0,0,0
5314,3461,0,0,0
5314,3462,29,29,0
5314,4011,174,95,79
5314,4012,0,0,0
5314,5111,2288,875,1413
5314,5112,344,192,152
5314,5113,620,338,282
5314,5114,190,123,67
5314,5116,225,160,65
5314,5117,112,87,25
5314,5119,193,90,103
5314,5120,191,115,76
5314,5122,205,156,49
5314,5124,369,235,134
5314,5154,197,153,44
5314,5158,906,572,334
5314,5162,951,629,322
5314,5166,228,164,64
5314,5170,264,164,100
5314,5314,0,0,0
5314,5315,24578,12683,11895
5314,5316,833,471,362
5314,5334,1035,707,328
5314,5358,774,559,215
5314,5362,7268,4889,2379
5314,5366,4181,3379,802
5314,5370,242,198,44
5314,5374,849,603,246
5314,5378,1952,1571,381
5314,5382,63205,48556,14649
5314,5512,47,47,0
5314,5513,92,57,35
5314,5515,295,180,115
5314,5554,83,59,24
5314,5558,55,42,13
5314,5562,204,134,70
5314,5566,79,47,32
5314,5570,67,53,14
5314,5711,115,69,46
5314,5754,88,49,39
5314,5758,37,26,11
5314,5762,16,16,0
5314,5766,64,49,15
5314,5770,34,23,11
5314,5774,85,57,28
5314,5911,242,154,88
5314,5913,350,195,155
5314,5914,94,57,37
5314,5915,35,25,10
5314,5916,54,41,13
5314,5954,204,120,84
5314,5958,106,87,19
5314,5962,141,101,40
5314,5966,233,61,172
5314,5970,270,146,124
5314,5974,89,59,30
5314,5978,160,77,83
5314,6411,133,60,73
5314,6412,1127,390,737
5314,6413,49,30,19
5314,6414,169,86,83
5314,6431,52,32,20
5314,6432,129,80,49
5314,6433,98,50,48
5314,6434,228,82,146
5314,6435,113,72,41
5314,6436,350,88,262
5314,6437,15,15,0
5314,6438,160,81,79
5314,6439,73,50,23
5314,6440,107,84,23
5314,6531,102,82,20
5314,6532,61,42,19
5314,6533,115,92,23
5314,6534,95,64,31
5314,6535,23,23,0
5314,6611,62,34,28
5314,6631,160,160,0
5314,6632,68,68,0
5314,6633,34,34,0
5314,6634,20,20,0
5314,6635,12,12,0
5314,6636,0,0,0
5314,7111,824,441,383
5314,7131,8619,7588,1031
5314,7132,580,496,84
5314,7133,56,40,16
5314,7134,11,11,0
5314,7135,83,83,0
5314,7137,1276,1007,269
5314,7138,4673,3872,801
5314,7140,109,87,22
5314,7141,182,162,20
5314,7143,452,352,100
5314,7211,119,87,32
5314,7231,52,34,18
5314,7232,106,90,16
5314,7233,180,156,24
5314,7235,52,40,12
5314,7311,0,0,0
5314,7312,27,15,12
5314,7313,0,0,0
5314,7314,40,21,19
5314,7315,265,110,155
5314,7316,15,15,0
5314,7317,0,0,0
5314,7318,0,0,0
5314,7319,11,11,0
5314,7320,11,11,0
5314,7331,27,27,0
5314,7332,24,24,0
5314,7333,0,0,0
5314,7334,24,24,0
5314,7335,14,14,0
5314,7336,0,0,0
5314,7337,14,14,0
5314,7338,39,27,12
5314,7339,73,58,15
5314,7340,12,12,0
5314,8111,248,136,112
5314,8115,68,43,25
5314,8116,119,78,41
5314,8117,27,16,11
5314,8118,114,67,47
5314,8119,54,39,15
5314,8121,10,10,0
5314,8125,61,19,42
5314,8126,0,0,0
5314,8127,17,17,0
5314,8128,29,19,10
5314,8135,0,0,0
5314,8136,30,17,13
5314,8211,11,0,11
5314,8212,101,56,45
5314,8215,73,44,29
5314,8216,20,20,0
5314,8221,107,67,40
5314,8222,155,82,73
5314,8225,10,10,0
5314,8226,97,58,39
5314,8231,0,0,0
5314,8235,0,0,0
5314,8236,16,16,0
5314,8237,0,0,0
5314,8311,117,73,44
5314,8315,27,27,0
5314,8316,21,21,0
5314,8317,78,54,24
5314,8325,0,0,0
5314,8326,15,15,0
5314,8327,0,0,0
5314,8335,48,36,12
5314,8336,34,12,22
5314,8337,0,0,0
5314,8415,49,33,16
5314,8416,56,38,18
5314,8417,14,14,0
5314,8421,30,12,18
5314,8425,12,12,0
5314,8426,10,10,0
5314,8435,27,27,0
5314,8436,27,27,0
5314,8437,10,10,0
5314,9161,16,16,0
5314,9162,887,397,490
5314,9163,0,0,0
5314,9171,22,22,0
5314,9172,0,0,0
5314,9173,10,10,0
5314,9174,14,14,0
5314,9175,18,18,0
5314,9176,14,14,0
5314,9177,11,11,0
5314,9178,78,17,61
5314,9179,31,31,0
5314,9180,13,13,0
5314,9181,0,0,0
5314,9182,0,0,0
5314,9183,14,14,0
5314,9184,212,62,150
5314,9185,0,0,0
5314,9186,13,13,0
5314,9187,23,23,0
5314,9188,33,20,13
5314,9189,13,0,13
5314,9190,14,14,0
5314,9261,0,0,0
5314,9262,0,0,0
5314,9263,0,0,0
5314,9271,0,0,0
5314,9272,0,0,0
5314,9273,11,11,0
5314,9274,0,0,0
5314,9275,0,0,0
5314,9276,0,0,0
5314,9277,0,0,0
5314,9278,0,0,0
5314,9279,0,0,0
5314,9361,0,0,0
5314,9362,70,21,49
5314,9363,0,0,0
5314,9371,0,0,0
5314,9372,0,0,0
5314,9373,22,11,11
5314,9374,20,20,0
5314,9375,18,18,0
5314,9376,0,0,0
5314,9377,0,0,0
5314,9461,0,0,0
5314,9462,13,13,0
5314,9463,0,0,0
5314,9464,0,0,0
5314,9471,0,0,0
5314,9472,0,0,0
5314,9473,0,0,0
5314,9474,0,0,0
5314,9475,12,0,12
5314,9476,0,0,0
5314,9477,0,0,0
5314,9478,0,0,0
5314,9479,0,0,0
5314,9561,0,0,0
5314,9562,26,14,12
5314,9563,19,19,0
5314,9564,154,52,102
5314,9565,0,0,0
5314,9571,11,11,0
5314,9572,23,11,12
5314,9573,0,0,0
5314,9574,11,11,0
5314,9575,0,0,0
5314,9576,0,0,0
5314,9577,0,0,0
5314,9661,11,11,0
5314,9662,0,0,0
5314,9663,58,46,12
5314,9671,27,15,12
5314,9672,0,0,0
5314,9673,0,0,0
5314,9674,0,0,0
5314,9675,33,33,0
5314,9676,12,12,0
5314,9677,15,15,0
5314,9678,11,11,0
5314,9679,41,41,0
5314,9761,43,30,13
5314,9762,0,0,0
5314,9763,0,0,0
5314,9764,0,0,0
5314,9771,0,0,0
5314,9772,21,21,0
5314,9773,0,0,0
5314,9774,0,0,0
5314,9775,15,15,0
5314,9776,0,0,0
5314,9777,0,0,0
5314,9778,0,0,0
5314,9779,0,0,0
5314,9780,12,12,0
5314,10041,79,53,26
5314,10042,0,0,0
5314,10043,12,12,0
5314,10044,16,16,0
5314,10045,27,27,0
5314,10046,10,10,0
5314,11000,3656,2729,927
5314,12051,0,0,0
5314,12052,15,15,0
5314,12053,0,0,0
5314,12054,98,70,28
5314,12060,40,40,0
5314,12061,24,24,0
5314,12062,10,10,0
5314,12063,33,33,0
5314,12064,34,34,0
5314,12065,48,48,0
5314,12066,0,0,0
5314,12067,25,25,0
5314,12068,0,0,0
5314,12069,86,74,12
5314,12070,0,0,0
5314,12071,0,0,0
5314,12072,24,24,0
5314,12073,0,0,0
5314,13003,31,20,11
5314,13004,10,10,0
5314,13071,12,12,0
5314,13072,11,11,0
5314,13073,10,10,0
5314,13074,16,16,0
5314,13075,19,19,0
5314,13076,13,13,0
5314,14511,31,17,14
5314,14521,12,12,0
5314,14522,0,0,0
5314,14523,0,0,0
5314,14524,12,12,0
5314,14612,112,79,33
5314,14625,0,0,0
5314,14626,0,0,0
5314,14627,0,0,0
5314,14628,13,13,0
5314,14713,165,126,39
5314,14729,16,16,0
5314,14730,18,18,0
5314,15001,0,0,0
5314,15002,47,34,13
5314,15003,30,30,0
5314,15081,0,0,0
5314,15082,27,15,12
5314,15083,0,0,0
5314,15084,0,0,0
5314,15085,13,13,0
5314,15086,10,10,0
5314,15087,0,0,0
5314,15088,18,18,0
5314,15089,0,0,0
5314,15090,0,0,0
5314,15091,14,14,0
5314,16051,46,35,11
5314,16052,0,0,0
5314,16053,35,18,17
5314,16054,0,0,0
5314,16055,0,0,0
5314,16056,0,0,0
5314,16061,0,0,0
5314,16062,0,0,0
5314,16063,38,38,0
5314,16064,0,0,0
5314,16065,0,0,0
5314,16066,10,10,0
5314,16067,0,0,0
5314,16068,0,0,0
5314,16069,0,0,0
5314,16070,10,10,0
5314,16071,0,0,0
5314,16072,0,0,0
5314,16073,0,0,0
5314,16074,0,0,0
5314,16075,0,0,0
5314,16076,0,0,0
5314,16077,0,0,0
5315,1001,94,77,17
5315,1002,374,193,181
5315,1003,128,87,41
5315,1004,72,47,25
5315,1051,38,38,0
5315,1053,99,89,10
5315,1054,106,74,32
5315,1055,85,85,0
5315,1056,227,190,37
5315,1057,53,53,0
5315,1058,162,147,15
5315,1059,86,58,28
5315,1060,267,189,78
5315,1061,153,65,88
5315,1062,217,162,55
5315,2000,4044,2327,1717
5315,3101,187,130,57
5315,3102,21,21,0
5315,3103,85,45,40
5315,3151,73,62,11
5315,3153,86,66,20
5315,3154,24,24,0
5315,3155,78,51,27
5315,3157,58,58,0
5315,3158,39,39,0
5315,3159,298,233,65
5315,3241,1382,907,475
5315,3251,113,87,26
5315,3252,67,56,11
5315,3254,137,114,23
5315,3255,37,26,11
5315,3256,35,35,0
5315,3257,89,73,16
5315,3351,111,89,22
5315,3352,71,59,12
5315,3353,224,207,17
5315,3354,14,14,0
5315,3355,137,97,40
5315,3356,56,42,14
5315,3357,77,62,15
5315,3358,68,68,0
5315,3359,99,88,11
5315,3360,33,33,0
5315,3361,72,51,21
5315,3401,42,27,15
5315,3402,27,14,13
5315,3403,152,111,41
5315,3404,219,144,75
5315,3405,29,29,0
5315,3451,50,39,11
5315,3452,135,88,47
5315,3453,72,53,19
5315,3454,348,229,119
5315,3455,32,32,0
5315,3456,115,72,43
5315,3457,143,133,10
5315,3458,76,76,0
5315,3459,260,186,74
5315,3460,78,58,20
5315,3461,29,29,0
5315,3462,20,20,0
5315,4011,580,389,191
5315,4012,40,23,17
5315,5111,20228,8289,11939
5315,5112,3153,2258,895
5315,5113,3639,2097,1542
5315,5114,1905,1298,607
5315,5116,2551,1731,820
5315,5117,915,630,285
5315,5119,1017,639,378
5315,5120,1650,917,733
5315,5122,2943,2193,750
5315,5124,4134,2766,1368
5315,5154,914,669,245
5315,5158,11090,6744,4346
5315,5162,16834,11851,4983
5315,5166,1852,1412,440
5315,5170,1461,1090,371
5315,5314,24578,11895,12683
5315,5315,0,0,0
5315,5316,22459,13425,9034
5315,5334,7461,5164,2297
5315,5358,8427,6595,1832
5315,5362,83113,62873,20240
5315,5366,9548,8145,1403
5315,5370,1959,1561,398
5315,5374,7552,5682,1870
5315,5378,37246,28120,9126
5315,5382,44739,35680,9059
5315,5512,260,224,36
5315,5513,802,526,276
5315,5515,1242,674,568
5315,5554,517,395,122
5315,5558,332,281,51
5315,5562,1599,1187,412
5315,5566,492,344,148
5315,5570,267,210,57
5315,5711,611,345,266
5315,5754,367,220,147
5315,5758,172,133,39
5315,5762,118,96,22
5315,5766,295,234,61
5315,5770,219,151,68
5315,5774,365,268,97
5315,5911,1530,1126,404
5315,5913,2476,1560,916
5315,5914,529,379,150
5315,5915,306,249,57
5315,5916,416,348,68
5315,5954,1256,968,288
5315,5958,371,252,119
5315,5962,798,562,236
5315,5966,730,416,314
5315,5970,1237,790,447
5315,5974,386,309,77
5315,5978,987,691,296
5315,6411,361,204,157
5315,6412,4676,1483,3193
5315,6413,302,248,54
5315,6414,701,380,321
5315,6431,300,217,83
5315,6432,331,252,79
5315,6433,487,337,150
5315,6434,828,290,538
5315,6435,508,322,186
5315,6436,907,369,538
5315,6437,58,46,12
5315,6438,754,441,313
5315,6439,355,297,58
5315,6440,403,299,104
5315,6531,373,295,78
5315,6532,234,168,66
5315,6533,316,199,117
5315,6534,261,170,91
5315,6535,62,62,0
5315,6611,259,168,91
5315,6631,199,163,36
5315,6632,115,86,29
5315,6633,113,91,22
5315,6634,94,73,21
5315,6635,97,77,20
5315,6636,69,58,11
5315,7111,637,363,274
5315,7131,2049,1719,330
5315,7132,1003,871,132
5315,7133,137,113,24
5315,7134,69,40,29
5315,7135,140,118,22
5315,7137,863,672,191
5315,7138,2112,1639,473
5315,7140,191,151,40
5315,7141,225,185,40
5315,7143,703,543,160
5315,7211,266,176,90
5315,7231,124,96,28
5315,7232,190,131,59
5315,7233,417,369,48
5315,7235,135,114,21
5315,7311,36,24,12
5315,7312,118,96,22
5315,7313,16,16,0
5315,7314,169,105,64
5315,7315,543,304,239
5315,7316,31,31,0
5315,7317,16,16,0
5315,7318,49,39,10
5315,7319,72,44,28
5315,7320,23,23,0
5315,7331,73,73,0
5315,7332,117,96,21
5315,7333,28,28,0
5315,7334,79,62,17
5315,7335,58,58,0
5315,7336,34,34,0
5315,7337,52,37,15
5315,7338,132,108,24
5315,7339,268,207,61
5315,7340,47,47,0
5315,8111,1170,645,525
5315,8115,296,183,113
5315,8116,558,334,224
5315,8117,159,133,26
5315,8118,419,301,118
5315,8119,289,218,71
5315,8121,94,61,33
5315,8125,214,141,73
5315,8126,62,27,35
5315,8127,82,45,37
5315,8128,64,28,36
5315,8135,62,43,19
5315,8136,108,72,36
5315,8211,69,39,30
5315,8212,433,257,176
5315,8215,330,251,79
5315,8216,131,96,35
5315,8221,316,177,139
5315,8222,756,311,445
5315,8225,87,52,35
5315,8226,469,338,131
5315,8231,108,57,51
5315,8235,67,49,18
5315,8236,115,92,23
5315,8237,20,20,0
5315,8311,301,214,87
5315,8315,149,121,28
5315,8316,86,69,17
5315,8317,199,134,65
5315,8325,39,29,10
5315,8326,100,80,20
5315,8327,63,42,21
5315,8335,217,138,79
5315,8336,111,53,58
5315,8337,48,27,21
5315,8415,154,110,44
5315,8416,286,131,155
5315,8417,69,56,13
5315,8421,125,73,52
5315,8425,70,70,0
5315,8426,65,35,30
5315,8435,77,58,19
5315,8436,90,60,30
5315,8437,67,45,22
5315,9161,110,66,44
5315,9162,3726,1774,1952
5315,9163,44,44,0
5315,9171,30,30,0
5315,9172,53,22,31
5315,9173,68,48,20
5315,9174,117,97,20
5315,9175,108,81,27
5315,9176,29,29,0
5315,9177,98,77,21
5315,9178,349,161,188
5315,9179,183,160,23
5315,9180,27,27,0
5315,9181,95,74,21
5315,9182,76,56,20
5315,9183,40,40,0
5315,9184,916,284,632
5315,9185,24,24,0
5315,9186,93,51,42
5315,9187,112,87,25
5315,9188,133,91,42
5315,9189,61,37,24
5315,9190,48,48,0
5315,9261,36,36,0
5315,9262,53,32,21
5315,9263,11,11,0
5315,9271,51,51,0
5315,9272,14,14,0
5315,9273,64,64,0
5315,9274,39,39,0
5315,9275,57,41,16
5315,9276,12,12,0
5315,9277,20,20,0
5315,9278,17,17,0
5315,9279,19,19,0
5315,9361,13,13,0
5315,9362,134,82,52
5315,9363,17,17,0
5315,9371,31,20,11
5315,9372,35,25,10
5315,9373,99,49,50
5315,9374,15,15,0
5315,9375,57,57,0
5315,9376,40,40,0
5315,9377,10,10,0
5315,9461,52,39,13
5315,9462,49,28,21
5315,9463,24,14,10
5315,9464,20,20,0
5315,9471,60,47,13
5315,9472,24,24,0
5315,9473,25,25,0
5315,9474,51,38,13
5315,9475,69,25,44
5315,9476,0,0,0
5315,9477,26,15,11
5315,9478,12,12,0
5315,9479,0,0,0
5315,9561,0,0,0
5315,9562,156,100,56
5315,9563,107,81,26
5315,9564,622,351,271
5315,9565,13,13,0
5315,9571,52,42,10
5315,9572,77,49,28
5315,9573,62,62,0
5315,9574,99,71,28
5315,9575,51,51,0
5315,9576,66,56,10
5315,9577,12,12,0
5315,9661,99,47,52
5315,9662,27,16,11
5315,9663,155,92,63
5315,9671,135,105,30
5315,9672,37,37,0
5315,9673,31,16,15
5315,9674,17,17,0
5315,9675,47,29,18
5315,9676,68,45,23
5315,9677,46,34,12
5315,9678,29,29,0
5315,9679,104,77,27
5315,9761,263,185,78
5315,9762,19,19,0
5315,9763,58,31,27
5315,9764,22,22,0
5315,9771,60,60,0
5315,9772,112,81,31
5315,9773,24,24,0
5315,9774,21,21,0
5315,9775,91,71,20
5315,9776,35,20,15
5315,9777,78,78,0
5315,9778,49,35,14
5315,9779,38,26,12
5315,9780,56,43,13
5315,10041,386,254,132
5315,10042,67,47,20
5315,10043,65,65,0
5315,10044,158,136,22
5315,10045,80,64,16
5315,10046,55,45,10
5315,11000,7324,4595,2729
5315,12051,15,15,0
5315,12052,68,54,14
5315,12053,14,14,0
5315,12054,324,181,143
5315,12060,134,108,26
5315,12061,121,106,15
5315,12062,18,18,0
5315,12063,84,84,0
5315,12064,123,91,32
5315,12065,107,93,14
5315,12066,34,34,0
5315,12067,95,66,29
5315,12068,17,17,0
5315,12069,203,138,65
5315,12070,10,10,0
5315,12071,22,22,0
5315,12072,103,93,10
5315,12073,37,37,0
5315,13003,105,89,16
5315,13004,53,35,18
5315,13071,49,49,0
5315,13072,75,75,0
5315,13073,87,75,12
5315,13074,32,32,0
5315,13075,70,60,10
5315,13076,59,59,0
5315,14511,111,67,44
5315,14521,39,39,0
5315,14522,68,68,0
5315,14523,41,41,0
5315,14524,93,77,16
5315,14612,368,302,66
5315,14625,98,84,14
5315,14626,238,226,12
5315,14627,68,58,10
5315,14628,97,97,0
5315,14713,701,576,125
5315,14729,89,89,0
5315,14730,98,84,14
5315,15001,32,32,0
5315,15002,144,116,28
5315,15003,116,103,13
5315,15081,15,15,0
5315,15082,41,41,0
5315,15083,69,69,0
5315,15084,70,70,0
5315,15085,56,44,12
5315,15086,42,42,0
5315,15087,31,31,0
5315,15088,91,77,14
5315,15089,93,93,0
5315,15090,20,20,0
5315,15091,25,25,0
5315,16051,152,117,35
5315,16052,24,24,0
5315,16053,62,41,21
5315,16054,14,14,0
5315,16055,54,42,12
5315,16056,15,15,0
5315,16061,43,33,10
5315,16062,19,19,0
5315,16063,54,54,0
5315,16064,25,25,0
5315,16065,17,17,0
5315,16066,27,27,0
5315,16067,50,38,12
5315,16068,19,19,0
5315,16069,15,15,0
5315,16070,68,56,12
5315,16071,34,34,0
5315,16072,0,0,0
5315,16073,36,36,0
5315,16074,28,28,0
5315,16075,17,17,0
5315,16076,22,22,0
5315,16077,27,27,0
5316,1001,0,0,0
5316,1002,0,0,0
5316,1003,0,0,0
5316,1004,0,0,0
5316,1051,22,22,0
5316,1053,0,0,0
5316,1054,0,0,0
5316,1055,0,0,0
5316,1056,13,13,0
5316,1057,0,0,0
5316,1058,10,10,0
5316,1059,0,0,0
5316,1060,30,17,13
5316,1061,0,0,0
5316,1062,0,0,0
5316,2000,176,49,127
5316,3101,35,35,0
5316,3102,12,12,0
5316,3103,25,25,0
5316,3151,0,0,0
5316,3153,0,0,0
5316,3154,0,0,0
5316,3155,0,0,0
5316,3157,0,0,0
5316,3158,12,12,0
5316,3159,12,12,0
5316,3241,58,34,24
5316,3251,0,0,0
5316,3252,0,0,0
5316,3254,0,0,0
5316,3255,0,0,0
5316,3256,0,0,0
5316,3257,0,0,0
5316,3351,0,0,0
5316,3352,0,0,0
5316,3353,11,11,0
5316,3354,0,0,0
5316,3355,0,0,0
5316,3356,0,0,0
5316,3357,0,0,0
5316,3358,0,0,0
5316,3359,0,0,0
5316,3360,0,0,0
5316,3361,0,0,0
5316,3401,0,0,0
5316,3402,0,0,0
5316,3403,0,0,0
5316,3404,11,11,0
5316,3405,0,0,0
5316,3451,0,0,0
5316,3452,0,0,0
5316,3453,0,0,0
5316,3454,26,16,10
5316,3455,0,0,0
5316,3456,0,0,0
5316,3457,0,0,0
5316,3458,0,0,0
5316,3459,22,22,0
5316,3460,0,0,0
5316,3461,0,0,0
5316,3462,0,0,0
5316,4011,28,13,15
5316,4012,0,0,0
5316,5111,4385,1734,2651
5316,5112,612,379,233
5316,5113,594,255,339
5316,5114,649,441,208
5316,5116,247,109,138
5316,5117,163,99,64
5316,5119,198,95,103
5316,5120,696,312,384
5316,5122,1839,997,842
5316,5124,1118,555,563
5316,5154,102,82,20
5316,5158,8816,3877,4939
5316,5162,2580,1604,976
5316,5166,213,164,49
5316,5170,279,229,50
5316,5314,833,362,471
5316,5315,22459,9034,13425
5316,5316,0,0,0
5316,5334,360,223,137
5316,5358,447,186,261
5316,5362,2739,1708,1031
5316,5366,273,197,76
5316,5370,99,83,16
5316,5374,1230,720,510
5316,5378,13335,8783,4552
5316,5382,1660,1196,464
5316,5512,54,38,16
5316,5513,129,45,84
5316,5515,66,33,33
5316,5554,49,32,17
5316,5558,13,13,0
5316,5562,174,113,61
5316,5566,39,24,15
5316,5570,23,12,11
5316,5711,40,17,23
5316,5754,54,14,40
5316,5758,13,13,0
5316,5762,0,0,0
5316,5766,14,14,0
5316,5770,0,0,0
5316,5774,15,15,0
5316,5911,207,136,71
5316,5913,226,99,127
5316,5914,78,31,47
5316,5915,21,11,10
5316,5916,51,33,18
5316,5954,267,158,109
5316,5958,45,25,20
5316,5962,91,61,30
5316,5966,87,57,30
5316,5970,77,25,52
5316,5974,44,33,11
5316,5978,128,60,68
5316,6411,23,0,23
5316,6412,269,41,228
5316,6413,13,0,13
5316,6414,43,13,30
5316,6431,17,17,0
5316,6432,14,14,0
5316,6433,31,12,19
5316,6434,48,12,36
5316,6435,64,16,48
5316,6436,73,23,50
5316,6437,0,0,0
5316,6438,71,16,55
5316,6439,16,16,0
5316,6440,25,11,14
5316,6531,16,16,0
5316,6532,16,16,0
5316,6533,31,18,13
5316,6534,0,0,0
5316,6535,0,0,0
5316,6611,11,11,0
5316,6631,0,0,0
5316,6632,0,0,0
5316,6633,0,0,0
5316,6634,0,0,0
5316,6635,0,0,0
5316,6636,0,0,0
5316,7111,47,17,30
5316,7131,92,73,19
5316,7132,57,45,12
5316,7133,0,0,0
5316,7134,0,0,0
5316,7135,0,0,0
5316,7137,37,18,19
5316,7138,109,67,42
5316,7140,0,0,0
5316,7141,0,0,0
5316,7143,55,37,18
5316,7211,0,0,0
5316,7231,0,0,0
5316,7232,0,0,0
5316,7233,16,16,0
5316,7235,0,0,0
5316,7311,0,0,0
5316,7312,0,0,0
5316,7313,0,0,0
5316,7314,24,24,0
5316,7315,26,11,15
5316,7316,0,0,0
5316,7317,0,0,0
5316,7318,0,0,0
5316,7319,0,0,0
5316,7320,0,0,0
5316,7331,12,12,0
5316,7332,0,0,0
5316,7333,0,0,0
5316,7334,0,0,0
5316,7335,0,0,0
5316,7336,0,0,0
5316,7337,0,0,0
5316,7338,13,13,0
5316,7339,17,0,17
5316,7340,0,0,0
5316,8111,57,29,28
5316,8115,23,12,11
5316,8116,25,0,25
5316,8117,0,0,0
5316,8118,22,10,12
5316,8119,0,0,0
5316,8121,0,0,0
5316,8125,0,0,0
5316,8126,11,0,11
5316,8127,0,0,0
5316,8128,0,0,0
5316,8135,0,0,0
5316,8136,0,0,0
5316,8211,11,0,11
5316,8212,41,21,20
5316,8215,11,0,11
5316,8216,0,0,0
5316,8221,12,12,0
5316,8222,64,29,35
5316,8225,35,0,35
5316,8226,41,20,21
5316,8231,0,0,0
5316,8235,0,0,0
5316,8236,0,0,0
5316,8237,0,0,0
5316,8311,0,0,0
5316,8315,0,0,0
5316,8316,0,0,0
5316,8317,0,0,0
5316,8325,0,0,0
5316,8326,0,0,0
5316,8327,0,0,0
5316,8335,0,0,0
5316,8336,11,0,11
5316,8337,0,0,0
5316,8415,0,0,0
5316,8416,0,0,0
5316,8417,0,0,0
5316,8421,0,0,0
5316,8425,0,0,0
5316,8426,0,0,0
5316,8435,0,0,0
5316,8436,0,0,0
5316,8437,0,0,0
5316,9161,0,0,0
5316,9162,197,53,144
5316,9163,0,0,0
5316,9171,0,0,0
5316,9172,0,0,0
5316,9173,0,0,0
5316,9174,0,0,0
5316,9175,0,0,0
5316,9176,0,0,0
5316,9177,0,0,0
5316,9178,17,0,17
5316,9179,0,0,0
5316,9180,0,0,0
5316,9181,0,0,0
5316,9182,13,0,13
5316,9183,0,0,0
5316,9184,54,12,42
5316,9185,0,0,0
5316,9186,0,0,0
5316,9187,0,0,0
5316,9188,0,0,0
5316,9189,0,0,0
5316,9190,0,0,0
5316,9261,0,0,0
5316,9262,0,0,0
5316,9263,0,0,0
5316,9271,0,0,0
5316,9272,0,0,0
5316,9273,0,0,0
5316,9274,0,0,0
5316,9275,0,0,0
5316,9276,0,0,0
5316,9277,0,0,0
5316,9278,0,0,0
5316,9279,0,0,0
5316,9361,0,0,0
5316,9362,0,0,0
5316,9363,0,0,0
5316,9371,0,0,0
5316,9372,0,0,0
5316,9373,0,0,0
5316,9374,0,0,0
5316,9375,0,0,0
5316,9376,0,0,0
5316,9377,0,0,0
5316,9461,0,0,0
5316,9462,0,0,0
5316,9463,0,0,0
5316,9464,0,0,0
5316,9471,0,0,0
5316,9472,0,0,0
5316,9473,0,0,0
5316,9474,0,0,0
5316,9475,0,0,0
5316,9476,0,0,0
5316,9477,0,0,0
5316,9478,0,0,0
5316,9479,0,0,0
5316,9561,0,0,0
5316,9562,0,0,0
5316,9563,0,0,0
5316,9564,39,14,25
5316,9565,0,0,0
5316,9571,0,0,0
5316,9572,0,0,0
5316,9573,0,0,0
5316,9574,0,0,0
5316,9575,0,0,0
5316,9576,0,0,0
5316,9577,0,0,0
5316,9661,0,0,0
5316,9662,0,0,0
5316,9663,0,0,0
5316,9671,0,0,0
5316,9672,0,0,0
5316,9673,0,0,0
5316,9674,0,0,0
5316,9675,0,0,0
5316,9676,0,0,0
5316,9677,0,0,0
5316,9678,0,0,0
5316,9679,0,0,0
5316,9761,44,0,44
5316,9762,0,0,0
5316,9763,0,0,0
5316,9764,0,0,0
5316,9771,0,0,0
5316,9772,0,0,0
5316,9773,0,0,0
5316,9774,0,0,0
5316,9775,0,0,0
5316,9776,0,0,0
5316,9777,0,0,0
5316,9778,0,0,0
5316,9779,0,0,0
5316,9780,0,0,0
5316,10041,11,11,0
5316,10042,0,0,0
5316,10043,0,0,0
5316,10044,0,0,0
5316,10045,0,0,0
5316,10046,0,0,0
5316,11000,249,130,119
5316,12051,0,0,0
5316,12052,0,0,0
5316,12053,0,0,0
5316,12054,0,0,0
5316,12060,0,0,0
5316,12061,11,11,0
5316,12062,0,0,0
5316,12063,0,0,0
5316,12064,0,0,0
5316,12065,13,13,0
5316,12066,10,10,0
5316,12067,0,0,0
5316,12068,0,0,0
5316,12069,11,11,0
5316,12070,0,0,0
5316,12071,0,0,0
5316,12072,0,0,0
5316,12073,0,0,0
5316,13003,0,0,0
5316,13004,0,0,0
5316,13071,0,0,0
5316,13072,0,0,0
5316,13073,0,0,0
5316,13074,0,0,0
5316,13075,0,0,0
5316,13076,0,0,0
5316,14511,12,12,0
5316,14521,0,0,0
5316,14522,0,0,0
5316,14523,0,0,0
5316,14524,10,10,0
5316,14612,12,12,0
5316,14625,0,0,0
5316,14626,0,0,0
5316,14627,0,0,0
5316,14628,0,0,0
5316,14713,34,22,12
5316,14729,0,0,0
5316,14730,0,0,0
5316,15001,0,0,0
5316,15002,0,0,0
5316,15003,0,0,0
5316,15081,0,0,0
5316,15082,0,0,0
5316,15083,15,15,0
5316,15084,0,0,0
5316,15085,0,0,0
5316,15086,0,0,0
5316,15087,0,0,0
5316,15088,0,0,0
5316,15089,0,0,0
5316,15090,0,0,0
5316,15091,0,0,0
5316,16051,0,0,0
5316,16052,0,0,0
5316,16053,0,0,0
5316,16054,0,0,0
5316,16055,0,0,0
5316,16056,0,0,0
5316,16061,0,0,0
5316,16062,0,0,0
5316,16063,0,0,0
5316,16064,0,0,0
5316,16065,0,0,0
5316,16066,0,0,0
5316,16067,0,0,0
5316,16068,0,0,0
5316,16069,0,0,0
5316,16070,0,0,0
5316,16071,0,0,0
5316,16072,0,0,0
5316,16073,0,0,0
5316,16074,0,0,0
5316,16075,0,0,0
5316,16076,0,0,0
5316,16077,0,0,0
5334,1001,0,0,0
5334,1002,47,27,20
5334,1003,54,30,24
5334,1004,11,11,0
5334,1051,0,0,0
5334,1053,33,33,0
5334,1054,20,10,10
5334,1055,15,15,0
5334,1056,105,81,24
5334,1057,0,0,0
5334,1058,28,18,10
5334,1059,32,22,10
5334,1060,80,64,16
5334,1061,12,12,0
5334,1062,95,81,14
5334,2000,1125,716,409
5334,3101,79,40,39
5334,3102,22,12,10
5334,3103,53,14,39
5334,3151,13,13,0
5334,3153,13,13,0
5334,3154,0,0,0
5334,3155,44,30,14
5334,3157,12,12,0
5334,3158,0,0,0
5334,3159,99,67,32
5334,3241,250,129,121
5334,3251,13,13,0
5334,3252,18,18,0
5334,3254,32,17,15
5334,3255,0,0,0
5334,3256,0,0,0
5334,3257,31,21,10
5334,3351,22,12,10
5334,3352,28,28,0
5334,3353,92,92,0
5334,3354,0,0,0
5334,3355,44,44,0
5334,3356,0,0,0
5334,3357,16,16,0
5334,3358,26,15,11
5334,3359,42,30,12
5334,3360,10,10,0
5334,3361,10,10,0
5334,3401,0,0,0
5334,3402,0,0,0
5334,3403,31,15,16
5334,3404,38,10,28
5334,3405,0,0,0
5334,3451,10,10,0
5334,3452,10,10,0
5334,3453,0,0,0
5334,3454,60,33,27
5334,3455,0,0,0
5334,3456,64,15,49
5334,3457,13,13,0
5334,3458,0,0,0
5334,3459,62,35,27
5334,3460,0,0,0
5334,3461,0,0,0
5334,3462,0,0,0
5334,4011,184,109,75
5334,4012,10,0,10
5334,5111,2694,617,2077
5334,5112,433,238,195
5334,5113,592,240,352
5334,5114,454,258,196
5334,5116,1836,903,933
5334,5117,123,64,59
5334,5119,193,54,139
5334,5120,99,23,76
5334,5122,95,59,36
5334,5124,338,159,179
5334,5154,247,107,140
5334,5158,870,292,578
5334,5162,1817,781,1036
5334,5166,910,544,366
5334,5170,319,156,163
5334,5314,1035,328,707
5334,5315,7461,2297,5164
5334,5316,360,137,223
5334,5334,0,0,0
5334,5358,25126,15388,9738
5334,5362,3626,1765,1861
5334,5366,1860,979,881
5334,5370,16583,10554,6029
5334,5374,268,105,163
5334,5378,359,202,157
5334,5382,906,528,378
5334,5512,42,19,23
5334,5513,137,42,95
5334,5515,191,104,87
5334,5554,136,58,78
5334,5558,65,46,19
5334,5562,221,131,90
5334,5566,121,68,53
5334,5570,103,67,36
5334,5711,140,41,99
5334,5754,136,43,93
5334,5758,35,19,16
5334,5762,10,0,10
5334,5766,53,29,24
5334,5770,55,27,28
5334,5774,79,35,44
5334,5911,252,140,112
5334,5913,348,136,212
5334,5914,67,37,30
5334,5915,61,36,25
5334,5916,44,22,22
5334,5954,141,79,62
5334,5958,84,38,46
5334,5962,105,58,47
5334,5966,71,29,42
5334,5970,124,63,61
5334,5974,90,50,40
5334,5978,126,69,57
5334,6411,80,39,41
5334,6412,520,119,401
5334,6413,33,19,14
5334,6414,90,39,51
5334,6431,50,25,25
5334,6432,43,24,19
5334,6433,82,46,36
5334,6434,130,36,94
5334,6435,87,28,59
5334,6436,113,33,80
5334,6437,62,0,62
5334,6438,102,37,65
5334,6439,51,23,28
5334,6440,67,45,22
5334,6531,62,40,22
5334,6532,39,19,20
5334,6533,42,20,22
5334,6534,57,41,16
5334,6535,12,12,0
5334,6611,48,22,26
5334,6631,34,17,17
5334,6632,10,10,0
5334,6633,32,17,15
5334,6634,0,0,0
5334,6635,18,18,0
5334,6636,0,0,0
5334,7111,122,56,66
5334,7131,157,112,45
5334,7132,37,18,19
5334,7133,10,10,0
5334,7134,0,0,0
5334,7135,28,28,0
5334,7137,116,67,49
5334,7138,99,54,45
5334,7140,33,20,13
5334,7141,48,23,25
5334,7143,66,39,27
5334,7211,90,47,43
5334,7231,34,21,13
5334,7232,122,41,81
5334,7233,60,33,27
5334,7235,22,22,0
5334,7311,0,0,0
5334,7312,31,20,11
5334,7313,0,0,0
5334,7314,46,19,27
5334,7315,78,40,38
5334,7316,0,0,0
5334,7317,0,0,0
5334,7318,0,0,0
5334,7319,10,0,10
5334,7320,10,10,0
5334,7331,0,0,0
5334,7332,14,14,0
5334,7333,18,18,0
5334,7334,0,0,0
5334,7335,10,10,0
5334,7336,0,0,0
5334,7337,12,12,0
5334,7338,10,10,0
5334,7339,52,31,21
5334,7340,0,0,0
5334,8111,385,202,183
5334,8115,142,47,95
5334,8116,137,84,53
5334,8117,39,25,14
5334,8118,162,85,77
5334,8119,156,84,72
5334,8121,34,17,17
5334,8125,79,32,47
5334,8126,24,0,24
5334,8127,0,0,0
5334,8128,30,15,15
5334,8135,36,11,25
5334,8136,44,23,21
5334,8211,0,0,0
5334,8212,123,53,70
5334,8215,91,45,46
5334,8216,26,12,14
5334,8221,75,43,32
5334,8222,279,166,113
5334,8225,44,44,0
5334,8226,93,47,46
5334,8231,11,0,11
5334,8235,13,13,0
5334,8236,14,14,0
5334,8237,0,0,0
5334,8311,60,26,34
5334,8315,29,15,14
5334,8316,10,0,10
5334,8317,56,24,32
5334,8325,0,0,0
5334,8326,17,0,17
5334,8327,0,0,0
5334,8335,43,26,17
5334,8336,29,12,17
5334,8337,13,0,13
5334,8415,68,41,27
5334,8416,38,21,17
5334,8417,26,15,11
5334,8421,114,91,23
5334,8425,38,38,0
5334,8426,18,18,0
5334,8435,35,11,24
5334,8436,43,13,30
5334,8437,0,0,0
5334,9161,103,39,64
5334,9162,756,278,478
5334,9163,0,0,0
5334,9171,20,20,0
5334,9172,0,0,0
5334,9173,15,15,0
5334,9174,30,19,11
5334,9175,25,14,11
5334,9176,22,11,11
5334,9177,27,14,13
5334,9178,52,22,30
5334,9179,38,23,15
5334,9180,0,0,0
5334,9181,22,11,11
5334,9182,10,0,10
5334,9183,0,0,0
5334,9184,164,36,128
5334,9185,0,0,0
5334,9186,19,0,19
5334,9187,18,18,0
5334,9188,42,21,21
5334,9189,23,11,12
5334,9190,0,0,0
5334,9261,0,0,0
5334,9262,0,0,0
5334,9263,0,0,0
5334,9271,0,0,0
5334,9272,0,0,0
5334,9273,0,0,0
5334,9274,12,0,12
5334,9275,0,0,0
5334,9276,0,0,0
5334,9277,0,0,0
5334,9278,17,17,0
5334,9279,0,0,0
5334,9361,0,0,0
5334,9362,79,0,79
5334,9363,0,0,0
5334,9371,0,0,0
5334,9372,0,0,0
5334,9373,22,22,0
5334,9374,0,0,0
5334,9375,12,12,0
5334,9376,0,0,0
5334,9377,0,0,0
5334,9461,0,0,0
5334,9462,0,0,0
5334,9463,0,0,0
5334,9464,0,0,0
5334,9471,11,11,0
5334,9472,0,0,0
5334,9473,0,0,0
5334,9474,13,13,0
5334,9475,21,0,21
5334,9476,0,0,0
5334,9477,0,0,0
5334,9478,0,0,0
5334,9479,0,0,0
5334,9561,0,0,0
5334,9562,46,0,46
5334,9563,16,16,0
5334,9564,201,130,71
5334,9565,0,0,0
5334,9571,14,14,0
5334,9572,31,21,10
5334,9573,28,28,0
5334,9574,47,47,0
5334,9575,10,0,10
5334,9576,25,25,0
5334,9577,0,0,0
5334,9661,11,0,11
5334,9662,0,0,0
5334,9663,37,10,27
5334,9671,33,15,18
5334,9672,0,0,0
5334,9673,0,0,0
5334,9674,0,0,0
5334,9675,0,0,0
5334,9676,0,0,0
5334,9677,0,0,0
5334,9678,0,0,0
5334,9679,26,26,0
5334,9761,68,33,35
5334,9762,0,0,0
5334,9763,0,0,0
5334,9764,0,0,0
5334,9771,12,12,0
5334,9772,37,22,15
5334,9773,0,0,0
5334,9774,13,13,0
5334,9775,38,38,0
5334,9776,0,0,0
5334,9777,0,0,0
5334,9778,15,15,0
5334,9779,0,0,0
5334,9780,0,0,0
5334,10041,65,36,29
5334,10042,0,0,0
5334,10043,0,0,0
5334,10044,34,14,20
5334,10045,29,15,14
5334,10046,0,0,0
5334,11000,1026,456,570
5334,12051,0,0,0
5334,12052,0,0,0
5334,12053,0,0,0
5334,12054,27,10,17
5334,12060,0,0,0
5334,12061,29,19,10
5334,12062,0,0,0
5334,12063,0,0,0
5334,12064,14,14,0
5334,12065,26,10,16
5334,12066,10,10,0
5334,12067,14,0,14
5334,12068,0,0,0
5334,12069,31,18,13
5334,12070,0,0,0
5334,12071,17,17,0
5334,12072,29,12,17
5334,12073,0,0,0
5334,13003,26,12,14
5334,13004,0,0,0
5334,13071,13,13,0
5334,13072,23,23,0
5334,13073,0,0,0
5334,13074,12,12,0
5334,13075,16,16,0
5334,13076,11,11,0
5334,14511,36,12,24
5334,14521,10,10,0
5334,14522,13,13,0
5334,14523,0,0,0
5334,14524,11,11,0
5334,14612,65,38,27
5334,14625,16,16,0
5334,14626,0,0,0
5334,14627,0,0,0
5334,14628,0,0,0
5334,14713,72,44,28
5334,14729,14,14,0
5334,14730,23,23,0
5334,15001,11,0,11
5334,15002,0,0,0
5334,15003,24,13,11
5334,15081,0,0,0
5334,15082,0,0,0
5334,15083,0,0,0
5334,15084,10,10,0
5334,15085,11,11,0
5334,15086,0,0,0
5334,15087,0,0,0
5334,15088,109,0,109
5334,15089,10,0,10
5334,15090,0,0,0
5334,15091,0,0,0
5334,16051,30,18,12
5334,16052,0,0,0
5334,16053,23,10,13
5334,16054,0,0,0
5334,16055,0,0,0
5334,16056,0,0,0
5334,16061,0,0,0
5334,16062,0,0,0
5334,16063,0,0,0
5334,16064,10,10,0
5334,16065,0,0,0
5334,16066,0,0,0
5334,16067,0,0,0
5334,16068,0,0,0
5334,16069,0,0,0
5334,16070,10,10,0
5334,16071,0,0,0
5334,16072,0,0,0
5334,16073,0,0,0
5334,16074,0,0,0
5334,16075,0,0,0
5334,16076,0,0,0
5334,16077,0,0,0
5358,1001,0,0,0
5358,1002,13,13,0
5358,1003,11,0,11
5358,1004,0,0,0
5358,1051,0,0,0
5358,1053,0,0,0
5358,1054,0,0,0
5358,1055,0,0,0
5358,1056,11,0,11
5358,1057,0,0,0
5358,1058,0,0,0
5358,1059,30,0,30
5358,1060,22,12,10
5358,1061,0,0,0
5358,1062,21,11,10
5358,2000,197,60,137
5358,3101,34,34,0
5358,3102,0,0,0
5358,3103,0,0,0
5358,3151,10,10,0
5358,3153,0,0,0
5358,3154,41,41,0
5358,3155,77,0,77
5358,3157,0,0,0
5358,3158,0,0,0
5358,3159,28,14,14
5358,3241,97,50,47
5358,3251,0,0,0
5358,3252,28,28,0
5358,3254,0,0,0
5358,3255,0,0,0
5358,3256,0,0,0
5358,3257,0,0,0
5358,3351,0,0,0
5358,3352,0,0,0
5358,3353,0,0,0
5358,3354,0,0,0
5358,3355,0,0,0
5358,3356,0,0,0
5358,3357,0,0,0
5358,3358,37,37,0
5358,3359,0,0,0
5358,3360,0,0,0
5358,3361,0,0,0
5358,3401,0,0,0
5358,3402,0,0,0
5358,3403,0,0,0
5358,3404,57,47,10
5358,3405,26,26,0
5358,3451,0,0,0
5358,3452,0,0,0
5358,3453,0,0,0
5358,3454,38,18,20
5358,3455,0,0,0
5358,3456,11,0,11
5358,3457,0,0,0
5358,3458,0,0,0
5358,3459,26,14,12
5358,3460,0,0,0
5358,3461,0,0,0
5358,3462,0,0,0
5358,4011,37,13,24
5358,4012,16,16,0
5358,5111,1494,393,1101
5358,5112,280,150,130
5358,5113,273,75,198
5358,5114,272,155,117
5358,5116,1304,508,796
5358,5117,50,18,32
5358,5119,69,31,38
5358,5120,51,20,31
5358,5122,66,33,33
5358,5124,187,127,60
5358,5154,102,57,45
5358,5158,508,173,335
5358,5162,1735,613,1122
5358,5166,804,305,499
5358,5170,155,94,61
5358,5314,774,215,559
5358,5315,8427,1832,6595
5358,5316,447,261,186
5358,5334,25126,9738,15388
5358,5358,0,0,0
5358,5362,10058,3549,6509
5358,5366,4193,1757,2436
5358,5370,6138,3678,2460
5358,5374,162,57,105
5358,5378,279,144,135
5358,5382,801,384,417
5358,5512,24,24,0
5358,5513,77,22,55
5358,5515,104,56,48
5358,5554,42,27,15
5358,5558,31,31,0
5358,5562,105,54,51
5358,5566,48,24,24
5358,5570,13,0,13
5358,5711,85,68,17
5358,5754,159,120,39
5358,5758,21,11,10
5358,5762,0,0,0
5358,5766,22,22,0
5358,5770,0,0,0
5358,5774,102,92,10
5358,5911,105,51,54
5358,5913,153,50,103
5358,5914,44,30,14
5358,5915,40,28,12
5358,5916,31,21,10
5358,5954,103,69,34
5358,5958,33,16,17
5358,5962,40,23,17
5358,5966,14,0,14
5358,5970,59,29,30
5358,5974,30,18,12
5358,5978,72,48,24
5358,6411,59,0,59
5358,6412,226,86,140
5358,6413,13,13,0
5358,6414,39,0,39
5358,6431,18,0,18
5358,6432,29,19,10
5358,6433,14,0,14
5358,6434,38,0,38
5358,6435,54,21,33
5358,6436,59,0,59
5358,6437,13,0,13
5358,6438,81,12,69
5358,6439,30,11,19
5358,6440,22,12,10
5358,6531,26,14,12
5358,6532,23,13,10
5358,6533,35,21,14
5358,6534,68,54,14
5358,6535,0,0,0
5358,6611,0,0,0
5358,6631,26,26,0
5358,6632,0,0,0
5358,6633,0,0,0
5358,6634,0,0,0
5358,6635,0,0,0
5358,6636,0,0,0
5358,7111,91,66,25
5358,7131,110,76,34
5358,7132,34,21,13
5358,7133,0,0,0
5358,7134,11,11,0
5358,7135,0,0,0
5358,7137,84,53,31
5358,7138,147,107,40
5358,7140,10,0,10
5358,7141,61,36,25
5358,7143,49,34,15
5358,7211,0,0,0
5358,7231,16,16,0
5358,7232,64,27,37
5358,7233,68,44,24
5358,7235,0,0,0
5358,7311,0,0,0
5358,7312,0,0,0
5358,7313,0,0,0
5358,7314,41,41,0
5358,7315,49,36,13
5358,7316,0,0,0
5358,7317,0,0,0
5358,7318,0,0,0
5358,7319,0,0,0
5358,7320,0,0,0
5358,7331,0,0,0
5358,7332,0,0,0
5358,7333,0,0,0
5358,7334,0,0,0
5358,7335,0,0,0
5358,7336,0,0,0
5358,7337,0,0,0
5358,7338,0,0,0
5358,7339,23,13,10
5358,7340,0,0,0
5358,8111,81,23,58
5358,8115,156,0,156
5358,8116,31,10,21
5358,8117,0,0,0
5358,8118,46,26,20
5358,8119,78,30,48
5358,8121,12,0,12
5358,8125,34,13,21
5358,8126,18,0,18
5358,8127,0,0,0
5358,8128,47,33,14
5358,8135,161,0,161
5358,8136,0,0,0
5358,8211,0,0,0
5358,8212,41,25,16
5358,8215,46,21,25
5358,8216,0,0,0
5358,8221,19,0,19
5358,8222,72,28,44
5358,8225,0,0,0
5358,8226,31,12,19
5358,8231,0,0,0
5358,8235,0,0,0
5358,8236,0,0,0
5358,8237,0,0,0
5358,8311,18,18,0
5358,8315,0,0,0
5358,8316,0,0,0
5358,8317,14,0,14
5358,8325,0,0,0
5358,8326,0,0,0
5358,8327,0,0,0
5358,8335,0,0,0
5358,8336,0,0,0
5358,8337,11,0,11
5358,8415,10,10,0
5358,8416,0,0,0
5358,8417,16,16,0
5358,8421,16,0,16
5358,8425,0,0,0
5358,8426,0,0,0
5358,8435,0,0,0
5358,8436,0,0,0
5358,8437,0,0,0
5358,9161,0,0,0
5358,9162,237,112,125
5358,9163,0,0,0
5358,9171,0,0,0
5358,9172,0,0,0
5358,9173,0,0,0
5358,9174,0,0,0
5358,9175,12,0,12
5358,9176,0,0,0
5358,9177,0,0,0
5358,9178,23,12,11
5358,9179,0,0,0
5358,9180,0,0,0
5358,9181,0,0,0
5358,9182,0,0,0
5358,9183,0,0,0
5358,9184,101,41,60
5358,9185,0,0,0
5358,9186,13,0,13
5358,9187,0,0,0
5358,9188,17,0,17
5358,9189,0,0,0
5358,9190,0,0,0
5358,9261,0,0,0
5358,9262,0,0,0
5358,9263,0,0,0
5358,9271,0,0,0
5358,9272,0,0,0
5358,9273,0,0,0
5358,9274,0,0,0
5358,9275,0,0,0
5358,9276,0,0,0
5358,9277,0,0,0
5358,9278,0,0,0
5358,9279,0,0,0
5358,9361,0,0,0
5358,9362,11,0,11
5358,9363,0,0,0
5358,9371,0,0,0
5358,9372,0,0,0
5358,9373,0,0,0
5358,9374,0,0,0
5358,9375,0,0,0
5358,9376,0,0,0
5358,9377,0,0,0
5358,9461,0,0,0
5358,9462,0,0,0
5358,9463,0,0,0
5358,9464,0,0,0
5358,9471,0,0,0
5358,9472,0,0,0
5358,9473,0,0,0
5358,9474,0,0,0
5358,9475,16,0,16
5358,9476,0,0,0
5358,9477,0,0,0
5358,9478,0,0,0
5358,9479,0,0,0
5358,9561,0,0,0
5358,9562,40,29,11
5358,9563,0,0,0
5358,9564,48,26,22
5358,9565,0,0,0
5358,9571,0,0,0
5358,9572,0,0,0
5358,9573,0,0,0
5358,9574,0,0,0
5358,9575,0,0,0
5358,9576,0,0,0
5358,9577,0,0,0
5358,9661,0,0,0
5358,9662,0,0,0
5358,9663,28,28,0
5358,9671,0,0,0
5358,9672,11,11,0
5358,9673,0,0,0
5358,9674,0,0,0
5358,9675,0,0,0
5358,9676,0,0,0
5358,9677,0,0,0
5358,9678,0,0,0
5358,9679,14,14,0
5358,9761,16,16,0
5358,9762,0,0,0
5358,9763,0,0,0
5358,9764,0,0,0
5358,9771,0,0,0
5358,9772,12,12,0
5358,9773,0,0,0
5358,9774,0,0,0
5358,9775,0,0,0
5358,9776,0,0,0
5358,9777,0,0,0
5358,9778,0,0,0
5358,9779,0,0,0
5358,9780,0,0,0
5358,10041,50,34,16
5358,10042,0,0,0
5358,10043,10,10,0
5358,10044,0,0,0
5358,10045,0,0,0
5358,10046,0,0,0
5358,11000,347,135,212
5358,12051,0,0,0
5358,12052,0,0,0
5358,12053,0,0,0
5358,12054,0,0,0
5358,12060,0,0,0
5358,12061,0,0,0
5358,12062,0,0,0
5358,12063,0,0,0
5358,12064,0,0,0
5358,12065,0,0,0
5358,12066,0,0,0
5358,12067,0,0,0
5358,12068,0,0,0
5358,12069,17,0,17
5358,12070,0,0,0
5358,12071,0,0,0
5358,12072,0,0,0
5358,12073,0,0,0
5358,13003,0,0,0
5358,13004,0,0,0
5358,13071,0,0,0
5358,13072,0,0,0
5358,13073,0,0,0
5358,13074,0,0,0
5358,13075,0,0,0
5358,13076,0,0,0
5358,14511,0,0,0
5358,14521,0,0,0
5358,14522,12,12,0
5358,14523,0,0,0
5358,14524,0,0,0
5358,14612,0,0,0
5358,14625,0,0,0
5358,14626,0,0,0
5358,14627,0,0,0
5358,14628,0,0,0
5358,14713,24,11,13
5358,14729,0,0,0
5358,14730,0,0,0
5358,15001,0,0,0
5358,15002,0,0,0
5358,15003,0,0,0
5358,15081,0,0,0
5358,15082,0,0,0
5358,15083,0,0,0
5358,15084,0,0,0
5358,15085,0,0,0
5358,15086,0,0,0
5358,15087,0,0,0
5358,15088,35,16,19
5358,15089,0,0,0
5358,15090,0,0,0
5358,15091,0,0,0
5358,16051,0,0,0
5358,16052,0,0,0
5358,16053,0,0,0
5358,16054,0,0,0
5358,16055,0,0,0
5358,16056,0,0,0
5358,16061,0,0,0
5358,16062,0,0,0
5358,16063,0,0,0
5358,16064,0,0,0
5358,16065,0,0,0
5358,16066,0,0,0
5358,16067,0,0,0
5358,16068,0,0,0
5358,16069,0,0,0
5358,16070,0,0,0
5358,16071,0,0,0
5358,16072,0,0,0
5358,16073,0,0,0
5358,16074,0,0,0
5358,16075,0,0,0
5358,16076,0,0,0
5358,16077,14,14,0
5362,1001,0,0,0
5362,1002,30,0,30
5362,1003,57,20,37
5362,1004,11,0,11
5362,1051,110,110,0
5362,1053,26,15,11
5362,1054,0,0,0
5362,1055,25,25,0
5362,1056,37,24,13
5362,1057,0,0,0
5362,1058,20,20,0
5362,1059,29,14,15
5362,1060,50,19,31
5362,1061,41,21,20
5362,1062,69,37,32
5362,2000,630,184,446
5362,3101,43,28,15
5362,3102,11,11,0
5362,3103,16,0,16
5362,3151,10,10,0
5362,3153,16,16,0
5362,3154,15,15,0
5362,3155,11,0,11
5362,3157,13,13,0
5362,3158,11,11,0
5362,3159,47,28,19
5362,3241,247,84,163
5362,3251,27,17,10
5362,3252,0,0,0
5362,3254,27,17,10
5362,3255,12,12,0
5362,3256,0,0,0
5362,3257,20,20,0
5362,3351,22,11,11
5362,3352,0,0,0
5362,3353,62,35,27
5362,3354,0,0,0
5362,3355,37,24,13
5362,3356,37,10,27
5362,3357,18,18,0
5362,3358,54,37,17
5362,3359,23,23,0
5362,3360,0,0,0
5362,3361,17,17,0
5362,3401,0,0,0
5362,3402,14,14,0
5362,3403,30,16,14
5362,3404,65,34,31
5362,3405,11,11,0
5362,3451,28,14,14
5362,3452,27,16,11
5362,3453,22,12,10
5362,3454,118,66,52
5362,3455,0,0,0
5362,3456,42,21,21
5362,3457,26,16,10
5362,3458,11,11,0
5362,3459,67,39,28
5362,3460,22,0,22
5362,3461,0,0,0
5362,3462,0,0,0
5362,4011,102,44,58
5362,4012,0,0,0
5362,5111,4466,844,3622
5362,5112,886,499,387
5362,5113,890,312,578
5362,5114,530,284,246
5362,5116,1532,704,828
5362,5117,192,109,83
5362,5119,318,158,160
5362,5120,265,109,156
5362,5122,401,229,172
5362,5124,503,249,254
5362,5154,201,126,75
5362,5158,1915,692,1223
5362,5162,8371,3318,5053
5362,5166,925,464,461
5362,5170,470,286,184
5362,5314,7268,2379,4889
5362,5315,83113,20240,62873
5362,5316,2739,1031,1708
5362,5334,3626,1861,1765
5362,5358,10058,6509,3549
5362,5362,0,0,0
5362,5366,8295,5759,2536
5362,5370,1535,1115,420
5362,5374,710,401,309
5362,5378,2612,1558,1054
5362,5382,10361,6845,3516
5362,5512,66,46,20
5362,5513,304,195,109
5362,5515,229,98,131
5362,5554,138,92,46
5362,5558,83,66,17
5362,5562,693,410,283
5362,5566,167,101,66
5362,5570,60,33,27
5362,5711,105,41,64
5362,5754,141,45,96
5362,5758,33,13,20
5362,5762,10,10,0
5362,5766,48,28,20
5362,5770,52,27,25
5362,5774,82,55,27
5362,5911,343,206,137
5362,5913,535,251,284
5362,5914,104,58,46
5362,5915,62,39,23
5362,5916,99,65,34
5362,5954,209,132,77
5362,5958,72,35,37
5362,5962,182,89,93
5362,5966,136,43,93
5362,5970,269,126,143
5362,5974,85,58,27
5362,5978,225,131,94
5362,6411,63,25,38
5362,6412,887,164,723
5362,6413,65,23,42
5362,6414,167,42,125
5362,6431,72,35,37
5362,6432,77,49,28
5362,6433,138,82,56
5362,6434,146,10,136
5362,6435,85,36,49
5362,6436,329,62,267
5362,6437,31,31,0
5362,6438,159,48,111
5362,6439,39,23,16
5362,6440,73,35,38
5362,6531,60,37,23
5362,6532,68,38,30
5362,6533,79,38,41
5362,6534,67,52,15
5362,6535,0,0,0
5362,6611,58,32,26
5362,6631,29,18,11
5362,6632,0,0,0
5362,6633,32,32,0
5362,6634,21,11,10
5362,6635,12,12,0
5362,6636,0,0,0
5362,7111,176,58,118
5362,7131,713,515,198
5362,7132,127,90,37
5362,7133,59,26,33
5362,7134,21,21,0
5362,7135,45,30,15
5362,7137,247,149,98
5362,7138,390,251,139
5362,7140,61,30,31
5362,7141,50,35,15
5362,7143,222,55,167
5362,7211,77,55,22
5362,7231,20,20,0
5362,7232,82,43,39
5362,7233,166,121,45
5362,7235,18,18,0
5362,7311,21,11,10
5362,7312,19,19,0
5362,7313,0,0,0
5362,7314,97,79,18
5362,7315,100,62,38
5362,7316,0,0,0
5362,7317,0,0,0
5362,7318,0,0,0
5362,7319,28,15,13
5362,7320,0,0,0
5362,7331,16,16,0
5362,7332,23,23,0
5362,7333,11,11,0
5362,7334,24,24,0
5362,7335,20,20,0
5362,7336,0,0,0
5362,7337,0,0,0
5362,7338,29,29,0
5362,7339,94,54,40
5362,7340,0,0,0
5362,8111,203,36,167
5362,8115,69,17,52
5362,8116,84,32,52
5362,8117,26,10,16
5362,8118,121,51,70
5362,8119,55,14,41
5362,8121,29,17,12
5362,8125,70,29,41
5362,8126,28,0,28
5362,8127,38,10,28
5362,8128,27,16,11
5362,8135,13,0,13
5362,8136,34,20,14
5362,8211,0,0,0
5362,8212,76,28,48
5362,8215,75,36,39
5362,8216,78,65,13
5362,8221,33,10,23
5362,8222,197,38,159
5362,8225,0,0,0
5362,8226,118,58,60
5362,8231,0,0,0
5362,8235,0,0,0
5362,8236,31,15,16
5362,8237,0,0,0
5362,8311,30,13,17
5362,8315,49,38,11
5362,8316,12,12,0
5362,8317,98,28,70
5362,8325,0,0,0
5362,8326,29,29,0
5362,8327,0,0,0
5362,8335,43,19,24
5362,8336,46,21,25
5362,8337,18,0,18
5362,8415,25,11,14
5362,8416,29,0,29
5362,8417,15,0,15
5362,8421,32,15,17
5362,8425,0,0,0
5362,8426,0,0,0
5362,8435,0,0,0
5362,8436,15,0,15
5362,8437,0,0,0
5362,9161,21,0,21
5362,9162,674,180,494
5362,9163,0,0,0
5362,9171,19,19,0
5362,9172,0,0,0
5362,9173,14,0,14
5362,9174,13,13,0
5362,9175,33,12,21
5362,9176,0,0,0
5362,9177,18,18,0
5362,9178,81,47,34
5362,9179,25,25,0
5362,9180,0,0,0
5362,9181,0,0,0
5362,9182,19,0,19
5362,9183,13,0,13
5362,9184,251,32,219
5362,9185,0,0,0
5362,9186,28,10,18
5362,9187,13,13,0
5362,9188,16,0,16
5362,9189,0,0,0
5362,9190,0,0,0
5362,9261,0,0,0
5362,9262,0,0,0
5362,9263,0,0,0
5362,9271,16,16,0
5362,9272,0,0,0
5362,9273,14,14,0
5362,9274,0,0,0
5362,9275,0,0,0
5362,9276,20,20,0
5362,9277,0,0,0
5362,9278,0,0,0
5362,9279,10,10,0
5362,9361,0,0,0
5362,9362,34,0,34
5362,9363,13,13,0
5362,9371,0,0,0
5362,9372,0,0,0
5362,9373,13,0,13
5362,9374,17,17,0
5362,9375,0,0,0
5362,9376,0,0,0
5362,9377,0,0,0
5362,9461,0,0,0
5362,9462,10,10,0
5362,9463,0,0,0
5362,9464,14,14,0
5362,9471,10,10,0
5362,9472,10,10,0
5362,9473,0,0,0
5362,9474,0,0,0
5362,9475,0,0,0
5362,9476,0,0,0
5362,9477,0,0,0
5362,9478,0,0,0
5362,9479,0,0,0
5362,9561,0,0,0
5362,9562,16,0,16
5362,9563,0,0,0
5362,9564,111,31,80
5362,9565,0,0,0
5362,9571,18,18,0
5362,9572,0,0,0
5362,9573,0,0,0
5362,9574,12,12,0
5362,9575,0,0,0
5362,9576,0,0,0
5362,9577,0,0,0
5362,9661,13,0,13
5362,9662,0,0,0
5362,9663,10,10,0
5362,9671,51,30,21
5362,9672,0,0,0
5362,9673,0,0,0
5362,9674,0,0,0
5362,9675,0,0,0
5362,9676,21,11,10
5362,9677,0,0,0
5362,9678,11,11,0
5362,9679,15,0,15
5362,9761,48,13,35
5362,9762,0,0,0
5362,9763,0,0,0
5362,9764,0,0,0
5362,9771,0,0,0
5362,9772,0,0,0
5362,9773,0,0,0
5362,9774,0,0,0
5362,9775,19,19,0
5362,9776,0,0,0
5362,9777,0,0,0
5362,9778,0,0,0
5362,9779,21,11,10
5362,9780,0,0,0
5362,10041,69,29,40
5362,10042,0,0,0
5362,10043,0,0,0
5362,10044,17,17,0
5362,10045,30,13,17
5362,10046,0,0,0
5362,11000,964,421,543
5362,12051,10,10,0
5362,12052,0,0,0
5362,12053,0,0,0
5362,12054,41,21,20
5362,12060,19,19,0
5362,12061,11,11,0
5362,12062,0,0,0
5362,12063,0,0,0
5362,12064,24,24,0
5362,12065,10,10,0
5362,12066,0,0,0
5362,12067,32,22,10
5362,12068,0,0,0
5362,12069,47,12,35
5362,12070,0,0,0
5362,12071,10,10,0
5362,12072,14,14,0
5362,12073,0,0,0
5362,13003,49,49,0
5362,13004,10,0,10
5362,13071,26,26,0
5362,13072,34,34,0
5362,13073,19,19,0
5362,13074,0,0,0
5362,13075,11,11,0
5362,13076,16,16,0
5362,14511,35,14,21
5362,14521,0,0,0
5362,14522,0,0,0
5362,14523,0,0,0
5362,14524,13,13,0
5362,14612,44,24,20
5362,14625,14,14,0
5362,14626,17,17,0
5362,14627,12,12,0
5362,14628,0,0,0
5362,14713,113,71,42
5362,14729,31,31,0
5362,14730,20,20,0
5362,15001,0,0,0
5362,15002,33,33,0
5362,15003,0,0,0
5362,15081,10,10,0
5362,15082,12,12,0
5362,15083,13,13,0
5362,15084,32,32,0
5362,15085,24,24,0
5362,15086,0,0,0
5362,15087,28,28,0
5362,15088,58,47,11
5362,15089,32,20,12
5362,15090,0,0,0
5362,15091,20,20,0
5362,16051,17,17,0
5362,16052,0,0,0
5362,16053,0,0,0
5362,16054,0,0,0
5362,16055,0,0,0
5362,16056,0,0,0
5362,16061,12,12,0
5362,16062,0,0,0
5362,16063,16,16,0
5362,16064,0,0,0
5362,16065,0,0,0
5362,16066,0,0,0
5362,16067,0,0,0
5362,16068,0,0,0
5362,16069,0,0,0
5362,16070,0,0,0
5362,16071,10,10,0
5362,16072,0,0,0
5362,16073,0,0,0
5362,16074,0,0,0
5362,16075,0,0,0
5362,16076,0,0,0
5362,16077,12,12,0
5366,1001,0,0,0
5366,1002,0,0,0
5366,1003,0,0,0
5366,1004,0,0,0
5366,1051,0,0,0
5366,1053,0,0,0
5366,1054,0,0,0
5366,1055,0,0,0
5366,1056,11,0,11
5366,1057,0,0,0
5366,1058,0,0,0
5366,1059,0,0,0
5366,1060,0,0,0
5366,1061,0,0,0
5366,1062,24,0,24
5366,2000,125,21,104
5366,3101,0,0,0
5366,3102,0,0,0
5366,3103,0,0,0
5366,3151,0,0,0
5366,3153,0,0,0
5366,3154,0,0,0
5366,3155,0,0,0
5366,3157,0,0,0
5366,3158,0,0,0
5366,3159,0,0,0
5366,3241,63,23,40
5366,3251,0,0,0
5366,3252,0,0,0
5366,3254,0,0,0
5366,3255,0,0,0
5366,3256,0,0,0
5366,3257,0,0,0
5366,3351,0,0,0
5366,3352,0,0,0
5366,3353,0,0,0
5366,3354,0,0,0
5366,3355,0,0,0
5366,3356,0,0,0
5366,3357,0,0,0
5366,3358,0,0,0
5366,3359,0,0,0
5366,3360,0,0,0
5366,3361,0,0,0
5366,3401,0,0,0
5366,3402,0,0,0
5366,3403,0,0,0
5366,3404,0,0,0
5366,3405,0,0,0
5366,3451,0,0,0
5366,3452,12,0,12
5366,3453,0,0,0
5366,3454,18,0,18
5366,3455,0,0,0
5366,3456,0,0,0
5366,3457,0,0,0
5366,3458,0,0,0
5366,3459,14,0,14
5366,3460,0,0,0
5366,3461,0,0,0
5366,3462,0,0,0
5366,4011,35,0,35
5366,4012,0,0,0
5366,5111,558,57,501
5366,5112,101,34,67
5366,5113,149,38,111
5366,5114,135,45,90
5366,5116,172,39,133
5366,5117,17,0,17
5366,5119,42,14,28
5366,5120,38,0,38
5366,5122,48,23,25
5366,5124,77,32,45
5366,5154,40,15,25
5366,5158,259,51,208
5366,5162,371,110,261
5366,5166,155,28,127
5366,5170,79,24,55
5366,5314,4181,802,3379
5366,5315,9548,1403,8145
5366,5316,273,76,197
5366,5334,1860,881,979
5366,5358,4193,2436,1757
5366,5362,8295,2536,5759
5366,5366,0,0,0
5366,5370,153,75,78
5366,5374,111,47,64
5366,5378,307,121,186
5366,5382,6463,2551,3912
5366,5512,10,10,0
5366,5513,41,16,25
5366,5515,33,0,33
5366,5554,14,0,14
5366,5558,0,0,0
5366,5562,69,35,34
5366,5566,33,12,21
5366,5570,10,0,10
5366,5711,0,0,0
5366,5754,27,0,27
5366,5758,14,0,14
5366,5762,0,0,0
5366,5766,22,12,10
5366,5770,0,0,0
5366,5774,0,0,0
5366,5911,59,12,47
5366,5913,63,20,43
5366,5914,21,10,11
5366,5915,10,0,10
5366,5916,0,0,0
5366,5954,14,0,14
5366,5958,37,13,24
5366,5962,32,12,20
5366,5966,16,0,16
5366,5970,37,0,37
5366,5974,12,12,0
5366,5978,52,18,34
5366,6411,78,0,78
5366,6412,160,22,138
5366,6413,0,0,0
5366,6414,34,0,34
5366,6431,0,0,0
5366,6432,0,0,0
5366,6433,27,0,27
5366,6434,31,0,31
5366,6435,29,13,16
5366,6436,79,0,79
5366,6437,0,0,0
5366,6438,40,22,18
5366,6439,10,0,10
5366,6440,0,0,0
5366,6531,25,13,12
5366,6532,30,30,0
5366,6533,16,0,16
5366,6534,0,0,0
5366,6535,0,0,0
5366,6611,0,0,0
5366,6631,11,0,11
5366,6632,0,0,0
5366,6633,0,0,0
5366,6634,0,0,0
5366,6635,0,0,0
5366,6636,0,0,0
5366,7111,67,18,49
5366,7131,1323,800,523
5366,7132,31,16,15
5366,7133,0,0,0
5366,7134,0,0,0
5366,7135,33,20,13
5366,7137,142,72,70
5366,7138,126,70,56
5366,7140,13,0,13
5366,7141,15,15,0
5366,7143,57,21,36
5366,7211,46,27,19
5366,7231,57,18,39
5366,7232,524,163,361
5366,7233,1373,708,665
5366,7235,19,0,19
5366,7311,0,0,0
5366,7312,0,0,0
5366,7313,0,0,0
5366,7314,0,0,0
5366,7315,0,0,0
5366,7316,0,0,0
5366,7317,0,0,0
5366,7318,0,0,0
5366,7319,0,0,0
5366,7320,0,0,0
5366,7331,0,0,0
5366,7332,0,0,0
5366,7333,0,0,0
5366,7334,0,0,0
5366,7335,0,0,0
5366,7336,0,0,0
5366,7337,0,0,0
5366,7338,0,0,0
5366,7339,16,0,16
5366,7340,0,0,0
5366,8111,90,45,45
5366,8115,25,14,11
5366,8116,46,13,33
5366,8117,0,0,0
5366,8118,20,0,20
5366,8119,10,0,10
5366,8121,0,0,0
5366,8125,24,11,13
5366,8126,22,0,22
5366,8127,0,0,0
5366,8128,0,0,0
5366,8135,0,0,0
5366,8136,0,0,0
5366,8211,0,0,0
5366,8212,12,0,12
5366,8215,14,0,14
5366,8216,0,0,0
5366,8221,0,0,0
5366,8222,53,10,43
5366,8225,0,0,0
5366,8226,36,11,25
5366,8231,15,0,15
5366,8235,0,0,0
5366,8236,0,0,0
5366,8237,0,0,0
5366,8311,0,0,0
5366,8315,0,0,0
5366,8316,0,0,0
5366,8317,11,0,11
5366,8325,0,0,0
5366,8326,12,12,0
5366,8327,0,0,0
5366,8335,10,0,10
5366,8336,0,0,0
5366,8337,11,0,11
5366,8415,11,0,11
5366,8416,13,0,13
5366,8417,0,0,0
5366,8421,0,0,0
5366,8425,0,0,0
5366,8426,0,0,0
5366,8435,10,0,10
5366,8436,0,0,0
5366,8437,0,0,0
5366,9161,0,0,0
5366,9162,138,40,98
5366,9163,10,10,0
5366,9171,0,0,0
5366,9172,0,0,0
5366,9173,0,0,0
5366,9174,0,0,0
5366,9175,0,0,0
5366,9176,0,0,0
5366,9177,0,0,0
5366,9178,10,0,10
5366,9179,0,0,0
5366,9180,0,0,0
5366,9181,0,0,0
5366,9182,0,0,0
5366,9183,0,0,0
5366,9184,65,0,65
5366,9185,0,0,0
5366,9186,0,0,0
5366,9187,10,10,0
5366,9188,0,0,0
5366,9189,0,0,0
5366,9190,0,0,0
5366,9261,0,0,0
5366,9262,0,0,0
5366,9263,0,0,0
5366,9271,0,0,0
5366,9272,0,0,0
5366,9273,0,0,0
5366,9274,0,0,0
5366,9275,0,0,0
5366,9276,0,0,0
5366,9277,0,0,0
5366,9278,0,0,0
5366,9279,0,0,0
5366,9361,0,0,0
5366,9362,0,0,0
5366,9363,0,0,0
5366,9371,0,0,0
5366,9372,0,0,0
5366,9373,10,0,10
5366,9374,0,0,0
5366,9375,0,0,0
5366,9376,0,0,0
5366,9377,0,0,0
5366,9461,0,0,0
5366,9462,0,0,0
5366,9463,0,0,0
5366,9464,0,0,0
5366,9471,0,0,0
5366,9472,0,0,0
5366,9473,0,0,0
5366,9474,0,0,0
5366,9475,0,0,0
5366,9476,0,0,0
5366,9477,0,0,0
5366,9478,0,0,0
5366,9479,0,0,0
5366,9561,0,0,0
5366,9562,0,0,0
5366,9563,0,0,0
5366,9564,48,20,28
5366,9565,0,0,0
5366,9571,0,0,0
5366,9572,0,0,0
5366,9573,0,0,0
5366,9574,0,0,0
5366,9575,0,0,0
5366,9576,0,0,0
5366,9577,0,0,0
5366,9661,0,0,0
5366,9662,0,0,0
5366,9663,0,0,0
5366,9671,0,0,0
5366,9672,0,0,0
5366,9673,0,0,0
5366,9674,0,0,0
5366,9675,0,0,0
5366,9676,0,0,0
5366,9677,0,0,0
5366,9678,0,0,0
5366,9679,0,0,0
5366,9761,19,19,0
5366,9762,0,0,0
5366,9763,0,0,0
5366,9764,0,0,0
5366,9771,0,0,0
5366,9772,0,0,0
5366,9773,0,0,0
5366,9774,0,0,0
5366,9775,0,0,0
5366,9776,0,0,0
5366,9777,0,0,0
5366,9778,0,0,0
5366,9779,0,0,0
5366,9780,0,0,0
5366,10041,11,11,0
5366,10042,0,0,0
5366,10043,10,0,10
5366,10044,0,0,0
5366,10045,0,0,0
5366,10046,0,0,0
5366,11000,149,39,110
5366,12051,0,0,0
5366,12052,0,0,0
5366,12053,0,0,0
5366,12054,0,0,0
5366,12060,0,0,0
5366,12061,0,0,0
5366,12062,0,0,0
5366,12063,0,0,0
5366,12064,0,0,0
5366,12065,0,0,0
5366,12066,0,0,0
5366,12067,0,0,0
5366,12068,0,0,0
5366,12069,0,0,0
5366,12070,0,0,0
5366,12071,0,0,0
5366,12072,0,0,0
5366,12073,0,0,0
5366,13003,0,0,0
5366,13004,0,0,0
5366,13071,0,0,0
5366,13072,0,0,0
5366,13073,0,0,0
5366,13074,0,0,0
5366,13075,0,0,0
5366,13076,0,0,0
5366,14511,0,0,0
5366,14521,0,0,0
5366,14522,0,0,0
5366,14523,0,0,0
5366,14524,0,0,0
5366,14612,0,0,0
5366,14625,0,0,0
5366,14626,0,0,0
5366,14627,0,0,0
5366,14628,0,0,0
5366,14713,0,0,0
5366,14729,0,0,0
5366,14730,0,0,0
5366,15001,0,0,0
5366,15002,0,0,0
5366,15003,0,0,0
5366,15081,0,0,0
5366,15082,0,0,0
5366,15083,0,0,0
5366,15084,0,0,0
5366,15085,0,0,0
5366,15086,0,0,0
5366,15087,0,0,0
5366,15088,0,0,0
5366,15089,10,10,0
5366,15090,0,0,0
5366,15091,0,0,0
5366,16051,0,0,0
5366,16052,0,0,0
5366,16053,0,0,0
5366,16054,0,0,0
5366,16055,0,0,0
5366,16056,0,0,0
5366,16061,0,0,0
5366,16062,0,0,0
5366,16063,0,0,0
5366,16064,0,0,0
5366,16065,0,0,0
5366,16066,0,0,0
5366,16067,0,0,0
5366,16068,0,0,0
5366,16069,0,0,0
5366,16070,0,0,0
5366,16071,0,0,0
5366,16072,0,0,0
5366,16073,0,0,0
5366,16074,0,0,0
5366,16075,0,0,0
5366,16076,0,0,0
5366,16077,0,0,0
5370,1001,0,0,0
5370,1002,10,0,10
5370,1003,0,0,0
5370,1004,0,0,0
5370,1051,0,0,0
5370,1053,0,0,0
5370,1054,0,0,0
5370,1055,0,0,0
5370,1056,0,0,0
5370,1057,0,0,0
5370,1058,0,0,0
5370,1059,0,0,0
5370,1060,10,0,10
5370,1061,0,0,0
5370,1062,0,0,0
5370,2000,194,38,156
5370,3101,0,0,0
5370,3102,0,0,0
5370,3103,0,0,0
5370,3151,0,0,0
5370,3153,0,0,0
5370,3154,0,0,0
5370,3155,0,0,0
5370,3157,0,0,0
5370,3158,0,0,0
5370,3159,0,0,0
5370,3241,62,19,43
5370,3251,0,0,0
5370,3252,0,0,0
5370,3254,10,0,10
5370,3255,0,0,0
5370,3256,11,0,11
5370,3257,11,0,11
5370,3351,0,0,0
5370,3352,0,0,0
5370,3353,0,0,0
5370,3354,0,0,0
5370,3355,0,0,0
5370,3356,0,0,0
5370,3357,0,0,0
5370,3358,10,10,0
5370,3359,0,0,0
5370,3360,0,0,0
5370,3361,0,0,0
5370,3401,0,0,0
5370,3402,0,0,0
5370,3403,0,0,0
5370,3404,0,0,0
5370,3405,0,0,0
5370,3451,0,0,0
5370,3452,13,13,0
5370,3453,0,0,0
5370,3454,45,24,21
5370,3455,0,0,0
5370,3456,0,0,0
5370,3457,10,10,0
5370,3458,0,0,0
5370,3459,17,17,0
5370,3460,0,0,0
5370,3461,0,0,0
5370,3462,0,0,0
5370,4011,40,13,27
5370,4012,0,0,0
5370,5111,3615,325,3290
5370,5112,348,128,220
5370,5113,344,75,269
5370,5114,848,235,613
5370,5116,11352,3136,8216
5370,5117,67,15,52
5370,5119,92,24,68
5370,5120,27,12,15
5370,5122,75,30,45
5370,5124,187,95,92
5370,5154,208,73,135
5370,5158,681,123,558
5370,5162,3611,1078,2533
5370,5166,4296,1562,2734
5370,5170,262,91,171
5370,5314,242,44,198
5370,5315,1959,398,1561
5370,5316,99,16,83
5370,5334,16583,6029,10554
5370,5358,6138,2460,3678
5370,5362,1535,420,1115
5370,5366,153,78,75
5370,5370,0,0,0
5370,5374,77,24,53
5370,5378,111,46,65
5370,5382,180,77,103
5370,5512,28,15,13
5370,5513,101,22,79
5370,5515,62,11,51
5370,5554,75,23,52
5370,5558,34,34,0
5370,5562,95,48,47
5370,5566,49,11,38
5370,5570,10,0,10
5370,5711,56,0,56
5370,5754,56,30,26
5370,5758,22,10,12
5370,5762,0,0,0
5370,5766,22,22,0
5370,5770,45,0,45
5370,5774,13,0,13
5370,5911,89,41,48
5370,5913,117,42,75
5370,5914,12,12,0
5370,5915,0,0,0
5370,5916,19,0,19
5370,5954,57,26,31
5370,5958,44,31,13
5370,5962,32,12,20
5370,5966,0,0,0
5370,5970,99,19,80
5370,5974,127,115,12
5370,5978,125,40,85
5370,6411,12,0,12
5370,6412,185,0,185
5370,6413,0,0,0
5370,6414,34,0,34
5370,6431,29,11,18
5370,6432,19,0,19
5370,6433,15,0,15
5370,6434,45,0,45
5370,6435,47,11,36
5370,6436,39,0,39
5370,6437,0,0,0
5370,6438,118,0,118
5370,6439,0,0,0
5370,6440,23,0,23
5370,6531,0,0,0
5370,6532,0,0,0
5370,6533,12,0,12
5370,6534,0,0,0
5370,6535,0,0,0
5370,6611,12,0,12
5370,6631,0,0,0
5370,6632,0,0,0
5370,6633,0,0,0
5370,6634,0,0,0
5370,6635,0,0,0
5370,6636,0,0,0
5370,7111,36,11,25
5370,7131,17,0,17
5370,7132,0,0,0
5370,7133,0,0,0
5370,7134,0,0,0
5370,7135,0,0,0
5370,7137,35,18,17
5370,7138,28,10,18
5370,7140,0,0,0
5370,7141,0,0,0
5370,7143,150,0,150
5370,7211,0,0,0
5370,7231,31,31,0
5370,7232,25,11,14
5370,7233,10,10,0
5370,7235,0,0,0
5370,7311,0,0,0
5370,7312,0,0,0
5370,7313,0,0,0
5370,7314,0,0,0
5370,7315,10,0,10
5370,7316,0,0,0
5370,7317,0,0,0
5370,7318,0,0,0
5370,7319,0,0,0
5370,7320,0,0,0
5370,7331,0,0,0
5370,7332,0,0,0
5370,7333,0,0,0
5370,7334,0,0,0
5370,7335,0,0,0
5370,7336,0,0,0
5370,7337,0,0,0
5370,7338,0,0,0
5370,7339,0,0,0
5370,7340,0,0,0
5370,8111,32,0,32
5370,8115,11,0,11
5370,8116,22,0,22
5370,8117,0,0,0
5370,8118,20,0,20
5370,8119,10,0,10
5370,8121,0,0,0
5370,8125,12,0,12
5370,8126,26,0,26
5370,8127,10,0,10
5370,8128,0,0,0
5370,8135,12,0,12
5370,8136,0,0,0
5370,8211,0,0,0
5370,8212,13,0,13
5370,8215,25,11,14
5370,8216,0,0,0
5370,8221,0,0,0
5370,8222,43,10,33
5370,8225,0,0,0
5370,8226,31,12,19
5370,8231,0,0,0
5370,8235,0,0,0
5370,8236,0,0,0
5370,8237,0,0,0
5370,8311,0,0,0
5370,8315,0,0,0
5370,8316,0,0,0
5370,8317,15,0,15
5370,8325,0,0,0
5370,8326,0,0,0
5370,8327,0,0,0
5370,8335,0,0,0
5370,8336,22,0,22
5370,8337,0,0,0
5370,8415,0,0,0
5370,8416,0,0,0
5370,8417,0,0,0
5370,8421,0,0,0
5370,8425,0,0,0
5370,8426,0,0,0
5370,8435,0,0,0
5370,8436,20,10,10
5370,8437,0,0,0
5370,9161,12,0,12
5370,9162,170,11,159
5370,9163,0,0,0
5370,9171,0,0,0
5370,9172,0,0,0
5370,9173,0,0,0
5370,9174,0,0,0
5370,9175,0,0,0
5370,9176,0,0,0
5370,9177,0,0,0
5370,9178,54,0,54
5370,9179,0,0,0
5370,9180,0,0,0
5370,9181,0,0,0
5370,9182,0,0,0
5370,9183,0,0,0
5370,9184,62,0,62
5370,9185,0,0,0
5370,9186,0,0,0
5370,9187,0,0,0
5370,9188,14,0,14
5370,9189,0,0,0
5370,9190,0,0,0
5370,9261,0,0,0
5370,9262,0,0,0
5370,9263,0,0,0
5370,9271,0,0,0
5370,9272,0,0,0
5370,9273,0,0,0
5370,9274,0,0,0
5370,9275,0,0,0
5370,9276,0,0,0
5370,9277,0,0,0
5370,9278,0,0,0
5370,9279,0,0,0
5370,9361,0,0,0
5370,9362,14,0,14
5370,9363,0,0,0
5370,9371,0,0,0
5370,9372,0,0,0
5370,9373,0,0,0
5370,9374,0,0,0
5370,9375,0,0,0
5370,9376,0,0,0
5370,9377,0,0,0
5370,9461,0,0,0
5370,9462,0,0,0
5370,9463,0,0,0
5370,9464,0,0,0
5370,9471,0,0,0
5370,9472,0,0,0
5370,9473,0,0,0
5370,9474,0,0,0
5370,9475,0,0,0
5370,9476,0,0,0
5370,9477,0,0,0
5370,9478,0,0,0
5370,9479,0,0,0
5370,9561,0,0,0
5370,9562,13,0,13
5370,9563,0,0,0
5370,9564,33,0,33
5370,9565,0,0,0
5370,9571,0,0,0
5370,9572,0,0,0
5370,9573,0,0,0
5370,9574,0,0,0
5370,9575,0,0,0
5370,9576,0,0,0
5370,9577,0,0,0
5370,9661,0,0,0
5370,9662,0,0,0
5370,9663,0,0,0
5370,9671,0,0,0
5370,9672,0,0,0
5370,9673,0,0,0
5370,9674,0,0,0
5370,9675,0,0,0
5370,9676,0,0,0
5370,9677,21,21,0
5370,9678,0,0,0
5370,9679,0,0,0
5370,9761,0,0,0
5370,9762,0,0,0
5370,9763,0,0,0
5370,9764,0,0,0
5370,9771,0,0,0
5370,9772,0,0,0
5370,9773,0,0,0
5370,9774,0,0,0
5370,9775,0,0,0
5370,9776,0,0,0
5370,9777,0,0,0
5370,9778,0,0,0
5370,9779,0,0,0
5370,9780,0,0,0
5370,10041,16,0,16
5370,10042,0,0,0
5370,10043,0,0,0
5370,10044,0,0,0
5370,10045,0,0,0
5370,10046,0,0,0
5370,11000,195,52,143
5370,12051,0,0,0
5370,12052,0,0,0
5370,12053,0,0,0
5370,12054,0,0,0
5370,12060,0,0,0
5370,12061,0,0,0
5370,12062,0,0,0
5370,12063,10,10,0
5370,12064,0,0,0
5370,12065,0,0,0
5370,12066,0,0,0
5370,12067,0,0,0
5370,12068,0,0,0
5370,12069,0,0,0
5370,12070,0,0,0
5370,12071,0,0,0
5370,12072,10,0,10
5370,12073,0,0,0
5370,13003,0,0,0
5370,13004,0,0,0
5370,13071,0,0,0
5370,13072,0,0,0
5370,13073,11,11,0
5370,13074,0,0,0
5370,13075,0,0,0
5370,13076,0,0,0
5370,14511,12,0,12
5370,14521,0,0,0
5370,14522,0,0,0
5370,14523,0,0,0
5370,14524,0,0,0
5370,14612,0,0,0
5370,14625,0,0,0
5370,14626,0,0,0
5370,14627,0,0,0
5370,14628,0,0,0
5370,14713,38,17,21
5370,14729,0,0,0
5370,14730,0,0,0
5370,15001,0,0,0
5370,15002,0,0,0
5370,15003,0,0,0
5370,15081,0,0,0
5370,15082,0,0,0
5370,15083,0,0,0
5370,15084,0,0,0
5370,15085,0,0,0
5370,15086,0,0,0
5370,15087,0,0,0
5370,15088,14,0,14
5370,15089,0,0,0
5370,15090,0,0,0
5370,15091,0,0,0
5370,16051,0,0,0
5370,16052,0,0,0
5370,16053,0,0,0
5370,16054,0,0,0
5370,16055,0,0,0
5370,16056,0,0,0
5370,16061,0,0,0
5370,16062,0,0,0
5370,16063,0,0,0
5370,16064,0,0,0
5370,16065,0,0,0
5370,16066,0,0,0
5370,16067,0,0,0
5370,16068,0,0,0
5370,16069,0,0,0
5370,16070,0,0,0
5370,16071,0,0,0
5370,16072,0,0,0
5370,16073,0,0,0
5370,16074,0,0,0
5370,16075,0,0,0
5370,16076,0,0,0
5370,16077,11,11,0
5374,1001,14,14,0
5374,1002,66,66,0
5374,1003,38,38,0
5374,1004,10,10,0
5374,1051,25,25,0
5374,1053,17,17,0
5374,1054,12,12,0
5374,1055,0,0,0
5374,1056,41,41,0
5374,1057,18,18,0
5374,1058,39,39,0
5374,1059,10,10,0
5374,1060,18,18,0
5374,1061,16,16,0
5374,1062,48,19,29
5374,2000,368,236,132
5374,3101,77,77,0
5374,3102,0,0,0
5374,3103,62,62,0
5374,3151,46,46,0
5374,3153,11,0,11
5374,3154,23,23,0
5374,3155,0,0,0
5374,3157,17,17,0
5374,3158,21,21,0
5374,3159,15,15,0
5374,3241,156,112,44
5374,3251,42,42,0
5374,3252,14,14,0
5374,3254,12,12,0
5374,3255,0,0,0
5374,3256,0,0,0
5374,3257,13,13,0
5374,3351,18,18,0
5374,3352,22,22,0
5374,3353,43,43,0
5374,3354,0,0,0
5374,3355,17,17,0
5374,3356,13,13,0
5374,3357,18,18,0
5374,3358,13,13,0
5374,3359,42,42,0
5374,3360,0,0,0
5374,3361,33,33,0
5374,3401,14,14,0
5374,3402,0,0,0
5374,3403,32,32,0
5374,3404,56,42,14
5374,3405,16,16,0
5374,3451,19,19,0
5374,3452,29,16,13
5374,3453,31,31,0
5374,3454,54,36,18
5374,3455,17,17,0
5374,3456,13,13,0
5374,3457,19,19,0
5374,3458,27,27,0
5374,3459,159,64,95
5374,3460,0,0,0
5374,3461,16,16,0
5374,3462,0,0,0
5374,4011,167,143,24
5374,4012,19,19,0
5374,5111,882,209,673
5374,5112,136,63,73
5374,5113,401,140,261
5374,5114,75,27,48
5374,5116,82,40,42
5374,5117,71,37,34
5374,5119,66,32,34
5374,5120,4966,1833,3133
5374,5122,520,201,319
5374,5124,2255,806,1449
5374,5154,74,35,39
5374,5158,796,271,525
5374,5162,318,114,204
5374,5166,79,47,32
5374,5170,118,85,33
5374,5314,849,246,603
5374,5315,7552,1870,5682
5374,5316,1230,510,720
5374,5334,268,163,105
5374,5358,162,105,57
5374,5362,710,309,401
5374,5366,111,64,47
5374,5370,77,53,24
5374,5374,0,0,0
5374,5378,9472,3887,5585
5374,5382,5553,2914,2639
5374,5512,20,20,0
5374,5513,89,53,36
5374,5515,90,38,52
5374,5554,60,36,24
5374,5558,46,35,11
5374,5562,162,119,43
5374,5566,85,58,27
5374,5570,59,34,25
5374,5711,70,42,28
5374,5754,132,48,84
5374,5758,52,31,21
5374,5762,11,11,0
5374,5766,84,62,22
5374,5770,60,36,24
5374,5774,77,56,21
5374,5911,205,131,74
5374,5913,388,202,186
5374,5914,345,166,179
5374,5915,36,23,13
5374,5916,62,39,23
5374,5954,1213,632,581
5374,5958,86,54,32
5374,5962,5719,2348,3371
5374,5966,3534,1247,2287
5374,5970,1907,833,1074
5374,5974,85,61,24
5374,5978,177,105,72
5374,6411,40,30,10
5374,6412,252,80,172
5374,6413,13,13,0
5374,6414,52,30,22
5374,6431,44,29,15
5374,6432,50,32,18
5374,6433,56,32,24
5374,6434,67,28,39
5374,6435,48,24,24
5374,6436,58,23,35
5374,6437,10,10,0
5374,6438,72,38,34
5374,6439,22,10,12
5374,6440,59,39,20
5374,6531,81,54,27
5374,6532,171,113,58
5374,6533,46,18,28
5374,6534,47,34,13
5374,6535,15,15,0
5374,6611,40,29,11
5374,6631,29,12,17
5374,6632,0,0,0
5374,6633,13,13,0
5374,6634,19,19,0
5374,6635,35,25,10
5374,6636,11,11,0
5374,7111,66,19,47
5374,7131,67,50,17
5374,7132,2737,1933,804
5374,7133,25,12,13
5374,7134,0,0,0
5374,7135,10,10,0
5374,7137,44,32,12
5374,7138,184,64,120
5374,7140,23,13,10
5374,7141,12,12,0
5374,7143,173,104,69
5374,7211,0,0,0
5374,7231,0,0,0
5374,7232,12,0,12
5374,7233,0,0,0
5374,7235,11,11,0
5374,7311,0,0,0
5374,7312,21,21,0
5374,7313,0,0,0
5374,7314,22,22,0
5374,7315,34,20,14
5374,7316,0,0,0
5374,7317,0,0,0
5374,7318,0,0,0
5374,7319,12,12,0
5374,7320,0,0,0
5374,7331,0,0,0
5374,7332,22,22,0
5374,7333,0,0,0
5374,7334,16,16,0
5374,7335,12,12,0
5374,7336,0,0,0
5374,7337,10,10,0
5374,7338,32,32,0
5374,7339,26,13,13
5374,7340,16,16,0
5374,8111,307,265,42
5374,8115,179,156,23
5374,8116,137,105,32
5374,8117,31,31,0
5374,8118,208,178,30
5374,8119,98,70,28
5374,8121,33,33,0
5374,8125,109,99,10
5374,8126,32,15,17
5374,8127,11,11,0
5374,8128,14,14,0
5374,8135,53,53,0
5374,8136,64,64,0
5374,8211,0,0,0
5374,8212,143,117,26
5374,8215,107,84,23
5374,8216,28,28,0
5374,8221,17,17,0
5374,8222,110,66,44
5374,8225,11,11,0
5374,8226,100,72,28
5374,8231,33,33,0
5374,8235,31,31,0
5374,8236,55,44,11
5374,8237,0,0,0
5374,8311,35,35,0
5374,8315,30,30,0
5374,8316,46,34,12
5374,8317,65,39,26
5374,8325,0,0,0
5374,8326,31,19,12
5374,8327,0,0,0
5374,8335,11,11,0
5374,8336,28,16,12
5374,8337,0,0,0
5374,8415,65,54,11
5374,8416,29,29,0
5374,8417,0,0,0
5374,8421,46,34,12
5374,8425,37,37,0
5374,8426,43,43,0
5374,8435,112,100,12
5374,8436,53,53,0
5374,8437,0,0,0
5374,9161,29,29,0
5374,9162,429,299,130
5374,9163,10,10,0
5374,9171,10,10,0
5374,9172,11,11,0
5374,9173,0,0,0
5374,9174,34,34,0
5374,9175,0,0,0
5374,9176,18,18,0
5374,9177,20,20,0
5374,9178,74,59,15
5374,9179,29,29,0
5374,9180,0,0,0
5374,9181,0,0,0
5374,9182,10,10,0
5374,9183,0,0,0
5374,9184,118,45,73
5374,9185,11,11,0
5374,9186,17,17,0
5374,9187,42,42,0
5374,9188,30,12,18
5374,9189,18,18,0
5374,9190,0,0,0
5374,9261,11,11,0
5374,9262,0,0,0
5374,9263,0,0,0
5374,9271,10,10,0
5374,9272,0,0,0
5374,9273,29,29,0
5374,9274,28,28,0
5374,9275,0,0,0
5374,9276,0,0,0
5374,9277,0,0,0
5374,9278,12,12,0
5374,9279,0,0,0
5374,9361,0,0,0
5374,9362,26,26,0
5374,9363,0,0,0
5374,9371,0,0,0
5374,9372,0,0,0
5374,9373,0,0,0
5374,9374,0,0,0
5374,9375,18,18,0
5374,9376,0,0,0
5374,9377,0,0,0
5374,9461,0,0,0
5374,9462,17,17,0
5374,9463,0,0,0
5374,9464,0,0,0
5374,9471,0,0,0
5374,9472,18,18,0
5374,9473,0,0,0
5374,9474,0,0,0
5374,9475,0,0,0
5374,9476,0,0,0
5374,9477,0,0,0
5374,9478,0,0,0
5374,9479,0,0,0
5374,9561,0,0,0
5374,9562,29,29,0
5374,9563,19,19,0
5374,9564,96,59,37
5374,9565,0,0,0
5374,9571,0,0,0
5374,9572,14,14,0
5374,9573,0,0,0
5374,9574,19,19,0
5374,9575,0,0,0
5374,9576,0,0,0
5374,9577,0,0,0
5374,9661,0,0,0
5374,9662,15,15,0
5374,9663,19,19,0
5374,9671,15,15,0
5374,9672,27,27,0
5374,9673,0,0,0
5374,9674,0,0,0
5374,9675,11,11,0
5374,9676,0,0,0
5374,9677,12,12,0
5374,9678,19,19,0
5374,9679,11,11,0
5374,9761,73,56,17
5374,9762,0,0,0
5374,9763,13,13,0
5374,9764,0,0,0
5374,9771,32,20,12
5374,9772,38,28,10
5374,9773,14,14,0
5374,9774,13,13,0
5374,9775,45,45,0
5374,9776,24,24,0
5374,9777,0,0,0
5374,9778,13,13,0
5374,9779,10,10,0
5374,9780,16,16,0
5374,10041,45,28,17
5374,10042,11,11,0
5374,10043,0,0,0
5374,10044,21,21,0
5374,10045,15,15,0
5374,10046,11,11,0
5374,11000,466,298,168
5374,12051,0,0,0
5374,12052,0,0,0
5374,12053,0,0,0
5374,12054,32,22,10
5374,12060,0,0,0
5374,12061,13,13,0
5374,12062,0,0,0
5374,12063,12,12,0
5374,12064,19,19,0
5374,12065,26,26,0
5374,12066,0,0,0
5374,12067,11,11,0
5374,12068,0,0,0
5374,12069,20,20,0
5374,12070,0,0,0
5374,12071,0,0,0
5374,12072,16,16,0
5374,12073,0,0,0
5374,13003,18,18,0
5374,13004,11,11,0
5374,13071,12,12,0
5374,13072,22,22,0
5374,13073,30,30,0
5374,13074,12,12,0
5374,13075,13,13,0
5374,13076,0,0,0
5374,14511,46,30,16
5374,14521,13,13,0
5374,14522,13,13,0
5374,14523,11,11,0
5374,14524,25,25,0
5374,14612,127,127,0
5374,14625,28,28,0
5374,14626,25,25,0
5374,14627,76,21,55
5374,14628,23,23,0
5374,14713,121,99,22
5374,14729,28,28,0
5374,14730,14,14,0
5374,15001,0,0,0
5374,15002,0,0,0
5374,15003,56,56,0
5374,15081,23,23,0
5374,15082,0,0,0
5374,15083,26,26,0
5374,15084,0,0,0
5374,15085,14,14,0
5374,15086,0,0,0
5374,15087,15,15,0
5374,15088,14,14,0
5374,15089,0,0,0
5374,15090,0,0,0
5374,15091,0,0,0
5374,16051,55,45,10
5374,16052,20,20,0
5374,16053,61,61,0
5374,16054,0,0,0
5374,16055,0,0,0
5374,16056,0,0,0
5374,16061,0,0,0
5374,16062,0,0,0
5374,16063,0,0,0
5374,16064,0,0,0
5374,16065,0,0,0
5374,16066,0,0,0
5374,16067,23,23,0
5374,16068,0,0,0
5374,16069,0,0,0
5374,16070,16,16,0
5374,16071,0,0,0
5374,16072,0,0,0
5374,16073,0,0,0
5374,16074,0,0,0
5374,16075,0,0,0
5374,16076,10,10,0
5374,16077,0,0,0
5378,1001,0,0,0
5378,1002,16,0,16
5378,1003,11,0,11
5378,1004,0,0,0
5378,1051,0,0,0
5378,1053,0,0,0
5378,1054,0,0,0
5378,1055,0,0,0
5378,1056,10,0,10
5378,1057,0,0,0
5378,1058,0,0,0
5378,1059,13,0,13
5378,1060,24,0,24
5378,1061,12,0,12
5378,1062,19,0,19
5378,2000,312,43,269
5378,3101,21,11,10
5378,3102,0,0,0
5378,3103,11,0,11
5378,3151,0,0,0
5378,3153,0,0,0
5378,3154,0,0,0
5378,3155,0,0,0
5378,3157,0,0,0
5378,3158,0,0,0
5378,3159,11,11,0
5378,3241,132,43,89
5378,3251,0,0,0
5378,3252,0,0,0
5378,3254,11,11,0
5378,3255,0,0,0
5378,3256,0,0,0
5378,3257,0,0,0
5378,3351,0,0,0
5378,3352,21,21,0
5378,3353,0,0,0
5378,3354,0,0,0
5378,3355,10,10,0
5378,3356,0,0,0
5378,3357,0,0,0
5378,3358,0,0,0
5378,3359,0,0,0
5378,3360,0,0,0
5378,3361,0,0,0
5378,3401,0,0,0
5378,3402,0,0,0
5378,3403,0,0,0
5378,3404,16,0,16
5378,3405,0,0,0
5378,3451,0,0,0
5378,3452,0,0,0
5378,3453,12,12,0
5378,3454,30,0,30
5378,3455,0,0,0
5378,3456,0,0,0
5378,3457,0,0,0
5378,3458,0,0,0
5378,3459,31,15,16
5378,3460,0,0,0
5378,3461,0,0,0
5378,3462,0,0,0
5378,4011,59,16,43
5378,4012,0,0,0
5378,5111,3331,578,2753
5378,5112,275,96,179
5378,5113,513,157,356
5378,5114,191,60,131
5378,5116,178,77,101
5378,5117,148,55,93
5378,5119,129,40,89
5378,5120,5715,2357,3358
5378,5122,2785,1180,1605
5378,5124,2128,805,1323
5378,5154,72,36,36
5378,5158,4593,1206,3387
5378,5162,1025,296,729
5378,5166,143,67,76
5378,5170,159,77,82
5378,5314,1952,381,1571
5378,5315,37246,9126,28120
5378,5316,13335,4552,8783
5378,5334,359,157,202
5378,5358,279,135,144
5378,5362,2612,1054,1558
5378,5366,307,186,121
5378,5370,111,65,46
5378,5374,9472,5585,3887
5378,5378,0,0,0
5378,5382,5894,3320,2574
5378,5512,33,33,0
5378,5513,89,25,64
5378,5515,136,55,81
5378,5554,69,27,42
5378,5558,36,18,18
5378,5562,180,111,69
5378,5566,48,19,29
5378,5570,44,17,27
5378,5711,51,19,32
5378,5754,87,27,60
5378,5758,28,17,11
5378,5762,0,0,0
5378,5766,34,11,23
5378,5770,42,15,27
5378,5774,59,15,44
5378,5911,249,119,130
5378,5913,319,108,211
5378,5914,139,71,68
5378,5915,28,14,14
5378,5916,49,26,23
5378,5954,571,319,252
5378,5958,74,30,44
5378,5962,373,166,207
5378,5966,361,76,285
5378,5970,241,76,165
5378,5974,35,15,20
5378,5978,140,55,85
5378,6411,39,0,39
5378,6412,490,24,466
5378,6413,15,0,15
5378,6414,77,14,63
5378,6431,25,13,12
5378,6432,31,10,21
5378,6433,34,0,34
5378,6434,102,0,102
5378,6435,58,10,48
5378,6436,111,23,88
5378,6437,0,0,0
5378,6438,82,10,72
5378,6439,12,12,0
5378,6440,31,0,31
5378,6531,34,15,19
5378,6532,61,39,22
5378,6533,69,11,58
5378,6534,54,41,13
5378,6535,0,0,0
5378,6611,28,16,12
5378,6631,0,0,0
5378,6632,0,0,0
5378,6633,0,0,0
5378,6634,0,0,0
5378,6635,0,0,0
5378,6636,0,0,0
5378,7111,72,18,54
5378,7131,98,57,41
5378,7132,125,70,55
5378,7133,11,11,0
5378,7134,0,0,0
5378,7135,13,0,13
5378,7137,56,33,23
5378,7138,206,100,106
5378,7140,27,27,0
5378,7141,17,0,17
5378,7143,61,40,21
5378,7211,13,0,13
5378,7231,12,12,0
5378,7232,16,0,16
5378,7233,0,0,0
5378,7235,0,0,0
5378,7311,0,0,0
5378,7312,0,0,0
5378,7313,0,0,0
5378,7314,12,0,12
5378,7315,33,13,20
5378,7316,0,0,0
5378,7317,0,0,0
5378,7318,0,0,0
5378,7319,0,0,0
5378,7320,0,0,0
5378,7331,0,0,0
5378,7332,0,0,0
5378,7333,0,0,0
5378,7334,0,0,0
5378,7335,0,0,0
5378,7336,0,0,0
5378,7337,0,0,0
5378,7338,0,0,0
5378,7339,87,14,73
5378,7340,0,0,0
5378,8111,109,19,90
5378,8115,64,32,32
5378,8116,58,22,36
5378,8117,12,0,12
5378,8118,47,12,35
5378,8119,33,11,22
5378,8121,0,0,0
5378,8125,20,0,20
5378,8126,18,0,18
5378,8127,0,0,0
5378,8128,10,0,10
5378,8135,0,0,0
5378,8136,11,0,11
5378,8211,10,0,10
5378,8212,56,15,41
5378,8215,38,16,22
5378,8216,29,16,13
5378,8221,17,0,17
5378,8222,82,12,70
5378,8225,0,0,0
5378,8226,52,24,28
5378,8231,11,0,11
5378,8235,0,0,0
5378,8236,0,0,0
5378,8237,0,0,0
5378,8311,18,0,18
5378,8315,0,0,0
5378,8316,0,0,0
5378,8317,27,13,14
5378,8325,0,0,0
5378,8326,0,0,0
5378,8327,0,0,0
5378,8335,12,0,12
5378,8336,11,0,11
5378,8337,0,0,0
5378,8415,0,0,0
5378,8416,0,0,0
5378,8417,0,0,0
5378,8421,17,0,17
5378,8425,0,0,0
5378,8426,0,0,0
5378,8435,0,0,0
5378,8436,0,0,0
5378,8437,0,0,0
5378,9161,12,0,12
5378,9162,301,32,269
5378,9163,0,0,0
5378,9171,0,0,0
5378,9172,0,0,0
5378,9173,0,0,0
5378,9174,0,0,0
5378,9175,10,0,10
5378,9176,0,0,0
5378,9177,0,0,0
5378,9178,23,0,23
5378,9179,0,0,0
5378,9180,0,0,0
5378,9181,0,0,0
5378,9182,10,0,10
5378,9183,0,0,0
5378,9184,131,0,131
5378,9185,0,0,0
5378,9186,10,0,10
5378,9187,0,0,0
5378,9188,13,0,13
5378,9189,0,0,0
5378,9190,10,0,10
5378,9261,0,0,0
5378,9262,10,0,10
5378,9263,0,0,0
5378,9271,11,11,0
5378,9272,0,0,0
5378,9273,0,0,0
5378,9274,10,0,10
5378,9275,0,0,0
5378,9276,0,0,0
5378,9277,0,0,0
5378,9278,0,0,0
5378,9279,0,0,0
5378,9361,0,0,0
5378,9362,10,0,10
5378,9363,0,0,0
5378,9371,0,0,0
5378,9372,0,0,0
5378,9373,12,0,12
5378,9374,0,0,0
5378,9375,0,0,0
5378,9376,13,0,13
5378,9377,0,0,0
5378,9461,0,0,0
5378,9462,0,0,0
5378,9463,0,0,0
5378,9464,0,0,0
5378,9471,0,0,0
5378,9472,0,0,0
5378,9473,0,0,0
5378,9474,0,0,0
5378,9475,11,0,11
5378,9476,0,0,0
5378,9477,0,0,0
5378,9478,0,0,0
5378,9479,0,0,0
5378,9561,0,0,0
5378,9562,0,0,0
5378,9563,0,0,0
5378,9564,83,11,72
5378,9565,0,0,0
5378,9571,0,0,0
5378,9572,0,0,0
5378,9573,0,0,0
5378,9574,0,0,0
5378,9575,0,0,0
5378,9576,0,0,0
5378,9577,0,0,0
5378,9661,0,0,0
5378,9662,0,0,0
5378,9663,0,0,0
5378,9671,0,0,0
5378,9672,0,0,0
5378,9673,0,0,0
5378,9674,0,0,0
5378,9675,0,0,0
5378,9676,0,0,0
5378,9677,0,0,0
5378,9678,0,0,0
5378,9679,0,0,0
5378,9761,34,11,23
5378,9762,0,0,0
5378,9763,0,0,0
5378,9764,0,0,0
5378,9771,0,0,0
5378,9772,22,10,12
5378,9773,0,0,0
5378,9774,0,0,0
5378,9775,0,0,0
5378,9776,0,0,0
5378,9777,0,0,0
5378,9778,0,0,0
5378,9779,0,0,0
5378,9780,0,0,0
5378,10041,27,0,27
5378,10042,0,0,0
5378,10043,0,0,0
5378,10044,0,0,0
5378,10045,0,0,0
5378,10046,0,0,0
5378,11000,436,110,326
5378,12051,0,0,0
5378,12052,0,0,0
5378,12053,0,0,0
5378,12054,14,0,14
5378,12060,0,0,0
5378,12061,0,0,0
5378,12062,0,0,0
5378,12063,0,0,0
5378,12064,0,0,0
5378,12065,0,0,0
5378,12066,0,0,0
5378,12067,0,0,0
5378,12068,0,0,0
5378,12069,0,0,0
5378,12070,0,0,0
5378,12071,0,0,0
5378,12072,0,0,0
5378,12073,0,0,0
5378,13003,0,0,0
5378,13004,0,0,0
5378,13071,0,0,0
5378,13072,0,0,0
5378,13073,0,0,0
5378,13074,0,0,0
5378,13075,0,0,0
5378,13076,0,0,0
5378,14511,0,0,0
5378,14521,0,0,0
5378,14522,0,0,0
5378,14523,0,0,0
5378,14524,0,0,0
5378,14612,24,24,0
5378,14625,0,0,0
5378,14626,0,0,0
5378,14627,0,0,0
5378,14628,0,0,0
5378,14713,50,33,17
5378,14729,12,12,0
5378,14730,0,0,0
5378,15001,0,0,0
5378,15002,0,0,0
5378,15003,0,0,0
5378,15081,0,0,0
5378,15082,0,0,0
5378,15083,0,0,0
5378,15084,0,0,0
5378,15085,0,0,0
5378,15086,0,0,0
5378,15087,0,0,0
5378,15088,0,0,0
5378,15089,0,0,0
5378,15090,0,0,0
5378,15091,0,0,0
5378,16051,98,98,0
5378,16052,0,0,0
5378,16053,0,0,0
5378,16054,0,0,0
5378,16055,0,0,0
5378,16056,0,0,0
5378,16061,0,0,0
5378,16062,0,0,0
5378,16063,0,0,0
5378,16064,0,0,0
5378,16065,0,0,0
5378,16066,0,0,0
5378,16067,11,11,0
5378,16068,18,18,0
5378,16069,0,0,0
5378,16070,13,13,0
5378,16071,0,0,0
5378,16072,0,0,0
5378,16073,0,0,0
5378,16074,0,0,0
5378,16075,0,0,0
5378,16076,0,0,0
5378,16077,0,0,0
5382,1001,0,0,0
5382,1002,48,18,30
5382,1003,35,13,22
5382,1004,14,0,14
5382,1051,13,13,0
5382,1053,31,12,19
5382,1054,78,66,12
5382,1055,22,22,0
5382,1056,56,28,28
5382,1057,0,0,0
5382,1058,33,17,16
5382,1059,33,13,20
5382,1060,52,25,27
5382,1061,20,0,20
5382,1062,50,27,23
5382,2000,889,367,522
5382,3101,56,32,24
5382,3102,22,22,0
5382,3103,33,11,22
5382,3151,18,18,0
5382,3153,40,30,10
5382,3154,11,11,0
5382,3155,10,10,0
5382,3157,0,0,0
5382,3158,23,23,0
5382,3159,49,30,19
5382,3241,308,118,190
5382,3251,23,23,0
5382,3252,11,0,11
5382,3254,31,20,11
5382,3255,0,0,0
5382,3256,25,15,10
5382,3257,12,12,0
5382,3351,28,14,14
5382,3352,15,15,0
5382,3353,44,25,19
5382,3354,0,0,0
5382,3355,64,28,36
5382,3356,34,16,18
5382,3357,27,27,0
5382,3358,29,18,11
5382,3359,13,13,0
5382,3360,17,17,0
5382,3361,26,15,11
5382,3401,0,0,0
5382,3402,29,29,0
5382,3403,29,16,13
5382,3404,60,20,40
5382,3405,10,10,0
5382,3451,14,0,14
5382,3452,48,35,13
5382,3453,17,0,17
5382,3454,51,19,32
5382,3455,0,0,0
5382,3456,13,0,13
5382,3457,13,13,0
5382,3458,12,12,0
5382,3459,69,30,39
5382,3460,0,0,0
5382,3461,0,0,0
5382,3462,0,0,0
5382,4011,195,123,72
5382,4012,0,0,0
5382,5111,2349,321,2028
5382,5112,383,178,205
5382,5113,662,190,472
5382,5114,208,73,135
5382,5116,258,101,157
5382,5117,121,56,65
5382,5119,195,53,142
5382,5120,172,65,107
5382,5122,219,100,119
5382,5124,368,145,223
5382,5154,209,76,133
5382,5158,1206,317,889
5382,5162,923,339,584
5382,5166,229,89,140
5382,5170,308,98,210
5382,5314,63205,14649,48556
5382,5315,44739,9059,35680
5382,5316,1660,464,1196
5382,5334,906,378,528
5382,5358,801,417,384
5382,5362,10361,3516,6845
5382,5366,6463,3912,2551
5382,5370,180,103,77
5382,5374,5553,2639,2914
5382,5378,5894,2574,3320
5382,5382,0,0,0
5382,5512,48,32,16
5382,5513,136,54,82
5382,5515,189,52,137
5382,5554,92,43,49
5382,5558,52,29,23
5382,5562,309,177,132
5382,5566,129,54,75
5382,5570,68,31,37
5382,5711,97,31,66
5382,5754,141,46,95
5382,5758,43,20,23
5382,5762,22,22,0
5382,5766,97,53,44
5382,5770,70,28,42
5382,5774,81,41,40
5382,5911,241,111,130
5382,5913,353,139,214
5382,5914,92,41,51
5382,5915,55,33,22
5382,5916,61,26,35
5382,5954,192,77,115
5382,5958,80,32,48
5382,5962,229,93,136
5382,5966,451,72,379
5382,5970,487,130,357
5382,5974,92,54,38
5382,5978,202,107,95
5382,6411,112,37,75
5382,6412,1435,209,1226
5382,6413,83,47,36
5382,6414,241,73,168
5382,6431,78,27,51
5382,6432,93,49,44
5382,6433,112,44,68
5382,6434,238,51,187
5382,6435,122,38,84
5382,6436,295,43,252
5382,6437,0,0,0
5382,6438,226,82,144
5382,6439,74,43,31
5382,6440,97,41,56
5382,6531,73,35,38
5382,6532,89,47,42
5382,6533,179,84,95
5382,6534,80,32,48
5382,6535,11,11,0
5382,6611,67,30,37
5382,6631,47,28,19
5382,6632,51,35,16
5382,6633,33,19,14
5382,6634,19,19,0
5382,6635,33,13,20
5382,6636,0,0,0
5382,7111,536,188,348
5382,7131,5107,3472,1635
5382,7132,2843,1893,950
5382,7133,48,28,20
5382,7134,12,12,0
5382,7135,61,47,14
5382,7137,692,374,318
5382,7138,8776,5275,3501
5382,7140,102,64,38
5382,7141,109,58,51
5382,7143,758,385,373
5382,7211,64,24,40
5382,7231,89,55,34
5382,7232,102,58,44
5382,7233,180,137,43
5382,7235,55,35,20
5382,7311,0,0,0
5382,7312,12,12,0
5382,7313,0,0,0
5382,7314,46,15,31
5382,7315,171,55,116
5382,7316,13,0,13
5382,7317,0,0,0
5382,7318,0,0,0
5382,7319,32,12,20
5382,7320,0,0,0
5382,7331,14,14,0
5382,7332,23,23,0
5382,7333,65,20,45
5382,7334,12,12,0
5382,7335,0,0,0
5382,7336,0,0,0
5382,7337,0,0,0
5382,7338,35,35,0
5382,7339,101,55,46
5382,7340,0,0,0
5382,8111,271,92,179
5382,8115,141,81,60
5382,8116,118,48,70
5382,8117,28,0,28
5382,8118,143,67,76
5382,8119,91,39,52
5382,8121,11,0,11
5382,8125,176,134,42
5382,8126,46,0,46
5382,8127,21,0,21
5382,8128,23,10,13
5382,8135,0,0,0
5382,8136,21,0,21
5382,8211,0,0,0
5382,8212,97,18,79
5382,8215,65,29,36
5382,8216,34,12,22
5382,8221,51,16,35
5382,8222,181,45,136
5382,8225,11,11,0
5382,8226,139,68,71
5382,8231,18,0,18
5382,8235,30,16,14
5382,8236,11,0,11
5382,8237,0,0,0
5382,8311,56,16,40
5382,8315,39,20,19
5382,8316,10,10,0
5382,8317,77,46,31
5382,8325,0,0,0
5382,8326,0,0,0
5382,8327,0,0,0
5382,8335,58,31,27
5382,8336,45,14,31
5382,8337,26,0,26
5382,8415,45,27,18
5382,8416,44,21,23
5382,8417,28,10,18
5382,8421,21,0,21
5382,8425,19,19,0
5382,8426,12,12,0
5382,8435,39,12,27
5382,8436,24,11,13
5382,8437,0,0,0
5382,9161,29,0,29
5382,9162,835,224,611
5382,9163,0,0,0
5382,9171,0,0,0
5382,9172,124,104,20
5382,9173,25,11,14
5382,9174,11,11,0
5382,9175,29,16,13
5382,9176,0,0,0
5382,9177,15,15,0
5382,9178,90,16,74
5382,9179,39,16,23
5382,9180,13,13,0
5382,9181,12,0,12
5382,9182,13,0,13
5382,9183,0,0,0
5382,9184,293,45,248
5382,9185,0,0,0
5382,9186,22,0,22
5382,9187,32,21,11
5382,9188,34,11,23
5382,9189,42,28,14
5382,9190,12,12,0
5382,9261,0,0,0
5382,9262,11,0,11
5382,9263,0,0,0
5382,9271,0,0,0
5382,9272,0,0,0
5382,9273,11,11,0
5382,9274,20,20,0
5382,9275,11,0,11
5382,9276,0,0,0
5382,9277,10,10,0
5382,9278,0,0,0
5382,9279,0,0,0
5382,9361,0,0,0
5382,9362,35,15,20
5382,9363,0,0,0
5382,9371,0,0,0
5382,9372,0,0,0
5382,9373,24,0,24
5382,9374,0,0,0
5382,9375,21,21,0
5382,9376,24,24,0
5382,9377,0,0,0
5382,9461,0,0,0
5382,9462,20,10,10
5382,9463,0,0,0
5382,9464,0,0,0
5382,9471,22,11,11
5382,9472,0,0,0
5382,9473,0,0,0
5382,9474,0,0,0
5382,9475,19,0,19
5382,9476,0,0,0
5382,9477,11,11,0
5382,9478,0,0,0
5382,9479,0,0,0
5382,9561,0,0,0
5382,9562,21,0,21
5382,9563,14,14,0
5382,9564,174,35,139
5382,9565,0,0,0
5382,9571,0,0,0
5382,9572,13,0,13
5382,9573,10,10,0
5382,9574,22,11,11
5382,9575,0,0,0
5382,9576,11,11,0
5382,9577,24,24,0
5382,9661,10,0,10
5382,9662,14,0,14
5382,9663,32,13,19
5382,9671,34,12,22
5382,9672,10,10,0
5382,9673,0,0,0
5382,9674,0,0,0
5382,9675,23,0,23
5382,9676,31,11,20
5382,9677,11,0,11
5382,9678,0,0,0
5382,9679,12,0,12
5382,9761,62,19,43
5382,9762,0,0,0
5382,9763,0,0,0
5382,9764,0,0,0
5382,9771,0,0,0
5382,9772,15,15,0
5382,9773,0,0,0
5382,9774,0,0,0
5382,9775,25,25,0
5382,9776,10,0,10
5382,9777,21,10,11
5382,9778,0,0,0
5382,9779,11,11,0
5382,9780,15,15,0
5382,10041,79,23,56
5382,10042,11,0,11
5382,10043,13,13,0
5382,10044,15,15,0
5382,10045,23,12,11
5382,10046,17,0,17
5382,11000,1737,941,796
5382,12051,0,0,0
5382,12052,18,18,0
5382,12053,0,0,0
5382,12054,60,35,25
5382,12060,26,26,0
5382,12061,29,29,0
5382,12062,0,0,0
5382,12063,32,32,0
5382,12064,32,32,0
5382,12065,28,28,0
5382,12066,0,0,0
5382,12067,11,11,0
5382,12068,0,0,0
5382,12069,66,56,10
5382,12070,0,0,0
5382,12071,11,11,0
5382,12072,30,30,0
5382,12073,22,22,0
5382,13003,14,14,0
5382,13004,0,0,0
5382,13071,25,25,0
5382,13072,13,13,0
5382,13073,14,14,0
5382,13074,0,0,0
5382,13075,34,34,0
5382,13076,25,25,0
5382,14511,37,16,21
5382,14521,22,11,11
5382,14522,18,18,0
5382,14523,0,0,0
5382,14524,12,12,0
5382,14612,64,47,17
5382,14625,30,15,15
5382,14626,60,47,13
5382,14627,30,20,10
5382,14628,22,22,0
5382,14713,114,75,39
5382,14729,27,27,0
5382,14730,35,20,15
5382,15001,0,0,0
5382,15002,31,21,10
5382,15003,25,25,0
5382,15081,0,0,0
5382,15082,27,13,14
5382,15083,20,20,0
5382,15084,13,13,0
5382,15085,45,45,0
5382,15086,0,0,0
5382,15087,0,0,0
5382,15088,12,12,0
5382,15089,25,25,0
5382,15090,15,15,0
5382,15091,11,11,0
5382,16051,39,18,21
5382,16052,0,0,0
5382,16053,0,0,0
5382,16054,0,0,0
5382,16055,0,0,0
5382,16056,13,13,0
5382,16061,13,13,0
5382,16062,0,0,0
5382,16063,10,0,10
5382,16064,0,0,0
5382,16065,0,0,0
5382,16066,12,12,0
5382,16067,13,13,0
5382,16068,0,0,0
5382,16069,0,0,0
5382,16070,31,17,14
5382,16071,0,0,0
5382,16072,0,0,0
5382,16073,0,0,0
5382,16074,0,0,0
5382,16075,14,14,0
5382,16076,0,0,0
5382,16077,0,0,0
5512,1001,0,0,0
5512,1002,0,0,0
5512,1003,0,0,0
5512,1004,0,0,0
5512,1051,0,0,0
5512,1053,0,0,0
5512,1054,0,0,0
5512,1055,0,0,0
5512,1056,0,0,0
5512,1057,0,0,0
5512,1058,0,0,0
5512,1059,0,0,0
5512,1060,10,10,0
5512,1061,0,0,0
5512,1062,13,0,13
5512,2000,108,21,87
5512,3101,0,0,0
5512,3102,0,0,0
5512,3103,0,0,0
5512,3151,0,0,0
5512,3153,0,0,0
5512,3154,0,0,0
5512,3155,0,0,0
5512,3157,0,0,0
5512,3158,0,0,0
5512,3159,0,0,0
5512,3241,75,35,40
5512,3251,0,0,0
5512,3252,0,0,0
5512,3254,0,0,0
5512,3255,0,0,0
5512,3256,0,0,0
5512,3257,0,0,0
5512,3351,0,0,0
5512,3352,0,0,0
5512,3353,0,0,0
5512,3354,0,0,0
5512,3355,0,0,0
5512,3356,0,0,0
5512,3357,0,0,0
5512,3358,0,0,0
5512,3359,0,0,0
5512,3360,0,0,0
5512,3361,0,0,0
5512,3401,0,0,0
5512,3402,0,0,0
5512,3403,0,0,0
5512,3404,20,0,20
5512,3405,0,0,0
5512,3451,0,0,0
5512,3452,0,0,0
5512,3453,0,0,0
5512,3454,24,12,12
5512,3455,0,0,0
5512,3456,0,0,0
5512,3457,0,0,0
5512,3458,0,0,0
5512,3459,11,0,11
5512,3460,0,0,0
5512,3461,0,0,0
5512,3462,0,0,0
5512,4011,127,15,112
5512,4012,0,0,0
5512,5111,1265,129,1136
5512,5112,2851,993,1858
5512,5113,9076,2259,6817
5512,5114,229,47,182
5512,5116,58,23,35
5512,5117,1323,347,976
5512,5119,5461,2407,3054
5512,5120,30,0,30
5512,5122,65,34,31
5512,5124,157,42,115
5512,5154,156,84,72
5512,5158,637,125,512
5512,5162,133,36,97
5512,5166,93,37,56
5512,5170,2161,1222,939
5512,5314,47,0,47
5512,5315,260,36,224
5512,5316,54,16,38
5512,5334,42,23,19
5512,5358,24,0,24
5512,5362,66,20,46
5512,5366,10,0,10
5512,5370,28,13,15
5512,5374,20,0,20
5512,5378,33,0,33
5512,5382,48,16,32
5512,5512,0,0,0
5512,5513,4847,2302,2545
5512,5515,148,45,103
5512,5554,651,389,262
5512,5558,156,72,84
5512,5562,9168,5305,3863
5512,5566,226,187,39
5512,5570,33,12,21
5512,5711,19,0,19
5512,5754,23,0,23
5512,5758,12,0,12
5512,5762,0,0,0
5512,5766,0,0,0
5512,5770,10,0,10
5512,5774,12,0,12
5512,5911,1155,448,707
5512,5913,1066,417,649
5512,5914,109,22,87
5512,5915,72,44,28
5512,5916,919,400,519
5512,5954,352,166,186
5512,5958,49,20,29
5512,5962,46,16,30
5512,5966,0,0,0
5512,5970,12,0,12
5512,5974,50,18,32
5512,5978,377,229,148
5512,6411,0,0,0
5512,6412,79,0,79
5512,6413,0,0,0
5512,6414,16,0,16
5512,6431,0,0,0
5512,6432,0,0,0
5512,6433,0,0,0
5512,6434,22,11,11
5512,6435,14,0,14
5512,6436,24,0,24
5512,6437,0,0,0
5512,6438,20,0,20
5512,6439,0,0,0
5512,6440,0,0,0
5512,6531,0,0,0
5512,6532,0,0,0
5512,6533,0,0,0
5512,6534,0,0,0
5512,6535,0,0,0
5512,6611,0,0,0
5512,6631,0,0,0
5512,6632,0,0,0
5512,6633,0,0,0
5512,6634,13,0,13
5512,6635,0,0,0
5512,6636,0,0,0
5512,7111,0,0,0
5512,7131,0,0,0
5512,7132,0,0,0
5512,7133,0,0,0
5512,7134,0,0,0
5512,7135,0,0,0
5512,7137,0,0,0
5512,7138,0,0,0
5512,7140,0,0,0
5512,7141,0,0,0
5512,7143,13,0,13
5512,7211,0,0,0
5512,7231,0,0,0
5512,7232,0,0,0
5512,7233,0,0,0
5512,7235,0,0,0
5512,7311,0,0,0
5512,7312,0,0,0
5512,7313,0,0,0
5512,7314,11,11,0
5512,7315,0,0,0
5512,7316,0,0,0
5512,7317,0,0,0
5512,7318,0,0,0
5512,7319,0,0,0
5512,7320,0,0,0
5512,7331,0,0,0
5512,7332,0,0,0
5512,7333,0,0,0
5512,7334,0,0,0
5512,7335,0,0,0
5512,7336,0,0,0
5512,7337,0,0,0
5512,7338,0,0,0
5512,7339,0,0,0
5512,7340,0,0,0
5512,8111,19,0,19
5512,8115,11,11,0
5512,8116,47,16,31
5512,8117,0,0,0
5512,8118,0,0,0
5512,8119,19,19,0
5512,8121,0,0,0
5512,8125,11,0,11
5512,8126,0,0,0
5512,8127,0,0,0
5512,8128,0,0,0
5512,8135,0,0,0
5512,8136,0,0,0
5512,8211,14,0,14
5512,8212,0,0,0
5512,8215,0,0,0
5512,8216,0,0,0
5512,8221,0,0,0
5512,8222,24,11,13
5512,8225,0,0,0
5512,8226,30,13,17
5512,8231,0,0,0
5512,8235,0,0,0
5512,8236,0,0,0
5512,8237,0,0,0
5512,8311,0,0,0
5512,8315,0,0,0
5512,8316,0,0,0
5512,8317,0,0,0
5512,8325,0,0,0
5512,8326,0,0,0
5512,8327,0,0,0
5512,8335,0,0,0
5512,8336,0,0,0
5512,8337,0,0,0
5512,8415,0,0,0
5512,8416,0,0,0
5512,8417,0,0,0
5512,8421,0,0,0
5512,8425,0,0,0
5512,8426,0,0,0
5512,8435,0,0,0
5512,8436,0,0,0
5512,8437,0,0,0
5512,9161,0,0,0
5512,9162,77,0,77
5512,9163,0,0,0
5512,9171,0,0,0
5512,9172,0,0,0
5512,9173,0,0,0
5512,9174,0,0,0
5512,9175,0,0,0
5512,9176,0,0,0
5512,9177,0,0,0
5512,9178,0,0,0
5512,9179,12,12,0
5512,9180,0,0,0
5512,9181,0,0,0
5512,9182,0,0,0
5512,9183,0,0,0
5512,9184,28,0,28
5512,9185,0,0,0
5512,9186,0,0,0
5512,9187,0,0,0
5512,9188,0,0,0
5512,9189,0,0,0
5512,9190,0,0,0
5512,9261,0,0,0
5512,9262,0,0,0
5512,9263,0,0,0
5512,9271,0,0,0
5512,9272,0,0,0
5512,9273,0,0,0
5512,9274,0,0,0
5512,9275,0,0,0
5512,9276,0,0,0
5512,9277,0,0,0
5512,9278,0,0,0
5512,9279,0,0,0
5512,9361,0,0,0
5512,9362,0,0,0
5512,9363,0,0,0
5512,9371,0,0,0
5512,9372,0,0,0
5512,9373,0,0,0
5512,9374,0,0,0
5512,9375,0,0,0
5512,9376,0,0,0
5512,9377,0,0,0
5512,9461,0,0,0
5512,9462,0,0,0
5512,9463,0,0,0
5512,9464,0,0,0
5512,9471,0,0,0
5512,9472,0,0,0
5512,9473,0,0,0
5512,9474,0,0,0
5512,9475,0,0,0
5512,9476,0,0,0
5512,9477,0,0,0
5512,9478,0,0,0
5512,9479,0,0,0
5512,9561,0,0,0
5512,9562,0,0,0
5512,9563,0,0,0
5512,9564,13,0,13
5512,9565,0,0,0
5512,9571,0,0,0
5512,9572,0,0,0
5512,9573,0,0,0
5512,9574,0,0,0
5512,9575,0,0,0
5512,9576,0,0,0
5512,9577,0,0,0
5512,9661,0,0,0
5512,9662,0,0,0
5512,9663,0,0,0
5512,9671,0,0,0
5512,9672,0,0,0
5512,9673,0,0,0
5512,9674,0,0,0
5512,9675,0,0,0
5512,9676,0,0,0
5512,9677,0,0,0
5512,9678,0,0,0
5512,9679,0,0,0
5512,9761,0,0,0
5512,9762,0,0,0
5512,9763,0,0,0
5512,9764,0,0,0
5512,9771,0,0,0
5512,9772,0,0,0
5512,9773,0,0,0
5512,9774,0,0,0
5512,9775,0,0,0
5512,9776,0,0,0
5512,9777,0,0,0
5512,9778,0,0,0
5512,9779,0,0,0
5512,9780,0,0,0
5512,10041,10,0,10
5512,10042,0,0,0
5512,10043,0,0,0
5512,10044,0,0,0
5512,10045,0,0,0
5512,10046,0,0,0
5512,11000,144,61,83
5512,12051,0,0,0
5512,12052,0,0,0
5512,12053,0,0,0
5512,12054,0,0,0
5512,12060,0,0,0
5512,12061,0,0,0
5512,12062,0,0,0
5512,12063,0,0,0
5512,12064,0,0,0
5512,12065,0,0,0
5512,12066,0,0,0
5512,12067,0,0,0
5512,12068,0,0,0
5512,12069,0,0,0
5512,12070,0,0,0
5512,12071,0,0,0
5512,12072,0,0,0
5512,12073,0,0,0
5512,13003,0,0,0
5512,13004,0,0,0
5512,13071,0,0,0
5512,13072,0,0,0
5512,13073,0,0,0
5512,13074,0,0,0
5512,13075,0,0,0
5512,13076,0,0,0
5512,14511,0,0,0
5512,14521,24,24,0
5512,14522,0,0,0
5512,14523,0,0,0
5512,14524,0,0,0
5512,14612,0,0,0
5512,14625,0,0,0
5512,14626,12,12,0
5512,14627,0,0,0
5512,14628,0,0,0
5512,14713,13,0,13
5512,14729,0,0,0
5512,14730,0,0,0
5512,15001,0,0,0
5512,15002,0,0,0
5512,15003,0,0,0
5512,15081,0,0,0
5512,15082,0,0,0
5512,15083,0,0,0
5512,15084,0,0,0
5512,15085,0,0,0
5512,15086,0,0,0
5512,15087,0,0,0
5512,15088,0,0,0
5512,15089,0,0,0
5512,15090,0,0,0
5512,15091,0,0,0
5512,16051,0,0,0
5512,16052,0,0,0
5512,16053,0,0,0
5512,16054,0,0,0
5512,16055,0,0,0
5512,16056,0,0,0
5512,16061,0,0,0
5512,16062,0,0,0
5512,16063,0,0,0
5512,16064,0,0,0
5512,16065,0,0,0
5512,16066,0,0,0
5512,16067,0,0,0
5512,16068,0,0,0
5512,16069,0,0,0
5512,16070,0,0,0
5512,16071,0,0,0
5512,16072,0,0,0
5512,16073,0,0,0
5512,16074,0,0,0
5512,16075,0,0,0
5512,16076,0,0,0
5512,16077,0,0,0
5513,1001,0,0,0
5513,1002,11,0,11
5513,1003,0,0,0
5513,1004,0,0,0
5513,1051,0,0,0
5513,1053,16,0,16
5513,1054,0,0,0
5513,1055,0,0,0
5513,1056,26,15,11
5513,1057,0,0,0
5513,1058,0,0,0
5513,1059,0,0,0
5513,1060,28,16,12
5513,1061,15,0,15
5513,1062,13,0,13
5513,2000,260,58,202
5513,3101,29,10,19
5513,3102,0,0,0
5513,3103,0,0,0
5513,3151,0,0,0
5513,3153,0,0,0
5513,3154,0,0,0
5513,3155,0,0,0
5513,3157,0,0,0
5513,3158,0,0,0
5513,3159,28,15,13
5513,3241,192,118,74
5513,3251,10,0,10
5513,3252,0,0,0
5513,3254,18,18,0
5513,3255,0,0,0
5513,3256,0,0,0
5513,3257,11,11,0
5513,3351,0,0,0
5513,3352,0,0,0
5513,3353,14,14,0
5513,3354,0,0,0
5513,3355,0,0,0
5513,3356,0,0,0
5513,3357,0,0,0
5513,3358,0,0,0
5513,3359,40,40,0
5513,3360,0,0,0
5513,3361,0,0,0
5513,3401,0,0,0
5513,3402,0,0,0
5513,3403,21,11,10
5513,3404,43,11,32
5513,3405,0,0,0
5513,3451,0,0,0
5513,3452,28,12,16
5513,3453,11,0,11
5513,3454,144,55,89
5513,3455,0,0,0
5513,3456,28,13,15
5513,3457,0,0,0
5513,3458,0,0,0
5513,3459,98,36,62
5513,3460,11,0,11
5513,3461,0,0,0
5513,3462,0,0,0
5513,4011,114,28,86
5513,4012,0,0,0
5513,5111,2346,429,1917
5513,5112,2948,1044,1904
5513,5113,16021,5116,10905
5513,5114,408,136,272
5513,5116,211,112,99
5513,5117,1467,524,943
5513,5119,2550,1213,1337
5513,5120,117,36,81
5513,5122,113,64,49
5513,5124,458,163,295
5513,5154,357,192,165
5513,5158,1379,396,983
5513,5162,343,162,181
5513,5166,246,95,151
5513,5170,1884,1193,691
5513,5314,92,35,57
5513,5315,802,276,526
5513,5316,129,84,45
5513,5334,137,95,42
5513,5358,77,55,22
5513,5362,304,109,195
5513,5366,41,25,16
5513,5370,101,79,22
5513,5374,89,36,53
5513,5378,89,64,25
5513,5382,136,82,54
5513,5512,4847,2545,2302
5513,5513,0,0,0
5513,5515,494,252,242
5513,5554,932,612,320
5513,5558,678,519,159
5513,5562,23501,14541,8960
5513,5566,223,120,103
5513,5570,218,137,81
5513,5711,160,85,75
5513,5754,117,55,62
5513,5758,82,71,11
5513,5762,36,17,19
5513,5766,77,65,12
5513,5770,200,160,40
5513,5774,58,33,25
5513,5911,9162,4059,5103
5513,5913,3813,1685,2128
5513,5914,375,137,238
5513,5915,241,136,105
5513,5916,5656,2913,2743
5513,5954,1560,706,854
5513,5958,166,120,46
5513,5962,304,198,106
5513,5966,43,27,16
5513,5970,157,118,39
5513,5974,209,128,81
5513,5978,1271,790,481
5513,6411,18,0,18
5513,6412,164,56,108
5513,6413,0,0,0
5513,6414,23,0,23
5513,6431,28,0,28
5513,6432,0,0,0
5513,6433,38,26,12
5513,6434,29,0,29
5513,6435,53,24,29
5513,6436,60,0,60
5513,6437,0,0,0
5513,6438,67,17,50
5513,6439,0,0,0
5513,6440,135,135,0
5513,6531,22,22,0
5513,6532,28,18,10
5513,6533,21,10,11
5513,6534,12,0,12
5513,6535,0,0,0
5513,6611,15,0,15
5513,6631,36,11,25
5513,6632,0,0,0
5513,6633,13,13,0
5513,6634,11,0,11
5513,6635,18,18,0
5513,6636,0,0,0
5513,7111,26,12,14
5513,7131,11,11,0
5513,7132,23,12,11
5513,7133,0,0,0
5513,7134,0,0,0
5513,7135,0,0,0
5513,7137,20,10,10
5513,7138,32,13,19
5513,7140,0,0,0
5513,7141,10,0,10
5513,7143,27,17,10
5513,7211,0,0,0
5513,7231,0,0,0
5513,7232,0,0,0
5513,7233,0,0,0
5513,7235,0,0,0
5513,7311,0,0,0
5513,7312,0,0,0
5513,7313,13,0,13
5513,7314,51,27,24
5513,7315,19,0,19
5513,7316,0,0,0
5513,7317,0,0,0
5513,7318,0,0,0
5513,7319,29,0,29
5513,7320,0,0,0
5513,7331,0,0,0
5513,7332,13,13,0
5513,7333,0,0,0
5513,7334,0,0,0
5513,7335,0,0,0
5513,7336,0,0,0
5513,7337,0,0,0
5513,7338,0,0,0
5513,7339,17,17,0
5513,7340,0,0,0
5513,8111,75,30,45
5513,8115,15,0,15
5513,8116,36,18,18
5513,8117,23,13,10
5513,8118,20,0,20
5513,8119,21,10,11
5513,8121,0,0,0
5513,8125,65,15,50
5513,8126,0,0,0
5513,8127,21,0,21
5513,8128,0,0,0
5513,8135,0,0,0
5513,8136,0,0,0
5513,8211,33,0,33
5513,8212,71,38,33
5513,8215,59,31,28
5513,8216,11,11,0
5513,8221,0,0,0
5513,8222,70,11,59
5513,8225,0,0,0
5513,8226,55,18,37
5513,8231,0,0,0
5513,8235,0,0,0
5513,8236,0,0,0
5513,8237,0,0,0
5513,8311,0,0,0
5513,8315,0,0,0
5513,8316,0,0,0
5513,8317,0,0,0
5513,8325,0,0,0
5513,8326,0,0,0
5513,8327,0,0,0
5513,8335,0,0,0
5513,8336,0,0,0
5513,8337,0,0,0
5513,8415,0,0,0
5513,8416,0,0,0
5513,8417,0,0,0
5513,8421,0,0,0
5513,8425,25,25,0
5513,8426,0,0,0
5513,8435,0,0,0
5513,8436,0,0,0
5513,8437,0,0,0
5513,9161,0,0,0
5513,9162,180,50,130
5513,9163,0,0,0
5513,9171,0,0,0
5513,9172,0,0,0
5513,9173,0,0,0
5513,9174,0,0,0
5513,9175,0,0,0
5513,9176,0,0,0
5513,9177,0,0,0
5513,9178,11,11,0
5513,9179,0,0,0
5513,9180,0,0,0
5513,9181,0,0,0
5513,9182,0,0,0
5513,9183,0,0,0
5513,9184,60,0,60
5513,9185,0,0,0
5513,9186,0,0,0
5513,9187,0,0,0
5513,9188,0,0,0
5513,9189,0,0,0
5513,9190,0,0,0
5513,9261,0,0,0
5513,9262,0,0,0
5513,9263,0,0,0
5513,9271,0,0,0
5513,9272,0,0,0
5513,9273,0,0,0
5513,9274,0,0,0
5513,9275,0,0,0
5513,9276,0,0,0
5513,9277,0,0,0
5513,9278,0,0,0
5513,9279,0,0,0
5513,9361,10,0,10
5513,9362,0,0,0
5513,9363,0,0,0
5513,9371,0,0,0
5513,9372,0,0,0
5513,9373,0,0,0
5513,9374,0,0,0
5513,9375,0,0,0
5513,9376,0,0,0
5513,9377,0,0,0
5513,9461,0,0,0
5513,9462,0,0,0
5513,9463,0,0,0
5513,9464,0,0,0
5513,9471,0,0,0
5513,9472,0,0,0
5513,9473,0,0,0
5513,9474,0,0,0
5513,9475,0,0,0
5513,9476,0,0,0
5513,9477,0,0,0
5513,9478,0,0,0
5513,9479,0,0,0
5513,9561,0,0,0
5513,9562,0,0,0
5513,9563,0,0,0
5513,9564,72,42,30
5513,9565,0,0,0
5513,9571,0,0,0
5513,9572,0,0,0
5513,9573,0,0,0
5513,9574,0,0,0
5513,9575,0,0,0
5513,9576,0,0,0
5513,9577,0,0,0
5513,9661,0,0,0
5513,9662,0,0,0
5513,9663,0,0,0
5513,9671,0,0,0
5513,9672,0,0,0
5513,9673,0,0,0
5513,9674,0,0,0
5513,9675,0,0,0
5513,9676,0,0,0
5513,9677,0,0,0
5513,9678,0,0,0
5513,9679,0,0,0
5513,9761,0,0,0
5513,9762,0,0,0
5513,9763,0,0,0
5513,9764,0,0,0
5513,9771,0,0,0
5513,9772,13,13,0
5513,9773,0,0,0
5513,9774,0,0,0
5513,9775,0,0,0
5513,9776,0,0,0
5513,9777,0,0,0
5513,9778,0,0,0
5513,9779,0,0,0
5513,9780,0,0,0
5513,10041,27,12,15
5513,10042,0,0,0
5513,10043,0,0,0
5513,10044,0,0,0
5513,10045,0,0,0
5513,10046,0,0,0
5513,11000,285,91,194
5513,12051,0,0,0
5513,12052,0,0,0
5513,12053,0,0,0
5513,12054,11,0,11
5513,12060,0,0,0
5513,12061,0,0,0
5513,12062,0,0,0
5513,12063,0,0,0
5513,12064,0,0,0
5513,12065,0,0,0
5513,12066,23,0,23
5513,12067,0,0,0
5513,12068,0,0,0
5513,12069,0,0,0
5513,12070,0,0,0
5513,12071,0,0,0
5513,12072,0,0,0
5513,12073,0,0,0
5513,13003,55,55,0
5513,13004,0,0,0
5513,13071,0,0,0
5513,13072,16,16,0
5513,13073,0,0,0
5513,13074,0,0,0
5513,13075,11,11,0
5513,13076,26,26,0
5513,14511,16,0,16
5513,14521,12,12,0
5513,14522,10,10,0
5513,14523,12,12,0
5513,14524,18,18,0
5513,14612,12,12,0
5513,14625,0,0,0
5513,14626,13,13,0
5513,14627,0,0,0
5513,14628,0,0,0
5513,14713,102,63,39
5513,14729,12,12,0
5513,14730,13,13,0
5513,15001,0,0,0
5513,15002,12,12,0
5513,15003,15,0,15
5513,15081,0,0,0
5513,15082,0,0,0
5513,15083,14,14,0
5513,15084,14,14,0
5513,15085,10,10,0
5513,15086,12,12,0
5513,15087,15,15,0
5513,15088,30,16,14
5513,15089,0,0,0
5513,15090,0,0,0
5513,15091,0,0,0
5513,16051,0,0,0
5513,16052,0,0,0
5513,16053,0,0,0
5513,16054,0,0,0
5513,16055,0,0,0
5513,16056,0,0,0
5513,16061,0,0,0
5513,16062,0,0,0
5513,16063,10,10,0
5513,16064,0,0,0
5513,16065,0,0,0
5513,16066,0,0,0
5513,16067,10,10,0
5513,16068,0,0,0
5513,16069,0,0,0
5513,16070,0,0,0
5513,16071,0,0,0
5513,16072,0,0,0
5513,16073,0,0,0
5513,16074,0,0,0
5513,16075,0,0,0
5513,16076,0,0,0
5513,16077,0,0,0
5515,1001,0,0,0
5515,1002,60,25,35
5515,1003,46,28,18
5515,1004,0,0,0
5515,1051,10,10,0
5515,1053,28,18,10
5515,1054,20,20,0
5515,1055,21,21,0
5515,1056,59,33,26
5515,1057,15,15,0
5515,1058,18,18,0
5515,1059,12,12,0
5515,1060,53,24,29
5515,1061,13,13,0
5515,1062,44,26,18
5515,2000,818,343,475
5515,3101,51,29,22
5515,3102,0,0,0
5515,3103,25,0,25
5515,3151,13,13,0
5515,3153,20,0,20
5515,3154,0,0,0
5515,3155,11,11,0
5515,3157,26,26,0
5515,3158,10,10,0
5515,3159,76,35,41
5515,3241,336,172,164
5515,3251,93,62,31
5515,3252,46,33,13
5515,3254,69,48,21
5515,3255,10,10,0
5515,3256,23,23,0
5515,3257,42,42,0
5515,3351,27,27,0
5515,3352,41,31,10
5515,3353,42,42,0
5515,3354,0,0,0
5515,3355,43,27,16
5515,3356,15,15,0
5515,3357,53,42,11
5515,3358,12,12,0
5515,3359,32,19,13
5515,3360,0,0,0
5515,3361,36,18,18
5515,3401,0,0,0
5515,3402,21,21,0
5515,3403,152,108,44
5515,3404,1631,873,758
5515,3405,16,16,0
5515,3451,37,37,0
5515,3452,101,63,38
5515,3453,92,69,23
5515,3454,865,620,245
5515,3455,19,19,0
5515,3456,408,315,93
5515,3457,36,36,0
5515,3458,49,49,0
5515,3459,1520,1125,395
5515,3460,143,88,55
5515,3461,18,18,0
5515,3462,0,0,0
5515,4011,245,135,110
5515,4012,0,0,0
5515,5111,1239,266,973
5515,5112,396,223,173
5515,5113,949,441,508
5515,5114,172,67,105
5515,5116,95,59,36
5515,5117,111,71,40
5515,5119,171,110,61
5515,5120,37,19,18
5515,5122,88,57,31
5515,5124,217,92,125
5515,5154,302,241,61
5515,5158,278,119,159
5515,5162,211,136,75
5515,5166,136,106,30
5515,5170,545,447,98
5515,5314,295,115,180
5515,5315,1242,568,674
5515,5316,66,33,33
5515,5334,191,87,104
5515,5358,104,48,56
5515,5362,229,131,98
5515,5366,33,33,0
5515,5370,62,51,11
5515,5374,90,52,38
5515,5378,136,81,55
5515,5382,189,137,52
5515,5512,148,103,45
5515,5513,494,242,252
5515,5515,0,0,0
5515,5554,3769,2850,919
5515,5558,22634,18685,3949
5515,5562,3333,2553,780
5515,5566,27812,22047,5765
5515,5570,18781,14414,4367
5515,5711,721,345,376
5515,5754,1389,784,605
5515,5758,314,231,83
5515,5762,83,65,18
5515,5766,320,254,66
5515,5770,489,405,84
5515,5774,479,370,109
5515,5911,764,514,250
5515,5913,2209,1048,1161
5515,5914,200,104,96
5515,5915,3294,2274,1020
5515,5916,255,162,93
5515,5954,377,276,101
5515,5958,435,316,119
5515,5962,506,400,106
5515,5966,74,56,18
5515,5970,175,123,52
5515,5974,857,654,203
5515,5978,3281,2404,877
5515,6411,50,16,34
5515,6412,524,141,383
5515,6413,12,12,0
5515,6414,72,27,45
5515,6431,15,15,0
5515,6432,34,21,13
5515,6433,28,15,13
5515,6434,75,23,52
5515,6435,48,28,20
5515,6436,69,21,48
5515,6437,0,0,0
5515,6438,73,32,41
5515,6439,19,19,0
5515,6440,55,29,26
5515,6531,47,21,26
5515,6532,17,17,0
5515,6533,26,12,14
5515,6534,69,29,40
5515,6535,10,10,0
5515,6611,53,27,26
5515,6631,31,20,11
5515,6632,12,12,0
5515,6633,31,31,0
5515,6634,18,18,0
5515,6635,21,21,0
5515,6636,10,10,0
5515,7111,34,22,12
5515,7131,33,33,0
5515,7132,18,18,0
5515,7133,0,0,0
5515,7134,14,0,14
5515,7135,0,0,0
5515,7137,45,35,10
5515,7138,24,13,11
5515,7140,0,0,0
5515,7141,0,0,0
5515,7143,25,14,11
5515,7211,15,15,0
5515,7231,15,15,0
5515,7232,29,29,0
5515,7233,0,0,0
5515,7235,10,10,0
5515,7311,0,0,0
5515,7312,0,0,0
5515,7313,0,0,0
5515,7314,34,10,24
5515,7315,55,24,31
5515,7316,0,0,0
5515,7317,0,0,0
5515,7318,0,0,0
5515,7319,0,0,0
5515,7320,0,0,0
5515,7331,0,0,0
5515,7332,0,0,0
5515,7333,0,0,0
5515,7334,0,0,0
5515,7335,0,0,0
5515,7336,0,0,0
5515,7337,10,10,0
5515,7338,0,0,0
5515,7339,25,14,11
5515,7340,0,0,0
5515,8111,162,87,75
5515,8115,40,17,23
5515,8116,78,41,37
5515,8117,17,17,0
5515,8118,55,24,31
5515,8119,32,22,10
5515,8121,0,0,0
5515,8125,26,15,11
5515,8126,19,0,19
5515,8127,0,0,0
5515,8128,13,0,13
5515,8135,0,0,0
5515,8136,23,11,12
5515,8211,0,0,0
5515,8212,70,37,33
5515,8215,39,22,17
5515,8216,12,12,0
5515,8221,48,25,23
5515,8222,77,35,42
5515,8225,0,0,0
5515,8226,90,42,48
5515,8231,10,10,0
5515,8235,0,0,0
5515,8236,0,0,0
5515,8237,0,0,0
5515,8311,49,20,29
5515,8315,16,16,0
5515,8316,0,0,0
5515,8317,54,54,0
5515,8325,0,0,0
5515,8326,15,0,15
5515,8327,12,12,0
5515,8335,26,12,14
5515,8336,16,0,16
5515,8337,0,0,0
5515,8415,25,15,10
5515,8416,25,11,14
5515,8417,0,0,0
5515,8421,40,13,27
5515,8425,11,11,0
5515,8426,13,13,0
5515,8435,0,0,0
5515,8436,0,0,0
5515,8437,0,0,0
5515,9161,11,0,11
5515,9162,460,170,290
5515,9163,0,0,0
5515,9171,0,0,0
5515,9172,0,0,0
5515,9173,0,0,0
5515,9174,0,0,0
5515,9175,0,0,0
5515,9176,0,0,0
5515,9177,0,0,0
5515,9178,40,18,22
5515,9179,14,14,0
5515,9180,0,0,0
5515,9181,16,16,0
5515,9182,14,0,14
5515,9183,0,0,0
5515,9184,122,21,101
5515,9185,0,0,0
5515,9186,0,0,0
5515,9187,10,10,0
5515,9188,21,10,11
5515,9189,0,0,0
5515,9190,11,11,0
5515,9261,0,0,0
5515,9262,0,0,0
5515,9263,0,0,0
5515,9271,0,0,0
5515,9272,0,0,0
5515,9273,0,0,0
5515,9274,0,0,0
5515,9275,0,0,0
5515,9276,0,0,0
5515,9277,0,0,0
5515,9278,0,0,0
5515,9279,0,0,0
5515,9361,0,0,0
5515,9362,51,11,40
5515,9363,0,0,0
5515,9371,0,0,0
5515,9372,0,0,0
5515,9373,0,0,0
5515,9374,0,0,0
5515,9375,0,0,0
5515,9376,0,0,0
5515,9377,0,0,0
5515,9461,0,0,0
5515,9462,0,0,0
5515,9463,0,0,0
5515,9464,0,0,0
5515,9471,10,10,0
5515,9472,0,0,0
5515,9473,0,0,0
5515,9474,0,0,0
5515,9475,11,0,11
5515,9476,0,0,0
5515,9477,0,0,0
5515,9478,0,0,0
5515,9479,0,0,0
5515,9561,0,0,0
5515,9562,16,0,16
5515,9563,0,0,0
5515,9564,83,26,57
5515,9565,0,0,0
5515,9571,0,0,0
5515,9572,0,0,0
5515,9573,0,0,0
5515,9574,10,10,0
5515,9575,0,0,0
5515,9576,0,0,0
5515,9577,0,0,0
5515,9661,0,0,0
5515,9662,0,0,0
5515,9663,37,16,21
5515,9671,0,0,0
5515,9672,40,0,40
5515,9673,0,0,0
5515,9674,0,0,0
5515,9675,0,0,0
5515,9676,0,0,0
5515,9677,0,0,0
5515,9678,0,0,0
5515,9679,44,20,24
5515,9761,11,0,11
5515,9762,0,0,0
5515,9763,0,0,0
5515,9764,0,0,0
5515,9771,10,10,0
5515,9772,18,18,0
5515,9773,0,0,0
5515,9774,0,0,0
5515,9775,29,10,19
5515,9776,0,0,0
5515,9777,0,0,0
5515,9778,0,0,0
5515,9779,0,0,0
5515,9780,0,0,0
5515,10041,50,29,21
5515,10042,0,0,0
5515,10043,0,0,0
5515,10044,15,15,0
5515,10045,0,0,0
5515,10046,0,0,0
5515,11000,1037,392,645
5515,12051,0,0,0
5515,12052,0,0,0
5515,12053,0,0,0
5515,12054,36,22,14
5515,12060,11,11,0
5515,12061,0,0,0
5515,12062,0,0,0
5515,12063,0,0,0
5515,12064,0,0,0
5515,12065,10,10,0
5515,12066,0,0,0
5515,12067,0,0,0
5515,12068,0,0,0
5515,12069,15,15,0
5515,12070,0,0,0
5515,12071,0,0,0
5515,12072,0,0,0
5515,12073,0,0,0
5515,13003,0,0,0
5515,13004,0,0,0
5515,13071,10,10,0
5515,13072,17,17,0
5515,13073,21,21,0
5515,13074,12,12,0
5515,13075,11,11,0
5515,13076,14,14,0
5515,14511,0,0,0
5515,14521,0,0,0
5515,14522,13,13,0
5515,14523,0,0,0
5515,14524,11,11,0
5515,14612,63,39,24
5515,14625,0,0,0
5515,14626,13,13,0
5515,14627,0,0,0
5515,14628,10,10,0
5515,14713,110,77,33
5515,14729,15,15,0
5515,14730,0,0,0
5515,15001,0,0,0
5515,15002,34,20,14
5515,15003,41,28,13
5515,15081,0,0,0
5515,15082,0,0,0
5515,15083,0,0,0
5515,15084,13,13,0
5515,15085,14,14,0
5515,15086,0,0,0
5515,15087,0,0,0
5515,15088,0,0,0
5515,15089,11,11,0
5515,15090,0,0,0
5515,15091,0,0,0
5515,16051,33,18,15
5515,16052,0,0,0
5515,16053,10,0,10
5515,16054,0,0,0
5515,16055,0,0,0
5515,16056,0,0,0
5515,16061,0,0,0
5515,16062,11,11,0
5515,16063,0,0,0
5515,16064,0,0,0
5515,16065,0,0,0
5515,16066,0,0,0
5515,16067,0,0,0
5515,16068,0,0,0
5515,16069,0,0,0
5515,16070,0,0,0
5515,16071,0,0,0
5515,16072,0,0,0
5515,16073,0,0,0
5515,16074,0,0,0
5515,16075,0,0,0
5515,16076,0,0,0
5515,16077,0,0,0
5554,1001,0,0,0
5554,1002,0,0,0
5554,1003,23,11,12
5554,1004,0,0,0
5554,1051,0,0,0
5554,1053,17,0,17
5554,1054,0,0,0
5554,1055,0,0,0
5554,1056,11,0,11
5554,1057,0,0,0
5554,1058,11,11,0
5554,1059,12,12,0
5554,1060,44,21,23
5554,1061,0,0,0
5554,1062,27,14,13
5554,2000,254,81,173
5554,3101,0,0,0
5554,3102,0,0,0
5554,3103,0,0,0
5554,3151,0,0,0
5554,3153,0,0,0
5554,3154,0,0,0
5554,3155,0,0,0
5554,3157,11,11,0
5554,3158,11,11,0
5554,3159,13,13,0
5554,3241,157,59,98
5554,3251,19,19,0
5554,3252,11,11,0
5554,3254,20,20,0
5554,3255,0,0,0
5554,3256,11,11,0
5554,3257,0,0,0
5554,3351,15,15,0
5554,3352,14,14,0
5554,3353,28,18,10
5554,3354,0,0,0
5554,3355,12,12,0
5554,3356,0,0,0
5554,3357,27,11,16
5554,3358,0,0,0
5554,3359,11,11,0
5554,3360,0,0,0
5554,3361,0,0,0
5554,3401,0,0,0
5554,3402,12,12,0
5554,3403,28,13,15
5554,3404,212,92,120
5554,3405,0,0,0
5554,3451,23,13,10
5554,3452,62,23,39
5554,3453,102,20,82
5554,3454,726,337,389
5554,3455,0,0,0
5554,3456,2066,1144,922
5554,3457,42,42,0
5554,3458,13,13,0
5554,3459,202,124,78
5554,3460,65,24,41
5554,3461,0,0,0
5554,3462,0,0,0
5554,4011,107,39,68
5554,4012,0,0,0
5554,5111,1121,204,917
5554,5112,999,341,658
5554,5113,1677,381,1296
5554,5114,233,80,153
5554,5116,99,51,48
5554,5117,307,100,207
5554,5119,697,281,416
5554,5120,34,13,21
5554,5122,50,21,29
5554,5124,164,60,104
5554,5154,3664,2265,1399
5554,5158,436,150,286
5554,5162,240,89,151
5554,5166,178,92,86
5554,5170,9295,4602,4693
5554,5314,83,24,59
5554,5315,517,122,395
5554,5316,49,17,32
5554,5334,136,78,58
5554,5358,42,15,27
5554,5362,138,46,92
5554,5366,14,14,0
5554,5370,75,52,23
5554,5374,60,24,36
5554,5378,69,42,27
5554,5382,92,49,43
5554,5512,651,262,389
5554,5513,932,320,612
5554,5515,3769,919,2850
5554,5554,0,0,0
5554,5558,10478,5061,5417
5554,5562,6585,3252,3333
5554,5566,7623,3960,3663
5554,5570,357,222,135
5554,5711,142,32,110
5554,5754,199,85,114
5554,5758,70,33,37
5554,5762,32,22,10
5554,5766,134,31,103
5554,5770,307,33,274
5554,5774,99,54,45
5554,5911,530,248,282
5554,5913,733,258,475
5554,5914,65,27,38
5554,5915,180,81,99
5554,5916,263,120,143
5554,5954,211,118,93
5554,5958,100,28,72
5554,5962,99,54,45
5554,5966,25,13,12
5554,5970,40,15,25
5554,5974,104,68,36
5554,5978,315,172,143
5554,6411,14,0,14
5554,6412,159,26,133
5554,6413,0,0,0
5554,6414,28,0,28
5554,6431,37,0,37
5554,6432,26,15,11
5554,6433,31,21,10
5554,6434,38,0,38
5554,6435,36,13,23
5554,6436,34,0,34
5554,6437,0,0,0
5554,6438,46,15,31
5554,6439,17,0,17
5554,6440,33,23,10
5554,6531,16,16,0
5554,6532,38,18,20
5554,6533,14,14,0
5554,6534,14,0,14
5554,6535,12,0,12
5554,6611,0,0,0
5554,6631,11,0,11
5554,6632,0,0,0
5554,6633,22,22,0
5554,6634,0,0,0
5554,6635,0,0,0
5554,6636,0,0,0
5554,7111,0,0,0
5554,7131,11,11,0
5554,7132,13,0,13
5554,7133,0,0,0
5554,7134,0,0,0
5554,7135,0,0,0
5554,7137,0,0,0
5554,7138,27,13,14
5554,7140,0,0,0
5554,7141,0,0,0
5554,7143,43,14,29
5554,7211,0,0,0
5554,7231,0,0,0
5554,7232,0,0,0
5554,7233,0,0,0
5554,7235,0,0,0
5554,7311,0,0,0
5554,7312,0,0,0
5554,7313,0,0,0
5554,7314,0,0,0
5554,7315,11,11,0
5554,7316,0,0,0
5554,7317,0,0,0
5554,7318,0,0,0
5554,7319,0,0,0
5554,7320,0,0,0
5554,7331,0,0,0
5554,7332,0,0,0
5554,7333,0,0,0
5554,7334,0,0,0
5554,7335,0,0,0
5554,7336,0,0,0
5554,7337,0,0,0
5554,7338,0,0,0
5554,7339,22,11,11
5554,7340,0,0,0
5554,8111,69,24,45
5554,8115,22,12,10
5554,8116,47,17,30
5554,8117,0,0,0
5554,8118,44,17,27
5554,8119,34,17,17
5554,8121,13,13,0
5554,8125,15,0,15
5554,8126,35,0,35
5554,8127,0,0,0
5554,8128,0,0,0
5554,8135,0,0,0
5554,8136,0,0,0
5554,8211,19,19,0
5554,8212,14,0,14
5554,8215,36,16,20
5554,8216,82,82,0
5554,8221,0,0,0
5554,8222,34,0,34
5554,8225,0,0,0
5554,8226,49,12,37
5554,8231,0,0,0
5554,8235,0,0,0
5554,8236,0,0,0
5554,8237,0,0,0
5554,8311,12,0,12
5554,8315,0,0,0
5554,8316,0,0,0
5554,8317,27,13,14
5554,8325,0,0,0
5554,8326,24,10,14
5554,8327,0,0,0
5554,8335,0,0,0
5554,8336,11,11,0
5554,8337,0,0,0
5554,8415,45,34,11
5554,8416,10,10,0
5554,8417,0,0,0
5554,8421,13,0,13
5554,8425,0,0,0
5554,8426,10,0,10
5554,8435,0,0,0
5554,8436,70,70,0
5554,8437,0,0,0
5554,9161,0,0,0
5554,9162,189,42,147
5554,9163,0,0,0
5554,9171,0,0,0
5554,9172,0,0,0
5554,9173,0,0,0
5554,9174,0,0,0
5554,9175,0,0,0
5554,9176,0,0,0
5554,9177,0,0,0
5554,9178,24,0,24
5554,9179,0,0,0
5554,9180,0,0,0
5554,9181,0,0,0
5554,9182,0,0,0
5554,9183,0,0,0
5554,9184,73,14,59
5554,9185,0,0,0
5554,9186,0,0,0
5554,9187,30,10,20
5554,9188,0,0,0
5554,9189,15,0,15
5554,9190,0,0,0
5554,9261,0,0,0
5554,9262,0,0,0
5554,9263,0,0,0
5554,9271,0,0,0
5554,9272,0,0,0
5554,9273,0,0,0
5554,9274,0,0,0
5554,9275,0,0,0
5554,9276,0,0,0
5554,9277,0,0,0
5554,9278,0,0,0
5554,9279,0,0,0
5554,9361,0,0,0
5554,9362,10,0,10
5554,9363,0,0,0
5554,9371,0,0,0
5554,9372,0,0,0
5554,9373,12,0,12
5554,9374,0,0,0
5554,9375,0,0,0
5554,9376,0,0,0
5554,9377,0,0,0
5554,9461,0,0,0
5554,9462,0,0,0
5554,9463,0,0,0
5554,9464,0,0,0
5554,9471,0,0,0
5554,9472,0,0,0
5554,9473,0,0,0
5554,9474,0,0,0
5554,9475,0,0,0
5554,9476,0,0,0
5554,9477,0,0,0
5554,9478,0,0,0
5554,9479,0,0,0
5554,9561,0,0,0
5554,9562,25,0,25
5554,9563,0,0,0
5554,9564,69,18,51
5554,9565,0,0,0
5554,9571,0,0,0
5554,9572,0,0,0
5554,9573,0,0,0
5554,9574,0,0,0
5554,9575,0,0,0
5554,9576,0,0,0
5554,9577,0,0,0
5554,9661,0,0,0
5554,9662,0,0,0
5554,9663,11,0,11
5554,9671,0,0,0
5554,9672,0,0,0
5554,9673,0,0,0
5554,9674,0,0,0
5554,9675,0,0,0
5554,9676,0,0,0
5554,9677,0,0,0
5554,9678,0,0,0
5554,9679,0,0,0
5554,9761,30,11,19
5554,9762,0,0,0
5554,9763,0,0,0
5554,9764,0,0,0
5554,9771,0,0,0
5554,9772,0,0,0
5554,9773,0,0,0
5554,9774,12,12,0
5554,9775,0,0,0
5554,9776,0,0,0
5554,9777,0,0,0
5554,9778,0,0,0
5554,9779,0,0,0
5554,9780,0,0,0
5554,10041,14,0,14
5554,10042,0,0,0
5554,10043,0,0,0
5554,10044,18,0,18
5554,10045,0,0,0
5554,10046,0,0,0
5554,11000,328,133,195
5554,12051,0,0,0
5554,12052,0,0,0
5554,12053,0,0,0
5554,12054,0,0,0
5554,12060,0,0,0
5554,12061,21,0,21
5554,12062,0,0,0
5554,12063,12,12,0
5554,12064,17,17,0
5554,12065,0,0,0
5554,12066,0,0,0
5554,12067,0,0,0
5554,12068,0,0,0
5554,12069,11,11,0
5554,12070,0,0,0
5554,12071,0,0,0
5554,12072,0,0,0
5554,12073,0,0,0
5554,13003,0,0,0
5554,13004,0,0,0
5554,13071,19,19,0
5554,13072,13,13,0
5554,13073,0,0,0
5554,13074,0,0,0
5554,13075,19,19,0
5554,13076,15,15,0
5554,14511,28,13,15
5554,14521,0,0,0
5554,14522,15,15,0
5554,14523,29,29,0
5554,14524,11,0,11
5554,14612,33,16,17
5554,14625,14,14,0
5554,14626,11,11,0
5554,14627,0,0,0
5554,14628,14,14,0
5554,14713,51,34,17
5554,14729,11,11,0
5554,14730,10,10,0
5554,15001,0,0,0
5554,15002,0,0,0
5554,15003,13,13,0
5554,15081,0,0,0
5554,15082,0,0,0
5554,15083,0,0,0
5554,15084,12,12,0
5554,15085,19,19,0
5554,15086,0,0,0
5554,15087,10,10,0
5554,15088,10,10,0
5554,15089,12,12,0
5554,15090,18,18,0
5554,15091,0,0,0
5554,16051,0,0,0
5554,16052,0,0,0
5554,16053,0,0,0
5554,16054,0,0,0
5554,16055,0,0,0
5554,16056,0,0,0
5554,16061,10,0,10
5554,16062,0,0,0
5554,16063,0,0,0
5554,16064,0,0,0
5554,16065,0,0,0
5554,16066,0,0,0
5554,16067,0,0,0
5554,16068,0,0,0
5554,16069,0,0,0
5554,16070,0,0,0
5554,16071,0,0,0
5554,16072,0,0,0
5554,16073,0,0,0
5554,16074,0,0,0
5554,16075,0,0,0
5554,16076,0,0,0
5554,16077,0,0,0
5558,1001,0,0,0
5558,1002,0,0,0
5558,1003,0,0,0
5558,1004,0,0,0
5558,1051,0,0,0
5558,1053,0,0,0
5558,1054,0,0,0
5558,1055,0,0,0
5558,1056,23,12,11
5558,1057,13,13,0
5558,1058,0,0,0
5558,1059,0,0,0
5558,1060,16,0,16
5558,1061,0,0,0
5558,1062,14,0,14
5558,2000,225,43,182
5558,3101,0,0,0
5558,3102,0,0,0
5558,3103,12,0,12
5558,3151,0,0,0
5558,3153,0,0,0
5558,3154,0,0,0
5558,3155,0,0,0
5558,3157,0,0,0
5558,3158,0,0,0
5558,3159,21,11,10
5558,3241,165,58,107
5558,3251,32,15,17
5558,3252,0,0,0
5558,3254,25,12,13
5558,3255,0,0,0
5558,3256,0,0,0
5558,3257,0,0,0
5558,3351,0,0,0
5558,3352,10,10,0
5558,3353,0,0,0
5558,3354,0,0,0
5558,3355,10,0,10
5558,3356,0,0,0
5558,3357,16,0,16
5558,3358,0,0,0
5558,3359,21,21,0
5558,3360,0,0,0
5558,3361,0,0,0
5558,3401,0,0,0
5558,3402,0,0,0
5558,3403,11,0,11
5558,3404,200,37,163
5558,3405,0,0,0
5558,3451,0,0,0
5558,3452,29,10,19
5558,3453,43,17,26
5558,3454,202,94,108
5558,3455,0,0,0
5558,3456,122,61,61
5558,3457,28,12,16
5558,3458,0,0,0
5558,3459,209,75,134
5558,3460,58,33,25
5558,3461,0,0,0
5558,3462,0,0,0
5558,4011,54,19,35
5558,4012,14,14,0
5558,5111,496,44,452
5558,5112,231,68,163
5558,5113,809,126,683
5558,5114,100,21,79
5558,5116,43,15,28
5558,5117,97,30,67
5558,5119,179,60,119
5558,5120,36,19,17
5558,5122,38,20,18
5558,5124,117,20,97
5558,5154,114,64,50
5558,5158,202,41,161
5558,5162,77,26,51
5558,5166,58,21,37
5558,5170,506,142,364
5558,5314,55,13,42
5558,5315,332,51,281
5558,5316,13,0,13
5558,5334,65,19,46
5558,5358,31,0,31
5558,5362,83,17,66
5558,5366,0,0,0
5558,5370,34,0,34
5558,5374,46,11,35
5558,5378,36,18,18
5558,5382,52,23,29
5558,5512,156,84,72
5558,5513,678,159,519
5558,5515,22634,3949,18685
5558,5554,10478,5417,5061
5558,5558,0,0,0
5558,5562,7803,3687,4116
5558,5566,4060,1934,2126
5558,5570,2114,1096,1018
5558,5711,194,23,171
5558,5754,268,95,173
5558,5758,109,75,34
5558,5762,57,43,14
5558,5766,61,23,38
5558,5770,73,20,53
5558,5774,111,53,58
5558,5911,597,165,432
5558,5913,2423,508,1915
5558,5914,122,32,90
5558,5915,1219,539,680
5558,5916,380,114,266
5558,5954,208,71,137
5558,5958,127,26,101
5558,5962,145,66,79
5558,5966,13,0,13
5558,5970,46,19,27
5558,5974,209,107,102
5558,5978,6247,3337,2910
5558,6411,19,0,19
5558,6412,148,17,131
5558,6413,0,0,0
5558,6414,30,0,30
5558,6431,0,0,0
5558,6432,12,0,12
5558,6433,0,0,0
5558,6434,30,0,30
5558,6435,32,0,32
5558,6436,30,0,30
5558,6437,0,0,0
5558,6438,52,0,52
5558,6439,0,0,0
5558,6440,14,0,14
5558,6531,14,14,0
5558,6532,16,0,16
5558,6533,0,0,0
5558,6534,0,0,0
5558,6535,0,0,0
5558,6611,13,0,13
5558,6631,12,0,12
5558,6632,0,0,0
5558,6633,10,10,0
5558,6634,0,0,0
5558,6635,11,11,0
5558,6636,0,0,0
5558,7111,0,0,0
5558,7131,0,0,0
5558,7132,0,0,0
5558,7133,0,0,0
5558,7134,0,0,0
5558,7135,0,0,0
5558,7137,0,0,0
5558,7138,12,0,12
5558,7140,0,0,0
5558,7141,0,0,0
5558,7143,0,0,0
5558,7211,0,0,0
5558,7231,0,0,0
5558,7232,0,0,0
5558,7233,0,0,0
5558,7235,0,0,0
5558,7311,0,0,0
5558,7312,0,0,0
5558,7313,0,0,0
5558,7314,10,0,10
5558,7315,14,0,14
5558,7316,0,0,0
5558,7317,0,0,0
5558,7318,0,0,0
5558,7319,0,0,0
5558,7320,0,0,0
5558,7331,0,0,0
5558,7332,0,0,0
5558,7333,0,0,0
5558,7334,0,0,0
5558,7335,0,0,0
5558,7336,0,0,0
5558,7337,0,0,0
5558,7338,0,0,0
5558,7339,10,10,0
5558,7340,0,0,0
5558,8111,50,0,50
5558,8115,0,0,0
5558,8116,39,10,29
5558,8117,34,34,0
5558,8118,28,12,16
5558,8119,11,0,11
5558,8121,0,0,0
5558,8125,22,11,11
5558,8126,18,0,18
5558,8127,12,0,12
5558,8128,0,0,0
5558,8135,0,0,0
5558,8136,10,10,0
5558,8211,0,0,0
5558,8212,14,0,14
5558,8215,22,0,22
5558,8216,0,0,0
5558,8221,0,0,0
5558,8222,23,0,23
5558,8225,0,0,0
5558,8226,28,0,28
5558,8231,0,0,0
5558,8235,0,0,0
5558,8236,0,0,0
5558,8237,0,0,0
5558,8311,10,0,10
5558,8315,0,0,0
5558,8316,0,0,0
5558,8317,0,0,0
5558,8325,0,0,0
5558,8326,0,0,0
5558,8327,0,0,0
5558,8335,0,0,0
5558,8336,0,0,0
5558,8337,0,0,0
5558,8415,0,0,0
5558,8416,0,0,0
5558,8417,0,0,0
5558,8421,29,12,17
5558,8425,82,82,0
5558,8426,0,0,0
5558,8435,0,0,0
5558,8436,0,0,0
5558,8437,0,0,0
5558,9161,0,0,0
5558,9162,142,22,120
5558,9163,0,0,0
5558,9171,0,0,0
5558,9172,0,0,0
5558,9173,0,0,0
5558,9174,0,0,0
5558,9175,0,0,0
5558,9176,0,0,0
5558,9177,0,0,0
5558,9178,10,0,10
5558,9179,0,0,0
5558,9180,0,0,0
5558,9181,0,0,0
5558,9182,0,0,0
5558,9183,0,0,0
5558,9184,116,0,116
5558,9185,0,0,0
5558,9186,0,0,0
5558,9187,0,0,0
5558,9188,0,0,0
5558,9189,0,0,0
5558,9190,0,0,0
5558,9261,0,0,0
5558,9262,0,0,0
5558,9263,0,0,0
5558,9271,0,0,0
5558,9272,0,0,0
5558,9273,0,0,0
5558,9274,0,0,0
5558,9275,0,0,0
5558,9276,0,0,0
5558,9277,0,0,0
5558,9278,0,0,0
5558,9279,0,0,0
5558,9361,0,0,0
5558,9362,0,0,0
5558,9363,0,0,0
5558,9371,0,0,0
5558,9372,0,0,0
5558,9373,0,0,0
5558,9374,0,0,0
5558,9375,0,0,0
5558,9376,0,0,0
5558,9377,0,0,0
5558,9461,0,0,0
5558,9462,0,0,0
5558,9463,0,0,0
5558,9464,0,0,0
5558,9471,0,0,0
5558,9472,0,0,0
5558,9473,0,0,0
5558,9474,0,0,0
5558,9475,0,0,0
5558,9476,0,0,0
5558,9477,0,0,0
5558,9478,0,0,0
5558,9479,0,0,0
5558,9561,0,0,0
5558,9562,12,0,12
5558,9563,0,0,0
5558,9564,25,0,25
5558,9565,0,0,0
5558,9571,0,0,0
5558,9572,0,0,0
5558,9573,0,0,0
5558,9574,0,0,0
5558,9575,0,0,0
5558,9576,0,0,0
5558,9577,0,0,0
5558,9661,0,0,0
5558,9662,0,0,0
5558,9663,0,0,0
5558,9671,19,0,19
5558,9672,0,0,0
5558,9673,0,0,0
5558,9674,0,0,0
5558,9675,0,0,0
5558,9676,0,0,0
5558,9677,0,0,0
5558,9678,0,0,0
5558,9679,0,0,0
5558,9761,0,0,0
5558,9762,0,0,0
5558,9763,0,0,0
5558,9764,0,0,0
5558,9771,0,0,0
5558,9772,0,0,0
5558,9773,0,0,0
5558,9774,0,0,0
5558,9775,21,21,0
5558,9776,0,0,0
5558,9777,0,0,0
5558,9778,0,0,0
5558,9779,0,0,0
5558,9780,0,0,0
5558,10041,11,0,11
5558,10042,0,0,0
5558,10043,0,0,0
5558,10044,18,0,18
5558,10045,0,0,0
5558,10046,0,0,0
5558,11000,210,41,169
5558,12051,0,0,0
5558,12052,0,0,0
5558,12053,0,0,0
5558,12054,0,0,0
5558,12060,0,0,0
5558,12061,0,0,0
5558,12062,0,0,0
5558,12063,0,0,0
5558,12064,0,0,0
5558,12065,0,0,0
5558,12066,0,0,0
5558,12067,0,0,0
5558,12068,0,0,0
5558,12069,0,0,0
5558,12070,0,0,0
5558,12071,0,0,0
5558,12072,0,0,0
5558,12073,0,0,0
5558,13003,0,0,0
5558,13004,0,0,0
5558,13071,0,0,0
5558,13072,0,0,0
5558,13073,0,0,0
5558,13074,0,0,0
5558,13075,0,0,0
5558,13076,12,12,0
5558,14511,0,0,0
5558,14521,0,0,0
5558,14522,0,0,0
5558,14523,0,0,0
5558,14524,0,0,0
5558,14612,16,0,16
5558,14625,0,0,0
5558,14626,0,0,0
5558,14627,0,0,0
5558,14628,0,0,0
5558,14713,0,0,0
5558,14729,0,0,0
5558,14730,0,0,0
5558,15001,0,0,0
5558,15002,0,0,0
5558,15003,0,0,0
5558,15081,0,0,0
5558,15082,0,0,0
5558,15083,0,0,0
5558,15084,0,0,0
5558,15085,0,0,0
5558,15086,0,0,0
5558,15087,0,0,0
5558,15088,0,0,0
5558,15089,15,15,0
5558,15090,26,26,0
5558,15091,0,0,0
5558,16051,0,0,0
5558,16052,0,0,0
5558,16053,0,0,0
5558,16054,0,0,0
5558,16055,0,0,0
5558,16056,0,0,0
5558,16061,10,10,0
5558,16062,0,0,0
5558,16063,0,0,0
5558,16064,0,0,0
5558,16065,0,0,0
5558,16066,0,0,0
5558,16067,0,0,0
5558,16068,0,0,0
5558,16069,0,0,0
5558,16070,0,0,0
5558,16071,0,0,0
5558,16072,0,0,0
5558,16073,0,0,0
5558,16074,0,0,0
5558,16075,0,0,0
5558,16076,0,0,0
5558,16077,0,0,0
5562,1001,0,0,0
5562,1002,39,0,39
5562,1003,33,0,33
5562,1004,30,14,16
5562,1051,19,19,0
5562,1053,26,16,10
5562,1054,17,0,17
5562,1055,11,11,0
5562,1056,51,23,28
5562,1057,0,0,0
5562,1058,11,0,11
5562,1059,14,0,14
5562,1060,38,0,38
5562,1061,12,0,12
5562,1062,34,12,22
5562,2000,549,97,452
5562,3101,28,0,28
5562,3102,10,10,0
5562,3103,14,0,14
5562,3151,0,0,0
5562,3153,21,10,11
5562,3154,0,0,0
5562,3155,12,0,12
5562,3157,17,17,0
5562,3158,0,0,0
5562,3159,55,27,28
5562,3241,362,99,263
5562,3251,272,249,23
5562,3252,0,0,0
5562,3254,28,17,11
5562,3255,0,0,0
5562,3256,27,12,15
5562,3257,38,12,26
5562,3351,49,18,31
5562,3352,19,0,19
5562,3353,46,20,26
5562,3354,0,0,0
5562,3355,23,11,12
5562,3356,0,0,0
5562,3357,14,14,0
5562,3358,74,52,22
5562,3359,15,15,0
5562,3360,0,0,0
5562,3361,0,0,0
5562,3401,21,21,0
5562,3402,12,0,12
5562,3403,62,18,44
5562,3404,163,41,122
5562,3405,0,0,0
5562,3451,23,13,10
5562,3452,59,20,39
5562,3453,128,19,109
5562,3454,259,85,174
5562,3455,10,10,0
5562,3456,230,47,183
5562,3457,41,23,18
5562,3458,49,39,10
5562,3459,409,69,340
5562,3460,248,221,27
5562,3461,0,0,0
5562,3462,0,0,0
5562,4011,247,62,185
5562,4012,11,0,11
5562,5111,3635,418,3217
5562,5112,4172,987,3185
5562,5113,16015,3482,12533
5562,5114,572,183,389
5562,5116,215,75,140
5562,5117,1750,497,1253
5562,5119,3603,1377,2226
5562,5120,214,45,169
5562,5122,145,64,81
5562,5124,901,216,685
5562,5154,455,226,229
5562,5158,1738,338,1400
5562,5162,523,182,341
5562,5166,275,98,177
5562,5170,4856,2298,2558
5562,5314,204,70,134
5562,5315,1599,412,1187
5562,5316,174,61,113
5562,5334,221,90,131
5562,5358,105,51,54
5562,5362,693,283,410
5562,5366,69,34,35
5562,5370,95,47,48
5562,5374,162,43,119
5562,5378,180,69,111
5562,5382,309,132,177
5562,5512,9168,3863,5305
5562,5513,23501,8960,14541
5562,5515,3333,780,2553
5562,5554,6585,3333,3252
5562,5558,7803,4116,3687
5562,5562,0,0,0
5562,5566,649,308,341
5562,5570,490,194,296
5562,5711,233,47,186
5562,5754,300,64,236
5562,5758,73,25,48
5562,5762,68,39,29
5562,5766,74,34,40
5562,5770,174,49,125
5562,5774,125,50,75
5562,5911,12802,3571,9231
5562,5913,18735,5074,13661
5562,5914,974,244,730
5562,5915,877,272,605
5562,5916,13229,4701,8528
5562,5954,3366,1074,2292
5562,5958,286,106,180
5562,5962,644,189,455
5562,5966,87,28,59
5562,5970,135,41,94
5562,5974,611,222,389
5562,5978,6579,2892,3687
5562,6411,62,17,45
5562,6412,419,80,339
5562,6413,35,15,20
5562,6414,112,19,93
5562,6431,63,30,33
5562,6432,50,17,33
5562,6433,88,34,54
5562,6434,90,15,75
5562,6435,117,50,67
5562,6436,212,39,173
5562,6437,0,0,0
5562,6438,167,32,135
5562,6439,20,0,20
5562,6440,127,90,37
5562,6531,44,21,23
5562,6532,44,17,27
5562,6533,25,12,13
5562,6534,70,15,55
5562,6535,0,0,0
5562,6611,21,0,21
5562,6631,31,0,31
5562,6632,13,0,13
5562,6633,23,13,10
5562,6634,21,0,21
5562,6635,24,12,12
5562,6636,0,0,0
5562,7111,34,0,34
5562,7131,38,16,22
5562,7132,36,16,20
5562,7133,0,0,0
5562,7134,0,0,0
5562,7135,0,0,0
5562,7137,30,0,30
5562,7138,61,29,32
5562,7140,16,0,16
5562,7141,14,0,14
5562,7143,68,18,50
5562,7211,10,0,10
5562,7231,16,0,16
5562,7232,0,0,0
5562,7233,0,0,0
5562,7235,0,0,0
5562,7311,26,16,10
5562,7312,0,0,0
5562,7313,0,0,0
5562,7314,105,80,25
5562,7315,28,0,28
5562,7316,0,0,0
5562,7317,0,0,0
5562,7318,11,11,0
5562,7319,64,11,53
5562,7320,14,0,14
5562,7331,15,0,15
5562,7332,15,15,0
5562,7333,0,0,0
5562,7334,53,23,30
5562,7335,0,0,0
5562,7336,0,0,0
5562,7337,25,25,0
5562,7338,53,39,14
5562,7339,67,28,39
5562,7340,0,0,0
5562,8111,130,41,89
5562,8115,41,16,25
5562,8116,116,33,83
5562,8117,31,10,21
5562,8118,94,29,65
5562,8119,75,25,50
5562,8121,10,0,10
5562,8125,55,15,40
5562,8126,33,0,33
5562,8127,18,0,18
5562,8128,11,0,11
5562,8135,13,0,13
5562,8136,47,13,34
5562,8211,58,0,58
5562,8212,75,19,56
5562,8215,70,30,40
5562,8216,18,0,18
5562,8221,20,0,20
5562,8222,146,46,100
5562,8225,12,12,0
5562,8226,126,47,79
5562,8231,16,0,16
5562,8235,0,0,0
5562,8236,22,22,0
5562,8237,13,13,0
5562,8311,16,0,16
5562,8315,12,0,12
5562,8316,0,0,0
5562,8317,92,58,34
5562,8325,0,0,0
5562,8326,20,0,20
5562,8327,0,0,0
5562,8335,31,12,19
5562,8336,30,12,18
5562,8337,13,0,13
5562,8415,13,0,13
5562,8416,11,0,11
5562,8417,10,0,10
5562,8421,18,0,18
5562,8425,0,0,0
5562,8426,10,0,10
5562,8435,20,0,20
5562,8436,18,0,18
5562,8437,0,0,0
5562,9161,33,13,20
5562,9162,589,100,489
5562,9163,10,0,10
5562,9171,53,53,0
5562,9172,0,0,0
5562,9173,11,0,11
5562,9174,0,0,0
5562,9175,0,0,0
5562,9176,10,10,0
5562,9177,13,13,0
5562,9178,54,23,31
5562,9179,0,0,0
5562,9180,0,0,0
5562,9181,0,0,0
5562,9182,11,0,11
5562,9183,0,0,0
5562,9184,158,13,145
5562,9185,17,17,0
5562,9186,23,0,23
5562,9187,16,0,16
5562,9188,26,10,16
5562,9189,50,26,24
5562,9190,0,0,0
5562,9261,61,61,0
5562,9262,0,0,0
5562,9263,0,0,0
5562,9271,15,0,15
5562,9272,0,0,0
5562,9273,10,10,0
5562,9274,42,42,0
5562,9275,0,0,0
5562,9276,0,0,0
5562,9277,0,0,0
5562,9278,0,0,0
5562,9279,0,0,0
5562,9361,0,0,0
5562,9362,18,0,18
5562,9363,11,0,11
5562,9371,0,0,0
5562,9372,0,0,0
5562,9373,30,12,18
5562,9374,0,0,0
5562,9375,0,0,0
5562,9376,11,11,0
5562,9377,0,0,0
5562,9461,0,0,0
5562,9462,0,0,0
5562,9463,0,0,0
5562,9464,0,0,0
5562,9471,0,0,0
5562,9472,0,0,0
5562,9473,0,0,0
5562,9474,10,0,10
5562,9475,0,0,0
5562,9476,0,0,0
5562,9477,0,0,0
5562,9478,0,0,0
5562,9479,0,0,0
5562,9561,0,0,0
5562,9562,14,0,14
5562,9563,0,0,0
5562,9564,103,25,78
5562,9565,0,0,0
5562,9571,0,0,0
5562,9572,0,0,0
5562,9573,0,0,0
5562,9574,11,0,11
5562,9575,0,0,0
5562,9576,24,24,0
5562,9577,0,0,0
5562,9661,0,0,0
5562,9662,0,0,0
5562,9663,12,0,12
5562,9671,33,18,15
5562,9672,0,0,0
5562,9673,0,0,0
5562,9674,0,0,0
5562,9675,0,0,0
5562,9676,16,0,16
5562,9677,0,0,0
5562,9678,0,0,0
5562,9679,40,17,23
5562,9761,34,15,19
5562,9762,0,0,0
5562,9763,0,0,0
5562,9764,0,0,0
5562,9771,0,0,0
5562,9772,18,18,0
5562,9773,0,0,0
5562,9774,0,0,0
5562,9775,11,0,11
5562,9776,0,0,0
5562,9777,0,0,0
5562,9778,13,0,13
5562,9779,0,0,0
5562,9780,0,0,0
5562,10041,64,22,42
5562,10042,0,0,0
5562,10043,0,0,0
5562,10044,28,13,15
5562,10045,0,0,0
5562,10046,0,0,0
5562,11000,705,189,516
5562,12051,0,0,0
5562,12052,13,13,0
5562,12053,0,0,0
5562,12054,33,14,19
5562,12060,36,14,22
5562,12061,409,409,0
5562,12062,0,0,0
5562,12063,0,0,0
5562,12064,12,12,0
5562,12065,11,11,0
5562,12066,62,36,26
5562,12067,45,45,0
5562,12068,0,0,0
5562,12069,34,19,15
5562,12070,0,0,0
5562,12071,13,13,0
5562,12072,109,99,10
5562,12073,31,31,0
5562,13003,10,10,0
5562,13004,0,0,0
5562,13071,35,23,12
5562,13072,20,0,20
5562,13073,10,10,0
5562,13074,0,0,0
5562,13075,13,13,0
5562,13076,12,0,12
5562,14511,20,0,20
5562,14521,25,25,0
5562,14522,14,14,0
5562,14523,0,0,0
5562,14524,11,11,0
5562,14612,310,20,290
5562,14625,16,16,0
5562,14626,25,25,0
5562,14627,0,0,0
5562,14628,0,0,0
5562,14713,71,27,44
5562,14729,10,10,0
5562,14730,0,0,0
5562,15001,0,0,0
5562,15002,33,17,16
5562,15003,32,18,14
5562,15081,0,0,0
5562,15082,13,0,13
5562,15083,11,11,0
5562,15084,14,14,0
5562,15085,0,0,0
5562,15086,0,0,0
5562,15087,31,31,0
5562,15088,49,31,18
5562,15089,12,12,0
5562,15090,14,0,14
5562,15091,13,13,0
5562,16051,12,12,0
5562,16052,32,12,20
5562,16053,0,0,0
5562,16054,0,0,0
5562,16055,0,0,0
5562,16056,0,0,0
5562,16061,0,0,0
5562,16062,0,0,0
5562,16063,0,0,0
5562,16064,12,0,12
5562,16065,0,0,0
5562,16066,0,0,0
5562,16067,0,0,0
5562,16068,0,0,0
5562,16069,0,0,0
5562,16070,11,0,11
5562,16071,0,0,0
5562,16072,0,0,0
5562,16073,0,0,0
5562,16074,0,0,0
5562,16075,0,0,0
5562,16076,0,0,0
5562,16077,0,0,0
5566,1001,0,0,0
5566,1002,20,10,10
5566,1003,87,14,73
5566,1004,14,0,14
5566,1051,14,14,0
5566,1053,12,0,12
5566,1054,31,11,20
5566,1055,19,19,0
5566,1056,45,29,16
5566,1057,0,0,0
5566,1058,28,16,12
5566,1059,42,27,15
5566,1060,55,28,27
5566,1061,15,15,0
5566,1062,51,22,29
5566,2000,506,162,344
5566,3101,58,15,43
5566,3102,0,0,0
5566,3103,59,0,59
5566,3151,0,0,0
5566,3153,10,10,0
5566,3154,0,0,0
5566,3155,10,10,0
5566,3157,11,11,0
5566,3158,0,0,0
5566,3159,37,22,15
5566,3241,430,145,285
5566,3251,182,72,110
5566,3252,37,18,19
5566,3254,74,24,50
5566,3255,0,0,0
5566,3256,43,21,22
5566,3257,39,24,15
5566,3351,27,13,14
5566,3352,34,21,13
5566,3353,73,63,10
5566,3354,0,0,0
5566,3355,12,12,0
5566,3356,19,19,0
5566,3357,56,30,26
5566,3358,31,11,20
5566,3359,68,46,22
5566,3360,0,0,0
5566,3361,39,16,23
5566,3401,39,15,24
5566,3402,30,15,15
5566,3403,154,52,102
5566,3404,13503,3720,9783
5566,3405,24,14,10
5566,3451,40,29,11
5566,3452,98,63,35
5566,3453,175,96,79
5566,3454,9642,4760,4882
5566,3455,14,14,0
5566,3456,3865,2205,1660
5566,3457,92,63,29
5566,3458,72,49,23
5566,3459,10799,5263,5536
5566,3460,497,177,320
5566,3461,0,0,0
5566,3462,32,13,19
5566,4011,258,95,163
5566,4012,27,11,16
5566,5111,643,99,544
5566,5112,375,105,270
5566,5113,398,156,242
5566,5114,116,24,92
5566,5116,68,31,37
5566,5117,102,71,31
5566,5119,139,72,67
5566,5120,34,12,22
5566,5122,42,22,20
5566,5124,113,48,65
5566,5154,166,112,54
5566,5158,285,115,170
5566,5162,138,71,67
5566,5166,93,58,35
5566,5170,240,147,93
5566,5314,79,32,47
5566,5315,492,148,344
5566,5316,39,15,24
5566,5334,121,53,68
5566,5358,48,24,24
5566,5362,167,66,101
5566,5366,33,21,12
5566,5370,49,38,11
5566,5374,85,27,58
5566,5378,48,29,19
5566,5382,129,75,54
5566,5512,226,39,187
5566,5513,223,103,120
5566,5515,27812,5765,22047
5566,5554,7623,3663,3960
5566,5558,4060,2126,1934
5566,5562,649,341,308
5566,5566,0,0,0
5566,5570,3003,1438,1565
5566,5711,548,121,427
5566,5754,761,203,558
5566,5758,322,152,170
5566,5762,43,26,17
5566,5766,154,73,81
5566,5770,584,322,262
5566,5774,162,59,103
5566,5911,224,79,145
5566,5913,671,211,460
5566,5914,80,41,39
5566,5915,453,220,233
5566,5916,79,40,39
5566,5954,127,46,81
5566,5958,98,42,56
5566,5962,175,77,98
5566,5966,25,11,14
5566,5970,134,25,109
5566,5974,205,93,112
5566,5978,747,248,499
5566,6411,18,0,18
5566,6412,263,60,203
5566,6413,0,0,0
5566,6414,83,11,72
5566,6431,23,11,12
5566,6432,29,13,16
5566,6433,11,0,11
5566,6434,57,12,45
5566,6435,54,34,20
5566,6436,53,18,35
5566,6437,0,0,0
5566,6438,82,24,58
5566,6439,27,13,14
5566,6440,42,23,19
5566,6531,71,19,52
5566,6532,18,0,18
5566,6533,21,10,11
5566,6534,12,0,12
5566,6535,0,0,0
5566,6611,23,0,23
5566,6631,17,0,17
5566,6632,0,0,0
5566,6633,33,13,20
5566,6634,20,20,0
5566,6635,29,13,16
5566,6636,16,16,0
5566,7111,26,0,26
5566,7131,12,12,0
5566,7132,0,0,0
5566,7133,22,0,22
5566,7134,0,0,0
5566,7135,0,0,0
5566,7137,22,0,22
5566,7138,37,19,18
5566,7140,0,0,0
5566,7141,10,0,10
5566,7143,33,19,14
5566,7211,0,0,0
5566,7231,0,0,0
5566,7232,0,0,0
5566,7233,0,0,0
5566,7235,0,0,0
5566,7311,0,0,0
5566,7312,0,0,0
5566,7313,0,0,0
5566,7314,17,0,17
5566,7315,34,11,23
5566,7316,0,0,0
5566,7317,0,0,0
5566,7318,0,0,0
5566,7319,13,13,0
5566,7320,0,0,0
5566,7331,10,10,0
5566,7332,11,11,0
5566,7333,0,0,0
5566,7334,10,10,0
5566,7335,0,0,0
5566,7336,0,0,0
5566,7337,0,0,0
5566,7338,10,10,0
5566,7339,14,14,0
5566,7340,0,0,0
5566,8111,68,28,40
5566,8115,52,12,40
5566,8116,79,22,57
5566,8117,33,16,17
5566,8118,75,29,46
5566,8119,32,17,15
5566,8121,16,16,0
5566,8125,88,70,18
5566,8126,50,0,50
5566,8127,0,0,0
5566,8128,0,0,0
5566,8135,0,0,0
5566,8136,25,15,10
5566,8211,0,0,0
5566,8212,47,21,26
5566,8215,68,21,47
5566,8216,11,0,11
5566,8221,13,0,13
5566,8222,81,46,35
5566,8225,0,0,0
5566,8226,53,23,30
5566,8231,0,0,0
5566,8235,14,0,14
5566,8236,0,0,0
5566,8237,0,0,0
5566,8311,14,0,14
5566,8315,15,15,0
5566,8316,0,0,0
5566,8317,24,0,24
5566,8325,0,0,0
5566,8326,27,17,10
5566,8327,32,32,0
5566,8335,25,0,25
5566,8336,28,0,28
5566,8337,10,0,10
5566,8415,14,0,14
5566,8416,12,12,0
5566,8417,0,0,0
5566,8421,28,0,28
5566,8425,0,0,0
5566,8426,27,12,15
5566,8435,14,0,14
5566,8436,17,17,0
5566,8437,0,0,0
5566,9161,19,0,19
5566,9162,270,56,214
5566,9163,0,0,0
5566,9171,0,0,0
5566,9172,21,11,10
5566,9173,0,0,0
5566,9174,0,0,0
5566,9175,0,0,0
5566,9176,0,0,0
5566,9177,0,0,0
5566,9178,31,15,16
5566,9179,10,10,0
5566,9180,0,0,0
5566,9181,14,0,14
5566,9182,0,0,0
5566,9183,0,0,0
5566,9184,92,13,79
5566,9185,0,0,0
5566,9186,11,0,11
5566,9187,14,0,14
5566,9188,11,0,11
5566,9189,28,12,16
5566,9190,0,0,0
5566,9261,0,0,0
5566,9262,0,0,0
5566,9263,0,0,0
5566,9271,0,0,0
5566,9272,0,0,0
5566,9273,0,0,0
5566,9274,0,0,0
5566,9275,0,0,0
5566,9276,0,0,0
5566,9277,0,0,0
5566,9278,0,0,0
5566,9279,0,0,0
5566,9361,0,0,0
5566,9362,0,0,0
5566,9363,0,0,0
5566,9371,0,0,0
5566,9372,0,0,0
5566,9373,15,0,15
5566,9374,0,0,0
5566,9375,10,0,10
5566,9376,0,0,0
5566,9377,0,0,0
5566,9461,21,0,21
5566,9462,0,0,0
5566,9463,0,0,0
5566,9464,0,0,0
5566,9471,0,0,0
5566,9472,0,0,0
5566,9473,0,0,0
5566,9474,0,0,0
5566,9475,0,0,0
5566,9476,0,0,0
5566,9477,0,0,0
5566,9478,0,0,0
5566,9479,0,0,0
5566,9561,12,0,12
5566,9562,18,0,18
5566,9563,0,0,0
5566,9564,78,21,57
5566,9565,0,0,0
5566,9571,0,0,0
5566,9572,14,0,14
5566,9573,10,10,0
5566,9574,0,0,0
5566,9575,0,0,0
5566,9576,0,0,0
5566,9577,0,0,0
5566,9661,0,0,0
5566,9662,0,0,0
5566,9663,20,0,20
5566,9671,15,0,15
5566,9672,13,0,13
5566,9673,0,0,0
5566,9674,0,0,0
5566,9675,0,0,0
5566,9676,0,0,0
5566,9677,0,0,0
5566,9678,0,0,0
5566,9679,0,0,0
5566,9761,41,27,14
5566,9762,0,0,0
5566,9763,0,0,0
5566,9764,0,0,0
5566,9771,15,15,0
5566,9772,24,24,0
5566,9773,0,0,0
5566,9774,0,0,0
5566,9775,14,0,14
5566,9776,0,0,0
5566,9777,21,10,11
5566,9778,29,29,0
5566,9779,0,0,0
5566,9780,0,0,0
5566,10041,57,34,23
5566,10042,0,0,0
5566,10043,0,0,0
5566,10044,15,15,0
5566,10045,0,0,0
5566,10046,0,0,0
5566,11000,487,205,282
5566,12051,0,0,0
5566,12052,0,0,0
5566,12053,0,0,0
5566,12054,60,13,47
5566,12060,17,17,0
5566,12061,23,13,10
5566,12062,0,0,0
5566,12063,31,13,18
5566,12064,12,12,0
5566,12065,14,14,0
5566,12066,0,0,0
5566,12067,0,0,0
5566,12068,22,22,0
5566,12069,75,62,13
5566,12070,11,11,0
5566,12071,10,10,0
5566,12072,16,16,0
5566,12073,11,11,0
5566,13003,10,10,0
5566,13004,0,0,0
5566,13071,47,47,0
5566,13072,19,19,0
5566,13073,34,23,11
5566,13074,0,0,0
5566,13075,23,23,0
5566,13076,15,15,0
5566,14511,36,14,22
5566,14521,15,15,0
5566,14522,16,16,0
5566,14523,0,0,0
5566,14524,0,0,0
5566,14612,39,26,13
5566,14625,16,16,0
5566,14626,23,11,12
5566,14627,0,0,0
5566,14628,10,10,0
5566,14713,53,29,24
5566,14729,22,22,0
5566,14730,16,16,0
5566,15001,10,10,0
5566,15002,12,12,0
5566,15003,61,49,12
5566,15081,0,0,0
5566,15082,26,26,0
5566,15083,37,23,14
5566,15084,58,58,0
5566,15085,17,17,0
5566,15086,39,39,0
5566,15087,28,28,0
5566,15088,43,43,0
5566,15089,36,36,0
5566,15090,23,23,0
5566,15091,12,12,0
5566,16051,22,0,22
5566,16052,0,0,0
5566,16053,0,0,0
5566,16054,0,0,0
5566,16055,0,0,0
5566,16056,0,0,0
5566,16061,12,12,0
5566,16062,10,10,0
5566,16063,0,0,0
5566,16064,0,0,0
5566,16065,0,0,0
5566,16066,0,0,0
5566,16067,0,0,0
5566,16068,0,0,0
5566,16069,0,0,0
5566,16070,0,0,0
5566,16071,0,0,0
5566,16072,0,0,0
5566,16073,0,0,0
5566,16074,0,0,0
5566,16075,0,0,0
5566,16076,0,0,0
5566,16077,0,0,0
5570,1001,0,0,0
5570,1002,17,0,17
5570,1003,16,0,16
5570,1004,18,0,18
5570,1051,0,0,0
5570,1053,0,0,0
5570,1054,0,0,0
5570,1055,0,0,0
5570,1056,0,0,0
5570,1057,0,0,0
5570,1058,13,0,13
5570,1059,12,0,12
5570,1060,23,10,13
5570,1061,0,0,0
5570,1062,21,0,21
5570,2000,321,114,207
5570,3101,31,15,16
5570,3102,0,0,0
5570,3103,0,0,0
5570,3151,11,11,0
5570,3153,0,0,0
5570,3154,0,0,0
5570,3155,13,0,13
5570,3157,0,0,0
5570,3158,0,0,0
5570,3159,42,19,23
5570,3241,219,53,166
5570,3251,33,18,15
5570,3252,38,10,28
5570,3254,23,12,11
5570,3255,0,0,0
5570,3256,11,11,0
5570,3257,40,19,21
5570,3351,13,0,13
5570,3352,0,0,0
5570,3353,10,10,0
5570,3354,0,0,0
5570,3355,0,0,0
5570,3356,0,0,0
5570,3357,60,11,49
5570,3358,13,13,0
5570,3359,11,0,11
5570,3360,0,0,0
5570,3361,11,0,11
5570,3401,0,0,0
5570,3402,0,0,0
5570,3403,17,0,17
5570,3404,590,201,389
5570,3405,0,0,0
5570,3451,0,0,0
5570,3452,10,10,0
5570,3453,52,25,27
5570,3454,194,54,140
5570,3455,0,0,0
5570,3456,48,26,22
5570,3457,28,14,14
5570,3458,21,11,10
5570,3459,2729,1107,1622
5570,3460,86,46,40
5570,3461,0,0,0
5570,3462,0,0,0
5570,4011,76,19,57
5570,4012,0,0,0
5570,5111,420,52,368
5570,5112,158,71,87
5570,5113,338,138,200
5570,5114,195,16,179
5570,5116,37,10,27
5570,5117,55,21,34
5570,5119,82,39,43
5570,5120,0,0,0
5570,5122,30,20,10
5570,5124,107,21,86
5570,5154,52,25,27
5570,5158,199,59,140
5570,5162,64,28,36
5570,5166,61,14,47
5570,5170,121,64,57
5570,5314,67,14,53
5570,5315,267,57,210
5570,5316,23,11,12
5570,5334,103,36,67
5570,5358,13,13,0
5570,5362,60,27,33
5570,5366,10,10,0
5570,5370,10,10,0
5570,5374,59,25,34
5570,5378,44,27,17
5570,5382,68,37,31
5570,5512,33,21,12
5570,5513,218,81,137
5570,5515,18781,4367,14414
5570,5554,357,135,222
5570,5558,2114,1018,1096
5570,5562,490,296,194
5570,5566,3003,1565,1438
5570,5570,0,0,0
5570,5711,1408,379,1029
5570,5754,15726,4619,11107
5570,5758,272,156,116
5570,5762,49,37,12
5570,5766,276,146,130
5570,5770,178,83,95
5570,5774,780,359,421
5570,5911,292,126,166
5570,5913,1329,420,909
5570,5914,114,34,80
5570,5915,7540,3519,4021
5570,5916,117,64,53
5570,5954,178,77,101
5570,5958,361,167,194
5570,5962,210,94,116
5570,5966,43,20,23
5570,5970,55,26,29
5570,5974,5334,2741,2593
5570,5978,1977,872,1105
5570,6411,0,0,0
5570,6412,125,16,109
5570,6413,0,0,0
5570,6414,22,0,22
5570,6431,24,0,24
5570,6432,11,0,11
5570,6433,0,0,0
5570,6434,42,0,42
5570,6435,35,11,24
5570,6436,29,0,29
5570,6437,0,0,0
5570,6438,46,13,33
5570,6439,12,0,12
5570,6440,25,10,15
5570,6531,21,10,11
5570,6532,13,13,0
5570,6533,0,0,0
5570,6534,17,0,17
5570,6535,0,0,0
5570,6611,20,0,20
5570,6631,10,10,0
5570,6632,0,0,0
5570,6633,20,10,10
5570,6634,12,0,12
5570,6635,14,14,0
5570,6636,0,0,0
5570,7111,0,0,0
5570,7131,0,0,0
5570,7132,0,0,0
5570,7133,0,0,0
5570,7134,0,0,0
5570,7135,0,0,0
5570,7137,23,0,23
5570,7138,12,0,12
5570,7140,0,0,0
5570,7141,0,0,0
5570,7143,40,14,26
5570,7211,0,0,0
5570,7231,0,0,0
5570,7232,0,0,0
5570,7233,0,0,0
5570,7235,0,0,0
5570,7311,0,0,0
5570,7312,0,0,0
5570,7313,0,0,0
5570,7314,10,0,10
5570,7315,11,0,11
5570,7316,0,0,0
5570,7317,0,0,0
5570,7318,0,0,0
5570,7319,0,0,0
5570,7320,0,0,0
5570,7331,0,0,0
5570,7332,0,0,0
5570,7333,0,0,0
5570,7334,0,0,0
5570,7335,0,0,0
5570,7336,0,0,0
5570,7337,0,0,0
5570,7338,0,0,0
5570,7339,0,0,0
5570,7340,0,0,0
5570,8111,61,17,44
5570,8115,14,0,14
5570,8116,40,16,24
5570,8117,0,0,0
5570,8118,26,0,26
5570,8119,15,0,15
5570,8121,0,0,0
5570,8125,26,0,26
5570,8126,19,0,19
5570,8127,79,0,79
5570,8128,0,0,0
5570,8135,0,0,0
5570,8136,0,0,0
5570,8211,0,0,0
5570,8212,12,0,12
5570,8215,34,0,34
5570,8216,0,0,0
5570,8221,0,0,0
5570,8222,26,0,26
5570,8225,0,0,0
5570,8226,33,12,21
5570,8231,0,0,0
5570,8235,0,0,0
5570,8236,0,0,0
5570,8237,0,0,0
5570,8311,0,0,0
5570,8315,0,0,0
5570,8316,0,0,0
5570,8317,20,0,20
5570,8325,0,0,0
5570,8326,0,0,0
5570,8327,0,0,0
5570,8335,0,0,0
5570,8336,13,0,13
5570,8337,0,0,0
5570,8415,0,0,0
5570,8416,0,0,0
5570,8417,0,0,0
5570,8421,20,0,20
5570,8425,0,0,0
5570,8426,0,0,0
5570,8435,0,0,0
5570,8436,0,0,0
5570,8437,0,0,0
5570,9161,0,0,0
5570,9162,231,26,205
5570,9163,0,0,0
5570,9171,0,0,0
5570,9172,0,0,0
5570,9173,0,0,0
5570,9174,0,0,0
5570,9175,0,0,0
5570,9176,0,0,0
5570,9177,0,0,0
5570,9178,12,0,12
5570,9179,0,0,0
5570,9180,0,0,0
5570,9181,0,0,0
5570,9182,0,0,0
5570,9183,0,0,0
5570,9184,59,10,49
5570,9185,0,0,0
5570,9186,0,0,0
5570,9187,0,0,0
5570,9188,0,0,0
5570,9189,0,0,0
5570,9190,0,0,0
5570,9261,0,0,0
5570,9262,0,0,0
5570,9263,0,0,0
5570,9271,0,0,0
5570,9272,0,0,0
5570,9273,0,0,0
5570,9274,0,0,0
5570,9275,0,0,0
5570,9276,0,0,0
5570,9277,0,0,0
5570,9278,0,0,0
5570,9279,0,0,0
5570,9361,0,0,0
5570,9362,17,0,17
5570,9363,0,0,0
5570,9371,0,0,0
5570,9372,0,0,0
5570,9373,0,0,0
5570,9374,0,0,0
5570,9375,0,0,0
5570,9376,0,0,0
5570,9377,0,0,0
5570,9461,0,0,0
5570,9462,0,0,0
5570,9463,0,0,0
5570,9464,0,0,0
5570,9471,0,0,0
5570,9472,0,0,0
5570,9473,0,0,0
5570,9474,0,0,0
5570,9475,0,0,0
5570,9476,0,0,0
5570,9477,0,0,0
5570,9478,0,0,0
5570,9479,0,0,0
5570,9561,42,0,42
5570,9562,0,0,0
5570,9563,0,0,0
5570,9564,30,0,30
5570,9565,0,0,0
5570,9571,0,0,0
5570,9572,0,0,0
5570,9573,0,0,0
5570,9574,0,0,0
5570,9575,0,0,0
5570,9576,0,0,0
5570,9577,0,0,0
5570,9661,0,0,0
5570,9662,0,0,0
5570,9663,0,0,0
5570,9671,0,0,0
5570,9672,10,0,10
5570,9673,0,0,0
5570,9674,0,0,0
5570,9675,0,0,0
5570,9676,0,0,0
5570,9677,0,0,0
5570,9678,0,0,0
5570,9679,0,0,0
5570,9761,30,19,11
5570,9762,0,0,0
5570,9763,0,0,0
5570,9764,0,0,0
5570,9771,0,0,0
5570,9772,16,16,0
5570,9773,0,0,0
5570,9774,33,33,0
5570,9775,0,0,0
5570,9776,0,0,0
5570,9777,0,0,0
5570,9778,0,0,0
5570,9779,0,0,0
5570,9780,0,0,0
5570,10041,10,10,0
5570,10042,0,0,0
5570,10043,0,0,0
5570,10044,11,11,0
5570,10045,0,0,0
5570,10046,0,0,0
5570,11000,245,80,165
5570,12051,0,0,0
5570,12052,0,0,0
5570,12053,0,0,0
5570,12054,32,0,32
5570,12060,0,0,0
5570,12061,37,37,0
5570,12062,0,0,0
5570,12063,0,0,0
5570,12064,0,0,0
5570,12065,0,0,0
5570,12066,0,0,0
5570,12067,0,0,0
5570,12068,0,0,0
5570,12069,0,0,0
5570,12070,0,0,0
5570,12071,0,0,0
5570,12072,0,0,0
5570,12073,0,0,0
5570,13003,11,0,11
5570,13004,0,0,0
5570,13071,0,0,0
5570,13072,0,0,0
5570,13073,15,15,0
5570,13074,0,0,0
5570,13075,0,0,0
5570,13076,10,10,0
5570,14511,0,0,0
5570,14521,13,13,0
5570,14522,0,0,0
5570,14523,0,0,0
5570,14524,0,0,0
5570,14612,10,0,10
5570,14625,0,0,0
5570,14626,0,0,0
5570,14627,0,0,0
5570,14628,0,0,0
5570,14713,45,14,31
5570,14729,0,0,0
5570,14730,18,18,0
5570,15001,0,0,0
5570,15002,11,11,0
5570,15003,0,0,0
5570,15081,0,0,0
5570,15082,17,17,0
5570,15083,0,0,0
5570,15084,59,12,47
5570,15085,17,17,0
5570,15086,0,0,0
5570,15087,24,24,0
5570,15088,13,13,0
5570,15089,17,17,0
5570,15090,0,0,0
5570,15091,15,15,0
5570,16051,10,0,10
5570,16052,0,0,0
5570,16053,0,0,0
5570,16054,0,0,0
5570,16055,0,0,0
5570,16056,0,0,0
5570,16061,0,0,0
5570,16062,0,0,0
5570,16063,0,0,0
5570,16064,0,0,0
5570,16065,0,0,0
5570,16066,0,0,0
5570,16067,0,0,0
5570,16068,0,0,0
5570,16069,0,0,0
5570,16070,0,0,0
5570,16071,0,0,0
5570,16072,0,0,0
5570,16073,0,0,0
5570,16074,0,0,0
5570,16075,0,0,0
5570,16076,0,0,0
5570,16077,0,0,0
5711,1001,11,0,11
5711,1002,72,25,47
5711,1003,40,22,18
5711,1004,0,0,0
5711,1051,10,0,10
5711,1053,20,20,0
5711,1054,13,13,0
5711,1055,41,29,12
5711,1056,56,40,16
5711,1057,13,13,0
5711,1058,24,24,0
5711,1059,23,13,10
5711,1060,44,24,20
5711,1061,11,11,0
5711,1062,69,35,34
5711,2000,769,433,336
5711,3101,92,58,34
5711,3102,45,35,10
5711,3103,20,0,20
5711,3151,10,10,0
5711,3153,41,41,0
5711,3154,15,15,0
5711,3155,41,41,0
5711,3157,30,30,0
5711,3158,27,27,0
5711,3159,115,87,28
5711,3241,1113,586,527
5711,3251,107,88,19
5711,3252,206,130,76
5711,3254,83,67,16
5711,3255,54,40,14
5711,3256,68,46,22
5711,3257,436,356,80
5711,3351,42,42,0
5711,3352,25,25,0
5711,3353,60,49,11
5711,3354,0,0,0
5711,3355,60,44,16
5711,3356,20,20,0
5711,3357,18,18,0
5711,3358,28,28,0
5711,3359,25,25,0
5711,3360,0,0,0
5711,3361,52,16,36
5711,3401,23,23,0
5711,3402,17,17,0
5711,3403,80,52,28
5711,3404,741,399,342
5711,3405,21,21,0
5711,3451,38,38,0
5711,3452,33,33,0
5711,3453,41,28,13
5711,3454,104,73,31
5711,3455,15,15,0
5711,3456,55,41,14
5711,3457,56,43,13
5711,3458,51,51,0
5711,3459,2252,1516,736
5711,3460,82,69,13
5711,3461,0,0,0
5711,3462,11,11,0
5711,4011,191,135,56
5711,4012,11,11,0
5711,5111,541,150,391
5711,5112,199,114,85
5711,5113,378,108,270
5711,5114,52,31,21
5711,5116,79,43,36
5711,5117,53,33,20
5711,5119,66,31,35
5711,5120,27,0,27
5711,5122,20,20,0
5711,5124,149,62,87
5711,5154,75,50,25
5711,5158,210,93,117
5711,5162,129,80,49
5711,5166,60,37,23
5711,5170,127,91,36
5711,5314,115,46,69
5711,5315,611,266,345
5711,5316,40,23,17
5711,5334,140,99,41
5711,5358,85,17,68
5711,5362,105,64,41
5711,5366,0,0,0
5711,5370,56,56,0
5711,5374,70,28,42
5711,5378,51,32,19
5711,5382,97,66,31
5711,5512,19,19,0
5711,5513,160,75,85
5711,5515,721,376,345
5711,5554,142,110,32
5711,5558,194,171,23
5711,5562,233,186,47
5711,5566,548,427,121
5711,5570,1408,1029,379
5711,5711,0,0,0
5711,5754,34497,18933,15564
5711,5758,18260,12297,5963
5711,5762,497,412,85
5711,5766,19773,14316,5457
5711,5770,4605,3090,1515
5711,5774,5524,3885,1639
5711,5911,267,152,115
5711,5913,1003,649,354
5711,5914,204,177,27
5711,5915,602,479,123
5711,5916,40,40,0
5711,5954,462,360,102
5711,5958,265,205,60
5711,5962,216,192,24
5711,5966,50,50,0
5711,5970,193,146,47
5711,5974,968,680,288
5711,5978,617,422,195
5711,6411,17,0,17
5711,6412,191,41,150
5711,6413,0,0,0
5711,6414,63,23,40
5711,6431,36,25,11
5711,6432,41,18,23
5711,6433,22,22,0
5711,6434,48,15,33
5711,6435,46,30,16
5711,6436,41,14,27
5711,6437,0,0,0
5711,6438,61,28,33
5711,6439,17,17,0
5711,6440,37,26,11
5711,6531,41,26,15
5711,6532,29,17,12
5711,6533,0,0,0
5711,6534,36,18,18
5711,6535,12,12,0
5711,6611,92,57,35
5711,6631,43,23,20
5711,6632,26,11,15
5711,6633,92,81,11
5711,6634,26,26,0
5711,6635,70,56,14
5711,6636,12,12,0
5711,7111,0,0,0
5711,7131,0,0,0
5711,7132,29,29,0
5711,7133,0,0,0
5711,7134,0,0,0
5711,7135,0,0,0
5711,7137,11,11,0
5711,7138,29,18,11
5711,7140,0,0,0
5711,7141,0,0,0
5711,7143,14,14,0
5711,7211,12,12,0
5711,7231,20,20,0
5711,7232,0,0,0
5711,7233,0,0,0
5711,7235,10,10,0
5711,7311,0,0,0
5711,7312,0,0,0
5711,7313,0,0,0
5711,7314,12,12,0
5711,7315,39,23,16
5711,7316,0,0,0
5711,7317,0,0,0
5711,7318,0,0,0
5711,7319,0,0,0
5711,7320,0,0,0
5711,7331,0,0,0
5711,7332,0,0,0
5711,7333,0,0,0
5711,7334,11,11,0
5711,7335,0,0,0
5711,7336,0,0,0
5711,7337,0,0,0
5711,7338,15,15,0
5711,7339,14,14,0
5711,7340,0,0,0
5711,8111,100,36,64
5711,8115,58,34,24
5711,8116,84,55,29
5711,8117,28,15,13
5711,8118,51,35,16
5711,8119,36,23,13
5711,8121,0,0,0
5711,8125,42,23,19
5711,8126,13,0,13
5711,8127,0,0,0
5711,8128,0,0,0
5711,8135,0,0,0
5711,8136,31,15,16
5711,8211,10,0,10
5711,8212,41,11,30
5711,8215,41,20,21
5711,8216,0,0,0
5711,8221,18,18,0
5711,8222,62,21,41
5711,8225,0,0,0
5711,8226,95,46,49
5711,8231,0,0,0
5711,8235,0,0,0
5711,8236,0,0,0
5711,8237,0,0,0
5711,8311,10,10,0
5711,8315,14,14,0
5711,8316,0,0,0
5711,8317,37,23,14
5711,8325,0,0,0
5711,8326,0,0,0
5711,8327,0,0,0
5711,8335,21,21,0
5711,8336,10,0,10
5711,8337,0,0,0
5711,8415,20,20,0
5711,8416,11,11,0
5711,8417,0,0,0
5711,8421,14,0,14
5711,8425,0,0,0
5711,8426,0,0,0
5711,8435,27,10,17
5711,8436,0,0,0
5711,8437,0,0,0
5711,9161,11,0,11
5711,9162,376,123,253
5711,9163,0,0,0
5711,9171,0,0,0
5711,9172,0,0,0
5711,9173,24,24,0
5711,9174,0,0,0
5711,9175,10,10,0
5711,9176,0,0,0
5711,9177,0,0,0
5711,9178,26,11,15
5711,9179,29,14,15
5711,9180,0,0,0
5711,9181,0,0,0
5711,9182,12,12,0
5711,9183,0,0,0
5711,9184,85,27,58
5711,9185,0,0,0
5711,9186,0,0,0
5711,9187,0,0,0
5711,9188,22,11,11
5711,9189,0,0,0
5711,9190,0,0,0
5711,9261,0,0,0
5711,9262,0,0,0
5711,9263,0,0,0
5711,9271,0,0,0
5711,9272,0,0,0
5711,9273,0,0,0
5711,9274,0,0,0
5711,9275,0,0,0
5711,9276,0,0,0
5711,9277,0,0,0
5711,9278,0,0,0
5711,9279,0,0,0
5711,9361,0,0,0
5711,9362,0,0,0
5711,9363,0,0,0
5711,9371,0,0,0
5711,9372,0,0,0
5711,9373,0,0,0
5711,9374,0,0,0
5711,9375,10,0,10
5711,9376,0,0,0
5711,9377,0,0,0
5711,9461,0,0,0
5711,9462,0,0,0
5711,9463,0,0,0
5711,9464,0,0,0
5711,9471,0,0,0
5711,9472,0,0,0
5711,9473,0,0,0
5711,9474,0,0,0
5711,9475,13,0,13
5711,9476,0,0,0
5711,9477,0,0,0
5711,9478,0,0,0
5711,9479,0,0,0
5711,9561,0,0,0
5711,9562,0,0,0
5711,9563,0,0,0
5711,9564,81,41,40
5711,9565,0,0,0
5711,9571,10,10,0
5711,9572,0,0,0
5711,9573,11,11,0
5711,9574,0,0,0
5711,9575,0,0,0
5711,9576,0,0,0
5711,9577,0,0,0
5711,9661,0,0,0
5711,9662,0,0,0
5711,9663,17,0,17
5711,9671,0,0,0
5711,9672,0,0,0
5711,9673,0,0,0
5711,9674,0,0,0
5711,9675,0,0,0
5711,9676,0,0,0
5711,9677,0,0,0
5711,9678,0,0,0
5711,9679,13,13,0
5711,9761,27,12,15
5711,9762,0,0,0
5711,9763,0,0,0
5711,9764,0,0,0
5711,9771,0,0,0
5711,9772,10,10,0
5711,9773,0,0,0
5711,9774,0,0,0
5711,9775,0,0,0
5711,9776,0,0,0
5711,9777,39,28,11
5711,9778,10,0,10
5711,9779,0,0,0
5711,9780,11,11,0
5711,10041,16,16,0
5711,10042,0,0,0
5711,10043,0,0,0
5711,10044,0,0,0
5711,10045,0,0,0
5711,10046,0,0,0
5711,11000,785,325,460
5711,12051,0,0,0
5711,12052,0,0,0
5711,12053,0,0,0
5711,12054,13,0,13
5711,12060,0,0,0
5711,12061,18,18,0
5711,12062,0,0,0
5711,12063,12,12,0
5711,12064,11,11,0
5711,12065,0,0,0
5711,12066,0,0,0
5711,12067,0,0,0
5711,12068,0,0,0
5711,12069,40,26,14
5711,12070,0,0,0
5711,12071,0,0,0
5711,12072,10,10,0
5711,12073,0,0,0
5711,13003,0,0,0
5711,13004,0,0,0
5711,13071,16,16,0
5711,13072,0,0,0
5711,13073,0,0,0
5711,13074,0,0,0
5711,13075,18,18,0
5711,13076,0,0,0
5711,14511,10,10,0
5711,14521,19,19,0
5711,14522,12,12,0
5711,14523,140,110,30
5711,14524,55,55,0
5711,14612,60,39,21
5711,14625,12,12,0
5711,14626,10,10,0
5711,14627,12,12,0
5711,14628,13,13,0
5711,14713,67,51,16
5711,14729,20,20,0
5711,14730,11,11,0
5711,15001,0,0,0
5711,15002,31,20,11
5711,15003,33,20,13
5711,15081,0,0,0
5711,15082,10,10,0
5711,15083,0,0,0
5711,15084,15,0,15
5711,15085,19,19,0
5711,15086,21,21,0
5711,15087,11,11,0
5711,15088,13,13,0
5711,15089,18,18,0
5711,15090,13,13,0
5711,15091,0,0,0
5711,16051,11,11,0
5711,16052,0,0,0
5711,16053,12,12,0
5711,16054,0,0,0
5711,16055,0,0,0
5711,16056,16,16,0
5711,16061,15,15,0
5711,16062,14,14,0
5711,16063,20,20,0
5711,16064,0,0,0
5711,16065,0,0,0
5711,16066,0,0,0
5711,16067,0,0,0
5711,16068,0,0,0
5711,16069,0,0,0
5711,16070,0,0,0
5711,16071,0,0,0
5711,16072,0,0,0
5711,16073,0,0,0
5711,16074,0,0,0
5711,16075,0,0,0
5711,16076,11,11,0
5711,16077,0,0,0
5754,1001,21,11,10
5754,1002,95,25,70
5754,1003,93,27,66
5754,1004,0,0,0
5754,1051,16,16,0
5754,1053,37,27,10
5754,1054,14,14,0
5754,1055,34,34,0
5754,1056,57,34,23
5754,1057,11,11,0
5754,1058,54,39,15
5754,1059,45,21,24
5754,1060,104,84,20
5754,1061,129,129,0
5754,1062,131,37,94
5754,2000,500,231,269
5754,3101,50,29,21
5754,3102,10,10,0
5754,3103,24,10,14
5754,3151,14,14,0
5754,3153,10,10,0
5754,3154,12,12,0
5754,3155,27,27,0
5754,3157,21,21,0
5754,3158,16,16,0
5754,3159,87,47,40
5754,3241,712,393,319
5754,3251,146,123,23
5754,3252,126,76,50
5754,3254,109,89,20
5754,3255,52,41,11
5754,3256,91,63,28
5754,3257,170,114,56
5754,3351,43,32,11
5754,3352,46,46,0
5754,3353,60,49,11
5754,3354,0,0,0
5754,3355,22,22,0
5754,3356,17,17,0
5754,3357,21,21,0
5754,3358,41,30,11
5754,3359,19,19,0
5754,3360,15,15,0
5754,3361,39,22,17
5754,3401,80,70,10
5754,3402,15,15,0
5754,3403,169,141,28
5754,3404,1217,644,573
5754,3405,0,0,0
5754,3451,50,34,16
5754,3452,50,35,15
5754,3453,162,139,23
5754,3454,681,633,48
5754,3455,32,32,0
5754,3456,60,43,17
5754,3457,34,17,17
5754,3458,216,204,12
5754,3459,8370,4082,4288
5754,3460,478,447,31
5754,3461,14,14,0
5754,3462,0,0,0
5754,4011,250,192,58
5754,4012,26,26,0
5754,5111,420,164,256
5754,5112,160,85,75
5754,5113,396,141,255
5754,5114,83,48,35
5754,5116,75,34,41
5754,5117,57,39,18
5754,5119,63,40,23
5754,5120,76,22,54
5754,5122,35,19,16
5754,5124,130,85,45
5754,5154,102,82,20
5754,5158,229,108,121
5754,5162,104,66,38
5754,5166,62,33,29
5754,5170,206,109,97
5754,5314,88,39,49
5754,5315,367,147,220
5754,5316,54,40,14
5754,5334,136,93,43
5754,5358,159,39,120
5754,5362,141,96,45
5754,5366,27,27,0
5754,5370,56,26,30
5754,5374,132,84,48
5754,5378,87,60,27
5754,5382,141,95,46
5754,5512,23,23,0
5754,5513,117,62,55
5754,5515,1389,605,784
5754,5554,199,114,85
5754,5558,268,173,95
5754,5562,300,236,64
5754,5566,761,558,203
5754,5570,15726,11107,4619
5754,5711,34497,15564,18933
5754,5754,0,0,0
5754,5758,4101,2704,1397
5754,5762,372,293,79
5754,5766,6562,4728,1834
5754,5770,1339,828,511
5754,5774,11178,7866,3312
5754,5911,225,167,58
5754,5913,791,357,434
5754,5914,98,68,30
5754,5915,836,548,288
5754,5916,72,53,19
5754,5954,149,84,65
5754,5958,297,194,103
5754,5962,133,86,47
5754,5966,35,18,17
5754,5970,112,79,33
5754,5974,5383,3656,1727
5754,5978,602,289,313
5754,6411,36,22,14
5754,6412,233,74,159
5754,6413,25,12,13
5754,6414,42,12,30
5754,6431,36,36,0
5754,6432,65,44,21
5754,6433,119,101,18
5754,6434,64,27,37
5754,6435,149,50,99
5754,6436,63,28,35
5754,6437,10,10,0
5754,6438,69,37,32
5754,6439,18,18,0
5754,6440,78,66,12
5754,6531,50,32,18
5754,6532,27,17,10
5754,6533,24,24,0
5754,6534,31,15,16
5754,6535,14,14,0
5754,6611,84,58,26
5754,6631,41,29,12
5754,6632,18,18,0
5754,6633,106,68,38
5754,6634,191,177,14
5754,6635,70,50,20
5754,6636,28,28,0
5754,7111,16,0,16
5754,7131,19,19,0
5754,7132,10,10,0
5754,7133,34,34,0
5754,7134,13,13,0
5754,7135,0,0,0
5754,7137,29,29,0
5754,7138,27,27,0
5754,7140,0,0,0
5754,7141,15,15,0
5754,7143,42,30,12
5754,7211,12,12,0
5754,7231,15,15,0
5754,7232,0,0,0
5754,7233,0,0,0
5754,7235,12,12,0
5754,7311,0,0,0
5754,7312,0,0,0
5754,7313,0,0,0
5754,7314,14,14,0
5754,7315,11,11,0
5754,7316,0,0,0
5754,7317,0,0,0
5754,7318,37,37,0
5754,7319,11,11,0
5754,7320,0,0,0
5754,7331,13,13,0
5754,7332,19,19,0
5754,7333,0,0,0
5754,7334,19,19,0
5754,7335,0,0,0
5754,7336,0,0,0
5754,7337,15,15,0
5754,7338,85,85,0
5754,7339,40,40,0
5754,7340,0,0,0
5754,8111,108,50,58
5754,8115,52,25,27
5754,8116,65,36,29
5754,8117,32,20,12
5754,8118,97,66,31
5754,8119,60,43,17
5754,8121,14,14,0
5754,8125,74,47,27
5754,8126,34,10,24
5754,8127,138,21,117
5754,8128,25,13,12
5754,8135,12,12,0
5754,8136,42,30,12
5754,8211,0,0,0
5754,8212,65,30,35
5754,8215,122,97,25
5754,8216,21,21,0
5754,8221,0,0,0
5754,8222,69,20,49
5754,8225,22,22,0
5754,8226,108,71,37
5754,8231,21,21,0
5754,8235,29,17,12
5754,8236,37,27,10
5754,8237,29,16,13
5754,8311,30,20,10
5754,8315,29,29,0
5754,8316,14,14,0
5754,8317,43,25,18
5754,8325,0,0,0
5754,8326,38,24,14
5754,8327,0,0,0
5754,8335,56,42,14
5754,8336,11,0,11
5754,8337,18,18,0
5754,8415,44,32,12
5754,8416,16,16,0
5754,8417,26,26,0
5754,8421,36,19,17
5754,8425,21,21,0
5754,8426,10,0,10
5754,8435,20,20,0
5754,8436,41,31,10
5754,8437,27,27,0
5754,9161,14,14,0
5754,9162,442,162,280
5754,9163,0,0,0
5754,9171,0,0,0
5754,9172,0,0,0
5754,9173,45,45,0
5754,9174,13,13,0
5754,9175,17,17,0
5754,9176,0,0,0
5754,9177,14,14,0
5754,9178,49,34,15
5754,9179,30,16,14
5754,9180,12,12,0
5754,9181,11,11,0
5754,9182,14,14,0
5754,9183,0,0,0
5754,9184,75,38,37
5754,9185,22,12,10
5754,9186,45,45,0
5754,9187,19,19,0
5754,9188,13,13,0
5754,9189,16,16,0
5754,9190,0,0,0
5754,9261,0,0,0
5754,9262,0,0,0
5754,9263,0,0,0
5754,9271,0,0,0
5754,9272,0,0,0
5754,9273,12,12,0
5754,9274,18,18,0
5754,9275,0,0,0
5754,9276,0,0,0
5754,9277,0,0,0
5754,9278,0,0,0
5754,9279,10,0,10
5754,9361,0,0,0
5754,9362,0,0,0
5754,9363,0,0,0
5754,9371,0,0,0
5754,9372,0,0,0
5754,9373,11,11,0
5754,9374,0,0,0
5754,9375,20,20,0
5754,9376,21,21,0
5754,9377,0,0,0
5754,9461,35,0,35
5754,9462,0,0,0
5754,9463,0,0,0
5754,9464,0,0,0
5754,9471,14,14,0
5754,9472,0,0,0
5754,9473,0,0,0
5754,9474,16,16,0
5754,9475,23,0,23
5754,9476,0,0,0
5754,9477,0,0,0
5754,9478,0,0,0
5754,9479,0,0,0
5754,9561,47,0,47
5754,9562,16,0,16
5754,9563,20,20,0
5754,9564,111,62,49
5754,9565,0,0,0
5754,9571,24,24,0
5754,9572,48,48,0
5754,9573,0,0,0
5754,9574,27,27,0
5754,9575,13,13,0
5754,9576,13,13,0
5754,9577,0,0,0
5754,9661,11,11,0
5754,9662,0,0,0
5754,9663,25,13,12
5754,9671,19,19,0
5754,9672,17,17,0
5754,9673,0,0,0
5754,9674,0,0,0
5754,9675,15,15,0
5754,9676,17,17,0
5754,9677,12,12,0
5754,9678,20,20,0
5754,9679,33,33,0
5754,9761,36,26,10
5754,9762,0,0,0
5754,9763,43,33,10
5754,9764,0,0,0
5754,9771,17,17,0
5754,9772,40,25,15
5754,9773,11,11,0
5754,9774,27,27,0
5754,9775,17,17,0
5754,9776,0,0,0
5754,9777,23,11,12
5754,9778,14,14,0
5754,9779,21,11,10
5754,9780,109,109,0
5754,10041,53,38,15
5754,10042,0,0,0
5754,10043,13,13,0
5754,10044,54,19,35
5754,10045,0,0,0
5754,10046,0,0,0
5754,11000,752,488,264
5754,12051,12,12,0
5754,12052,15,15,0
5754,12053,0,0,0
5754,12054,333,23,310
5754,12060,22,22,0
5754,12061,38,28,10
5754,12062,0,0,0
5754,12063,87,87,0
5754,12064,25,25,0
5754,12065,25,25,0
5754,12066,0,0,0
5754,12067,11,11,0
5754,12068,39,39,0
5754,12069,48,30,18
5754,12070,18,18,0
5754,12071,10,10,0
5754,12072,21,21,0
5754,12073,15,15,0
5754,13003,20,20,0
5754,13004,0,0,0
5754,13071,46,46,0
5754,13072,21,21,0
5754,13073,19,19,0
5754,13074,16,16,0
5754,13075,292,258,34
5754,13076,23,23,0
5754,14511,16,16,0
5754,14521,20,20,0
5754,14522,14,14,0
5754,14523,27,17,10
5754,14524,24,24,0
5754,14612,46,35,11
5754,14625,24,24,0
5754,14626,19,19,0
5754,14627,20,20,0
5754,14628,29,29,0
5754,14713,115,97,18
5754,14729,40,40,0
5754,14730,21,21,0
5754,15001,36,36,0
5754,15002,46,46,0
5754,15003,70,60,10
5754,15081,11,11,0
5754,15082,49,49,0
5754,15083,41,41,0
5754,15084,883,738,145
5754,15085,38,38,0
5754,15086,22,22,0
5754,15087,32,32,0
5754,15088,37,37,0
5754,15089,56,56,0
5754,15090,46,46,0
5754,15091,37,37,0
5754,16051,33,23,10
5754,16052,0,0,0
5754,16053,10,10,0
5754,16054,0,0,0
5754,16055,0,0,0
5754,16056,0,0,0
5754,16061,19,19,0
5754,16062,13,13,0
5754,16063,0,0,0
5754,16064,15,15,0
5754,16065,16,16,0
5754,16066,14,14,0
5754,16067,49,49,0
5754,16068,12,12,0
5754,16069,0,0,0
5754,16070,19,19,0
5754,16071,16,16,0
5754,16072,0,0,0
5754,16073,0,0,0
5754,16074,12,12,0
5754,16075,10,10,0
5754,16076,0,0,0
5754,16077,30,30,0
5758,1001,0,0,0
5758,1002,59,43,16
5758,1003,23,11,12
5758,1004,0,0,0
5758,1051,0,0,0
5758,1053,15,15,0
5758,1054,32,32,0
5758,1055,19,19,0
5758,1056,27,11,16
5758,1057,18,18,0
5758,1058,43,43,0
5758,1059,15,15,0
5758,1060,29,13,16
5758,1061,0,0,0
5758,1062,44,20,24
5758,2000,332,113,219
5758,3101,35,10,25
5758,3102,0,0,0
5758,3103,24,0,24
5758,3151,0,0,0
5758,3153,0,0,0
5758,3154,0,0,0
5758,3155,0,0,0
5758,3157,55,42,13
5758,3158,0,0,0
5758,3159,51,23,28
5758,3241,695,225,470
5758,3251,125,54,71
5758,3252,247,149,98
5758,3254,55,33,22
5758,3255,12,0,12
5758,3256,208,138,70
5758,3257,912,625,287
5758,3351,29,16,13
5758,3352,0,0,0
5758,3353,34,22,12
5758,3354,0,0,0
5758,3355,0,0,0
5758,3356,0,0,0
5758,3357,12,12,0
5758,3358,0,0,0
5758,3359,16,16,0
5758,3360,0,0,0
5758,3361,12,0,12
5758,3401,0,0,0
5758,3402,14,14,0
5758,3403,47,23,24
5758,3404,1020,413,607
5758,3405,27,27,0
5758,3451,32,16,16
5758,3452,75,63,12
5758,3453,42,27,15
5758,3454,79,36,43
5758,3455,22,22,0
5758,3456,32,20,12
5758,3457,15,15,0
5758,3458,22,22,0
5758,3459,5432,2526,2906
5758,3460,79,36,43
5758,3461,0,0,0
5758,3462,12,12,0
5758,4011,97,36,61
5758,4012,0,0,0
5758,5111,208,27,181
5758,5112,46,24,22
5758,5113,109,36,73
5758,5114,17,0,17
5758,5116,30,10,20
5758,5117,11,11,0
5758,5119,13,13,0
5758,5120,0,0,0
5758,5122,0,0,0
5758,5124,60,36,24
5758,5154,36,15,21
5758,5158,100,31,69
5758,5162,48,15,33
5758,5166,30,13,17
5758,5170,51,20,31
5758,5314,37,11,26
5758,5315,172,39,133
5758,5316,13,0,13
5758,5334,35,16,19
5758,5358,21,10,11
5758,5362,33,20,13
5758,5366,14,14,0
5758,5370,22,12,10
5758,5374,52,21,31
5758,5378,28,11,17
5758,5382,43,23,20
5758,5512,12,12,0
5758,5513,82,11,71
5758,5515,314,83,231
5758,5554,70,37,33
5758,5558,109,34,75
5758,5562,73,48,25
5758,5566,322,170,152
5758,5570,272,116,156
5758,5711,18260,5963,12297
5758,5754,4101,1397,2704
5758,5758,0,0,0
5758,5762,142,104,38
5758,5766,11281,7040,4241
5758,5770,24528,11838,12690
5758,5774,855,418,437
5758,5911,59,33,26
5758,5913,221,43,178
5758,5914,19,0,19
5758,5915,90,66,24
5758,5916,0,0,0
5758,5954,57,25,32
5758,5958,56,20,36
5758,5962,57,26,31
5758,5966,0,0,0
5758,5970,35,13,22
5758,5974,178,72,106
5758,5978,142,48,94
5758,6411,17,0,17
5758,6412,95,12,83
5758,6413,0,0,0
5758,6414,32,0,32
5758,6431,20,10,10
5758,6432,15,0,15
5758,6433,0,0,0
5758,6434,42,0,42
5758,6435,13,13,0
5758,6436,31,0,31
5758,6437,0,0,0
5758,6438,38,16,22
5758,6439,0,0,0
5758,6440,22,11,11
5758,6531,22,11,11
5758,6532,0,0,0
5758,6533,0,0,0
5758,6534,13,13,0
5758,6535,0,0,0
5758,6611,44,18,26
5758,6631,24,11,13
5758,6632,12,0,12
5758,6633,36,24,12
5758,6634,10,10,0
5758,6635,35,12,23
5758,6636,0,0,0
5758,7111,0,0,0
5758,7131,0,0,0
5758,7132,0,0,0
5758,7133,0,0,0
5758,7134,0,0,0
5758,7135,0,0,0
5758,7137,0,0,0
5758,7138,11,0,11
5758,7140,0,0,0
5758,7141,0,0,0
5758,7143,14,14,0
5758,7211,0,0,0
5758,7231,0,0,0
5758,7232,0,0,0
5758,7233,0,0,0
5758,7235,0,0,0
5758,7311,0,0,0
5758,7312,0,0,0
5758,7313,0,0,0
5758,7314,0,0,0
5758,7315,0,0,0
5758,7316,0,0,0
5758,7317,0,0,0
5758,7318,0,0,0
5758,7319,0,0,0
5758,7320,0,0,0
5758,7331,19,19,0
5758,7332,0,0,0
5758,7333,0,0,0
5758,7334,0,0,0
5758,7335,0,0,0
5758,7336,0,0,0
5758,7337,0,0,0
5758,7338,0,0,0
5758,7339,13,0,13
5758,7340,0,0,0
5758,8111,66,24,42
5758,8115,53,20,33
5758,8116,54,15,39
5758,8117,12,0,12
5758,8118,49,28,21
5758,8119,22,10,12
5758,8121,0,0,0
5758,8125,37,15,22
5758,8126,19,0,19
5758,8127,15,0,15
5758,8128,12,0,12
5758,8135,0,0,0
5758,8136,11,0,11
5758,8211,19,0,19
5758,8212,15,0,15
5758,8215,49,13,36
5758,8216,15,0,15
5758,8221,0,0,0
5758,8222,29,0,29
5758,8225,40,40,0
5758,8226,33,23,10
5758,8231,0,0,0
5758,8235,10,10,0
5758,8236,0,0,0
5758,8237,0,0,0
5758,8311,18,0,18
5758,8315,0,0,0
5758,8316,0,0,0
5758,8317,19,0,19
5758,8325,0,0,0
5758,8326,0,0,0
5758,8327,0,0,0
5758,8335,0,0,0
5758,8336,0,0,0
5758,8337,23,0,23
5758,8415,12,12,0
5758,8416,0,0,0
5758,8417,0,0,0
5758,8421,0,0,0
5758,8425,0,0,0
5758,8426,14,0,14
5758,8435,28,28,0
5758,8436,0,0,0
5758,8437,0,0,0
5758,9161,0,0,0
5758,9162,129,44,85
5758,9163,0,0,0
5758,9171,0,0,0
5758,9172,0,0,0
5758,9173,0,0,0
5758,9174,0,0,0
5758,9175,0,0,0
5758,9176,0,0,0
5758,9177,0,0,0
5758,9178,14,0,14
5758,9179,0,0,0
5758,9180,0,0,0
5758,9181,0,0,0
5758,9182,0,0,0
5758,9183,0,0,0
5758,9184,38,0,38
5758,9185,0,0,0
5758,9186,0,0,0
5758,9187,0,0,0
5758,9188,0,0,0
5758,9189,0,0,0
5758,9190,0,0,0
5758,9261,0,0,0
5758,9262,0,0,0
5758,9263,0,0,0
5758,9271,0,0,0
5758,9272,0,0,0
5758,9273,0,0,0
5758,9274,0,0,0
5758,9275,0,0,0
5758,9276,0,0,0
5758,9277,0,0,0
5758,9278,0,0,0
5758,9279,0,0,0
5758,9361,0,0,0
5758,9362,11,0,11
5758,9363,0,0,0
5758,9371,0,0,0
5758,9372,0,0,0
5758,9373,0,0,0
5758,9374,0,0,0
5758,9375,10,0,10
5758,9376,0,0,0
5758,9377,0,0,0
5758,9461,0,0,0
5758,9462,0,0,0
5758,9463,0,0,0
5758,9464,0,0,0
5758,9471,66,0,66
5758,9472,0,0,0
5758,9473,0,0,0
5758,9474,0,0,0
5758,9475,12,0,12
5758,9476,0,0,0
5758,9477,0,0,0
5758,9478,0,0,0
5758,9479,0,0,0
5758,9561,0,0,0
5758,9562,0,0,0
5758,9563,0,0,0
5758,9564,53,13,40
5758,9565,0,0,0
5758,9571,0,0,0
5758,9572,0,0,0
5758,9573,0,0,0
5758,9574,0,0,0
5758,9575,0,0,0
5758,9576,0,0,0
5758,9577,0,0,0
5758,9661,0,0,0
5758,9662,0,0,0
5758,9663,0,0,0
5758,9671,11,11,0
5758,9672,0,0,0
5758,9673,0,0,0
5758,9674,0,0,0
5758,9675,0,0,0
5758,9676,0,0,0
5758,9677,0,0,0
5758,9678,0,0,0
5758,9679,0,0,0
5758,9761,0,0,0
5758,9762,0,0,0
5758,9763,0,0,0
5758,9764,0,0,0
5758,9771,0,0,0
5758,9772,0,0,0
5758,9773,0,0,0
5758,9774,0,0,0
5758,9775,14,0,14
5758,9776,0,0,0
5758,9777,0,0,0
5758,9778,0,0,0
5758,9779,0,0,0
5758,9780,0,0,0
5758,10041,0,0,0
5758,10042,0,0,0
5758,10043,0,0,0
5758,10044,0,0,0
5758,10045,0,0,0
5758,10046,0,0,0
5758,11000,283,85,198
5758,12051,0,0,0
5758,12052,0,0,0
5758,12053,0,0,0
5758,12054,0,0,0
5758,12060,0,0,0
5758,12061,11,11,0
5758,12062,0,0,0
5758,12063,0,0,0
5758,12064,0,0,0
5758,12065,0,0,0
5758,12066,0,0,0
5758,12067,10,10,0
5758,12068,0,0,0
5758,12069,0,0,0
5758,12070,0,0,0
5758,12071,0,0,0
5758,12072,0,0,0
5758,12073,0,0,0
5758,13003,0,0,0
5758,13004,0,0,0
5758,13071,0,0,0
5758,13072,10,10,0
5758,13073,0,0,0
5758,13074,0,0,0
5758,13075,0,0,0
5758,13076,0,0,0
5758,14511,0,0,0
5758,14521,0,0,0
5758,14522,10,10,0
5758,14523,0,0,0
5758,14524,0,0,0
5758,14612,12,0,12
5758,14625,0,0,0
5758,14626,0,0,0
5758,14627,0,0,0
5758,14628,0,0,0
5758,14713,32,22,10
5758,14729,11,11,0
5758,14730,11,11,0
5758,15001,0,0,0
5758,15002,10,0,10
5758,15003,47,13,34
5758,15081,0,0,0
5758,15082,13,13,0
5758,15083,18,18,0
5758,15084,10,10,0
5758,15085,10,10,0
5758,15086,16,16,0
5758,15087,0,0,0
5758,15088,0,0,0
5758,15089,14,14,0
5758,15090,15,15,0
5758,15091,0,0,0
5758,16051,0,0,0
5758,16052,0,0,0
5758,16053,0,0,0
5758,16054,0,0,0
5758,16055,0,0,0
5758,16056,0,0,0
5758,16061,0,0,0
5758,16062,0,0,0
5758,16063,0,0,0
5758,16064,0,0,0
5758,16065,0,0,0
5758,16066,15,15,0
5758,16067,0,0,0
5758,16068,0,0,0
5758,16069,0,0,0
5758,16070,0,0,0
5758,16071,0,0,0
5758,16072,0,0,0
5758,16073,0,0,0
5758,16074,0,0,0
5758,16075,0,0,0
5758,16076,0,0,0
5758,16077,0,0,0
5762,1001,0,0,0
5762,1002,22,0,22
5762,1003,0,0,0
5762,1004,14,0,14
5762,1051,0,0,0
5762,1053,0,0,0
5762,1054,10,0,10
5762,1055,0,0,0
5762,1056,0,0,0
5762,1057,0,0,0
5762,1058,0,0,0
5762,1059,18,0,18
5762,1060,13,0,13
5762,1061,0,0,0
5762,1062,11,0,11
5762,2000,147,13,134
5762,3101,24,0,24
5762,3102,0,0,0
5762,3103,14,0,14
5762,3151,0,0,0
5762,3153,0,0,0
5762,3154,0,0,0
5762,3155,317,177,140
5762,3157,0,0,0
5762,3158,0,0,0
5762,3159,219,63,156
5762,3241,334,120,214
5762,3251,10,10,0
5762,3252,659,184,475
5762,3254,59,28,31
5762,3255,6338,2623,3715
5762,3256,0,0,0
5762,3257,37,17,20
5762,3351,12,12,0
5762,3352,0,0,0
5762,3353,0,0,0
5762,3354,0,0,0
5762,3355,0,0,0
5762,3356,0,0,0
5762,3357,0,0,0
5762,3358,0,0,0
5762,3359,13,0,13
5762,3360,0,0,0
5762,3361,11,0,11
5762,3401,0,0,0
5762,3402,0,0,0
5762,3403,10,0,10
5762,3404,49,0,49
5762,3405,0,0,0
5762,3451,0,0,0
5762,3452,0,0,0
5762,3453,0,0,0
5762,3454,0,0,0
5762,3455,0,0,0
5762,3456,0,0,0
5762,3457,0,0,0
5762,3458,0,0,0
5762,3459,40,12,28
5762,3460,0,0,0
5762,3461,0,0,0
5762,3462,0,0,0
5762,4011,19,0,19
5762,4012,0,0,0
5762,5111,78,0,78
5762,5112,15,0,15
5762,5113,26,0,26
5762,5114,10,0,10
5762,5116,0,0,0
5762,5117,0,0,0
5762,5119,0,0,0
5762,5120,0,0,0
5762,5122,0,0,0
5762,5124,22,0,22
5762,5154,11,0,11
5762,5158,32,0,32
5762,5162,19,0,19
5762,5166,11,0,11
5762,5170,32,21,11
5762,5314,16,0,16
5762,5315,118,22,96
5762,5316,0,0,0
5762,5334,10,10,0
5762,5358,0,0,0
5762,5362,10,0,10
5762,5366,0,0,0
5762,5370,0,0,0
5762,5374,11,0,11
5762,5378,0,0,0
5762,5382,22,0,22
5762,5512,0,0,0
5762,5513,36,19,17
5762,5515,83,18,65
5762,5554,32,10,22
5762,5558,57,14,43
5762,5562,68,29,39
5762,5566,43,17,26
5762,5570,49,12,37
5762,5711,497,85,412
5762,5754,372,79,293
5762,5758,142,38,104
5762,5762,0,0,0
5762,5766,5229,2025,3204
5762,5770,98,35,63
5762,5774,8011,2288,5723
5762,5911,30,0,30
5762,5913,143,31,112
5762,5914,0,0,0
5762,5915,32,15,17
5762,5916,15,15,0
5762,5954,25,12,13
5762,5958,788,257,531
5762,5962,32,11,21
5762,5966,0,0,0
5762,5970,15,0,15
5762,5974,267,85,182
5762,5978,60,31,29
5762,6411,12,0,12
5762,6412,74,0,74
5762,6413,0,0,0
5762,6414,16,0,16
5762,6431,0,0,0
5762,6432,0,0,0
5762,6433,0,0,0
5762,6434,19,0,19
5762,6435,63,0,63
5762,6436,11,0,11
5762,6437,0,0,0
5762,6438,18,0,18
5762,6439,0,0,0
5762,6440,15,0,15
5762,6531,15,0,15
5762,6532,0,0,0
5762,6533,0,0,0
5762,6534,11,0,11
5762,6535,0,0,0
5762,6611,872,193,679
5762,6631,17,0,17
5762,6632,10,0,10
5762,6633,2388,1083,1305
5762,6634,90,35,55
5762,6635,1789,634,1155
5762,6636,24,13,11
5762,7111,0,0,0
5762,7131,0,0,0
5762,7132,0,0,0
5762,7133,0,0,0
5762,7134,0,0,0
5762,7135,0,0,0
5762,7137,0,0,0
5762,7138,0,0,0
5762,7140,21,0,21
5762,7141,0,0,0
5762,7143,0,0,0
5762,7211,0,0,0
5762,7231,0,0,0
5762,7232,0,0,0
5762,7233,0,0,0
5762,7235,0,0,0
5762,7311,0,0,0
5762,7312,0,0,0
5762,7313,0,0,0
5762,7314,0,0,0
5762,7315,0,0,0
5762,7316,0,0,0
5762,7317,0,0,0
5762,7318,0,0,0
5762,7319,0,0,0
5762,7320,0,0,0
5762,7331,0,0,0
5762,7332,0,0,0
5762,7333,0,0,0
5762,7334,0,0,0
5762,7335,0,0,0
5762,7336,0,0,0
5762,7337,0,0,0
5762,7338,0,0,0
5762,7339,0,0,0
5762,7340,0,0,0
5762,8111,23,0,23
5762,8115,13,13,0
5762,8116,0,0,0
5762,8117,0,0,0
5762,8118,16,0,16
5762,8119,0,0,0
5762,8121,0,0,0
5762,8125,0,0,0
5762,8126,19,0,19
5762,8127,0,0,0
5762,8128,0,0,0
5762,8135,0,0,0
5762,8136,0,0,0
5762,8211,0,0,0
5762,8212,0,0,0
5762,8215,0,0,0
5762,8216,0,0,0
5762,8221,17,0,17
5762,8222,28,0,28
5762,8225,0,0,0
5762,8226,12,0,12
5762,8231,0,0,0
5762,8235,0,0,0
5762,8236,11,0,11
5762,8237,0,0,0
5762,8311,0,0,0
5762,8315,0,0,0
5762,8316,0,0,0
5762,8317,10,0,10
5762,8325,0,0,0
5762,8326,0,0,0
5762,8327,0,0,0
5762,8335,0,0,0
5762,8336,0,0,0
5762,8337,0,0,0
5762,8415,0,0,0
5762,8416,0,0,0
5762,8417,0,0,0
5762,8421,0,0,0
5762,8425,0,0,0
5762,8426,0,0,0
5762,8435,0,0,0
5762,8436,0,0,0
5762,8437,0,0,0
5762,9161,0,0,0
5762,9162,48,11,37
5762,9163,0,0,0
5762,9171,0,0,0
5762,9172,0,0,0
5762,9173,0,0,0
5762,9174,0,0,0
5762,9175,0,0,0
5762,9176,0,0,0
5762,9177,0,0,0
5762,9178,10,0,10
5762,9179,0,0,0
5762,9180,0,0,0
5762,9181,0,0,0
5762,9182,0,0,0
5762,9183,0,0,0
5762,9184,41,0,41
5762,9185,0,0,0
5762,9186,0,0,0
5762,9187,0,0,0
5762,9188,0,0,0
5762,9189,0,0,0
5762,9190,0,0,0
5762,9261,0,0,0
5762,9262,0,0,0
5762,9263,0,0,0
5762,9271,0,0,0
5762,9272,0,0,0
5762,9273,0,0,0
5762,9274,0,0,0
5762,9275,0,0,0
5762,9276,0,0,0
5762,9277,0,0,0
5762,9278,0,0,0
5762,9279,0,0,0
5762,9361,0,0,0
5762,9362,0,0,0
5762,9363,0,0,0
5762,9371,0,0,0
5762,9372,0,0,0
5762,9373,0,0,0
5762,9374,0,0,0
5762,9375,0,0,0
5762,9376,0,0,0
5762,9377,0,0,0
5762,9461,0,0,0
5762,9462,0,0,0
5762,9463,0,0,0
5762,9464,0,0,0
5762,9471,0,0,0
5762,9472,0,0,0
5762,9473,0,0,0
5762,9474,0,0,0
5762,9475,0,0,0
5762,9476,0,0,0
5762,9477,0,0,0
5762,9478,0,0,0
5762,9479,0,0,0
5762,9561,0,0,0
5762,9562,0,0,0
5762,9563,0,0,0
5762,9564,0,0,0
5762,9565,0,0,0
5762,9571,0,0,0
5762,9572,0,0,0
5762,9573,0,0,0
5762,9574,0,0,0
5762,9575,0,0,0
5762,9576,0,0,0
5762,9577,16,0,16
5762,9661,0,0,0
5762,9662,0,0,0
5762,9663,0,0,0
5762,9671,0,0,0
5762,9672,0,0,0
5762,9673,0,0,0
5762,9674,0,0,0
5762,9675,0,0,0
5762,9676,0,0,0
5762,9677,0,0,0
5762,9678,0,0,0
5762,9679,0,0,0
5762,9761,0,0,0
5762,9762,0,0,0
5762,9763,0,0,0
5762,9764,0,0,0
5762,9771,0,0,0
5762,9772,0,0,0
5762,9773,0,0,0
5762,9774,0,0,0
5762,9775,0,0,0
5762,9776,0,0,0
5762,9777,0,0,0
5762,9778,0,0,0
5762,9779,0,0,0
5762,9780,0,0,0
5762,10041,0,0,0
5762,10042,0,0,0
5762,10043,0,0,0
5762,10044,0,0,0
5762,10045,0,0,0
5762,10046,0,0,0
5762,11000,143,37,106
5762,12051,0,0,0
5762,12052,0,0,0
5762,12053,0,0,0
5762,12054,0,0,0
5762,12060,0,0,0
5762,12061,0,0,0
5762,12062,0,0,0
5762,12063,0,0,0
5762,12064,0,0,0
5762,12065,0,0,0
5762,12066,0,0,0
5762,12067,0,0,0
5762,12068,0,0,0
5762,12069,0,0,0
5762,12070,0,0,0
5762,12071,0,0,0
5762,12072,0,0,0
5762,12073,0,0,0
5762,13003,0,0,0
5762,13004,0,0,0
5762,13071,0,0,0
5762,13072,0,0,0
5762,13073,0,0,0
5762,13074,0,0,0
5762,13075,0,0,0
5762,13076,0,0,0
5762,14511,0,0,0
5762,14521,63,0,63
5762,14522,0,0,0
5762,14523,0,0,0
5762,14524,0,0,0
5762,14612,0,0,0
5762,14625,0,0,0
5762,14626,0,0,0
5762,14627,0,0,0
5762,14628,0,0,0
5762,14713,23,12,11
5762,14729,0,0,0
5762,14730,14,0,14
5762,15001,0,0,0
5762,15002,13,13,0
5762,15003,0,0,0
5762,15081,0,0,0
5762,15082,0,0,0
5762,15083,0,0,0
5762,15084,0,0,0
5762,15085,19,19,0
5762,15086,0,0,0
5762,15087,0,0,0
5762,15088,0,0,0
5762,15089,0,0,0
5762,15090,0,0,0
5762,15091,0,0,0
5762,16051,0,0,0
5762,16052,0,0,0
5762,16053,0,0,0
5762,16054,0,0,0
5762,16055,0,0,0
5762,16056,0,0,0
5762,16061,0,0,0
5762,16062,0,0,0
5762,16063,0,0,0
5762,16064,0,0,0
5762,16065,0,0,0
5762,16066,0,0,0
5762,16067,0,0,0
5762,16068,0,0,0
5762,16069,0,0,0
5762,16070,0,0,0
5762,16071,0,0,0
5762,16072,0,0,0
5762,16073,0,0,0
5762,16074,0,0,0
5762,16075,0,0,0
5762,16076,0,0,0
5762,16077,0,0,0
5766,1001,0,0,0
5766,1002,61,10,51
5766,1003,13,0,13
5766,1004,0,0,0
5766,1051,0,0,0
5766,1053,10,10,0
5766,1054,16,0,16
5766,1055,20,20,0
5766,1056,47,26,21
5766,1057,0,0,0
5766,1058,14,0,14
5766,1059,19,0,19
5766,1060,30,16,14
5766,1061,0,0,0
5766,1062,28,11,17
5766,2000,387,108,279
5766,3101,89,21,68
5766,3102,0,0,0
5766,3103,48,11,37
5766,3151,11,11,0
5766,3153,60,24,36
5766,3154,13,13,0
5766,3155,55,24,31
5766,3157,24,10,14
5766,3158,0,0,0
5766,3159,68,27,41
5766,3241,880,235,645
5766,3251,68,28,40
5766,3252,5762,2210,3552
5766,3254,107,72,35
5766,3255,514,241,273
5766,3256,77,33,44
5766,3257,2168,828,1340
5766,3351,15,0,15
5766,3352,0,0,0
5766,3353,37,21,16
5766,3354,0,0,0
5766,3355,12,0,12
5766,3356,0,0,0
5766,3357,11,0,11
5766,3358,29,14,15
5766,3359,10,0,10
5766,3360,0,0,0
5766,3361,28,10,18
5766,3401,0,0,0
5766,3402,0,0,0
5766,3403,34,11,23
5766,3404,277,116,161
5766,3405,0,0,0
5766,3451,12,12,0
5766,3452,49,18,31
5766,3453,28,0,28
5766,3454,69,25,44
5766,3455,10,0,10
5766,3456,29,13,16
5766,3457,26,10,16
5766,3458,11,0,11
5766,3459,436,209,227
5766,3460,57,33,24
5766,3461,0,0,0
5766,3462,0,0,0
5766,4011,73,21,52
5766,4012,0,0,0
5766,5111,336,59,277
5766,5112,75,27,48
5766,5113,155,54,101
5766,5114,33,10,23
5766,5116,57,19,38
5766,5117,15,15,0
5766,5119,55,14,41
5766,5120,20,10,10
5766,5122,25,13,12
5766,5124,42,21,21
5766,5154,50,27,23
5766,5158,136,48,88
5766,5162,76,34,42
5766,5166,34,15,19
5766,5170,58,26,32
5766,5314,64,15,49
5766,5315,295,61,234
5766,5316,14,0,14
5766,5334,53,24,29
5766,5358,22,0,22
5766,5362,48,20,28
5766,5366,22,10,12
5766,5370,22,0,22
5766,5374,84,22,62
5766,5378,34,23,11
5766,5382,97,44,53
5766,5512,0,0,0
5766,5513,77,12,65
5766,5515,320,66,254
5766,5554,134,103,31
5766,5558,61,38,23
5766,5562,74,40,34
5766,5566,154,81,73
5766,5570,276,130,146
5766,5711,19773,5457,14316
5766,5754,6562,1834,4728
5766,5758,11281,4241,7040
5766,5762,5229,3204,2025
5766,5766,0,0,0
5766,5770,3512,1404,2108
5766,5774,7871,3004,4867
5766,5911,56,24,32
5766,5913,275,72,203
5766,5914,35,18,17
5766,5915,84,35,49
5766,5916,22,10,12
5766,5954,65,24,41
5766,5958,188,75,113
5766,5962,80,42,38
5766,5966,0,0,0
5766,5970,52,13,39
5766,5974,459,209,250
5766,5978,194,66,128
5766,6411,40,18,22
5766,6412,153,30,123
5766,6413,0,0,0
5766,6414,39,16,23
5766,6431,31,19,12
5766,6432,35,35,0
5766,6433,11,11,0
5766,6434,61,13,48
5766,6435,51,22,29
5766,6436,38,13,25
5766,6437,0,0,0
5766,6438,43,12,31
5766,6439,11,0,11
5766,6440,31,16,15
5766,6531,31,16,15
5766,6532,39,17,22
5766,6533,0,0,0
5766,6534,27,17,10
5766,6535,0,0,0
5766,6611,76,35,41
5766,6631,32,12,20
5766,6632,10,0,10
5766,6633,77,39,38
5766,6634,32,19,13
5766,6635,69,40,29
5766,6636,0,0,0
5766,7111,0,0,0
5766,7131,0,0,0
5766,7132,0,0,0
5766,7133,10,0,10
5766,7134,0,0,0
5766,7135,0,0,0
5766,7137,10,10,0
5766,7138,25,12,13
5766,7140,40,0,40
5766,7141,0,0,0
5766,7143,32,0,32
5766,7211,0,0,0
5766,7231,0,0,0
5766,7232,0,0,0
5766,7233,0,0,0
5766,7235,0,0,0
5766,7311,0,0,0
5766,7312,0,0,0
5766,7313,0,0,0
5766,7314,0,0,0
5766,7315,13,0,13
5766,7316,0,0,0
5766,7317,0,0,0
5766,7318,0,0,0
5766,7319,0,0,0
5766,7320,0,0,0
5766,7331,0,0,0
5766,7332,0,0,0
5766,7333,0,0,0
5766,7334,0,0,0
5766,7335,0,0,0
5766,7336,0,0,0
5766,7337,0,0,0
5766,7338,0,0,0
5766,7339,13,0,13
5766,7340,0,0,0
5766,8111,100,20,80
5766,8115,37,18,19
5766,8116,66,22,44
5766,8117,11,0,11
5766,8118,45,23,22
5766,8119,26,12,14
5766,8121,10,0,10
5766,8125,30,12,18
5766,8126,26,0,26
5766,8127,0,0,0
5766,8128,11,0,11
5766,8135,0,0,0
5766,8136,15,0,15
5766,8211,39,0,39
5766,8212,45,11,34
5766,8215,45,16,29
5766,8216,0,0,0
5766,8221,0,0,0
5766,8222,31,0,31
5766,8225,0,0,0
5766,8226,54,17,37
5766,8231,0,0,0
5766,8235,10,0,10
5766,8236,0,0,0
5766,8237,12,0,12
5766,8311,12,0,12
5766,8315,22,10,12
5766,8316,0,0,0
5766,8317,20,0,20
5766,8325,32,32,0
5766,8326,0,0,0
5766,8327,0,0,0
5766,8335,0,0,0
5766,8336,10,0,10
5766,8337,0,0,0
5766,8415,0,0,0
5766,8416,10,10,0
5766,8417,0,0,0
5766,8421,10,0,10
5766,8425,0,0,0
5766,8426,0,0,0
5766,8435,14,0,14
5766,8436,12,0,12
5766,8437,0,0,0
5766,9161,0,0,0
5766,9162,196,49,147
5766,9163,0,0,0
5766,9171,0,0,0
5766,9172,0,0,0
5766,9173,0,0,0
5766,9174,0,0,0
5766,9175,0,0,0
5766,9176,0,0,0
5766,9177,0,0,0
5766,9178,36,0,36
5766,9179,0,0,0
5766,9180,0,0,0
5766,9181,0,0,0
5766,9182,0,0,0
5766,9183,0,0,0
5766,9184,67,10,57
5766,9185,0,0,0
5766,9186,0,0,0
5766,9187,10,10,0
5766,9188,0,0,0
5766,9189,0,0,0
5766,9190,0,0,0
5766,9261,0,0,0
5766,9262,0,0,0
5766,9263,0,0,0
5766,9271,0,0,0
5766,9272,0,0,0
5766,9273,0,0,0
5766,9274,0,0,0
5766,9275,0,0,0
5766,9276,0,0,0
5766,9277,0,0,0
5766,9278,0,0,0
5766,9279,0,0,0
5766,9361,0,0,0
5766,9362,0,0,0
5766,9363,0,0,0
5766,9371,0,0,0
5766,9372,0,0,0
5766,9373,0,0,0
5766,9374,0,0,0
5766,9375,0,0,0
5766,9376,0,0,0
5766,9377,0,0,0
5766,9461,0,0,0
5766,9462,0,0,0
5766,9463,0,0,0
5766,9464,0,0,0
5766,9471,0,0,0
5766,9472,0,0,0
5766,9473,0,0,0
5766,9474,0,0,0
5766,9475,11,0,11
5766,9476,0,0,0
5766,9477,0,0,0
5766,9478,0,0,0
5766,9479,0,0,0
5766,9561,0,0,0
5766,9562,0,0,0
5766,9563,0,0,0
5766,9564,48,11,37
5766,9565,0,0,0
5766,9571,0,0,0
5766,9572,0,0,0
5766,9573,0,0,0
5766,9574,0,0,0
5766,9575,0,0,0
5766,9576,0,0,0
5766,9577,0,0,0
5766,9661,0,0,0
5766,9662,0,0,0
5766,9663,15,0,15
5766,9671,0,0,0
5766,9672,0,0,0
5766,9673,0,0,0
5766,9674,0,0,0
5766,9675,0,0,0
5766,9676,11,0,11
5766,9677,0,0,0
5766,9678,0,0,0
5766,9679,15,0,15
5766,9761,22,12,10
5766,9762,0,0,0
5766,9763,0,0,0
5766,9764,0,0,0
5766,9771,0,0,0
5766,9772,0,0,0
5766,9773,0,0,0
5766,9774,0,0,0
5766,9775,11,0,11
5766,9776,0,0,0
5766,9777,23,0,23
5766,9778,0,0,0
5766,9779,0,0,0
5766,9780,0,0,0
5766,10041,0,0,0
5766,10042,0,0,0
5766,10043,0,0,0
5766,10044,0,0,0
5766,10045,0,0,0
5766,10046,0,0,0
5766,11000,504,178,326
5766,12051,0,0,0
5766,12052,0,0,0
5766,12053,0,0,0
5766,12054,64,10,54
5766,12060,0,0,0
5766,12061,0,0,0
5766,12062,0,0,0
5766,12063,10,10,0
5766,12064,0,0,0
5766,12065,14,14,0
5766,12066,0,0,0
5766,12067,12,12,0
5766,12068,0,0,0
5766,12069,32,14,18
5766,12070,21,21,0
5766,12071,0,0,0
5766,12072,24,10,14
5766,12073,0,0,0
5766,13003,0,0,0
5766,13004,0,0,0
5766,13071,21,10,11
5766,13072,0,0,0
5766,13073,0,0,0
5766,13074,0,0,0
5766,13075,23,23,0
5766,13076,0,0,0
5766,14511,0,0,0
5766,14521,0,0,0
5766,14522,0,0,0
5766,14523,10,0,10
5766,14524,0,0,0
5766,14612,19,19,0
5766,14625,0,0,0
5766,14626,0,0,0
5766,14627,0,0,0
5766,14628,0,0,0
5766,14713,32,18,14
5766,14729,0,0,0
5766,14730,0,0,0
5766,15001,0,0,0
5766,15002,23,13,10
5766,15003,35,22,13
5766,15081,0,0,0
5766,15082,0,0,0
5766,15083,30,30,0
5766,15084,31,15,16
5766,15085,26,14,12
5766,15086,11,11,0
5766,15087,10,10,0
5766,15088,0,0,0
5766,15089,16,16,0
5766,15090,0,0,0
5766,15091,12,12,0
5766,16051,14,0,14
5766,16052,14,14,0
5766,16053,0,0,0
5766,16054,0,0,0
5766,16055,0,0,0
5766,16056,0,0,0
5766,16061,0,0,0
5766,16062,0,0,0
5766,16063,0,0,0
5766,16064,10,10,0
5766,16065,0,0,0
5766,16066,0,0,0
5766,16067,0,0,0
5766,16068,0,0,0
5766,16069,0,0,0
5766,16070,0,0,0
5766,16071,0,0,0
5766,16072,0,0,0
5766,16073,0,0,0
5766,16074,0,0,0
5766,16075,0,0,0
5766,16076,0,0,0
5766,16077,0,0,0
5770,1001,0,0,0
5770,1002,29,14,15
5770,1003,32,0,32
5770,1004,0,0,0
5770,1051,0,0,0
5770,1053,10,10,0
5770,1054,0,0,0
5770,1055,18,18,0
5770,1056,47,30,17
5770,1057,0,0,0
5770,1058,23,23,0
5770,1059,0,0,0
5770,1060,45,22,23
5770,1061,0,0,0
5770,1062,56,19,37
5770,2000,430,118,312
5770,3101,168,56,112
5770,3102,24,10,14
5770,3103,59,14,45
5770,3151,44,32,12
5770,3153,21,21,0
5770,3154,0,0,0
5770,3155,23,12,11
5770,3157,54,37,17
5770,3158,18,18,0
5770,3159,52,25,27
5770,3241,2265,792,1473
5770,3251,3680,1981,1699
5770,3252,817,483,334
5770,3254,144,88,56
5770,3255,61,27,34
5770,3256,4672,3145,1527
5770,3257,9182,5438,3744
5770,3351,74,58,16
5770,3352,23,23,0
5770,3353,44,24,20
5770,3354,10,10,0
5770,3355,12,12,0
5770,3356,14,14,0
5770,3357,27,27,0
5770,3358,49,34,15
5770,3359,48,30,18
5770,3360,0,0,0
5770,3361,55,22,33
5770,3401,15,15,0
5770,3402,0,0,0
5770,3403,93,50,43
5770,3404,1146,598,548
5770,3405,0,0,0
5770,3451,49,37,12
5770,3452,39,20,19
5770,3453,80,42,38
5770,3454,194,122,72
5770,3455,24,14,10
5770,3456,46,46,0
5770,3457,55,35,20
5770,3458,66,49,17
5770,3459,4538,2375,2163
5770,3460,774,432,342
5770,3461,26,26,0
5770,3462,0,0,0
5770,4011,225,79,146
5770,4012,10,0,10
5770,5111,268,60,208
5770,5112,86,34,52
5770,5113,145,52,93
5770,5114,317,0,317
5770,5116,50,23,27
5770,5117,36,20,16
5770,5119,23,13,10
5770,5120,0,0,0
5770,5122,21,11,10
5770,5124,82,20,62
5770,5154,51,35,16
5770,5158,91,38,53
5770,5162,76,35,41
5770,5166,50,37,13
5770,5170,63,38,25
5770,5314,34,11,23
5770,5315,219,68,151
5770,5316,0,0,0
5770,5334,55,28,27
5770,5358,0,0,0
5770,5362,52,25,27
5770,5366,0,0,0
5770,5370,45,45,0
5770,5374,60,24,36
5770,5378,42,27,15
5770,5382,70,42,28
5770,5512,10,10,0
5770,5513,200,40,160
5770,5515,489,84,405
5770,5554,307,274,33
5770,5558,73,53,20
5770,5562,174,125,49
5770,5566,584,262,322
5770,5570,178,95,83
5770,5711,4605,1515,3090
5770,5754,1339,511,828
5770,5758,24528,12690,11838
5770,5762,98,63,35
5770,5766,3512,2108,1404
5770,5770,0,0,0
5770,5774,441,229,212
5770,5911,86,55,31
5770,5913,245,82,163
5770,5914,30,19,11
5770,5915,103,84,19
5770,5916,84,57,27
5770,5954,74,40,34
5770,5958,67,36,31
5770,5962,260,212,48
5770,5966,13,0,13
5770,5970,16,0,16
5770,5974,141,86,55
5770,5978,206,84,122
5770,6411,11,0,11
5770,6412,140,30,110
5770,6413,0,0,0
5770,6414,58,13,45
5770,6431,10,0,10
5770,6432,0,0,0
5770,6433,15,15,0
5770,6434,29,0,29
5770,6435,33,18,15
5770,6436,36,12,24
5770,6437,26,0,26
5770,6438,112,17,95
5770,6439,0,0,0
5770,6440,14,14,0
5770,6531,24,14,10
5770,6532,10,0,10
5770,6533,23,23,0
5770,6534,0,0,0
5770,6535,0,0,0
5770,6611,34,17,17
5770,6631,34,20,14
5770,6632,16,16,0
5770,6633,30,30,0
5770,6634,0,0,0
5770,6635,12,0,12
5770,6636,14,14,0
5770,7111,0,0,0
5770,7131,0,0,0
5770,7132,0,0,0
5770,7133,0,0,0
5770,7134,0,0,0
5770,7135,0,0,0
5770,7137,27,27,0
5770,7138,25,15,10
5770,7140,0,0,0
5770,7141,0,0,0
5770,7143,102,17,85
5770,7211,0,0,0
5770,7231,0,0,0
5770,7232,0,0,0
5770,7233,0,0,0
5770,7235,0,0,0
5770,7311,0,0,0
5770,7312,0,0,0
5770,7313,0,0,0
5770,7314,16,0,16
5770,7315,0,0,0
5770,7316,0,0,0
5770,7317,0,0,0
5770,7318,0,0,0
5770,7319,0,0,0
5770,7320,0,0,0
5770,7331,0,0,0
5770,7332,0,0,0
5770,7333,0,0,0
5770,7334,0,0,0
5770,7335,0,0,0
5770,7336,0,0,0
5770,7337,0,0,0
5770,7338,0,0,0
5770,7339,24,11,13
5770,7340,0,0,0
5770,8111,68,23,45
5770,8115,13,0,13
5770,8116,48,20,28
5770,8117,14,14,0
5770,8118,34,10,24
5770,8119,15,15,0
5770,8121,0,0,0
5770,8125,31,14,17
5770,8126,39,0,39
5770,8127,0,0,0
5770,8128,0,0,0
5770,8135,0,0,0
5770,8136,0,0,0
5770,8211,0,0,0
5770,8212,0,0,0
5770,8215,52,28,24
5770,8216,15,0,15
5770,8221,0,0,0
5770,8222,35,12,23
5770,8225,0,0,0
5770,8226,45,16,29
5770,8231,0,0,0
5770,8235,0,0,0
5770,8236,0,0,0
5770,8237,0,0,0
5770,8311,0,0,0
5770,8315,0,0,0
5770,8316,0,0,0
5770,8317,47,11,36
5770,8325,21,0,21
5770,8326,0,0,0
5770,8327,21,0,21
5770,8335,21,0,21
5770,8336,13,13,0
5770,8337,10,0,10
5770,8415,11,0,11
5770,8416,0,0,0
5770,8417,0,0,0
5770,8421,16,0,16
5770,8425,0,0,0
5770,8426,0,0,0
5770,8435,0,0,0
5770,8436,0,0,0
5770,8437,0,0,0
5770,9161,0,0,0
5770,9162,149,37,112
5770,9163,0,0,0
5770,9171,0,0,0
5770,9172,0,0,0
5770,9173,0,0,0
5770,9174,0,0,0
5770,9175,0,0,0
5770,9176,0,0,0
5770,9177,0,0,0
5770,9178,19,0,19
5770,9179,0,0,0
5770,9180,0,0,0
5770,9181,0,0,0
5770,9182,0,0,0
5770,9183,0,0,0
5770,9184,70,0,70
5770,9185,0,0,0
5770,9186,0,0,0
5770,9187,0,0,0
5770,9188,0,0,0
5770,9189,0,0,0
5770,9190,0,0,0
5770,9261,0,0,0
5770,9262,0,0,0
5770,9263,0,0,0
5770,9271,0,0,0
5770,9272,0,0,0
5770,9273,0,0,0
5770,9274,0,0,0
5770,9275,0,0,0
5770,9276,0,0,0
5770,9277,0,0,0
5770,9278,0,0,0
5770,9279,0,0,0
5770,9361,0,0,0
5770,9362,10,0,10
5770,9363,0,0,0
5770,9371,0,0,0
5770,9372,0,0,0
5770,9373,0,0,0
5770,9374,0,0,0
5770,9375,0,0,0
5770,9376,0,0,0
5770,9377,0,0,0
5770,9461,0,0,0
5770,9462,0,0,0
5770,9463,0,0,0
5770,9464,0,0,0
5770,9471,34,0,34
5770,9472,0,0,0
5770,9473,0,0,0
5770,9474,0,0,0
5770,9475,29,0,29
5770,9476,0,0,0
5770,9477,0,0,0
5770,9478,0,0,0
5770,9479,0,0,0
5770,9561,0,0,0
5770,9562,10,0,10
5770,9563,0,0,0
5770,9564,58,23,35
5770,9565,0,0,0
5770,9571,0,0,0
5770,9572,0,0,0
5770,9573,0,0,0
5770,9574,0,0,0
5770,9575,0,0,0
5770,9576,0,0,0
5770,9577,0,0,0
5770,9661,0,0,0
5770,9662,0,0,0
5770,9663,0,0,0
5770,9671,30,20,10
5770,9672,0,0,0
5770,9673,0,0,0
5770,9674,0,0,0
5770,9675,0,0,0
5770,9676,0,0,0
5770,9677,0,0,0
5770,9678,0,0,0
5770,9679,0,0,0
5770,9761,11,11,0
5770,9762,0,0,0
5770,9763,0,0,0
5770,9764,0,0,0
5770,9771,0,0,0
5770,9772,15,15,0
5770,9773,0,0,0
5770,9774,0,0,0
5770,9775,14,0,14
5770,9776,0,0,0
5770,9777,10,10,0
5770,9778,0,0,0
5770,9779,0,0,0
5770,9780,0,0,0
5770,10041,11,0,11
5770,10042,0,0,0
5770,10043,0,0,0
5770,10044,0,0,0
5770,10045,0,0,0
5770,10046,0,0,0
5770,11000,416,159,257
5770,12051,0,0,0
5770,12052,0,0,0
5770,12053,0,0,0
5770,12054,11,11,0
5770,12060,0,0,0
5770,12061,12,12,0
5770,12062,13,13,0
5770,12063,15,15,0
5770,12064,0,0,0
5770,12065,18,18,0
5770,12066,0,0,0
5770,12067,0,0,0
5770,12068,0,0,0
5770,12069,64,52,12
5770,12070,0,0,0
5770,12071,0,0,0
5770,12072,15,15,0
5770,12073,18,18,0
5770,13003,11,11,0
5770,13004,0,0,0
5770,13071,18,18,0
5770,13072,0,0,0
5770,13073,10,0,10
5770,13074,0,0,0
5770,13075,21,21,0
5770,13076,21,21,0
5770,14511,11,0,11
5770,14521,0,0,0
5770,14522,14,14,0
5770,14523,0,0,0
5770,14524,0,0,0
5770,14612,18,18,0
5770,14625,0,0,0
5770,14626,12,12,0
5770,14627,10,10,0
5770,14628,0,0,0
5770,14713,71,52,19
5770,14729,15,15,0
5770,14730,23,23,0
5770,15001,15,15,0
5770,15002,39,39,0
5770,15003,56,31,25
5770,15081,0,0,0
5770,15082,33,33,0
5770,15083,26,26,0
5770,15084,19,19,0
5770,15085,36,36,0
5770,15086,16,16,0
5770,15087,48,32,16
5770,15088,60,60,0
5770,15089,36,36,0
5770,15090,33,33,0
5770,15091,25,25,0
5770,16051,10,0,10
5770,16052,0,0,0
5770,16053,0,0,0
5770,16054,0,0,0
5770,16055,10,10,0
5770,16056,0,0,0
5770,16061,0,0,0
5770,16062,10,10,0
5770,16063,13,13,0
5770,16064,0,0,0
5770,16065,17,17,0
5770,16066,19,19,0
5770,16067,0,0,0
5770,16068,13,13,0
5770,16069,0,0,0
5770,16070,0,0,0
5770,16071,0,0,0
5770,16072,0,0,0
5770,16073,0,0,0
5770,16074,0,0,0
5770,16075,0,0,0
5770,16076,0,0,0
5770,16077,0,0,0
5774,1001,0,0,0
5774,1002,136,0,136
5774,1003,11,11,0
5774,1004,0,0,0
5774,1051,0,0,0
5774,1053,13,13,0
5774,1054,18,0,18
5774,1055,14,0,14
5774,1056,30,15,15
5774,1057,0,0,0
5774,1058,20,10,10
5774,1059,13,0,13
5774,1060,33,16,17
5774,1061,0,0,0
5774,1062,21,0,21
5774,2000,358,125,233
5774,3101,48,16,32
5774,3102,10,10,0
5774,3103,26,0,26
5774,3151,0,0,0
5774,3153,16,16,0
5774,3154,0,0,0
5774,3155,16,16,0
5774,3157,0,0,0
5774,3158,0,0,0
5774,3159,112,62,50
5774,3241,428,169,259
5774,3251,53,15,38
5774,3252,279,149,130
5774,3254,55,35,20
5774,3255,168,109,59
5774,3256,10,0,10
5774,3257,87,59,28
5774,3351,66,18,48
5774,3352,0,0,0
5774,3353,32,19,13
5774,3354,0,0,0
5774,3355,10,10,0
5774,3356,19,0,19
5774,3357,0,0,0
5774,3358,10,10,0
5774,3359,0,0,0
5774,3360,0,0,0
5774,3361,0,0,0
5774,3401,0,0,0
5774,3402,0,0,0
5774,3403,13,0,13
5774,3404,142,42,100
5774,3405,0,0,0
5774,3451,0,0,0
5774,3452,0,0,0
5774,3453,45,11,34
5774,3454,58,28,30
5774,3455,0,0,0
5774,3456,32,16,16
5774,3457,47,12,35
5774,3458,0,0,0
5774,3459,198,120,78
5774,3460,35,0,35
5774,3461,0,0,0
5774,3462,0,0,0
5774,4011,94,32,62
5774,4012,0,0,0
5774,5111,514,73,441
5774,5112,87,35,52
5774,5113,246,61,185
5774,5114,100,73,27
5774,5116,91,30,61
5774,5117,25,0,25
5774,5119,108,22,86
5774,5120,12,0,12
5774,5122,10,0,10
5774,5124,61,24,37
5774,5154,66,43,23
5774,5158,136,42,94
5774,5162,56,32,24
5774,5166,62,29,33
5774,5170,128,36,92
5774,5314,85,28,57
5774,5315,365,97,268
5774,5316,15,0,15
5774,5334,79,44,35
5774,5358,102,10,92
5774,5362,82,27,55
5774,5366,0,0,0
5774,5370,13,13,0
5774,5374,77,21,56
5774,5378,59,44,15
5774,5382,81,40,41
5774,5512,12,12,0
5774,5513,58,25,33
5774,5515,479,109,370
5774,5554,99,45,54
5774,5558,111,58,53
5774,5562,125,75,50
5774,5566,162,103,59
5774,5570,780,421,359
5774,5711,5524,1639,3885
5774,5754,11178,3312,7866
5774,5758,855,437,418
5774,5762,8011,5723,2288
5774,5766,7871,4867,3004
5774,5770,441,212,229
5774,5774,0,0,0
5774,5911,128,83,45
5774,5913,627,275,352
5774,5914,91,56,35
5774,5915,262,130,132
5774,5916,30,30,0
5774,5954,123,83,40
5774,5958,3288,1683,1605
5774,5962,166,102,64
5774,5966,94,69,25
5774,5970,133,99,34
5774,5974,10691,4978,5713
5774,5978,341,188,153
5774,6411,14,0,14
5774,6412,186,28,158
5774,6413,0,0,0
5774,6414,75,25,50
5774,6431,0,0,0
5774,6432,13,13,0
5774,6433,28,14,14
5774,6434,34,0,34
5774,6435,146,16,130
5774,6436,61,0,61
5774,6437,0,0,0
5774,6438,55,23,32
5774,6439,36,26,10
5774,6440,35,18,17
5774,6531,39,16,23
5774,6532,26,13,13
5774,6533,0,0,0
5774,6534,45,17,28
5774,6535,32,32,0
5774,6611,263,128,135
5774,6631,86,72,14
5774,6632,17,17,0
5774,6633,327,220,107
5774,6634,118,95,23
5774,6635,539,340,199
5774,6636,21,21,0
5774,7111,11,0,11
5774,7131,0,0,0
5774,7132,0,0,0
5774,7133,0,0,0
5774,7134,0,0,0
5774,7135,0,0,0
5774,7137,17,0,17
5774,7138,0,0,0
5774,7140,0,0,0
5774,7141,0,0,0
5774,7143,10,0,10
5774,7211,0,0,0
5774,7231,0,0,0
5774,7232,0,0,0
5774,7233,0,0,0
5774,7235,0,0,0
5774,7311,0,0,0
5774,7312,0,0,0
5774,7313,0,0,0
5774,7314,0,0,0
5774,7315,28,13,15
5774,7316,0,0,0
5774,7317,0,0,0
5774,7318,31,0,31
5774,7319,0,0,0
5774,7320,0,0,0
5774,7331,0,0,0
5774,7332,0,0,0
5774,7333,0,0,0
5774,7334,0,0,0
5774,7335,0,0,0
5774,7336,0,0,0
5774,7337,0,0,0
5774,7338,0,0,0
5774,7339,0,0,0
5774,7340,0,0,0
5774,8111,82,20,62
5774,8115,34,0,34
5774,8116,33,0,33
5774,8117,0,0,0
5774,8118,44,13,31
5774,8119,25,0,25
5774,8121,0,0,0
5774,8125,18,0,18
5774,8126,32,0,32
5774,8127,0,0,0
5774,8128,0,0,0
5774,8135,0,0,0
5774,8136,0,0,0
5774,8211,0,0,0
5774,8212,55,10,45
5774,8215,35,13,22
5774,8216,0,0,0
5774,8221,11,0,11
5774,8222,26,0,26
5774,8225,0,0,0
5774,8226,30,0,30
5774,8231,0,0,0
5774,8235,0,0,0
5774,8236,0,0,0
5774,8237,0,0,0
5774,8311,10,0,10
5774,8315,0,0,0
5774,8316,0,0,0
5774,8317,0,0,0
5774,8325,0,0,0
5774,8326,12,0,12
5774,8327,0,0,0
5774,8335,10,0,10
5774,8336,11,0,11
5774,8337,0,0,0
5774,8415,10,0,10
5774,8416,0,0,0
5774,8417,0,0,0
5774,8421,19,0,19
5774,8425,0,0,0
5774,8426,0,0,0
5774,8435,0,0,0
5774,8436,12,0,12
5774,8437,11,0,11
5774,9161,16,0,16
5774,9162,272,76,196
5774,9163,0,0,0
5774,9171,0,0,0
5774,9172,0,0,0
5774,9173,0,0,0
5774,9174,17,17,0
5774,9175,0,0,0
5774,9176,0,0,0
5774,9177,0,0,0
5774,9178,36,0,36
5774,9179,10,0,10
5774,9180,0,0,0
5774,9181,0,0,0
5774,9182,0,0,0
5774,9183,0,0,0
5774,9184,96,12,84
5774,9185,0,0,0
5774,9186,11,0,11
5774,9187,19,19,0
5774,9188,0,0,0
5774,9189,0,0,0
5774,9190,0,0,0
5774,9261,0,0,0
5774,9262,0,0,0
5774,9263,0,0,0
5774,9271,0,0,0
5774,9272,0,0,0
5774,9273,0,0,0
5774,9274,0,0,0
5774,9275,0,0,0
5774,9276,0,0,0
5774,9277,0,0,0
5774,9278,0,0,0
5774,9279,0,0,0
5774,9361,0,0,0
5774,9362,0,0,0
5774,9363,0,0,0
5774,9371,0,0,0
5774,9372,0,0,0
5774,9373,11,0,11
5774,9374,0,0,0
5774,9375,0,0,0
5774,9376,0,0,0
5774,9377,0,0,0
5774,9461,0,0,0
5774,9462,0,0,0
5774,9463,0,0,0
5774,9464,0,0,0
5774,9471,0,0,0
5774,9472,0,0,0
5774,9473,0,0,0
5774,9474,0,0,0
5774,9475,0,0,0
5774,9476,0,0,0
5774,9477,0,0,0
5774,9478,0,0,0
5774,9479,0,0,0
5774,9561,0,0,0
5774,9562,13,0,13
5774,9563,0,0,0
5774,9564,54,12,42
5774,9565,0,0,0
5774,9571,0,0,0
5774,9572,0,0,0
5774,9573,0,0,0
5774,9574,0,0,0
5774,9575,0,0,0
5774,9576,0,0,0
5774,9577,0,0,0
5774,9661,0,0,0
5774,9662,0,0,0
5774,9663,17,0,17
5774,9671,0,0,0
5774,9672,0,0,0
5774,9673,0,0,0
5774,9674,0,0,0
5774,9675,0,0,0
5774,9676,0,0,0
5774,9677,0,0,0
5774,9678,0,0,0
5774,9679,0,0,0
5774,9761,41,14,27
5774,9762,0,0,0
5774,9763,0,0,0
5774,9764,0,0,0
5774,9771,0,0,0
5774,9772,12,12,0
5774,9773,0,0,0
5774,9774,0,0,0
5774,9775,26,0,26
5774,9776,0,0,0
5774,9777,0,0,0
5774,9778,0,0,0
5774,9779,0,0,0
5774,9780,0,0,0
5774,10041,11,0,11
5774,10042,0,0,0
5774,10043,0,0,0
5774,10044,0,0,0
5774,10045,0,0,0
5774,10046,0,0,0
5774,11000,446,169,277
5774,12051,0,0,0
5774,12052,0,0,0
5774,12053,0,0,0
5774,12054,13,0,13
5774,12060,30,30,0
5774,12061,0,0,0
5774,12062,0,0,0
5774,12063,0,0,0
5774,12064,0,0,0
5774,12065,0,0,0
5774,12066,0,0,0
5774,12067,23,23,0
5774,12068,0,0,0
5774,12069,33,16,17
5774,12070,0,0,0
5774,12071,0,0,0
5774,12072,0,0,0
5774,12073,0,0,0
5774,13003,10,10,0
5774,13004,0,0,0
5774,13071,12,0,12
5774,13072,0,0,0
5774,13073,0,0,0
5774,13074,0,0,0
5774,13075,0,0,0
5774,13076,17,17,0
5774,14511,0,0,0
5774,14521,0,0,0
5774,14522,34,34,0
5774,14523,0,0,0
5774,14524,0,0,0
5774,14612,34,18,16
5774,14625,11,11,0
5774,14626,13,13,0
5774,14627,0,0,0
5774,14628,10,10,0
5774,14713,64,46,18
5774,14729,18,18,0
5774,14730,13,13,0
5774,15001,0,0,0
5774,15002,17,17,0
5774,15003,14,14,0
5774,15081,0,0,0
5774,15082,0,0,0
5774,15083,11,11,0
5774,15084,10,10,0
5774,15085,17,17,0
5774,15086,0,0,0
5774,15087,10,10,0
5774,15088,14,14,0
5774,15089,12,12,0
5774,15090,0,0,0
5774,15091,0,0,0
5774,16051,28,0,28
5774,16052,0,0,0
5774,16053,0,0,0
5774,16054,0,0,0
5774,16055,0,0,0
5774,16056,0,0,0
5774,16061,67,67,0
5774,16062,0,0,0
5774,16063,35,0,35
5774,16064,17,17,0
5774,16065,0,0,0
5774,16066,10,10,0
5774,16067,13,13,0
5774,16068,0,0,0
5774,16069,0,0,0
5774,16070,13,13,0
5774,16071,0,0,0
5774,16072,0,0,0
5774,16073,0,0,0
5774,16074,0,0,0
5774,16075,0,0,0
5774,16076,0,0,0
5774,16077,0,0,0
5911,1001,12,0,12
5911,1002,27,10,17
5911,1003,14,0,14
5911,1004,0,0,0
5911,1051,17,17,0
5911,1053,19,19,0
5911,1054,23,12,11
5911,1055,24,14,10
5911,1056,34,18,16
5911,1057,0,0,0
5911,1058,14,14,0
5911,1059,0,0,0
5911,1060,47,27,20
5911,1061,0,0,0
5911,1062,49,30,19
5911,2000,533,202,331
5911,3101,58,23,35
5911,3102,0,0,0
5911,3103,30,0,30
5911,3151,0,0,0
5911,3153,13,13,0
5911,3154,0,0,0
5911,3155,12,0,12
5911,3157,11,11,0
5911,3158,0,0,0
5911,3159,45,26,19
5911,3241,330,145,185
5911,3251,14,14,0
5911,3252,13,13,0
5911,3254,56,43,13
5911,3255,13,13,0
5911,3256,0,0,0
5911,3257,33,16,17
5911,3351,52,28,24
5911,3352,0,0,0
5911,3353,43,25,18
5911,3354,0,0,0
5911,3355,12,12,0
5911,3356,13,13,0
5911,3357,10,10,0
5911,3358,0,0,0
5911,3359,13,13,0
5911,3360,0,0,0
5911,3361,13,13,0
5911,3401,12,12,0
5911,3402,10,10,0
5911,3403,58,38,20
5911,3404,99,43,56
5911,3405,11,11,0
5911,3451,10,10,0
5911,3452,39,21,18
5911,3453,28,14,14
5911,3454,88,37,51
5911,3455,0,0,0
5911,3456,49,30,19
5911,3457,13,13,0
5911,3458,13,13,0
5911,3459,110,56,54
5911,3460,31,15,16
5911,3461,0,0,0
5911,3462,0,0,0
5911,4011,141,52,89
5911,4012,20,20,0
5911,5111,3666,676,2990
5911,5112,3069,1100,1969
5911,5113,17632,6674,10958
5911,5114,464,207,257
5911,5116,196,82,114
5911,5117,1817,820,997
5911,5119,1593,822,771
5911,5120,421,111,310
5911,5122,264,130,134
5911,5124,2187,842,1345
5911,5154,309,193,116
5911,5158,2416,819,1597
5911,5162,520,247,273
5911,5166,293,136,157
5911,5170,1054,677,377
5911,5314,242,88,154
5911,5315,1530,404,1126
5911,5316,207,71,136
5911,5334,252,112,140
5911,5358,105,54,51
5911,5362,343,137,206
5911,5366,59,47,12
5911,5370,89,48,41
5911,5374,205,74,131
5911,5378,249,130,119
5911,5382,241,130,111
5911,5512,1155,707,448
5911,5513,9162,5103,4059
5911,5515,764,250,514
5911,5554,530,282,248
5911,5558,597,432,165
5911,5562,12802,9231,3571
5911,5566,224,145,79
5911,5570,292,166,126
5911,5711,267,115,152
5911,5754,225,58,167
5911,5758,59,26,33
5911,5762,30,30,0
5911,5766,56,32,24
5911,5770,86,31,55
5911,5774,128,45,83
5911,5911,0,0,0
5911,5913,18294,8968,9326
5911,5914,2014,964,1050
5911,5915,513,313,200
5911,5916,15053,10160,4893
5911,5954,17278,9655,7623
5911,5958,309,184,125
5911,5962,1400,552,848
5911,5966,85,48,37
5911,5970,165,72,93
5911,5974,450,257,193
5911,5978,2960,1920,1040
5911,6411,66,31,35
5911,6412,378,69,309
5911,6413,14,0,14
5911,6414,78,24,54
5911,6431,32,14,18
5911,6432,42,25,17
5911,6433,89,21,68
5911,6434,60,10,50
5911,6435,44,26,18
5911,6436,138,24,114
5911,6437,0,0,0
5911,6438,84,27,57
5911,6439,31,17,14
5911,6440,53,20,33
5911,6531,31,16,15
5911,6532,40,22,18
5911,6533,36,12,24
5911,6534,112,22,90
5911,6535,0,0,0
5911,6611,39,21,18
5911,6631,28,0,28
5911,6632,18,18,0
5911,6633,15,15,0
5911,6634,11,0,11
5911,6635,0,0,0
5911,6636,0,0,0
5911,7111,24,0,24
5911,7131,12,12,0
5911,7132,36,21,15
5911,7133,20,20,0
5911,7134,0,0,0
5911,7135,0,0,0
5911,7137,44,32,12
5911,7138,61,34,27
5911,7140,0,0,0
5911,7141,12,12,0
5911,7143,49,17,32
5911,7211,12,12,0
5911,7231,0,0,0
5911,7232,0,0,0
5911,7233,0,0,0
5911,7235,0,0,0
5911,7311,0,0,0
5911,7312,0,0,0
5911,7313,13,0,13
5911,7314,13,13,0
5911,7315,50,28,22
5911,7316,0,0,0
5911,7317,0,0,0
5911,7318,0,0,0
5911,7319,12,0,12
5911,7320,0,0,0
5911,7331,10,10,0
5911,7332,0,0,0
5911,7333,0,0,0
5911,7334,0,0,0
5911,7335,0,0,0
5911,7336,0,0,0
5911,7337,0,0,0
5911,7338,0,0,0
5911,7339,34,19,15
5911,7340,0,0,0
5911,8111,121,40,81
5911,8115,50,30,20
5911,8116,113,24,89
5911,8117,0,0,0
5911,8118,50,17,33
5911,8119,35,22,13
5911,8121,11,0,11
5911,8125,10,0,10
5911,8126,15,0,15
5911,8127,11,0,11
5911,8128,0,0,0
5911,8135,0,0,0
5911,8136,27,10,17
5911,8211,0,0,0
5911,8212,78,42,36
5911,8215,65,35,30
5911,8216,23,11,12
5911,8221,33,14,19
5911,8222,96,26,70
5911,8225,0,0,0
5911,8226,61,25,36
5911,8231,0,0,0
5911,8235,0,0,0
5911,8236,12,12,0
5911,8237,0,0,0
5911,8311,37,16,21
5911,8315,0,0,0
5911,8316,0,0,0
5911,8317,11,0,11
5911,8325,0,0,0
5911,8326,11,0,11
5911,8327,0,0,0
5911,8335,12,12,0
5911,8336,25,0,25
5911,8337,11,0,11
5911,8415,10,10,0
5911,8416,22,11,11
5911,8417,0,0,0
5911,8421,15,0,15
5911,8425,0,0,0
5911,8426,0,0,0
5911,8435,13,0,13
5911,8436,12,0,12
5911,8437,0,0,0
5911,9161,12,0,12
5911,9162,476,177,299
5911,9163,0,0,0
5911,9171,0,0,0
5911,9172,0,0,0
5911,9173,14,14,0
5911,9174,16,16,0
5911,9175,0,0,0
5911,9176,0,0,0
5911,9177,0,0,0
5911,9178,13,13,0
5911,9179,16,16,0
5911,9180,0,0,0
5911,9181,0,0,0
5911,9182,0,0,0
5911,9183,0,0,0
5911,9184,138,32,106
5911,9185,0,0,0
5911,9186,0,0,0
5911,9187,10,0,10
5911,9188,24,11,13
5911,9189,14,0,14
5911,9190,0,0,0
5911,9261,0,0,0
5911,9262,0,0,0
5911,9263,0,0,0
5911,9271,12,12,0
5911,9272,0,0,0
5911,9273,0,0,0
5911,9274,0,0,0
5911,9275,0,0,0
5911,9276,0,0,0
5911,9277,0,0,0
5911,9278,0,0,0
5911,9279,0,0,0
5911,9361,12,0,12
5911,9362,14,0,14
5911,9363,0,0,0
5911,9371,0,0,0
5911,9372,0,0,0
5911,9373,13,0,13
5911,9374,0,0,0
5911,9375,0,0,0
5911,9376,0,0,0
5911,9377,0,0,0
5911,9461,0,0,0
5911,9462,0,0,0
5911,9463,0,0,0
5911,9464,0,0,0
5911,9471,12,12,0
5911,9472,0,0,0
5911,9473,0,0,0
5911,9474,0,0,0
5911,9475,14,0,14
5911,9476,0,0,0
5911,9477,0,0,0
5911,9478,0,0,0
5911,9479,0,0,0
5911,9561,0,0,0
5911,9562,16,0,16
5911,9563,0,0,0
5911,9564,101,46,55
5911,9565,0,0,0
5911,9571,0,0,0
5911,9572,26,11,15
5911,9573,11,11,0
5911,9574,21,21,0
5911,9575,0,0,0
5911,9576,0,0,0
5911,9577,0,0,0
5911,9661,0,0,0
5911,9662,0,0,0
5911,9663,0,0,0
5911,9671,12,0,12
5911,9672,0,0,0
5911,9673,0,0,0
5911,9674,0,0,0
5911,9675,0,0,0
5911,9676,0,0,0
5911,9677,11,0,11
5911,9678,0,0,0
5911,9679,30,13,17
5911,9761,57,25,32
5911,9762,0,0,0
5911,9763,0,0,0
5911,9764,0,0,0
5911,9771,0,0,0
5911,9772,18,18,0
5911,9773,0,0,0
5911,9774,0,0,0
5911,9775,0,0,0
5911,9776,0,0,0
5911,9777,0,0,0
5911,9778,0,0,0
5911,9779,0,0,0
5911,9780,0,0,0
5911,10041,36,12,24
5911,10042,0,0,0
5911,10043,0,0,0
5911,10044,0,0,0
5911,10045,14,0,14
5911,10046,0,0,0
5911,11000,745,308,437
5911,12051,0,0,0
5911,12052,0,0,0
5911,12053,0,0,0
5911,12054,27,12,15
5911,12060,12,12,0
5911,12061,0,0,0
5911,12062,0,0,0
5911,12063,0,0,0
5911,12064,10,10,0
5911,12065,12,12,0
5911,12066,0,0,0
5911,12067,17,17,0
5911,12068,0,0,0
5911,12069,10,0,10
5911,12070,0,0,0
5911,12071,0,0,0
5911,12072,11,11,0
5911,12073,23,23,0
5911,13003,18,18,0
5911,13004,0,0,0
5911,13071,10,10,0
5911,13072,15,15,0
5911,13073,18,18,0
5911,13074,10,10,0
5911,13075,18,18,0
5911,13076,10,10,0
5911,14511,26,14,12
5911,14521,12,12,0
5911,14522,21,21,0
5911,14523,20,20,0
5911,14524,17,17,0
5911,14612,53,30,23
5911,14625,11,11,0
5911,14626,0,0,0
5911,14627,11,11,0
5911,14628,11,11,0
5911,14713,81,40,41
5911,14729,12,12,0
5911,14730,15,15,0
5911,15001,0,0,0
5911,15002,18,18,0
5911,15003,26,26,0
5911,15081,0,0,0
5911,15082,15,15,0
5911,15083,10,10,0
5911,15084,0,0,0
5911,15085,0,0,0
5911,15086,0,0,0
5911,15087,16,16,0
5911,15088,19,19,0
5911,15089,17,17,0
5911,15090,0,0,0
5911,15091,0,0,0
5911,16051,14,0,14
5911,16052,19,0,19
5911,16053,0,0,0
5911,16054,0,0,0
5911,16055,0,0,0
5911,16056,0,0,0
5911,16061,0,0,0
5911,16062,19,19,0
5911,16063,0,0,0
5911,16064,0,0,0
5911,16065,0,0,0
5911,16066,0,0,0
5911,16067,10,10,0
5911,16068,0,0,0
5911,16069,0,0,0
5911,16070,13,0,13
5911,16071,0,0,0
5911,16072,0,0,0
5911,16073,0,0,0
5911,16074,13,0,13
5911,16075,0,0,0
5911,16076,0,0,0
5911,16077,10,10,0
5913,1001,0,0,0
5913,1002,98,24,74
5913,1003,111,29,82
5913,1004,0,0,0
5913,1051,11,11,0
5913,1053,57,57,0
5913,1054,33,20,13
5913,1055,42,32,10
5913,1056,150,128,22
5913,1057,10,10,0
5913,1058,33,18,15
5913,1059,25,14,11
5913,1060,138,97,41
5913,1061,13,13,0
5913,1062,131,88,43
5913,2000,1889,844,1045
5913,3101,59,23,36
5913,3102,0,0,0
5913,3103,22,0,22
5913,3151,12,12,0
5913,3153,29,29,0
5913,3154,0,0,0
5913,3155,40,12,28
5913,3157,42,24,18
5913,3158,10,10,0
5913,3159,93,52,41
5913,3241,587,269,318
5913,3251,76,35,41
5913,3252,38,28,10
5913,3254,58,45,13
5913,3255,0,0,0
5913,3256,30,20,10
5913,3257,64,49,15
5913,3351,33,14,19
5913,3352,19,19,0
5913,3353,139,122,17
5913,3354,0,0,0
5913,3355,51,36,15
5913,3356,12,12,0
5913,3357,21,21,0
5913,3358,17,17,0
5913,3359,52,52,0
5913,3360,0,0,0
5913,3361,29,19,10
5913,3401,0,0,0
5913,3402,13,13,0
5913,3403,50,28,22
5913,3404,204,98,106
5913,3405,24,10,14
5913,3451,15,15,0
5913,3452,117,86,31
5913,3453,46,29,17
5913,3454,180,104,76
5913,3455,16,16,0
5913,3456,57,35,22
5913,3457,38,27,11
5913,3458,26,15,11
5913,3459,310,129,181
5913,3460,43,20,23
5913,3461,0,0,0
5913,3462,15,15,0
5913,4011,233,126,107
5913,4012,10,10,0
5913,5111,3884,987,2897
5913,5112,3086,1264,1822
5913,5113,8941,3926,5015
5913,5114,431,244,187
5913,5116,277,143,134
5913,5117,1111,678,433
5913,5119,1573,852,721
5913,5120,455,200,255
5913,5122,266,129,137
5913,5124,2064,847,1217
5913,5154,336,240,96
5913,5158,1744,739,1005
5913,5162,662,342,320
5913,5166,344,213,131
5913,5170,1156,805,351
5913,5314,350,155,195
5913,5315,2476,916,1560
5913,5316,226,127,99
5913,5334,348,212,136
5913,5358,153,103,50
5913,5362,535,284,251
5913,5366,63,43,20
5913,5370,117,75,42
5913,5374,388,186,202
5913,5378,319,211,108
5913,5382,353,214,139
5913,5512,1066,649,417
5913,5513,3813,2128,1685
5913,5515,2209,1161,1048
5913,5554,733,475,258
5913,5558,2423,1915,508
5913,5562,18735,13661,5074
5913,5566,671,460,211
5913,5570,1329,909,420
5913,5711,1003,354,649
5913,5754,791,434,357
5913,5758,221,178,43
5913,5762,143,112,31
5913,5766,275,203,72
5913,5770,245,163,82
5913,5774,627,352,275
5913,5911,18294,9326,8968
5913,5913,0,0,0
5913,5914,7769,3799,3970
5913,5915,4767,3022,1745
5913,5916,5156,3224,1932
5913,5954,14280,8160,6120
5913,5958,1765,1135,630
5913,5962,7036,3810,3226
5913,5966,315,174,141
5913,5970,453,273,180
5913,5974,3480,2405,1075
5913,5978,45365,29157,16208
5913,6411,90,34,56
5913,6412,957,358,599
5913,6413,97,47,50
5913,6414,143,66,77
5913,6431,68,40,28
5913,6432,82,51,31
5913,6433,193,135,58
5913,6434,219,85,134
5913,6435,155,93,62
5913,6436,209,100,109
5913,6437,17,17,0
5913,6438,216,104,112
5913,6439,65,47,18
5913,6440,119,89,30
5913,6531,77,49,28
5913,6532,113,79,34
5913,6533,66,45,21
5913,6534,87,47,40
5913,6535,0,0,0
5913,6611,121,41,80
5913,6631,53,24,29
5913,6632,30,18,12
5913,6633,67,51,16
5913,6634,45,34,11
5913,6635,63,35,28
5913,6636,15,15,0
5913,7111,101,38,63
5913,7131,52,30,22
5913,7132,75,45,30
5913,7133,15,15,0
5913,7134,0,0,0
5913,7135,0,0,0
5913,7137,48,31,17
5913,7138,73,29,44
5913,7140,26,26,0
5913,7141,39,26,13
5913,7143,60,41,19
5913,7211,36,23,13
5913,7231,0,0,0
5913,7232,0,0,0
5913,7233,0,0,0
5913,7235,17,17,0
5913,7311,0,0,0
5913,7312,11,11,0
5913,7313,0,0,0
5913,7314,39,18,21
5913,7315,94,50,44
5913,7316,0,0,0
5913,7317,0,0,0
5913,7318,0,0,0
5913,7319,27,15,12
5913,7320,11,0,11
5913,7331,23,23,0
5913,7332,12,12,0
5913,7333,0,0,0
5913,7334,20,10,10
5913,7335,10,10,0
5913,7336,0,0,0
5913,7337,0,0,0
5913,7338,33,23,10
5913,7339,65,33,32
5913,7340,14,14,0
5913,8111,313,191,122
5913,8115,128,85,43
5913,8116,261,114,147
5913,8117,36,24,12
5913,8118,143,78,65
5913,8119,95,69,26
5913,8121,34,16,18
5913,8125,60,32,28
5913,8126,21,0,21
5913,8127,14,0,14
5913,8128,15,0,15
5913,8135,0,0,0
5913,8136,49,21,28
5913,8211,14,0,14
5913,8212,112,63,49
5913,8215,108,51,57
5913,8216,34,18,16
5913,8221,41,29,12
5913,8222,200,78,122
5913,8225,25,11,14
5913,8226,166,98,68
5913,8231,13,13,0
5913,8235,28,16,12
5913,8236,30,19,11
5913,8237,0,0,0
5913,8311,55,12,43
5913,8315,25,15,10
5913,8316,16,16,0
5913,8317,46,17,29
5913,8325,0,0,0
5913,8326,34,16,18
5913,8327,14,0,14
5913,8335,51,21,30
5913,8336,46,19,27
5913,8337,16,0,16
5913,8415,42,25,17
5913,8416,33,21,12
5913,8417,0,0,0
5913,8421,41,10,31
5913,8425,38,23,15
5913,8426,11,11,0
5913,8435,80,36,44
5913,8436,26,12,14
5913,8437,0,0,0
5913,9161,34,0,34
5913,9162,892,315,577
5913,9163,0,0,0
5913,9171,10,10,0
5913,9172,11,11,0
5913,9173,11,11,0
5913,9174,28,28,0
5913,9175,17,17,0
5913,9176,0,0,0
5913,9177,14,14,0
5913,9178,79,48,31
5913,9179,48,35,13
5913,9180,0,0,0
5913,9181,10,0,10
5913,9182,10,0,10
5913,9183,0,0,0
5913,9184,289,67,222
5913,9185,0,0,0
5913,9186,26,0,26
5913,9187,31,21,10
5913,9188,46,20,26
5913,9189,24,12,12
5913,9190,10,10,0
5913,9261,0,0,0
5913,9262,0,0,0
5913,9263,0,0,0
5913,9271,0,0,0
5913,9272,0,0,0
5913,9273,10,10,0
5913,9274,14,14,0
5913,9275,0,0,0
5913,9276,0,0,0
5913,9277,0,0,0
5913,9278,0,0,0
5913,9279,0,0,0
5913,9361,0,0,0
5913,9362,51,16,35
5913,9363,12,0,12
5913,9371,0,0,0
5913,9372,0,0,0
5913,9373,23,10,13
5913,9374,0,0,0
5913,9375,18,18,0
5913,9376,0,0,0
5913,9377,0,0,0
5913,9461,0,0,0
5913,9462,0,0,0
5913,9463,0,0,0
5913,9464,0,0,0
5913,9471,12,12,0
5913,9472,11,11,0
5913,9473,0,0,0
5913,9474,0,0,0
5913,9475,22,0,22
5913,9476,0,0,0
5913,9477,0,0,0
5913,9478,13,13,0
5913,9479,0,0,0
5913,9561,15,15,0
5913,9562,34,10,24
5913,9563,22,11,11
5913,9564,192,79,113
5913,9565,0,0,0
5913,9571,24,14,10
5913,9572,34,20,14
5913,9573,17,17,0
5913,9574,34,21,13
5913,9575,0,0,0
5913,9576,11,11,0
5913,9577,0,0,0
5913,9661,11,0,11
5913,9662,0,0,0
5913,9663,87,71,16
5913,9671,36,18,18
5913,9672,0,0,0
5913,9673,0,0,0
5913,9674,0,0,0
5913,9675,10,10,0
5913,9676,34,16,18
5913,9677,15,15,0
5913,9678,54,11,43
5913,9679,139,76,63
5913,9761,46,26,20
5913,9762,0,0,0
5913,9763,0,0,0
5913,9764,0,0,0
5913,9771,17,17,0
5913,9772,27,17,10
5913,9773,0,0,0
5913,9774,0,0,0
5913,9775,47,20,27
5913,9776,0,0,0
5913,9777,12,12,0
5913,9778,12,0,12
5913,9779,0,0,0
5913,9780,10,0,10
5913,10041,111,77,34
5913,10042,10,10,0
5913,10043,29,29,0
5913,10044,33,33,0
5913,10045,31,20,11
5913,10046,11,11,0
5913,11000,1692,877,815
5913,12051,0,0,0
5913,12052,0,0,0
5913,12053,0,0,0
5913,12054,83,31,52
5913,12060,31,20,11
5913,12061,33,33,0
5913,12062,0,0,0
5913,12063,18,18,0
5913,12064,31,31,0
5913,12065,29,29,0
5913,12066,12,12,0
5913,12067,16,16,0
5913,12068,0,0,0
5913,12069,54,33,21
5913,12070,0,0,0
5913,12071,0,0,0
5913,12072,32,22,10
5913,12073,0,0,0
5913,13003,39,20,19
5913,13004,13,13,0
5913,13071,42,28,14
5913,13072,16,16,0
5913,13073,43,26,17
5913,13074,0,0,0
5913,13075,12,12,0
5913,13076,35,21,14
5913,14511,41,22,19
5913,14521,12,12,0
5913,14522,24,24,0
5913,14523,17,17,0
5913,14524,17,17,0
5913,14612,97,57,40
5913,14625,14,14,0
5913,14626,14,14,0
5913,14627,19,19,0
5913,14628,14,14,0
5913,14713,151,108,43
5913,14729,33,33,0
5913,14730,17,17,0
5913,15001,0,0,0
5913,15002,44,29,15
5913,15003,33,33,0
5913,15081,0,0,0
5913,15082,45,14,31
5913,15083,19,19,0
5913,15084,30,30,0
5913,15085,55,55,0
5913,15086,10,10,0
5913,15087,30,30,0
5913,15088,30,30,0
5913,15089,17,17,0
5913,15090,11,11,0
5913,15091,11,11,0
5913,16051,54,34,20
5913,16052,23,12,11
5913,16053,14,14,0
5913,16054,0,0,0
5913,16055,0,0,0
5913,16056,0,0,0
5913,16061,0,0,0
5913,16062,18,18,0
5913,16063,0,0,0
5913,16064,0,0,0
5913,16065,12,12,0
5913,16066,16,16,0
5913,16067,11,11,0
5913,16068,0,0,0
5913,16069,0,0,0
5913,16070,14,0,14
5913,16071,11,11,0
5913,16072,0,0,0
5913,16073,0,0,0
5913,16074,11,11,0
5913,16075,0,0,0
5913,16076,0,0,0
5913,16077,11,11,0
5914,1001,0,0,0
5914,1002,0,0,0
5914,1003,0,0,0
5914,1004,0,0,0
5914,1051,0,0,0
5914,1053,10,10,0
5914,1054,0,0,0
5914,1055,0,0,0
5914,1056,12,12,0
5914,1057,0,0,0
5914,1058,0,0,0
5914,1059,0,0,0
5914,1060,0,0,0
5914,1061,0,0,0
5914,1062,29,19,10
5914,2000,309,160,149
5914,3101,0,0,0
5914,3102,0,0,0
5914,3103,0,0,0
5914,3151,0,0,0
5914,3153,0,0,0
5914,3154,0,0,0
5914,3155,0,0,0
5914,3157,0,0,0
5914,3158,0,0,0
5914,3159,24,24,0
5914,3241,136,24,112
5914,3251,0,0,0
5914,3252,0,0,0
5914,3254,0,0,0
5914,3255,0,0,0
5914,3256,0,0,0
5914,3257,11,11,0
5914,3351,0,0,0
5914,3352,0,0,0
5914,3353,23,23,0
5914,3354,0,0,0
5914,3355,0,0,0
5914,3356,0,0,0
5914,3357,0,0,0
5914,3358,0,0,0
5914,3359,0,0,0
5914,3360,0,0,0
5914,3361,0,0,0
5914,3401,0,0,0
5914,3402,0,0,0
5914,3403,13,0,13
5914,3404,27,11,16
5914,3405,0,0,0
5914,3451,0,0,0
5914,3452,10,10,0
5914,3453,0,0,0
5914,3454,10,0,10
5914,3455,0,0,0
5914,3456,0,0,0
5914,3457,0,0,0
5914,3458,0,0,0
5914,3459,45,22,23
5914,3460,0,0,0
5914,3461,0,0,0
5914,3462,0,0,0
5914,4011,43,18,25
5914,4012,0,0,0
5914,5111,877,175,702
5914,5112,312,174,138
5914,5113,1000,438,562
5914,5114,71,38,33
5914,5116,48,20,28
5914,5117,111,63,48
5914,5119,269,96,173
5914,5120,344,142,202
5914,5122,156,100,56
5914,5124,2078,736,1342
5914,5154,114,86,28
5914,5158,553,236,317
5914,5162,148,65,83
5914,5166,71,51,20
5914,5170,170,109,61
5914,5314,94,37,57
5914,5315,529,150,379
5914,5316,78,47,31
5914,5334,67,30,37
5914,5358,44,14,30
5914,5362,104,46,58
5914,5366,21,11,10
5914,5370,12,0,12
5914,5374,345,179,166
5914,5378,139,68,71
5914,5382,92,51,41
5914,5512,109,87,22
5914,5513,375,238,137
5914,5515,200,96,104
5914,5554,65,38,27
5914,5558,122,90,32
5914,5562,974,730,244
5914,5566,80,39,41
5914,5570,114,80,34
5914,5711,204,27,177
5914,5754,98,30,68
5914,5758,19,19,0
5914,5762,0,0,0
5914,5766,35,17,18
5914,5770,30,11,19
5914,5774,91,35,56
5914,5911,2014,1050,964
5914,5913,7769,3970,3799
5914,5914,0,0,0
5914,5915,426,285,141
5914,5916,345,241,104
5914,5954,18086,8651,9435
5914,5958,496,335,161
5914,5962,13408,7264,6144
5914,5966,291,172,119
5914,5970,351,152,199
5914,5974,494,319,175
5914,5978,4580,3052,1528
5914,6411,0,0,0
5914,6412,120,15,105
5914,6413,0,0,0
5914,6414,12,0,12
5914,6431,0,0,0
5914,6432,0,0,0
5914,6433,0,0,0
5914,6434,24,0,24
5914,6435,10,0,10
5914,6436,20,0,20
5914,6437,0,0,0
5914,6438,23,0,23
5914,6439,0,0,0
5914,6440,12,12,0
5914,6531,22,22,0
5914,6532,16,16,0
5914,6533,0,0,0
5914,6534,14,14,0
5914,6535,0,0,0
5914,6611,17,0,17
5914,6631,11,0,11
5914,6632,0,0,0
5914,6633,11,11,0
5914,6634,0,0,0
5914,6635,0,0,0
5914,6636,0,0,0
5914,7111,17,0,17
5914,7131,0,0,0
5914,7132,33,21,12
5914,7133,0,0,0
5914,7134,0,0,0
5914,7135,0,0,0
5914,7137,0,0,0
5914,7138,11,11,0
5914,7140,0,0,0
5914,7141,0,0,0
5914,7143,11,11,0
5914,7211,0,0,0
5914,7231,0,0,0
5914,7232,0,0,0
5914,7233,0,0,0
5914,7235,0,0,0
5914,7311,0,0,0
5914,7312,0,0,0
5914,7313,0,0,0
5914,7314,0,0,0
5914,7315,0,0,0
5914,7316,0,0,0
5914,7317,0,0,0
5914,7318,0,0,0
5914,7319,0,0,0
5914,7320,0,0,0
5914,7331,0,0,0
5914,7332,0,0,0
5914,7333,0,0,0
5914,7334,0,0,0
5914,7335,0,0,0
5914,7336,0,0,0
5914,7337,0,0,0
5914,7338,0,0,0
5914,7339,0,0,0
5914,7340,0,0,0
5914,8111,32,16,16
5914,8115,21,21,0
5914,8116,29,10,19
5914,8117,0,0,0
5914,8118,102,25,77
5914,8119,13,13,0
5914,8121,0,0,0
5914,8125,0,0,0
5914,8126,0,0,0
5914,8127,0,0,0
5914,8128,0,0,0
5914,8135,0,0,0
5914,8136,0,0,0
5914,8211,0,0,0
5914,8212,12,0,12
5914,8215,0,0,0
5914,8216,0,0,0
5914,8221,0,0,0
5914,8222,20,0,20
5914,8225,0,0,0
5914,8226,24,12,12
5914,8231,0,0,0
5914,8235,0,0,0
5914,8236,0,0,0
5914,8237,0,0,0
5914,8311,0,0,0
5914,8315,0,0,0
5914,8316,0,0,0
5914,8317,68,68,0
5914,8325,0,0,0
5914,8326,23,0,23
5914,8327,0,0,0
5914,8335,0,0,0
5914,8336,0,0,0
5914,8337,0,0,0
5914,8415,0,0,0
5914,8416,0,0,0
5914,8417,0,0,0
5914,8421,0,0,0
5914,8425,10,10,0
5914,8426,0,0,0
5914,8435,0,0,0
5914,8436,0,0,0
5914,8437,0,0,0
5914,9161,0,0,0
5914,9162,117,21,96
5914,9163,0,0,0
5914,9171,0,0,0
5914,9172,0,0,0
5914,9173,0,0,0
5914,9174,0,0,0
5914,9175,0,0,0
5914,9176,0,0,0
5914,9177,0,0,0
5914,9178,0,0,0
5914,9179,0,0,0
5914,9180,0,0,0
5914,9181,0,0,0
5914,9182,0,0,0
5914,9183,0,0,0
5914,9184,34,0,34
5914,9185,0,0,0
5914,9186,0,0,0
5914,9187,0,0,0
5914,9188,28,0,28
5914,9189,0,0,0
5914,9190,0,0,0
5914,9261,0,0,0
5914,9262,0,0,0
5914,9263,0,0,0
5914,9271,0,0,0
5914,9272,0,0,0
5914,9273,0,0,0
5914,9274,0,0,0
5914,9275,0,0,0
5914,9276,0,0,0
5914,9277,0,0,0
5914,9278,0,0,0
5914,9279,0,0,0
5914,9361,0,0,0
5914,9362,0,0,0
5914,9363,0,0,0
5914,9371,0,0,0
5914,9372,0,0,0
5914,9373,0,0,0
5914,9374,0,0,0
5914,9375,0,0,0
5914,9376,0,0,0
5914,9377,0,0,0
5914,9461,0,0,0
5914,9462,0,0,0
5914,9463,0,0,0
5914,9464,0,0,0
5914,9471,0,0,0
5914,9472,0,0,0
5914,9473,0,0,0
5914,9474,0,0,0
5914,9475,0,0,0
5914,9476,0,0,0
5914,9477,0,0,0
5914,9478,0,0,0
5914,9479,0,0,0
5914,9561,0,0,0
5914,9562,0,0,0
5914,9563,0,0,0
5914,9564,19,0,19
5914,9565,0,0,0
5914,9571,0,0,0
5914,9572,0,0,0
5914,9573,0,0,0
5914,9574,0,0,0
5914,9575,0,0,0
5914,9576,0,0,0
5914,9577,0,0,0
5914,9661,0,0,0
5914,9662,0,0,0
5914,9663,0,0,0
5914,9671,0,0,0
5914,9672,0,0,0
5914,9673,0,0,0
5914,9674,0,0,0
5914,9675,0,0,0
5914,9676,0,0,0
5914,9677,0,0,0
5914,9678,19,0,19
5914,9679,0,0,0
5914,9761,0,0,0
5914,9762,0,0,0
5914,9763,0,0,0
5914,9764,0,0,0
5914,9771,0,0,0
5914,9772,0,0,0
5914,9773,0,0,0
5914,9774,0,0,0
5914,9775,0,0,0
5914,9776,0,0,0
5914,9777,0,0,0
5914,9778,0,0,0
5914,9779,0,0,0
5914,9780,0,0,0
5914,10041,0,0,0
5914,10042,0,0,0
5914,10043,0,0,0
5914,10044,0,0,0
5914,10045,0,0,0
5914,10046,0,0,0
5914,11000,260,105,155
5914,12051,0,0,0
5914,12052,0,0,0
5914,12053,0,0,0
5914,12054,0,0,0
5914,12060,0,0,0
5914,12061,0,0,0
5914,12062,0,0,0
5914,12063,0,0,0
5914,12064,0,0,0
5914,12065,0,0,0
5914,12066,0,0,0
5914,12067,0,0,0
5914,12068,0,0,0
5914,12069,0,0,0
5914,12070,0,0,0
5914,12071,0,0,0
5914,12072,0,0,0
5914,12073,0,0,0
5914,13003,0,0,0
5914,13004,0,0,0
5914,13071,0,0,0
5914,13072,0,0,0
5914,13073,0,0,0
5914,13074,0,0,0
5914,13075,0,0,0
5914,13076,0,0,0
5914,14511,0,0,0
5914,14521,0,0,0
5914,14522,0,0,0
5914,14523,0,0,0
5914,14524,0,0,0
5914,14612,0,0,0
5914,14625,0,0,0
5914,14626,0,0,0
5914,14627,0,0,0
5914,14628,0,0,0
5914,14713,38,25,13
5914,14729,0,0,0
5914,14730,0,0,0
5914,15001,0,0,0
5914,15002,0,0,0
5914,15003,13,13,0
5914,15081,0,0,0
5914,15082,0,0,0
5914,15083,0,0,0
5914,15084,0,0,0
5914,15085,12,12,0
5914,15086,0,0,0
5914,15087,0,0,0
5914,15088,0,0,0
5914,15089,0,0,0
5914,15090,0,0,0
5914,15091,0,0,0
5914,16051,0,0,0
5914,16052,0,0,0
5914,16053,0,0,0
5914,16054,0,0,0
5914,16055,0,0,0
5914,16056,0,0,0
5914,16061,0,0,0
5914,16062,0,0,0
5914,16063,0,0,0
5914,16064,0,0,0
5914,16065,0,0,0
5914,16066,0,0,0
5914,16067,0,0,0
5914,16068,0,0,0
5914,16069,0,0,0
5914,16070,0,0,0
5914,16071,0,0,0
5914,16072,0,0,0
5914,16073,0,0,0
5914,16074,0,0,0
5914,16075,0,0,0
5914,16076,0,0,0
5914,16077,0,0,0
5915,1001,0,0,0
5915,1002,17,0,17
5915,1003,10,10,0
5915,1004,0,0,0
5915,1051,0,0,0
5915,1053,13,13,0
5915,1054,10,0,10
5915,1055,0,0,0
5915,1056,0,0,0
5915,1057,0,0,0
5915,1058,0,0,0
5915,1059,0,0,0
5915,1060,14,0,14
5915,1061,0,0,0
5915,1062,0,0,0
5915,2000,153,34,119
5915,3101,14,0,14
5915,3102,14,14,0
5915,3103,0,0,0
5915,3151,0,0,0
5915,3153,0,0,0
5915,3154,0,0,0
5915,3155,22,11,11
5915,3157,0,0,0
5915,3158,0,0,0
5915,3159,15,0,15
5915,3241,117,32,85
5915,3251,0,0,0
5915,3252,33,0,33
5915,3254,13,13,0
5915,3255,0,0,0
5915,3256,0,0,0
5915,3257,20,0,20
5915,3351,0,0,0
5915,3352,0,0,0
5915,3353,0,0,0
5915,3354,0,0,0
5915,3355,13,13,0
5915,3356,0,0,0
5915,3357,29,10,19
5915,3358,0,0,0
5915,3359,0,0,0
5915,3360,0,0,0
5915,3361,0,0,0
5915,3401,0,0,0
5915,3402,0,0,0
5915,3403,22,0,22
5915,3404,70,27,43
5915,3405,0,0,0
5915,3451,0,0,0
5915,3452,25,14,11
5915,3453,10,0,10
5915,3454,120,27,93
5915,3455,0,0,0
5915,3456,10,0,10
5915,3457,0,0,0
5915,3458,0,0,0
5915,3459,134,50,84
5915,3460,0,0,0
5915,3461,0,0,0
5915,3462,0,0,0
5915,4011,61,12,49
5915,4012,0,0,0
5915,5111,474,41,433
5915,5112,273,126,147
5915,5113,459,150,309
5915,5114,165,11,154
5915,5116,21,0,21
5915,5117,66,28,38
5915,5119,147,46,101
5915,5120,77,22,55
5915,5122,24,13,11
5915,5124,131,54,77
5915,5154,43,19,24
5915,5158,124,29,95
5915,5162,68,28,40
5915,5166,36,11,25
5915,5170,382,82,300
5915,5314,35,10,25
5915,5315,306,57,249
5915,5316,21,10,11
5915,5334,61,25,36
5915,5358,40,12,28
5915,5362,62,23,39
5915,5366,10,10,0
5915,5370,0,0,0
5915,5374,36,13,23
5915,5378,28,14,14
5915,5382,55,22,33
5915,5512,72,28,44
5915,5513,241,105,136
5915,5515,3294,1020,2274
5915,5554,180,99,81
5915,5558,1219,680,539
5915,5562,877,605,272
5915,5566,453,233,220
5915,5570,7540,4021,3519
5915,5711,602,123,479
5915,5754,836,288,548
5915,5758,90,24,66
5915,5762,32,17,15
5915,5766,84,49,35
5915,5770,103,19,84
5915,5774,262,132,130
5915,5911,513,200,313
5915,5913,4767,1745,3022
5915,5914,426,141,285
5915,5915,0,0,0
5915,5916,262,113,149
5915,5954,355,147,208
5915,5958,748,355,393
5915,5962,652,313,339
5915,5966,38,17,21
5915,5970,54,20,34
5915,5974,6544,3689,2855
5915,5978,12743,5698,7045
5915,6411,0,0,0
5915,6412,64,0,64
5915,6413,0,0,0
5915,6414,17,0,17
5915,6431,0,0,0
5915,6432,0,0,0
5915,6433,0,0,0
5915,6434,18,0,18
5915,6435,13,0,13
5915,6436,23,0,23
5915,6437,0,0,0
5915,6438,31,11,20
5915,6439,0,0,0
5915,6440,10,10,0
5915,6531,0,0,0
5915,6532,0,0,0
5915,6533,0,0,0
5915,6534,0,0,0
5915,6535,0,0,0
5915,6611,22,12,10
5915,6631,0,0,0
5915,6632,0,0,0
5915,6633,10,10,0
5915,6634,11,11,0
5915,6635,12,12,0
5915,6636,0,0,0
5915,7111,22,0,22
5915,7131,35,35,0
5915,7132,0,0,0
5915,7133,0,0,0
5915,7134,0,0,0
5915,7135,0,0,0
5915,7137,0,0,0
5915,7138,0,0,0
5915,7140,0,0,0
5915,7141,0,0,0
5915,7143,0,0,0
5915,7211,0,0,0
5915,7231,0,0,0
5915,7232,0,0,0
5915,7233,0,0,0
5915,7235,0,0,0
5915,7311,0,0,0
5915,7312,0,0,0
5915,7313,0,0,0
5915,7314,0,0,0
5915,7315,14,0,14
5915,7316,0,0,0
5915,7317,0,0,0
5915,7318,0,0,0
5915,7319,0,0,0
5915,7320,0,0,0
5915,7331,0,0,0
5915,7332,0,0,0
5915,7333,0,0,0
5915,7334,0,0,0
5915,7335,0,0,0
5915,7336,0,0,0
5915,7337,0,0,0
5915,7338,0,0,0
5915,7339,16,0,16
5915,7340,0,0,0
5915,8111,10,0,10
5915,8115,0,0,0
5915,8116,14,0,14
5915,8117,0,0,0
5915,8118,14,0,14
5915,8119,0,0,0
5915,8121,0,0,0
5915,8125,20,0,20
5915,8126,13,0,13
5915,8127,0,0,0
5915,8128,0,0,0
5915,8135,0,0,0
5915,8136,0,0,0
5915,8211,0,0,0
5915,8212,0,0,0
5915,8215,11,0,11
5915,8216,0,0,0
5915,8221,0,0,0
5915,8222,21,0,21
5915,8225,10,0,10
5915,8226,12,0,12
5915,8231,0,0,0
5915,8235,0,0,0
5915,8236,0,0,0
5915,8237,0,0,0
5915,8311,10,0,10
5915,8315,0,0,0
5915,8316,0,0,0
5915,8317,0,0,0
5915,8325,0,0,0
5915,8326,0,0,0
5915,8327,0,0,0
5915,8335,0,0,0
5915,8336,0,0,0
5915,8337,0,0,0
5915,8415,0,0,0
5915,8416,0,0,0
5915,8417,0,0,0
5915,8421,10,0,10
5915,8425,0,0,0
5915,8426,0,0,0
5915,8435,0,0,0
5915,8436,0,0,0
5915,8437,0,0,0
5915,9161,0,0,0
5915,9162,151,17,134
5915,9163,0,0,0
5915,9171,0,0,0
5915,9172,0,0,0
5915,9173,0,0,0
5915,9174,0,0,0
5915,9175,0,0,0
5915,9176,0,0,0
5915,9177,0,0,0
5915,9178,0,0,0
5915,9179,0,0,0
5915,9180,0,0,0
5915,9181,0,0,0
5915,9182,12,12,0
5915,9183,0,0,0
5915,9184,35,0,35
5915,9185,0,0,0
5915,9186,12,0,12
5915,9187,0,0,0
5915,9188,0,0,0
5915,9189,0,0,0
5915,9190,0,0,0
5915,9261,0,0,0
5915,9262,0,0,0
5915,9263,0,0,0
5915,9271,0,0,0
5915,9272,0,0,0
5915,9273,0,0,0
5915,9274,0,0,0
5915,9275,0,0,0
5915,9276,0,0,0
5915,9277,0,0,0
5915,9278,0,0,0
5915,9279,0,0,0
5915,9361,0,0,0
5915,9362,0,0,0
5915,9363,19,0,19
5915,9371,0,0,0
5915,9372,0,0,0
5915,9373,0,0,0
5915,9374,17,0,17
5915,9375,0,0,0
5915,9376,0,0,0
5915,9377,0,0,0
5915,9461,0,0,0
5915,9462,0,0,0
5915,9463,0,0,0
5915,9464,0,0,0
5915,9471,0,0,0
5915,9472,0,0,0
5915,9473,0,0,0
5915,9474,0,0,0
5915,9475,0,0,0
5915,9476,0,0,0
5915,9477,0,0,0
5915,9478,0,0,0
5915,9479,0,0,0
5915,9561,0,0,0
5915,9562,0,0,0
5915,9563,0,0,0
5915,9564,16,0,16
5915,9565,0,0,0
5915,9571,0,0,0
5915,9572,0,0,0
5915,9573,0,0,0
5915,9574,0,0,0
5915,9575,0,0,0
5915,9576,0,0,0
5915,9577,0,0,0
5915,9661,0,0,0
5915,9662,0,0,0
5915,9663,0,0,0
5915,9671,0,0,0
5915,9672,0,0,0
5915,9673,0,0,0
5915,9674,0,0,0
5915,9675,0,0,0
5915,9676,0,0,0
5915,9677,0,0,0
5915,9678,0,0,0
5915,9679,0,0,0
5915,9761,0,0,0
5915,9762,14,0,14
5915,9763,0,0,0
5915,9764,0,0,0
5915,9771,0,0,0
5915,9772,0,0,0
5915,9773,0,0,0
5915,9774,0,0,0
5915,9775,0,0,0
5915,9776,0,0,0
5915,9777,0,0,0
5915,9778,0,0,0
5915,9779,0,0,0
5915,9780,0,0,0
5915,10041,13,0,13
5915,10042,0,0,0
5915,10043,0,0,0
5915,10044,0,0,0
5915,10045,0,0,0
5915,10046,0,0,0
5915,11000,444,319,125
5915,12051,0,0,0
5915,12052,0,0,0
5915,12053,0,0,0
5915,12054,25,10,15
5915,12060,95,95,0
5915,12061,10,10,0
5915,12062,0,0,0
5915,12063,0,0,0
5915,12064,27,27,0
5915,12065,42,42,0
5915,12066,0,0,0
5915,12067,0,0,0
5915,12068,0,0,0
5915,12069,0,0,0
5915,12070,0,0,0
5915,12071,0,0,0
5915,12072,0,0,0
5915,12073,12,12,0
5915,13003,0,0,0
5915,13004,0,0,0
5915,13071,0,0,0
5915,13072,0,0,0
5915,13073,0,0,0
5915,13074,0,0,0
5915,13075,0,0,0
5915,13076,0,0,0
5915,14511,0,0,0
5915,14521,0,0,0
5915,14522,0,0,0
5915,14523,0,0,0
5915,14524,0,0,0
5915,14612,0,0,0
5915,14625,0,0,0
5915,14626,0,0,0
5915,14627,0,0,0
5915,14628,0,0,0
5915,14713,0,0,0
5915,14729,0,0,0
5915,14730,0,0,0
5915,15001,0,0,0
5915,15002,0,0,0
5915,15003,0,0,0
5915,15081,0,0,0
5915,15082,0,0,0
5915,15083,0,0,0
5915,15084,0,0,0
5915,15085,0,0,0
5915,15086,0,0,0
5915,15087,0,0,0
5915,15088,0,0,0
5915,15089,15,15,0
5915,15090,0,0,0
5915,15091,0,0,0
5915,16051,0,0,0
5915,16052,0,0,0
5915,16053,0,0,0
5915,16054,0,0,0
5915,16055,0,0,0
5915,16056,0,0,0
5915,16061,0,0,0
5915,16062,0,0,0
5915,16063,46,0,46
5915,16064,0,0,0
5915,16065,0,0,0
5915,16066,0,0,0
5915,16067,0,0,0
5915,16068,0,0,0
5915,16069,0,0,0
5915,16070,0,0,0
5915,16071,0,0,0
5915,16072,0,0,0
5915,16073,0,0,0
5915,16074,0,0,0
5915,16075,0,0,0
5915,16076,0,0,0
5915,16077,0,0,0
5916,1001,0,0,0
5916,1002,14,0,14
5916,1003,0,0,0
5916,1004,0,0,0
5916,1051,0,0,0
5916,1053,0,0,0
5916,1054,0,0,0
5916,1055,0,0,0
5916,1056,0,0,0
5916,1057,0,0,0
5916,1058,0,0,0
5916,1059,0,0,0
5916,1060,10,10,0
5916,1061,0,0,0
5916,1062,10,0,10
5916,2000,113,22,91
5916,3101,0,0,0
5916,3102,0,0,0
5916,3103,0,0,0
5916,3151,0,0,0
5916,3153,0,0,0
5916,3154,0,0,0
5916,3155,0,0,0
5916,3157,0,0,0
5916,3158,0,0,0
5916,3159,12,0,12
5916,3241,119,24,95
5916,3251,0,0,0
5916,3252,16,16,0
5916,3254,0,0,0
5916,3255,13,13,0
5916,3256,0,0,0
5916,3257,0,0,0
5916,3351,14,14,0
5916,3352,37,0,37
5916,3353,15,0,15
5916,3354,0,0,0
5916,3355,0,0,0
5916,3356,0,0,0
5916,3357,0,0,0
5916,3358,0,0,0
5916,3359,0,0,0
5916,3360,0,0,0
5916,3361,0,0,0
5916,3401,0,0,0
5916,3402,0,0,0
5916,3403,0,0,0
5916,3404,18,0,18
5916,3405,16,16,0
5916,3451,0,0,0
5916,3452,0,0,0
5916,3453,0,0,0
5916,3454,78,19,59
5916,3455,0,0,0
5916,3456,0,0,0
5916,3457,0,0,0
5916,3458,0,0,0
5916,3459,54,10,44
5916,3460,0,0,0
5916,3461,0,0,0
5916,3462,0,0,0
5916,4011,58,10,48
5916,4012,0,0,0
5916,5111,911,111,800
5916,5112,1300,470,830
5916,5113,4373,1223,3150
5916,5114,130,38,92
5916,5116,40,16,24
5916,5117,550,152,398
5916,5119,819,355,464
5916,5120,89,14,75
5916,5122,51,18,33
5916,5124,417,113,304
5916,5154,111,53,58
5916,5158,572,156,416
5916,5162,164,54,110
5916,5166,87,27,60
5916,5170,798,516,282
5916,5314,54,13,41
5916,5315,416,68,348
5916,5316,51,18,33
5916,5334,44,22,22
5916,5358,31,10,21
5916,5362,99,34,65
5916,5366,0,0,0
5916,5370,19,19,0
5916,5374,62,23,39
5916,5378,49,23,26
5916,5382,61,35,26
5916,5512,919,519,400
5916,5513,5656,2743,2913
5916,5515,255,93,162
5916,5554,263,143,120
5916,5558,380,266,114
5916,5562,13229,8528,4701
5916,5566,79,39,40
5916,5570,117,53,64
5916,5711,40,0,40
5916,5754,72,19,53
5916,5758,0,0,0
5916,5762,15,0,15
5916,5766,22,12,10
5916,5770,84,27,57
5916,5774,30,0,30
5916,5911,15053,4893,10160
5916,5913,5156,1932,3224
5916,5914,345,104,241
5916,5915,262,149,113
5916,5916,0,0,0
5916,5954,2279,1001,1278
5916,5958,62,20,42
5916,5962,230,101,129
5916,5966,11,11,0
5916,5970,57,13,44
5916,5974,144,79,65
5916,5978,1293,786,507
5916,6411,0,0,0
5916,6412,74,16,58
5916,6413,0,0,0
5916,6414,17,0,17
5916,6431,11,11,0
5916,6432,0,0,0
5916,6433,38,0,38
5916,6434,19,0,19
5916,6435,0,0,0
5916,6436,46,0,46
5916,6437,0,0,0
5916,6438,40,10,30
5916,6439,0,0,0
5916,6440,0,0,0
5916,6531,0,0,0
5916,6532,0,0,0
5916,6533,21,21,0
5916,6534,30,0,30
5916,6535,0,0,0
5916,6611,0,0,0
5916,6631,0,0,0
5916,6632,0,0,0
5916,6633,0,0,0
5916,6634,0,0,0
5916,6635,0,0,0
5916,6636,0,0,0
5916,7111,0,0,0
5916,7131,0,0,0
5916,7132,0,0,0
5916,7133,0,0,0
5916,7134,0,0,0
5916,7135,0,0,0
5916,7137,13,0,13
5916,7138,0,0,0
5916,7140,0,0,0
5916,7141,0,0,0
5916,7143,0,0,0
5916,7211,10,0,10
5916,7231,0,0,0
5916,7232,0,0,0
5916,7233,0,0,0
5916,7235,0,0,0
5916,7311,0,0,0
5916,7312,0,0,0
5916,7313,0,0,0
5916,7314,0,0,0
5916,7315,0,0,0
5916,7316,0,0,0
5916,7317,0,0,0
5916,7318,0,0,0
5916,7319,0,0,0
5916,7320,0,0,0
5916,7331,0,0,0
5916,7332,0,0,0
5916,7333,0,0,0
5916,7334,0,0,0
5916,7335,0,0,0
5916,7336,0,0,0
5916,7337,0,0,0
5916,7338,0,0,0
5916,7339,0,0,0
5916,7340,0,0,0
5916,8111,12,0,12
5916,8115,0,0,0
5916,8116,16,0,16
5916,8117,0,0,0
5916,8118,15,0,15
5916,8119,12,0,12
5916,8121,0,0,0
5916,8125,11,0,11
5916,8126,0,0,0
5916,8127,111,0,111
5916,8128,0,0,0
5916,8135,0,0,0
5916,8136,0,0,0
5916,8211,10,0,10
5916,8212,12,0,12
5916,8215,0,0,0
5916,8216,0,0,0
5916,8221,0,0,0
5916,8222,46,13,33
5916,8225,0,0,0
5916,8226,0,0,0
5916,8231,0,0,0
5916,8235,0,0,0
5916,8236,0,0,0
5916,8237,0,0,0
5916,8311,0,0,0
5916,8315,10,0,10
5916,8316,0,0,0
5916,8317,10,10,0
5916,8325,0,0,0
5916,8326,0,0,0
5916,8327,0,0,0
5916,8335,0,0,0
5916,8336,0,0,0
5916,8337,0,0,0
5916,8415,0,0,0
5916,8416,0,0,0
5916,8417,0,0,0
5916,8421,0,0,0
5916,8425,19,19,0
5916,8426,0,0,0
5916,8435,0,0,0
5916,8436,0,0,0
5916,8437,0,0,0
5916,9161,0,0,0
5916,9162,185,20,165
5916,9163,0,0,0
5916,9171,0,0,0
5916,9172,0,0,0
5916,9173,0,0,0
5916,9174,0,0,0
5916,9175,0,0,0
5916,9176,0,0,0
5916,9177,0,0,0
5916,9178,0,0,0
5916,9179,0,0,0
5916,9180,0,0,0
5916,9181,0,0,0
5916,9182,0,0,0
5916,9183,0,0,0
5916,9184,30,0,30
5916,9185,0,0,0
5916,9186,0,0,0
5916,9187,0,0,0
5916,9188,0,0,0
5916,9189,0,0,0
5916,9190,0,0,0
5916,9261,0,0,0
5916,9262,0,0,0
5916,9263,0,0,0
5916,9271,0,0,0
5916,9272,0,0,0
5916,9273,0,0,0
5916,9274,0,0,0
5916,9275,0,0,0
5916,9276,0,0,0
5916,9277,0,0,0
5916,9278,0,0,0
5916,9279,0,0,0
5916,9361,0,0,0
5916,9362,0,0,0
5916,9363,0,0,0
5916,9371,0,0,0
5916,9372,0,0,0
5916,9373,0,0,0
5916,9374,0,0,0
5916,9375,0,0,0
5916,9376,0,0,0
5916,9377,0,0,0
5916,9461,0,0,0
5916,9462,0,0,0
5916,9463,0,0,0
5916,9464,0,0,0
5916,9471,0,0,0
5916,9472,0,0,0
5916,9473,0,0,0
5916,9474,0,0,0
5916,9475,0,0,0
5916,9476,0,0,0
5916,9477,0,0,0
5916,9478,0,0,0
5916,9479,0,0,0
5916,9561,0,0,0
5916,9562,0,0,0
5916,9563,0,0,0
5916,9564,17,0,17
5916,9565,0,0,0
5916,9571,0,0,0
5916,9572,0,0,0
5916,9573,0,0,0
5916,9574,0,0,0
5916,9575,0,0,0
5916,9576,0,0,0
5916,9577,0,0,0
5916,9661,0,0,0
5916,9662,0,0,0
5916,9663,0,0,0
5916,9671,0,0,0
5916,9672,0,0,0
5916,9673,0,0,0
5916,9674,0,0,0
5916,9675,0,0,0
5916,9676,0,0,0
5916,9677,0,0,0
5916,9678,0,0,0
5916,9679,0,0,0
5916,9761,0,0,0
5916,9762,0,0,0
5916,9763,0,0,0
5916,9764,0,0,0
5916,9771,0,0,0
5916,9772,0,0,0
5916,9773,0,0,0
5916,9774,0,0,0
5916,9775,0,0,0
5916,9776,0,0,0
5916,9777,0,0,0
5916,9778,0,0,0
5916,9779,0,0,0
5916,9780,0,0,0
5916,10041,58,58,0
5916,10042,0,0,0
5916,10043,28,28,0
5916,10044,25,25,0
5916,10045,12,12,0
5916,10046,15,15,0
5916,11000,168,55,113
5916,12051,0,0,0
5916,12052,0,0,0
5916,12053,0,0,0
5916,12054,0,0,0
5916,12060,0,0,0
5916,12061,0,0,0
5916,12062,0,0,0
5916,12063,0,0,0
5916,12064,0,0,0
5916,12065,0,0,0
5916,12066,0,0,0
5916,12067,0,0,0
5916,12068,0,0,0
5916,12069,0,0,0
5916,12070,0,0,0
5916,12071,0,0,0
5916,12072,0,0,0
5916,12073,0,0,0
5916,13003,0,0,0
5916,13004,0,0,0
5916,13071,0,0,0
5916,13072,0,0,0
5916,13073,0,0,0
5916,13074,0,0,0
5916,13075,0,0,0
5916,13076,0,0,0
5916,14511,0,0,0
5916,14521,0,0,0
5916,14522,0,0,0
5916,14523,0,0,0
5916,14524,0,0,0
5916,14612,0,0,0
5916,14625,0,0,0
5916,14626,0,0,0
5916,14627,0,0,0
5916,14628,0,0,0
5916,14713,19,19,0
5916,14729,0,0,0
5916,14730,0,0,0
5916,15001,0,0,0
5916,15002,0,0,0
5916,15003,0,0,0
5916,15081,0,0,0
5916,15082,0,0,0
5916,15083,0,0,0
5916,15084,12,12,0
5916,15085,0,0,0
5916,15086,0,0,0
5916,15087,0,0,0
5916,15088,0,0,0
5916,15089,0,0,0
5916,15090,0,0,0
5916,15091,0,0,0
5916,16051,0,0,0
5916,16052,0,0,0
5916,16053,0,0,0
5916,16054,0,0,0
5916,16055,0,0,0
5916,16056,0,0,0
5916,16061,0,0,0
5916,16062,0,0,0
5916,16063,0,0,0
5916,16064,0,0,0
5916,16065,0,0,0
5916,16066,0,0,0
5916,16067,0,0,0
5916,16068,0,0,0
5916,16069,0,0,0
5916,16070,0,0,0
5916,16071,0,0,0
5916,16072,0,0,0
5916,16073,0,0,0
5916,16074,0,0,0
5916,16075,0,0,0
5916,16076,0,0,0
5916,16077,0,0,0
5954,1001,0,0,0
5954,1002,14,0,14
5954,1003,23,0,23
5954,1004,14,0,14
5954,1051,0,0,0
5954,1053,10,10,0
5954,1054,11,0,11
5954,1055,0,0,0
5954,1056,23,0,23
5954,1057,0,0,0
5954,1058,0,0,0
5954,1059,0,0,0
5954,1060,28,18,10
5954,1061,0,0,0
5954,1062,39,18,21
5954,2000,358,127,231
5954,3101,39,14,25
5954,3102,0,0,0
5954,3103,0,0,0
5954,3151,0,0,0
5954,3153,0,0,0
5954,3154,0,0,0
5954,3155,12,12,0
5954,3157,11,11,0
5954,3158,0,0,0
5954,3159,23,11,12
5954,3241,191,70,121
5954,3251,33,18,15
5954,3252,0,0,0
5954,3254,17,17,0
5954,3255,0,0,0
5954,3256,0,0,0
5954,3257,22,12,10
5954,3351,0,0,0
5954,3352,0,0,0
5954,3353,14,14,0
5954,3354,0,0,0
5954,3355,0,0,0
5954,3356,14,14,0
5954,3357,0,0,0
5954,3358,0,0,0
5954,3359,0,0,0
5954,3360,0,0,0
5954,3361,22,10,12
5954,3401,0,0,0
5954,3402,0,0,0
5954,3403,21,11,10
5954,3404,50,14,36
5954,3405,0,0,0
5954,3451,11,11,0
5954,3452,16,16,0
5954,3453,0,0,0
5954,3454,96,64,32
5954,3455,0,0,0
5954,3456,10,10,0
5954,3457,28,16,12
5954,3458,13,13,0
5954,3459,77,29,48
5954,3460,10,10,0
5954,3461,0,0,0
5954,3462,0,0,0
5954,4011,134,71,63
5954,4012,0,0,0
5954,5111,2445,376,2069
5954,5112,954,370,584
5954,5113,6477,1817,4660
5954,5114,228,99,129
5954,5116,102,58,44
5954,5117,539,199,340
5954,5119,520,208,312
5954,5120,1719,639,1080
5954,5122,686,315,371
5954,5124,14494,5334,9160
5954,5154,113,63,50
5954,5158,3776,1219,2557
5954,5162,420,153,267
5954,5166,128,84,44
5954,5170,422,265,157
5954,5314,204,84,120
5954,5315,1256,288,968
5954,5316,267,109,158
5954,5334,141,62,79
5954,5358,103,34,69
5954,5362,209,77,132
5954,5366,14,14,0
5954,5370,57,31,26
5954,5374,1213,581,632
5954,5378,571,252,319
5954,5382,192,115,77
5954,5512,352,186,166
5954,5513,1560,854,706
5954,5515,377,101,276
5954,5554,211,93,118
5954,5558,208,137,71
5954,5562,3366,2292,1074
5954,5566,127,81,46
5954,5570,178,101,77
5954,5711,462,102,360
5954,5754,149,65,84
5954,5758,57,32,25
5954,5762,25,13,12
5954,5766,65,41,24
5954,5770,74,34,40
5954,5774,123,40,83
5954,5911,17278,7623,9655
5954,5913,14280,6120,8160
5954,5914,18086,9435,8651
5954,5915,355,208,147
5954,5916,2279,1278,1001
5954,5954,0,0,0
5954,5958,305,160,145
5954,5962,4142,1828,2314
5954,5966,108,46,62
5954,5970,217,78,139
5954,5974,352,197,155
5954,5978,3128,1771,1357
5954,6411,29,0,29
5954,6412,257,40,217
5954,6413,0,0,0
5954,6414,44,16,28
5954,6431,44,26,18
5954,6432,25,13,12
5954,6433,41,15,26
5954,6434,69,10,59
5954,6435,53,30,23
5954,6436,64,0,64
5954,6437,0,0,0
5954,6438,51,14,37
5954,6439,25,13,12
5954,6440,53,30,23
5954,6531,37,27,10
5954,6532,101,69,32
5954,6533,42,21,21
5954,6534,54,41,13
5954,6535,0,0,0
5954,6611,17,0,17
5954,6631,22,0,22
5954,6632,0,0,0
5954,6633,22,11,11
5954,6634,0,0,0
5954,6635,26,14,12
5954,6636,0,0,0
5954,7111,19,0,19
5954,7131,11,11,0
5954,7132,28,13,15
5954,7133,0,0,0
5954,7134,0,0,0
5954,7135,0,0,0
5954,7137,28,13,15
5954,7138,35,12,23
5954,7140,11,0,11
5954,7141,0,0,0
5954,7143,32,21,11
5954,7211,0,0,0
5954,7231,10,0,10
5954,7232,10,0,10
5954,7233,0,0,0
5954,7235,0,0,0
5954,7311,0,0,0
5954,7312,0,0,0
5954,7313,0,0,0
5954,7314,14,0,14
5954,7315,25,12,13
5954,7316,0,0,0
5954,7317,0,0,0
5954,7318,0,0,0
5954,7319,0,0,0
5954,7320,0,0,0
5954,7331,0,0,0
5954,7332,0,0,0
5954,7333,0,0,0
5954,7334,0,0,0
5954,7335,0,0,0
5954,7336,0,0,0
5954,7337,0,0,0
5954,7338,0,0,0
5954,7339,12,0,12
5954,7340,0,0,0
5954,8111,89,28,61
5954,8115,38,13,25
5954,8116,64,18,46
5954,8117,13,0,13
5954,8118,62,20,42
5954,8119,54,38,16
5954,8121,10,0,10
5954,8125,31,16,15
5954,8126,15,0,15
5954,8127,0,0,0
5954,8128,0,0,0
5954,8135,0,0,0
5954,8136,14,0,14
5954,8211,0,0,0
5954,8212,34,10,24
5954,8215,60,29,31
5954,8216,0,0,0
5954,8221,0,0,0
5954,8222,47,12,35
5954,8225,0,0,0
5954,8226,55,29,26
5954,8231,0,0,0
5954,8235,0,0,0
5954,8236,27,11,16
5954,8237,0,0,0
5954,8311,14,0,14
5954,8315,10,10,0
5954,8316,0,0,0
5954,8317,31,18,13
5954,8325,10,10,0
5954,8326,34,15,19
5954,8327,12,0,12
5954,8335,0,0,0
5954,8336,36,11,25
5954,8337,0,0,0
5954,8415,11,0,11
5954,8416,24,14,10
5954,8417,0,0,0
5954,8421,14,0,14
5954,8425,11,11,0
5954,8426,0,0,0
5954,8435,13,0,13
5954,8436,0,0,0
5954,8437,0,0,0
5954,9161,12,0,12
5954,9162,279,38,241
5954,9163,0,0,0
5954,9171,0,0,0
5954,9172,0,0,0
5954,9173,0,0,0
5954,9174,29,19,10
5954,9175,0,0,0
5954,9176,0,0,0
5954,9177,0,0,0
5954,9178,16,0,16
5954,9179,0,0,0
5954,9180,0,0,0
5954,9181,0,0,0
5954,9182,10,0,10
5954,9183,0,0,0
5954,9184,101,13,88
5954,9185,0,0,0
5954,9186,0,0,0
5954,9187,0,0,0
5954,9188,60,0,60
5954,9189,10,0,10
5954,9190,0,0,0
5954,9261,0,0,0
5954,9262,0,0,0
5954,9263,0,0,0
5954,9271,0,0,0
5954,9272,0,0,0
5954,9273,0,0,0
5954,9274,0,0,0
5954,9275,0,0,0
5954,9276,0,0,0
5954,9277,0,0,0
5954,9278,0,0,0
5954,9279,0,0,0
5954,9361,0,0,0
5954,9362,10,0,10
5954,9363,0,0,0
5954,9371,0,0,0
5954,9372,0,0,0
5954,9373,0,0,0
5954,9374,0,0,0
5954,9375,10,10,0
5954,9376,0,0,0
5954,9377,0,0,0
5954,9461,0,0,0
5954,9462,0,0,0
5954,9463,0,0,0
5954,9464,0,0,0
5954,9471,0,0,0
5954,9472,0,0,0
5954,9473,0,0,0
5954,9474,0,0,0
5954,9475,14,0,14
5954,9476,0,0,0
5954,9477,0,0,0
5954,9478,0,0,0
5954,9479,0,0,0
5954,9561,0,0,0
5954,9562,20,0,20
5954,9563,0,0,0
5954,9564,64,15,49
5954,9565,0,0,0
5954,9571,0,0,0
5954,9572,0,0,0
5954,9573,0,0,0
5954,9574,0,0,0
5954,9575,0,0,0
5954,9576,0,0,0
5954,9577,0,0,0
5954,9661,11,0,11
5954,9662,0,0,0
5954,9663,0,0,0
5954,9671,0,0,0
5954,9672,0,0,0
5954,9673,0,0,0
5954,9674,0,0,0
5954,9675,0,0,0
5954,9676,0,0,0
5954,9677,18,0,18
5954,9678,14,0,14
5954,9679,10,0,10
5954,9761,47,22,25
5954,9762,0,0,0
5954,9763,0,0,0
5954,9764,0,0,0
5954,9771,0,0,0
5954,9772,43,33,10
5954,9773,28,28,0
5954,9774,10,10,0
5954,9775,10,10,0
5954,9776,0,0,0
5954,9777,0,0,0
5954,9778,0,0,0
5954,9779,0,0,0
5954,9780,0,0,0
5954,10041,30,11,19
5954,10042,13,0,13
5954,10043,0,0,0
5954,10044,0,0,0
5954,10045,0,0,0
5954,10046,0,0,0
5954,11000,372,119,253
5954,12051,0,0,0
5954,12052,0,0,0
5954,12053,0,0,0
5954,12054,10,0,10
5954,12060,0,0,0
5954,12061,0,0,0
5954,12062,0,0,0
5954,12063,0,0,0
5954,12064,0,0,0
5954,12065,0,0,0
5954,12066,0,0,0
5954,12067,0,0,0
5954,12068,0,0,0
5954,12069,10,10,0
5954,12070,0,0,0
5954,12071,0,0,0
5954,12072,0,0,0
5954,12073,0,0,0
5954,13003,0,0,0
5954,13004,0,0,0
5954,13071,0,0,0
5954,13072,0,0,0
5954,13073,0,0,0
5954,13074,0,0,0
5954,13075,12,12,0
5954,13076,0,0,0
5954,14511,11,11,0
5954,14521,0,0,0
5954,14522,12,12,0
5954,14523,10,10,0
5954,14524,0,0,0
5954,14612,30,13,17
5954,14625,0,0,0
5954,14626,0,0,0
5954,14627,0,0,0
5954,14628,0,0,0
5954,14713,42,25,17
5954,14729,0,0,0
5954,14730,0,0,0
5954,15001,0,0,0
5954,15002,0,0,0
5954,15003,0,0,0
5954,15081,0,0,0
5954,15082,0,0,0
5954,15083,0,0,0
5954,15084,0,0,0
5954,15085,0,0,0
5954,15086,0,0,0
5954,15087,0,0,0
5954,15088,0,0,0
5954,15089,0,0,0
5954,15090,0,0,0
5954,15091,0,0,0
5954,16051,11,11,0
5954,16052,12,0,12
5954,16053,0,0,0
5954,16054,0,0,0
5954,16055,0,0,0
5954,16056,0,0,0
5954,16061,0,0,0
5954,16062,0,0,0
5954,16063,0,0,0
5954,16064,0,0,0
5954,16065,0,0,0
5954,16066,0,0,0
5954,16067,0,0,0
5954,16068,0,0,0
5954,16069,0,0,0
5954,16070,0,0,0
5954,16071,0,0,0
5954,16072,0,0,0
5954,16073,0,0,0
5954,16074,0,0,0
5954,16075,0,0,0
5954,16076,0,0,0
5954,16077,0,0,0
5958,1001,0,0,0
5958,1002,12,0,12
5958,1003,12,0,12
5958,1004,0,0,0
5958,1051,0,0,0
5958,1053,0,0,0
5958,1054,35,35,0
5958,1055,0,0,0
5958,1056,0,0,0
5958,1057,0,0,0
5958,1058,0,0,0
5958,1059,0,0,0
5958,1060,18,18,0
5958,1061,0,0,0
5958,1062,0,0,0
5958,2000,192,65,127
5958,3101,11,0,11
5958,3102,0,0,0
5958,3103,0,0,0
5958,3151,0,0,0
5958,3153,10,10,0
5958,3154,0,0,0
5958,3155,15,15,0
5958,3157,0,0,0
5958,3158,0,0,0
5958,3159,66,41,25
5958,3241,138,40,98
5958,3251,13,13,0
5958,3252,0,0,0
5958,3254,13,13,0
5958,3255,0,0,0
5958,3256,0,0,0
5958,3257,27,17,10
5958,3351,0,0,0
5958,3352,10,0,10
5958,3353,10,10,0
5958,3354,0,0,0
5958,3355,0,0,0
5958,3356,0,0,0
5958,3357,0,0,0
5958,3358,0,0,0
5958,3359,0,0,0
5958,3360,0,0,0
5958,3361,0,0,0
5958,3401,0,0,0
5958,3402,0,0,0
5958,3403,21,0,21
5958,3404,31,19,12
5958,3405,0,0,0
5958,3451,0,0,0
5958,3452,16,0,16
5958,3453,0,0,0
5958,3454,27,11,16
5958,3455,0,0,0
5958,3456,0,0,0
5958,3457,0,0,0
5958,3458,0,0,0
5958,3459,69,38,31
5958,3460,0,0,0
5958,3461,20,20,0
5958,3462,0,0,0
5958,4011,48,19,29
5958,4012,0,0,0
5958,5111,347,77,270
5958,5112,105,37,68
5958,5113,262,65,197
5958,5114,58,20,38
5958,5116,36,21,15
5958,5117,42,26,16
5958,5119,61,19,42
5958,5120,36,18,18
5958,5122,49,32,17
5958,5124,102,42,60
5958,5154,73,29,44
5958,5158,157,50,107
5958,5162,86,41,45
5958,5166,47,29,18
5958,5170,80,34,46
5958,5314,106,19,87
5958,5315,371,119,252
5958,5316,45,20,25
5958,5334,84,46,38
5958,5358,33,17,16
5958,5362,72,37,35
5958,5366,37,24,13
5958,5370,44,13,31
5958,5374,86,32,54
5958,5378,74,44,30
5958,5382,80,48,32
5958,5512,49,29,20
5958,5513,166,46,120
5958,5515,435,119,316
5958,5554,100,72,28
5958,5558,127,101,26
5958,5562,286,180,106
5958,5566,98,56,42
5958,5570,361,194,167
5958,5711,265,60,205
5958,5754,297,103,194
5958,5758,56,36,20
5958,5762,788,531,257
5958,5766,188,113,75
5958,5770,67,31,36
5958,5774,3288,1605,1683
5958,5911,309,125,184
5958,5913,1765,630,1135
5958,5914,496,161,335
5958,5915,748,393,355
5958,5916,62,42,20
5958,5954,305,145,160
5958,5958,0,0,0
5958,5962,4702,2144,2558
5958,5966,3425,1489,1936
5958,5970,1091,574,517
5958,5974,10953,6316,4637
5958,5978,1638,814,824
5958,6411,12,0,12
5958,6412,149,18,131
5958,6413,0,0,0
5958,6414,41,28,13
5958,6431,33,23,10
5958,6432,0,0,0
5958,6433,15,15,0
5958,6434,42,11,31
5958,6435,65,19,46
5958,6436,25,0,25
5958,6437,0,0,0
5958,6438,43,14,29
5958,6439,0,0,0
5958,6440,37,18,19
5958,6531,60,33,27
5958,6532,86,40,46
5958,6533,0,0,0
5958,6534,243,90,153
5958,6535,0,0,0
5958,6611,173,62,111
5958,6631,30,14,16
5958,6632,40,23,17
5958,6633,176,95,81
5958,6634,72,51,21
5958,6635,5624,2614,3010
5958,6636,28,28,0
5958,7111,0,0,0
5958,7131,0,0,0
5958,7132,34,34,0
5958,7133,0,0,0
5958,7134,0,0,0
5958,7135,0,0,0
5958,7137,0,0,0
5958,7138,57,14,43
5958,7140,0,0,0
5958,7141,11,11,0
5958,7143,17,17,0
5958,7211,0,0,0
5958,7231,0,0,0
5958,7232,0,0,0
5958,7233,0,0,0
5958,7235,0,0,0
5958,7311,0,0,0
5958,7312,0,0,0
5958,7313,0,0,0
5958,7314,0,0,0
5958,7315,30,12,18
5958,7316,0,0,0
5958,7317,0,0,0
5958,7318,0,0,0
5958,7319,0,0,0
5958,7320,0,0,0
5958,7331,0,0,0
5958,7332,0,0,0
5958,7333,0,0,0
5958,7334,0,0,0
5958,7335,0,0,0
5958,7336,0,0,0
5958,7337,0,0,0
5958,7338,0,0,0
5958,7339,18,18,0
5958,7340,0,0,0
5958,8111,49,21,28
5958,8115,15,0,15
5958,8116,41,17,24
5958,8117,0,0,0
5958,8118,48,18,30
5958,8119,33,20,13
5958,8121,0,0,0
5958,8125,17,0,17
5958,8126,24,0,24
5958,8127,11,0,11
5958,8128,0,0,0
5958,8135,0,0,0
5958,8136,0,0,0
5958,8211,0,0,0
5958,8212,10,0,10
5958,8215,29,15,14
5958,8216,12,0,12
5958,8221,0,0,0
5958,8222,45,11,34
5958,8225,0,0,0
5958,8226,25,10,15
5958,8231,0,0,0
5958,8235,0,0,0
5958,8236,0,0,0
5958,8237,0,0,0
5958,8311,11,0,11
5958,8315,0,0,0
5958,8316,0,0,0
5958,8317,11,0,11
5958,8325,0,0,0
5958,8326,12,12,0
5958,8327,0,0,0
5958,8335,12,0,12
5958,8336,10,0,10
5958,8337,0,0,0
5958,8415,11,11,0
5958,8416,0,0,0
5958,8417,0,0,0
5958,8421,22,0,22
5958,8425,0,0,0
5958,8426,0,0,0
5958,8435,0,0,0
5958,8436,0,0,0
5958,8437,0,0,0
5958,9161,0,0,0
5958,9162,128,39,89
5958,9163,0,0,0
5958,9171,0,0,0
5958,9172,0,0,0
5958,9173,0,0,0
5958,9174,0,0,0
5958,9175,10,0,10
5958,9176,0,0,0
5958,9177,0,0,0
5958,9178,10,0,10
5958,9179,0,0,0
5958,9180,0,0,0
5958,9181,0,0,0
5958,9182,0,0,0
5958,9183,0,0,0
5958,9184,60,15,45
5958,9185,0,0,0
5958,9186,0,0,0
5958,9187,0,0,0
5958,9188,0,0,0
5958,9189,0,0,0
5958,9190,0,0,0
5958,9261,0,0,0
5958,9262,0,0,0
5958,9263,0,0,0
5958,9271,0,0,0
5958,9272,0,0,0
5958,9273,0,0,0
5958,9274,0,0,0
5958,9275,0,0,0
5958,9276,0,0,0
5958,9277,0,0,0
5958,9278,0,0,0
5958,9279,0,0,0
5958,9361,0,0,0
5958,9362,0,0,0
5958,9363,0,0,0
5958,9371,0,0,0
5958,9372,0,0,0
5958,9373,0,0,0
5958,9374,0,0,0
5958,9375,0,0,0
5958,9376,0,0,0
5958,9377,0,0,0
5958,9461,0,0,0
5958,9462,0,0,0
5958,9463,0,0,0
5958,9464,0,0,0
5958,9471,0,0,0
5958,9472,0,0,0
5958,9473,0,0,0
5958,9474,0,0,0
5958,9475,0,0,0
5958,9476,0,0,0
5958,9477,0,0,0
5958,9478,0,0,0
5958,9479,0,0,0
5958,9561,0,0,0
5958,9562,10,0,10
5958,9563,0,0,0
5958,9564,47,20,27
5958,9565,0,0,0
5958,9571,0,0,0
5958,9572,0,0,0
5958,9573,0,0,0
5958,9574,13,0,13
5958,9575,0,0,0
5958,9576,0,0,0
5958,9577,0,0,0
5958,9661,10,0,10
5958,9662,0,0,0
5958,9663,0,0,0
5958,9671,0,0,0
5958,9672,11,11,0
5958,9673,0,0,0
5958,9674,0,0,0
5958,9675,0,0,0
5958,9676,12,0,12
5958,9677,0,0,0
5958,9678,0,0,0
5958,9679,0,0,0
5958,9761,11,0,11
5958,9762,10,0,10
5958,9763,0,0,0
5958,9764,0,0,0
5958,9771,0,0,0
5958,9772,13,13,0
5958,9773,0,0,0
5958,9774,0,0,0
5958,9775,0,0,0
5958,9776,0,0,0
5958,9777,0,0,0
5958,9778,0,0,0
5958,9779,0,0,0
5958,9780,0,0,0
5958,10041,0,0,0
5958,10042,0,0,0
5958,10043,0,0,0
5958,10044,0,0,0
5958,10045,0,0,0
5958,10046,0,0,0
5958,11000,239,103,136
5958,12051,0,0,0
5958,12052,0,0,0
5958,12053,0,0,0
5958,12054,12,0,12
5958,12060,0,0,0
5958,12061,0,0,0
5958,12062,0,0,0
5958,12063,0,0,0
5958,12064,0,0,0
5958,12065,0,0,0
5958,12066,0,0,0
5958,12067,0,0,0
5958,12068,0,0,0
5958,12069,0,0,0
5958,12070,0,0,0
5958,12071,0,0,0
5958,12072,0,0,0
5958,12073,0,0,0
5958,13003,0,0,0
5958,13004,0,0,0
5958,13071,11,11,0
5958,13072,0,0,0
5958,13073,0,0,0
5958,13074,0,0,0
5958,13075,0,0,0
5958,13076,0,0,0
5958,14511,0,0,0
5958,14521,0,0,0
5958,14522,0,0,0
5958,14523,0,0,0
5958,14524,0,0,0
5958,14612,0,0,0
5958,14625,0,0,0
5958,14626,14,14,0
5958,14627,0,0,0
5958,14628,0,0,0
5958,14713,72,62,10
5958,14729,24,24,0
5958,14730,13,13,0
5958,15001,0,0,0
5958,15002,0,0,0
5958,15003,0,0,0
5958,15081,0,0,0
5958,15082,0,0,0
5958,15083,0,0,0
5958,15084,0,0,0
5958,15085,0,0,0
5958,15086,0,0,0
5958,15087,11,11,0
5958,15088,14,14,0
5958,15089,0,0,0
5958,15090,0,0,0
5958,15091,18,18,0
5958,16051,12,12,0
5958,16052,0,0,0
5958,16053,0,0,0
5958,16054,0,0,0
5958,16055,0,0,0
5958,16056,0,0,0
5958,16061,22,22,0
5958,16062,0,0,0
5958,16063,10,10,0
5958,16064,32,32,0
5958,16065,14,14,0
5958,16066,10,0,10
5958,16067,10,10,0
5958,16068,0,0,0
5958,16069,0,0,0
5958,16070,0,0,0
5958,16071,0,0,0
5958,16072,0,0,0
5958,16073,0,0,0
5958,16074,0,0,0
5958,16075,0,0,0
5958,16076,0,0,0
5958,16077,0,0,0
5962,1001,0,0,0
5962,1002,0,0,0
5962,1003,31,12,19
5962,1004,0,0,0
5962,1051,0,0,0
5962,1053,0,0,0
5962,1054,0,0,0
5962,1055,15,15,0
5962,1056,30,20,10
5962,1057,0,0,0
5962,1058,14,14,0
5962,1059,0,0,0
5962,1060,57,17,40
5962,1061,0,0,0
5962,1062,23,11,12
5962,2000,301,109,192
5962,3101,20,10,10
5962,3102,0,0,0
5962,3103,14,0,14
5962,3151,10,10,0
5962,3153,0,0,0
5962,3154,32,32,0
5962,3155,11,0,11
5962,3157,0,0,0
5962,3158,0,0,0
5962,3159,29,15,14
5962,3241,180,71,109
5962,3251,15,0,15
5962,3252,0,0,0
5962,3254,65,13,52
5962,3255,0,0,0
5962,3256,15,15,0
5962,3257,12,12,0
5962,3351,10,10,0
5962,3352,0,0,0
5962,3353,13,13,0
5962,3354,0,0,0
5962,3355,0,0,0
5962,3356,0,0,0
5962,3357,0,0,0
5962,3358,0,0,0
5962,3359,0,0,0
5962,3360,0,0,0
5962,3361,23,11,12
5962,3401,0,0,0
5962,3402,0,0,0
5962,3403,48,13,35
5962,3404,48,37,11
5962,3405,0,0,0
5962,3451,0,0,0
5962,3452,36,24,12
5962,3453,11,0,11
5962,3454,59,34,25
5962,3455,0,0,0
5962,3456,11,0,11
5962,3457,0,0,0
5962,3458,14,14,0
5962,3459,105,74,31
5962,3460,12,0,12
5962,3461,0,0,0
5962,3462,0,0,0
5962,4011,50,22,28
5962,4012,0,0,0
5962,5111,895,294,601
5962,5112,209,78,131
5962,5113,693,244,449
5962,5114,82,43,39
5962,5116,137,98,39
5962,5117,113,51,62
5962,5119,109,50,59
5962,5120,378,140,238
5962,5122,150,57,93
5962,5124,944,354,590
5962,5154,77,43,34
5962,5158,453,140,313
5962,5162,186,88,98
5962,5166,105,62,43
5962,5170,148,84,64
5962,5314,141,40,101
5962,5315,798,236,562
5962,5316,91,30,61
5962,5334,105,47,58
5962,5358,40,17,23
5962,5362,182,93,89
5962,5366,32,20,12
5962,5370,32,20,12
5962,5374,5719,3371,2348
5962,5378,373,207,166
5962,5382,229,136,93
5962,5512,46,30,16
5962,5513,304,106,198
5962,5515,506,106,400
5962,5554,99,45,54
5962,5558,145,79,66
5962,5562,644,455,189
5962,5566,175,98,77
5962,5570,210,116,94
5962,5711,216,24,192
5962,5754,133,47,86
5962,5758,57,31,26
5962,5762,32,21,11
5962,5766,80,38,42
5962,5770,260,48,212
5962,5774,166,64,102
5962,5911,1400,848,552
5962,5913,7036,3226,3810
5962,5914,13408,6144,7264
5962,5915,652,339,313
5962,5916,230,129,101
5962,5954,4142,2314,1828
5962,5958,4702,2558,2144
5962,5962,0,0,0
5962,5966,5977,3062,2915
5962,5970,1178,559,619
5962,5974,2677,1419,1258
5962,5978,9595,5034,4561
5962,6411,12,0,12
5962,6412,203,32,171
5962,6413,15,0,15
5962,6414,31,10,21
5962,6431,23,11,12
5962,6432,29,17,12
5962,6433,37,13,24
5962,6434,54,10,44
5962,6435,53,21,32
5962,6436,46,10,36
5962,6437,0,0,0
5962,6438,113,12,101
5962,6439,20,10,10
5962,6440,36,18,18
5962,6531,40,23,17
5962,6532,103,41,62
5962,6533,16,16,0
5962,6534,47,21,26
5962,6535,0,0,0
5962,6611,31,10,21
5962,6631,30,15,15
5962,6632,10,0,10
5962,6633,49,35,14
5962,6634,0,0,0
5962,6635,13,0,13
5962,6636,0,0,0
5962,7111,10,0,10
5962,7131,12,0,12
5962,7132,132,85,47
5962,7133,0,0,0
5962,7134,0,0,0
5962,7135,0,0,0
5962,7137,26,10,16
5962,7138,56,21,35
5962,7140,0,0,0
5962,7141,10,0,10
5962,7143,43,23,20
5962,7211,10,10,0
5962,7231,11,0,11
5962,7232,0,0,0
5962,7233,0,0,0
5962,7235,0,0,0
5962,7311,0,0,0
5962,7312,0,0,0
5962,7313,0,0,0
5962,7314,0,0,0
5962,7315,28,10,18
5962,7316,0,0,0
5962,7317,0,0,0
5962,7318,0,0,0
5962,7319,0,0,0
5962,7320,0,0,0
5962,7331,0,0,0
5962,7332,35,0,35
5962,7333,0,0,0
5962,7334,0,0,0
5962,7335,0,0,0
5962,7336,0,0,0
5962,7337,0,0,0
5962,7338,0,0,0
5962,7339,38,10,28
5962,7340,0,0,0
5962,8111,78,20,58
5962,8115,49,23,26
5962,8116,68,29,39
5962,8117,27,13,14
5962,8118,58,31,27
5962,8119,76,59,17
5962,8121,0,0,0
5962,8125,31,16,15
5962,8126,73,0,73
5962,8127,0,0,0
5962,8128,0,0,0
5962,8135,0,0,0
5962,8136,34,20,14
5962,8211,0,0,0
5962,8212,23,0,23
5962,8215,62,28,34
5962,8216,0,0,0
5962,8221,0,0,0
5962,8222,42,0,42
5962,8225,11,0,11
5962,8226,68,38,30
5962,8231,12,12,0
5962,8235,0,0,0
5962,8236,45,33,12
5962,8237,0,0,0
5962,8311,18,0,18
5962,8315,11,11,0
5962,8316,0,0,0
5962,8317,57,29,28
5962,8325,0,0,0
5962,8326,25,0,25
5962,8327,16,0,16
5962,8335,25,10,15
5962,8336,0,0,0
5962,8337,0,0,0
5962,8415,24,11,13
5962,8416,29,29,0
5962,8417,0,0,0
5962,8421,16,0,16
5962,8425,11,11,0
5962,8426,0,0,0
5962,8435,14,0,14
5962,8436,0,0,0
5962,8437,0,0,0
5962,9161,10,0,10
5962,9162,157,26,131
5962,9163,0,0,0
5962,9171,0,0,0
5962,9172,0,0,0
5962,9173,0,0,0
5962,9174,0,0,0
5962,9175,0,0,0
5962,9176,0,0,0
5962,9177,0,0,0
5962,9178,13,0,13
5962,9179,0,0,0
5962,9180,0,0,0
5962,9181,10,10,0
5962,9182,0,0,0
5962,9183,0,0,0
5962,9184,98,17,81
5962,9185,37,37,0
5962,9186,12,0,12
5962,9187,11,0,11
5962,9188,0,0,0
5962,9189,0,0,0
5962,9190,0,0,0
5962,9261,0,0,0
5962,9262,0,0,0
5962,9263,0,0,0
5962,9271,0,0,0
5962,9272,0,0,0
5962,9273,0,0,0
5962,9274,0,0,0
5962,9275,0,0,0
5962,9276,0,0,0
5962,9277,0,0,0
5962,9278,0,0,0
5962,9279,0,0,0
5962,9361,0,0,0
5962,9362,14,0,14
5962,9363,0,0,0
5962,9371,0,0,0
5962,9372,0,0,0
5962,9373,10,10,0
5962,9374,0,0,0
5962,9375,0,0,0
5962,9376,0,0,0
5962,9377,0,0,0
5962,9461,0,0,0
5962,9462,0,0,0
5962,9463,0,0,0
5962,9464,0,0,0
5962,9471,0,0,0
5962,9472,0,0,0
5962,9473,22,22,0
5962,9474,10,10,0
5962,9475,37,0,37
5962,9476,0,0,0
5962,9477,0,0,0
5962,9478,0,0,0
5962,9479,0,0,0
5962,9561,0,0,0
5962,9562,10,0,10
5962,9563,10,10,0
5962,9564,47,20,27
5962,9565,0,0,0
5962,9571,0,0,0
5962,9572,0,0,0
5962,9573,0,0,0
5962,9574,13,13,0
5962,9575,0,0,0
5962,9576,0,0,0
5962,9577,0,0,0
5962,9661,0,0,0
5962,9662,0,0,0
5962,9663,15,0,15
5962,9671,14,14,0
5962,9672,0,0,0
5962,9673,0,0,0
5962,9674,0,0,0
5962,9675,0,0,0
5962,9676,0,0,0
5962,9677,0,0,0
5962,9678,0,0,0
5962,9679,0,0,0
5962,9761,19,0,19
5962,9762,0,0,0
5962,9763,0,0,0
5962,9764,0,0,0
5962,9771,0,0,0
5962,9772,14,0,14
5962,9773,0,0,0
5962,9774,0,0,0
5962,9775,0,0,0
5962,9776,0,0,0
5962,9777,0,0,0
5962,9778,10,10,0
5962,9779,0,0,0
5962,9780,37,0,37
5962,10041,15,0,15
5962,10042,15,15,0
5962,10043,0,0,0
5962,10044,0,0,0
5962,10045,10,0,10
5962,10046,0,0,0
5962,11000,396,188,208
5962,12051,0,0,0
5962,12052,0,0,0
5962,12053,0,0,0
5962,12054,20,0,20
5962,12060,0,0,0
5962,12061,0,0,0
5962,12062,0,0,0
5962,12063,0,0,0
5962,12064,0,0,0
5962,12065,0,0,0
5962,12066,0,0,0
5962,12067,0,0,0
5962,12068,0,0,0
5962,12069,10,10,0
5962,12070,0,0,0
5962,12071,0,0,0
5962,12072,25,0,25
5962,12073,0,0,0
5962,13003,11,11,0
5962,13004,0,0,0
5962,13071,0,0,0
5962,13072,0,0,0
5962,13073,0,0,0
5962,13074,16,0,16
5962,13075,0,0,0
5962,13076,0,0,0
5962,14511,23,0,23
5962,14521,17,17,0
5962,14522,10,10,0
5962,14523,13,13,0
5962,14524,10,10,0
5962,14612,28,11,17
5962,14625,12,12,0
5962,14626,0,0,0
5962,14627,0,0,0
5962,14628,0,0,0
5962,14713,32,21,11
5962,14729,11,11,0
5962,14730,0,0,0
5962,15001,0,0,0
5962,15002,0,0,0
5962,15003,23,12,11
5962,15081,0,0,0
5962,15082,20,20,0
5962,15083,20,20,0
5962,15084,0,0,0
5962,15085,21,10,11
5962,15086,0,0,0
5962,15087,0,0,0
5962,15088,0,0,0
5962,15089,0,0,0
5962,15090,0,0,0
5962,15091,0,0,0
5962,16051,0,0,0
5962,16052,0,0,0
5962,16053,0,0,0
5962,16054,0,0,0
5962,16055,0,0,0
5962,16056,0,0,0
5962,16061,0,0,0
5962,16062,0,0,0
5962,16063,0,0,0
5962,16064,0,0,0
5962,16065,0,0,0
5962,16066,54,54,0
5962,16067,0,0,0
5962,16068,0,0,0
5962,16069,0,0,0
5962,16070,10,10,0
5962,16071,0,0,0
5962,16072,0,0,0
5962,16073,0,0,0
5962,16074,0,0,0
5962,16075,0,0,0
5962,16076,0,0,0
5962,16077,0,0,0
5966,1001,0,0,0
5966,1002,0,0,0
5966,1003,0,0,0
5966,1004,0,0,0
5966,1051,0,0,0
5966,1053,0,0,0
5966,1054,0,0,0
5966,1055,0,0,0
5966,1056,0,0,0
5966,1057,0,0,0
5966,1058,0,0,0
5966,1059,0,0,0
5966,1060,0,0,0
5966,1061,0,0,0
5966,1062,0,0,0
5966,2000,65,23,42
5966,3101,0,0,0
5966,3102,0,0,0
5966,3103,0,0,0
5966,3151,0,0,0
5966,3153,0,0,0
5966,3154,0,0,0
5966,3155,0,0,0
5966,3157,0,0,0
5966,3158,0,0,0
5966,3159,0,0,0
5966,3241,49,18,31
5966,3251,0,0,0
5966,3252,0,0,0
5966,3254,11,0,11
5966,3255,0,0,0
5966,3256,0,0,0
5966,3257,0,0,0
5966,3351,0,0,0
5966,3352,0,0,0
5966,3353,0,0,0
5966,3354,0,0,0
5966,3355,0,0,0
5966,3356,0,0,0
5966,3357,0,0,0
5966,3358,0,0,0
5966,3359,0,0,0
5966,3360,0,0,0
5966,3361,0,0,0
5966,3401,0,0,0
5966,3402,0,0,0
5966,3403,0,0,0
5966,3404,10,0,10
5966,3405,0,0,0
5966,3451,0,0,0
5966,3452,0,0,0
5966,3453,0,0,0
5966,3454,0,0,0
5966,3455,0,0,0
5966,3456,0,0,0
5966,3457,0,0,0
5966,3458,0,0,0
5966,3459,0,0,0
5966,3460,0,0,0
5966,3461,0,0,0
5966,3462,0,0,0
5966,4011,62,52,10
5966,4012,0,0,0
5966,5111,148,27,121
5966,5112,51,18,33
5966,5113,112,33,79
5966,5114,0,0,0
5966,5116,23,0,23
5966,5117,0,0,0
5966,5119,31,0,31
5966,5120,61,42,19
5966,5122,46,35,11
5966,5124,106,40,66
5966,5154,15,0,15
5966,5158,120,73,47
5966,5162,36,22,14
5966,5166,24,10,14
5966,5170,29,19,10
5966,5314,233,172,61
5966,5315,730,314,416
5966,5316,87,30,57
5966,5334,71,42,29
5966,5358,14,14,0
5966,5362,136,93,43
5966,5366,16,16,0
5966,5370,0,0,0
5966,5374,3534,2287,1247
5966,5378,361,285,76
5966,5382,451,379,72
5966,5512,0,0,0
5966,5513,43,16,27
5966,5515,74,18,56
5966,5554,25,12,13
5966,5558,13,13,0
5966,5562,87,59,28
5966,5566,25,14,11
5966,5570,43,23,20
5966,5711,50,0,50
5966,5754,35,17,18
5966,5758,0,0,0
5966,5762,0,0,0
5966,5766,0,0,0
5966,5770,13,13,0
5966,5774,94,25,69
5966,5911,85,37,48
5966,5913,315,141,174
5966,5914,291,119,172
5966,5915,38,21,17
5966,5916,11,0,11
5966,5954,108,62,46
5966,5958,3425,1936,1489
5966,5962,5977,2915,3062
5966,5966,0,0,0
5966,5970,9841,5075,4766
5966,5974,185,85,100
5966,5978,150,89,61
5966,6411,0,0,0
5966,6412,93,15,78
5966,6413,0,0,0
5966,6414,11,0,11
5966,6431,0,0,0
5966,6432,0,0,0
5966,6433,13,0,13
5966,6434,23,0,23
5966,6435,14,14,0
5966,6436,13,0,13
5966,6437,0,0,0
5966,6438,11,0,11
5966,6439,0,0,0
5966,6440,11,0,11
5966,6531,39,16,23
5966,6532,196,87,109
5966,6533,14,0,14
5966,6534,49,29,20
5966,6535,0,0,0
5966,6611,0,0,0
5966,6631,0,0,0
5966,6632,0,0,0
5966,6633,0,0,0
5966,6634,0,0,0
5966,6635,23,10,13
5966,6636,0,0,0
5966,7111,21,10,11
5966,7131,17,17,0
5966,7132,787,601,186
5966,7133,0,0,0
5966,7134,0,0,0
5966,7135,0,0,0
5966,7137,22,12,10
5966,7138,46,22,24
5966,7140,0,0,0
5966,7141,13,0,13
5966,7143,81,48,33
5966,7211,0,0,0
5966,7231,0,0,0
5966,7232,0,0,0
5966,7233,0,0,0
5966,7235,0,0,0
5966,7311,0,0,0
5966,7312,0,0,0
5966,7313,0,0,0
5966,7314,0,0,0
5966,7315,0,0,0
5966,7316,0,0,0
5966,7317,0,0,0
5966,7318,0,0,0
5966,7319,0,0,0
5966,7320,0,0,0
5966,7331,0,0,0
5966,7332,0,0,0
5966,7333,0,0,0
5966,7334,0,0,0
5966,7335,0,0,0
5966,7336,0,0,0
5966,7337,0,0,0
5966,7338,0,0,0
5966,7339,0,0,0
5966,7340,0,0,0
5966,8111,25,0,25
5966,8115,12,0,12
5966,8116,0,0,0
5966,8117,0,0,0
5966,8118,0,0,0
5966,8119,48,0,48
5966,8121,0,0,0
5966,8125,0,0,0
5966,8126,0,0,0
5966,8127,0,0,0
5966,8128,0,0,0
5966,8135,0,0,0
5966,8136,0,0,0
5966,8211,0,0,0
5966,8212,0,0,0
5966,8215,22,12,10
5966,8216,0,0,0
5966,8221,0,0,0
5966,8222,16,0,16
5966,8225,0,0,0
5966,8226,11,0,11
5966,8231,0,0,0
5966,8235,0,0,0
5966,8236,0,0,0
5966,8237,0,0,0
5966,8311,0,0,0
5966,8315,0,0,0
5966,8316,0,0,0
5966,8317,54,0,54
5966,8325,0,0,0
5966,8326,0,0,0
5966,8327,0,0,0
5966,8335,0,0,0
5966,8336,0,0,0
5966,8337,0,0,0
5966,8415,0,0,0
5966,8416,0,0,0
5966,8417,0,0,0
5966,8421,0,0,0
5966,8425,0,0,0
5966,8426,0,0,0
5966,8435,0,0,0
5966,8436,10,0,10
5966,8437,0,0,0
5966,9161,0,0,0
5966,9162,57,23,34
5966,9163,0,0,0
5966,9171,0,0,0
5966,9172,0,0,0
5966,9173,0,0,0
5966,9174,0,0,0
5966,9175,0,0,0
5966,9176,0,0,0
5966,9177,0,0,0
5966,9178,0,0,0
5966,9179,0,0,0
5966,9180,0,0,0
5966,9181,0,0,0
5966,9182,0,0,0
5966,9183,0,0,0
5966,9184,18,0,18
5966,9185,0,0,0
5966,9186,0,0,0
5966,9187,0,0,0
5966,9188,0,0,0
5966,9189,0,0,0
5966,9190,0,0,0
5966,9261,0,0,0
5966,9262,0,0,0
5966,9263,0,0,0
5966,9271,0,0,0
5966,9272,0,0,0
5966,9273,0,0,0
5966,9274,0,0,0
5966,9275,0,0,0
5966,9276,0,0,0
5966,9277,0,0,0
5966,9278,0,0,0
5966,9279,0,0,0
5966,9361,0,0,0
5966,9362,0,0,0
5966,9363,0,0,0
5966,9371,0,0,0
5966,9372,0,0,0
5966,9373,0,0,0
5966,9374,0,0,0
5966,9375,0,0,0
5966,9376,0,0,0
5966,9377,0,0,0
5966,9461,0,0,0
5966,9462,0,0,0
5966,9463,0,0,0
5966,9464,0,0,0
5966,9471,0,0,0
5966,9472,0,0,0
5966,9473,0,0,0
5966,9474,0,0,0
5966,9475,0,0,0
5966,9476,0,0,0
5966,9477,0,0,0
5966,9478,0,0,0
5966,9479,0,0,0
5966,9561,0,0,0
5966,9562,0,0,0
5966,9563,0,0,0
5966,9564,11,11,0
5966,9565,0,0,0
5966,9571,0,0,0
5966,9572,0,0,0
5966,9573,0,0,0
5966,9574,0,0,0
5966,9575,0,0,0
5966,9576,0,0,0
5966,9577,0,0,0
5966,9661,0,0,0
5966,9662,0,0,0
5966,9663,0,0,0
5966,9671,0,0,0
5966,9672,0,0,0
5966,9673,0,0,0
5966,9674,0,0,0
5966,9675,0,0,0
5966,9676,0,0,0
5966,9677,0,0,0
5966,9678,0,0,0
5966,9679,0,0,0
5966,9761,0,0,0
5966,9762,0,0,0
5966,9763,0,0,0
5966,9764,0,0,0
5966,9771,0,0,0
5966,9772,0,0,0
5966,9773,0,0,0
5966,9774,0,0,0
5966,9775,0,0,0
5966,9776,0,0,0
5966,9777,0,0,0
5966,9778,0,0,0
5966,9779,0,0,0
5966,9780,0,0,0
5966,10041,10,0,10
5966,10042,0,0,0
5966,10043,0,0,0
5966,10044,0,0,0
5966,10045,0,0,0
5966,10046,0,0,0
5966,11000,78,31,47
5966,12051,0,0,0
5966,12052,0,0,0
5966,12053,0,0,0
5966,12054,0,0,0
5966,12060,0,0,0
5966,12061,0,0,0
5966,12062,0,0,0
5966,12063,0,0,0
5966,12064,0,0,0
5966,12065,0,0,0
5966,12066,0,0,0
5966,12067,0,0,0
5966,12068,16,0,16
5966,12069,0,0,0
5966,12070,0,0,0
5966,12071,0,0,0
5966,12072,0,0,0
5966,12073,18,18,0
5966,13003,0,0,0
5966,13004,0,0,0
5966,13071,0,0,0
5966,13072,0,0,0
5966,13073,0,0,0
5966,13074,79,0,79
5966,13075,0,0,0
5966,13076,0,0,0
5966,14511,0,0,0
5966,14521,0,0,0
5966,14522,0,0,0
5966,14523,0,0,0
5966,14524,0,0,0
5966,14612,66,66,0
5966,14625,0,0,0
5966,14626,0,0,0
5966,14627,0,0,0
5966,14628,0,0,0
5966,14713,10,10,0
5966,14729,0,0,0
5966,14730,0,0,0
5966,15001,0,0,0
5966,15002,0,0,0
5966,15003,0,0,0
5966,15081,0,0,0
5966,15082,0,0,0
5966,15083,0,0,0
5966,15084,0,0,0
5966,15085,0,0,0
5966,15086,0,0,0
5966,15087,0,0,0
5966,15088,0,0,0
5966,15089,0,0,0
5966,15090,14,14,0
5966,15091,0,0,0
5966,16051,0,0,0
5966,16052,0,0,0
5966,16053,0,0,0
5966,16054,0,0,0
5966,16055,0,0,0
5966,16056,0,0,0
5966,16061,0,0,0
5966,16062,0,0,0
5966,16063,17,0,17
5966,16064,0,0,0
5966,16065,0,0,0
5966,16066,0,0,0
5966,16067,0,0,0
5966,16068,0,0,0
5966,16069,0,0,0
5966,16070,0,0,0
5966,16071,0,0,0
5966,16072,0,0,0
5966,16073,0,0,0
5966,16074,0,0,0
5966,16075,0,0,0
5966,16076,0,0,0
5966,16077,0,0,0
5970,1001,0,0,0
5970,1002,0,0,0
5970,1003,27,11,16
5970,1004,19,0,19
5970,1051,0,0,0
5970,1053,0,0,0
5970,1054,0,0,0
5970,1055,40,40,0
5970,1056,18,18,0
5970,1057,0,0,0
5970,1058,77,0,77
5970,1059,0,0,0
5970,1060,12,0,12
5970,1061,13,13,0
5970,1062,0,0,0
5970,2000,183,81,102
5970,3101,10,0,10
5970,3102,0,0,0
5970,3103,0,0,0
5970,3151,0,0,0
5970,3153,0,0,0
5970,3154,0,0,0
5970,3155,0,0,0
5970,3157,0,0,0
5970,3158,0,0,0
5970,3159,39,25,14
5970,3241,121,58,63
5970,3251,0,0,0
5970,3252,0,0,0
5970,3254,12,0,12
5970,3255,0,0,0
5970,3256,0,0,0
5970,3257,0,0,0
5970,3351,17,17,0
5970,3352,0,0,0
5970,3353,0,0,0
5970,3354,0,0,0
5970,3355,0,0,0
5970,3356,0,0,0
5970,3357,0,0,0
5970,3358,0,0,0
5970,3359,0,0,0
5970,3360,0,0,0
5970,3361,0,0,0
5970,3401,0,0,0
5970,3402,0,0,0
5970,3403,13,13,0
5970,3404,77,12,65
5970,3405,0,0,0
5970,3451,0,0,0
5970,3452,16,16,0
5970,3453,0,0,0
5970,3454,14,14,0
5970,3455,0,0,0
5970,3456,0,0,0
5970,3457,10,10,0
5970,3458,0,0,0
5970,3459,36,26,10
5970,3460,10,10,0
5970,3461,0,0,0
5970,3462,0,0,0
5970,4011,56,25,31
5970,4012,0,0,0
5970,5111,406,131,275
5970,5112,130,56,74
5970,5113,284,85,199
5970,5114,81,35,46
5970,5116,99,79,20
5970,5117,17,17,0
5970,5119,57,21,36
5970,5120,45,18,27
5970,5122,37,19,18
5970,5124,162,107,55
5970,5154,131,43,88
5970,5158,140,58,82
5970,5162,128,74,54
5970,5166,145,123,22
5970,5170,80,58,22
5970,5314,270,124,146
5970,5315,1237,447,790
5970,5316,77,52,25
5970,5334,124,61,63
5970,5358,59,30,29
5970,5362,269,143,126
5970,5366,37,37,0
5970,5370,99,80,19
5970,5374,1907,1074,833
5970,5378,241,165,76
5970,5382,487,357,130
5970,5512,12,12,0
5970,5513,157,39,118
5970,5515,175,52,123
5970,5554,40,25,15
5970,5558,46,27,19
5970,5562,135,94,41
5970,5566,134,109,25
5970,5570,55,29,26
5970,5711,193,47,146
5970,5754,112,33,79
5970,5758,35,22,13
5970,5762,15,15,0
5970,5766,52,39,13
5970,5770,16,16,0
5970,5774,133,34,99
5970,5911,165,93,72
5970,5913,453,180,273
5970,5914,351,199,152
5970,5915,54,34,20
5970,5916,57,44,13
5970,5954,217,139,78
5970,5958,1091,517,574
5970,5962,1178,619,559
5970,5966,9841,4766,5075
5970,5970,0,0,0
5970,5974,110,77,33
5970,5978,198,101,97
5970,6411,45,16,29
5970,6412,689,100,589
5970,6413,44,20,24
5970,6414,68,26,42
5970,6431,31,19,12
5970,6432,50,33,17
5970,6433,78,45,33
5970,6434,107,36,71
5970,6435,62,30,32
5970,6436,66,18,48
5970,6437,0,0,0
5970,6438,111,43,68
5970,6439,74,17,57
5970,6440,94,59,35
5970,6531,511,240,271
5970,6532,5944,2665,3279
5970,6533,170,108,62
5970,6534,2751,1119,1632
5970,6535,15,15,0
5970,6611,62,40,22
5970,6631,27,10,17
5970,6632,17,17,0
5970,6633,56,56,0
5970,6634,67,54,13
5970,6635,741,316,425
5970,6636,30,30,0
5970,7111,74,23,51
5970,7131,65,26,39
5970,7132,11504,8483,3021
5970,7133,13,13,0
5970,7134,0,0,0
5970,7135,0,0,0
5970,7137,55,36,19
5970,7138,126,88,38
5970,7140,14,14,0
5970,7141,36,22,14
5970,7143,1849,1409,440
5970,7211,0,0,0
5970,7231,0,0,0
5970,7232,0,0,0
5970,7233,0,0,0
5970,7235,10,10,0
5970,7311,0,0,0
5970,7312,0,0,0
5970,7313,0,0,0
5970,7314,26,11,15
5970,7315,62,18,44
5970,7316,10,0,10
5970,7317,0,0,0
5970,7318,0,0,0
5970,7319,0,0,0
5970,7320,0,0,0
5970,7331,0,0,0
5970,7332,10,10,0
5970,7333,0,0,0
5970,7334,0,0,0
5970,7335,0,0,0
5970,7336,0,0,0
5970,7337,0,0,0
5970,7338,10,10,0
5970,7339,19,0,19
5970,7340,0,0,0
5970,8111,65,20,45
5970,8115,57,14,43
5970,8116,46,17,29
5970,8117,27,10,17
5970,8118,42,16,26
5970,8119,54,25,29
5970,8121,12,0,12
5970,8125,61,45,16
5970,8126,30,0,30
5970,8127,10,0,10
5970,8128,18,0,18
5970,8135,0,0,0
5970,8136,0,0,0
5970,8211,0,0,0
5970,8212,34,12,22
5970,8215,34,16,18
5970,8216,0,0,0
5970,8221,20,10,10
5970,8222,63,34,29
5970,8225,0,0,0
5970,8226,68,42,26
5970,8231,0,0,0
5970,8235,0,0,0
5970,8236,0,0,0
5970,8237,0,0,0
5970,8311,17,0,17
5970,8315,12,12,0
5970,8316,0,0,0
5970,8317,36,0,36
5970,8325,0,0,0
5970,8326,0,0,0
5970,8327,0,0,0
5970,8335,0,0,0
5970,8336,10,0,10
5970,8337,11,0,11
5970,8415,10,0,10
5970,8416,15,15,0
5970,8417,0,0,0
5970,8421,14,0,14
5970,8425,10,0,10
5970,8426,0,0,0
5970,8435,0,0,0
5970,8436,0,0,0
5970,8437,0,0,0
5970,9161,0,0,0
5970,9162,136,43,93
5970,9163,0,0,0
5970,9171,0,0,0
5970,9172,0,0,0
5970,9173,0,0,0
5970,9174,0,0,0
5970,9175,0,0,0
5970,9176,0,0,0
5970,9177,0,0,0
5970,9178,14,0,14
5970,9179,0,0,0
5970,9180,0,0,0
5970,9181,0,0,0
5970,9182,0,0,0
5970,9183,0,0,0
5970,9184,54,11,43
5970,9185,0,0,0
5970,9186,0,0,0
5970,9187,10,10,0
5970,9188,0,0,0
5970,9189,0,0,0
5970,9190,22,22,0
5970,9261,0,0,0
5970,9262,0,0,0
5970,9263,0,0,0
5970,9271,0,0,0
5970,9272,0,0,0
5970,9273,25,0,25
5970,9274,0,0,0
5970,9275,0,0,0
5970,9276,0,0,0
5970,9277,0,0,0
5970,9278,0,0,0
5970,9279,0,0,0
5970,9361,0,0,0
5970,9362,0,0,0
5970,9363,0,0,0
5970,9371,0,0,0
5970,9372,0,0,0
5970,9373,0,0,0
5970,9374,0,0,0
5970,9375,0,0,0
5970,9376,0,0,0
5970,9377,0,0,0
5970,9461,0,0,0
5970,9462,0,0,0
5970,9463,0,0,0
5970,9464,0,0,0
5970,9471,0,0,0
5970,9472,0,0,0
5970,9473,0,0,0
5970,9474,0,0,0
5970,9475,0,0,0
5970,9476,0,0,0
5970,9477,0,0,0
5970,9478,0,0,0
5970,9479,0,0,0
5970,9561,0,0,0
5970,9562,12,0,12
5970,9563,0,0,0
5970,9564,56,28,28
5970,9565,0,0,0
5970,9571,0,0,0
5970,9572,11,11,0
5970,9573,0,0,0
5970,9574,12,12,0
5970,9575,0,0,0
5970,9576,73,73,0
5970,9577,21,21,0
5970,9661,11,0,11
5970,9662,0,0,0
5970,9663,0,0,0
5970,9671,34,16,18
5970,9672,0,0,0
5970,9673,0,0,0
5970,9674,0,0,0
5970,9675,0,0,0
5970,9676,0,0,0
5970,9677,0,0,0
5970,9678,10,10,0
5970,9679,17,17,0
5970,9761,11,0,11
5970,9762,0,0,0
5970,9763,0,0,0
5970,9764,0,0,0
5970,9771,0,0,0
5970,9772,10,10,0
5970,9773,0,0,0
5970,9774,0,0,0
5970,9775,14,0,14
5970,9776,0,0,0
5970,9777,0,0,0
5970,9778,0,0,0
5970,9779,0,0,0
5970,9780,16,0,16
5970,10041,39,10,29
5970,10042,0,0,0
5970,10043,0,0,0
5970,10044,0,0,0
5970,10045,13,13,0
5970,10046,0,0,0
5970,11000,258,115,143
5970,12051,0,0,0
5970,12052,0,0,0
5970,12053,0,0,0
5970,12054,0,0,0
5970,12060,0,0,0
5970,12061,0,0,0
5970,12062,0,0,0
5970,12063,0,0,0
5970,12064,0,0,0
5970,12065,0,0,0
5970,12066,0,0,0
5970,12067,0,0,0
5970,12068,23,0,23
5970,12069,21,11,10
5970,12070,0,0,0
5970,12071,0,0,0
5970,12072,0,0,0
5970,12073,0,0,0
5970,13003,0,0,0
5970,13004,0,0,0
5970,13071,10,10,0
5970,13072,0,0,0
5970,13073,0,0,0
5970,13074,0,0,0
5970,13075,0,0,0
5970,13076,10,10,0
5970,14511,16,16,0
5970,14521,24,24,0
5970,14522,36,36,0
5970,14523,11,11,0
5970,14524,17,17,0
5970,14612,44,34,10
5970,14625,11,11,0
5970,14626,14,14,0
5970,14627,25,11,14
5970,14628,13,13,0
5970,14713,27,27,0
5970,14729,24,24,0
5970,14730,20,20,0
5970,15001,0,0,0
5970,15002,15,15,0
5970,15003,13,13,0
5970,15081,0,0,0
5970,15082,14,14,0
5970,15083,0,0,0
5970,15084,17,17,0
5970,15085,14,14,0
5970,15086,0,0,0
5970,15087,10,10,0
5970,15088,12,12,0
5970,15089,0,0,0
5970,15090,0,0,0
5970,15091,0,0,0
5970,16051,0,0,0
5970,16052,0,0,0
5970,16053,0,0,0
5970,16054,0,0,0
5970,16055,0,0,0
5970,16056,0,0,0
5970,16061,0,0,0
5970,16062,0,0,0
5970,16063,32,12,20
5970,16064,0,0,0
5970,16065,0,0,0
5970,16066,13,13,0
5970,16067,11,11,0
5970,16068,0,0,0
5970,16069,0,0,0
5970,16070,0,0,0
5970,16071,0,0,0
5970,16072,0,0,0
5970,16073,0,0,0
5970,16074,0,0,0
5970,16075,0,0,0
5970,16076,11,0,11
5970,16077,0,0,0
5974,1001,0,0,0
5974,1002,68,0,68
5974,1003,27,12,15
5974,1004,0,0,0
5974,1051,0,0,0
5974,1053,0,0,0
5974,1054,31,12,19
5974,1055,11,11,0
5974,1056,37,27,10
5974,1057,0,0,0
5974,1058,0,0,0
5974,1059,12,12,0
5974,1060,32,16,16
5974,1061,0,0,0
5974,1062,14,0,14
5974,2000,279,66,213
5974,3101,64,46,18
5974,3102,0,0,0
5974,3103,13,0,13
5974,3151,0,0,0
5974,3153,0,0,0
5974,3154,0,0,0
5974,3155,16,16,0
5974,3157,0,0,0
5974,3158,17,17,0
5974,3159,48,31,17
5974,3241,172,52,120
5974,3251,29,10,19
5974,3252,37,15,22
5974,3254,25,13,12
5974,3255,10,0,10
5974,3256,0,0,0
5974,3257,40,14,26
5974,3351,0,0,0
5974,3352,12,12,0
5974,3353,21,10,11
5974,3354,0,0,0
5974,3355,0,0,0
5974,3356,0,0,0
5974,3357,20,10,10
5974,3358,0,0,0
5974,3359,10,10,0
5974,3360,0,0,0
5974,3361,10,10,0
5974,3401,0,0,0
5974,3402,0,0,0
5974,3403,12,0,12
5974,3404,99,53,46
5974,3405,0,0,0
5974,3451,0,0,0
5974,3452,51,32,19
5974,3453,10,0,10
5974,3454,46,19,27
5974,3455,0,0,0
5974,3456,21,0,21
5974,3457,13,0,13
5974,3458,0,0,0
5974,3459,213,95,118
5974,3460,26,10,16
5974,3461,13,0,13
5974,3462,0,0,0
5974,4011,53,18,35
5974,4012,10,0,10
5974,5111,542,89,453
5974,5112,140,52,88
5974,5113,363,100,263
5974,5114,63,28,35
5974,5116,34,15,19
5974,5117,43,21,22
5974,5119,75,28,47
5974,5120,38,10,28
5974,5122,31,14,17
5974,5124,149,52,97
5974,5154,64,36,28
5974,5158,238,61,177
5974,5162,81,27,54
5974,5166,85,25,60
5974,5170,102,51,51
5974,5314,89,30,59
5974,5315,386,77,309
5974,5316,44,11,33
5974,5334,90,40,50
5974,5358,30,12,18
5974,5362,85,27,58
5974,5366,12,0,12
5974,5370,127,12,115
5974,5374,85,24,61
5974,5378,35,20,15
5974,5382,92,38,54
5974,5512,50,32,18
5974,5513,209,81,128
5974,5515,857,203,654
5974,5554,104,36,68
5974,5558,209,102,107
5974,5562,611,389,222
5974,5566,205,112,93
5974,5570,5334,2593,2741
5974,5711,968,288,680
5974,5754,5383,1727,3656
5974,5758,178,106,72
5974,5762,267,182,85
5974,5766,459,250,209
5974,5770,141,55,86
5974,5774,10691,5713,4978
5974,5911,450,193,257
5974,5913,3480,1075,2405
5974,5914,494,175,319
5974,5915,6544,2855,3689
5974,5916,144,65,79
5974,5954,352,155,197
5974,5958,10953,4637,6316
5974,5962,2677,1258,1419
5974,5966,185,100,85
5974,5970,110,33,77
5974,5974,0,0,0
5974,5978,5389,2506,2883
5974,6411,18,0,18
5974,6412,262,19,243
5974,6413,0,0,0
5974,6414,21,0,21
5974,6431,23,0,23
5974,6432,24,13,11
5974,6433,13,0,13
5974,6434,26,0,26
5974,6435,48,17,31
5974,6436,31,0,31
5974,6437,0,0,0
5974,6438,30,0,30
5974,6439,11,0,11
5974,6440,29,13,16
5974,6531,33,16,17
5974,6532,28,10,18
5974,6533,0,0,0
5974,6534,14,14,0
5974,6535,0,0,0
5974,6611,75,26,49
5974,6631,23,11,12
5974,6632,0,0,0
5974,6633,61,34,27
5974,6634,24,12,12
5974,6635,124,72,52
5974,6636,10,10,0
5974,7111,10,0,10
5974,7131,0,0,0
5974,7132,0,0,0
5974,7133,13,0,13
5974,7134,0,0,0
5974,7135,0,0,0
5974,7137,15,0,15
5974,7138,13,0,13
5974,7140,0,0,0
5974,7141,0,0,0
5974,7143,16,16,0
5974,7211,0,0,0
5974,7231,0,0,0
5974,7232,0,0,0
5974,7233,0,0,0
5974,7235,0,0,0
5974,7311,0,0,0
5974,7312,0,0,0
5974,7313,0,0,0
5974,7314,0,0,0
5974,7315,13,0,13
5974,7316,0,0,0
5974,7317,0,0,0
5974,7318,0,0,0
5974,7319,0,0,0
5974,7320,0,0,0
5974,7331,0,0,0
5974,7332,0,0,0
5974,7333,0,0,0
5974,7334,0,0,0
5974,7335,0,0,0
5974,7336,0,0,0
5974,7337,0,0,0
5974,7338,0,0,0
5974,7339,0,0,0
5974,7340,0,0,0
5974,8111,63,19,44
5974,8115,47,22,25
5974,8116,45,14,31
5974,8117,0,0,0
5974,8118,45,20,25
5974,8119,16,0,16
5974,8121,0,0,0
5974,8125,17,0,17
5974,8126,30,0,30
5974,8127,0,0,0
5974,8128,0,0,0
5974,8135,0,0,0
5974,8136,10,0,10
5974,8211,0,0,0
5974,8212,10,0,10
5974,8215,37,13,24
5974,8216,12,0,12
5974,8221,12,0,12
5974,8222,30,0,30
5974,8225,0,0,0
5974,8226,42,13,29
5974,8231,0,0,0
5974,8235,0,0,0
5974,8236,0,0,0
5974,8237,0,0,0
5974,8311,17,0,17
5974,8315,11,11,0
5974,8316,0,0,0
5974,8317,30,12,18
5974,8325,0,0,0
5974,8326,0,0,0
5974,8327,0,0,0
5974,8335,13,0,13
5974,8336,12,0,12
5974,8337,12,0,12
5974,8415,39,12,27
5974,8416,0,0,0
5974,8417,0,0,0
5974,8421,20,0,20
5974,8425,0,0,0
5974,8426,18,0,18
5974,8435,0,0,0
5974,8436,0,0,0
5974,8437,0,0,0
5974,9161,0,0,0
5974,9162,191,45,146
5974,9163,0,0,0
5974,9171,0,0,0
5974,9172,0,0,0
5974,9173,0,0,0
5974,9174,0,0,0
5974,9175,12,12,0
5974,9176,0,0,0
5974,9177,0,0,0
5974,9178,16,0,16
5974,9179,0,0,0
5974,9180,0,0,0
5974,9181,0,0,0
5974,9182,0,0,0
5974,9183,11,11,0
5974,9184,90,20,70
5974,9185,0,0,0
5974,9186,0,0,0
5974,9187,10,0,10
5974,9188,11,0,11
5974,9189,0,0,0
5974,9190,0,0,0
5974,9261,0,0,0
5974,9262,0,0,0
5974,9263,44,44,0
5974,9271,0,0,0
5974,9272,0,0,0
5974,9273,0,0,0
5974,9274,12,12,0
5974,9275,0,0,0
5974,9276,0,0,0
5974,9277,0,0,0
5974,9278,51,51,0
5974,9279,0,0,0
5974,9361,0,0,0
5974,9362,0,0,0
5974,9363,83,0,83
5974,9371,0,0,0
5974,9372,0,0,0
5974,9373,0,0,0
5974,9374,10,0,10
5974,9375,11,11,0
5974,9376,0,0,0
5974,9377,0,0,0
5974,9461,0,0,0
5974,9462,0,0,0
5974,9463,0,0,0
5974,9464,0,0,0
5974,9471,0,0,0
5974,9472,0,0,0
5974,9473,0,0,0
5974,9474,0,0,0
5974,9475,0,0,0
5974,9476,0,0,0
5974,9477,0,0,0
5974,9478,0,0,0
5974,9479,0,0,0
5974,9561,0,0,0
5974,9562,11,0,11
5974,9563,0,0,0
5974,9564,30,0,30
5974,9565,0,0,0
5974,9571,0,0,0
5974,9572,0,0,0
5974,9573,0,0,0
5974,9574,0,0,0
5974,9575,0,0,0
5974,9576,0,0,0
5974,9577,0,0,0
5974,9661,0,0,0
5974,9662,0,0,0
5974,9663,11,0,11
5974,9671,0,0,0
5974,9672,0,0,0
5974,9673,0,0,0
5974,9674,0,0,0
5974,9675,0,0,0
5974,9676,0,0,0
5974,9677,0,0,0
5974,9678,0,0,0
5974,9679,0,0,0
5974,9761,0,0,0
5974,9762,0,0,0
5974,9763,0,0,0
5974,9764,0,0,0
5974,9771,0,0,0
5974,9772,15,15,0
5974,9773,0,0,0
5974,9774,10,0,10
5974,9775,0,0,0
5974,9776,0,0,0
5974,9777,0,0,0
5974,9778,0,0,0
5974,9779,0,0,0
5974,9780,0,0,0
5974,10041,0,0,0
5974,10042,0,0,0
5974,10043,0,0,0
5974,10044,0,0,0
5974,10045,0,0,0
5974,10046,0,0,0
5974,11000,279,100,179
5974,12051,0,0,0
5974,12052,0,0,0
5974,12053,0,0,0
5974,12054,17,0,17
5974,12060,0,0,0
5974,12061,0,0,0
5974,12062,0,0,0
5974,12063,0,0,0
5974,12064,11,11,0
5974,12065,0,0,0
5974,12066,0,0,0
5974,12067,0,0,0
5974,12068,0,0,0
5974,12069,29,16,13
5974,12070,0,0,0
5974,12071,0,0,0
5974,12072,0,0,0
5974,12073,0,0,0
5974,13003,0,0,0
5974,13004,0,0,0
5974,13071,30,15,15
5974,13072,0,0,0
5974,13073,12,12,0
5974,13074,0,0,0
5974,13075,18,18,0
5974,13076,0,0,0
5974,14511,0,0,0
5974,14521,0,0,0
5974,14522,0,0,0
5974,14523,0,0,0
5974,14524,0,0,0
5974,14612,32,19,13
5974,14625,0,0,0
5974,14626,0,0,0
5974,14627,0,0,0
5974,14628,0,0,0
5974,14713,53,25,28
5974,14729,15,15,0
5974,14730,20,20,0
5974,15001,0,0,0
5974,15002,10,10,0
5974,15003,18,18,0
5974,15081,0,0,0
5974,15082,0,0,0
5974,15083,14,14,0
5974,15084,12,12,0
5974,15085,0,0,0
5974,15086,0,0,0
5974,15087,0,0,0
5974,15088,18,18,0
5974,15089,12,12,0
5974,15090,0,0,0
5974,15091,0,0,0
5974,16051,0,0,0
5974,16052,0,0,0
5974,16053,0,0,0
5974,16054,0,0,0
5974,16055,0,0,0
5974,16056,0,0,0
5974,16061,0,0,0
5974,16062,14,14,0
5974,16063,0,0,0
5974,16064,0,0,0
5974,16065,0,0,0
5974,16066,0,0,0
5974,16067,0,0,0
5974,16068,0,0,0
5974,16069,0,0,0
5974,16070,10,0,10
5974,16071,0,0,0
5974,16072,0,0,0
5974,16073,0,0,0
5974,16074,0,0,0
5974,16075,0,0,0
5974,16076,0,0,0
5974,16077,0,0,0
5978,1001,106,106,0
5978,1002,42,0,42
5978,1003,55,30,25
5978,1004,42,28,14
5978,1051,17,17,0
5978,1053,27,17,10
5978,1054,25,13,12
5978,1055,18,18,0
5978,1056,46,29,17
5978,1057,12,12,0
5978,1058,17,17,0
5978,1059,10,0,10
5978,1060,53,16,37
5978,1061,10,10,0
5978,1062,52,36,16
5978,2000,842,438,404
5978,3101,43,16,27
5978,3102,0,0,0
5978,3103,12,0,12
5978,3151,0,0,0
5978,3153,0,0,0
5978,3154,0,0,0
5978,3155,108,17,91
5978,3157,14,14,0
5978,3158,0,0,0
5978,3159,96,37,59
5978,3241,375,145,230
5978,3251,91,59,32
5978,3252,41,21,20
5978,3254,100,72,28
5978,3255,0,0,0
5978,3256,0,0,0
5978,3257,33,21,12
5978,3351,32,18,14
5978,3352,10,10,0
5978,3353,81,68,13
5978,3354,0,0,0
5978,3355,15,15,0
5978,3356,25,25,0
5978,3357,20,20,0
5978,3358,0,0,0
5978,3359,44,44,0
5978,3360,0,0,0
5978,3361,35,25,10
5978,3401,39,39,0
5978,3402,0,0,0
5978,3403,38,19,19
5978,3404,157,95,62
5978,3405,0,0,0
5978,3451,11,11,0
5978,3452,29,18,11
5978,3453,48,36,12
5978,3454,112,55,57
5978,3455,0,0,0
5978,3456,44,31,13
5978,3457,67,52,15
5978,3458,31,31,0
5978,3459,226,137,89
5978,3460,55,29,26
5978,3461,12,12,0
5978,3462,0,0,0
5978,4011,459,392,67
5978,4012,27,16,11
5978,5111,1318,203,1115
5978,5112,1007,347,660
5978,5113,2204,632,1572
5978,5114,159,64,95
5978,5116,91,48,43
5978,5117,264,97,167
5978,5119,435,179,256
5978,5120,136,39,97
5978,5122,92,51,41
5978,5124,732,255,477
5978,5154,127,69,58
5978,5158,686,198,488
5978,5162,219,95,124
5978,5166,118,63,55
5978,5170,479,205,274
5978,5314,160,83,77
5978,5315,987,296,691
5978,5316,128,68,60
5978,5334,126,57,69
5978,5358,72,24,48
5978,5362,225,94,131
5978,5366,52,34,18
5978,5370,125,85,40
5978,5374,177,72,105
5978,5378,140,85,55
5978,5382,202,95,107
5978,5512,377,148,229
5978,5513,1271,481,790
5978,5515,3281,877,2404
5978,5554,315,143,172
5978,5558,6247,2910,3337
5978,5562,6579,3687,2892
5978,5566,747,499,248
5978,5570,1977,1105,872
5978,5711,617,195,422
5978,5754,602,313,289
5978,5758,142,94,48
5978,5762,60,29,31
5978,5766,194,128,66
5978,5770,206,122,84
5978,5774,341,153,188
5978,5911,2960,1040,1920
5978,5913,45365,16208,29157
5978,5914,4580,1528,3052
5978,5915,12743,7045,5698
5978,5916,1293,507,786
5978,5954,3128,1357,1771
5978,5958,1638,824,814
5978,5962,9595,4561,5034
5978,5966,150,61,89
5978,5970,198,97,101
5978,5974,5389,2883,2506
5978,5978,0,0,0
5978,6411,35,10,25
5978,6412,270,77,193
5978,6413,28,11,17
5978,6414,60,15,45
5978,6431,48,29,19
5978,6432,35,16,19
5978,6433,50,29,21
5978,6434,80,22,58
5978,6435,128,93,35
5978,6436,87,33,54
5978,6437,0,0,0
5978,6438,87,40,47
5978,6439,16,0,16
5978,6440,79,54,25
5978,6531,226,211,15
5978,6532,72,43,29
5978,6533,16,16,0
5978,6534,32,20,12
5978,6535,14,14,0
5978,6611,43,14,29
5978,6631,62,49,13
5978,6632,0,0,0
5978,6633,48,31,17
5978,6634,29,17,12
5978,6635,51,30,21
5978,6636,0,0,0
5978,7111,22,0,22
5978,7131,24,24,0
5978,7132,32,12,20
5978,7133,48,37,11
5978,7134,0,0,0
5978,7135,0,0,0
5978,7137,29,18,11
5978,7138,36,19,17
5978,7140,13,13,0
5978,7141,19,19,0
5978,7143,34,16,18
5978,7211,10,0,10
5978,7231,54,54,0
5978,7232,0,0,0
5978,7233,0,0,0
5978,7235,0,0,0
5978,7311,0,0,0
5978,7312,0,0,0
5978,7313,0,0,0
5978,7314,98,86,12
5978,7315,27,11,16
5978,7316,0,0,0
5978,7317,0,0,0
5978,7318,0,0,0
5978,7319,25,0,25
5978,7320,0,0,0
5978,7331,15,15,0
5978,7332,20,20,0
5978,7333,0,0,0
5978,7334,35,35,0
5978,7335,0,0,0
5978,7336,0,0,0
5978,7337,14,14,0
5978,7338,33,33,0
5978,7339,80,47,33
5978,7340,0,0,0
5978,8111,321,255,66
5978,8115,94,70,24
5978,8116,249,196,53
5978,8117,50,36,14
5978,8118,100,61,39
5978,8119,93,74,19
5978,8121,47,36,11
5978,8125,121,89,32
5978,8126,27,0,27
5978,8127,0,0,0
5978,8128,0,0,0
5978,8135,18,0,18
5978,8136,22,0,22
5978,8211,61,61,0
5978,8212,99,66,33
5978,8215,91,66,25
5978,8216,360,360,0
5978,8221,12,0,12
5978,8222,196,141,55
5978,8225,39,39,0
5978,8226,119,77,42
5978,8231,14,14,0
5978,8235,17,17,0
5978,8236,13,0,13
5978,8237,0,0,0
5978,8311,51,11,40
5978,8315,14,0,14
5978,8316,0,0,0
5978,8317,37,19,18
5978,8325,0,0,0
5978,8326,49,13,36
5978,8327,0,0,0
5978,8335,16,0,16
5978,8336,62,52,10
5978,8337,0,0,0
5978,8415,31,17,14
5978,8416,12,12,0
5978,8417,0,0,0
5978,8421,16,0,16
5978,8425,20,0,20
5978,8426,0,0,0
5978,8435,22,0,22
5978,8436,14,14,0
5978,8437,0,0,0
5978,9161,10,0,10
5978,9162,262,54,208
5978,9163,0,0,0
5978,9171,0,0,0
5978,9172,0,0,0
5978,9173,0,0,0
5978,9174,15,15,0
5978,9175,10,0,10
5978,9176,0,0,0
5978,9177,18,18,0
5978,9178,54,30,24
5978,9179,14,14,0
5978,9180,0,0,0
5978,9181,0,0,0
5978,9182,0,0,0
5978,9183,0,0,0
5978,9184,131,17,114
5978,9185,0,0,0
5978,9186,32,0,32
5978,9187,0,0,0
5978,9188,16,0,16
5978,9189,0,0,0
5978,9190,0,0,0
5978,9261,0,0,0
5978,9262,0,0,0
5978,9263,0,0,0
5978,9271,0,0,0
5978,9272,0,0,0
5978,9273,0,0,0
5978,9274,0,0,0
5978,9275,0,0,0
5978,9276,0,0,0
5978,9277,0,0,0
5978,9278,0,0,0
5978,9279,0,0,0
5978,9361,0,0,0
5978,9362,30,15,15
5978,9363,17,0,17
5978,9371,0,0,0
5978,9372,0,0,0
5978,9373,12,0,12
5978,9374,10,0,10
5978,9375,18,18,0
5978,9376,11,11,0
5978,9377,0,0,0
5978,9461,0,0,0
5978,9462,0,0,0
5978,9463,0,0,0
5978,9464,0,0,0
5978,9471,0,0,0
5978,9472,0,0,0
5978,9473,0,0,0
5978,9474,0,0,0
5978,9475,0,0,0
5978,9476,0,0,0
5978,9477,0,0,0
5978,9478,0,0,0
5978,9479,0,0,0
5978,9561,0,0,0
5978,9562,14,0,14
5978,9563,21,21,0
5978,9564,139,74,65
5978,9565,0,0,0
5978,9571,0,0,0
5978,9572,10,0,10
5978,9573,0,0,0
5978,9574,11,11,0
5978,9575,0,0,0
5978,9576,0,0,0
5978,9577,0,0,0
5978,9661,13,0,13
5978,9662,0,0,0
5978,9663,0,0,0
5978,9671,24,11,13
5978,9672,10,10,0
5978,9673,0,0,0
5978,9674,0,0,0
5978,9675,0,0,0
5978,9676,0,0,0
5978,9677,13,13,0
5978,9678,67,0,67
5978,9679,12,0,12
5978,9761,53,30,23
5978,9762,0,0,0
5978,9763,0,0,0
5978,9764,0,0,0
5978,9771,11,11,0
5978,9772,18,18,0
5978,9773,0,0,0
5978,9774,0,0,0
5978,9775,0,0,0
5978,9776,0,0,0
5978,9777,18,18,0
5978,9778,0,0,0
5978,9779,0,0,0
5978,9780,0,0,0
5978,10041,42,23,19
5978,10042,0,0,0
5978,10043,10,10,0
5978,10044,55,27,28
5978,10045,20,0,20
5978,10046,0,0,0
5978,11000,500,190,310
5978,12051,0,0,0
5978,12052,0,0,0
5978,12053,0,0,0
5978,12054,25,0,25
5978,12060,10,10,0
5978,12061,0,0,0
5978,12062,0,0,0
5978,12063,0,0,0
5978,12064,11,11,0
5978,12065,14,14,0
5978,12066,0,0,0
5978,12067,0,0,0
5978,12068,0,0,0
5978,12069,50,19,31
5978,12070,0,0,0
5978,12071,0,0,0
5978,12072,25,25,0
5978,12073,0,0,0
5978,13003,12,12,0
5978,13004,0,0,0
5978,13071,29,18,11
5978,13072,16,16,0
5978,13073,0,0,0
5978,13074,0,0,0
5978,13075,0,0,0
5978,13076,14,14,0
5978,14511,23,10,13
5978,14521,13,13,0
5978,14522,19,19,0
5978,14523,0,0,0
5978,14524,10,10,0
5978,14612,39,19,20
5978,14625,11,11,0
5978,14626,0,0,0
5978,14627,10,10,0
5978,14628,17,17,0
5978,14713,48,48,0
5978,14729,13,13,0
5978,14730,0,0,0
5978,15001,0,0,0
5978,15002,22,11,11
5978,15003,16,16,0
5978,15081,0,0,0
5978,15082,0,0,0
5978,15083,13,13,0
5978,15084,22,22,0
5978,15085,0,0,0
5978,15086,0,0,0
5978,15087,27,27,0
5978,15088,30,15,15
5978,15089,0,0,0
5978,15090,0,0,0
5978,15091,0,0,0
5978,16051,43,32,11
5978,16052,0,0,0
5978,16053,0,0,0
5978,16054,0,0,0
5978,16055,16,16,0
5978,16056,0,0,0
5978,16061,63,63,0
5978,16062,12,12,0
5978,16063,0,0,0
5978,16064,0,0,0
5978,16065,121,121,0
5978,16066,11,11,0
5978,16067,16,16,0
5978,16068,339,339,0
5978,16069,0,0,0
5978,16070,12,12,0
5978,16071,19,19,0
5978,16072,0,0,0
5978,16073,0,0,0
5978,16074,0,0,0
5978,16075,0,0,0
5978,16076,0,0,0
5978,16077,31,31,0
6411,1001,0,0,0
6411,1002,13,13,0
6411,1003,46,21,25
6411,1004,0,0,0
6411,1051,0,0,0
6411,1053,0,0,0
6411,1054,0,0,0
6411,1055,0,0,0
6411,1056,37,21,16
6411,1057,0,0,0
6411,1058,0,0,0
6411,1059,0,0,0
6411,1060,14,14,0
6411,1061,0,0,0
6411,1062,30,19,11
6411,2000,378,163,215
6411,3101,36,24,12
6411,3102,0,0,0
6411,3103,15,0,15
6411,3151,0,0,0
6411,3153,0,0,0
6411,3154,0,0,0
6411,3155,14,14,0
6411,3157,0,0,0
6411,3158,0,0,0
6411,3159,54,39,15
6411,3241,148,95,53
6411,3251,13,13,0
6411,3252,0,0,0
6411,3254,28,18,10
6411,3255,0,0,0
6411,3256,0,0,0
6411,3257,0,0,0
6411,3351,11,11,0
6411,3352,10,10,0
6411,3353,19,19,0
6411,3354,0,0,0
6411,3355,21,21,0
6411,3356,0,0,0
6411,3357,0,0,0
6411,3358,0,0,0
6411,3359,0,0,0
6411,3360,0,0,0
6411,3361,0,0,0
6411,3401,0,0,0
6411,3402,0,0,0
6411,3403,15,15,0
6411,3404,0,0,0
6411,3405,0,0,0
6411,3451,0,0,0
6411,3452,0,0,0
6411,3453,0,0,0
6411,3454,48,13,35
6411,3455,0,0,0
6411,3456,0,0,0
6411,3457,0,0,0
6411,3458,0,0,0
6411,3459,31,31,0
6411,3460,0,0,0
6411,3461,0,0,0
6411,3462,0,0,0
6411,4011,70,35,35
6411,4012,0,0,0
6411,5111,236,89,147
6411,5112,37,21,16
6411,5113,174,44,130
6411,5114,0,0,0
6411,5116,24,14,10
6411,5117,17,17,0
6411,5119,16,16,0
6411,5120,0,0,0
6411,5122,0,0,0
6411,5124,35,24,11
6411,5154,24,13,11
6411,5158,77,51,26
6411,5162,67,40,27
6411,5166,27,27,0
6411,5170,40,26,14
6411,5314,133,73,60
6411,5315,361,157,204
6411,5316,23,23,0
6411,5334,80,41,39
6411,5358,59,59,0
6411,5362,63,38,25
6411,5366,78,78,0
6411,5370,12,12,0
6411,5374,40,10,30
6411,5378,39,39,0
6411,5382,112,75,37
6411,5512,0,0,0
6411,5513,18,18,0
6411,5515,50,34,16
6411,5554,14,14,0
6411,5558,19,19,0
6411,5562,62,45,17
6411,5566,18,18,0
6411,5570,0,0,0
6411,5711,17,17,0
6411,5754,36,14,22
6411,5758,17,17,0
6411,5762,12,12,0
6411,5766,40,22,18
6411,5770,11,11,0
6411,5774,14,14,0
6411,5911,66,35,31
6411,5913,90,56,34
6411,5914,0,0,0
6411,5915,0,0,0
6411,5916,0,0,0
6411,5954,29,29,0
6411,5958,12,12,0
6411,5962,12,12,0
6411,5966,0,0,0
6411,5970,45,29,16
6411,5974,18,18,0
6411,5978,35,25,10
6411,6411,0,0,0
6411,6412,11800,3829,7971
6411,6413,914,523,391
6411,6414,1643,904,739
6411,6431,5956,4992,964
6411,6432,38349,31384,6965
6411,6433,9669,7211,2458
6411,6434,1114,576,538
6411,6435,1300,870,430
6411,6436,1964,1061,903
6411,6437,2967,2752,215
6411,6438,6214,3815,2399
6411,6439,507,401,106
6411,6440,641,496,145
6411,6531,279,212,67
6411,6532,144,112,32
6411,6533,252,197,55
6411,6534,180,109,71
6411,6535,68,49,19
6411,6611,114,40,74
6411,6631,171,142,29
6411,6632,24,24,0
6411,6633,33,33,0
6411,6634,70,59,11
6411,6635,41,26,15
6411,6636,12,12,0
6411,7111,68,47,21
6411,7131,16,16,0
6411,7132,19,19,0
6411,7133,113,96,17
6411,7134,19,19,0
6411,7135,10,0,10
6411,7137,19,19,0
6411,7138,18,18,0
6411,7140,65,46,19
6411,7141,69,53,16
6411,7143,121,108,13
6411,7211,13,13,0
6411,7231,13,13,0
6411,7232,0,0,0
6411,7233,0,0,0
6411,7235,11,11,0
6411,7311,55,36,19
6411,7312,67,31,36
6411,7313,30,12,18
6411,7314,302,143,159
6411,7315,1707,1134,573
6411,7316,30,30,0
6411,7317,0,0,0
6411,7318,38,23,15
6411,7319,295,211,84
6411,7320,0,0,0
6411,7331,324,291,33
6411,7332,123,109,14
6411,7333,74,56,18
6411,7334,46,31,15
6411,7335,18,18,0
6411,7336,17,17,0
6411,7337,32,32,0
6411,7338,170,157,13
6411,7339,774,693,81
6411,7340,19,19,0
6411,8111,262,100,162
6411,8115,102,50,52
6411,8116,95,53,42
6411,8117,20,20,0
6411,8118,97,51,46
6411,8119,46,28,18
6411,8121,19,19,0
6411,8125,86,45,41
6411,8126,26,14,12
6411,8127,42,20,22
6411,8128,35,19,16
6411,8135,0,0,0
6411,8136,10,10,0
6411,8211,11,11,0
6411,8212,204,121,83
6411,8215,179,112,67
6411,8216,47,25,22
6411,8221,544,343,201
6411,8222,1022,579,443
6411,8225,26,26,0
6411,8226,1494,1132,362
6411,8231,10,10,0
6411,8235,0,0,0
6411,8236,17,17,0
6411,8237,0,0,0
6411,8311,72,43,29
6411,8315,33,33,0
6411,8316,12,12,0
6411,8317,54,28,26
6411,8325,0,0,0
6411,8326,18,18,0
6411,8327,0,0,0
6411,8335,28,28,0
6411,8336,42,26,16
6411,8337,0,0,0
6411,8415,42,29,13
6411,8416,26,26,0
6411,8417,0,0,0
6411,8421,35,21,14
6411,8425,20,20,0
6411,8426,11,11,0
6411,8435,32,19,13
6411,8436,29,15,14
6411,8437,0,0,0
6411,9161,20,0,20
6411,9162,681,382,299
6411,9163,0,0,0
6411,9171,0,0,0
6411,9172,0,0,0
6411,9173,16,16,0
6411,9174,19,19,0
6411,9175,28,28,0
6411,9176,0,0,0
6411,9177,0,0,0
6411,9178,55,32,23
6411,9179,37,37,0
6411,9180,0,0,0
6411,9181,19,19,0
6411,9182,25,25,0
6411,9183,0,0,0
6411,9184,163,80,83
6411,9185,0,0,0
6411,9186,10,10,0
6411,9187,22,22,0
6411,9188,111,34,77
6411,9189,0,0,0
6411,9190,11,11,0
6411,9261,0,0,0
6411,9262,0,0,0
6411,9263,0,0,0
6411,9271,0,0,0
6411,9272,0,0,0
6411,9273,0,0,0
6411,9274,0,0,0
6411,9275,10,10,0
6411,9276,0,0,0
6411,9277,0,0,0
6411,9278,0,0,0
6411,9279,0,0,0
6411,9361,0,0,0
6411,9362,23,11,12
6411,9363,0,0,0
6411,9371,10,10,0
6411,9372,0,0,0
6411,9373,15,15,0
6411,9374,0,0,0
6411,9375,0,0,0
6411,9376,0,0,0
6411,9377,0,0,0
6411,9461,16,16,0
6411,9462,0,0,0
6411,9463,0,0,0
6411,9464,0,0,0
6411,9471,14,14,0
6411,9472,0,0,0
6411,9473,0,0,0
6411,9474,13,13,0
6411,9475,0,0,0
6411,9476,0,0,0
6411,9477,0,0,0
6411,9478,0,0,0
6411,9479,0,0,0
6411,9561,0,0,0
6411,9562,41,14,27
6411,9563,0,0,0
6411,9564,120,60,60
6411,9565,0,0,0
6411,9571,12,12,0
6411,9572,29,17,12
6411,9573,14,14,0
6411,9574,13,13,0
6411,9575,12,12,0
6411,9576,0,0,0
6411,9577,0,0,0
6411,9661,440,259,181
6411,9662,0,0,0
6411,9663,29,29,0
6411,9671,657,518,139
6411,9672,26,13,13
6411,9673,11,11,0
6411,9674,0,0,0
6411,9675,0,0,0
6411,9676,349,281,68
6411,9677,56,40,16
6411,9678,0,0,0
6411,9679,23,23,0
6411,9761,48,25,23
6411,9762,0,0,0
6411,9763,0,0,0
6411,9764,0,0,0
6411,9771,11,11,0
6411,9772,0,0,0
6411,9773,0,0,0
6411,9774,0,0,0
6411,9775,16,16,0
6411,9776,0,0,0
6411,9777,0,0,0
6411,9778,0,0,0
6411,9779,0,0,0
6411,9780,0,0,0
6411,10041,71,41,30
6411,10042,0,0,0
6411,10043,16,16,0
6411,10044,18,18,0
6411,10045,40,30,10
6411,10046,13,13,0
6411,11000,602,328,274
6411,12051,0,0,0
6411,12052,0,0,0
6411,12053,0,0,0
6411,12054,31,20,11
6411,12060,0,0,0
6411,12061,0,0,0
6411,12062,0,0,0
6411,12063,0,0,0
6411,12064,24,12,12
6411,12065,0,0,0
6411,12066,0,0,0
6411,12067,0,0,0
6411,12068,0,0,0
6411,12069,11,11,0
6411,12070,0,0,0
6411,12071,0,0,0
6411,12072,12,12,0
6411,12073,0,0,0
6411,13003,0,0,0
6411,13004,0,0,0
6411,13071,0,0,0
6411,13072,0,0,0
6411,13073,0,0,0
6411,13074,0,0,0
6411,13075,10,10,0
6411,13076,0,0,0
6411,14511,23,12,11
6411,14521,15,15,0
6411,14522,23,23,0
6411,14523,12,12,0
6411,14524,15,15,0
6411,14612,58,37,21
6411,14625,14,14,0
6411,14626,0,0,0
6411,14627,10,10,0
6411,14628,22,22,0
6411,14713,80,58,22
6411,14729,18,18,0
6411,14730,0,0,0
6411,15001,0,0,0
6411,15002,19,19,0
6411,15003,20,20,0
6411,15081,0,0,0
6411,15082,0,0,0
6411,15083,0,0,0
6411,15084,0,0,0
6411,15085,0,0,0
6411,15086,0,0,0
6411,15087,0,0,0
6411,15088,0,0,0
6411,15089,0,0,0
6411,15090,0,0,0
6411,15091,0,0,0
6411,16051,37,37,0
6411,16052,11,11,0
6411,16053,14,14,0
6411,16054,0,0,0
6411,16055,0,0,0
6411,16056,0,0,0
6411,16061,10,10,0
6411,16062,0,0,0
6411,16063,0,0,0
6411,16064,14,14,0
6411,16065,0,0,0
6411,16066,25,25,0
6411,16067,16,16,0
6411,16068,0,0,0
6411,16069,0,0,0
6411,16070,13,13,0
6411,16071,0,0,0
6411,16072,0,0,0
6411,16073,11,11,0
6411,16074,0,0,0
6411,16075,0,0,0
6411,16076,0,0,0
6411,16077,0,0,0
6412,1001,57,43,14
6412,1002,159,124,35
6412,1003,162,90,72
6412,1004,71,71,0
6412,1051,53,53,0
6412,1053,166,118,48
6412,1054,78,61,17
6412,1055,74,74,0
6412,1056,284,260,24
6412,1057,49,49,0
6412,1058,98,98,0
6412,1059,67,55,12
6412,1060,324,264,60
6412,1061,57,57,0
6412,1062,241,210,31
6412,2000,4795,3313,1482
6412,3101,231,153,78
6412,3102,41,29,12
6412,3103,94,58,36
6412,3151,64,51,13
6412,3153,71,71,0
6412,3154,23,23,0
6412,3155,153,101,52
6412,3157,60,50,10
6412,3158,42,42,0
6412,3159,377,331,46
6412,3241,1371,1122,249
6412,3251,139,126,13
6412,3252,151,134,17
6412,3254,163,163,0
6412,3255,66,66,0
6412,3256,33,33,0
6412,3257,148,148,0
6412,3351,113,96,17
6412,3352,68,68,0
6412,3353,220,209,11
6412,3354,11,11,0
6412,3355,126,112,14
6412,3356,58,58,0
6412,3357,153,142,11
6412,3358,86,86,0
6412,3359,98,85,13
6412,3360,41,41,0
6412,3361,80,68,12
6412,3401,19,19,0
6412,3402,0,0,0
6412,3403,118,87,31
6412,3404,129,88,41
6412,3405,44,44,0
6412,3451,53,53,0
6412,3452,64,53,11
6412,3453,51,36,15
6412,3454,149,84,65
6412,3455,44,44,0
6412,3456,44,34,10
6412,3457,34,34,0
6412,3458,79,79,0
6412,3459,115,100,15
6412,3460,58,43,15
6412,3461,21,21,0
6412,3462,23,23,0
6412,4011,572,439,133
6412,4012,67,55,12
6412,5111,3773,2279,1494
6412,5112,542,468,74
6412,5113,985,662,323
6412,5114,307,278,29
6412,5116,500,433,67
6412,5117,266,206,60
6412,5119,203,175,28
6412,5120,49,49,0
6412,5122,161,142,19
6412,5124,394,300,94
6412,5154,211,168,43
6412,5158,892,726,166
6412,5162,855,774,81
6412,5166,365,313,52
6412,5170,352,320,32
6412,5314,1127,737,390
6412,5315,4676,3193,1483
6412,5316,269,228,41
6412,5334,520,401,119
6412,5358,226,140,86
6412,5362,887,723,164
6412,5366,160,138,22
6412,5370,185,185,0
6412,5374,252,172,80
6412,5378,490,466,24
6412,5382,1435,1226,209
6412,5512,79,79,0
6412,5513,164,108,56
6412,5515,524,383,141
6412,5554,159,133,26
6412,5558,148,131,17
6412,5562,419,339,80
6412,5566,263,203,60
6412,5570,125,109,16
6412,5711,191,150,41
6412,5754,233,159,74
6412,5758,95,83,12
6412,5762,74,74,0
6412,5766,153,123,30
6412,5770,140,110,30
6412,5774,186,158,28
6412,5911,378,309,69
6412,5913,957,599,358
6412,5914,120,105,15
6412,5915,64,64,0
6412,5916,74,58,16
6412,5954,257,217,40
6412,5958,149,131,18
6412,5962,203,171,32
6412,5966,93,78,15
6412,5970,689,589,100
6412,5974,262,243,19
6412,5978,270,193,77
6412,6411,11800,7971,3829
6412,6412,0,0,0
6412,6413,26521,20883,5638
6412,6414,16786,12910,3876
6412,6431,4248,3878,370
6412,6432,13252,11786,1466
6412,6433,32145,26372,5773
6412,6434,38749,26765,11984
6412,6435,37868,33484,4384
6412,6436,52530,34183,18347
6412,6437,1392,1289,103
6412,6438,48621,38420,10201
6412,6439,8448,7663,785
6412,6440,32223,28089,4134
6412,6531,6089,5429,660
6412,6532,2791,2524,267
6412,6533,7734,7223,511
6412,6534,2734,2100,634
6412,6535,1266,1118,148
6412,6611,964,720,244
6412,6631,2419,2230,189
6412,6632,461,410,51
6412,6633,559,541,18
6412,6634,602,569,33
6412,6635,263,232,31
6412,6636,147,147,0
6412,7111,462,356,106
6412,7131,162,162,0
6412,7132,245,220,25
6412,7133,1164,1063,101
6412,7134,154,130,24
6412,7135,132,119,13
6412,7137,467,423,44
6412,7138,298,270,28
6412,7140,562,499,63
6412,7141,1441,1370,71
6412,7143,1547,1416,131
6412,7211,182,150,32
6412,7231,123,123,0
6412,7232,62,49,13
6412,7233,139,89,50
6412,7235,153,129,24
6412,7311,169,130,39
6412,7312,366,304,62
6412,7313,111,100,11
6412,7314,1061,625,436
6412,7315,10904,9211,1693
6412,7316,167,156,11
6412,7317,33,33,0
6412,7318,161,145,16
6412,7319,590,546,44
6412,7320,44,44,0
6412,7331,1537,1421,116
6412,7332,432,406,26
6412,7333,266,252,14
6412,7334,242,211,31
6412,7335,213,187,26
6412,7336,74,74,0
6412,7337,207,189,18
6412,7338,576,533,43
6412,7339,5308,4787,521
6412,7340,118,118,0
6412,8111,2044,1389,655
6412,8115,582,462,120
6412,8116,845,697,148
6412,8117,210,167,43
6412,8118,805,611,194
6412,8119,474,409,65
6412,8121,186,138,48
6412,8125,345,262,83
6412,8126,76,52,24
6412,8127,126,94,32
6412,8128,192,148,44
6412,8135,68,54,14
6412,8136,203,162,41
6412,8211,165,121,44
6412,8212,1089,854,235
6412,8215,1073,976,97
6412,8216,243,205,38
6412,8221,1337,1012,325
6412,8222,3287,2540,747
6412,8225,205,181,24
6412,8226,2846,2427,419
6412,8231,182,120,62
6412,8235,115,105,10
6412,8236,178,167,11
6412,8237,63,50,13
6412,8311,420,328,92
6412,8315,235,205,30
6412,8316,126,112,14
6412,8317,428,303,125
6412,8325,75,61,14
6412,8326,147,120,27
6412,8327,54,40,14
6412,8335,262,222,40
6412,8336,426,367,59
6412,8337,139,118,21
6412,8415,313,260,53
6412,8416,302,243,59
6412,8417,115,94,21
6412,8421,205,173,32
6412,8425,154,140,14
6412,8426,105,93,12
6412,8435,196,158,38
6412,8436,145,100,45
6412,8437,63,52,11
6412,9161,175,109,66
6412,9162,5909,3612,2297
6412,9163,38,38,0
6412,9171,29,29,0
6412,9172,57,39,18
6412,9173,96,96,0
6412,9174,165,146,19
6412,9175,223,199,24
6412,9176,38,38,0
6412,9177,239,214,25
6412,9178,591,385,206
6412,9179,245,224,21
6412,9180,61,61,0
6412,9181,112,102,10
6412,9182,131,105,26
6412,9183,62,62,0
6412,9184,1081,681,400
6412,9185,25,25,0
6412,9186,84,69,15
6412,9187,157,138,19
6412,9188,271,212,59
6412,9189,70,47,23
6412,9190,71,60,11
6412,9261,88,75,13
6412,9262,38,38,0
6412,9263,26,26,0
6412,9271,48,33,15
6412,9272,14,14,0
6412,9273,43,43,0
6412,9274,105,92,13
6412,9275,51,41,10
6412,9276,12,12,0
6412,9277,37,26,11
6412,9278,35,35,0
6412,9279,33,23,10
6412,9361,11,11,0
6412,9362,198,143,55
6412,9363,21,11,10
6412,9371,39,29,10
6412,9372,33,20,13
6412,9373,85,60,25
6412,9374,32,22,10
6412,9375,47,47,0
6412,9376,30,30,0
6412,9377,0,0,0
6412,9461,93,70,23
6412,9462,112,90,22
6412,9463,42,29,13
6412,9464,26,26,0
6412,9471,71,59,12
6412,9472,31,31,0
6412,9473,32,32,0
6412,9474,86,86,0
6412,9475,44,21,23
6412,9476,15,15,0
6412,9477,84,84,0
6412,9478,32,32,0
6412,9479,19,19,0
6412,9561,17,17,0
6412,9562,258,134,124
6412,9563,137,122,15
6412,9564,931,571,360
6412,9565,42,27,15
6412,9571,90,73,17
6412,9572,188,152,36
6412,9573,107,96,11
6412,9574,152,126,26
6412,9575,71,59,12
6412,9576,85,72,13
6412,9577,17,17,0
6412,9661,2517,2034,483
6412,9662,68,53,15
6412,9663,502,411,91
6412,9671,5752,5219,533
6412,9672,193,160,33
6412,9673,94,80,14
6412,9674,45,45,0
6412,9675,116,103,13
6412,9676,1972,1546,426
6412,9677,549,473,76
6412,9678,139,139,0
6412,9679,372,347,25
6412,9761,290,229,61
6412,9762,17,17,0
6412,9763,40,18,22
6412,9764,17,17,0
6412,9771,100,80,20
6412,9772,166,143,23
6412,9773,13,13,0
6412,9774,43,43,0
6412,9775,136,99,37
6412,9776,57,34,23
6412,9777,75,75,0
6412,9778,43,43,0
6412,9779,54,44,10
6412,9780,77,66,11
6412,10041,767,428,339
6412,10042,95,71,24
6412,10043,166,150,16
6412,10044,174,151,23
6412,10045,203,168,35
6412,10046,122,111,11
6412,11000,8184,6181,2003
6412,12051,24,24,0
6412,12052,49,49,0
6412,12053,53,53,0
6412,12054,262,196,66
6412,12060,93,93,0
6412,12061,142,124,18
6412,12062,29,29,0
6412,12063,122,122,0
6412,12064,104,104,0
6412,12065,183,173,10
6412,12066,40,40,0
6412,12067,98,86,12
6412,12068,17,17,0
6412,12069,245,212,33
6412,12070,0,0,0
6412,12071,38,38,0
6412,12072,183,183,0
6412,12073,33,33,0
6412,13003,64,64,0
6412,13004,24,24,0
6412,13071,72,72,0
6412,13072,60,60,0
6412,13073,75,75,0
6412,13074,29,29,0
6412,13075,67,67,0
6412,13076,47,47,0
6412,14511,133,108,25
6412,14521,119,105,14
6412,14522,109,98,11
6412,14523,77,65,12
6412,14524,107,97,10
6412,14612,474,374,100
6412,14625,97,78,19
6412,14626,92,75,17
6412,14627,99,84,15
6412,14628,84,84,0
6412,14713,922,788,134
6412,14729,188,171,17
6412,14730,128,110,18
6412,15001,48,48,0
6412,15002,760,741,19
6412,15003,172,129,43
6412,15081,17,17,0
6412,15082,108,108,0
6412,15083,48,48,0
6412,15084,122,122,0
6412,15085,74,74,0
6412,15086,21,21,0
6412,15087,76,76,0
6412,15088,241,227,14
6412,15089,82,82,0
6412,15090,38,38,0
6412,15091,67,53,14
6412,16051,294,258,36
6412,16052,37,37,0
6412,16053,114,90,24
6412,16054,25,25,0
6412,16055,73,73,0
6412,16056,51,51,0
6412,16061,99,80,19
6412,16062,65,65,0
6412,16063,180,169,11
6412,16064,160,138,22
6412,16065,58,58,0
6412,16066,145,145,0
6412,16067,140,121,19
6412,16068,45,45,0
6412,16069,33,33,0
6412,16070,102,86,16
6412,16071,94,94,0
6412,16072,16,16,0
6412,16073,53,53,0
6412,16074,55,55,0
6412,16075,20,20,0
6412,16076,56,56,0
6412,16077,41,41,0
6413,1001,0,0,0
6413,1002,0,0,0
6413,1003,17,0,17
6413,1004,0,0,0
6413,1051,0,0,0
6413,1053,14,0,14
6413,1054,0,0,0
6413,1055,0,0,0
6413,1056,0,0,0
6413,1057,0,0,0
6413,1058,0,0,0
6413,1059,0,0,0
6413,1060,11,0,11
6413,1061,0,0,0
6413,1062,10,10,0
6413,2000,293,69,224
6413,3101,0,0,0
6413,3102,0,0,0
6413,3103,0,0,0
6413,3151,0,0,0
6413,3153,0,0,0
6413,3154,0,0,0
6413,3155,14,0,14
6413,3157,0,0,0
6413,3158,0,0,0
6413,3159,0,0,0
6413,3241,69,28,41
6413,3251,0,0,0
6413,3252,0,0,0
6413,3254,0,0,0
6413,3255,0,0,0
6413,3256,0,0,0
6413,3257,0,0,0
6413,3351,0,0,0
6413,3352,0,0,0
6413,3353,12,12,0
6413,3354,0,0,0
6413,3355,0,0,0
6413,3356,0,0,0
6413,3357,0,0,0
6413,3358,0,0,0
6413,3359,0,0,0
6413,3360,0,0,0
6413,3361,0,0,0
6413,3401,0,0,0
6413,3402,0,0,0
6413,3403,0,0,0
6413,3404,0,0,0
6413,3405,0,0,0
6413,3451,0,0,0
6413,3452,13,13,0
6413,3453,0,0,0
6413,3454,17,0,17
6413,3455,0,0,0
6413,3456,0,0,0
6413,3457,0,0,0
6413,3458,0,0,0
6413,3459,0,0,0
6413,3460,19,0,19
6413,3461,0,0,0
6413,3462,0,0,0
6413,4011,40,15,25
6413,4012,0,0,0
6413,5111,207,44,163
6413,5112,45,32,13
6413,5113,64,28,36
6413,5114,0,0,0
6413,5116,12,12,0
6413,5117,16,16,0
6413,5119,10,0,10
6413,5120,0,0,0
6413,5122,0,0,0
6413,5124,11,11,0
6413,5154,0,0,0
6413,5158,70,29,41
6413,5162,44,24,20
6413,5166,12,12,0
6413,5170,20,20,0
6413,5314,49,19,30
6413,5315,302,54,248
6413,5316,13,13,0
6413,5334,33,14,19
6413,5358,13,0,13
6413,5362,65,42,23
6413,5366,0,0,0
6413,5370,0,0,0
6413,5374,13,0,13
6413,5378,15,15,0
6413,5382,83,36,47
6413,5512,0,0,0
6413,5513,0,0,0
6413,5515,12,0,12
6413,5554,0,0,0
6413,5558,0,0,0
6413,5562,35,20,15
6413,5566,0,0,0
6413,5570,0,0,0
6413,5711,0,0,0
6413,5754,25,13,12
6413,5758,0,0,0
6413,5762,0,0,0
6413,5766,0,0,0
6413,5770,0,0,0
6413,5774,0,0,0
6413,5911,14,14,0
6413,5913,97,50,47
6413,5914,0,0,0
6413,5915,0,0,0
6413,5916,0,0,0
6413,5954,0,0,0
6413,5958,0,0,0
6413,5962,15,15,0
6413,5966,0,0,0
6413,5970,44,24,20
6413,5974,0,0,0
6413,5978,28,17,11
6413,6411,914,391,523
6413,6412,26521,5638,20883
6413,6413,0,0,0
6413,6414,783,333,450
6413,6431,236,163,73
6413,6432,1442,1029,413
6413,6433,1980,737,1243
6413,6434,1752,780,972
6413,6435,6046,4216,1830
6413,6436,2013,762,1251
6413,6437,127,91,36
6413,6438,17893,11166,6727
6413,6439,336,220,116
6413,6440,2079,1410,669
6413,6531,294,195,99
6413,6532,137,95,42
6413,6533,211,139,72
6413,6534,134,76,58
6413,6535,102,79,23
6413,6611,72,52,20
6413,6631,224,161,63
6413,6632,29,17,12
6413,6633,31,31,0
6413,6634,29,29,0
6413,6635,12,12,0
6413,6636,0,0,0
6413,7111,0,0,0
6413,7131,0,0,0
6413,7132,11,0,11
6413,7133,78,43,35
6413,7134,0,0,0
6413,7135,0,0,0
6413,7137,31,11,20
6413,7138,14,14,0
6413,7140,17,0,17
6413,7141,44,44,0
6413,7143,42,27,15
6413,7211,0,0,0
6413,7231,0,0,0
6413,7232,0,0,0
6413,7233,0,0,0
6413,7235,19,19,0
6413,7311,0,0,0
6413,7312,0,0,0
6413,7313,0,0,0
6413,7314,86,37,49
6413,7315,465,215,250
6413,7316,0,0,0
6413,7317,0,0,0
6413,7318,46,10,36
6413,7319,14,14,0
6413,7320,0,0,0
6413,7331,64,45,19
6413,7332,20,20,0
6413,7333,10,10,0
6413,7334,16,16,0
6413,7335,18,18,0
6413,7336,0,0,0
6413,7337,12,12,0
6413,7338,39,25,14
6413,7339,232,169,63
6413,7340,10,10,0
6413,8111,188,99,89
6413,8115,55,44,11
6413,8116,60,38,22
6413,8117,19,19,0
6413,8118,55,30,25
6413,8119,35,25,10
6413,8121,32,19,13
6413,8125,79,60,19
6413,8126,0,0,0
6413,8127,19,19,0
6413,8128,0,0,0
6413,8135,0,0,0
6413,8136,0,0,0
6413,8211,23,23,0
6413,8212,38,19,19
6413,8215,47,29,18
6413,8216,12,12,0
6413,8221,40,16,24
6413,8222,188,71,117
6413,8225,386,386,0
6413,8226,185,105,80
6413,8231,0,0,0
6413,8235,0,0,0
6413,8236,15,15,0
6413,8237,0,0,0
6413,8311,21,10,11
6413,8315,17,17,0
6413,8316,0,0,0
6413,8317,45,19,26
6413,8325,0,0,0
6413,8326,0,0,0
6413,8327,0,0,0
6413,8335,11,11,0
6413,8336,0,0,0
6413,8337,14,14,0
6413,8415,13,13,0
6413,8416,10,10,0
6413,8417,0,0,0
6413,8421,0,0,0
6413,8425,10,10,0
6413,8426,0,0,0
6413,8435,0,0,0
6413,8436,0,0,0
6413,8437,0,0,0
6413,9161,10,0,10
6413,9162,364,80,284
6413,9163,0,0,0
6413,9171,0,0,0
6413,9172,0,0,0
6413,9173,0,0,0
6413,9174,0,0,0
6413,9175,0,0,0
6413,9176,0,0,0
6413,9177,0,0,0
6413,9178,19,0,19
6413,9179,10,10,0
6413,9180,10,10,0
6413,9181,0,0,0
6413,9182,0,0,0
6413,9183,0,0,0
6413,9184,83,23,60
6413,9185,0,0,0
6413,9186,0,0,0
6413,9187,0,0,0
6413,9188,0,0,0
6413,9189,0,0,0
6413,9190,0,0,0
6413,9261,0,0,0
6413,9262,0,0,0
6413,9263,0,0,0
6413,9271,0,0,0
6413,9272,0,0,0
6413,9273,0,0,0
6413,9274,0,0,0
6413,9275,0,0,0
6413,9276,0,0,0
6413,9277,0,0,0
6413,9278,0,0,0
6413,9279,0,0,0
6413,9361,0,0,0
6413,9362,0,0,0
6413,9363,0,0,0
6413,9371,0,0,0
6413,9372,0,0,0
6413,9373,0,0,0
6413,9374,0,0,0
6413,9375,0,0,0
6413,9376,0,0,0
6413,9377,0,0,0
6413,9461,0,0,0
6413,9462,0,0,0
6413,9463,0,0,0
6413,9464,0,0,0
6413,9471,10,0,10
6413,9472,0,0,0
6413,9473,0,0,0
6413,9474,11,11,0
6413,9475,0,0,0
6413,9476,0,0,0
6413,9477,0,0,0
6413,9478,0,0,0
6413,9479,0,0,0
6413,9561,0,0,0
6413,9562,35,0,35
6413,9563,0,0,0
6413,9564,88,21,67
6413,9565,0,0,0
6413,9571,0,0,0
6413,9572,0,0,0
6413,9573,0,0,0
6413,9574,0,0,0
6413,9575,0,0,0
6413,9576,0,0,0
6413,9577,0,0,0
6413,9661,345,181,164
6413,9662,0,0,0
6413,9663,25,11,14
6413,9671,882,632,250
6413,9672,0,0,0
6413,9673,0,0,0
6413,9674,0,0,0
6413,9675,0,0,0
6413,9676,286,205,81
6413,9677,50,30,20
6413,9678,0,0,0
6413,9679,24,24,0
6413,9761,22,11,11
6413,9762,0,0,0
6413,9763,0,0,0
6413,9764,0,0,0
6413,9771,0,0,0
6413,9772,0,0,0
6413,9773,0,0,0
6413,9774,0,0,0
6413,9775,0,0,0
6413,9776,0,0,0
6413,9777,0,0,0
6413,9778,0,0,0
6413,9779,0,0,0
6413,9780,0,0,0
6413,10041,35,12,23
6413,10042,0,0,0
6413,10043,13,13,0
6413,10044,0,0,0
6413,10045,13,13,0
6413,10046,0,0,0
6413,11000,361,136,225
6413,12051,0,0,0
6413,12052,0,0,0
6413,12053,0,0,0
6413,12054,0,0,0
6413,12060,0,0,0
6413,12061,0,0,0
6413,12062,0,0,0
6413,12063,0,0,0
6413,12064,0,0,0
6413,12065,0,0,0
6413,12066,0,0,0
6413,12067,0,0,0
6413,12068,0,0,0
6413,12069,18,0,18
6413,12070,0,0,0
6413,12071,12,0,12
6413,12072,0,0,0
6413,12073,0,0,0
6413,13003,0,0,0
6413,13004,0,0,0
6413,13071,0,0,0
6413,13072,0,0,0
6413,13073,0,0,0
6413,13074,0,0,0
6413,13075,0,0,0
6413,13076,0,0,0
6413,14511,88,77,11
6413,14521,0,0,0
6413,14522,0,0,0
6413,14523,0,0,0
6413,14524,10,10,0
6413,14612,55,42,13
6413,14625,0,0,0
6413,14626,0,0,0
6413,14627,0,0,0
6413,14628,0,0,0
6413,14713,36,22,14
6413,14729,0,0,0
6413,14730,0,0,0
6413,15001,0,0,0
6413,15002,0,0,0
6413,15003,0,0,0
6413,15081,0,0,0
6413,15082,0,0,0
6413,15083,0,0,0
6413,15084,0,0,0
6413,15085,0,0,0
6413,15086,0,0,0
6413,15087,0,0,0
6413,15088,0,0,0
6413,15089,0,0,0
6413,15090,0,0,0
6413,15091,0,0,0
6413,16051,24,14,10
6413,16052,0,0,0
6413,16053,0,0,0
6413,16054,0,0,0
6413,16055,0,0,0
6413,16056,0,0,0
6413,16061,18,18,0
6413,16062,0,0,0
6413,16063,0,0,0
6413,16064,12,12,0
6413,16065,0,0,0
6413,16066,0,0,0
6413,16067,0,0,0
6413,16068,0,0,0
6413,16069,0,0,0
6413,16070,0,0,0
6413,16071,0,0,0
6413,16072,0,0,0
6413,16073,0,0,0
6413,16074,0,0,0
6413,16075,0,0,0
6413,16076,0,0,0
6413,16077,0,0,0
6414,1001,0,0,0
6414,1002,13,13,0
6414,1003,44,22,22
6414,1004,11,11,0
6414,1051,0,0,0
6414,1053,50,39,11
6414,1054,14,14,0
6414,1055,0,0,0
6414,1056,71,57,14
6414,1057,0,0,0
6414,1058,26,26,0
6414,1059,0,0,0
6414,1060,65,45,20
6414,1061,14,14,0
6414,1062,68,52,16
6414,2000,960,597,363
6414,3101,32,21,11
6414,3102,0,0,0
6414,3103,17,0,17
6414,3151,0,0,0
6414,3153,13,13,0
6414,3154,0,0,0
6414,3155,14,14,0
6414,3157,17,17,0
6414,3158,10,10,0
6414,3159,68,51,17
6414,3241,260,179,81
6414,3251,0,0,0
6414,3252,26,26,0
6414,3254,36,36,0
6414,3255,0,0,0
6414,3256,0,0,0
6414,3257,18,18,0
6414,3351,17,17,0
6414,3352,0,0,0
6414,3353,48,48,0
6414,3354,0,0,0
6414,3355,19,19,0
6414,3356,0,0,0
6414,3357,16,16,0
6414,3358,19,19,0
6414,3359,29,29,0
6414,3360,0,0,0
6414,3361,14,14,0
6414,3401,0,0,0
6414,3402,0,0,0
6414,3403,17,17,0
6414,3404,71,44,27
6414,3405,0,0,0
6414,3451,11,11,0
6414,3452,0,0,0
6414,3453,0,0,0
6414,3454,34,34,0
6414,3455,0,0,0
6414,3456,15,15,0
6414,3457,0,0,0
6414,3458,17,17,0
6414,3459,74,74,0
6414,3460,10,10,0
6414,3461,0,0,0
6414,3462,0,0,0
6414,4011,90,60,30
6414,4012,0,0,0
6414,5111,434,156,278
6414,5112,134,113,21
6414,5113,138,57,81
6414,5114,47,28,19
6414,5116,39,26,13
6414,5117,30,20,10
6414,5119,12,12,0
6414,5120,0,0,0
6414,5122,34,21,13
6414,5124,64,33,31
6414,5154,54,31,23
6414,5158,140,88,52
6414,5162,173,87,86
6414,5166,51,28,23
6414,5170,67,48,19
6414,5314,169,83,86
6414,5315,701,321,380
6414,5316,43,30,13
6414,5334,90,51,39
6414,5358,39,39,0
6414,5362,167,125,42
6414,5366,34,34,0
6414,5370,34,34,0
6414,5374,52,22,30
6414,5378,77,63,14
6414,5382,241,168,73
6414,5512,16,16,0
6414,5513,23,23,0
6414,5515,72,45,27
6414,5554,28,28,0
6414,5558,30,30,0
6414,5562,112,93,19
6414,5566,83,72,11
6414,5570,22,22,0
6414,5711,63,40,23
6414,5754,42,30,12
6414,5758,32,32,0
6414,5762,16,16,0
6414,5766,39,23,16
6414,5770,58,45,13
6414,5774,75,50,25
6414,5911,78,54,24
6414,5913,143,77,66
6414,5914,12,12,0
6414,5915,17,17,0
6414,5916,17,17,0
6414,5954,44,28,16
6414,5958,41,13,28
6414,5962,31,21,10
6414,5966,11,11,0
6414,5970,68,42,26
6414,5974,21,21,0
6414,5978,60,45,15
6414,6411,1643,739,904
6414,6412,16786,3876,12910
6414,6413,783,450,333
6414,6414,0,0,0
6414,6431,500,387,113
6414,6432,1316,988,328
6414,6433,8907,4775,4132
6414,6434,2115,1081,1034
6414,6435,1055,683,372
6414,6436,10679,5972,4707
6414,6437,113,88,25
6414,6438,2262,1147,1115
6414,6439,23897,19353,4544
6414,6440,898,682,216
6414,6531,435,322,113
6414,6532,324,221,103
6414,6533,2791,2421,370
6414,6534,269,165,104
6414,6535,74,64,10
6414,6611,164,73,91
6414,6631,282,241,41
6414,6632,51,35,16
6414,6633,101,91,10
6414,6634,89,64,25
6414,6635,67,43,24
6414,6636,26,26,0
6414,7111,206,109,97
6414,7131,39,39,0
6414,7132,58,34,24
6414,7133,1520,1249,271
6414,7134,90,65,25
6414,7135,44,28,16
6414,7137,138,108,30
6414,7138,98,61,37
6414,7140,400,298,102
6414,7141,2187,2048,139
6414,7143,495,423,72
6414,7211,51,25,26
6414,7231,64,42,22
6414,7232,21,0,21
6414,7233,0,0,0
6414,7235,21,21,0
6414,7311,57,32,25
6414,7312,160,100,60
6414,7313,18,18,0
6414,7314,198,72,126
6414,7315,18100,9019,9081
6414,7316,47,47,0
6414,7317,23,11,12
6414,7318,26,26,0
6414,7319,223,158,65
6414,7320,24,0,24
6414,7331,1917,1678,239
6414,7332,90,77,13
6414,7333,243,195,48
6414,7334,38,25,13
6414,7335,96,73,23
6414,7336,48,48,0
6414,7337,37,37,0
6414,7338,71,55,16
6414,7339,8029,6490,1539
6414,7340,20,20,0
6414,8111,430,190,240
6414,8115,135,101,34
6414,8116,155,109,46
6414,8117,17,17,0
6414,8118,159,96,63
6414,8119,79,57,22
6414,8121,54,39,15
6414,8125,79,47,32
6414,8126,10,10,0
6414,8127,14,14,0
6414,8128,52,25,27
6414,8135,17,17,0
6414,8136,56,43,13
6414,8211,14,14,0
6414,8212,145,75,70
6414,8215,140,114,26
6414,8216,42,31,11
6414,8221,150,82,68
6414,8222,451,216,235
6414,8225,31,31,0
6414,8226,422,275,147
6414,8231,26,26,0
6414,8235,21,21,0
6414,8236,25,25,0
6414,8237,10,10,0
6414,8311,64,37,27
6414,8315,28,28,0
6414,8316,18,18,0
6414,8317,74,49,25
6414,8325,13,13,0
6414,8326,19,19,0
6414,8327,10,10,0
6414,8335,39,29,10
6414,8336,45,15,30
6414,8337,0,0,0
6414,8415,41,28,13
6414,8416,50,38,12
6414,8417,35,35,0
6414,8421,42,24,18
6414,8425,29,29,0
6414,8426,32,21,11
6414,8435,14,14,0
6414,8436,34,21,13
6414,8437,0,0,0
6414,9161,26,12,14
6414,9162,871,363,508
6414,9163,0,0,0
6414,9171,0,0,0
6414,9172,0,0,0
6414,9173,15,15,0
6414,9174,19,19,0
6414,9175,27,27,0
6414,9176,0,0,0
6414,9177,49,49,0
6414,9178,97,46,51
6414,9179,37,37,0
6414,9180,16,16,0
6414,9181,18,18,0
6414,9182,23,23,0
6414,9183,10,10,0
6414,9184,209,73,136
6414,9185,0,0,0
6414,9186,39,24,15
6414,9187,45,35,10
6414,9188,34,21,13
6414,9189,15,15,0
6414,9190,10,10,0
6414,9261,0,0,0
6414,9262,0,0,0
6414,9263,0,0,0
6414,9271,0,0,0
6414,9272,0,0,0
6414,9273,16,16,0
6414,9274,11,11,0
6414,9275,11,11,0
6414,9276,0,0,0
6414,9277,0,0,0
6414,9278,0,0,0
6414,9279,0,0,0
6414,9361,0,0,0
6414,9362,36,21,15
6414,9363,0,0,0
6414,9371,0,0,0
6414,9372,0,0,0
6414,9373,0,0,0
6414,9374,14,14,0
6414,9375,12,12,0
6414,9376,0,0,0
6414,9377,0,0,0
6414,9461,0,0,0
6414,9462,11,11,0
6414,9463,0,0,0
6414,9464,0,0,0
6414,9471,39,39,0
6414,9472,10,10,0
6414,9473,11,11,0
6414,9474,20,20,0
6414,9475,29,0,29
6414,9476,0,0,0
6414,9477,0,0,0
6414,9478,12,12,0
6414,9479,0,0,0
6414,9561,0,0,0
6414,9562,38,13,25
6414,9563,19,19,0
6414,9564,189,103,86
6414,9565,0,0,0
6414,9571,0,0,0
6414,9572,37,27,10
6414,9573,20,20,0
6414,9574,23,23,0
6414,9575,13,0,13
6414,9576,13,13,0
6414,9577,0,0,0
6414,9661,153,67,86
6414,9662,0,0,0
6414,9663,70,43,27
6414,9671,214,154,60
6414,9672,17,17,0
6414,9673,12,12,0
6414,9674,0,0,0
6414,9675,29,18,11
6414,9676,88,57,31
6414,9677,58,38,20
6414,9678,13,13,0
6414,9679,45,28,17
6414,9761,100,82,18
6414,9762,0,0,0
6414,9763,0,0,0
6414,9764,0,0,0
6414,9771,19,19,0
6414,9772,48,32,16
6414,9773,11,11,0
6414,9774,19,19,0
6414,9775,42,32,10
6414,9776,14,0,14
6414,9777,10,10,0
6414,9778,19,19,0
6414,9779,0,0,0
6414,9780,55,13,42
6414,10041,189,109,80
6414,10042,40,19,21
6414,10043,37,26,11
6414,10044,66,47,19
6414,10045,51,29,22
6414,10046,25,25,0
6414,11000,1084,617,467
6414,12051,0,0,0
6414,12052,0,0,0
6414,12053,0,0,0
6414,12054,47,32,15
6414,12060,17,17,0
6414,12061,23,23,0
6414,12062,0,0,0
6414,12063,22,22,0
6414,12064,20,20,0
6414,12065,28,28,0
6414,12066,0,0,0
6414,12067,18,18,0
6414,12068,11,11,0
6414,12069,56,46,10
6414,12070,0,0,0
6414,12071,0,0,0
6414,12072,28,28,0
6414,12073,0,0,0
6414,13003,32,32,0
6414,13004,0,0,0
6414,13071,15,15,0
6414,13072,16,16,0
6414,13073,0,0,0
6414,13074,11,11,0
6414,13075,0,0,0
6414,13076,17,17,0
6414,14511,36,22,14
6414,14521,13,13,0
6414,14522,20,20,0
6414,14523,19,19,0
6414,14524,18,18,0
6414,14612,77,63,14
6414,14625,20,20,0
6414,14626,10,10,0
6414,14627,19,19,0
6414,14628,22,22,0
6414,14713,124,101,23
6414,14729,66,66,0
6414,14730,13,13,0
6414,15001,0,0,0
6414,15002,21,21,0
6414,15003,20,20,0
6414,15081,0,0,0
6414,15082,16,16,0
6414,15083,13,13,0
6414,15084,16,16,0
6414,15085,0,0,0
6414,15086,0,0,0
6414,15087,14,14,0
6414,15088,16,16,0
6414,15089,0,0,0
6414,15090,0,0,0
6414,15091,12,12,0
6414,16051,38,38,0
6414,16052,11,11,0
6414,16053,23,23,0
6414,16054,0,0,0
6414,16055,12,12,0
6414,16056,0,0,0
6414,16061,0,0,0
6414,16062,0,0,0
6414,16063,22,22,0
6414,16064,23,23,0
6414,16065,0,0,0
6414,16066,21,21,0
6414,16067,16,16,0
6414,16068,0,0,0
6414,16069,0,0,0
6414,16070,13,13,0
6414,16071,12,12,0
6414,16072,0,0,0
6414,16073,21,21,0
6414,16074,15,15,0
6414,16075,10,10,0
6414,16076,0,0,0
6414,16077,0,0,0
6431,1001,0,0,0
6431,1002,0,0,0
6431,1003,0,0,0
6431,1004,0,0,0
6431,1051,0,0,0
6431,1053,0,0,0
6431,1054,0,0,0
6431,1055,0,0,0
6431,1056,18,18,0
6431,1057,0,0,0
6431,1058,0,0,0
6431,1059,16,0,16
6431,1060,23,11,12
6431,1061,0,0,0
6431,1062,15,0,15
6431,2000,269,65,204
6431,3101,16,0,16
6431,3102,0,0,0
6431,3103,0,0,0
6431,3151,0,0,0
6431,3153,0,0,0
6431,3154,0,0,0
6431,3155,0,0,0
6431,3157,0,0,0
6431,3158,0,0,0
6431,3159,0,0,0
6431,3241,88,43,45
6431,3251,0,0,0
6431,3252,0,0,0
6431,3254,14,14,0
6431,3255,0,0,0
6431,3256,0,0,0
6431,3257,0,0,0
6431,3351,0,0,0
6431,3352,0,0,0
6431,3353,22,11,11
6431,3354,0,0,0
6431,3355,0,0,0
6431,3356,0,0,0
6431,3357,18,18,0
6431,3358,0,0,0
6431,3359,0,0,0
6431,3360,0,0,0
6431,3361,0,0,0
6431,3401,0,0,0
6431,3402,0,0,0
6431,3403,0,0,0
6431,3404,25,11,14
6431,3405,12,12,0
6431,3451,0,0,0
6431,3452,0,0,0
6431,3453,0,0,0
6431,3454,28,10,18
6431,3455,0,0,0
6431,3456,0,0,0
6431,3457,0,0,0
6431,3458,0,0,0
6431,3459,68,15,53
6431,3460,0,0,0
6431,3461,0,0,0
6431,3462,0,0,0
6431,4011,39,11,28
6431,4012,0,0,0
6431,5111,187,58,129
6431,5112,129,47,82
6431,5113,205,27,178
6431,5114,17,0,17
6431,5116,12,12,0
6431,5117,14,14,0
6431,5119,35,14,21
6431,5120,0,0,0
6431,5122,0,0,0
6431,5124,36,16,20
6431,5154,27,13,14
6431,5158,92,36,56
6431,5162,49,24,25
6431,5166,29,10,19
6431,5170,44,27,17
6431,5314,52,20,32
6431,5315,300,83,217
6431,5316,17,0,17
6431,5334,50,25,25
6431,5358,18,18,0
6431,5362,72,37,35
6431,5366,0,0,0
6431,5370,29,18,11
6431,5374,44,15,29
6431,5378,25,12,13
6431,5382,78,51,27
6431,5512,0,0,0
6431,5513,28,28,0
6431,5515,15,0,15
6431,5554,37,37,0
6431,5558,0,0,0
6431,5562,63,33,30
6431,5566,23,12,11
6431,5570,24,24,0
6431,5711,36,11,25
6431,5754,36,0,36
6431,5758,20,10,10
6431,5762,0,0,0
6431,5766,31,12,19
6431,5770,10,10,0
6431,5774,0,0,0
6431,5911,32,18,14
6431,5913,68,28,40
6431,5914,0,0,0
6431,5915,0,0,0
6431,5916,11,0,11
6431,5954,44,18,26
6431,5958,33,10,23
6431,5962,23,12,11
6431,5966,0,0,0
6431,5970,31,12,19
6431,5974,23,23,0
6431,5978,48,19,29
6431,6411,5956,964,4992
6431,6412,4248,370,3878
6431,6413,236,73,163
6431,6414,500,113,387
6431,6431,0,0,0
6431,6432,5815,2803,3012
6431,6433,3241,1204,2037
6431,6434,285,63,222
6431,6435,303,132,171
6431,6436,554,111,443
6431,6437,2267,1278,989
6431,6438,1090,343,747
6431,6439,116,56,60
6431,6440,209,104,105
6431,6531,90,60,30
6431,6532,53,21,32
6431,6533,81,31,50
6431,6534,60,31,29
6431,6535,11,11,0
6431,6611,63,13,50
6431,6631,56,28,28
6431,6632,13,0,13
6431,6633,29,18,11
6431,6634,46,18,28
6431,6635,0,0,0
6431,6636,0,0,0
6431,7111,27,0,27
6431,7131,0,0,0
6431,7132,0,0,0
6431,7133,90,62,28
6431,7134,10,10,0
6431,7135,10,10,0
6431,7137,31,17,14
6431,7138,23,12,11
6431,7140,33,15,18
6431,7141,35,18,17
6431,7143,39,21,18
6431,7211,0,0,0
6431,7231,11,0,11
6431,7232,0,0,0
6431,7233,0,0,0
6431,7235,15,15,0
6431,7311,795,294,501
6431,7312,144,62,82
6431,7313,86,27,59
6431,7314,3776,1016,2760
6431,7315,472,125,347
6431,7316,151,69,82
6431,7317,0,0,0
6431,7318,312,92,220
6431,7319,4045,2148,1897
6431,7320,11,0,11
6431,7331,919,732,187
6431,7332,500,325,175
6431,7333,222,152,70
6431,7334,128,65,63
6431,7335,61,39,22
6431,7336,0,0,0
6431,7337,115,50,65
6431,7338,868,559,309
6431,7339,281,189,92
6431,7340,22,22,0
6431,8111,317,41,276
6431,8115,144,67,77
6431,8116,121,51,70
6431,8117,36,18,18
6431,8118,161,60,101
6431,8119,56,23,33
6431,8121,56,10,46
6431,8125,166,64,102
6431,8126,52,13,39
6431,8127,33,12,21
6431,8128,37,21,16
6431,8135,0,0,0
6431,8136,51,13,38
6431,8211,37,16,21
6431,8212,381,81,300
6431,8215,481,212,269
6431,8216,100,34,66
6431,8221,3502,588,2914
6431,8222,18695,3376,15319
6431,8225,261,154,107
6431,8226,17031,6132,10899
6431,8231,41,23,18
6431,8235,13,13,0
6431,8236,50,29,21
6431,8237,21,21,0
6431,8311,76,14,62
6431,8315,40,11,29
6431,8316,10,10,0
6431,8317,88,48,40
6431,8325,13,13,0
6431,8326,46,17,29
6431,8327,0,0,0
6431,8335,27,11,16
6431,8336,32,14,18
6431,8337,10,0,10
6431,8415,48,19,29
6431,8416,27,14,13
6431,8417,13,0,13
6431,8421,32,10,22
6431,8425,28,17,11
6431,8426,12,12,0
6431,8435,14,0,14
6431,8436,27,11,16
6431,8437,0,0,0
6431,9161,0,0,0
6431,9162,390,78,312
6431,9163,0,0,0
6431,9171,0,0,0
6431,9172,0,0,0
6431,9173,0,0,0
6431,9174,15,15,0
6431,9175,0,0,0
6431,9176,0,0,0
6431,9177,17,17,0
6431,9178,39,21,18
6431,9179,15,15,0
6431,9180,0,0,0
6431,9181,10,0,10
6431,9182,12,0,12
6431,9183,0,0,0
6431,9184,156,37,119
6431,9185,12,0,12
6431,9186,13,0,13
6431,9187,24,13,11
6431,9188,25,10,15
6431,9189,22,11,11
6431,9190,0,0,0
6431,9261,0,0,0
6431,9262,0,0,0
6431,9263,0,0,0
6431,9271,0,0,0
6431,9272,0,0,0
6431,9273,0,0,0
6431,9274,0,0,0
6431,9275,10,10,0
6431,9276,0,0,0
6431,9277,10,0,10
6431,9278,0,0,0
6431,9279,0,0,0
6431,9361,0,0,0
6431,9362,0,0,0
6431,9363,0,0,0
6431,9371,0,0,0
6431,9372,0,0,0
6431,9373,0,0,0
6431,9374,0,0,0
6431,9375,11,11,0
6431,9376,0,0,0
6431,9377,0,0,0
6431,9461,0,0,0
6431,9462,0,0,0
6431,9463,0,0,0
6431,9464,0,0,0
6431,9471,0,0,0
6431,9472,0,0,0
6431,9473,0,0,0
6431,9474,0,0,0
6431,9475,13,0,13
6431,9476,0,0,0
6431,9477,0,0,0
6431,9478,0,0,0
6431,9479,0,0,0
6431,9561,0,0,0
6431,9562,26,0,26
6431,9563,12,0,12
6431,9564,92,35,57
6431,9565,0,0,0
6431,9571,27,12,15
6431,9572,0,0,0
6431,9573,0,0,0
6431,9574,12,12,0
6431,9575,0,0,0
6431,9576,0,0,0
6431,9577,0,0,0
6431,9661,61,25,36
6431,9662,0,0,0
6431,9663,14,0,14
6431,9671,108,59,49
6431,9672,0,0,0
6431,9673,0,0,0
6431,9674,0,0,0
6431,9675,0,0,0
6431,9676,64,29,35
6431,9677,30,12,18
6431,9678,13,13,0
6431,9679,15,0,15
6431,9761,40,12,28
6431,9762,0,0,0
6431,9763,0,0,0
6431,9764,0,0,0
6431,9771,10,10,0
6431,9772,14,14,0
6431,9773,0,0,0
6431,9774,0,0,0
6431,9775,52,0,52
6431,9776,0,0,0
6431,9777,0,0,0
6431,9778,0,0,0
6431,9779,11,11,0
6431,9780,0,0,0
6431,10041,97,37,60
6431,10042,0,0,0
6431,10043,11,11,0
6431,10044,30,18,12
6431,10045,52,16,36
6431,10046,0,0,0
6431,11000,311,115,196
6431,12051,0,0,0
6431,12052,0,0,0
6431,12053,0,0,0
6431,12054,0,0,0
6431,12060,0,0,0
6431,12061,0,0,0
6431,12062,27,27,0
6431,12063,0,0,0
6431,12064,0,0,0
6431,12065,12,12,0
6431,12066,12,12,0
6431,12067,0,0,0
6431,12068,0,0,0
6431,12069,28,12,16
6431,12070,0,0,0
6431,12071,0,0,0
6431,12072,0,0,0
6431,12073,0,0,0
6431,13003,0,0,0
6431,13004,0,0,0
6431,13071,0,0,0
6431,13072,0,0,0
6431,13073,0,0,0
6431,13074,0,0,0
6431,13075,0,0,0
6431,13076,0,0,0
6431,14511,10,10,0
6431,14521,13,13,0
6431,14522,23,23,0
6431,14523,17,0,17
6431,14524,17,17,0
6431,14612,34,17,17
6431,14625,11,11,0
6431,14626,0,0,0
6431,14627,11,11,0
6431,14628,10,10,0
6431,14713,33,19,14
6431,14729,13,13,0
6431,14730,0,0,0
6431,15001,0,0,0
6431,15002,0,0,0
6431,15003,0,0,0
6431,15081,0,0,0
6431,15082,0,0,0
6431,15083,0,0,0
6431,15084,18,18,0
6431,15085,0,0,0
6431,15086,0,0,0
6431,15087,0,0,0
6431,15088,15,15,0
6431,15089,10,10,0
6431,15090,0,0,0
6431,15091,0,0,0
6431,16051,17,17,0
6431,16052,0,0,0
6431,16053,0,0,0
6431,16054,0,0,0
6431,16055,0,0,0
6431,16056,0,0,0
6431,16061,0,0,0
6431,16062,0,0,0
6431,16063,0,0,0
6431,16064,0,0,0
6431,16065,0,0,0
6431,16066,18,18,0
6431,16067,0,0,0
6431,16068,0,0,0
6431,16069,0,0,0
6431,16070,0,0,0
6431,16071,0,0,0
6431,16072,0,0,0
6431,16073,0,0,0
6431,16074,0,0,0
6431,16075,0,0,0
6431,16076,0,0,0
6431,16077,0,0,0
6432,1001,0,0,0
6432,1002,12,0,12
6432,1003,10,10,0
6432,1004,0,0,0
6432,1051,0,0,0
6432,1053,0,0,0
6432,1054,0,0,0
6432,1055,0,0,0
6432,1056,26,11,15
6432,1057,0,0,0
6432,1058,0,0,0
6432,1059,0,0,0
6432,1060,23,12,11
6432,1061,0,0,0
6432,1062,32,17,15
6432,2000,368,79,289
6432,3101,39,18,21
6432,3102,0,0,0
6432,3103,27,12,15
6432,3151,10,10,0
6432,3153,0,0,0
6432,3154,0,0,0
6432,3155,0,0,0
6432,3157,0,0,0
6432,3158,0,0,0
6432,3159,34,20,14
6432,3241,126,49,77
6432,3251,0,0,0
6432,3252,0,0,0
6432,3254,15,15,0
6432,3255,0,0,0
6432,3256,0,0,0
6432,3257,0,0,0
6432,3351,0,0,0
6432,3352,11,0,11
6432,3353,32,15,17
6432,3354,0,0,0
6432,3355,0,0,0
6432,3356,0,0,0
6432,3357,34,0,34
6432,3358,0,0,0
6432,3359,0,0,0
6432,3360,0,0,0
6432,3361,0,0,0
6432,3401,0,0,0
6432,3402,0,0,0
6432,3403,0,0,0
6432,3404,10,0,10
6432,3405,0,0,0
6432,3451,0,0,0
6432,3452,0,0,0
6432,3453,0,0,0
6432,3454,20,0,20
6432,3455,0,0,0
6432,3456,0,0,0
6432,3457,0,0,0
6432,3458,13,13,0
6432,3459,117,18,99
6432,3460,0,0,0
6432,3461,0,0,0
6432,3462,0,0,0
6432,4011,60,31,29
6432,4012,0,0,0
6432,5111,251,22,229
6432,5112,52,22,30
6432,5113,203,17,186
6432,5114,16,0,16
6432,5116,37,17,20
6432,5117,11,11,0
6432,5119,10,0,10
6432,5120,0,0,0
6432,5122,11,0,11
6432,5124,28,13,15
6432,5154,16,0,16
6432,5158,77,28,49
6432,5162,71,26,45
6432,5166,39,13,26
6432,5170,61,15,46
6432,5314,129,49,80
6432,5315,331,79,252
6432,5316,14,0,14
6432,5334,43,19,24
6432,5358,29,10,19
6432,5362,77,28,49
6432,5366,0,0,0
6432,5370,19,19,0
6432,5374,50,18,32
6432,5378,31,21,10
6432,5382,93,44,49
6432,5512,0,0,0
6432,5513,0,0,0
6432,5515,34,13,21
6432,5554,26,11,15
6432,5558,12,12,0
6432,5562,50,33,17
6432,5566,29,16,13
6432,5570,11,11,0
6432,5711,41,23,18
6432,5754,65,21,44
6432,5758,15,15,0
6432,5762,0,0,0
6432,5766,35,0,35
6432,5770,0,0,0
6432,5774,13,0,13
6432,5911,42,17,25
6432,5913,82,31,51
6432,5914,0,0,0
6432,5915,0,0,0
6432,5916,0,0,0
6432,5954,25,12,13
6432,5958,0,0,0
6432,5962,29,12,17
6432,5966,0,0,0
6432,5970,50,17,33
6432,5974,24,11,13
6432,5978,35,19,16
6432,6411,38349,6965,31384
6432,6412,13252,1466,11786
6432,6413,1442,413,1029
6432,6414,1316,328,988
6432,6431,5815,3012,2803
6432,6432,0,0,0
6432,6433,9116,3802,5314
6432,6434,921,242,679
6432,6435,2048,918,1130
6432,6436,1719,394,1325
6432,6437,5241,3647,1594
6432,6438,11395,3605,7790
6432,6439,341,139,202
6432,6440,606,290,316
6432,6531,334,218,116
6432,6532,144,76,68
6432,6533,197,110,87
6432,6534,116,57,59
6432,6535,69,47,22
6432,6611,102,29,73
6432,6631,131,70,61
6432,6632,23,13,10
6432,6633,25,15,10
6432,6634,28,13,15
6432,6635,18,18,0
6432,6636,0,0,0
6432,7111,43,17,26
6432,7131,0,0,0
6432,7132,12,12,0
6432,7133,86,51,35
6432,7134,14,0,14
6432,7135,30,11,19
6432,7137,25,15,10
6432,7138,28,15,13
6432,7140,40,24,16
6432,7141,54,37,17
6432,7143,61,40,21
6432,7211,11,0,11
6432,7231,11,11,0
6432,7232,0,0,0
6432,7233,0,0,0
6432,7235,10,0,10
6432,7311,94,34,60
6432,7312,69,35,34
6432,7313,33,0,33
6432,7314,372,97,275
6432,7315,982,296,686
6432,7316,16,16,0
6432,7317,0,0,0
6432,7318,43,13,30
6432,7319,281,125,156
6432,7320,0,0,0
6432,7331,199,159,40
6432,7332,71,44,27
6432,7333,46,32,14
6432,7334,31,20,11
6432,7335,39,28,11
6432,7336,13,13,0
6432,7337,26,12,14
6432,7338,107,64,43
6432,7339,344,224,120
6432,7340,18,18,0
6432,8111,267,89,178
6432,8115,117,55,62
6432,8116,106,38,68
6432,8117,44,30,14
6432,8118,110,44,66
6432,8119,86,47,39
6432,8121,35,18,17
6432,8125,115,51,64
6432,8126,47,0,47
6432,8127,61,0,61
6432,8128,46,29,17
6432,8135,0,0,0
6432,8136,27,12,15
6432,8211,16,0,16
6432,8212,143,52,91
6432,8215,124,46,78
6432,8216,61,31,30
6432,8221,300,64,236
6432,8222,1012,262,750
6432,8225,63,46,17
6432,8226,950,365,585
6432,8231,24,11,13
6432,8235,25,25,0
6432,8236,45,22,23
6432,8237,0,0,0
6432,8311,39,0,39
6432,8315,39,21,18
6432,8316,10,10,0
6432,8317,66,21,45
6432,8325,12,0,12
6432,8326,0,0,0
6432,8327,0,0,0
6432,8335,43,26,17
6432,8336,30,13,17
6432,8337,0,0,0
6432,8415,35,17,18
6432,8416,22,22,0
6432,8417,0,0,0
6432,8421,17,0,17
6432,8425,16,16,0
6432,8426,16,16,0
6432,8435,10,0,10
6432,8436,36,12,24
6432,8437,0,0,0
6432,9161,23,0,23
6432,9162,431,101,330
6432,9163,0,0,0
6432,9171,0,0,0
6432,9172,0,0,0
6432,9173,0,0,0
6432,9174,10,10,0
6432,9175,14,0,14
6432,9176,0,0,0
6432,9177,14,14,0
6432,9178,22,0,22
6432,9179,11,0,11
6432,9180,0,0,0
6432,9181,0,0,0
6432,9182,11,0,11
6432,9183,0,0,0
6432,9184,140,13,127
6432,9185,0,0,0
6432,9186,0,0,0
6432,9187,14,0,14
6432,9188,40,0,40
6432,9189,0,0,0
6432,9190,0,0,0
6432,9261,0,0,0
6432,9262,0,0,0
6432,9263,0,0,0
6432,9271,88,88,0
6432,9272,0,0,0
6432,9273,0,0,0
6432,9274,15,15,0
6432,9275,23,23,0
6432,9276,14,14,0
6432,9277,21,21,0
6432,9278,0,0,0
6432,9279,10,10,0
6432,9361,0,0,0
6432,9362,27,13,14
6432,9363,0,0,0
6432,9371,19,19,0
6432,9372,0,0,0
6432,9373,14,14,0
6432,9374,33,33,0
6432,9375,23,23,0
6432,9376,0,0,0
6432,9377,0,0,0
6432,9461,0,0,0
6432,9462,11,0,11
6432,9463,0,0,0
6432,9464,0,0,0
6432,9471,21,11,10
6432,9472,0,0,0
6432,9473,0,0,0
6432,9474,0,0,0
6432,9475,11,0,11
6432,9476,0,0,0
6432,9477,0,0,0
6432,9478,0,0,0
6432,9479,0,0,0
6432,9561,171,0,171
6432,9562,36,0,36
6432,9563,11,11,0
6432,9564,182,76,106
6432,9565,0,0,0
6432,9571,0,0,0
6432,9572,18,0,18
6432,9573,10,10,0
6432,9574,15,15,0
6432,9575,0,0,0
6432,9576,0,0,0
6432,9577,0,0,0
6432,9661,1755,615,1140
6432,9662,37,37,0
6432,9663,112,61,51
6432,9671,2640,1289,1351
6432,9672,64,41,23
6432,9673,10,10,0
6432,9674,11,11,0
6432,9675,30,13,17
6432,9676,1249,710,539
6432,9677,115,42,73
6432,9678,29,29,0
6432,9679,58,42,16
6432,9761,35,16,19
6432,9762,0,0,0
6432,9763,0,0,0
6432,9764,0,0,0
6432,9771,39,15,24
6432,9772,13,13,0
6432,9773,0,0,0
6432,9774,0,0,0
6432,9775,29,10,19
6432,9776,0,0,0
6432,9777,0,0,0
6432,9778,0,0,0
6432,9779,0,0,0
6432,9780,0,0,0
6432,10041,92,44,48
6432,10042,11,0,11
6432,10043,23,23,0
6432,10044,28,12,16
6432,10045,15,15,0
6432,10046,0,0,0
6432,11000,588,343,245
6432,12051,0,0,0
6432,12052,0,0,0
6432,12053,0,0,0
6432,12054,15,0,15
6432,12060,0,0,0
6432,12061,0,0,0
6432,12062,0,0,0
6432,12063,14,14,0
6432,12064,0,0,0
6432,12065,0,0,0
6432,12066,0,0,0
6432,12067,12,12,0
6432,12068,0,0,0
6432,12069,15,15,0
6432,12070,0,0,0
6432,12071,0,0,0
6432,12072,0,0,0
6432,12073,0,0,0
6432,13003,0,0,0
6432,13004,0,0,0
6432,13071,11,11,0
6432,13072,0,0,0
6432,13073,0,0,0
6432,13074,0,0,0
6432,13075,15,15,0
6432,13076,0,0,0
6432,14511,16,0,16
6432,14521,19,19,0
6432,14522,27,27,0
6432,14523,15,15,0
6432,14524,20,20,0
6432,14612,44,30,14
6432,14625,11,11,0
6432,14626,0,0,0
6432,14627,27,27,0
6432,14628,10,10,0
6432,14713,43,27,16
6432,14729,14,14,0
6432,14730,0,0,0
6432,15001,11,11,0
6432,15002,0,0,0
6432,15003,0,0,0
6432,15081,0,0,0
6432,15082,14,14,0
6432,15083,10,10,0
6432,15084,12,12,0
6432,15085,23,23,0
6432,15086,0,0,0
6432,15087,11,11,0
6432,15088,33,15,18
6432,15089,0,0,0
6432,15090,0,0,0
6432,15091,12,12,0
6432,16051,53,38,15
6432,16052,0,0,0
6432,16053,0,0,0
6432,16054,0,0,0
6432,16055,22,22,0
6432,16056,0,0,0
6432,16061,0,0,0
6432,16062,0,0,0
6432,16063,0,0,0
6432,16064,0,0,0
6432,16065,11,11,0
6432,16066,19,19,0
6432,16067,14,14,0
6432,16068,0,0,0
6432,16069,0,0,0
6432,16070,0,0,0
6432,16071,13,13,0
6432,16072,0,0,0
6432,16073,0,0,0
6432,16074,0,0,0
6432,16075,0,0,0
6432,16076,0,0,0
6432,16077,0,0,0
6433,1001,0,0,0
6433,1002,0,0,0
6433,1003,35,10,25
6433,1004,0,0,0
6433,1051,0,0,0
6433,1053,28,14,14
6433,1054,0,0,0
6433,1055,0,0,0
6433,1056,41,31,10
6433,1057,0,0,0
6433,1058,0,0,0
6433,1059,0,0,0
6433,1060,56,25,31
6433,1061,11,11,0
6433,1062,168,23,145
6433,2000,664,267,397
6433,3101,31,19,12
6433,3102,22,22,0
6433,3103,14,0,14
6433,3151,0,0,0
6433,3153,0,0,0
6433,3154,0,0,0
6433,3155,46,35,11
6433,3157,0,0,0
6433,3158,0,0,0
6433,3159,34,18,16
6433,3241,162,100,62
6433,3251,11,11,0
6433,3252,0,0,0
6433,3254,10,10,0
6433,3255,0,0,0
6433,3256,0,0,0
6433,3257,10,10,0
6433,3351,0,0,0
6433,3352,12,0,12
6433,3353,28,28,0
6433,3354,0,0,0
6433,3355,0,0,0
6433,3356,12,12,0
6433,3357,0,0,0
6433,3358,15,15,0
6433,3359,27,27,0
6433,3360,0,0,0
6433,3361,12,12,0
6433,3401,0,0,0
6433,3402,0,0,0
6433,3403,14,14,0
6433,3404,18,0,18
6433,3405,22,22,0
6433,3451,15,15,0
6433,3452,0,0,0
6433,3453,10,0,10
6433,3454,44,30,14
6433,3455,13,13,0
6433,3456,0,0,0
6433,3457,0,0,0
6433,3458,11,11,0
6433,3459,34,18,16
6433,3460,10,0,10
6433,3461,0,0,0
6433,3462,0,0,0
6433,4011,87,58,29
6433,4012,11,11,0
6433,5111,370,67,303
6433,5112,72,48,24
6433,5113,157,46,111
6433,5114,30,17,13
6433,5116,76,18,58
6433,5117,15,15,0
6433,5119,29,19,10
6433,5120,0,0,0
6433,5122,10,10,0
6433,5124,45,20,25
6433,5154,45,14,31
6433,5158,92,45,47
6433,5162,140,73,67
6433,5166,49,27,22
6433,5170,45,24,21
6433,5314,98,48,50
6433,5315,487,150,337
6433,5316,31,19,12
6433,5334,82,36,46
6433,5358,14,14,0
6433,5362,138,56,82
6433,5366,27,27,0
6433,5370,15,15,0
6433,5374,56,24,32
6433,5378,34,34,0
6433,5382,112,68,44
6433,5512,0,0,0
6433,5513,38,12,26
6433,5515,28,13,15
6433,5554,31,10,21
6433,5558,0,0,0
6433,5562,88,54,34
6433,5566,11,11,0
6433,5570,0,0,0
6433,5711,22,0,22
6433,5754,119,18,101
6433,5758,0,0,0
6433,5762,0,0,0
6433,5766,11,0,11
6433,5770,15,0,15
6433,5774,28,14,14
6433,5911,89,68,21
6433,5913,193,58,135
6433,5914,0,0,0
6433,5915,0,0,0
6433,5916,38,38,0
6433,5954,41,26,15
6433,5958,15,0,15
6433,5962,37,24,13
6433,5966,13,13,0
6433,5970,78,33,45
6433,5974,13,13,0
6433,5978,50,21,29
6433,6411,9669,2458,7211
6433,6412,32145,5773,26372
6433,6413,1980,1243,737
6433,6414,8907,4132,4775
6433,6431,3241,2037,1204
6433,6432,9116,5314,3802
6433,6433,0,0,0
6433,6434,1842,847,995
6433,6435,1796,1169,627
6433,6436,8371,4349,4022
6433,6437,329,266,63
6433,6438,7143,3405,3738
6433,6439,1948,1450,498
6433,6440,1153,779,374
6433,6531,281,192,89
6433,6532,240,152,88
6433,6533,651,487,164
6433,6534,120,79,41
6433,6535,82,66,16
6433,6611,168,34,134
6433,6631,182,148,34
6433,6632,198,175,23
6433,6633,46,35,11
6433,6634,86,53,33
6433,6635,26,26,0
6433,6636,25,25,0
6433,7111,89,45,44
6433,7131,24,24,0
6433,7132,38,24,14
6433,7133,667,543,124
6433,7134,64,64,0
6433,7135,22,22,0
6433,7137,115,89,26
6433,7138,88,77,11
6433,7140,352,278,74
6433,7141,233,210,23
6433,7143,157,128,29
6433,7211,10,10,0
6433,7231,30,19,11
6433,7232,0,0,0
6433,7233,56,56,0
6433,7235,22,22,0
6433,7311,72,35,37
6433,7312,83,63,20
6433,7313,18,18,0
6433,7314,353,173,180
6433,7315,8447,4072,4375
6433,7316,37,26,11
6433,7317,20,20,0
6433,7318,41,19,22
6433,7319,525,345,180
6433,7320,0,0,0
6433,7331,2082,1928,154
6433,7332,125,87,38
6433,7333,174,160,14
6433,7334,54,34,20
6433,7335,94,79,15
6433,7336,30,30,0
6433,7337,32,32,0
6433,7338,133,105,28
6433,7339,4725,3999,726
6433,7340,25,25,0
6433,8111,270,82,188
6433,8115,112,60,52
6433,8116,125,46,79
6433,8117,25,11,14
6433,8118,139,77,62
6433,8119,76,34,42
6433,8121,60,13,47
6433,8125,81,46,35
6433,8126,13,0,13
6433,8127,14,0,14
6433,8128,28,18,10
6433,8135,10,0,10
6433,8136,29,19,10
6433,8211,0,0,0
6433,8212,111,48,63
6433,8215,146,109,37
6433,8216,56,30,26
6433,8221,152,56,96
6433,8222,1007,383,624
6433,8225,24,24,0
6433,8226,619,378,241
6433,8231,15,15,0
6433,8235,12,12,0
6433,8236,34,34,0
6433,8237,10,10,0
6433,8311,30,15,15
6433,8315,39,24,15
6433,8316,0,0,0
6433,8317,141,124,17
6433,8325,0,0,0
6433,8326,21,11,10
6433,8327,0,0,0
6433,8335,29,29,0
6433,8336,23,0,23
6433,8337,0,0,0
6433,8415,44,24,20
6433,8416,13,13,0
6433,8417,13,13,0
6433,8421,10,0,10
6433,8425,30,20,10
6433,8426,10,10,0
6433,8435,12,12,0
6433,8436,55,0,55
6433,8437,10,0,10
6433,9161,38,14,24
6433,9162,626,149,477
6433,9163,0,0,0
6433,9171,0,0,0
6433,9172,24,24,0
6433,9173,0,0,0
6433,9174,18,0,18
6433,9175,19,0,19
6433,9176,0,0,0
6433,9177,15,15,0
6433,9178,89,30,59
6433,9179,11,11,0
6433,9180,0,0,0
6433,9181,0,0,0
6433,9182,0,0,0
6433,9183,0,0,0
6433,9184,165,40,125
6433,9185,0,0,0
6433,9186,0,0,0
6433,9187,17,17,0
6433,9188,40,10,30
6433,9189,10,10,0
6433,9190,0,0,0
6433,9261,0,0,0
6433,9262,0,0,0
6433,9263,15,0,15
6433,9271,0,0,0
6433,9272,0,0,0
6433,9273,0,0,0
6433,9274,13,13,0
6433,9275,0,0,0
6433,9276,0,0,0
6433,9277,0,0,0
6433,9278,0,0,0
6433,9279,0,0,0
6433,9361,0,0,0
6433,9362,58,42,16
6433,9363,0,0,0
6433,9371,0,0,0
6433,9372,10,10,0
6433,9373,18,18,0
6433,9374,0,0,0
6433,9375,46,46,0
6433,9376,10,10,0
6433,9377,0,0,0
6433,9461,0,0,0
6433,9462,11,11,0
6433,9463,14,14,0
6433,9464,0,0,0
6433,9471,0,0,0
6433,9472,0,0,0
6433,9473,19,19,0
6433,9474,0,0,0
6433,9475,10,0,10
6433,9476,0,0,0
6433,9477,0,0,0
6433,9478,0,0,0
6433,9479,0,0,0
6433,9561,0,0,0
6433,9562,20,0,20
6433,9563,0,0,0
6433,9564,125,36,89
6433,9565,0,0,0
6433,9571,0,0,0
6433,9572,0,0,0
6433,9573,0,0,0
6433,9574,0,0,0
6433,9575,0,0,0
6433,9576,10,10,0
6433,9577,0,0,0
6433,9661,270,102,168
6433,9662,0,0,0
6433,9663,34,19,15
6433,9671,481,332,149
6433,9672,59,45,14
6433,9673,0,0,0
6433,9674,0,0,0
6433,9675,31,11,20
6433,9676,161,112,49
6433,9677,50,31,19
6433,9678,0,0,0
6433,9679,37,19,18
6433,9761,55,44,11
6433,9762,0,0,0
6433,9763,0,0,0
6433,9764,0,0,0
6433,9771,0,0,0
6433,9772,25,25,0
6433,9773,0,0,0
6433,9774,0,0,0
6433,9775,27,0,27
6433,9776,0,0,0
6433,9777,0,0,0
6433,9778,0,0,0
6433,9779,0,0,0
6433,9780,0,0,0
6433,10041,219,70,149
6433,10042,24,24,0
6433,10043,24,24,0
6433,10044,60,20,40
6433,10045,58,39,19
6433,10046,38,38,0
6433,11000,478,232,246
6433,12051,0,0,0
6433,12052,0,0,0
6433,12053,0,0,0
6433,12054,22,12,10
6433,12060,12,12,0
6433,12061,10,10,0
6433,12062,0,0,0
6433,12063,0,0,0
6433,12064,12,12,0
6433,12065,15,15,0
6433,12066,0,0,0
6433,12067,0,0,0
6433,12068,0,0,0
6433,12069,15,15,0
6433,12070,0,0,0
6433,12071,0,0,0
6433,12072,12,12,0
6433,12073,0,0,0
6433,13003,18,18,0
6433,13004,0,0,0
6433,13071,11,11,0
6433,13072,17,17,0
6433,13073,10,10,0
6433,13074,0,0,0
6433,13075,0,0,0
6433,13076,0,0,0
6433,14511,29,19,10
6433,14521,17,17,0
6433,14522,16,16,0
6433,14523,13,13,0
6433,14524,25,25,0
6433,14612,84,63,21
6433,14625,17,17,0
6433,14626,16,16,0
6433,14627,0,0,0
6433,14628,19,19,0
6433,14713,65,46,19
6433,14729,18,18,0
6433,14730,26,16,10
6433,15001,0,0,0
6433,15002,12,12,0
6433,15003,12,12,0
6433,15081,0,0,0
6433,15082,11,11,0
6433,15083,34,34,0
6433,15084,13,13,0
6433,15085,0,0,0
6433,15086,0,0,0
6433,15087,13,13,0
6433,15088,30,19,11
6433,15089,12,12,0
6433,15090,0,0,0
6433,15091,37,0,37
6433,16051,19,19,0
6433,16052,0,0,0
6433,16053,11,11,0
6433,16054,0,0,0
6433,16055,0,0,0
6433,16056,16,16,0
6433,16061,0,0,0
6433,16062,11,11,0
6433,16063,34,34,0
6433,16064,40,40,0
6433,16065,0,0,0
6433,16066,25,25,0
6433,16067,14,14,0
6433,16068,13,13,0
6433,16069,0,0,0
6433,16070,13,13,0
6433,16071,14,14,0
6433,16072,0,0,0
6433,16073,10,10,0
6433,16074,0,0,0
6433,16075,0,0,0
6433,16076,0,0,0
6433,16077,0,0,0
6434,1001,0,0,0
6434,1002,32,32,0
6434,1003,30,30,0
6434,1004,0,0,0
6434,1051,0,0,0
6434,1053,18,18,0
6434,1054,19,19,0
6434,1055,25,25,0
6434,1056,59,59,0
6434,1057,13,13,0
6434,1058,27,27,0
6434,1059,13,13,0
6434,1060,87,62,25
6434,1061,0,0,0
6434,1062,94,78,16
6434,2000,1038,737,301
6434,3101,38,38,0
6434,3102,0,0,0
6434,3103,23,12,11
6434,3151,10,10,0
6434,3153,22,22,0
6434,3154,0,0,0
6434,3155,11,11,0
6434,3157,19,19,0
6434,3158,25,25,0
6434,3159,93,71,22
6434,3241,303,237,66
6434,3251,20,20,0
6434,3252,11,11,0
6434,3254,42,42,0
6434,3255,0,0,0
6434,3256,11,11,0
6434,3257,19,19,0
6434,3351,21,21,0
6434,3352,0,0,0
6434,3353,59,59,0
6434,3354,0,0,0
6434,3355,28,28,0
6434,3356,0,0,0
6434,3357,16,16,0
6434,3358,11,11,0
6434,3359,53,42,11
6434,3360,16,16,0
6434,3361,33,33,0
6434,3401,0,0,0
6434,3402,0,0,0
6434,3403,35,35,0
6434,3404,37,21,16
6434,3405,10,10,0
6434,3451,12,12,0
6434,3452,0,0,0
6434,3453,0,0,0
6434,3454,35,35,0
6434,3455,10,10,0
6434,3456,0,0,0
6434,3457,10,10,0
6434,3458,12,12,0
6434,3459,33,33,0
6434,3460,0,0,0
6434,3461,0,0,0
6434,3462,0,0,0
6434,4011,111,79,32
6434,4012,0,0,0
6434,5111,866,553,313
6434,5112,99,84,15
6434,5113,226,155,71
6434,5114,44,44,0
6434,5116,57,42,15
6434,5117,31,31,0
6434,5119,45,33,12
6434,5120,15,15,0
6434,5122,19,19,0
6434,5124,85,67,18
6434,5154,33,33,0
6434,5158,203,135,68
6434,5162,176,152,24
6434,5166,76,65,11
6434,5170,56,56,0
6434,5314,228,146,82
6434,5315,828,538,290
6434,5316,48,36,12
6434,5334,130,94,36
6434,5358,38,38,0
6434,5362,146,136,10
6434,5366,31,31,0
6434,5370,45,45,0
6434,5374,67,39,28
6434,5378,102,102,0
6434,5382,238,187,51
6434,5512,22,11,11
6434,5513,29,29,0
6434,5515,75,52,23
6434,5554,38,38,0
6434,5558,30,30,0
6434,5562,90,75,15
6434,5566,57,45,12
6434,5570,42,42,0
6434,5711,48,33,15
6434,5754,64,37,27
6434,5758,42,42,0
6434,5762,19,19,0
6434,5766,61,48,13
6434,5770,29,29,0
6434,5774,34,34,0
6434,5911,60,50,10
6434,5913,219,134,85
6434,5914,24,24,0
6434,5915,18,18,0
6434,5916,19,19,0
6434,5954,69,59,10
6434,5958,42,31,11
6434,5962,54,44,10
6434,5966,23,23,0
6434,5970,107,71,36
6434,5974,26,26,0
6434,5978,80,58,22
6434,6411,1114,538,576
6434,6412,38749,11984,26765
6434,6413,1752,972,780
6434,6414,2115,1034,1081
6434,6431,285,222,63
6434,6432,921,679,242
6434,6433,1842,995,847
6434,6434,0,0,0
6434,6435,2651,1974,677
6434,6436,11240,5111,6129
6434,6437,74,58,16
6434,6438,3570,2109,1461
6434,6439,1691,1212,479
6434,6440,10325,7648,2677
6434,6531,1779,1403,376
6434,6532,1270,1015,255
6434,6533,2400,1814,586
6434,6534,336,258,78
6434,6535,179,145,34
6434,6611,142,77,65
6434,6631,191,137,54
6434,6632,65,45,20
6434,6633,106,96,10
6434,6634,144,126,18
6434,6635,154,141,13
6434,6636,25,25,0
6434,7111,59,35,24
6434,7131,35,35,0
6434,7132,32,20,12
6434,7133,82,67,15
6434,7134,35,25,10
6434,7135,11,11,0
6434,7137,39,39,0
6434,7138,54,42,12
6434,7140,57,41,16
6434,7141,170,139,31
6434,7143,162,130,32
6434,7211,28,17,11
6434,7231,19,19,0
6434,7232,31,31,0
6434,7233,0,0,0
6434,7235,16,16,0
6434,7311,36,16,20
6434,7312,94,82,12
6434,7313,14,14,0
6434,7314,195,100,95
6434,7315,811,514,297
6434,7316,10,10,0
6434,7317,0,0,0
6434,7318,13,13,0
6434,7319,51,51,0
6434,7320,0,0,0
6434,7331,99,86,13
6434,7332,47,47,0
6434,7333,22,22,0
6434,7334,16,16,0
6434,7335,57,57,0
6434,7336,20,20,0
6434,7337,26,26,0
6434,7338,40,40,0
6434,7339,410,315,95
6434,7340,32,32,0
6434,8111,449,289,160
6434,8115,181,142,39
6434,8116,222,156,66
6434,8117,27,27,0
6434,8118,199,150,49
6434,8119,96,70,26
6434,8121,58,45,13
6434,8125,107,80,27
6434,8126,23,10,13
6434,8127,44,28,16
6434,8128,45,30,15
6434,8135,16,16,0
6434,8136,65,33,32
6434,8211,10,0,10
6434,8212,153,96,57
6434,8215,123,95,28
6434,8216,29,29,0
6434,8221,154,101,53
6434,8222,389,243,146
6434,8225,45,45,0
6434,8226,405,297,108
6434,8231,42,29,13
6434,8235,27,27,0
6434,8236,38,38,0
6434,8237,15,15,0
6434,8311,67,39,28
6434,8315,41,29,12
6434,8316,15,15,0
6434,8317,71,53,18
6434,8325,15,15,0
6434,8326,34,22,12
6434,8327,0,0,0
6434,8335,92,63,29
6434,8336,28,12,16
6434,8337,0,0,0
6434,8415,80,70,10
6434,8416,47,47,0
6434,8417,32,32,0
6434,8421,33,33,0
6434,8425,28,28,0
6434,8426,25,25,0
6434,8435,54,44,10
6434,8436,68,68,0
6434,8437,0,0,0
6434,9161,36,22,14
6434,9162,1905,1423,482
6434,9163,16,16,0
6434,9171,0,0,0
6434,9172,0,0,0
6434,9173,78,78,0
6434,9174,52,52,0
6434,9175,73,63,10
6434,9176,14,14,0
6434,9177,56,31,25
6434,9178,115,57,58
6434,9179,89,79,10
6434,9180,17,17,0
6434,9181,27,27,0
6434,9182,38,38,0
6434,9183,11,11,0
6434,9184,298,194,104
6434,9185,0,0,0
6434,9186,20,20,0
6434,9187,52,52,0
6434,9188,88,71,17
6434,9189,0,0,0
6434,9190,22,22,0
6434,9261,18,18,0
6434,9262,10,10,0
6434,9263,0,0,0
6434,9271,0,0,0
6434,9272,0,0,0
6434,9273,0,0,0
6434,9274,45,30,15
6434,9275,10,10,0
6434,9276,0,0,0
6434,9277,0,0,0
6434,9278,12,12,0
6434,9279,0,0,0
6434,9361,0,0,0
6434,9362,51,33,18
6434,9363,0,0,0
6434,9371,17,17,0
6434,9372,0,0,0
6434,9373,23,23,0
6434,9374,22,22,0
6434,9375,29,29,0
6434,9376,14,14,0
6434,9377,0,0,0
6434,9461,17,17,0
6434,9462,19,19,0
6434,9463,0,0,0
6434,9464,33,33,0
6434,9471,14,14,0
6434,9472,13,13,0
6434,9473,0,0,0
6434,9474,17,17,0
6434,9475,30,30,0
6434,9476,0,0,0
6434,9477,0,0,0
6434,9478,0,0,0
6434,9479,10,10,0
6434,9561,16,16,0
6434,9562,72,41,31
6434,9563,31,31,0
6434,9564,253,172,81
6434,9565,0,0,0
6434,9571,17,17,0
6434,9572,40,27,13
6434,9573,17,17,0
6434,9574,27,27,0
6434,9575,12,12,0
6434,9576,19,19,0
6434,9577,0,0,0
6434,9661,176,106,70
6434,9662,14,14,0
6434,9663,71,56,15
6434,9671,363,262,101
6434,9672,28,18,10
6434,9673,26,26,0
6434,9674,11,11,0
6434,9675,14,14,0
6434,9676,126,93,33
6434,9677,49,34,15
6434,9678,11,11,0
6434,9679,28,28,0
6434,9761,103,87,16
6434,9762,0,0,0
6434,9763,0,0,0
6434,9764,0,0,0
6434,9771,29,29,0
6434,9772,42,42,0
6434,9773,0,0,0
6434,9774,10,10,0
6434,9775,39,39,0
6434,9776,19,19,0
6434,9777,15,15,0
6434,9778,19,19,0
6434,9779,16,16,0
6434,9780,0,0,0
6434,10041,98,65,33
6434,10042,0,0,0
6434,10043,21,21,0
6434,10044,28,28,0
6434,10045,36,36,0
6434,10046,18,18,0
6434,11000,1446,1088,358
6434,12051,18,18,0
6434,12052,0,0,0
6434,12053,11,11,0
6434,12054,39,39,0
6434,12060,19,19,0
6434,12061,21,21,0
6434,12062,0,0,0
6434,12063,21,21,0
6434,12064,24,24,0
6434,12065,37,37,0
6434,12066,0,0,0
6434,12067,33,33,0
6434,12068,0,0,0
6434,12069,44,44,0
6434,12070,0,0,0
6434,12071,0,0,0
6434,12072,43,33,10
6434,12073,55,55,0
6434,13003,19,19,0
6434,13004,0,0,0
6434,13071,11,11,0
6434,13072,13,13,0
6434,13073,0,0,0
6434,13074,12,12,0
6434,13075,13,13,0
6434,13076,15,15,0
6434,14511,35,35,0
6434,14521,16,16,0
6434,14522,30,30,0
6434,14523,27,27,0
6434,14524,11,11,0
6434,14612,106,91,15
6434,14625,24,24,0
6434,14626,15,15,0
6434,14627,19,19,0
6434,14628,12,12,0
6434,14713,150,129,21
6434,14729,28,28,0
6434,14730,21,21,0
6434,15001,0,0,0
6434,15002,26,26,0
6434,15003,40,40,0
6434,15081,0,0,0
6434,15082,18,18,0
6434,15083,19,19,0
6434,15084,81,81,0
6434,15085,19,19,0
6434,15086,14,14,0
6434,15087,13,13,0
6434,15088,29,29,0
6434,15089,16,16,0
6434,15090,0,0,0
6434,15091,0,0,0
6434,16051,51,51,0
6434,16052,15,15,0
6434,16053,88,88,0
6434,16054,0,0,0
6434,16055,16,16,0
6434,16056,15,15,0
6434,16061,10,10,0
6434,16062,0,0,0
6434,16063,18,18,0
6434,16064,23,23,0
6434,16065,12,12,0
6434,16066,19,19,0
6434,16067,12,12,0
6434,16068,0,0,0
6434,16069,0,0,0
6434,16070,19,19,0
6434,16071,16,16,0
6434,16072,0,0,0
6434,16073,12,12,0
6434,16074,17,17,0
6434,16075,0,0,0
6434,16076,15,15,0
6434,16077,0,0,0
6435,1001,10,0,10
6435,1002,0,0,0
6435,1003,19,0,19
6435,1004,0,0,0
6435,1051,10,10,0
6435,1053,10,10,0
6435,1054,16,0,16
6435,1055,10,10,0
6435,1056,27,11,16
6435,1057,0,0,0
6435,1058,10,10,0
6435,1059,17,0,17
6435,1060,47,25,22
6435,1061,13,13,0
6435,1062,29,16,13
6435,2000,584,158,426
6435,3101,29,12,17
6435,3102,0,0,0
6435,3103,22,12,10
6435,3151,14,14,0
6435,3153,10,10,0
6435,3154,0,0,0
6435,3155,10,10,0
6435,3157,16,16,0
6435,3158,0,0,0
6435,3159,65,39,26
6435,3241,220,96,124
6435,3251,0,0,0
6435,3252,78,78,0
6435,3254,36,24,12
6435,3255,19,19,0
6435,3256,0,0,0
6435,3257,26,26,0
6435,3351,57,46,11
6435,3352,29,29,0
6435,3353,55,44,11
6435,3354,0,0,0
6435,3355,43,24,19
6435,3356,0,0,0
6435,3357,15,15,0
6435,3358,0,0,0
6435,3359,19,19,0
6435,3360,0,0,0
6435,3361,11,11,0
6435,3401,0,0,0
6435,3402,0,0,0
6435,3403,14,14,0
6435,3404,27,0,27
6435,3405,12,12,0
6435,3451,0,0,0
6435,3452,0,0,0
6435,3453,11,11,0
6435,3454,33,21,12
6435,3455,17,17,0
6435,3456,11,11,0
6435,3457,0,0,0
6435,3458,0,0,0
6435,3459,69,57,12
6435,3460,0,0,0
6435,3461,62,62,0
6435,3462,0,0,0
6435,4011,83,51,32
6435,4012,13,13,0
6435,5111,427,61,366
6435,5112,97,43,54
6435,5113,165,57,108
6435,5114,57,30,27
6435,5116,61,37,24
6435,5117,25,15,10
6435,5119,82,28,54
6435,5120,0,0,0
6435,5122,24,13,11
6435,5124,58,25,33
6435,5154,61,41,20
6435,5158,113,31,82
6435,5162,87,47,40
6435,5166,58,29,29
6435,5170,73,58,15
6435,5314,113,41,72
6435,5315,508,186,322
6435,5316,64,48,16
6435,5334,87,59,28
6435,5358,54,33,21
6435,5362,85,49,36
6435,5366,29,16,13
6435,5370,47,36,11
6435,5374,48,24,24
6435,5378,58,48,10
6435,5382,122,84,38
6435,5512,14,14,0
6435,5513,53,29,24
6435,5515,48,20,28
6435,5554,36,23,13
6435,5558,32,32,0
6435,5562,117,67,50
6435,5566,54,20,34
6435,5570,35,24,11
6435,5711,46,16,30
6435,5754,149,99,50
6435,5758,13,0,13
6435,5762,63,63,0
6435,5766,51,29,22
6435,5770,33,15,18
6435,5774,146,130,16
6435,5911,44,18,26
6435,5913,155,62,93
6435,5914,10,10,0
6435,5915,13,13,0
6435,5916,0,0,0
6435,5954,53,23,30
6435,5958,65,46,19
6435,5962,53,32,21
6435,5966,14,0,14
6435,5970,62,32,30
6435,5974,48,31,17
6435,5978,128,35,93
6435,6411,1300,430,870
6435,6412,37868,4384,33484
6435,6413,6046,1830,4216
6435,6414,1055,372,683
6435,6431,303,171,132
6435,6432,2048,1130,918
6435,6433,1796,627,1169
6435,6434,2651,677,1974
6435,6435,0,0,0
6435,6436,2386,562,1824
6435,6437,299,166,133
6435,6438,12274,5226,7048
6435,6439,348,205,143
6435,6440,13110,7714,5396
6435,6531,1040,594,446
6435,6532,478,257,221
6435,6533,202,139,63
6435,6534,247,122,125
6435,6535,1416,1033,383
6435,6611,229,65,164
6435,6631,5229,2689,2540
6435,6632,223,120,103
6435,6633,74,46,28
6435,6634,72,44,28
6435,6635,89,57,32
6435,6636,20,20,0
6435,7111,52,33,19
6435,7131,12,12,0
6435,7132,42,16,26
6435,7133,117,87,30
6435,7134,109,92,17
6435,7135,21,21,0
6435,7137,40,28,12
6435,7138,43,25,18
6435,7140,61,39,22
6435,7141,78,57,21
6435,7143,84,49,35
6435,7211,12,12,0
6435,7231,31,21,10
6435,7232,0,0,0
6435,7233,0,0,0
6435,7235,25,25,0
6435,7311,28,18,10
6435,7312,164,152,12
6435,7313,0,0,0
6435,7314,134,70,64
6435,7315,489,221,268
6435,7316,13,13,0
6435,7317,24,24,0
6435,7318,65,20,45
6435,7319,55,38,17
6435,7320,13,13,0
6435,7331,73,53,20
6435,7332,42,30,12
6435,7333,31,31,0
6435,7334,58,47,11
6435,7335,138,138,0
6435,7336,96,96,0
6435,7337,15,15,0
6435,7338,42,31,11
6435,7339,205,133,72
6435,7340,82,65,17
6435,8111,281,126,155
6435,8115,149,88,61
6435,8116,128,79,49
6435,8117,51,28,23
6435,8118,169,67,102
6435,8119,62,27,35
6435,8121,27,0,27
6435,8125,63,24,39
6435,8126,53,0,53
6435,8127,16,0,16
6435,8128,56,21,35
6435,8135,13,13,0
6435,8136,33,14,19
6435,8211,13,0,13
6435,8212,136,62,74
6435,8215,138,89,49
6435,8216,44,22,22
6435,8221,90,26,64
6435,8222,399,162,237
6435,8225,41,24,17
6435,8226,321,204,117
6435,8231,33,10,23
6435,8235,19,19,0
6435,8236,21,21,0
6435,8237,10,0,10
6435,8311,44,31,13
6435,8315,58,41,17
6435,8316,20,20,0
6435,8317,78,26,52
6435,8325,15,15,0
6435,8326,64,0,64
6435,8327,27,11,16
6435,8335,25,11,14
6435,8336,52,29,23
6435,8337,20,0,20
6435,8415,57,27,30
6435,8416,31,19,12
6435,8417,12,0,12
6435,8421,33,18,15
6435,8425,12,12,0
6435,8426,27,17,10
6435,8435,23,0,23
6435,8436,35,17,18
6435,8437,12,0,12
6435,9161,28,0,28
6435,9162,592,154,438
6435,9163,0,0,0
6435,9171,0,0,0
6435,9172,10,0,10
6435,9173,0,0,0
6435,9174,29,13,16
6435,9175,25,12,13
6435,9176,0,0,0
6435,9177,26,14,12
6435,9178,54,14,40
6435,9179,31,15,16
6435,9180,93,93,0
6435,9181,0,0,0
6435,9182,14,14,0
6435,9183,14,14,0
6435,9184,192,37,155
6435,9185,0,0,0
6435,9186,12,0,12
6435,9187,25,12,13
6435,9188,0,0,0
6435,9189,12,12,0
6435,9190,10,10,0
6435,9261,10,10,0
6435,9262,13,13,0
6435,9263,0,0,0
6435,9271,0,0,0
6435,9272,0,0,0
6435,9273,15,15,0
6435,9274,12,12,0
6435,9275,0,0,0
6435,9276,0,0,0
6435,9277,20,0,20
6435,9278,11,11,0
6435,9279,0,0,0
6435,9361,15,15,0
6435,9362,44,26,18
6435,9363,30,30,0
6435,9371,92,92,0
6435,9372,0,0,0
6435,9373,58,43,15
6435,9374,75,75,0
6435,9375,35,35,0
6435,9376,30,30,0
6435,9377,31,31,0
6435,9461,22,0,22
6435,9462,14,14,0
6435,9463,0,0,0
6435,9464,0,0,0
6435,9471,68,16,52
6435,9472,19,19,0
6435,9473,0,0,0
6435,9474,10,10,0
6435,9475,13,0,13
6435,9476,0,0,0
6435,9477,0,0,0
6435,9478,0,0,0
6435,9479,0,0,0
6435,9561,62,38,24
6435,9562,69,0,69
6435,9563,35,19,16
6435,9564,212,85,127
6435,9565,0,0,0
6435,9571,83,69,14
6435,9572,16,0,16
6435,9573,15,15,0
6435,9574,30,19,11
6435,9575,23,23,0
6435,9576,0,0,0
6435,9577,0,0,0
6435,9661,2021,761,1260
6435,9662,53,29,24
6435,9663,144,64,80
6435,9671,9346,5344,4002
6435,9672,857,388,469
6435,9673,45,26,19
6435,9674,25,14,11
6435,9675,47,27,20
6435,9676,838,524,314
6435,9677,1034,552,482
6435,9678,54,43,11
6435,9679,80,55,25
6435,9761,65,29,36
6435,9762,0,0,0
6435,9763,0,0,0
6435,9764,0,0,0
6435,9771,0,0,0
6435,9772,45,26,19
6435,9773,0,0,0
6435,9774,13,13,0
6435,9775,87,18,69
6435,9776,0,0,0
6435,9777,0,0,0
6435,9778,22,10,12
6435,9779,15,0,15
6435,9780,17,17,0
6435,10041,251,35,216
6435,10042,39,28,11
6435,10043,23,23,0
6435,10044,36,24,12
6435,10045,18,18,0
6435,10046,18,18,0
6435,11000,977,547,430
6435,12051,0,0,0
6435,12052,0,0,0
6435,12053,0,0,0
6435,12054,25,11,14
6435,12060,24,24,0
6435,12061,28,17,11
6435,12062,0,0,0
6435,12063,12,12,0
6435,12064,17,17,0
6435,12065,33,33,0
6435,12066,10,10,0
6435,12067,0,0,0
6435,12068,0,0,0
6435,12069,44,14,30
6435,12070,13,13,0
6435,12071,0,0,0
6435,12072,10,10,0
6435,12073,53,53,0
6435,13003,0,0,0
6435,13004,0,0,0
6435,13071,20,20,0
6435,13072,17,17,0
6435,13073,0,0,0
6435,13074,0,0,0
6435,13075,17,17,0
6435,13076,16,16,0
6435,14511,89,71,18
6435,14521,55,41,14
6435,14522,59,59,0
6435,14523,16,16,0
6435,14524,35,35,0
6435,14612,109,88,21
6435,14625,54,22,32
6435,14626,10,10,0
6435,14627,22,22,0
6435,14628,27,27,0
6435,14713,118,74,44
6435,14729,36,36,0
6435,14730,26,26,0
6435,15001,0,0,0
6435,15002,27,14,13
6435,15003,44,34,10
6435,15081,13,13,0
6435,15082,0,0,0
6435,15083,50,50,0
6435,15084,28,28,0
6435,15085,20,20,0
6435,15086,11,11,0
6435,15087,25,25,0
6435,15088,26,26,0
6435,15089,0,0,0
6435,15090,81,81,0
6435,15091,15,15,0
6435,16051,135,111,24
6435,16052,25,15,10
6435,16053,27,14,13
6435,16054,18,18,0
6435,16055,14,14,0
6435,16056,10,10,0
6435,16061,10,10,0
6435,16062,0,0,0
6435,16063,136,95,41
6435,16064,41,41,0
6435,16065,19,19,0
6435,16066,86,86,0
6435,16067,63,46,17
6435,16068,12,12,0
6435,16069,10,10,0
6435,16070,44,32,12
6435,16071,21,21,0
6435,16072,0,0,0
6435,16073,12,12,0
6435,16074,12,12,0
6435,16075,0,0,0
6435,16076,12,12,0
6435,16077,14,14,0
6436,1001,0,0,0
6436,1002,28,28,0
6436,1003,43,28,15
6436,1004,0,0,0
6436,1051,0,0,0
6436,1053,52,39,13
6436,1054,11,0,11
6436,1055,20,20,0
6436,1056,59,59,0
6436,1057,20,20,0
6436,1058,27,27,0
6436,1059,14,14,0
6436,1060,71,53,18
6436,1061,14,14,0
6436,1062,71,55,16
6436,2000,875,502,373
6436,3101,78,62,16
6436,3102,13,13,0
6436,3103,0,0,0
6436,3151,21,21,0
6436,3153,18,18,0
6436,3154,0,0,0
6436,3155,29,17,12
6436,3157,23,23,0
6436,3158,14,14,0
6436,3159,93,80,13
6436,3241,285,224,61
6436,3251,23,23,0
6436,3252,17,17,0
6436,3254,55,55,0
6436,3255,0,0,0
6436,3256,16,16,0
6436,3257,16,16,0
6436,3351,20,20,0
6436,3352,13,13,0
6436,3353,92,80,12
6436,3354,0,0,0
6436,3355,34,34,0
6436,3356,20,20,0
6436,3357,18,18,0
6436,3358,18,18,0
6436,3359,33,33,0
6436,3360,0,0,0
6436,3361,15,15,0
6436,3401,0,0,0
6436,3402,0,0,0
6436,3403,14,14,0
6436,3404,46,24,22
6436,3405,0,0,0
6436,3451,13,13,0
6436,3452,0,0,0
6436,3453,10,10,0
6436,3454,27,27,0
6436,3455,0,0,0
6436,3456,0,0,0
6436,3457,11,11,0
6436,3458,21,21,0
6436,3459,32,32,0
6436,3460,0,0,0
6436,3461,0,0,0
6436,3462,0,0,0
6436,4011,116,79,37
6436,4012,0,0,0
6436,5111,625,283,342
6436,5112,127,93,34
6436,5113,204,113,91
6436,5114,55,45,10
6436,5116,67,45,22
6436,5117,41,31,10
6436,5119,29,29,0
6436,5120,14,14,0
6436,5122,23,23,0
6436,5124,93,74,19
6436,5154,49,38,11
6436,5158,174,121,53
6436,5162,181,128,53
6436,5166,71,61,10
6436,5170,82,70,12
6436,5314,350,262,88
6436,5315,907,538,369
6436,5316,73,50,23
6436,5334,113,80,33
6436,5358,59,59,0
6436,5362,329,267,62
6436,5366,79,79,0
6436,5370,39,39,0
6436,5374,58,35,23
6436,5378,111,88,23
6436,5382,295,252,43
6436,5512,24,24,0
6436,5513,60,60,0
6436,5515,69,48,21
6436,5554,34,34,0
6436,5558,30,30,0
6436,5562,212,173,39
6436,5566,53,35,18
6436,5570,29,29,0
6436,5711,41,27,14
6436,5754,63,35,28
6436,5758,31,31,0
6436,5762,11,11,0
6436,5766,38,25,13
6436,5770,36,24,12
6436,5774,61,61,0
6436,5911,138,114,24
6436,5913,209,109,100
6436,5914,20,20,0
6436,5915,23,23,0
6436,5916,46,46,0
6436,5954,64,64,0
6436,5958,25,25,0
6436,5962,46,36,10
6436,5966,13,13,0
6436,5970,66,48,18
6436,5974,31,31,0
6436,5978,87,54,33
6436,6411,1964,903,1061
6436,6412,52530,18347,34183
6436,6413,2013,1251,762
6436,6414,10679,4707,5972
6436,6431,554,443,111
6436,6432,1719,1325,394
6436,6433,8371,4022,4349
6436,6434,11240,6129,5111
6436,6435,2386,1824,562
6436,6436,0,0,0
6436,6437,145,120,25
6436,6438,5016,2843,2173
6436,6439,3689,2856,833
6436,6440,3097,2482,615
6436,6531,782,673,109
6436,6532,399,319,80
6436,6533,1777,1444,333
6436,6534,368,279,89
6436,6535,122,96,26
6436,6611,126,61,65
6436,6631,198,152,46
6436,6632,56,45,11
6436,6633,48,48,0
6436,6634,72,62,10
6436,6635,60,46,14
6436,6636,19,19,0
6436,7111,127,76,51
6436,7131,34,34,0
6436,7132,21,21,0
6436,7133,394,317,77
6436,7134,40,27,13
6436,7135,11,11,0
6436,7137,109,87,22
6436,7138,74,61,13
6436,7140,126,94,32
6436,7141,340,297,43
6436,7143,266,208,58
6436,7211,40,30,10
6436,7231,49,49,0
6436,7232,16,16,0
6436,7233,26,11,15
6436,7235,28,28,0
6436,7311,35,23,12
6436,7312,70,48,22
6436,7313,0,0,0
6436,7314,220,136,84
6436,7315,3614,1840,1774
6436,7316,25,15,10
6436,7317,0,0,0
6436,7318,14,14,0
6436,7319,93,81,12
6436,7320,0,0,0
6436,7331,372,314,58
6436,7332,62,62,0
6436,7333,67,57,10
6436,7334,27,27,0
6436,7335,43,31,12
6436,7336,12,12,0
6436,7337,21,21,0
6436,7338,86,73,13
6436,7339,1560,1133,427
6436,7340,24,24,0
6436,8111,343,197,146
6436,8115,146,104,42
6436,8116,160,108,52
6436,8117,46,35,11
6436,8118,186,130,56
6436,8119,109,82,27
6436,8121,34,20,14
6436,8125,78,42,36
6436,8126,26,11,15
6436,8127,15,15,0
6436,8128,45,28,17
6436,8135,20,20,0
6436,8136,46,27,19
6436,8211,0,0,0
6436,8212,151,95,56
6436,8215,140,100,40
6436,8216,49,31,18
6436,8221,179,113,66
6436,8222,491,319,172
6436,8225,32,32,0
6436,8226,373,261,112
6436,8231,36,17,19
6436,8235,23,23,0
6436,8236,24,24,0
6436,8237,0,0,0
6436,8311,82,55,27
6436,8315,25,25,0
6436,8316,23,23,0
6436,8317,81,57,24
6436,8325,10,10,0
6436,8326,24,24,0
6436,8327,10,10,0
6436,8335,28,28,0
6436,8336,47,17,30
6436,8337,12,12,0
6436,8415,38,38,0
6436,8416,50,33,17
6436,8417,19,19,0
6436,8421,34,23,11
6436,8425,26,26,0
6436,8426,17,17,0
6436,8435,37,27,10
6436,8436,48,34,14
6436,8437,0,0,0
6436,9161,29,19,10
6436,9162,1041,592,449
6436,9163,11,11,0
6436,9171,10,10,0
6436,9172,0,0,0
6436,9173,31,31,0
6436,9174,45,35,10
6436,9175,58,42,16
6436,9176,0,0,0
6436,9177,23,23,0
6436,9178,126,58,68
6436,9179,53,37,16
6436,9180,0,0,0
6436,9181,15,15,0
6436,9182,20,20,0
6436,9183,11,11,0
6436,9184,256,128,128
6436,9185,0,0,0
6436,9186,30,20,10
6436,9187,32,32,0
6436,9188,46,46,0
6436,9189,15,15,0
6436,9190,16,16,0
6436,9261,11,11,0
6436,9262,0,0,0
6436,9263,0,0,0
6436,9271,12,12,0
6436,9272,0,0,0
6436,9273,14,14,0
6436,9274,16,16,0
6436,9275,0,0,0
6436,9276,0,0,0
6436,9277,0,0,0
6436,9278,0,0,0
6436,9279,0,0,0
6436,9361,12,12,0
6436,9362,43,22,21
6436,9363,0,0,0
6436,9371,0,0,0
6436,9372,0,0,0
6436,9373,24,12,12
6436,9374,0,0,0
6436,9375,18,18,0
6436,9376,0,0,0
6436,9377,0,0,0
6436,9461,13,13,0
6436,9462,17,17,0
6436,9463,0,0,0
6436,9464,13,13,0
6436,9471,0,0,0
6436,9472,10,10,0
6436,9473,0,0,0
6436,9474,16,16,0
6436,9475,10,0,10
6436,9476,0,0,0
6436,9477,0,0,0
6436,9478,0,0,0
6436,9479,0,0,0
6436,9561,0,0,0
6436,9562,65,37,28
6436,9563,24,24,0
6436,9564,279,174,105
6436,9565,10,10,0
6436,9571,27,27,0
6436,9572,28,28,0
6436,9573,28,28,0
6436,9574,25,25,0
6436,9575,0,0,0
6436,9576,18,18,0
6436,9577,0,0,0
6436,9661,253,162,91
6436,9662,0,0,0
6436,9663,74,51,23
6436,9671,488,393,95
6436,9672,30,20,10
6436,9673,12,12,0
6436,9674,0,0,0
6436,9675,0,0,0
6436,9676,195,150,45
6436,9677,56,38,18
6436,9678,18,18,0
6436,9679,44,44,0
6436,9761,77,63,14
6436,9762,0,0,0
6436,9763,0,0,0
6436,9764,0,0,0
6436,9771,26,26,0
6436,9772,34,34,0
6436,9773,0,0,0
6436,9774,0,0,0
6436,9775,24,24,0
6436,9776,0,0,0
6436,9777,0,0,0
6436,9778,18,18,0
6436,9779,0,0,0
6436,9780,0,0,0
6436,10041,114,63,51
6436,10042,15,15,0
6436,10043,24,13,11
6436,10044,31,31,0
6436,10045,43,33,10
6436,10046,15,15,0
6436,11000,1367,1045,322
6436,12051,0,0,0
6436,12052,0,0,0
6436,12053,0,0,0
6436,12054,39,39,0
6436,12060,32,32,0
6436,12061,22,22,0
6436,12062,10,10,0
6436,12063,25,25,0
6436,12064,21,21,0
6436,12065,26,26,0
6436,12066,0,0,0
6436,12067,11,11,0
6436,12068,0,0,0
6436,12069,56,42,14
6436,12070,0,0,0
6436,12071,13,13,0
6436,12072,28,28,0
6436,12073,0,0,0
6436,13003,18,18,0
6436,13004,0,0,0
6436,13071,16,16,0
6436,13072,13,13,0
6436,13073,10,10,0
6436,13074,10,10,0
6436,13075,15,15,0
6436,13076,13,13,0
6436,14511,35,35,0
6436,14521,22,22,0
6436,14522,24,24,0
6436,14523,15,15,0
6436,14524,26,26,0
6436,14612,90,75,15
6436,14625,22,22,0
6436,14626,0,0,0
6436,14627,22,22,0
6436,14628,25,25,0
6436,14713,165,127,38
6436,14729,36,36,0
6436,14730,29,29,0
6436,15001,0,0,0
6436,15002,21,21,0
6436,15003,42,32,10
6436,15081,0,0,0
6436,15082,0,0,0
6436,15083,14,14,0
6436,15084,19,19,0
6436,15085,15,15,0
6436,15086,0,0,0
6436,15087,10,10,0
6436,15088,23,23,0
6436,15089,0,0,0
6436,15090,0,0,0
6436,15091,0,0,0
6436,16051,56,45,11
6436,16052,12,12,0
6436,16053,17,17,0
6436,16054,0,0,0
6436,16055,15,15,0
6436,16056,11,11,0
6436,16061,14,14,0
6436,16062,0,0,0
6436,16063,24,24,0
6436,16064,13,13,0
6436,16065,10,10,0
6436,16066,18,18,0
6436,16067,24,24,0
6436,16068,0,0,0
6436,16069,0,0,0
6436,16070,20,20,0
6436,16071,14,14,0
6436,16072,0,0,0
6436,16073,0,0,0
6436,16074,12,12,0
6436,16075,0,0,0
6436,16076,0,0,0
6436,16077,11,11,0
6437,1001,0,0,0
6437,1002,0,0,0
6437,1003,0,0,0
6437,1004,0,0,0
6437,1051,0,0,0
6437,1053,0,0,0
6437,1054,0,0,0
6437,1055,0,0,0
6437,1056,0,0,0
6437,1057,0,0,0
6437,1058,0,0,0
6437,1059,0,0,0
6437,1060,0,0,0
6437,1061,0,0,0
6437,1062,0,0,0
6437,2000,87,55,32
6437,3101,0,0,0
6437,3102,0,0,0
6437,3103,0,0,0
6437,3151,0,0,0
6437,3153,0,0,0
6437,3154,0,0,0
6437,3155,0,0,0
6437,3157,0,0,0
6437,3158,0,0,0
6437,3159,0,0,0
6437,3241,12,0,12
6437,3251,0,0,0
6437,3252,0,0,0
6437,3254,0,0,0
6437,3255,0,0,0
6437,3256,0,0,0
6437,3257,0,0,0
6437,3351,0,0,0
6437,3352,0,0,0
6437,3353,0,0,0
6437,3354,0,0,0
6437,3355,0,0,0
6437,3356,0,0,0
6437,3357,0,0,0
6437,3358,0,0,0
6437,3359,12,12,0
6437,3360,0,0,0
6437,3361,0,0,0
6437,3401,0,0,0
6437,3402,0,0,0
6437,3403,0,0,0
6437,3404,0,0,0
6437,3405,0,0,0
6437,3451,0,0,0
6437,3452,0,0,0
6437,3453,0,0,0
6437,3454,0,0,0
6437,3455,0,0,0
6437,3456,0,0,0
6437,3457,0,0,0
6437,3458,0,0,0
6437,3459,0,0,0
6437,3460,10,0,10
6437,3461,0,0,0
6437,3462,0,0,0
6437,4011,0,0,0
6437,4012,0,0,0
6437,5111,28,0,28
6437,5112,17,17,0
6437,5113,24,0,24
6437,5114,0,0,0
6437,5116,0,0,0
6437,5117,0,0,0
6437,5119,0,0,0
6437,5120,0,0,0
6437,5122,0,0,0
6437,5124,0,0,0
6437,5154,0,0,0
6437,5158,16,0,16
6437,5162,14,14,0
6437,5166,0,0,0
6437,5170,0,0,0
6437,5314,15,0,15
6437,5315,58,12,46
6437,5316,0,0,0
6437,5334,62,62,0
6437,5358,13,13,0
6437,5362,31,0,31
6437,5366,0,0,0
6437,5370,0,0,0
6437,5374,10,0,10
6437,5378,0,0,0
6437,5382,0,0,0
6437,5512,0,0,0
6437,5513,0,0,0
6437,5515,0,0,0
6437,5554,0,0,0
6437,5558,0,0,0
6437,5562,0,0,0
6437,5566,0,0,0
6437,5570,0,0,0
6437,5711,0,0,0
6437,5754,10,0,10
6437,5758,0,0,0
6437,5762,0,0,0
6437,5766,0,0,0
6437,5770,26,26,0
6437,5774,0,0,0
6437,5911,0,0,0
6437,5913,17,0,17
6437,5914,0,0,0
6437,5915,0,0,0
6437,5916,0,0,0
6437,5954,0,0,0
6437,5958,0,0,0
6437,5962,0,0,0
6437,5966,0,0,0
6437,5970,0,0,0
6437,5974,0,0,0
6437,5978,0,0,0
6437,6411,2967,215,2752
6437,6412,1392,103,1289
6437,6413,127,36,91
6437,6414,113,25,88
6437,6431,2267,989,1278
6437,6432,5241,1594,3647
6437,6433,329,63,266
6437,6434,74,16,58
6437,6435,299,133,166
6437,6436,145,25,120
6437,6437,0,0,0
6437,6438,758,127,631
6437,6439,25,0,25
6437,6440,69,18,51
6437,6531,30,13,17
6437,6532,0,0,0
6437,6533,23,23,0
6437,6534,0,0,0
6437,6535,12,0,12
6437,6611,11,0,11
6437,6631,58,58,0
6437,6632,0,0,0
6437,6633,0,0,0
6437,6634,0,0,0
6437,6635,51,51,0
6437,6636,0,0,0
6437,7111,0,0,0
6437,7131,0,0,0
6437,7132,54,54,0
6437,7133,10,10,0
6437,7134,0,0,0
6437,7135,0,0,0
6437,7137,0,0,0
6437,7138,0,0,0
6437,7140,0,0,0
6437,7141,0,0,0
6437,7143,0,0,0
6437,7211,0,0,0
6437,7231,0,0,0
6437,7232,0,0,0
6437,7233,0,0,0
6437,7235,0,0,0
6437,7311,0,0,0
6437,7312,0,0,0
6437,7313,36,0,36
6437,7314,81,19,62
6437,7315,95,30,65
6437,7316,0,0,0
6437,7317,0,0,0
6437,7318,0,0,0
6437,7319,32,14,18
6437,7320,0,0,0
6437,7331,10,0,10
6437,7332,12,12,0
6437,7333,0,0,0
6437,7334,14,14,0
6437,7335,0,0,0
6437,7336,0,0,0
6437,7337,0,0,0
6437,7338,17,0,17
6437,7339,30,12,18
6437,7340,0,0,0
6437,8111,43,0,43
6437,8115,14,0,14
6437,8116,19,0,19
6437,8117,0,0,0
6437,8118,32,0,32
6437,8119,13,0,13
6437,8121,24,11,13
6437,8125,77,23,54
6437,8126,31,0,31
6437,8127,0,0,0
6437,8128,78,63,15
6437,8135,0,0,0
6437,8136,0,0,0
6437,8211,0,0,0
6437,8212,21,0,21
6437,8215,45,23,22
6437,8216,0,0,0
6437,8221,310,35,275
6437,8222,287,59,228
6437,8225,318,103,215
6437,8226,1250,292,958
6437,8231,0,0,0
6437,8235,0,0,0
6437,8236,0,0,0
6437,8237,0,0,0
6437,8311,0,0,0
6437,8315,0,0,0
6437,8316,0,0,0
6437,8317,0,0,0
6437,8325,0,0,0
6437,8326,0,0,0
6437,8327,0,0,0
6437,8335,0,0,0
6437,8336,0,0,0
6437,8337,0,0,0
6437,8415,0,0,0
6437,8416,0,0,0
6437,8417,0,0,0
6437,8421,0,0,0
6437,8425,0,0,0
6437,8426,0,0,0
6437,8435,0,0,0
6437,8436,0,0,0
6437,8437,0,0,0
6437,9161,0,0,0
6437,9162,69,12,57
6437,9163,0,0,0
6437,9171,0,0,0
6437,9172,0,0,0
6437,9173,0,0,0
6437,9174,0,0,0
6437,9175,0,0,0
6437,9176,0,0,0
6437,9177,0,0,0
6437,9178,0,0,0
6437,9179,0,0,0
6437,9180,0,0,0
6437,9181,0,0,0
6437,9182,0,0,0
6437,9183,0,0,0
6437,9184,27,0,27
6437,9185,0,0,0
6437,9186,0,0,0
6437,9187,0,0,0
6437,9188,0,0,0
6437,9189,0,0,0
6437,9190,0,0,0
6437,9261,0,0,0
6437,9262,0,0,0
6437,9263,0,0,0
6437,9271,0,0,0
6437,9272,0,0,0
6437,9273,0,0,0
6437,9274,0,0,0
6437,9275,0,0,0
6437,9276,0,0,0
6437,9277,0,0,0
6437,9278,0,0,0
6437,9279,0,0,0
6437,9361,0,0,0
6437,9362,0,0,0
6437,9363,0,0,0
6437,9371,0,0,0
6437,9372,0,0,0
6437,9373,0,0,0
6437,9374,14,14,0
6437,9375,0,0,0
6437,9376,0,0,0
6437,9377,0,0,0
6437,9461,0,0,0
6437,9462,0,0,0
6437,9463,0,0,0
6437,9464,0,0,0
6437,9471,0,0,0
6437,9472,0,0,0
6437,9473,0,0,0
6437,9474,0,0,0
6437,9475,0,0,0
6437,9476,0,0,0
6437,9477,0,0,0
6437,9478,0,0,0
6437,9479,0,0,0
6437,9561,0,0,0
6437,9562,0,0,0
6437,9563,0,0,0
6437,9564,16,0,16
6437,9565,0,0,0
6437,9571,0,0,0
6437,9572,0,0,0
6437,9573,0,0,0
6437,9574,0,0,0
6437,9575,0,0,0
6437,9576,0,0,0
6437,9577,0,0,0
6437,9661,438,75,363
6437,9662,0,0,0
6437,9663,17,0,17
6437,9671,461,114,347
6437,9672,0,0,0
6437,9673,0,0,0
6437,9674,0,0,0
6437,9675,16,16,0
6437,9676,2510,985,1525
6437,9677,56,12,44
6437,9678,0,0,0
6437,9679,0,0,0
6437,9761,0,0,0
6437,9762,0,0,0
6437,9763,0,0,0
6437,9764,0,0,0
6437,9771,0,0,0
6437,9772,0,0,0
6437,9773,0,0,0
6437,9774,0,0,0
6437,9775,0,0,0
6437,9776,0,0,0
6437,9777,0,0,0
6437,9778,0,0,0
6437,9779,0,0,0
6437,9780,0,0,0
6437,10041,0,0,0
6437,10042,0,0,0
6437,10043,20,0,20
6437,10044,0,0,0
6437,10045,0,0,0
6437,10046,0,0,0
6437,11000,58,11,47
6437,12051,0,0,0
6437,12052,0,0,0
6437,12053,0,0,0
6437,12054,13,0,13
6437,12060,0,0,0
6437,12061,0,0,0
6437,12062,0,0,0
6437,12063,0,0,0
6437,12064,0,0,0
6437,12065,0,0,0
6437,12066,0,0,0
6437,12067,0,0,0
6437,12068,0,0,0
6437,12069,0,0,0
6437,12070,0,0,0
6437,12071,0,0,0
6437,12072,0,0,0
6437,12073,0,0,0
6437,13003,0,0,0
6437,13004,0,0,0
6437,13071,0,0,0
6437,13072,0,0,0
6437,13073,0,0,0
6437,13074,0,0,0
6437,13075,0,0,0
6437,13076,0,0,0
6437,14511,0,0,0
6437,14521,0,0,0
6437,14522,0,0,0
6437,14523,0,0,0
6437,14524,0,0,0
6437,14612,0,0,0
6437,14625,0,0,0
6437,14626,0,0,0
6437,14627,0,0,0
6437,14628,0,0,0
6437,14713,0,0,0
6437,14729,0,0,0
6437,14730,0,0,0
6437,15001,0,0,0
6437,15002,0,0,0
6437,15003,0,0,0
6437,15081,0,0,0
6437,15082,0,0,0
6437,15083,0,0,0
6437,15084,0,0,0
6437,15085,0,0,0
6437,15086,0,0,0
6437,15087,0,0,0
6437,15088,0,0,0
6437,15089,0,0,0
6437,15090,0,0,0
6437,15091,0,0,0
6437,16051,0,0,0
6437,16052,0,0,0
6437,16053,0,0,0
6437,16054,0,0,0
6437,16055,0,0,0
6437,16056,0,0,0
6437,16061,0,0,0
6437,16062,0,0,0
6437,16063,0,0,0
6437,16064,0,0,0
6437,16065,0,0,0
6437,16066,0,0,0
6437,16067,0,0,0
6437,16068,0,0,0
6437,16069,0,0,0
6437,16070,0,0,0
6437,16071,0,0,0
6437,16072,0,0,0
6437,16073,0,0,0
6437,16074,0,0,0
6437,16075,0,0,0
6437,16076,0,0,0
6437,16077,0,0,0
6438,1001,10,10,0
6438,1002,30,15,15
6438,1003,43,17,26
6438,1004,27,27,0
6438,1051,64,64,0
6438,1053,39,29,10
6438,1054,11,11,0
6438,1055,19,19,0
6438,1056,91,78,13
6438,1057,13,13,0
6438,1058,23,23,0
6438,1059,39,39,0
6438,1060,83,61,22
6438,1061,26,26,0
6438,1062,60,45,15
6438,2000,909,429,480
6438,3101,66,49,17
6438,3102,0,0,0
6438,3103,49,37,12
6438,3151,30,30,0
6438,3153,10,10,0
6438,3154,16,16,0
6438,3155,26,10,16
6438,3157,17,17,0
6438,3158,16,16,0
6438,3159,59,40,19
6438,3241,346,219,127
6438,3251,40,40,0
6438,3252,32,17,15
6438,3254,28,28,0
6438,3255,0,0,0
6438,3256,16,16,0
6438,3257,39,39,0
6438,3351,26,26,0
6438,3352,11,11,0
6438,3353,62,45,17
6438,3354,0,0,0
6438,3355,24,24,0
6438,3356,18,18,0
6438,3357,24,24,0
6438,3358,17,17,0
6438,3359,41,31,10
6438,3360,0,0,0
6438,3361,65,65,0
6438,3401,0,0,0
6438,3402,0,0,0
6438,3403,26,26,0
6438,3404,34,16,18
6438,3405,0,0,0
6438,3451,10,10,0
6438,3452,0,0,0
6438,3453,10,10,0
6438,3454,46,23,23
6438,3455,10,10,0
6438,3456,0,0,0
6438,3457,12,12,0
6438,3458,21,21,0
6438,3459,57,57,0
6438,3460,0,0,0
6438,3461,0,0,0
6438,3462,0,0,0
6438,4011,154,102,52
6438,4012,0,0,0
6438,5111,630,271,359
6438,5112,138,86,52
6438,5113,248,154,94
6438,5114,63,37,26
6438,5116,95,50,45
6438,5117,52,34,18
6438,5119,66,47,19
6438,5120,14,14,0
6438,5122,46,31,15
6438,5124,103,63,40
6438,5154,53,33,20
6438,5158,250,157,93
6438,5162,206,135,71
6438,5166,86,65,21
6438,5170,99,79,20
6438,5314,160,79,81
6438,5315,754,313,441
6438,5316,71,55,16
6438,5334,102,65,37
6438,5358,81,69,12
6438,5362,159,111,48
6438,5366,40,18,22
6438,5370,118,118,0
6438,5374,72,34,38
6438,5378,82,72,10
6438,5382,226,144,82
6438,5512,20,20,0
6438,5513,67,50,17
6438,5515,73,41,32
6438,5554,46,31,15
6438,5558,52,52,0
6438,5562,167,135,32
6438,5566,82,58,24
6438,5570,46,33,13
6438,5711,61,33,28
6438,5754,69,32,37
6438,5758,38,22,16
6438,5762,18,18,0
6438,5766,43,31,12
6438,5770,112,95,17
6438,5774,55,32,23
6438,5911,84,57,27
6438,5913,216,112,104
6438,5914,23,23,0
6438,5915,31,20,11
6438,5916,40,30,10
6438,5954,51,37,14
6438,5958,43,29,14
6438,5962,113,101,12
6438,5966,11,11,0
6438,5970,111,68,43
6438,5974,30,30,0
6438,5978,87,47,40
6438,6411,6214,2399,3815
6438,6412,48621,10201,38420
6438,6413,17893,6727,11166
6438,6414,2262,1115,1147
6438,6431,1090,747,343
6438,6432,11395,7790,3605
6438,6433,7143,3738,3405
6438,6434,3570,1461,2109
6438,6435,12274,7048,5226
6438,6436,5016,2173,2843
6438,6437,758,631,127
6438,6438,0,0,0
6438,6439,857,694,163
6438,6440,3208,2144,1064
6438,6531,633,437,196
6438,6532,294,205,89
6438,6533,583,483,100
6438,6534,230,157,73
6438,6535,197,152,45
6438,6611,101,44,57
6438,6631,315,208,107
6438,6632,74,55,19
6438,6633,71,59,12
6438,6634,85,68,17
6438,6635,52,39,13
6438,6636,23,23,0
6438,7111,94,64,30
6438,7131,29,29,0
6438,7132,42,28,14
6438,7133,220,182,38
6438,7134,50,36,14
6438,7135,55,55,0
6438,7137,124,100,24
6438,7138,76,60,16
6438,7140,109,80,29
6438,7141,148,124,24
6438,7143,215,185,30
6438,7211,29,17,12
6438,7231,41,41,0
6438,7232,15,15,0
6438,7233,38,38,0
6438,7235,32,32,0
6438,7311,61,29,32
6438,7312,106,85,21
6438,7313,10,10,0
6438,7314,255,156,99
6438,7315,1252,713,539
6438,7316,26,26,0
6438,7317,16,16,0
6438,7318,100,27,73
6438,7319,154,120,34
6438,7320,18,18,0
6438,7331,274,228,46
6438,7332,113,100,13
6438,7333,61,61,0
6438,7334,80,68,12
6438,7335,73,60,13
6438,7336,27,27,0
6438,7337,39,25,14
6438,7338,153,124,29
6438,7339,670,524,146
6438,7340,45,33,12
6438,8111,472,256,216
6438,8115,200,143,57
6438,8116,240,162,78
6438,8117,87,61,26
6438,8118,284,162,122
6438,8119,133,106,27
6438,8121,52,33,19
6438,8125,112,68,44
6438,8126,51,18,33
6438,8127,55,26,29
6438,8128,89,57,32
6438,8135,23,13,10
6438,8136,63,44,19
6438,8211,10,0,10
6438,8212,218,125,93
6438,8215,253,165,88
6438,8216,73,46,27
6438,8221,200,121,79
6438,8222,825,479,346
6438,8225,70,57,13
6438,8226,678,467,211
6438,8231,43,22,21
6438,8235,34,34,0
6438,8236,47,34,13
6438,8237,19,19,0
6438,8311,50,29,21
6438,8315,41,28,13
6438,8316,34,20,14
6438,8317,88,60,28
6438,8325,14,14,0
6438,8326,39,23,16
6438,8327,12,12,0
6438,8335,51,31,20
6438,8336,40,15,25
6438,8337,20,0,20
6438,8415,63,48,15
6438,8416,42,32,10
6438,8417,34,24,10
6438,8421,42,16,26
6438,8425,36,36,0
6438,8426,28,28,0
6438,8435,45,25,20
6438,8436,51,34,17
6438,8437,22,12,10
6438,9161,57,34,23
6438,9162,1113,495,618
6438,9163,10,10,0
6438,9171,12,0,12
6438,9172,10,10,0
6438,9173,37,37,0
6438,9174,85,57,28
6438,9175,67,48,19
6438,9176,40,40,0
6438,9177,66,49,17
6438,9178,160,65,95
6438,9179,79,68,11
6438,9180,0,0,0
6438,9181,22,22,0
6438,9182,15,15,0
6438,9183,15,15,0
6438,9184,279,110,169
6438,9185,16,16,0
6438,9186,35,35,0
6438,9187,49,49,0
6438,9188,49,32,17
6438,9189,25,14,11
6438,9190,21,21,0
6438,9261,12,12,0
6438,9262,0,0,0
6438,9263,0,0,0
6438,9271,10,0,10
6438,9272,0,0,0
6438,9273,12,12,0
6438,9274,44,32,12
6438,9275,18,18,0
6438,9276,0,0,0
6438,9277,16,0,16
6438,9278,0,0,0
6438,9279,0,0,0
6438,9361,0,0,0
6438,9362,54,28,26
6438,9363,0,0,0
6438,9371,0,0,0
6438,9372,15,15,0
6438,9373,19,19,0
6438,9374,57,10,47
6438,9375,10,10,0
6438,9376,12,12,0
6438,9377,0,0,0
6438,9461,10,0,10
6438,9462,12,12,0
6438,9463,0,0,0
6438,9464,0,0,0
6438,9471,44,32,12
6438,9472,12,12,0
6438,9473,0,0,0
6438,9474,26,26,0
6438,9475,0,0,0
6438,9476,0,0,0
6438,9477,0,0,0
6438,9478,0,0,0
6438,9479,0,0,0
6438,9561,65,10,55
6438,9562,132,35,97
6438,9563,50,34,16
6438,9564,330,144,186
6438,9565,0,0,0
6438,9571,42,26,16
6438,9572,63,49,14
6438,9573,39,39,0
6438,9574,53,42,11
6438,9575,28,28,0
6438,9576,30,30,0
6438,9577,0,0,0
6438,9661,2006,886,1120
6438,9662,12,12,0
6438,9663,86,41,45
6438,9671,4384,2746,1638
6438,9672,55,38,17
6438,9673,20,20,0
6438,9674,12,12,0
6438,9675,25,25,0
6438,9676,1219,857,362
6438,9677,195,103,92
6438,9678,21,21,0
6438,9679,77,55,22
6438,9761,86,62,24
6438,9762,0,0,0
6438,9763,0,0,0
6438,9764,0,0,0
6438,9771,38,38,0
6438,9772,133,118,15
6438,9773,15,15,0
6438,9774,13,13,0
6438,9775,50,29,21
6438,9776,0,0,0
6438,9777,12,12,0
6438,9778,20,20,0
6438,9779,13,13,0
6438,9780,0,0,0
6438,10041,252,82,170
6438,10042,34,24,10
6438,10043,33,33,0
6438,10044,77,40,37
6438,10045,33,33,0
6438,10046,15,15,0
6438,11000,1139,741,398
6438,12051,0,0,0
6438,12052,23,23,0
6438,12053,15,15,0
6438,12054,49,29,20
6438,12060,37,37,0
6438,12061,36,36,0
6438,12062,11,11,0
6438,12063,30,30,0
6438,12064,21,21,0
6438,12065,34,34,0
6438,12066,0,0,0
6438,12067,16,16,0
6438,12068,0,0,0
6438,12069,58,36,22
6438,12070,0,0,0
6438,12071,16,16,0
6438,12072,26,26,0
6438,12073,12,12,0
6438,13003,12,12,0
6438,13004,0,0,0
6438,13071,11,11,0
6438,13072,16,16,0
6438,13073,13,13,0
6438,13074,10,10,0
6438,13075,0,0,0
6438,13076,19,19,0
6438,14511,41,24,17
6438,14521,32,32,0
6438,14522,32,32,0
6438,14523,20,20,0
6438,14524,38,28,10
6438,14612,93,70,23
6438,14625,26,26,0
6438,14626,15,15,0
6438,14627,22,22,0
6438,14628,20,20,0
6438,14713,187,130,57
6438,14729,110,110,0
6438,14730,49,35,14
6438,15001,10,10,0
6438,15002,61,61,0
6438,15003,30,30,0
6438,15081,10,10,0
6438,15082,100,100,0
6438,15083,23,23,0
6438,15084,92,92,0
6438,15085,11,11,0
6438,15086,0,0,0
6438,15087,28,28,0
6438,15088,220,206,14
6438,15089,19,19,0
6438,15090,0,0,0
6438,15091,46,46,0
6438,16051,64,41,23
6438,16052,10,10,0
6438,16053,48,37,11
6438,16054,12,12,0
6438,16055,0,0,0
6438,16056,12,12,0
6438,16061,12,12,0
6438,16062,10,10,0
6438,16063,51,51,0
6438,16064,21,21,0
6438,16065,25,25,0
6438,16066,43,43,0
6438,16067,24,24,0
6438,16068,15,15,0
6438,16069,0,0,0
6438,16070,37,24,13
6438,16071,34,34,0
6438,16072,0,0,0
6438,16073,20,20,0
6438,16074,16,16,0
6438,16075,0,0,0
6438,16076,15,15,0
6438,16077,0,0,0
6439,1001,0,0,0
6439,1002,0,0,0
6439,1003,11,0,11
6439,1004,0,0,0
6439,1051,0,0,0
6439,1053,0,0,0
6439,1054,0,0,0
6439,1055,0,0,0
6439,1056,0,0,0
6439,1057,0,0,0
6439,1058,0,0,0
6439,1059,0,0,0
6439,1060,22,12,10
6439,1061,0,0,0
6439,1062,10,0,10
6439,2000,277,99,178
6439,3101,0,0,0
6439,3102,0,0,0
6439,3103,0,0,0
6439,3151,0,0,0
6439,3153,0,0,0
6439,3154,0,0,0
6439,3155,0,0,0
6439,3157,0,0,0
6439,3158,0,0,0
6439,3159,26,14,12
6439,3241,69,34,35
6439,3251,0,0,0
6439,3252,0,0,0
6439,3254,0,0,0
6439,3255,0,0,0
6439,3256,0,0,0
6439,3257,0,0,0
6439,3351,0,0,0
6439,3352,0,0,0
6439,3353,31,13,18
6439,3354,0,0,0
6439,3355,0,0,0
6439,3356,0,0,0
6439,3357,0,0,0
6439,3358,0,0,0
6439,3359,15,15,0
6439,3360,0,0,0
6439,3361,0,0,0
6439,3401,0,0,0
6439,3402,0,0,0
6439,3403,0,0,0
6439,3404,13,0,13
6439,3405,0,0,0
6439,3451,0,0,0
6439,3452,0,0,0
6439,3453,0,0,0
6439,3454,0,0,0
6439,3455,0,0,0
6439,3456,0,0,0
6439,3457,0,0,0
6439,3458,12,12,0
6439,3459,11,0,11
6439,3460,13,13,0
6439,3461,0,0,0
6439,3462,0,0,0
6439,4011,38,24,14
6439,4012,0,0,0
6439,5111,205,36,169
6439,5112,27,12,15
6439,5113,67,17,50
6439,5114,13,0,13
6439,5116,10,10,0
6439,5117,11,0,11
6439,5119,0,0,0
6439,5120,0,0,0
6439,5122,0,0,0
6439,5124,19,0,19
6439,5154,18,0,18
6439,5158,45,19,26
6439,5162,57,37,20
6439,5166,71,28,43
6439,5170,30,19,11
6439,5314,73,23,50
6439,5315,355,58,297
6439,5316,16,0,16
6439,5334,51,28,23
6439,5358,30,19,11
6439,5362,39,16,23
6439,5366,10,10,0
6439,5370,0,0,0
6439,5374,22,12,10
6439,5378,12,0,12
6439,5382,74,31,43
6439,5512,0,0,0
6439,5513,0,0,0
6439,5515,19,0,19
6439,5554,17,17,0
6439,5558,0,0,0
6439,5562,20,20,0
6439,5566,27,14,13
6439,5570,12,12,0
6439,5711,17,0,17
6439,5754,18,0,18
6439,5758,0,0,0
6439,5762,0,0,0
6439,5766,11,11,0
6439,5770,0,0,0
6439,5774,36,10,26
6439,5911,31,14,17
6439,5913,65,18,47
6439,5914,0,0,0
6439,5915,0,0,0
6439,5916,0,0,0
6439,5954,25,12,13
6439,5958,0,0,0
6439,5962,20,10,10
6439,5966,0,0,0
6439,5970,74,57,17
6439,5974,11,11,0
6439,5978,16,16,0
6439,6411,507,106,401
6439,6412,8448,785,7663
6439,6413,336,116,220
6439,6414,23897,4544,19353
6439,6431,116,60,56
6439,6432,341,202,139
6439,6433,1948,498,1450
6439,6434,1691,479,1212
6439,6435,348,143,205
6439,6436,3689,833,2856
6439,6437,25,25,0
6439,6438,857,163,694
6439,6439,0,0,0
6439,6440,319,152,167
6439,6531,139,62,77
6439,6532,251,185,66
6439,6533,3634,2235,1399
6439,6534,73,44,29
6439,6535,30,17,13
6439,6611,132,16,116
6439,6631,46,15,31
6439,6632,10,0,10
6439,6633,48,48,0
6439,6634,71,45,26
6439,6635,113,103,10
6439,6636,0,0,0
6439,7111,155,32,123
6439,7131,16,16,0
6439,7132,23,12,11
6439,7133,400,238,162
6439,7134,25,11,14
6439,7135,0,0,0
6439,7137,80,42,38
6439,7138,55,23,32
6439,7140,125,75,50
6439,7141,3103,2359,744
6439,7143,329,206,123
6439,7211,0,0,0
6439,7231,10,10,0
6439,7232,0,0,0
6439,7233,0,0,0
6439,7235,14,0,14
6439,7311,12,0,12
6439,7312,17,0,17
6439,7313,0,0,0
6439,7314,76,0,76
6439,7315,3433,890,2543
6439,7316,0,0,0
6439,7317,0,0,0
6439,7318,0,0,0
6439,7319,46,23,23
6439,7320,11,0,11
6439,7331,227,132,95
6439,7332,16,16,0
6439,7333,44,29,15
6439,7334,0,0,0
6439,7335,20,10,10
6439,7336,0,0,0
6439,7337,0,0,0
6439,7338,26,15,11
6439,7339,1650,870,780
6439,7340,12,12,0
6439,8111,130,27,103
6439,8115,49,15,34
6439,8116,52,17,35
6439,8117,24,0,24
6439,8118,70,33,37
6439,8119,30,17,13
6439,8121,0,0,0
6439,8125,32,13,19
6439,8126,16,0,16
6439,8127,0,0,0
6439,8128,0,0,0
6439,8135,0,0,0
6439,8136,14,0,14
6439,8211,0,0,0
6439,8212,44,16,28
6439,8215,40,22,18
6439,8216,19,0,19
6439,8221,32,12,20
6439,8222,126,22,104
6439,8225,0,0,0
6439,8226,107,33,74
6439,8231,0,0,0
6439,8235,0,0,0
6439,8236,10,10,0
6439,8237,0,0,0
6439,8311,18,0,18
6439,8315,23,12,11
6439,8316,0,0,0
6439,8317,38,23,15
6439,8325,0,0,0
6439,8326,0,0,0
6439,8327,0,0,0
6439,8335,22,11,11
6439,8336,18,0,18
6439,8337,0,0,0
6439,8415,28,16,12
6439,8416,0,0,0
6439,8417,0,0,0
6439,8421,17,0,17
6439,8425,11,11,0
6439,8426,0,0,0
6439,8435,0,0,0
6439,8436,0,0,0
6439,8437,0,0,0
6439,9161,0,0,0
6439,9162,296,76,220
6439,9163,0,0,0
6439,9171,0,0,0
6439,9172,0,0,0
6439,9173,0,0,0
6439,9174,0,0,0
6439,9175,0,0,0
6439,9176,0,0,0
6439,9177,0,0,0
6439,9178,30,0,30
6439,9179,13,13,0
6439,9180,12,12,0
6439,9181,0,0,0
6439,9182,0,0,0
6439,9183,0,0,0
6439,9184,95,21,74
6439,9185,0,0,0
6439,9186,0,0,0
6439,9187,17,17,0
6439,9188,0,0,0
6439,9189,0,0,0
6439,9190,0,0,0
6439,9261,0,0,0
6439,9262,0,0,0
6439,9263,0,0,0
6439,9271,0,0,0
6439,9272,0,0,0
6439,9273,0,0,0
6439,9274,0,0,0
6439,9275,0,0,0
6439,9276,0,0,0
6439,9277,0,0,0
6439,9278,0,0,0
6439,9279,0,0,0
6439,9361,0,0,0
6439,9362,0,0,0
6439,9363,0,0,0
6439,9371,0,0,0
6439,9372,0,0,0
6439,9373,12,0,12
6439,9374,0,0,0
6439,9375,0,0,0
6439,9376,0,0,0
6439,9377,0,0,0
6439,9461,0,0,0
6439,9462,0,0,0
6439,9463,0,0,0
6439,9464,0,0,0
6439,9471,0,0,0
6439,9472,0,0,0
6439,9473,0,0,0
6439,9474,0,0,0
6439,9475,0,0,0
6439,9476,0,0,0
6439,9477,0,0,0
6439,9478,0,0,0
6439,9479,0,0,0
6439,9561,0,0,0
6439,9562,15,0,15
6439,9563,0,0,0
6439,9564,44,17,27
6439,9565,0,0,0
6439,9571,0,0,0
6439,9572,0,0,0
6439,9573,0,0,0
6439,9574,0,0,0
6439,9575,0,0,0
6439,9576,0,0,0
6439,9577,0,0,0
6439,9661,58,12,46
6439,9662,0,0,0
6439,9663,24,10,14
6439,9671,75,36,39
6439,9672,0,0,0
6439,9673,0,0,0
6439,9674,0,0,0
6439,9675,0,0,0
6439,9676,18,0,18
6439,9677,0,0,0
6439,9678,0,0,0
6439,9679,0,0,0
6439,9761,11,11,0
6439,9762,0,0,0
6439,9763,0,0,0
6439,9764,0,0,0
6439,9771,0,0,0
6439,9772,10,0,10
6439,9773,0,0,0
6439,9774,0,0,0
6439,9775,0,0,0
6439,9776,0,0,0
6439,9777,0,0,0
6439,9778,0,0,0
6439,9779,0,0,0
6439,9780,0,0,0
6439,10041,160,106,54
6439,10042,0,0,0
6439,10043,0,0,0
6439,10044,19,19,0
6439,10045,27,11,16
6439,10046,0,0,0
6439,11000,309,122,187
6439,12051,0,0,0
6439,12052,0,0,0
6439,12053,0,0,0
6439,12054,0,0,0
6439,12060,0,0,0
6439,12061,0,0,0
6439,12062,0,0,0
6439,12063,0,0,0
6439,12064,0,0,0
6439,12065,0,0,0
6439,12066,0,0,0
6439,12067,0,0,0
6439,12068,0,0,0
6439,12069,0,0,0
6439,12070,0,0,0
6439,12071,0,0,0
6439,12072,0,0,0
6439,12073,0,0,0
6439,13003,0,0,0
6439,13004,0,0,0
6439,13071,0,0,0
6439,13072,10,10,0
6439,13073,0,0,0
6439,13074,0,0,0
6439,13075,0,0,0
6439,13076,0,0,0
6439,14511,0,0,0
6439,14521,0,0,0
6439,14522,0,0,0
6439,14523,0,0,0
6439,14524,0,0,0
6439,14612,27,15,12
6439,14625,0,0,0
6439,14626,0,0,0
6439,14627,0,0,0
6439,14628,0,0,0
6439,14713,38,27,11
6439,14729,0,0,0
6439,14730,0,0,0
6439,15001,0,0,0
6439,15002,0,0,0
6439,15003,0,0,0
6439,15081,0,0,0
6439,15082,0,0,0
6439,15083,0,0,0
6439,15084,15,15,0
6439,15085,0,0,0
6439,15086,0,0,0
6439,15087,0,0,0
6439,15088,0,0,0
6439,15089,0,0,0
6439,15090,0,0,0
6439,15091,0,0,0
6439,16051,0,0,0
6439,16052,0,0,0
6439,16053,0,0,0
6439,16054,0,0,0
6439,16055,0,0,0
6439,16056,0,0,0
6439,16061,0,0,0
6439,16062,0,0,0
6439,16063,0,0,0
6439,16064,0,0,0
6439,16065,0,0,0
6439,16066,0,0,0
6439,16067,0,0,0
6439,16068,0,0,0
6439,16069,0,0,0
6439,16070,0,0,0
6439,16071,0,0,0
6439,16072,0,0,0
6439,16073,0,0,0
6439,16074,0,0,0
6439,16075,0,0,0
6439,16076,0,0,0
6439,16077,0,0,0
6440,1001,12,0,12
6440,1002,11,0,11
6440,1003,27,0,27
6440,1004,0,0,0
6440,1051,0,0,0
6440,1053,13,0,13
6440,1054,0,0,0
6440,1055,0,0,0
6440,1056,10,10,0
6440,1057,0,0,0
6440,1058,16,16,0
6440,1059,0,0,0
6440,1060,46,12,34
6440,1061,0,0,0
6440,1062,35,13,22
6440,2000,461,111,350
6440,3101,29,13,16
6440,3102,0,0,0
6440,3103,10,0,10
6440,3151,0,0,0
6440,3153,30,30,0
6440,3154,0,0,0
6440,3155,16,16,0
6440,3157,0,0,0
6440,3158,0,0,0
6440,3159,628,607,21
6440,3241,204,70,134
6440,3251,15,15,0
6440,3252,0,0,0
6440,3254,13,13,0
6440,3255,0,0,0
6440,3256,0,0,0
6440,3257,0,0,0
6440,3351,0,0,0
6440,3352,0,0,0
6440,3353,22,22,0
6440,3354,0,0,0
6440,3355,10,10,0
6440,3356,0,0,0
6440,3357,0,0,0
6440,3358,0,0,0
6440,3359,0,0,0
6440,3360,0,0,0
6440,3361,12,12,0
6440,3401,0,0,0
6440,3402,0,0,0
6440,3403,0,0,0
6440,3404,27,0,27
6440,3405,0,0,0
6440,3451,0,0,0
6440,3452,12,12,0
6440,3453,0,0,0
6440,3454,22,10,12
6440,3455,0,0,0
6440,3456,0,0,0
6440,3457,0,0,0
6440,3458,0,0,0
6440,3459,16,16,0
6440,3460,13,0,13
6440,3461,0,0,0
6440,3462,0,0,0
6440,4011,71,25,46
6440,4012,0,0,0
6440,5111,358,46,312
6440,5112,65,36,29
6440,5113,127,58,69
6440,5114,14,0,14
6440,5116,44,25,19
6440,5117,25,15,10
6440,5119,20,0,20
6440,5120,0,0,0
6440,5122,0,0,0
6440,5124,44,10,34
6440,5154,23,12,11
6440,5158,126,29,97
6440,5162,50,21,29
6440,5166,21,21,0
6440,5170,61,43,18
6440,5314,107,23,84
6440,5315,403,104,299
6440,5316,25,14,11
6440,5334,67,22,45
6440,5358,22,10,12
6440,5362,73,38,35
6440,5366,0,0,0
6440,5370,23,23,0
6440,5374,59,20,39
6440,5378,31,31,0
6440,5382,97,56,41
6440,5512,0,0,0
6440,5513,135,0,135
6440,5515,55,26,29
6440,5554,33,10,23
6440,5558,14,14,0
6440,5562,127,37,90
6440,5566,42,19,23
6440,5570,25,15,10
6440,5711,37,11,26
6440,5754,78,12,66
6440,5758,22,11,11
6440,5762,15,15,0
6440,5766,31,15,16
6440,5770,14,0,14
6440,5774,35,17,18
6440,5911,53,33,20
6440,5913,119,30,89
6440,5914,12,0,12
6440,5915,10,0,10
6440,5916,0,0,0
6440,5954,53,23,30
6440,5958,37,19,18
6440,5962,36,18,18
6440,5966,11,11,0
6440,5970,94,35,59
6440,5974,29,16,13
6440,5978,79,25,54
6440,6411,641,145,496
6440,6412,32223,4134,28089
6440,6413,2079,669,1410
6440,6414,898,216,682
6440,6431,209,105,104
6440,6432,606,316,290
6440,6433,1153,374,779
6440,6434,10325,2677,7648
6440,6435,13110,5396,7714
6440,6436,3097,615,2482
6440,6437,69,51,18
6440,6438,3208,1064,2144
6440,6439,319,167,152
6440,6440,0,0,0
6440,6531,11634,6018,5616
6440,6532,2587,1419,1168
6440,6533,666,472,194
6440,6534,751,414,337
6440,6535,2698,1848,850
6440,6611,133,46,87
6440,6631,285,126,159
6440,6632,72,38,34
6440,6633,64,38,26
6440,6634,121,76,45
6440,6635,76,48,28
6440,6636,21,21,0
6440,7111,51,15,36
6440,7131,0,0,0
6440,7132,29,14,15
6440,7133,47,28,19
6440,7134,0,0,0
6440,7135,0,0,0
6440,7137,47,29,18
6440,7138,31,18,13
6440,7140,35,16,19
6440,7141,101,52,49
6440,7143,94,68,26
6440,7211,0,0,0
6440,7231,0,0,0
6440,7232,12,0,12
6440,7233,0,0,0
6440,7235,0,0,0
6440,7311,15,0,15
6440,7312,0,0,0
6440,7313,0,0,0
6440,7314,103,28,75
6440,7315,365,111,254
6440,7316,0,0,0
6440,7317,0,0,0
6440,7318,12,0,12
6440,7319,40,0,40
6440,7320,0,0,0
6440,7331,49,31,18
6440,7332,16,16,0
6440,7333,13,13,0
6440,7334,17,17,0
6440,7335,10,10,0
6440,7336,0,0,0
6440,7337,0,0,0
6440,7338,16,16,0
6440,7339,127,72,55
6440,7340,0,0,0
6440,8111,182,39,143
6440,8115,56,26,30
6440,8116,83,23,60
6440,8117,25,11,14
6440,8118,83,33,50
6440,8119,33,16,17
6440,8121,0,0,0
6440,8125,67,23,44
6440,8126,18,0,18
6440,8127,30,11,19
6440,8128,17,17,0
6440,8135,11,11,0
6440,8136,18,0,18
6440,8211,0,0,0
6440,8212,115,44,71
6440,8215,102,59,43
6440,8216,31,13,18
6440,8221,72,25,47
6440,8222,210,61,149
6440,8225,45,15,30
6440,8226,167,87,80
6440,8231,13,0,13
6440,8235,0,0,0
6440,8236,10,10,0
6440,8237,0,0,0
6440,8311,49,0,49
6440,8315,10,10,0
6440,8316,15,15,0
6440,8317,53,21,32
6440,8325,12,0,12
6440,8326,15,0,15
6440,8327,11,0,11
6440,8335,39,20,19
6440,8336,11,0,11
6440,8337,12,0,12
6440,8415,16,0,16
6440,8416,11,0,11
6440,8417,14,0,14
6440,8421,21,0,21
6440,8425,0,0,0
6440,8426,32,22,10
6440,8435,12,12,0
6440,8436,33,18,15
6440,8437,0,0,0
6440,9161,15,0,15
6440,9162,422,74,348
6440,9163,0,0,0
6440,9171,0,0,0
6440,9172,0,0,0
6440,9173,0,0,0
6440,9174,10,10,0
6440,9175,0,0,0
6440,9176,0,0,0
6440,9177,20,10,10
6440,9178,37,0,37
6440,9179,28,16,12
6440,9180,0,0,0
6440,9181,10,10,0
6440,9182,0,0,0
6440,9183,0,0,0
6440,9184,116,18,98
6440,9185,41,41,0
6440,9186,0,0,0
6440,9187,22,11,11
6440,9188,10,0,10
6440,9189,0,0,0
6440,9190,0,0,0
6440,9261,0,0,0
6440,9262,0,0,0
6440,9263,0,0,0
6440,9271,0,0,0
6440,9272,0,0,0
6440,9273,0,0,0
6440,9274,0,0,0
6440,9275,0,0,0
6440,9276,0,0,0
6440,9277,0,0,0
6440,9278,0,0,0
6440,9279,0,0,0
6440,9361,0,0,0
6440,9362,23,0,23
6440,9363,0,0,0
6440,9371,0,0,0
6440,9372,0,0,0
6440,9373,21,11,10
6440,9374,14,14,0
6440,9375,0,0,0
6440,9376,0,0,0
6440,9377,0,0,0
6440,9461,32,32,0
6440,9462,0,0,0
6440,9463,0,0,0
6440,9464,0,0,0
6440,9471,26,15,11
6440,9472,0,0,0
6440,9473,0,0,0
6440,9474,0,0,0
6440,9475,0,0,0
6440,9476,0,0,0
6440,9477,0,0,0
6440,9478,0,0,0
6440,9479,0,0,0
6440,9561,0,0,0
6440,9562,34,0,34
6440,9563,0,0,0
6440,9564,142,28,114
6440,9565,0,0,0
6440,9571,13,13,0
6440,9572,12,0,12
6440,9573,0,0,0
6440,9574,26,15,11
6440,9575,0,0,0
6440,9576,14,14,0
6440,9577,0,0,0
6440,9661,265,54,211
6440,9662,0,0,0
6440,9663,50,17,33
6440,9671,730,267,463
6440,9672,51,29,22
6440,9673,26,15,11
6440,9674,0,0,0
6440,9675,12,12,0
6440,9676,145,72,73
6440,9677,57,18,39
6440,9678,12,0,12
6440,9679,17,17,0
6440,9761,35,14,21
6440,9762,0,0,0
6440,9763,0,0,0
6440,9764,0,0,0
6440,9771,0,0,0
6440,9772,11,11,0
6440,9773,0,0,0
6440,9774,11,0,11
6440,9775,18,0,18
6440,9776,0,0,0
6440,9777,0,0,0
6440,9778,0,0,0
6440,9779,0,0,0
6440,9780,0,0,0
6440,10041,86,11,75
6440,10042,0,0,0
6440,10043,0,0,0
6440,10044,0,0,0
6440,10045,0,0,0
6440,10046,0,0,0
6440,11000,508,165,343
6440,12051,0,0,0
6440,12052,0,0,0
6440,12053,0,0,0
6440,12054,0,0,0
6440,12060,0,0,0
6440,12061,0,0,0
6440,12062,0,0,0
6440,12063,0,0,0
6440,12064,0,0,0
6440,12065,11,11,0
6440,12066,0,0,0
6440,12067,0,0,0
6440,12068,0,0,0
6440,12069,22,11,11
6440,12070,0,0,0
6440,12071,0,0,0
6440,12072,10,0,10
6440,12073,0,0,0
6440,13003,0,0,0
6440,13004,0,0,0
6440,13071,0,0,0
6440,13072,0,0,0
6440,13073,0,0,0
6440,13074,0,0,0
6440,13075,0,0,0
6440,13076,27,27,0
6440,14511,10,10,0
6440,14521,13,13,0
6440,14522,26,16,10
6440,14523,10,10,0
6440,14524,0,0,0
6440,14612,49,25,24
6440,14625,16,16,0
6440,14626,0,0,0
6440,14627,11,11,0
6440,14628,0,0,0
6440,14713,59,35,24
6440,14729,16,16,0
6440,14730,0,0,0
6440,15001,0,0,0
6440,15002,0,0,0
6440,15003,0,0,0
6440,15081,0,0,0
6440,15082,15,15,0
6440,15083,0,0,0
6440,15084,0,0,0
6440,15085,12,12,0
6440,15086,0,0,0
6440,15087,12,12,0
6440,15088,13,13,0
6440,15089,0,0,0
6440,15090,0,0,0
6440,15091,0,0,0
6440,16051,39,19,20
6440,16052,0,0,0
6440,16053,0,0,0
6440,16054,0,0,0
6440,16055,0,0,0
6440,16056,0,0,0
6440,16061,47,47,0
6440,16062,37,37,0
6440,16063,23,13,10
6440,16064,40,30,10
6440,16065,12,12,0
6440,16066,21,21,0
6440,16067,14,14,0
6440,16068,24,24,0
6440,16069,14,14,0
6440,16070,0,0,0
6440,16071,10,10,0
6440,16072,0,0,0
6440,16073,0,0,0
6440,16074,0,0,0
6440,16075,0,0,0
6440,16076,0,0,0
6440,16077,0,0,0
6531,1001,0,0,0
6531,1002,11,0,11
6531,1003,31,0,31
6531,1004,0,0,0
6531,1051,0,0,0
6531,1053,0,0,0
6531,1054,0,0,0
6531,1055,0,0,0
6531,1056,0,0,0
6531,1057,0,0,0
6531,1058,0,0,0
6531,1059,0,0,0
6531,1060,17,0,17
6531,1061,0,0,0
6531,1062,10,0,10
6531,2000,253,66,187
6531,3101,17,0,17
6531,3102,0,0,0
6531,3103,13,0,13
6531,3151,0,0,0
6531,3153,0,0,0
6531,3154,0,0,0
6531,3155,43,43,0
6531,3157,0,0,0
6531,3158,0,0,0
6531,3159,70,41,29
6531,3241,161,65,96
6531,3251,0,0,0
6531,3252,0,0,0
6531,3254,18,18,0
6531,3255,0,0,0
6531,3256,0,0,0
6531,3257,0,0,0
6531,3351,0,0,0
6531,3352,0,0,0
6531,3353,16,16,0
6531,3354,0,0,0
6531,3355,0,0,0
6531,3356,0,0,0
6531,3357,0,0,0
6531,3358,0,0,0
6531,3359,0,0,0
6531,3360,0,0,0
6531,3361,0,0,0
6531,3401,0,0,0
6531,3402,0,0,0
6531,3403,13,0,13
6531,3404,52,35,17
6531,3405,0,0,0
6531,3451,0,0,0
6531,3452,0,0,0
6531,3453,0,0,0
6531,3454,16,0,16
6531,3455,0,0,0
6531,3456,16,0,16
6531,3457,0,0,0
6531,3458,0,0,0
6531,3459,69,42,27
6531,3460,13,0,13
6531,3461,0,0,0
6531,3462,0,0,0
6531,4011,58,23,35
6531,4012,0,0,0
6531,5111,182,30,152
6531,5112,35,0,35
6531,5113,67,19,48
6531,5114,32,18,14
6531,5116,14,0,14
6531,5117,14,0,14
6531,5119,22,10,12
6531,5120,0,0,0
6531,5122,0,0,0
6531,5124,53,24,29
6531,5154,14,14,0
6531,5158,78,20,58
6531,5162,46,18,28
6531,5166,26,12,14
6531,5170,41,23,18
6531,5314,102,20,82
6531,5315,373,78,295
6531,5316,16,0,16
6531,5334,62,22,40
6531,5358,26,12,14
6531,5362,60,23,37
6531,5366,25,12,13
6531,5370,0,0,0
6531,5374,81,27,54
6531,5378,34,19,15
6531,5382,73,38,35
6531,5512,0,0,0
6531,5513,22,0,22
6531,5515,47,26,21
6531,5554,16,0,16
6531,5558,14,0,14
6531,5562,44,23,21
6531,5566,71,52,19
6531,5570,21,11,10
6531,5711,41,15,26
6531,5754,50,18,32
6531,5758,22,11,11
6531,5762,15,15,0
6531,5766,31,15,16
6531,5770,24,10,14
6531,5774,39,23,16
6531,5911,31,15,16
6531,5913,77,28,49
6531,5914,22,0,22
6531,5915,0,0,0
6531,5916,0,0,0
6531,5954,37,10,27
6531,5958,60,27,33
6531,5962,40,17,23
6531,5966,39,23,16
6531,5970,511,271,240
6531,5974,33,17,16
6531,5978,226,15,211
6531,6411,279,67,212
6531,6412,6089,660,5429
6531,6413,294,99,195
6531,6414,435,113,322
6531,6431,90,30,60
6531,6432,334,116,218
6531,6433,281,89,192
6531,6434,1779,376,1403
6531,6435,1040,446,594
6531,6436,782,109,673
6531,6437,30,17,13
6531,6438,633,196,437
6531,6439,139,77,62
6531,6440,11634,5616,6018
6531,6531,0,0,0
6531,6532,17562,10493,7069
6531,6533,1168,739,429
6531,6534,9355,5700,3655
6531,6535,5055,3555,1500
6531,6611,403,116,287
6531,6631,323,202,121
6531,6632,191,112,79
6531,6633,107,73,34
6531,6634,278,200,78
6531,6635,511,284,227
6531,6636,62,48,14
6531,7111,125,65,60
6531,7131,0,0,0
6531,7132,92,61,31
6531,7133,39,23,16
6531,7134,0,0,0
6531,7135,0,0,0
6531,7137,59,35,24
6531,7138,49,30,19
6531,7140,27,11,16
6531,7141,105,61,44
6531,7143,225,150,75
6531,7211,10,0,10
6531,7231,0,0,0
6531,7232,40,0,40
6531,7233,21,21,0
6531,7235,10,10,0
6531,7311,15,0,15
6531,7312,24,13,11
6531,7313,0,0,0
6531,7314,32,0,32
6531,7315,215,50,165
6531,7316,0,0,0
6531,7317,0,0,0
6531,7318,0,0,0
6531,7319,20,0,20
6531,7320,0,0,0
6531,7331,34,23,11
6531,7332,0,0,0
6531,7333,10,10,0
6531,7334,32,10,22
6531,7335,0,0,0
6531,7336,0,0,0
6531,7337,57,0,57
6531,7338,10,10,0
6531,7339,74,39,35
6531,7340,0,0,0
6531,8111,117,27,90
6531,8115,55,17,38
6531,8116,75,28,47
6531,8117,11,0,11
6531,8118,81,39,42
6531,8119,33,19,14
6531,8121,11,0,11
6531,8125,44,17,27
6531,8126,35,0,35
6531,8127,0,0,0
6531,8128,28,11,17
6531,8135,0,0,0
6531,8136,37,15,22
6531,8211,0,0,0
6531,8212,51,14,37
6531,8215,52,30,22
6531,8216,33,20,13
6531,8221,50,11,39
6531,8222,100,24,76
6531,8225,0,0,0
6531,8226,97,38,59
6531,8231,0,0,0
6531,8235,0,0,0
6531,8236,26,13,13
6531,8237,0,0,0
6531,8311,32,12,20
6531,8315,10,10,0
6531,8316,0,0,0
6531,8317,34,17,17
6531,8325,0,0,0
6531,8326,12,0,12
6531,8327,0,0,0
6531,8335,13,0,13
6531,8336,28,15,13
6531,8337,10,0,10
6531,8415,15,0,15
6531,8416,11,0,11
6531,8417,13,13,0
6531,8421,0,0,0
6531,8425,0,0,0
6531,8426,0,0,0
6531,8435,0,0,0
6531,8436,0,0,0
6531,8437,0,0,0
6531,9161,14,0,14
6531,9162,304,43,261
6531,9163,0,0,0
6531,9171,0,0,0
6531,9172,0,0,0
6531,9173,0,0,0
6531,9174,0,0,0
6531,9175,0,0,0
6531,9176,0,0,0
6531,9177,0,0,0
6531,9178,10,0,10
6531,9179,12,0,12
6531,9180,0,0,0
6531,9181,0,0,0
6531,9182,0,0,0
6531,9183,0,0,0
6531,9184,88,16,72
6531,9185,0,0,0
6531,9186,14,0,14
6531,9187,0,0,0
6531,9188,10,0,10
6531,9189,0,0,0
6531,9190,0,0,0
6531,9261,0,0,0
6531,9262,0,0,0
6531,9263,0,0,0
6531,9271,0,0,0
6531,9272,0,0,0
6531,9273,0,0,0
6531,9274,0,0,0
6531,9275,0,0,0
6531,9276,0,0,0
6531,9277,0,0,0
6531,9278,0,0,0
6531,9279,12,12,0
6531,9361,0,0,0
6531,9362,0,0,0
6531,9363,20,0,20
6531,9371,0,0,0
6531,9372,0,0,0
6531,9373,0,0,0
6531,9374,0,0,0
6531,9375,0,0,0
6531,9376,0,0,0
6531,9377,0,0,0
6531,9461,0,0,0
6531,9462,12,0,12
6531,9463,0,0,0
6531,9464,0,0,0
6531,9471,0,0,0
6531,9472,0,0,0
6531,9473,0,0,0
6531,9474,0,0,0
6531,9475,20,0,20
6531,9476,0,0,0
6531,9477,0,0,0
6531,9478,0,0,0
6531,9479,0,0,0
6531,9561,0,0,0
6531,9562,27,0,27
6531,9563,0,0,0
6531,9564,87,30,57
6531,9565,0,0,0
6531,9571,0,0,0
6531,9572,0,0,0
6531,9573,0,0,0
6531,9574,13,13,0
6531,9575,0,0,0
6531,9576,0,0,0
6531,9577,0,0,0
6531,9661,51,16,35
6531,9662,0,0,0
6531,9663,36,10,26
6531,9671,187,83,104
6531,9672,23,12,11
6531,9673,0,0,0
6531,9674,0,0,0
6531,9675,0,0,0
6531,9676,55,16,39
6531,9677,0,0,0
6531,9678,0,0,0
6531,9679,15,15,0
6531,9761,33,10,23
6531,9762,0,0,0
6531,9763,0,0,0
6531,9764,0,0,0
6531,9771,0,0,0
6531,9772,0,0,0
6531,9773,0,0,0
6531,9774,0,0,0
6531,9775,10,0,10
6531,9776,0,0,0
6531,9777,0,0,0
6531,9778,0,0,0
6531,9779,0,0,0
6531,9780,0,0,0
6531,10041,35,13,22
6531,10042,0,0,0
6531,10043,0,0,0
6531,10044,0,0,0
6531,10045,0,0,0
6531,10046,0,0,0
6531,11000,404,137,267
6531,12051,0,0,0
6531,12052,0,0,0
6531,12053,0,0,0
6531,12054,0,0,0
6531,12060,0,0,0
6531,12061,0,0,0
6531,12062,0,0,0
6531,12063,0,0,0
6531,12064,0,0,0
6531,12065,0,0,0
6531,12066,0,0,0
6531,12067,0,0,0
6531,12068,0,0,0
6531,12069,11,0,11
6531,12070,0,0,0
6531,12071,0,0,0
6531,12072,0,0,0
6531,12073,0,0,0
6531,13003,0,0,0
6531,13004,0,0,0
6531,13071,0,0,0
6531,13072,0,0,0
6531,13073,0,0,0
6531,13074,0,0,0
6531,13075,12,12,0
6531,13076,0,0,0
6531,14511,24,11,13
6531,14521,12,12,0
6531,14522,11,11,0
6531,14523,0,0,0
6531,14524,18,18,0
6531,14612,74,38,36
6531,14625,12,12,0
6531,14626,0,0,0
6531,14627,0,0,0
6531,14628,0,0,0
6531,14713,84,49,35
6531,14729,14,14,0
6531,14730,0,0,0
6531,15001,0,0,0
6531,15002,10,10,0
6531,15003,0,0,0
6531,15081,0,0,0
6531,15082,0,0,0
6531,15083,0,0,0
6531,15084,0,0,0
6531,15085,0,0,0
6531,15086,0,0,0
6531,15087,0,0,0
6531,15088,0,0,0
6531,15089,0,0,0
6531,15090,0,0,0
6531,15091,0,0,0
6531,16051,34,15,19
6531,16052,0,0,0
6531,16053,24,13,11
6531,16054,0,0,0
6531,16055,0,0,0
6531,16056,13,13,0
6531,16061,0,0,0
6531,16062,0,0,0
6531,16063,33,20,13
6531,16064,24,24,0
6531,16065,0,0,0
6531,16066,21,10,11
6531,16067,28,28,0
6531,16068,0,0,0
6531,16069,0,0,0
6531,16070,0,0,0
6531,16071,0,0,0
6531,16072,0,0,0
6531,16073,0,0,0
6531,16074,10,10,0
6531,16075,0,0,0
6531,16076,11,11,0
6531,16077,0,0,0
6532,1001,0,0,0
6532,1002,0,0,0
6532,1003,0,0,0
6532,1004,0,0,0
6532,1051,0,0,0
6532,1053,13,13,0
6532,1054,0,0,0
6532,1055,0,0,0
6532,1056,24,10,14
6532,1057,0,0,0
6532,1058,0,0,0
6532,1059,0,0,0
6532,1060,11,0,11
6532,1061,0,0,0
6532,1062,0,0,0
6532,2000,204,112,92
6532,3101,15,0,15
6532,3102,21,21,0
6532,3103,0,0,0
6532,3151,0,0,0
6532,3153,0,0,0
6532,3154,0,0,0
6532,3155,20,20,0
6532,3157,12,12,0
6532,3158,0,0,0
6532,3159,163,151,12
6532,3241,192,114,78
6532,3251,0,0,0
6532,3252,0,0,0
6532,3254,14,14,0
6532,3255,0,0,0
6532,3256,0,0,0
6532,3257,10,10,0
6532,3351,11,11,0
6532,3352,0,0,0
6532,3353,0,0,0
6532,3354,0,0,0
6532,3355,0,0,0
6532,3356,0,0,0
6532,3357,0,0,0
6532,3358,0,0,0
6532,3359,10,10,0
6532,3360,0,0,0
6532,3361,0,0,0
6532,3401,0,0,0
6532,3402,0,0,0
6532,3403,0,0,0
6532,3404,20,0,20
6532,3405,0,0,0
6532,3451,0,0,0
6532,3452,0,0,0
6532,3453,0,0,0
6532,3454,0,0,0
6532,3455,0,0,0
6532,3456,0,0,0
6532,3457,0,0,0
6532,3458,0,0,0
6532,3459,28,10,18
6532,3460,0,0,0
6532,3461,0,0,0
6532,3462,0,0,0
6532,4011,38,16,22
6532,4012,0,0,0
6532,5111,116,31,85
6532,5112,60,39,21
6532,5113,71,20,51
6532,5114,37,19,18
6532,5116,0,0,0
6532,5117,10,10,0
6532,5119,34,0,34
6532,5120,0,0,0
6532,5122,10,10,0
6532,5124,20,0,20
6532,5154,14,14,0
6532,5158,58,22,36
6532,5162,54,21,33
6532,5166,25,12,13
6532,5170,83,60,23
6532,5314,61,19,42
6532,5315,234,66,168
6532,5316,16,0,16
6532,5334,39,20,19
6532,5358,23,10,13
6532,5362,68,30,38
6532,5366,30,0,30
6532,5370,0,0,0
6532,5374,171,58,113
6532,5378,61,22,39
6532,5382,89,42,47
6532,5512,0,0,0
6532,5513,28,10,18
6532,5515,17,0,17
6532,5554,38,20,18
6532,5558,16,16,0
6532,5562,44,27,17
6532,5566,18,18,0
6532,5570,13,0,13
6532,5711,29,12,17
6532,5754,27,10,17
6532,5758,0,0,0
6532,5762,0,0,0
6532,5766,39,22,17
6532,5770,10,10,0
6532,5774,26,13,13
6532,5911,40,18,22
6532,5913,113,34,79
6532,5914,16,0,16
6532,5915,0,0,0
6532,5916,0,0,0
6532,5954,101,32,69
6532,5958,86,46,40
6532,5962,103,62,41
6532,5966,196,109,87
6532,5970,5944,3279,2665
6532,5974,28,18,10
6532,5978,72,29,43
6532,6411,144,32,112
6532,6412,2791,267,2524
6532,6413,137,42,95
6532,6414,324,103,221
6532,6431,53,32,21
6532,6432,144,68,76
6532,6433,240,88,152
6532,6434,1270,255,1015
6532,6435,478,221,257
6532,6436,399,80,319
6532,6437,0,0,0
6532,6438,294,89,205
6532,6439,251,66,185
6532,6440,2587,1168,1419
6532,6531,17562,7069,10493
6532,6532,0,0,0
6532,6533,5114,3009,2105
6532,6534,6087,3709,2378
6532,6535,378,273,105
6532,6611,201,37,164
6532,6631,85,49,36
6532,6632,54,27,27
6532,6633,39,25,14
6532,6634,71,51,20
6532,6635,188,87,101
6532,6636,10,10,0
6532,7111,90,25,65
6532,7131,0,0,0
6532,7132,717,527,190
6532,7133,29,16,13
6532,7134,0,0,0
6532,7135,0,0,0
6532,7137,81,41,40
6532,7138,76,35,41
6532,7140,13,13,0
6532,7141,266,140,126
6532,7143,2524,1611,913
6532,7211,0,0,0
6532,7231,0,0,0
6532,7232,0,0,0
6532,7233,0,0,0
6532,7235,10,10,0
6532,7311,0,0,0
6532,7312,0,0,0
6532,7313,0,0,0
6532,7314,0,0,0
6532,7315,94,49,45
6532,7316,0,0,0
6532,7317,0,0,0
6532,7318,0,0,0
6532,7319,0,0,0
6532,7320,0,0,0
6532,7331,45,27,18
6532,7332,22,11,11
6532,7333,0,0,0
6532,7334,99,99,0
6532,7335,0,0,0
6532,7336,0,0,0
6532,7337,0,0,0
6532,7338,0,0,0
6532,7339,83,46,37
6532,7340,0,0,0
6532,8111,84,31,53
6532,8115,46,24,22
6532,8116,82,34,48
6532,8117,13,0,13
6532,8118,44,27,17
6532,8119,32,19,13
6532,8121,10,0,10
6532,8125,40,10,30
6532,8126,22,0,22
6532,8127,10,10,0
6532,8128,0,0,0
6532,8135,0,0,0
6532,8136,61,17,44
6532,8211,0,0,0
6532,8212,28,0,28
6532,8215,58,36,22
6532,8216,0,0,0
6532,8221,14,0,14
6532,8222,34,0,34
6532,8225,0,0,0
6532,8226,73,45,28
6532,8231,0,0,0
6532,8235,10,0,10
6532,8236,11,11,0
6532,8237,0,0,0
6532,8311,0,0,0
6532,8315,0,0,0
6532,8316,0,0,0
6532,8317,22,10,12
6532,8325,0,0,0
6532,8326,0,0,0
6532,8327,0,0,0
6532,8335,14,0,14
6532,8336,23,11,12
6532,8337,0,0,0
6532,8415,10,10,0
6532,8416,12,12,0
6532,8417,0,0,0
6532,8421,10,0,10
6532,8425,0,0,0
6532,8426,0,0,0
6532,8435,12,12,0
6532,8436,10,10,0
6532,8437,0,0,0
6532,9161,0,0,0
6532,9162,174,62,112
6532,9163,0,0,0
6532,9171,0,0,0
6532,9172,0,0,0
6532,9173,0,0,0
6532,9174,0,0,0
6532,9175,0,0,0
6532,9176,0,0,0
6532,9177,0,0,0
6532,9178,10,10,0
6532,9179,12,12,0
6532,9180,0,0,0
6532,9181,0,0,0
6532,9182,0,0,0
6532,9183,0,0,0
6532,9184,55,14,41
6532,9185,0,0,0
6532,9186,0,0,0
6532,9187,0,0,0
6532,9188,0,0,0
6532,9189,0,0,0
6532,9190,0,0,0
6532,9261,0,0,0
6532,9262,0,0,0
6532,9263,0,0,0
6532,9271,0,0,0
6532,9272,0,0,0
6532,9273,0,0,0
6532,9274,0,0,0
6532,9275,0,0,0
6532,9276,0,0,0
6532,9277,0,0,0
6532,9278,0,0,0
6532,9279,0,0,0
6532,9361,0,0,0
6532,9362,0,0,0
6532,9363,0,0,0
6532,9371,0,0,0
6532,9372,0,0,0
6532,9373,0,0,0
6532,9374,0,0,0
6532,9375,0,0,0
6532,9376,0,0,0
6532,9377,0,0,0
6532,9461,0,0,0
6532,9462,0,0,0
6532,9463,0,0,0
6532,9464,0,0,0
6532,9471,0,0,0
6532,9472,0,0,0
6532,9473,0,0,0
6532,9474,0,0,0
6532,9475,0,0,0
6532,9476,0,0,0
6532,9477,0,0,0
6532,9478,0,0,0
6532,9479,0,0,0
6532,9561,0,0,0
6532,9562,0,0,0
6532,9563,0,0,0
6532,9564,78,16,62
6532,9565,0,0,0
6532,9571,0,0,0
6532,9572,10,10,0
6532,9573,0,0,0
6532,9574,0,0,0
6532,9575,0,0,0
6532,9576,0,0,0
6532,9577,0,0,0
6532,9661,16,0,16
6532,9662,0,0,0
6532,9663,17,0,17
6532,9671,68,30,38
6532,9672,0,0,0
6532,9673,0,0,0
6532,9674,0,0,0
6532,9675,0,0,0
6532,9676,40,15,25
6532,9677,0,0,0
6532,9678,0,0,0
6532,9679,16,16,0
6532,9761,13,0,13
6532,9762,0,0,0
6532,9763,0,0,0
6532,9764,0,0,0
6532,9771,0,0,0
6532,9772,13,13,0
6532,9773,0,0,0
6532,9774,0,0,0
6532,9775,10,10,0
6532,9776,0,0,0
6532,9777,0,0,0
6532,9778,0,0,0
6532,9779,0,0,0
6532,9780,0,0,0
6532,10041,65,41,24
6532,10042,0,0,0
6532,10043,10,10,0
6532,10044,17,17,0
6532,10045,12,12,0
6532,10046,0,0,0
6532,11000,243,112,131
6532,12051,0,0,0
6532,12052,0,0,0
6532,12053,0,0,0
6532,12054,0,0,0
6532,12060,0,0,0
6532,12061,0,0,0
6532,12062,0,0,0
6532,12063,10,10,0
6532,12064,0,0,0
6532,12065,0,0,0
6532,12066,0,0,0
6532,12067,0,0,0
6532,12068,0,0,0
6532,12069,11,11,0
6532,12070,0,0,0
6532,12071,0,0,0
6532,12072,0,0,0
6532,12073,15,15,0
6532,13003,0,0,0
6532,13004,0,0,0
6532,13071,0,0,0
6532,13072,0,0,0
6532,13073,0,0,0
6532,13074,0,0,0
6532,13075,0,0,0
6532,13076,0,0,0
6532,14511,12,12,0
6532,14521,10,10,0
6532,14522,14,14,0
6532,14523,0,0,0
6532,14524,17,17,0
6532,14612,21,11,10
6532,14625,20,10,10
6532,14626,13,13,0
6532,14627,0,0,0
6532,14628,10,10,0
6532,14713,33,22,11
6532,14729,0,0,0
6532,14730,17,17,0
6532,15001,0,0,0
6532,15002,0,0,0
6532,15003,0,0,0
6532,15081,0,0,0
6532,15082,0,0,0
6532,15083,0,0,0
6532,15084,0,0,0
6532,15085,12,12,0
6532,15086,0,0,0
6532,15087,0,0,0
6532,15088,0,0,0
6532,15089,0,0,0
6532,15090,0,0,0
6532,15091,0,0,0
6532,16051,25,15,10
6532,16052,0,0,0
6532,16053,0,0,0
6532,16054,0,0,0
6532,16055,0,0,0
6532,16056,0,0,0
6532,16061,0,0,0
6532,16062,0,0,0
6532,16063,0,0,0
6532,16064,0,0,0
6532,16065,0,0,0
6532,16066,12,12,0
6532,16067,17,17,0
6532,16068,0,0,0
6532,16069,0,0,0
6532,16070,18,18,0
6532,16071,0,0,0
6532,16072,0,0,0
6532,16073,0,0,0
6532,16074,17,17,0
6532,16075,0,0,0
6532,16076,11,11,0
6532,16077,10,10,0
6533,1001,0,0,0
6533,1002,0,0,0
6533,1003,0,0,0
6533,1004,0,0,0
6533,1051,0,0,0
6533,1053,0,0,0
6533,1054,0,0,0
6533,1055,0,0,0
6533,1056,0,0,0
6533,1057,0,0,0
6533,1058,0,0,0
6533,1059,0,0,0
6533,1060,20,10,10
6533,1061,0,0,0
6533,1062,0,0,0
6533,2000,183,38,145
6533,3101,19,0,19
6533,3102,0,0,0
6533,3103,0,0,0
6533,3151,0,0,0
6533,3153,0,0,0
6533,3154,0,0,0
6533,3155,0,0,0
6533,3157,0,0,0
6533,3158,0,0,0
6533,3159,19,19,0
6533,3241,62,22,40
6533,3251,10,10,0
6533,3252,0,0,0
6533,3254,0,0,0
6533,3255,0,0,0
6533,3256,0,0,0
6533,3257,0,0,0
6533,3351,0,0,0
6533,3352,0,0,0
6533,3353,14,14,0
6533,3354,0,0,0
6533,3355,0,0,0
6533,3356,0,0,0
6533,3357,0,0,0
6533,3358,0,0,0
6533,3359,0,0,0
6533,3360,0,0,0
6533,3361,0,0,0
6533,3401,0,0,0
6533,3402,0,0,0
6533,3403,0,0,0
6533,3404,0,0,0
6533,3405,0,0,0
6533,3451,0,0,0
6533,3452,0,0,0
6533,3453,0,0,0
6533,3454,0,0,0
6533,3455,0,0,0
6533,3456,0,0,0
6533,3457,0,0,0
6533,3458,0,0,0
6533,3459,0,0,0
6533,3460,23,0,23
6533,3461,0,0,0
6533,3462,0,0,0
6533,4011,31,15,16
6533,4012,0,0,0
6533,5111,143,27,116
6533,5112,36,19,17
6533,5113,45,12,33
6533,5114,19,19,0
6533,5116,10,0,10
6533,5117,15,0,15
6533,5119,0,0,0
6533,5120,0,0,0
6533,5122,0,0,0
6533,5124,19,19,0
6533,5154,0,0,0
6533,5158,56,29,27
6533,5162,43,10,33
6533,5166,17,17,0
6533,5170,18,0,18
6533,5314,115,23,92
6533,5315,316,117,199
6533,5316,31,13,18
6533,5334,42,22,20
6533,5358,35,14,21
6533,5362,79,41,38
6533,5366,16,16,0
6533,5370,12,12,0
6533,5374,46,28,18
6533,5378,69,58,11
6533,5382,179,95,84
6533,5512,0,0,0
6533,5513,21,11,10
6533,5515,26,14,12
6533,5554,14,0,14
6533,5558,0,0,0
6533,5562,25,13,12
6533,5566,21,11,10
6533,5570,0,0,0
6533,5711,0,0,0
6533,5754,24,0,24
6533,5758,0,0,0
6533,5762,0,0,0
6533,5766,0,0,0
6533,5770,23,0,23
6533,5774,0,0,0
6533,5911,36,24,12
6533,5913,66,21,45
6533,5914,0,0,0
6533,5915,0,0,0
6533,5916,21,0,21
6533,5954,42,21,21
6533,5958,0,0,0
6533,5962,16,0,16
6533,5966,14,14,0
6533,5970,170,62,108
6533,5974,0,0,0
6533,5978,16,0,16
6533,6411,252,55,197
6533,6412,7734,511,7223
6533,6413,211,72,139
6533,6414,2791,370,2421
6533,6431,81,50,31
6533,6432,197,87,110
6533,6433,651,164,487
6533,6434,2400,586,1814
6533,6435,202,63,139
6533,6436,1777,333,1444
6533,6437,23,0,23
6533,6438,583,100,483
6533,6439,3634,1399,2235
6533,6440,666,194,472
6533,6531,1168,429,739
6533,6532,5114,2105,3009
6533,6533,0,0,0
6533,6534,214,90,124
6533,6535,55,41,14
6533,6611,151,14,137
6533,6631,35,17,18
6533,6632,35,16,19
6533,6633,12,12,0
6533,6634,99,12,87
6533,6635,19,0,19
6533,6636,10,10,0
6533,7111,513,169,344
6533,7131,36,25,11
6533,7132,182,96,86
6533,7133,45,25,20
6533,7134,13,13,0
6533,7135,130,130,0
6533,7137,324,178,146
6533,7138,430,269,161
6533,7140,82,63,19
6533,7141,7125,4780,2345
6533,7143,6756,4464,2292
6533,7211,12,0,12
6533,7231,17,17,0
6533,7232,0,0,0
6533,7233,0,0,0
6533,7235,0,0,0
6533,7311,0,0,0
6533,7312,22,11,11
6533,7313,0,0,0
6533,7314,43,18,25
6533,7315,466,117,349
6533,7316,0,0,0
6533,7317,0,0,0
6533,7318,0,0,0
6533,7319,16,0,16
6533,7320,0,0,0
6533,7331,44,30,14
6533,7332,13,13,0
6533,7333,0,0,0
6533,7334,0,0,0
6533,7335,10,10,0
6533,7336,0,0,0
6533,7337,0,0,0
6533,7338,0,0,0
6533,7339,141,57,84
6533,7340,18,18,0
6533,8111,74,13,61
6533,8115,34,0,34
6533,8116,42,14,28
6533,8117,17,0,17
6533,8118,42,12,30
6533,8119,25,12,13
6533,8121,0,0,0
6533,8125,21,0,21
6533,8126,19,0,19
6533,8127,13,0,13
6533,8128,0,0,0
6533,8135,0,0,0
6533,8136,0,0,0
6533,8211,0,0,0
6533,8212,29,0,29
6533,8215,22,0,22
6533,8216,0,0,0
6533,8221,23,11,12
6533,8222,96,46,50
6533,8225,12,12,0
6533,8226,71,20,51
6533,8231,0,0,0
6533,8235,0,0,0
6533,8236,0,0,0
6533,8237,0,0,0
6533,8311,11,0,11
6533,8315,14,0,14
6533,8316,0,0,0
6533,8317,12,0,12
6533,8325,0,0,0
6533,8326,0,0,0
6533,8327,0,0,0
6533,8335,0,0,0
6533,8336,0,0,0
6533,8337,0,0,0
6533,8415,16,0,16
6533,8416,0,0,0
6533,8417,0,0,0
6533,8421,14,0,14
6533,8425,10,10,0
6533,8426,0,0,0
6533,8435,0,0,0
6533,8436,0,0,0
6533,8437,0,0,0
6533,9161,14,0,14
6533,9162,149,38,111
6533,9163,0,0,0
6533,9171,0,0,0
6533,9172,0,0,0
6533,9173,0,0,0
6533,9174,52,52,0
6533,9175,0,0,0
6533,9176,0,0,0
6533,9177,0,0,0
6533,9178,15,0,15
6533,9179,0,0,0
6533,9180,0,0,0
6533,9181,0,0,0
6533,9182,0,0,0
6533,9183,0,0,0
6533,9184,37,0,37
6533,9185,0,0,0
6533,9186,0,0,0
6533,9187,14,14,0
6533,9188,0,0,0
6533,9189,0,0,0
6533,9190,0,0,0
6533,9261,14,0,14
6533,9262,0,0,0
6533,9263,0,0,0
6533,9271,0,0,0
6533,9272,0,0,0
6533,9273,0,0,0
6533,9274,0,0,0
6533,9275,0,0,0
6533,9276,0,0,0
6533,9277,0,0,0
6533,9278,0,0,0
6533,9279,0,0,0
6533,9361,0,0,0
6533,9362,0,0,0
6533,9363,0,0,0
6533,9371,0,0,0
6533,9372,0,0,0
6533,9373,0,0,0
6533,9374,0,0,0
6533,9375,0,0,0
6533,9376,0,0,0
6533,9377,0,0,0
6533,9461,0,0,0
6533,9462,0,0,0
6533,9463,0,0,0
6533,9464,0,0,0
6533,9471,0,0,0
6533,9472,0,0,0
6533,9473,0,0,0
6533,9474,0,0,0
6533,9475,0,0,0
6533,9476,0,0,0
6533,9477,0,0,0
6533,9478,0,0,0
6533,9479,0,0,0
6533,9561,0,0,0
6533,9562,13,0,13
6533,9563,0,0,0
6533,9564,34,12,22
6533,9565,0,0,0
6533,9571,0,0,0
6533,9572,0,0,0
6533,9573,0,0,0
6533,9574,0,0,0
6533,9575,0,0,0
6533,9576,0,0,0
6533,9577,0,0,0
6533,9661,31,0,31
6533,9662,0,0,0
6533,9663,0,0,0
6533,9671,56,28,28
6533,9672,0,0,0
6533,9673,0,0,0
6533,9674,0,0,0
6533,9675,0,0,0
6533,9676,14,0,14
6533,9677,0,0,0
6533,9678,0,0,0
6533,9679,0,0,0
6533,9761,36,18,18
6533,9762,0,0,0
6533,9763,0,0,0
6533,9764,0,0,0
6533,9771,0,0,0
6533,9772,47,47,0
6533,9773,28,28,0
6533,9774,0,0,0
6533,9775,0,0,0
6533,9776,0,0,0
6533,9777,0,0,0
6533,9778,0,0,0
6533,9779,0,0,0
6533,9780,0,0,0
6533,10041,17,0,17
6533,10042,0,0,0
6533,10043,0,0,0
6533,10044,0,0,0
6533,10045,0,0,0
6533,10046,0,0,0
6533,11000,224,63,161
6533,12051,0,0,0
6533,12052,0,0,0
6533,12053,0,0,0
6533,12054,0,0,0
6533,12060,0,0,0
6533,12061,0,0,0
6533,12062,0,0,0
6533,12063,0,0,0
6533,12064,0,0,0
6533,12065,0,0,0
6533,12066,0,0,0
6533,12067,0,0,0
6533,12068,0,0,0
6533,12069,0,0,0
6533,12070,0,0,0
6533,12071,0,0,0
6533,12072,0,0,0
6533,12073,0,0,0
6533,13003,0,0,0
6533,13004,0,0,0
6533,13071,0,0,0
6533,13072,0,0,0
6533,13073,0,0,0
6533,13074,0,0,0
6533,13075,0,0,0
6533,13076,0,0,0
6533,14511,0,0,0
6533,14521,0,0,0
6533,14522,0,0,0
6533,14523,0,0,0
6533,14524,0,0,0
6533,14612,16,16,0
6533,14625,0,0,0
6533,14626,0,0,0
6533,14627,0,0,0
6533,14628,0,0,0
6533,14713,14,14,0
6533,14729,0,0,0
6533,14730,0,0,0
6533,15001,0,0,0
6533,15002,0,0,0
6533,15003,0,0,0
6533,15081,0,0,0
6533,15082,20,20,0
6533,15083,0,0,0
6533,15084,0,0,0
6533,15085,19,19,0
6533,15086,0,0,0
6533,15087,0,0,0
6533,15088,0,0,0
6533,15089,0,0,0
6533,15090,0,0,0
6533,15091,0,0,0
6533,16051,11,11,0
6533,16052,0,0,0
6533,16053,0,0,0
6533,16054,0,0,0
6533,16055,0,0,0
6533,16056,0,0,0
6533,16061,0,0,0
6533,16062,0,0,0
6533,16063,0,0,0
6533,16064,0,0,0
6533,16065,0,0,0
6533,16066,0,0,0
6533,16067,0,0,0
6533,16068,0,0,0
6533,16069,0,0,0
6533,16070,0,0,0
6533,16071,0,0,0
6533,16072,0,0,0
6533,16073,0,0,0
6533,16074,0,0,0
6533,16075,0,0,0
6533,16076,0,0,0
6533,16077,0,0,0
6534,1001,0,0,0
6534,1002,10,0,10
6534,1003,0,0,0
6534,1004,13,0,13
6534,1051,0,0,0
6534,1053,0,0,0
6534,1054,0,0,0
6534,1055,0,0,0
6534,1056,0,0,0
6534,1057,0,0,0
6534,1058,0,0,0
6534,1059,0,0,0
6534,1060,0,0,0
6534,1061,0,0,0
6534,1062,0,0,0
6534,2000,198,43,155
6534,3101,11,11,0
6534,3102,0,0,0
6534,3103,17,0,17
6534,3151,0,0,0
6534,3153,0,0,0
6534,3154,0,0,0
6534,3155,0,0,0
6534,3157,0,0,0
6534,3158,0,0,0
6534,3159,77,41,36
6534,3241,128,44,84
6534,3251,10,0,10
6534,3252,0,0,0
6534,3254,28,16,12
6534,3255,0,0,0
6534,3256,0,0,0
6534,3257,0,0,0
6534,3351,0,0,0
6534,3352,0,0,0
6534,3353,0,0,0
6534,3354,0,0,0
6534,3355,11,11,0
6534,3356,0,0,0
6534,3357,0,0,0
6534,3358,11,11,0
6534,3359,0,0,0
6534,3360,0,0,0
6534,3361,0,0,0
6534,3401,0,0,0
6534,3402,0,0,0
6534,3403,10,0,10
6534,3404,42,0,42
6534,3405,0,0,0
6534,3451,0,0,0
6534,3452,0,0,0
6534,3453,0,0,0
6534,3454,18,0,18
6534,3455,0,0,0
6534,3456,0,0,0
6534,3457,0,0,0
6534,3458,0,0,0
6534,3459,15,15,0
6534,3460,0,0,0
6534,3461,0,0,0
6534,3462,0,0,0
6534,4011,36,15,21
6534,4012,0,0,0
6534,5111,146,61,85
6534,5112,19,19,0
6534,5113,54,30,24
6534,5114,10,0,10
6534,5116,0,0,0
6534,5117,0,0,0
6534,5119,12,0,12
6534,5120,0,0,0
6534,5122,0,0,0
6534,5124,39,15,24
6534,5154,14,14,0
6534,5158,64,27,37
6534,5162,25,11,14
6534,5166,0,0,0
6534,5170,13,0,13
6534,5314,95,31,64
6534,5315,261,91,170
6534,5316,0,0,0
6534,5334,57,16,41
6534,5358,68,14,54
6534,5362,67,15,52
6534,5366,0,0,0
6534,5370,0,0,0
6534,5374,47,13,34
6534,5378,54,13,41
6534,5382,80,48,32
6534,5512,0,0,0
6534,5513,12,12,0
6534,5515,69,40,29
6534,5554,14,14,0
6534,5558,0,0,0
6534,5562,70,55,15
6534,5566,12,12,0
6534,5570,17,17,0
6534,5711,36,18,18
6534,5754,31,16,15
6534,5758,13,0,13
6534,5762,11,11,0
6534,5766,27,10,17
6534,5770,0,0,0
6534,5774,45,28,17
6534,5911,112,90,22
6534,5913,87,40,47
6534,5914,14,0,14
6534,5915,0,0,0
6534,5916,30,30,0
6534,5954,54,13,41
6534,5958,243,153,90
6534,5962,47,26,21
6534,5966,49,20,29
6534,5970,2751,1632,1119
6534,5974,14,0,14
6534,5978,32,12,20
6534,6411,180,71,109
6534,6412,2734,634,2100
6534,6413,134,58,76
6534,6414,269,104,165
6534,6431,60,29,31
6534,6432,116,59,57
6534,6433,120,41,79
6534,6434,336,78,258
6534,6435,247,125,122
6534,6436,368,89,279
6534,6437,0,0,0
6534,6438,230,73,157
6534,6439,73,29,44
6534,6440,751,337,414
6534,6531,9355,3655,5700
6534,6532,6087,2378,3709
6534,6533,214,124,90
6534,6534,0,0,0
6534,6535,3107,2070,1037
6534,6611,598,150,448
6534,6631,290,153,137
6534,6632,162,90,72
6534,6633,286,127,159
6534,6634,4085,3064,1021
6534,6635,4251,2278,1973
6534,6636,40,40,0
6534,7111,24,0,24
6534,7131,0,0,0
6534,7132,38,24,14
6534,7133,42,42,0
6534,7134,0,0,0
6534,7135,0,0,0
6534,7137,160,10,150
6534,7138,15,0,15
6534,7140,0,0,0
6534,7141,30,17,13
6534,7143,101,53,48
6534,7211,0,0,0
6534,7231,0,0,0
6534,7232,0,0,0
6534,7233,0,0,0
6534,7235,0,0,0
6534,7311,0,0,0
6534,7312,0,0,0
6534,7313,0,0,0
6534,7314,32,14,18
6534,7315,259,183,76
6534,7316,0,0,0
6534,7317,0,0,0
6534,7318,0,0,0
6534,7319,0,0,0
6534,7320,0,0,0
6534,7331,45,45,0
6534,7332,21,21,0
6534,7333,0,0,0
6534,7334,0,0,0
6534,7335,0,0,0
6534,7336,14,14,0
6534,7337,24,12,12
6534,7338,0,0,0
6534,7339,77,58,19
6534,7340,0,0,0
6534,8111,103,13,90
6534,8115,29,13,16
6534,8116,39,12,27
6534,8117,0,0,0
6534,8118,28,0,28
6534,8119,16,16,0
6534,8121,0,0,0
6534,8125,15,0,15
6534,8126,15,0,15
6534,8127,12,0,12
6534,8128,10,0,10
6534,8135,0,0,0
6534,8136,12,0,12
6534,8211,0,0,0
6534,8212,61,27,34
6534,8215,53,23,30
6534,8216,0,0,0
6534,8221,56,18,38
6534,8222,55,16,39
6534,8225,0,0,0
6534,8226,77,36,41
6534,8231,20,0,20
6534,8235,0,0,0
6534,8236,0,0,0
6534,8237,0,0,0
6534,8311,25,0,25
6534,8315,16,0,16
6534,8316,0,0,0
6534,8317,15,0,15
6534,8325,0,0,0
6534,8326,0,0,0
6534,8327,0,0,0
6534,8335,15,0,15
6534,8336,10,0,10
6534,8337,0,0,0
6534,8415,12,0,12
6534,8416,13,13,0
6534,8417,0,0,0
6534,8421,16,0,16
6534,8425,0,0,0
6534,8426,0,0,0
6534,8435,0,0,0
6534,8436,0,0,0
6534,8437,0,0,0
6534,9161,0,0,0
6534,9162,240,81,159
6534,9163,0,0,0
6534,9171,0,0,0
6534,9172,0,0,0
6534,9173,0,0,0
6534,9174,0,0,0
6534,9175,0,0,0
6534,9176,0,0,0
6534,9177,0,0,0
6534,9178,11,0,11
6534,9179,13,13,0
6534,9180,0,0,0
6534,9181,0,0,0
6534,9182,0,0,0
6534,9183,0,0,0
6534,9184,70,19,51
6534,9185,0,0,0
6534,9186,0,0,0
6534,9187,0,0,0
6534,9188,0,0,0
6534,9189,0,0,0
6534,9190,0,0,0
6534,9261,0,0,0
6534,9262,0,0,0
6534,9263,0,0,0
6534,9271,0,0,0
6534,9272,0,0,0
6534,9273,0,0,0
6534,9274,0,0,0
6534,9275,0,0,0
6534,9276,0,0,0
6534,9277,0,0,0
6534,9278,0,0,0
6534,9279,0,0,0
6534,9361,0,0,0
6534,9362,11,0,11
6534,9363,0,0,0
6534,9371,0,0,0
6534,9372,0,0,0
6534,9373,0,0,0
6534,9374,0,0,0
6534,9375,0,0,0
6534,9376,0,0,0
6534,9377,0,0,0
6534,9461,0,0,0
6534,9462,0,0,0
6534,9463,0,0,0
6534,9464,0,0,0
6534,9471,0,0,0
6534,9472,0,0,0
6534,9473,0,0,0
6534,9474,0,0,0
6534,9475,17,0,17
6534,9476,0,0,0
6534,9477,0,0,0
6534,9478,0,0,0
6534,9479,0,0,0
6534,9561,0,0,0
6534,9562,35,0,35
6534,9563,0,0,0
6534,9564,66,25,41
6534,9565,0,0,0
6534,9571,0,0,0
6534,9572,0,0,0
6534,9573,0,0,0
6534,9574,0,0,0
6534,9575,0,0,0
6534,9576,0,0,0
6534,9577,11,11,0
6534,9661,22,0,22
6534,9662,0,0,0
6534,9663,25,10,15
6534,9671,47,18,29
6534,9672,35,35,0
6534,9673,12,0,12
6534,9674,0,0,0
6534,9675,0,0,0
6534,9676,0,0,0
6534,9677,15,15,0
6534,9678,0,0,0
6534,9679,10,10,0
6534,9761,13,13,0
6534,9762,0,0,0
6534,9763,0,0,0
6534,9764,0,0,0
6534,9771,0,0,0
6534,9772,11,0,11
6534,9773,0,0,0
6534,9774,12,12,0
6534,9775,0,0,0
6534,9776,12,0,12
6534,9777,0,0,0
6534,9778,0,0,0
6534,9779,0,0,0
6534,9780,0,0,0
6534,10041,13,13,0
6534,10042,0,0,0
6534,10043,0,0,0
6534,10044,0,0,0
6534,10045,0,0,0
6534,10046,0,0,0
6534,11000,489,144,345
6534,12051,0,0,0
6534,12052,0,0,0
6534,12053,0,0,0
6534,12054,13,0,13
6534,12060,0,0,0
6534,12061,0,0,0
6534,12062,0,0,0
6534,12063,0,0,0
6534,12064,0,0,0
6534,12065,0,0,0
6534,12066,0,0,0
6534,12067,0,0,0
6534,12068,0,0,0
6534,12069,0,0,0
6534,12070,0,0,0
6534,12071,0,0,0
6534,12072,0,0,0
6534,12073,0,0,0
6534,13003,0,0,0
6534,13004,0,0,0
6534,13071,10,10,0
6534,13072,0,0,0
6534,13073,0,0,0
6534,13074,0,0,0
6534,13075,0,0,0
6534,13076,0,0,0
6534,14511,20,10,10
6534,14521,17,17,0
6534,14522,0,0,0
6534,14523,0,0,0
6534,14524,0,0,0
6534,14612,28,14,14
6534,14625,0,0,0
6534,14626,0,0,0
6534,14627,0,0,0
6534,14628,0,0,0
6534,14713,46,25,21
6534,14729,0,0,0
6534,14730,0,0,0
6534,15001,0,0,0
6534,15002,0,0,0
6534,15003,0,0,0
6534,15081,0,0,0
6534,15082,0,0,0
6534,15083,0,0,0
6534,15084,0,0,0
6534,15085,13,0,13
6534,15086,0,0,0
6534,15087,0,0,0
6534,15088,0,0,0
6534,15089,0,0,0
6534,15090,0,0,0
6534,15091,0,0,0
6534,16051,25,12,13
6534,16052,0,0,0
6534,16053,10,0,10
6534,16054,0,0,0
6534,16055,0,0,0
6534,16056,0,0,0
6534,16061,14,14,0
6534,16062,0,0,0
6534,16063,25,12,13
6534,16064,11,11,0
6534,16065,0,0,0
6534,16066,11,0,11
6534,16067,14,14,0
6534,16068,0,0,0
6534,16069,0,0,0
6534,16070,0,0,0
6534,16071,0,0,0
6534,16072,0,0,0
6534,16073,0,0,0
6534,16074,0,0,0
6534,16075,0,0,0
6534,16076,0,0,0
6534,16077,0,0,0
6535,1001,0,0,0
6535,1002,0,0,0
6535,1003,0,0,0
6535,1004,0,0,0
6535,1051,0,0,0
6535,1053,0,0,0
6535,1054,0,0,0
6535,1055,0,0,0
6535,1056,0,0,0
6535,1057,0,0,0
6535,1058,0,0,0
6535,1059,0,0,0
6535,1060,0,0,0
6535,1061,0,0,0
6535,1062,0,0,0
6535,2000,62,11,51
6535,3101,0,0,0
6535,3102,0,0,0
6535,3103,0,0,0
6535,3151,0,0,0
6535,3153,0,0,0
6535,3154,0,0,0
6535,3155,0,0,0
6535,3157,0,0,0
6535,3158,0,0,0
6535,3159,41,17,24
6535,3241,32,0,32
6535,3251,0,0,0
6535,3252,0,0,0
6535,3254,0,0,0
6535,3255,0,0,0
6535,3256,0,0,0
6535,3257,0,0,0
6535,3351,0,0,0
6535,3352,0,0,0
6535,3353,0,0,0
6535,3354,0,0,0
6535,3355,0,0,0
6535,3356,0,0,0
6535,3357,0,0,0
6535,3358,0,0,0
6535,3359,0,0,0
6535,3360,0,0,0
6535,3361,0,0,0
6535,3401,0,0,0
6535,3402,0,0,0
6535,3403,0,0,0
6535,3404,0,0,0
6535,3405,0,0,0
6535,3451,0,0,0
6535,3452,0,0,0
6535,3453,0,0,0
6535,3454,0,0,0
6535,3455,0,0,0
6535,3456,0,0,0
6535,3457,0,0,0
6535,3458,0,0,0
6535,3459,0,0,0
6535,3460,0,0,0
6535,3461,0,0,0
6535,3462,0,0,0
6535,4011,0,0,0
6535,4012,0,0,0
6535,5111,31,13,18
6535,5112,10,0,10
6535,5113,37,0,37
6535,5114,0,0,0
6535,5116,0,0,0
6535,5117,0,0,0
6535,5119,0,0,0
6535,5120,0,0,0
6535,5122,0,0,0
6535,5124,0,0,0
6535,5154,0,0,0
6535,5158,16,0,16
6535,5162,0,0,0
6535,5166,0,0,0
6535,5170,0,0,0
6535,5314,23,0,23
6535,5315,62,0,62
6535,5316,0,0,0
6535,5334,12,0,12
6535,5358,0,0,0
6535,5362,0,0,0
6535,5366,0,0,0
6535,5370,0,0,0
6535,5374,15,0,15
6535,5378,0,0,0
6535,5382,11,0,11
6535,5512,0,0,0
6535,5513,0,0,0
6535,5515,10,0,10
6535,5554,12,12,0
6535,5558,0,0,0
6535,5562,0,0,0
6535,5566,0,0,0
6535,5570,0,0,0
6535,5711,12,0,12
6535,5754,14,0,14
6535,5758,0,0,0
6535,5762,0,0,0
6535,5766,0,0,0
6535,5770,0,0,0
6535,5774,32,0,32
6535,5911,0,0,0
6535,5913,0,0,0
6535,5914,0,0,0
6535,5915,0,0,0
6535,5916,0,0,0
6535,5954,0,0,0
6535,5958,0,0,0
6535,5962,0,0,0
6535,5966,0,0,0
6535,5970,15,0,15
6535,5974,0,0,0
6535,5978,14,0,14
6535,6411,68,19,49
6535,6412,1266,148,1118
6535,6413,102,23,79
6535,6414,74,10,64
6535,6431,11,0,11
6535,6432,69,22,47
6535,6433,82,16,66
6535,6434,179,34,145
6535,6435,1416,383,1033
6535,6436,122,26,96
6535,6437,12,12,0
6535,6438,197,45,152
6535,6439,30,13,17
6535,6440,2698,850,1848
6535,6531,5055,1500,3555
6535,6532,378,105,273
6535,6533,55,14,41
6535,6534,3107,1037,2070
6535,6535,0,0,0
6535,6611,182,26,156
6535,6631,5950,1791,4159
6535,6632,1135,491,644
6535,6633,81,36,45
6535,6634,1650,1080,570
6535,6635,105,49,56
6535,6636,88,52,36
6535,7111,0,0,0
6535,7131,0,0,0
6535,7132,0,0,0
6535,7133,0,0,0
6535,7134,0,0,0
6535,7135,0,0,0
6535,7137,0,0,0
6535,7138,0,0,0
6535,7140,0,0,0
6535,7141,0,0,0
6535,7143,0,0,0
6535,7211,0,0,0
6535,7231,0,0,0
6535,7232,0,0,0
6535,7233,0,0,0
6535,7235,0,0,0
6535,7311,0,0,0
6535,7312,0,0,0
6535,7313,0,0,0
6535,7314,0,0,0
6535,7315,34,0,34
6535,7316,0,0,0
6535,7317,0,0,0
6535,7318,0,0,0
6535,7319,0,0,0
6535,7320,0,0,0
6535,7331,0,0,0
6535,7332,0,0,0
6535,7333,0,0,0
6535,7334,0,0,0
6535,7335,0,0,0
6535,7336,0,0,0
6535,7337,0,0,0
6535,7338,0,0,0
6535,7339,0,0,0
6535,7340,0,0,0
6535,8111,19,0,19
6535,8115,12,0,12
6535,8116,12,0,12
6535,8117,0,0,0
6535,8118,14,0,14
6535,8119,0,0,0
6535,8121,0,0,0
6535,8125,0,0,0
6535,8126,16,0,16
6535,8127,0,0,0
6535,8128,0,0,0
6535,8135,0,0,0
6535,8136,23,0,23
6535,8211,0,0,0
6535,8212,0,0,0
6535,8215,10,10,0
6535,8216,0,0,0
6535,8221,0,0,0
6535,8222,17,0,17
6535,8225,0,0,0
6535,8226,15,0,15
6535,8231,0,0,0
6535,8235,0,0,0
6535,8236,0,0,0
6535,8237,0,0,0
6535,8311,0,0,0
6535,8315,0,0,0
6535,8316,0,0,0
6535,8317,0,0,0
6535,8325,0,0,0
6535,8326,10,0,10
6535,8327,0,0,0
6535,8335,0,0,0
6535,8336,0,0,0
6535,8337,0,0,0
6535,8415,10,0,10
6535,8416,0,0,0
6535,8417,0,0,0
6535,8421,0,0,0
6535,8425,0,0,0
6535,8426,0,0,0
6535,8435,0,0,0
6535,8436,0,0,0
6535,8437,0,0,0
6535,9161,0,0,0
6535,9162,70,23,47
6535,9163,0,0,0
6535,9171,0,0,0
6535,9172,0,0,0
6535,9173,0,0,0
6535,9174,0,0,0
6535,9175,0,0,0
6535,9176,0,0,0
6535,9177,0,0,0
6535,9178,0,0,0
6535,9179,0,0,0
6535,9180,0,0,0
6535,9181,0,0,0
6535,9182,0,0,0
6535,9183,0,0,0
6535,9184,20,0,20
6535,9185,0,0,0
6535,9186,0,0,0
6535,9187,0,0,0
6535,9188,0,0,0
6535,9189,0,0,0
6535,9190,0,0,0
6535,9261,0,0,0
6535,9262,0,0,0
6535,9263,0,0,0
6535,9271,0,0,0
6535,9272,0,0,0
6535,9273,0,0,0
6535,9274,0,0,0
6535,9275,0,0,0
6535,9276,0,0,0
6535,9277,0,0,0
6535,9278,0,0,0
6535,9279,0,0,0
6535,9361,0,0,0
6535,9362,0,0,0
6535,9363,0,0,0
6535,9371,0,0,0
6535,9372,0,0,0
6535,9373,0,0,0
6535,9374,0,0,0
6535,9375,0,0,0
6535,9376,0,0,0
6535,9377,0,0,0
6535,9461,0,0,0
6535,9462,0,0,0
6535,9463,0,0,0
6535,9464,0,0,0
6535,9471,0,0,0
6535,9472,0,0,0
6535,9473,0,0,0
6535,9474,0,0,0
6535,9475,0,0,0
6535,9476,0,0,0
6535,9477,0,0,0
6535,9478,0,0,0
6535,9479,0,0,0
6535,9561,0,0,0
6535,9562,0,0,0
6535,9563,0,0,0
6535,9564,18,0,18
6535,9565,0,0,0
6535,9571,0,0,0
6535,9572,0,0,0
6535,9573,0,0,0
6535,9574,0,0,0
6535,9575,0,0,0
6535,9576,0,0,0
6535,9577,0,0,0
6535,9661,22,0,22
6535,9662,0,0,0
6535,9663,27,0,27
6535,9671,52,18,34
6535,9672,41,12,29
6535,9673,0,0,0
6535,9674,0,0,0
6535,9675,0,0,0
6535,9676,13,0,13
6535,9677,26,0,26
6535,9678,0,0,0
6535,9679,0,0,0
6535,9761,0,0,0
6535,9762,0,0,0
6535,9763,0,0,0
6535,9764,0,0,0
6535,9771,0,0,0
6535,9772,0,0,0
6535,9773,0,0,0
6535,9774,0,0,0
6535,9775,0,0,0
6535,9776,0,0,0
6535,9777,0,0,0
6535,9778,0,0,0
6535,9779,0,0,0
6535,9780,0,0,0
6535,10041,0,0,0
6535,10042,0,0,0
6535,10043,0,0,0
6535,10044,0,0,0
6535,10045,0,0,0
6535,10046,0,0,0
6535,11000,133,27,106
6535,12051,0,0,0
6535,12052,0,0,0
6535,12053,0,0,0
6535,12054,0,0,0
6535,12060,0,0,0
6535,12061,0,0,0
6535,12062,0,0,0
6535,12063,0,0,0
6535,12064,0,0,0
6535,12065,0,0,0
6535,12066,0,0,0
6535,12067,0,0,0
6535,12068,0,0,0
6535,12069,0,0,0
6535,12070,0,0,0
6535,12071,0,0,0
6535,12072,0,0,0
6535,12073,0,0,0
6535,13003,0,0,0
6535,13004,0,0,0
6535,13071,0,0,0
6535,13072,0,0,0
6535,13073,0,0,0
6535,13074,0,0,0
6535,13075,0,0,0
6535,13076,0,0,0
6535,14511,0,0,0
6535,14521,0,0,0
6535,14522,0,0,0
6535,14523,0,0,0
6535,14524,0,0,0
6535,14612,0,0,0
6535,14625,0,0,0
6535,14626,0,0,0
6535,14627,0,0,0
6535,14628,0,0,0
6535,14713,0,0,0
6535,14729,0,0,0
6535,14730,0,0,0
6535,15001,0,0,0
6535,15002,0,0,0
6535,15003,0,0,0
6535,15081,0,0,0
6535,15082,0,0,0
6535,15083,0,0,0
6535,15084,0,0,0
6535,15085,0,0,0
6535,15086,0,0,0
6535,15087,0,0,0
6535,15088,0,0,0
6535,15089,0,0,0
6535,15090,0,0,0
6535,15091,0,0,0
6535,16051,11,11,0
6535,16052,0,0,0
6535,16053,0,0,0
6535,16054,0,0,0
6535,16055,0,0,0
6535,16056,11,11,0
6535,16061,18,18,0
6535,16062,0,0,0
6535,16063,84,59,25
6535,16064,39,27,12
6535,16065,0,0,0
6535,16066,42,23,19
6535,16067,0,0,0
6535,16068,0,0,0
6535,16069,0,0,0
6535,16070,0,0,0
6535,16071,0,0,0
6535,16072,0,0,0
6535,16073,0,0,0
6535,16074,0,0,0
6535,16075,0,0,0
6535,16076,0,0,0
6535,16077,0,0,0
6611,1001,0,0,0
6611,1002,44,12,32
6611,1003,0,0,0
6611,1004,0,0,0
6611,1051,0,0,0
6611,1053,12,12,0
6611,1054,0,0,0
6611,1055,10,10,0
6611,1056,24,0,24
6611,1057,10,10,0
6611,1058,0,0,0
6611,1059,12,0,12
6611,1060,29,0,29
6611,1061,0,0,0
6611,1062,23,13,10
6611,2000,336,138,198
6611,3101,132,38,94
6611,3102,25,13,12
6611,3103,100,0,100
6611,3151,26,11,15
6611,3153,61,51,10
6611,3154,0,0,0
6611,3155,418,334,84
6611,3157,0,0,0
6611,3158,10,10,0
6611,3159,5140,3571,1569
6611,3241,618,253,365
6611,3251,46,25,21
6611,3252,19,19,0
6611,3254,92,50,42
6611,3255,49,33,16
6611,3256,16,16,0
6611,3257,15,15,0
6611,3351,45,31,14
6611,3352,0,0,0
6611,3353,0,0,0
6611,3354,0,0,0
6611,3355,32,20,12
6611,3356,0,0,0
6611,3357,0,0,0
6611,3358,15,15,0
6611,3359,0,0,0
6611,3360,0,0,0
6611,3361,22,11,11
6611,3401,0,0,0
6611,3402,0,0,0
6611,3403,11,11,0
6611,3404,27,10,17
6611,3405,0,0,0
6611,3451,0,0,0
6611,3452,0,0,0
6611,3453,0,0,0
6611,3454,15,15,0
6611,3455,0,0,0
6611,3456,0,0,0
6611,3457,41,41,0
6611,3458,0,0,0
6611,3459,31,19,12
6611,3460,17,17,0
6611,3461,16,0,16
6611,3462,0,0,0
6611,4011,87,52,35
6611,4012,0,0,0
6611,5111,180,47,133
6611,5112,71,18,53
6611,5113,84,48,36
6611,5114,37,25,12
6611,5116,11,11,0
6611,5117,11,11,0
6611,5119,25,0,25
6611,5120,0,0,0
6611,5122,0,0,0
6611,5124,33,22,11
6611,5154,31,20,11
6611,5158,75,27,48
6611,5162,46,26,20
6611,5166,33,17,16
6611,5170,36,21,15
6611,5314,62,28,34
6611,5315,259,91,168
6611,5316,11,0,11
6611,5334,48,26,22
6611,5358,0,0,0
6611,5362,58,26,32
6611,5366,0,0,0
6611,5370,12,12,0
6611,5374,40,11,29
6611,5378,28,12,16
6611,5382,67,37,30
6611,5512,0,0,0
6611,5513,15,15,0
6611,5515,53,26,27
6611,5554,0,0,0
6611,5558,13,13,0
6611,5562,21,21,0
6611,5566,23,23,0
6611,5570,20,20,0
6611,5711,92,35,57
6611,5754,84,26,58
6611,5758,44,26,18
6611,5762,872,679,193
6611,5766,76,41,35
6611,5770,34,17,17
6611,5774,263,135,128
6611,5911,39,18,21
6611,5913,121,80,41
6611,5914,17,17,0
6611,5915,22,10,12
6611,5916,0,0,0
6611,5954,17,17,0
6611,5958,173,111,62
6611,5962,31,21,10
6611,5966,0,0,0
6611,5970,62,22,40
6611,5974,75,49,26
6611,5978,43,29,14
6611,6411,114,74,40
6611,6412,964,244,720
6611,6413,72,20,52
6611,6414,164,91,73
6611,6431,63,50,13
6611,6432,102,73,29
6611,6433,168,134,34
6611,6434,142,65,77
6611,6435,229,164,65
6611,6436,126,65,61
6611,6437,11,11,0
6611,6438,101,57,44
6611,6439,132,116,16
6611,6440,133,87,46
6611,6531,403,287,116
6611,6532,201,164,37
6611,6533,151,137,14
6611,6534,598,448,150
6611,6535,182,156,26
6611,6611,0,0,0
6611,6631,741,522,219
6611,6632,1362,1088,274
6611,6633,49429,35462,13967
6611,6634,11656,8982,2674
6611,6635,2616,1940,676
6611,6636,3901,3444,457
6611,7111,21,11,10
6611,7131,0,0,0
6611,7132,0,0,0
6611,7133,18,18,0
6611,7134,0,0,0
6611,7135,0,0,0
6611,7137,0,0,0
6611,7138,0,0,0
6611,7140,0,0,0
6611,7141,37,37,0
6611,7143,38,38,0
6611,7211,0,0,0
6611,7231,0,0,0
6611,7232,0,0,0
6611,7233,0,0,0
6611,7235,0,0,0
6611,7311,0,0,0
6611,7312,0,0,0
6611,7313,0,0,0
6611,7314,72,16,56
6611,7315,84,48,36
6611,7316,0,0,0
6611,7317,0,0,0
6611,7318,0,0,0
6611,7319,17,17,0
6611,7320,0,0,0
6611,7331,22,22,0
6611,7332,14,14,0
6611,7333,0,0,0
6611,7334,34,34,0
6611,7335,0,0,0
6611,7336,0,0,0
6611,7337,0,0,0
6611,7338,24,24,0
6611,7339,64,30,34
6611,7340,0,0,0
6611,8111,108,28,80
6611,8115,34,17,17
6611,8116,41,12,29
6611,8117,24,24,0
6611,8118,34,13,21
6611,8119,29,13,16
6611,8121,0,0,0
6611,8125,14,0,14
6611,8126,16,0,16
6611,8127,0,0,0
6611,8128,0,0,0
6611,8135,0,0,0
6611,8136,0,0,0
6611,8211,0,0,0
6611,8212,61,34,27
6611,8215,39,26,13
6611,8216,0,0,0
6611,8221,32,18,14
6611,8222,83,39,44
6611,8225,0,0,0
6611,8226,70,31,39
6611,8231,0,0,0
6611,8235,0,0,0
6611,8236,11,11,0
6611,8237,0,0,0
6611,8311,32,15,17
6611,8315,0,0,0
6611,8316,0,0,0
6611,8317,28,13,15
6611,8325,0,0,0
6611,8326,0,0,0
6611,8327,0,0,0
6611,8335,0,0,0
6611,8336,26,11,15
6611,8337,0,0,0
6611,8415,0,0,0
6611,8416,0,0,0
6611,8417,0,0,0
6611,8421,18,0,18
6611,8425,0,0,0
6611,8426,0,0,0
6611,8435,0,0,0
6611,8436,0,0,0
6611,8437,0,0,0
6611,9161,13,0,13
6611,9162,275,103,172
6611,9163,0,0,0
6611,9171,0,0,0
6611,9172,0,0,0
6611,9173,0,0,0
6611,9174,0,0,0
6611,9175,10,10,0
6611,9176,0,0,0
6611,9177,0,0,0
6611,9178,0,0,0
6611,9179,17,17,0
6611,9180,0,0,0
6611,9181,0,0,0
6611,9182,0,0,0
6611,9183,0,0,0
6611,9184,72,26,46
6611,9185,0,0,0
6611,9186,0,0,0
6611,9187,0,0,0
6611,9188,0,0,0
6611,9189,0,0,0
6611,9190,0,0,0
6611,9261,0,0,0
6611,9262,0,0,0
6611,9263,0,0,0
6611,9271,0,0,0
6611,9272,0,0,0
6611,9273,0,0,0
6611,9274,0,0,0
6611,9275,0,0,0
6611,9276,0,0,0
6611,9277,0,0,0
6611,9278,0,0,0
6611,9279,0,0,0
6611,9361,0,0,0
6611,9362,0,0,0
6611,9363,0,0,0
6611,9371,0,0,0
6611,9372,0,0,0
6611,9373,0,0,0
6611,9374,0,0,0
6611,9375,0,0,0
6611,9376,0,0,0
6611,9377,0,0,0
6611,9461,0,0,0
6611,9462,0,0,0
6611,9463,0,0,0
6611,9464,0,0,0
6611,9471,0,0,0
6611,9472,0,0,0
6611,9473,0,0,0
6611,9474,0,0,0
6611,9475,0,0,0
6611,9476,0,0,0
6611,9477,0,0,0
6611,9478,0,0,0
6611,9479,0,0,0
6611,9561,0,0,0
6611,9562,36,12,24
6611,9563,17,17,0
6611,9564,102,28,74
6611,9565,30,0,30
6611,9571,0,0,0
6611,9572,0,0,0
6611,9573,0,0,0
6611,9574,0,0,0
6611,9575,0,0,0
6611,9576,0,0,0
6611,9577,0,0,0
6611,9661,13,13,0
6611,9662,0,0,0
6611,9663,44,20,24
6611,9671,30,20,10
6611,9672,12,12,0
6611,9673,0,0,0
6611,9674,0,0,0
6611,9675,0,0,0
6611,9676,11,11,0
6611,9677,0,0,0
6611,9678,0,0,0
6611,9679,25,25,0
6611,9761,24,11,13
6611,9762,0,0,0
6611,9763,0,0,0
6611,9764,0,0,0
6611,9771,0,0,0
6611,9772,0,0,0
6611,9773,0,0,0
6611,9774,0,0,0
6611,9775,10,10,0
6611,9776,0,0,0
6611,9777,0,0,0
6611,9778,0,0,0
6611,9779,0,0,0
6611,9780,0,0,0
6611,10041,40,13,27
6611,10042,0,0,0
6611,10043,0,0,0
6611,10044,0,0,0
6611,10045,0,0,0
6611,10046,0,0,0
6611,11000,664,301,363
6611,12051,0,0,0
6611,12052,0,0,0
6611,12053,0,0,0
6611,12054,27,10,17
6611,12060,0,0,0
6611,12061,0,0,0
6611,12062,0,0,0
6611,12063,14,14,0
6611,12064,0,0,0
6611,12065,0,0,0
6611,12066,0,0,0
6611,12067,11,0,11
6611,12068,0,0,0
6611,12069,27,13,14
6611,12070,0,0,0
6611,12071,0,0,0
6611,12072,0,0,0
6611,12073,0,0,0
6611,13003,10,10,0
6611,13004,0,0,0
6611,13071,14,14,0
6611,13072,0,0,0
6611,13073,0,0,0
6611,13074,18,0,18
6611,13075,12,12,0
6611,13076,14,14,0
6611,14511,13,13,0
6611,14521,0,0,0
6611,14522,18,18,0
6611,14523,0,0,0
6611,14524,16,16,0
6611,14612,54,28,26
6611,14625,13,13,0
6611,14626,10,10,0
6611,14627,0,0,0
6611,14628,0,0,0
6611,14713,90,49,41
6611,14729,13,13,0
6611,14730,0,0,0
6611,15001,0,0,0
6611,15002,17,17,0
6611,15003,60,26,34
6611,15081,0,0,0
6611,15082,0,0,0
6611,15083,13,13,0
6611,15084,25,25,0
6611,15085,30,30,0
6611,15086,0,0,0
6611,15087,24,24,0
6611,15088,20,20,0
6611,15089,10,10,0
6611,15090,0,0,0
6611,15091,0,0,0
6611,16051,109,62,47
6611,16052,0,0,0
6611,16053,24,10,14
6611,16054,0,0,0
6611,16055,24,24,0
6611,16056,42,42,0
6611,16061,550,475,75
6611,16062,72,62,10
6611,16063,131,111,20
6611,16064,148,130,18
6611,16065,31,31,0
6611,16066,62,62,0
6611,16067,55,42,13
6611,16068,14,14,0
6611,16069,0,0,0
6611,16070,31,15,16
6611,16071,28,17,11
6611,16072,0,0,0
6611,16073,13,13,0
6611,16074,0,0,0
6611,16075,0,0,0
6611,16076,0,0,0
6611,16077,0,0,0
6631,1001,0,0,0
6631,1002,0,0,0
6631,1003,13,13,0
6631,1004,0,0,0
6631,1051,0,0,0
6631,1053,12,12,0
6631,1054,0,0,0
6631,1055,10,10,0
6631,1056,10,0,10
6631,1057,0,0,0
6631,1058,11,11,0
6631,1059,10,10,0
6631,1060,16,16,0
6631,1061,0,0,0
6631,1062,15,15,0
6631,2000,181,48,133
6631,3101,30,15,15
6631,3102,0,0,0
6631,3103,29,0,29
6631,3151,0,0,0
6631,3153,0,0,0
6631,3154,0,0,0
6631,3155,0,0,0
6631,3157,0,0,0
6631,3158,0,0,0
6631,3159,145,85,60
6631,3241,140,49,91
6631,3251,0,0,0
6631,3252,11,11,0
6631,3254,20,20,0
6631,3255,11,0,11
6631,3256,0,0,0
6631,3257,0,0,0
6631,3351,15,15,0
6631,3352,0,0,0
6631,3353,14,14,0
6631,3354,0,0,0
6631,3355,0,0,0
6631,3356,0,0,0
6631,3357,0,0,0
6631,3358,14,14,0
6631,3359,0,0,0
6631,3360,0,0,0
6631,3361,0,0,0
6631,3401,0,0,0
6631,3402,0,0,0
6631,3403,10,0,10
6631,3404,0,0,0
6631,3405,0,0,0
6631,3451,0,0,0
6631,3452,0,0,0
6631,3453,10,10,0
6631,3454,29,19,10
6631,3455,0,0,0
6631,3456,0,0,0
6631,3457,0,0,0
6631,3458,0,0,0
6631,3459,18,18,0
6631,3460,0,0,0
6631,3461,0,0,0
6631,3462,0,0,0
6631,4011,28,14,14
6631,4012,0,0,0
6631,5111,86,22,64
6631,5112,10,0,10
6631,5113,55,20,35
6631,5114,15,0,15
6631,5116,0,0,0
6631,5117,0,0,0
6631,5119,0,0,0
6631,5120,0,0,0
6631,5122,0,0,0
6631,5124,0,0,0
6631,5154,0,0,0
6631,5158,55,17,38
6631,5162,31,11,20
6631,5166,15,0,15
6631,5170,26,15,11
6631,5314,160,0,160
6631,5315,199,36,163
6631,5316,0,0,0
6631,5334,34,17,17
6631,5358,26,0,26
6631,5362,29,11,18
6631,5366,11,11,0
6631,5370,0,0,0
6631,5374,29,17,12
6631,5378,0,0,0
6631,5382,47,19,28
6631,5512,0,0,0
6631,5513,36,25,11
6631,5515,31,11,20
6631,5554,11,11,0
6631,5558,12,12,0
6631,5562,31,31,0
6631,5566,17,17,0
6631,5570,10,0,10
6631,5711,43,20,23
6631,5754,41,12,29
6631,5758,24,13,11
6631,5762,17,17,0
6631,5766,32,20,12
6631,5770,34,14,20
6631,5774,86,14,72
6631,5911,28,28,0
6631,5913,53,29,24
6631,5914,11,11,0
6631,5915,0,0,0
6631,5916,0,0,0
6631,5954,22,22,0
6631,5958,30,16,14
6631,5962,30,15,15
6631,5966,0,0,0
6631,5970,27,17,10
6631,5974,23,12,11
6631,5978,62,13,49
6631,6411,171,29,142
6631,6412,2419,189,2230
6631,6413,224,63,161
6631,6414,282,41,241
6631,6431,56,28,28
6631,6432,131,61,70
6631,6433,182,34,148
6631,6434,191,54,137
6631,6435,5229,2540,2689
6631,6436,198,46,152
6631,6437,58,0,58
6631,6438,315,107,208
6631,6439,46,31,15
6631,6440,285,159,126
6631,6531,323,121,202
6631,6532,85,36,49
6631,6533,35,18,17
6631,6534,290,137,153
6631,6535,5950,4159,1791
6631,6611,741,219,522
6631,6631,0,0,0
6631,6632,4449,2535,1914
6631,6633,185,131,54
6631,6634,463,280,183
6631,6635,67,42,25
6631,6636,130,98,32
6631,7111,15,0,15
6631,7131,0,0,0
6631,7132,0,0,0
6631,7133,11,11,0
6631,7134,0,0,0
6631,7135,0,0,0
6631,7137,0,0,0
6631,7138,0,0,0
6631,7140,0,0,0
6631,7141,20,20,0
6631,7143,26,15,11
6631,7211,0,0,0
6631,7231,10,0,10
6631,7232,0,0,0
6631,7233,0,0,0
6631,7235,0,0,0
6631,7311,0,0,0
6631,7312,0,0,0
6631,7313,0,0,0
6631,7314,30,11,19
6631,7315,81,16,65
6631,7316,0,0,0
6631,7317,0,0,0
6631,7318,0,0,0
6631,7319,11,11,0
6631,7320,0,0,0
6631,7331,32,16,16
6631,7332,0,0,0
6631,7333,0,0,0
6631,7334,0,0,0
6631,7335,13,0,13
6631,7336,0,0,0
6631,7337,0,0,0
6631,7338,12,12,0
6631,7339,44,19,25
6631,7340,0,0,0
6631,8111,105,24,81
6631,8115,42,16,26
6631,8116,57,24,33
6631,8117,15,15,0
6631,8118,66,23,43
6631,8119,31,19,12
6631,8121,20,0,20
6631,8125,31,16,15
6631,8126,17,0,17
6631,8127,17,0,17
6631,8128,45,16,29
6631,8135,11,11,0
6631,8136,25,13,12
6631,8211,0,0,0
6631,8212,38,11,27
6631,8215,216,16,200
6631,8216,10,10,0
6631,8221,31,11,20
6631,8222,82,25,57
6631,8225,23,23,0
6631,8226,68,35,33
6631,8231,0,0,0
6631,8235,0,0,0
6631,8236,0,0,0
6631,8237,0,0,0
6631,8311,14,0,14
6631,8315,11,0,11
6631,8316,0,0,0
6631,8317,23,0,23
6631,8325,0,0,0
6631,8326,80,0,80
6631,8327,0,0,0
6631,8335,10,0,10
6631,8336,11,0,11
6631,8337,0,0,0
6631,8415,10,10,0
6631,8416,13,13,0
6631,8417,0,0,0
6631,8421,17,0,17
6631,8425,0,0,0
6631,8426,34,14,20
6631,8435,13,13,0
6631,8436,18,18,0
6631,8437,0,0,0
6631,9161,42,11,31
6631,9162,208,46,162
6631,9163,0,0,0
6631,9171,0,0,0
6631,9172,0,0,0
6631,9173,0,0,0
6631,9174,0,0,0
6631,9175,0,0,0
6631,9176,0,0,0
6631,9177,0,0,0
6631,9178,25,11,14
6631,9179,0,0,0
6631,9180,0,0,0
6631,9181,0,0,0
6631,9182,0,0,0
6631,9183,0,0,0
6631,9184,68,0,68
6631,9185,10,10,0
6631,9186,37,26,11
6631,9187,11,11,0
6631,9188,0,0,0
6631,9189,0,0,0
6631,9190,0,0,0
6631,9261,0,0,0
6631,9262,0,0,0
6631,9263,0,0,0
6631,9271,0,0,0
6631,9272,0,0,0
6631,9273,0,0,0
6631,9274,0,0,0
6631,9275,15,15,0
6631,9276,0,0,0
6631,9277,0,0,0
6631,9278,0,0,0
6631,9279,20,20,0
6631,9361,0,0,0
6631,9362,10,0,10
6631,9363,0,0,0
6631,9371,0,0,0
6631,9372,0,0,0
6631,9373,0,0,0
6631,9374,0,0,0
6631,9375,0,0,0
6631,9376,10,10,0
6631,9377,0,0,0
6631,9461,29,12,17
6631,9462,0,0,0
6631,9463,11,0,11
6631,9464,0,0,0
6631,9471,36,26,10
6631,9472,0,0,0
6631,9473,12,12,0
6631,9474,14,14,0
6631,9475,15,0,15
6631,9476,0,0,0
6631,9477,10,0,10
6631,9478,0,0,0
6631,9479,0,0,0
6631,9561,0,0,0
6631,9562,21,0,21
6631,9563,0,0,0
6631,9564,131,33,98
6631,9565,0,0,0
6631,9571,14,14,0
6631,9572,0,0,0
6631,9573,0,0,0
6631,9574,0,0,0
6631,9575,0,0,0
6631,9576,0,0,0
6631,9577,0,0,0
6631,9661,55,19,36
6631,9662,93,40,53
6631,9663,205,66,139
6631,9671,119,67,52
6631,9672,1673,987,686
6631,9673,870,614,256
6631,9674,29,29,0
6631,9675,17,17,0
6631,9676,43,20,23
6631,9677,116,84,32
6631,9678,89,65,24
6631,9679,100,64,36
6631,9761,16,0,16
6631,9762,0,0,0
6631,9763,0,0,0
6631,9764,0,0,0
6631,9771,15,0,15
6631,9772,10,0,10
6631,9773,0,0,0
6631,9774,0,0,0
6631,9775,0,0,0
6631,9776,0,0,0
6631,9777,0,0,0
6631,9778,0,0,0
6631,9779,0,0,0
6631,9780,0,0,0
6631,10041,11,0,11
6631,10042,0,0,0
6631,10043,0,0,0
6631,10044,0,0,0
6631,10045,0,0,0
6631,10046,0,0,0
6631,11000,287,103,184
6631,12051,0,0,0
6631,12052,10,10,0
6631,12053,0,0,0
6631,12054,11,0,11
6631,12060,0,0,0
6631,12061,12,12,0
6631,12062,0,0,0
6631,12063,10,10,0
6631,12064,11,11,0
6631,12065,0,0,0
6631,12066,0,0,0
6631,12067,0,0,0
6631,12068,15,15,0
6631,12069,10,10,0
6631,12070,0,0,0
6631,12071,0,0,0
6631,12072,0,0,0
6631,12073,0,0,0
6631,13003,0,0,0
6631,13004,0,0,0
6631,13071,0,0,0
6631,13072,0,0,0
6631,13073,0,0,0
6631,13074,0,0,0
6631,13075,10,10,0
6631,13076,0,0,0
6631,14511,12,12,0
6631,14521,16,16,0
6631,14522,18,18,0
6631,14523,0,0,0
6631,14524,41,27,14
6631,14612,35,17,18
6631,14625,0,0,0
6631,14626,19,19,0
6631,14627,0,0,0
6631,14628,10,10,0
6631,14713,54,33,21
6631,14729,0,0,0
6631,14730,15,15,0
6631,15001,0,0,0
6631,15002,50,50,0
6631,15003,14,14,0
6631,15081,0,0,0
6631,15082,13,13,0
6631,15083,0,0,0
6631,15084,14,14,0
6631,15085,0,0,0
6631,15086,0,0,0
6631,15087,58,26,32
6631,15088,20,20,0
6631,15089,0,0,0
6631,15090,0,0,0
6631,15091,11,11,0
6631,16051,149,98,51
6631,16052,10,10,0
6631,16053,12,12,0
6631,16054,32,21,11
6631,16055,11,11,0
6631,16056,57,38,19
6631,16061,22,22,0
6631,16062,0,0,0
6631,16063,3504,3067,437
6631,16064,93,49,44
6631,16065,32,32,0
6631,16066,1508,1378,130
6631,16067,97,79,18
6631,16068,27,27,0
6631,16069,29,29,0
6631,16070,83,73,10
6631,16071,23,23,0
6631,16072,0,0,0
6631,16073,20,20,0
6631,16074,0,0,0
6631,16075,0,0,0
6631,16076,0,0,0
6631,16077,0,0,0
6632,1001,0,0,0
6632,1002,0,0,0
6632,1003,0,0,0
6632,1004,0,0,0
6632,1051,0,0,0
6632,1053,0,0,0
6632,1054,0,0,0
6632,1055,0,0,0
6632,1056,0,0,0
6632,1057,0,0,0
6632,1058,0,0,0
6632,1059,0,0,0
6632,1060,0,0,0
6632,1061,0,0,0
6632,1062,0,0,0
6632,2000,110,28,82
6632,3101,0,0,0
6632,3102,0,0,0
6632,3103,10,0,10
6632,3151,0,0,0
6632,3153,0,0,0
6632,3154,0,0,0
6632,3155,10,10,0
6632,3157,0,0,0
6632,3158,0,0,0
6632,3159,143,71,72
6632,3241,151,58,93
6632,3251,0,0,0
6632,3252,0,0,0
6632,3254,0,0,0
6632,3255,0,0,0
6632,3256,0,0,0
6632,3257,0,0,0
6632,3351,0,0,0
6632,3352,0,0,0
6632,3353,0,0,0
6632,3354,0,0,0
6632,3355,0,0,0
6632,3356,0,0,0
6632,3357,0,0,0
6632,3358,0,0,0
6632,3359,0,0,0
6632,3360,0,0,0
6632,3361,0,0,0
6632,3401,0,0,0
6632,3402,0,0,0
6632,3403,0,0,0
6632,3404,0,0,0
6632,3405,0,0,0
6632,3451,0,0,0
6632,3452,0,0,0
6632,3453,0,0,0
6632,3454,13,0,13
6632,3455,0,0,0
6632,3456,0,0,0
6632,3457,0,0,0
6632,3458,0,0,0
6632,3459,0,0,0
6632,3460,0,0,0
6632,3461,0,0,0
6632,3462,0,0,0
6632,4011,16,0,16
6632,4012,0,0,0
6632,5111,23,0,23
6632,5112,0,0,0
6632,5113,27,13,14
6632,5114,30,0,30
6632,5116,0,0,0
6632,5117,0,0,0
6632,5119,0,0,0
6632,5120,0,0,0
6632,5122,0,0,0
6632,5124,0,0,0
6632,5154,0,0,0
6632,5158,26,10,16
6632,5162,13,0,13
6632,5166,0,0,0
6632,5170,0,0,0
6632,5314,68,0,68
6632,5315,115,29,86
6632,5316,0,0,0
6632,5334,10,0,10
6632,5358,0,0,0
6632,5362,0,0,0
6632,5366,0,0,0
6632,5370,0,0,0
6632,5374,0,0,0
6632,5378,0,0,0
6632,5382,51,16,35
6632,5512,0,0,0
6632,5513,0,0,0
6632,5515,12,0,12
6632,5554,0,0,0
6632,5558,0,0,0
6632,5562,13,13,0
6632,5566,0,0,0
6632,5570,0,0,0
6632,5711,26,15,11
6632,5754,18,0,18
6632,5758,12,12,0
6632,5762,10,10,0
6632,5766,10,10,0
6632,5770,16,0,16
6632,5774,17,0,17
6632,5911,18,0,18
6632,5913,30,12,18
6632,5914,0,0,0
6632,5915,0,0,0
6632,5916,0,0,0
6632,5954,0,0,0
6632,5958,40,17,23
6632,5962,10,10,0
6632,5966,0,0,0
6632,5970,17,0,17
6632,5974,0,0,0
6632,5978,0,0,0
6632,6411,24,0,24
6632,6412,461,51,410
6632,6413,29,12,17
6632,6414,51,16,35
6632,6431,13,13,0
6632,6432,23,10,13
6632,6433,198,23,175
6632,6434,65,20,45
6632,6435,223,103,120
6632,6436,56,11,45
6632,6437,0,0,0
6632,6438,74,19,55
6632,6439,10,10,0
6632,6440,72,34,38
6632,6531,191,79,112
6632,6532,54,27,27
6632,6533,35,19,16
6632,6534,162,72,90
6632,6535,1135,644,491
6632,6611,1362,274,1088
6632,6631,4449,1914,2535
6632,6632,0,0,0
6632,6633,633,220,413
6632,6634,4255,1909,2346
6632,6635,159,78,81
6632,6636,2409,1741,668
6632,7111,0,0,0
6632,7131,0,0,0
6632,7132,0,0,0
6632,7133,0,0,0
6632,7134,0,0,0
6632,7135,0,0,0
6632,7137,0,0,0
6632,7138,0,0,0
6632,7140,0,0,0
6632,7141,0,0,0
6632,7143,11,0,11
6632,7211,0,0,0
6632,7231,0,0,0
6632,7232,0,0,0
6632,7233,0,0,0
6632,7235,0,0,0
6632,7311,0,0,0
6632,7312,0,0,0
6632,7313,0,0,0
6632,7314,20,0,20
6632,7315,14,0,14
6632,7316,0,0,0
6632,7317,0,0,0
6632,7318,0,0,0
6632,7319,0,0,0
6632,7320,0,0,0
6632,7331,0,0,0
6632,7332,0,0,0
6632,7333,0,0,0
6632,7334,0,0,0
6632,7335,0,0,0
6632,7336,0,0,0
6632,7337,0,0,0
6632,7338,0,0,0
6632,7339,0,0,0
6632,7340,0,0,0
6632,8111,39,17,22
6632,8115,10,0,10
6632,8116,25,0,25
6632,8117,0,0,0
6632,8118,27,10,17
6632,8119,0,0,0
6632,8121,0,0,0
6632,8125,15,15,0
6632,8126,0,0,0
6632,8127,0,0,0
6632,8128,0,0,0
6632,8135,0,0,0
6632,8136,0,0,0
6632,8211,0,0,0
6632,8212,10,0,10
6632,8215,0,0,0
6632,8216,0,0,0
6632,8221,26,0,26
6632,8222,35,10,25
6632,8225,0,0,0
6632,8226,31,12,19
6632,8231,0,0,0
6632,8235,0,0,0
6632,8236,0,0,0
6632,8237,0,0,0
6632,8311,0,0,0
6632,8315,0,0,0
6632,8316,0,0,0
6632,8317,13,0,13
6632,8325,0,0,0
6632,8326,14,0,14
6632,8327,0,0,0
6632,8335,0,0,0
6632,8336,0,0,0
6632,8337,0,0,0
6632,8415,0,0,0
6632,8416,0,0,0
6632,8417,0,0,0
6632,8421,0,0,0
6632,8425,0,0,0
6632,8426,0,0,0
6632,8435,0,0,0
6632,8436,12,0,12
6632,8437,0,0,0
6632,9161,0,0,0
6632,9162,116,39,77
6632,9163,0,0,0
6632,9171,0,0,0
6632,9172,0,0,0
6632,9173,0,0,0
6632,9174,0,0,0
6632,9175,0,0,0
6632,9176,0,0,0
6632,9177,0,0,0
6632,9178,0,0,0
6632,9179,0,0,0
6632,9180,0,0,0
6632,9181,0,0,0
6632,9182,0,0,0
6632,9183,0,0,0
6632,9184,28,0,28
6632,9185,0,0,0
6632,9186,0,0,0
6632,9187,0,0,0
6632,9188,0,0,0
6632,9189,0,0,0
6632,9190,0,0,0
6632,9261,0,0,0
6632,9262,0,0,0
6632,9263,0,0,0
6632,9271,0,0,0
6632,9272,0,0,0
6632,9273,0,0,0
6632,9274,0,0,0
6632,9275,0,0,0
6632,9276,0,0,0
6632,9277,0,0,0
6632,9278,0,0,0
6632,9279,0,0,0
6632,9361,0,0,0
6632,9362,0,0,0
6632,9363,0,0,0
6632,9371,0,0,0
6632,9372,0,0,0
6632,9373,0,0,0
6632,9374,0,0,0
6632,9375,0,0,0
6632,9376,0,0,0
6632,9377,0,0,0
6632,9461,17,0,17
6632,9462,0,0,0
6632,9463,0,0,0
6632,9464,0,0,0
6632,9471,16,0,16
6632,9472,0,0,0
6632,9473,0,0,0
6632,9474,0,0,0
6632,9475,0,0,0
6632,9476,0,0,0
6632,9477,0,0,0
6632,9478,0,0,0
6632,9479,0,0,0
6632,9561,0,0,0
6632,9562,0,0,0
6632,9563,0,0,0
6632,9564,54,10,44
6632,9565,0,0,0
6632,9571,0,0,0
6632,9572,0,0,0
6632,9573,0,0,0
6632,9574,0,0,0
6632,9575,0,0,0
6632,9576,0,0,0
6632,9577,0,0,0
6632,9661,0,0,0
6632,9662,0,0,0
6632,9663,15,0,15
6632,9671,0,0,0
6632,9672,36,21,15
6632,9673,14,14,0
6632,9674,0,0,0
6632,9675,0,0,0
6632,9676,0,0,0
6632,9677,0,0,0
6632,9678,0,0,0
6632,9679,12,12,0
6632,9761,10,0,10
6632,9762,0,0,0
6632,9763,0,0,0
6632,9764,0,0,0
6632,9771,0,0,0
6632,9772,0,0,0
6632,9773,0,0,0
6632,9774,0,0,0
6632,9775,0,0,0
6632,9776,0,0,0
6632,9777,0,0,0
6632,9778,0,0,0
6632,9779,0,0,0
6632,9780,0,0,0
6632,10041,0,0,0
6632,10042,0,0,0
6632,10043,0,0,0
6632,10044,0,0,0
6632,10045,0,0,0
6632,10046,0,0,0
6632,11000,249,72,177
6632,12051,0,0,0
6632,12052,0,0,0
6632,12053,0,0,0
6632,12054,0,0,0
6632,12060,10,10,0
6632,12061,0,0,0
6632,12062,0,0,0
6632,12063,0,0,0
6632,12064,10,10,0
6632,12065,0,0,0
6632,12066,0,0,0
6632,12067,0,0,0
6632,12068,0,0,0
6632,12069,0,0,0
6632,12070,0,0,0
6632,12071,10,10,0
6632,12072,0,0,0
6632,12073,13,13,0
6632,13003,0,0,0
6632,13004,0,0,0
6632,13071,0,0,0
6632,13072,18,18,0
6632,13073,0,0,0
6632,13074,0,0,0
6632,13075,0,0,0
6632,13076,0,0,0
6632,14511,0,0,0
6632,14521,12,12,0
6632,14522,12,12,0
6632,14523,26,13,13
6632,14524,13,13,0
6632,14612,23,23,0
6632,14625,18,18,0
6632,14626,15,15,0
6632,14627,12,12,0
6632,14628,22,22,0
6632,14713,39,24,15
6632,14729,15,15,0
6632,14730,12,12,0
6632,15001,0,0,0
6632,15002,13,13,0
6632,15003,14,14,0
6632,15081,0,0,0
6632,15082,0,0,0
6632,15083,14,14,0
6632,15084,22,22,0
6632,15085,0,0,0
6632,15086,0,0,0
6632,15087,78,13,65
6632,15088,16,16,0
6632,15089,0,0,0
6632,15090,0,0,0
6632,15091,0,0,0
6632,16051,205,76,129
6632,16052,14,14,0
6632,16053,12,0,12
6632,16054,0,0,0
6632,16055,19,19,0
6632,16056,607,337,270
6632,16061,76,61,15
6632,16062,11,11,0
6632,16063,5233,3680,1553
6632,16064,182,145,37
6632,16065,33,33,0
6632,16066,213,169,44
6632,16067,158,104,54
6632,16068,35,35,0
6632,16069,0,0,0
6632,16070,33,33,0
6632,16071,30,30,0
6632,16072,0,0,0
6632,16073,20,20,0
6632,16074,20,20,0
6632,16075,13,13,0
6632,16076,15,15,0
6632,16077,0,0,0
6633,1001,0,0,0
6633,1002,18,0,18
6633,1003,16,0,16
6633,1004,0,0,0
6633,1051,0,0,0
6633,1053,0,0,0
6633,1054,15,0,15
6633,1055,0,0,0
6633,1056,20,0,20
6633,1057,0,0,0
6633,1058,0,0,0
6633,1059,14,0,14
6633,1060,15,0,15
6633,1061,0,0,0
6633,1062,12,0,12
6633,2000,203,38,165
6633,3101,129,68,61
6633,3102,29,18,11
6633,3103,167,29,138
6633,3151,32,15,17
6633,3153,31,20,11
6633,3154,28,28,0
6633,3155,1126,611,515
6633,3157,17,17,0
6633,3158,18,18,0
6633,3159,4477,1911,2566
6633,3241,418,93,325
6633,3251,0,0,0
6633,3252,31,16,15
6633,3254,70,19,51
6633,3255,257,103,154
6633,3256,0,0,0
6633,3257,35,35,0
6633,3351,30,13,17
6633,3352,0,0,0
6633,3353,0,0,0
6633,3354,0,0,0
6633,3355,11,0,11
6633,3356,0,0,0
6633,3357,0,0,0
6633,3358,0,0,0
6633,3359,0,0,0
6633,3360,0,0,0
6633,3361,0,0,0
6633,3401,0,0,0
6633,3402,0,0,0
6633,3403,0,0,0
6633,3404,14,0,14
6633,3405,0,0,0
6633,3451,0,0,0
6633,3452,0,0,0
6633,3453,12,0,12
6633,3454,25,13,12
6633,3455,0,0,0
6633,3456,0,0,0
6633,3457,0,0,0
6633,3458,0,0,0
6633,3459,18,0,18
6633,3460,10,0,10
6633,3461,17,0,17
6633,3462,0,0,0
6633,4011,55,14,41
6633,4012,0,0,0
6633,5111,99,0,99
6633,5112,61,0,61
6633,5113,53,0,53
6633,5114,0,0,0
6633,5116,10,0,10
6633,5117,0,0,0
6633,5119,19,0,19
6633,5120,0,0,0
6633,5122,0,0,0
6633,5124,15,0,15
6633,5154,0,0,0
6633,5158,55,0,55
6633,5162,11,0,11
6633,5166,13,0,13
6633,5170,22,0,22
6633,5314,34,0,34
6633,5315,113,22,91
6633,5316,0,0,0
6633,5334,32,15,17
6633,5358,0,0,0
6633,5362,32,0,32
6633,5366,0,0,0
6633,5370,0,0,0
6633,5374,13,0,13
6633,5378,0,0,0
6633,5382,33,14,19
6633,5512,0,0,0
6633,5513,13,0,13
6633,5515,31,0,31
6633,5554,22,0,22
6633,5558,10,0,10
6633,5562,23,10,13
6633,5566,33,20,13
6633,5570,20,10,10
6633,5711,92,11,81
6633,5754,106,38,68
6633,5758,36,12,24
6633,5762,2388,1305,1083
6633,5766,77,38,39
6633,5770,30,0,30
6633,5774,327,107,220
6633,5911,15,0,15
6633,5913,67,16,51
6633,5914,11,0,11
6633,5915,10,0,10
6633,5916,0,0,0
6633,5954,22,11,11
6633,5958,176,81,95
6633,5962,49,14,35
6633,5966,0,0,0
6633,5970,56,0,56
6633,5974,61,27,34
6633,5978,48,17,31
6633,6411,33,0,33
6633,6412,559,18,541
6633,6413,31,0,31
6633,6414,101,10,91
6633,6431,29,11,18
6633,6432,25,10,15
6633,6433,46,11,35
6633,6434,106,10,96
6633,6435,74,28,46
6633,6436,48,0,48
6633,6437,0,0,0
6633,6438,71,12,59
6633,6439,48,0,48
6633,6440,64,26,38
6633,6531,107,34,73
6633,6532,39,14,25
6633,6533,12,0,12
6633,6534,286,159,127
6633,6535,81,45,36
6633,6611,49429,13967,35462
6633,6631,185,54,131
6633,6632,633,413,220
6633,6633,0,0,0
6633,6634,11925,8804,3121
6633,6635,3736,1936,1800
6633,6636,2858,2032,826
6633,7111,0,0,0
6633,7131,0,0,0
6633,7132,0,0,0
6633,7133,0,0,0
6633,7134,0,0,0
6633,7135,0,0,0
6633,7137,0,0,0
6633,7138,11,0,11
6633,7140,0,0,0
6633,7141,0,0,0
6633,7143,10,0,10
6633,7211,0,0,0
6633,7231,0,0,0
6633,7232,0,0,0
6633,7233,0,0,0
6633,7235,0,0,0
6633,7311,0,0,0
6633,7312,0,0,0
6633,7313,0,0,0
6633,7314,38,0,38
6633,7315,39,11,28
6633,7316,0,0,0
6633,7317,0,0,0
6633,7318,0,0,0
6633,7319,15,0,15
6633,7320,29,29,0
6633,7331,0,0,0
6633,7332,0,0,0
6633,7333,0,0,0
6633,7334,0,0,0
6633,7335,0,0,0
6633,7336,0,0,0
6633,7337,0,0,0
6633,7338,0,0,0
6633,7339,35,0,35
6633,7340,0,0,0
6633,8111,65,0,65
6633,8115,14,0,14
6633,8116,22,0,22
6633,8117,0,0,0
6633,8118,21,0,21
6633,8119,0,0,0
6633,8121,0,0,0
6633,8125,19,0,19
6633,8126,26,0,26
6633,8127,0,0,0
6633,8128,0,0,0
6633,8135,0,0,0
6633,8136,18,0,18
6633,8211,0,0,0
6633,8212,44,0,44
6633,8215,23,0,23
6633,8216,0,0,0
6633,8221,13,0,13
6633,8222,45,0,45
6633,8225,0,0,0
6633,8226,30,0,30
6633,8231,0,0,0
6633,8235,0,0,0
6633,8236,0,0,0
6633,8237,0,0,0
6633,8311,0,0,0
6633,8315,0,0,0
6633,8316,0,0,0
6633,8317,15,0,15
6633,8325,0,0,0
6633,8326,0,0,0
6633,8327,0,0,0
6633,8335,0,0,0
6633,8336,12,0,12
6633,8337,0,0,0
6633,8415,16,0,16
6633,8416,0,0,0
6633,8417,0,0,0
6633,8421,18,0,18
6633,8425,0,0,0
6633,8426,0,0,0
6633,8435,0,0,0
6633,8436,0,0,0
6633,8437,0,0,0
6633,9161,13,0,13
6633,9162,164,30,134
6633,9163,0,0,0
6633,9171,0,0,0
6633,9172,0,0,0
6633,9173,0,0,0
6633,9174,22,0,22
6633,9175,0,0,0
6633,9176,0,0,0
6633,9177,0,0,0
6633,9178,0,0,0
6633,9179,0,0,0
6633,9180,0,0,0
6633,9181,0,0,0
6633,9182,0,0,0
6633,9183,0,0,0
6633,9184,71,0,71
6633,9185,0,0,0
6633,9186,0,0,0
6633,9187,0,0,0
6633,9188,0,0,0
6633,9189,0,0,0
6633,9190,0,0,0
6633,9261,0,0,0
6633,9262,0,0,0
6633,9263,0,0,0
6633,9271,0,0,0
6633,9272,0,0,0
6633,9273,0,0,0
6633,9274,0,0,0
6633,9275,0,0,0
6633,9276,0,0,0
6633,9277,0,0,0
6633,9278,0,0,0
6633,9279,0,0,0
6633,9361,0,0,0
6633,9362,0,0,0
6633,9363,0,0,0
6633,9371,0,0,0
6633,9372,0,0,0
6633,9373,0,0,0
6633,9374,0,0,0
6633,9375,0,0,0
6633,9376,0,0,0
6633,9377,0,0,0
6633,9461,0,0,0
6633,9462,0,0,0
6633,9463,0,0,0
6633,9464,0,0,0
6633,9471,0,0,0
6633,9472,0,0,0
6633,9473,0,0,0
6633,9474,0,0,0
6633,9475,0,0,0
6633,9476,0,0,0
6633,9477,0,0,0
6633,9478,0,0,0
6633,9479,0,0,0
6633,9561,0,0,0
6633,9562,17,0,17
6633,9563,0,0,0
6633,9564,41,10,31
6633,9565,14,0,14
6633,9571,12,12,0
6633,9572,0,0,0
6633,9573,0,0,0
6633,9574,0,0,0
6633,9575,0,0,0
6633,9576,0,0,0
6633,9577,17,0,17
6633,9661,0,0,0
6633,9662,0,0,0
6633,9663,13,0,13
6633,9671,11,11,0
6633,9672,12,12,0
6633,9673,0,0,0
6633,9674,0,0,0
6633,9675,0,0,0
6633,9676,0,0,0
6633,9677,0,0,0
6633,9678,0,0,0
6633,9679,0,0,0
6633,9761,16,0,16
6633,9762,0,0,0
6633,9763,0,0,0
6633,9764,0,0,0
6633,9771,0,0,0
6633,9772,0,0,0
6633,9773,0,0,0
6633,9774,0,0,0
6633,9775,31,31,0
6633,9776,0,0,0
6633,9777,0,0,0
6633,9778,0,0,0
6633,9779,0,0,0
6633,9780,0,0,0
6633,10041,21,0,21
6633,10042,0,0,0
6633,10043,0,0,0
6633,10044,0,0,0
6633,10045,0,0,0
6633,10046,0,0,0
6633,11000,252,47,205
6633,12051,0,0,0
6633,12052,0,0,0
6633,12053,0,0,0
6633,12054,14,0,14
6633,12060,0,0,0
6633,12061,0,0,0
6633,12062,0,0,0
6633,12063,0,0,0
6633,12064,0,0,0
6633,12065,17,0,17
6633,12066,0,0,0
6633,12067,14,0,14
6633,12068,0,0,0
6633,12069,0,0,0
6633,12070,0,0,0
6633,12071,0,0,0
6633,12072,0,0,0
6633,12073,0,0,0
6633,13003,0,0,0
6633,13004,0,0,0
6633,13071,0,0,0
6633,13072,0,0,0
6633,13073,11,0,11
6633,13074,0,0,0
6633,13075,0,0,0
6633,13076,0,0,0
6633,14511,0,0,0
6633,14521,0,0,0
6633,14522,0,0,0
6633,14523,0,0,0
6633,14524,0,0,0
6633,14612,14,0,14
6633,14625,0,0,0
6633,14626,0,0,0
6633,14627,0,0,0
6633,14628,0,0,0
6633,14713,44,23,21
6633,14729,0,0,0
6633,14730,0,0,0
6633,15001,0,0,0
6633,15002,12,12,0
6633,15003,11,0,11
6633,15081,0,0,0
6633,15082,0,0,0
6633,15083,0,0,0
6633,15084,12,12,0
6633,15085,13,13,0
6633,15086,0,0,0
6633,15087,0,0,0
6633,15088,0,0,0
6633,15089,0,0,0
6633,15090,0,0,0
6633,15091,0,0,0
6633,16051,58,20,38
6633,16052,0,0,0
6633,16053,0,0,0
6633,16054,0,0,0
6633,16055,0,0,0
6633,16056,31,20,11
6633,16061,251,193,58
6633,16062,45,45,0
6633,16063,95,66,29
6633,16064,95,68,27
6633,16065,14,14,0
6633,16066,14,14,0
6633,16067,21,21,0
6633,16068,11,11,0
6633,16069,0,0,0
6633,16070,0,0,0
6633,16071,0,0,0
6633,16072,0,0,0
6633,16073,0,0,0
6633,16074,0,0,0
6633,16075,0,0,0
6633,16076,0,0,0
6633,16077,0,0,0
6634,1001,0,0,0
6634,1002,11,0,11
6634,1003,0,0,0
6634,1004,17,0,17
6634,1051,0,0,0
6634,1053,0,0,0
6634,1054,0,0,0
6634,1055,0,0,0
6634,1056,0,0,0
6634,1057,0,0,0
6634,1058,0,0,0
6634,1059,10,0,10
6634,1060,13,0,13
6634,1061,0,0,0
6634,1062,0,0,0
6634,2000,151,38,113
6634,3101,10,0,10
6634,3102,0,0,0
6634,3103,52,0,52
6634,3151,0,0,0
6634,3153,0,0,0
6634,3154,0,0,0
6634,3155,68,48,20
6634,3157,0,0,0
6634,3158,0,0,0
6634,3159,555,269,286
6634,3241,183,32,151
6634,3251,11,0,11
6634,3252,0,0,0
6634,3254,38,11,27
6634,3255,0,0,0
6634,3256,0,0,0
6634,3257,0,0,0
6634,3351,14,0,14
6634,3352,0,0,0
6634,3353,15,15,0
6634,3354,0,0,0
6634,3355,0,0,0
6634,3356,0,0,0
6634,3357,0,0,0
6634,3358,0,0,0
6634,3359,0,0,0
6634,3360,0,0,0
6634,3361,0,0,0
6634,3401,0,0,0
6634,3402,0,0,0
6634,3403,0,0,0
6634,3404,13,0,13
6634,3405,0,0,0
6634,3451,0,0,0
6634,3452,0,0,0
6634,3453,0,0,0
6634,3454,0,0,0
6634,3455,0,0,0
6634,3456,0,0,0
6634,3457,0,0,0
6634,3458,0,0,0
6634,3459,21,11,10
6634,3460,17,0,17
6634,3461,13,0,13
6634,3462,0,0,0
6634,4011,23,0,23
6634,4012,0,0,0
6634,5111,71,23,48
6634,5112,49,10,39
6634,5113,42,16,26
6634,5114,12,0,12
6634,5116,0,0,0
6634,5117,0,0,0
6634,5119,10,10,0
6634,5120,0,0,0
6634,5122,0,0,0
6634,5124,11,0,11
6634,5154,53,0,53
6634,5158,79,0,79
6634,5162,45,27,18
6634,5166,10,0,10
6634,5170,25,10,15
6634,5314,20,0,20
6634,5315,94,21,73
6634,5316,0,0,0
6634,5334,0,0,0
6634,5358,0,0,0
6634,5362,21,10,11
6634,5366,0,0,0
6634,5370,0,0,0
6634,5374,19,0,19
6634,5378,0,0,0
6634,5382,19,0,19
6634,5512,13,13,0
6634,5513,11,11,0
6634,5515,18,0,18
6634,5554,0,0,0
6634,5558,0,0,0
6634,5562,21,21,0
6634,5566,20,0,20
6634,5570,12,12,0
6634,5711,26,0,26
6634,5754,191,14,177
6634,5758,10,0,10
6634,5762,90,55,35
6634,5766,32,13,19
6634,5770,0,0,0
6634,5774,118,23,95
6634,5911,11,11,0
6634,5913,45,11,34
6634,5914,0,0,0
6634,5915,11,0,11
6634,5916,0,0,0
6634,5954,0,0,0
6634,5958,72,21,51
6634,5962,0,0,0
6634,5966,0,0,0
6634,5970,67,13,54
6634,5974,24,12,12
6634,5978,29,12,17
6634,6411,70,11,59
6634,6412,602,33,569
6634,6413,29,0,29
6634,6414,89,25,64
6634,6431,46,28,18
6634,6432,28,15,13
6634,6433,86,33,53
6634,6434,144,18,126
6634,6435,72,28,44
6634,6436,72,10,62
6634,6437,0,0,0
6634,6438,85,17,68
6634,6439,71,26,45
6634,6440,121,45,76
6634,6531,278,78,200
6634,6532,71,20,51
6634,6533,99,87,12
6634,6534,4085,1021,3064
6634,6535,1650,570,1080
6634,6611,11656,2674,8982
6634,6631,463,183,280
6634,6632,4255,2346,1909
6634,6633,11925,3121,8804
6634,6634,0,0,0
6634,6635,3576,1443,2133
6634,6636,1647,1311,336
6634,7111,0,0,0
6634,7131,0,0,0
6634,7132,0,0,0
6634,7133,0,0,0
6634,7134,0,0,0
6634,7135,0,0,0
6634,7137,11,0,11
6634,7138,0,0,0
6634,7140,10,10,0
6634,7141,24,24,0
6634,7143,37,16,21
6634,7211,0,0,0
6634,7231,0,0,0
6634,7232,0,0,0
6634,7233,0,0,0
6634,7235,0,0,0
6634,7311,0,0,0
6634,7312,0,0,0
6634,7313,0,0,0
6634,7314,69,42,27
6634,7315,45,13,32
6634,7316,0,0,0
6634,7317,0,0,0
6634,7318,0,0,0
6634,7319,0,0,0
6634,7320,0,0,0
6634,7331,0,0,0
6634,7332,0,0,0
6634,7333,0,0,0
6634,7334,0,0,0
6634,7335,0,0,0
6634,7336,0,0,0
6634,7337,0,0,0
6634,7338,0,0,0
6634,7339,31,17,14
6634,7340,0,0,0
6634,8111,57,18,39
6634,8115,0,0,0
6634,8116,32,10,22
6634,8117,0,0,0
6634,8118,18,0,18
6634,8119,10,0,10
6634,8121,11,0,11
6634,8125,13,0,13
6634,8126,12,0,12
6634,8127,0,0,0
6634,8128,0,0,0
6634,8135,0,0,0
6634,8136,10,10,0
6634,8211,0,0,0
6634,8212,31,0,31
6634,8215,27,14,13
6634,8216,0,0,0
6634,8221,0,0,0
6634,8222,48,22,26
6634,8225,0,0,0
6634,8226,48,20,28
6634,8231,0,0,0
6634,8235,0,0,0
6634,8236,0,0,0
6634,8237,0,0,0
6634,8311,19,19,0
6634,8315,0,0,0
6634,8316,0,0,0
6634,8317,16,16,0
6634,8325,0,0,0
6634,8326,0,0,0
6634,8327,10,0,10
6634,8335,11,11,0
6634,8336,0,0,0
6634,8337,0,0,0
6634,8415,0,0,0
6634,8416,0,0,0
6634,8417,0,0,0
6634,8421,0,0,0
6634,8425,0,0,0
6634,8426,0,0,0
6634,8435,10,0,10
6634,8436,0,0,0
6634,8437,0,0,0
6634,9161,0,0,0
6634,9162,100,13,87
6634,9163,0,0,0
6634,9171,0,0,0
6634,9172,13,13,0
6634,9173,0,0,0
6634,9174,0,0,0
6634,9175,0,0,0
6634,9176,0,0,0
6634,9177,0,0,0
6634,9178,0,0,0
6634,9179,0,0,0
6634,9180,0,0,0
6634,9181,0,0,0
6634,9182,0,0,0
6634,9183,0,0,0
6634,9184,36,0,36
6634,9185,0,0,0
6634,9186,0,0,0
6634,9187,0,0,0
6634,9188,0,0,0
6634,9189,0,0,0
6634,9190,0,0,0
6634,9261,0,0,0
6634,9262,0,0,0
6634,9263,0,0,0
6634,9271,0,0,0
6634,9272,0,0,0
6634,9273,0,0,0
6634,9274,0,0,0
6634,9275,0,0,0
6634,9276,0,0,0
6634,9277,0,0,0
6634,9278,0,0,0
6634,9279,0,0,0
6634,9361,0,0,0
6634,9362,0,0,0
6634,9363,0,0,0
6634,9371,0,0,0
6634,9372,0,0,0
6634,9373,0,0,0
6634,9374,0,0,0
6634,9375,0,0,0
6634,9376,0,0,0
6634,9377,0,0,0
6634,9461,49,0,49
6634,9462,0,0,0
6634,9463,0,0,0
6634,9464,0,0,0
6634,9471,0,0,0
6634,9472,0,0,0
6634,9473,0,0,0
6634,9474,0,0,0
6634,9475,0,0,0
6634,9476,0,0,0
6634,9477,0,0,0
6634,9478,0,0,0
6634,9479,0,0,0
6634,9561,0,0,0
6634,9562,10,0,10
6634,9563,0,0,0
6634,9564,28,0,28
6634,9565,0,0,0
6634,9571,35,35,0
6634,9572,0,0,0
6634,9573,0,0,0
6634,9574,0,0,0
6634,9575,0,0,0
6634,9576,0,0,0
6634,9577,0,0,0
6634,9661,0,0,0
6634,9662,0,0,0
6634,9663,16,0,16
6634,9671,0,0,0
6634,9672,0,0,0
6634,9673,10,0,10
6634,9674,0,0,0
6634,9675,0,0,0
6634,9676,0,0,0
6634,9677,0,0,0
6634,9678,0,0,0
6634,9679,0,0,0
6634,9761,11,0,11
6634,9762,0,0,0
6634,9763,0,0,0
6634,9764,0,0,0
6634,9771,0,0,0
6634,9772,0,0,0
6634,9773,0,0,0
6634,9774,0,0,0
6634,9775,12,0,12
6634,9776,0,0,0
6634,9777,0,0,0
6634,9778,0,0,0
6634,9779,0,0,0
6634,9780,0,0,0
6634,10041,24,0,24
6634,10042,0,0,0
6634,10043,0,0,0
6634,10044,0,0,0
6634,10045,0,0,0
6634,10046,0,0,0
6634,11000,177,45,132
6634,12051,0,0,0
6634,12052,0,0,0
6634,12053,0,0,0
6634,12054,75,0,75
6634,12060,0,0,0
6634,12061,0,0,0
6634,12062,0,0,0
6634,12063,0,0,0
6634,12064,0,0,0
6634,12065,0,0,0
6634,12066,0,0,0
6634,12067,16,0,16
6634,12068,0,0,0
6634,12069,0,0,0
6634,12070,0,0,0
6634,12071,0,0,0
6634,12072,0,0,0
6634,12073,0,0,0
6634,13003,0,0,0
6634,13004,0,0,0
6634,13071,0,0,0
6634,13072,0,0,0
6634,13073,0,0,0
6634,13074,0,0,0
6634,13075,0,0,0
6634,13076,0,0,0
6634,14511,0,0,0
6634,14521,0,0,0
6634,14522,0,0,0
6634,14523,0,0,0
6634,14524,0,0,0
6634,14612,30,13,17
6634,14625,0,0,0
6634,14626,0,0,0
6634,14627,13,13,0
6634,14628,0,0,0
6634,14713,33,18,15
6634,14729,0,0,0
6634,14730,0,0,0
6634,15001,0,0,0
6634,15002,0,0,0
6634,15003,0,0,0
6634,15081,0,0,0
6634,15082,0,0,0
6634,15083,0,0,0
6634,15084,12,12,0
6634,15085,10,10,0
6634,15086,0,0,0
6634,15087,50,38,12
6634,15088,0,0,0
6634,15089,0,0,0
6634,15090,0,0,0
6634,15091,0,0,0
6634,16051,19,0,19
6634,16052,0,0,0
6634,16053,0,0,0
6634,16054,0,0,0
6634,16055,0,0,0
6634,16056,28,17,11
6634,16061,114,72,42
6634,16062,14,14,0
6634,16063,114,68,46
6634,16064,61,39,22
6634,16065,22,22,0
6634,16066,11,11,0
6634,16067,31,13,18
6634,16068,0,0,0
6634,16069,0,0,0
6634,16070,16,0,16
6634,16071,0,0,0
6634,16072,0,0,0
6634,16073,0,0,0
6634,16074,0,0,0
6634,16075,0,0,0
6634,16076,0,0,0
6634,16077,0,0,0
6635,1001,0,0,0
6635,1002,0,0,0
6635,1003,0,0,0
6635,1004,0,0,0
6635,1051,0,0,0
6635,1053,0,0,0
6635,1054,0,0,0
6635,1055,0,0,0
6635,1056,0,0,0
6635,1057,0,0,0
6635,1058,0,0,0
6635,1059,0,0,0
6635,1060,0,0,0
6635,1061,0,0,0
6635,1062,0,0,0
6635,2000,106,39,67
6635,3101,0,0,0
6635,3102,0,0,0
6635,3103,12,0,12
6635,3151,0,0,0
6635,3153,0,0,0
6635,3154,0,0,0
6635,3155,18,18,0
6635,3157,0,0,0
6635,3158,0,0,0
6635,3159,156,81,75
6635,3241,197,114,83
6635,3251,0,0,0
6635,3252,16,0,16
6635,3254,15,0,15
6635,3255,0,0,0
6635,3256,0,0,0
6635,3257,10,0,10
6635,3351,11,11,0
6635,3352,0,0,0
6635,3353,0,0,0
6635,3354,0,0,0
6635,3355,0,0,0
6635,3356,0,0,0
6635,3357,0,0,0
6635,3358,0,0,0
6635,3359,0,0,0
6635,3360,0,0,0
6635,3361,0,0,0
6635,3401,0,0,0
6635,3402,0,0,0
6635,3403,0,0,0
6635,3404,0,0,0
6635,3405,0,0,0
6635,3451,0,0,0
6635,3452,0,0,0
6635,3453,0,0,0
6635,3454,0,0,0
6635,3455,0,0,0
6635,3456,0,0,0
6635,3457,0,0,0
6635,3458,0,0,0
6635,3459,0,0,0
6635,3460,0,0,0
6635,3461,0,0,0
6635,3462,0,0,0
6635,4011,34,34,0
6635,4012,0,0,0
6635,5111,54,16,38
6635,5112,33,13,20
6635,5113,29,0,29
6635,5114,0,0,0
6635,5116,0,0,0
6635,5117,0,0,0
6635,5119,13,0,13
6635,5120,0,0,0
6635,5122,0,0,0
6635,5124,25,12,13
6635,5154,28,0,28
6635,5158,46,18,28
6635,5162,12,0,12
6635,5166,0,0,0
6635,5170,11,0,11
6635,5314,12,0,12
6635,5315,97,20,77
6635,5316,0,0,0
6635,5334,18,0,18
6635,5358,0,0,0
6635,5362,12,0,12
6635,5366,0,0,0
6635,5370,0,0,0
6635,5374,35,10,25
6635,5378,0,0,0
6635,5382,33,20,13
6635,5512,0,0,0
6635,5513,18,0,18
6635,5515,21,0,21
6635,5554,0,0,0
6635,5558,11,0,11
6635,5562,24,12,12
6635,5566,29,16,13
6635,5570,14,0,14
6635,5711,70,14,56
6635,5754,70,20,50
6635,5758,35,23,12
6635,5762,1789,1155,634
6635,5766,69,29,40
6635,5770,12,12,0
6635,5774,539,199,340
6635,5911,0,0,0
6635,5913,63,28,35
6635,5914,0,0,0
6635,5915,12,0,12
6635,5916,0,0,0
6635,5954,26,12,14
6635,5958,5624,3010,2614
6635,5962,13,13,0
6635,5966,23,13,10
6635,5970,741,425,316
6635,5974,124,52,72
6635,5978,51,21,30
6635,6411,41,15,26
6635,6412,263,31,232
6635,6413,12,0,12
6635,6414,67,24,43
6635,6431,0,0,0
6635,6432,18,0,18
6635,6433,26,0,26
6635,6434,154,13,141
6635,6435,89,32,57
6635,6436,60,14,46
6635,6437,51,0,51
6635,6438,52,13,39
6635,6439,113,10,103
6635,6440,76,28,48
6635,6531,511,227,284
6635,6532,188,101,87
6635,6533,19,19,0
6635,6534,4251,1973,2278
6635,6535,105,56,49
6635,6611,2616,676,1940
6635,6631,67,25,42
6635,6632,159,81,78
6635,6633,3736,1800,1936
6635,6634,3576,2133,1443
6635,6635,0,0,0
6635,6636,85,55,30
6635,7111,0,0,0
6635,7131,0,0,0
6635,7132,0,0,0
6635,7133,0,0,0
6635,7134,0,0,0
6635,7135,0,0,0
6635,7137,0,0,0
6635,7138,0,0,0
6635,7140,0,0,0
6635,7141,0,0,0
6635,7143,10,10,0
6635,7211,0,0,0
6635,7231,0,0,0
6635,7232,0,0,0
6635,7233,0,0,0
6635,7235,0,0,0
6635,7311,0,0,0
6635,7312,0,0,0
6635,7313,0,0,0
6635,7314,0,0,0
6635,7315,10,0,10
6635,7316,0,0,0
6635,7317,0,0,0
6635,7318,0,0,0
6635,7319,0,0,0
6635,7320,0,0,0
6635,7331,0,0,0
6635,7332,0,0,0
6635,7333,0,0,0
6635,7334,0,0,0
6635,7335,0,0,0
6635,7336,0,0,0
6635,7337,0,0,0
6635,7338,0,0,0
6635,7339,11,11,0
6635,7340,0,0,0
6635,8111,34,0,34
6635,8115,10,0,10
6635,8116,23,10,13
6635,8117,0,0,0
6635,8118,13,0,13
6635,8119,0,0,0
6635,8121,0,0,0
6635,8125,0,0,0
6635,8126,16,0,16
6635,8127,0,0,0
6635,8128,0,0,0
6635,8135,0,0,0
6635,8136,0,0,0
6635,8211,0,0,0
6635,8212,18,0,18
6635,8215,15,0,15
6635,8216,0,0,0
6635,8221,0,0,0
6635,8222,39,0,39
6635,8225,0,0,0
6635,8226,16,0,16
6635,8231,0,0,0
6635,8235,0,0,0
6635,8236,0,0,0
6635,8237,0,0,0
6635,8311,0,0,0
6635,8315,0,0,0
6635,8316,0,0,0
6635,8317,0,0,0
6635,8325,0,0,0
6635,8326,0,0,0
6635,8327,0,0,0
6635,8335,0,0,0
6635,8336,0,0,0
6635,8337,0,0,0
6635,8415,0,0,0
6635,8416,0,0,0
6635,8417,0,0,0
6635,8421,0,0,0
6635,8425,0,0,0
6635,8426,0,0,0
6635,8435,0,0,0
6635,8436,0,0,0
6635,8437,0,0,0
6635,9161,0,0,0
6635,9162,87,33,54
6635,9163,0,0,0
6635,9171,0,0,0
6635,9172,0,0,0
6635,9173,0,0,0
6635,9174,0,0,0
6635,9175,0,0,0
6635,9176,0,0,0
6635,9177,0,0,0
6635,9178,0,0,0
6635,9179,25,25,0
6635,9180,0,0,0
6635,9181,0,0,0
6635,9182,0,0,0
6635,9183,0,0,0
6635,9184,30,0,30
6635,9185,0,0,0
6635,9186,0,0,0
6635,9187,0,0,0
6635,9188,0,0,0
6635,9189,0,0,0
6635,9190,0,0,0
6635,9261,0,0,0
6635,9262,0,0,0
6635,9263,0,0,0
6635,9271,0,0,0
6635,9272,0,0,0
6635,9273,0,0,0
6635,9274,0,0,0
6635,9275,0,0,0
6635,9276,0,0,0
6635,9277,0,0,0
6635,9278,0,0,0
6635,9279,0,0,0
6635,9361,0,0,0
6635,9362,0,0,0
6635,9363,0,0,0
6635,9371,0,0,0
6635,9372,0,0,0
6635,9373,0,0,0
6635,9374,0,0,0
6635,9375,0,0,0
6635,9376,0,0,0
6635,9377,0,0,0
6635,9461,0,0,0
6635,9462,0,0,0
6635,9463,0,0,0
6635,9464,0,0,0
6635,9471,0,0,0
6635,9472,0,0,0
6635,9473,0,0,0
6635,9474,0,0,0
6635,9475,0,0,0
6635,9476,0,0,0
6635,9477,0,0,0
6635,9478,0,0,0
6635,9479,0,0,0
6635,9561,0,0,0
6635,9562,0,0,0
6635,9563,0,0,0
6635,9564,25,0,25
6635,9565,0,0,0
6635,9571,0,0,0
6635,9572,0,0,0
6635,9573,0,0,0
6635,9574,0,0,0
6635,9575,10,0,10
6635,9576,0,0,0
6635,9577,0,0,0
6635,9661,21,0,21
6635,9662,0,0,0
6635,9663,0,0,0
6635,9671,10,0,10
6635,9672,0,0,0
6635,9673,0,0,0
6635,9674,0,0,0
6635,9675,0,0,0
6635,9676,13,0,13
6635,9677,0,0,0
6635,9678,0,0,0
6635,9679,0,0,0
6635,9761,0,0,0
6635,9762,0,0,0
6635,9763,0,0,0
6635,9764,0,0,0
6635,9771,0,0,0
6635,9772,0,0,0
6635,9773,0,0,0
6635,9774,0,0,0
6635,9775,0,0,0
6635,9776,0,0,0
6635,9777,0,0,0
6635,9778,0,0,0
6635,9779,0,0,0
6635,9780,0,0,0
6635,10041,0,0,0
6635,10042,0,0,0
6635,10043,0,0,0
6635,10044,0,0,0
6635,10045,0,0,0
6635,10046,0,0,0
6635,11000,216,126,90
6635,12051,0,0,0
6635,12052,0,0,0
6635,12053,0,0,0
6635,12054,0,0,0
6635,12060,0,0,0
6635,12061,10,10,0
6635,12062,0,0,0
6635,12063,0,0,0
6635,12064,0,0,0
6635,12065,0,0,0
6635,12066,0,0,0
6635,12067,0,0,0
6635,12068,0,0,0
6635,12069,0,0,0
6635,12070,0,0,0
6635,12071,0,0,0
6635,12072,0,0,0
6635,12073,0,0,0
6635,13003,0,0,0
6635,13004,0,0,0
6635,13071,0,0,0
6635,13072,0,0,0
6635,13073,0,0,0
6635,13074,0,0,0
6635,13075,0,0,0
6635,13076,0,0,0
6635,14511,12,12,0
6635,14521,0,0,0
6635,14522,0,0,0
6635,14523,0,0,0
6635,14524,10,10,0
6635,14612,73,73,0
6635,14625,0,0,0
6635,14626,0,0,0
6635,14627,0,0,0
6635,14628,10,10,0
6635,14713,52,40,12
6635,14729,0,0,0
6635,14730,21,21,0
6635,15001,0,0,0
6635,15002,16,16,0
6635,15003,10,0,10
6635,15081,0,0,0
6635,15082,0,0,0
6635,15083,0,0,0
6635,15084,108,108,0
6635,15085,0,0,0
6635,15086,0,0,0
6635,15087,12,12,0
6635,15088,10,10,0
6635,15089,0,0,0
6635,15090,0,0,0
6635,15091,0,0,0
6635,16051,30,13,17
6635,16052,0,0,0
6635,16053,0,0,0
6635,16054,0,0,0
6635,16055,0,0,0
6635,16056,0,0,0
6635,16061,25,25,0
6635,16062,10,10,0
6635,16063,15,15,0
6635,16064,17,17,0
6635,16065,0,0,0
6635,16066,0,0,0
6635,16067,0,0,0
6635,16068,0,0,0
6635,16069,0,0,0
6635,16070,0,0,0
6635,16071,0,0,0
6635,16072,0,0,0
6635,16073,0,0,0
6635,16074,0,0,0
6635,16075,0,0,0
6635,16076,0,0,0
6635,16077,71,71,0
6636,1001,0,0,0
6636,1002,0,0,0
6636,1003,0,0,0
6636,1004,0,0,0
6636,1051,0,0,0
6636,1053,0,0,0
6636,1054,0,0,0
6636,1055,0,0,0
6636,1056,0,0,0
6636,1057,0,0,0
6636,1058,0,0,0
6636,1059,0,0,0
6636,1060,0,0,0
6636,1061,0,0,0
6636,1062,0,0,0
6636,2000,88,27,61
6636,3101,20,0,20
6636,3102,0,0,0
6636,3103,14,0,14
6636,3151,0,0,0
6636,3153,16,16,0
6636,3154,0,0,0
6636,3155,110,43,67
6636,3157,0,0,0
6636,3158,0,0,0
6636,3159,2826,692,2134
6636,3241,176,16,160
6636,3251,0,0,0
6636,3252,11,0,11
6636,3254,18,0,18
6636,3255,0,0,0
6636,3256,21,0,21
6636,3257,13,0,13
6636,3351,0,0,0
6636,3352,0,0,0
6636,3353,0,0,0
6636,3354,0,0,0
6636,3355,0,0,0
6636,3356,0,0,0
6636,3357,0,0,0
6636,3358,0,0,0
6636,3359,0,0,0
6636,3360,0,0,0
6636,3361,0,0,0
6636,3401,0,0,0
6636,3402,0,0,0
6636,3403,0,0,0
6636,3404,0,0,0
6636,3405,0,0,0
6636,3451,0,0,0
6636,3452,0,0,0
6636,3453,0,0,0
6636,3454,0,0,0
6636,3455,0,0,0
6636,3456,0,0,0
6636,3457,0,0,0
6636,3458,0,0,0
6636,3459,0,0,0
6636,3460,0,0,0
6636,3461,0,0,0
6636,3462,0,0,0
6636,4011,20,0,20
6636,4012,0,0,0
6636,5111,30,0,30
6636,5112,18,0,18
6636,5113,10,0,10
6636,5114,0,0,0
6636,5116,0,0,0
6636,5117,0,0,0
6636,5119,0,0,0
6636,5120,0,0,0
6636,5122,0,0,0
6636,5124,0,0,0
6636,5154,0,0,0
6636,5158,20,0,20
6636,5162,0,0,0
6636,5166,0,0,0
6636,5170,0,0,0
6636,5314,0,0,0
6636,5315,69,11,58
6636,5316,0,0,0
6636,5334,0,0,0
6636,5358,0,0,0
6636,5362,0,0,0
6636,5366,0,0,0
6636,5370,0,0,0
6636,5374,11,0,11
6636,5378,0,0,0
6636,5382,0,0,0
6636,5512,0,0,0
6636,5513,0,0,0
6636,5515,10,0,10
6636,5554,0,0,0
6636,5558,0,0,0
6636,5562,0,0,0
6636,5566,16,0,16
6636,5570,0,0,0
6636,5711,12,0,12
6636,5754,28,0,28
6636,5758,0,0,0
6636,5762,24,11,13
6636,5766,0,0,0
6636,5770,14,0,14
6636,5774,21,0,21
6636,5911,0,0,0
6636,5913,15,0,15
6636,5914,0,0,0
6636,5915,0,0,0
6636,5916,0,0,0
6636,5954,0,0,0
6636,5958,28,0,28
6636,5962,0,0,0
6636,5966,0,0,0
6636,5970,30,0,30
6636,5974,10,0,10
6636,5978,0,0,0
6636,6411,12,0,12
6636,6412,147,0,147
6636,6413,0,0,0
6636,6414,26,0,26
6636,6431,0,0,0
6636,6432,0,0,0
6636,6433,25,0,25
6636,6434,25,0,25
6636,6435,20,0,20
6636,6436,19,0,19
6636,6437,0,0,0
6636,6438,23,0,23
6636,6439,0,0,0
6636,6440,21,0,21
6636,6531,62,14,48
6636,6532,10,0,10
6636,6533,10,0,10
6636,6534,40,0,40
6636,6535,88,36,52
6636,6611,3901,457,3444
6636,6631,130,32,98
6636,6632,2409,668,1741
6636,6633,2858,826,2032
6636,6634,1647,336,1311
6636,6635,85,30,55
6636,6636,0,0,0
6636,7111,0,0,0
6636,7131,0,0,0
6636,7132,0,0,0
6636,7133,0,0,0
6636,7134,0,0,0
6636,7135,0,0,0
6636,7137,0,0,0
6636,7138,0,0,0
6636,7140,0,0,0
6636,7141,0,0,0
6636,7143,0,0,0
6636,7211,0,0,0
6636,7231,0,0,0
6636,7232,0,0,0
6636,7233,0,0,0
6636,7235,0,0,0
6636,7311,0,0,0
6636,7312,0,0,0
6636,7313,0,0,0
6636,7314,14,0,14
6636,7315,28,0,28
6636,7316,0,0,0
6636,7317,0,0,0
6636,7318,0,0,0
6636,7319,0,0,0
6636,7320,0,0,0
6636,7331,0,0,0
6636,7332,0,0,0
6636,7333,0,0,0
6636,7334,0,0,0
6636,7335,0,0,0
6636,7336,0,0,0
6636,7337,0,0,0
6636,7338,0,0,0
6636,7339,0,0,0
6636,7340,0,0,0
6636,8111,35,0,35
6636,8115,0,0,0
6636,8116,23,0,23
6636,8117,0,0,0
6636,8118,15,0,15
6636,8119,0,0,0
6636,8121,0,0,0
6636,8125,11,0,11
6636,8126,0,0,0
6636,8127,0,0,0
6636,8128,0,0,0
6636,8135,0,0,0
6636,8136,0,0,0
6636,8211,0,0,0
6636,8212,14,0,14
6636,8215,11,0,11
6636,8216,0,0,0
6636,8221,0,0,0
6636,8222,0,0,0
6636,8225,0,0,0
6636,8226,10,0,10
6636,8231,0,0,0
6636,8235,0,0,0
6636,8236,0,0,0
6636,8237,0,0,0
6636,8311,0,0,0
6636,8315,0,0,0
6636,8316,0,0,0
6636,8317,0,0,0
6636,8325,0,0,0
6636,8326,0,0,0
6636,8327,0,0,0
6636,8335,0,0,0
6636,8336,0,0,0
6636,8337,0,0,0
6636,8415,0,0,0
6636,8416,0,0,0
6636,8417,0,0,0
6636,8421,0,0,0
6636,8425,0,0,0
6636,8426,0,0,0
6636,8435,0,0,0
6636,8436,0,0,0
6636,8437,0,0,0
6636,9161,0,0,0
6636,9162,38,0,38
6636,9163,0,0,0
6636,9171,0,0,0
6636,9172,0,0,0
6636,9173,0,0,0
6636,9174,0,0,0
6636,9175,0,0,0
6636,9176,0,0,0
6636,9177,0,0,0
6636,9178,0,0,0
6636,9179,0,0,0
6636,9180,0,0,0
6636,9181,0,0,0
6636,9182,0,0,0
6636,9183,0,0,0
6636,9184,23,0,23
6636,9185,0,0,0
6636,9186,0,0,0
6636,9187,0,0,0
6636,9188,0,0,0
6636,9189,0,0,0
6636,9190,0,0,0
6636,9261,0,0,0
6636,9262,0,0,0
6636,9263,0,0,0
6636,9271,0,0,0
6636,9272,0,0,0
6636,9273,0,0,0
6636,9274,0,0,0
6636,9275,0,0,0
6636,9276,0,0,0
6636,9277,0,0,0
6636,9278,0,0,0
6636,9279,0,0,0
6636,9361,0,0,0
6636,9362,0,0,0
6636,9363,0,0,0
6636,9371,0,0,0
6636,9372,0,0,0
6636,9373,0,0,0
6636,9374,0,0,0
6636,9375,0,0,0
6636,9376,0,0,0
6636,9377,0,0,0
6636,9461,0,0,0
6636,9462,0,0,0
6636,9463,0,0,0
6636,9464,0,0,0
6636,9471,0,0,0
6636,9472,0,0,0
6636,9473,0,0,0
6636,9474,0,0,0
6636,9475,0,0,0
6636,9476,0,0,0
6636,9477,0,0,0
6636,9478,0,0,0
6636,9479,0,0,0
6636,9561,0,0,0
6636,9562,0,0,0
6636,9563,0,0,0
6636,9564,19,0,19
6636,9565,0,0,0
6636,9571,0,0,0
6636,9572,0,0,0
6636,9573,0,0,0
6636,9574,0,0,0
6636,9575,0,0,0
6636,9576,0,0,0
6636,9577,0,0,0
6636,9661,0,0,0
6636,9662,0,0,0
6636,9663,0,0,0
6636,9671,0,0,0
6636,9672,0,0,0
6636,9673,0,0,0
6636,9674,0,0,0
6636,9675,0,0,0
6636,9676,0,0,0
6636,9677,0,0,0
6636,9678,0,0,0
6636,9679,0,0,0
6636,9761,0,0,0
6636,9762,0,0,0
6636,9763,0,0,0
6636,9764,0,0,0
6636,9771,0,0,0
6636,9772,0,0,0
6636,9773,0,0,0
6636,9774,0,0,0
6636,9775,0,0,0
6636,9776,0,0,0
6636,9777,0,0,0
6636,9778,0,0,0
6636,9779,0,0,0
6636,9780,0,0,0
6636,10041,0,0,0
6636,10042,0,0,0
6636,10043,0,0,0
6636,10044,0,0,0
6636,10045,0,0,0
6636,10046,0,0,0
6636,11000,116,27,89
6636,12051,0,0,0
6636,12052,0,0,0
6636,12053,0,0,0
6636,12054,0,0,0
6636,12060,0,0,0
6636,12061,0,0,0
6636,12062,0,0,0
6636,12063,0,0,0
6636,12064,0,0,0
6636,12065,0,0,0
6636,12066,0,0,0
6636,12067,0,0,0
6636,12068,0,0,0
6636,12069,13,13,0
6636,12070,0,0,0
6636,12071,0,0,0
6636,12072,13,13,0
6636,12073,0,0,0
6636,13003,0,0,0
6636,13004,0,0,0
6636,13071,0,0,0
6636,13072,0,0,0
6636,13073,0,0,0
6636,13074,0,0,0
6636,13075,0,0,0
6636,13076,0,0,0
6636,14511,0,0,0
6636,14521,0,0,0
6636,14522,0,0,0
6636,14523,0,0,0
6636,14524,0,0,0
6636,14612,0,0,0
6636,14625,0,0,0
6636,14626,0,0,0
6636,14627,0,0,0
6636,14628,0,0,0
6636,14713,18,0,18
6636,14729,0,0,0
6636,14730,0,0,0
6636,15001,0,0,0
6636,15002,0,0,0
6636,15003,0,0,0
6636,15081,0,0,0
6636,15082,0,0,0
6636,15083,0,0,0
6636,15084,11,0,11
6636,15085,16,16,0
6636,15086,0,0,0
6636,15087,0,0,0
6636,15088,0,0,0
6636,15089,0,0,0
6636,15090,0,0,0
6636,15091,0,0,0
6636,16051,74,11,63
6636,16052,0,0,0
6636,16053,17,0,17
6636,16054,0,0,0
6636,16055,0,0,0
6636,16056,632,170,462
6636,16061,2040,1469,571
6636,16062,31,19,12
6636,16063,1083,582,501
6636,16064,886,637,249
6636,16065,11,11,0
6636,16066,0,0,0
6636,16067,69,28,41
6636,16068,0,0,0
6636,16069,0,0,0
6636,16070,10,0,10
6636,16071,0,0,0
6636,16072,0,0,0
6636,16073,0,0,0
6636,16074,0,0,0
6636,16075,0,0,0
6636,16076,0,0,0
6636,16077,0,0,0
7111,1001,0,0,0
7111,1002,32,32,0
7111,1003,0,0,0
7111,1004,20,0,20
7111,1051,0,0,0
7111,1053,0,0,0
7111,1054,0,0,0
7111,1055,0,0,0
7111,1056,0,0,0
7111,1057,13,13,0
7111,1058,21,21,0
7111,1059,0,0,0
7111,1060,10,10,0
7111,1061,0,0,0
7111,1062,49,0,49
7111,2000,124,54,70
7111,3101,13,13,0
7111,3102,10,10,0
7111,3103,0,0,0
7111,3151,10,10,0
7111,3153,10,10,0
7111,3154,0,0,0
7111,3155,0,0,0
7111,3157,41,41,0
7111,3158,0,0,0
7111,3159,19,19,0
7111,3241,135,111,24
7111,3251,0,0,0
7111,3252,0,0,0
7111,3254,11,11,0
7111,3255,0,0,0
7111,3256,0,0,0
7111,3257,0,0,0
7111,3351,10,10,0
7111,3352,0,0,0
7111,3353,26,26,0
7111,3354,0,0,0
7111,3355,0,0,0
7111,3356,0,0,0
7111,3357,0,0,0
7111,3358,0,0,0
7111,3359,0,0,0
7111,3360,0,0,0
7111,3361,0,0,0
7111,3401,0,0,0
7111,3402,0,0,0
7111,3403,0,0,0
7111,3404,43,43,0
7111,3405,0,0,0
7111,3451,0,0,0
7111,3452,0,0,0
7111,3453,0,0,0
7111,3454,0,0,0
7111,3455,0,0,0
7111,3456,0,0,0
7111,3457,0,0,0
7111,3458,0,0,0
7111,3459,38,38,0
7111,3460,0,0,0
7111,3461,0,0,0
7111,3462,0,0,0
7111,4011,25,13,12
7111,4012,0,0,0
7111,5111,169,48,121
7111,5112,63,41,22
7111,5113,61,35,26
7111,5114,17,17,0
7111,5116,31,18,13
7111,5117,0,0,0
7111,5119,11,11,0
7111,5120,11,11,0
7111,5122,18,18,0
7111,5124,52,36,16
7111,5154,14,0,14
7111,5158,79,37,42
7111,5162,61,37,24
7111,5166,27,14,13
7111,5170,27,17,10
7111,5314,824,383,441
7111,5315,637,274,363
7111,5316,47,30,17
7111,5334,122,66,56
7111,5358,91,25,66
7111,5362,176,118,58
7111,5366,67,49,18
7111,5370,36,25,11
7111,5374,66,47,19
7111,5378,72,54,18
7111,5382,536,348,188
7111,5512,0,0,0
7111,5513,26,14,12
7111,5515,34,12,22
7111,5554,0,0,0
7111,5558,0,0,0
7111,5562,34,34,0
7111,5566,26,26,0
7111,5570,0,0,0
7111,5711,0,0,0
7111,5754,16,16,0
7111,5758,0,0,0
7111,5762,0,0,0
7111,5766,0,0,0
7111,5770,0,0,0
7111,5774,11,11,0
7111,5911,24,24,0
7111,5913,101,63,38
7111,5914,17,17,0
7111,5915,22,22,0
7111,5916,0,0,0
7111,5954,19,19,0
7111,5958,0,0,0
7111,5962,10,10,0
7111,5966,21,11,10
7111,5970,74,51,23
7111,5974,10,10,0
7111,5978,22,22,0
7111,6411,68,21,47
7111,6412,462,106,356
7111,6413,0,0,0
7111,6414,206,97,109
7111,6431,27,27,0
7111,6432,43,26,17
7111,6433,89,44,45
7111,6434,59,24,35
7111,6435,52,19,33
7111,6436,127,51,76
7111,6437,0,0,0
7111,6438,94,30,64
7111,6439,155,123,32
7111,6440,51,36,15
7111,6531,125,60,65
7111,6532,90,65,25
7111,6533,513,344,169
7111,6534,24,24,0
7111,6535,0,0,0
7111,6611,21,10,11
7111,6631,15,15,0
7111,6632,0,0,0
7111,6633,0,0,0
7111,6634,0,0,0
7111,6635,0,0,0
7111,6636,0,0,0
7111,7111,0,0,0
7111,7131,1668,1365,303
7111,7132,389,322,67
7111,7133,330,272,58
7111,7134,80,69,11
7111,7135,1720,1546,174
7111,7137,25132,19688,5444
7111,7138,6926,5019,1907
7111,7140,3939,3108,831
7111,7141,7434,5872,1562
7111,7143,6933,5564,1369
7111,7211,254,143,111
7111,7231,219,183,36
7111,7232,132,110,22
7111,7233,223,186,37
7111,7235,195,185,10
7111,7311,12,0,12
7111,7312,56,41,15
7111,7313,16,16,0
7111,7314,51,23,28
7111,7315,521,259,262
7111,7316,11,11,0
7111,7317,0,0,0
7111,7318,48,0,48
7111,7319,63,53,10
7111,7320,28,28,0
7111,7331,119,104,15
7111,7332,16,16,0
7111,7333,20,20,0
7111,7334,0,0,0
7111,7335,34,34,0
7111,7336,16,16,0
7111,7337,35,35,0
7111,7338,13,13,0
7111,7339,347,281,66
7111,7340,35,35,0
7111,8111,61,21,40
7111,8115,43,32,11
7111,8116,38,21,17
7111,8117,0,0,0
7111,8118,35,14,21
7111,8119,0,0,0
7111,8121,0,0,0
7111,8125,12,12,0
7111,8126,0,0,0
7111,8127,0,0,0
7111,8128,55,55,0
7111,8135,0,0,0
7111,8136,0,0,0
7111,8211,0,0,0
7111,8212,55,32,23
7111,8215,42,42,0
7111,8216,12,12,0
7111,8221,33,17,16
7111,8222,78,44,34
7111,8225,61,13,48
7111,8226,128,78,50
7111,8231,0,0,0
7111,8235,24,24,0
7111,8236,0,0,0
7111,8237,21,21,0
7111,8311,0,0,0
7111,8315,0,0,0
7111,8316,0,0,0
7111,8317,11,11,0
7111,8325,0,0,0
7111,8326,0,0,0
7111,8327,0,0,0
7111,8335,10,10,0
7111,8336,11,0,11
7111,8337,0,0,0
7111,8415,11,11,0
7111,8416,19,19,0
7111,8417,0,0,0
7111,8421,0,0,0
7111,8425,0,0,0
7111,8426,0,0,0
7111,8435,0,0,0
7111,8436,10,10,0
7111,8437,0,0,0
7111,9161,0,0,0
7111,9162,166,65,101
7111,9163,0,0,0
7111,9171,0,0,0
7111,9172,0,0,0
7111,9173,0,0,0
7111,9174,0,0,0
7111,9175,0,0,0
7111,9176,0,0,0
7111,9177,0,0,0
7111,9178,0,0,0
7111,9179,0,0,0
7111,9180,0,0,0
7111,9181,0,0,0
7111,9182,0,0,0
7111,9183,0,0,0
7111,9184,51,18,33
7111,9185,0,0,0
7111,9186,0,0,0
7111,9187,0,0,0
7111,9188,0,0,0
7111,9189,0,0,0
7111,9190,0,0,0
7111,9261,0,0,0
7111,9262,0,0,0
7111,9263,0,0,0
7111,9271,0,0,0
7111,9272,0,0,0
7111,9273,0,0,0
7111,9274,0,0,0
7111,9275,0,0,0
7111,9276,0,0,0
7111,9277,0,0,0
7111,9278,0,0,0
7111,9279,0,0,0
7111,9361,0,0,0
7111,9362,0,0,0
7111,9363,0,0,0
7111,9371,0,0,0
7111,9372,0,0,0
7111,9373,0,0,0
7111,9374,0,0,0
7111,9375,0,0,0
7111,9376,0,0,0
7111,9377,0,0,0
7111,9461,0,0,0
7111,9462,0,0,0
7111,9463,0,0,0
7111,9464,0,0,0
7111,9471,0,0,0
7111,9472,0,0,0
7111,9473,0,0,0
7111,9474,0,0,0
7111,9475,0,0,0
7111,9476,0,0,0
7111,9477,0,0,0
7111,9478,0,0,0
7111,9479,0,0,0
7111,9561,0,0,0
7111,9562,0,0,0
7111,9563,0,0,0
7111,9564,46,17,29
7111,9565,0,0,0
7111,9571,0,0,0
7111,9572,0,0,0
7111,9573,0,0,0
7111,9574,0,0,0
7111,9575,0,0,0
7111,9576,0,0,0
7111,9577,0,0,0
7111,9661,10,0,10
7111,9662,0,0,0
7111,9663,0,0,0
7111,9671,11,11,0
7111,9672,0,0,0
7111,9673,0,0,0
7111,9674,0,0,0
7111,9675,0,0,0
7111,9676,0,0,0
7111,9677,0,0,0
7111,9678,0,0,0
7111,9679,0,0,0
7111,9761,0,0,0
7111,9762,0,0,0
7111,9763,0,0,0
7111,9764,0,0,0
7111,9771,0,0,0
7111,9772,0,0,0
7111,9773,0,0,0
7111,9774,0,0,0
7111,9775,0,0,0
7111,9776,15,0,15
7111,9777,0,0,0
7111,9778,0,0,0
7111,9779,0,0,0
7111,9780,0,0,0
7111,10041,156,101,55
7111,10042,18,18,0
7111,10043,24,24,0
7111,10044,32,32,0
7111,10045,48,31,17
7111,10046,25,25,0
7111,11000,261,122,139
7111,12051,0,0,0
7111,12052,0,0,0
7111,12053,0,0,0
7111,12054,11,11,0
7111,12060,0,0,0
7111,12061,10,10,0
7111,12062,0,0,0
7111,12063,0,0,0
7111,12064,0,0,0
7111,12065,0,0,0
7111,12066,0,0,0
7111,12067,0,0,0
7111,12068,0,0,0
7111,12069,0,0,0
7111,12070,0,0,0
7111,12071,0,0,0
7111,12072,0,0,0
7111,12073,0,0,0
7111,13003,0,0,0
7111,13004,0,0,0
7111,13071,0,0,0
7111,13072,0,0,0
7111,13073,0,0,0
7111,13074,0,0,0
7111,13075,0,0,0
7111,13076,0,0,0
7111,14511,0,0,0
7111,14521,0,0,0
7111,14522,0,0,0
7111,14523,0,0,0
7111,14524,0,0,0
7111,14612,16,16,0
7111,14625,0,0,0
7111,14626,0,0,0
7111,14627,0,0,0
7111,14628,0,0,0
7111,14713,21,21,0
7111,14729,0,0,0
7111,14730,0,0,0
7111,15001,0,0,0
7111,15002,0,0,0
7111,15003,0,0,0
7111,15081,0,0,0
7111,15082,0,0,0
7111,15083,0,0,0
7111,15084,0,0,0
7111,15085,0,0,0
7111,15086,0,0,0
7111,15087,11,11,0
7111,15088,0,0,0
7111,15089,0,0,0
7111,15090,0,0,0
7111,15091,0,0,0
7111,16051,25,25,0
7111,16052,0,0,0
7111,16053,0,0,0
7111,16054,0,0,0
7111,16055,0,0,0
7111,16056,0,0,0
7111,16061,0,0,0
7111,16062,0,0,0
7111,16063,0,0,0
7111,16064,0,0,0
7111,16065,12,12,0
7111,16066,0,0,0
7111,16067,0,0,0
7111,16068,0,0,0
7111,16069,0,0,0
7111,16070,0,0,0
7111,16071,0,0,0
7111,16072,0,0,0
7111,16073,0,0,0
7111,16074,0,0,0
7111,16075,0,0,0
7111,16076,0,0,0
7111,16077,0,0,0
7131,1001,0,0,0
7131,1002,0,0,0
7131,1003,0,0,0
7131,1004,0,0,0
7131,1051,0,0,0
7131,1053,0,0,0
7131,1054,0,0,0
7131,1055,0,0,0
7131,1056,0,0,0
7131,1057,0,0,0
7131,1058,0,0,0
7131,1059,0,0,0
7131,1060,0,0,0
7131,1061,0,0,0
7131,1062,0,0,0
7131,2000,67,16,51
7131,3101,0,0,0
7131,3102,0,0,0
7131,3103,0,0,0
7131,3151,0,0,0
7131,3153,0,0,0
7131,3154,0,0,0
7131,3155,0,0,0
7131,3157,0,0,0
7131,3158,0,0,0
7131,3159,0,0,0
7131,3241,45,15,30
7131,3251,0,0,0
7131,3252,0,0,0
7131,3254,0,0,0
7131,3255,0,0,0
7131,3256,0,0,0
7131,3257,0,0,0
7131,3351,0,0,0
7131,3352,0,0,0
7131,3353,16,0,16
7131,3354,0,0,0
7131,3355,0,0,0
7131,3356,0,0,0
7131,3357,0,0,0
7131,3358,0,0,0
7131,3359,0,0,0
7131,3360,0,0,0
7131,3361,0,0,0
7131,3401,0,0,0
7131,3402,0,0,0
7131,3403,0,0,0
7131,3404,0,0,0
7131,3405,0,0,0
7131,3451,0,0,0
7131,3452,0,0,0
7131,3453,0,0,0
7131,3454,0,0,0
7131,3455,0,0,0
7131,3456,0,0,0
7131,3457,0,0,0
7131,3458,0,0,0
7131,3459,0,0,0
7131,3460,0,0,0
7131,3461,0,0,0
7131,3462,0,0,0
7131,4011,0,0,0
7131,4012,0,0,0
7131,5111,314,39,275
7131,5112,42,14,28
7131,5113,146,20,126
7131,5114,34,11,23
7131,5116,26,13,13
7131,5117,0,0,0
7131,5119,23,0,23
7131,5120,0,0,0
7131,5122,14,0,14
7131,5124,39,14,25
7131,5154,10,10,0
7131,5158,95,25,70
7131,5162,83,20,63
7131,5166,47,24,23
7131,5170,22,0,22
7131,5314,8619,1031,7588
7131,5315,2049,330,1719
7131,5316,92,19,73
7131,5334,157,45,112
7131,5358,110,34,76
7131,5362,713,198,515
7131,5366,1323,523,800
7131,5370,17,17,0
7131,5374,67,17,50
7131,5378,98,41,57
7131,5382,5107,1635,3472
7131,5512,0,0,0
7131,5513,11,0,11
7131,5515,33,0,33
7131,5554,11,0,11
7131,5558,0,0,0
7131,5562,38,22,16
7131,5566,12,0,12
7131,5570,0,0,0
7131,5711,0,0,0
7131,5754,19,0,19
7131,5758,0,0,0
7131,5762,0,0,0
7131,5766,0,0,0
7131,5770,0,0,0
7131,5774,0,0,0
7131,5911,12,0,12
7131,5913,52,22,30
7131,5914,0,0,0
7131,5915,35,0,35
7131,5916,0,0,0
7131,5954,11,0,11
7131,5958,0,0,0
7131,5962,12,12,0
7131,5966,17,0,17
7131,5970,65,39,26
7131,5974,0,0,0
7131,5978,24,0,24
7131,6411,16,0,16
7131,6412,162,0,162
7131,6413,0,0,0
7131,6414,39,0,39
7131,6431,0,0,0
7131,6432,0,0,0
7131,6433,24,0,24
7131,6434,35,0,35
7131,6435,12,0,12
7131,6436,34,0,34
7131,6437,0,0,0
7131,6438,29,0,29
7131,6439,16,0,16
7131,6440,0,0,0
7131,6531,0,0,0
7131,6532,0,0,0
7131,6533,36,11,25
7131,6534,0,0,0
7131,6535,0,0,0
7131,6611,0,0,0
7131,6631,0,0,0
7131,6632,0,0,0
7131,6633,0,0,0
7131,6634,0,0,0
7131,6635,0,0,0
7131,6636,0,0,0
7131,7111,1668,303,1365
7131,7131,0,0,0
7131,7132,114,38,76
7131,7133,26,10,16
7131,7134,0,0,0
7131,7135,311,170,141
7131,7137,6504,3061,3443
7131,7138,2024,901,1123
7131,7140,138,54,84
7131,7141,163,77,86
7131,7143,301,98,203
7131,7211,100,15,85
7131,7231,74,39,35
7131,7232,76,17,59
7131,7233,985,528,457
7131,7235,27,0,27
7131,7311,0,0,0
7131,7312,0,0,0
7131,7313,0,0,0
7131,7314,0,0,0
7131,7315,90,0,90
7131,7316,10,0,10
7131,7317,0,0,0
7131,7318,0,0,0
7131,7319,0,0,0
7131,7320,0,0,0
7131,7331,0,0,0
7131,7332,0,0,0
7131,7333,15,15,0
7131,7334,0,0,0
7131,7335,0,0,0
7131,7336,0,0,0
7131,7337,0,0,0
7131,7338,14,14,0
7131,7339,10,10,0
7131,7340,0,0,0
7131,8111,34,0,34
7131,8115,0,0,0
7131,8116,17,0,17
7131,8117,0,0,0
7131,8118,13,0,13
7131,8119,0,0,0
7131,8121,0,0,0
7131,8125,11,0,11
7131,8126,0,0,0
7131,8127,0,0,0
7131,8128,0,0,0
7131,8135,0,0,0
7131,8136,15,15,0
7131,8211,0,0,0
7131,8212,0,0,0
7131,8215,11,0,11
7131,8216,0,0,0
7131,8221,13,0,13
7131,8222,21,0,21
7131,8225,0,0,0
7131,8226,15,0,15
7131,8231,0,0,0
7131,8235,0,0,0
7131,8236,0,0,0
7131,8237,0,0,0
7131,8311,0,0,0
7131,8315,0,0,0
7131,8316,0,0,0
7131,8317,0,0,0
7131,8325,0,0,0
7131,8326,0,0,0
7131,8327,0,0,0
7131,8335,0,0,0
7131,8336,0,0,0
7131,8337,0,0,0
7131,8415,0,0,0
7131,8416,0,0,0
7131,8417,0,0,0
7131,8421,0,0,0
7131,8425,0,0,0
7131,8426,0,0,0
7131,8435,0,0,0
7131,8436,0,0,0
7131,8437,0,0,0
7131,9161,0,0,0
7131,9162,103,14,89
7131,9163,0,0,0
7131,9171,0,0,0
7131,9172,0,0,0
7131,9173,0,0,0
7131,9174,0,0,0
7131,9175,0,0,0
7131,9176,0,0,0
7131,9177,0,0,0
7131,9178,10,0,10
7131,9179,0,0,0
7131,9180,0,0,0
7131,9181,0,0,0
7131,9182,0,0,0
7131,9183,0,0,0
7131,9184,46,0,46
7131,9185,0,0,0
7131,9186,0,0,0
7131,9187,0,0,0
7131,9188,0,0,0
7131,9189,0,0,0
7131,9190,0,0,0
7131,9261,0,0,0
7131,9262,0,0,0
7131,9263,0,0,0
7131,9271,0,0,0
7131,9272,0,0,0
7131,9273,0,0,0
7131,9274,0,0,0
7131,9275,0,0,0
7131,9276,0,0,0
7131,9277,0,0,0
7131,9278,0,0,0
7131,9279,0,0,0
7131,9361,0,0,0
7131,9362,0,0,0
7131,9363,0,0,0
7131,9371,0,0,0
7131,9372,0,0,0
7131,9373,0,0,0
7131,9374,0,0,0
7131,9375,0,0,0
7131,9376,0,0,0
7131,9377,0,0,0
7131,9461,0,0,0
7131,9462,0,0,0
7131,9463,0,0,0
7131,9464,0,0,0
7131,9471,0,0,0
7131,9472,0,0,0
7131,9473,0,0,0
7131,9474,0,0,0
7131,9475,0,0,0
7131,9476,0,0,0
7131,9477,0,0,0
7131,9478,0,0,0
7131,9479,0,0,0
7131,9561,0,0,0
7131,9562,0,0,0
7131,9563,0,0,0
7131,9564,24,0,24
7131,9565,0,0,0
7131,9571,0,0,0
7131,9572,0,0,0
7131,9573,0,0,0
7131,9574,0,0,0
7131,9575,0,0,0
7131,9576,0,0,0
7131,9577,0,0,0
7131,9661,0,0,0
7131,9662,0,0,0
7131,9663,0,0,0
7131,9671,0,0,0
7131,9672,0,0,0
7131,9673,0,0,0
7131,9674,0,0,0
7131,9675,0,0,0
7131,9676,0,0,0
7131,9677,0,0,0
7131,9678,0,0,0
7131,9679,0,0,0
7131,9761,0,0,0
7131,9762,0,0,0
7131,9763,0,0,0
7131,9764,0,0,0
7131,9771,0,0,0
7131,9772,0,0,0
7131,9773,0,0,0
7131,9774,0,0,0
7131,9775,0,0,0
7131,9776,0,0,0
7131,9777,0,0,0
7131,9778,0,0,0
7131,9779,0,0,0
7131,9780,0,0,0
7131,10041,46,12,34
7131,10042,0,0,0
7131,10043,0,0,0
7131,10044,0,0,0
7131,10045,0,0,0
7131,10046,0,0,0
7131,11000,194,57,137
7131,12051,0,0,0
7131,12052,0,0,0
7131,12053,0,0,0
7131,12054,0,0,0
7131,12060,0,0,0
7131,12061,0,0,0
7131,12062,0,0,0
7131,12063,0,0,0
7131,12064,0,0,0
7131,12065,0,0,0
7131,12066,0,0,0
7131,12067,0,0,0
7131,12068,0,0,0
7131,12069,0,0,0
7131,12070,0,0,0
7131,12071,0,0,0
7131,12072,0,0,0
7131,12073,0,0,0
7131,13003,0,0,0
7131,13004,0,0,0
7131,13071,0,0,0
7131,13072,0,0,0
7131,13073,0,0,0
7131,13074,0,0,0
7131,13075,0,0,0
7131,13076,0,0,0
7131,14511,17,0,17
7131,14521,0,0,0
7131,14522,0,0,0
7131,14523,0,0,0
7131,14524,0,0,0
7131,14612,0,0,0
7131,14625,0,0,0
7131,14626,0,0,0
7131,14627,0,0,0
7131,14628,0,0,0
7131,14713,0,0,0
7131,14729,0,0,0
7131,14730,0,0,0
7131,15001,0,0,0
7131,15002,0,0,0
7131,15003,0,0,0
7131,15081,0,0,0
7131,15082,0,0,0
7131,15083,0,0,0
7131,15084,0,0,0
7131,15085,0,0,0
7131,15086,0,0,0
7131,15087,0,0,0
7131,15088,0,0,0
7131,15089,0,0,0
7131,15090,0,0,0
7131,15091,0,0,0
7131,16051,0,0,0
7131,16052,0,0,0
7131,16053,0,0,0
7131,16054,0,0,0
7131,16055,0,0,0
7131,16056,0,0,0
7131,16061,0,0,0
7131,16062,0,0,0
7131,16063,0,0,0
7131,16064,0,0,0
7131,16065,0,0,0
7131,16066,0,0,0
7131,16067,0,0,0
7131,16068,0,0,0
7131,16069,0,0,0
7131,16070,0,0,0
7131,16071,0,0,0
7131,16072,0,0,0
7131,16073,0,0,0
7131,16074,0,0,0
7131,16075,0,0,0
7131,16076,0,0,0
7131,16077,0,0,0
7132,1001,0,0,0
7132,1002,0,0,0
7132,1003,0,0,0
7132,1004,0,0,0
7132,1051,0,0,0
7132,1053,0,0,0
7132,1054,0,0,0
7132,1055,0,0,0
7132,1056,0,0,0
7132,1057,0,0,0
7132,1058,0,0,0
7132,1059,0,0,0
7132,1060,11,0,11
7132,1061,0,0,0
7132,1062,0,0,0
7132,2000,64,17,47
7132,3101,0,0,0
7132,3102,0,0,0
7132,3103,0,0,0
7132,3151,0,0,0
7132,3153,0,0,0
7132,3154,0,0,0
7132,3155,0,0,0
7132,3157,0,0,0
7132,3158,0,0,0
7132,3159,0,0,0
7132,3241,28,0,28
7132,3251,0,0,0
7132,3252,0,0,0
7132,3254,0,0,0
7132,3255,0,0,0
7132,3256,0,0,0
7132,3257,0,0,0
7132,3351,0,0,0
7132,3352,0,0,0
7132,3353,0,0,0
7132,3354,0,0,0
7132,3355,0,0,0
7132,3356,0,0,0
7132,3357,0,0,0
7132,3358,0,0,0
7132,3359,0,0,0
7132,3360,0,0,0
7132,3361,0,0,0
7132,3401,0,0,0
7132,3402,0,0,0
7132,3403,0,0,0
7132,3404,0,0,0
7132,3405,0,0,0
7132,3451,0,0,0
7132,3452,0,0,0
7132,3453,0,0,0
7132,3454,11,0,11
7132,3455,0,0,0
7132,3456,0,0,0
7132,3457,0,0,0
7132,3458,0,0,0
7132,3459,0,0,0
7132,3460,0,0,0
7132,3461,0,0,0
7132,3462,0,0,0
7132,4011,0,0,0
7132,4012,0,0,0
7132,5111,136,20,116
7132,5112,49,27,22
7132,5113,99,15,84
7132,5114,15,0,15
7132,5116,25,13,12
7132,5117,0,0,0
7132,5119,23,10,13
7132,5120,10,0,10
7132,5122,12,12,0
7132,5124,23,0,23
7132,5154,13,0,13
7132,5158,78,20,58
7132,5162,50,11,39
7132,5166,17,0,17
7132,5170,21,0,21
7132,5314,580,84,496
7132,5315,1003,132,871
7132,5316,57,12,45
7132,5334,37,19,18
7132,5358,34,13,21
7132,5362,127,37,90
7132,5366,31,15,16
7132,5370,0,0,0
7132,5374,2737,804,1933
7132,5378,125,55,70
7132,5382,2843,950,1893
7132,5512,0,0,0
7132,5513,23,11,12
7132,5515,18,0,18
7132,5554,13,13,0
7132,5558,0,0,0
7132,5562,36,20,16
7132,5566,0,0,0
7132,5570,0,0,0
7132,5711,29,0,29
7132,5754,10,0,10
7132,5758,0,0,0
7132,5762,0,0,0
7132,5766,0,0,0
7132,5770,0,0,0
7132,5774,0,0,0
7132,5911,36,15,21
7132,5913,75,30,45
7132,5914,33,12,21
7132,5915,0,0,0
7132,5916,0,0,0
7132,5954,28,15,13
7132,5958,34,0,34
7132,5962,132,47,85
7132,5966,787,186,601
7132,5970,11504,3021,8483
7132,5974,0,0,0
7132,5978,32,20,12
7132,6411,19,0,19
7132,6412,245,25,220
7132,6413,11,11,0
7132,6414,58,24,34
7132,6431,0,0,0
7132,6432,12,0,12
7132,6433,38,14,24
7132,6434,32,12,20
7132,6435,42,26,16
7132,6436,21,0,21
7132,6437,54,0,54
7132,6438,42,14,28
7132,6439,23,11,12
7132,6440,29,15,14
7132,6531,92,31,61
7132,6532,717,190,527
7132,6533,182,86,96
7132,6534,38,14,24
7132,6535,0,0,0
7132,6611,0,0,0
7132,6631,0,0,0
7132,6632,0,0,0
7132,6633,0,0,0
7132,6634,0,0,0
7132,6635,0,0,0
7132,6636,0,0,0
7132,7111,389,67,322
7132,7131,114,76,38
7132,7132,0,0,0
7132,7133,28,18,10
7132,7134,0,0,0
7132,7135,31,10,21
7132,7137,429,147,282
7132,7138,4450,1859,2591
7132,7140,26,14,12
7132,7141,149,77,72
7132,7143,7123,3686,3437
7132,7211,23,0,23
7132,7231,0,0,0
7132,7232,0,0,0
7132,7233,0,0,0
7132,7235,0,0,0
7132,7311,13,0,13
7132,7312,0,0,0
7132,7313,0,0,0
7132,7314,12,0,12
7132,7315,107,17,90
7132,7316,56,0,56
7132,7317,0,0,0
7132,7318,0,0,0
7132,7319,0,0,0
7132,7320,0,0,0
7132,7331,0,0,0
7132,7332,0,0,0
7132,7333,0,0,0
7132,7334,10,0,10
7132,7335,0,0,0
7132,7336,0,0,0
7132,7337,0,0,0
7132,7338,0,0,0
7132,7339,13,0,13
7132,7340,0,0,0
7132,8111,26,0,26
7132,8115,0,0,0
7132,8116,16,0,16
7132,8117,0,0,0
7132,8118,17,0,17
7132,8119,0,0,0
7132,8121,0,0,0
7132,8125,0,0,0
7132,8126,10,0,10
7132,8127,0,0,0
7132,8128,0,0,0
7132,8135,0,0,0
7132,8136,0,0,0
7132,8211,0,0,0
7132,8212,0,0,0
7132,8215,13,0,13
7132,8216,0,0,0
7132,8221,0,0,0
7132,8222,18,0,18
7132,8225,0,0,0
7132,8226,12,0,12
7132,8231,0,0,0
7132,8235,0,0,0
7132,8236,0,0,0
7132,8237,0,0,0
7132,8311,0,0,0
7132,8315,0,0,0
7132,8316,0,0,0
7132,8317,10,0,10
7132,8325,0,0,0
7132,8326,0,0,0
7132,8327,0,0,0
7132,8335,0,0,0
7132,8336,0,0,0
7132,8337,0,0,0
7132,8415,0,0,0
7132,8416,0,0,0
7132,8417,0,0,0
7132,8421,0,0,0
7132,8425,0,0,0
7132,8426,0,0,0
7132,8435,0,0,0
7132,8436,0,0,0
7132,8437,0,0,0
7132,9161,0,0,0
7132,9162,61,11,50
7132,9163,0,0,0
7132,9171,0,0,0
7132,9172,0,0,0
7132,9173,0,0,0
7132,9174,0,0,0
7132,9175,0,0,0
7132,9176,0,0,0
7132,9177,0,0,0
7132,9178,11,0,11
7132,9179,0,0,0
7132,9180,0,0,0
7132,9181,0,0,0
7132,9182,0,0,0
7132,9183,0,0,0
7132,9184,35,0,35
7132,9185,0,0,0
7132,9186,0,0,0
7132,9187,0,0,0
7132,9188,0,0,0
7132,9189,0,0,0
7132,9190,0,0,0
7132,9261,0,0,0
7132,9262,0,0,0
7132,9263,0,0,0
7132,9271,0,0,0
7132,9272,0,0,0
7132,9273,0,0,0
7132,9274,0,0,0
7132,9275,0,0,0
7132,9276,0,0,0
7132,9277,0,0,0
7132,9278,0,0,0
7132,9279,0,0,0
7132,9361,0,0,0
7132,9362,0,0,0
7132,9363,0,0,0
7132,9371,0,0,0
7132,9372,0,0,0
7132,9373,0,0,0
7132,9374,0,0,0
7132,9375,0,0,0
7132,9376,0,0,0
7132,9377,0,0,0
7132,9461,0,0,0
7132,9462,0,0,0
7132,9463,0,0,0
7132,9464,0,0,0
7132,9471,0,0,0
7132,9472,0,0,0
7132,9473,0,0,0
7132,9474,0,0,0
7132,9475,0,0,0
7132,9476,0,0,0
7132,9477,0,0,0
7132,9478,0,0,0
7132,9479,0,0,0
7132,9561,0,0,0
7132,9562,0,0,0
7132,9563,0,0,0
7132,9564,17,0,17
7132,9565,0,0,0
7132,9571,0,0,0
7132,9572,0,0,0
7132,9573,0,0,0
7132,9574,0,0,0
7132,9575,0,0,0
7132,9576,0,0,0
7132,9577,0,0,0
7132,9661,0,0,0
7132,9662,0,0,0
7132,9663,0,0,0
7132,9671,0,0,0
7132,9672,0,0,0
7132,9673,0,0,0
7132,9674,0,0,0
7132,9675,0,0,0
7132,9676,0,0,0
7132,9677,0,0,0
7132,9678,0,0,0
7132,9679,0,0,0
7132,9761,0,0,0
7132,9762,0,0,0
7132,9763,0,0,0
7132,9764,0,0,0
7132,9771,0,0,0
7132,9772,0,0,0
7132,9773,0,0,0
7132,9774,0,0,0
7132,9775,0,0,0
7132,9776,0,0,0
7132,9777,0,0,0
7132,9778,0,0,0
7132,9779,0,0,0
7132,9780,86,0,86
7132,10041,23,0,23
7132,10042,0,0,0
7132,10043,0,0,0
7132,10044,0,0,0
7132,10045,0,0,0
7132,10046,0,0,0
7132,11000,105,45,60
7132,12051,0,0,0
7132,12052,0,0,0
7132,12053,0,0,0
7132,12054,0,0,0
7132,12060,0,0,0
7132,12061,0,0,0
7132,12062,0,0,0
7132,12063,0,0,0
7132,12064,0,0,0
7132,12065,0,0,0
7132,12066,0,0,0
7132,12067,0,0,0
7132,12068,0,0,0
7132,12069,0,0,0
7132,12070,0,0,0
7132,12071,0,0,0
7132,12072,0,0,0
7132,12073,0,0,0
7132,13003,0,0,0
7132,13004,0,0,0
7132,13071,0,0,0
7132,13072,0,0,0
7132,13073,0,0,0
7132,13074,0,0,0
7132,13075,0,0,0
7132,13076,0,0,0
7132,14511,0,0,0
7132,14521,0,0,0
7132,14522,0,0,0
7132,14523,0,0,0
7132,14524,0,0,0
7132,14612,10,10,0
7132,14625,0,0,0
7132,14626,0,0,0
7132,14627,58,0,58
7132,14628,0,0,0
7132,14713,0,0,0
7132,14729,0,0,0
7132,14730,0,0,0
7132,15001,0,0,0
7132,15002,0,0,0
7132,15003,0,0,0
7132,15081,0,0,0
7132,15082,0,0,0
7132,15083,0,0,0
7132,15084,0,0,0
7132,15085,0,0,0
7132,15086,0,0,0
7132,15087,0,0,0
7132,15088,0,0,0
7132,15089,0,0,0
7132,15090,0,0,0
7132,15091,0,0,0
7132,16051,0,0,0
7132,16052,0,0,0
7132,16053,0,0,0
7132,16054,0,0,0
7132,16055,0,0,0
7132,16056,0,0,0
7132,16061,0,0,0
7132,16062,0,0,0
7132,16063,0,0,0
7132,16064,0,0,0
7132,16065,0,0,0
7132,16066,0,0,0
7132,16067,0,0,0
7132,16068,0,0,0
7132,16069,0,0,0
7132,16070,0,0,0
7132,16071,0,0,0
7132,16072,0,0,0
7132,16073,0,0,0
7132,16074,0,0,0
7132,16075,0,0,0
7132,16076,0,0,0
7132,16077,0,0,0
7133,1001,0,0,0
7133,1002,0,0,0
7133,1003,0,0,0
7133,1004,0,0,0
7133,1051,0,0,0
7133,1053,0,0,0
7133,1054,0,0,0
7133,1055,0,0,0
7133,1056,0,0,0
7133,1057,0,0,0
7133,1058,0,0,0
7133,1059,0,0,0
7133,1060,0,0,0
7133,1061,0,0,0
7133,1062,0,0,0
7133,2000,91,23,68
7133,3101,0,0,0
7133,3102,0,0,0
7133,3103,0,0,0
7133,3151,0,0,0
7133,3153,0,0,0
7133,3154,0,0,0
7133,3155,0,0,0
7133,3157,0,0,0
7133,3158,0,0,0
7133,3159,0,0,0
7133,3241,42,32,10
7133,3251,0,0,0
7133,3252,0,0,0
7133,3254,14,14,0
7133,3255,0,0,0
7133,3256,0,0,0
7133,3257,0,0,0
7133,3351,0,0,0
7133,3352,0,0,0
7133,3353,0,0,0
7133,3354,279,279,0
7133,3355,0,0,0
7133,3356,0,0,0
7133,3357,0,0,0
7133,3358,0,0,0
7133,3359,0,0,0
7133,3360,0,0,0
7133,3361,0,0,0
7133,3401,0,0,0
7133,3402,0,0,0
7133,3403,0,0,0
7133,3404,0,0,0
7133,3405,0,0,0
7133,3451,0,0,0
7133,3452,0,0,0
7133,3453,0,0,0
7133,3454,0,0,0
7133,3455,0,0,0
7133,3456,0,0,0
7133,3457,0,0,0
7133,3458,0,0,0
7133,3459,0,0,0
7133,3460,0,0,0
7133,3461,0,0,0
7133,3462,0,0,0
7133,4011,21,0,21
7133,4012,0,0,0
7133,5111,73,12,61
7133,5112,11,11,0
7133,5113,32,13,19
7133,5114,35,24,11
7133,5116,12,12,0
7133,5117,13,0,13
7133,5119,12,0,12
7133,5120,0,0,0
7133,5122,0,0,0
7133,5124,10,0,10
7133,5154,45,17,28
7133,5158,46,13,33
7133,5162,30,15,15
7133,5166,19,19,0
7133,5170,13,13,0
7133,5314,56,16,40
7133,5315,137,24,113
7133,5316,0,0,0
7133,5334,10,0,10
7133,5358,0,0,0
7133,5362,59,33,26
7133,5366,0,0,0
7133,5370,0,0,0
7133,5374,25,13,12
7133,5378,11,0,11
7133,5382,48,20,28
7133,5512,0,0,0
7133,5513,0,0,0
7133,5515,0,0,0
7133,5554,0,0,0
7133,5558,0,0,0
7133,5562,0,0,0
7133,5566,22,22,0
7133,5570,0,0,0
7133,5711,0,0,0
7133,5754,34,0,34
7133,5758,0,0,0
7133,5762,0,0,0
7133,5766,10,10,0
7133,5770,0,0,0
7133,5774,0,0,0
7133,5911,20,0,20
7133,5913,15,0,15
7133,5914,0,0,0
7133,5915,0,0,0
7133,5916,0,0,0
7133,5954,0,0,0
7133,5958,0,0,0
7133,5962,0,0,0
7133,5966,0,0,0
7133,5970,13,0,13
7133,5974,13,13,0
7133,5978,48,11,37
7133,6411,113,17,96
7133,6412,1164,101,1063
7133,6413,78,35,43
7133,6414,1520,271,1249
7133,6431,90,28,62
7133,6432,86,35,51
7133,6433,667,124,543
7133,6434,82,15,67
7133,6435,117,30,87
7133,6436,394,77,317
7133,6437,10,0,10
7133,6438,220,38,182
7133,6439,400,162,238
7133,6440,47,19,28
7133,6531,39,16,23
7133,6532,29,13,16
7133,6533,45,20,25
7133,6534,42,0,42
7133,6535,0,0,0
7133,6611,18,0,18
7133,6631,11,0,11
7133,6632,0,0,0
7133,6633,0,0,0
7133,6634,0,0,0
7133,6635,0,0,0
7133,6636,0,0,0
7133,7111,330,58,272
7133,7131,26,16,10
7133,7132,28,10,18
7133,7133,0,0,0
7133,7134,3715,2000,1715
7133,7135,243,72,171
7133,7137,164,88,76
7133,7138,176,79,97
7133,7140,2788,1440,1348
7133,7141,85,59,26
7133,7143,87,43,44
7133,7211,144,22,122
7133,7231,181,85,96
7133,7232,46,27,19
7133,7233,33,20,13
7133,7235,58,32,26
7133,7311,56,17,39
7133,7312,328,106,222
7133,7313,0,0,0
7133,7314,123,34,89
7133,7315,4158,739,3419
7133,7316,22,10,12
7133,7317,0,0,0
7133,7318,35,11,24
7133,7319,239,92,147
7133,7320,16,0,16
7133,7331,3245,1815,1430
7133,7332,95,45,50
7133,7333,1791,1268,523
7133,7334,21,11,10
7133,7335,186,127,59
7133,7336,1507,1198,309
7133,7337,55,39,16
7133,7338,60,30,30
7133,7339,10301,3549,6752
7133,7340,24,24,0
7133,8111,183,10,173
7133,8115,40,12,28
7133,8116,45,12,33
7133,8117,12,0,12
7133,8118,25,0,25
7133,8119,19,0,19
7133,8121,17,0,17
7133,8125,28,10,18
7133,8126,14,0,14
7133,8127,0,0,0
7133,8128,0,0,0
7133,8135,0,0,0
7133,8136,0,0,0
7133,8211,0,0,0
7133,8212,45,0,45
7133,8215,52,18,34
7133,8216,0,0,0
7133,8221,26,10,16
7133,8222,188,39,149
7133,8225,0,0,0
7133,8226,110,45,65
7133,8231,0,0,0
7133,8235,0,0,0
7133,8236,0,0,0
7133,8237,0,0,0
7133,8311,0,0,0
7133,8315,11,11,0
7133,8316,0,0,0
7133,8317,47,10,37
7133,8325,0,0,0
7133,8326,12,12,0
7133,8327,0,0,0
7133,8335,0,0,0
7133,8336,0,0,0
7133,8337,0,0,0
7133,8415,0,0,0
7133,8416,0,0,0
7133,8417,0,0,0
7133,8421,0,0,0
7133,8425,0,0,0
7133,8426,23,13,10
7133,8435,0,0,0
7133,8436,13,0,13
7133,8437,0,0,0
7133,9161,0,0,0
7133,9162,98,20,78
7133,9163,0,0,0
7133,9171,0,0,0
7133,9172,0,0,0
7133,9173,11,11,0
7133,9174,0,0,0
7133,9175,0,0,0
7133,9176,0,0,0
7133,9177,0,0,0
7133,9178,0,0,0
7133,9179,0,0,0
7133,9180,0,0,0
7133,9181,0,0,0
7133,9182,0,0,0
7133,9183,0,0,0
7133,9184,47,0,47
7133,9185,0,0,0
7133,9186,0,0,0
7133,9187,0,0,0
7133,9188,0,0,0
7133,9189,0,0,0
7133,9190,0,0,0
7133,9261,0,0,0
7133,9262,0,0,0
7133,9263,0,0,0
7133,9271,0,0,0
7133,9272,0,0,0
7133,9273,0,0,0
7133,9274,0,0,0
7133,9275,0,0,0
7133,9276,0,0,0
7133,9277,0,0,0
7133,9278,0,0,0
7133,9279,0,0,0
7133,9361,0,0,0
7133,9362,0,0,0
7133,9363,0,0,0
7133,9371,0,0,0
7133,9372,0,0,0
7133,9373,0,0,0
7133,9374,0,0,0
7133,9375,0,0,0
7133,9376,0,0,0
7133,9377,0,0,0
7133,9461,0,0,0
7133,9462,0,0,0
7133,9463,0,0,0
7133,9464,0,0,0
7133,9471,106,0,106
7133,9472,0,0,0
7133,9473,0,0,0
7133,9474,0,0,0
7133,9475,11,0,11
7133,9476,0,0,0
7133,9477,0,0,0
7133,9478,0,0,0
7133,9479,0,0,0
7133,9561,0,0,0
7133,9562,0,0,0
7133,9563,0,0,0
7133,9564,30,0,30
7133,9565,0,0,0
7133,9571,0,0,0
7133,9572,0,0,0
7133,9573,0,0,0
7133,9574,0,0,0
7133,9575,0,0,0
7133,9576,0,0,0
7133,9577,0,0,0
7133,9661,15,0,15
7133,9662,0,0,0
7133,9663,0,0,0
7133,9671,19,0,19
7133,9672,0,0,0
7133,9673,0,0,0
7133,9674,0,0,0
7133,9675,0,0,0
7133,9676,11,0,11
7133,9677,0,0,0
7133,9678,0,0,0
7133,9679,0,0,0
7133,9761,0,0,0
7133,9762,0,0,0
7133,9763,0,0,0
7133,9764,0,0,0
7133,9771,0,0,0
7133,9772,0,0,0
7133,9773,0,0,0
7133,9774,0,0,0
7133,9775,0,0,0
7133,9776,0,0,0
7133,9777,0,0,0
7133,9778,0,0,0
7133,9779,0,0,0
7133,9780,0,0,0
7133,10041,140,48,92
7133,10042,15,15,0
7133,10043,59,48,11
7133,10044,46,26,20
7133,10045,58,22,36
7133,10046,82,53,29
7133,11000,157,57,100
7133,12051,0,0,0
7133,12052,0,0,0
7133,12053,0,0,0
7133,12054,0,0,0
7133,12060,0,0,0
7133,12061,0,0,0
7133,12062,0,0,0
7133,12063,0,0,0
7133,12064,16,16,0
7133,12065,0,0,0
7133,12066,0,0,0
7133,12067,0,0,0
7133,12068,0,0,0
7133,12069,0,0,0
7133,12070,0,0,0
7133,12071,0,0,0
7133,12072,0,0,0
7133,12073,0,0,0
7133,13003,0,0,0
7133,13004,0,0,0
7133,13071,0,0,0
7133,13072,0,0,0
7133,13073,0,0,0
7133,13074,0,0,0
7133,13075,0,0,0
7133,13076,0,0,0
7133,14511,0,0,0
7133,14521,0,0,0
7133,14522,10,10,0
7133,14523,0,0,0
7133,14524,0,0,0
7133,14612,0,0,0
7133,14625,14,14,0
7133,14626,0,0,0
7133,14627,0,0,0
7133,14628,0,0,0
7133,14713,17,17,0
7133,14729,0,0,0
7133,14730,0,0,0
7133,15001,0,0,0
7133,15002,0,0,0
7133,15003,0,0,0
7133,15081,21,21,0
7133,15082,0,0,0
7133,15083,0,0,0
7133,15084,0,0,0
7133,15085,0,0,0
7133,15086,0,0,0
7133,15087,0,0,0
7133,15088,10,10,0
7133,15089,0,0,0
7133,15090,0,0,0
7133,15091,0,0,0
7133,16051,0,0,0
7133,16052,0,0,0
7133,16053,0,0,0
7133,16054,0,0,0
7133,16055,0,0,0
7133,16056,0,0,0
7133,16061,0,0,0
7133,16062,0,0,0
7133,16063,0,0,0
7133,16064,30,30,0
7133,16065,0,0,0
7133,16066,0,0,0
7133,16067,15,15,0
7133,16068,0,0,0
7133,16069,0,0,0
7133,16070,0,0,0
7133,16071,0,0,0
7133,16072,0,0,0
7133,16073,0,0,0
7133,16074,0,0,0
7133,16075,0,0,0
7133,16076,0,0,0
7133,16077,0,0,0
7134,1001,0,0,0
7134,1002,0,0,0
7134,1003,0,0,0
7134,1004,27,0,27
7134,1051,0,0,0
7134,1053,0,0,0
7134,1054,0,0,0
7134,1055,0,0,0
7134,1056,0,0,0
7134,1057,0,0,0
7134,1058,0,0,0
7134,1059,0,0,0
7134,1060,0,0,0
7134,1061,0,0,0
7134,1062,0,0,0
7134,2000,53,30,23
7134,3101,0,0,0
7134,3102,0,0,0
7134,3103,0,0,0
7134,3151,0,0,0
7134,3153,0,0,0
7134,3154,0,0,0
7134,3155,0,0,0
7134,3157,0,0,0
7134,3158,0,0,0
7134,3159,0,0,0
7134,3241,36,14,22
7134,3251,0,0,0
7134,3252,0,0,0
7134,3254,0,0,0
7134,3255,0,0,0
7134,3256,0,0,0
7134,3257,0,0,0
7134,3351,0,0,0
7134,3352,0,0,0
7134,3353,0,0,0
7134,3354,0,0,0
7134,3355,0,0,0
7134,3356,0,0,0
7134,3357,0,0,0
7134,3358,0,0,0
7134,3359,0,0,0
7134,3360,0,0,0
7134,3361,0,0,0
7134,3401,0,0,0
7134,3402,0,0,0
7134,3403,0,0,0
7134,3404,0,0,0
7134,3405,0,0,0
7134,3451,0,0,0
7134,3452,0,0,0
7134,3453,0,0,0
7134,3454,0,0,0
7134,3455,0,0,0
7134,3456,0,0,0
7134,3457,0,0,0
7134,3458,0,0,0
7134,3459,0,0,0
7134,3460,0,0,0
7134,3461,0,0,0
7134,3462,0,0,0
7134,4011,0,0,0
7134,4012,0,0,0
7134,5111,30,0,30
7134,5112,0,0,0
7134,5113,10,0,10
7134,5114,0,0,0
7134,5116,0,0,0
7134,5117,0,0,0
7134,5119,0,0,0
7134,5120,0,0,0
7134,5122,0,0,0
7134,5124,0,0,0
7134,5154,0,0,0
7134,5158,0,0,0
7134,5162,0,0,0
7134,5166,0,0,0
7134,5170,0,0,0
7134,5314,11,0,11
7134,5315,69,29,40
7134,5316,0,0,0
7134,5334,0,0,0
7134,5358,11,0,11
7134,5362,21,0,21
7134,5366,0,0,0
7134,5370,0,0,0
7134,5374,0,0,0
7134,5378,0,0,0
7134,5382,12,0,12
7134,5512,0,0,0
7134,5513,0,0,0
7134,5515,14,14,0
7134,5554,0,0,0
7134,5558,0,0,0
7134,5562,0,0,0
7134,5566,0,0,0
7134,5570,0,0,0
7134,5711,0,0,0
7134,5754,13,0,13
7134,5758,0,0,0
7134,5762,0,0,0
7134,5766,0,0,0
7134,5770,0,0,0
7134,5774,0,0,0
7134,5911,0,0,0
7134,5913,0,0,0
7134,5914,0,0,0
7134,5915,0,0,0
7134,5916,0,0,0
7134,5954,0,0,0
7134,5958,0,0,0
7134,5962,0,0,0
7134,5966,0,0,0
7134,5970,0,0,0
7134,5974,0,0,0
7134,5978,0,0,0
7134,6411,19,0,19
7134,6412,154,24,130
7134,6413,0,0,0
7134,6414,90,25,65
7134,6431,10,0,10
7134,6432,14,14,0
7134,6433,64,0,64
7134,6434,35,10,25
7134,6435,109,17,92
7134,6436,40,13,27
7134,6437,0,0,0
7134,6438,50,14,36
7134,6439,25,14,11
7134,6440,0,0,0
7134,6531,0,0,0
7134,6532,0,0,0
7134,6533,13,0,13
7134,6534,0,0,0
7134,6535,0,0,0
7134,6611,0,0,0
7134,6631,0,0,0
7134,6632,0,0,0
7134,6633,0,0,0
7134,6634,0,0,0
7134,6635,0,0,0
7134,6636,0,0,0
7134,7111,80,11,69
7134,7131,0,0,0
7134,7132,0,0,0
7134,7133,3715,1715,2000
7134,7134,0,0,0
7134,7135,95,26,69
7134,7137,45,22,23
7134,7138,33,0,33
7134,7140,1411,382,1029
7134,7141,40,14,26
7134,7143,26,10,16
7134,7211,328,80,248
7134,7231,1727,525,1202
7134,7232,33,0,33
7134,7233,56,0,56
7134,7235,416,195,221
7134,7311,0,0,0
7134,7312,302,59,243
7134,7313,0,0,0
7134,7314,64,0,64
7134,7315,384,47,337
7134,7316,0,0,0
7134,7317,16,16,0
7134,7318,0,0,0
7134,7319,45,16,29
7134,7320,31,13,18
7134,7331,64,30,34
7134,7332,22,12,10
7134,7333,79,39,40
7134,7334,0,0,0
7134,7335,254,126,128
7134,7336,1199,900,299
7134,7337,0,0,0
7134,7338,11,0,11
7134,7339,209,67,142
7134,7340,58,44,14
7134,8111,17,0,17
7134,8115,12,0,12
7134,8116,0,0,0
7134,8117,0,0,0
7134,8118,0,0,0
7134,8119,0,0,0
7134,8121,0,0,0
7134,8125,10,10,0
7134,8126,12,0,12
7134,8127,0,0,0
7134,8128,0,0,0
7134,8135,0,0,0
7134,8136,0,0,0
7134,8211,0,0,0
7134,8212,19,0,19
7134,8215,0,0,0
7134,8216,0,0,0
7134,8221,0,0,0
7134,8222,37,0,37
7134,8225,0,0,0
7134,8226,20,0,20
7134,8231,0,0,0
7134,8235,0,0,0
7134,8236,0,0,0
7134,8237,0,0,0
7134,8311,0,0,0
7134,8315,0,0,0
7134,8316,0,0,0
7134,8317,0,0,0
7134,8325,0,0,0
7134,8326,0,0,0
7134,8327,0,0,0
7134,8335,0,0,0
7134,8336,0,0,0
7134,8337,0,0,0
7134,8415,0,0,0
7134,8416,0,0,0
7134,8417,0,0,0
7134,8421,0,0,0
7134,8425,24,0,24
7134,8426,0,0,0
7134,8435,0,0,0
7134,8436,0,0,0
7134,8437,0,0,0
7134,9161,0,0,0
7134,9162,63,34,29
7134,9163,0,0,0
7134,9171,0,0,0
7134,9172,0,0,0
7134,9173,0,0,0
7134,9174,0,0,0
7134,9175,0,0,0
7134,9176,0,0,0
7134,9177,0,0,0
7134,9178,0,0,0
7134,9179,0,0,0
7134,9180,0,0,0
7134,9181,0,0,0
7134,9182,0,0,0
7134,9183,11,11,0
7134,9184,35,0,35
7134,9185,0,0,0
7134,9186,0,0,0
7134,9187,0,0,0
7134,9188,0,0,0
7134,9189,0,0,0
7134,9190,0,0,0
7134,9261,0,0,0
7134,9262,0,0,0
7134,9263,0,0,0
7134,9271,0,0,0
7134,9272,0,0,0
7134,9273,0,0,0
7134,9274,0,0,0
7134,9275,0,0,0
7134,9276,0,0,0
7134,9277,0,0,0
7134,9278,0,0,0
7134,9279,0,0,0
7134,9361,0,0,0
7134,9362,0,0,0
7134,9363,0,0,0
7134,9371,0,0,0
7134,9372,0,0,0
7134,9373,0,0,0
7134,9374,0,0,0
7134,9375,0,0,0
7134,9376,0,0,0
7134,9377,0,0,0
7134,9461,0,0,0
7134,9462,0,0,0
7134,9463,0,0,0
7134,9464,0,0,0
7134,9471,0,0,0
7134,9472,0,0,0
7134,9473,0,0,0
7134,9474,0,0,0
7134,9475,0,0,0
7134,9476,0,0,0
7134,9477,0,0,0
7134,9478,0,0,0
7134,9479,0,0,0
7134,9561,0,0,0
7134,9562,0,0,0
7134,9563,0,0,0
7134,9564,18,0,18
7134,9565,0,0,0
7134,9571,0,0,0
7134,9572,0,0,0
7134,9573,0,0,0
7134,9574,0,0,0
7134,9575,0,0,0
7134,9576,0,0,0
7134,9577,0,0,0
7134,9661,0,0,0
7134,9662,0,0,0
7134,9663,0,0,0
7134,9671,0,0,0
7134,9672,0,0,0
7134,9673,0,0,0
7134,9674,0,0,0
7134,9675,0,0,0
7134,9676,0,0,0
7134,9677,0,0,0
7134,9678,0,0,0
7134,9679,0,0,0
7134,9761,0,0,0
7134,9762,0,0,0
7134,9763,18,18,0
7134,9764,0,0,0
7134,9771,0,0,0
7134,9772,0,0,0
7134,9773,0,0,0
7134,9774,0,0,0
7134,9775,0,0,0
7134,9776,0,0,0
7134,9777,47,47,0
7134,9778,0,0,0
7134,9779,0,0,0
7134,9780,21,21,0
7134,10041,404,146,258
7134,10042,188,71,117
7134,10043,309,132,177
7134,10044,146,71,75
7134,10045,162,62,100
7134,10046,2354,1067,1287
7134,11000,87,52,35
7134,12051,0,0,0
7134,12052,0,0,0
7134,12053,0,0,0
7134,12054,0,0,0
7134,12060,0,0,0
7134,12061,0,0,0
7134,12062,0,0,0
7134,12063,0,0,0
7134,12064,0,0,0
7134,12065,0,0,0
7134,12066,0,0,0
7134,12067,0,0,0
7134,12068,0,0,0
7134,12069,0,0,0
7134,12070,0,0,0
7134,12071,0,0,0
7134,12072,0,0,0
7134,12073,0,0,0
7134,13003,0,0,0
7134,13004,0,0,0
7134,13071,0,0,0
7134,13072,0,0,0
7134,13073,0,0,0
7134,13074,0,0,0
7134,13075,0,0,0
7134,13076,0,0,0
7134,14511,0,0,0
7134,14521,0,0,0
7134,14522,0,0,0
7134,14523,0,0,0
7134,14524,0,0,0
7134,14612,0,0,0
7134,14625,0,0,0
7134,14626,0,0,0
7134,14627,0,0,0
7134,14628,0,0,0
7134,14713,0,0,0
7134,14729,0,0,0
7134,14730,0,0,0
7134,15001,0,0,0
7134,15002,0,0,0
7134,15003,0,0,0
7134,15081,0,0,0
7134,15082,0,0,0
7134,15083,0,0,0
7134,15084,0,0,0
7134,15085,0,0,0
7134,15086,0,0,0
7134,15087,0,0,0
7134,15088,0,0,0
7134,15089,0,0,0
7134,15090,0,0,0
7134,15091,0,0,0
7134,16051,0,0,0
7134,16052,0,0,0
7134,16053,0,0,0
7134,16054,0,0,0
7134,16055,0,0,0
7134,16056,0,0,0
7134,16061,0,0,0
7134,16062,0,0,0
7134,16063,0,0,0
7134,16064,0,0,0
7134,16065,0,0,0
7134,16066,0,0,0
7134,16067,0,0,0
7134,16068,0,0,0
7134,16069,0,0,0
7134,16070,0,0,0
7134,16071,0,0,0
7134,16072,0,0,0
7134,16073,0,0,0
7134,16074,0,0,0
7134,16075,0,0,0
7134,16076,0,0,0
7134,16077,0,0,0
7135,1001,0,0,0
7135,1002,0,0,0
7135,1003,0,0,0
7135,1004,35,0,35
7135,1051,0,0,0
7135,1053,0,0,0
7135,1054,0,0,0
7135,1055,0,0,0
7135,1056,0,0,0
7135,1057,0,0,0
7135,1058,0,0,0
7135,1059,0,0,0
7135,1060,0,0,0
7135,1061,0,0,0
7135,1062,0,0,0
7135,2000,18,0,18
7135,3101,0,0,0
7135,3102,0,0,0
7135,3103,0,0,0
7135,3151,0,0,0
7135,3153,0,0,0
7135,3154,0,0,0
7135,3155,0,0,0
7135,3157,0,0,0
7135,3158,0,0,0
7135,3159,0,0,0
7135,3241,0,0,0
7135,3251,0,0,0
7135,3252,0,0,0
7135,3254,0,0,0
7135,3255,0,0,0
7135,3256,0,0,0
7135,3257,0,0,0
7135,3351,0,0,0
7135,3352,0,0,0
7135,3353,0,0,0
7135,3354,0,0,0
7135,3355,0,0,0
7135,3356,0,0,0
7135,3357,0,0,0
7135,3358,0,0,0
7135,3359,0,0,0
7135,3360,0,0,0
7135,3361,0,0,0
7135,3401,0,0,0
7135,3402,0,0,0
7135,3403,0,0,0
7135,3404,11,0,11
7135,3405,0,0,0
7135,3451,0,0,0
7135,3452,0,0,0
7135,3453,0,0,0
7135,3454,0,0,0
7135,3455,0,0,0
7135,3456,0,0,0
7135,3457,0,0,0
7135,3458,0,0,0
7135,3459,0,0,0
7135,3460,0,0,0
7135,3461,0,0,0
7135,3462,0,0,0
7135,4011,13,0,13
7135,4012,0,0,0
7135,5111,90,0,90
7135,5112,0,0,0
7135,5113,21,0,21
7135,5114,0,0,0
7135,5116,0,0,0
7135,5117,0,0,0
7135,5119,0,0,0
7135,5120,0,0,0
7135,5122,0,0,0
7135,5124,0,0,0
7135,5154,0,0,0
7135,5158,11,0,11
7135,5162,11,0,11
7135,5166,0,0,0
7135,5170,0,0,0
7135,5314,83,0,83
7135,5315,140,22,118
7135,5316,0,0,0
7135,5334,28,0,28
7135,5358,0,0,0
7135,5362,45,15,30
7135,5366,33,13,20
7135,5370,0,0,0
7135,5374,10,0,10
7135,5378,13,13,0
7135,5382,61,14,47
7135,5512,0,0,0
7135,5513,0,0,0
7135,5515,0,0,0
7135,5554,0,0,0
7135,5558,0,0,0
7135,5562,0,0,0
7135,5566,0,0,0
7135,5570,0,0,0
7135,5711,0,0,0
7135,5754,0,0,0
7135,5758,0,0,0
7135,5762,0,0,0
7135,5766,0,0,0
7135,5770,0,0,0
7135,5774,0,0,0
7135,5911,0,0,0
7135,5913,0,0,0
7135,5914,0,0,0
7135,5915,0,0,0
7135,5916,0,0,0
7135,5954,0,0,0
7135,5958,0,0,0
7135,5962,0,0,0
7135,5966,0,0,0
7135,5970,0,0,0
7135,5974,0,0,0
7135,5978,0,0,0
7135,6411,10,10,0
7135,6412,132,13,119
7135,6413,0,0,0
7135,6414,44,16,28
7135,6431,10,0,10
7135,6432,30,19,11
7135,6433,22,0,22
7135,6434,11,0,11
7135,6435,21,0,21
7135,6436,11,0,11
7135,6437,0,0,0
7135,6438,55,0,55
7135,6439,0,0,0
7135,6440,0,0,0
7135,6531,0,0,0
7135,6532,0,0,0
7135,6533,130,0,130
7135,6534,0,0,0
7135,6535,0,0,0
7135,6611,0,0,0
7135,6631,0,0,0
7135,6632,0,0,0
7135,6633,0,0,0
7135,6634,0,0,0
7135,6635,0,0,0
7135,6636,0,0,0
7135,7111,1720,174,1546
7135,7131,311,141,170
7135,7132,31,21,10
7135,7133,243,171,72
7135,7134,95,69,26
7135,7135,0,0,0
7135,7137,4380,1571,2809
7135,7138,298,135,163
7135,7140,2086,822,1264
7135,7141,132,50,82
7135,7143,234,73,161
7135,7211,476,245,231
7135,7231,2088,993,1095
7135,7232,129,62,67
7135,7233,1655,887,768
7135,7235,140,94,46
7135,7311,0,0,0
7135,7312,0,0,0
7135,7313,0,0,0
7135,7314,0,0,0
7135,7315,73,13,60
7135,7316,0,0,0
7135,7317,0,0,0
7135,7318,0,0,0
7135,7319,0,0,0
7135,7320,0,0,0
7135,7331,22,10,12
7135,7332,0,0,0
7135,7333,0,0,0
7135,7334,0,0,0
7135,7335,0,0,0
7135,7336,20,20,0
7135,7337,13,13,0
7135,7338,0,0,0
7135,7339,72,34,38
7135,7340,0,0,0
7135,8111,14,0,14
7135,8115,0,0,0
7135,8116,0,0,0
7135,8117,0,0,0
7135,8118,0,0,0
7135,8119,0,0,0
7135,8121,0,0,0
7135,8125,0,0,0
7135,8126,0,0,0
7135,8127,0,0,0
7135,8128,0,0,0
7135,8135,0,0,0
7135,8136,0,0,0
7135,8211,0,0,0
7135,8212,13,0,13
7135,8215,0,0,0
7135,8216,0,0,0
7135,8221,0,0,0
7135,8222,12,0,12
7135,8225,0,0,0
7135,8226,15,0,15
7135,8231,0,0,0
7135,8235,0,0,0
7135,8236,0,0,0
7135,8237,0,0,0
7135,8311,0,0,0
7135,8315,0,0,0
7135,8316,0,0,0
7135,8317,15,0,15
7135,8325,0,0,0
7135,8326,0,0,0
7135,8327,0,0,0
7135,8335,0,0,0
7135,8336,0,0,0
7135,8337,0,0,0
7135,8415,0,0,0
7135,8416,0,0,0
7135,8417,0,0,0
7135,8421,0,0,0
7135,8425,0,0,0
7135,8426,0,0,0
7135,8435,0,0,0
7135,8436,0,0,0
7135,8437,0,0,0
7135,9161,0,0,0
7135,9162,30,0,30
7135,9163,0,0,0
7135,9171,0,0,0
7135,9172,0,0,0
7135,9173,0,0,0
7135,9174,0,0,0
7135,9175,0,0,0
7135,9176,0,0,0
7135,9177,0,0,0
7135,9178,0,0,0
7135,9179,0,0,0
7135,9180,0,0,0
7135,9181,0,0,0
7135,9182,0,0,0
7135,9183,0,0,0
7135,9184,12,0,12
7135,9185,0,0,0
7135,9186,0,0,0
7135,9187,0,0,0
7135,9188,0,0,0
7135,9189,0,0,0
7135,9190,0,0,0
7135,9261,0,0,0
7135,9262,0,0,0
7135,9263,0,0,0
7135,9271,0,0,0
7135,9272,0,0,0
7135,9273,0,0,0
7135,9274,0,0,0
7135,9275,0,0,0
7135,9276,0,0,0
7135,9277,0,0,0
7135,9278,0,0,0
7135,9279,0,0,0
7135,9361,0,0,0
7135,9362,0,0,0
7135,9363,0,0,0
7135,9371,0,0,0
7135,9372,0,0,0
7135,9373,0,0,0
7135,9374,0,0,0
7135,9375,0,0,0
7135,9376,0,0,0
7135,9377,0,0,0
7135,9461,0,0,0
7135,9462,0,0,0
7135,9463,0,0,0
7135,9464,0,0,0
7135,9471,0,0,0
7135,9472,0,0,0
7135,9473,0,0,0
7135,9474,0,0,0
7135,9475,0,0,0
7135,9476,0,0,0
7135,9477,0,0,0
7135,9478,0,0,0
7135,9479,0,0,0
7135,9561,0,0,0
7135,9562,0,0,0
7135,9563,0,0,0
7135,9564,0,0,0
7135,9565,0,0,0
7135,9571,0,0,0
7135,9572,0,0,0
7135,9573,0,0,0
7135,9574,0,0,0
7135,9575,0,0,0
7135,9576,0,0,0
7135,9577,0,0,0
7135,9661,0,0,0
7135,9662,0,0,0
7135,9663,0,0,0
7135,9671,10,10,0
7135,9672,0,0,0
7135,9673,0,0,0
7135,9674,0,0,0
7135,9675,0,0,0
7135,9676,0,0,0
7135,9677,0,0,0
7135,9678,0,0,0
7135,9679,0,0,0
7135,9761,0,0,0
7135,9762,0,0,0
7135,9763,0,0,0
7135,9764,0,0,0
7135,9771,0,0,0
7135,9772,0,0,0
7135,9773,0,0,0
7135,9774,0,0,0
7135,9775,0,0,0
7135,9776,0,0,0
7135,9777,0,0,0
7135,9778,0,0,0
7135,9779,0,0,0
7135,9780,0,0,0
7135,10041,68,34,34
7135,10042,18,18,0
7135,10043,62,62,0
7135,10044,21,11,10
7135,10045,0,0,0
7135,10046,0,0,0
7135,11000,104,0,104
7135,12051,0,0,0
7135,12052,0,0,0
7135,12053,0,0,0
7135,12054,0,0,0
7135,12060,0,0,0
7135,12061,0,0,0
7135,12062,0,0,0
7135,12063,0,0,0
7135,12064,0,0,0
7135,12065,0,0,0
7135,12066,0,0,0
7135,12067,0,0,0
7135,12068,0,0,0
7135,12069,0,0,0
7135,12070,0,0,0
7135,12071,0,0,0
7135,12072,0,0,0
7135,12073,0,0,0
7135,13003,0,0,0
7135,13004,0,0,0
7135,13071,0,0,0
7135,13072,0,0,0
7135,13073,0,0,0
7135,13074,0,0,0
7135,13075,0,0,0
7135,13076,0,0,0
7135,14511,0,0,0
7135,14521,0,0,0
7135,14522,0,0,0
7135,14523,0,0,0
7135,14524,0,0,0
7135,14612,0,0,0
7135,14625,0,0,0
7135,14626,0,0,0
7135,14627,0,0,0
7135,14628,0,0,0
7135,14713,0,0,0
7135,14729,0,0,0
7135,14730,0,0,0
7135,15001,0,0,0
7135,15002,0,0,0
7135,15003,0,0,0
7135,15081,0,0,0
7135,15082,0,0,0
7135,15083,0,0,0
7135,15084,13,0,13
7135,15085,0,0,0
7135,15086,0,0,0
7135,15087,0,0,0
7135,15088,0,0,0
7135,15089,0,0,0
7135,15090,0,0,0
7135,15091,0,0,0
7135,16051,0,0,0
7135,16052,0,0,0
7135,16053,0,0,0
7135,16054,0,0,0
7135,16055,0,0,0
7135,16056,0,0,0
7135,16061,0,0,0
7135,16062,0,0,0
7135,16063,0,0,0
7135,16064,0,0,0
7135,16065,0,0,0
7135,16066,0,0,0
7135,16067,0,0,0
7135,16068,0,0,0
7135,16069,0,0,0
7135,16070,0,0,0
7135,16071,0,0,0
7135,16072,0,0,0
7135,16073,0,0,0
7135,16074,0,0,0
7135,16075,0,0,0
7135,16076,0,0,0
7135,16077,0,0,0
7137,1001,0,0,0
7137,1002,0,0,0
7137,1003,0,0,0
7137,1004,21,0,21
7137,1051,0,0,0
7137,1053,0,0,0
7137,1054,0,0,0
7137,1055,0,0,0
7137,1056,0,0,0
7137,1057,0,0,0
7137,1058,0,0,0
7137,1059,13,0,13
7137,1060,10,0,10
7137,1061,0,0,0
7137,1062,68,0,68
7137,2000,148,37,111
7137,3101,0,0,0
7137,3102,0,0,0
7137,3103,0,0,0
7137,3151,0,0,0
7137,3153,0,0,0
7137,3154,0,0,0
7137,3155,0,0,0
7137,3157,0,0,0
7137,3158,0,0,0
7137,3159,12,12,0
7137,3241,57,21,36
7137,3251,0,0,0
7137,3252,0,0,0
7137,3254,11,0,11
7137,3255,0,0,0
7137,3256,0,0,0
7137,3257,0,0,0
7137,3351,0,0,0
7137,3352,0,0,0
7137,3353,18,0,18
7137,3354,0,0,0
7137,3355,0,0,0
7137,3356,0,0,0
7137,3357,0,0,0
7137,3358,0,0,0
7137,3359,16,16,0
7137,3360,0,0,0
7137,3361,0,0,0
7137,3401,0,0,0
7137,3402,0,0,0
7137,3403,0,0,0
7137,3404,25,0,25
7137,3405,0,0,0
7137,3451,0,0,0
7137,3452,0,0,0
7137,3453,0,0,0
7137,3454,28,11,17
7137,3455,0,0,0
7137,3456,0,0,0
7137,3457,0,0,0
7137,3458,0,0,0
7137,3459,12,0,12
7137,3460,0,0,0
7137,3461,22,0,22
7137,3462,0,0,0
7137,4011,44,13,31
7137,4012,0,0,0
7137,5111,237,52,185
7137,5112,68,19,49
7137,5113,70,17,53
7137,5114,18,0,18
7137,5116,31,16,15
7137,5117,12,0,12
7137,5119,20,0,20
7137,5120,0,0,0
7137,5122,24,12,12
7137,5124,47,23,24
7137,5154,29,0,29
7137,5158,93,28,65
7137,5162,99,32,67
7137,5166,39,15,24
7137,5170,44,14,30
7137,5314,1276,269,1007
7137,5315,863,191,672
7137,5316,37,19,18
7137,5334,116,49,67
7137,5358,84,31,53
7137,5362,247,98,149
7137,5366,142,70,72
7137,5370,35,17,18
7137,5374,44,12,32
7137,5378,56,23,33
7137,5382,692,318,374
7137,5512,0,0,0
7137,5513,20,10,10
7137,5515,45,10,35
7137,5554,0,0,0
7137,5558,0,0,0
7137,5562,30,30,0
7137,5566,22,22,0
7137,5570,23,23,0
7137,5711,11,0,11
7137,5754,29,0,29
7137,5758,0,0,0
7137,5762,0,0,0
7137,5766,10,0,10
7137,5770,27,0,27
7137,5774,17,17,0
7137,5911,44,12,32
7137,5913,48,17,31
7137,5914,0,0,0
7137,5915,0,0,0
7137,5916,13,13,0
7137,5954,28,15,13
7137,5958,0,0,0
7137,5962,26,16,10
7137,5966,22,10,12
7137,5970,55,19,36
7137,5974,15,15,0
7137,5978,29,11,18
7137,6411,19,0,19
7137,6412,467,44,423
7137,6413,31,20,11
7137,6414,138,30,108
7137,6431,31,14,17
7137,6432,25,10,15
7137,6433,115,26,89
7137,6434,39,0,39
7137,6435,40,12,28
7137,6436,109,22,87
7137,6437,0,0,0
7137,6438,124,24,100
7137,6439,80,38,42
7137,6440,47,18,29
7137,6531,59,24,35
7137,6532,81,40,41
7137,6533,324,146,178
7137,6534,160,150,10
7137,6535,0,0,0
7137,6611,0,0,0
7137,6631,0,0,0
7137,6632,0,0,0
7137,6633,0,0,0
7137,6634,11,11,0
7137,6635,0,0,0
7137,6636,0,0,0
7137,7111,25132,5444,19688
7137,7131,6504,3443,3061
7137,7132,429,282,147
7137,7133,164,76,88
7137,7134,45,23,22
7137,7135,4380,2809,1571
7137,7137,0,0,0
7137,7138,12480,6426,6054
7137,7140,2426,1125,1301
7137,7141,2750,1535,1215
7137,7143,4093,2264,1829
7137,7211,289,68,221
7137,7231,263,157,106
7137,7232,100,25,75
7137,7233,897,543,354
7137,7235,98,66,32
7137,7311,25,0,25
7137,7312,28,14,14
7137,7313,0,0,0
7137,7314,62,29,33
7137,7315,332,44,288
7137,7316,12,0,12
7137,7317,14,0,14
7137,7318,35,0,35
7137,7319,24,11,13
7137,7320,0,0,0
7137,7331,63,32,31
7137,7332,29,29,0
7137,7333,32,20,12
7137,7334,0,0,0
7137,7335,22,22,0
7137,7336,0,0,0
7137,7337,10,10,0
7137,7338,33,22,11
7137,7339,114,48,66
7137,7340,0,0,0
7137,8111,66,15,51
7137,8115,20,0,20
7137,8116,36,11,25
7137,8117,0,0,0
7137,8118,49,13,36
7137,8119,11,0,11
7137,8121,0,0,0
7137,8125,37,18,19
7137,8126,24,0,24
7137,8127,0,0,0
7137,8128,13,0,13
7137,8135,0,0,0
7137,8136,0,0,0
7137,8211,0,0,0
7137,8212,19,0,19
7137,8215,26,14,12
7137,8216,0,0,0
7137,8221,20,0,20
7137,8222,81,35,46
7137,8225,0,0,0
7137,8226,76,27,49
7137,8231,0,0,0
7137,8235,0,0,0
7137,8236,0,0,0
7137,8237,0,0,0
7137,8311,0,0,0
7137,8315,0,0,0
7137,8316,0,0,0
7137,8317,55,34,21
7137,8325,0,0,0
7137,8326,13,0,13
7137,8327,0,0,0
7137,8335,14,0,14
7137,8336,12,0,12
7137,8337,0,0,0
7137,8415,0,0,0
7137,8416,0,0,0
7137,8417,0,0,0
7137,8421,17,0,17
7137,8425,0,0,0
7137,8426,0,0,0
7137,8435,0,0,0
7137,8436,10,0,10
7137,8437,0,0,0
7137,9161,0,0,0
7137,9162,158,43,115
7137,9163,0,0,0
7137,9171,0,0,0
7137,9172,0,0,0
7137,9173,0,0,0
7137,9174,0,0,0
7137,9175,0,0,0
7137,9176,0,0,0
7137,9177,0,0,0
7137,9178,12,0,12
7137,9179,0,0,0
7137,9180,0,0,0
7137,9181,0,0,0
7137,9182,0,0,0
7137,9183,0,0,0
7137,9184,53,0,53
7137,9185,0,0,0
7137,9186,0,0,0
7137,9187,0,0,0
7137,9188,0,0,0
7137,9189,0,0,0
7137,9190,0,0,0
7137,9261,0,0,0
7137,9262,0,0,0
7137,9263,0,0,0
7137,9271,0,0,0
7137,9272,0,0,0
7137,9273,0,0,0
7137,9274,0,0,0
7137,9275,0,0,0
7137,9276,0,0,0
7137,9277,0,0,0
7137,9278,0,0,0
7137,9279,0,0,0
7137,9361,0,0,0
7137,9362,0,0,0
7137,9363,0,0,0
7137,9371,0,0,0
7137,9372,0,0,0
7137,9373,0,0,0
7137,9374,0,0,0
7137,9375,0,0,0
7137,9376,18,18,0
7137,9377,0,0,0
7137,9461,0,0,0
7137,9462,0,0,0
7137,9463,0,0,0
7137,9464,0,0,0
7137,9471,0,0,0
7137,9472,0,0,0
7137,9473,0,0,0
7137,9474,0,0,0
7137,9475,0,0,0
7137,9476,0,0,0
7137,9477,0,0,0
7137,9478,0,0,0
7137,9479,0,0,0
7137,9561,0,0,0
7137,9562,0,0,0
7137,9563,0,0,0
7137,9564,33,0,33
7137,9565,0,0,0
7137,9571,0,0,0
7137,9572,0,0,0
7137,9573,0,0,0
7137,9574,0,0,0
7137,9575,0,0,0
7137,9576,0,0,0
7137,9577,0,0,0
7137,9661,0,0,0
7137,9662,0,0,0
7137,9663,0,0,0
7137,9671,28,10,18
7137,9672,0,0,0
7137,9673,0,0,0
7137,9674,0,0,0
7137,9675,10,0,10
7137,9676,0,0,0
7137,9677,0,0,0
7137,9678,0,0,0
7137,9679,11,0,11
7137,9761,21,10,11
7137,9762,0,0,0
7137,9763,0,0,0
7137,9764,0,0,0
7137,9771,0,0,0
7137,9772,18,0,18
7137,9773,0,0,0
7137,9774,0,0,0
7137,9775,0,0,0
7137,9776,0,0,0
7137,9777,0,0,0
7137,9778,0,0,0
7137,9779,0,0,0
7137,9780,13,0,13
7137,10041,101,16,85
7137,10042,0,0,0
7137,10043,0,0,0
7137,10044,16,0,16
7137,10045,46,15,31
7137,10046,0,0,0
7137,11000,242,70,172
7137,12051,0,0,0
7137,12052,0,0,0
7137,12053,0,0,0
7137,12054,0,0,0
7137,12060,0,0,0
7137,12061,0,0,0
7137,12062,10,0,10
7137,12063,0,0,0
7137,12064,0,0,0
7137,12065,0,0,0
7137,12066,0,0,0
7137,12067,16,0,16
7137,12068,0,0,0
7137,12069,0,0,0
7137,12070,0,0,0
7137,12071,0,0,0
7137,12072,0,0,0
7137,12073,0,0,0
7137,13003,0,0,0
7137,13004,0,0,0
7137,13071,0,0,0
7137,13072,0,0,0
7137,13073,0,0,0
7137,13074,22,22,0
7137,13075,39,39,0
7137,13076,11,11,0
7137,14511,0,0,0
7137,14521,0,0,0
7137,14522,0,0,0
7137,14523,0,0,0
7137,14524,10,10,0
7137,14612,13,0,13
7137,14625,0,0,0
7137,14626,0,0,0
7137,14627,0,0,0
7137,14628,0,0,0
7137,14713,20,20,0
7137,14729,0,0,0
7137,14730,0,0,0
7137,15001,0,0,0
7137,15002,0,0,0
7137,15003,0,0,0
7137,15081,0,0,0
7137,15082,0,0,0
7137,15083,0,0,0
7137,15084,13,13,0
7137,15085,0,0,0
7137,15086,0,0,0
7137,15087,0,0,0
7137,15088,22,12,10
7137,15089,0,0,0
7137,15090,0,0,0
7137,15091,0,0,0
7137,16051,0,0,0
7137,16052,0,0,0
7137,16053,0,0,0
7137,16054,0,0,0
7137,16055,0,0,0
7137,16056,0,0,0
7137,16061,0,0,0
7137,16062,0,0,0
7137,16063,0,0,0
7137,16064,0,0,0
7137,16065,0,0,0
7137,16066,0,0,0
7137,16067,0,0,0
7137,16068,0,0,0
7137,16069,0,0,0
7137,16070,0,0,0
7137,16071,0,0,0
7137,16072,0,0,0
7137,16073,0,0,0
7137,16074,23,23,0
7137,16075,0,0,0
7137,16076,0,0,0
7137,16077,0,0,0
7138,1001,0,0,0
7138,1002,10,10,0
7138,1003,16,16,0
7138,1004,10,0,10
7138,1051,0,0,0
7138,1053,0,0,0
7138,1054,0,0,0
7138,1055,10,10,0
7138,1056,0,0,0
7138,1057,0,0,0
7138,1058,0,0,0
7138,1059,0,0,0
7138,1060,10,10,0
7138,1061,0,0,0
7138,1062,44,0,44
7138,2000,129,44,85
7138,3101,0,0,0
7138,3102,0,0,0
7138,3103,0,0,0
7138,3151,0,0,0
7138,3153,0,0,0
7138,3154,0,0,0
7138,3155,0,0,0
7138,3157,0,0,0
7138,3158,0,0,0
7138,3159,0,0,0
7138,3241,68,37,31
7138,3251,0,0,0
7138,3252,0,0,0
7138,3254,22,11,11
7138,3255,0,0,0
7138,3256,0,0,0
7138,3257,0,0,0
7138,3351,0,0,0
7138,3352,0,0,0
7138,3353,10,0,10
7138,3354,0,0,0
7138,3355,0,0,0
7138,3356,0,0,0
7138,3357,0,0,0
7138,3358,0,0,0
7138,3359,0,0,0
7138,3360,0,0,0
7138,3361,0,0,0
7138,3401,0,0,0
7138,3402,0,0,0
7138,3403,0,0,0
7138,3404,0,0,0
7138,3405,0,0,0
7138,3451,0,0,0
7138,3452,0,0,0
7138,3453,0,0,0
7138,3454,28,17,11
7138,3455,0,0,0
7138,3456,0,0,0
7138,3457,0,0,0
7138,3458,0,0,0
7138,3459,33,12,21
7138,3460,0,0,0
7138,3461,0,0,0
7138,3462,0,0,0
7138,4011,11,0,11
7138,4012,0,0,0
7138,5111,287,52,235
7138,5112,106,56,50
7138,5113,109,38,71
7138,5114,32,17,15
7138,5116,35,15,20
7138,5117,15,0,15
7138,5119,26,15,11
7138,5120,25,10,15
7138,5122,30,17,13
7138,5124,71,28,43
7138,5154,28,18,10
7138,5158,123,45,78
7138,5162,127,51,76
7138,5166,76,37,39
7138,5170,55,30,25
7138,5314,4673,801,3872
7138,5315,2112,473,1639
7138,5316,109,42,67
7138,5334,99,45,54
7138,5358,147,40,107
7138,5362,390,139,251
7138,5366,126,56,70
7138,5370,28,18,10
7138,5374,184,120,64
7138,5378,206,106,100
7138,5382,8776,3501,5275
7138,5512,0,0,0
7138,5513,32,19,13
7138,5515,24,11,13
7138,5554,27,14,13
7138,5558,12,12,0
7138,5562,61,32,29
7138,5566,37,18,19
7138,5570,12,12,0
7138,5711,29,11,18
7138,5754,27,0,27
7138,5758,11,11,0
7138,5762,0,0,0
7138,5766,25,13,12
7138,5770,25,10,15
7138,5774,0,0,0
7138,5911,61,27,34
7138,5913,73,44,29
7138,5914,11,0,11
7138,5915,0,0,0
7138,5916,0,0,0
7138,5954,35,23,12
7138,5958,57,43,14
7138,5962,56,35,21
7138,5966,46,24,22
7138,5970,126,38,88
7138,5974,13,13,0
7138,5978,36,17,19
7138,6411,18,0,18
7138,6412,298,28,270
7138,6413,14,0,14
7138,6414,98,37,61
7138,6431,23,11,12
7138,6432,28,13,15
7138,6433,88,11,77
7138,6434,54,12,42
7138,6435,43,18,25
7138,6436,74,13,61
7138,6437,0,0,0
7138,6438,76,16,60
7138,6439,55,32,23
7138,6440,31,13,18
7138,6531,49,19,30
7138,6532,76,41,35
7138,6533,430,161,269
7138,6534,15,15,0
7138,6535,0,0,0
7138,6611,0,0,0
7138,6631,0,0,0
7138,6632,0,0,0
7138,6633,11,11,0
7138,6634,0,0,0
7138,6635,0,0,0
7138,6636,0,0,0
7138,7111,6926,1907,5019
7138,7131,2024,1123,901
7138,7132,4450,2591,1859
7138,7133,176,97,79
7138,7134,33,33,0
7138,7135,298,163,135
7138,7137,12480,6054,6426
7138,7138,0,0,0
7138,7140,455,257,198
7138,7141,1059,649,410
7138,7143,6054,3185,2869
7138,7211,111,31,80
7138,7231,66,43,23
7138,7232,104,90,14
7138,7233,96,84,12
7138,7235,51,37,14
7138,7311,0,0,0
7138,7312,12,0,12
7138,7313,0,0,0
7138,7314,34,15,19
7138,7315,188,24,164
7138,7316,74,52,22
7138,7317,0,0,0
7138,7318,0,0,0
7138,7319,0,0,0
7138,7320,14,14,0
7138,7331,11,11,0
7138,7332,25,25,0
7138,7333,14,14,0
7138,7334,12,12,0
7138,7335,13,13,0
7138,7336,19,19,0
7138,7337,43,43,0
7138,7338,16,16,0
7138,7339,82,55,27
7138,7340,24,24,0
7138,8111,54,19,35
7138,8115,0,0,0
7138,8116,34,17,17
7138,8117,10,0,10
7138,8118,58,22,36
7138,8119,10,10,0
7138,8121,10,0,10
7138,8125,30,16,14
7138,8126,25,0,25
7138,8127,0,0,0
7138,8128,0,0,0
7138,8135,11,0,11
7138,8136,10,10,0
7138,8211,0,0,0
7138,8212,17,0,17
7138,8215,29,12,17
7138,8216,0,0,0
7138,8221,14,0,14
7138,8222,58,18,40
7138,8225,10,0,10
7138,8226,46,23,23
7138,8231,0,0,0
7138,8235,0,0,0
7138,8236,0,0,0
7138,8237,0,0,0
7138,8311,11,0,11
7138,8315,10,10,0
7138,8316,0,0,0
7138,8317,53,16,37
7138,8325,0,0,0
7138,8326,0,0,0
7138,8327,0,0,0
7138,8335,0,0,0
7138,8336,0,0,0
7138,8337,0,0,0
7138,8415,12,0,12
7138,8416,0,0,0
7138,8417,0,0,0
7138,8421,13,0,13
7138,8425,0,0,0
7138,8426,0,0,0
7138,8435,0,0,0
7138,8436,10,10,0
7138,8437,0,0,0
7138,9161,0,0,0
7138,9162,178,67,111
7138,9163,0,0,0
7138,9171,0,0,0
7138,9172,0,0,0
7138,9173,0,0,0
7138,9174,0,0,0
7138,9175,0,0,0
7138,9176,0,0,0
7138,9177,0,0,0
7138,9178,13,0,13
7138,9179,0,0,0
7138,9180,0,0,0
7138,9181,0,0,0
7138,9182,0,0,0
7138,9183,0,0,0
7138,9184,38,0,38
7138,9185,0,0,0
7138,9186,0,0,0
7138,9187,0,0,0
7138,9188,0,0,0
7138,9189,0,0,0
7138,9190,0,0,0
7138,9261,0,0,0
7138,9262,0,0,0
7138,9263,0,0,0
7138,9271,0,0,0
7138,9272,0,0,0
7138,9273,0,0,0
7138,9274,0,0,0
7138,9275,0,0,0
7138,9276,0,0,0
7138,9277,0,0,0
7138,9278,0,0,0
7138,9279,0,0,0
7138,9361,0,0,0
7138,9362,11,11,0
7138,9363,0,0,0
7138,9371,0,0,0
7138,9372,0,0,0
7138,9373,0,0,0
7138,9374,0,0,0
7138,9375,0,0,0
7138,9376,0,0,0
7138,9377,0,0,0
7138,9461,0,0,0
7138,9462,0,0,0
7138,9463,0,0,0
7138,9464,0,0,0
7138,9471,0,0,0
7138,9472,0,0,0
7138,9473,0,0,0
7138,9474,0,0,0
7138,9475,0,0,0
7138,9476,0,0,0
7138,9477,0,0,0
7138,9478,0,0,0
7138,9479,0,0,0
7138,9561,0,0,0
7138,9562,0,0,0
7138,9563,0,0,0
7138,9564,48,13,35
7138,9565,0,0,0
7138,9571,0,0,0
7138,9572,0,0,0
7138,9573,0,0,0
7138,9574,0,0,0
7138,9575,0,0,0
7138,9576,0,0,0
7138,9577,0,0,0
7138,9661,0,0,0
7138,9662,0,0,0
7138,9663,0,0,0
7138,9671,13,0,13
7138,9672,0,0,0
7138,9673,0,0,0
7138,9674,0,0,0
7138,9675,0,0,0
7138,9676,0,0,0
7138,9677,0,0,0
7138,9678,0,0,0
7138,9679,0,0,0
7138,9761,0,0,0
7138,9762,0,0,0
7138,9763,0,0,0
7138,9764,0,0,0
7138,9771,0,0,0
7138,9772,26,13,13
7138,9773,0,0,0
7138,9774,0,0,0
7138,9775,0,0,0
7138,9776,0,0,0
7138,9777,0,0,0
7138,9778,0,0,0
7138,9779,0,0,0
7138,9780,53,10,43
7138,10041,95,64,31
7138,10042,18,18,0
7138,10043,113,113,0
7138,10044,93,93,0
7138,10045,33,33,0
7138,10046,86,86,0
7138,11000,208,83,125
7138,12051,0,0,0
7138,12052,0,0,0
7138,12053,0,0,0
7138,12054,10,0,10
7138,12060,0,0,0
7138,12061,0,0,0
7138,12062,0,0,0
7138,12063,0,0,0
7138,12064,0,0,0
7138,12065,0,0,0
7138,12066,0,0,0
7138,12067,0,0,0
7138,12068,0,0,0
7138,12069,0,0,0
7138,12070,0,0,0
7138,12071,0,0,0
7138,12072,0,0,0
7138,12073,0,0,0
7138,13003,0,0,0
7138,13004,0,0,0
7138,13071,0,0,0
7138,13072,0,0,0
7138,13073,0,0,0
7138,13074,0,0,0
7138,13075,0,0,0
7138,13076,0,0,0
7138,14511,0,0,0
7138,14521,0,0,0
7138,14522,0,0,0
7138,14523,0,0,0
7138,14524,10,10,0
7138,14612,11,11,0
7138,14625,12,12,0
7138,14626,0,0,0
7138,14627,0,0,0
7138,14628,0,0,0
7138,14713,12,12,0
7138,14729,11,11,0
7138,14730,0,0,0
7138,15001,0,0,0
7138,15002,0,0,0
7138,15003,0,0,0
7138,15081,0,0,0
7138,15082,0,0,0
7138,15083,0,0,0
7138,15084,0,0,0
7138,15085,0,0,0
7138,15086,0,0,0
7138,15087,0,0,0
7138,15088,0,0,0
7138,15089,0,0,0
7138,15090,0,0,0
7138,15091,0,0,0
7138,16051,0,0,0
7138,16052,0,0,0
7138,16053,0,0,0
7138,16054,13,13,0
7138,16055,0,0,0
7138,16056,0,0,0
7138,16061,0,0,0
7138,16062,0,0,0
7138,16063,0,0,0
7138,16064,0,0,0
7138,16065,0,0,0
7138,16066,17,17,0
7138,16067,12,12,0
7138,16068,0,0,0
7138,16069,95,95,0
7138,16070,107,107,0
7138,16071,0,0,0
7138,16072,10,10,0
7138,16073,24,24,0
7138,16074,0,0,0
7138,16075,0,0,0
7138,16076,0,0,0
7138,16077,0,0,0
7140,1001,11,0,11
7140,1002,0,0,0
7140,1003,0,0,0
7140,1004,0,0,0
7140,1051,0,0,0
7140,1053,0,0,0
7140,1054,0,0,0
7140,1055,0,0,0
7140,1056,0,0,0
7140,1057,0,0,0
7140,1058,0,0,0
7140,1059,12,0,12
7140,1060,0,0,0
7140,1061,0,0,0
7140,1062,17,0,17
7140,2000,94,19,75
7140,3101,0,0,0
7140,3102,0,0,0
7140,3103,0,0,0
7140,3151,0,0,0
7140,3153,0,0,0
7140,3154,0,0,0
7140,3155,0,0,0
7140,3157,0,0,0
7140,3158,0,0,0
7140,3159,0,0,0
7140,3241,10,0,10
7140,3251,0,0,0
7140,3252,0,0,0
7140,3254,0,0,0
7140,3255,0,0,0
7140,3256,0,0,0
7140,3257,0,0,0
7140,3351,0,0,0
7140,3352,0,0,0
7140,3353,0,0,0
7140,3354,0,0,0
7140,3355,0,0,0
7140,3356,0,0,0
7140,3357,0,0,0
7140,3358,0,0,0
7140,3359,0,0,0
7140,3360,0,0,0
7140,3361,0,0,0
7140,3401,0,0,0
7140,3402,0,0,0
7140,3403,0,0,0
7140,3404,0,0,0
7140,3405,0,0,0
7140,3451,0,0,0
7140,3452,0,0,0
7140,3453,0,0,0
7140,3454,0,0,0
7140,3455,0,0,0
7140,3456,0,0,0
7140,3457,0,0,0
7140,3458,0,0,0
7140,3459,0,0,0
7140,3460,0,0,0
7140,3461,0,0,0
7140,3462,0,0,0
7140,4011,16,0,16
7140,4012,0,0,0
7140,5111,104,30,74
7140,5112,0,0,0
7140,5113,58,0,58
7140,5114,0,0,0
7140,5116,15,0,15
7140,5117,0,0,0
7140,5119,0,0,0
7140,5120,0,0,0
7140,5122,0,0,0
7140,5124,0,0,0
7140,5154,11,0,11
7140,5158,46,24,22
7140,5162,101,26,75
7140,5166,22,10,12
7140,5170,0,0,0
7140,5314,109,22,87
7140,5315,191,40,151
7140,5316,0,0,0
7140,5334,33,13,20
7140,5358,10,10,0
7140,5362,61,31,30
7140,5366,13,13,0
7140,5370,0,0,0
7140,5374,23,10,13
7140,5378,27,0,27
7140,5382,102,38,64
7140,5512,0,0,0
7140,5513,0,0,0
7140,5515,0,0,0
7140,5554,0,0,0
7140,5558,0,0,0
7140,5562,16,16,0
7140,5566,0,0,0
7140,5570,0,0,0
7140,5711,0,0,0
7140,5754,0,0,0
7140,5758,0,0,0
7140,5762,21,21,0
7140,5766,40,40,0
7140,5770,0,0,0
7140,5774,0,0,0
7140,5911,0,0,0
7140,5913,26,0,26
7140,5914,0,0,0
7140,5915,0,0,0
7140,5916,0,0,0
7140,5954,11,11,0
7140,5958,0,0,0
7140,5962,0,0,0
7140,5966,0,0,0
7140,5970,14,0,14
7140,5974,0,0,0
7140,5978,13,0,13
7140,6411,65,19,46
7140,6412,562,63,499
7140,6413,17,17,0
7140,6414,400,102,298
7140,6431,33,18,15
7140,6432,40,16,24
7140,6433,352,74,278
7140,6434,57,16,41
7140,6435,61,22,39
7140,6436,126,32,94
7140,6437,0,0,0
7140,6438,109,29,80
7140,6439,125,50,75
7140,6440,35,19,16
7140,6531,27,16,11
7140,6532,13,0,13
7140,6533,82,19,63
7140,6534,0,0,0
7140,6535,0,0,0
7140,6611,0,0,0
7140,6631,0,0,0
7140,6632,0,0,0
7140,6633,0,0,0
7140,6634,10,0,10
7140,6635,0,0,0
7140,6636,0,0,0
7140,7111,3939,831,3108
7140,7131,138,84,54
7140,7132,26,12,14
7140,7133,2788,1348,1440
7140,7134,1411,1029,382
7140,7135,2086,1264,822
7140,7137,2426,1301,1125
7140,7138,455,198,257
7140,7140,0,0,0
7140,7141,694,421,273
7140,7143,361,189,172
7140,7211,169,26,143
7140,7231,1399,718,681
7140,7232,37,17,20
7140,7233,58,40,18
7140,7235,69,36,33
7140,7311,0,0,0
7140,7312,102,45,57
7140,7313,0,0,0
7140,7314,58,18,40
7140,7315,998,195,803
7140,7316,11,0,11
7140,7317,17,0,17
7140,7318,0,0,0
7140,7319,49,30,19
7140,7320,0,0,0
7140,7331,254,110,144
7140,7332,0,0,0
7140,7333,53,36,17
7140,7334,10,0,10
7140,7335,16,16,0
7140,7336,43,43,0
7140,7337,0,0,0
7140,7338,25,11,14
7140,7339,1836,701,1135
7140,7340,11,11,0
7140,8111,61,33,28
7140,8115,54,32,22
7140,8116,15,0,15
7140,8117,0,0,0
7140,8118,37,0,37
7140,8119,0,0,0
7140,8121,0,0,0
7140,8125,0,0,0
7140,8126,0,0,0
7140,8127,0,0,0
7140,8128,0,0,0
7140,8135,0,0,0
7140,8136,0,0,0
7140,8211,0,0,0
7140,8212,14,0,14
7140,8215,22,10,12
7140,8216,0,0,0
7140,8221,0,0,0
7140,8222,64,19,45
7140,8225,0,0,0
7140,8226,46,18,28
7140,8231,0,0,0
7140,8235,11,0,11
7140,8236,0,0,0
7140,8237,0,0,0
7140,8311,0,0,0
7140,8315,0,0,0
7140,8316,0,0,0
7140,8317,21,10,11
7140,8325,0,0,0
7140,8326,0,0,0
7140,8327,0,0,0
7140,8335,0,0,0
7140,8336,0,0,0
7140,8337,0,0,0
7140,8415,0,0,0
7140,8416,10,10,0
7140,8417,0,0,0
7140,8421,0,0,0
7140,8425,0,0,0
7140,8426,0,0,0
7140,8435,0,0,0
7140,8436,0,0,0
7140,8437,0,0,0
7140,9161,0,0,0
7140,9162,59,16,43
7140,9163,0,0,0
7140,9171,0,0,0
7140,9172,17,17,0
7140,9173,0,0,0
7140,9174,0,0,0
7140,9175,0,0,0
7140,9176,0,0,0
7140,9177,0,0,0
7140,9178,20,20,0
7140,9179,0,0,0
7140,9180,0,0,0
7140,9181,0,0,0
7140,9182,0,0,0
7140,9183,0,0,0
7140,9184,20,0,20
7140,9185,0,0,0
7140,9186,0,0,0
7140,9187,0,0,0
7140,9188,0,0,0
7140,9189,0,0,0
7140,9190,0,0,0
7140,9261,0,0,0
7140,9262,0,0,0
7140,9263,0,0,0
7140,9271,0,0,0
7140,9272,0,0,0
7140,9273,0,0,0
7140,9274,0,0,0
7140,9275,0,0,0
7140,9276,0,0,0
7140,9277,0,0,0
7140,9278,0,0,0
7140,9279,0,0,0
7140,9361,0,0,0
7140,9362,0,0,0
7140,9363,0,0,0
7140,9371,0,0,0
7140,9372,0,0,0
7140,9373,0,0,0
7140,9374,0,0,0
7140,9375,0,0,0
7140,9376,0,0,0
7140,9377,0,0,0
7140,9461,0,0,0
7140,9462,0,0,0
7140,9463,0,0,0
7140,9464,0,0,0
7140,9471,0,0,0
7140,9472,0,0,0
7140,9473,0,0,0
7140,9474,0,0,0
7140,9475,0,0,0
7140,9476,0,0,0
7140,9477,0,0,0
7140,9478,0,0,0
7140,9479,0,0,0
7140,9561,0,0,0
7140,9562,0,0,0
7140,9563,0,0,0
7140,9564,39,0,39
7140,9565,0,0,0
7140,9571,0,0,0
7140,9572,0,0,0
7140,9573,0,0,0
7140,9574,0,0,0
7140,9575,0,0,0
7140,9576,0,0,0
7140,9577,0,0,0
7140,9661,0,0,0
7140,9662,0,0,0
7140,9663,0,0,0
7140,9671,0,0,0
7140,9672,0,0,0
7140,9673,0,0,0
7140,9674,0,0,0
7140,9675,0,0,0
7140,9676,10,10,0
7140,9677,0,0,0
7140,9678,0,0,0
7140,9679,0,0,0
7140,9761,0,0,0
7140,9762,0,0,0
7140,9763,0,0,0
7140,9764,0,0,0
7140,9771,0,0,0
7140,9772,0,0,0
7140,9773,0,0,0
7140,9774,0,0,0
7140,9775,0,0,0
7140,9776,0,0,0
7140,9777,0,0,0
7140,9778,0,0,0
7140,9779,0,0,0
7140,9780,0,0,0
7140,10041,127,37,90
7140,10042,13,13,0
7140,10043,21,21,0
7140,10044,36,14,22
7140,10045,15,0,15
7140,10046,23,10,13
7140,11000,157,108,49
7140,12051,0,0,0
7140,12052,0,0,0
7140,12053,0,0,0
7140,12054,0,0,0
7140,12060,0,0,0
7140,12061,20,0,20
7140,12062,10,10,0
7140,12063,0,0,0
7140,12064,11,11,0
7140,12065,0,0,0
7140,12066,0,0,0
7140,12067,0,0,0
7140,12068,24,24,0
7140,12069,0,0,0
7140,12070,0,0,0
7140,12071,0,0,0
7140,12072,0,0,0
7140,12073,0,0,0
7140,13003,0,0,0
7140,13004,0,0,0
7140,13071,0,0,0
7140,13072,0,0,0
7140,13073,0,0,0
7140,13074,0,0,0
7140,13075,0,0,0
7140,13076,0,0,0
7140,14511,0,0,0
7140,14521,11,11,0
7140,14522,21,21,0
7140,14523,0,0,0
7140,14524,0,0,0
7140,14612,0,0,0
7140,14625,0,0,0
7140,14626,0,0,0
7140,14627,0,0,0
7140,14628,0,0,0
7140,14713,10,10,0
7140,14729,0,0,0
7140,14730,38,38,0
7140,15001,0,0,0
7140,15002,0,0,0
7140,15003,0,0,0
7140,15081,0,0,0
7140,15082,0,0,0
7140,15083,0,0,0
7140,15084,0,0,0
7140,15085,0,0,0
7140,15086,0,0,0
7140,15087,0,0,0
7140,15088,0,0,0
7140,15089,0,0,0
7140,15090,0,0,0
7140,15091,12,12,0
7140,16051,0,0,0
7140,16052,0,0,0
7140,16053,0,0,0
7140,16054,0,0,0
7140,16055,0,0,0
7140,16056,0,0,0
7140,16061,0,0,0
7140,16062,0,0,0
7140,16063,0,0,0
7140,16064,0,0,0
7140,16065,0,0,0
7140,16066,11,11,0
7140,16067,15,15,0
7140,16068,0,0,0
7140,16069,0,0,0
7140,16070,0,0,0
7140,16071,0,0,0
7140,16072,0,0,0
7140,16073,0,0,0
7140,16074,0,0,0
7140,16075,0,0,0
7140,16076,0,0,0
7140,16077,0,0,0
7141,1001,0,0,0
7141,1002,0,0,0
7141,1003,0,0,0
7141,1004,0,0,0
7141,1051,0,0,0
7141,1053,0,0,0
7141,1054,0,0,0
7141,1055,0,0,0
7141,1056,0,0,0
7141,1057,0,0,0
7141,1058,21,0,21
7141,1059,0,0,0
7141,1060,0,0,0
7141,1061,0,0,0
7141,1062,14,0,14
7141,2000,86,18,68
7141,3101,0,0,0
7141,3102,0,0,0
7141,3103,0,0,0
7141,3151,0,0,0
7141,3153,0,0,0
7141,3154,0,0,0
7141,3155,0,0,0
7141,3157,0,0,0
7141,3158,0,0,0
7141,3159,0,0,0
7141,3241,36,14,22
7141,3251,0,0,0
7141,3252,0,0,0
7141,3254,0,0,0
7141,3255,0,0,0
7141,3256,0,0,0
7141,3257,0,0,0
7141,3351,0,0,0
7141,3352,0,0,0
7141,3353,0,0,0
7141,3354,0,0,0
7141,3355,0,0,0
7141,3356,0,0,0
7141,3357,0,0,0
7141,3358,0,0,0
7141,3359,0,0,0
7141,3360,0,0,0
7141,3361,0,0,0
7141,3401,0,0,0
7141,3402,0,0,0
7141,3403,0,0,0
7141,3404,11,0,11
7141,3405,0,0,0
7141,3451,0,0,0
7141,3452,0,0,0
7141,3453,0,0,0
7141,3454,0,0,0
7141,3455,0,0,0
7141,3456,12,12,0
7141,3457,0,0,0
7141,3458,0,0,0
7141,3459,10,0,10
7141,3460,0,0,0
7141,3461,0,0,0
7141,3462,0,0,0
7141,4011,0,0,0
7141,4012,0,0,0
7141,5111,81,15,66
7141,5112,60,41,19
7141,5113,43,14,29
7141,5114,10,0,10
7141,5116,0,0,0
7141,5117,21,10,11
7141,5119,0,0,0
7141,5120,0,0,0
7141,5122,0,0,0
7141,5124,0,0,0
7141,5154,0,0,0
7141,5158,36,0,36
7141,5162,41,16,25
7141,5166,0,0,0
7141,5170,25,25,0
7141,5314,182,20,162
7141,5315,225,40,185
7141,5316,0,0,0
7141,5334,48,25,23
7141,5358,61,25,36
7141,5362,50,15,35
7141,5366,15,0,15
7141,5370,0,0,0
7141,5374,12,0,12
7141,5378,17,17,0
7141,5382,109,51,58
7141,5512,0,0,0
7141,5513,10,10,0
7141,5515,0,0,0
7141,5554,0,0,0
7141,5558,0,0,0
7141,5562,14,14,0
7141,5566,10,10,0
7141,5570,0,0,0
7141,5711,0,0,0
7141,5754,15,0,15
7141,5758,0,0,0
7141,5762,0,0,0
7141,5766,0,0,0
7141,5770,0,0,0
7141,5774,0,0,0
7141,5911,12,0,12
7141,5913,39,13,26
7141,5914,0,0,0
7141,5915,0,0,0
7141,5916,0,0,0
7141,5954,0,0,0
7141,5958,11,0,11
7141,5962,10,10,0
7141,5966,13,13,0
7141,5970,36,14,22
7141,5974,0,0,0
7141,5978,19,0,19
7141,6411,69,16,53
7141,6412,1441,71,1370
7141,6413,44,0,44
7141,6414,2187,139,2048
7141,6431,35,17,18
7141,6432,54,17,37
7141,6433,233,23,210
7141,6434,170,31,139
7141,6435,78,21,57
7141,6436,340,43,297
7141,6437,0,0,0
7141,6438,148,24,124
7141,6439,3103,744,2359
7141,6440,101,49,52
7141,6531,105,44,61
7141,6532,266,126,140
7141,6533,7125,2345,4780
7141,6534,30,13,17
7141,6535,0,0,0
7141,6611,37,0,37
7141,6631,20,0,20
7141,6632,0,0,0
7141,6633,0,0,0
7141,6634,24,0,24
7141,6635,0,0,0
7141,6636,0,0,0
7141,7111,7434,1562,5872
7141,7131,163,86,77
7141,7132,149,72,77
7141,7133,85,26,59
7141,7134,40,26,14
7141,7135,132,82,50
7141,7137,2750,1215,1535
7141,7138,1059,410,649
7141,7140,694,273,421
7141,7141,0,0,0
7141,7143,4704,2285,2419
7141,7211,39,17,22
7141,7231,44,32,12
7141,7232,0,0,0
7141,7233,25,25,0
7141,7235,19,19,0
7141,7311,79,0,79
7141,7312,0,0,0
7141,7313,14,14,0
7141,7314,17,0,17
7141,7315,483,57,426
7141,7316,0,0,0
7141,7317,0,0,0
7141,7318,0,0,0
7141,7319,16,0,16
7141,7320,0,0,0
7141,7331,47,17,30
7141,7332,15,15,0
7141,7333,0,0,0
7141,7334,0,0,0
7141,7335,0,0,0
7141,7336,0,0,0
7141,7337,27,27,0
7141,7338,0,0,0
7141,7339,179,67,112
7141,7340,0,0,0
7141,8111,50,10,40
7141,8115,13,0,13
7141,8116,23,0,23
7141,8117,0,0,0
7141,8118,33,12,21
7141,8119,12,0,12
7141,8121,0,0,0
7141,8125,11,11,0
7141,8126,16,0,16
7141,8127,0,0,0
7141,8128,0,0,0
7141,8135,0,0,0
7141,8136,0,0,0
7141,8211,0,0,0
7141,8212,18,0,18
7141,8215,14,0,14
7141,8216,11,11,0
7141,8221,16,0,16
7141,8222,45,11,34
7141,8225,0,0,0
7141,8226,53,17,36
7141,8231,0,0,0
7141,8235,0,0,0
7141,8236,0,0,0
7141,8237,0,0,0
7141,8311,0,0,0
7141,8315,0,0,0
7141,8316,0,0,0
7141,8317,0,0,0
7141,8325,0,0,0
7141,8326,0,0,0
7141,8327,0,0,0
7141,8335,0,0,0
7141,8336,0,0,0
7141,8337,0,0,0
7141,8415,0,0,0
7141,8416,0,0,0
7141,8417,0,0,0
7141,8421,0,0,0
7141,8425,0,0,0
7141,8426,0,0,0
7141,8435,0,0,0
7141,8436,0,0,0
7141,8437,0,0,0
7141,9161,0,0,0
7141,9162,81,16,65
7141,9163,0,0,0
7141,9171,0,0,0
7141,9172,0,0,0
7141,9173,0,0,0
7141,9174,0,0,0
7141,9175,0,0,0
7141,9176,0,0,0
7141,9177,0,0,0
7141,9178,0,0,0
7141,9179,0,0,0
7141,9180,0,0,0
7141,9181,0,0,0
7141,9182,0,0,0
7141,9183,0,0,0
7141,9184,26,0,26
7141,9185,0,0,0
7141,9186,0,0,0
7141,9187,0,0,0
7141,9188,0,0,0
7141,9189,0,0,0
7141,9190,0,0,0
7141,9261,0,0,0
7141,9262,0,0,0
7141,9263,0,0,0
7141,9271,0,0,0
7141,9272,0,0,0
7141,9273,0,0,0
7141,9274,0,0,0
7141,9275,0,0,0
7141,9276,0,0,0
7141,9277,0,0,0
7141,9278,0,0,0
7141,9279,0,0,0
7141,9361,0,0,0
7141,9362,0,0,0
7141,9363,0,0,0
7141,9371,0,0,0
7141,9372,0,0,0
7141,9373,0,0,0
7141,9374,0,0,0
7141,9375,0,0,0
7141,9376,0,0,0
7141,9377,0,0,0
7141,9461,0,0,0
7141,9462,0,0,0
7141,9463,0,0,0
7141,9464,0,0,0
7141,9471,0,0,0
7141,9472,0,0,0
7141,9473,0,0,0
7141,9474,0,0,0
7141,9475,0,0,0
7141,9476,0,0,0
7141,9477,0,0,0
7141,9478,0,0,0
7141,9479,0,0,0
7141,9561,0,0,0
7141,9562,0,0,0
7141,9563,0,0,0
7141,9564,18,0,18
7141,9565,0,0,0
7141,9571,0,0,0
7141,9572,0,0,0
7141,9573,0,0,0
7141,9574,0,0,0
7141,9575,0,0,0
7141,9576,0,0,0
7141,9577,0,0,0
7141,9661,0,0,0
7141,9662,0,0,0
7141,9663,0,0,0
7141,9671,14,0,14
7141,9672,0,0,0
7141,9673,0,0,0
7141,9674,0,0,0
7141,9675,0,0,0
7141,9676,0,0,0
7141,9677,0,0,0
7141,9678,0,0,0
7141,9679,0,0,0
7141,9761,0,0,0
7141,9762,0,0,0
7141,9763,0,0,0
7141,9764,0,0,0
7141,9771,0,0,0
7141,9772,0,0,0
7141,9773,0,0,0
7141,9774,0,0,0
7141,9775,0,0,0
7141,9776,0,0,0
7141,9777,0,0,0
7141,9778,0,0,0
7141,9779,0,0,0
7141,9780,0,0,0
7141,10041,65,35,30
7141,10042,0,0,0
7141,10043,0,0,0
7141,10044,0,0,0
7141,10045,16,0,16
7141,10046,0,0,0
7141,11000,158,30,128
7141,12051,0,0,0
7141,12052,0,0,0
7141,12053,0,0,0
7141,12054,0,0,0
7141,12060,0,0,0
7141,12061,0,0,0
7141,12062,0,0,0
7141,12063,0,0,0
7141,12064,0,0,0
7141,12065,0,0,0
7141,12066,0,0,0
7141,12067,0,0,0
7141,12068,0,0,0
7141,12069,0,0,0
7141,12070,0,0,0
7141,12071,0,0,0
7141,12072,0,0,0
7141,12073,0,0,0
7141,13003,0,0,0
7141,13004,0,0,0
7141,13071,0,0,0
7141,13072,0,0,0
7141,13073,0,0,0
7141,13074,0,0,0
7141,13075,0,0,0
7141,13076,0,0,0
7141,14511,0,0,0
7141,14521,0,0,0
7141,14522,0,0,0
7141,14523,0,0,0
7141,14524,0,0,0
7141,14612,0,0,0
7141,14625,0,0,0
7141,14626,0,0,0
7141,14627,0,0,0
7141,14628,0,0,0
7141,14713,0,0,0
7141,14729,0,0,0
7141,14730,0,0,0
7141,15001,0,0,0
7141,15002,0,0,0
7141,15003,0,0,0
7141,15081,0,0,0
7141,15082,0,0,0
7141,15083,10,10,0
7141,15084,0,0,0
7141,15085,0,0,0
7141,15086,0,0,0
7141,15087,0,0,0
7141,15088,0,0,0
7141,15089,0,0,0
7141,15090,0,0,0
7141,15091,0,0,0
7141,16051,0,0,0
7141,16052,0,0,0
7141,16053,0,0,0
7141,16054,0,0,0
7141,16055,0,0,0
7141,16056,0,0,0
7141,16061,0,0,0
7141,16062,0,0,0
7141,16063,0,0,0
7141,16064,0,0,0
7141,16065,0,0,0
7141,16066,11,11,0
7141,16067,0,0,0
7141,16068,0,0,0
7141,16069,0,0,0
7141,16070,0,0,0
7141,16071,0,0,0
7141,16072,0,0,0
7141,16073,0,0,0
7141,16074,0,0,0
7141,16075,0,0,0
7141,16076,0,0,0
7141,16077,0,0,0
7143,1001,0,0,0
7143,1002,0,0,0
7143,1003,10,0,10
7143,1004,0,0,0
7143,1051,0,0,0
7143,1053,0,0,0
7143,1054,0,0,0
7143,1055,0,0,0
7143,1056,0,0,0
7143,1057,0,0,0
7143,1058,0,0,0
7143,1059,13,0,13
7143,1060,0,0,0
7143,1061,0,0,0
7143,1062,27,0,27
7143,2000,124,33,91
7143,3101,0,0,0
7143,3102,0,0,0
7143,3103,0,0,0
7143,3151,0,0,0
7143,3153,10,10,0
7143,3154,0,0,0
7143,3155,0,0,0
7143,3157,12,12,0
7143,3158,0,0,0
7143,3159,41,41,0
7143,3241,73,37,36
7143,3251,0,0,0
7143,3252,0,0,0
7143,3254,10,10,0
7143,3255,0,0,0
7143,3256,0,0,0
7143,3257,17,0,17
7143,3351,0,0,0
7143,3352,0,0,0
7143,3353,0,0,0
7143,3354,0,0,0
7143,3355,0,0,0
7143,3356,0,0,0
7143,3357,0,0,0
7143,3358,0,0,0
7143,3359,0,0,0
7143,3360,0,0,0
7143,3361,0,0,0
7143,3401,0,0,0
7143,3402,0,0,0
7143,3403,0,0,0
7143,3404,23,0,23
7143,3405,0,0,0
7143,3451,0,0,0
7143,3452,0,0,0
7143,3453,0,0,0
7143,3454,12,0,12
7143,3455,0,0,0
7143,3456,0,0,0
7143,3457,0,0,0
7143,3458,0,0,0
7143,3459,13,0,13
7143,3460,0,0,0
7143,3461,0,0,0
7143,3462,0,0,0
7143,4011,46,17,29
7143,4012,0,0,0
7143,5111,282,102,180
7143,5112,83,55,28
7143,5113,96,47,49
7143,5114,16,16,0
7143,5116,47,30,17
7143,5117,14,0,14
7143,5119,28,17,11
7143,5120,17,0,17
7143,5122,15,15,0
7143,5124,37,15,22
7143,5154,25,10,15
7143,5158,139,74,65
7143,5162,98,25,73
7143,5166,48,26,22
7143,5170,50,35,15
7143,5314,452,100,352
7143,5315,703,160,543
7143,5316,55,18,37
7143,5334,66,27,39
7143,5358,49,15,34
7143,5362,222,167,55
7143,5366,57,36,21
7143,5370,150,150,0
7143,5374,173,69,104
7143,5378,61,21,40
7143,5382,758,373,385
7143,5512,13,13,0
7143,5513,27,10,17
7143,5515,25,11,14
7143,5554,43,29,14
7143,5558,0,0,0
7143,5562,68,50,18
7143,5566,33,14,19
7143,5570,40,26,14
7143,5711,14,0,14
7143,5754,42,12,30
7143,5758,14,0,14
7143,5762,0,0,0
7143,5766,32,32,0
7143,5770,102,85,17
7143,5774,10,10,0
7143,5911,49,32,17
7143,5913,60,19,41
7143,5914,11,0,11
7143,5915,0,0,0
7143,5916,0,0,0
7143,5954,32,11,21
7143,5958,17,0,17
7143,5962,43,20,23
7143,5966,81,33,48
7143,5970,1849,440,1409
7143,5974,16,0,16
7143,5978,34,18,16
7143,6411,121,13,108
7143,6412,1547,131,1416
7143,6413,42,15,27
7143,6414,495,72,423
7143,6431,39,18,21
7143,6432,61,21,40
7143,6433,157,29,128
7143,6434,162,32,130
7143,6435,84,35,49
7143,6436,266,58,208
7143,6437,0,0,0
7143,6438,215,30,185
7143,6439,329,123,206
7143,6440,94,26,68
7143,6531,225,75,150
7143,6532,2524,913,1611
7143,6533,6756,2292,4464
7143,6534,101,48,53
7143,6535,0,0,0
7143,6611,38,0,38
7143,6631,26,11,15
7143,6632,11,11,0
7143,6633,10,10,0
7143,6634,37,21,16
7143,6635,10,0,10
7143,6636,0,0,0
7143,7111,6933,1369,5564
7143,7131,301,203,98
7143,7132,7123,3437,3686
7143,7133,87,44,43
7143,7134,26,16,10
7143,7135,234,161,73
7143,7137,4093,1829,2264
7143,7138,6054,2869,3185
7143,7140,361,172,189
7143,7141,4704,2419,2285
7143,7143,0,0,0
7143,7211,48,19,29
7143,7231,71,49,22
7143,7232,26,16,10
7143,7233,61,50,11
7143,7235,17,17,0
7143,7311,0,0,0
7143,7312,89,78,11
7143,7313,0,0,0
7143,7314,34,15,19
7143,7315,339,55,284
7143,7316,51,0,51
7143,7317,0,0,0
7143,7318,0,0,0
7143,7319,45,17,28
7143,7320,0,0,0
7143,7331,38,19,19
7143,7332,42,42,0
7143,7333,20,20,0
7143,7334,13,13,0
7143,7335,41,41,0
7143,7336,22,22,0
7143,7337,10,10,0
7143,7338,21,10,11
7143,7339,105,60,45
7143,7340,23,23,0
7143,8111,96,17,79
7143,8115,28,0,28
7143,8116,55,15,40
7143,8117,0,0,0
7143,8118,51,14,37
7143,8119,0,0,0
7143,8121,0,0,0
7143,8125,13,0,13
7143,8126,19,0,19
7143,8127,0,0,0
7143,8128,0,0,0
7143,8135,0,0,0
7143,8136,0,0,0
7143,8211,0,0,0
7143,8212,54,20,34
7143,8215,16,0,16
7143,8216,0,0,0
7143,8221,18,0,18
7143,8222,65,23,42
7143,8225,13,0,13
7143,8226,93,29,64
7143,8231,0,0,0
7143,8235,0,0,0
7143,8236,11,0,11
7143,8237,0,0,0
7143,8311,0,0,0
7143,8315,12,0,12
7143,8316,0,0,0
7143,8317,11,0,11
7143,8325,0,0,0
7143,8326,0,0,0
7143,8327,0,0,0
7143,8335,0,0,0
7143,8336,15,0,15
7143,8337,0,0,0
7143,8415,20,0,20
7143,8416,0,0,0
7143,8417,0,0,0
7143,8421,20,0,20
7143,8425,0,0,0
7143,8426,0,0,0
7143,8435,12,0,12
7143,8436,12,0,12
7143,8437,0,0,0
7143,9161,10,0,10
7143,9162,157,38,119
7143,9163,0,0,0
7143,9171,35,35,0
7143,9172,0,0,0
7143,9173,0,0,0
7143,9174,0,0,0
7143,9175,0,0,0
7143,9176,0,0,0
7143,9177,0,0,0
7143,9178,0,0,0
7143,9179,0,0,0
7143,9180,0,0,0
7143,9181,0,0,0
7143,9182,0,0,0
7143,9183,0,0,0
7143,9184,51,0,51
7143,9185,0,0,0
7143,9186,0,0,0
7143,9187,0,0,0
7143,9188,0,0,0
7143,9189,11,0,11
7143,9190,0,0,0
7143,9261,0,0,0
7143,9262,0,0,0
7143,9263,0,0,0
7143,9271,0,0,0
7143,9272,0,0,0
7143,9273,0,0,0
7143,9274,0,0,0
7143,9275,0,0,0
7143,9276,0,0,0
7143,9277,0,0,0
7143,9278,0,0,0
7143,9279,0,0,0
7143,9361,0,0,0
7143,9362,0,0,0
7143,9363,0,0,0
7143,9371,12,12,0
7143,9372,0,0,0
7143,9373,0,0,0
7143,9374,0,0,0
7143,9375,0,0,0
7143,9376,0,0,0
7143,9377,0,0,0
7143,9461,0,0,0
7143,9462,0,0,0
7143,9463,0,0,0
7143,9464,0,0,0
7143,9471,0,0,0
7143,9472,0,0,0
7143,9473,0,0,0
7143,9474,0,0,0
7143,9475,0,0,0
7143,9476,0,0,0
7143,9477,0,0,0
7143,9478,0,0,0
7143,9479,0,0,0
7143,9561,0,0,0
7143,9562,0,0,0
7143,9563,0,0,0
7143,9564,43,14,29
7143,9565,0,0,0
7143,9571,28,16,12
7143,9572,0,0,0
7143,9573,0,0,0
7143,9574,0,0,0
7143,9575,0,0,0
7143,9576,0,0,0
7143,9577,12,12,0
7143,9661,12,0,12
7143,9662,0,0,0
7143,9663,17,0,17
7143,9671,17,0,17
7143,9672,0,0,0
7143,9673,0,0,0
7143,9674,0,0,0
7143,9675,0,0,0
7143,9676,0,0,0
7143,9677,0,0,0
7143,9678,0,0,0
7143,9679,0,0,0
7143,9761,11,0,11
7143,9762,0,0,0
7143,9763,0,0,0
7143,9764,0,0,0
7143,9771,0,0,0
7143,9772,0,0,0
7143,9773,0,0,0
7143,9774,0,0,0
7143,9775,0,0,0
7143,9776,10,0,10
7143,9777,0,0,0
7143,9778,17,0,17
7143,9779,0,0,0
7143,9780,34,0,34
7143,10041,74,20,54
7143,10042,0,0,0
7143,10043,13,13,0
7143,10044,14,14,0
7143,10045,40,15,25
7143,10046,0,0,0
7143,11000,230,100,130
7143,12051,0,0,0
7143,12052,0,0,0
7143,12053,0,0,0
7143,12054,0,0,0
7143,12060,0,0,0
7143,12061,0,0,0
7143,12062,10,0,10
7143,12063,0,0,0
7143,12064,0,0,0
7143,12065,0,0,0
7143,12066,0,0,0
7143,12067,0,0,0
7143,12068,0,0,0
7143,12069,0,0,0
7143,12070,0,0,0
7143,12071,0,0,0
7143,12072,0,0,0
7143,12073,0,0,0
7143,13003,0,0,0
7143,13004,0,0,0
7143,13071,0,0,0
7143,13072,0,0,0
7143,13073,0,0,0
7143,13074,0,0,0
7143,13075,0,0,0
7143,13076,14,14,0
7143,14511,12,0,12
7143,14521,0,0,0
7143,14522,10,10,0
7143,14523,0,0,0
7143,14524,0,0,0
7143,14612,18,18,0
7143,14625,0,0,0
7143,14626,14,14,0
7143,14627,16,16,0
7143,14628,0,0,0
7143,14713,31,19,12
7143,14729,12,12,0
7143,14730,0,0,0
7143,15001,0,0,0
7143,15002,0,0,0
7143,15003,0,0,0
7143,15081,0,0,0
7143,15082,0,0,0
7143,15083,0,0,0
7143,15084,13,13,0
7143,15085,0,0,0
7143,15086,0,0,0
7143,15087,19,19,0
7143,15088,14,14,0
7143,15089,15,15,0
7143,15090,20,20,0
7143,15091,23,23,0
7143,16051,0,0,0
7143,16052,0,0,0
7143,16053,0,0,0
7143,16054,0,0,0
7143,16055,0,0,0
7143,16056,0,0,0
7143,16061,28,28,0
7143,16062,0,0,0
7143,16063,0,0,0
7143,16064,0,0,0
7143,16065,0,0,0
7143,16066,0,0,0
7143,16067,14,14,0
7143,16068,0,0,0
7143,16069,0,0,0
7143,16070,0,0,0
7143,16071,0,0,0
7143,16072,0,0,0
7143,16073,0,0,0
7143,16074,0,0,0
7143,16075,0,0,0
7143,16076,0,0,0
7143,16077,0,0,0
7211,1001,0,0,0
7211,1002,0,0,0
7211,1003,0,0,0
7211,1004,0,0,0
7211,1051,0,0,0
7211,1053,0,0,0
7211,1054,0,0,0
7211,1055,0,0,0
7211,1056,0,0,0
7211,1057,0,0,0
7211,1058,0,0,0
7211,1059,0,0,0
7211,1060,0,0,0
7211,1061,0,0,0
7211,1062,0,0,0
7211,2000,102,28,74
7211,3101,0,0,0
7211,3102,0,0,0
7211,3103,0,0,0
7211,3151,0,0,0
7211,3153,0,0,0
7211,3154,0,0,0
7211,3155,0,0,0
7211,3157,0,0,0
7211,3158,0,0,0
7211,3159,0,0,0
7211,3241,34,17,17
7211,3251,0,0,0
7211,3252,0,0,0
7211,3254,0,0,0
7211,3255,0,0,0
7211,3256,0,0,0
7211,3257,0,0,0
7211,3351,0,0,0
7211,3352,0,0,0
7211,3353,0,0,0
7211,3354,0,0,0
7211,3355,0,0,0
7211,3356,0,0,0
7211,3357,0,0,0
7211,3358,0,0,0
7211,3359,0,0,0
7211,3360,0,0,0
7211,3361,0,0,0
7211,3401,0,0,0
7211,3402,0,0,0
7211,3403,0,0,0
7211,3404,13,0,13
7211,3405,0,0,0
7211,3451,0,0,0
7211,3452,0,0,0
7211,3453,0,0,0
7211,3454,0,0,0
7211,3455,0,0,0
7211,3456,0,0,0
7211,3457,0,0,0
7211,3458,0,0,0
7211,3459,0,0,0
7211,3460,0,0,0
7211,3461,0,0,0
7211,3462,0,0,0
7211,4011,28,15,13
7211,4012,0,0,0
7211,5111,116,22,94
7211,5112,12,0,12
7211,5113,34,21,13
7211,5114,0,0,0
7211,5116,14,0,14
7211,5117,0,0,0
7211,5119,0,0,0
7211,5120,0,0,0
7211,5122,0,0,0
7211,5124,31,12,19
7211,5154,10,0,10
7211,5158,36,20,16
7211,5162,29,10,19
7211,5166,18,0,18
7211,5170,10,0,10
7211,5314,119,32,87
7211,5315,266,90,176
7211,5316,0,0,0
7211,5334,90,43,47
7211,5358,0,0,0
7211,5362,77,22,55
7211,5366,46,19,27
7211,5370,0,0,0
7211,5374,0,0,0
7211,5378,13,13,0
7211,5382,64,40,24
7211,5512,0,0,0
7211,5513,0,0,0
7211,5515,15,0,15
7211,5554,0,0,0
7211,5558,0,0,0
7211,5562,10,10,0
7211,5566,0,0,0
7211,5570,0,0,0
7211,5711,12,0,12
7211,5754,12,0,12
7211,5758,0,0,0
7211,5762,0,0,0
7211,5766,0,0,0
7211,5770,0,0,0
7211,5774,0,0,0
7211,5911,12,0,12
7211,5913,36,13,23
7211,5914,0,0,0
7211,5915,0,0,0
7211,5916,10,10,0
7211,5954,0,0,0
7211,5958,0,0,0
7211,5962,10,0,10
7211,5966,0,0,0
7211,5970,0,0,0
7211,5974,0,0,0
7211,5978,10,10,0
7211,6411,13,0,13
7211,6412,182,32,150
7211,6413,0,0,0
7211,6414,51,26,25
7211,6431,0,0,0
7211,6432,11,11,0
7211,6433,10,0,10
7211,6434,28,11,17
7211,6435,12,0,12
7211,6436,40,10,30
7211,6437,0,0,0
7211,6438,29,12,17
7211,6439,0,0,0
7211,6440,0,0,0
7211,6531,10,10,0
7211,6532,0,0,0
7211,6533,12,12,0
7211,6534,0,0,0
7211,6535,0,0,0
7211,6611,0,0,0
7211,6631,0,0,0
7211,6632,0,0,0
7211,6633,0,0,0
7211,6634,0,0,0
7211,6635,0,0,0
7211,6636,0,0,0
7211,7111,254,111,143
7211,7131,100,85,15
7211,7132,23,23,0
7211,7133,144,122,22
7211,7134,328,248,80
7211,7135,476,231,245
7211,7137,289,221,68
7211,7138,111,80,31
7211,7140,169,143,26
7211,7141,39,22,17
7211,7143,48,29,19
7211,7211,0,0,0
7211,7231,4478,3590,888
7211,7232,3215,2585,630
7211,7233,553,442,111
7211,7235,22794,18386,4408
7211,7311,0,0,0
7211,7312,197,59,138
7211,7313,12,12,0
7211,7314,33,0,33
7211,7315,191,73,118
7211,7316,13,13,0
7211,7317,21,11,10
7211,7318,0,0,0
7211,7319,0,0,0
7211,7320,23,23,0
7211,7331,20,20,0
7211,7332,27,27,0
7211,7333,29,14,15
7211,7334,12,12,0
7211,7335,58,34,24
7211,7336,33,33,0
7211,7337,19,19,0
7211,7338,13,13,0
7211,7339,78,63,15
7211,7340,35,23,12
7211,8111,50,0,50
7211,8115,0,0,0
7211,8116,12,0,12
7211,8117,0,0,0
7211,8118,0,0,0
7211,8119,12,0,12
7211,8121,0,0,0
7211,8125,0,0,0
7211,8126,10,0,10
7211,8127,0,0,0
7211,8128,0,0,0
7211,8135,0,0,0
7211,8136,0,0,0
7211,8211,0,0,0
7211,8212,29,12,17
7211,8215,26,14,12
7211,8216,0,0,0
7211,8221,13,0,13
7211,8222,76,29,47
7211,8225,0,0,0
7211,8226,39,22,17
7211,8231,0,0,0
7211,8235,0,0,0
7211,8236,0,0,0
7211,8237,0,0,0
7211,8311,24,10,14
7211,8315,0,0,0
7211,8316,0,0,0
7211,8317,13,0,13
7211,8325,0,0,0
7211,8326,0,0,0
7211,8327,0,0,0
7211,8335,0,0,0
7211,8336,0,0,0
7211,8337,0,0,0
7211,8415,0,0,0
7211,8416,0,0,0
7211,8417,0,0,0
7211,8421,0,0,0
7211,8425,0,0,0
7211,8426,0,0,0
7211,8435,0,0,0
7211,8436,0,0,0
7211,8437,0,0,0
7211,9161,31,0,31
7211,9162,139,21,118
7211,9163,0,0,0
7211,9171,0,0,0
7211,9172,0,0,0
7211,9173,0,0,0
7211,9174,0,0,0
7211,9175,0,0,0
7211,9176,0,0,0
7211,9177,0,0,0
7211,9178,0,0,0
7211,9179,0,0,0
7211,9180,0,0,0
7211,9181,0,0,0
7211,9182,0,0,0
7211,9183,0,0,0
7211,9184,43,0,43
7211,9185,0,0,0
7211,9186,0,0,0
7211,9187,0,0,0
7211,9188,0,0,0
7211,9189,0,0,0
7211,9190,0,0,0
7211,9261,0,0,0
7211,9262,0,0,0
7211,9263,0,0,0
7211,9271,0,0,0
7211,9272,0,0,0
7211,9273,0,0,0
7211,9274,16,0,16
7211,9275,0,0,0
7211,9276,0,0,0
7211,9277,0,0,0
7211,9278,0,0,0
7211,9279,0,0,0
7211,9361,0,0,0
7211,9362,0,0,0
7211,9363,0,0,0
7211,9371,0,0,0
7211,9372,0,0,0
7211,9373,0,0,0
7211,9374,0,0,0
7211,9375,0,0,0
7211,9376,0,0,0
7211,9377,0,0,0
7211,9461,0,0,0
7211,9462,0,0,0
7211,9463,0,0,0
7211,9464,0,0,0
7211,9471,0,0,0
7211,9472,0,0,0
7211,9473,0,0,0
7211,9474,0,0,0
7211,9475,0,0,0
7211,9476,0,0,0
7211,9477,0,0,0
7211,9478,0,0,0
7211,9479,0,0,0
7211,9561,0,0,0
7211,9562,0,0,0
7211,9563,0,0,0
7211,9564,16,0,16
7211,9565,0,0,0
7211,9571,0,0,0
7211,9572,0,0,0
7211,9573,0,0,0
7211,9574,0,0,0
7211,9575,0,0,0
7211,9576,0,0,0
7211,9577,0,0,0
7211,9661,0,0,0
7211,9662,0,0,0
7211,9663,0,0,0
7211,9671,0,0,0
7211,9672,0,0,0
7211,9673,0,0,0
7211,9674,0,0,0
7211,9675,0,0,0
7211,9676,0,0,0
7211,9677,0,0,0
7211,9678,0,0,0
7211,9679,0,0,0
7211,9761,0,0,0
7211,9762,0,0,0
7211,9763,0,0,0
7211,9764,0,0,0
7211,9771,0,0,0
7211,9772,0,0,0
7211,9773,0,0,0
7211,9774,0,0,0
7211,9775,0,0,0
7211,9776,0,0,0
7211,9777,0,0,0
7211,9778,0,0,0
7211,9779,0,0,0
7211,9780,0,0,0
7211,10041,631,333,298
7211,10042,957,742,215
7211,10043,134,104,30
7211,10044,410,318,92
7211,10045,105,65,40
7211,10046,401,351,50
7211,11000,180,60,120
7211,12051,0,0,0
7211,12052,0,0,0
7211,12053,0,0,0
7211,12054,0,0,0
7211,12060,0,0,0
7211,12061,0,0,0
7211,12062,0,0,0
7211,12063,0,0,0
7211,12064,0,0,0
7211,12065,0,0,0
7211,12066,0,0,0
7211,12067,0,0,0
7211,12068,0,0,0
7211,12069,0,0,0
7211,12070,0,0,0
7211,12071,0,0,0
7211,12072,0,0,0
7211,12073,0,0,0
7211,13003,0,0,0
7211,13004,0,0,0
7211,13071,0,0,0
7211,13072,0,0,0
7211,13073,0,0,0
7211,13074,0,0,0
7211,13075,0,0,0
7211,13076,0,0,0
7211,14511,0,0,0
7211,14521,0,0,0
7211,14522,0,0,0
7211,14523,0,0,0
7211,14524,0,0,0
7211,14612,0,0,0
7211,14625,0,0,0
7211,14626,0,0,0
7211,14627,0,0,0
7211,14628,0,0,0
7211,14713,14,14,0
7211,14729,0,0,0
7211,14730,0,0,0
7211,15001,0,0,0
7211,15002,0,0,0
7211,15003,0,0,0
7211,15081,0,0,0
7211,15082,0,0,0
7211,15083,0,0,0
7211,15084,0,0,0
7211,15085,0,0,0
7211,15086,0,0,0
7211,15087,0,0,0
7211,15088,0,0,0
7211,15089,0,0,0
7211,15090,0,0,0
7211,15091,0,0,0
7211,16051,0,0,0
7211,16052,0,0,0
7211,16053,0,0,0
7211,16054,0,0,0
7211,16055,0,0,0
7211,16056,0,0,0
7211,16061,0,0,0
7211,16062,0,0,0
7211,16063,0,0,0
7211,16064,0,0,0
7211,16065,0,0,0
7211,16066,0,0,0
7211,16067,0,0,0
7211,16068,0,0,0
7211,16069,0,0,0
7211,16070,0,0,0
7211,16071,0,0,0
7211,16072,0,0,0
7211,16073,0,0,0
7211,16074,0,0,0
7211,16075,0,0,0
7211,16076,0,0,0
7211,16077,0,0,0
7231,1001,0,0,0
7231,1002,0,0,0
7231,1003,0,0,0
7231,1004,0,0,0
7231,1051,0,0,0
7231,1053,0,0,0
7231,1054,22,0,22
7231,1055,0,0,0
7231,1056,0,0,0
7231,1057,0,0,0
7231,1058,0,0,0
7231,1059,0,0,0
7231,1060,0,0,0
7231,1061,0,0,0
7231,1062,0,0,0
7231,2000,114,55,59
7231,3101,11,11,0
7231,3102,0,0,0
7231,3103,0,0,0
7231,3151,0,0,0
7231,3153,0,0,0
7231,3154,0,0,0
7231,3155,0,0,0
7231,3157,0,0,0
7231,3158,0,0,0
7231,3159,0,0,0
7231,3241,22,12,10
7231,3251,0,0,0
7231,3252,0,0,0
7231,3254,0,0,0
7231,3255,0,0,0
7231,3256,0,0,0
7231,3257,0,0,0
7231,3351,16,16,0
7231,3352,0,0,0
7231,3353,0,0,0
7231,3354,0,0,0
7231,3355,0,0,0
7231,3356,0,0,0
7231,3357,0,0,0
7231,3358,0,0,0
7231,3359,0,0,0
7231,3360,0,0,0
7231,3361,0,0,0
7231,3401,0,0,0
7231,3402,0,0,0
7231,3403,0,0,0
7231,3404,21,0,21
7231,3405,0,0,0
7231,3451,0,0,0
7231,3452,0,0,0
7231,3453,0,0,0
7231,3454,0,0,0
7231,3455,0,0,0
7231,3456,0,0,0
7231,3457,0,0,0
7231,3458,0,0,0
7231,3459,89,37,52
7231,3460,0,0,0
7231,3461,0,0,0
7231,3462,0,0,0
7231,4011,0,0,0
7231,4012,0,0,0
7231,5111,45,0,45
7231,5112,14,0,14
7231,5113,38,0,38
7231,5114,0,0,0
7231,5116,0,0,0
7231,5117,0,0,0
7231,5119,10,0,10
7231,5120,0,0,0
7231,5122,0,0,0
7231,5124,0,0,0
7231,5154,0,0,0
7231,5158,23,10,13
7231,5162,17,0,17
7231,5166,15,0,15
7231,5170,28,0,28
7231,5314,52,18,34
7231,5315,124,28,96
7231,5316,0,0,0
7231,5334,34,13,21
7231,5358,16,0,16
7231,5362,20,0,20
7231,5366,57,39,18
7231,5370,31,0,31
7231,5374,0,0,0
7231,5378,12,0,12
7231,5382,89,34,55
7231,5512,0,0,0
7231,5513,0,0,0
7231,5515,15,0,15
7231,5554,0,0,0
7231,5558,0,0,0
7231,5562,16,16,0
7231,5566,0,0,0
7231,5570,0,0,0
7231,5711,20,0,20
7231,5754,15,0,15
7231,5758,0,0,0
7231,5762,0,0,0
7231,5766,0,0,0
7231,5770,0,0,0
7231,5774,0,0,0
7231,5911,0,0,0
7231,5913,0,0,0
7231,5914,0,0,0
7231,5915,0,0,0
7231,5916,0,0,0
7231,5954,10,10,0
7231,5958,0,0,0
7231,5962,11,11,0
7231,5966,0,0,0
7231,5970,0,0,0
7231,5974,0,0,0
7231,5978,54,0,54
7231,6411,13,0,13
7231,6412,123,0,123
7231,6413,0,0,0
7231,6414,64,22,42
7231,6431,11,11,0
7231,6432,11,0,11
7231,6433,30,11,19
7231,6434,19,0,19
7231,6435,31,10,21
7231,6436,49,0,49
7231,6437,0,0,0
7231,6438,41,0,41
7231,6439,10,0,10
7231,6440,0,0,0
7231,6531,0,0,0
7231,6532,0,0,0
7231,6533,17,0,17
7231,6534,0,0,0
7231,6535,0,0,0
7231,6611,0,0,0
7231,6631,10,10,0
7231,6632,0,0,0
7231,6633,0,0,0
7231,6634,0,0,0
7231,6635,0,0,0
7231,6636,0,0,0
7231,7111,219,36,183
7231,7131,74,35,39
7231,7132,0,0,0
7231,7133,181,96,85
7231,7134,1727,1202,525
7231,7135,2088,1095,993
7231,7137,263,106,157
7231,7138,66,23,43
7231,7140,1399,681,718
7231,7141,44,12,32
7231,7143,71,22,49
7231,7211,4478,888,3590
7231,7231,0,0,0
7231,7232,2237,1219,1018
7231,7233,2146,1436,710
7231,7235,4615,1964,2651
7231,7311,0,0,0
7231,7312,83,13,70
7231,7313,0,0,0
7231,7314,37,25,12
7231,7315,178,23,155
7231,7316,0,0,0
7231,7317,0,0,0
7231,7318,0,0,0
7231,7319,0,0,0
7231,7320,0,0,0
7231,7331,30,19,11
7231,7332,21,11,10
7231,7333,0,0,0
7231,7334,0,0,0
7231,7335,38,22,16
7231,7336,27,27,0
7231,7337,16,16,0
7231,7338,26,14,12
7231,7339,57,22,35
7231,7340,0,0,0
7231,8111,28,0,28
7231,8115,0,0,0
7231,8116,16,0,16
7231,8117,0,0,0
7231,8118,24,12,12
7231,8119,0,0,0
7231,8121,0,0,0
7231,8125,11,0,11
7231,8126,14,0,14
7231,8127,0,0,0
7231,8128,0,0,0
7231,8135,0,0,0
7231,8136,0,0,0
7231,8211,0,0,0
7231,8212,14,0,14
7231,8215,0,0,0
7231,8216,0,0,0
7231,8221,0,0,0
7231,8222,50,15,35
7231,8225,0,0,0
7231,8226,36,18,18
7231,8231,0,0,0
7231,8235,0,0,0
7231,8236,0,0,0
7231,8237,0,0,0
7231,8311,20,20,0
7231,8315,0,0,0
7231,8316,0,0,0
7231,8317,10,0,10
7231,8325,0,0,0
7231,8326,0,0,0
7231,8327,0,0,0
7231,8335,0,0,0
7231,8336,13,13,0
7231,8337,11,0,11
7231,8415,0,0,0
7231,8416,0,0,0
7231,8417,0,0,0
7231,8421,0,0,0
7231,8425,0,0,0
7231,8426,0,0,0
7231,8435,0,0,0
7231,8436,0,0,0
7231,8437,0,0,0
7231,9161,0,0,0
7231,9162,53,11,42
7231,9163,0,0,0
7231,9171,0,0,0
7231,9172,0,0,0
7231,9173,0,0,0
7231,9174,0,0,0
7231,9175,0,0,0
7231,9176,0,0,0
7231,9177,0,0,0
7231,9178,0,0,0
7231,9179,0,0,0
7231,9180,0,0,0
7231,9181,11,11,0
7231,9182,0,0,0
7231,9183,0,0,0
7231,9184,34,10,24
7231,9185,0,0,0
7231,9186,0,0,0
7231,9187,0,0,0
7231,9188,0,0,0
7231,9189,0,0,0
7231,9190,0,0,0
7231,9261,0,0,0
7231,9262,0,0,0
7231,9263,0,0,0
7231,9271,0,0,0
7231,9272,0,0,0
7231,9273,0,0,0
7231,9274,0,0,0
7231,9275,0,0,0
7231,9276,0,0,0
7231,9277,0,0,0
7231,9278,0,0,0
7231,9279,0,0,0
7231,9361,0,0,0
7231,9362,0,0,0
7231,9363,0,0,0
7231,9371,0,0,0
7231,9372,0,0,0
7231,9373,0,0,0
7231,9374,0,0,0
7231,9375,0,0,0
7231,9376,0,0,0
7231,9377,0,0,0
7231,9461,0,0,0
7231,9462,0,0,0
7231,9463,0,0,0
7231,9464,0,0,0
7231,9471,0,0,0
7231,9472,0,0,0
7231,9473,0,0,0
7231,9474,0,0,0
7231,9475,0,0,0
7231,9476,0,0,0
7231,9477,0,0,0
7231,9478,0,0,0
7231,9479,0,0,0
7231,9561,0,0,0
7231,9562,0,0,0
7231,9563,0,0,0
7231,9564,15,0,15
7231,9565,0,0,0
7231,9571,0,0,0
7231,9572,0,0,0
7231,9573,0,0,0
7231,9574,0,0,0
7231,9575,0,0,0
7231,9576,0,0,0
7231,9577,0,0,0
7231,9661,0,0,0
7231,9662,0,0,0
7231,9663,0,0,0
7231,9671,0,0,0
7231,9672,0,0,0
7231,9673,0,0,0
7231,9674,0,0,0
7231,9675,0,0,0
7231,9676,0,0,0
7231,9677,0,0,0
7231,9678,0,0,0
7231,9679,0,0,0
7231,9761,0,0,0
7231,9762,0,0,0
7231,9763,0,0,0
7231,9764,0,0,0
7231,9771,0,0,0
7231,9772,0,0,0
7231,9773,0,0,0
7231,9774,0,0,0
7231,9775,0,0,0
7231,9776,0,0,0
7231,9777,0,0,0
7231,9778,0,0,0
7231,9779,0,0,0
7231,9780,0,0,0
7231,10041,223,35,188
7231,10042,132,61,71
7231,10043,61,33,28
7231,10044,69,24,45
7231,10045,50,21,29
7231,10046,241,138,103
7231,11000,76,26,50
7231,12051,0,0,0
7231,12052,0,0,0
7231,12053,0,0,0
7231,12054,0,0,0
7231,12060,0,0,0
7231,12061,0,0,0
7231,12062,0,0,0
7231,12063,0,0,0
7231,12064,0,0,0
7231,12065,0,0,0
7231,12066,0,0,0
7231,12067,0,0,0
7231,12068,0,0,0
7231,12069,0,0,0
7231,12070,0,0,0
7231,12071,0,0,0
7231,12072,0,0,0
7231,12073,0,0,0
7231,13003,0,0,0
7231,13004,0,0,0
7231,13071,0,0,0
7231,13072,0,0,0
7231,13073,0,0,0
7231,13074,0,0,0
7231,13075,0,0,0
7231,13076,0,0,0
7231,14511,0,0,0
7231,14521,0,0,0
7231,14522,0,0,0
7231,14523,0,0,0
7231,14524,0,0,0
7231,14612,0,0,0
7231,14625,0,0,0
7231,14626,0,0,0
7231,14627,0,0,0
7231,14628,0,0,0
7231,14713,0,0,0
7231,14729,0,0,0
7231,14730,0,0,0
7231,15001,0,0,0
7231,15002,0,0,0
7231,15003,10,10,0
7231,15081,0,0,0
7231,15082,0,0,0
7231,15083,0,0,0
7231,15084,0,0,0
7231,15085,0,0,0
7231,15086,0,0,0
7231,15087,0,0,0
7231,15088,0,0,0
7231,15089,0,0,0
7231,15090,0,0,0
7231,15091,0,0,0
7231,16051,0,0,0
7231,16052,0,0,0
7231,16053,0,0,0
7231,16054,0,0,0
7231,16055,0,0,0
7231,16056,0,0,0
7231,16061,0,0,0
7231,16062,0,0,0
7231,16063,0,0,0
7231,16064,0,0,0
7231,16065,0,0,0
7231,16066,0,0,0
7231,16067,0,0,0
7231,16068,0,0,0
7231,16069,0,0,0
7231,16070,0,0,0
7231,16071,0,0,0
7231,16072,0,0,0
7231,16073,0,0,0
7231,16074,0,0,0
7231,16075,0,0,0
7231,16076,0,0,0
7231,16077,0,0,0
7232,1001,0,0,0
7232,1002,0,0,0
7232,1003,0,0,0
7232,1004,0,0,0
7232,1051,0,0,0
7232,1053,0,0,0
7232,1054,12,0,12
7232,1055,0,0,0
7232,1056,0,0,0
7232,1057,0,0,0
7232,1058,0,0,0
7232,1059,0,0,0
7232,1060,0,0,0
7232,1061,0,0,0
7232,1062,0,0,0
7232,2000,30,10,20
7232,3101,0,0,0
7232,3102,0,0,0
7232,3103,0,0,0
7232,3151,0,0,0
7232,3153,0,0,0
7232,3154,0,0,0
7232,3155,0,0,0
7232,3157,0,0,0
7232,3158,0,0,0
7232,3159,0,0,0
7232,3241,0,0,0
7232,3251,0,0,0
7232,3252,0,0,0
7232,3254,0,0,0
7232,3255,0,0,0
7232,3256,0,0,0
7232,3257,0,0,0
7232,3351,0,0,0
7232,3352,0,0,0
7232,3353,0,0,0
7232,3354,0,0,0
7232,3355,0,0,0
7232,3356,0,0,0
7232,3357,0,0,0
7232,3358,0,0,0
7232,3359,0,0,0
7232,3360,0,0,0
7232,3361,0,0,0
7232,3401,0,0,0
7232,3402,0,0,0
7232,3403,0,0,0
7232,3404,0,0,0
7232,3405,0,0,0
7232,3451,0,0,0
7232,3452,0,0,0
7232,3453,0,0,0
7232,3454,11,11,0
7232,3455,0,0,0
7232,3456,0,0,0
7232,3457,0,0,0
7232,3458,0,0,0
7232,3459,0,0,0
7232,3460,0,0,0
7232,3461,0,0,0
7232,3462,0,0,0
7232,4011,0,0,0
7232,4012,0,0,0
7232,5111,76,18,58
7232,5112,20,20,0
7232,5113,0,0,0
7232,5114,0,0,0
7232,5116,0,0,0
7232,5117,0,0,0
7232,5119,13,0,13
7232,5120,0,0,0
7232,5122,0,0,0
7232,5124,0,0,0
7232,5154,0,0,0
7232,5158,23,12,11
7232,5162,27,14,13
7232,5166,18,18,0
7232,5170,21,21,0
7232,5314,106,16,90
7232,5315,190,59,131
7232,5316,0,0,0
7232,5334,122,81,41
7232,5358,64,37,27
7232,5362,82,39,43
7232,5366,524,361,163
7232,5370,25,14,11
7232,5374,12,12,0
7232,5378,16,16,0
7232,5382,102,44,58
7232,5512,0,0,0
7232,5513,0,0,0
7232,5515,29,0,29
7232,5554,0,0,0
7232,5558,0,0,0
7232,5562,0,0,0
7232,5566,0,0,0
7232,5570,0,0,0
7232,5711,0,0,0
7232,5754,0,0,0
7232,5758,0,0,0
7232,5762,0,0,0
7232,5766,0,0,0
7232,5770,0,0,0
7232,5774,0,0,0
7232,5911,0,0,0
7232,5913,0,0,0
7232,5914,0,0,0
7232,5915,0,0,0
7232,5916,0,0,0
7232,5954,10,10,0
7232,5958,0,0,0
7232,5962,0,0,0
7232,5966,0,0,0
7232,5970,0,0,0
7232,5974,0,0,0
7232,5978,0,0,0
7232,6411,0,0,0
7232,6412,62,13,49
7232,6413,0,0,0
7232,6414,21,21,0
7232,6431,0,0,0
7232,6432,0,0,0
7232,6433,0,0,0
7232,6434,31,0,31
7232,6435,0,0,0
7232,6436,16,0,16
7232,6437,0,0,0
7232,6438,15,0,15
7232,6439,0,0,0
7232,6440,12,12,0
7232,6531,40,40,0
7232,6532,0,0,0
7232,6533,0,0,0
7232,6534,0,0,0
7232,6535,0,0,0
7232,6611,0,0,0
7232,6631,0,0,0
7232,6632,0,0,0
7232,6633,0,0,0
7232,6634,0,0,0
7232,6635,0,0,0
7232,6636,0,0,0
7232,7111,132,22,110
7232,7131,76,59,17
7232,7132,0,0,0
7232,7133,46,19,27
7232,7134,33,33,0
7232,7135,129,67,62
7232,7137,100,75,25
7232,7138,104,14,90
7232,7140,37,20,17
7232,7141,0,0,0
7232,7143,26,10,16
7232,7211,3215,630,2585
7232,7231,2237,1018,1219
7232,7232,0,0,0
7232,7233,4011,2054,1957
7232,7235,1899,878,1021
7232,7311,0,0,0
7232,7312,53,17,36
7232,7313,0,0,0
7232,7314,0,0,0
7232,7315,91,13,78
7232,7316,0,0,0
7232,7317,0,0,0
7232,7318,12,0,12
7232,7319,0,0,0
7232,7320,0,0,0
7232,7331,40,23,17
7232,7332,0,0,0
7232,7333,0,0,0
7232,7334,0,0,0
7232,7335,43,16,27
7232,7336,25,25,0
7232,7337,0,0,0
7232,7338,0,0,0
7232,7339,23,12,11
7232,7340,0,0,0
7232,8111,14,0,14
7232,8115,11,11,0
7232,8116,0,0,0
7232,8117,0,0,0
7232,8118,0,0,0
7232,8119,0,0,0
7232,8121,0,0,0
7232,8125,0,0,0
7232,8126,0,0,0
7232,8127,0,0,0
7232,8128,0,0,0
7232,8135,0,0,0
7232,8136,0,0,0
7232,8211,0,0,0
7232,8212,13,0,13
7232,8215,0,0,0
7232,8216,0,0,0
7232,8221,0,0,0
7232,8222,21,0,21
7232,8225,0,0,0
7232,8226,0,0,0
7232,8231,0,0,0
7232,8235,0,0,0
7232,8236,0,0,0
7232,8237,0,0,0
7232,8311,0,0,0
7232,8315,0,0,0
7232,8316,0,0,0
7232,8317,0,0,0
7232,8325,0,0,0
7232,8326,0,0,0
7232,8327,0,0,0
7232,8335,0,0,0
7232,8336,0,0,0
7232,8337,0,0,0
7232,8415,0,0,0
7232,8416,0,0,0
7232,8417,0,0,0
7232,8421,0,0,0
7232,8425,0,0,0
7232,8426,0,0,0
7232,8435,0,0,0
7232,8436,0,0,0
7232,8437,0,0,0
7232,9161,28,0,28
7232,9162,34,0,34
7232,9163,0,0,0
7232,9171,0,0,0
7232,9172,0,0,0
7232,9173,0,0,0
7232,9174,0,0,0
7232,9175,0,0,0
7232,9176,0,0,0
7232,9177,0,0,0
7232,9178,0,0,0
7232,9179,0,0,0
7232,9180,0,0,0
7232,9181,0,0,0
7232,9182,0,0,0
7232,9183,0,0,0
7232,9184,0,0,0
7232,9185,0,0,0
7232,9186,0,0,0
7232,9187,0,0,0
7232,9188,0,0,0
7232,9189,0,0,0
7232,9190,0,0,0
7232,9261,0,0,0
7232,9262,0,0,0
7232,9263,0,0,0
7232,9271,0,0,0
7232,9272,0,0,0
7232,9273,0,0,0
7232,9274,0,0,0
7232,9275,0,0,0
7232,9276,0,0,0
7232,9277,0,0,0
7232,9278,0,0,0
7232,9279,0,0,0
7232,9361,0,0,0
7232,9362,0,0,0
7232,9363,0,0,0
7232,9371,0,0,0
7232,9372,0,0,0
7232,9373,0,0,0
7232,9374,17,17,0
7232,9375,0,0,0
7232,9376,0,0,0
7232,9377,0,0,0
7232,9461,0,0,0
7232,9462,0,0,0
7232,9463,0,0,0
7232,9464,0,0,0
7232,9471,0,0,0
7232,9472,0,0,0
7232,9473,0,0,0
7232,9474,0,0,0
7232,9475,0,0,0
7232,9476,0,0,0
7232,9477,0,0,0
7232,9478,0,0,0
7232,9479,0,0,0
7232,9561,0,0,0
7232,9562,0,0,0
7232,9563,0,0,0
7232,9564,0,0,0
7232,9565,0,0,0
7232,9571,0,0,0
7232,9572,0,0,0
7232,9573,0,0,0
7232,9574,0,0,0
7232,9575,0,0,0
7232,9576,0,0,0
7232,9577,0,0,0
7232,9661,0,0,0
7232,9662,0,0,0
7232,9663,0,0,0
7232,9671,0,0,0
7232,9672,0,0,0
7232,9673,0,0,0
7232,9674,0,0,0
7232,9675,0,0,0
7232,9676,0,0,0
7232,9677,0,0,0
7232,9678,0,0,0
7232,9679,0,0,0
7232,9761,0,0,0
7232,9762,0,0,0
7232,9763,0,0,0
7232,9764,0,0,0
7232,9771,0,0,0
7232,9772,0,0,0
7232,9773,0,0,0
7232,9774,0,0,0
7232,9775,0,0,0
7232,9776,0,0,0
7232,9777,0,0,0
7232,9778,0,0,0
7232,9779,0,0,0
7232,9780,0,0,0
7232,10041,73,19,54
7232,10042,37,24,13
7232,10043,76,10,66
7232,10044,16,0,16
7232,10045,11,0,11
7232,10046,42,16,26
7232,11000,46,17,29
7232,12051,0,0,0
7232,12052,0,0,0
7232,12053,0,0,0
7232,12054,0,0,0
7232,12060,0,0,0
7232,12061,0,0,0
7232,12062,0,0,0
7232,12063,0,0,0
7232,12064,0,0,0
7232,12065,0,0,0
7232,12066,0,0,0
7232,12067,0,0,0
7232,12068,0,0,0
7232,12069,0,0,0
7232,12070,0,0,0
7232,12071,0,0,0
7232,12072,0,0,0
7232,12073,0,0,0
7232,13003,0,0,0
7232,13004,0,0,0
7232,13071,0,0,0
7232,13072,0,0,0
7232,13073,0,0,0
7232,13074,0,0,0
7232,13075,0,0,0
7232,13076,0,0,0
7232,14511,0,0,0
7232,14521,0,0,0
7232,14522,0,0,0
7232,14523,21,21,0
7232,14524,0,0,0
7232,14612,0,0,0
7232,14625,0,0,0
7232,14626,0,0,0
7232,14627,0,0,0
7232,14628,0,0,0
7232,14713,0,0,0
7232,14729,0,0,0
7232,14730,0,0,0
7232,15001,0,0,0
7232,15002,0,0,0
7232,15003,0,0,0
7232,15081,0,0,0
7232,15082,0,0,0
7232,15083,0,0,0
7232,15084,0,0,0
7232,15085,0,0,0
7232,15086,0,0,0
7232,15087,0,0,0
7232,15088,0,0,0
7232,15089,13,13,0
7232,15090,0,0,0
7232,15091,0,0,0
7232,16051,0,0,0
7232,16052,13,13,0
7232,16053,0,0,0
7232,16054,0,0,0
7232,16055,0,0,0
7232,16056,0,0,0
7232,16061,0,0,0
7232,16062,0,0,0
7232,16063,0,0,0
7232,16064,0,0,0
7232,16065,0,0,0
7232,16066,0,0,0
7232,16067,0,0,0
7232,16068,0,0,0
7232,16069,0,0,0
7232,16070,0,0,0
7232,16071,11,0,11
7232,16072,0,0,0
7232,16073,0,0,0
7232,16074,0,0,0
7232,16075,0,0,0
7232,16076,17,17,0
7232,16077,0,0,0
7233,1001,0,0,0
7233,1002,0,0,0
7233,1003,0,0,0
7233,1004,22,0,22
7233,1051,0,0,0
7233,1053,0,0,0
7233,1054,0,0,0
7233,1055,0,0,0
7233,1056,0,0,0
7233,1057,0,0,0
7233,1058,0,0,0
7233,1059,13,0,13
7233,1060,0,0,0
7233,1061,0,0,0
7233,1062,0,0,0
7233,2000,17,0,17
7233,3101,0,0,0
7233,3102,0,0,0
7233,3103,0,0,0
7233,3151,0,0,0
7233,3153,0,0,0
7233,3154,0,0,0
7233,3155,0,0,0
7233,3157,0,0,0
7233,3158,0,0,0
7233,3159,0,0,0
7233,3241,17,0,17
7233,3251,0,0,0
7233,3252,0,0,0
7233,3254,0,0,0
7233,3255,0,0,0
7233,3256,0,0,0
7233,3257,0,0,0
7233,3351,0,0,0
7233,3352,0,0,0
7233,3353,0,0,0
7233,3354,0,0,0
7233,3355,0,0,0
7233,3356,0,0,0
7233,3357,0,0,0
7233,3358,0,0,0
7233,3359,0,0,0
7233,3360,0,0,0
7233,3361,0,0,0
7233,3401,0,0,0
7233,3402,0,0,0
7233,3403,0,0,0
7233,3404,0,0,0
7233,3405,0,0,0
7233,3451,0,0,0
7233,3452,0,0,0
7233,3453,0,0,0
7233,3454,0,0,0
7233,3455,0,0,0
7233,3456,0,0,0
7233,3457,0,0,0
7233,3458,0,0,0
7233,3459,0,0,0
7233,3460,0,0,0
7233,3461,0,0,0
7233,3462,0,0,0
7233,4011,40,0,40
7233,4012,0,0,0
7233,5111,68,0,68
7233,5112,15,0,15
7233,5113,18,0,18
7233,5114,0,0,0
7233,5116,0,0,0
7233,5117,0,0,0
7233,5119,11,0,11
7233,5120,0,0,0
7233,5122,0,0,0
7233,5124,0,0,0
7233,5154,0,0,0
7233,5158,22,0,22
7233,5162,37,18,19
7233,5166,37,0,37
7233,5170,0,0,0
7233,5314,180,24,156
7233,5315,417,48,369
7233,5316,16,0,16
7233,5334,60,27,33
7233,5358,68,24,44
7233,5362,166,45,121
7233,5366,1373,665,708
7233,5370,10,0,10
7233,5374,0,0,0
7233,5378,0,0,0
7233,5382,180,43,137
7233,5512,0,0,0
7233,5513,0,0,0
7233,5515,0,0,0
7233,5554,0,0,0
7233,5558,0,0,0
7233,5562,0,0,0
7233,5566,0,0,0
7233,5570,0,0,0
7233,5711,0,0,0
7233,5754,0,0,0
7233,5758,0,0,0
7233,5762,0,0,0
7233,5766,0,0,0
7233,5770,0,0,0
7233,5774,0,0,0
7233,5911,0,0,0
7233,5913,0,0,0
7233,5914,0,0,0
7233,5915,0,0,0
7233,5916,0,0,0
7233,5954,0,0,0
7233,5958,0,0,0
7233,5962,0,0,0
7233,5966,0,0,0
7233,5970,0,0,0
7233,5974,0,0,0
7233,5978,0,0,0
7233,6411,0,0,0
7233,6412,139,50,89
7233,6413,0,0,0
7233,6414,0,0,0
7233,6431,0,0,0
7233,6432,0,0,0
7233,6433,56,0,56
7233,6434,0,0,0
7233,6435,0,0,0
7233,6436,26,15,11
7233,6437,0,0,0
7233,6438,38,0,38
7233,6439,0,0,0
7233,6440,0,0,0
7233,6531,21,0,21
7233,6532,0,0,0
7233,6533,0,0,0
7233,6534,0,0,0
7233,6535,0,0,0
7233,6611,0,0,0
7233,6631,0,0,0
7233,6632,0,0,0
7233,6633,0,0,0
7233,6634,0,0,0
7233,6635,0,0,0
7233,6636,0,0,0
7233,7111,223,37,186
7233,7131,985,457,528
7233,7132,0,0,0
7233,7133,33,13,20
7233,7134,56,56,0
7233,7135,1655,768,887
7233,7137,897,354,543
7233,7138,96,12,84
7233,7140,58,18,40
7233,7141,25,0,25
7233,7143,61,11,50
7233,7211,553,111,442
7233,7231,2146,710,1436
7233,7232,4011,1957,2054
7233,7233,0,0,0
7233,7235,265,98,167
7233,7311,0,0,0
7233,7312,0,0,0
7233,7313,0,0,0
7233,7314,0,0,0
7233,7315,52,0,52
7233,7316,0,0,0
7233,7317,0,0,0
7233,7318,0,0,0
7233,7319,0,0,0
7233,7320,0,0,0
7233,7331,0,0,0
7233,7332,0,0,0
7233,7333,0,0,0
7233,7334,0,0,0
7233,7335,0,0,0
7233,7336,0,0,0
7233,7337,0,0,0
7233,7338,0,0,0
7233,7339,0,0,0
7233,7340,0,0,0
7233,8111,12,0,12
7233,8115,0,0,0
7233,8116,0,0,0
7233,8117,0,0,0
7233,8118,10,0,10
7233,8119,0,0,0
7233,8121,0,0,0
7233,8125,0,0,0
7233,8126,0,0,0
7233,8127,0,0,0
7233,8128,0,0,0
7233,8135,0,0,0
7233,8136,0,0,0
7233,8211,0,0,0
7233,8212,0,0,0
7233,8215,0,0,0
7233,8216,11,0,11
7233,8221,0,0,0
7233,8222,12,0,12
7233,8225,0,0,0
7233,8226,0,0,0
7233,8231,0,0,0
7233,8235,0,0,0
7233,8236,0,0,0
7233,8237,0,0,0
7233,8311,0,0,0
7233,8315,0,0,0
7233,8316,0,0,0
7233,8317,0,0,0
7233,8325,0,0,0
7233,8326,0,0,0
7233,8327,0,0,0
7233,8335,0,0,0
7233,8336,0,0,0
7233,8337,0,0,0
7233,8415,0,0,0
7233,8416,0,0,0
7233,8417,0,0,0
7233,8421,0,0,0
7233,8425,0,0,0
7233,8426,0,0,0
7233,8435,0,0,0
7233,8436,0,0,0
7233,8437,0,0,0
7233,9161,0,0,0
7233,9162,32,0,32
7233,9163,0,0,0
7233,9171,0,0,0
7233,9172,0,0,0
7233,9173,0,0,0
7233,9174,0,0,0
7233,9175,0,0,0
7233,9176,0,0,0
7233,9177,0,0,0
7233,9178,0,0,0
7233,9179,0,0,0
7233,9180,0,0,0
7233,9181,0,0,0
7233,9182,0,0,0
7233,9183,0,0,0
7233,9184,0,0,0
7233,9185,0,0,0
7233,9186,0,0,0
7233,9187,0,0,0
7233,9188,0,0,0
7233,9189,0,0,0
7233,9190,0,0,0
7233,9261,0,0,0
7233,9262,0,0,0
7233,9263,0,0,0
7233,9271,0,0,0
7233,9272,0,0,0
7233,9273,0,0,0
7233,9274,0,0,0
7233,9275,0,0,0
7233,9276,0,0,0
7233,9277,0,0,0
7233,9278,0,0,0
7233,9279,0,0,0
7233,9361,0,0,0
7233,9362,0,0,0
7233,9363,0,0,0
7233,9371,0,0,0
7233,9372,0,0,0
7233,9373,0,0,0
7233,9374,0,0,0
7233,9375,0,0,0
7233,9376,0,0,0
7233,9377,0,0,0
7233,9461,0,0,0
7233,9462,0,0,0
7233,9463,0,0,0
7233,9464,0,0,0
7233,9471,0,0,0
7233,9472,0,0,0
7233,9473,0,0,0
7233,9474,0,0,0
7233,9475,0,0,0
7233,9476,0,0,0
7233,9477,0,0,0
7233,9478,0,0,0
7233,9479,0,0,0
7233,9561,0,0,0
7233,9562,0,0,0
7233,9563,0,0,0
7233,9564,0,0,0
7233,9565,0,0,0
7233,9571,0,0,0
7233,9572,0,0,0
7233,9573,0,0,0
7233,9574,0,0,0
7233,9575,0,0,0
7233,9576,0,0,0
7233,9577,0,0,0
7233,9661,0,0,0
7233,9662,0,0,0
7233,9663,0,0,0
7233,9671,0,0,0
7233,9672,0,0,0
7233,9673,0,0,0
7233,9674,0,0,0
7233,9675,0,0,0
7233,9676,0,0,0
7233,9677,0,0,0
7233,9678,0,0,0
7233,9679,0,0,0
7233,9761,0,0,0
7233,9762,0,0,0
7233,9763,0,0,0
7233,9764,0,0,0
7233,9771,0,0,0
7233,9772,0,0,0
7233,9773,0,0,0
7233,9774,0,0,0
7233,9775,0,0,0
7233,9776,0,0,0
7233,9777,0,0,0
7233,9778,0,0,0
7233,9779,0,0,0
7233,9780,0,0,0
7233,10041,33,12,21
7233,10042,19,0,19
7233,10043,0,0,0
7233,10044,11,0,11
7233,10045,0,0,0
7233,10046,0,0,0
7233,11000,49,18,31
7233,12051,0,0,0
7233,12052,0,0,0
7233,12053,0,0,0
7233,12054,0,0,0
7233,12060,0,0,0
7233,12061,0,0,0
7233,12062,0,0,0
7233,12063,0,0,0
7233,12064,0,0,0
7233,12065,0,0,0
7233,12066,0,0,0
7233,12067,0,0,0
7233,12068,0,0,0
7233,12069,0,0,0
7233,12070,0,0,0
7233,12071,0,0,0
7233,12072,0,0,0
7233,12073,0,0,0
7233,13003,0,0,0
7233,13004,0,0,0
7233,13071,0,0,0
7233,13072,0,0,0
7233,13073,0,0,0
7233,13074,0,0,0
7233,13075,0,0,0
7233,13076,0,0,0
7233,14511,0,0,0
7233,14521,0,0,0
7233,14522,0,0,0
7233,14523,0,0,0
7233,14524,0,0,0
7233,14612,0,0,0
7233,14625,0,0,0
7233,14626,0,0,0
7233,14627,0,0,0
7233,14628,0,0,0
7233,14713,0,0,0
7233,14729,0,0,0
7233,14730,0,0,0
7233,15001,0,0,0
7233,15002,0,0,0
7233,15003,0,0,0
7233,15081,0,0,0
7233,15082,0,0,0
7233,15083,0,0,0
7233,15084,0,0,0
7233,15085,0,0,0
7233,15086,0,0,0
7233,15087,0,0,0
7233,15088,0,0,0
7233,15089,10,10,0
7233,15090,0,0,0
7233,15091,0,0,0
7233,16051,0,0,0
7233,16052,0,0,0
7233,16053,0,0,0
7233,16054,0,0,0
7233,16055,0,0,0
7233,16056,0,0,0
7233,16061,0,0,0
7233,16062,0,0,0
7233,16063,0,0,0
7233,16064,0,0,0
7233,16065,0,0,0
7233,16066,0,0,0
7233,16067,0,0,0
7233,16068,0,0,0
7233,16069,0,0,0
7233,16070,0,0,0
7233,16071,0,0,0
7233,16072,0,0,0
7233,16073,0,0,0
7233,16074,0,0,0
7233,16075,0,0,0
7233,16076,0,0,0
7233,16077,0,0,0
7235,1001,0,0,0
7235,1002,0,0,0
7235,1003,0,0,0
7235,1004,0,0,0
7235,1051,0,0,0
7235,1053,0,0,0
7235,1054,0,0,0
7235,1055,0,0,0
7235,1056,0,0,0
7235,1057,0,0,0
7235,1058,0,0,0
7235,1059,0,0,0
7235,1060,0,0,0
7235,1061,0,0,0
7235,1062,0,0,0
7235,2000,55,10,45
7235,3101,0,0,0
7235,3102,0,0,0
7235,3103,0,0,0
7235,3151,0,0,0
7235,3153,0,0,0
7235,3154,0,0,0
7235,3155,0,0,0
7235,3157,0,0,0
7235,3158,0,0,0
7235,3159,0,0,0
7235,3241,15,0,15
7235,3251,0,0,0
7235,3252,0,0,0
7235,3254,0,0,0
7235,3255,0,0,0
7235,3256,0,0,0
7235,3257,0,0,0
7235,3351,0,0,0
7235,3352,0,0,0
7235,3353,0,0,0
7235,3354,0,0,0
7235,3355,0,0,0
7235,3356,0,0,0
7235,3357,0,0,0
7235,3358,0,0,0
7235,3359,0,0,0
7235,3360,0,0,0
7235,3361,0,0,0
7235,3401,0,0,0
7235,3402,0,0,0
7235,3403,0,0,0
7235,3404,0,0,0
7235,3405,0,0,0
7235,3451,0,0,0
7235,3452,0,0,0
7235,3453,0,0,0
7235,3454,0,0,0
7235,3455,0,0,0
7235,3456,0,0,0
7235,3457,0,0,0
7235,3458,0,0,0
7235,3459,0,0,0
7235,3460,0,0,0
7235,3461,0,0,0
7235,3462,0,0,0
7235,4011,0,0,0
7235,4012,0,0,0
7235,5111,77,0,77
7235,5112,0,0,0
7235,5113,13,0,13
7235,5114,0,0,0
7235,5116,0,0,0
7235,5117,0,0,0
7235,5119,0,0,0
7235,5120,0,0,0
7235,5122,0,0,0
7235,5124,0,0,0
7235,5154,0,0,0
7235,5158,22,0,22
7235,5162,0,0,0
7235,5166,0,0,0
7235,5170,0,0,0
7235,5314,52,12,40
7235,5315,135,21,114
7235,5316,0,0,0
7235,5334,22,0,22
7235,5358,0,0,0
7235,5362,18,0,18
7235,5366,19,19,0
7235,5370,0,0,0
7235,5374,11,0,11
7235,5378,0,0,0
7235,5382,55,20,35
7235,5512,0,0,0
7235,5513,0,0,0
7235,5515,10,0,10
7235,5554,0,0,0
7235,5558,0,0,0
7235,5562,0,0,0
7235,5566,0,0,0
7235,5570,0,0,0
7235,5711,10,0,10
7235,5754,12,0,12
7235,5758,0,0,0
7235,5762,0,0,0
7235,5766,0,0,0
7235,5770,0,0,0
7235,5774,0,0,0
7235,5911,0,0,0
7235,5913,17,0,17
7235,5914,0,0,0
7235,5915,0,0,0
7235,5916,0,0,0
7235,5954,0,0,0
7235,5958,0,0,0
7235,5962,0,0,0
7235,5966,0,0,0
7235,5970,10,0,10
7235,5974,0,0,0
7235,5978,0,0,0
7235,6411,11,0,11
7235,6412,153,24,129
7235,6413,19,0,19
7235,6414,21,0,21
7235,6431,15,0,15
7235,6432,10,10,0
7235,6433,22,0,22
7235,6434,16,0,16
7235,6435,25,0,25
7235,6436,28,0,28
7235,6437,0,0,0
7235,6438,32,0,32
7235,6439,14,14,0
7235,6440,0,0,0
7235,6531,10,0,10
7235,6532,10,0,10
7235,6533,0,0,0
7235,6534,0,0,0
7235,6535,0,0,0
7235,6611,0,0,0
7235,6631,0,0,0
7235,6632,0,0,0
7235,6633,0,0,0
7235,6634,0,0,0
7235,6635,0,0,0
7235,6636,0,0,0
7235,7111,195,10,185
7235,7131,27,27,0
7235,7132,0,0,0
7235,7133,58,26,32
7235,7134,416,221,195
7235,7135,140,46,94
7235,7137,98,32,66
7235,7138,51,14,37
7235,7140,69,33,36
7235,7141,19,0,19
7235,7143,17,0,17
7235,7211,22794,4408,18386
7235,7231,4615,2651,1964
7235,7232,1899,1021,878
7235,7233,265,167,98
7235,7235,0,0,0
7235,7311,0,0,0
7235,7312,134,15,119
7235,7313,0,0,0
7235,7314,21,0,21
7235,7315,120,11,109
7235,7316,0,0,0
7235,7317,0,0,0
7235,7318,11,0,11
7235,7319,0,0,0
7235,7320,12,0,12
7235,7331,10,0,10
7235,7332,0,0,0
7235,7333,11,0,11
7235,7334,0,0,0
7235,7335,24,10,14
7235,7336,38,25,13
7235,7337,0,0,0
7235,7338,0,0,0
7235,7339,24,0,24
7235,7340,28,12,16
7235,8111,35,0,35
7235,8115,0,0,0
7235,8116,18,0,18
7235,8117,0,0,0
7235,8118,17,0,17
7235,8119,0,0,0
7235,8121,0,0,0
7235,8125,12,0,12
7235,8126,21,0,21
7235,8127,0,0,0
7235,8128,0,0,0
7235,8135,0,0,0
7235,8136,13,13,0
7235,8211,0,0,0
7235,8212,22,0,22
7235,8215,14,0,14
7235,8216,17,0,17
7235,8221,10,0,10
7235,8222,41,0,41
7235,8225,0,0,0
7235,8226,16,0,16
7235,8231,0,0,0
7235,8235,0,0,0
7235,8236,0,0,0
7235,8237,0,0,0
7235,8311,0,0,0
7235,8315,0,0,0
7235,8316,0,0,0
7235,8317,14,0,14
7235,8325,0,0,0
7235,8326,0,0,0
7235,8327,0,0,0
7235,8335,0,0,0
7235,8336,0,0,0
7235,8337,0,0,0
7235,8415,0,0,0
7235,8416,0,0,0
7235,8417,0,0,0
7235,8421,0,0,0
7235,8425,0,0,0
7235,8426,0,0,0
7235,8435,0,0,0
7235,8436,0,0,0
7235,8437,0,0,0
7235,9161,12,0,12
7235,9162,74,18,56
7235,9163,0,0,0
7235,9171,0,0,0
7235,9172,0,0,0
7235,9173,0,0,0
7235,9174,0,0,0
7235,9175,0,0,0
7235,9176,0,0,0
7235,9177,0,0,0
7235,9178,0,0,0
7235,9179,0,0,0
7235,9180,0,0,0
7235,9181,0,0,0
7235,9182,0,0,0
7235,9183,0,0,0
7235,9184,27,0,27
7235,9185,0,0,0
7235,9186,0,0,0
7235,9187,0,0,0
7235,9188,0,0,0
7235,9189,0,0,0
7235,9190,0,0,0
7235,9261,0,0,0
7235,9262,0,0,0
7235,9263,0,0,0
7235,9271,0,0,0
7235,9272,0,0,0
7235,9273,0,0,0
7235,9274,21,0,21
7235,9275,0,0,0
7235,9276,0,0,0
7235,9277,0,0,0
7235,9278,0,0,0
7235,9279,0,0,0
7235,9361,0,0,0
7235,9362,0,0,0
7235,9363,0,0,0
7235,9371,0,0,0
7235,9372,0,0,0
7235,9373,0,0,0
7235,9374,0,0,0
7235,9375,0,0,0
7235,9376,0,0,0
7235,9377,0,0,0
7235,9461,0,0,0
7235,9462,0,0,0
7235,9463,0,0,0
7235,9464,0,0,0
7235,9471,0,0,0
7235,9472,0,0,0
7235,9473,0,0,0
7235,9474,0,0,0
7235,9475,0,0,0
7235,9476,0,0,0
7235,9477,0,0,0
7235,9478,0,0,0
7235,9479,0,0,0
7235,9561,0,0,0
7235,9562,0,0,0
7235,9563,0,0,0
7235,9564,11,0,11
7235,9565,0,0,0
7235,9571,0,0,0
7235,9572,0,0,0
7235,9573,0,0,0
7235,9574,0,0,0
7235,9575,0,0,0
7235,9576,0,0,0
7235,9577,0,0,0
7235,9661,0,0,0
7235,9662,0,0,0
7235,9663,0,0,0
7235,9671,0,0,0
7235,9672,0,0,0
7235,9673,0,0,0
7235,9674,0,0,0
7235,9675,0,0,0
7235,9676,0,0,0
7235,9677,0,0,0
7235,9678,0,0,0
7235,9679,0,0,0
7235,9761,0,0,0
7235,9762,0,0,0
7235,9763,0,0,0
7235,9764,0,0,0
7235,9771,0,0,0
7235,9772,0,0,0
7235,9773,0,0,0
7235,9774,0,0,0
7235,9775,0,0,0
7235,9776,0,0,0
7235,9777,0,0,0
7235,9778,0,0,0
7235,9779,0,0,0
7235,9780,0,0,0
7235,10041,526,119,407
7235,10042,2609,1276,1333
7235,10043,163,96,67
7235,10044,407,187,220
7235,10045,118,42,76
7235,10046,1035,518,517
7235,11000,72,12,60
7235,12051,0,0,0
7235,12052,0,0,0
7235,12053,0,0,0
7235,12054,0,0,0
7235,12060,0,0,0
7235,12061,0,0,0
7235,12062,0,0,0
7235,12063,0,0,0
7235,12064,0,0,0
7235,12065,0,0,0
7235,12066,0,0,0
7235,12067,0,0,0
7235,12068,0,0,0
7235,12069,0,0,0
7235,12070,0,0,0
7235,12071,0,0,0
7235,12072,0,0,0
7235,12073,0,0,0
7235,13003,0,0,0
7235,13004,0,0,0
7235,13071,0,0,0
7235,13072,0,0,0
7235,13073,0,0,0
7235,13074,0,0,0
7235,13075,0,0,0
7235,13076,0,0,0
7235,14511,0,0,0
7235,14521,0,0,0
7235,14522,0,0,0
7235,14523,0,0,0
7235,14524,0,0,0
7235,14612,0,0,0
7235,14625,0,0,0
7235,14626,0,0,0
7235,14627,0,0,0
7235,14628,0,0,0
7235,14713,0,0,0
7235,14729,0,0,0
7235,14730,0,0,0
7235,15001,0,0,0
7235,15002,0,0,0
7235,15003,0,0,0
7235,15081,0,0,0
7235,15082,0,0,0
7235,15083,0,0,0
7235,15084,0,0,0
7235,15085,0,0,0
7235,15086,0,0,0
7235,15087,0,0,0
7235,15088,0,0,0
7235,15089,0,0,0
7235,15090,0,0,0
7235,15091,0,0,0
7235,16051,0,0,0
7235,16052,0,0,0
7235,16053,0,0,0
7235,16054,0,0,0
7235,16055,0,0,0
7235,16056,0,0,0
7235,16061,0,0,0
7235,16062,0,0,0
7235,16063,0,0,0
7235,16064,0,0,0
7235,16065,0,0,0
7235,16066,0,0,0
7235,16067,0,0,0
7235,16068,0,0,0
7235,16069,0,0,0
7235,16070,0,0,0
7235,16071,0,0,0
7235,16072,0,0,0
7235,16073,0,0,0
7235,16074,0,0,0
7235,16075,0,0,0
7235,16076,0,0,0
7235,16077,0,0,0
7311,1001,0,0,0
7311,1002,0,0,0
7311,1003,0,0,0
7311,1004,0,0,0
7311,1051,0,0,0
7311,1053,0,0,0
7311,1054,0,0,0
7311,1055,0,0,0
7311,1056,0,0,0
7311,1057,0,0,0
7311,1058,0,0,0
7311,1059,0,0,0
7311,1060,0,0,0
7311,1061,0,0,0
7311,1062,0,0,0
7311,2000,18,0,18
7311,3101,0,0,0
7311,3102,0,0,0
7311,3103,0,0,0
7311,3151,0,0,0
7311,3153,0,0,0
7311,3154,0,0,0
7311,3155,0,0,0
7311,3157,0,0,0
7311,3158,0,0,0
7311,3159,0,0,0
7311,3241,15,15,0
7311,3251,0,0,0
7311,3252,0,0,0
7311,3254,0,0,0
7311,3255,0,0,0
7311,3256,0,0,0
7311,3257,0,0,0
7311,3351,0,0,0
7311,3352,0,0,0
7311,3353,0,0,0
7311,3354,0,0,0
7311,3355,0,0,0
7311,3356,0,0,0
7311,3357,0,0,0
7311,3358,0,0,0
7311,3359,0,0,0
7311,3360,0,0,0
7311,3361,0,0,0
7311,3401,0,0,0
7311,3402,0,0,0
7311,3403,0,0,0
7311,3404,22,0,22
7311,3405,0,0,0
7311,3451,0,0,0
7311,3452,0,0,0
7311,3453,0,0,0
7311,3454,20,0,20
7311,3455,0,0,0
7311,3456,0,0,0
7311,3457,0,0,0
7311,3458,0,0,0
7311,3459,0,0,0
7311,3460,0,0,0
7311,3461,0,0,0
7311,3462,0,0,0
7311,4011,0,0,0
7311,4012,0,0,0
7311,5111,11,0,11
7311,5112,16,0,16
7311,5113,10,10,0
7311,5114,0,0,0
7311,5116,0,0,0
7311,5117,0,0,0
7311,5119,0,0,0
7311,5120,0,0,0
7311,5122,0,0,0
7311,5124,0,0,0
7311,5154,0,0,0
7311,5158,11,0,11
7311,5162,0,0,0
7311,5166,0,0,0
7311,5170,0,0,0
7311,5314,0,0,0
7311,5315,36,12,24
7311,5316,0,0,0
7311,5334,0,0,0
7311,5358,0,0,0
7311,5362,21,10,11
7311,5366,0,0,0
7311,5370,0,0,0
7311,5374,0,0,0
7311,5378,0,0,0
7311,5382,0,0,0
7311,5512,0,0,0
7311,5513,0,0,0
7311,5515,0,0,0
7311,5554,0,0,0
7311,5558,0,0,0
7311,5562,26,10,16
7311,5566,0,0,0
7311,5570,0,0,0
7311,5711,0,0,0
7311,5754,0,0,0
7311,5758,0,0,0
7311,5762,0,0,0
7311,5766,0,0,0
7311,5770,0,0,0
7311,5774,0,0,0
7311,5911,0,0,0
7311,5913,0,0,0
7311,5914,0,0,0
7311,5915,0,0,0
7311,5916,0,0,0
7311,5954,0,0,0
7311,5958,0,0,0
7311,5962,0,0,0
7311,5966,0,0,0
7311,5970,0,0,0
7311,5974,0,0,0
7311,5978,0,0,0
7311,6411,55,19,36
7311,6412,169,39,130
7311,6413,0,0,0
7311,6414,57,25,32
7311,6431,795,501,294
7311,6432,94,60,34
7311,6433,72,37,35
7311,6434,36,20,16
7311,6435,28,10,18
7311,6436,35,12,23
7311,6437,0,0,0
7311,6438,61,32,29
7311,6439,12,12,0
7311,6440,15,15,0
7311,6531,15,15,0
7311,6532,0,0,0
7311,6533,0,0,0
7311,6534,0,0,0
7311,6535,0,0,0
7311,6611,0,0,0
7311,6631,0,0,0
7311,6632,0,0,0
7311,6633,0,0,0
7311,6634,0,0,0
7311,6635,0,0,0
7311,6636,0,0,0
7311,7111,12,12,0
7311,7131,0,0,0
7311,7132,13,13,0
7311,7133,56,39,17
7311,7134,0,0,0
7311,7135,0,0,0
7311,7137,25,25,0
7311,7138,0,0,0
7311,7140,0,0,0
7311,7141,79,79,0
7311,7143,0,0,0
7311,7211,0,0,0
7311,7231,0,0,0
7311,7232,0,0,0
7311,7233,0,0,0
7311,7235,0,0,0
7311,7311,0,0,0
7311,7312,232,160,72
7311,7313,101,49,52
7311,7314,5870,2070,3800
7311,7315,148,57,91
7311,7316,266,194,72
7311,7317,12,12,0
7311,7318,422,175,247
7311,7319,1564,968,596
7311,7320,11,11,0
7311,7331,499,418,81
7311,7332,2565,1982,583
7311,7333,410,329,81
7311,7334,140,84,56
7311,7335,132,118,14
7311,7336,41,41,0
7311,7337,158,107,51
7311,7338,3840,2776,1064
7311,7339,86,65,21
7311,7340,34,34,0
7311,8111,56,13,43
7311,8115,0,0,0
7311,8116,10,10,0
7311,8117,0,0,0
7311,8118,25,11,14
7311,8119,0,0,0
7311,8121,0,0,0
7311,8125,0,0,0
7311,8126,0,0,0
7311,8127,0,0,0
7311,8128,0,0,0
7311,8135,0,0,0
7311,8136,0,0,0
7311,8211,22,0,22
7311,8212,165,64,101
7311,8215,133,80,53
7311,8216,11,11,0
7311,8221,241,91,150
7311,8222,3138,1016,2122
7311,8225,11,11,0
7311,8226,784,437,347
7311,8231,0,0,0
7311,8235,0,0,0
7311,8236,0,0,0
7311,8237,0,0,0
7311,8311,0,0,0
7311,8315,0,0,0
7311,8316,0,0,0
7311,8317,0,0,0
7311,8325,0,0,0
7311,8326,0,0,0
7311,8327,0,0,0
7311,8335,0,0,0
7311,8336,0,0,0
7311,8337,0,0,0
7311,8415,0,0,0
7311,8416,0,0,0
7311,8417,0,0,0
7311,8421,0,0,0
7311,8425,0,0,0
7311,8426,0,0,0
7311,8435,0,0,0
7311,8436,0,0,0
7311,8437,0,0,0
7311,9161,0,0,0
7311,9162,51,15,36
7311,9163,0,0,0
7311,9171,0,0,0
7311,9172,0,0,0
7311,9173,0,0,0
7311,9174,0,0,0
7311,9175,0,0,0
7311,9176,0,0,0
7311,9177,0,0,0
7311,9178,0,0,0
7311,9179,0,0,0
7311,9180,0,0,0
7311,9181,0,0,0
7311,9182,0,0,0
7311,9183,0,0,0
7311,9184,0,0,0
7311,9185,0,0,0
7311,9186,0,0,0
7311,9187,0,0,0
7311,9188,0,0,0
7311,9189,0,0,0
7311,9190,0,0,0
7311,9261,0,0,0
7311,9262,0,0,0
7311,9263,0,0,0
7311,9271,0,0,0
7311,9272,0,0,0
7311,9273,0,0,0
7311,9274,0,0,0
7311,9275,0,0,0
7311,9276,0,0,0
7311,9277,0,0,0
7311,9278,0,0,0
7311,9279,0,0,0
7311,9361,0,0,0
7311,9362,0,0,0
7311,9363,0,0,0
7311,9371,0,0,0
7311,9372,0,0,0
7311,9373,0,0,0
7311,9374,0,0,0
7311,9375,0,0,0
7311,9376,0,0,0
7311,9377,0,0,0
7311,9461,0,0,0
7311,9462,0,0,0
7311,9463,0,0,0
7311,9464,0,0,0
7311,9471,0,0,0
7311,9472,25,25,0
7311,9473,0,0,0
7311,9474,0,0,0
7311,9475,0,0,0
7311,9476,0,0,0
7311,9477,0,0,0
7311,9478,0,0,0
7311,9479,0,0,0
7311,9561,0,0,0
7311,9562,0,0,0
7311,9563,0,0,0
7311,9564,0,0,0
7311,9565,0,0,0
7311,9571,0,0,0
7311,9572,0,0,0
7311,9573,0,0,0
7311,9574,0,0,0
7311,9575,0,0,0
7311,9576,0,0,0
7311,9577,0,0,0
7311,9661,0,0,0
7311,9662,0,0,0
7311,9663,0,0,0
7311,9671,0,0,0
7311,9672,0,0,0
7311,9673,0,0,0
7311,9674,0,0,0
7311,9675,0,0,0
7311,9676,0,0,0
7311,9677,0,0,0
7311,9678,0,0,0
7311,9679,0,0,0
7311,9761,0,0,0
7311,9762,0,0,0
7311,9763,0,0,0
7311,9764,0,0,0
7311,9771,0,0,0
7311,9772,0,0,0
7311,9773,0,0,0
7311,9774,0,0,0
7311,9775,0,0,0
7311,9776,0,0,0
7311,9777,0,0,0
7311,9778,0,0,0
7311,9779,0,0,0
7311,9780,0,0,0
7311,10041,24,10,14
7311,10042,0,0,0
7311,10043,19,19,0
7311,10044,0,0,0
7311,10045,26,26,0
7311,10046,0,0,0
7311,11000,33,18,15
7311,12051,0,0,0
7311,12052,0,0,0
7311,12053,0,0,0
7311,12054,0,0,0
7311,12060,0,0,0
7311,12061,0,0,0
7311,12062,0,0,0
7311,12063,0,0,0
7311,12064,0,0,0
7311,12065,0,0,0
7311,12066,0,0,0
7311,12067,0,0,0
7311,12068,0,0,0
7311,12069,0,0,0
7311,12070,0,0,0
7311,12071,0,0,0
7311,12072,0,0,0
7311,12073,0,0,0
7311,13003,0,0,0
7311,13004,0,0,0
7311,13071,0,0,0
7311,13072,0,0,0
7311,13073,0,0,0
7311,13074,0,0,0
7311,13075,0,0,0
7311,13076,0,0,0
7311,14511,0,0,0
7311,14521,0,0,0
7311,14522,0,0,0
7311,14523,0,0,0
7311,14524,0,0,0
7311,14612,0,0,0
7311,14625,0,0,0
7311,14626,0,0,0
7311,14627,0,0,0
7311,14628,0,0,0
7311,14713,0,0,0
7311,14729,0,0,0
7311,14730,0,0,0
7311,15001,0,0,0
7311,15002,0,0,0
7311,15003,0,0,0
7311,15081,0,0,0
7311,15082,0,0,0
7311,15083,0,0,0
7311,15084,0,0,0
7311,15085,0,0,0
7311,15086,0,0,0
7311,15087,0,0,0
7311,15088,0,0,0
7311,15089,0,0,0
7311,15090,0,0,0
7311,15091,0,0,0
7311,16051,0,0,0
7311,16052,0,0,0
7311,16053,0,0,0
7311,16054,0,0,0
7311,16055,0,0,0
7311,16056,0,0,0
7311,16061,0,0,0
7311,16062,0,0,0
7311,16063,0,0,0
7311,16064,0,0,0
7311,16065,0,0,0
7311,16066,0,0,0
7311,16067,0,0,0
7311,16068,0,0,0
7311,16069,0,0,0
7311,16070,0,0,0
7311,16071,0,0,0
7311,16072,0,0,0
7311,16073,0,0,0
7311,16074,0,0,0
7311,16075,0,0,0
7311,16076,0,0,0
7311,16077,0,0,0
7312,1001,0,0,0
7312,1002,0,0,0
7312,1003,0,0,0
7312,1004,0,0,0
7312,1051,0,0,0
7312,1053,0,0,0
7312,1054,0,0,0
7312,1055,0,0,0
7312,1056,0,0,0
7312,1057,0,0,0
7312,1058,0,0,0
7312,1059,0,0,0
7312,1060,0,0,0
7312,1061,0,0,0
7312,1062,0,0,0
7312,2000,64,20,44
7312,3101,11,0,11
7312,3102,0,0,0
7312,3103,0,0,0
7312,3151,0,0,0
7312,3153,0,0,0
7312,3154,0,0,0
7312,3155,0,0,0
7312,3157,0,0,0
7312,3158,0,0,0
7312,3159,0,0,0
7312,3241,36,13,23
7312,3251,0,0,0
7312,3252,0,0,0
7312,3254,0,0,0
7312,3255,0,0,0
7312,3256,0,0,0
7312,3257,0,0,0
7312,3351,0,0,0
7312,3352,0,0,0
7312,3353,0,0,0
7312,3354,0,0,0
7312,3355,0,0,0
7312,3356,0,0,0
7312,3357,0,0,0
7312,3358,0,0,0
7312,3359,0,0,0
7312,3360,0,0,0
7312,3361,0,0,0
7312,3401,0,0,0
7312,3402,0,0,0
7312,3403,0,0,0
7312,3404,0,0,0
7312,3405,0,0,0
7312,3451,0,0,0
7312,3452,0,0,0
7312,3453,0,0,0
7312,3454,11,0,11
7312,3455,0,0,0
7312,3456,0,0,0
7312,3457,0,0,0
7312,3458,0,0,0
7312,3459,0,0,0
7312,3460,0,0,0
7312,3461,0,0,0
7312,3462,0,0,0
7312,4011,16,16,0
7312,4012,0,0,0
7312,5111,49,10,39
7312,5112,0,0,0
7312,5113,142,12,130
7312,5114,13,0,13
7312,5116,0,0,0
7312,5117,0,0,0
7312,5119,0,0,0
7312,5120,0,0,0
7312,5122,0,0,0
7312,5124,0,0,0
7312,5154,0,0,0
7312,5158,23,0,23
7312,5162,0,0,0
7312,5166,0,0,0
7312,5170,0,0,0
7312,5314,27,12,15
7312,5315,118,22,96
7312,5316,0,0,0
7312,5334,31,11,20
7312,5358,0,0,0
7312,5362,19,0,19
7312,5366,0,0,0
7312,5370,0,0,0
7312,5374,21,0,21
7312,5378,0,0,0
7312,5382,12,0,12
7312,5512,0,0,0
7312,5513,0,0,0
7312,5515,0,0,0
7312,5554,0,0,0
7312,5558,0,0,0
7312,5562,0,0,0
7312,5566,0,0,0
7312,5570,0,0,0
7312,5711,0,0,0
7312,5754,0,0,0
7312,5758,0,0,0
7312,5762,0,0,0
7312,5766,0,0,0
7312,5770,0,0,0
7312,5774,0,0,0
7312,5911,0,0,0
7312,5913,11,0,11
7312,5914,0,0,0
7312,5915,0,0,0
7312,5916,0,0,0
7312,5954,0,0,0
7312,5958,0,0,0
7312,5962,0,0,0
7312,5966,0,0,0
7312,5970,0,0,0
7312,5974,0,0,0
7312,5978,0,0,0
7312,6411,67,36,31
7312,6412,366,62,304
7312,6413,0,0,0
7312,6414,160,60,100
7312,6431,144,82,62
7312,6432,69,34,35
7312,6433,83,20,63
7312,6434,94,12,82
7312,6435,164,12,152
7312,6436,70,22,48
7312,6437,0,0,0
7312,6438,106,21,85
7312,6439,17,17,0
7312,6440,0,0,0
7312,6531,24,11,13
7312,6532,0,0,0
7312,6533,22,11,11
7312,6534,0,0,0
7312,6535,0,0,0
7312,6611,0,0,0
7312,6631,0,0,0
7312,6632,0,0,0
7312,6633,0,0,0
7312,6634,0,0,0
7312,6635,0,0,0
7312,6636,0,0,0
7312,7111,56,15,41
7312,7131,0,0,0
7312,7132,0,0,0
7312,7133,328,222,106
7312,7134,302,243,59
7312,7135,0,0,0
7312,7137,28,14,14
7312,7138,12,12,0
7312,7140,102,57,45
7312,7141,0,0,0
7312,7143,89,11,78
7312,7211,197,138,59
7312,7231,83,70,13
7312,7232,53,36,17
7312,7233,0,0,0
7312,7235,134,119,15
7312,7311,232,72,160
7312,7312,0,0,0
7312,7313,143,56,87
7312,7314,761,220,541
7312,7315,309,100,209
7312,7316,443,229,214
7312,7317,821,532,289
7312,7318,209,38,171
7312,7319,178,101,77
7312,7320,414,305,109
7312,7331,349,192,157
7312,7332,1124,764,360
7312,7333,3414,2271,1143
7312,7334,164,79,85
7312,7335,18467,14609,3858
7312,7336,3959,3612,347
7312,7337,306,116,190
7312,7338,266,180,86
7312,7339,167,82,85
7312,7340,3104,2756,348
7312,8111,186,43,143
7312,8115,49,26,23
7312,8116,43,26,17
7312,8117,0,0,0
7312,8118,47,12,35
7312,8119,23,0,23
7312,8121,0,0,0
7312,8125,23,0,23
7312,8126,11,0,11
7312,8127,0,0,0
7312,8128,0,0,0
7312,8135,0,0,0
7312,8136,0,0,0
7312,8211,18,0,18
7312,8212,119,23,96
7312,8215,78,32,46
7312,8216,18,0,18
7312,8221,109,60,49
7312,8222,803,248,555
7312,8225,0,0,0
7312,8226,365,168,197
7312,8231,0,0,0
7312,8235,0,0,0
7312,8236,0,0,0
7312,8237,0,0,0
7312,8311,29,14,15
7312,8315,21,21,0
7312,8316,14,14,0
7312,8317,32,14,18
7312,8325,0,0,0
7312,8326,0,0,0
7312,8327,0,0,0
7312,8335,0,0,0
7312,8336,0,0,0
7312,8337,0,0,0
7312,8415,0,0,0
7312,8416,11,11,0
7312,8417,0,0,0
7312,8421,0,0,0
7312,8425,0,0,0
7312,8426,0,0,0
7312,8435,0,0,0
7312,8436,0,0,0
7312,8437,0,0,0
7312,9161,31,0,31
7312,9162,173,37,136
7312,9163,0,0,0
7312,9171,0,0,0
7312,9172,0,0,0
7312,9173,0,0,0
7312,9174,0,0,0
7312,9175,0,0,0
7312,9176,0,0,0
7312,9177,0,0,0
7312,9178,0,0,0
7312,9179,0,0,0
7312,9180,0,0,0
7312,9181,0,0,0
7312,9182,0,0,0
7312,9183,0,0,0
7312,9184,29,0,29
7312,9185,0,0,0
7312,9186,0,0,0
7312,9187,0,0,0
7312,9188,0,0,0
7312,9189,0,0,0
7312,9190,0,0,0
7312,9261,0,0,0
7312,9262,0,0,0
7312,9263,0,0,0
7312,9271,0,0,0
7312,9272,0,0,0
7312,9273,0,0,0
7312,9274,0,0,0
7312,9275,0,0,0
7312,9276,0,0,0
7312,9277,0,0,0
7312,9278,0,0,0
7312,9279,0,0,0
7312,9361,14,0,14
7312,9362,0,0,0
7312,9363,0,0,0
7312,9371,12,12,0
7312,9372,0,0,0
7312,9373,0,0,0
7312,9374,31,31,0
7312,9375,0,0,0
7312,9376,0,0,0
7312,9377,0,0,0
7312,9461,0,0,0
7312,9462,0,0,0
7312,9463,0,0,0
7312,9464,0,0,0
7312,9471,0,0,0
7312,9472,0,0,0
7312,9473,0,0,0
7312,9474,0,0,0
7312,9475,0,0,0
7312,9476,0,0,0
7312,9477,0,0,0
7312,9478,0,0,0
7312,9479,0,0,0
7312,9561,0,0,0
7312,9562,0,0,0
7312,9563,0,0,0
7312,9564,44,14,30
7312,9565,0,0,0
7312,9571,0,0,0
7312,9572,0,0,0
7312,9573,0,0,0
7312,9574,0,0,0
7312,9575,0,0,0
7312,9576,0,0,0
7312,9577,0,0,0
7312,9661,0,0,0
7312,9662,0,0,0
7312,9663,18,0,18
7312,9671,0,0,0
7312,9672,0,0,0
7312,9673,0,0,0
7312,9674,0,0,0
7312,9675,0,0,0
7312,9676,0,0,0
7312,9677,0,0,0
7312,9678,0,0,0
7312,9679,0,0,0
7312,9761,0,0,0
7312,9762,0,0,0
7312,9763,0,0,0
7312,9764,0,0,0
7312,9771,0,0,0
7312,9772,0,0,0
7312,9773,0,0,0
7312,9774,0,0,0
7312,9775,0,0,0
7312,9776,0,0,0
7312,9777,0,0,0
7312,9778,0,0,0
7312,9779,0,0,0
7312,9780,0,0,0
7312,10041,799,402,397
7312,10042,79,48,31
7312,10043,391,295,96
7312,10044,164,99,65
7312,10045,1114,682,432
7312,10046,273,229,44
7312,11000,162,69,93
7312,12051,0,0,0
7312,12052,0,0,0
7312,12053,0,0,0
7312,12054,0,0,0
7312,12060,0,0,0
7312,12061,0,0,0
7312,12062,0,0,0
7312,12063,0,0,0
7312,12064,0,0,0
7312,12065,0,0,0
7312,12066,0,0,0
7312,12067,0,0,0
7312,12068,0,0,0
7312,12069,0,0,0
7312,12070,0,0,0
7312,12071,0,0,0
7312,12072,0,0,0
7312,12073,0,0,0
7312,13003,0,0,0
7312,13004,0,0,0
7312,13071,0,0,0
7312,13072,0,0,0
7312,13073,0,0,0
7312,13074,0,0,0
7312,13075,0,0,0
7312,13076,0,0,0
7312,14511,0,0,0
7312,14521,0,0,0
7312,14522,0,0,0
7312,14523,0,0,0
7312,14524,0,0,0
7312,14612,12,12,0
7312,14625,0,0,0
7312,14626,0,0,0
7312,14627,0,0,0
7312,14628,0,0,0
7312,14713,12,0,12
7312,14729,0,0,0
7312,14730,0,0,0
7312,15001,0,0,0
7312,15002,0,0,0
7312,15003,0,0,0
7312,15081,0,0,0
7312,15082,0,0,0
7312,15083,0,0,0
7312,15084,0,0,0
7312,15085,0,0,0
7312,15086,0,0,0
7312,15087,0,0,0
7312,15088,0,0,0
7312,15089,0,0,0
7312,15090,0,0,0
7312,15091,0,0,0
7312,16051,0,0,0
7312,16052,0,0,0
7312,16053,0,0,0
7312,16054,0,0,0
7312,16055,0,0,0
7312,16056,0,0,0
7312,16061,0,0,0
7312,16062,0,0,0
7312,16063,0,0,0
7312,16064,0,0,0
7312,16065,0,0,0
7312,16066,0,0,0
7312,16067,0,0,0
7312,16068,0,0,0
7312,16069,0,0,0
7312,16070,0,0,0
7312,16071,0,0,0
7312,16072,0,0,0
7312,16073,0,0,0
7312,16074,0,0,0
7312,16075,0,0,0
7312,16076,0,0,0
7312,16077,0,0,0
7313,1001,0,0,0
7313,1002,0,0,0
7313,1003,0,0,0
7313,1004,0,0,0
7313,1051,0,0,0
7313,1053,0,0,0
7313,1054,0,0,0
7313,1055,0,0,0
7313,1056,0,0,0
7313,1057,0,0,0
7313,1058,0,0,0
7313,1059,0,0,0
7313,1060,0,0,0
7313,1061,0,0,0
7313,1062,0,0,0
7313,2000,19,0,19
7313,3101,0,0,0
7313,3102,0,0,0
7313,3103,0,0,0
7313,3151,0,0,0
7313,3153,0,0,0
7313,3154,0,0,0
7313,3155,0,0,0
7313,3157,0,0,0
7313,3158,0,0,0
7313,3159,0,0,0
7313,3241,0,0,0
7313,3251,0,0,0
7313,3252,0,0,0
7313,3254,0,0,0
7313,3255,0,0,0
7313,3256,0,0,0
7313,3257,0,0,0
7313,3351,0,0,0
7313,3352,0,0,0
7313,3353,0,0,0
7313,3354,0,0,0
7313,3355,0,0,0
7313,3356,0,0,0
7313,3357,0,0,0
7313,3358,0,0,0
7313,3359,0,0,0
7313,3360,0,0,0
7313,3361,0,0,0
7313,3401,0,0,0
7313,3402,0,0,0
7313,3403,0,0,0
7313,3404,13,0,13
7313,3405,0,0,0
7313,3451,0,0,0
7313,3452,0,0,0
7313,3453,0,0,0
7313,3454,0,0,0
7313,3455,0,0,0
7313,3456,0,0,0
7313,3457,0,0,0
7313,3458,0,0,0
7313,3459,0,0,0
7313,3460,10,10,0
7313,3461,0,0,0
7313,3462,0,0,0
7313,4011,0,0,0
7313,4012,0,0,0
7313,5111,24,0,24
7313,5112,0,0,0
7313,5113,0,0,0
7313,5114,0,0,0
7313,5116,0,0,0
7313,5117,0,0,0
7313,5119,0,0,0
7313,5120,0,0,0
7313,5122,0,0,0
7313,5124,0,0,0
7313,5154,0,0,0
7313,5158,0,0,0
7313,5162,0,0,0
7313,5166,0,0,0
7313,5170,0,0,0
7313,5314,0,0,0
7313,5315,16,0,16
7313,5316,0,0,0
7313,5334,0,0,0
7313,5358,0,0,0
7313,5362,0,0,0
7313,5366,0,0,0
7313,5370,0,0,0
7313,5374,0,0,0
7313,5378,0,0,0
7313,5382,0,0,0
7313,5512,0,0,0
7313,5513,13,13,0
7313,5515,0,0,0
7313,5554,0,0,0
7313,5558,0,0,0
7313,5562,0,0,0
7313,5566,0,0,0
7313,5570,0,0,0
7313,5711,0,0,0
7313,5754,0,0,0
7313,5758,0,0,0
7313,5762,0,0,0
7313,5766,0,0,0
7313,5770,0,0,0
7313,5774,0,0,0
7313,5911,13,13,0
7313,5913,0,0,0
7313,5914,0,0,0
7313,5915,0,0,0
7313,5916,0,0,0
7313,5954,0,0,0
7313,5958,0,0,0
7313,5962,0,0,0
7313,5966,0,0,0
7313,5970,0,0,0
7313,5974,0,0,0
7313,5978,0,0,0
7313,6411,30,18,12
7313,6412,111,11,100
7313,6413,0,0,0
7313,6414,18,0,18
7313,6431,86,59,27
7313,6432,33,33,0
7313,6433,18,0,18
7313,6434,14,0,14
7313,6435,0,0,0
7313,6436,0,0,0
7313,6437,36,36,0
7313,6438,10,0,10
7313,6439,0,0,0
7313,6440,0,0,0
7313,6531,0,0,0
7313,6532,0,0,0
7313,6533,0,0,0
7313,6534,0,0,0
7313,6535,0,0,0
7313,6611,0,0,0
7313,6631,0,0,0
7313,6632,0,0,0
7313,6633,0,0,0
7313,6634,0,0,0
7313,6635,0,0,0
7313,6636,0,0,0
7313,7111,16,0,16
7313,7131,0,0,0
7313,7132,0,0,0
7313,7133,0,0,0
7313,7134,0,0,0
7313,7135,0,0,0
7313,7137,0,0,0
7313,7138,0,0,0
7313,7140,0,0,0
7313,7141,14,0,14
7313,7143,0,0,0
7313,7211,12,0,12
7313,7231,0,0,0
7313,7232,0,0,0
7313,7233,0,0,0
7313,7235,0,0,0
7313,7311,101,52,49
7313,7312,143,87,56
7313,7313,0,0,0
7313,7314,748,182,566
7313,7315,91,21,70
7313,7316,1367,916,451
7313,7317,160,107,53
7313,7318,679,219,460
7313,7319,151,131,20
7313,7320,47,37,10
7313,7331,37,37,0
7313,7332,787,631,156
7313,7333,24,24,0
7313,7334,4326,2661,1665
7313,7335,83,69,14
7313,7336,20,20,0
7313,7337,11073,7688,3385
7313,7338,559,432,127
7313,7339,15,15,0
7313,7340,933,839,94
7313,8111,74,14,60
7313,8115,22,0,22
7313,8116,25,10,15
7313,8117,0,0,0
7313,8118,43,22,21
7313,8119,12,12,0
7313,8121,10,10,0
7313,8125,31,15,16
7313,8126,0,0,0
7313,8127,0,0,0
7313,8128,0,0,0
7313,8135,0,0,0
7313,8136,0,0,0
7313,8211,21,0,21
7313,8212,1255,302,953
7313,8215,496,250,246
7313,8216,128,51,77
7313,8221,72,24,48
7313,8222,439,107,332
7313,8225,0,0,0
7313,8226,230,110,120
7313,8231,26,11,15
7313,8235,12,12,0
7313,8236,29,15,14
7313,8237,0,0,0
7313,8311,0,0,0
7313,8315,0,0,0
7313,8316,0,0,0
7313,8317,26,11,15
7313,8325,0,0,0
7313,8326,0,0,0
7313,8327,0,0,0
7313,8335,0,0,0
7313,8336,0,0,0
7313,8337,0,0,0
7313,8415,0,0,0
7313,8416,0,0,0
7313,8417,0,0,0
7313,8421,10,0,10
7313,8425,0,0,0
7313,8426,0,0,0
7313,8435,10,10,0
7313,8436,0,0,0
7313,8437,0,0,0
7313,9161,0,0,0
7313,9162,81,45,36
7313,9163,0,0,0
7313,9171,0,0,0
7313,9172,0,0,0
7313,9173,0,0,0
7313,9174,0,0,0
7313,9175,0,0,0
7313,9176,0,0,0
7313,9177,25,25,0
7313,9178,0,0,0
7313,9179,0,0,0
7313,9180,0,0,0
7313,9181,0,0,0
7313,9182,0,0,0
7313,9183,0,0,0
7313,9184,10,0,10
7313,9185,0,0,0
7313,9186,0,0,0
7313,9187,0,0,0
7313,9188,0,0,0
7313,9189,0,0,0
7313,9190,0,0,0
7313,9261,0,0,0
7313,9262,0,0,0
7313,9263,0,0,0
7313,9271,0,0,0
7313,9272,0,0,0
7313,9273,0,0,0
7313,9274,16,16,0
7313,9275,0,0,0
7313,9276,0,0,0
7313,9277,0,0,0
7313,9278,0,0,0
7313,9279,0,0,0
7313,9361,0,0,0
7313,9362,0,0,0
7313,9363,0,0,0
7313,9371,0,0,0
7313,9372,0,0,0
7313,9373,0,0,0
7313,9374,0,0,0
7313,9375,0,0,0
7313,9376,0,0,0
7313,9377,0,0,0
7313,9461,0,0,0
7313,9462,0,0,0
7313,9463,0,0,0
7313,9464,0,0,0
7313,9471,0,0,0
7313,9472,0,0,0
7313,9473,0,0,0
7313,9474,0,0,0
7313,9475,0,0,0
7313,9476,0,0,0
7313,9477,0,0,0
7313,9478,0,0,0
7313,9479,0,0,0
7313,9561,0,0,0
7313,9562,0,0,0
7313,9563,0,0,0
7313,9564,0,0,0
7313,9565,0,0,0
7313,9571,0,0,0
7313,9572,0,0,0
7313,9573,0,0,0
7313,9574,0,0,0
7313,9575,0,0,0
7313,9576,0,0,0
7313,9577,0,0,0
7313,9661,0,0,0
7313,9662,0,0,0
7313,9663,0,0,0
7313,9671,0,0,0
7313,9672,0,0,0
7313,9673,0,0,0
7313,9674,0,0,0
7313,9675,0,0,0
7313,9676,0,0,0
7313,9677,0,0,0
7313,9678,0,0,0
7313,9679,0,0,0
7313,9761,0,0,0
7313,9762,0,0,0
7313,9763,0,0,0
7313,9764,0,0,0
7313,9771,0,0,0
7313,9772,0,0,0
7313,9773,0,0,0
7313,9774,0,0,0
7313,9775,0,0,0
7313,9776,0,0,0
7313,9777,0,0,0
7313,9778,0,0,0
7313,9779,0,0,0
7313,9780,18,0,18
7313,10041,64,24,40
7313,10042,0,0,0
7313,10043,15,0,15
7313,10044,10,0,10
7313,10045,77,49,28
7313,10046,10,0,10
7313,11000,145,102,43
7313,12051,0,0,0
7313,12052,0,0,0
7313,12053,0,0,0
7313,12054,0,0,0
7313,12060,0,0,0
7313,12061,0,0,0
7313,12062,0,0,0
7313,12063,0,0,0
7313,12064,0,0,0
7313,12065,0,0,0
7313,12066,0,0,0
7313,12067,0,0,0
7313,12068,0,0,0
7313,12069,0,0,0
7313,12070,0,0,0
7313,12071,0,0,0
7313,12072,0,0,0
7313,12073,0,0,0
7313,13003,0,0,0
7313,13004,0,0,0
7313,13071,0,0,0
7313,13072,0,0,0
7313,13073,0,0,0
7313,13074,0,0,0
7313,13075,0,0,0
7313,13076,0,0,0
7313,14511,0,0,0
7313,14521,0,0,0
7313,14522,0,0,0
7313,14523,0,0,0
7313,14524,0,0,0
7313,14612,12,12,0
7313,14625,0,0,0
7313,14626,0,0,0
7313,14627,0,0,0
7313,14628,0,0,0
7313,14713,0,0,0
7313,14729,0,0,0
7313,14730,0,0,0
7313,15001,0,0,0
7313,15002,0,0,0
7313,15003,0,0,0
7313,15081,0,0,0
7313,15082,0,0,0
7313,15083,0,0,0
7313,15084,0,0,0
7313,15085,0,0,0
7313,15086,0,0,0
7313,15087,0,0,0
7313,15088,0,0,0
7313,15089,0,0,0
7313,15090,0,0,0
7313,15091,0,0,0
7313,16051,0,0,0
7313,16052,0,0,0
7313,16053,0,0,0
7313,16054,0,0,0
7313,16055,0,0,0
7313,16056,0,0,0
7313,16061,0,0,0
7313,16062,0,0,0
7313,16063,0,0,0
7313,16064,0,0,0
7313,16065,0,0,0
7313,16066,0,0,0
7313,16067,0,0,0
7313,16068,0,0,0
7313,16069,0,0,0
7313,16070,0,0,0
7313,16071,0,0,0
7313,16072,0,0,0
7313,16073,0,0,0
7313,16074,0,0,0
7313,16075,0,0,0
7313,16076,0,0,0
7313,16077,0,0,0
7314,1001,0,0,0
7314,1002,0,0,0
7314,1003,0,0,0
7314,1004,0,0,0
7314,1051,0,0,0
7314,1053,0,0,0
7314,1054,0,0,0
7314,1055,0,0,0
7314,1056,0,0,0
7314,1057,0,0,0
7314,1058,0,0,0
7314,1059,0,0,0
7314,1060,0,0,0
7314,1061,0,0,0
7314,1062,26,26,0
7314,2000,149,40,109
7314,3101,0,0,0
7314,3102,0,0,0
7314,3103,0,0,0
7314,3151,0,0,0
7314,3153,0,0,0
7314,3154,0,0,0
7314,3155,0,0,0
7314,3157,0,0,0
7314,3158,0,0,0
7314,3159,15,15,0
7314,3241,70,30,40
7314,3251,0,0,0
7314,3252,0,0,0
7314,3254,0,0,0
7314,3255,0,0,0
7314,3256,0,0,0
7314,3257,0,0,0
7314,3351,0,0,0
7314,3352,0,0,0
7314,3353,0,0,0
7314,3354,0,0,0
7314,3355,0,0,0
7314,3356,0,0,0
7314,3357,0,0,0
7314,3358,0,0,0
7314,3359,0,0,0
7314,3360,0,0,0
7314,3361,0,0,0
7314,3401,0,0,0
7314,3402,31,0,31
7314,3403,0,0,0
7314,3404,54,17,37
7314,3405,0,0,0
7314,3451,0,0,0
7314,3452,0,0,0
7314,3453,0,0,0
7314,3454,77,0,77
7314,3455,0,0,0
7314,3456,0,0,0
7314,3457,0,0,0
7314,3458,0,0,0
7314,3459,77,45,32
7314,3460,0,0,0
7314,3461,0,0,0
7314,3462,0,0,0
7314,4011,41,15,26
7314,4012,0,0,0
7314,5111,200,58,142
7314,5112,94,38,56
7314,5113,67,35,32
7314,5114,62,0,62
7314,5116,28,10,18
7314,5117,23,0,23
7314,5119,10,0,10
7314,5120,0,0,0
7314,5122,0,0,0
7314,5124,24,11,13
7314,5154,0,0,0
7314,5158,104,24,80
7314,5162,41,27,14
7314,5166,12,0,12
7314,5170,30,19,11
7314,5314,40,19,21
7314,5315,169,64,105
7314,5316,24,0,24
7314,5334,46,27,19
7314,5358,41,0,41
7314,5362,97,18,79
7314,5366,0,0,0
7314,5370,0,0,0
7314,5374,22,0,22
7314,5378,12,12,0
7314,5382,46,31,15
7314,5512,11,0,11
7314,5513,51,24,27
7314,5515,34,24,10
7314,5554,0,0,0
7314,5558,10,10,0
7314,5562,105,25,80
7314,5566,17,17,0
7314,5570,10,10,0
7314,5711,12,0,12
7314,5754,14,0,14
7314,5758,0,0,0
7314,5762,0,0,0
7314,5766,0,0,0
7314,5770,16,16,0
7314,5774,0,0,0
7314,5911,13,0,13
7314,5913,39,21,18
7314,5914,0,0,0
7314,5915,0,0,0
7314,5916,0,0,0
7314,5954,14,14,0
7314,5958,0,0,0
7314,5962,0,0,0
7314,5966,0,0,0
7314,5970,26,15,11
7314,5974,0,0,0
7314,5978,98,12,86
7314,6411,302,159,143
7314,6412,1061,436,625
7314,6413,86,49,37
7314,6414,198,126,72
7314,6431,3776,2760,1016
7314,6432,372,275,97
7314,6433,353,180,173
7314,6434,195,95,100
7314,6435,134,64,70
7314,6436,220,84,136
7314,6437,81,62,19
7314,6438,255,99,156
7314,6439,76,76,0
7314,6440,103,75,28
7314,6531,32,32,0
7314,6532,0,0,0
7314,6533,43,25,18
7314,6534,32,18,14
7314,6535,0,0,0
7314,6611,72,56,16
7314,6631,30,19,11
7314,6632,20,20,0
7314,6633,38,38,0
7314,6634,69,27,42
7314,6635,0,0,0
7314,6636,14,14,0
7314,7111,51,28,23
7314,7131,0,0,0
7314,7132,12,12,0
7314,7133,123,89,34
7314,7134,64,64,0
7314,7135,0,0,0
7314,7137,62,33,29
7314,7138,34,19,15
7314,7140,58,40,18
7314,7141,17,17,0
7314,7143,34,19,15
7314,7211,33,33,0
7314,7231,37,12,25
7314,7232,0,0,0
7314,7233,0,0,0
7314,7235,21,21,0
7314,7311,5870,3800,2070
7314,7312,761,541,220
7314,7313,748,566,182
7314,7314,0,0,0
7314,7315,499,261,238
7314,7316,2479,2195,284
7314,7317,76,61,15
7314,7318,3423,2114,1309
7314,7319,3201,2438,763
7314,7320,88,66,22
7314,7331,1684,1507,177
7314,7332,10412,9386,1026
7314,7333,1629,1527,102
7314,7334,2067,1742,325
7314,7335,731,693,38
7314,7336,198,187,11
7314,7337,2017,1795,222
7314,7338,20148,17037,3111
7314,7339,342,281,61
7314,7340,311,288,23
7314,8111,366,122,244
7314,8115,51,20,31
7314,8116,98,48,50
7314,8117,12,12,0
7314,8118,119,56,63
7314,8119,80,25,55
7314,8121,67,21,46
7314,8125,118,66,52
7314,8126,11,11,0
7314,8127,28,17,11
7314,8128,21,11,10
7314,8135,0,0,0
7314,8136,28,15,13
7314,8211,94,14,80
7314,8212,695,284,411
7314,8215,971,643,328
7314,8216,138,79,59
7314,8221,2291,1112,1179
7314,8222,23990,9850,14140
7314,8225,75,64,11
7314,8226,7220,4946,2274
7314,8231,31,19,12
7314,8235,14,14,0
7314,8236,40,26,14
7314,8237,10,10,0
7314,8311,90,73,17
7314,8315,56,43,13
7314,8316,27,27,0
7314,8317,74,44,30
7314,8325,0,0,0
7314,8326,14,14,0
7314,8327,0,0,0
7314,8335,21,11,10
7314,8336,47,31,16
7314,8337,0,0,0
7314,8415,28,11,17
7314,8416,25,25,0
7314,8417,0,0,0
7314,8421,19,0,19
7314,8425,13,13,0
7314,8426,11,11,0
7314,8435,11,11,0
7314,8436,12,12,0
7314,8437,0,0,0
7314,9161,10,0,10
7314,9162,223,55,168
7314,9163,0,0,0
7314,9171,12,0,12
7314,9172,0,0,0
7314,9173,0,0,0
7314,9174,0,0,0
7314,9175,0,0,0
7314,9176,0,0,0
7314,9177,16,16,0
7314,9178,12,0,12
7314,9179,0,0,0
7314,9180,0,0,0
7314,9181,0,0,0
7314,9182,0,0,0
7314,9183,0,0,0
7314,9184,39,0,39
7314,9185,0,0,0
7314,9186,0,0,0
7314,9187,0,0,0
7314,9188,0,0,0
7314,9189,13,0,13
7314,9190,0,0,0
7314,9261,0,0,0
7314,9262,0,0,0
7314,9263,0,0,0
7314,9271,0,0,0
7314,9272,0,0,0
7314,9273,0,0,0
7314,9274,0,0,0
7314,9275,0,0,0
7314,9276,0,0,0
7314,9277,0,0,0
7314,9278,0,0,0
7314,9279,0,0,0
7314,9361,0,0,0
7314,9362,10,10,0
7314,9363,0,0,0
7314,9371,0,0,0
7314,9372,0,0,0
7314,9373,0,0,0
7314,9374,0,0,0
7314,9375,0,0,0
7314,9376,0,0,0
7314,9377,0,0,0
7314,9461,12,12,0
7314,9462,0,0,0
7314,9463,0,0,0
7314,9464,0,0,0
7314,9471,0,0,0
7314,9472,0,0,0
7314,9473,0,0,0
7314,9474,0,0,0
7314,9475,0,0,0
7314,9476,0,0,0
7314,9477,0,0,0
7314,9478,0,0,0
7314,9479,0,0,0
7314,9561,0,0,0
7314,9562,10,0,10
7314,9563,12,12,0
7314,9564,125,85,40
7314,9565,0,0,0
7314,9571,0,0,0
7314,9572,0,0,0
7314,9573,10,10,0
7314,9574,0,0,0
7314,9575,0,0,0
7314,9576,0,0,0
7314,9577,0,0,0
7314,9661,0,0,0
7314,9662,0,0,0
7314,9663,0,0,0
7314,9671,38,17,21
7314,9672,0,0,0
7314,9673,0,0,0
7314,9674,0,0,0
7314,9675,0,0,0
7314,9676,13,13,0
7314,9677,0,0,0
7314,9678,0,0,0
7314,9679,0,0,0
7314,9761,11,0,11
7314,9762,0,0,0
7314,9763,0,0,0
7314,9764,0,0,0
7314,9771,0,0,0
7314,9772,0,0,0
7314,9773,0,0,0
7314,9774,0,0,0
7314,9775,13,13,0
7314,9776,0,0,0
7314,9777,0,0,0
7314,9778,0,0,0
7314,9779,0,0,0
7314,9780,0,0,0
7314,10041,222,119,103
7314,10042,14,14,0
7314,10043,65,55,10
7314,10044,96,56,40
7314,10045,144,90,54
7314,10046,55,55,0
7314,11000,276,141,135
7314,12051,0,0,0
7314,12052,0,0,0
7314,12053,0,0,0
7314,12054,0,0,0
7314,12060,0,0,0
7314,12061,0,0,0
7314,12062,0,0,0
7314,12063,0,0,0
7314,12064,0,0,0
7314,12065,0,0,0
7314,12066,32,32,0
7314,12067,0,0,0
7314,12068,0,0,0
7314,12069,0,0,0
7314,12070,0,0,0
7314,12071,0,0,0
7314,12072,18,0,18
7314,12073,0,0,0
7314,13003,0,0,0
7314,13004,0,0,0
7314,13071,0,0,0
7314,13072,0,0,0
7314,13073,0,0,0
7314,13074,0,0,0
7314,13075,0,0,0
7314,13076,0,0,0
7314,14511,0,0,0
7314,14521,0,0,0
7314,14522,0,0,0
7314,14523,0,0,0
7314,14524,0,0,0
7314,14612,30,30,0
7314,14625,12,12,0
7314,14626,0,0,0
7314,14627,0,0,0
7314,14628,0,0,0
7314,14713,37,26,11
7314,14729,0,0,0
7314,14730,0,0,0
7314,15001,0,0,0
7314,15002,0,0,0
7314,15003,0,0,0
7314,15081,0,0,0
7314,15082,11,11,0
7314,15083,0,0,0
7314,15084,0,0,0
7314,15085,0,0,0
7314,15086,0,0,0
7314,15087,0,0,0
7314,15088,29,19,10
7314,15089,0,0,0
7314,15090,0,0,0
7314,15091,0,0,0
7314,16051,0,0,0
7314,16052,0,0,0
7314,16053,0,0,0
7314,16054,0,0,0
7314,16055,0,0,0
7314,16056,0,0,0
7314,16061,0,0,0
7314,16062,0,0,0
7314,16063,0,0,0
7314,16064,0,0,0
7314,16065,0,0,0
7314,16066,0,0,0
7314,16067,0,0,0
7314,16068,0,0,0
7314,16069,0,0,0
7314,16070,0,0,0
7314,16071,0,0,0
7314,16072,0,0,0
7314,16073,0,0,0
7314,16074,0,0,0
7314,16075,0,0,0
7314,16076,0,0,0
7314,16077,12,12,0
7315,1001,0,0,0
7315,1002,29,29,0
7315,1003,0,0,0
7315,1004,0,0,0
7315,1051,0,0,0
7315,1053,10,10,0
7315,1054,0,0,0
7315,1055,12,12,0
7315,1056,27,12,15
7315,1057,0,0,0
7315,1058,11,11,0
7315,1059,0,0,0
7315,1060,31,18,13
7315,1061,0,0,0
7315,1062,32,21,11
7315,2000,467,229,238
7315,3101,0,0,0
7315,3102,0,0,0
7315,3103,42,31,11
7315,3151,0,0,0
7315,3153,0,0,0
7315,3154,0,0,0
7315,3155,18,18,0
7315,3157,0,0,0
7315,3158,0,0,0
7315,3159,73,50,23
7315,3241,154,89,65
7315,3251,0,0,0
7315,3252,0,0,0
7315,3254,15,15,0
7315,3255,0,0,0
7315,3256,0,0,0
7315,3257,0,0,0
7315,3351,0,0,0
7315,3352,10,10,0
7315,3353,21,21,0
7315,3354,0,0,0
7315,3355,0,0,0
7315,3356,0,0,0
7315,3357,0,0,0
7315,3358,0,0,0
7315,3359,0,0,0
7315,3360,0,0,0
7315,3361,0,0,0
7315,3401,0,0,0
7315,3402,0,0,0
7315,3403,15,15,0
7315,3404,34,14,20
7315,3405,0,0,0
7315,3451,0,0,0
7315,3452,16,0,16
7315,3453,0,0,0
7315,3454,13,13,0
7315,3455,0,0,0
7315,3456,0,0,0
7315,3457,0,0,0
7315,3458,0,0,0
7315,3459,17,17,0
7315,3460,0,0,0
7315,3461,0,0,0
7315,3462,0,0,0
7315,4011,81,43,38
7315,4012,18,18,0
7315,5111,336,154,182
7315,5112,71,43,28
7315,5113,91,43,48
7315,5114,29,16,13
7315,5116,26,12,14
7315,5117,0,0,0
7315,5119,0,0,0
7315,5120,0,0,0
7315,5122,10,10,0
7315,5124,43,25,18
7315,5154,33,23,10
7315,5158,72,34,38
7315,5162,86,56,30
7315,5166,43,24,19
7315,5170,29,19,10
7315,5314,265,155,110
7315,5315,543,239,304
7315,5316,26,15,11
7315,5334,78,38,40
7315,5358,49,13,36
7315,5362,100,38,62
7315,5366,0,0,0
7315,5370,10,10,0
7315,5374,34,14,20
7315,5378,33,20,13
7315,5382,171,116,55
7315,5512,0,0,0
7315,5513,19,19,0
7315,5515,55,31,24
7315,5554,11,0,11
7315,5558,14,14,0
7315,5562,28,28,0
7315,5566,34,23,11
7315,5570,11,11,0
7315,5711,39,16,23
7315,5754,11,0,11
7315,5758,0,0,0
7315,5762,0,0,0
7315,5766,13,13,0
7315,5770,0,0,0
7315,5774,28,15,13
7315,5911,50,22,28
7315,5913,94,44,50
7315,5914,0,0,0
7315,5915,14,14,0
7315,5916,0,0,0
7315,5954,25,13,12
7315,5958,30,18,12
7315,5962,28,18,10
7315,5966,0,0,0
7315,5970,62,44,18
7315,5974,13,13,0
7315,5978,27,16,11
7315,6411,1707,573,1134
7315,6412,10904,1693,9211
7315,6413,465,250,215
7315,6414,18100,9081,9019
7315,6431,472,347,125
7315,6432,982,686,296
7315,6433,8447,4375,4072
7315,6434,811,297,514
7315,6435,489,268,221
7315,6436,3614,1774,1840
7315,6437,95,65,30
7315,6438,1252,539,713
7315,6439,3433,2543,890
7315,6440,365,254,111
7315,6531,215,165,50
7315,6532,94,45,49
7315,6533,466,349,117
7315,6534,259,76,183
7315,6535,34,34,0
7315,6611,84,36,48
7315,6631,81,65,16
7315,6632,14,14,0
7315,6633,39,28,11
7315,6634,45,32,13
7315,6635,10,10,0
7315,6636,28,28,0
7315,7111,521,262,259
7315,7131,90,90,0
7315,7132,107,90,17
7315,7133,4158,3419,739
7315,7134,384,337,47
7315,7135,73,60,13
7315,7137,332,288,44
7315,7138,188,164,24
7315,7140,998,803,195
7315,7141,483,426,57
7315,7143,339,284,55
7315,7211,191,118,73
7315,7231,178,155,23
7315,7232,91,78,13
7315,7233,52,52,0
7315,7235,120,109,11
7315,7311,148,91,57
7315,7312,309,209,100
7315,7313,91,70,21
7315,7314,499,238,261
7315,7315,0,0,0
7315,7316,107,83,24
7315,7317,29,29,0
7315,7318,84,52,32
7315,7319,916,685,231
7315,7320,71,21,50
7315,7331,8050,7094,956
7315,7332,266,227,39
7315,7333,828,656,172
7315,7334,114,88,26
7315,7335,239,217,22
7315,7336,99,88,11
7315,7337,119,107,12
7315,7338,305,275,30
7315,7339,27549,22400,5149
7315,7340,75,75,0
7315,8111,590,94,496
7315,8115,124,87,37
7315,8116,86,45,41
7315,8117,0,0,0
7315,8118,96,50,46
7315,8119,67,39,28
7315,8121,20,20,0
7315,8125,59,37,22
7315,8126,0,0,0
7315,8127,11,0,11
7315,8128,30,0,30
7315,8135,0,0,0
7315,8136,0,0,0
7315,8211,15,0,15
7315,8212,150,89,61
7315,8215,115,84,31
7315,8216,42,32,10
7315,8221,209,110,99
7315,8222,559,282,277
7315,8225,29,29,0
7315,8226,348,210,138
7315,8231,0,0,0
7315,8235,26,26,0
7315,8236,12,12,0
7315,8237,0,0,0
7315,8311,67,36,31
7315,8315,37,24,13
7315,8316,0,0,0
7315,8317,42,26,16
7315,8325,0,0,0
7315,8326,27,15,12
7315,8327,0,0,0
7315,8335,49,49,0
7315,8336,35,19,16
7315,8337,0,0,0
7315,8415,32,20,12
7315,8416,64,44,20
7315,8417,12,12,0
7315,8421,27,12,15
7315,8425,0,0,0
7315,8426,18,0,18
7315,8435,36,36,0
7315,8436,13,13,0
7315,8437,0,0,0
7315,9161,15,15,0
7315,9162,629,229,400
7315,9163,0,0,0
7315,9171,20,20,0
7315,9172,0,0,0
7315,9173,0,0,0
7315,9174,12,12,0
7315,9175,11,11,0
7315,9176,12,12,0
7315,9177,10,10,0
7315,9178,35,0,35
7315,9179,18,18,0
7315,9180,0,0,0
7315,9181,0,0,0
7315,9182,12,0,12
7315,9183,0,0,0
7315,9184,166,38,128
7315,9185,0,0,0
7315,9186,14,14,0
7315,9187,18,18,0
7315,9188,32,19,13
7315,9189,0,0,0
7315,9190,10,10,0
7315,9261,0,0,0
7315,9262,0,0,0
7315,9263,0,0,0
7315,9271,0,0,0
7315,9272,0,0,0
7315,9273,11,11,0
7315,9274,10,10,0
7315,9275,0,0,0
7315,9276,0,0,0
7315,9277,0,0,0
7315,9278,0,0,0
7315,9279,0,0,0
7315,9361,0,0,0
7315,9362,40,26,14
7315,9363,0,0,0
7315,9371,0,0,0
7315,9372,0,0,0
7315,9373,0,0,0
7315,9374,0,0,0
7315,9375,30,30,0
7315,9376,0,0,0
7315,9377,0,0,0
7315,9461,0,0,0
7315,9462,0,0,0
7315,9463,0,0,0
7315,9464,0,0,0
7315,9471,0,0,0
7315,9472,0,0,0
7315,9473,0,0,0
7315,9474,0,0,0
7315,9475,13,0,13
7315,9476,0,0,0
7315,9477,0,0,0
7315,9478,0,0,0
7315,9479,0,0,0
7315,9561,0,0,0
7315,9562,36,18,18
7315,9563,10,10,0
7315,9564,102,51,51
7315,9565,0,0,0
7315,9571,12,12,0
7315,9572,10,10,0
7315,9573,0,0,0
7315,9574,20,20,0
7315,9575,0,0,0
7315,9576,11,11,0
7315,9577,0,0,0
7315,9661,82,27,55
7315,9662,0,0,0
7315,9663,46,22,24
7315,9671,98,69,29
7315,9672,11,11,0
7315,9673,0,0,0
7315,9674,0,0,0
7315,9675,0,0,0
7315,9676,56,24,32
7315,9677,13,13,0
7315,9678,0,0,0
7315,9679,13,13,0
7315,9761,59,34,25
7315,9762,0,0,0
7315,9763,0,0,0
7315,9764,0,0,0
7315,9771,12,12,0
7315,9772,31,31,0
7315,9773,0,0,0
7315,9774,0,0,0
7315,9775,10,10,0
7315,9776,0,0,0
7315,9777,16,16,0
7315,9778,0,0,0
7315,9779,0,0,0
7315,9780,32,21,11
7315,10041,296,171,125
7315,10042,28,28,0
7315,10043,57,57,0
7315,10044,75,50,25
7315,10045,92,78,14
7315,10046,70,70,0
7315,11000,1205,808,397
7315,12051,10,10,0
7315,12052,0,0,0
7315,12053,0,0,0
7315,12054,34,34,0
7315,12060,17,17,0
7315,12061,16,16,0
7315,12062,0,0,0
7315,12063,0,0,0
7315,12064,14,14,0
7315,12065,12,12,0
7315,12066,0,0,0
7315,12067,15,15,0
7315,12068,0,0,0
7315,12069,22,22,0
7315,12070,0,0,0
7315,12071,0,0,0
7315,12072,13,13,0
7315,12073,0,0,0
7315,13003,0,0,0
7315,13004,0,0,0
7315,13071,0,0,0
7315,13072,0,0,0
7315,13073,0,0,0
7315,13074,0,0,0
7315,13075,0,0,0
7315,13076,0,0,0
7315,14511,12,12,0
7315,14521,10,10,0
7315,14522,0,0,0
7315,14523,0,0,0
7315,14524,11,11,0
7315,14612,63,36,27
7315,14625,0,0,0
7315,14626,0,0,0
7315,14627,24,24,0
7315,14628,19,19,0
7315,14713,81,63,18
7315,14729,13,13,0
7315,14730,11,11,0
7315,15001,0,0,0
7315,15002,48,35,13
7315,15003,22,22,0
7315,15081,0,0,0
7315,15082,20,20,0
7315,15083,0,0,0
7315,15084,0,0,0
7315,15085,10,10,0
7315,15086,0,0,0
7315,15087,14,14,0
7315,15088,36,36,0
7315,15089,12,12,0
7315,15090,0,0,0
7315,15091,0,0,0
7315,16051,41,30,11
7315,16052,0,0,0
7315,16053,15,15,0
7315,16054,0,0,0
7315,16055,0,0,0
7315,16056,0,0,0
7315,16061,0,0,0
7315,16062,0,0,0
7315,16063,15,15,0
7315,16064,12,12,0
7315,16065,0,0,0
7315,16066,0,0,0
7315,16067,15,15,0
7315,16068,0,0,0
7315,16069,0,0,0
7315,16070,0,0,0
7315,16071,0,0,0
7315,16072,0,0,0
7315,16073,0,0,0
7315,16074,0,0,0
7315,16075,0,0,0
7315,16076,0,0,0
7315,16077,0,0,0
7316,1001,0,0,0
7316,1002,0,0,0
7316,1003,0,0,0
7316,1004,0,0,0
7316,1051,0,0,0
7316,1053,0,0,0
7316,1054,0,0,0
7316,1055,0,0,0
7316,1056,0,0,0
7316,1057,0,0,0
7316,1058,0,0,0
7316,1059,0,0,0
7316,1060,0,0,0
7316,1061,0,0,0
7316,1062,0,0,0
7316,2000,28,0,28
7316,3101,0,0,0
7316,3102,0,0,0
7316,3103,0,0,0
7316,3151,0,0,0
7316,3153,0,0,0
7316,3154,0,0,0
7316,3155,0,0,0
7316,3157,0,0,0
7316,3158,0,0,0
7316,3159,0,0,0
7316,3241,25,15,10
7316,3251,0,0,0
7316,3252,0,0,0
7316,3254,0,0,0
7316,3255,0,0,0
7316,3256,0,0,0
7316,3257,0,0,0
7316,3351,0,0,0
7316,3352,0,0,0
7316,3353,0,0,0
7316,3354,0,0,0
7316,3355,0,0,0
7316,3356,0,0,0
7316,3357,0,0,0
7316,3358,0,0,0
7316,3359,0,0,0
7316,3360,0,0,0
7316,3361,0,0,0
7316,3401,0,0,0
7316,3402,0,0,0
7316,3403,0,0,0
7316,3404,0,0,0
7316,3405,0,0,0
7316,3451,0,0,0
7316,3452,0,0,0
7316,3453,0,0,0
7316,3454,0,0,0
7316,3455,0,0,0
7316,3456,11,0,11
7316,3457,0,0,0
7316,3458,0,0,0
7316,3459,0,0,0
7316,3460,0,0,0
7316,3461,0,0,0
7316,3462,0,0,0
7316,4011,0,0,0
7316,4012,0,0,0
7316,5111,23,0,23
7316,5112,0,0,0
7316,5113,0,0,0
7316,5114,0,0,0
7316,5116,0,0,0
7316,5117,0,0,0
7316,5119,0,0,0
7316,5120,0,0,0
7316,5122,0,0,0
7316,5124,0,0,0
7316,5154,0,0,0
7316,5158,0,0,0
7316,5162,0,0,0
7316,5166,0,0,0
7316,5170,0,0,0
7316,5314,15,0,15
7316,5315,31,0,31
7316,5316,0,0,0
7316,5334,0,0,0
7316,5358,0,0,0
7316,5362,0,0,0
7316,5366,0,0,0
7316,5370,0,0,0
7316,5374,0,0,0
7316,5378,0,0,0
7316,5382,13,13,0
7316,5512,0,0,0
7316,5513,0,0,0
7316,5515,0,0,0
7316,5554,0,0,0
7316,5558,0,0,0
7316,5562,0,0,0
7316,5566,0,0,0
7316,5570,0,0,0
7316,5711,0,0,0
7316,5754,0,0,0
7316,5758,0,0,0
7316,5762,0,0,0
7316,5766,0,0,0
7316,5770,0,0,0
7316,5774,0,0,0
7316,5911,0,0,0
7316,5913,0,0,0
7316,5914,0,0,0
7316,5915,0,0,0
7316,5916,0,0,0
7316,5954,0,0,0
7316,5958,0,0,0
7316,5962,0,0,0
7316,5966,0,0,0
7316,5970,10,10,0
7316,5974,0,0,0
7316,5978,0,0,0
7316,6411,30,0,30
7316,6412,167,11,156
7316,6413,0,0,0
7316,6414,47,0,47
7316,6431,151,82,69
7316,6432,16,0,16
7316,6433,37,11,26
7316,6434,10,0,10
7316,6435,13,0,13
7316,6436,25,10,15
7316,6437,0,0,0
7316,6438,26,0,26
7316,6439,0,0,0
7316,6440,0,0,0
7316,6531,0,0,0
7316,6532,0,0,0
7316,6533,0,0,0
7316,6534,0,0,0
7316,6535,0,0,0
7316,6611,0,0,0
7316,6631,0,0,0
7316,6632,0,0,0
7316,6633,0,0,0
7316,6634,0,0,0
7316,6635,0,0,0
7316,6636,0,0,0
7316,7111,11,0,11
7316,7131,10,10,0
7316,7132,56,56,0
7316,7133,22,12,10
7316,7134,0,0,0
7316,7135,0,0,0
7316,7137,12,12,0
7316,7138,74,22,52
7316,7140,11,11,0
7316,7141,0,0,0
7316,7143,51,51,0
7316,7211,13,0,13
7316,7231,0,0,0
7316,7232,0,0,0
7316,7233,0,0,0
7316,7235,0,0,0
7316,7311,266,72,194
7316,7312,443,214,229
7316,7313,1367,451,916
7316,7314,2479,284,2195
7316,7315,107,24,83
7316,7316,0,0,0
7316,7317,65,43,22
7316,7318,900,176,724
7316,7319,128,61,67
7316,7320,25,12,13
7316,7331,118,94,24
7316,7332,5161,3260,1901
7316,7333,114,83,31
7316,7334,917,385,532
7316,7335,288,240,48
7316,7336,29,29,0
7316,7337,3233,1826,1407
7316,7338,1398,813,585
7316,7339,44,23,21
7316,7340,173,152,21
7316,8111,59,0,59
7316,8115,21,0,21
7316,8116,18,0,18
7316,8117,0,0,0
7316,8118,26,0,26
7316,8119,27,0,27
7316,8121,0,0,0
7316,8125,22,0,22
7316,8126,0,0,0
7316,8127,0,0,0
7316,8128,0,0,0
7316,8135,0,0,0
7316,8136,0,0,0
7316,8211,18,0,18
7316,8212,365,53,312
7316,8215,195,55,140
7316,8216,23,0,23
7316,8221,202,37,165
7316,8222,1310,187,1123
7316,8225,10,10,0
7316,8226,442,154,288
7316,8231,0,0,0
7316,8235,0,0,0
7316,8236,0,0,0
7316,8237,0,0,0
7316,8311,0,0,0
7316,8315,10,0,10
7316,8316,0,0,0
7316,8317,16,0,16
7316,8325,0,0,0
7316,8326,0,0,0
7316,8327,0,0,0
7316,8335,0,0,0
7316,8336,0,0,0
7316,8337,0,0,0
7316,8415,0,0,0
7316,8416,0,0,0
7316,8417,0,0,0
7316,8421,0,0,0
7316,8425,0,0,0
7316,8426,0,0,0
7316,8435,0,0,0
7316,8436,0,0,0
7316,8437,0,0,0
7316,9161,0,0,0
7316,9162,47,0,47
7316,9163,0,0,0
7316,9171,0,0,0
7316,9172,0,0,0
7316,9173,0,0,0
7316,9174,0,0,0
7316,9175,0,0,0
7316,9176,0,0,0
7316,9177,0,0,0
7316,9178,0,0,0
7316,9179,0,0,0
7316,9180,0,0,0
7316,9181,0,0,0
7316,9182,0,0,0
7316,9183,0,0,0
7316,9184,20,0,20
7316,9185,0,0,0
7316,9186,0,0,0
7316,9187,0,0,0
7316,9188,0,0,0
7316,9189,0,0,0
7316,9190,0,0,0
7316,9261,0,0,0
7316,9262,0,0,0
7316,9263,0,0,0
7316,9271,0,0,0
7316,9272,0,0,0
7316,9273,0,0,0
7316,9274,0,0,0
7316,9275,0,0,0
7316,9276,0,0,0
7316,9277,0,0,0
7316,9278,0,0,0
7316,9279,0,0,0
7316,9361,0,0,0
7316,9362,0,0,0
7316,9363,0,0,0
7316,9371,0,0,0
7316,9372,0,0,0
7316,9373,0,0,0
7316,9374,0,0,0
7316,9375,0,0,0
7316,9376,0,0,0
7316,9377,0,0,0
7316,9461,0,0,0
7316,9462,0,0,0
7316,9463,0,0,0
7316,9464,0,0,0
7316,9471,0,0,0
7316,9472,0,0,0
7316,9473,0,0,0
7316,9474,0,0,0
7316,9475,0,0,0
7316,9476,0,0,0
7316,9477,0,0,0
7316,9478,0,0,0
7316,9479,0,0,0
7316,9561,0,0,0
7316,9562,0,0,0
7316,9563,0,0,0
7316,9564,0,0,0
7316,9565,0,0,0
7316,9571,0,0,0
7316,9572,0,0,0
7316,9573,0,0,0
7316,9574,0,0,0
7316,9575,0,0,0
7316,9576,0,0,0
7316,9577,0,0,0
7316,9661,0,0,0
7316,9662,0,0,0
7316,9663,0,0,0
7316,9671,0,0,0
7316,9672,0,0,0
7316,9673,0,0,0
7316,9674,0,0,0
7316,9675,0,0,0
7316,9676,0,0,0
7316,9677,0,0,0
7316,9678,0,0,0
7316,9679,0,0,0
7316,9761,0,0,0
7316,9762,0,0,0
7316,9763,0,0,0
7316,9764,0,0,0
7316,9771,0,0,0
7316,9772,0,0,0
7316,9773,0,0,0
7316,9774,0,0,0
7316,9775,0,0,0
7316,9776,0,0,0
7316,9777,0,0,0
7316,9778,0,0,0
7316,9779,0,0,0
7316,9780,0,0,0
7316,10041,65,42,23
7316,10042,41,41,0
7316,10043,18,18,0
7316,10044,194,194,0
7316,10045,37,14,23
7316,10046,0,0,0
7316,11000,46,14,32
7316,12051,0,0,0
7316,12052,0,0,0
7316,12053,0,0,0
7316,12054,0,0,0
7316,12060,0,0,0
7316,12061,0,0,0
7316,12062,0,0,0
7316,12063,0,0,0
7316,12064,0,0,0
7316,12065,0,0,0
7316,12066,0,0,0
7316,12067,0,0,0
7316,12068,0,0,0
7316,12069,0,0,0
7316,12070,0,0,0
7316,12071,0,0,0
7316,12072,0,0,0
7316,12073,0,0,0
7316,13003,0,0,0
7316,13004,0,0,0
7316,13071,0,0,0
7316,13072,0,0,0
7316,13073,0,0,0
7316,13074,0,0,0
7316,13075,0,0,0
7316,13076,0,0,0
7316,14511,0,0,0
7316,14521,0,0,0
7316,14522,0,0,0
7316,14523,0,0,0
7316,14524,0,0,0
7316,14612,0,0,0
7316,14625,0,0,0
7316,14626,0,0,0
7316,14627,0,0,0
7316,14628,0,0,0
7316,14713,0,0,0
7316,14729,0,0,0
7316,14730,0,0,0
7316,15001,0,0,0
7316,15002,0,0,0
7316,15003,0,0,0
7316,15081,0,0,0
7316,15082,0,0,0
7316,15083,0,0,0
7316,15084,0,0,0
7316,15085,0,0,0
7316,15086,0,0,0
7316,15087,0,0,0
7316,15088,0,0,0
7316,15089,0,0,0
7316,15090,0,0,0
7316,15091,0,0,0
7316,16051,0,0,0
7316,16052,0,0,0
7316,16053,0,0,0
7316,16054,0,0,0
7316,16055,0,0,0
7316,16056,0,0,0
7316,16061,0,0,0
7316,16062,0,0,0
7316,16063,0,0,0
7316,16064,0,0,0
7316,16065,0,0,0
7316,16066,0,0,0
7316,16067,0,0,0
7316,16068,0,0,0
7316,16069,0,0,0
7316,16070,0,0,0
7316,16071,0,0,0
7316,16072,0,0,0
7316,16073,0,0,0
7316,16074,0,0,0
7316,16075,0,0,0
7316,16076,0,0,0
7316,16077,0,0,0
7317,1001,0,0,0
7317,1002,0,0,0
7317,1003,0,0,0
7317,1004,0,0,0
7317,1051,0,0,0
7317,1053,0,0,0
7317,1054,0,0,0
7317,1055,0,0,0
7317,1056,0,0,0
7317,1057,0,0,0
7317,1058,0,0,0
7317,1059,0,0,0
7317,1060,0,0,0
7317,1061,0,0,0
7317,1062,0,0,0
7317,2000,58,0,58
7317,3101,0,0,0
7317,3102,0,0,0
7317,3103,0,0,0
7317,3151,0,0,0
7317,3153,30,30,0
7317,3154,0,0,0
7317,3155,0,0,0
7317,3157,0,0,0
7317,3158,0,0,0
7317,3159,0,0,0
7317,3241,0,0,0
7317,3251,0,0,0
7317,3252,0,0,0
7317,3254,0,0,0
7317,3255,0,0,0
7317,3256,0,0,0
7317,3257,0,0,0
7317,3351,0,0,0
7317,3352,0,0,0
7317,3353,0,0,0
7317,3354,0,0,0
7317,3355,0,0,0
7317,3356,0,0,0
7317,3357,0,0,0
7317,3358,0,0,0
7317,3359,0,0,0
7317,3360,0,0,0
7317,3361,0,0,0
7317,3401,0,0,0
7317,3402,0,0,0
7317,3403,0,0,0
7317,3404,0,0,0
7317,3405,0,0,0
7317,3451,0,0,0
7317,3452,0,0,0
7317,3453,0,0,0
7317,3454,0,0,0
7317,3455,0,0,0
7317,3456,0,0,0
7317,3457,0,0,0
7317,3458,0,0,0
7317,3459,0,0,0
7317,3460,0,0,0
7317,3461,0,0,0
7317,3462,0,0,0
7317,4011,0,0,0
7317,4012,0,0,0
7317,5111,0,0,0
7317,5112,0,0,0
7317,5113,0,0,0
7317,5114,0,0,0
7317,5116,0,0,0
7317,5117,0,0,0
7317,5119,0,0,0
7317,5120,0,0,0
7317,5122,0,0,0
7317,5124,0,0,0
7317,5154,0,0,0
7317,5158,0,0,0
7317,5162,0,0,0
7317,5166,0,0,0
7317,5170,0,0,0
7317,5314,0,0,0
7317,5315,16,0,16
7317,5316,0,0,0
7317,5334,0,0,0
7317,5358,0,0,0
7317,5362,0,0,0
7317,5366,0,0,0
7317,5370,0,0,0
7317,5374,0,0,0
7317,5378,0,0,0
7317,5382,0,0,0
7317,5512,0,0,0
7317,5513,0,0,0
7317,5515,0,0,0
7317,5554,0,0,0
7317,5558,0,0,0
7317,5562,0,0,0
7317,5566,0,0,0
7317,5570,0,0,0
7317,5711,0,0,0
7317,5754,0,0,0
7317,5758,0,0,0
7317,5762,0,0,0
7317,5766,0,0,0
7317,5770,0,0,0
7317,5774,0,0,0
7317,5911,0,0,0
7317,5913,0,0,0
7317,5914,0,0,0
7317,5915,0,0,0
7317,5916,0,0,0
7317,5954,0,0,0
7317,5958,0,0,0
7317,5962,0,0,0
7317,5966,0,0,0
7317,5970,0,0,0
7317,5974,0,0,0
7317,5978,0,0,0
7317,6411,0,0,0
7317,6412,33,0,33
7317,6413,0,0,0
7317,6414,23,12,11
7317,6431,0,0,0
7317,6432,0,0,0
7317,6433,20,0,20
7317,6434,0,0,0
7317,6435,24,0,24
7317,6436,0,0,0
7317,6437,0,0,0
7317,6438,16,0,16
7317,6439,0,0,0
7317,6440,0,0,0
7317,6531,0,0,0
7317,6532,0,0,0
7317,6533,0,0,0
7317,6534,0,0,0
7317,6535,0,0,0
7317,6611,0,0,0
7317,6631,0,0,0
7317,6632,0,0,0
7317,6633,0,0,0
7317,6634,0,0,0
7317,6635,0,0,0
7317,6636,0,0,0
7317,7111,0,0,0
7317,7131,0,0,0
7317,7132,0,0,0
7317,7133,0,0,0
7317,7134,16,0,16
7317,7135,0,0,0
7317,7137,14,14,0
7317,7138,0,0,0
7317,7140,17,17,0
7317,7141,0,0,0
7317,7143,0,0,0
7317,7211,21,10,11
7317,7231,0,0,0
7317,7232,0,0,0
7317,7233,0,0,0
7317,7235,0,0,0
7317,7311,12,0,12
7317,7312,821,289,532
7317,7313,160,53,107
7317,7314,76,15,61
7317,7315,29,0,29
7317,7316,65,22,43
7317,7317,0,0,0
7317,7318,70,0,70
7317,7319,0,0,0
7317,7320,1546,923,623
7317,7331,17,17,0
7317,7332,46,29,17
7317,7333,42,22,20
7317,7334,188,27,161
7317,7335,629,411,218
7317,7336,173,128,45
7317,7337,277,130,147
7317,7338,37,19,18
7317,7339,0,0,0
7317,7340,10146,8317,1829
7317,8111,14,0,14
7317,8115,0,0,0
7317,8116,15,0,15
7317,8117,0,0,0
7317,8118,0,0,0
7317,8119,0,0,0
7317,8121,0,0,0
7317,8125,29,0,29
7317,8126,0,0,0
7317,8127,0,0,0
7317,8128,0,0,0
7317,8135,0,0,0
7317,8136,0,0,0
7317,8211,0,0,0
7317,8212,67,16,51
7317,8215,45,21,24
7317,8216,23,23,0
7317,8221,16,0,16
7317,8222,56,10,46
7317,8225,0,0,0
7317,8226,57,17,40
7317,8231,0,0,0
7317,8235,0,0,0
7317,8236,0,0,0
7317,8237,0,0,0
7317,8311,0,0,0
7317,8315,0,0,0
7317,8316,0,0,0
7317,8317,12,0,12
7317,8325,0,0,0
7317,8326,0,0,0
7317,8327,0,0,0
7317,8335,0,0,0
7317,8336,0,0,0
7317,8337,0,0,0
7317,8415,0,0,0
7317,8416,0,0,0
7317,8417,0,0,0
7317,8421,0,0,0
7317,8425,0,0,0
7317,8426,0,0,0
7317,8435,0,0,0
7317,8436,0,0,0
7317,8437,0,0,0
7317,9161,0,0,0
7317,9162,20,0,20
7317,9163,0,0,0
7317,9171,0,0,0
7317,9172,0,0,0
7317,9173,0,0,0
7317,9174,0,0,0
7317,9175,0,0,0
7317,9176,0,0,0
7317,9177,0,0,0
7317,9178,0,0,0
7317,9179,0,0,0
7317,9180,0,0,0
7317,9181,0,0,0
7317,9182,0,0,0
7317,9183,0,0,0
7317,9184,0,0,0
7317,9185,0,0,0
7317,9186,0,0,0
7317,9187,0,0,0
7317,9188,0,0,0
7317,9189,0,0,0
7317,9190,0,0,0
7317,9261,0,0,0
7317,9262,0,0,0
7317,9263,0,0,0
7317,9271,0,0,0
7317,9272,0,0,0
7317,9273,0,0,0
7317,9274,0,0,0
7317,9275,0,0,0
7317,9276,0,0,0
7317,9277,0,0,0
7317,9278,0,0,0
7317,9279,0,0,0
7317,9361,0,0,0
7317,9362,0,0,0
7317,9363,0,0,0
7317,9371,0,0,0
7317,9372,0,0,0
7317,9373,0,0,0
7317,9374,0,0,0
7317,9375,0,0,0
7317,9376,0,0,0
7317,9377,0,0,0
7317,9461,0,0,0
7317,9462,0,0,0
7317,9463,0,0,0
7317,9464,0,0,0
7317,9471,0,0,0
7317,9472,0,0,0
7317,9473,0,0,0
7317,9474,0,0,0
7317,9475,0,0,0
7317,9476,0,0,0
7317,9477,0,0,0
7317,9478,0,0,0
7317,9479,0,0,0
7317,9561,0,0,0
7317,9562,0,0,0
7317,9563,0,0,0
7317,9564,11,11,0
7317,9565,0,0,0
7317,9571,0,0,0
7317,9572,0,0,0
7317,9573,0,0,0
7317,9574,0,0,0
7317,9575,0,0,0
7317,9576,0,0,0
7317,9577,0,0,0
7317,9661,0,0,0
7317,9662,0,0,0
7317,9663,0,0,0
7317,9671,0,0,0
7317,9672,0,0,0
7317,9673,0,0,0
7317,9674,0,0,0
7317,9675,0,0,0
7317,9676,0,0,0
7317,9677,0,0,0
7317,9678,0,0,0
7317,9679,0,0,0
7317,9761,0,0,0
7317,9762,0,0,0
7317,9763,0,0,0
7317,9764,0,0,0
7317,9771,0,0,0
7317,9772,0,0,0
7317,9773,0,0,0
7317,9774,0,0,0
7317,9775,0,0,0
7317,9776,0,0,0
7317,9777,0,0,0
7317,9778,0,0,0
7317,9779,0,0,0
7317,9780,0,0,0
7317,10041,365,158,207
7317,10042,24,10,14
7317,10043,186,122,64
7317,10044,73,44,29
7317,10045,716,357,359
7317,10046,75,55,20
7317,11000,38,10,28
7317,12051,0,0,0
7317,12052,0,0,0
7317,12053,0,0,0
7317,12054,0,0,0
7317,12060,0,0,0
7317,12061,0,0,0
7317,12062,0,0,0
7317,12063,0,0,0
7317,12064,0,0,0
7317,12065,0,0,0
7317,12066,0,0,0
7317,12067,0,0,0
7317,12068,0,0,0
7317,12069,0,0,0
7317,12070,0,0,0
7317,12071,0,0,0
7317,12072,0,0,0
7317,12073,0,0,0
7317,13003,0,0,0
7317,13004,0,0,0
7317,13071,0,0,0
7317,13072,0,0,0
7317,13073,0,0,0
7317,13074,0,0,0
7317,13075,0,0,0
7317,13076,0,0,0
7317,14511,0,0,0
7317,14521,0,0,0
7317,14522,0,0,0
7317,14523,0,0,0
7317,14524,0,0,0
7317,14612,0,0,0
7317,14625,0,0,0
7317,14626,0,0,0
7317,14627,0,0,0
7317,14628,0,0,0
7317,14713,0,0,0
7317,14729,0,0,0
7317,14730,0,0,0
7317,15001,0,0,0
7317,15002,0,0,0
7317,15003,0,0,0
7317,15081,0,0,0
7317,15082,0,0,0
7317,15083,0,0,0
7317,15084,0,0,0
7317,15085,0,0,0
7317,15086,0,0,0
7317,15087,0,0,0
7317,15088,0,0,0
7317,15089,0,0,0
7317,15090,0,0,0
7317,15091,0,0,0
7317,16051,0,0,0
7317,16052,0,0,0
7317,16053,0,0,0
7317,16054,0,0,0
7317,16055,0,0,0
7317,16056,0,0,0
7317,16061,0,0,0
7317,16062,0,0,0
7317,16063,0,0,0
7317,16064,0,0,0
7317,16065,0,0,0
7317,16066,0,0,0
7317,16067,0,0,0
7317,16068,0,0,0
7317,16069,0,0,0
7317,16070,0,0,0
7317,16071,0,0,0
7317,16072,0,0,0
7317,16073,0,0,0
7317,16074,0,0,0
7317,16075,0,0,0
7317,16076,0,0,0
7317,16077,0,0,0
7318,1001,0,0,0
7318,1002,0,0,0
7318,1003,0,0,0
7318,1004,0,0,0
7318,1051,0,0,0
7318,1053,0,0,0
7318,1054,0,0,0
7318,1055,0,0,0
7318,1056,0,0,0
7318,1057,0,0,0
7318,1058,0,0,0
7318,1059,0,0,0
7318,1060,0,0,0
7318,1061,0,0,0
7318,1062,0,0,0
7318,2000,56,24,32
7318,3101,0,0,0
7318,3102,0,0,0
7318,3103,0,0,0
7318,3151,0,0,0
7318,3153,0,0,0
7318,3154,0,0,0
7318,3155,0,0,0
7318,3157,0,0,0
7318,3158,0,0,0
7318,3159,0,0,0
7318,3241,0,0,0
7318,3251,0,0,0
7318,3252,0,0,0
7318,3254,0,0,0
7318,3255,0,0,0
7318,3256,0,0,0
7318,3257,0,0,0
7318,3351,0,0,0
7318,3352,0,0,0
7318,3353,0,0,0
7318,3354,0,0,0
7318,3355,0,0,0
7318,3356,0,0,0
7318,3357,0,0,0
7318,3358,0,0,0
7318,3359,10,10,0
7318,3360,0,0,0
7318,3361,0,0,0
7318,3401,0,0,0
7318,3402,102,0,102
7318,3403,0,0,0
7318,3404,0,0,0
7318,3405,0,0,0
7318,3451,0,0,0
7318,3452,0,0,0
7318,3453,0,0,0
7318,3454,16,0,16
7318,3455,0,0,0
7318,3456,0,0,0
7318,3457,0,0,0
7318,3458,0,0,0
7318,3459,0,0,0
7318,3460,0,0,0
7318,3461,0,0,0
7318,3462,0,0,0
7318,4011,16,16,0
7318,4012,0,0,0
7318,5111,17,0,17
7318,5112,16,0,16
7318,5113,0,0,0
7318,5114,0,0,0
7318,5116,0,0,0
7318,5117,0,0,0
7318,5119,0,0,0
7318,5120,0,0,0
7318,5122,0,0,0
7318,5124,0,0,0
7318,5154,0,0,0
7318,5158,0,0,0
7318,5162,0,0,0
7318,5166,0,0,0
7318,5170,12,0,12
7318,5314,0,0,0
7318,5315,49,10,39
7318,5316,0,0,0
7318,5334,0,0,0
7318,5358,0,0,0
7318,5362,0,0,0
7318,5366,0,0,0
7318,5370,0,0,0
7318,5374,0,0,0
7318,5378,0,0,0
7318,5382,0,0,0
7318,5512,0,0,0
7318,5513,0,0,0
7318,5515,0,0,0
7318,5554,0,0,0
7318,5558,0,0,0
7318,5562,11,0,11
7318,5566,0,0,0
7318,5570,0,0,0
7318,5711,0,0,0
7318,5754,37,0,37
7318,5758,0,0,0
7318,5762,0,0,0
7318,5766,0,0,0
7318,5770,0,0,0
7318,5774,31,31,0
7318,5911,0,0,0
7318,5913,0,0,0
7318,5914,0,0,0
7318,5915,0,0,0
7318,5916,0,0,0
7318,5954,0,0,0
7318,5958,0,0,0
7318,5962,0,0,0
7318,5966,0,0,0
7318,5970,0,0,0
7318,5974,0,0,0
7318,5978,0,0,0
7318,6411,38,15,23
7318,6412,161,16,145
7318,6413,46,36,10
7318,6414,26,0,26
7318,6431,312,220,92
7318,6432,43,30,13
7318,6433,41,22,19
7318,6434,13,0,13
7318,6435,65,45,20
7318,6436,14,0,14
7318,6437,0,0,0
7318,6438,100,73,27
7318,6439,0,0,0
7318,6440,12,12,0
7318,6531,0,0,0
7318,6532,0,0,0
7318,6533,0,0,0
7318,6534,0,0,0
7318,6535,0,0,0
7318,6611,0,0,0
7318,6631,0,0,0
7318,6632,0,0,0
7318,6633,0,0,0
7318,6634,0,0,0
7318,6635,0,0,0
7318,6636,0,0,0
7318,7111,48,48,0
7318,7131,0,0,0
7318,7132,0,0,0
7318,7133,35,24,11
7318,7134,0,0,0
7318,7135,0,0,0
7318,7137,35,35,0
7318,7138,0,0,0
7318,7140,0,0,0
7318,7141,0,0,0
7318,7143,0,0,0
7318,7211,0,0,0
7318,7231,0,0,0
7318,7232,12,12,0
7318,7233,0,0,0
7318,7235,11,11,0
7318,7311,422,247,175
7318,7312,209,171,38
7318,7313,679,460,219
7318,7314,3423,1309,2114
7318,7315,84,32,52
7318,7316,900,724,176
7318,7317,70,70,0
7318,7318,0,0,0
7318,7319,175,110,65
7318,7320,36,36,0
7318,7331,107,88,19
7318,7332,1468,1238,230
7318,7333,167,150,17
7318,7334,3222,2537,685
7318,7335,200,184,16
7318,7336,62,62,0
7318,7337,1254,1067,187
7318,7338,7947,6458,1489
7318,7339,37,37,0
7318,7340,217,217,0
7318,8111,93,14,79
7318,8115,14,0,14
7318,8116,10,0,10
7318,8117,0,0,0
7318,8118,36,13,23
7318,8119,24,0,24
7318,8121,14,0,14
7318,8125,59,27,32
7318,8126,0,0,0
7318,8127,0,0,0
7318,8128,0,0,0
7318,8135,0,0,0
7318,8136,0,0,0
7318,8211,42,0,42
7318,8212,435,159,276
7318,8215,954,652,302
7318,8216,57,37,20
7318,8221,503,155,348
7318,8222,2282,863,1419
7318,8225,12,12,0
7318,8226,2852,1681,1171
7318,8231,0,0,0
7318,8235,0,0,0
7318,8236,26,11,15
7318,8237,0,0,0
7318,8311,0,0,0
7318,8315,0,0,0
7318,8316,0,0,0
7318,8317,0,0,0
7318,8325,0,0,0
7318,8326,0,0,0
7318,8327,0,0,0
7318,8335,0,0,0
7318,8336,0,0,0
7318,8337,0,0,0
7318,8415,0,0,0
7318,8416,0,0,0
7318,8417,0,0,0
7318,8421,0,0,0
7318,8425,0,0,0
7318,8426,0,0,0
7318,8435,0,0,0
7318,8436,0,0,0
7318,8437,0,0,0
7318,9161,0,0,0
7318,9162,55,0,55
7318,9163,0,0,0
7318,9171,0,0,0
7318,9172,0,0,0
7318,9173,0,0,0
7318,9174,0,0,0
7318,9175,0,0,0
7318,9176,0,0,0
7318,9177,0,0,0
7318,9178,0,0,0
7318,9179,0,0,0
7318,9180,0,0,0
7318,9181,0,0,0
7318,9182,0,0,0
7318,9183,0,0,0
7318,9184,12,0,12
7318,9185,0,0,0
7318,9186,0,0,0
7318,9187,0,0,0
7318,9188,0,0,0
7318,9189,0,0,0
7318,9190,0,0,0
7318,9261,0,0,0
7318,9262,0,0,0
7318,9263,0,0,0
7318,9271,0,0,0
7318,9272,0,0,0
7318,9273,0,0,0
7318,9274,0,0,0
7318,9275,0,0,0
7318,9276,0,0,0
7318,9277,0,0,0
7318,9278,0,0,0
7318,9279,0,0,0
7318,9361,0,0,0
7318,9362,0,0,0
7318,9363,0,0,0
7318,9371,0,0,0
7318,9372,0,0,0
7318,9373,0,0,0
7318,9374,0,0,0
7318,9375,0,0,0
7318,9376,0,0,0
7318,9377,0,0,0
7318,9461,0,0,0
7318,9462,0,0,0
7318,9463,0,0,0
7318,9464,0,0,0
7318,9471,0,0,0
7318,9472,0,0,0
7318,9473,0,0,0
7318,9474,0,0,0
7318,9475,0,0,0
7318,9476,0,0,0
7318,9477,0,0,0
7318,9478,0,0,0
7318,9479,0,0,0
7318,9561,0,0,0
7318,9562,0,0,0
7318,9563,0,0,0
7318,9564,22,0,22
7318,9565,0,0,0
7318,9571,0,0,0
7318,9572,0,0,0
7318,9573,0,0,0
7318,9574,0,0,0
7318,9575,0,0,0
7318,9576,0,0,0
7318,9577,0,0,0
7318,9661,0,0,0
7318,9662,0,0,0
7318,9663,0,0,0
7318,9671,0,0,0
7318,9672,0,0,0
7318,9673,0,0,0
7318,9674,0,0,0
7318,9675,0,0,0
7318,9676,0,0,0
7318,9677,0,0,0
7318,9678,0,0,0
7318,9679,0,0,0
7318,9761,0,0,0
7318,9762,0,0,0
7318,9763,0,0,0
7318,9764,0,0,0
7318,9771,0,0,0
7318,9772,0,0,0
7318,9773,0,0,0
7318,9774,0,0,0
7318,9775,0,0,0
7318,9776,0,0,0
7318,9777,0,0,0
7318,9778,0,0,0
7318,9779,0,0,0
7318,9780,0,0,0
7318,10041,31,21,10
7318,10042,0,0,0
7318,10043,14,14,0
7318,10044,0,0,0
7318,10045,136,123,13
7318,10046,10,10,0
7318,11000,63,25,38
7318,12051,0,0,0
7318,12052,0,0,0
7318,12053,0,0,0
7318,12054,0,0,0
7318,12060,0,0,0
7318,12061,0,0,0
7318,12062,0,0,0
7318,12063,0,0,0
7318,12064,0,0,0
7318,12065,0,0,0
7318,12066,0,0,0
7318,12067,0,0,0
7318,12068,0,0,0
7318,12069,0,0,0
7318,12070,0,0,0
7318,12071,0,0,0
7318,12072,0,0,0
7318,12073,0,0,0
7318,13003,0,0,0
7318,13004,0,0,0
7318,13071,0,0,0
7318,13072,0,0,0
7318,13073,0,0,0
7318,13074,0,0,0
7318,13075,0,0,0
7318,13076,0,0,0
7318,14511,0,0,0
7318,14521,0,0,0
7318,14522,0,0,0
7318,14523,0,0,0
7318,14524,0,0,0
7318,14612,0,0,0
7318,14625,0,0,0
7318,14626,0,0,0
7318,14627,0,0,0
7318,14628,0,0,0
7318,14713,0,0,0
7318,14729,0,0,0
7318,14730,0,0,0
7318,15001,0,0,0
7318,15002,0,0,0
7318,15003,0,0,0
7318,15081,0,0,0
7318,15082,0,0,0
7318,15083,0,0,0
7318,15084,0,0,0
7318,15085,0,0,0
7318,15086,0,0,0
7318,15087,0,0,0
7318,15088,0,0,0
7318,15089,0,0,0
7318,15090,0,0,0
7318,15091,0,0,0
7318,16051,0,0,0
7318,16052,0,0,0
7318,16053,0,0,0
7318,16054,0,0,0
7318,16055,0,0,0
7318,16056,0,0,0
7318,16061,0,0,0
7318,16062,0,0,0
7318,16063,0,0,0
7318,16064,0,0,0
7318,16065,0,0,0
7318,16066,0,0,0
7318,16067,0,0,0
7318,16068,0,0,0
7318,16069,0,0,0
7318,16070,0,0,0
7318,16071,0,0,0
7318,16072,0,0,0
7318,16073,0,0,0
7318,16074,0,0,0
7318,16075,0,0,0
7318,16076,0,0,0
7318,16077,0,0,0
7319,1001,0,0,0
7319,1002,0,0,0
7319,1003,0,0,0
7319,1004,0,0,0
7319,1051,0,0,0
7319,1053,0,0,0
7319,1054,0,0,0
7319,1055,0,0,0
7319,1056,0,0,0
7319,1057,0,0,0
7319,1058,0,0,0
7319,1059,0,0,0
7319,1060,0,0,0
7319,1061,0,0,0
7319,1062,0,0,0
7319,2000,143,17,126
7319,3101,0,0,0
7319,3102,0,0,0
7319,3103,0,0,0
7319,3151,0,0,0
7319,3153,0,0,0
7319,3154,0,0,0
7319,3155,0,0,0
7319,3157,0,0,0
7319,3158,0,0,0
7319,3159,0,0,0
7319,3241,15,0,15
7319,3251,0,0,0
7319,3252,0,0,0
7319,3254,0,0,0
7319,3255,0,0,0
7319,3256,0,0,0
7319,3257,0,0,0
7319,3351,0,0,0
7319,3352,0,0,0
7319,3353,0,0,0
7319,3354,0,0,0
7319,3355,0,0,0
7319,3356,0,0,0
7319,3357,0,0,0
7319,3358,0,0,0
7319,3359,0,0,0
7319,3360,0,0,0
7319,3361,0,0,0
7319,3401,0,0,0
7319,3402,0,0,0
7319,3403,0,0,0
7319,3404,0,0,0
7319,3405,0,0,0
7319,3451,0,0,0
7319,3452,0,0,0
7319,3453,0,0,0
7319,3454,22,0,22
7319,3455,0,0,0
7319,3456,0,0,0
7319,3457,0,0,0
7319,3458,0,0,0
7319,3459,0,0,0
7319,3460,0,0,0
7319,3461,0,0,0
7319,3462,0,0,0
7319,4011,14,14,0
7319,4012,0,0,0
7319,5111,57,23,34
7319,5112,51,36,15
7319,5113,54,15,39
7319,5114,0,0,0
7319,5116,0,0,0
7319,5117,0,0,0
7319,5119,10,0,10
7319,5120,0,0,0
7319,5122,0,0,0
7319,5124,0,0,0
7319,5154,0,0,0
7319,5158,37,24,13
7319,5162,16,16,0
7319,5166,0,0,0
7319,5170,24,11,13
7319,5314,11,0,11
7319,5315,72,28,44
7319,5316,0,0,0
7319,5334,10,10,0
7319,5358,0,0,0
7319,5362,28,13,15
7319,5366,0,0,0
7319,5370,0,0,0
7319,5374,12,0,12
7319,5378,0,0,0
7319,5382,32,20,12
7319,5512,0,0,0
7319,5513,29,29,0
7319,5515,0,0,0
7319,5554,0,0,0
7319,5558,0,0,0
7319,5562,64,53,11
7319,5566,13,0,13
7319,5570,0,0,0
7319,5711,0,0,0
7319,5754,11,0,11
7319,5758,0,0,0
7319,5762,0,0,0
7319,5766,0,0,0
7319,5770,0,0,0
7319,5774,0,0,0
7319,5911,12,12,0
7319,5913,27,12,15
7319,5914,0,0,0
7319,5915,0,0,0
7319,5916,0,0,0
7319,5954,0,0,0
7319,5958,0,0,0
7319,5962,0,0,0
7319,5966,0,0,0
7319,5970,0,0,0
7319,5974,0,0,0
7319,5978,25,25,0
7319,6411,295,84,211
7319,6412,590,44,546
7319,6413,14,0,14
7319,6414,223,65,158
7319,6431,4045,1897,2148
7319,6432,281,156,125
7319,6433,525,180,345
7319,6434,51,0,51
7319,6435,55,17,38
7319,6436,93,12,81
7319,6437,32,18,14
7319,6438,154,34,120
7319,6439,46,23,23
7319,6440,40,40,0
7319,6531,20,20,0
7319,6532,0,0,0
7319,6533,16,16,0
7319,6534,0,0,0
7319,6535,0,0,0
7319,6611,17,0,17
7319,6631,11,0,11
7319,6632,0,0,0
7319,6633,15,15,0
7319,6634,0,0,0
7319,6635,0,0,0
7319,6636,0,0,0
7319,7111,63,10,53
7319,7131,0,0,0
7319,7132,0,0,0
7319,7133,239,147,92
7319,7134,45,29,16
7319,7135,0,0,0
7319,7137,24,13,11
7319,7138,0,0,0
7319,7140,49,19,30
7319,7141,16,16,0
7319,7143,45,28,17
7319,7211,0,0,0
7319,7231,0,0,0
7319,7232,0,0,0
7319,7233,0,0,0
7319,7235,0,0,0
7319,7311,1564,596,968
7319,7312,178,77,101
7319,7313,151,20,131
7319,7314,3201,763,2438
7319,7315,916,231,685
7319,7316,128,67,61
7319,7317,0,0,0
7319,7318,175,65,110
7319,7319,0,0,0
7319,7320,0,0,0
7319,7331,8037,6218,1819
7319,7332,1458,836,622
7319,7333,1119,879,240
7319,7334,87,45,42
7319,7335,90,69,21
7319,7336,43,43,0
7319,7337,88,46,42
7319,7338,1616,981,635
7319,7339,1000,716,284
7319,7340,26,26,0
7319,8111,94,16,78
7319,8115,12,0,12
7319,8116,11,0,11
7319,8117,0,0,0
7319,8118,25,0,25
7319,8119,11,0,11
7319,8121,26,0,26
7319,8125,50,13,37
7319,8126,0,0,0
7319,8127,0,0,0
7319,8128,0,0,0
7319,8135,11,0,11
7319,8136,0,0,0
7319,8211,15,0,15
7319,8212,109,20,89
7319,8215,110,49,61
7319,8216,33,15,18
7319,8221,231,57,174
7319,8222,3088,627,2461
7319,8225,18,18,0
7319,8226,935,385,550
7319,8231,0,0,0
7319,8235,0,0,0
7319,8236,0,0,0
7319,8237,0,0,0
7319,8311,10,0,10
7319,8315,0,0,0
7319,8316,0,0,0
7319,8317,0,0,0
7319,8325,0,0,0
7319,8326,27,0,27
7319,8327,0,0,0
7319,8335,0,0,0
7319,8336,0,0,0
7319,8337,0,0,0
7319,8415,12,12,0
7319,8416,0,0,0
7319,8417,0,0,0
7319,8421,11,11,0
7319,8425,0,0,0
7319,8426,18,0,18
7319,8435,0,0,0
7319,8436,13,0,13
7319,8437,0,0,0
7319,9161,10,0,10
7319,9162,81,11,70
7319,9163,0,0,0
7319,9171,0,0,0
7319,9172,0,0,0
7319,9173,0,0,0
7319,9174,0,0,0
7319,9175,0,0,0
7319,9176,0,0,0
7319,9177,0,0,0
7319,9178,0,0,0
7319,9179,0,0,0
7319,9180,0,0,0
7319,9181,0,0,0
7319,9182,0,0,0
7319,9183,0,0,0
7319,9184,17,0,17
7319,9185,0,0,0
7319,9186,0,0,0
7319,9187,0,0,0
7319,9188,0,0,0
7319,9189,0,0,0
7319,9190,0,0,0
7319,9261,0,0,0
7319,9262,0,0,0
7319,9263,0,0,0
7319,9271,0,0,0
7319,9272,0,0,0
7319,9273,0,0,0
7319,9274,0,0,0
7319,9275,0,0,0
7319,9276,0,0,0
7319,9277,0,0,0
7319,9278,0,0,0
7319,9279,0,0,0
7319,9361,0,0,0
7319,9362,0,0,0
7319,9363,0,0,0
7319,9371,0,0,0
7319,9372,0,0,0
7319,9373,0,0,0
7319,9374,0,0,0
7319,9375,0,0,0
7319,9376,0,0,0
7319,9377,0,0,0
7319,9461,0,0,0
7319,9462,0,0,0
7319,9463,0,0,0
7319,9464,0,0,0
7319,9471,0,0,0
7319,9472,0,0,0
7319,9473,0,0,0
7319,9474,0,0,0
7319,9475,0,0,0
7319,9476,0,0,0
7319,9477,0,0,0
7319,9478,0,0,0
7319,9479,0,0,0
7319,9561,0,0,0
7319,9562,0,0,0
7319,9563,0,0,0
7319,9564,20,0,20
7319,9565,0,0,0
7319,9571,0,0,0
7319,9572,0,0,0
7319,9573,0,0,0
7319,9574,0,0,0
7319,9575,0,0,0
7319,9576,0,0,0
7319,9577,0,0,0
7319,9661,11,0,11
7319,9662,0,0,0
7319,9663,0,0,0
7319,9671,14,0,14
7319,9672,0,0,0
7319,9673,0,0,0
7319,9674,0,0,0
7319,9675,0,0,0
7319,9676,0,0,0
7319,9677,0,0,0
7319,9678,0,0,0
7319,9679,0,0,0
7319,9761,0,0,0
7319,9762,0,0,0
7319,9763,0,0,0
7319,9764,0,0,0
7319,9771,0,0,0
7319,9772,0,0,0
7319,9773,0,0,0
7319,9774,0,0,0
7319,9775,52,0,52
7319,9776,0,0,0
7319,9777,0,0,0
7319,9778,0,0,0
7319,9779,0,0,0
7319,9780,10,0,10
7319,10041,69,22,47
7319,10042,0,0,0
7319,10043,0,0,0
7319,10044,12,12,0
7319,10045,20,0,20
7319,10046,0,0,0
7319,11000,112,38,74
7319,12051,0,0,0
7319,12052,0,0,0
7319,12053,0,0,0
7319,12054,0,0,0
7319,12060,0,0,0
7319,12061,0,0,0
7319,12062,0,0,0
7319,12063,0,0,0
7319,12064,0,0,0
7319,12065,0,0,0
7319,12066,0,0,0
7319,12067,0,0,0
7319,12068,0,0,0
7319,12069,0,0,0
7319,12070,0,0,0
7319,12071,0,0,0
7319,12072,13,13,0
7319,12073,0,0,0
7319,13003,0,0,0
7319,13004,0,0,0
7319,13071,0,0,0
7319,13072,0,0,0
7319,13073,0,0,0
7319,13074,0,0,0
7319,13075,0,0,0
7319,13076,0,0,0
7319,14511,0,0,0
7319,14521,0,0,0
7319,14522,0,0,0
7319,14523,0,0,0
7319,14524,0,0,0
7319,14612,0,0,0
7319,14625,0,0,0
7319,14626,0,0,0
7319,14627,0,0,0
7319,14628,0,0,0
7319,14713,0,0,0
7319,14729,0,0,0
7319,14730,0,0,0
7319,15001,0,0,0
7319,15002,0,0,0
7319,15003,0,0,0
7319,15081,0,0,0
7319,15082,0,0,0
7319,15083,0,0,0
7319,15084,0,0,0
7319,15085,0,0,0
7319,15086,0,0,0
7319,15087,0,0,0
7319,15088,0,0,0
7319,15089,0,0,0
7319,15090,0,0,0
7319,15091,0,0,0
7319,16051,0,0,0
7319,16052,0,0,0
7319,16053,0,0,0
7319,16054,0,0,0
7319,16055,0,0,0
7319,16056,0,0,0
7319,16061,0,0,0
7319,16062,0,0,0
7319,16063,0,0,0
7319,16064,0,0,0
7319,16065,0,0,0
7319,16066,0,0,0
7319,16067,0,0,0
7319,16068,0,0,0
7319,16069,0,0,0
7319,16070,0,0,0
7319,16071,0,0,0
7319,16072,0,0,0
7319,16073,0,0,0
7319,16074,0,0,0
7319,16075,0,0,0
7319,16076,0,0,0
7319,16077,0,0,0
7320,1001,0,0,0
7320,1002,0,0,0
7320,1003,0,0,0
7320,1004,0,0,0
7320,1051,0,0,0
7320,1053,0,0,0
7320,1054,0,0,0
7320,1055,0,0,0
7320,1056,0,0,0
7320,1057,0,0,0
7320,1058,0,0,0
7320,1059,0,0,0
7320,1060,0,0,0
7320,1061,0,0,0
7320,1062,0,0,0
7320,2000,14,0,14
7320,3101,0,0,0
7320,3102,0,0,0
7320,3103,0,0,0
7320,3151,0,0,0
7320,3153,0,0,0
7320,3154,0,0,0
7320,3155,0,0,0
7320,3157,0,0,0
7320,3158,0,0,0
7320,3159,0,0,0
7320,3241,0,0,0
7320,3251,0,0,0
7320,3252,0,0,0
7320,3254,0,0,0
7320,3255,0,0,0
7320,3256,0,0,0
7320,3257,0,0,0
7320,3351,0,0,0
7320,3352,0,0,0
7320,3353,0,0,0
7320,3354,0,0,0
7320,3355,0,0,0
7320,3356,0,0,0
7320,3357,0,0,0
7320,3358,0,0,0
7320,3359,0,0,0
7320,3360,0,0,0
7320,3361,0,0,0
7320,3401,0,0,0
7320,3402,0,0,0
7320,3403,0,0,0
7320,3404,0,0,0
7320,3405,0,0,0
7320,3451,0,0,0
7320,3452,0,0,0
7320,3453,0,0,0
7320,3454,0,0,0
7320,3455,0,0,0
7320,3456,0,0,0
7320,3457,0,0,0
7320,3458,0,0,0
7320,3459,0,0,0
7320,3460,0,0,0
7320,3461,0,0,0
7320,3462,0,0,0
7320,4011,0,0,0
7320,4012,0,0,0
7320,5111,22,0,22
7320,5112,0,0,0
7320,5113,0,0,0
7320,5114,0,0,0
7320,5116,0,0,0
7320,5117,0,0,0
7320,5119,0,0,0
7320,5120,0,0,0
7320,5122,0,0,0
7320,5124,0,0,0
7320,5154,0,0,0
7320,5158,0,0,0
7320,5162,0,0,0
7320,5166,0,0,0
7320,5170,0,0,0
7320,5314,11,0,11
7320,5315,23,0,23
7320,5316,0,0,0
7320,5334,10,0,10
7320,5358,0,0,0
7320,5362,0,0,0
7320,5366,0,0,0
7320,5370,0,0,0
7320,5374,0,0,0
7320,5378,0,0,0
7320,5382,0,0,0
7320,5512,0,0,0
7320,5513,0,0,0
7320,5515,0,0,0
7320,5554,0,0,0
7320,5558,0,0,0
7320,5562,14,14,0
7320,5566,0,0,0
7320,5570,0,0,0
7320,5711,0,0,0
7320,5754,0,0,0
7320,5758,0,0,0
7320,5762,0,0,0
7320,5766,0,0,0
7320,5770,0,0,0
7320,5774,0,0,0
7320,5911,0,0,0
7320,5913,11,11,0
7320,5914,0,0,0
7320,5915,0,0,0
7320,5916,0,0,0
7320,5954,0,0,0
7320,5958,0,0,0
7320,5962,0,0,0
7320,5966,0,0,0
7320,5970,0,0,0
7320,5974,0,0,0
7320,5978,0,0,0
7320,6411,0,0,0
7320,6412,44,0,44
7320,6413,0,0,0
7320,6414,24,24,0
7320,6431,11,11,0
7320,6432,0,0,0
7320,6433,0,0,0
7320,6434,0,0,0
7320,6435,13,0,13
7320,6436,0,0,0
7320,6437,0,0,0
7320,6438,18,0,18
7320,6439,11,11,0
7320,6440,0,0,0
7320,6531,0,0,0
7320,6532,0,0,0
7320,6533,0,0,0
7320,6534,0,0,0
7320,6535,0,0,0
7320,6611,0,0,0
7320,6631,0,0,0
7320,6632,0,0,0
7320,6633,29,0,29
7320,6634,0,0,0
7320,6635,0,0,0
7320,6636,0,0,0
7320,7111,28,0,28
7320,7131,0,0,0
7320,7132,0,0,0
7320,7133,16,16,0
7320,7134,31,18,13
7320,7135,0,0,0
7320,7137,0,0,0
7320,7138,14,0,14
7320,7140,0,0,0
7320,7141,0,0,0
7320,7143,0,0,0
7320,7211,23,0,23
7320,7231,0,0,0
7320,7232,0,0,0
7320,7233,0,0,0
7320,7235,12,12,0
7320,7311,11,0,11
7320,7312,414,109,305
7320,7313,47,10,37
7320,7314,88,22,66
7320,7315,71,50,21
7320,7316,25,13,12
7320,7317,1546,623,923
7320,7318,36,0,36
7320,7319,0,0,0
7320,7320,0,0,0
7320,7331,19,19,0
7320,7332,33,15,18
7320,7333,17,17,0
7320,7334,55,41,14
7320,7335,641,453,188
7320,7336,316,261,55
7320,7337,42,25,17
7320,7338,33,18,15
7320,7339,36,36,0
7320,7340,4004,3505,499
7320,8111,22,0,22
7320,8115,0,0,0
7320,8116,15,0,15
7320,8117,0,0,0
7320,8118,0,0,0
7320,8119,0,0,0
7320,8121,0,0,0
7320,8125,10,0,10
7320,8126,0,0,0
7320,8127,0,0,0
7320,8128,0,0,0
7320,8135,0,0,0
7320,8136,0,0,0
7320,8211,0,0,0
7320,8212,25,0,25
7320,8215,18,0,18
7320,8216,0,0,0
7320,8221,0,0,0
7320,8222,37,12,25
7320,8225,0,0,0
7320,8226,73,13,60
7320,8231,0,0,0
7320,8235,0,0,0
7320,8236,0,0,0
7320,8237,0,0,0
7320,8311,0,0,0
7320,8315,0,0,0
7320,8316,0,0,0
7320,8317,0,0,0
7320,8325,0,0,0
7320,8326,0,0,0
7320,8327,0,0,0
7320,8335,0,0,0
7320,8336,0,0,0
7320,8337,0,0,0
7320,8415,0,0,0
7320,8416,0,0,0
7320,8417,0,0,0
7320,8421,0,0,0
7320,8425,0,0,0
7320,8426,0,0,0
7320,8435,0,0,0
7320,8436,0,0,0
7320,8437,0,0,0
7320,9161,0,0,0
7320,9162,47,0,47
7320,9163,0,0,0
7320,9171,0,0,0
7320,9172,0,0,0
7320,9173,0,0,0
7320,9174,0,0,0
7320,9175,0,0,0
7320,9176,0,0,0
7320,9177,0,0,0
7320,9178,0,0,0
7320,9179,0,0,0
7320,9180,0,0,0
7320,9181,0,0,0
7320,9182,0,0,0
7320,9183,0,0,0
7320,9184,18,0,18
7320,9185,0,0,0
7320,9186,0,0,0
7320,9187,11,0,11
7320,9188,0,0,0
7320,9189,0,0,0
7320,9190,0,0,0
7320,9261,0,0,0
7320,9262,0,0,0
7320,9263,0,0,0
7320,9271,0,0,0
7320,9272,0,0,0
7320,9273,0,0,0
7320,9274,0,0,0
7320,9275,0,0,0
7320,9276,0,0,0
7320,9277,0,0,0
7320,9278,0,0,0
7320,9279,0,0,0
7320,9361,0,0,0
7320,9362,0,0,0
7320,9363,0,0,0
7320,9371,0,0,0
7320,9372,0,0,0
7320,9373,0,0,0
7320,9374,0,0,0
7320,9375,0,0,0
7320,9376,0,0,0
7320,9377,0,0,0
7320,9461,0,0,0
7320,9462,0,0,0
7320,9463,0,0,0
7320,9464,0,0,0
7320,9471,0,0,0
7320,9472,0,0,0
7320,9473,0,0,0
7320,9474,0,0,0
7320,9475,0,0,0
7320,9476,0,0,0
7320,9477,0,0,0
7320,9478,0,0,0
7320,9479,0,0,0
7320,9561,0,0,0
7320,9562,0,0,0
7320,9563,0,0,0
7320,9564,0,0,0
7320,9565,0,0,0
7320,9571,0,0,0
7320,9572,0,0,0
7320,9573,0,0,0
7320,9574,0,0,0
7320,9575,0,0,0
7320,9576,0,0,0
7320,9577,0,0,0
7320,9661,0,0,0
7320,9662,0,0,0
7320,9663,0,0,0
7320,9671,0,0,0
7320,9672,0,0,0
7320,9673,0,0,0
7320,9674,0,0,0
7320,9675,0,0,0
7320,9676,0,0,0
7320,9677,0,0,0
7320,9678,0,0,0
7320,9679,0,0,0
7320,9761,0,0,0
7320,9762,0,0,0
7320,9763,0,0,0
7320,9764,0,0,0
7320,9771,0,0,0
7320,9772,0,0,0
7320,9773,0,0,0
7320,9774,0,0,0
7320,9775,0,0,0
7320,9776,0,0,0
7320,9777,0,0,0
7320,9778,0,0,0
7320,9779,0,0,0
7320,9780,0,0,0
7320,10041,1243,456,787
7320,10042,44,26,18
7320,10043,844,471,373
7320,10044,216,110,106
7320,10045,4576,1826,2750
7320,10046,162,123,39
7320,11000,31,0,31
7320,12051,0,0,0
7320,12052,0,0,0
7320,12053,0,0,0
7320,12054,0,0,0
7320,12060,0,0,0
7320,12061,0,0,0
7320,12062,0,0,0
7320,12063,0,0,0
7320,12064,0,0,0
7320,12065,0,0,0
7320,12066,0,0,0
7320,12067,0,0,0
7320,12068,0,0,0
7320,12069,0,0,0
7320,12070,0,0,0
7320,12071,0,0,0
7320,12072,0,0,0
7320,12073,0,0,0
7320,13003,0,0,0
7320,13004,0,0,0
7320,13071,0,0,0
7320,13072,0,0,0
7320,13073,0,0,0
7320,13074,0,0,0
7320,13075,0,0,0
7320,13076,0,0,0
7320,14511,0,0,0
7320,14521,0,0,0
7320,14522,0,0,0
7320,14523,0,0,0
7320,14524,0,0,0
7320,14612,0,0,0
7320,14625,0,0,0
7320,14626,0,0,0
7320,14627,0,0,0
7320,14628,0,0,0
7320,14713,0,0,0
7320,14729,0,0,0
7320,14730,0,0,0
7320,15001,0,0,0
7320,15002,0,0,0
7320,15003,0,0,0
7320,15081,0,0,0
7320,15082,0,0,0
7320,15083,0,0,0
7320,15084,0,0,0
7320,15085,0,0,0
7320,15086,0,0,0
7320,15087,0,0,0
7320,15088,0,0,0
7320,15089,0,0,0
7320,15090,0,0,0
7320,15091,0,0,0
7320,16051,0,0,0
7320,16052,0,0,0
7320,16053,0,0,0
7320,16054,0,0,0
7320,16055,0,0,0
7320,16056,0,0,0
7320,16061,0,0,0
7320,16062,0,0,0
7320,16063,0,0,0
7320,16064,0,0,0
7320,16065,0,0,0
7320,16066,0,0,0
7320,16067,0,0,0
7320,16068,0,0,0
7320,16069,0,0,0
7320,16070,0,0,0
7320,16071,0,0,0
7320,16072,0,0,0
7320,16073,0,0,0
7320,16074,0,0,0
7320,16075,0,0,0
7320,16076,0,0,0
7320,16077,0,0,0
7331,1001,0,0,0
7331,1002,0,0,0
7331,1003,33,0,33
7331,1004,0,0,0
7331,1051,0,0,0
7331,1053,0,0,0
7331,1054,0,0,0
7331,1055,0,0,0
7331,1056,10,0,10
7331,1057,0,0,0
7331,1058,0,0,0
7331,1059,0,0,0
7331,1060,0,0,0
7331,1061,0,0,0
7331,1062,0,0,0
7331,2000,106,11,95
7331,3101,0,0,0
7331,3102,0,0,0
7331,3103,0,0,0
7331,3151,0,0,0
7331,3153,0,0,0
7331,3154,0,0,0
7331,3155,0,0,0
7331,3157,0,0,0
7331,3158,0,0,0
7331,3159,0,0,0
7331,3241,18,0,18
7331,3251,0,0,0
7331,3252,0,0,0
7331,3254,0,0,0
7331,3255,0,0,0
7331,3256,0,0,0
7331,3257,19,0,19
7331,3351,0,0,0
7331,3352,0,0,0
7331,3353,0,0,0
7331,3354,0,0,0
7331,3355,0,0,0
7331,3356,0,0,0
7331,3357,0,0,0
7331,3358,0,0,0
7331,3359,0,0,0
7331,3360,0,0,0
7331,3361,0,0,0
7331,3401,0,0,0
7331,3402,0,0,0
7331,3403,0,0,0
7331,3404,11,0,11
7331,3405,0,0,0
7331,3451,0,0,0
7331,3452,0,0,0
7331,3453,0,0,0
7331,3454,14,0,14
7331,3455,0,0,0
7331,3456,0,0,0
7331,3457,0,0,0
7331,3458,0,0,0
7331,3459,0,0,0
7331,3460,0,0,0
7331,3461,0,0,0
7331,3462,0,0,0
7331,4011,14,0,14
7331,4012,0,0,0
7331,5111,70,0,70
7331,5112,17,0,17
7331,5113,74,32,42
7331,5114,0,0,0
7331,5116,17,0,17
7331,5117,0,0,0
7331,5119,17,0,17
7331,5120,0,0,0
7331,5122,0,0,0
7331,5124,0,0,0
7331,5154,0,0,0
7331,5158,32,0,32
7331,5162,0,0,0
7331,5166,0,0,0
7331,5170,16,0,16
7331,5314,27,0,27
7331,5315,73,0,73
7331,5316,12,0,12
7331,5334,0,0,0
7331,5358,0,0,0
7331,5362,16,0,16
7331,5366,0,0,0
7331,5370,0,0,0
7331,5374,0,0,0
7331,5378,0,0,0
7331,5382,14,0,14
7331,5512,0,0,0
7331,5513,0,0,0
7331,5515,0,0,0
7331,5554,0,0,0
7331,5558,0,0,0
7331,5562,15,15,0
7331,5566,10,0,10
7331,5570,0,0,0
7331,5711,0,0,0
7331,5754,13,0,13
7331,5758,19,0,19
7331,5762,0,0,0
7331,5766,0,0,0
7331,5770,0,0,0
7331,5774,0,0,0
7331,5911,10,0,10
7331,5913,23,0,23
7331,5914,0,0,0
7331,5915,0,0,0
7331,5916,0,0,0
7331,5954,0,0,0
7331,5958,0,0,0
7331,5962,0,0,0
7331,5966,0,0,0
7331,5970,0,0,0
7331,5974,0,0,0
7331,5978,15,0,15
7331,6411,324,33,291
7331,6412,1537,116,1421
7331,6413,64,19,45
7331,6414,1917,239,1678
7331,6431,919,187,732
7331,6432,199,40,159
7331,6433,2082,154,1928
7331,6434,99,13,86
7331,6435,73,20,53
7331,6436,372,58,314
7331,6437,10,10,0
7331,6438,274,46,228
7331,6439,227,95,132
7331,6440,49,18,31
7331,6531,34,11,23
7331,6532,45,18,27
7331,6533,44,14,30
7331,6534,45,0,45
7331,6535,0,0,0
7331,6611,22,0,22
7331,6631,32,16,16
7331,6632,0,0,0
7331,6633,0,0,0
7331,6634,0,0,0
7331,6635,0,0,0
7331,6636,0,0,0
7331,7111,119,15,104
7331,7131,0,0,0
7331,7132,0,0,0
7331,7133,3245,1430,1815
7331,7134,64,34,30
7331,7135,22,12,10
7331,7137,63,31,32
7331,7138,11,0,11
7331,7140,254,144,110
7331,7141,47,30,17
7331,7143,38,19,19
7331,7211,20,0,20
7331,7231,30,11,19
7331,7232,40,17,23
7331,7233,0,0,0
7331,7235,10,10,0
7331,7311,499,81,418
7331,7312,349,157,192
7331,7313,37,0,37
7331,7314,1684,177,1507
7331,7315,8050,956,7094
7331,7316,118,24,94
7331,7317,17,0,17
7331,7318,107,19,88
7331,7319,8037,1819,6218
7331,7320,19,0,19
7331,7331,0,0,0
7331,7332,1033,345,688
7331,7333,3149,1796,1353
7331,7334,53,17,36
7331,7335,214,167,47
7331,7336,97,59,38
7331,7337,44,16,28
7331,7338,447,153,294
7331,7339,6689,2570,4119
7331,7340,24,24,0
7331,8111,340,10,330
7331,8115,20,0,20
7331,8116,18,0,18
7331,8117,16,16,0
7331,8118,34,0,34
7331,8119,36,0,36
7331,8121,14,0,14
7331,8125,53,11,42
7331,8126,17,0,17
7331,8127,0,0,0
7331,8128,0,0,0
7331,8135,0,0,0
7331,8136,11,0,11
7331,8211,0,0,0
7331,8212,56,0,56
7331,8215,71,23,48
7331,8216,14,0,14
7331,8221,121,18,103
7331,8222,1318,148,1170
7331,8225,0,0,0
7331,8226,334,89,245
7331,8231,0,0,0
7331,8235,0,0,0
7331,8236,14,0,14
7331,8237,10,0,10
7331,8311,0,0,0
7331,8315,16,0,16
7331,8316,10,10,0
7331,8317,21,0,21
7331,8325,0,0,0
7331,8326,11,0,11
7331,8327,0,0,0
7331,8335,0,0,0
7331,8336,0,0,0
7331,8337,28,0,28
7331,8415,0,0,0
7331,8416,0,0,0
7331,8417,0,0,0
7331,8421,12,0,12
7331,8425,0,0,0
7331,8426,26,26,0
7331,8435,10,10,0
7331,8436,0,0,0
7331,8437,0,0,0
7331,9161,19,0,19
7331,9162,68,11,57
7331,9163,0,0,0
7331,9171,0,0,0
7331,9172,0,0,0
7331,9173,0,0,0
7331,9174,0,0,0
7331,9175,0,0,0
7331,9176,0,0,0
7331,9177,0,0,0
7331,9178,0,0,0
7331,9179,0,0,0
7331,9180,0,0,0
7331,9181,0,0,0
7331,9182,0,0,0
7331,9183,0,0,0
7331,9184,45,0,45
7331,9185,0,0,0
7331,9186,0,0,0
7331,9187,0,0,0
7331,9188,0,0,0
7331,9189,0,0,0
7331,9190,0,0,0
7331,9261,0,0,0
7331,9262,0,0,0
7331,9263,0,0,0
7331,9271,0,0,0
7331,9272,0,0,0
7331,9273,0,0,0
7331,9274,0,0,0
7331,9275,0,0,0
7331,9276,0,0,0
7331,9277,0,0,0
7331,9278,0,0,0
7331,9279,0,0,0
7331,9361,0,0,0
7331,9362,0,0,0
7331,9363,0,0,0
7331,9371,0,0,0
7331,9372,0,0,0
7331,9373,0,0,0
7331,9374,0,0,0
7331,9375,0,0,0
7331,9376,0,0,0
7331,9377,0,0,0
7331,9461,0,0,0
7331,9462,0,0,0
7331,9463,0,0,0
7331,9464,0,0,0
7331,9471,0,0,0
7331,9472,0,0,0
7331,9473,0,0,0
7331,9474,0,0,0
7331,9475,0,0,0
7331,9476,0,0,0
7331,9477,0,0,0
7331,9478,0,0,0
7331,9479,0,0,0
7331,9561,0,0,0
7331,9562,0,0,0
7331,9563,0,0,0
7331,9564,33,12,21
7331,9565,0,0,0
7331,9571,0,0,0
7331,9572,0,0,0
7331,9573,0,0,0
7331,9574,0,0,0
7331,9575,0,0,0
7331,9576,0,0,0
7331,9577,0,0,0
7331,9661,21,0,21
7331,9662,0,0,0
7331,9663,11,0,11
7331,9671,20,0,20
7331,9672,0,0,0
7331,9673,0,0,0
7331,9674,0,0,0
7331,9675,0,0,0
7331,9676,0,0,0
7331,9677,0,0,0
7331,9678,0,0,0
7331,9679,0,0,0
7331,9761,0,0,0
7331,9762,0,0,0
7331,9763,0,0,0
7331,9764,0,0,0
7331,9771,0,0,0
7331,9772,0,0,0
7331,9773,0,0,0
7331,9774,0,0,0
7331,9775,22,0,22
7331,9776,0,0,0
7331,9777,0,0,0
7331,9778,0,0,0
7331,9779,0,0,0
7331,9780,21,0,21
7331,10041,102,21,81
7331,10042,0,0,0
7331,10043,24,24,0
7331,10044,23,11,12
7331,10045,45,26,19
7331,10046,0,0,0
7331,11000,103,21,82
7331,12051,0,0,0
7331,12052,0,0,0
7331,12053,0,0,0
7331,12054,0,0,0
7331,12060,0,0,0
7331,12061,0,0,0
7331,12062,0,0,0
7331,12063,0,0,0
7331,12064,0,0,0
7331,12065,0,0,0
7331,12066,0,0,0
7331,12067,0,0,0
7331,12068,0,0,0
7331,12069,0,0,0
7331,12070,0,0,0
7331,12071,0,0,0
7331,12072,0,0,0
7331,12073,0,0,0
7331,13003,0,0,0
7331,13004,0,0,0
7331,13071,0,0,0
7331,13072,0,0,0
7331,13073,0,0,0
7331,13074,0,0,0
7331,13075,0,0,0
7331,13076,0,0,0
7331,14511,10,0,10
7331,14521,0,0,0
7331,14522,0,0,0
7331,14523,0,0,0
7331,14524,0,0,0
7331,14612,0,0,0
7331,14625,10,10,0
7331,14626,13,13,0
7331,14627,0,0,0
7331,14628,0,0,0
7331,14713,0,0,0
7331,14729,0,0,0
7331,14730,0,0,0
7331,15001,0,0,0
7331,15002,0,0,0
7331,15003,0,0,0
7331,15081,0,0,0
7331,15082,0,0,0
7331,15083,0,0,0
7331,15084,0,0,0
7331,15085,0,0,0
7331,15086,0,0,0
7331,15087,0,0,0
7331,15088,0,0,0
7331,15089,0,0,0
7331,15090,0,0,0
7331,15091,0,0,0
7331,16051,0,0,0
7331,16052,0,0,0
7331,16053,0,0,0
7331,16054,0,0,0
7331,16055,0,0,0
7331,16056,0,0,0
7331,16061,0,0,0
7331,16062,0,0,0
7331,16063,0,0,0
7331,16064,0,0,0
7331,16065,0,0,0
7331,16066,0,0,0
7331,16067,0,0,0
7331,16068,0,0,0
7331,16069,0,0,0
7331,16070,0,0,0
7331,16071,0,0,0
7331,16072,0,0,0
7331,16073,0,0,0
7331,16074,0,0,0
7331,16075,0,0,0
7331,16076,0,0,0
7331,16077,0,0,0
7332,1001,0,0,0
7332,1002,0,0,0
7332,1003,0,0,0
7332,1004,0,0,0
7332,1051,0,0,0
7332,1053,0,0,0
7332,1054,0,0,0
7332,1055,0,0,0
7332,1056,0,0,0
7332,1057,0,0,0
7332,1058,0,0,0
7332,1059,0,0,0
7332,1060,0,0,0
7332,1061,0,0,0
7332,1062,0,0,0
7332,2000,60,0,60
7332,3101,0,0,0
7332,3102,0,0,0
7332,3103,0,0,0
7332,3151,0,0,0
7332,3153,0,0,0
7332,3154,0,0,0
7332,3155,0,0,0
7332,3157,0,0,0
7332,3158,0,0,0
7332,3159,0,0,0
7332,3241,31,0,31
7332,3251,0,0,0
7332,3252,0,0,0
7332,3254,0,0,0
7332,3255,0,0,0
7332,3256,0,0,0
7332,3257,10,0,10
7332,3351,0,0,0
7332,3352,0,0,0
7332,3353,0,0,0
7332,3354,0,0,0
7332,3355,0,0,0
7332,3356,0,0,0
7332,3357,0,0,0
7332,3358,0,0,0
7332,3359,0,0,0
7332,3360,0,0,0
7332,3361,0,0,0
7332,3401,0,0,0
7332,3402,10,0,10
7332,3403,0,0,0
7332,3404,12,0,12
7332,3405,0,0,0
7332,3451,0,0,0
7332,3452,0,0,0
7332,3453,0,0,0
7332,3454,12,0,12
7332,3455,0,0,0
7332,3456,23,0,23
7332,3457,0,0,0
7332,3458,0,0,0
7332,3459,0,0,0
7332,3460,0,0,0
7332,3461,0,0,0
7332,3462,0,0,0
7332,4011,0,0,0
7332,4012,0,0,0
7332,5111,79,0,79
7332,5112,43,13,30
7332,5113,20,0,20
7332,5114,17,0,17
7332,5116,21,0,21
7332,5117,0,0,0
7332,5119,0,0,0
7332,5120,0,0,0
7332,5122,0,0,0
7332,5124,0,0,0
7332,5154,0,0,0
7332,5158,35,0,35
7332,5162,10,0,10
7332,5166,14,0,14
7332,5170,0,0,0
7332,5314,24,0,24
7332,5315,117,21,96
7332,5316,0,0,0
7332,5334,14,0,14
7332,5358,0,0,0
7332,5362,23,0,23
7332,5366,0,0,0
7332,5370,0,0,0
7332,5374,22,0,22
7332,5378,0,0,0
7332,5382,23,0,23
7332,5512,0,0,0
7332,5513,13,0,13
7332,5515,0,0,0
7332,5554,0,0,0
7332,5558,0,0,0
7332,5562,15,0,15
7332,5566,11,0,11
7332,5570,0,0,0
7332,5711,0,0,0
7332,5754,19,0,19
7332,5758,0,0,0
7332,5762,0,0,0
7332,5766,0,0,0
7332,5770,0,0,0
7332,5774,0,0,0
7332,5911,0,0,0
7332,5913,12,0,12
7332,5914,0,0,0
7332,5915,0,0,0
7332,5916,0,0,0
7332,5954,0,0,0
7332,5958,0,0,0
7332,5962,35,35,0
7332,5966,0,0,0
7332,5970,10,0,10
7332,5974,0,0,0
7332,5978,20,0,20
7332,6411,123,14,109
7332,6412,432,26,406
7332,6413,20,0,20
7332,6414,90,13,77
7332,6431,500,175,325
7332,6432,71,27,44
7332,6433,125,38,87
7332,6434,47,0,47
7332,6435,42,12,30
7332,6436,62,0,62
7332,6437,12,0,12
7332,6438,113,13,100
7332,6439,16,0,16
7332,6440,16,0,16
7332,6531,0,0,0
7332,6532,22,11,11
7332,6533,13,0,13
7332,6534,21,0,21
7332,6535,0,0,0
7332,6611,14,0,14
7332,6631,0,0,0
7332,6632,0,0,0
7332,6633,0,0,0
7332,6634,0,0,0
7332,6635,0,0,0
7332,6636,0,0,0
7332,7111,16,0,16
7332,7131,0,0,0
7332,7132,0,0,0
7332,7133,95,50,45
7332,7134,22,10,12
7332,7135,0,0,0
7332,7137,29,0,29
7332,7138,25,0,25
7332,7140,0,0,0
7332,7141,15,0,15
7332,7143,42,0,42
7332,7211,27,0,27
7332,7231,21,10,11
7332,7232,0,0,0
7332,7233,0,0,0
7332,7235,0,0,0
7332,7311,2565,583,1982
7332,7312,1124,360,764
7332,7313,787,156,631
7332,7314,10412,1026,9386
7332,7315,266,39,227
7332,7316,5161,1901,3260
7332,7317,46,17,29
7332,7318,1468,230,1238
7332,7319,1458,622,836
7332,7320,33,18,15
7332,7331,1033,688,345
7332,7332,0,0,0
7332,7333,3117,1991,1126
7332,7334,681,253,428
7332,7335,703,455,248
7332,7336,59,43,16
7332,7337,1487,599,888
7332,7338,4522,2195,2327
7332,7339,183,113,70
7332,7340,126,94,32
7332,8111,131,13,118
7332,8115,31,0,31
7332,8116,49,17,32
7332,8117,0,0,0
7332,8118,60,10,50
7332,8119,31,0,31
7332,8121,22,0,22
7332,8125,46,0,46
7332,8126,13,0,13
7332,8127,0,0,0
7332,8128,0,0,0
7332,8135,0,0,0
7332,8136,0,0,0
7332,8211,33,0,33
7332,8212,342,23,319
7332,8215,266,59,207
7332,8216,37,12,25
7332,8221,391,53,338
7332,8222,5003,555,4448
7332,8225,17,0,17
7332,8226,1056,296,760
7332,8231,0,0,0
7332,8235,0,0,0
7332,8236,24,11,13
7332,8237,0,0,0
7332,8311,15,0,15
7332,8315,14,14,0
7332,8316,0,0,0
7332,8317,31,0,31
7332,8325,0,0,0
7332,8326,0,0,0
7332,8327,0,0,0
7332,8335,0,0,0
7332,8336,12,0,12
7332,8337,11,0,11
7332,8415,15,0,15
7332,8416,0,0,0
7332,8417,0,0,0
7332,8421,12,0,12
7332,8425,0,0,0
7332,8426,0,0,0
7332,8435,0,0,0
7332,8436,0,0,0
7332,8437,0,0,0
7332,9161,0,0,0
7332,9162,182,30,152
7332,9163,0,0,0
7332,9171,0,0,0
7332,9172,0,0,0
7332,9173,0,0,0
7332,9174,0,0,0
7332,9175,0,0,0
7332,9176,0,0,0
7332,9177,0,0,0
7332,9178,0,0,0
7332,9179,0,0,0
7332,9180,0,0,0
7332,9181,0,0,0
7332,9182,0,0,0
7332,9183,0,0,0
7332,9184,63,0,63
7332,9185,0,0,0
7332,9186,0,0,0
7332,9187,0,0,0
7332,9188,0,0,0
7332,9189,0,0,0
7332,9190,12,0,12
7332,9261,0,0,0
7332,9262,18,18,0
7332,9263,0,0,0
7332,9271,0,0,0
7332,9272,0,0,0
7332,9273,0,0,0
7332,9274,0,0,0
7332,9275,13,13,0
7332,9276,0,0,0
7332,9277,0,0,0
7332,9278,0,0,0
7332,9279,0,0,0
7332,9361,0,0,0
7332,9362,0,0,0
7332,9363,0,0,0
7332,9371,0,0,0
7332,9372,0,0,0
7332,9373,0,0,0
7332,9374,0,0,0
7332,9375,0,0,0
7332,9376,0,0,0
7332,9377,0,0,0
7332,9461,0,0,0
7332,9462,0,0,0
7332,9463,0,0,0
7332,9464,0,0,0
7332,9471,0,0,0
7332,9472,0,0,0
7332,9473,0,0,0
7332,9474,0,0,0
7332,9475,0,0,0
7332,9476,0,0,0
7332,9477,0,0,0
7332,9478,0,0,0
7332,9479,0,0,0
7332,9561,0,0,0
7332,9562,11,0,11
7332,9563,0,0,0
7332,9564,31,0,31
7332,9565,0,0,0
7332,9571,0,0,0
7332,9572,0,0,0
7332,9573,0,0,0
7332,9574,0,0,0
7332,9575,0,0,0
7332,9576,0,0,0
7332,9577,0,0,0
7332,9661,0,0,0
7332,9662,0,0,0
7332,9663,0,0,0
7332,9671,13,0,13
7332,9672,0,0,0
7332,9673,0,0,0
7332,9674,0,0,0
7332,9675,0,0,0
7332,9676,0,0,0
7332,9677,0,0,0
7332,9678,0,0,0
7332,9679,0,0,0
7332,9761,0,0,0
7332,9762,0,0,0
7332,9763,0,0,0
7332,9764,0,0,0
7332,9771,0,0,0
7332,9772,0,0,0
7332,9773,0,0,0
7332,9774,0,0,0
7332,9775,0,0,0
7332,9776,0,0,0
7332,9777,0,0,0
7332,9778,0,0,0
7332,9779,0,0,0
7332,9780,0,0,0
7332,10041,116,33,83
7332,10042,23,0,23
7332,10043,21,10,11
7332,10044,25,11,14
7332,10045,86,25,61
7332,10046,0,0,0
7332,11000,144,17,127
7332,12051,0,0,0
7332,12052,0,0,0
7332,12053,0,0,0
7332,12054,0,0,0
7332,12060,0,0,0
7332,12061,0,0,0
7332,12062,0,0,0
7332,12063,0,0,0
7332,12064,0,0,0
7332,12065,0,0,0
7332,12066,0,0,0
7332,12067,0,0,0
7332,12068,0,0,0
7332,12069,0,0,0
7332,12070,0,0,0
7332,12071,0,0,0
7332,12072,0,0,0
7332,12073,0,0,0
7332,13003,0,0,0
7332,13004,0,0,0
7332,13071,0,0,0
7332,13072,0,0,0
7332,13073,0,0,0
7332,13074,0,0,0
7332,13075,0,0,0
7332,13076,0,0,0
7332,14511,0,0,0
7332,14521,0,0,0
7332,14522,0,0,0
7332,14523,0,0,0
7332,14524,0,0,0
7332,14612,18,18,0
7332,14625,0,0,0
7332,14626,0,0,0
7332,14627,0,0,0
7332,14628,0,0,0
7332,14713,17,17,0
7332,14729,0,0,0
7332,14730,0,0,0
7332,15001,0,0,0
7332,15002,0,0,0
7332,15003,0,0,0
7332,15081,0,0,0
7332,15082,0,0,0
7332,15083,0,0,0
7332,15084,0,0,0
7332,15085,0,0,0
7332,15086,0,0,0
7332,15087,0,0,0
7332,15088,0,0,0
7332,15089,0,0,0
7332,15090,0,0,0
7332,15091,0,0,0
7332,16051,0,0,0
7332,16052,0,0,0
7332,16053,0,0,0
7332,16054,0,0,0
7332,16055,0,0,0
7332,16056,0,0,0
7332,16061,0,0,0
7332,16062,0,0,0
7332,16063,0,0,0
7332,16064,0,0,0
7332,16065,0,0,0
7332,16066,0,0,0
7332,16067,0,0,0
7332,16068,0,0,0
7332,16069,0,0,0
7332,16070,0,0,0
7332,16071,0,0,0
7332,16072,0,0,0
7332,16073,0,0,0
7332,16074,0,0,0
7332,16075,0,0,0
7332,16076,0,0,0
7332,16077,0,0,0
7333,1001,0,0,0
7333,1002,0,0,0
7333,1003,0,0,0
7333,1004,0,0,0
7333,1051,0,0,0
7333,1053,0,0,0
7333,1054,0,0,0
7333,1055,0,0,0
7333,1056,0,0,0
7333,1057,0,0,0
7333,1058,0,0,0
7333,1059,0,0,0
7333,1060,0,0,0
7333,1061,0,0,0
7333,1062,0,0,0
7333,2000,44,12,32
7333,3101,0,0,0
7333,3102,0,0,0
7333,3103,0,0,0
7333,3151,0,0,0
7333,3153,0,0,0
7333,3154,0,0,0
7333,3155,0,0,0
7333,3157,0,0,0
7333,3158,0,0,0
7333,3159,0,0,0
7333,3241,15,0,15
7333,3251,0,0,0
7333,3252,0,0,0
7333,3254,0,0,0
7333,3255,0,0,0
7333,3256,0,0,0
7333,3257,0,0,0
7333,3351,0,0,0
7333,3352,0,0,0
7333,3353,0,0,0
7333,3354,0,0,0
7333,3355,0,0,0
7333,3356,0,0,0
7333,3357,0,0,0
7333,3358,0,0,0
7333,3359,0,0,0
7333,3360,0,0,0
7333,3361,0,0,0
7333,3401,0,0,0
7333,3402,0,0,0
7333,3403,0,0,0
7333,3404,0,0,0
7333,3405,0,0,0
7333,3451,0,0,0
7333,3452,0,0,0
7333,3453,0,0,0
7333,3454,0,0,0
7333,3455,0,0,0
7333,3456,0,0,0
7333,3457,0,0,0
7333,3458,0,0,0
7333,3459,0,0,0
7333,3460,0,0,0
7333,3461,0,0,0
7333,3462,0,0,0
7333,4011,0,0,0
7333,4012,0,0,0
7333,5111,26,0,26
7333,5112,15,0,15
7333,5113,13,0,13
7333,5114,0,0,0
7333,5116,0,0,0
7333,5117,0,0,0
7333,5119,0,0,0
7333,5120,0,0,0
7333,5122,0,0,0
7333,5124,0,0,0
7333,5154,0,0,0
7333,5158,18,0,18
7333,5162,21,0,21
7333,5166,0,0,0
7333,5170,0,0,0
7333,5314,0,0,0
7333,5315,28,0,28
7333,5316,0,0,0
7333,5334,18,0,18
7333,5358,0,0,0
7333,5362,11,0,11
7333,5366,0,0,0
7333,5370,0,0,0
7333,5374,0,0,0
7333,5378,0,0,0
7333,5382,65,45,20
7333,5512,0,0,0
7333,5513,0,0,0
7333,5515,0,0,0
7333,5554,0,0,0
7333,5558,0,0,0
7333,5562,0,0,0
7333,5566,0,0,0
7333,5570,0,0,0
7333,5711,0,0,0
7333,5754,0,0,0
7333,5758,0,0,0
7333,5762,0,0,0
7333,5766,0,0,0
7333,5770,0,0,0
7333,5774,0,0,0
7333,5911,0,0,0
7333,5913,0,0,0
7333,5914,0,0,0
7333,5915,0,0,0
7333,5916,0,0,0
7333,5954,0,0,0
7333,5958,0,0,0
7333,5962,0,0,0
7333,5966,0,0,0
7333,5970,0,0,0
7333,5974,0,0,0
7333,5978,0,0,0
7333,6411,74,18,56
7333,6412,266,14,252
7333,6413,10,0,10
7333,6414,243,48,195
7333,6431,222,70,152
7333,6432,46,14,32
7333,6433,174,14,160
7333,6434,22,0,22
7333,6435,31,0,31
7333,6436,67,10,57
7333,6437,0,0,0
7333,6438,61,0,61
7333,6439,44,15,29
7333,6440,13,0,13
7333,6531,10,0,10
7333,6532,0,0,0
7333,6533,0,0,0
7333,6534,0,0,0
7333,6535,0,0,0
7333,6611,0,0,0
7333,6631,0,0,0
7333,6632,0,0,0
7333,6633,0,0,0
7333,6634,0,0,0
7333,6635,0,0,0
7333,6636,0,0,0
7333,7111,20,0,20
7333,7131,15,0,15
7333,7132,0,0,0
7333,7133,1791,523,1268
7333,7134,79,40,39
7333,7135,0,0,0
7333,7137,32,12,20
7333,7138,14,0,14
7333,7140,53,17,36
7333,7141,0,0,0
7333,7143,20,0,20
7333,7211,29,15,14
7333,7231,0,0,0
7333,7232,0,0,0
7333,7233,0,0,0
7333,7235,11,11,0
7333,7311,410,81,329
7333,7312,3414,1143,2271
7333,7313,24,0,24
7333,7314,1629,102,1527
7333,7315,828,172,656
7333,7316,114,31,83
7333,7317,42,20,22
7333,7318,167,17,150
7333,7319,1119,240,879
7333,7320,17,0,17
7333,7331,3149,1353,1796
7333,7332,3117,1126,1991
7333,7333,0,0,0
7333,7334,40,15,25
7333,7335,2248,1238,1010
7333,7336,627,523,104
7333,7337,141,22,119
7333,7338,336,126,210
7333,7339,762,338,424
7333,7340,128,88,40
7333,8111,33,0,33
7333,8115,0,0,0
7333,8116,17,0,17
7333,8117,0,0,0
7333,8118,19,0,19
7333,8119,13,0,13
7333,8121,0,0,0
7333,8125,12,0,12
7333,8126,0,0,0
7333,8127,0,0,0
7333,8128,0,0,0
7333,8135,0,0,0
7333,8136,0,0,0
7333,8211,19,0,19
7333,8212,37,0,37
7333,8215,43,10,33
7333,8216,0,0,0
7333,8221,68,20,48
7333,8222,752,99,653
7333,8225,0,0,0
7333,8226,228,66,162
7333,8231,0,0,0
7333,8235,0,0,0
7333,8236,25,0,25
7333,8237,0,0,0
7333,8311,0,0,0
7333,8315,0,0,0
7333,8316,0,0,0
7333,8317,18,0,18
7333,8325,0,0,0
7333,8326,0,0,0
7333,8327,0,0,0
7333,8335,0,0,0
7333,8336,0,0,0
7333,8337,11,0,11
7333,8415,0,0,0
7333,8416,0,0,0
7333,8417,0,0,0
7333,8421,0,0,0
7333,8425,0,0,0
7333,8426,0,0,0
7333,8435,0,0,0
7333,8436,0,0,0
7333,8437,0,0,0
7333,9161,73,0,73
7333,9162,55,0,55
7333,9163,0,0,0
7333,9171,0,0,0
7333,9172,0,0,0
7333,9173,0,0,0
7333,9174,0,0,0
7333,9175,0,0,0
7333,9176,0,0,0
7333,9177,0,0,0
7333,9178,0,0,0
7333,9179,0,0,0
7333,9180,0,0,0
7333,9181,0,0,0
7333,9182,0,0,0
7333,9183,0,0,0
7333,9184,22,0,22
7333,9185,0,0,0
7333,9186,0,0,0
7333,9187,0,0,0
7333,9188,0,0,0
7333,9189,0,0,0
7333,9190,0,0,0
7333,9261,0,0,0
7333,9262,0,0,0
7333,9263,0,0,0
7333,9271,0,0,0
7333,9272,0,0,0
7333,9273,0,0,0
7333,9274,0,0,0
7333,9275,0,0,0
7333,9276,0,0,0
7333,9277,0,0,0
7333,9278,0,0,0
7333,9279,0,0,0
7333,9361,0,0,0
7333,9362,0,0,0
7333,9363,0,0,0
7333,9371,0,0,0
7333,9372,0,0,0
7333,9373,0,0,0
7333,9374,0,0,0
7333,9375,0,0,0
7333,9376,0,0,0
7333,9377,0,0,0
7333,9461,0,0,0
7333,9462,0,0,0
7333,9463,0,0,0
7333,9464,0,0,0
7333,9471,0,0,0
7333,9472,0,0,0
7333,9473,0,0,0
7333,9474,0,0,0
7333,9475,0,0,0
7333,9476,0,0,0
7333,9477,0,0,0
7333,9478,0,0,0
7333,9479,0,0,0
7333,9561,0,0,0
7333,9562,0,0,0
7333,9563,0,0,0
7333,9564,11,0,11
7333,9565,0,0,0
7333,9571,0,0,0
7333,9572,0,0,0
7333,9573,0,0,0
7333,9574,0,0,0
7333,9575,0,0,0
7333,9576,0,0,0
7333,9577,0,0,0
7333,9661,0,0,0
7333,9662,0,0,0
7333,9663,0,0,0
7333,9671,12,0,12
7333,9672,0,0,0
7333,9673,0,0,0
7333,9674,0,0,0
7333,9675,0,0,0
7333,9676,0,0,0
7333,9677,0,0,0
7333,9678,0,0,0
7333,9679,0,0,0
7333,9761,0,0,0
7333,9762,0,0,0
7333,9763,0,0,0
7333,9764,0,0,0
7333,9771,0,0,0
7333,9772,0,0,0
7333,9773,0,0,0
7333,9774,0,0,0
7333,9775,0,0,0
7333,9776,0,0,0
7333,9777,0,0,0
7333,9778,0,0,0
7333,9779,0,0,0
7333,9780,0,0,0
7333,10041,112,38,74
7333,10042,14,0,14
7333,10043,32,19,13
7333,10044,25,14,11
7333,10045,84,28,56
7333,10046,31,31,0
7333,11000,34,0,34
7333,12051,0,0,0
7333,12052,0,0,0
7333,12053,0,0,0
7333,12054,0,0,0
7333,12060,0,0,0
7333,12061,0,0,0
7333,12062,0,0,0
7333,12063,0,0,0
7333,12064,0,0,0
7333,12065,0,0,0
7333,12066,0,0,0
7333,12067,0,0,0
7333,12068,0,0,0
7333,12069,0,0,0
7333,12070,0,0,0
7333,12071,0,0,0
7333,12072,0,0,0
7333,12073,0,0,0
7333,13003,0,0,0
7333,13004,0,0,0
7333,13071,0,0,0
7333,13072,0,0,0
7333,13073,0,0,0
7333,13074,0,0,0
7333,13075,0,0,0
7333,13076,0,0,0
7333,14511,0,0,0
7333,14521,0,0,0
7333,14522,0,0,0
7333,14523,0,0,0
7333,14524,0,0,0
7333,14612,0,0,0
7333,14625,0,0,0
7333,14626,0,0,0
7333,14627,0,0,0
7333,14628,0,0,0
7333,14713,13,13,0
7333,14729,0,0,0
7333,14730,0,0,0
7333,15001,0,0,0
7333,15002,0,0,0
7333,15003,0,0,0
7333,15081,0,0,0
7333,15082,0,0,0
7333,15083,0,0,0
7333,15084,0,0,0
7333,15085,0,0,0
7333,15086,0,0,0
7333,15087,0,0,0
7333,15088,0,0,0
7333,15089,0,0,0
7333,15090,0,0,0
7333,15091,0,0,0
7333,16051,0,0,0
7333,16052,0,0,0
7333,16053,0,0,0
7333,16054,0,0,0
7333,16055,0,0,0
7333,16056,0,0,0
7333,16061,0,0,0
7333,16062,0,0,0
7333,16063,0,0,0
7333,16064,0,0,0
7333,16065,0,0,0
7333,16066,0,0,0
7333,16067,0,0,0
7333,16068,0,0,0
7333,16069,0,0,0
7333,16070,0,0,0
7333,16071,0,0,0
7333,16072,0,0,0
7333,16073,0,0,0
7333,16074,0,0,0
7333,16075,0,0,0
7333,16076,0,0,0
7333,16077,0,0,0
7334,1001,0,0,0
7334,1002,0,0,0
7334,1003,0,0,0
7334,1004,0,0,0
7334,1051,0,0,0
7334,1053,0,0,0
7334,1054,0,0,0
7334,1055,0,0,0
7334,1056,0,0,0
7334,1057,0,0,0
7334,1058,0,0,0
7334,1059,0,0,0
7334,1060,0,0,0
7334,1061,0,0,0
7334,1062,0,0,0
7334,2000,66,18,48
7334,3101,0,0,0
7334,3102,0,0,0
7334,3103,0,0,0
7334,3151,0,0,0
7334,3153,0,0,0
7334,3154,0,0,0
7334,3155,0,0,0
7334,3157,0,0,0
7334,3158,0,0,0
7334,3159,0,0,0
7334,3241,34,15,19
7334,3251,0,0,0
7334,3252,0,0,0
7334,3254,0,0,0
7334,3255,0,0,0
7334,3256,0,0,0
7334,3257,0,0,0
7334,3351,0,0,0
7334,3352,0,0,0
7334,3353,0,0,0
7334,3354,0,0,0
7334,3355,0,0,0
7334,3356,0,0,0
7334,3357,0,0,0
7334,3358,0,0,0
7334,3359,0,0,0
7334,3360,0,0,0
7334,3361,0,0,0
7334,3401,0,0,0
7334,3402,41,0,41
7334,3403,0,0,0
7334,3404,18,0,18
7334,3405,0,0,0
7334,3451,0,0,0
7334,3452,0,0,0
7334,3453,0,0,0
7334,3454,14,0,14
7334,3455,0,0,0
7334,3456,0,0,0
7334,3457,0,0,0
7334,3458,0,0,0
7334,3459,0,0,0
7334,3460,0,0,0
7334,3461,0,0,0
7334,3462,0,0,0
7334,4011,23,0,23
7334,4012,0,0,0
7334,5111,39,0,39
7334,5112,17,0,17
7334,5113,25,13,12
7334,5114,0,0,0
7334,5116,0,0,0
7334,5117,0,0,0
7334,5119,0,0,0
7334,5120,0,0,0
7334,5122,0,0,0
7334,5124,0,0,0
7334,5154,0,0,0
7334,5158,17,0,17
7334,5162,26,12,14
7334,5166,0,0,0
7334,5170,0,0,0
7334,5314,24,0,24
7334,5315,79,17,62
7334,5316,0,0,0
7334,5334,0,0,0
7334,5358,0,0,0
7334,5362,24,0,24
7334,5366,0,0,0
7334,5370,0,0,0
7334,5374,16,0,16
7334,5378,0,0,0
7334,5382,12,0,12
7334,5512,0,0,0
7334,5513,0,0,0
7334,5515,0,0,0
7334,5554,0,0,0
7334,5558,0,0,0
7334,5562,53,30,23
7334,5566,10,0,10
7334,5570,0,0,0
7334,5711,11,0,11
7334,5754,19,0,19
7334,5758,0,0,0
7334,5762,0,0,0
7334,5766,0,0,0
7334,5770,0,0,0
7334,5774,0,0,0
7334,5911,0,0,0
7334,5913,20,10,10
7334,5914,0,0,0
7334,5915,0,0,0
7334,5916,0,0,0
7334,5954,0,0,0
7334,5958,0,0,0
7334,5962,0,0,0
7334,5966,0,0,0
7334,5970,0,0,0
7334,5974,0,0,0
7334,5978,35,0,35
7334,6411,46,15,31
7334,6412,242,31,211
7334,6413,16,0,16
7334,6414,38,13,25
7334,6431,128,63,65
7334,6432,31,11,20
7334,6433,54,20,34
7334,6434,16,0,16
7334,6435,58,11,47
7334,6436,27,0,27
7334,6437,14,0,14
7334,6438,80,12,68
7334,6439,0,0,0
7334,6440,17,0,17
7334,6531,32,22,10
7334,6532,99,0,99
7334,6533,0,0,0
7334,6534,0,0,0
7334,6535,0,0,0
7334,6611,34,0,34
7334,6631,0,0,0
7334,6632,0,0,0
7334,6633,0,0,0
7334,6634,0,0,0
7334,6635,0,0,0
7334,6636,0,0,0
7334,7111,0,0,0
7334,7131,0,0,0
7334,7132,10,10,0
7334,7133,21,10,11
7334,7134,0,0,0
7334,7135,0,0,0
7334,7137,0,0,0
7334,7138,12,0,12
7334,7140,10,10,0
7334,7141,0,0,0
7334,7143,13,0,13
7334,7211,12,0,12
7334,7231,0,0,0
7334,7232,0,0,0
7334,7233,0,0,0
7334,7235,0,0,0
7334,7311,140,56,84
7334,7312,164,85,79
7334,7313,4326,1665,2661
7334,7314,2067,325,1742
7334,7315,114,26,88
7334,7316,917,532,385
7334,7317,188,161,27
7334,7318,3222,685,2537
7334,7319,87,42,45
7334,7320,55,14,41
7334,7331,53,36,17
7334,7332,681,428,253
7334,7333,40,25,15
7334,7334,0,0,0
7334,7335,56,42,14
7334,7336,17,17,0
7334,7337,8742,5534,3208
7334,7338,1735,1101,634
7334,7339,42,20,22
7334,7340,904,860,44
7334,8111,371,60,311
7334,8115,154,54,100
7334,8116,93,38,55
7334,8117,24,10,14
7334,8118,152,65,87
7334,8119,58,30,28
7334,8121,25,11,14
7334,8125,88,32,56
7334,8126,17,0,17
7334,8127,0,0,0
7334,8128,0,0,0
7334,8135,0,0,0
7334,8136,10,0,10
7334,8211,181,65,116
7334,8212,11985,2281,9704
7334,8215,5289,2180,3109
7334,8216,1359,740,619
7334,8221,284,80,204
7334,8222,1378,375,1003
7334,8225,0,0,0
7334,8226,1062,490,572
7334,8231,238,111,127
7334,8235,69,50,19
7334,8236,201,111,90
7334,8237,0,0,0
7334,8311,37,0,37
7334,8315,25,10,15
7334,8316,21,0,21
7334,8317,132,63,69
7334,8325,0,0,0
7334,8326,0,0,0
7334,8327,0,0,0
7334,8335,18,0,18
7334,8336,13,13,0
7334,8337,0,0,0
7334,8415,19,0,19
7334,8416,12,12,0
7334,8417,0,0,0
7334,8421,23,0,23
7334,8425,0,0,0
7334,8426,10,0,10
7334,8435,0,0,0
7334,8436,0,0,0
7334,8437,0,0,0
7334,9161,16,16,0
7334,9162,133,16,117
7334,9163,0,0,0
7334,9171,0,0,0
7334,9172,0,0,0
7334,9173,0,0,0
7334,9174,0,0,0
7334,9175,0,0,0
7334,9176,0,0,0
7334,9177,0,0,0
7334,9178,0,0,0
7334,9179,0,0,0
7334,9180,0,0,0
7334,9181,0,0,0
7334,9182,0,0,0
7334,9183,0,0,0
7334,9184,37,0,37
7334,9185,0,0,0
7334,9186,13,13,0
7334,9187,0,0,0
7334,9188,0,0,0
7334,9189,0,0,0
7334,9190,10,0,10
7334,9261,0,0,0
7334,9262,0,0,0
7334,9263,0,0,0
7334,9271,10,10,0
7334,9272,0,0,0
7334,9273,28,28,0
7334,9274,0,0,0
7334,9275,0,0,0
7334,9276,0,0,0
7334,9277,0,0,0
7334,9278,0,0,0
7334,9279,0,0,0
7334,9361,0,0,0
7334,9362,0,0,0
7334,9363,0,0,0
7334,9371,0,0,0
7334,9372,0,0,0
7334,9373,0,0,0
7334,9374,0,0,0
7334,9375,0,0,0
7334,9376,0,0,0
7334,9377,0,0,0
7334,9461,0,0,0
7334,9462,0,0,0
7334,9463,0,0,0
7334,9464,0,0,0
7334,9471,0,0,0
7334,9472,0,0,0
7334,9473,0,0,0
7334,9474,0,0,0
7334,9475,0,0,0
7334,9476,0,0,0
7334,9477,0,0,0
7334,9478,0,0,0
7334,9479,0,0,0
7334,9561,0,0,0
7334,9562,13,0,13
7334,9563,0,0,0
7334,9564,70,0,70
7334,9565,0,0,0
7334,9571,0,0,0
7334,9572,0,0,0
7334,9573,0,0,0
7334,9574,0,0,0
7334,9575,0,0,0
7334,9576,19,0,19
7334,9577,0,0,0
7334,9661,0,0,0
7334,9662,0,0,0
7334,9663,0,0,0
7334,9671,0,0,0
7334,9672,0,0,0
7334,9673,0,0,0
7334,9674,0,0,0
7334,9675,0,0,0
7334,9676,13,0,13
7334,9677,25,25,0
7334,9678,0,0,0
7334,9679,0,0,0
7334,9761,15,0,15
7334,9762,0,0,0
7334,9763,0,0,0
7334,9764,0,0,0
7334,9771,0,0,0
7334,9772,0,0,0
7334,9773,0,0,0
7334,9774,0,0,0
7334,9775,0,0,0
7334,9776,0,0,0
7334,9777,0,0,0
7334,9778,0,0,0
7334,9779,0,0,0
7334,9780,0,0,0
7334,10041,94,22,72
7334,10042,10,10,0
7334,10043,14,14,0
7334,10044,31,11,20
7334,10045,57,27,30
7334,10046,12,12,0
7334,11000,121,25,96
7334,12051,0,0,0
7334,12052,0,0,0
7334,12053,0,0,0
7334,12054,0,0,0
7334,12060,0,0,0
7334,12061,0,0,0
7334,12062,0,0,0
7334,12063,0,0,0
7334,12064,0,0,0
7334,12065,0,0,0
7334,12066,0,0,0
7334,12067,0,0,0
7334,12068,0,0,0
7334,12069,0,0,0
7334,12070,0,0,0
7334,12071,0,0,0
7334,12072,0,0,0
7334,12073,0,0,0
7334,13003,0,0,0
7334,13004,0,0,0
7334,13071,0,0,0
7334,13072,0,0,0
7334,13073,0,0,0
7334,13074,0,0,0
7334,13075,0,0,0
7334,13076,0,0,0
7334,14511,0,0,0
7334,14521,0,0,0
7334,14522,0,0,0
7334,14523,0,0,0
7334,14524,0,0,0
7334,14612,0,0,0
7334,14625,0,0,0
7334,14626,0,0,0
7334,14627,0,0,0
7334,14628,0,0,0
7334,14713,0,0,0
7334,14729,0,0,0
7334,14730,0,0,0
7334,15001,0,0,0
7334,15002,0,0,0
7334,15003,0,0,0
7334,15081,0,0,0
7334,15082,0,0,0
7334,15083,0,0,0
7334,15084,0,0,0
7334,15085,0,0,0
7334,15086,0,0,0
7334,15087,0,0,0
7334,15088,0,0,0
7334,15089,0,0,0
7334,15090,0,0,0
7334,15091,0,0,0
7334,16051,0,0,0
7334,16052,0,0,0
7334,16053,0,0,0
7334,16054,0,0,0
7334,16055,0,0,0
7334,16056,0,0,0
7334,16061,0,0,0
7334,16062,0,0,0
7334,16063,0,0,0
7334,16064,0,0,0
7334,16065,0,0,0
7334,16066,0,0,0
7334,16067,0,0,0
7334,16068,0,0,0
7334,16069,0,0,0
7334,16070,0,0,0
7334,16071,0,0,0
7334,16072,0,0,0
7334,16073,0,0,0
7334,16074,0,0,0
7334,16075,0,0,0
7334,16076,0,0,0
7334,16077,0,0,0
7335,1001,0,0,0
7335,1002,0,0,0
7335,1003,0,0,0
7335,1004,0,0,0
7335,1051,0,0,0
7335,1053,0,0,0
7335,1054,0,0,0
7335,1055,0,0,0
7335,1056,0,0,0
7335,1057,0,0,0
7335,1058,0,0,0
7335,1059,0,0,0
7335,1060,0,0,0
7335,1061,0,0,0
7335,1062,0,0,0
7335,2000,38,0,38
7335,3101,0,0,0
7335,3102,0,0,0
7335,3103,0,0,0
7335,3151,0,0,0
7335,3153,0,0,0
7335,3154,0,0,0
7335,3155,0,0,0
7335,3157,0,0,0
7335,3158,0,0,0
7335,3159,0,0,0
7335,3241,17,0,17
7335,3251,0,0,0
7335,3252,0,0,0
7335,3254,0,0,0
7335,3255,0,0,0
7335,3256,0,0,0
7335,3257,0,0,0
7335,3351,0,0,0
7335,3352,0,0,0
7335,3353,0,0,0
7335,3354,0,0,0
7335,3355,0,0,0
7335,3356,0,0,0
7335,3357,0,0,0
7335,3358,0,0,0
7335,3359,0,0,0
7335,3360,0,0,0
7335,3361,0,0,0
7335,3401,0,0,0
7335,3402,0,0,0
7335,3403,0,0,0
7335,3404,0,0,0
7335,3405,0,0,0
7335,3451,0,0,0
7335,3452,0,0,0
7335,3453,0,0,0
7335,3454,0,0,0
7335,3455,0,0,0
7335,3456,0,0,0
7335,3457,0,0,0
7335,3458,0,0,0
7335,3459,0,0,0
7335,3460,0,0,0
7335,3461,0,0,0
7335,3462,0,0,0
7335,4011,0,0,0
7335,4012,0,0,0
7335,5111,43,0,43
7335,5112,0,0,0
7335,5113,48,0,48
7335,5114,0,0,0
7335,5116,0,0,0
7335,5117,0,0,0
7335,5119,0,0,0
7335,5120,0,0,0
7335,5122,0,0,0
7335,5124,0,0,0
7335,5154,0,0,0
7335,5158,14,0,14
7335,5162,11,0,11
7335,5166,0,0,0
7335,5170,0,0,0
7335,5314,14,0,14
7335,5315,58,0,58
7335,5316,0,0,0
7335,5334,10,0,10
7335,5358,0,0,0
7335,5362,20,0,20
7335,5366,0,0,0
7335,5370,0,0,0
7335,5374,12,0,12
7335,5378,0,0,0
7335,5382,0,0,0
7335,5512,0,0,0
7335,5513,0,0,0
7335,5515,0,0,0
7335,5554,0,0,0
7335,5558,0,0,0
7335,5562,0,0,0
7335,5566,0,0,0
7335,5570,0,0,0
7335,5711,0,0,0
7335,5754,0,0,0
7335,5758,0,0,0
7335,5762,0,0,0
7335,5766,0,0,0
7335,5770,0,0,0
7335,5774,0,0,0
7335,5911,0,0,0
7335,5913,10,0,10
7335,5914,0,0,0
7335,5915,0,0,0
7335,5916,0,0,0
7335,5954,0,0,0
7335,5958,0,0,0
7335,5962,0,0,0
7335,5966,0,0,0
7335,5970,0,0,0
7335,5974,0,0,0
7335,5978,0,0,0
7335,6411,18,0,18
7335,6412,213,26,187
7335,6413,18,0,18
7335,6414,96,23,73
7335,6431,61,22,39
7335,6432,39,11,28
7335,6433,94,15,79
7335,6434,57,0,57
7335,6435,138,0,138
7335,6436,43,12,31
7335,6437,0,0,0
7335,6438,73,13,60
7335,6439,20,10,10
7335,6440,10,0,10
7335,6531,0,0,0
7335,6532,0,0,0
7335,6533,10,0,10
7335,6534,0,0,0
7335,6535,0,0,0
7335,6611,0,0,0
7335,6631,13,13,0
7335,6632,0,0,0
7335,6633,0,0,0
7335,6634,0,0,0
7335,6635,0,0,0
7335,6636,0,0,0
7335,7111,34,0,34
7335,7131,0,0,0
7335,7132,0,0,0
7335,7133,186,59,127
7335,7134,254,128,126
7335,7135,0,0,0
7335,7137,22,0,22
7335,7138,13,0,13
7335,7140,16,0,16
7335,7141,0,0,0
7335,7143,41,0,41
7335,7211,58,24,34
7335,7231,38,16,22
7335,7232,43,27,16
7335,7233,0,0,0
7335,7235,24,14,10
7335,7311,132,14,118
7335,7312,18467,3858,14609
7335,7313,83,14,69
7335,7314,731,38,693
7335,7315,239,22,217
7335,7316,288,48,240
7335,7317,629,218,411
7335,7318,200,16,184
7335,7319,90,21,69
7335,7320,641,188,453
7335,7331,214,47,167
7335,7332,703,248,455
7335,7333,2248,1010,1238
7335,7334,56,14,42
7335,7335,0,0,0
7335,7336,3859,2833,1026
7335,7337,140,17,123
7335,7338,149,44,105
7335,7339,127,41,86
7335,7340,1959,1448,511
7335,8111,93,11,82
7335,8115,31,15,16
7335,8116,20,0,20
7335,8117,0,0,0
7335,8118,16,0,16
7335,8119,0,0,0
7335,8121,14,0,14
7335,8125,18,0,18
7335,8126,0,0,0
7335,8127,0,0,0
7335,8128,0,0,0
7335,8135,0,0,0
7335,8136,10,0,10
7335,8211,30,0,30
7335,8212,70,0,70
7335,8215,45,13,32
7335,8216,18,0,18
7335,8221,51,10,41
7335,8222,455,46,409
7335,8225,0,0,0
7335,8226,153,37,116
7335,8231,0,0,0
7335,8235,10,0,10
7335,8236,14,0,14
7335,8237,0,0,0
7335,8311,0,0,0
7335,8315,0,0,0
7335,8316,0,0,0
7335,8317,22,0,22
7335,8325,0,0,0
7335,8326,0,0,0
7335,8327,0,0,0
7335,8335,0,0,0
7335,8336,0,0,0
7335,8337,0,0,0
7335,8415,0,0,0
7335,8416,10,0,10
7335,8417,0,0,0
7335,8421,0,0,0
7335,8425,0,0,0
7335,8426,0,0,0
7335,8435,0,0,0
7335,8436,0,0,0
7335,8437,0,0,0
7335,9161,12,0,12
7335,9162,87,10,77
7335,9163,0,0,0
7335,9171,0,0,0
7335,9172,0,0,0
7335,9173,0,0,0
7335,9174,0,0,0
7335,9175,0,0,0
7335,9176,0,0,0
7335,9177,0,0,0
7335,9178,0,0,0
7335,9179,0,0,0
7335,9180,0,0,0
7335,9181,0,0,0
7335,9182,0,0,0
7335,9183,0,0,0
7335,9184,35,0,35
7335,9185,0,0,0
7335,9186,0,0,0
7335,9187,0,0,0
7335,9188,0,0,0
7335,9189,0,0,0
7335,9190,0,0,0
7335,9261,0,0,0
7335,9262,0,0,0
7335,9263,0,0,0
7335,9271,0,0,0
7335,9272,0,0,0
7335,9273,0,0,0
7335,9274,0,0,0
7335,9275,0,0,0
7335,9276,0,0,0
7335,9277,0,0,0
7335,9278,0,0,0
7335,9279,0,0,0
7335,9361,0,0,0
7335,9362,0,0,0
7335,9363,0,0,0
7335,9371,17,17,0
7335,9372,0,0,0
7335,9373,0,0,0
7335,9374,30,30,0
7335,9375,0,0,0
7335,9376,0,0,0
7335,9377,0,0,0
7335,9461,0,0,0
7335,9462,0,0,0
7335,9463,0,0,0
7335,9464,0,0,0
7335,9471,0,0,0
7335,9472,0,0,0
7335,9473,0,0,0
7335,9474,0,0,0
7335,9475,0,0,0
7335,9476,0,0,0
7335,9477,0,0,0
7335,9478,0,0,0
7335,9479,0,0,0
7335,9561,0,0,0
7335,9562,0,0,0
7335,9563,0,0,0
7335,9564,25,0,25
7335,9565,0,0,0
7335,9571,12,0,12
7335,9572,0,0,0
7335,9573,0,0,0
7335,9574,0,0,0
7335,9575,20,0,20
7335,9576,0,0,0
7335,9577,0,0,0
7335,9661,0,0,0
7335,9662,0,0,0
7335,9663,17,0,17
7335,9671,0,0,0
7335,9672,0,0,0
7335,9673,0,0,0
7335,9674,0,0,0
7335,9675,0,0,0
7335,9676,0,0,0
7335,9677,0,0,0
7335,9678,0,0,0
7335,9679,0,0,0
7335,9761,0,0,0
7335,9762,0,0,0
7335,9763,0,0,0
7335,9764,0,0,0
7335,9771,0,0,0
7335,9772,0,0,0
7335,9773,0,0,0
7335,9774,0,0,0
7335,9775,0,0,0
7335,9776,0,0,0
7335,9777,0,0,0
7335,9778,0,0,0
7335,9779,0,0,0
7335,9780,0,0,0
7335,10041,779,192,587
7335,10042,53,20,33
7335,10043,440,190,250
7335,10044,147,54,93
7335,10045,2194,444,1750
7335,10046,235,132,103
7335,11000,53,0,53
7335,12051,0,0,0
7335,12052,0,0,0
7335,12053,0,0,0
7335,12054,0,0,0
7335,12060,0,0,0
7335,12061,0,0,0
7335,12062,0,0,0
7335,12063,0,0,0
7335,12064,0,0,0
7335,12065,0,0,0
7335,12066,0,0,0
7335,12067,0,0,0
7335,12068,0,0,0
7335,12069,0,0,0
7335,12070,0,0,0
7335,12071,0,0,0
7335,12072,0,0,0
7335,12073,0,0,0
7335,13003,0,0,0
7335,13004,0,0,0
7335,13071,0,0,0
7335,13072,0,0,0
7335,13073,0,0,0
7335,13074,0,0,0
7335,13075,0,0,0
7335,13076,0,0,0
7335,14511,0,0,0
7335,14521,0,0,0
7335,14522,0,0,0
7335,14523,0,0,0
7335,14524,0,0,0
7335,14612,0,0,0
7335,14625,0,0,0
7335,14626,0,0,0
7335,14627,0,0,0
7335,14628,0,0,0
7335,14713,0,0,0
7335,14729,0,0,0
7335,14730,0,0,0
7335,15001,0,0,0
7335,15002,0,0,0
7335,15003,0,0,0
7335,15081,0,0,0
7335,15082,0,0,0
7335,15083,0,0,0
7335,15084,0,0,0
7335,15085,0,0,0
7335,15086,0,0,0
7335,15087,0,0,0
7335,15088,0,0,0
7335,15089,0,0,0
7335,15090,0,0,0
7335,15091,0,0,0
7335,16051,0,0,0
7335,16052,0,0,0
7335,16053,0,0,0
7335,16054,0,0,0
7335,16055,0,0,0
7335,16056,0,0,0
7335,16061,0,0,0
7335,16062,0,0,0
7335,16063,0,0,0
7335,16064,0,0,0
7335,16065,0,0,0
7335,16066,0,0,0
7335,16067,0,0,0
7335,16068,0,0,0
7335,16069,0,0,0
7335,16070,0,0,0
7335,16071,0,0,0
7335,16072,0,0,0
7335,16073,0,0,0
7335,16074,0,0,0
7335,16075,0,0,0
7335,16076,0,0,0
7335,16077,0,0,0
7336,1001,0,0,0
7336,1002,0,0,0
7336,1003,0,0,0
7336,1004,0,0,0
7336,1051,0,0,0
7336,1053,0,0,0
7336,1054,0,0,0
7336,1055,0,0,0
7336,1056,0,0,0
7336,1057,0,0,0
7336,1058,0,0,0
7336,1059,0,0,0
7336,1060,0,0,0
7336,1061,0,0,0
7336,1062,0,0,0
7336,2000,18,0,18
7336,3101,0,0,0
7336,3102,0,0,0
7336,3103,0,0,0
7336,3151,0,0,0
7336,3153,0,0,0
7336,3154,0,0,0
7336,3155,0,0,0
7336,3157,0,0,0
7336,3158,0,0,0
7336,3159,0,0,0
7336,3241,0,0,0
7336,3251,0,0,0
7336,3252,0,0,0
7336,3254,0,0,0
7336,3255,0,0,0
7336,3256,0,0,0
7336,3257,0,0,0
7336,3351,0,0,0
7336,3352,0,0,0
7336,3353,0,0,0
7336,3354,0,0,0
7336,3355,0,0,0
7336,3356,0,0,0
7336,3357,0,0,0
7336,3358,0,0,0
7336,3359,0,0,0
7336,3360,0,0,0
7336,3361,0,0,0
7336,3401,0,0,0
7336,3402,0,0,0
7336,3403,0,0,0
7336,3404,0,0,0
7336,3405,0,0,0
7336,3451,0,0,0
7336,3452,0,0,0
7336,3453,0,0,0
7336,3454,0,0,0
7336,3455,0,0,0
7336,3456,0,0,0
7336,3457,0,0,0
7336,3458,0,0,0
7336,3459,0,0,0
7336,3460,0,0,0
7336,3461,0,0,0
7336,3462,0,0,0
7336,4011,0,0,0
7336,4012,0,0,0
7336,5111,20,0,20
7336,5112,0,0,0
7336,5113,14,0,14
7336,5114,0,0,0
7336,5116,0,0,0
7336,5117,0,0,0
7336,5119,0,0,0
7336,5120,0,0,0
7336,5122,0,0,0
7336,5124,0,0,0
7336,5154,0,0,0
7336,5158,0,0,0
7336,5162,0,0,0
7336,5166,0,0,0
7336,5170,0,0,0
7336,5314,0,0,0
7336,5315,34,0,34
7336,5316,0,0,0
7336,5334,0,0,0
7336,5358,0,0,0
7336,5362,0,0,0
7336,5366,0,0,0
7336,5370,0,0,0
7336,5374,0,0,0
7336,5378,0,0,0
7336,5382,0,0,0
7336,5512,0,0,0
7336,5513,0,0,0
7336,5515,0,0,0
7336,5554,0,0,0
7336,5558,0,0,0
7336,5562,0,0,0
7336,5566,0,0,0
7336,5570,0,0,0
7336,5711,0,0,0
7336,5754,0,0,0
7336,5758,0,0,0
7336,5762,0,0,0
7336,5766,0,0,0
7336,5770,0,0,0
7336,5774,0,0,0
7336,5911,0,0,0
7336,5913,0,0,0
7336,5914,0,0,0
7336,5915,0,0,0
7336,5916,0,0,0
7336,5954,0,0,0
7336,5958,0,0,0
7336,5962,0,0,0
7336,5966,0,0,0
7336,5970,0,0,0
7336,5974,0,0,0
7336,5978,0,0,0
7336,6411,17,0,17
7336,6412,74,0,74
7336,6413,0,0,0
7336,6414,48,0,48
7336,6431,0,0,0
7336,6432,13,0,13
7336,6433,30,0,30
7336,6434,20,0,20
7336,6435,96,0,96
7336,6436,12,0,12
7336,6437,0,0,0
7336,6438,27,0,27
7336,6439,0,0,0
7336,6440,0,0,0
7336,6531,0,0,0
7336,6532,0,0,0
7336,6533,0,0,0
7336,6534,14,0,14
7336,6535,0,0,0
7336,6611,0,0,0
7336,6631,0,0,0
7336,6632,0,0,0
7336,6633,0,0,0
7336,6634,0,0,0
7336,6635,0,0,0
7336,6636,0,0,0
7336,7111,16,0,16
7336,7131,0,0,0
7336,7132,0,0,0
7336,7133,1507,309,1198
7336,7134,1199,299,900
7336,7135,20,0,20
7336,7137,0,0,0
7336,7138,19,0,19
7336,7140,43,0,43
7336,7141,0,0,0
7336,7143,22,0,22
7336,7211,33,0,33
7336,7231,27,0,27
7336,7232,25,0,25
7336,7233,0,0,0
7336,7235,38,13,25
7336,7311,41,0,41
7336,7312,3959,347,3612
7336,7313,20,0,20
7336,7314,198,11,187
7336,7315,99,11,88
7336,7316,29,0,29
7336,7317,173,45,128
7336,7318,62,0,62
7336,7319,43,0,43
7336,7320,316,55,261
7336,7331,97,38,59
7336,7332,59,16,43
7336,7333,627,104,523
7336,7334,17,0,17
7336,7335,3859,1026,2833
7336,7336,0,0,0
7336,7337,37,0,37
7336,7338,35,0,35
7336,7339,86,19,67
7336,7340,275,165,110
7336,8111,21,0,21
7336,8115,11,0,11
7336,8116,14,0,14
7336,8117,74,0,74
7336,8118,13,0,13
7336,8119,0,0,0
7336,8121,0,0,0
7336,8125,0,0,0
7336,8126,0,0,0
7336,8127,0,0,0
7336,8128,0,0,0
7336,8135,0,0,0
7336,8136,0,0,0
7336,8211,13,0,13
7336,8212,37,0,37
7336,8215,19,0,19
7336,8216,0,0,0
7336,8221,17,0,17
7336,8222,113,0,113
7336,8225,0,0,0
7336,8226,54,17,37
7336,8231,0,0,0
7336,8235,0,0,0
7336,8236,0,0,0
7336,8237,0,0,0
7336,8311,0,0,0
7336,8315,0,0,0
7336,8316,0,0,0
7336,8317,0,0,0
7336,8325,0,0,0
7336,8326,0,0,0
7336,8327,0,0,0
7336,8335,0,0,0
7336,8336,0,0,0
7336,8337,0,0,0
7336,8415,0,0,0
7336,8416,0,0,0
7336,8417,0,0,0
7336,8421,0,0,0
7336,8425,0,0,0
7336,8426,0,0,0
7336,8435,0,0,0
7336,8436,0,0,0
7336,8437,0,0,0
7336,9161,0,0,0
7336,9162,30,0,30
7336,9163,0,0,0
7336,9171,0,0,0
7336,9172,0,0,0
7336,9173,0,0,0
7336,9174,0,0,0
7336,9175,0,0,0
7336,9176,0,0,0
7336,9177,0,0,0
7336,9178,0,0,0
7336,9179,0,0,0
7336,9180,0,0,0
7336,9181,0,0,0
7336,9182,0,0,0
7336,9183,0,0,0
7336,9184,19,0,19
7336,9185,0,0,0
7336,9186,0,0,0
7336,9187,0,0,0
7336,9188,0,0,0
7336,9189,0,0,0
7336,9190,0,0,0
7336,9261,0,0,0
7336,9262,0,0,0
7336,9263,0,0,0
7336,9271,0,0,0
7336,9272,0,0,0
7336,9273,0,0,0
7336,9274,0,0,0
7336,9275,0,0,0
7336,9276,0,0,0
7336,9277,0,0,0
7336,9278,0,0,0
7336,9279,0,0,0
7336,9361,0,0,0
7336,9362,0,0,0
7336,9363,0,0,0
7336,9371,0,0,0
7336,9372,0,0,0
7336,9373,0,0,0
7336,9374,0,0,0
7336,9375,0,0,0
7336,9376,0,0,0
7336,9377,0,0,0
7336,9461,0,0,0
7336,9462,0,0,0
7336,9463,0,0,0
7336,9464,0,0,0
7336,9471,0,0,0
7336,9472,0,0,0
7336,9473,0,0,0
7336,9474,0,0,0
7336,9475,0,0,0
7336,9476,0,0,0
7336,9477,0,0,0
7336,9478,0,0,0
7336,9479,0,0,0
7336,9561,0,0,0
7336,9562,0,0,0
7336,9563,0,0,0
7336,9564,0,0,0
7336,9565,0,0,0
7336,9571,0,0,0
7336,9572,0,0,0
7336,9573,0,0,0
7336,9574,0,0,0
7336,9575,0,0,0
7336,9576,0,0,0
7336,9577,0,0,0
7336,9661,0,0,0
7336,9662,0,0,0
7336,9663,0,0,0
7336,9671,0,0,0
7336,9672,0,0,0
7336,9673,0,0,0
7336,9674,0,0,0
7336,9675,0,0,0
7336,9676,0,0,0
7336,9677,0,0,0
7336,9678,0,0,0
7336,9679,0,0,0
7336,9761,0,0,0
7336,9762,0,0,0
7336,9763,0,0,0
7336,9764,0,0,0
7336,9771,0,0,0
7336,9772,0,0,0
7336,9773,0,0,0
7336,9774,0,0,0
7336,9775,0,0,0
7336,9776,0,0,0
7336,9777,0,0,0
7336,9778,0,0,0
7336,9779,0,0,0
7336,9780,0,0,0
7336,10041,772,90,682
7336,10042,34,0,34
7336,10043,872,152,720
7336,10044,108,26,82
7336,10045,4608,530,4078
7336,10046,1113,296,817
7336,11000,21,0,21
7336,12051,0,0,0
7336,12052,0,0,0
7336,12053,0,0,0
7336,12054,0,0,0
7336,12060,0,0,0
7336,12061,0,0,0
7336,12062,0,0,0
7336,12063,0,0,0
7336,12064,0,0,0
7336,12065,0,0,0
7336,12066,0,0,0
7336,12067,0,0,0
7336,12068,0,0,0
7336,12069,0,0,0
7336,12070,0,0,0
7336,12071,0,0,0
7336,12072,0,0,0
7336,12073,0,0,0
7336,13003,0,0,0
7336,13004,0,0,0
7336,13071,0,0,0
7336,13072,0,0,0
7336,13073,0,0,0
7336,13074,0,0,0
7336,13075,0,0,0
7336,13076,0,0,0
7336,14511,0,0,0
7336,14521,0,0,0
7336,14522,0,0,0
7336,14523,0,0,0
7336,14524,0,0,0
7336,14612,0,0,0
7336,14625,0,0,0
7336,14626,0,0,0
7336,14627,0,0,0
7336,14628,0,0,0
7336,14713,0,0,0
7336,14729,0,0,0
7336,14730,0,0,0
7336,15001,0,0,0
7336,15002,0,0,0
7336,15003,0,0,0
7336,15081,0,0,0
7336,15082,0,0,0
7336,15083,0,0,0
7336,15084,0,0,0
7336,15085,0,0,0
7336,15086,0,0,0
7336,15087,0,0,0
7336,15088,0,0,0
7336,15089,0,0,0
7336,15090,0,0,0
7336,15091,0,0,0
7336,16051,0,0,0
7336,16052,0,0,0
7336,16053,0,0,0
7336,16054,0,0,0
7336,16055,0,0,0
7336,16056,0,0,0
7336,16061,0,0,0
7336,16062,0,0,0
7336,16063,0,0,0
7336,16064,0,0,0
7336,16065,0,0,0
7336,16066,0,0,0
7336,16067,0,0,0
7336,16068,0,0,0
7336,16069,0,0,0
7336,16070,0,0,0
7336,16071,0,0,0
7336,16072,0,0,0
7336,16073,0,0,0
7336,16074,0,0,0
7336,16075,0,0,0
7336,16076,0,0,0
7336,16077,0,0,0
7337,1001,0,0,0
7337,1002,0,0,0
7337,1003,0,0,0
7337,1004,0,0,0
7337,1051,18,18,0
7337,1053,0,0,0
7337,1054,0,0,0
7337,1055,0,0,0
7337,1056,0,0,0
7337,1057,0,0,0
7337,1058,0,0,0
7337,1059,0,0,0
7337,1060,0,0,0
7337,1061,0,0,0
7337,1062,0,0,0
7337,2000,61,20,41
7337,3101,0,0,0
7337,3102,0,0,0
7337,3103,0,0,0
7337,3151,0,0,0
7337,3153,0,0,0
7337,3154,0,0,0
7337,3155,0,0,0
7337,3157,0,0,0
7337,3158,0,0,0
7337,3159,0,0,0
7337,3241,34,24,10
7337,3251,10,10,0
7337,3252,0,0,0
7337,3254,0,0,0
7337,3255,0,0,0
7337,3256,0,0,0
7337,3257,0,0,0
7337,3351,0,0,0
7337,3352,0,0,0
7337,3353,0,0,0
7337,3354,0,0,0
7337,3355,0,0,0
7337,3356,0,0,0
7337,3357,0,0,0
7337,3358,0,0,0
7337,3359,0,0,0
7337,3360,0,0,0
7337,3361,0,0,0
7337,3401,0,0,0
7337,3402,0,0,0
7337,3403,0,0,0
7337,3404,0,0,0
7337,3405,0,0,0
7337,3451,0,0,0
7337,3452,0,0,0
7337,3453,0,0,0
7337,3454,0,0,0
7337,3455,0,0,0
7337,3456,0,0,0
7337,3457,0,0,0
7337,3458,0,0,0
7337,3459,0,0,0
7337,3460,0,0,0
7337,3461,0,0,0
7337,3462,0,0,0
7337,4011,11,0,11
7337,4012,0,0,0
7337,5111,41,0,41
7337,5112,12,0,12
7337,5113,0,0,0
7337,5114,0,0,0
7337,5116,0,0,0
7337,5117,0,0,0
7337,5119,0,0,0
7337,5120,0,0,0
7337,5122,0,0,0
7337,5124,0,0,0
7337,5154,0,0,0
7337,5158,22,0,22
7337,5162,12,0,12
7337,5166,0,0,0
7337,5170,0,0,0
7337,5314,14,0,14
7337,5315,52,15,37
7337,5316,0,0,0
7337,5334,12,0,12
7337,5358,0,0,0
7337,5362,0,0,0
7337,5366,0,0,0
7337,5370,0,0,0
7337,5374,10,0,10
7337,5378,0,0,0
7337,5382,0,0,0
7337,5512,0,0,0
7337,5513,0,0,0
7337,5515,10,0,10
7337,5554,0,0,0
7337,5558,0,0,0
7337,5562,25,0,25
7337,5566,0,0,0
7337,5570,0,0,0
7337,5711,0,0,0
7337,5754,15,0,15
7337,5758,0,0,0
7337,5762,0,0,0
7337,5766,0,0,0
7337,5770,0,0,0
7337,5774,0,0,0
7337,5911,0,0,0
7337,5913,0,0,0
7337,5914,0,0,0
7337,5915,0,0,0
7337,5916,0,0,0
7337,5954,0,0,0
7337,5958,0,0,0
7337,5962,0,0,0
7337,5966,0,0,0
7337,5970,0,0,0
7337,5974,0,0,0
7337,5978,14,0,14
7337,6411,32,0,32
7337,6412,207,18,189
7337,6413,12,0,12
7337,6414,37,0,37
7337,6431,115,65,50
7337,6432,26,14,12
7337,6433,32,0,32
7337,6434,26,0,26
7337,6435,15,0,15
7337,6436,21,0,21
7337,6437,0,0,0
7337,6438,39,14,25
7337,6439,0,0,0
7337,6440,0,0,0
7337,6531,57,57,0
7337,6532,0,0,0
7337,6533,0,0,0
7337,6534,24,12,12
7337,6535,0,0,0
7337,6611,0,0,0
7337,6631,0,0,0
7337,6632,0,0,0
7337,6633,0,0,0
7337,6634,0,0,0
7337,6635,0,0,0
7337,6636,0,0,0
7337,7111,35,0,35
7337,7131,0,0,0
7337,7132,0,0,0
7337,7133,55,16,39
7337,7134,0,0,0
7337,7135,13,0,13
7337,7137,10,0,10
7337,7138,43,0,43
7337,7140,0,0,0
7337,7141,27,0,27
7337,7143,10,0,10
7337,7211,19,0,19
7337,7231,16,0,16
7337,7232,0,0,0
7337,7233,0,0,0
7337,7235,0,0,0
7337,7311,158,51,107
7337,7312,306,190,116
7337,7313,11073,3385,7688
7337,7314,2017,222,1795
7337,7315,119,12,107
7337,7316,3233,1407,1826
7337,7317,277,147,130
7337,7318,1254,187,1067
7337,7319,88,42,46
7337,7320,42,17,25
7337,7331,44,28,16
7337,7332,1487,888,599
7337,7333,141,119,22
7337,7334,8742,3208,5534
7337,7335,140,123,17
7337,7336,37,37,0
7337,7337,0,0,0
7337,7338,888,488,400
7337,7339,45,10,35
7337,7340,2213,1762,451
7337,8111,205,18,187
7337,8115,58,10,48
7337,8116,49,0,49
7337,8117,0,0,0
7337,8118,53,11,42
7337,8119,28,0,28
7337,8121,12,12,0
7337,8125,52,18,34
7337,8126,0,0,0
7337,8127,0,0,0
7337,8128,0,0,0
7337,8135,0,0,0
7337,8136,11,0,11
7337,8211,63,0,63
7337,8212,2905,271,2634
7337,8215,975,256,719
7337,8216,338,80,258
7337,8221,134,22,112
7337,8222,1024,191,833
7337,8225,0,0,0
7337,8226,455,164,291
7337,8231,57,17,40
7337,8235,51,41,10
7337,8236,68,29,39
7337,8237,11,11,0
7337,8311,28,10,18
7337,8315,15,0,15
7337,8316,0,0,0
7337,8317,62,15,47
7337,8325,0,0,0
7337,8326,0,0,0
7337,8327,0,0,0
7337,8335,12,0,12
7337,8336,0,0,0
7337,8337,0,0,0
7337,8415,12,0,12
7337,8416,12,0,12
7337,8417,0,0,0
7337,8421,14,0,14
7337,8425,0,0,0
7337,8426,0,0,0
7337,8435,0,0,0
7337,8436,0,0,0
7337,8437,0,0,0
7337,9161,15,0,15
7337,9162,95,0,95
7337,9163,0,0,0
7337,9171,30,30,0
7337,9172,0,0,0
7337,9173,0,0,0
7337,9174,0,0,0
7337,9175,0,0,0
7337,9176,0,0,0
7337,9177,0,0,0
7337,9178,0,0,0
7337,9179,0,0,0
7337,9180,0,0,0
7337,9181,0,0,0
7337,9182,0,0,0
7337,9183,0,0,0
7337,9184,35,0,35
7337,9185,0,0,0
7337,9186,0,0,0
7337,9187,20,0,20
7337,9188,0,0,0
7337,9189,0,0,0
7337,9190,0,0,0
7337,9261,0,0,0
7337,9262,0,0,0
7337,9263,0,0,0
7337,9271,0,0,0
7337,9272,0,0,0
7337,9273,0,0,0
7337,9274,0,0,0
7337,9275,0,0,0
7337,9276,0,0,0
7337,9277,0,0,0
7337,9278,0,0,0
7337,9279,0,0,0
7337,9361,0,0,0
7337,9362,0,0,0
7337,9363,0,0,0
7337,9371,0,0,0
7337,9372,0,0,0
7337,9373,0,0,0
7337,9374,0,0,0
7337,9375,0,0,0
7337,9376,0,0,0
7337,9377,0,0,0
7337,9461,0,0,0
7337,9462,0,0,0
7337,9463,0,0,0
7337,9464,0,0,0
7337,9471,0,0,0
7337,9472,0,0,0
7337,9473,0,0,0
7337,9474,0,0,0
7337,9475,0,0,0
7337,9476,0,0,0
7337,9477,0,0,0
7337,9478,0,0,0
7337,9479,0,0,0
7337,9561,0,0,0
7337,9562,0,0,0
7337,9563,0,0,0
7337,9564,31,0,31
7337,9565,0,0,0
7337,9571,0,0,0
7337,9572,0,0,0
7337,9573,0,0,0
7337,9574,0,0,0
7337,9575,0,0,0
7337,9576,0,0,0
7337,9577,0,0,0
7337,9661,0,0,0
7337,9662,0,0,0
7337,9663,0,0,0
7337,9671,0,0,0
7337,9672,0,0,0
7337,9673,0,0,0
7337,9674,0,0,0
7337,9675,0,0,0
7337,9676,0,0,0
7337,9677,0,0,0
7337,9678,0,0,0
7337,9679,0,0,0
7337,9761,14,0,14
7337,9762,0,0,0
7337,9763,0,0,0
7337,9764,0,0,0
7337,9771,0,0,0
7337,9772,0,0,0
7337,9773,0,0,0
7337,9774,0,0,0
7337,9775,0,0,0
7337,9776,0,0,0
7337,9777,0,0,0
7337,9778,0,0,0
7337,9779,0,0,0
7337,9780,32,0,32
7337,10041,56,23,33
7337,10042,0,0,0
7337,10043,14,14,0
7337,10044,20,0,20
7337,10045,67,24,43
7337,10046,12,12,0
7337,11000,90,21,69
7337,12051,0,0,0
7337,12052,0,0,0
7337,12053,0,0,0
7337,12054,0,0,0
7337,12060,0,0,0
7337,12061,0,0,0
7337,12062,0,0,0
7337,12063,0,0,0
7337,12064,0,0,0
7337,12065,0,0,0
7337,12066,12,12,0
7337,12067,0,0,0
7337,12068,0,0,0
7337,12069,0,0,0
7337,12070,0,0,0
7337,12071,0,0,0
7337,12072,0,0,0
7337,12073,0,0,0
7337,13003,0,0,0
7337,13004,0,0,0
7337,13071,0,0,0
7337,13072,0,0,0
7337,13073,0,0,0
7337,13074,0,0,0
7337,13075,0,0,0
7337,13076,0,0,0
7337,14511,0,0,0
7337,14521,0,0,0
7337,14522,0,0,0
7337,14523,0,0,0
7337,14524,0,0,0
7337,14612,0,0,0
7337,14625,0,0,0
7337,14626,0,0,0
7337,14627,0,0,0
7337,14628,0,0,0
7337,14713,24,24,0
7337,14729,18,18,0
7337,14730,0,0,0
7337,15001,0,0,0
7337,15002,12,12,0
7337,15003,0,0,0
7337,15081,0,0,0
7337,15082,0,0,0
7337,15083,0,0,0
7337,15084,10,10,0
7337,15085,0,0,0
7337,15086,0,0,0
7337,15087,12,12,0
7337,15088,17,17,0
7337,15089,0,0,0
7337,15090,0,0,0
7337,15091,0,0,0
7337,16051,0,0,0
7337,16052,0,0,0
7337,16053,0,0,0
7337,16054,0,0,0
7337,16055,0,0,0
7337,16056,0,0,0
7337,16061,0,0,0
7337,16062,0,0,0
7337,16063,0,0,0
7337,16064,0,0,0
7337,16065,0,0,0
7337,16066,0,0,0
7337,16067,0,0,0
7337,16068,0,0,0
7337,16069,14,14,0
7337,16070,0,0,0
7337,16071,0,0,0
7337,16072,0,0,0
7337,16073,0,0,0
7337,16074,0,0,0
7337,16075,0,0,0
7337,16076,0,0,0
7337,16077,0,0,0
7338,1001,0,0,0
7338,1002,10,0,10
7338,1003,0,0,0
7338,1004,0,0,0
7338,1051,0,0,0
7338,1053,0,0,0
7338,1054,0,0,0
7338,1055,0,0,0
7338,1056,0,0,0
7338,1057,0,0,0
7338,1058,0,0,0
7338,1059,0,0,0
7338,1060,0,0,0
7338,1061,0,0,0
7338,1062,0,0,0
7338,2000,72,0,72
7338,3101,0,0,0
7338,3102,0,0,0
7338,3103,0,0,0
7338,3151,0,0,0
7338,3153,0,0,0
7338,3154,0,0,0
7338,3155,0,0,0
7338,3157,0,0,0
7338,3158,0,0,0
7338,3159,0,0,0
7338,3241,25,0,25
7338,3251,0,0,0
7338,3252,0,0,0
7338,3254,0,0,0
7338,3255,0,0,0
7338,3256,0,0,0
7338,3257,0,0,0
7338,3351,0,0,0
7338,3352,0,0,0
7338,3353,0,0,0
7338,3354,0,0,0
7338,3355,0,0,0
7338,3356,0,0,0
7338,3357,0,0,0
7338,3358,0,0,0
7338,3359,0,0,0
7338,3360,0,0,0
7338,3361,0,0,0
7338,3401,0,0,0
7338,3402,54,0,54
7338,3403,0,0,0
7338,3404,18,0,18
7338,3405,0,0,0
7338,3451,0,0,0
7338,3452,0,0,0
7338,3453,0,0,0
7338,3454,29,0,29
7338,3455,0,0,0
7338,3456,0,0,0
7338,3457,0,0,0
7338,3458,0,0,0
7338,3459,14,0,14
7338,3460,0,0,0
7338,3461,0,0,0
7338,3462,0,0,0
7338,4011,25,0,25
7338,4012,0,0,0
7338,5111,79,11,68
7338,5112,45,0,45
7338,5113,21,0,21
7338,5114,14,0,14
7338,5116,0,0,0
7338,5117,0,0,0
7338,5119,0,0,0
7338,5120,0,0,0
7338,5122,0,0,0
7338,5124,0,0,0
7338,5154,13,0,13
7338,5158,35,0,35
7338,5162,17,0,17
7338,5166,14,0,14
7338,5170,0,0,0
7338,5314,39,12,27
7338,5315,132,24,108
7338,5316,13,0,13
7338,5334,10,0,10
7338,5358,0,0,0
7338,5362,29,0,29
7338,5366,0,0,0
7338,5370,0,0,0
7338,5374,32,0,32
7338,5378,0,0,0
7338,5382,35,0,35
7338,5512,0,0,0
7338,5513,0,0,0
7338,5515,0,0,0
7338,5554,0,0,0
7338,5558,0,0,0
7338,5562,53,14,39
7338,5566,10,0,10
7338,5570,0,0,0
7338,5711,15,0,15
7338,5754,85,0,85
7338,5758,0,0,0
7338,5762,0,0,0
7338,5766,0,0,0
7338,5770,0,0,0
7338,5774,0,0,0
7338,5911,0,0,0
7338,5913,33,10,23
7338,5914,0,0,0
7338,5915,0,0,0
7338,5916,0,0,0
7338,5954,0,0,0
7338,5958,0,0,0
7338,5962,0,0,0
7338,5966,0,0,0
7338,5970,10,0,10
7338,5974,0,0,0
7338,5978,33,0,33
7338,6411,170,13,157
7338,6412,576,43,533
7338,6413,39,14,25
7338,6414,71,16,55
7338,6431,868,309,559
7338,6432,107,43,64
7338,6433,133,28,105
7338,6434,40,0,40
7338,6435,42,11,31
7338,6436,86,13,73
7338,6437,17,17,0
7338,6438,153,29,124
7338,6439,26,11,15
7338,6440,16,0,16
7338,6531,10,0,10
7338,6532,0,0,0
7338,6533,0,0,0
7338,6534,0,0,0
7338,6535,0,0,0
7338,6611,24,0,24
7338,6631,12,0,12
7338,6632,0,0,0
7338,6633,0,0,0
7338,6634,0,0,0
7338,6635,0,0,0
7338,6636,0,0,0
7338,7111,13,0,13
7338,7131,14,0,14
7338,7132,0,0,0
7338,7133,60,30,30
7338,7134,11,11,0
7338,7135,0,0,0
7338,7137,33,11,22
7338,7138,16,0,16
7338,7140,25,14,11
7338,7141,0,0,0
7338,7143,21,11,10
7338,7211,13,0,13
7338,7231,26,12,14
7338,7232,0,0,0
7338,7233,0,0,0
7338,7235,0,0,0
7338,7311,3840,1064,2776
7338,7312,266,86,180
7338,7313,559,127,432
7338,7314,20148,3111,17037
7338,7315,305,30,275
7338,7316,1398,585,813
7338,7317,37,18,19
7338,7318,7947,1489,6458
7338,7319,1616,635,981
7338,7320,33,15,18
7338,7331,447,294,153
7338,7332,4522,2327,2195
7338,7333,336,210,126
7338,7334,1735,634,1101
7338,7335,149,105,44
7338,7336,35,35,0
7338,7337,888,400,488
7338,7338,0,0,0
7338,7339,147,93,54
7338,7340,76,58,18
7338,8111,245,15,230
7338,8115,38,0,38
7338,8116,34,0,34
7338,8117,12,0,12
7338,8118,86,14,72
7338,8119,38,0,38
7338,8121,64,10,54
7338,8125,111,39,72
7338,8126,14,0,14
7338,8127,0,0,0
7338,8128,0,0,0
7338,8135,0,0,0
7338,8136,12,0,12
7338,8211,55,0,55
7338,8212,629,59,570
7338,8215,662,168,494
7338,8216,90,31,59
7338,8221,1032,121,911
7338,8222,9945,1133,8812
7338,8225,30,15,15
7338,8226,2949,756,2193
7338,8231,11,0,11
7338,8235,0,0,0
7338,8236,20,0,20
7338,8237,0,0,0
7338,8311,20,0,20
7338,8315,15,0,15
7338,8316,0,0,0
7338,8317,53,17,36
7338,8325,0,0,0
7338,8326,0,0,0
7338,8327,0,0,0
7338,8335,12,0,12
7338,8336,0,0,0
7338,8337,0,0,0
7338,8415,14,0,14
7338,8416,0,0,0
7338,8417,0,0,0
7338,8421,15,0,15
7338,8425,19,19,0
7338,8426,0,0,0
7338,8435,11,0,11
7338,8436,0,0,0
7338,8437,0,0,0
7338,9161,0,0,0
7338,9162,153,14,139
7338,9163,0,0,0
7338,9171,0,0,0
7338,9172,0,0,0
7338,9173,0,0,0
7338,9174,0,0,0
7338,9175,0,0,0
7338,9176,0,0,0
7338,9177,0,0,0
7338,9178,0,0,0
7338,9179,0,0,0
7338,9180,0,0,0
7338,9181,0,0,0
7338,9182,10,0,10
7338,9183,0,0,0
7338,9184,53,0,53
7338,9185,0,0,0
7338,9186,0,0,0
7338,9187,0,0,0
7338,9188,0,0,0
7338,9189,0,0,0
7338,9190,0,0,0
7338,9261,0,0,0
7338,9262,0,0,0
7338,9263,0,0,0
7338,9271,0,0,0
7338,9272,0,0,0
7338,9273,0,0,0
7338,9274,0,0,0
7338,9275,0,0,0
7338,9276,0,0,0
7338,9277,0,0,0
7338,9278,0,0,0
7338,9279,0,0,0
7338,9361,0,0,0
7338,9362,0,0,0
7338,9363,0,0,0
7338,9371,0,0,0
7338,9372,0,0,0
7338,9373,0,0,0
7338,9374,0,0,0
7338,9375,0,0,0
7338,9376,0,0,0
7338,9377,0,0,0
7338,9461,0,0,0
7338,9462,0,0,0
7338,9463,0,0,0
7338,9464,0,0,0
7338,9471,0,0,0
7338,9472,0,0,0
7338,9473,0,0,0
7338,9474,0,0,0
7338,9475,0,0,0
7338,9476,0,0,0
7338,9477,0,0,0
7338,9478,0,0,0
7338,9479,0,0,0
7338,9561,0,0,0
7338,9562,14,0,14
7338,9563,0,0,0
7338,9564,56,16,40
7338,9565,0,0,0
7338,9571,0,0,0
7338,9572,0,0,0
7338,9573,0,0,0
7338,9574,0,0,0
7338,9575,0,0,0
7338,9576,0,0,0
7338,9577,0,0,0
7338,9661,10,0,10
7338,9662,0,0,0
7338,9663,14,0,14
7338,9671,12,0,12
7338,9672,0,0,0
7338,9673,0,0,0
7338,9674,0,0,0
7338,9675,0,0,0
7338,9676,0,0,0
7338,9677,0,0,0
7338,9678,0,0,0
7338,9679,0,0,0
7338,9761,13,0,13
7338,9762,0,0,0
7338,9763,0,0,0
7338,9764,0,0,0
7338,9771,0,0,0
7338,9772,0,0,0
7338,9773,0,0,0
7338,9774,0,0,0
7338,9775,10,0,10
7338,9776,0,0,0
7338,9777,0,0,0
7338,9778,0,0,0
7338,9779,0,0,0
7338,9780,0,0,0
7338,10041,118,28,90
7338,10042,10,0,10
7338,10043,13,13,0
7338,10044,37,12,25
7338,10045,50,16,34
7338,10046,12,12,0
7338,11000,143,31,112
7338,12051,0,0,0
7338,12052,0,0,0
7338,12053,0,0,0
7338,12054,0,0,0
7338,12060,0,0,0
7338,12061,0,0,0
7338,12062,0,0,0
7338,12063,0,0,0
7338,12064,0,0,0
7338,12065,0,0,0
7338,12066,0,0,0
7338,12067,0,0,0
7338,12068,0,0,0
7338,12069,0,0,0
7338,12070,0,0,0
7338,12071,0,0,0
7338,12072,0,0,0
7338,12073,0,0,0
7338,13003,0,0,0
7338,13004,0,0,0
7338,13071,0,0,0
7338,13072,0,0,0
7338,13073,0,0,0
7338,13074,0,0,0
7338,13075,0,0,0
7338,13076,0,0,0
7338,14511,20,10,10
7338,14521,0,0,0
7338,14522,0,0,0
7338,14523,11,11,0
7338,14524,11,11,0
7338,14612,25,12,13
7338,14625,12,12,0
7338,14626,0,0,0
7338,14627,0,0,0
7338,14628,0,0,0
7338,14713,15,15,0
7338,14729,11,11,0
7338,14730,0,0,0
7338,15001,0,0,0
7338,15002,10,10,0
7338,15003,0,0,0
7338,15081,0,0,0
7338,15082,0,0,0
7338,15083,0,0,0
7338,15084,0,0,0
7338,15085,0,0,0
7338,15086,0,0,0
7338,15087,0,0,0
7338,15088,0,0,0
7338,15089,0,0,0
7338,15090,0,0,0
7338,15091,0,0,0
7338,16051,0,0,0
7338,16052,0,0,0
7338,16053,0,0,0
7338,16054,0,0,0
7338,16055,0,0,0
7338,16056,0,0,0
7338,16061,0,0,0
7338,16062,0,0,0
7338,16063,0,0,0
7338,16064,0,0,0
7338,16065,0,0,0
7338,16066,0,0,0
7338,16067,0,0,0
7338,16068,0,0,0
7338,16069,0,0,0
7338,16070,0,0,0
7338,16071,0,0,0
7338,16072,0,0,0
7338,16073,0,0,0
7338,16074,0,0,0
7338,16075,0,0,0
7338,16076,0,0,0
7338,16077,0,0,0
7339,1001,0,0,0
7339,1002,0,0,0
7339,1003,16,0,16
7339,1004,0,0,0
7339,1051,0,0,0
7339,1053,0,0,0
7339,1054,0,0,0
7339,1055,0,0,0
7339,1056,0,0,0
7339,1057,0,0,0
7339,1058,14,14,0
7339,1059,0,0,0
7339,1060,11,0,11
7339,1061,0,0,0
7339,1062,14,0,14
7339,2000,200,51,149
7339,3101,12,12,0
7339,3102,0,0,0
7339,3103,23,11,12
7339,3151,0,0,0
7339,3153,0,0,0
7339,3154,0,0,0
7339,3155,0,0,0
7339,3157,0,0,0
7339,3158,0,0,0
7339,3159,11,0,11
7339,3241,62,27,35
7339,3251,0,0,0
7339,3252,0,0,0
7339,3254,0,0,0
7339,3255,0,0,0
7339,3256,0,0,0
7339,3257,0,0,0
7339,3351,0,0,0
7339,3352,0,0,0
7339,3353,0,0,0
7339,3354,0,0,0
7339,3355,0,0,0
7339,3356,0,0,0
7339,3357,0,0,0
7339,3358,0,0,0
7339,3359,0,0,0
7339,3360,0,0,0
7339,3361,0,0,0
7339,3401,0,0,0
7339,3402,0,0,0
7339,3403,0,0,0
7339,3404,14,0,14
7339,3405,0,0,0
7339,3451,0,0,0
7339,3452,10,0,10
7339,3453,0,0,0
7339,3454,0,0,0
7339,3455,0,0,0
7339,3456,0,0,0
7339,3457,0,0,0
7339,3458,0,0,0
7339,3459,11,11,0
7339,3460,0,0,0
7339,3461,0,0,0
7339,3462,0,0,0
7339,4011,41,16,25
7339,4012,0,0,0
7339,5111,163,33,130
7339,5112,46,18,28
7339,5113,70,17,53
7339,5114,13,13,0
7339,5116,31,13,18
7339,5117,11,0,11
7339,5119,0,0,0
7339,5120,0,0,0
7339,5122,0,0,0
7339,5124,22,11,11
7339,5154,35,10,25
7339,5158,72,28,44
7339,5162,55,26,29
7339,5166,22,22,0
7339,5170,32,18,14
7339,5314,73,15,58
7339,5315,268,61,207
7339,5316,17,17,0
7339,5334,52,21,31
7339,5358,23,10,13
7339,5362,94,40,54
7339,5366,16,16,0
7339,5370,0,0,0
7339,5374,26,13,13
7339,5378,87,73,14
7339,5382,101,46,55
7339,5512,0,0,0
7339,5513,17,0,17
7339,5515,25,11,14
7339,5554,22,11,11
7339,5558,10,0,10
7339,5562,67,39,28
7339,5566,14,0,14
7339,5570,0,0,0
7339,5711,14,0,14
7339,5754,40,0,40
7339,5758,13,13,0
7339,5762,0,0,0
7339,5766,13,13,0
7339,5770,24,13,11
7339,5774,0,0,0
7339,5911,34,15,19
7339,5913,65,32,33
7339,5914,0,0,0
7339,5915,16,16,0
7339,5916,0,0,0
7339,5954,12,12,0
7339,5958,18,0,18
7339,5962,38,28,10
7339,5966,0,0,0
7339,5970,19,19,0
7339,5974,0,0,0
7339,5978,80,33,47
7339,6411,774,81,693
7339,6412,5308,521,4787
7339,6413,232,63,169
7339,6414,8029,1539,6490
7339,6431,281,92,189
7339,6432,344,120,224
7339,6433,4725,726,3999
7339,6434,410,95,315
7339,6435,205,72,133
7339,6436,1560,427,1133
7339,6437,30,18,12
7339,6438,670,146,524
7339,6439,1650,780,870
7339,6440,127,55,72
7339,6531,74,35,39
7339,6532,83,37,46
7339,6533,141,84,57
7339,6534,77,19,58
7339,6535,0,0,0
7339,6611,64,34,30
7339,6631,44,25,19
7339,6632,0,0,0
7339,6633,35,35,0
7339,6634,31,14,17
7339,6635,11,0,11
7339,6636,0,0,0
7339,7111,347,66,281
7339,7131,10,0,10
7339,7132,13,13,0
7339,7133,10301,6752,3549
7339,7134,209,142,67
7339,7135,72,38,34
7339,7137,114,66,48
7339,7138,82,27,55
7339,7140,1836,1135,701
7339,7141,179,112,67
7339,7143,105,45,60
7339,7211,78,15,63
7339,7231,57,35,22
7339,7232,23,11,12
7339,7233,0,0,0
7339,7235,24,24,0
7339,7311,86,21,65
7339,7312,167,85,82
7339,7313,15,0,15
7339,7314,342,61,281
7339,7315,27549,5149,22400
7339,7316,44,21,23
7339,7317,0,0,0
7339,7318,37,0,37
7339,7319,1000,284,716
7339,7320,36,0,36
7339,7331,6689,4119,2570
7339,7332,183,70,113
7339,7333,762,424,338
7339,7334,42,22,20
7339,7335,127,86,41
7339,7336,86,67,19
7339,7337,45,35,10
7339,7338,147,54,93
7339,7339,0,0,0
7339,7340,24,24,0
7339,8111,291,54,237
7339,8115,92,44,48
7339,8116,83,38,45
7339,8117,0,0,0
7339,8118,69,22,47
7339,8119,49,19,30
7339,8121,11,0,11
7339,8125,45,14,31
7339,8126,33,0,33
7339,8127,10,0,10
7339,8128,21,0,21
7339,8135,13,13,0
7339,8136,11,0,11
7339,8211,0,0,0
7339,8212,75,19,56
7339,8215,55,23,32
7339,8216,0,0,0
7339,8221,63,21,42
7339,8222,341,79,262
7339,8225,0,0,0
7339,8226,201,88,113
7339,8231,0,0,0
7339,8235,0,0,0
7339,8236,10,10,0
7339,8237,0,0,0
7339,8311,41,12,29
7339,8315,26,13,13
7339,8316,0,0,0
7339,8317,47,23,24
7339,8325,0,0,0
7339,8326,0,0,0
7339,8327,0,0,0
7339,8335,10,0,10
7339,8336,11,0,11
7339,8337,12,0,12
7339,8415,10,10,0
7339,8416,0,0,0
7339,8417,26,26,0
7339,8421,46,30,16
7339,8425,43,43,0
7339,8426,356,323,33
7339,8435,0,0,0
7339,8436,40,40,0
7339,8437,47,37,10
7339,9161,20,0,20
7339,9162,305,57,248
7339,9163,0,0,0
7339,9171,0,0,0
7339,9172,0,0,0
7339,9173,0,0,0
7339,9174,0,0,0
7339,9175,11,0,11
7339,9176,0,0,0
7339,9177,0,0,0
7339,9178,32,0,32
7339,9179,10,10,0
7339,9180,0,0,0
7339,9181,26,0,26
7339,9182,0,0,0
7339,9183,0,0,0
7339,9184,85,15,70
7339,9185,0,0,0
7339,9186,0,0,0
7339,9187,30,15,15
7339,9188,13,0,13
7339,9189,0,0,0
7339,9190,0,0,0
7339,9261,0,0,0
7339,9262,23,0,23
7339,9263,0,0,0
7339,9271,0,0,0
7339,9272,0,0,0
7339,9273,0,0,0
7339,9274,0,0,0
7339,9275,0,0,0
7339,9276,0,0,0
7339,9277,0,0,0
7339,9278,0,0,0
7339,9279,0,0,0
7339,9361,0,0,0
7339,9362,0,0,0
7339,9363,0,0,0
7339,9371,0,0,0
7339,9372,0,0,0
7339,9373,11,0,11
7339,9374,0,0,0
7339,9375,0,0,0
7339,9376,0,0,0
7339,9377,0,0,0
7339,9461,0,0,0
7339,9462,0,0,0
7339,9463,0,0,0
7339,9464,0,0,0
7339,9471,0,0,0
7339,9472,0,0,0
7339,9473,0,0,0
7339,9474,0,0,0
7339,9475,0,0,0
7339,9476,0,0,0
7339,9477,0,0,0
7339,9478,0,0,0
7339,9479,0,0,0
7339,9561,0,0,0
7339,9562,10,0,10
7339,9563,0,0,0
7339,9564,64,13,51
7339,9565,0,0,0
7339,9571,0,0,0
7339,9572,0,0,0
7339,9573,0,0,0
7339,9574,0,0,0
7339,9575,0,0,0
7339,9576,0,0,0
7339,9577,0,0,0
7339,9661,52,0,52
7339,9662,0,0,0
7339,9663,11,0,11
7339,9671,56,18,38
7339,9672,0,0,0
7339,9673,0,0,0
7339,9674,0,0,0
7339,9675,0,0,0
7339,9676,12,12,0
7339,9677,0,0,0
7339,9678,0,0,0
7339,9679,0,0,0
7339,9761,14,0,14
7339,9762,0,0,0
7339,9763,0,0,0
7339,9764,0,0,0
7339,9771,0,0,0
7339,9772,0,0,0
7339,9773,0,0,0
7339,9774,0,0,0
7339,9775,28,28,0
7339,9776,0,0,0
7339,9777,0,0,0
7339,9778,0,0,0
7339,9779,0,0,0
7339,9780,10,0,10
7339,10041,157,37,120
7339,10042,0,0,0
7339,10043,25,25,0
7339,10044,37,19,18
7339,10045,84,62,22
7339,10046,18,18,0
7339,11000,252,85,167
7339,12051,0,0,0
7339,12052,0,0,0
7339,12053,0,0,0
7339,12054,0,0,0
7339,12060,0,0,0
7339,12061,0,0,0
7339,12062,0,0,0
7339,12063,0,0,0
7339,12064,0,0,0
7339,12065,0,0,0
7339,12066,0,0,0
7339,12067,0,0,0
7339,12068,0,0,0
7339,12069,0,0,0
7339,12070,0,0,0
7339,12071,0,0,0
7339,12072,0,0,0
7339,12073,0,0,0
7339,13003,0,0,0
7339,13004,0,0,0
7339,13071,0,0,0
7339,13072,0,0,0
7339,13073,0,0,0
7339,13074,0,0,0
7339,13075,0,0,0
7339,13076,0,0,0
7339,14511,0,0,0
7339,14521,0,0,0
7339,14522,0,0,0
7339,14523,0,0,0
7339,14524,0,0,0
7339,14612,32,16,16
7339,14625,0,0,0
7339,14626,0,0,0
7339,14627,0,0,0
7339,14628,0,0,0
7339,14713,27,13,14
7339,14729,0,0,0
7339,14730,0,0,0
7339,15001,0,0,0
7339,15002,0,0,0
7339,15003,0,0,0
7339,15081,0,0,0
7339,15082,0,0,0
7339,15083,0,0,0
7339,15084,0,0,0
7339,15085,0,0,0
7339,15086,0,0,0
7339,15087,0,0,0
7339,15088,0,0,0
7339,15089,0,0,0
7339,15090,0,0,0
7339,15091,0,0,0
7339,16051,10,10,0
7339,16052,0,0,0
7339,16053,0,0,0
7339,16054,0,0,0
7339,16055,0,0,0
7339,16056,0,0,0
7339,16061,0,0,0
7339,16062,0,0,0
7339,16063,0,0,0
7339,16064,0,0,0
7339,16065,0,0,0
7339,16066,0,0,0
7339,16067,0,0,0
7339,16068,0,0,0
7339,16069,0,0,0
7339,16070,11,11,0
7339,16071,0,0,0
7339,16072,0,0,0
7339,16073,0,0,0
7339,16074,0,0,0
7339,16075,0,0,0
7339,16076,0,0,0
7339,16077,0,0,0
7340,1001,0,0,0
7340,1002,0,0,0
7340,1003,0,0,0
7340,1004,0,0,0
7340,1051,0,0,0
7340,1053,0,0,0
7340,1054,0,0,0
7340,1055,0,0,0
7340,1056,0,0,0
7340,1057,0,0,0
7340,1058,0,0,0
7340,1059,0,0,0
7340,1060,0,0,0
7340,1061,0,0,0
7340,1062,0,0,0
7340,2000,43,0,43
7340,3101,0,0,0
7340,3102,0,0,0
7340,3103,0,0,0
7340,3151,0,0,0
7340,3153,0,0,0
7340,3154,0,0,0
7340,3155,0,0,0
7340,3157,0,0,0
7340,3158,0,0,0
7340,3159,0,0,0
7340,3241,20,0,20
7340,3251,0,0,0
7340,3252,0,0,0
7340,3254,0,0,0
7340,3255,0,0,0
7340,3256,0,0,0
7340,3257,0,0,0
7340,3351,0,0,0
7340,3352,0,0,0
7340,3353,0,0,0
7340,3354,0,0,0
7340,3355,0,0,0
7340,3356,0,0,0
7340,3357,0,0,0
7340,3358,0,0,0
7340,3359,0,0,0
7340,3360,0,0,0
7340,3361,0,0,0
7340,3401,0,0,0
7340,3402,0,0,0
7340,3403,0,0,0
7340,3404,0,0,0
7340,3405,0,0,0
7340,3451,0,0,0
7340,3452,0,0,0
7340,3453,0,0,0
7340,3454,0,0,0
7340,3455,0,0,0
7340,3456,0,0,0
7340,3457,0,0,0
7340,3458,0,0,0
7340,3459,0,0,0
7340,3460,0,0,0
7340,3461,0,0,0
7340,3462,0,0,0
7340,4011,0,0,0
7340,4012,0,0,0
7340,5111,38,0,38
7340,5112,0,0,0
7340,5113,14,0,14
7340,5114,0,0,0
7340,5116,0,0,0
7340,5117,0,0,0
7340,5119,0,0,0
7340,5120,0,0,0
7340,5122,0,0,0
7340,5124,0,0,0
7340,5154,0,0,0
7340,5158,13,0,13
7340,5162,0,0,0
7340,5166,0,0,0
7340,5170,0,0,0
7340,5314,12,0,12
7340,5315,47,0,47
7340,5316,0,0,0
7340,5334,0,0,0
7340,5358,0,0,0
7340,5362,0,0,0
7340,5366,0,0,0
7340,5370,0,0,0
7340,5374,16,0,16
7340,5378,0,0,0
7340,5382,0,0,0
7340,5512,0,0,0
7340,5513,0,0,0
7340,5515,0,0,0
7340,5554,0,0,0
7340,5558,0,0,0
7340,5562,0,0,0
7340,5566,0,0,0
7340,5570,0,0,0
7340,5711,0,0,0
7340,5754,0,0,0
7340,5758,0,0,0
7340,5762,0,0,0
7340,5766,0,0,0
7340,5770,0,0,0
7340,5774,0,0,0
7340,5911,0,0,0
7340,5913,14,0,14
7340,5914,0,0,0
7340,5915,0,0,0
7340,5916,0,0,0
7340,5954,0,0,0
7340,5958,0,0,0
7340,5962,0,0,0
7340,5966,0,0,0
7340,5970,0,0,0
7340,5974,0,0,0
7340,5978,0,0,0
7340,6411,19,0,19
7340,6412,118,0,118
7340,6413,10,0,10
7340,6414,20,0,20
7340,6431,22,0,22
7340,6432,18,0,18
7340,6433,25,0,25
7340,6434,32,0,32
7340,6435,82,17,65
7340,6436,24,0,24
7340,6437,0,0,0
7340,6438,45,12,33
7340,6439,12,0,12
7340,6440,0,0,0
7340,6531,0,0,0
7340,6532,0,0,0
7340,6533,18,0,18
7340,6534,0,0,0
7340,6535,0,0,0
7340,6611,0,0,0
7340,6631,0,0,0
7340,6632,0,0,0
7340,6633,0,0,0
7340,6634,0,0,0
7340,6635,0,0,0
7340,6636,0,0,0
7340,7111,35,0,35
7340,7131,0,0,0
7340,7132,0,0,0
7340,7133,24,0,24
7340,7134,58,14,44
7340,7135,0,0,0
7340,7137,0,0,0
7340,7138,24,0,24
7340,7140,11,0,11
7340,7141,0,0,0
7340,7143,23,0,23
7340,7211,35,12,23
7340,7231,0,0,0
7340,7232,0,0,0
7340,7233,0,0,0
7340,7235,28,16,12
7340,7311,34,0,34
7340,7312,3104,348,2756
7340,7313,933,94,839
7340,7314,311,23,288
7340,7315,75,0,75
7340,7316,173,21,152
7340,7317,10146,1829,8317
7340,7318,217,0,217
7340,7319,26,0,26
7340,7320,4004,499,3505
7340,7331,24,0,24
7340,7332,126,32,94
7340,7333,128,40,88
7340,7334,904,44,860
7340,7335,1959,511,1448
7340,7336,275,110,165
7340,7337,2213,451,1762
7340,7338,76,18,58
7340,7339,24,0,24
7340,7340,0,0,0
7340,8111,76,0,76
7340,8115,29,0,29
7340,8116,24,0,24
7340,8117,0,0,0
7340,8118,23,0,23
7340,8119,14,0,14
7340,8121,0,0,0
7340,8125,64,0,64
7340,8126,15,0,15
7340,8127,0,0,0
7340,8128,0,0,0
7340,8135,0,0,0
7340,8136,0,0,0
7340,8211,12,0,12
7340,8212,291,11,280
7340,8215,107,11,96
7340,8216,88,0,88
7340,8221,28,0,28
7340,8222,214,19,195
7340,8225,0,0,0
7340,8226,95,13,82
7340,8231,12,0,12
7340,8235,0,0,0
7340,8236,11,0,11
7340,8237,0,0,0
7340,8311,0,0,0
7340,8315,0,0,0
7340,8316,0,0,0
7340,8317,19,0,19
7340,8325,0,0,0
7340,8326,0,0,0
7340,8327,0,0,0
7340,8335,0,0,0
7340,8336,0,0,0
7340,8337,0,0,0
7340,8415,0,0,0
7340,8416,0,0,0
7340,8417,0,0,0
7340,8421,0,0,0
7340,8425,10,0,10
7340,8426,0,0,0
7340,8435,0,0,0
7340,8436,0,0,0
7340,8437,0,0,0
7340,9161,0,0,0
7340,9162,72,0,72
7340,9163,0,0,0
7340,9171,0,0,0
7340,9172,0,0,0
7340,9173,0,0,0
7340,9174,0,0,0
7340,9175,0,0,0
7340,9176,0,0,0
7340,9177,0,0,0
7340,9178,0,0,0
7340,9179,0,0,0
7340,9180,0,0,0
7340,9181,0,0,0
7340,9182,0,0,0
7340,9183,0,0,0
7340,9184,20,0,20
7340,9185,0,0,0
7340,9186,0,0,0
7340,9187,10,0,10
7340,9188,0,0,0
7340,9189,0,0,0
7340,9190,0,0,0
7340,9261,0,0,0
7340,9262,0,0,0
7340,9263,0,0,0
7340,9271,0,0,0
7340,9272,0,0,0
7340,9273,0,0,0
7340,9274,0,0,0
7340,9275,0,0,0
7340,9276,0,0,0
7340,9277,0,0,0
7340,9278,0,0,0
7340,9279,0,0,0
7340,9361,0,0,0
7340,9362,0,0,0
7340,9363,0,0,0
7340,9371,0,0,0
7340,9372,0,0,0
7340,9373,0,0,0
7340,9374,0,0,0
7340,9375,0,0,0
7340,9376,0,0,0
7340,9377,0,0,0
7340,9461,0,0,0
7340,9462,0,0,0
7340,9463,0,0,0
7340,9464,0,0,0
7340,9471,0,0,0
7340,9472,0,0,0
7340,9473,0,0,0
7340,9474,0,0,0
7340,9475,0,0,0
7340,9476,0,0,0
7340,9477,0,0,0
7340,9478,0,0,0
7340,9479,0,0,0
7340,9561,0,0,0
7340,9562,0,0,0
7340,9563,0,0,0
7340,9564,14,0,14
7340,9565,0,0,0
7340,9571,0,0,0
7340,9572,14,0,14
7340,9573,0,0,0
7340,9574,0,0,0
7340,9575,0,0,0
7340,9576,0,0,0
7340,9577,0,0,0
7340,9661,0,0,0
7340,9662,0,0,0
7340,9663,0,0,0
7340,9671,0,0,0
7340,9672,0,0,0
7340,9673,0,0,0
7340,9674,0,0,0
7340,9675,0,0,0
7340,9676,0,0,0
7340,9677,0,0,0
7340,9678,0,0,0
7340,9679,0,0,0
7340,9761,0,0,0
7340,9762,0,0,0
7340,9763,0,0,0
7340,9764,0,0,0
7340,9771,0,0,0
7340,9772,0,0,0
7340,9773,0,0,0
7340,9774,0,0,0
7340,9775,0,0,0
7340,9776,0,0,0
7340,9777,0,0,0
7340,9778,0,0,0
7340,9779,0,0,0
7340,9780,0,0,0
7340,10041,667,75,592
7340,10042,38,0,38
7340,10043,366,58,308
7340,10044,93,22,71
7340,10045,2701,218,2483
7340,10046,100,37,63
7340,11000,47,0,47
7340,12051,0,0,0
7340,12052,0,0,0
7340,12053,0,0,0
7340,12054,0,0,0
7340,12060,0,0,0
7340,12061,0,0,0
7340,12062,0,0,0
7340,12063,0,0,0
7340,12064,0,0,0
7340,12065,0,0,0
7340,12066,0,0,0
7340,12067,0,0,0
7340,12068,0,0,0
7340,12069,0,0,0
7340,12070,0,0,0
7340,12071,0,0,0
7340,12072,0,0,0
7340,12073,0,0,0
7340,13003,0,0,0
7340,13004,0,0,0
7340,13071,0,0,0
7340,13072,0,0,0
7340,13073,0,0,0
7340,13074,0,0,0
7340,13075,0,0,0
7340,13076,0,0,0
7340,14511,0,0,0
7340,14521,0,0,0
7340,14522,0,0,0
7340,14523,0,0,0
7340,14524,0,0,0
7340,14612,0,0,0
7340,14625,0,0,0
7340,14626,0,0,0
7340,14627,0,0,0
7340,14628,0,0,0
7340,14713,0,0,0
7340,14729,0,0,0
7340,14730,0,0,0
7340,15001,0,0,0
7340,15002,0,0,0
7340,15003,0,0,0
7340,15081,0,0,0
7340,15082,0,0,0
7340,15083,0,0,0
7340,15084,0,0,0
7340,15085,0,0,0
7340,15086,0,0,0
7340,15087,0,0,0
7340,15088,0,0,0
7340,15089,0,0,0
7340,15090,0,0,0
7340,15091,0,0,0
7340,16051,0,0,0
7340,16052,0,0,0
7340,16053,0,0,0
7340,16054,0,0,0
7340,16055,0,0,0
7340,16056,0,0,0
7340,16061,0,0,0
7340,16062,0,0,0
7340,16063,0,0,0
7340,16064,0,0,0
7340,16065,0,0,0
7340,16066,0,0,0
7340,16067,0,0,0
7340,16068,0,0,0
7340,16069,0,0,0
7340,16070,0,0,0
7340,16071,0,0,0
7340,16072,0,0,0
7340,16073,0,0,0
7340,16074,0,0,0
7340,16075,0,0,0
7340,16076,0,0,0
7340,16077,0,0,0
8111,1001,12,12,0
8111,1002,135,56,79
8111,1003,83,41,42
8111,1004,21,21,0
8111,1051,18,18,0
8111,1053,32,32,0
8111,1054,22,12,10
8111,1055,35,35,0
8111,1056,83,73,10
8111,1057,31,31,0
8111,1058,46,46,0
8111,1059,31,20,11
8111,1060,72,57,15
8111,1061,23,23,0
8111,1062,106,65,41
8111,2000,1303,635,668
8111,3101,185,156,29
8111,3102,40,40,0
8111,3103,77,35,42
8111,3151,37,37,0
8111,3153,31,31,0
8111,3154,20,20,0
8111,3155,29,13,16
8111,3157,28,28,0
8111,3158,32,32,0
8111,3159,94,63,31
8111,3241,524,341,183
8111,3251,35,35,0
8111,3252,27,27,0
8111,3254,111,91,20
8111,3255,0,0,0
8111,3256,16,16,0
8111,3257,37,37,0
8111,3351,28,28,0
8111,3352,28,28,0
8111,3353,84,72,12
8111,3354,0,0,0
8111,3355,37,37,0
8111,3356,25,25,0
8111,3357,24,24,0
8111,3358,14,14,0
8111,3359,37,37,0
8111,3360,18,18,0
8111,3361,36,36,0
8111,3401,0,0,0
8111,3402,29,29,0
8111,3403,30,30,0
8111,3404,104,42,62
8111,3405,0,0,0
8111,3451,21,21,0
8111,3452,33,33,0
8111,3453,37,14,23
8111,3454,95,22,73
8111,3455,0,0,0
8111,3456,0,0,0
8111,3457,22,22,0
8111,3458,29,29,0
8111,3459,69,44,25
8111,3460,15,15,0
8111,3461,0,0,0
8111,3462,0,0,0
8111,4011,249,127,122
8111,4012,25,25,0
8111,5111,1011,342,669
8111,5112,211,100,111
8111,5113,311,123,188
8111,5114,65,42,23
8111,5116,78,47,31
8111,5117,72,45,27
8111,5119,91,71,20
8111,5120,37,18,19
8111,5122,77,57,20
8111,5124,119,77,42
8111,5154,70,47,23
8111,5158,304,188,116
8111,5162,190,128,62
8111,5166,109,77,32
8111,5170,142,118,24
8111,5314,248,112,136
8111,5315,1170,525,645
8111,5316,57,28,29
8111,5334,385,183,202
8111,5358,81,58,23
8111,5362,203,167,36
8111,5366,90,45,45
8111,5370,32,32,0
8111,5374,307,42,265
8111,5378,109,90,19
8111,5382,271,179,92
8111,5512,19,19,0
8111,5513,75,45,30
8111,5515,162,75,87
8111,5554,69,45,24
8111,5558,50,50,0
8111,5562,130,89,41
8111,5566,68,40,28
8111,5570,61,44,17
8111,5711,100,64,36
8111,5754,108,58,50
8111,5758,66,42,24
8111,5762,23,23,0
8111,5766,100,80,20
8111,5770,68,45,23
8111,5774,82,62,20
8111,5911,121,81,40
8111,5913,313,122,191
8111,5914,32,16,16
8111,5915,10,10,0
8111,5916,12,12,0
8111,5954,89,61,28
8111,5958,49,28,21
8111,5962,78,58,20
8111,5966,25,25,0
8111,5970,65,45,20
8111,5974,63,44,19
8111,5978,321,66,255
8111,6411,262,162,100
8111,6412,2044,655,1389
8111,6413,188,89,99
8111,6414,430,240,190
8111,6431,317,276,41
8111,6432,267,178,89
8111,6433,270,188,82
8111,6434,449,160,289
8111,6435,281,155,126
8111,6436,343,146,197
8111,6437,43,43,0
8111,6438,472,216,256
8111,6439,130,103,27
8111,6440,182,143,39
8111,6531,117,90,27
8111,6532,84,53,31
8111,6533,74,61,13
8111,6534,103,90,13
8111,6535,19,19,0
8111,6611,108,80,28
8111,6631,105,81,24
8111,6632,39,22,17
8111,6633,65,65,0
8111,6634,57,39,18
8111,6635,34,34,0
8111,6636,35,35,0
8111,7111,61,40,21
8111,7131,34,34,0
8111,7132,26,26,0
8111,7133,183,173,10
8111,7134,17,17,0
8111,7135,14,14,0
8111,7137,66,51,15
8111,7138,54,35,19
8111,7140,61,28,33
8111,7141,50,40,10
8111,7143,96,79,17
8111,7211,50,50,0
8111,7231,28,28,0
8111,7232,14,14,0
8111,7233,12,12,0
8111,7235,35,35,0
8111,7311,56,43,13
8111,7312,186,143,43
8111,7313,74,60,14
8111,7314,366,244,122
8111,7315,590,496,94
8111,7316,59,59,0
8111,7317,14,14,0
8111,7318,93,79,14
8111,7319,94,78,16
8111,7320,22,22,0
8111,7331,340,330,10
8111,7332,131,118,13
8111,7333,33,33,0
8111,7334,371,311,60
8111,7335,93,82,11
8111,7336,21,21,0
8111,7337,205,187,18
8111,7338,245,230,15
8111,7339,291,237,54
8111,7340,76,76,0
8111,8111,0,0,0
8111,8115,47058,30922,16136
8111,8116,68713,48218,20495
8111,8117,8972,7635,1337
8111,8118,72335,53032,19303
8111,8119,49261,38084,11177
8111,8121,1987,1480,507
8111,8125,5608,4186,1422
8111,8126,751,608,143
8111,8127,1348,1147,201
8111,8128,485,392,93
8111,8135,726,654,72
8111,8136,4466,3635,831
8111,8211,505,428,77
8111,8212,3148,2338,810
8111,8215,2574,2252,322
8111,8216,968,810,158
8111,8221,745,535,210
8111,8222,1538,1023,515
8111,8225,462,410,52
8111,8226,1663,1400,263
8111,8231,1825,1447,378
8111,8235,3692,3292,400
8111,8236,4788,4176,612
8111,8237,1149,1004,145
8111,8311,671,512,159
8111,8315,486,438,48
8111,8316,269,242,27
8111,8317,838,694,144
8111,8325,922,791,131
8111,8326,660,529,131
8111,8327,388,311,77
8111,8335,898,724,174
8111,8336,285,195,90
8111,8337,188,154,34
8111,8415,7202,5241,1961
8111,8416,6121,4806,1315
8111,8417,1301,1135,166
8111,8421,1221,900,321
8111,8425,1263,1166,97
8111,8426,802,707,95
8111,8435,705,549,156
8111,8436,976,852,124
8111,8437,446,392,54
8111,9161,187,121,66
8111,9162,3902,1748,2154
8111,9163,38,24,14
8111,9171,29,15,14
8111,9172,37,17,20
8111,9173,75,64,11
8111,9174,130,96,34
8111,9175,128,107,21
8111,9176,97,76,21
8111,9177,101,59,42
8111,9178,218,114,104
8111,9179,167,141,26
8111,9180,68,68,0
8111,9181,118,61,57
8111,9182,71,33,38
8111,9183,23,23,0
8111,9184,758,314,444
8111,9185,42,42,0
8111,9186,98,62,36
8111,9187,104,84,20
8111,9188,138,87,51
8111,9189,77,59,18
8111,9190,59,40,19
8111,9261,21,21,0
8111,9262,26,26,0
8111,9263,23,23,0
8111,9271,38,24,14
8111,9272,10,10,0
8111,9273,41,41,0
8111,9274,64,49,15
8111,9275,28,28,0
8111,9276,0,0,0
8111,9277,19,19,0
8111,9278,32,32,0
8111,9279,23,23,0
8111,9361,11,11,0
8111,9362,202,171,31
8111,9363,13,13,0
8111,9371,23,23,0
8111,9372,16,16,0
8111,9373,91,50,41
8111,9374,18,18,0
8111,9375,93,93,0
8111,9376,37,37,0
8111,9377,10,10,0
8111,9461,49,38,11
8111,9462,57,41,16
8111,9463,32,18,14
8111,9464,13,13,0
8111,9471,64,64,0
8111,9472,32,32,0
8111,9473,21,21,0
8111,9474,39,39,0
8111,9475,32,17,15
8111,9476,11,11,0
8111,9477,31,17,14
8111,9478,15,15,0
8111,9479,14,14,0
8111,9561,57,43,14
8111,9562,131,73,58
8111,9563,79,59,20
8111,9564,555,328,227
8111,9565,17,17,0
8111,9571,135,113,22
8111,9572,107,63,44
8111,9573,65,51,14
8111,9574,103,89,14
8111,9575,47,32,15
8111,9576,70,57,13
8111,9577,43,32,11
8111,9661,43,28,15
8111,9662,44,28,16
8111,9663,180,102,78
8111,9671,88,62,26
8111,9672,36,36,0
8111,9673,29,29,0
8111,9674,37,25,12
8111,9675,73,55,18
8111,9676,51,39,12
8111,9677,120,66,54
8111,9678,66,66,0
8111,9679,125,91,34
8111,9761,276,172,104
8111,9762,10,10,0
8111,9763,68,49,19
8111,9764,63,40,23
8111,9771,84,70,14
8111,9772,197,134,63
8111,9773,84,71,13
8111,9774,189,150,39
8111,9775,712,578,134
8111,9776,185,142,43
8111,9777,61,43,18
8111,9778,111,90,21
8111,9779,102,81,21
8111,9780,178,128,50
8111,10041,292,156,136
8111,10042,23,12,11
8111,10043,50,50,0
8111,10044,68,57,11
8111,10045,97,76,21
8111,10046,21,21,0
8111,11000,3005,1819,1186
8111,12051,15,15,0
8111,12052,32,32,0
8111,12053,0,0,0
8111,12054,100,73,27
8111,12060,64,64,0
8111,12061,51,51,0
8111,12062,22,22,0
8111,12063,36,36,0
8111,12064,36,36,0
8111,12065,61,61,0
8111,12066,31,31,0
8111,12067,50,40,10
8111,12068,14,14,0
8111,12069,106,87,19
8111,12070,0,0,0
8111,12071,23,23,0
8111,12072,49,39,10
8111,12073,10,10,0
8111,13003,38,38,0
8111,13004,16,16,0
8111,13071,32,32,0
8111,13072,24,24,0
8111,13073,25,25,0
8111,13074,23,23,0
8111,13075,35,35,0
8111,13076,28,28,0
8111,14511,98,70,28
8111,14521,94,72,22
8111,14522,75,75,0
8111,14523,49,49,0
8111,14524,83,83,0
8111,14612,331,264,67
8111,14625,74,63,11
8111,14626,52,52,0
8111,14627,66,66,0
8111,14628,80,80,0
8111,14713,348,245,103
8111,14729,86,75,11
8111,14730,56,56,0
8111,15001,15,15,0
8111,15002,90,65,25
8111,15003,101,101,0
8111,15081,0,0,0
8111,15082,30,30,0
8111,15083,32,32,0
8111,15084,51,51,0
8111,15085,33,33,0
8111,15086,23,23,0
8111,15087,32,32,0
8111,15088,68,58,10
8111,15089,32,32,0
8111,15090,25,25,0
8111,15091,28,28,0
8111,16051,146,96,50
8111,16052,28,28,0
8111,16053,65,40,25
8111,16054,16,16,0
8111,16055,34,34,0
8111,16056,17,17,0
8111,16061,30,30,0
8111,16062,15,15,0
8111,16063,20,20,0
8111,16064,17,17,0
8111,16065,23,23,0
8111,16066,47,47,0
8111,16067,34,34,0
8111,16068,24,24,0
8111,16069,14,14,0
8111,16070,61,48,13
8111,16071,23,23,0
8111,16072,13,13,0
8111,16073,32,32,0
8111,16074,17,17,0
8111,16075,30,30,0
8111,16076,25,25,0
8111,16077,30,30,0
8115,1001,0,0,0
8115,1002,33,0,33
8115,1003,13,0,13
8115,1004,0,0,0
8115,1051,0,0,0
8115,1053,12,12,0
8115,1054,0,0,0
8115,1055,10,10,0
8115,1056,38,24,14
8115,1057,0,0,0
8115,1058,15,15,0
8115,1059,10,10,0
8115,1060,35,19,16
8115,1061,0,0,0
8115,1062,32,0,32
8115,2000,363,138,225
8115,3101,64,50,14
8115,3102,10,10,0
8115,3103,49,16,33
8115,3151,20,20,0
8115,3153,11,11,0
8115,3154,0,0,0
8115,3155,0,0,0
8115,3157,0,0,0
8115,3158,10,10,0
8115,3159,72,12,60
8115,3241,255,148,107
8115,3251,10,10,0
8115,3252,10,10,0
8115,3254,44,34,10
8115,3255,0,0,0
8115,3256,26,26,0
8115,3257,51,51,0
8115,3351,14,14,0
8115,3352,10,10,0
8115,3353,40,25,15
8115,3354,0,0,0
8115,3355,13,13,0
8115,3356,0,0,0
8115,3357,0,0,0
8115,3358,0,0,0
8115,3359,0,0,0
8115,3360,0,0,0
8115,3361,11,0,11
8115,3401,0,0,0
8115,3402,10,0,10
8115,3403,10,10,0
8115,3404,68,13,55
8115,3405,0,0,0
8115,3451,0,0,0
8115,3452,0,0,0
8115,3453,0,0,0
8115,3454,48,14,34
8115,3455,0,0,0
8115,3456,0,0,0
8115,3457,24,14,10
8115,3458,0,0,0
8115,3459,48,38,10
8115,3460,0,0,0
8115,3461,0,0,0
8115,3462,0,0,0
8115,4011,112,57,55
8115,4012,0,0,0
8115,5111,285,63,222
8115,5112,124,41,83
8115,5113,97,38,59
8115,5114,33,20,13
8115,5116,37,10,27
8115,5117,33,15,18
8115,5119,49,11,38
8115,5120,0,0,0
8115,5122,40,19,21
8115,5124,84,29,55
8115,5154,24,13,11
8115,5158,114,50,64
8115,5162,91,26,65
8115,5166,32,19,13
8115,5170,74,50,24
8115,5314,68,25,43
8115,5315,296,113,183
8115,5316,23,11,12
8115,5334,142,95,47
8115,5358,156,156,0
8115,5362,69,52,17
8115,5366,25,11,14
8115,5370,11,11,0
8115,5374,179,23,156
8115,5378,64,32,32
8115,5382,141,60,81
8115,5512,11,0,11
8115,5513,15,15,0
8115,5515,40,23,17
8115,5554,22,10,12
8115,5558,0,0,0
8115,5562,41,25,16
8115,5566,52,40,12
8115,5570,14,14,0
8115,5711,58,24,34
8115,5754,52,27,25
8115,5758,53,33,20
8115,5762,13,0,13
8115,5766,37,19,18
8115,5770,13,13,0
8115,5774,34,34,0
8115,5911,50,20,30
8115,5913,128,43,85
8115,5914,21,0,21
8115,5915,0,0,0
8115,5916,0,0,0
8115,5954,38,25,13
8115,5958,15,15,0
8115,5962,49,26,23
8115,5966,12,12,0
8115,5970,57,43,14
8115,5974,47,25,22
8115,5978,94,24,70
8115,6411,102,52,50
8115,6412,582,120,462
8115,6413,55,11,44
8115,6414,135,34,101
8115,6431,144,77,67
8115,6432,117,62,55
8115,6433,112,52,60
8115,6434,181,39,142
8115,6435,149,61,88
8115,6436,146,42,104
8115,6437,14,14,0
8115,6438,200,57,143
8115,6439,49,34,15
8115,6440,56,30,26
8115,6531,55,38,17
8115,6532,46,22,24
8115,6533,34,34,0
8115,6534,29,16,13
8115,6535,12,12,0
8115,6611,34,17,17
8115,6631,42,26,16
8115,6632,10,10,0
8115,6633,14,14,0
8115,6634,0,0,0
8115,6635,10,10,0
8115,6636,0,0,0
8115,7111,43,11,32
8115,7131,0,0,0
8115,7132,0,0,0
8115,7133,40,28,12
8115,7134,12,12,0
8115,7135,0,0,0
8115,7137,20,20,0
8115,7138,0,0,0
8115,7140,54,22,32
8115,7141,13,13,0
8115,7143,28,28,0
8115,7211,0,0,0
8115,7231,0,0,0
8115,7232,11,0,11
8115,7233,0,0,0
8115,7235,0,0,0
8115,7311,0,0,0
8115,7312,49,23,26
8115,7313,22,22,0
8115,7314,51,31,20
8115,7315,124,37,87
8115,7316,21,21,0
8115,7317,0,0,0
8115,7318,14,14,0
8115,7319,12,12,0
8115,7320,0,0,0
8115,7331,20,20,0
8115,7332,31,31,0
8115,7333,0,0,0
8115,7334,154,100,54
8115,7335,31,16,15
8115,7336,11,11,0
8115,7337,58,48,10
8115,7338,38,38,0
8115,7339,92,48,44
8115,7340,29,29,0
8115,8111,47058,16136,30922
8115,8115,0,0,0
8115,8116,14652,7535,7117
8115,8117,1285,972,313
8115,8118,17422,9090,8332
8115,8119,3835,2349,1486
8115,8121,464,286,178
8115,8125,1279,802,477
8115,8126,171,96,75
8115,8127,223,130,93
8115,8128,96,78,18
8115,8135,128,75,53
8115,8136,518,319,199
8115,8211,66,43,23
8115,8212,1160,729,431
8115,8215,952,664,288
8115,8216,312,197,115
8115,8221,127,81,46
8115,8222,308,136,172
8115,8225,122,106,16
8115,8226,386,242,144
8115,8231,1990,1441,549
8115,8235,17449,13631,3818
8115,8236,6104,4676,1428
8115,8237,3742,3014,728
8115,8311,144,82,62
8115,8315,157,79,78
8115,8316,78,56,22
8115,8317,264,172,92
8115,8325,1029,833,196
8115,8326,436,296,140
8115,8327,288,170,118
8115,8335,330,247,83
8115,8336,94,39,55
8115,8337,59,39,20
8115,8415,3936,2589,1347
8115,8416,11735,8124,3611
8115,8417,1523,1235,288
8115,8421,293,169,124
8115,8425,283,222,61
8115,8426,126,79,47
8115,8435,174,115,59
8115,8436,149,88,61
8115,8437,172,144,28
8115,9161,163,85,78
8115,9162,1205,324,881
8115,9163,0,0,0
8115,9171,0,0,0
8115,9172,13,0,13
8115,9173,22,22,0
8115,9174,77,27,50
8115,9175,35,15,20
8115,9176,53,35,18
8115,9177,39,22,17
8115,9178,87,39,48
8115,9179,50,30,20
8115,9180,0,0,0
8115,9181,51,25,26
8115,9182,0,0,0
8115,9183,0,0,0
8115,9184,305,67,238
8115,9185,24,24,0
8115,9186,44,31,13
8115,9187,43,27,16
8115,9188,54,20,34
8115,9189,11,0,11
8115,9190,12,12,0
8115,9261,11,0,11
8115,9262,0,0,0
8115,9263,17,17,0
8115,9271,0,0,0
8115,9272,0,0,0
8115,9273,30,16,14
8115,9274,35,13,22
8115,9275,0,0,0
8115,9276,0,0,0
8115,9277,0,0,0
8115,9278,12,12,0
8115,9279,0,0,0
8115,9361,0,0,0
8115,9362,36,20,16
8115,9363,0,0,0
8115,9371,0,0,0
8115,9372,0,0,0
8115,9373,10,0,10
8115,9374,14,0,14
8115,9375,20,20,0
8115,9376,0,0,0
8115,9377,0,0,0
8115,9461,38,18,20
8115,9462,28,16,12
8115,9463,0,0,0
8115,9464,0,0,0
8115,9471,12,12,0
8115,9472,10,10,0
8115,9473,0,0,0
8115,9474,13,13,0
8115,9475,25,10,15
8115,9476,0,0,0
8115,9477,0,0,0
8115,9478,0,0,0
8115,9479,0,0,0
8115,9561,11,11,0
8115,9562,37,18,19
8115,9563,21,21,0
8115,9564,183,51,132
8115,9565,0,0,0
8115,9571,55,38,17
8115,9572,52,15,37
8115,9573,12,12,0
8115,9574,38,20,18
8115,9575,19,0,19
8115,9576,27,15,12
8115,9577,10,10,0
8115,9661,13,0,13
8115,9662,10,0,10
8115,9663,65,39,26
8115,9671,69,28,41
8115,9672,11,11,0
8115,9673,19,19,0
8115,9674,12,12,0
8115,9675,44,19,25
8115,9676,43,24,19
8115,9677,56,26,30
8115,9678,24,24,0
8115,9679,47,32,15
8115,9761,98,50,48
8115,9762,0,0,0
8115,9763,25,25,0
8115,9764,11,0,11
8115,9771,36,23,13
8115,9772,58,30,28
8115,9773,27,15,12
8115,9774,79,51,28
8115,9775,176,125,51
8115,9776,76,32,44
8115,9777,28,17,11
8115,9778,64,37,27
8115,9779,0,0,0
8115,9780,58,33,25
8115,10041,90,55,35
8115,10042,15,15,0
8115,10043,15,15,0
8115,10044,18,18,0
8115,10045,15,15,0
8115,10046,0,0,0
8115,11000,549,277,272
8115,12051,0,0,0
8115,12052,10,10,0
8115,12053,0,0,0
8115,12054,12,12,0
8115,12060,0,0,0
8115,12061,0,0,0
8115,12062,0,0,0
8115,12063,0,0,0
8115,12064,17,17,0
8115,12065,11,11,0
8115,12066,0,0,0
8115,12067,0,0,0
8115,12068,0,0,0
8115,12069,0,0,0
8115,12070,0,0,0
8115,12071,0,0,0
8115,12072,0,0,0
8115,12073,0,0,0
8115,13003,0,0,0
8115,13004,0,0,0
8115,13071,12,12,0
8115,13072,0,0,0
8115,13073,0,0,0
8115,13074,0,0,0
8115,13075,0,0,0
8115,13076,15,0,15
8115,14511,70,24,46
8115,14521,36,36,0
8115,14522,28,28,0
8115,14523,21,21,0
8115,14524,37,37,0
8115,14612,85,69,16
8115,14625,33,21,12
8115,14626,34,34,0
8115,14627,14,14,0
8115,14628,29,29,0
8115,14713,110,80,30
8115,14729,26,26,0
8115,14730,25,25,0
8115,15001,0,0,0
8115,15002,18,18,0
8115,15003,33,33,0
8115,15081,14,14,0
8115,15082,13,13,0
8115,15083,0,0,0
8115,15084,26,26,0
8115,15085,14,14,0
8115,15086,0,0,0
8115,15087,17,17,0
8115,15088,22,22,0
8115,15089,0,0,0
8115,15090,10,10,0
8115,15091,0,0,0
8115,16051,89,15,74
8115,16052,12,12,0
8115,16053,21,11,10
8115,16054,10,10,0
8115,16055,0,0,0
8115,16056,0,0,0
8115,16061,0,0,0
8115,16062,0,0,0
8115,16063,0,0,0
8115,16064,12,12,0
8115,16065,12,12,0
8115,16066,12,12,0
8115,16067,0,0,0
8115,16068,0,0,0
8115,16069,0,0,0
8115,16070,16,16,0
8115,16071,14,14,0
8115,16072,0,0,0
8115,16073,0,0,0
8115,16074,0,0,0
8115,16075,0,0,0
8115,16076,13,13,0
8115,16077,0,0,0
8116,1001,0,0,0
8116,1002,64,29,35
8116,1003,47,26,21
8116,1004,0,0,0
8116,1051,0,0,0
8116,1053,27,27,0
8116,1054,0,0,0
8116,1055,17,17,0
8116,1056,69,49,20
8116,1057,0,0,0
8116,1058,26,26,0
8116,1059,13,13,0
8116,1060,82,50,32
8116,1061,11,11,0
8116,1062,74,48,26
8116,2000,649,264,385
8116,3101,68,45,23
8116,3102,17,17,0
8116,3103,37,10,27
8116,3151,15,15,0
8116,3153,20,20,0
8116,3154,0,0,0
8116,3155,28,14,14
8116,3157,18,18,0
8116,3158,18,18,0
8116,3159,64,33,31
8116,3241,301,136,165
8116,3251,36,24,12
8116,3252,32,18,14
8116,3254,42,29,13
8116,3255,0,0,0
8116,3256,14,14,0
8116,3257,15,15,0
8116,3351,14,14,0
8116,3352,0,0,0
8116,3353,62,40,22
8116,3354,10,10,0
8116,3355,24,24,0
8116,3356,12,12,0
8116,3357,20,20,0
8116,3358,14,14,0
8116,3359,26,26,0
8116,3360,0,0,0
8116,3361,11,11,0
8116,3401,0,0,0
8116,3402,0,0,0
8116,3403,15,15,0
8116,3404,103,17,86
8116,3405,0,0,0
8116,3451,14,14,0
8116,3452,0,0,0
8116,3453,26,13,13
8116,3454,54,20,34
8116,3455,0,0,0
8116,3456,0,0,0
8116,3457,14,14,0
8116,3458,14,14,0
8116,3459,60,34,26
8116,3460,0,0,0
8116,3461,0,0,0
8116,3462,0,0,0
8116,4011,119,46,73
8116,4012,0,0,0
8116,5111,461,90,371
8116,5112,108,52,56
8116,5113,179,63,116
8116,5114,40,26,14
8116,5116,55,19,36
8116,5117,42,21,21
8116,5119,48,30,18
8116,5120,30,13,17
8116,5122,28,28,0
8116,5124,99,55,44
8116,5154,52,34,18
8116,5158,179,74,105
8116,5162,125,62,63
8116,5166,66,37,29
8116,5170,51,40,11
8116,5314,119,41,78
8116,5315,558,224,334
8116,5316,25,25,0
8116,5334,137,53,84
8116,5358,31,21,10
8116,5362,84,52,32
8116,5366,46,33,13
8116,5370,22,22,0
8116,5374,137,32,105
8116,5378,58,36,22
8116,5382,118,70,48
8116,5512,47,31,16
8116,5513,36,18,18
8116,5515,78,37,41
8116,5554,47,30,17
8116,5558,39,29,10
8116,5562,116,83,33
8116,5566,79,57,22
8116,5570,40,24,16
8116,5711,84,29,55
8116,5754,65,29,36
8116,5758,54,39,15
8116,5762,0,0,0
8116,5766,66,44,22
8116,5770,48,28,20
8116,5774,33,33,0
8116,5911,113,89,24
8116,5913,261,147,114
8116,5914,29,19,10
8116,5915,14,14,0
8116,5916,16,16,0
8116,5954,64,46,18
8116,5958,41,24,17
8116,5962,68,39,29
8116,5966,0,0,0
8116,5970,46,29,17
8116,5974,45,31,14
8116,5978,249,53,196
8116,6411,95,42,53
8116,6412,845,148,697
8116,6413,60,22,38
8116,6414,155,46,109
8116,6431,121,70,51
8116,6432,106,68,38
8116,6433,125,79,46
8116,6434,222,66,156
8116,6435,128,49,79
8116,6436,160,52,108
8116,6437,19,19,0
8116,6438,240,78,162
8116,6439,52,35,17
8116,6440,83,60,23
8116,6531,75,47,28
8116,6532,82,48,34
8116,6533,42,28,14
8116,6534,39,27,12
8116,6535,12,12,0
8116,6611,41,29,12
8116,6631,57,33,24
8116,6632,25,25,0
8116,6633,22,22,0
8116,6634,32,22,10
8116,6635,23,13,10
8116,6636,23,23,0
8116,7111,38,17,21
8116,7131,17,17,0
8116,7132,16,16,0
8116,7133,45,33,12
8116,7134,0,0,0
8116,7135,0,0,0
8116,7137,36,25,11
8116,7138,34,17,17
8116,7140,15,15,0
8116,7141,23,23,0
8116,7143,55,40,15
8116,7211,12,12,0
8116,7231,16,16,0
8116,7232,0,0,0
8116,7233,0,0,0
8116,7235,18,18,0
8116,7311,10,0,10
8116,7312,43,17,26
8116,7313,25,15,10
8116,7314,98,50,48
8116,7315,86,41,45
8116,7316,18,18,0
8116,7317,15,15,0
8116,7318,10,10,0
8116,7319,11,11,0
8116,7320,15,15,0
8116,7331,18,18,0
8116,7332,49,32,17
8116,7333,17,17,0
8116,7334,93,55,38
8116,7335,20,20,0
8116,7336,14,14,0
8116,7337,49,49,0
8116,7338,34,34,0
8116,7339,83,45,38
8116,7340,24,24,0
8116,8111,68713,20495,48218
8116,8115,14652,7117,7535
8116,8116,0,0,0
8116,8117,19797,13197,6600
8116,8118,8619,4860,3759
8116,8119,13338,7750,5588
8116,8121,372,193,179
8116,8125,982,618,364
8116,8126,250,115,135
8116,8127,348,220,128
8116,8128,147,86,61
8116,8135,325,209,116
8116,8136,1605,995,610
8116,8211,65,35,30
8116,8212,684,311,373
8116,8215,564,382,182
8116,8216,225,136,89
8116,8221,148,80,68
8116,8222,413,160,253
8116,8225,130,100,30
8116,8226,426,278,148
8116,8231,392,252,140
8116,8235,878,682,196
8116,8236,834,580,254
8116,8237,371,266,105
8116,8311,192,89,103
8116,8315,166,117,49
8116,8316,78,51,27
8116,8317,251,159,92
8116,8325,281,198,83
8116,8326,298,203,95
8116,8327,169,105,64
8116,8335,307,218,89
8116,8336,129,49,80
8116,8337,83,56,27
8116,8415,16088,8904,7184
8116,8416,4543,2610,1933
8116,8417,744,552,192
8116,8421,591,239,352
8116,8425,1137,820,317
8116,8426,281,164,117
8116,8435,249,135,114
8116,8436,249,149,100
8116,8437,175,111,64
8116,9161,89,55,34
8116,9162,1674,607,1067
8116,9163,45,45,0
8116,9171,15,15,0
8116,9172,13,0,13
8116,9173,24,24,0
8116,9174,112,81,31
8116,9175,49,36,13
8116,9176,22,22,0
8116,9177,64,37,27
8116,9178,168,60,108
8116,9179,138,103,35
8116,9180,0,0,0
8116,9181,66,36,30
8116,9182,58,31,27
8116,9183,0,0,0
8116,9184,481,130,351
8116,9185,23,23,0
8116,9186,54,40,14
8116,9187,151,122,29
8116,9188,100,61,39
8116,9189,31,15,16
8116,9190,38,24,14
8116,9261,21,21,0
8116,9262,10,0,10
8116,9263,0,0,0
8116,9271,15,15,0
8116,9272,10,10,0
8116,9273,40,25,15
8116,9274,63,32,31
8116,9275,40,30,10
8116,9276,0,0,0
8116,9277,11,11,0
8116,9278,0,0,0
8116,9279,11,11,0
8116,9361,0,0,0
8116,9362,57,39,18
8116,9363,10,10,0
8116,9371,11,11,0
8116,9372,10,10,0
8116,9373,42,27,15
8116,9374,0,0,0
8116,9375,29,29,0
8116,9376,41,19,22
8116,9377,0,0,0
8116,9461,15,15,0
8116,9462,17,17,0
8116,9463,0,0,0
8116,9464,0,0,0
8116,9471,22,22,0
8116,9472,16,16,0
8116,9473,0,0,0
8116,9474,33,33,0
8116,9475,35,13,22
8116,9476,0,0,0
8116,9477,11,11,0
8116,9478,0,0,0
8116,9479,0,0,0
8116,9561,0,0,0
8116,9562,54,30,24
8116,9563,60,60,0
8116,9564,341,207,134
8116,9565,11,11,0
8116,9571,80,56,24
8116,9572,67,50,17
8116,9573,72,57,15
8116,9574,68,50,18
8116,9575,26,26,0
8116,9576,50,50,0
8116,9577,24,24,0
8116,9661,26,14,12
8116,9662,15,15,0
8116,9663,87,38,49
8116,9671,59,31,28
8116,9672,16,16,0
8116,9673,15,15,0
8116,9674,12,12,0
8116,9675,34,24,10
8116,9676,42,29,13
8116,9677,78,37,41
8116,9678,29,18,11
8116,9679,74,60,14
8116,9761,200,131,69
8116,9762,16,16,0
8116,9763,29,16,13
8116,9764,18,18,0
8116,9771,33,33,0
8116,9772,152,87,65
8116,9773,69,42,27
8116,9774,117,62,55
8116,9775,396,245,151
8116,9776,58,33,25
8116,9777,83,66,17
8116,9778,71,46,25
8116,9779,38,19,19
8116,9780,85,52,33
8116,10041,113,57,56
8116,10042,25,10,15
8116,10043,25,25,0
8116,10044,29,29,0
8116,10045,65,51,14
8116,10046,12,12,0
8116,11000,985,563,422
8116,12051,0,0,0
8116,12052,35,35,0
8116,12053,0,0,0
8116,12054,16,16,0
8116,12060,20,20,0
8116,12061,23,23,0
8116,12062,18,18,0
8116,12063,18,18,0
8116,12064,14,14,0
8116,12065,28,28,0
8116,12066,17,17,0
8116,12067,18,18,0
8116,12068,0,0,0
8116,12069,58,44,14
8116,12070,0,0,0
8116,12071,24,24,0
8116,12072,27,15,12
8116,12073,0,0,0
8116,13003,10,10,0
8116,13004,0,0,0
8116,13071,15,15,0
8116,13072,15,15,0
8116,13073,25,25,0
8116,13074,10,10,0
8116,13075,22,22,0
8116,13076,0,0,0
8116,14511,56,38,18
8116,14521,56,46,10
8116,14522,35,35,0
8116,14523,37,37,0
8116,14524,50,38,12
8116,14612,135,103,32
8116,14625,32,32,0
8116,14626,39,39,0
8116,14627,41,41,0
8116,14628,50,50,0
8116,14713,237,130,107
8116,14729,62,52,10
8116,14730,62,41,21
8116,15001,0,0,0
8116,15002,51,31,20
8116,15003,44,31,13
8116,15081,0,0,0
8116,15082,22,22,0
8116,15083,16,16,0
8116,15084,33,33,0
8116,15085,27,27,0
8116,15086,0,0,0
8116,15087,23,23,0
8116,15088,22,22,0
8116,15089,14,14,0
8116,15090,0,0,0
8116,15091,37,12,25
8116,16051,56,28,28
8116,16052,30,30,0
8116,16053,13,0,13
8116,16054,0,0,0
8116,16055,0,0,0
8116,16056,0,0,0
8116,16061,0,0,0
8116,16062,11,11,0
8116,16063,13,13,0
8116,16064,15,15,0
8116,16065,0,0,0
8116,16066,26,26,0
8116,16067,46,29,17
8116,16068,0,0,0
8116,16069,0,0,0
8116,16070,24,24,0
8116,16071,12,12,0
8116,16072,10,10,0
8116,16073,24,24,0
8116,16074,13,13,0
8116,16075,14,14,0
8116,16076,17,17,0
8116,16077,17,17,0
8117,1001,0,0,0
8117,1002,0,0,0
8117,1003,0,0,0
8117,1004,0,0,0
8117,1051,0,0,0
8117,1053,0,0,0
8117,1054,11,0,11
8117,1055,0,0,0
8117,1056,0,0,0
8117,1057,0,0,0
8117,1058,0,0,0
8117,1059,0,0,0
8117,1060,10,0,10
8117,1061,0,0,0
8117,1062,12,12,0
8117,2000,175,58,117
8117,3101,22,10,12
8117,3102,0,0,0
8117,3103,0,0,0
8117,3151,0,0,0
8117,3153,0,0,0
8117,3154,0,0,0
8117,3155,0,0,0
8117,3157,0,0,0
8117,3158,0,0,0
8117,3159,10,10,0
8117,3241,117,74,43
8117,3251,0,0,0
8117,3252,0,0,0
8117,3254,10,10,0
8117,3255,0,0,0
8117,3256,0,0,0
8117,3257,0,0,0
8117,3351,0,0,0
8117,3352,0,0,0
8117,3353,15,15,0
8117,3354,0,0,0
8117,3355,0,0,0
8117,3356,0,0,0
8117,3357,12,12,0
8117,3358,0,0,0
8117,3359,0,0,0
8117,3360,0,0,0
8117,3361,0,0,0
8117,3401,0,0,0
8117,3402,0,0,0
8117,3403,0,0,0
8117,3404,19,0,19
8117,3405,0,0,0
8117,3451,0,0,0
8117,3452,0,0,0
8117,3453,0,0,0
8117,3454,21,10,11
8117,3455,0,0,0
8117,3456,0,0,0
8117,3457,0,0,0
8117,3458,0,0,0
8117,3459,10,10,0
8117,3460,0,0,0
8117,3461,0,0,0
8117,3462,0,0,0
8117,4011,24,10,14
8117,4012,0,0,0
8117,5111,113,19,94
8117,5112,31,0,31
8117,5113,42,13,29
8117,5114,0,0,0
8117,5116,0,0,0
8117,5117,0,0,0
8117,5119,0,0,0
8117,5120,0,0,0
8117,5122,0,0,0
8117,5124,23,10,13
8117,5154,0,0,0
8117,5158,54,21,33
8117,5162,29,10,19
8117,5166,10,0,10
8117,5170,18,18,0
8117,5314,27,11,16
8117,5315,159,26,133
8117,5316,0,0,0
8117,5334,39,14,25
8117,5358,0,0,0
8117,5362,26,16,10
8117,5366,0,0,0
8117,5370,0,0,0
8117,5374,31,0,31
8117,5378,12,12,0
8117,5382,28,28,0
8117,5512,0,0,0
8117,5513,23,10,13
8117,5515,17,0,17
8117,5554,0,0,0
8117,5558,34,0,34
8117,5562,31,21,10
8117,5566,33,17,16
8117,5570,0,0,0
8117,5711,28,13,15
8117,5754,32,12,20
8117,5758,12,12,0
8117,5762,0,0,0
8117,5766,11,11,0
8117,5770,14,0,14
8117,5774,0,0,0
8117,5911,0,0,0
8117,5913,36,12,24
8117,5914,0,0,0
8117,5915,0,0,0
8117,5916,0,0,0
8117,5954,13,13,0
8117,5958,0,0,0
8117,5962,27,14,13
8117,5966,0,0,0
8117,5970,27,17,10
8117,5974,0,0,0
8117,5978,50,14,36
8117,6411,20,0,20
8117,6412,210,43,167
8117,6413,19,0,19
8117,6414,17,0,17
8117,6431,36,18,18
8117,6432,44,14,30
8117,6433,25,14,11
8117,6434,27,0,27
8117,6435,51,23,28
8117,6436,46,11,35
8117,6437,0,0,0
8117,6438,87,26,61
8117,6439,24,24,0
8117,6440,25,14,11
8117,6531,11,11,0
8117,6532,13,13,0
8117,6533,17,17,0
8117,6534,0,0,0
8117,6535,0,0,0
8117,6611,24,0,24
8117,6631,15,0,15
8117,6632,0,0,0
8117,6633,0,0,0
8117,6634,0,0,0
8117,6635,0,0,0
8117,6636,0,0,0
8117,7111,0,0,0
8117,7131,0,0,0
8117,7132,0,0,0
8117,7133,12,12,0
8117,7134,0,0,0
8117,7135,0,0,0
8117,7137,0,0,0
8117,7138,10,10,0
8117,7140,0,0,0
8117,7141,0,0,0
8117,7143,0,0,0
8117,7211,0,0,0
8117,7231,0,0,0
8117,7232,0,0,0
8117,7233,0,0,0
8117,7235,0,0,0
8117,7311,0,0,0
8117,7312,0,0,0
8117,7313,0,0,0
8117,7314,12,0,12
8117,7315,0,0,0
8117,7316,0,0,0
8117,7317,0,0,0
8117,7318,0,0,0
8117,7319,0,0,0
8117,7320,0,0,0
8117,7331,16,0,16
8117,7332,0,0,0
8117,7333,0,0,0
8117,7334,24,14,10
8117,7335,0,0,0
8117,7336,74,74,0
8117,7337,0,0,0
8117,7338,12,12,0
8117,7339,0,0,0
8117,7340,0,0,0
8117,8111,8972,1337,7635
8117,8115,1285,313,972
8117,8116,19797,6600,13197
8117,8117,0,0,0
8117,8118,1205,510,695
8117,8119,4005,1791,2214
8117,8121,105,56,49
8117,8125,227,116,111
8117,8126,74,31,43
8117,8127,165,89,76
8117,8128,17,17,0
8117,8135,2116,891,1225
8117,8136,4320,2064,2256
8117,8211,0,0,0
8117,8212,150,48,102
8117,8215,139,71,68
8117,8216,43,11,32
8117,8221,17,17,0
8117,8222,101,20,81
8117,8225,21,21,0
8117,8226,112,57,55
8117,8231,66,30,36
8117,8235,155,78,77
8117,8236,136,64,72
8117,8237,56,33,23
8117,8311,62,27,35
8117,8315,57,29,28
8117,8316,31,11,20
8117,8317,81,37,44
8117,8325,54,31,23
8117,8326,57,37,20
8117,8327,56,30,26
8117,8335,146,72,74
8117,8336,45,17,28
8117,8337,24,10,14
8117,8415,1078,520,558
8117,8416,346,152,194
8117,8417,173,95,78
8117,8421,1557,318,1239
8117,8425,4023,1891,2132
8117,8426,216,73,143
8117,8435,85,36,49
8117,8436,158,80,78
8117,8437,101,73,28
8117,9161,61,0,61
8117,9162,556,146,410
8117,9163,0,0,0
8117,9171,0,0,0
8117,9172,0,0,0
8117,9173,14,14,0
8117,9174,34,11,23
8117,9175,26,16,10
8117,9176,0,0,0
8117,9177,27,11,16
8117,9178,58,17,41
8117,9179,34,14,20
8117,9180,0,0,0
8117,9181,13,0,13
8117,9182,13,0,13
8117,9183,12,0,12
8117,9184,143,34,109
8117,9185,10,10,0
8117,9186,0,0,0
8117,9187,27,11,16
8117,9188,31,16,15
8117,9189,19,0,19
8117,9190,12,12,0
8117,9261,0,0,0
8117,9262,0,0,0
8117,9263,0,0,0
8117,9271,0,0,0
8117,9272,0,0,0
8117,9273,0,0,0
8117,9274,0,0,0
8117,9275,0,0,0
8117,9276,0,0,0
8117,9277,0,0,0
8117,9278,0,0,0
8117,9279,0,0,0
8117,9361,0,0,0
8117,9362,10,0,10
8117,9363,0,0,0
8117,9371,0,0,0
8117,9372,0,0,0
8117,9373,10,0,10
8117,9374,0,0,0
8117,9375,15,15,0
8117,9376,0,0,0
8117,9377,0,0,0
8117,9461,0,0,0
8117,9462,0,0,0
8117,9463,0,0,0
8117,9464,0,0,0
8117,9471,0,0,0
8117,9472,0,0,0
8117,9473,0,0,0
8117,9474,0,0,0
8117,9475,21,0,21
8117,9476,0,0,0
8117,9477,0,0,0
8117,9478,0,0,0
8117,9479,0,0,0
8117,9561,0,0,0
8117,9562,13,0,13
8117,9563,0,0,0
8117,9564,75,26,49
8117,9565,0,0,0
8117,9571,21,21,0
8117,9572,0,0,0
8117,9573,34,0,34
8117,9574,25,14,11
8117,9575,11,0,11
8117,9576,0,0,0
8117,9577,0,0,0
8117,9661,0,0,0
8117,9662,0,0,0
8117,9663,26,15,11
8117,9671,12,12,0
8117,9672,0,0,0
8117,9673,11,11,0
8117,9674,0,0,0
8117,9675,0,0,0
8117,9676,0,0,0
8117,9677,12,0,12
8117,9678,0,0,0
8117,9679,13,13,0
8117,9761,112,42,70
8117,9762,0,0,0
8117,9763,30,11,19
8117,9764,0,0,0
8117,9771,13,13,0
8117,9772,76,40,36
8117,9773,44,26,18
8117,9774,137,53,84
8117,9775,561,243,318
8117,9776,16,0,16
8117,9777,16,0,16
8117,9778,41,18,23
8117,9779,56,22,34
8117,9780,59,24,35
8117,10041,31,16,15
8117,10042,10,10,0
8117,10043,0,0,0
8117,10044,0,0,0
8117,10045,15,15,0
8117,10046,0,0,0
8117,11000,224,97,127
8117,12051,0,0,0
8117,12052,0,0,0
8117,12053,0,0,0
8117,12054,0,0,0
8117,12060,0,0,0
8117,12061,0,0,0
8117,12062,0,0,0
8117,12063,0,0,0
8117,12064,0,0,0
8117,12065,14,14,0
8117,12066,0,0,0
8117,12067,0,0,0
8117,12068,0,0,0
8117,12069,0,0,0
8117,12070,0,0,0
8117,12071,0,0,0
8117,12072,0,0,0
8117,12073,0,0,0
8117,13003,0,0,0
8117,13004,0,0,0
8117,13071,0,0,0
8117,13072,0,0,0
8117,13073,0,0,0
8117,13074,0,0,0
8117,13075,0,0,0
8117,13076,0,0,0
8117,14511,13,13,0
8117,14521,25,25,0
8117,14522,13,13,0
8117,14523,19,19,0
8117,14524,16,16,0
8117,14612,30,18,12
8117,14625,12,12,0
8117,14626,23,23,0
8117,14627,15,15,0
8117,14628,17,17,0
8117,14713,37,37,0
8117,14729,23,23,0
8117,14730,21,21,0
8117,15001,0,0,0
8117,15002,29,29,0
8117,15003,0,0,0
8117,15081,0,0,0
8117,15082,14,14,0
8117,15083,0,0,0
8117,15084,15,15,0
8117,15085,0,0,0
8117,15086,0,0,0
8117,15087,13,13,0
8117,15088,13,13,0
8117,15089,13,13,0
8117,15090,0,0,0
8117,15091,15,15,0
8117,16051,0,0,0
8117,16052,13,13,0
8117,16053,0,0,0
8117,16054,0,0,0
8117,16055,0,0,0
8117,16056,0,0,0
8117,16061,0,0,0
8117,16062,0,0,0
8117,16063,0,0,0
8117,16064,0,0,0
8117,16065,10,10,0
8117,16066,0,0,0
8117,16067,14,14,0
8117,16068,0,0,0
8117,16069,0,0,0
8117,16070,0,0,0
8117,16071,0,0,0
8117,16072,0,0,0
8117,16073,0,0,0
8117,16074,0,0,0
8117,16075,11,11,0
8117,16076,11,11,0
8117,16077,0,0,0
8118,1001,0,0,0
8118,1002,86,14,72
8118,1003,47,20,27
8118,1004,11,11,0
8118,1051,0,0,0
8118,1053,15,15,0
8118,1054,10,0,10
8118,1055,0,0,0
8118,1056,41,28,13
8118,1057,0,0,0
8118,1058,27,16,11
8118,1059,0,0,0
8118,1060,34,21,13
8118,1061,0,0,0
8118,1062,50,31,19
8118,2000,573,247,326
8118,3101,115,97,18
8118,3102,0,0,0
8118,3103,68,34,34
8118,3151,28,28,0
8118,3153,16,16,0
8118,3154,15,15,0
8118,3155,12,12,0
8118,3157,24,24,0
8118,3158,11,11,0
8118,3159,60,45,15
8118,3241,292,165,127
8118,3251,26,26,0
8118,3252,17,17,0
8118,3254,76,58,18
8118,3255,0,0,0
8118,3256,11,11,0
8118,3257,10,10,0
8118,3351,13,13,0
8118,3352,18,18,0
8118,3353,40,30,10
8118,3354,0,0,0
8118,3355,19,19,0
8118,3356,21,21,0
8118,3357,0,0,0
8118,3358,17,17,0
8118,3359,14,14,0
8118,3360,0,0,0
8118,3361,36,36,0
8118,3401,29,11,18
8118,3402,0,0,0
8118,3403,20,20,0
8118,3404,61,17,44
8118,3405,0,0,0
8118,3451,16,16,0
8118,3452,13,13,0
8118,3453,17,17,0
8118,3454,67,33,34
8118,3455,0,0,0
8118,3456,23,0,23
8118,3457,0,0,0
8118,3458,12,12,0
8118,3459,50,32,18
8118,3460,0,0,0
8118,3461,0,0,0
8118,3462,0,0,0
8118,4011,172,106,66
8118,4012,0,0,0
8118,5111,353,99,254
8118,5112,124,46,78
8118,5113,153,72,81
8118,5114,64,30,34
8118,5116,62,28,34
8118,5117,39,23,16
8118,5119,49,31,18
8118,5120,11,11,0
8118,5122,20,0,20
8118,5124,68,29,39
8118,5154,44,29,15
8118,5158,150,67,83
8118,5162,114,60,54
8118,5166,58,33,25
8118,5170,74,52,22
8118,5314,114,47,67
8118,5315,419,118,301
8118,5316,22,12,10
8118,5334,162,77,85
8118,5358,46,20,26
8118,5362,121,70,51
8118,5366,20,20,0
8118,5370,20,20,0
8118,5374,208,30,178
8118,5378,47,35,12
8118,5382,143,76,67
8118,5512,0,0,0
8118,5513,20,20,0
8118,5515,55,31,24
8118,5554,44,27,17
8118,5558,28,16,12
8118,5562,94,65,29
8118,5566,75,46,29
8118,5570,26,26,0
8118,5711,51,16,35
8118,5754,97,31,66
8118,5758,49,21,28
8118,5762,16,16,0
8118,5766,45,22,23
8118,5770,34,24,10
8118,5774,44,31,13
8118,5911,50,33,17
8118,5913,143,65,78
8118,5914,102,77,25
8118,5915,14,14,0
8118,5916,15,15,0
8118,5954,62,42,20
8118,5958,48,30,18
8118,5962,58,27,31
8118,5966,0,0,0
8118,5970,42,26,16
8118,5974,45,25,20
8118,5978,100,39,61
8118,6411,97,46,51
8118,6412,805,194,611
8118,6413,55,25,30
8118,6414,159,63,96
8118,6431,161,101,60
8118,6432,110,66,44
8118,6433,139,62,77
8118,6434,199,49,150
8118,6435,169,102,67
8118,6436,186,56,130
8118,6437,32,32,0
8118,6438,284,122,162
8118,6439,70,37,33
8118,6440,83,50,33
8118,6531,81,42,39
8118,6532,44,17,27
8118,6533,42,30,12
8118,6534,28,28,0
8118,6535,14,14,0
8118,6611,34,21,13
8118,6631,66,43,23
8118,6632,27,17,10
8118,6633,21,21,0
8118,6634,18,18,0
8118,6635,13,13,0
8118,6636,15,15,0
8118,7111,35,21,14
8118,7131,13,13,0
8118,7132,17,17,0
8118,7133,25,25,0
8118,7134,0,0,0
8118,7135,0,0,0
8118,7137,49,36,13
8118,7138,58,36,22
8118,7140,37,37,0
8118,7141,33,21,12
8118,7143,51,37,14
8118,7211,0,0,0
8118,7231,24,12,12
8118,7232,0,0,0
8118,7233,10,10,0
8118,7235,17,17,0
8118,7311,25,14,11
8118,7312,47,35,12
8118,7313,43,21,22
8118,7314,119,63,56
8118,7315,96,46,50
8118,7316,26,26,0
8118,7317,0,0,0
8118,7318,36,23,13
8118,7319,25,25,0
8118,7320,0,0,0
8118,7331,34,34,0
8118,7332,60,50,10
8118,7333,19,19,0
8118,7334,152,87,65
8118,7335,16,16,0
8118,7336,13,13,0
8118,7337,53,42,11
8118,7338,86,72,14
8118,7339,69,47,22
8118,7340,23,23,0
8118,8111,72335,19303,53032
8118,8115,17422,8332,9090
8118,8116,8619,3759,4860
8118,8117,1205,695,510
8118,8118,0,0,0
8118,8119,17709,9585,8124
8118,8121,4302,1695,2607
8118,8125,16596,7854,8742
8118,8126,852,441,411
8118,8127,634,349,285
8118,8128,230,156,74
8118,8135,177,91,86
8118,8136,955,529,426
8118,8211,102,56,46
8118,8212,1223,565,658
8118,8215,1302,823,479
8118,8216,334,224,110
8118,8221,226,99,127
8118,8222,603,239,364
8118,8225,411,255,156
8118,8226,826,520,306
8118,8231,1449,858,591
8118,8235,1148,913,235
8118,8236,7249,4707,2542
8118,8237,255,176,79
8118,8311,163,92,71
8118,8315,125,76,49
8118,8316,74,52,22
8118,8317,272,165,107
8118,8325,275,216,59
8118,8326,192,106,86
8118,8327,139,78,61
8118,8335,217,133,84
8118,8336,75,32,43
8118,8337,63,38,25
8118,8415,1204,709,495
8118,8416,804,511,293
8118,8417,301,192,109
8118,8421,254,107,147
8118,8425,222,174,48
8118,8426,124,76,48
8118,8435,194,99,95
8118,8436,202,140,62
8118,8437,103,72,31
8118,9161,98,38,60
8118,9162,1428,582,846
8118,9163,24,14,10
8118,9171,10,0,10
8118,9172,31,0,31
8118,9173,31,21,10
8118,9174,55,34,21
8118,9175,55,33,22
8118,9176,34,18,16
8118,9177,44,13,31
8118,9178,94,33,61
8118,9179,66,50,16
8118,9180,0,0,0
8118,9181,40,20,20
8118,9182,20,20,0
8118,9183,16,16,0
8118,9184,349,92,257
8118,9185,18,18,0
8118,9186,43,21,22
8118,9187,46,31,15
8118,9188,57,25,32
8118,9189,32,14,18
8118,9190,38,19,19
8118,9261,22,11,11
8118,9262,0,0,0
8118,9263,0,0,0
8118,9271,13,13,0
8118,9272,0,0,0
8118,9273,14,14,0
8118,9274,43,17,26
8118,9275,11,11,0
8118,9276,0,0,0
8118,9277,0,0,0
8118,9278,10,10,0
8118,9279,18,18,0
8118,9361,0,0,0
8118,9362,66,39,27
8118,9363,0,0,0
8118,9371,16,16,0
8118,9372,0,0,0
8118,9373,34,14,20
8118,9374,10,0,10
8118,9375,40,29,11
8118,9376,22,22,0
8118,9377,0,0,0
8118,9461,52,36,16
8118,9462,13,13,0
8118,9463,0,0,0
8118,9464,0,0,0
8118,9471,42,42,0
8118,9472,23,23,0
8118,9473,15,15,0
8118,9474,21,21,0
8118,9475,30,0,30
8118,9476,29,29,0
8118,9477,28,13,15
8118,9478,12,12,0
8118,9479,0,0,0
8118,9561,22,11,11
8118,9562,54,20,34
8118,9563,33,21,12
8118,9564,322,167,155
8118,9565,12,0,12
8118,9571,85,59,26
8118,9572,50,18,32
8118,9573,31,31,0
8118,9574,59,42,17
8118,9575,19,19,0
8118,9576,49,37,12
8118,9577,17,17,0
8118,9661,28,14,14
8118,9662,10,10,0
8118,9663,113,66,47
8118,9671,59,34,25
8118,9672,18,18,0
8118,9673,22,12,10
8118,9674,28,17,11
8118,9675,37,25,12
8118,9676,45,25,20
8118,9677,105,47,58
8118,9678,38,38,0
8118,9679,70,56,14
8118,9761,140,83,57
8118,9762,0,0,0
8118,9763,43,24,19
8118,9764,21,0,21
8118,9771,41,26,15
8118,9772,87,48,39
8118,9773,46,23,23
8118,9774,49,25,24
8118,9775,164,93,71
8118,9776,48,22,26
8118,9777,28,28,0
8118,9778,38,17,21
8118,9779,47,27,20
8118,9780,80,48,32
8118,10041,115,62,53
8118,10042,19,19,0
8118,10043,36,36,0
8118,10044,36,36,0
8118,10045,81,24,57
8118,10046,13,13,0
8118,11000,949,545,404
8118,12051,0,0,0
8118,12052,10,10,0
8118,12053,0,0,0
8118,12054,39,20,19
8118,12060,31,31,0
8118,12061,22,22,0
8118,12062,10,10,0
8118,12063,15,15,0
8118,12064,22,22,0
8118,12065,15,15,0
8118,12066,0,0,0
8118,12067,10,10,0
8118,12068,0,0,0
8118,12069,23,23,0
8118,12070,0,0,0
8118,12071,0,0,0
8118,12072,0,0,0
8118,12073,11,11,0
8118,13003,0,0,0
8118,13004,0,0,0
8118,13071,0,0,0
8118,13072,14,14,0
8118,13073,10,10,0
8118,13074,0,0,0
8118,13075,11,11,0
8118,13076,0,0,0
8118,14511,55,30,25
8118,14521,32,32,0
8118,14522,46,31,15
8118,14523,42,31,11
8118,14524,63,47,16
8118,14612,380,250,130
8118,14625,61,61,0
8118,14626,22,22,0
8118,14627,60,48,12
8118,14628,56,46,10
8118,14713,136,94,42
8118,14729,18,18,0
8118,14730,48,16,32
8118,15001,16,16,0
8118,15002,24,24,0
8118,15003,33,33,0
8118,15081,0,0,0
8118,15082,11,11,0
8118,15083,11,11,0
8118,15084,23,23,0
8118,15085,11,11,0
8118,15086,0,0,0
8118,15087,28,28,0
8118,15088,32,22,10
8118,15089,21,21,0
8118,15090,0,0,0
8118,15091,18,18,0
8118,16051,61,34,27
8118,16052,0,0,0
8118,16053,14,14,0
8118,16054,12,12,0
8118,16055,11,0,11
8118,16056,0,0,0
8118,16061,11,11,0
8118,16062,0,0,0
8118,16063,0,0,0
8118,16064,19,19,0
8118,16065,13,13,0
8118,16066,18,18,0
8118,16067,33,22,11
8118,16068,0,0,0
8118,16069,12,12,0
8118,16070,31,31,0
8118,16071,14,14,0
8118,16072,0,0,0
8118,16073,13,13,0
8118,16074,13,13,0
8118,16075,11,11,0
8118,16076,20,20,0
8118,16077,0,0,0
8119,1001,0,0,0
8119,1002,21,0,21
8119,1003,21,0,21
8119,1004,0,0,0
8119,1051,0,0,0
8119,1053,0,0,0
8119,1054,0,0,0
8119,1055,0,0,0
8119,1056,30,18,12
8119,1057,0,0,0
8119,1058,0,0,0
8119,1059,0,0,0
8119,1060,34,21,13
8119,1061,0,0,0
8119,1062,0,0,0
8119,2000,298,89,209
8119,3101,14,14,0
8119,3102,0,0,0
8119,3103,32,22,10
8119,3151,33,33,0
8119,3153,0,0,0
8119,3154,12,12,0
8119,3155,12,12,0
8119,3157,10,10,0
8119,3158,0,0,0
8119,3159,33,18,15
8119,3241,167,71,96
8119,3251,10,0,10
8119,3252,14,14,0
8119,3254,16,16,0
8119,3255,0,0,0
8119,3256,0,0,0
8119,3257,0,0,0
8119,3351,11,11,0
8119,3352,14,14,0
8119,3353,10,10,0
8119,3354,0,0,0
8119,3355,0,0,0
8119,3356,0,0,0
8119,3357,0,0,0
8119,3358,11,11,0
8119,3359,0,0,0
8119,3360,0,0,0
8119,3361,0,0,0
8119,3401,0,0,0
8119,3402,0,0,0
8119,3403,10,0,10
8119,3404,35,0,35
8119,3405,0,0,0
8119,3451,0,0,0
8119,3452,0,0,0
8119,3453,0,0,0
8119,3454,33,15,18
8119,3455,0,0,0
8119,3456,0,0,0
8119,3457,0,0,0
8119,3458,0,0,0
8119,3459,44,34,10
8119,3460,0,0,0
8119,3461,0,0,0
8119,3462,0,0,0
8119,4011,77,30,47
8119,4012,0,0,0
8119,5111,231,26,205
8119,5112,73,21,52
8119,5113,88,26,62
8119,5114,21,11,10
8119,5116,64,26,38
8119,5117,15,0,15
8119,5119,0,0,0
8119,5120,0,0,0
8119,5122,26,12,14
8119,5124,53,30,23
8119,5154,33,17,16
8119,5158,123,23,100
8119,5162,70,34,36
8119,5166,28,12,16
8119,5170,38,24,14
8119,5314,54,15,39
8119,5315,289,71,218
8119,5316,0,0,0
8119,5334,156,72,84
8119,5358,78,48,30
8119,5362,55,41,14
8119,5366,10,10,0
8119,5370,10,10,0
8119,5374,98,28,70
8119,5378,33,22,11
8119,5382,91,52,39
8119,5512,19,0,19
8119,5513,21,11,10
8119,5515,32,10,22
8119,5554,34,17,17
8119,5558,11,11,0
8119,5562,75,50,25
8119,5566,32,15,17
8119,5570,15,15,0
8119,5711,36,13,23
8119,5754,60,17,43
8119,5758,22,12,10
8119,5762,0,0,0
8119,5766,26,14,12
8119,5770,15,0,15
8119,5774,25,25,0
8119,5911,35,13,22
8119,5913,95,26,69
8119,5914,13,0,13
8119,5915,0,0,0
8119,5916,12,12,0
8119,5954,54,16,38
8119,5958,33,13,20
8119,5962,76,17,59
8119,5966,48,48,0
8119,5970,54,29,25
8119,5974,16,16,0
8119,5978,93,19,74
8119,6411,46,18,28
8119,6412,474,65,409
8119,6413,35,10,25
8119,6414,79,22,57
8119,6431,56,33,23
8119,6432,86,39,47
8119,6433,76,42,34
8119,6434,96,26,70
8119,6435,62,35,27
8119,6436,109,27,82
8119,6437,13,13,0
8119,6438,133,27,106
8119,6439,30,13,17
8119,6440,33,17,16
8119,6531,33,14,19
8119,6532,32,13,19
8119,6533,25,13,12
8119,6534,16,0,16
8119,6535,0,0,0
8119,6611,29,16,13
8119,6631,31,12,19
8119,6632,0,0,0
8119,6633,0,0,0
8119,6634,10,10,0
8119,6635,0,0,0
8119,6636,0,0,0
8119,7111,0,0,0
8119,7131,0,0,0
8119,7132,0,0,0
8119,7133,19,19,0
8119,7134,0,0,0
8119,7135,0,0,0
8119,7137,11,11,0
8119,7138,10,0,10
8119,7140,0,0,0
8119,7141,12,12,0
8119,7143,0,0,0
8119,7211,12,12,0
8119,7231,0,0,0
8119,7232,0,0,0
8119,7233,0,0,0
8119,7235,0,0,0
8119,7311,0,0,0
8119,7312,23,23,0
8119,7313,12,0,12
8119,7314,80,55,25
8119,7315,67,28,39
8119,7316,27,27,0
8119,7317,0,0,0
8119,7318,24,24,0
8119,7319,11,11,0
8119,7320,0,0,0
8119,7331,36,36,0
8119,7332,31,31,0
8119,7333,13,13,0
8119,7334,58,28,30
8119,7335,0,0,0
8119,7336,0,0,0
8119,7337,28,28,0
8119,7338,38,38,0
8119,7339,49,30,19
8119,7340,14,14,0
8119,8111,49261,11177,38084
8119,8115,3835,1486,2349
8119,8116,13338,5588,7750
8119,8117,4005,2214,1791
8119,8118,17709,8124,9585
8119,8119,0,0,0
8119,8121,740,282,458
8119,8125,2597,1231,1366
8119,8126,474,233,241
8119,8127,3198,1635,1563
8119,8128,261,158,103
8119,8135,200,137,63
8119,8136,10036,6220,3816
8119,8211,70,47,23
8119,8212,453,210,243
8119,8215,405,250,155
8119,8216,126,78,48
8119,8221,86,33,53
8119,8222,270,85,185
8119,8225,132,97,35
8119,8226,311,173,138
8119,8231,232,147,85
8119,8235,379,294,85
8119,8236,460,294,166
8119,8237,171,120,51
8119,8311,175,48,127
8119,8315,100,67,33
8119,8316,57,40,17
8119,8317,200,127,73
8119,8325,112,79,33
8119,8326,163,110,53
8119,8327,79,47,32
8119,8335,164,101,63
8119,8336,108,84,24
8119,8337,87,69,18
8119,8415,904,578,326
8119,8416,542,265,277
8119,8417,238,151,87
8119,8421,225,98,127
8119,8425,213,142,71
8119,8426,128,79,49
8119,8435,165,119,46
8119,8436,153,87,66
8119,8437,83,59,24
8119,9161,53,26,27
8119,9162,652,135,517
8119,9163,0,0,0
8119,9171,12,0,12
8119,9172,21,10,11
8119,9173,10,10,0
8119,9174,34,19,15
8119,9175,30,17,13
8119,9176,24,13,11
8119,9177,40,17,23
8119,9178,72,32,40
8119,9179,34,20,14
8119,9180,0,0,0
8119,9181,27,0,27
8119,9182,0,0,0
8119,9183,13,13,0
8119,9184,168,27,141
8119,9185,12,12,0
8119,9186,36,25,11
8119,9187,28,28,0
8119,9188,40,10,30
8119,9189,214,214,0
8119,9190,0,0,0
8119,9261,14,14,0
8119,9262,0,0,0
8119,9263,0,0,0
8119,9271,0,0,0
8119,9272,0,0,0
8119,9273,10,10,0
8119,9274,25,14,11
8119,9275,15,0,15
8119,9276,0,0,0
8119,9277,0,0,0
8119,9278,10,10,0
8119,9279,0,0,0
8119,9361,0,0,0
8119,9362,20,0,20
8119,9363,0,0,0
8119,9371,0,0,0
8119,9372,0,0,0
8119,9373,12,0,12
8119,9374,0,0,0
8119,9375,0,0,0
8119,9376,18,0,18
8119,9377,0,0,0
8119,9461,11,11,0
8119,9462,12,12,0
8119,9463,0,0,0
8119,9464,0,0,0
8119,9471,0,0,0
8119,9472,0,0,0
8119,9473,0,0,0
8119,9474,13,13,0
8119,9475,34,10,24
8119,9476,0,0,0
8119,9477,0,0,0
8119,9478,0,0,0
8119,9479,0,0,0
8119,9561,0,0,0
8119,9562,41,19,22
8119,9563,11,11,0
8119,9564,166,68,98
8119,9565,0,0,0
8119,9571,102,79,23
8119,9572,24,12,12
8119,9573,15,15,0
8119,9574,10,10,0
8119,9575,29,29,0
8119,9576,19,19,0
8119,9577,14,14,0
8119,9661,16,16,0
8119,9662,11,0,11
8119,9663,56,31,25
8119,9671,34,22,12
8119,9672,15,15,0
8119,9673,0,0,0
8119,9674,0,0,0
8119,9675,32,21,11
8119,9676,37,26,11
8119,9677,78,22,56
8119,9678,0,0,0
8119,9679,84,72,12
8119,9761,88,50,38
8119,9762,0,0,0
8119,9763,0,0,0
8119,9764,13,0,13
8119,9771,38,0,38
8119,9772,50,23,27
8119,9773,33,23,10
8119,9774,50,26,24
8119,9775,121,56,65
8119,9776,16,16,0
8119,9777,29,16,13
8119,9778,37,20,17
8119,9779,74,35,39
8119,9780,68,46,22
8119,10041,84,53,31
8119,10042,0,0,0
8119,10043,0,0,0
8119,10044,12,12,0
8119,10045,28,16,12
8119,10046,0,0,0
8119,11000,418,161,257
8119,12051,0,0,0
8119,12052,0,0,0
8119,12053,0,0,0
8119,12054,0,0,0
8119,12060,0,0,0
8119,12061,10,10,0
8119,12062,11,11,0
8119,12063,0,0,0
8119,12064,13,13,0
8119,12065,0,0,0
8119,12066,0,0,0
8119,12067,0,0,0
8119,12068,0,0,0
8119,12069,20,20,0
8119,12070,0,0,0
8119,12071,10,10,0
8119,12072,0,0,0
8119,12073,0,0,0
8119,13003,0,0,0
8119,13004,0,0,0
8119,13071,10,10,0
8119,13072,10,10,0
8119,13073,0,0,0
8119,13074,0,0,0
8119,13075,0,0,0
8119,13076,0,0,0
8119,14511,66,45,21
8119,14521,29,29,0
8119,14522,47,47,0
8119,14523,30,30,0
8119,14524,33,33,0
8119,14612,78,50,28
8119,14625,38,38,0
8119,14626,26,26,0
8119,14627,14,14,0
8119,14628,22,22,0
8119,14713,73,56,17
8119,14729,26,26,0
8119,14730,14,14,0
8119,15001,0,0,0
8119,15002,14,14,0
8119,15003,16,16,0
8119,15081,14,14,0
8119,15082,21,21,0
8119,15083,16,16,0
8119,15084,11,11,0
8119,15085,0,0,0
8119,15086,0,0,0
8119,15087,11,11,0
8119,15088,17,17,0
8119,15089,0,0,0
8119,15090,0,0,0
8119,15091,0,0,0
8119,16051,49,36,13
8119,16052,17,17,0
8119,16053,10,10,0
8119,16054,0,0,0
8119,16055,0,0,0
8119,16056,0,0,0
8119,16061,0,0,0
8119,16062,0,0,0
8119,16063,22,11,11
8119,16064,0,0,0
8119,16065,0,0,0
8119,16066,20,20,0
8119,16067,10,10,0
8119,16068,0,0,0
8119,16069,0,0,0
8119,16070,0,0,0
8119,16071,0,0,0
8119,16072,0,0,0
8119,16073,10,10,0
8119,16074,13,13,0
8119,16075,11,11,0
8119,16076,11,11,0
8119,16077,15,15,0
8121,1001,0,0,0
8121,1002,0,0,0
8121,1003,0,0,0
8121,1004,0,0,0
8121,1051,0,0,0
8121,1053,0,0,0
8121,1054,0,0,0
8121,1055,0,0,0
8121,1056,13,13,0
8121,1057,0,0,0
8121,1058,0,0,0
8121,1059,0,0,0
8121,1060,0,0,0
8121,1061,0,0,0
8121,1062,10,10,0
8121,2000,169,34,135
8121,3101,0,0,0
8121,3102,0,0,0
8121,3103,10,0,10
8121,3151,0,0,0
8121,3153,0,0,0
8121,3154,0,0,0
8121,3155,0,0,0
8121,3157,0,0,0
8121,3158,0,0,0
8121,3159,0,0,0
8121,3241,48,25,23
8121,3251,0,0,0
8121,3252,0,0,0
8121,3254,0,0,0
8121,3255,0,0,0
8121,3256,0,0,0
8121,3257,0,0,0
8121,3351,0,0,0
8121,3352,0,0,0
8121,3353,0,0,0
8121,3354,0,0,0
8121,3355,0,0,0
8121,3356,0,0,0
8121,3357,0,0,0
8121,3358,0,0,0
8121,3359,0,0,0
8121,3360,0,0,0
8121,3361,0,0,0
8121,3401,0,0,0
8121,3402,0,0,0
8121,3403,0,0,0
8121,3404,14,0,14
8121,3405,0,0,0
8121,3451,0,0,0
8121,3452,0,0,0
8121,3453,11,11,0
8121,3454,0,0,0
8121,3455,0,0,0
8121,3456,0,0,0
8121,3457,0,0,0
8121,3458,0,0,0
8121,3459,0,0,0
8121,3460,0,0,0
8121,3461,0,0,0
8121,3462,0,0,0
8121,4011,33,23,10
8121,4012,0,0,0
8121,5111,71,28,43
8121,5112,0,0,0
8121,5113,65,12,53
8121,5114,0,0,0
8121,5116,0,0,0
8121,5117,0,0,0
8121,5119,0,0,0
8121,5120,0,0,0
8121,5122,0,0,0
8121,5124,0,0,0
8121,5154,23,11,12
8121,5158,14,14,0
8121,5162,27,16,11
8121,5166,23,10,13
8121,5170,15,0,15
8121,5314,10,0,10
8121,5315,94,33,61
8121,5316,0,0,0
8121,5334,34,17,17
8121,5358,12,12,0
8121,5362,29,12,17
8121,5366,0,0,0
8121,5370,0,0,0
8121,5374,33,0,33
8121,5378,0,0,0
8121,5382,11,11,0
8121,5512,0,0,0
8121,5513,0,0,0
8121,5515,0,0,0
8121,5554,13,0,13
8121,5558,0,0,0
8121,5562,10,10,0
8121,5566,16,0,16
8121,5570,0,0,0
8121,5711,0,0,0
8121,5754,14,0,14
8121,5758,0,0,0
8121,5762,0,0,0
8121,5766,10,10,0
8121,5770,0,0,0
8121,5774,0,0,0
8121,5911,11,11,0
8121,5913,34,18,16
8121,5914,0,0,0
8121,5915,0,0,0
8121,5916,0,0,0
8121,5954,10,10,0
8121,5958,0,0,0
8121,5962,0,0,0
8121,5966,0,0,0
8121,5970,12,12,0
8121,5974,0,0,0
8121,5978,47,11,36
8121,6411,19,0,19
8121,6412,186,48,138
8121,6413,32,13,19
8121,6414,54,15,39
8121,6431,56,46,10
8121,6432,35,17,18
8121,6433,60,47,13
8121,6434,58,13,45
8121,6435,27,27,0
8121,6436,34,14,20
8121,6437,24,13,11
8121,6438,52,19,33
8121,6439,0,0,0
8121,6440,0,0,0
8121,6531,11,11,0
8121,6532,10,10,0
8121,6533,0,0,0
8121,6534,0,0,0
8121,6535,0,0,0
8121,6611,0,0,0
8121,6631,20,20,0
8121,6632,0,0,0
8121,6633,0,0,0
8121,6634,11,11,0
8121,6635,0,0,0
8121,6636,0,0,0
8121,7111,0,0,0
8121,7131,0,0,0
8121,7132,0,0,0
8121,7133,17,17,0
8121,7134,0,0,0
8121,7135,0,0,0
8121,7137,0,0,0
8121,7138,10,10,0
8121,7140,0,0,0
8121,7141,0,0,0
8121,7143,0,0,0
8121,7211,0,0,0
8121,7231,0,0,0
8121,7232,0,0,0
8121,7233,0,0,0
8121,7235,0,0,0
8121,7311,0,0,0
8121,7312,0,0,0
8121,7313,10,0,10
8121,7314,67,46,21
8121,7315,20,0,20
8121,7316,0,0,0
8121,7317,0,0,0
8121,7318,14,14,0
8121,7319,26,26,0
8121,7320,0,0,0
8121,7331,14,14,0
8121,7332,22,22,0
8121,7333,0,0,0
8121,7334,25,14,11
8121,7335,14,14,0
8121,7336,0,0,0
8121,7337,12,0,12
8121,7338,64,54,10
8121,7339,11,11,0
8121,7340,0,0,0
8121,8111,1987,507,1480
8121,8115,464,178,286
8121,8116,372,179,193
8121,8117,105,49,56
8121,8118,4302,2607,1695
8121,8119,740,458,282
8121,8121,0,0,0
8121,8125,48900,30585,18315
8121,8126,2951,2142,809
8121,8127,654,488,166
8121,8128,282,209,73
8121,8135,20,20,0
8121,8136,133,83,50
8121,8211,19,0,19
8121,8212,239,95,144
8121,8215,618,466,152
8121,8216,51,25,26
8121,8221,204,110,94
8121,8222,270,117,153
8121,8225,2066,1816,250
8121,8226,1464,1093,371
8121,8231,93,55,38
8121,8235,66,45,21
8121,8236,204,143,61
8121,8237,33,15,18
8121,8311,41,26,15
8121,8315,25,13,12
8121,8316,14,14,0
8121,8317,79,39,40
8121,8325,13,13,0
8121,8326,33,18,15
8121,8327,10,10,0
8121,8335,45,22,23
8121,8336,32,20,12
8121,8337,0,0,0
8121,8415,158,82,76
8121,8416,74,48,26
8121,8417,35,18,17
8121,8421,33,13,20
8121,8425,31,31,0
8121,8426,31,16,15
8121,8435,15,15,0
8121,8436,27,14,13
8121,8437,17,17,0
8121,9161,115,13,102
8121,9162,285,71,214
8121,9163,0,0,0
8121,9171,26,26,0
8121,9172,0,0,0
8121,9173,0,0,0
8121,9174,0,0,0
8121,9175,0,0,0
8121,9176,19,0,19
8121,9177,0,0,0
8121,9178,25,0,25
8121,9179,0,0,0
8121,9180,0,0,0
8121,9181,0,0,0
8121,9182,0,0,0
8121,9183,0,0,0
8121,9184,73,21,52
8121,9185,0,0,0
8121,9186,46,46,0
8121,9187,11,11,0
8121,9188,0,0,0
8121,9189,0,0,0
8121,9190,0,0,0
8121,9261,0,0,0
8121,9262,0,0,0
8121,9263,12,0,12
8121,9271,0,0,0
8121,9272,0,0,0
8121,9273,64,64,0
8121,9274,0,0,0
8121,9275,0,0,0
8121,9276,0,0,0
8121,9277,0,0,0
8121,9278,0,0,0
8121,9279,0,0,0
8121,9361,0,0,0
8121,9362,0,0,0
8121,9363,0,0,0
8121,9371,0,0,0
8121,9372,10,10,0
8121,9373,0,0,0
8121,9374,0,0,0
8121,9375,0,0,0
8121,9376,45,45,0
8121,9377,0,0,0
8121,9461,0,0,0
8121,9462,0,0,0
8121,9463,0,0,0
8121,9464,0,0,0
8121,9471,0,0,0
8121,9472,0,0,0
8121,9473,0,0,0
8121,9474,0,0,0
8121,9475,0,0,0
8121,9476,0,0,0
8121,9477,0,0,0
8121,9478,0,0,0
8121,9479,0,0,0
8121,9561,0,0,0
8121,9562,14,0,14
8121,9563,0,0,0
8121,9564,96,50,46
8121,9565,0,0,0
8121,9571,30,30,0
8121,9572,0,0,0
8121,9573,0,0,0
8121,9574,12,12,0
8121,9575,0,0,0
8121,9576,10,10,0
8121,9577,0,0,0
8121,9661,0,0,0
8121,9662,0,0,0
8121,9663,50,38,12
8121,9671,11,0,11
8121,9672,12,12,0
8121,9673,0,0,0
8121,9674,11,11,0
8121,9675,0,0,0
8121,9676,33,22,11
8121,9677,12,12,0
8121,9678,16,16,0
8121,9679,32,32,0
8121,9761,41,27,14
8121,9762,0,0,0
8121,9763,0,0,0
8121,9764,0,0,0
8121,9771,10,10,0
8121,9772,35,18,17
8121,9773,10,10,0
8121,9774,0,0,0
8121,9775,45,12,33
8121,9776,0,0,0
8121,9777,0,0,0
8121,9778,0,0,0
8121,9779,24,10,14
8121,9780,16,0,16
8121,10041,12,12,0
8121,10042,0,0,0
8121,10043,12,12,0
8121,10044,14,14,0
8121,10045,0,0,0
8121,10046,0,0,0
8121,11000,224,80,144
8121,12051,0,0,0
8121,12052,0,0,0
8121,12053,0,0,0
8121,12054,0,0,0
8121,12060,0,0,0
8121,12061,0,0,0
8121,12062,0,0,0
8121,12063,0,0,0
8121,12064,0,0,0
8121,12065,0,0,0
8121,12066,0,0,0
8121,12067,0,0,0
8121,12068,0,0,0
8121,12069,0,0,0
8121,12070,0,0,0
8121,12071,0,0,0
8121,12072,0,0,0
8121,12073,0,0,0
8121,13003,0,0,0
8121,13004,0,0,0
8121,13071,0,0,0
8121,13072,0,0,0
8121,13073,0,0,0
8121,13074,0,0,0
8121,13075,0,0,0
8121,13076,0,0,0
8121,14511,0,0,0
8121,14521,0,0,0
8121,14522,11,11,0
8121,14523,11,11,0
8121,14524,0,0,0
8121,14612,24,14,10
8121,14625,0,0,0
8121,14626,13,13,0
8121,14627,0,0,0
8121,14628,0,0,0
8121,14713,82,36,46
8121,14729,12,12,0
8121,14730,0,0,0
8121,15001,0,0,0
8121,15002,0,0,0
8121,15003,10,10,0
8121,15081,0,0,0
8121,15082,0,0,0
8121,15083,0,0,0
8121,15084,11,11,0
8121,15085,0,0,0
8121,15086,0,0,0
8121,15087,11,11,0
8121,15088,0,0,0
8121,15089,16,16,0
8121,15090,0,0,0
8121,15091,0,0,0
8121,16051,17,17,0
8121,16052,0,0,0
8121,16053,22,0,22
8121,16054,0,0,0
8121,16055,0,0,0
8121,16056,0,0,0
8121,16061,14,0,14
8121,16062,0,0,0
8121,16063,0,0,0
8121,16064,10,10,0
8121,16065,0,0,0
8121,16066,13,13,0
8121,16067,13,13,0
8121,16068,0,0,0
8121,16069,0,0,0
8121,16070,0,0,0
8121,16071,0,0,0
8121,16072,0,0,0
8121,16073,0,0,0
8121,16074,0,0,0
8121,16075,0,0,0
8121,16076,0,0,0
8121,16077,0,0,0
8125,1001,0,0,0
8125,1002,10,0,10
8125,1003,12,0,12
8125,1004,0,0,0
8125,1051,0,0,0
8125,1053,16,16,0
8125,1054,0,0,0
8125,1055,0,0,0
8125,1056,16,16,0
8125,1057,0,0,0
8125,1058,11,11,0
8125,1059,0,0,0
8125,1060,14,0,14
8125,1061,0,0,0
8125,1062,27,14,13
8125,2000,299,115,184
8125,3101,44,30,14
8125,3102,0,0,0
8125,3103,39,18,21
8125,3151,17,17,0
8125,3153,0,0,0
8125,3154,13,13,0
8125,3155,0,0,0
8125,3157,12,12,0
8125,3158,0,0,0
8125,3159,26,12,14
8125,3241,154,87,67
8125,3251,10,10,0
8125,3252,0,0,0
8125,3254,30,30,0
8125,3255,0,0,0
8125,3256,0,0,0
8125,3257,14,14,0
8125,3351,0,0,0
8125,3352,0,0,0
8125,3353,15,15,0
8125,3354,0,0,0
8125,3355,18,18,0
8125,3356,0,0,0
8125,3357,0,0,0
8125,3358,12,12,0
8125,3359,14,14,0
8125,3360,0,0,0
8125,3361,0,0,0
8125,3401,0,0,0
8125,3402,0,0,0
8125,3403,0,0,0
8125,3404,32,0,32
8125,3405,0,0,0
8125,3451,0,0,0
8125,3452,11,11,0
8125,3453,10,10,0
8125,3454,38,11,27
8125,3455,0,0,0
8125,3456,0,0,0
8125,3457,0,0,0
8125,3458,13,13,0
8125,3459,26,13,13
8125,3460,0,0,0
8125,3461,0,0,0
8125,3462,0,0,0
8125,4011,50,34,16
8125,4012,0,0,0
8125,5111,133,38,95
8125,5112,88,64,24
8125,5113,157,36,121
8125,5114,29,17,12
8125,5116,15,15,0
8125,5117,10,10,0
8125,5119,21,10,11
8125,5120,0,0,0
8125,5122,16,16,0
8125,5124,29,18,11
8125,5154,44,16,28
8125,5158,73,32,41
8125,5162,89,56,33
8125,5166,33,16,17
8125,5170,66,38,28
8125,5314,61,42,19
8125,5315,214,73,141
8125,5316,0,0,0
8125,5334,79,47,32
8125,5358,34,21,13
8125,5362,70,41,29
8125,5366,24,13,11
8125,5370,12,12,0
8125,5374,109,10,99
8125,5378,20,20,0
8125,5382,176,42,134
8125,5512,11,11,0
8125,5513,65,50,15
8125,5515,26,11,15
8125,5554,15,15,0
8125,5558,22,11,11
8125,5562,55,40,15
8125,5566,88,18,70
8125,5570,26,26,0
8125,5711,42,19,23
8125,5754,74,27,47
8125,5758,37,22,15
8125,5762,0,0,0
8125,5766,30,18,12
8125,5770,31,17,14
8125,5774,18,18,0
8125,5911,10,10,0
8125,5913,60,28,32
8125,5914,0,0,0
8125,5915,20,20,0
8125,5916,11,11,0
8125,5954,31,15,16
8125,5958,17,17,0
8125,5962,31,15,16
8125,5966,0,0,0
8125,5970,61,16,45
8125,5974,17,17,0
8125,5978,121,32,89
8125,6411,86,41,45
8125,6412,345,83,262
8125,6413,79,19,60
8125,6414,79,32,47
8125,6431,166,102,64
8125,6432,115,64,51
8125,6433,81,35,46
8125,6434,107,27,80
8125,6435,63,39,24
8125,6436,78,36,42
8125,6437,77,54,23
8125,6438,112,44,68
8125,6439,32,19,13
8125,6440,67,44,23
8125,6531,44,27,17
8125,6532,40,30,10
8125,6533,21,21,0
8125,6534,15,15,0
8125,6535,0,0,0
8125,6611,14,14,0
8125,6631,31,15,16
8125,6632,15,0,15
8125,6633,19,19,0
8125,6634,13,13,0
8125,6635,0,0,0
8125,6636,11,11,0
8125,7111,12,0,12
8125,7131,11,11,0
8125,7132,0,0,0
8125,7133,28,18,10
8125,7134,10,0,10
8125,7135,0,0,0
8125,7137,37,19,18
8125,7138,30,14,16
8125,7140,0,0,0
8125,7141,11,0,11
8125,7143,13,13,0
8125,7211,0,0,0
8125,7231,11,11,0
8125,7232,0,0,0
8125,7233,0,0,0
8125,7235,12,12,0
8125,7311,0,0,0
8125,7312,23,23,0
8125,7313,31,16,15
8125,7314,118,52,66
8125,7315,59,22,37
8125,7316,22,22,0
8125,7317,29,29,0
8125,7318,59,32,27
8125,7319,50,37,13
8125,7320,10,10,0
8125,7331,53,42,11
8125,7332,46,46,0
8125,7333,12,12,0
8125,7334,88,56,32
8125,7335,18,18,0
8125,7336,0,0,0
8125,7337,52,34,18
8125,7338,111,72,39
8125,7339,45,31,14
8125,7340,64,64,0
8125,8111,5608,1422,4186
8125,8115,1279,477,802
8125,8116,982,364,618
8125,8117,227,111,116
8125,8118,16596,8742,7854
8125,8119,2597,1366,1231
8125,8121,48900,18315,30585
8125,8125,0,0,0
8125,8126,8978,4753,4225
8125,8127,1725,914,811
8125,8128,623,371,252
8125,8135,108,59,49
8125,8136,301,179,122
8125,8211,24,0,24
8125,8212,781,260,521
8125,8215,3812,1708,2104
8125,8216,150,95,55
8125,8221,580,241,339
8125,8222,575,215,360
8125,8225,8651,7041,1610
8125,8226,6932,4119,2813
8125,8231,251,103,148
8125,8235,188,121,67
8125,8236,1016,482,534
8125,8237,57,29,28
8125,8311,66,34,32
8125,8315,66,25,41
8125,8316,40,25,15
8125,8317,139,82,57
8125,8325,71,50,21
8125,8326,74,38,36
8125,8327,48,27,21
8125,8335,83,50,33
8125,8336,40,22,18
8125,8337,14,14,0
8125,8415,242,96,146
8125,8416,163,83,80
8125,8417,92,59,33
8125,8421,66,28,38
8125,8425,63,42,21
8125,8426,71,40,31
8125,8435,84,52,32
8125,8436,76,34,42
8125,8437,45,30,15
8125,9161,252,69,183
8125,9162,489,128,361
8125,9163,0,0,0
8125,9171,11,0,11
8125,9172,21,0,21
8125,9173,0,0,0
8125,9174,30,14,16
8125,9175,29,12,17
8125,9176,111,56,55
8125,9177,20,10,10
8125,9178,64,20,44
8125,9179,32,18,14
8125,9180,0,0,0
8125,9181,28,15,13
8125,9182,10,10,0
8125,9183,0,0,0
8125,9184,161,27,134
8125,9185,36,16,20
8125,9186,41,26,15
8125,9187,33,23,10
8125,9188,10,0,10
8125,9189,23,13,10
8125,9190,0,0,0
8125,9261,0,0,0
8125,9262,0,0,0
8125,9263,10,0,10
8125,9271,10,0,10
8125,9272,0,0,0
8125,9273,31,20,11
8125,9274,23,13,10
8125,9275,0,0,0
8125,9276,0,0,0
8125,9277,14,0,14
8125,9278,0,0,0
8125,9279,0,0,0
8125,9361,0,0,0
8125,9362,34,10,24
8125,9363,0,0,0
8125,9371,0,0,0
8125,9372,0,0,0
8125,9373,24,11,13
8125,9374,0,0,0
8125,9375,24,14,10
8125,9376,34,34,0
8125,9377,0,0,0
8125,9461,16,0,16
8125,9462,10,10,0
8125,9463,0,0,0
8125,9464,0,0,0
8125,9471,14,14,0
8125,9472,0,0,0
8125,9473,0,0,0
8125,9474,16,16,0
8125,9475,33,10,23
8125,9476,0,0,0
8125,9477,13,13,0
8125,9478,0,0,0
8125,9479,12,0,12
8125,9561,10,0,10
8125,9562,53,21,32
8125,9563,16,16,0
8125,9564,141,52,89
8125,9565,10,10,0
8125,9571,71,44,27
8125,9572,25,15,10
8125,9573,24,24,0
8125,9574,39,22,17
8125,9575,29,15,14
8125,9576,21,21,0
8125,9577,20,20,0
8125,9661,30,14,16
8125,9662,14,0,14
8125,9663,111,62,49
8125,9671,41,22,19
8125,9672,0,0,0
8125,9673,0,0,0
8125,9674,0,0,0
8125,9675,47,32,15
8125,9676,55,36,19
8125,9677,37,24,13
8125,9678,27,11,16
8125,9679,97,77,20
8125,9761,88,57,31
8125,9762,0,0,0
8125,9763,0,0,0
8125,9764,11,11,0
8125,9771,16,16,0
8125,9772,82,33,49
8125,9773,11,11,0
8125,9774,19,19,0
8125,9775,110,28,82
8125,9776,0,0,0
8125,9777,37,25,12
8125,9778,17,17,0
8125,9779,60,14,46
8125,9780,67,27,40
8125,10041,51,33,18
8125,10042,17,17,0
8125,10043,23,23,0
8125,10044,13,13,0
8125,10045,26,26,0
8125,10046,15,15,0
8125,11000,463,206,257
8125,12051,0,0,0
8125,12052,10,10,0
8125,12053,0,0,0
8125,12054,45,14,31
8125,12060,11,11,0
8125,12061,10,10,0
8125,12062,0,0,0
8125,12063,0,0,0
8125,12064,0,0,0
8125,12065,17,17,0
8125,12066,0,0,0
8125,12067,0,0,0
8125,12068,0,0,0
8125,12069,10,10,0
8125,12070,0,0,0
8125,12071,0,0,0
8125,12072,18,18,0
8125,12073,0,0,0
8125,13003,0,0,0
8125,13004,0,0,0
8125,13071,11,11,0
8125,13072,0,0,0
8125,13073,0,0,0
8125,13074,0,0,0
8125,13075,0,0,0
8125,13076,0,0,0
8125,14511,39,19,20
8125,14521,41,41,0
8125,14522,25,25,0
8125,14523,43,43,0
8125,14524,56,30,26
8125,14612,60,38,22
8125,14625,13,13,0
8125,14626,15,15,0
8125,14627,27,27,0
8125,14628,14,14,0
8125,14713,95,44,51
8125,14729,36,25,11
8125,14730,24,24,0
8125,15001,0,0,0
8125,15002,15,15,0
8125,15003,0,0,0
8125,15081,0,0,0
8125,15082,0,0,0
8125,15083,0,0,0
8125,15084,31,31,0
8125,15085,0,0,0
8125,15086,0,0,0
8125,15087,25,25,0
8125,15088,12,12,0
8125,15089,16,16,0
8125,15090,0,0,0
8125,15091,12,12,0
8125,16051,45,27,18
8125,16052,0,0,0
8125,16053,65,10,55
8125,16054,0,0,0
8125,16055,0,0,0
8125,16056,10,10,0
8125,16061,13,0,13
8125,16062,10,10,0
8125,16063,18,18,0
8125,16064,10,10,0
8125,16065,0,0,0
8125,16066,35,35,0
8125,16067,21,21,0
8125,16068,0,0,0
8125,16069,10,10,0
8125,16070,20,20,0
8125,16071,0,0,0
8125,16072,0,0,0
8125,16073,13,13,0
8125,16074,0,0,0
8125,16075,0,0,0
8125,16076,0,0,0
8125,16077,10,10,0
8126,1001,0,0,0
8126,1002,0,0,0
8126,1003,21,21,0
8126,1004,0,0,0
8126,1051,10,10,0
8126,1053,16,16,0
8126,1054,0,0,0
8126,1055,17,17,0
8126,1056,21,21,0
8126,1057,14,14,0
8126,1058,17,17,0
8126,1059,17,17,0
8126,1060,30,30,0
8126,1061,10,10,0
8126,1062,26,26,0
8126,2000,116,80,36
8126,3101,11,11,0
8126,3102,0,0,0
8126,3103,0,0,0
8126,3151,0,0,0
8126,3153,14,14,0
8126,3154,0,0,0
8126,3155,11,11,0
8126,3157,0,0,0
8126,3158,0,0,0
8126,3159,19,19,0
8126,3241,114,114,0
8126,3251,15,15,0
8126,3252,11,11,0
8126,3254,35,35,0
8126,3255,0,0,0
8126,3256,13,13,0
8126,3257,13,13,0
8126,3351,12,12,0
8126,3352,0,0,0
8126,3353,28,28,0
8126,3354,0,0,0
8126,3355,15,15,0
8126,3356,0,0,0
8126,3357,10,10,0
8126,3358,11,11,0
8126,3359,12,12,0
8126,3360,0,0,0
8126,3361,15,15,0
8126,3401,0,0,0
8126,3402,0,0,0
8126,3403,18,18,0
8126,3404,34,13,21
8126,3405,0,0,0
8126,3451,12,12,0
8126,3452,0,0,0
8126,3453,18,18,0
8126,3454,20,20,0
8126,3455,0,0,0
8126,3456,13,13,0
8126,3457,13,13,0
8126,3458,20,20,0
8126,3459,23,23,0
8126,3460,0,0,0
8126,3461,0,0,0
8126,3462,0,0,0
8126,4011,36,24,12
8126,4012,0,0,0
8126,5111,48,23,25
8126,5112,11,11,0
8126,5113,51,40,11
8126,5114,14,14,0
8126,5116,10,10,0
8126,5117,11,11,0
8126,5119,15,15,0
8126,5120,0,0,0
8126,5122,10,10,0
8126,5124,23,23,0
8126,5154,18,18,0
8126,5158,32,22,10
8126,5162,39,19,20
8126,5166,30,30,0
8126,5170,29,29,0
8126,5314,0,0,0
8126,5315,62,35,27
8126,5316,11,11,0
8126,5334,24,24,0
8126,5358,18,18,0
8126,5362,28,28,0
8126,5366,22,22,0
8126,5370,26,26,0
8126,5374,32,17,15
8126,5378,18,18,0
8126,5382,46,46,0
8126,5512,0,0,0
8126,5513,0,0,0
8126,5515,19,19,0
8126,5554,35,35,0
8126,5558,18,18,0
8126,5562,33,33,0
8126,5566,50,50,0
8126,5570,19,19,0
8126,5711,13,13,0
8126,5754,34,24,10
8126,5758,19,19,0
8126,5762,19,19,0
8126,5766,26,26,0
8126,5770,39,39,0
8126,5774,32,32,0
8126,5911,15,15,0
8126,5913,21,21,0
8126,5914,0,0,0
8126,5915,13,13,0
8126,5916,0,0,0
8126,5954,15,15,0
8126,5958,24,24,0
8126,5962,73,73,0
8126,5966,0,0,0
8126,5970,30,30,0
8126,5974,30,30,0
8126,5978,27,27,0
8126,6411,26,12,14
8126,6412,76,24,52
8126,6413,0,0,0
8126,6414,10,0,10
8126,6431,52,39,13
8126,6432,47,47,0
8126,6433,13,13,0
8126,6434,23,13,10
8126,6435,53,53,0
8126,6436,26,15,11
8126,6437,31,31,0
8126,6438,51,33,18
8126,6439,16,16,0
8126,6440,18,18,0
8126,6531,35,35,0
8126,6532,22,22,0
8126,6533,19,19,0
8126,6534,15,15,0
8126,6535,16,16,0
8126,6611,16,16,0
8126,6631,17,17,0
8126,6632,0,0,0
8126,6633,26,26,0
8126,6634,12,12,0
8126,6635,16,16,0
8126,6636,0,0,0
8126,7111,0,0,0
8126,7131,0,0,0
8126,7132,10,10,0
8126,7133,14,14,0
8126,7134,12,12,0
8126,7135,0,0,0
8126,7137,24,24,0
8126,7138,25,25,0
8126,7140,0,0,0
8126,7141,16,16,0
8126,7143,19,19,0
8126,7211,10,10,0
8126,7231,14,14,0
8126,7232,0,0,0
8126,7233,0,0,0
8126,7235,21,21,0
8126,7311,0,0,0
8126,7312,11,11,0
8126,7313,0,0,0
8126,7314,11,0,11
8126,7315,0,0,0
8126,7316,0,0,0
8126,7317,0,0,0
8126,7318,0,0,0
8126,7319,0,0,0
8126,7320,0,0,0
8126,7331,17,17,0
8126,7332,13,13,0
8126,7333,0,0,0
8126,7334,17,17,0
8126,7335,0,0,0
8126,7336,0,0,0
8126,7337,0,0,0
8126,7338,14,14,0
8126,7339,33,33,0
8126,7340,15,15,0
8126,8111,751,143,608
8126,8115,171,75,96
8126,8116,250,135,115
8126,8117,74,43,31
8126,8118,852,411,441
8126,8119,474,241,233
8126,8121,2951,809,2142
8126,8125,8978,4225,4753
8126,8126,0,0,0
8126,8127,8368,5591,2777
8126,8128,4084,2893,1191
8126,8135,46,31,15
8126,8136,247,167,80
8126,8211,0,0,0
8126,8212,95,39,56
8126,8215,116,81,35
8126,8216,19,19,0
8126,8221,50,16,34
8126,8222,95,39,56
8126,8225,1358,1083,275
8126,8226,220,126,94
8126,8231,33,21,12
8126,8235,51,29,22
8126,8236,59,27,32
8126,8237,41,22,19
8126,8311,20,20,0
8126,8315,32,32,0
8126,8316,27,27,0
8126,8317,72,52,20
8126,8325,22,22,0
8126,8326,23,23,0
8126,8327,13,13,0
8126,8335,24,24,0
8126,8336,19,19,0
8126,8337,0,0,0
8126,8415,68,46,22
8126,8416,67,36,31
8126,8417,37,27,10
8126,8421,24,12,12
8126,8425,27,27,0
8126,8426,17,17,0
8126,8435,23,23,0
8126,8436,51,39,12
8126,8437,22,22,0
8126,9161,23,0,23
8126,9162,137,71,66
8126,9163,11,11,0
8126,9171,0,0,0
8126,9172,0,0,0
8126,9173,10,10,0
8126,9174,18,18,0
8126,9175,15,15,0
8126,9176,28,28,0
8126,9177,13,13,0
8126,9178,10,10,0
8126,9179,0,0,0
8126,9180,0,0,0
8126,9181,14,14,0
8126,9182,18,18,0
8126,9183,12,12,0
8126,9184,48,21,27
8126,9185,12,12,0
8126,9186,11,11,0
8126,9187,43,43,0
8126,9188,10,10,0
8126,9189,17,17,0
8126,9190,15,15,0
8126,9261,0,0,0
8126,9262,0,0,0
8126,9263,0,0,0
8126,9271,16,16,0
8126,9272,10,10,0
8126,9273,0,0,0
8126,9274,20,20,0
8126,9275,36,36,0
8126,9276,0,0,0
8126,9277,18,18,0
8126,9278,16,16,0
8126,9279,0,0,0
8126,9361,0,0,0
8126,9362,12,12,0
8126,9363,0,0,0
8126,9371,13,13,0
8126,9372,14,14,0
8126,9373,25,25,0
8126,9374,10,10,0
8126,9375,27,27,0
8126,9376,15,15,0
8126,9377,0,0,0
8126,9461,0,0,0
8126,9462,0,0,0
8126,9463,0,0,0
8126,9464,10,10,0
8126,9471,0,0,0
8126,9472,19,19,0
8126,9473,13,13,0
8126,9474,15,15,0
8126,9475,13,13,0
8126,9476,0,0,0
8126,9477,0,0,0
8126,9478,0,0,0
8126,9479,0,0,0
8126,9561,25,12,13
8126,9562,0,0,0
8126,9563,11,11,0
8126,9564,89,59,30
8126,9565,0,0,0
8126,9571,176,131,45
8126,9572,10,10,0
8126,9573,28,28,0
8126,9574,20,20,0
8126,9575,13,13,0
8126,9576,21,21,0
8126,9577,24,24,0
8126,9661,0,0,0
8126,9662,0,0,0
8126,9663,106,45,61
8126,9671,23,23,0
8126,9672,12,12,0
8126,9673,0,0,0
8126,9674,0,0,0
8126,9675,30,20,10
8126,9676,28,28,0
8126,9677,20,20,0
8126,9678,22,11,11
8126,9679,156,133,23
8126,9761,13,13,0
8126,9762,0,0,0
8126,9763,10,10,0
8126,9764,0,0,0
8126,9771,15,15,0
8126,9772,35,35,0
8126,9773,38,11,27
8126,9774,19,19,0
8126,9775,55,25,30
8126,9776,0,0,0
8126,9777,12,12,0
8126,9778,23,23,0
8126,9779,27,14,13
8126,9780,30,15,15
8126,10041,41,27,14
8126,10042,0,0,0
8126,10043,11,11,0
8126,10044,16,16,0
8126,10045,0,0,0
8126,10046,14,0,14
8126,11000,182,118,64
8126,12051,0,0,0
8126,12052,0,0,0
8126,12053,0,0,0
8126,12054,0,0,0
8126,12060,13,13,0
8126,12061,0,0,0
8126,12062,0,0,0
8126,12063,0,0,0
8126,12064,18,18,0
8126,12065,13,13,0
8126,12066,0,0,0
8126,12067,10,10,0
8126,12068,0,0,0
8126,12069,11,11,0
8126,12070,0,0,0
8126,12071,0,0,0
8126,12072,18,18,0
8126,12073,0,0,0
8126,13003,0,0,0
8126,13004,0,0,0
8126,13071,0,0,0
8126,13072,0,0,0
8126,13073,0,0,0
8126,13074,13,13,0
8126,13075,10,10,0
8126,13076,14,14,0
8126,14511,10,10,0
8126,14521,19,19,0
8126,14522,22,22,0
8126,14523,32,32,0
8126,14524,38,28,10
8126,14612,31,20,11
8126,14625,18,18,0
8126,14626,12,12,0
8126,14627,13,13,0
8126,14628,14,14,0
8126,14713,28,28,0
8126,14729,21,21,0
8126,14730,13,13,0
8126,15001,0,0,0
8126,15002,0,0,0
8126,15003,0,0,0
8126,15081,0,0,0
8126,15082,0,0,0
8126,15083,0,0,0
8126,15084,24,24,0
8126,15085,17,17,0
8126,15086,0,0,0
8126,15087,0,0,0
8126,15088,16,16,0
8126,15089,11,11,0
8126,15090,0,0,0
8126,15091,0,0,0
8126,16051,12,12,0
8126,16052,0,0,0
8126,16053,0,0,0
8126,16054,0,0,0
8126,16055,0,0,0
8126,16056,0,0,0
8126,16061,0,0,0
8126,16062,0,0,0
8126,16063,0,0,0
8126,16064,0,0,0
8126,16065,0,0,0
8126,16066,15,15,0
8126,16067,0,0,0
8126,16068,0,0,0
8126,16069,0,0,0
8126,16070,11,11,0
8126,16071,0,0,0
8126,16072,0,0,0
8126,16073,0,0,0
8126,16074,0,0,0
8126,16075,0,0,0
8126,16076,0,0,0
8126,16077,0,0,0
8127,1001,0,0,0
8127,1002,0,0,0
8127,1003,51,0,51
8127,1004,0,0,0
8127,1051,0,0,0
8127,1053,0,0,0
8127,1054,0,0,0
8127,1055,0,0,0
8127,1056,0,0,0
8127,1057,0,0,0
8127,1058,0,0,0
8127,1059,0,0,0
8127,1060,0,0,0
8127,1061,0,0,0
8127,1062,0,0,0
8127,2000,137,66,71
8127,3101,0,0,0
8127,3102,0,0,0
8127,3103,0,0,0
8127,3151,0,0,0
8127,3153,0,0,0
8127,3154,0,0,0
8127,3155,0,0,0
8127,3157,0,0,0
8127,3158,0,0,0
8127,3159,25,25,0
8127,3241,50,19,31
8127,3251,0,0,0
8127,3252,0,0,0
8127,3254,20,20,0
8127,3255,0,0,0
8127,3256,0,0,0
8127,3257,0,0,0
8127,3351,0,0,0
8127,3352,0,0,0
8127,3353,0,0,0
8127,3354,0,0,0
8127,3355,0,0,0
8127,3356,0,0,0
8127,3357,0,0,0
8127,3358,0,0,0
8127,3359,0,0,0
8127,3360,0,0,0
8127,3361,0,0,0
8127,3401,0,0,0
8127,3402,0,0,0
8127,3403,0,0,0
8127,3404,12,0,12
8127,3405,57,57,0
8127,3451,0,0,0
8127,3452,0,0,0
8127,3453,10,10,0
8127,3454,21,11,10
8127,3455,0,0,0
8127,3456,0,0,0
8127,3457,0,0,0
8127,3458,0,0,0
8127,3459,0,0,0
8127,3460,0,0,0
8127,3461,0,0,0
8127,3462,0,0,0
8127,4011,17,17,0
8127,4012,0,0,0
8127,5111,70,28,42
8127,5112,0,0,0
8127,5113,98,18,80
8127,5114,218,0,218
8127,5116,0,0,0
8127,5117,0,0,0
8127,5119,0,0,0
8127,5120,0,0,0
8127,5122,0,0,0
8127,5124,10,0,10
8127,5154,0,0,0
8127,5158,26,12,14
8127,5162,12,12,0
8127,5166,10,0,10
8127,5170,0,0,0
8127,5314,17,0,17
8127,5315,82,37,45
8127,5316,0,0,0
8127,5334,0,0,0
8127,5358,0,0,0
8127,5362,38,28,10
8127,5366,0,0,0
8127,5370,10,10,0
8127,5374,11,0,11
8127,5378,0,0,0
8127,5382,21,21,0
8127,5512,0,0,0
8127,5513,21,21,0
8127,5515,0,0,0
8127,5554,0,0,0
8127,5558,12,12,0
8127,5562,18,18,0
8127,5566,0,0,0
8127,5570,79,79,0
8127,5711,0,0,0
8127,5754,138,117,21
8127,5758,15,15,0
8127,5762,0,0,0
8127,5766,0,0,0
8127,5770,0,0,0
8127,5774,0,0,0
8127,5911,11,11,0
8127,5913,14,14,0
8127,5914,0,0,0
8127,5915,0,0,0
8127,5916,111,111,0
8127,5954,0,0,0
8127,5958,11,11,0
8127,5962,0,0,0
8127,5966,0,0,0
8127,5970,10,10,0
8127,5974,0,0,0
8127,5978,0,0,0
8127,6411,42,22,20
8127,6412,126,32,94
8127,6413,19,0,19
8127,6414,14,0,14
8127,6431,33,21,12
8127,6432,61,61,0
8127,6433,14,14,0
8127,6434,44,16,28
8127,6435,16,16,0
8127,6436,15,0,15
8127,6437,0,0,0
8127,6438,55,29,26
8127,6439,0,0,0
8127,6440,30,19,11
8127,6531,0,0,0
8127,6532,10,0,10
8127,6533,13,13,0
8127,6534,12,12,0
8127,6535,0,0,0
8127,6611,0,0,0
8127,6631,17,17,0
8127,6632,0,0,0
8127,6633,0,0,0
8127,6634,0,0,0
8127,6635,0,0,0
8127,6636,0,0,0
8127,7111,0,0,0
8127,7131,0,0,0
8127,7132,0,0,0
8127,7133,0,0,0
8127,7134,0,0,0
8127,7135,0,0,0
8127,7137,0,0,0
8127,7138,0,0,0
8127,7140,0,0,0
8127,7141,0,0,0
8127,7143,0,0,0
8127,7211,0,0,0
8127,7231,0,0,0
8127,7232,0,0,0
8127,7233,0,0,0
8127,7235,0,0,0
8127,7311,0,0,0
8127,7312,0,0,0
8127,7313,0,0,0
8127,7314,28,11,17
8127,7315,11,11,0
8127,7316,0,0,0
8127,7317,0,0,0
8127,7318,0,0,0
8127,7319,0,0,0
8127,7320,0,0,0
8127,7331,0,0,0
8127,7332,0,0,0
8127,7333,0,0,0
8127,7334,0,0,0
8127,7335,0,0,0
8127,7336,0,0,0
8127,7337,0,0,0
8127,7338,0,0,0
8127,7339,10,10,0
8127,7340,0,0,0
8127,8111,1348,201,1147
8127,8115,223,93,130
8127,8116,348,128,220
8127,8117,165,76,89
8127,8118,634,285,349
8127,8119,3198,1563,1635
8127,8121,654,166,488
8127,8125,1725,811,914
8127,8126,8368,2777,5591
8127,8127,0,0,0
8127,8128,1640,966,674
8127,8135,254,109,145
8127,8136,5477,2918,2559
8127,8211,0,0,0
8127,8212,142,40,102
8127,8215,96,65,31
8127,8216,39,25,14
8127,8221,42,20,22
8127,8222,93,42,51
8127,8225,195,151,44
8127,8226,263,122,141
8127,8231,63,51,12
8127,8235,41,31,10
8127,8236,67,29,38
8127,8237,0,0,0
8127,8311,25,0,25
8127,8315,13,13,0
8127,8316,13,13,0
8127,8317,42,17,25
8127,8325,10,0,10
8127,8326,35,23,12
8127,8327,0,0,0
8127,8335,35,19,16
8127,8336,14,14,0
8127,8337,0,0,0
8127,8415,100,29,71
8127,8416,84,40,44
8127,8417,11,11,0
8127,8421,104,25,79
8127,8425,66,40,26
8127,8426,44,26,18
8127,8435,38,15,23
8127,8436,60,25,35
8127,8437,32,13,19
8127,9161,13,0,13
8127,9162,268,81,187
8127,9163,0,0,0
8127,9171,0,0,0
8127,9172,0,0,0
8127,9173,0,0,0
8127,9174,17,17,0
8127,9175,0,0,0
8127,9176,0,0,0
8127,9177,0,0,0
8127,9178,13,0,13
8127,9179,12,12,0
8127,9180,0,0,0
8127,9181,0,0,0
8127,9182,0,0,0
8127,9183,0,0,0
8127,9184,88,19,69
8127,9185,0,0,0
8127,9186,12,0,12
8127,9187,0,0,0
8127,9188,14,0,14
8127,9189,0,0,0
8127,9190,0,0,0
8127,9261,0,0,0
8127,9262,0,0,0
8127,9263,43,0,43
8127,9271,22,11,11
8127,9272,0,0,0
8127,9273,0,0,0
8127,9274,0,0,0
8127,9275,69,0,69
8127,9276,0,0,0
8127,9277,0,0,0
8127,9278,0,0,0
8127,9279,0,0,0
8127,9361,0,0,0
8127,9362,20,0,20
8127,9363,0,0,0
8127,9371,0,0,0
8127,9372,0,0,0
8127,9373,53,0,53
8127,9374,0,0,0
8127,9375,11,11,0
8127,9376,0,0,0
8127,9377,0,0,0
8127,9461,0,0,0
8127,9462,0,0,0
8127,9463,0,0,0
8127,9464,0,0,0
8127,9471,13,13,0
8127,9472,0,0,0
8127,9473,0,0,0
8127,9474,0,0,0
8127,9475,15,0,15
8127,9476,0,0,0
8127,9477,0,0,0
8127,9478,0,0,0
8127,9479,0,0,0
8127,9561,249,104,145
8127,9562,29,10,19
8127,9563,28,12,16
8127,9564,203,78,125
8127,9565,0,0,0
8127,9571,5051,3066,1985
8127,9572,13,0,13
8127,9573,0,0,0
8127,9574,33,15,18
8127,9575,126,74,52
8127,9576,29,16,13
8127,9577,42,25,17
8127,9661,0,0,0
8127,9662,0,0,0
8127,9663,113,42,71
8127,9671,17,17,0
8127,9672,0,0,0
8127,9673,0,0,0
8127,9674,0,0,0
8127,9675,41,28,13
8127,9676,25,25,0
8127,9677,24,24,0
8127,9678,0,0,0
8127,9679,126,97,29
8127,9761,34,16,18
8127,9762,0,0,0
8127,9763,0,0,0
8127,9764,0,0,0
8127,9771,15,0,15
8127,9772,21,0,21
8127,9773,29,18,11
8127,9774,22,12,10
8127,9775,54,24,30
8127,9776,0,0,0
8127,9777,13,0,13
8127,9778,12,0,12
8127,9779,157,64,93
8127,9780,21,0,21
8127,10041,86,13,73
8127,10042,0,0,0
8127,10043,22,10,12
8127,10044,0,0,0
8127,10045,0,0,0
8127,10046,0,0,0
8127,11000,149,73,76
8127,12051,0,0,0
8127,12052,0,0,0
8127,12053,0,0,0
8127,12054,0,0,0
8127,12060,25,0,25
8127,12061,0,0,0
8127,12062,0,0,0
8127,12063,0,0,0
8127,12064,0,0,0
8127,12065,0,0,0
8127,12066,0,0,0
8127,12067,0,0,0
8127,12068,0,0,0
8127,12069,0,0,0
8127,12070,0,0,0
8127,12071,10,10,0
8127,12072,0,0,0
8127,12073,0,0,0
8127,13003,0,0,0
8127,13004,0,0,0
8127,13071,0,0,0
8127,13072,0,0,0
8127,13073,0,0,0
8127,13074,0,0,0
8127,13075,0,0,0
8127,13076,0,0,0
8127,14511,0,0,0
8127,14521,37,37,0
8127,14522,26,26,0
8127,14523,24,24,0
8127,14524,33,33,0
8127,14612,41,30,11
8127,14625,13,13,0
8127,14626,16,16,0
8127,14627,78,18,60
8127,14628,14,14,0
8127,14713,36,25,11
8127,14729,17,17,0
8127,14730,13,13,0
8127,15001,0,0,0
8127,15002,0,0,0
8127,15003,10,10,0
8127,15081,0,0,0
8127,15082,11,11,0
8127,15083,0,0,0
8127,15084,23,23,0
8127,15085,0,0,0
8127,15086,0,0,0
8127,15087,19,19,0
8127,15088,0,0,0
8127,15089,11,11,0
8127,15090,0,0,0
8127,15091,0,0,0
8127,16051,0,0,0
8127,16052,20,20,0
8127,16053,0,0,0
8127,16054,0,0,0
8127,16055,0,0,0
8127,16056,0,0,0
8127,16061,0,0,0
8127,16062,0,0,0
8127,16063,0,0,0
8127,16064,19,19,0
8127,16065,0,0,0
8127,16066,0,0,0
8127,16067,0,0,0
8127,16068,0,0,0
8127,16069,0,0,0
8127,16070,0,0,0
8127,16071,0,0,0
8127,16072,0,0,0
8127,16073,0,0,0
8127,16074,18,18,0
8127,16075,0,0,0
8127,16076,26,13,13
8127,16077,0,0,0
8128,1001,0,0,0
8128,1002,0,0,0
8128,1003,0,0,0
8128,1004,0,0,0
8128,1051,0,0,0
8128,1053,0,0,0
8128,1054,0,0,0
8128,1055,0,0,0
8128,1056,0,0,0
8128,1057,0,0,0
8128,1058,0,0,0
8128,1059,0,0,0
8128,1060,13,13,0
8128,1061,0,0,0
8128,1062,0,0,0
8128,2000,103,41,62
8128,3101,14,14,0
8128,3102,0,0,0
8128,3103,0,0,0
8128,3151,0,0,0
8128,3153,0,0,0
8128,3154,0,0,0
8128,3155,0,0,0
8128,3157,10,10,0
8128,3158,0,0,0
8128,3159,11,11,0
8128,3241,65,32,33
8128,3251,0,0,0
8128,3252,0,0,0
8128,3254,16,16,0
8128,3255,0,0,0
8128,3256,0,0,0
8128,3257,0,0,0
8128,3351,0,0,0
8128,3352,0,0,0
8128,3353,11,11,0
8128,3354,0,0,0
8128,3355,0,0,0
8128,3356,0,0,0
8128,3357,0,0,0
8128,3358,0,0,0
8128,3359,0,0,0
8128,3360,0,0,0
8128,3361,0,0,0
8128,3401,0,0,0
8128,3402,0,0,0
8128,3403,0,0,0
8128,3404,14,0,14
8128,3405,0,0,0
8128,3451,0,0,0
8128,3452,0,0,0
8128,3453,0,0,0
8128,3454,0,0,0
8128,3455,0,0,0
8128,3456,0,0,0
8128,3457,0,0,0
8128,3458,0,0,0
8128,3459,0,0,0
8128,3460,0,0,0
8128,3461,0,0,0
8128,3462,0,0,0
8128,4011,21,21,0
8128,4012,0,0,0
8128,5111,57,18,39
8128,5112,0,0,0
8128,5113,10,0,10
8128,5114,0,0,0
8128,5116,74,0,74
8128,5117,0,0,0
8128,5119,0,0,0
8128,5120,0,0,0
8128,5122,0,0,0
8128,5124,0,0,0
8128,5154,0,0,0
8128,5158,35,24,11
8128,5162,30,17,13
8128,5166,0,0,0
8128,5170,17,17,0
8128,5314,29,10,19
8128,5315,64,36,28
8128,5316,0,0,0
8128,5334,30,15,15
8128,5358,47,14,33
8128,5362,27,11,16
8128,5366,0,0,0
8128,5370,0,0,0
8128,5374,14,0,14
8128,5378,10,10,0
8128,5382,23,13,10
8128,5512,0,0,0
8128,5513,0,0,0
8128,5515,13,13,0
8128,5554,0,0,0
8128,5558,0,0,0
8128,5562,11,11,0
8128,5566,0,0,0
8128,5570,0,0,0
8128,5711,0,0,0
8128,5754,25,12,13
8128,5758,12,12,0
8128,5762,0,0,0
8128,5766,11,11,0
8128,5770,0,0,0
8128,5774,0,0,0
8128,5911,0,0,0
8128,5913,15,15,0
8128,5914,0,0,0
8128,5915,0,0,0
8128,5916,0,0,0
8128,5954,0,0,0
8128,5958,0,0,0
8128,5962,0,0,0
8128,5966,0,0,0
8128,5970,18,18,0
8128,5974,0,0,0
8128,5978,0,0,0
8128,6411,35,16,19
8128,6412,192,44,148
8128,6413,0,0,0
8128,6414,52,27,25
8128,6431,37,16,21
8128,6432,46,17,29
8128,6433,28,10,18
8128,6434,45,15,30
8128,6435,56,35,21
8128,6436,45,17,28
8128,6437,78,15,63
8128,6438,89,32,57
8128,6439,0,0,0
8128,6440,17,0,17
8128,6531,28,17,11
8128,6532,0,0,0
8128,6533,0,0,0
8128,6534,10,10,0
8128,6535,0,0,0
8128,6611,0,0,0
8128,6631,45,29,16
8128,6632,0,0,0
8128,6633,0,0,0
8128,6634,0,0,0
8128,6635,0,0,0
8128,6636,0,0,0
8128,7111,55,0,55
8128,7131,0,0,0
8128,7132,0,0,0
8128,7133,0,0,0
8128,7134,0,0,0
8128,7135,0,0,0
8128,7137,13,13,0
8128,7138,0,0,0
8128,7140,0,0,0
8128,7141,0,0,0
8128,7143,0,0,0
8128,7211,0,0,0
8128,7231,0,0,0
8128,7232,0,0,0
8128,7233,0,0,0
8128,7235,0,0,0
8128,7311,0,0,0
8128,7312,0,0,0
8128,7313,0,0,0
8128,7314,21,10,11
8128,7315,30,30,0
8128,7316,0,0,0
8128,7317,0,0,0
8128,7318,0,0,0
8128,7319,0,0,0
8128,7320,0,0,0
8128,7331,0,0,0
8128,7332,0,0,0
8128,7333,0,0,0
8128,7334,0,0,0
8128,7335,0,0,0
8128,7336,0,0,0
8128,7337,0,0,0
8128,7338,0,0,0
8128,7339,21,21,0
8128,7340,0,0,0
8128,8111,485,93,392
8128,8115,96,18,78
8128,8116,147,61,86
8128,8117,17,0,17
8128,8118,230,74,156
8128,8119,261,103,158
8128,8121,282,73,209
8128,8125,623,252,371
8128,8126,4084,1191,2893
8128,8127,1640,674,966
8128,8128,0,0,0
8128,8135,10,10,0
8128,8136,93,41,52
8128,8211,0,0,0
8128,8212,75,21,54
8128,8215,67,37,30
8128,8216,0,0,0
8128,8221,47,15,32
8128,8222,87,25,62
8128,8225,3679,2192,1487
8128,8226,113,45,68
8128,8231,11,11,0
8128,8235,62,49,13
8128,8236,26,13,13
8128,8237,0,0,0
8128,8311,86,10,76
8128,8315,14,14,0
8128,8316,27,12,15
8128,8317,36,18,18
8128,8325,0,0,0
8128,8326,23,10,13
8128,8327,0,0,0
8128,8335,11,11,0
8128,8336,0,0,0
8128,8337,0,0,0
8128,8415,31,15,16
8128,8416,34,12,22
8128,8417,0,0,0
8128,8421,13,0,13
8128,8425,0,0,0
8128,8426,10,0,10
8128,8435,11,11,0
8128,8436,11,11,0
8128,8437,0,0,0
8128,9161,58,37,21
8128,9162,316,77,239
8128,9163,0,0,0
8128,9171,0,0,0
8128,9172,0,0,0
8128,9173,0,0,0
8128,9174,10,10,0
8128,9175,12,12,0
8128,9176,14,14,0
8128,9177,0,0,0
8128,9178,0,0,0
8128,9179,0,0,0
8128,9180,0,0,0
8128,9181,10,10,0
8128,9182,0,0,0
8128,9183,0,0,0
8128,9184,171,12,159
8128,9185,0,0,0
8128,9186,11,11,0
8128,9187,0,0,0
8128,9188,19,0,19
8128,9189,13,0,13
8128,9190,0,0,0
8128,9261,0,0,0
8128,9262,0,0,0
8128,9263,0,0,0
8128,9271,0,0,0
8128,9272,0,0,0
8128,9273,0,0,0
8128,9274,0,0,0
8128,9275,18,18,0
8128,9276,0,0,0
8128,9277,0,0,0
8128,9278,0,0,0
8128,9279,0,0,0
8128,9361,0,0,0
8128,9362,14,0,14
8128,9363,0,0,0
8128,9371,0,0,0
8128,9372,0,0,0
8128,9373,0,0,0
8128,9374,0,0,0
8128,9375,16,16,0
8128,9376,283,283,0
8128,9377,0,0,0
8128,9461,14,0,14
8128,9462,0,0,0
8128,9463,0,0,0
8128,9464,0,0,0
8128,9471,28,28,0
8128,9472,0,0,0
8128,9473,0,0,0
8128,9474,0,0,0
8128,9475,0,0,0
8128,9476,0,0,0
8128,9477,0,0,0
8128,9478,0,0,0
8128,9479,0,0,0
8128,9561,18,0,18
8128,9562,35,10,25
8128,9563,0,0,0
8128,9564,148,34,114
8128,9565,0,0,0
8128,9571,635,289,346
8128,9572,12,12,0
8128,9573,0,0,0
8128,9574,17,0,17
8128,9575,359,171,188
8128,9576,0,0,0
8128,9577,20,20,0
8128,9661,146,54,92
8128,9662,76,25,51
8128,9663,3051,1072,1979
8128,9671,234,146,88
8128,9672,60,30,30
8128,9673,21,11,10
8128,9674,35,25,10
8128,9675,349,199,150
8128,9676,2906,1986,920
8128,9677,4416,2524,1892
8128,9678,75,55,20
8128,9679,4850,3144,1706
8128,9761,0,0,0
8128,9762,0,0,0
8128,9763,0,0,0
8128,9764,0,0,0
8128,9771,0,0,0
8128,9772,31,18,13
8128,9773,52,0,52
8128,9774,0,0,0
8128,9775,32,15,17
8128,9776,0,0,0
8128,9777,0,0,0
8128,9778,0,0,0
8128,9779,12,12,0
8128,9780,0,0,0
8128,10041,21,10,11
8128,10042,0,0,0
8128,10043,46,0,46
8128,10044,0,0,0
8128,10045,0,0,0
8128,10046,0,0,0
8128,11000,164,83,81
8128,12051,0,0,0
8128,12052,0,0,0
8128,12053,0,0,0
8128,12054,0,0,0
8128,12060,0,0,0
8128,12061,0,0,0
8128,12062,0,0,0
8128,12063,0,0,0
8128,12064,0,0,0
8128,12065,12,12,0
8128,12066,0,0,0
8128,12067,0,0,0
8128,12068,0,0,0
8128,12069,10,10,0
8128,12070,0,0,0
8128,12071,0,0,0
8128,12072,0,0,0
8128,12073,0,0,0
8128,13003,0,0,0
8128,13004,0,0,0
8128,13071,0,0,0
8128,13072,0,0,0
8128,13073,0,0,0
8128,13074,0,0,0
8128,13075,0,0,0
8128,13076,0,0,0
8128,14511,0,0,0
8128,14521,0,0,0
8128,14522,10,10,0
8128,14523,19,19,0
8128,14524,0,0,0
8128,14612,27,14,13
8128,14625,0,0,0
8128,14626,0,0,0
8128,14627,0,0,0
8128,14628,0,0,0
8128,14713,15,15,0
8128,14729,0,0,0
8128,14730,0,0,0
8128,15001,0,0,0
8128,15002,0,0,0
8128,15003,0,0,0
8128,15081,0,0,0
8128,15082,0,0,0
8128,15083,0,0,0
8128,15084,0,0,0
8128,15085,0,0,0
8128,15086,0,0,0
8128,15087,0,0,0
8128,15088,0,0,0
8128,15089,0,0,0
8128,15090,0,0,0
8128,15091,0,0,0
8128,16051,21,10,11
8128,16052,0,0,0
8128,16053,0,0,0
8128,16054,0,0,0
8128,16055,0,0,0
8128,16056,0,0,0
8128,16061,0,0,0
8128,16062,0,0,0
8128,16063,0,0,0
8128,16064,0,0,0
8128,16065,23,0,23
8128,16066,15,15,0
8128,16067,0,0,0
8128,16068,0,0,0
8128,16069,0,0,0
8128,16070,0,0,0
8128,16071,0,0,0
8128,16072,0,0,0
8128,16073,0,0,0
8128,16074,0,0,0
8128,16075,0,0,0
8128,16076,0,0,0
8128,16077,0,0,0
8135,1001,0,0,0
8135,1002,0,0,0
8135,1003,0,0,0
8135,1004,0,0,0
8135,1051,0,0,0
8135,1053,0,0,0
8135,1054,0,0,0
8135,1055,0,0,0
8135,1056,0,0,0
8135,1057,0,0,0
8135,1058,0,0,0
8135,1059,0,0,0
8135,1060,0,0,0
8135,1061,0,0,0
8135,1062,0,0,0
8135,2000,62,19,43
8135,3101,0,0,0
8135,3102,0,0,0
8135,3103,0,0,0
8135,3151,0,0,0
8135,3153,0,0,0
8135,3154,0,0,0
8135,3155,0,0,0
8135,3157,0,0,0
8135,3158,0,0,0
8135,3159,0,0,0
8135,3241,34,21,13
8135,3251,0,0,0
8135,3252,0,0,0
8135,3254,0,0,0
8135,3255,0,0,0
8135,3256,0,0,0
8135,3257,0,0,0
8135,3351,0,0,0
8135,3352,0,0,0
8135,3353,0,0,0
8135,3354,0,0,0
8135,3355,0,0,0
8135,3356,0,0,0
8135,3357,0,0,0
8135,3358,0,0,0
8135,3359,0,0,0
8135,3360,0,0,0
8135,3361,0,0,0
8135,3401,0,0,0
8135,3402,0,0,0
8135,3403,0,0,0
8135,3404,0,0,0
8135,3405,0,0,0
8135,3451,0,0,0
8135,3452,0,0,0
8135,3453,0,0,0
8135,3454,0,0,0
8135,3455,0,0,0
8135,3456,0,0,0
8135,3457,0,0,0
8135,3458,0,0,0
8135,3459,0,0,0
8135,3460,0,0,0
8135,3461,0,0,0
8135,3462,0,0,0
8135,4011,10,10,0
8135,4012,0,0,0
8135,5111,43,15,28
8135,5112,0,0,0
8135,5113,0,0,0
8135,5114,0,0,0
8135,5116,11,11,0
8135,5117,0,0,0
8135,5119,0,0,0
8135,5120,0,0,0
8135,5122,0,0,0
8135,5124,0,0,0
8135,5154,0,0,0
8135,5158,0,0,0
8135,5162,51,18,33
8135,5166,13,0,13
8135,5170,0,0,0
8135,5314,0,0,0
8135,5315,62,19,43
8135,5316,0,0,0
8135,5334,36,25,11
8135,5358,161,161,0
8135,5362,13,13,0
8135,5366,0,0,0
8135,5370,12,12,0
8135,5374,53,0,53
8135,5378,0,0,0
8135,5382,0,0,0
8135,5512,0,0,0
8135,5513,0,0,0
8135,5515,0,0,0
8135,5554,0,0,0
8135,5558,0,0,0
8135,5562,13,13,0
8135,5566,0,0,0
8135,5570,0,0,0
8135,5711,0,0,0
8135,5754,12,0,12
8135,5758,0,0,0
8135,5762,0,0,0
8135,5766,0,0,0
8135,5770,0,0,0
8135,5774,0,0,0
8135,5911,0,0,0
8135,5913,0,0,0
8135,5914,0,0,0
8135,5915,0,0,0
8135,5916,0,0,0
8135,5954,0,0,0
8135,5958,0,0,0
8135,5962,0,0,0
8135,5966,0,0,0
8135,5970,0,0,0
8135,5974,0,0,0
8135,5978,18,18,0
8135,6411,0,0,0
8135,6412,68,14,54
8135,6413,0,0,0
8135,6414,17,0,17
8135,6431,0,0,0
8135,6432,0,0,0
8135,6433,10,10,0
8135,6434,16,0,16
8135,6435,13,0,13
8135,6436,20,0,20
8135,6437,0,0,0
8135,6438,23,10,13
8135,6439,0,0,0
8135,6440,11,0,11
8135,6531,0,0,0
8135,6532,0,0,0
8135,6533,0,0,0
8135,6534,0,0,0
8135,6535,0,0,0
8135,6611,0,0,0
8135,6631,11,0,11
8135,6632,0,0,0
8135,6633,0,0,0
8135,6634,0,0,0
8135,6635,0,0,0
8135,6636,0,0,0
8135,7111,0,0,0
8135,7131,0,0,0
8135,7132,0,0,0
8135,7133,0,0,0
8135,7134,0,0,0
8135,7135,0,0,0
8135,7137,0,0,0
8135,7138,11,11,0
8135,7140,0,0,0
8135,7141,0,0,0
8135,7143,0,0,0
8135,7211,0,0,0
8135,7231,0,0,0
8135,7232,0,0,0
8135,7233,0,0,0
8135,7235,0,0,0
8135,7311,0,0,0
8135,7312,0,0,0
8135,7313,0,0,0
8135,7314,0,0,0
8135,7315,0,0,0
8135,7316,0,0,0
8135,7317,0,0,0
8135,7318,0,0,0
8135,7319,11,11,0
8135,7320,0,0,0
8135,7331,0,0,0
8135,7332,0,0,0
8135,7333,0,0,0
8135,7334,0,0,0
8135,7335,0,0,0
8135,7336,0,0,0
8135,7337,0,0,0
8135,7338,0,0,0
8135,7339,13,0,13
8135,7340,0,0,0
8135,8111,726,72,654
8135,8115,128,53,75
8135,8116,325,116,209
8135,8117,2116,1225,891
8135,8118,177,86,91
8135,8119,200,63,137
8135,8121,20,0,20
8135,8125,108,49,59
8135,8126,46,15,31
8135,8127,254,145,109
8135,8128,10,0,10
8135,8135,0,0,0
8135,8136,9137,3681,5456
8135,8211,0,0,0
8135,8212,47,16,31
8135,8215,39,26,13
8135,8216,0,0,0
8135,8221,17,0,17
8135,8222,38,13,25
8135,8225,0,0,0
8135,8226,55,15,40
8135,8231,0,0,0
8135,8235,13,13,0
8135,8236,63,22,41
8135,8237,0,0,0
8135,8311,0,0,0
8135,8315,14,14,0
8135,8316,0,0,0
8135,8317,36,26,10
8135,8325,0,0,0
8135,8326,27,14,13
8135,8327,12,0,12
8135,8335,29,13,16
8135,8336,0,0,0
8135,8337,0,0,0
8135,8415,119,88,31
8135,8416,51,20,31
8135,8417,23,10,13
8135,8421,2664,659,2005
8135,8425,2858,1369,1489
8135,8426,203,84,119
8135,8435,55,34,21
8135,8436,184,144,40
8135,8437,30,12,18
8135,9161,18,0,18
8135,9162,261,74,187
8135,9163,0,0,0
8135,9171,0,0,0
8135,9172,0,0,0
8135,9173,0,0,0
8135,9174,0,0,0
8135,9175,0,0,0
8135,9176,0,0,0
8135,9177,0,0,0
8135,9178,45,12,33
8135,9179,27,13,14
8135,9180,0,0,0
8135,9181,0,0,0
8135,9182,0,0,0
8135,9183,0,0,0
8135,9184,91,14,77
8135,9185,0,0,0
8135,9186,18,0,18
8135,9187,11,0,11
8135,9188,0,0,0
8135,9189,22,22,0
8135,9190,0,0,0
8135,9261,0,0,0
8135,9262,0,0,0
8135,9263,0,0,0
8135,9271,0,0,0
8135,9272,0,0,0
8135,9273,0,0,0
8135,9274,0,0,0
8135,9275,0,0,0
8135,9276,0,0,0
8135,9277,0,0,0
8135,9278,0,0,0
8135,9279,0,0,0
8135,9361,0,0,0
8135,9362,19,0,19
8135,9363,0,0,0
8135,9371,0,0,0
8135,9372,0,0,0
8135,9373,0,0,0
8135,9374,0,0,0
8135,9375,0,0,0
8135,9376,0,0,0
8135,9377,0,0,0
8135,9461,0,0,0
8135,9462,0,0,0
8135,9463,0,0,0
8135,9464,0,0,0
8135,9471,0,0,0
8135,9472,0,0,0
8135,9473,0,0,0
8135,9474,22,22,0
8135,9475,11,0,11
8135,9476,0,0,0
8135,9477,0,0,0
8135,9478,0,0,0
8135,9479,0,0,0
8135,9561,10,0,10
8135,9562,0,0,0
8135,9563,0,0,0
8135,9564,58,19,39
8135,9565,0,0,0
8135,9571,73,47,26
8135,9572,15,15,0
8135,9573,0,0,0
8135,9574,0,0,0
8135,9575,0,0,0
8135,9576,0,0,0
8135,9577,13,13,0
8135,9661,0,0,0
8135,9662,0,0,0
8135,9663,18,0,18
8135,9671,0,0,0
8135,9672,0,0,0
8135,9673,0,0,0
8135,9674,0,0,0
8135,9675,0,0,0
8135,9676,0,0,0
8135,9677,11,0,11
8135,9678,18,0,18
8135,9679,0,0,0
8135,9761,204,51,153
8135,9762,0,0,0
8135,9763,21,11,10
8135,9764,40,22,18
8135,9771,14,14,0
8135,9772,109,58,51
8135,9773,4787,3373,1414
8135,9774,1421,466,955
8135,9775,1650,658,992
8135,9776,24,14,10
8135,9777,35,21,14
8135,9778,71,58,13
8135,9779,496,328,168
8135,9780,38,16,22
8135,10041,22,12,10
8135,10042,0,0,0
8135,10043,0,0,0
8135,10044,0,0,0
8135,10045,0,0,0
8135,10046,0,0,0
8135,11000,131,42,89
8135,12051,0,0,0
8135,12052,0,0,0
8135,12053,0,0,0
8135,12054,0,0,0
8135,12060,0,0,0
8135,12061,0,0,0
8135,12062,0,0,0
8135,12063,0,0,0
8135,12064,0,0,0
8135,12065,0,0,0
8135,12066,0,0,0
8135,12067,0,0,0
8135,12068,0,0,0
8135,12069,0,0,0
8135,12070,0,0,0
8135,12071,0,0,0
8135,12072,0,0,0
8135,12073,0,0,0
8135,13003,0,0,0
8135,13004,0,0,0
8135,13071,0,0,0
8135,13072,0,0,0
8135,13073,0,0,0
8135,13074,0,0,0
8135,13075,0,0,0
8135,13076,0,0,0
8135,14511,0,0,0
8135,14521,0,0,0
8135,14522,10,10,0
8135,14523,0,0,0
8135,14524,15,15,0
8135,14612,16,16,0
8135,14625,0,0,0
8135,14626,0,0,0
8135,14627,10,10,0
8135,14628,0,0,0
8135,14713,12,12,0
8135,14729,0,0,0
8135,14730,10,10,0
8135,15001,0,0,0
8135,15002,0,0,0
8135,15003,0,0,0
8135,15081,0,0,0
8135,15082,0,0,0
8135,15083,0,0,0
8135,15084,0,0,0
8135,15085,0,0,0
8135,15086,0,0,0
8135,15087,0,0,0
8135,15088,0,0,0
8135,15089,0,0,0
8135,15090,0,0,0
8135,15091,0,0,0
8135,16051,0,0,0
8135,16052,0,0,0
8135,16053,0,0,0
8135,16054,0,0,0
8135,16055,0,0,0
8135,16056,0,0,0
8135,16061,0,0,0
8135,16062,0,0,0
8135,16063,0,0,0
8135,16064,0,0,0
8135,16065,0,0,0
8135,16066,0,0,0
8135,16067,0,0,0
8135,16068,0,0,0
8135,16069,0,0,0
8135,16070,0,0,0
8135,16071,0,0,0
8135,16072,0,0,0
8135,16073,0,0,0
8135,16074,0,0,0
8135,16075,0,0,0
8135,16076,0,0,0
8135,16077,0,0,0
8136,1001,0,0,0
8136,1002,0,0,0
8136,1003,10,0,10
8136,1004,0,0,0
8136,1051,0,0,0
8136,1053,45,45,0
8136,1054,0,0,0
8136,1055,0,0,0
8136,1056,10,10,0
8136,1057,0,0,0
8136,1058,0,0,0
8136,1059,0,0,0
8136,1060,0,0,0
8136,1061,0,0,0
8136,1062,16,16,0
8136,2000,255,73,182
8136,3101,17,17,0
8136,3102,0,0,0
8136,3103,17,0,17
8136,3151,0,0,0
8136,3153,0,0,0
8136,3154,0,0,0
8136,3155,0,0,0
8136,3157,0,0,0
8136,3158,0,0,0
8136,3159,39,24,15
8136,3241,114,74,40
8136,3251,12,12,0
8136,3252,0,0,0
8136,3254,11,11,0
8136,3255,0,0,0
8136,3256,0,0,0
8136,3257,0,0,0
8136,3351,16,16,0
8136,3352,0,0,0
8136,3353,10,10,0
8136,3354,0,0,0
8136,3355,0,0,0
8136,3356,0,0,0
8136,3357,0,0,0
8136,3358,0,0,0
8136,3359,0,0,0
8136,3360,0,0,0
8136,3361,0,0,0
8136,3401,0,0,0
8136,3402,0,0,0
8136,3403,0,0,0
8136,3404,0,0,0
8136,3405,0,0,0
8136,3451,0,0,0
8136,3452,0,0,0
8136,3453,0,0,0
8136,3454,16,16,0
8136,3455,0,0,0
8136,3456,0,0,0
8136,3457,10,10,0
8136,3458,0,0,0
8136,3459,12,12,0
8136,3460,0,0,0
8136,3461,0,0,0
8136,3462,0,0,0
8136,4011,27,15,12
8136,4012,0,0,0
8136,5111,115,20,95
8136,5112,25,11,14
8136,5113,25,14,11
8136,5114,0,0,0
8136,5116,22,0,22
8136,5117,0,0,0
8136,5119,0,0,0
8136,5120,0,0,0
8136,5122,0,0,0
8136,5124,64,12,52
8136,5154,0,0,0
8136,5158,58,23,35
8136,5162,35,0,35
8136,5166,10,10,0
8136,5170,14,14,0
8136,5314,30,13,17
8136,5315,108,36,72
8136,5316,0,0,0
8136,5334,44,21,23
8136,5358,0,0,0
8136,5362,34,14,20
8136,5366,0,0,0
8136,5370,0,0,0
8136,5374,64,0,64
8136,5378,11,11,0
8136,5382,21,21,0
8136,5512,0,0,0
8136,5513,0,0,0
8136,5515,23,12,11
8136,5554,0,0,0
8136,5558,10,0,10
8136,5562,47,34,13
8136,5566,25,10,15
8136,5570,0,0,0
8136,5711,31,16,15
8136,5754,42,12,30
8136,5758,11,11,0
8136,5762,0,0,0
8136,5766,15,15,0
8136,5770,0,0,0
8136,5774,0,0,0
8136,5911,27,17,10
8136,5913,49,28,21
8136,5914,0,0,0
8136,5915,0,0,0
8136,5916,0,0,0
8136,5954,14,14,0
8136,5958,0,0,0
8136,5962,34,14,20
8136,5966,0,0,0
8136,5970,0,0,0
8136,5974,10,10,0
8136,5978,22,22,0
8136,6411,10,0,10
8136,6412,203,41,162
8136,6413,0,0,0
8136,6414,56,13,43
8136,6431,51,38,13
8136,6432,27,15,12
8136,6433,29,10,19
8136,6434,65,32,33
8136,6435,33,19,14
8136,6436,46,19,27
8136,6437,0,0,0
8136,6438,63,19,44
8136,6439,14,14,0
8136,6440,18,18,0
8136,6531,37,22,15
8136,6532,61,44,17
8136,6533,0,0,0
8136,6534,12,12,0
8136,6535,23,23,0
8136,6611,0,0,0
8136,6631,25,12,13
8136,6632,0,0,0
8136,6633,18,18,0
8136,6634,10,0,10
8136,6635,0,0,0
8136,6636,0,0,0
8136,7111,0,0,0
8136,7131,15,0,15
8136,7132,0,0,0
8136,7133,0,0,0
8136,7134,0,0,0
8136,7135,0,0,0
8136,7137,0,0,0
8136,7138,10,0,10
8136,7140,0,0,0
8136,7141,0,0,0
8136,7143,0,0,0
8136,7211,0,0,0
8136,7231,0,0,0
8136,7232,0,0,0
8136,7233,0,0,0
8136,7235,13,0,13
8136,7311,0,0,0
8136,7312,0,0,0
8136,7313,0,0,0
8136,7314,28,13,15
8136,7315,0,0,0
8136,7316,0,0,0
8136,7317,0,0,0
8136,7318,0,0,0
8136,7319,0,0,0
8136,7320,0,0,0
8136,7331,11,11,0
8136,7332,0,0,0
8136,7333,0,0,0
8136,7334,10,10,0
8136,7335,10,10,0
8136,7336,0,0,0
8136,7337,11,11,0
8136,7338,12,12,0
8136,7339,11,11,0
8136,7340,0,0,0
8136,8111,4466,831,3635
8136,8115,518,199,319
8136,8116,1605,610,995
8136,8117,4320,2256,2064
8136,8118,955,426,529
8136,8119,10036,3816,6220
8136,8121,133,50,83
8136,8125,301,122,179
8136,8126,247,80,167
8136,8127,5477,2559,2918
8136,8128,93,52,41
8136,8135,9137,5456,3681
8136,8136,0,0,0
8136,8211,0,0,0
8136,8212,241,68,173
8136,8215,116,76,40
8136,8216,56,30,26
8136,8221,51,23,28
8136,8222,105,51,54
8136,8225,61,44,17
8136,8226,164,108,56
8136,8231,79,62,17
8136,8235,73,52,21
8136,8236,104,73,31
8136,8237,99,39,60
8136,8311,59,31,28
8136,8315,58,40,18
8136,8316,30,20,10
8136,8317,119,81,38
8136,8325,108,83,25
8136,8326,72,26,46
8136,8327,76,56,20
8136,8335,70,35,35
8136,8336,29,14,15
8136,8337,28,14,14
8136,8415,211,122,89
8136,8416,243,93,150
8136,8417,102,76,26
8136,8421,879,321,558
8136,8425,505,382,123
8136,8426,194,123,71
8136,8435,134,68,66
8136,8436,178,126,52
8136,8437,81,56,25
8136,9161,39,10,29
8136,9162,504,137,367
8136,9163,0,0,0
8136,9171,0,0,0
8136,9172,13,0,13
8136,9173,10,0,10
8136,9174,29,14,15
8136,9175,0,0,0
8136,9176,24,11,13
8136,9177,10,0,10
8136,9178,53,15,38
8136,9179,21,0,21
8136,9180,0,0,0
8136,9181,28,12,16
8136,9182,0,0,0
8136,9183,0,0,0
8136,9184,136,25,111
8136,9185,10,0,10
8136,9186,13,0,13
8136,9187,23,11,12
8136,9188,33,13,20
8136,9189,0,0,0
8136,9190,10,0,10
8136,9261,0,0,0
8136,9262,0,0,0
8136,9263,0,0,0
8136,9271,0,0,0
8136,9272,0,0,0
8136,9273,24,14,10
8136,9274,21,0,21
8136,9275,0,0,0
8136,9276,0,0,0
8136,9277,13,13,0
8136,9278,0,0,0
8136,9279,0,0,0
8136,9361,0,0,0
8136,9362,33,18,15
8136,9363,0,0,0
8136,9371,0,0,0
8136,9372,0,0,0
8136,9373,16,0,16
8136,9374,0,0,0
8136,9375,30,10,20
8136,9376,0,0,0
8136,9377,0,0,0
8136,9461,0,0,0
8136,9462,0,0,0
8136,9463,0,0,0
8136,9464,0,0,0
8136,9471,11,11,0
8136,9472,13,13,0
8136,9473,0,0,0
8136,9474,10,10,0
8136,9475,16,0,16
8136,9476,0,0,0
8136,9477,0,0,0
8136,9478,0,0,0
8136,9479,0,0,0
8136,9561,93,33,60
8136,9562,20,0,20
8136,9563,13,13,0
8136,9564,163,56,107
8136,9565,13,13,0
8136,9571,2359,1549,810
8136,9572,30,18,12
8136,9573,24,24,0
8136,9574,13,0,13
8136,9575,40,23,17
8136,9576,22,22,0
8136,9577,86,52,34
8136,9661,0,0,0
8136,9662,12,0,12
8136,9663,60,26,34
8136,9671,16,16,0
8136,9672,11,11,0
8136,9673,0,0,0
8136,9674,0,0,0
8136,9675,32,21,11
8136,9676,0,0,0
8136,9677,34,18,16
8136,9678,20,20,0
8136,9679,51,28,23
8136,9761,144,64,80
8136,9762,0,0,0
8136,9763,0,0,0
8136,9764,11,0,11
8136,9771,33,19,14
8136,9772,127,40,87
8136,9773,524,360,164
8136,9774,164,88,76
8136,9775,449,268,181
8136,9776,34,21,13
8136,9777,37,20,17
8136,9778,41,28,13
8136,9779,3881,1895,1986
8136,9780,44,22,22
8136,10041,72,25,47
8136,10042,0,0,0
8136,10043,0,0,0
8136,10044,11,11,0
8136,10045,17,17,0
8136,10046,0,0,0
8136,11000,270,111,159
8136,12051,0,0,0
8136,12052,0,0,0
8136,12053,0,0,0
8136,12054,0,0,0
8136,12060,0,0,0
8136,12061,13,13,0
8136,12062,15,15,0
8136,12063,0,0,0
8136,12064,0,0,0
8136,12065,0,0,0
8136,12066,12,12,0
8136,12067,0,0,0
8136,12068,14,14,0
8136,12069,23,23,0
8136,12070,0,0,0
8136,12071,11,11,0
8136,12072,0,0,0
8136,12073,0,0,0
8136,13003,0,0,0
8136,13004,0,0,0
8136,13071,11,11,0
8136,13072,0,0,0
8136,13073,12,12,0
8136,13074,0,0,0
8136,13075,10,10,0
8136,13076,15,15,0
8136,14511,22,22,0
8136,14521,29,29,0
8136,14522,13,13,0
8136,14523,16,16,0
8136,14524,29,29,0
8136,14612,57,35,22
8136,14625,10,10,0
8136,14626,0,0,0
8136,14627,15,15,0
8136,14628,16,16,0
8136,14713,44,25,19
8136,14729,34,34,0
8136,14730,11,11,0
8136,15001,0,0,0
8136,15002,15,15,0
8136,15003,0,0,0
8136,15081,0,0,0
8136,15082,0,0,0
8136,15083,0,0,0
8136,15084,12,12,0
8136,15085,0,0,0
8136,15086,0,0,0
8136,15087,17,0,17
8136,15088,12,12,0
8136,15089,0,0,0
8136,15090,0,0,0
8136,15091,0,0,0
8136,16051,19,19,0
8136,16052,13,13,0
8136,16053,37,23,14
8136,16054,0,0,0
8136,16055,0,0,0
8136,16056,0,0,0
8136,16061,0,0,0
8136,16062,0,0,0
8136,16063,0,0,0
8136,16064,0,0,0
8136,16065,0,0,0
8136,16066,0,0,0
8136,16067,0,0,0
8136,16068,0,0,0
8136,16069,0,0,0
8136,16070,13,13,0
8136,16071,10,10,0
8136,16072,0,0,0
8136,16073,10,10,0
8136,16074,0,0,0
8136,16075,10,10,0
8136,16076,16,16,0
8136,16077,22,22,0
8211,1001,0,0,0
8211,1002,0,0,0
8211,1003,0,0,0
8211,1004,0,0,0
8211,1051,0,0,0
8211,1053,0,0,0
8211,1054,10,10,0
8211,1055,0,0,0
8211,1056,0,0,0
8211,1057,0,0,0
8211,1058,0,0,0
8211,1059,0,0,0
8211,1060,0,0,0
8211,1061,0,0,0
8211,1062,12,12,0
8211,2000,166,116,50
8211,3101,0,0,0
8211,3102,0,0,0
8211,3103,0,0,0
8211,3151,0,0,0
8211,3153,0,0,0
8211,3154,0,0,0
8211,3155,0,0,0
8211,3157,0,0,0
8211,3158,0,0,0
8211,3159,0,0,0
8211,3241,30,16,14
8211,3251,0,0,0
8211,3252,0,0,0
8211,3254,0,0,0
8211,3255,0,0,0
8211,3256,0,0,0
8211,3257,0,0,0
8211,3351,0,0,0
8211,3352,0,0,0
8211,3353,0,0,0
8211,3354,0,0,0
8211,3355,0,0,0
8211,3356,0,0,0
8211,3357,0,0,0
8211,3358,0,0,0
8211,3359,0,0,0
8211,3360,0,0,0
8211,3361,0,0,0
8211,3401,0,0,0
8211,3402,0,0,0
8211,3403,0,0,0
8211,3404,0,0,0
8211,3405,0,0,0
8211,3451,0,0,0
8211,3452,0,0,0
8211,3453,0,0,0
8211,3454,11,0,11
8211,3455,0,0,0
8211,3456,0,0,0
8211,3457,0,0,0
8211,3458,0,0,0
8211,3459,0,0,0
8211,3460,0,0,0
8211,3461,0,0,0
8211,3462,0,0,0
8211,4011,0,0,0
8211,4012,0,0,0
8211,5111,65,27,38
8211,5112,18,18,0
8211,5113,53,53,0
8211,5114,0,0,0
8211,5116,0,0,0
8211,5117,0,0,0
8211,5119,0,0,0
8211,5120,0,0,0
8211,5122,0,0,0
8211,5124,10,10,0
8211,5154,0,0,0
8211,5158,16,16,0
8211,5162,14,0,14
8211,5166,0,0,0
8211,5170,25,25,0
8211,5314,11,11,0
8211,5315,69,30,39
8211,5316,11,11,0
8211,5334,0,0,0
8211,5358,0,0,0
8211,5362,0,0,0
8211,5366,0,0,0
8211,5370,0,0,0
8211,5374,0,0,0
8211,5378,10,10,0
8211,5382,0,0,0
8211,5512,14,14,0
8211,5513,33,33,0
8211,5515,0,0,0
8211,5554,19,0,19
8211,5558,0,0,0
8211,5562,58,58,0
8211,5566,0,0,0
8211,5570,0,0,0
8211,5711,10,10,0
8211,5754,0,0,0
8211,5758,19,19,0
8211,5762,0,0,0
8211,5766,39,39,0
8211,5770,0,0,0
8211,5774,0,0,0
8211,5911,0,0,0
8211,5913,14,14,0
8211,5914,0,0,0
8211,5915,0,0,0
8211,5916,10,10,0
8211,5954,0,0,0
8211,5958,0,0,0
8211,5962,0,0,0
8211,5966,0,0,0
8211,5970,0,0,0
8211,5974,0,0,0
8211,5978,61,0,61
8211,6411,11,0,11
8211,6412,165,44,121
8211,6413,23,0,23
8211,6414,14,0,14
8211,6431,37,21,16
8211,6432,16,16,0
8211,6433,0,0,0
8211,6434,10,10,0
8211,6435,13,13,0
8211,6436,0,0,0
8211,6437,0,0,0
8211,6438,10,10,0
8211,6439,0,0,0
8211,6440,0,0,0
8211,6531,0,0,0
8211,6532,0,0,0
8211,6533,0,0,0
8211,6534,0,0,0
8211,6535,0,0,0
8211,6611,0,0,0
8211,6631,0,0,0
8211,6632,0,0,0
8211,6633,0,0,0
8211,6634,0,0,0
8211,6635,0,0,0
8211,6636,0,0,0
8211,7111,0,0,0
8211,7131,0,0,0
8211,7132,0,0,0
8211,7133,0,0,0
8211,7134,0,0,0
8211,7135,0,0,0
8211,7137,0,0,0
8211,7138,0,0,0
8211,7140,0,0,0
8211,7141,0,0,0
8211,7143,0,0,0
8211,7211,0,0,0
8211,7231,0,0,0
8211,7232,0,0,0
8211,7233,0,0,0
8211,7235,0,0,0
8211,7311,22,22,0
8211,7312,18,18,0
8211,7313,21,21,0
8211,7314,94,80,14
8211,7315,15,15,0
8211,7316,18,18,0
8211,7317,0,0,0
8211,7318,42,42,0
8211,7319,15,15,0
8211,7320,0,0,0
8211,7331,0,0,0
8211,7332,33,33,0
8211,7333,19,19,0
8211,7334,181,116,65
8211,7335,30,30,0
8211,7336,13,13,0
8211,7337,63,63,0
8211,7338,55,55,0
8211,7339,0,0,0
8211,7340,12,12,0
8211,8111,505,77,428
8211,8115,66,23,43
8211,8116,65,30,35
8211,8117,0,0,0
8211,8118,102,46,56
8211,8119,70,23,47
8211,8121,19,19,0
8211,8125,24,24,0
8211,8126,0,0,0
8211,8127,0,0,0
8211,8128,0,0,0
8211,8135,0,0,0
8211,8136,0,0,0
8211,8211,0,0,0
8211,8212,2236,1073,1163
8211,8215,1415,858,557
8211,8216,18613,12293,6320
8211,8221,56,24,32
8211,8222,185,78,107
8211,8225,0,0,0
8211,8226,150,90,60
8211,8231,134,55,79
8211,8235,137,93,44
8211,8236,142,99,43
8211,8237,94,55,39
8211,8311,224,79,145
8211,8315,75,44,31
8211,8316,64,52,12
8211,8317,2175,1510,665
8211,8325,16,16,0
8211,8326,20,20,0
8211,8327,0,0,0
8211,8335,22,22,0
8211,8336,16,16,0
8211,8337,20,10,10
8211,8415,14,14,0
8211,8416,16,16,0
8211,8417,12,12,0
8211,8421,0,0,0
8211,8425,0,0,0
8211,8426,0,0,0
8211,8435,10,10,0
8211,8436,0,0,0
8211,8437,0,0,0
8211,9161,0,0,0
8211,9162,143,42,101
8211,9163,0,0,0
8211,9171,0,0,0
8211,9172,0,0,0
8211,9173,0,0,0
8211,9174,0,0,0
8211,9175,0,0,0
8211,9176,0,0,0
8211,9177,0,0,0
8211,9178,0,0,0
8211,9179,22,22,0
8211,9180,0,0,0
8211,9181,0,0,0
8211,9182,0,0,0
8211,9183,0,0,0
8211,9184,13,0,13
8211,9185,0,0,0
8211,9186,0,0,0
8211,9187,0,0,0
8211,9188,0,0,0
8211,9189,0,0,0
8211,9190,0,0,0
8211,9261,0,0,0
8211,9262,0,0,0
8211,9263,0,0,0
8211,9271,0,0,0
8211,9272,0,0,0
8211,9273,0,0,0
8211,9274,0,0,0
8211,9275,0,0,0
8211,9276,0,0,0
8211,9277,0,0,0
8211,9278,0,0,0
8211,9279,0,0,0
8211,9361,0,0,0
8211,9362,0,0,0
8211,9363,0,0,0
8211,9371,0,0,0
8211,9372,0,0,0
8211,9373,0,0,0
8211,9374,0,0,0
8211,9375,0,0,0
8211,9376,0,0,0
8211,9377,0,0,0
8211,9461,0,0,0
8211,9462,0,0,0
8211,9463,0,0,0
8211,9464,0,0,0
8211,9471,0,0,0
8211,9472,0,0,0
8211,9473,0,0,0
8211,9474,0,0,0
8211,9475,0,0,0
8211,9476,0,0,0
8211,9477,0,0,0
8211,9478,0,0,0
8211,9479,0,0,0
8211,9561,0,0,0
8211,9562,0,0,0
8211,9563,0,0,0
8211,9564,26,15,11
8211,9565,0,0,0
8211,9571,0,0,0
8211,9572,0,0,0
8211,9573,0,0,0
8211,9574,0,0,0
8211,9575,0,0,0
8211,9576,0,0,0
8211,9577,0,0,0
8211,9661,0,0,0
8211,9662,0,0,0
8211,9663,0,0,0
8211,9671,0,0,0
8211,9672,0,0,0
8211,9673,0,0,0
8211,9674,0,0,0
8211,9675,0,0,0
8211,9676,0,0,0
8211,9677,0,0,0
8211,9678,0,0,0
8211,9679,0,0,0
8211,9761,0,0,0
8211,9762,0,0,0
8211,9763,0,0,0
8211,9764,0,0,0
8211,9771,0,0,0
8211,9772,0,0,0
8211,9773,0,0,0
8211,9774,0,0,0
8211,9775,0,0,0
8211,9776,0,0,0
8211,9777,0,0,0
8211,9778,0,0,0
8211,9779,0,0,0
8211,9780,0,0,0
8211,10041,27,17,10
8211,10042,0,0,0
8211,10043,0,0,0
8211,10044,0,0,0
8211,10045,0,0,0
8211,10046,0,0,0
8211,11000,147,75,72
8211,12051,0,0,0
8211,12052,0,0,0
8211,12053,0,0,0
8211,12054,0,0,0
8211,12060,0,0,0
8211,12061,0,0,0
8211,12062,0,0,0
8211,12063,0,0,0
8211,12064,0,0,0
8211,12065,0,0,0
8211,12066,0,0,0
8211,12067,0,0,0
8211,12068,0,0,0
8211,12069,0,0,0
8211,12070,0,0,0
8211,12071,0,0,0
8211,12072,0,0,0
8211,12073,0,0,0
8211,13003,0,0,0
8211,13004,0,0,0
8211,13071,0,0,0
8211,13072,0,0,0
8211,13073,0,0,0
8211,13074,0,0,0
8211,13075,0,0,0
8211,13076,0,0,0
8211,14511,0,0,0
8211,14521,0,0,0
8211,14522,0,0,0
8211,14523,0,0,0
8211,14524,0,0,0
8211,14612,10,10,0
8211,14625,0,0,0
8211,14626,0,0,0
8211,14627,0,0,0
8211,14628,0,0,0
8211,14713,0,0,0
8211,14729,0,0,0
8211,14730,0,0,0
8211,15001,0,0,0
8211,15002,0,0,0
8211,15003,0,0,0
8211,15081,0,0,0
8211,15082,0,0,0
8211,15083,0,0,0
8211,15084,0,0,0
8211,15085,0,0,0
8211,15086,0,0,0
8211,15087,0,0,0
8211,15088,0,0,0
8211,15089,0,0,0
8211,15090,0,0,0
8211,15091,0,0,0
8211,16051,0,0,0
8211,16052,0,0,0
8211,16053,0,0,0
8211,16054,0,0,0
8211,16055,0,0,0
8211,16056,0,0,0
8211,16061,0,0,0
8211,16062,0,0,0
8211,16063,0,0,0
8211,16064,0,0,0
8211,16065,0,0,0
8211,16066,0,0,0
8211,16067,0,0,0
8211,16068,0,0,0
8211,16069,0,0,0
8211,16070,0,0,0
8211,16071,0,0,0
8211,16072,0,0,0
8211,16073,0,0,0
8211,16074,0,0,0
8211,16075,0,0,0
8211,16076,0,0,0
8211,16077,0,0,0
8212,1001,0,0,0
8212,1002,15,15,0
8212,1003,13,13,0
8212,1004,0,0,0
8212,1051,0,0,0
8212,1053,10,10,0
8212,1054,0,0,0
8212,1055,0,0,0
8212,1056,36,24,12
8212,1057,0,0,0
8212,1058,11,11,0
8212,1059,0,0,0
8212,1060,27,17,10
8212,1061,0,0,0
8212,1062,23,23,0
8212,2000,429,189,240
8212,3101,37,25,12
8212,3102,0,0,0
8212,3103,20,0,20
8212,3151,21,21,0
8212,3153,12,12,0
8212,3154,0,0,0
8212,3155,22,11,11
8212,3157,0,0,0
8212,3158,0,0,0
8212,3159,47,32,15
8212,3241,206,116,90
8212,3251,13,13,0
8212,3252,0,0,0
8212,3254,21,21,0
8212,3255,0,0,0
8212,3256,0,0,0
8212,3257,0,0,0
8212,3351,11,11,0
8212,3352,11,11,0
8212,3353,25,25,0
8212,3354,0,0,0
8212,3355,14,14,0
8212,3356,0,0,0
8212,3357,0,0,0
8212,3358,25,25,0
8212,3359,13,13,0
8212,3360,0,0,0
8212,3361,0,0,0
8212,3401,0,0,0
8212,3402,0,0,0
8212,3403,11,11,0
8212,3404,15,0,15
8212,3405,0,0,0
8212,3451,0,0,0
8212,3452,0,0,0
8212,3453,0,0,0
8212,3454,60,13,47
8212,3455,0,0,0
8212,3456,0,0,0
8212,3457,0,0,0
8212,3458,10,10,0
8212,3459,34,15,19
8212,3460,0,0,0
8212,3461,0,0,0
8212,3462,0,0,0
8212,4011,81,54,27
8212,4012,0,0,0
8212,5111,276,109,167
8212,5112,101,70,31
8212,5113,96,50,46
8212,5114,50,40,10
8212,5116,17,17,0
8212,5117,20,20,0
8212,5119,42,31,11
8212,5120,0,0,0
8212,5122,42,13,29
8212,5124,50,37,13
8212,5154,21,21,0
8212,5158,112,69,43
8212,5162,80,44,36
8212,5166,28,28,0
8212,5170,66,51,15
8212,5314,101,45,56
8212,5315,433,176,257
8212,5316,41,20,21
8212,5334,123,70,53
8212,5358,41,16,25
8212,5362,76,48,28
8212,5366,12,12,0
8212,5370,13,13,0
8212,5374,143,26,117
8212,5378,56,41,15
8212,5382,97,79,18
8212,5512,0,0,0
8212,5513,71,33,38
8212,5515,70,33,37
8212,5554,14,14,0
8212,5558,14,14,0
8212,5562,75,56,19
8212,5566,47,26,21
8212,5570,12,12,0
8212,5711,41,30,11
8212,5754,65,35,30
8212,5758,15,15,0
8212,5762,0,0,0
8212,5766,45,34,11
8212,5770,0,0,0
8212,5774,55,45,10
8212,5911,78,36,42
8212,5913,112,49,63
8212,5914,12,12,0
8212,5915,0,0,0
8212,5916,12,12,0
8212,5954,34,24,10
8212,5958,10,10,0
8212,5962,23,23,0
8212,5966,0,0,0
8212,5970,34,22,12
8212,5974,10,10,0
8212,5978,99,33,66
8212,6411,204,83,121
8212,6412,1089,235,854
8212,6413,38,19,19
8212,6414,145,70,75
8212,6431,381,300,81
8212,6432,143,91,52
8212,6433,111,63,48
8212,6434,153,57,96
8212,6435,136,74,62
8212,6436,151,56,95
8212,6437,21,21,0
8212,6438,218,93,125
8212,6439,44,28,16
8212,6440,115,71,44
8212,6531,51,37,14
8212,6532,28,28,0
8212,6533,29,29,0
8212,6534,61,34,27
8212,6535,0,0,0
8212,6611,61,27,34
8212,6631,38,27,11
8212,6632,10,10,0
8212,6633,44,44,0
8212,6634,31,31,0
8212,6635,18,18,0
8212,6636,14,14,0
8212,7111,55,23,32
8212,7131,0,0,0
8212,7132,0,0,0
8212,7133,45,45,0
8212,7134,19,19,0
8212,7135,13,13,0
8212,7137,19,19,0
8212,7138,17,17,0
8212,7140,14,14,0
8212,7141,18,18,0
8212,7143,54,34,20
8212,7211,29,17,12
8212,7231,14,14,0
8212,7232,13,13,0
8212,7233,0,0,0
8212,7235,22,22,0
8212,7311,165,101,64
8212,7312,119,96,23
8212,7313,1255,953,302
8212,7314,695,411,284
8212,7315,150,61,89
8212,7316,365,312,53
8212,7317,67,51,16
8212,7318,435,276,159
8212,7319,109,89,20
8212,7320,25,25,0
8212,7331,56,56,0
8212,7332,342,319,23
8212,7333,37,37,0
8212,7334,11985,9704,2281
8212,7335,70,70,0
8212,7336,37,37,0
8212,7337,2905,2634,271
8212,7338,629,570,59
8212,7339,75,56,19
8212,7340,291,280,11
8212,8111,3148,810,2338
8212,8115,1160,431,729
8212,8116,684,373,311
8212,8117,150,102,48
8212,8118,1223,658,565
8212,8119,453,243,210
8212,8121,239,144,95
8212,8125,781,521,260
8212,8126,95,56,39
8212,8127,142,102,40
8212,8128,75,54,21
8212,8135,47,31,16
8212,8136,241,173,68
8212,8211,2236,1163,1073
8212,8212,0,0,0
8212,8215,65244,45204,20040
8212,8216,13542,9696,3846
8212,8221,1141,599,542
8212,8222,2153,1162,991
8212,8225,258,237,21
8212,8226,4270,2870,1400
8212,8231,3453,1858,1595
8212,8235,1439,1224,215
8212,8236,4809,3711,1098
8212,8237,211,162,49
8212,8311,1019,464,555
8212,8315,393,315,78
8212,8316,358,232,126
8212,8317,2180,1669,511
8212,8325,86,63,23
8212,8326,161,104,57
8212,8327,66,42,24
8212,8335,190,141,49
8212,8336,194,135,59
8212,8337,100,66,34
8212,8415,190,123,67
8212,8416,177,117,60
8212,8417,90,44,46
8212,8421,178,42,136
8212,8425,53,39,14
8212,8426,70,37,33
8212,8435,115,63,52
8212,8436,71,44,27
8212,8437,47,47,0
8212,9161,44,14,30
8212,9162,961,330,631
8212,9163,17,17,0
8212,9171,25,25,0
8212,9172,10,10,0
8212,9173,10,10,0
8212,9174,16,16,0
8212,9175,25,25,0
8212,9176,0,0,0
8212,9177,32,20,12
8212,9178,37,15,22
8212,9179,49,36,13
8212,9180,0,0,0
8212,9181,32,22,10
8212,9182,13,13,0
8212,9183,15,15,0
8212,9184,243,72,171
8212,9185,0,0,0
8212,9186,13,13,0
8212,9187,42,42,0
8212,9188,39,19,20
8212,9189,26,10,16
8212,9190,0,0,0
8212,9261,0,0,0
8212,9262,0,0,0
8212,9263,0,0,0
8212,9271,10,10,0
8212,9272,0,0,0
8212,9273,0,0,0
8212,9274,13,13,0
8212,9275,10,10,0
8212,9276,0,0,0
8212,9277,0,0,0
8212,9278,22,0,22
8212,9279,0,0,0
8212,9361,0,0,0
8212,9362,60,10,50
8212,9363,0,0,0
8212,9371,0,0,0
8212,9372,0,0,0
8212,9373,0,0,0
8212,9374,0,0,0
8212,9375,11,11,0
8212,9376,11,11,0
8212,9377,0,0,0
8212,9461,16,16,0
8212,9462,0,0,0
8212,9463,0,0,0
8212,9464,0,0,0
8212,9471,21,21,0
8212,9472,0,0,0
8212,9473,0,0,0
8212,9474,10,0,10
8212,9475,10,0,10
8212,9476,0,0,0
8212,9477,10,10,0
8212,9478,0,0,0
8212,9479,0,0,0
8212,9561,0,0,0
8212,9562,87,24,63
8212,9563,32,20,12
8212,9564,194,86,108
8212,9565,0,0,0
8212,9571,106,106,0
8212,9572,76,19,57
8212,9573,12,12,0
8212,9574,21,21,0
8212,9575,45,45,0
8212,9576,31,19,12
8212,9577,0,0,0
8212,9661,52,13,39
8212,9662,0,0,0
8212,9663,57,19,38
8212,9671,48,34,14
8212,9672,0,0,0
8212,9673,0,0,0
8212,9674,0,0,0
8212,9675,14,14,0
8212,9676,65,30,35
8212,9677,12,12,0
8212,9678,13,13,0
8212,9679,20,20,0
8212,9761,89,46,43
8212,9762,0,0,0
8212,9763,12,0,12
8212,9764,16,16,0
8212,9771,12,12,0
8212,9772,53,34,19
8212,9773,12,12,0
8212,9774,10,10,0
8212,9775,57,35,22
8212,9776,0,0,0
8212,9777,14,14,0
8212,9778,12,12,0
8212,9779,11,11,0
8212,9780,24,13,11
8212,10041,220,171,49
8212,10042,24,14,10
8212,10043,47,47,0
8212,10044,57,57,0
8212,10045,129,94,35
8212,10046,27,27,0
8212,11000,1097,613,484
8212,12051,10,10,0
8212,12052,0,0,0
8212,12053,0,0,0
8212,12054,25,11,14
8212,12060,16,16,0
8212,12061,22,11,11
8212,12062,12,12,0
8212,12063,29,29,0
8212,12064,11,11,0
8212,12065,30,18,12
8212,12066,12,12,0
8212,12067,19,19,0
8212,12068,15,15,0
8212,12069,25,25,0
8212,12070,0,0,0
8212,12071,11,11,0
8212,12072,21,21,0
8212,12073,0,0,0
8212,13003,0,0,0
8212,13004,0,0,0
8212,13071,14,14,0
8212,13072,10,10,0
8212,13073,10,10,0
8212,13074,0,0,0
8212,13075,13,13,0
8212,13076,0,0,0
8212,14511,20,20,0
8212,14521,18,18,0
8212,14522,31,31,0
8212,14523,19,19,0
8212,14524,18,18,0
8212,14612,69,42,27
8212,14625,15,15,0
8212,14626,14,14,0
8212,14627,36,36,0
8212,14628,11,11,0
8212,14713,139,100,39
8212,14729,37,37,0
8212,14730,24,24,0
8212,15001,11,11,0
8212,15002,37,24,13
8212,15003,28,18,10
8212,15081,0,0,0
8212,15082,10,10,0
8212,15083,0,0,0
8212,15084,15,15,0
8212,15085,19,19,0
8212,15086,0,0,0
8212,15087,0,0,0
8212,15088,28,28,0
8212,15089,0,0,0
8212,15090,10,10,0
8212,15091,0,0,0
8212,16051,40,40,0
8212,16052,0,0,0
8212,16053,28,12,16
8212,16054,0,0,0
8212,16055,0,0,0
8212,16056,0,0,0
8212,16061,0,0,0
8212,16062,10,10,0
8212,16063,0,0,0
8212,16064,0,0,0
8212,16065,0,0,0
8212,16066,11,11,0
8212,16067,14,14,0
8212,16068,0,0,0
8212,16069,0,0,0
8212,16070,12,12,0
8212,16071,12,12,0
8212,16072,0,0,0
8212,16073,0,0,0
8212,16074,0,0,0
8212,16075,0,0,0
8212,16076,0,0,0
8212,16077,0,0,0
8215,1001,0,0,0
8215,1002,33,20,13
8215,1003,44,14,30
8215,1004,0,0,0
8215,1051,20,20,0
8215,1053,13,13,0
8215,1054,12,12,0
8215,1055,18,18,0
8215,1056,67,28,39
8215,1057,14,14,0
8215,1058,30,19,11
8215,1059,12,12,0
8215,1060,29,17,12
8215,1061,11,11,0
8215,1062,39,20,19
8215,2000,371,145,226
8215,3101,26,16,10
8215,3102,0,0,0
8215,3103,0,0,0
8215,3151,0,0,0
8215,3153,19,19,0
8215,3154,12,12,0
8215,3155,90,69,21
8215,3157,11,11,0
8215,3158,0,0,0
8215,3159,139,120,19
8215,3241,146,76,70
8215,3251,18,18,0
8215,3252,10,10,0
8215,3254,20,20,0
8215,3255,0,0,0
8215,3256,12,12,0
8215,3257,14,14,0
8215,3351,18,18,0
8215,3352,19,19,0
8215,3353,42,32,10
8215,3354,0,0,0
8215,3355,16,16,0
8215,3356,0,0,0
8215,3357,0,0,0
8215,3358,15,15,0
8215,3359,14,14,0
8215,3360,0,0,0
8215,3361,17,0,17
8215,3401,0,0,0
8215,3402,16,0,16
8215,3403,0,0,0
8215,3404,42,11,31
8215,3405,0,0,0
8215,3451,10,10,0
8215,3452,18,18,0
8215,3453,13,0,13
8215,3454,54,33,21
8215,3455,0,0,0
8215,3456,11,11,0
8215,3457,17,17,0
8215,3458,16,16,0
8215,3459,47,20,27
8215,3460,15,15,0
8215,3461,0,0,0
8215,3462,10,10,0
8215,4011,90,42,48
8215,4012,0,0,0
8215,5111,279,55,224
8215,5112,66,33,33
8215,5113,110,45,65
8215,5114,32,15,17
8215,5116,36,15,21
8215,5117,25,25,0
8215,5119,40,26,14
8215,5120,0,0,0
8215,5122,27,13,14
8215,5124,40,21,19
8215,5154,81,65,16
8215,5158,126,50,76
8215,5162,94,35,59
8215,5166,36,20,16
8215,5170,63,49,14
8215,5314,73,29,44
8215,5315,330,79,251
8215,5316,11,11,0
8215,5334,91,46,45
8215,5358,46,25,21
8215,5362,75,39,36
8215,5366,14,14,0
8215,5370,25,14,11
8215,5374,107,23,84
8215,5378,38,22,16
8215,5382,65,36,29
8215,5512,0,0,0
8215,5513,59,28,31
8215,5515,39,17,22
8215,5554,36,20,16
8215,5558,22,22,0
8215,5562,70,40,30
8215,5566,68,47,21
8215,5570,34,34,0
8215,5711,41,21,20
8215,5754,122,25,97
8215,5758,49,36,13
8215,5762,0,0,0
8215,5766,45,29,16
8215,5770,52,24,28
8215,5774,35,22,13
8215,5911,65,30,35
8215,5913,108,57,51
8215,5914,0,0,0
8215,5915,11,11,0
8215,5916,0,0,0
8215,5954,60,31,29
8215,5958,29,14,15
8215,5962,62,34,28
8215,5966,22,10,12
8215,5970,34,18,16
8215,5974,37,24,13
8215,5978,91,25,66
8215,6411,179,67,112
8215,6412,1073,97,976
8215,6413,47,18,29
8215,6414,140,26,114
8215,6431,481,269,212
8215,6432,124,78,46
8215,6433,146,37,109
8215,6434,123,28,95
8215,6435,138,49,89
8215,6436,140,40,100
8215,6437,45,22,23
8215,6438,253,88,165
8215,6439,40,18,22
8215,6440,102,43,59
8215,6531,52,22,30
8215,6532,58,22,36
8215,6533,22,22,0
8215,6534,53,30,23
8215,6535,10,0,10
8215,6611,39,13,26
8215,6631,216,200,16
8215,6632,0,0,0
8215,6633,23,23,0
8215,6634,27,13,14
8215,6635,15,15,0
8215,6636,11,11,0
8215,7111,42,0,42
8215,7131,11,11,0
8215,7132,13,13,0
8215,7133,52,34,18
8215,7134,0,0,0
8215,7135,0,0,0
8215,7137,26,12,14
8215,7138,29,17,12
8215,7140,22,12,10
8215,7141,14,14,0
8215,7143,16,16,0
8215,7211,26,12,14
8215,7231,0,0,0
8215,7232,0,0,0
8215,7233,0,0,0
8215,7235,14,14,0
8215,7311,133,53,80
8215,7312,78,46,32
8215,7313,496,246,250
8215,7314,971,328,643
8215,7315,115,31,84
8215,7316,195,140,55
8215,7317,45,24,21
8215,7318,954,302,652
8215,7319,110,61,49
8215,7320,18,18,0
8215,7331,71,48,23
8215,7332,266,207,59
8215,7333,43,33,10
8215,7334,5289,3109,2180
8215,7335,45,32,13
8215,7336,19,19,0
8215,7337,975,719,256
8215,7338,662,494,168
8215,7339,55,32,23
8215,7340,107,96,11
8215,8111,2574,322,2252
8215,8115,952,288,664
8215,8116,564,182,382
8215,8117,139,68,71
8215,8118,1302,479,823
8215,8119,405,155,250
8215,8121,618,152,466
8215,8125,3812,2104,1708
8215,8126,116,35,81
8215,8127,96,31,65
8215,8128,67,30,37
8215,8135,39,13,26
8215,8136,116,40,76
8215,8211,1415,557,858
8215,8212,65244,20040,45204
8215,8215,0,0,0
8215,8216,9998,5493,4505
8215,8221,2808,628,2180
8215,8222,3560,820,2740
8215,8225,298,211,87
8215,8226,13852,6135,7717
8215,8231,5247,2484,2763
8215,8235,1543,1125,418
8215,8236,11571,6230,5341
8215,8237,134,72,62
8215,8311,697,124,573
8215,8315,182,84,98
8215,8316,163,90,73
8215,8317,1056,600,456
8215,8325,52,25,27
8215,8326,113,53,60
8215,8327,50,22,28
8215,8335,99,49,50
8215,8336,92,40,52
8215,8337,52,20,32
8215,8415,211,86,125
8215,8416,117,72,45
8215,8417,69,35,34
8215,8421,172,79,93
8215,8425,142,121,21
8215,8426,69,44,25
8215,8435,77,31,46
8215,8436,55,27,28
8215,8437,37,26,11
8215,9161,40,18,22
8215,9162,649,166,483
8215,9163,0,0,0
8215,9171,28,13,15
8215,9172,14,0,14
8215,9173,24,12,12
8215,9174,22,22,0
8215,9175,30,18,12
8215,9176,0,0,0
8215,9177,27,0,27
8215,9178,47,20,27
8215,9179,37,14,23
8215,9180,0,0,0
8215,9181,32,13,19
8215,9182,12,0,12
8215,9183,11,11,0
8215,9184,189,37,152
8215,9185,0,0,0
8215,9186,33,13,20
8215,9187,35,17,18
8215,9188,30,15,15
8215,9189,32,12,20
8215,9190,0,0,0
8215,9261,0,0,0
8215,9262,0,0,0
8215,9263,0,0,0
8215,9271,0,0,0
8215,9272,0,0,0
8215,9273,17,17,0
8215,9274,27,15,12
8215,9275,10,10,0
8215,9276,0,0,0
8215,9277,0,0,0
8215,9278,12,0,12
8215,9279,0,0,0
8215,9361,0,0,0
8215,9362,27,11,16
8215,9363,0,0,0
8215,9371,0,0,0
8215,9372,0,0,0
8215,9373,13,13,0
8215,9374,0,0,0
8215,9375,27,17,10
8215,9376,0,0,0
8215,9377,0,0,0
8215,9461,0,0,0
8215,9462,10,0,10
8215,9463,0,0,0
8215,9464,0,0,0
8215,9471,12,0,12
8215,9472,0,0,0
8215,9473,0,0,0
8215,9474,12,12,0
8215,9475,10,0,10
8215,9476,0,0,0
8215,9477,0,0,0
8215,9478,0,0,0
8215,9479,0,0,0
8215,9561,19,0,19
8215,9562,40,0,40
8215,9563,0,0,0
8215,9564,129,50,79
8215,9565,0,0,0
8215,9571,37,22,15
8215,9572,19,0,19
8215,9573,0,0,0
8215,9574,15,15,0
8215,9575,0,0,0
8215,9576,22,11,11
8215,9577,0,0,0
8215,9661,39,0,39
8215,9662,0,0,0
8215,9663,48,19,29
8215,9671,52,27,25
8215,9672,0,0,0
8215,9673,0,0,0
8215,9674,0,0,0
8215,9675,10,0,10
8215,9676,83,19,64
8215,9677,22,12,10
8215,9678,0,0,0
8215,9679,27,0,27
8215,9761,128,28,100
8215,9762,0,0,0
8215,9763,0,0,0
8215,9764,0,0,0
8215,9771,0,0,0
8215,9772,68,34,34
8215,9773,0,0,0
8215,9774,0,0,0
8215,9775,64,37,27
8215,9776,0,0,0
8215,9777,10,0,10
8215,9778,31,20,11
8215,9779,16,16,0
8215,9780,31,11,20
8215,10041,148,75,73
8215,10042,0,0,0
8215,10043,19,19,0
8215,10044,34,24,10
8215,10045,84,28,56
8215,10046,0,0,0
8215,11000,566,269,297
8215,12051,0,0,0
8215,12052,15,15,0
8215,12053,0,0,0
8215,12054,23,13,10
8215,12060,11,11,0
8215,12061,21,11,10
8215,12062,0,0,0
8215,12063,12,12,0
8215,12064,0,0,0
8215,12065,12,12,0
8215,12066,11,11,0
8215,12067,0,0,0
8215,12068,0,0,0
8215,12069,16,16,0
8215,12070,0,0,0
8215,12071,0,0,0
8215,12072,14,14,0
8215,12073,0,0,0
8215,13003,10,10,0
8215,13004,0,0,0
8215,13071,0,0,0
8215,13072,13,13,0
8215,13073,16,16,0
8215,13074,10,10,0
8215,13075,40,27,13
8215,13076,0,0,0
8215,14511,31,19,12
8215,14521,16,16,0
8215,14522,46,35,11
8215,14523,12,12,0
8215,14524,29,19,10
8215,14612,80,55,25
8215,14625,47,30,17
8215,14626,17,17,0
8215,14627,0,0,0
8215,14628,36,36,0
8215,14713,74,57,17
8215,14729,43,31,12
8215,14730,24,24,0
8215,15001,13,13,0
8215,15002,30,30,0
8215,15003,15,15,0
8215,15081,0,0,0
8215,15082,27,27,0
8215,15083,10,10,0
8215,15084,19,19,0
8215,15085,10,10,0
8215,15086,0,0,0
8215,15087,16,16,0
8215,15088,20,20,0
8215,15089,17,17,0
8215,15090,0,0,0
8215,15091,0,0,0
8215,16051,35,25,10
8215,16052,11,11,0
8215,16053,25,14,11
8215,16054,0,0,0
8215,16055,10,10,0
8215,16056,0,0,0
8215,16061,22,22,0
8215,16062,0,0,0
8215,16063,0,0,0
8215,16064,24,24,0
8215,16065,22,22,0
8215,16066,11,11,0
8215,16067,17,17,0
8215,16068,0,0,0
8215,16069,0,0,0
8215,16070,26,14,12
8215,16071,0,0,0
8215,16072,0,0,0
8215,16073,15,15,0
8215,16074,17,17,0
8215,16075,0,0,0
8215,16076,0,0,0
8215,16077,0,0,0
8216,1001,0,0,0
8216,1002,0,0,0
8216,1003,0,0,0
8216,1004,0,0,0
8216,1051,0,0,0
8216,1053,0,0,0
8216,1054,0,0,0
8216,1055,0,0,0
8216,1056,0,0,0
8216,1057,0,0,0
8216,1058,10,10,0
8216,1059,0,0,0
8216,1060,0,0,0
8216,1061,0,0,0
8216,1062,10,10,0
8216,2000,164,45,119
8216,3101,13,13,0
8216,3102,0,0,0
8216,3103,0,0,0
8216,3151,0,0,0
8216,3153,0,0,0
8216,3154,0,0,0
8216,3155,0,0,0
8216,3157,0,0,0
8216,3158,0,0,0
8216,3159,0,0,0
8216,3241,80,49,31
8216,3251,0,0,0
8216,3252,0,0,0
8216,3254,0,0,0
8216,3255,0,0,0
8216,3256,0,0,0
8216,3257,0,0,0
8216,3351,0,0,0
8216,3352,0,0,0
8216,3353,0,0,0
8216,3354,0,0,0
8216,3355,0,0,0
8216,3356,0,0,0
8216,3357,10,10,0
8216,3358,0,0,0
8216,3359,0,0,0
8216,3360,0,0,0
8216,3361,0,0,0
8216,3401,0,0,0
8216,3402,0,0,0
8216,3403,0,0,0
8216,3404,12,0,12
8216,3405,0,0,0
8216,3451,0,0,0
8216,3452,0,0,0
8216,3453,0,0,0
8216,3454,19,0,19
8216,3455,0,0,0
8216,3456,0,0,0
8216,3457,0,0,0
8216,3458,0,0,0
8216,3459,12,0,12
8216,3460,0,0,0
8216,3461,0,0,0
8216,3462,0,0,0
8216,4011,33,13,20
8216,4012,0,0,0
8216,5111,94,22,72
8216,5112,11,0,11
8216,5113,22,0,22
8216,5114,21,10,11
8216,5116,10,10,0
8216,5117,0,0,0
8216,5119,0,0,0
8216,5120,0,0,0
8216,5122,0,0,0
8216,5124,10,0,10
8216,5154,0,0,0
8216,5158,34,10,24
8216,5162,67,13,54
8216,5166,10,10,0
8216,5170,13,13,0
8216,5314,20,0,20
8216,5315,131,35,96
8216,5316,0,0,0
8216,5334,26,14,12
8216,5358,0,0,0
8216,5362,78,13,65
8216,5366,0,0,0
8216,5370,0,0,0
8216,5374,28,0,28
8216,5378,29,13,16
8216,5382,34,22,12
8216,5512,0,0,0
8216,5513,11,0,11
8216,5515,12,0,12
8216,5554,82,0,82
8216,5558,0,0,0
8216,5562,18,18,0
8216,5566,11,11,0
8216,5570,0,0,0
8216,5711,0,0,0
8216,5754,21,0,21
8216,5758,15,15,0
8216,5762,0,0,0
8216,5766,0,0,0
8216,5770,15,15,0
8216,5774,0,0,0
8216,5911,23,12,11
8216,5913,34,16,18
8216,5914,0,0,0
8216,5915,0,0,0
8216,5916,0,0,0
8216,5954,0,0,0
8216,5958,12,12,0
8216,5962,0,0,0
8216,5966,0,0,0
8216,5970,0,0,0
8216,5974,12,12,0
8216,5978,360,0,360
8216,6411,47,22,25
8216,6412,243,38,205
8216,6413,12,0,12
8216,6414,42,11,31
8216,6431,100,66,34
8216,6432,61,30,31
8216,6433,56,26,30
8216,6434,29,0,29
8216,6435,44,22,22
8216,6436,49,18,31
8216,6437,0,0,0
8216,6438,73,27,46
8216,6439,19,19,0
8216,6440,31,18,13
8216,6531,33,13,20
8216,6532,0,0,0
8216,6533,0,0,0
8216,6534,0,0,0
8216,6535,0,0,0
8216,6611,0,0,0
8216,6631,10,0,10
8216,6632,0,0,0
8216,6633,0,0,0
8216,6634,0,0,0
8216,6635,0,0,0
8216,6636,0,0,0
8216,7111,12,0,12
8216,7131,0,0,0
8216,7132,0,0,0
8216,7133,0,0,0
8216,7134,0,0,0
8216,7135,0,0,0
8216,7137,0,0,0
8216,7138,0,0,0
8216,7140,0,0,0
8216,7141,11,0,11
8216,7143,0,0,0
8216,7211,0,0,0
8216,7231,0,0,0
8216,7232,0,0,0
8216,7233,11,11,0
8216,7235,17,17,0
8216,7311,11,0,11
8216,7312,18,18,0
8216,7313,128,77,51
8216,7314,138,59,79
8216,7315,42,10,32
8216,7316,23,23,0
8216,7317,23,0,23
8216,7318,57,20,37
8216,7319,33,18,15
8216,7320,0,0,0
8216,7331,14,14,0
8216,7332,37,25,12
8216,7333,0,0,0
8216,7334,1359,619,740
8216,7335,18,18,0
8216,7336,0,0,0
8216,7337,338,258,80
8216,7338,90,59,31
8216,7339,0,0,0
8216,7340,88,88,0
8216,8111,968,158,810
8216,8115,312,115,197
8216,8116,225,89,136
8216,8117,43,32,11
8216,8118,334,110,224
8216,8119,126,48,78
8216,8121,51,26,25
8216,8125,150,55,95
8216,8126,19,0,19
8216,8127,39,14,25
8216,8128,0,0,0
8216,8135,0,0,0
8216,8136,56,26,30
8216,8211,18613,6320,12293
8216,8212,13542,3846,9696
8216,8215,9998,4505,5493
8216,8216,0,0,0
8216,8221,158,50,108
8216,8222,463,163,300
8216,8225,28,17,11
8216,8226,444,221,223
8216,8231,670,309,361
8216,8235,617,436,181
8216,8236,669,403,266
8216,8237,598,328,270
8216,8311,569,90,479
8216,8315,242,104,138
8216,8316,144,84,60
8216,8317,11287,7145,4142
8216,8325,48,28,20
8216,8326,95,40,55
8216,8327,30,10,20
8216,8335,63,37,26
8216,8336,63,22,41
8216,8337,46,17,29
8216,8415,62,32,30
8216,8416,55,27,28
8216,8417,49,37,12
8216,8421,35,0,35
8216,8425,20,20,0
8216,8426,18,18,0
8216,8435,31,19,12
8216,8436,29,12,17
8216,8437,0,0,0
8216,9161,10,10,0
8216,9162,253,54,199
8216,9163,0,0,0
8216,9171,0,0,0
8216,9172,0,0,0
8216,9173,0,0,0
8216,9174,26,0,26
8216,9175,0,0,0
8216,9176,0,0,0
8216,9177,0,0,0
8216,9178,14,0,14
8216,9179,11,11,0
8216,9180,0,0,0
8216,9181,0,0,0
8216,9182,15,15,0
8216,9183,0,0,0
8216,9184,76,13,63
8216,9185,0,0,0
8216,9186,0,0,0
8216,9187,0,0,0
8216,9188,0,0,0
8216,9189,0,0,0
8216,9190,0,0,0
8216,9261,0,0,0
8216,9262,0,0,0
8216,9263,0,0,0
8216,9271,0,0,0
8216,9272,0,0,0
8216,9273,0,0,0
8216,9274,13,13,0
8216,9275,0,0,0
8216,9276,0,0,0
8216,9277,0,0,0
8216,9278,0,0,0
8216,9279,32,32,0
8216,9361,0,0,0
8216,9362,0,0,0
8216,9363,0,0,0
8216,9371,0,0,0
8216,9372,0,0,0
8216,9373,0,0,0
8216,9374,0,0,0
8216,9375,0,0,0
8216,9376,0,0,0
8216,9377,0,0,0
8216,9461,0,0,0
8216,9462,0,0,0
8216,9463,0,0,0
8216,9464,0,0,0
8216,9471,0,0,0
8216,9472,0,0,0
8216,9473,0,0,0
8216,9474,0,0,0
8216,9475,11,0,11
8216,9476,0,0,0
8216,9477,0,0,0
8216,9478,0,0,0
8216,9479,0,0,0
8216,9561,47,0,47
8216,9562,16,0,16
8216,9563,0,0,0
8216,9564,98,51,47
8216,9565,0,0,0
8216,9571,0,0,0
8216,9572,0,0,0
8216,9573,0,0,0
8216,9574,0,0,0
8216,9575,0,0,0
8216,9576,0,0,0
8216,9577,0,0,0
8216,9661,0,0,0
8216,9662,0,0,0
8216,9663,12,0,12
8216,9671,10,10,0
8216,9672,0,0,0
8216,9673,0,0,0
8216,9674,0,0,0
8216,9675,11,0,11
8216,9676,20,0,20
8216,9677,0,0,0
8216,9678,0,0,0
8216,9679,0,0,0
8216,9761,28,12,16
8216,9762,0,0,0
8216,9763,0,0,0
8216,9764,0,0,0
8216,9771,0,0,0
8216,9772,10,10,0
8216,9773,0,0,0
8216,9774,0,0,0
8216,9775,13,0,13
8216,9776,0,0,0
8216,9777,0,0,0
8216,9778,0,0,0
8216,9779,0,0,0
8216,9780,0,0,0
8216,10041,81,16,65
8216,10042,0,0,0
8216,10043,10,0,10
8216,10044,0,0,0
8216,10045,27,15,12
8216,10046,0,0,0
8216,11000,233,73,160
8216,12051,0,0,0
8216,12052,0,0,0
8216,12053,11,0,11
8216,12054,0,0,0
8216,12060,0,0,0
8216,12061,0,0,0
8216,12062,0,0,0
8216,12063,0,0,0
8216,12064,0,0,0
8216,12065,0,0,0
8216,12066,0,0,0
8216,12067,0,0,0
8216,12068,0,0,0
8216,12069,0,0,0
8216,12070,0,0,0
8216,12071,0,0,0
8216,12072,0,0,0
8216,12073,0,0,0
8216,13003,0,0,0
8216,13004,0,0,0
8216,13071,0,0,0
8216,13072,0,0,0
8216,13073,0,0,0
8216,13074,0,0,0
8216,13075,0,0,0
8216,13076,0,0,0
8216,14511,12,12,0
8216,14521,0,0,0
8216,14522,11,11,0
8216,14523,12,12,0
8216,14524,12,12,0
8216,14612,14,14,0
8216,14625,0,0,0
8216,14626,0,0,0
8216,14627,0,0,0
8216,14628,0,0,0
8216,14713,44,34,10
8216,14729,0,0,0
8216,14730,0,0,0
8216,15001,0,0,0
8216,15002,0,0,0
8216,15003,0,0,0
8216,15081,0,0,0
8216,15082,0,0,0
8216,15083,0,0,0
8216,15084,0,0,0
8216,15085,10,10,0
8216,15086,0,0,0
8216,15087,0,0,0
8216,15088,0,0,0
8216,15089,0,0,0
8216,15090,0,0,0
8216,15091,0,0,0
8216,16051,0,0,0
8216,16052,0,0,0
8216,16053,0,0,0
8216,16054,0,0,0
8216,16055,0,0,0
8216,16056,0,0,0
8216,16061,0,0,0
8216,16062,0,0,0
8216,16063,0,0,0
8216,16064,0,0,0
8216,16065,0,0,0
8216,16066,0,0,0
8216,16067,0,0,0
8216,16068,0,0,0
8216,16069,0,0,0
8216,16070,0,0,0
8216,16071,0,0,0
8216,16072,0,0,0
8216,16073,0,0,0
8216,16074,0,0,0
8216,16075,0,0,0
8216,16076,0,0,0
8216,16077,0,0,0
8221,1001,0,0,0
8221,1002,18,18,0
8221,1003,19,19,0
8221,1004,0,0,0
8221,1051,0,0,0
8221,1053,0,0,0
8221,1054,0,0,0
8221,1055,0,0,0
8221,1056,16,16,0
8221,1057,0,0,0
8221,1058,0,0,0
8221,1059,0,0,0
8221,1060,24,13,11
8221,1061,0,0,0
8221,1062,13,13,0
8221,2000,306,147,159
8221,3101,13,0,13
8221,3102,0,0,0
8221,3103,0,0,0
8221,3151,0,0,0
8221,3153,0,0,0
8221,3154,0,0,0
8221,3155,0,0,0
8221,3157,0,0,0
8221,3158,0,0,0
8221,3159,59,24,35
8221,3241,103,49,54
8221,3251,0,0,0
8221,3252,0,0,0
8221,3254,0,0,0
8221,3255,10,10,0
8221,3256,0,0,0
8221,3257,0,0,0
8221,3351,0,0,0
8221,3352,13,13,0
8221,3353,13,13,0
8221,3354,0,0,0
8221,3355,11,11,0
8221,3356,0,0,0
8221,3357,0,0,0
8221,3358,0,0,0
8221,3359,24,24,0
8221,3360,0,0,0
8221,3361,0,0,0
8221,3401,0,0,0
8221,3402,0,0,0
8221,3403,10,10,0
8221,3404,23,13,10
8221,3405,0,0,0
8221,3451,0,0,0
8221,3452,0,0,0
8221,3453,12,12,0
8221,3454,18,18,0
8221,3455,0,0,0
8221,3456,0,0,0
8221,3457,0,0,0
8221,3458,0,0,0
8221,3459,14,14,0
8221,3460,0,0,0
8221,3461,0,0,0
8221,3462,0,0,0
8221,4011,38,24,14
8221,4012,0,0,0
8221,5111,154,52,102
8221,5112,27,13,14
8221,5113,73,44,29
8221,5114,0,0,0
8221,5116,0,0,0
8221,5117,0,0,0
8221,5119,11,11,0
8221,5120,0,0,0
8221,5122,0,0,0
8221,5124,37,0,37
8221,5154,0,0,0
8221,5158,52,25,27
8221,5162,52,33,19
8221,5166,19,19,0
8221,5170,12,12,0
8221,5314,107,40,67
8221,5315,316,139,177
8221,5316,12,0,12
8221,5334,75,32,43
8221,5358,19,19,0
8221,5362,33,23,10
8221,5366,0,0,0
8221,5370,0,0,0
8221,5374,17,0,17
8221,5378,17,17,0
8221,5382,51,35,16
8221,5512,0,0,0
8221,5513,0,0,0
8221,5515,48,23,25
8221,5554,0,0,0
8221,5558,0,0,0
8221,5562,20,20,0
8221,5566,13,13,0
8221,5570,0,0,0
8221,5711,18,0,18
8221,5754,0,0,0
8221,5758,0,0,0
8221,5762,17,17,0
8221,5766,0,0,0
8221,5770,0,0,0
8221,5774,11,11,0
8221,5911,33,19,14
8221,5913,41,12,29
8221,5914,0,0,0
8221,5915,0,0,0
8221,5916,0,0,0
8221,5954,0,0,0
8221,5958,0,0,0
8221,5962,0,0,0
8221,5966,0,0,0
8221,5970,20,10,10
8221,5974,12,12,0
8221,5978,12,12,0
8221,6411,544,201,343
8221,6412,1337,325,1012
8221,6413,40,24,16
8221,6414,150,68,82
8221,6431,3502,2914,588
8221,6432,300,236,64
8221,6433,152,96,56
8221,6434,154,53,101
8221,6435,90,64,26
8221,6436,179,66,113
8221,6437,310,275,35
8221,6438,200,79,121
8221,6439,32,20,12
8221,6440,72,47,25
8221,6531,50,39,11
8221,6532,14,14,0
8221,6533,23,12,11
8221,6534,56,38,18
8221,6535,0,0,0
8221,6611,32,14,18
8221,6631,31,20,11
8221,6632,26,26,0
8221,6633,13,13,0
8221,6634,0,0,0
8221,6635,0,0,0
8221,6636,0,0,0
8221,7111,33,16,17
8221,7131,13,13,0
8221,7132,0,0,0
8221,7133,26,16,10
8221,7134,0,0,0
8221,7135,0,0,0
8221,7137,20,20,0
8221,7138,14,14,0
8221,7140,0,0,0
8221,7141,16,16,0
8221,7143,18,18,0
8221,7211,13,13,0
8221,7231,0,0,0
8221,7232,0,0,0
8221,7233,0,0,0
8221,7235,10,10,0
8221,7311,241,150,91
8221,7312,109,49,60
8221,7313,72,48,24
8221,7314,2291,1179,1112
8221,7315,209,99,110
8221,7316,202,165,37
8221,7317,16,16,0
8221,7318,503,348,155
8221,7319,231,174,57
8221,7320,0,0,0
8221,7331,121,103,18
8221,7332,391,338,53
8221,7333,68,48,20
8221,7334,284,204,80
8221,7335,51,41,10
8221,7336,17,17,0
8221,7337,134,112,22
8221,7338,1032,911,121
8221,7339,63,42,21
8221,7340,28,28,0
8221,8111,745,210,535
8221,8115,127,46,81
8221,8116,148,68,80
8221,8117,17,0,17
8221,8118,226,127,99
8221,8119,86,53,33
8221,8121,204,94,110
8221,8125,580,339,241
8221,8126,50,34,16
8221,8127,42,22,20
8221,8128,47,32,15
8221,8135,17,17,0
8221,8136,51,28,23
8221,8211,56,32,24
8221,8212,1141,542,599
8221,8215,2808,2180,628
8221,8216,158,108,50
8221,8221,0,0,0
8221,8222,10373,5890,4483
8221,8225,1049,869,180
8221,8226,47426,37930,9496
8221,8231,93,55,38
8221,8235,36,20,16
8221,8236,104,83,21
8221,8237,22,12,10
8221,8311,245,115,130
8221,8315,61,40,21
8221,8316,27,27,0
8221,8317,119,73,46
8221,8325,30,14,16
8221,8326,37,26,11
8221,8327,26,26,0
8221,8335,69,35,34
8221,8336,73,52,21
8221,8337,126,126,0
8221,8415,46,34,12
8221,8416,110,67,43
8221,8417,19,19,0
8221,8421,42,18,24
8221,8425,14,14,0
8221,8426,23,12,11
8221,8435,26,15,11
8221,8436,22,22,0
8221,8437,13,13,0
8221,9161,11,11,0
8221,9162,514,208,306
8221,9163,0,0,0
8221,9171,0,0,0
8221,9172,0,0,0
8221,9173,0,0,0
8221,9174,13,13,0
8221,9175,0,0,0
8221,9176,0,0,0
8221,9177,0,0,0
8221,9178,29,15,14
8221,9179,13,13,0
8221,9180,0,0,0
8221,9181,0,0,0
8221,9182,10,10,0
8221,9183,0,0,0
8221,9184,140,37,103
8221,9185,0,0,0
8221,9186,0,0,0
8221,9187,0,0,0
8221,9188,27,17,10
8221,9189,21,0,21
8221,9190,0,0,0
8221,9261,0,0,0
8221,9262,0,0,0
8221,9263,0,0,0
8221,9271,0,0,0
8221,9272,0,0,0
8221,9273,0,0,0
8221,9274,0,0,0
8221,9275,0,0,0
8221,9276,0,0,0
8221,9277,0,0,0
8221,9278,0,0,0
8221,9279,0,0,0
8221,9361,0,0,0
8221,9362,25,10,15
8221,9363,0,0,0
8221,9371,0,0,0
8221,9372,0,0,0
8221,9373,0,0,0
8221,9374,0,0,0
8221,9375,0,0,0
8221,9376,0,0,0
8221,9377,0,0,0
8221,9461,0,0,0
8221,9462,0,0,0
8221,9463,0,0,0
8221,9464,0,0,0
8221,9471,0,0,0
8221,9472,0,0,0
8221,9473,0,0,0
8221,9474,0,0,0
8221,9475,0,0,0
8221,9476,0,0,0
8221,9477,0,0,0
8221,9478,0,0,0
8221,9479,0,0,0
8221,9561,0,0,0
8221,9562,38,12,26
8221,9563,0,0,0
8221,9564,79,34,45
8221,9565,0,0,0
8221,9571,0,0,0
8221,9572,0,0,0
8221,9573,0,0,0
8221,9574,0,0,0
8221,9575,0,0,0
8221,9576,0,0,0
8221,9577,0,0,0
8221,9661,0,0,0
8221,9662,0,0,0
8221,9663,36,19,17
8221,9671,32,32,0
8221,9672,0,0,0
8221,9673,0,0,0
8221,9674,0,0,0
8221,9675,0,0,0
8221,9676,20,20,0
8221,9677,0,0,0
8221,9678,0,0,0
8221,9679,16,16,0
8221,9761,14,0,14
8221,9762,0,0,0
8221,9763,0,0,0
8221,9764,0,0,0
8221,9771,11,11,0
8221,9772,14,14,0
8221,9773,0,0,0
8221,9774,12,12,0
8221,9775,12,12,0
8221,9776,0,0,0
8221,9777,0,0,0
8221,9778,0,0,0
8221,9779,0,0,0
8221,9780,0,0,0
8221,10041,94,55,39
8221,10042,0,0,0
8221,10043,16,16,0
8221,10044,14,14,0
8221,10045,52,39,13
8221,10046,0,0,0
8221,11000,775,394,381
8221,12051,0,0,0
8221,12052,0,0,0
8221,12053,0,0,0
8221,12054,37,19,18
8221,12060,10,10,0
8221,12061,0,0,0
8221,12062,0,0,0
8221,12063,0,0,0
8221,12064,0,0,0
8221,12065,12,12,0
8221,12066,0,0,0
8221,12067,0,0,0
8221,12068,0,0,0
8221,12069,11,11,0
8221,12070,0,0,0
8221,12071,0,0,0
8221,12072,0,0,0
8221,12073,0,0,0
8221,13003,0,0,0
8221,13004,0,0,0
8221,13071,0,0,0
8221,13072,0,0,0
8221,13073,10,10,0
8221,13074,0,0,0
8221,13075,28,28,0
8221,13076,0,0,0
8221,14511,16,16,0
8221,14521,13,13,0
8221,14522,15,15,0
8221,14523,12,12,0
8221,14524,19,19,0
8221,14612,181,141,40
8221,14625,18,18,0
8221,14626,0,0,0
8221,14627,0,0,0
8221,14628,14,14,0
8221,14713,51,40,11
8221,14729,20,20,0
8221,14730,0,0,0
8221,15001,0,0,0
8221,15002,27,17,10
8221,15003,10,10,0
8221,15081,0,0,0
8221,15082,0,0,0
8221,15083,0,0,0
8221,15084,0,0,0
8221,15085,0,0,0
8221,15086,0,0,0
8221,15087,0,0,0
8221,15088,0,0,0
8221,15089,0,0,0
8221,15090,0,0,0
8221,15091,0,0,0
8221,16051,13,13,0
8221,16052,21,21,0
8221,16053,30,15,15
8221,16054,11,11,0
8221,16055,0,0,0
8221,16056,0,0,0
8221,16061,0,0,0
8221,16062,0,0,0
8221,16063,0,0,0
8221,16064,0,0,0
8221,16065,0,0,0
8221,16066,0,0,0
8221,16067,11,11,0
8221,16068,0,0,0
8221,16069,0,0,0
8221,16070,0,0,0
8221,16071,0,0,0
8221,16072,0,0,0
8221,16073,0,0,0
8221,16074,0,0,0
8221,16075,0,0,0
8221,16076,0,0,0
8221,16077,0,0,0
8222,1001,0,0,0
8222,1002,76,59,17
8222,1003,22,22,0
8222,1004,0,0,0
8222,1051,23,23,0
8222,1053,13,13,0
8222,1054,10,10,0
8222,1055,12,12,0
8222,1056,26,26,0
8222,1057,28,28,0
8222,1058,52,52,0
8222,1059,0,0,0
8222,1060,49,32,17
8222,1061,11,11,0
8222,1062,43,28,15
8222,2000,525,280,245
8222,3101,27,27,0
8222,3102,0,0,0
8222,3103,10,0,10
8222,3151,0,0,0
8222,3153,10,10,0
8222,3154,0,0,0
8222,3155,29,0,29
8222,3157,13,13,0
8222,3158,15,15,0
8222,3159,66,48,18
8222,3241,282,172,110
8222,3251,16,16,0
8222,3252,13,13,0
8222,3254,18,18,0
8222,3255,10,10,0
8222,3256,0,0,0
8222,3257,13,13,0
8222,3351,20,20,0
8222,3352,12,12,0
8222,3353,58,47,11
8222,3354,0,0,0
8222,3355,32,32,0
8222,3356,0,0,0
8222,3357,18,18,0
8222,3358,23,23,0
8222,3359,18,18,0
8222,3360,10,10,0
8222,3361,0,0,0
8222,3401,0,0,0
8222,3402,32,0,32
8222,3403,23,23,0
8222,3404,41,12,29
8222,3405,0,0,0
8222,3451,13,13,0
8222,3452,12,12,0
8222,3453,28,16,12
8222,3454,87,26,61
8222,3455,12,12,0
8222,3456,0,0,0
8222,3457,12,12,0
8222,3458,0,0,0
8222,3459,70,26,44
8222,3460,13,0,13
8222,3461,0,0,0
8222,3462,0,0,0
8222,4011,148,62,86
8222,4012,10,10,0
8222,5111,470,190,280
8222,5112,184,84,100
8222,5113,190,121,69
8222,5114,64,30,34
8222,5116,42,27,15
8222,5117,74,36,38
8222,5119,59,41,18
8222,5120,16,16,0
8222,5122,36,26,10
8222,5124,71,44,27
8222,5154,36,36,0
8222,5158,170,110,60
8222,5162,127,97,30
8222,5166,83,58,25
8222,5170,84,71,13
8222,5314,155,73,82
8222,5315,756,445,311
8222,5316,64,35,29
8222,5334,279,113,166
8222,5358,72,44,28
8222,5362,197,159,38
8222,5366,53,43,10
8222,5370,43,33,10
8222,5374,110,44,66
8222,5378,82,70,12
8222,5382,181,136,45
8222,5512,24,13,11
8222,5513,70,59,11
8222,5515,77,42,35
8222,5554,34,34,0
8222,5558,23,23,0
8222,5562,146,100,46
8222,5566,81,35,46
8222,5570,26,26,0
8222,5711,62,41,21
8222,5754,69,49,20
8222,5758,29,29,0
8222,5762,28,28,0
8222,5766,31,31,0
8222,5770,35,23,12
8222,5774,26,26,0
8222,5911,96,70,26
8222,5913,200,122,78
8222,5914,20,20,0
8222,5915,21,21,0
8222,5916,46,33,13
8222,5954,47,35,12
8222,5958,45,34,11
8222,5962,42,42,0
8222,5966,16,16,0
8222,5970,63,29,34
8222,5974,30,30,0
8222,5978,196,55,141
8222,6411,1022,443,579
8222,6412,3287,747,2540
8222,6413,188,117,71
8222,6414,451,235,216
8222,6431,18695,15319,3376
8222,6432,1012,750,262
8222,6433,1007,624,383
8222,6434,389,146,243
8222,6435,399,237,162
8222,6436,491,172,319
8222,6437,287,228,59
8222,6438,825,346,479
8222,6439,126,104,22
8222,6440,210,149,61
8222,6531,100,76,24
8222,6532,34,34,0
8222,6533,96,50,46
8222,6534,55,39,16
8222,6535,17,17,0
8222,6611,83,44,39
8222,6631,82,57,25
8222,6632,35,25,10
8222,6633,45,45,0
8222,6634,48,26,22
8222,6635,39,39,0
8222,6636,0,0,0
8222,7111,78,34,44
8222,7131,21,21,0
8222,7132,18,18,0
8222,7133,188,149,39
8222,7134,37,37,0
8222,7135,12,12,0
8222,7137,81,46,35
8222,7138,58,40,18
8222,7140,64,45,19
8222,7141,45,34,11
8222,7143,65,42,23
8222,7211,76,47,29
8222,7231,50,35,15
8222,7232,21,21,0
8222,7233,12,12,0
8222,7235,41,41,0
8222,7311,3138,2122,1016
8222,7312,803,555,248
8222,7313,439,332,107
8222,7314,23990,14140,9850
8222,7315,559,277,282
8222,7316,1310,1123,187
8222,7317,56,46,10
8222,7318,2282,1419,863
8222,7319,3088,2461,627
8222,7320,37,25,12
8222,7331,1318,1170,148
8222,7332,5003,4448,555
8222,7333,752,653,99
8222,7334,1378,1003,375
8222,7335,455,409,46
8222,7336,113,113,0
8222,7337,1024,833,191
8222,7338,9945,8812,1133
8222,7339,341,262,79
8222,7340,214,195,19
8222,8111,1538,515,1023
8222,8115,308,172,136
8222,8116,413,253,160
8222,8117,101,81,20
8222,8118,603,364,239
8222,8119,270,185,85
8222,8121,270,153,117
8222,8125,575,360,215
8222,8126,95,56,39
8222,8127,93,51,42
8222,8128,87,62,25
8222,8135,38,25,13
8222,8136,105,54,51
8222,8211,185,107,78
8222,8212,2153,991,1162
8222,8215,3560,2740,820
8222,8216,463,300,163
8222,8221,10373,4483,5890
8222,8222,0,0,0
8222,8225,612,512,100
8222,8226,41669,30513,11156
8222,8231,143,88,55
8222,8235,88,72,16
8222,8236,186,146,40
8222,8237,42,28,14
8222,8311,302,125,177
8222,8315,244,196,48
8222,8316,90,74,16
8222,8317,281,204,77
8222,8325,48,35,13
8222,8326,73,60,13
8222,8327,45,33,12
8222,8335,165,135,30
8222,8336,159,122,37
8222,8337,97,67,30
8222,8415,134,67,67
8222,8416,99,67,32
8222,8417,50,36,14
8222,8421,92,59,33
8222,8425,52,52,0
8222,8426,38,23,15
8222,8435,42,23,19
8222,8436,49,37,12
8222,8437,22,22,0
8222,9161,40,22,18
8222,9162,921,429,492
8222,9163,10,0,10
8222,9171,0,0,0
8222,9172,0,0,0
8222,9173,28,28,0
8222,9174,20,20,0
8222,9175,49,39,10
8222,9176,0,0,0
8222,9177,33,33,0
8222,9178,52,37,15
8222,9179,49,49,0
8222,9180,0,0,0
8222,9181,26,16,10
8222,9182,29,16,13
8222,9183,13,13,0
8222,9184,252,81,171
8222,9185,0,0,0
8222,9186,38,25,13
8222,9187,41,23,18
8222,9188,26,26,0
8222,9189,11,0,11
8222,9190,54,36,18
8222,9261,0,0,0
8222,9262,0,0,0
8222,9263,45,0,45
8222,9271,0,0,0
8222,9272,0,0,0
8222,9273,12,12,0
8222,9274,12,12,0
8222,9275,10,10,0
8222,9276,0,0,0
8222,9277,0,0,0
8222,9278,0,0,0
8222,9279,13,13,0
8222,9361,0,0,0
8222,9362,22,22,0
8222,9363,0,0,0
8222,9371,11,11,0
8222,9372,0,0,0
8222,9373,17,17,0
8222,9374,12,12,0
8222,9375,33,21,12
8222,9376,12,12,0
8222,9377,0,0,0
8222,9461,18,18,0
8222,9462,22,12,10
8222,9463,0,0,0
8222,9464,11,11,0
8222,9471,14,14,0
8222,9472,12,12,0
8222,9473,0,0,0
8222,9474,11,11,0
8222,9475,0,0,0
8222,9476,0,0,0
8222,9477,12,12,0
8222,9478,0,0,0
8222,9479,0,0,0
8222,9561,0,0,0
8222,9562,55,23,32
8222,9563,65,65,0
8222,9564,258,149,109
8222,9565,0,0,0
8222,9571,35,25,10
8222,9572,50,33,17
8222,9573,42,42,0
8222,9574,25,25,0
8222,9575,24,24,0
8222,9576,25,25,0
8222,9577,31,12,19
8222,9661,58,33,25
8222,9662,10,10,0
8222,9663,78,54,24
8222,9671,98,64,34
8222,9672,27,27,0
8222,9673,0,0,0
8222,9674,10,10,0
8222,9675,26,26,0
8222,9676,91,60,31
8222,9677,25,25,0
8222,9678,20,20,0
8222,9679,45,45,0
8222,9761,72,45,27
8222,9762,0,0,0
8222,9763,0,0,0
8222,9764,0,0,0
8222,9771,19,19,0
8222,9772,52,38,14
8222,9773,17,17,0
8222,9774,40,40,0
8222,9775,62,39,23
8222,9776,15,15,0
8222,9777,13,13,0
8222,9778,19,19,0
8222,9779,22,22,0
8222,9780,13,13,0
8222,10041,392,250,142
8222,10042,47,29,18
8222,10043,82,67,15
8222,10044,132,102,30
8222,10045,182,132,50
8222,10046,63,63,0
8222,11000,1208,665,543
8222,12051,0,0,0
8222,12052,35,35,0
8222,12053,0,0,0
8222,12054,43,30,13
8222,12060,29,29,0
8222,12061,43,43,0
8222,12062,18,18,0
8222,12063,22,22,0
8222,12064,30,30,0
8222,12065,26,26,0
8222,12066,39,29,10
8222,12067,0,0,0
8222,12068,0,0,0
8222,12069,55,37,18
8222,12070,0,0,0
8222,12071,19,19,0
8222,12072,39,17,22
8222,12073,15,15,0
8222,13003,19,19,0
8222,13004,10,10,0
8222,13071,19,19,0
8222,13072,11,11,0
8222,13073,18,18,0
8222,13074,0,0,0
8222,13075,22,22,0
8222,13076,17,17,0
8222,14511,75,75,0
8222,14521,34,34,0
8222,14522,45,45,0
8222,14523,21,21,0
8222,14524,33,33,0
8222,14612,118,95,23
8222,14625,34,34,0
8222,14626,47,34,13
8222,14627,38,38,0
8222,14628,33,33,0
8222,14713,249,214,35
8222,14729,47,47,0
8222,14730,50,50,0
8222,15001,19,19,0
8222,15002,41,41,0
8222,15003,30,30,0
8222,15081,0,0,0
8222,15082,18,18,0
8222,15083,19,19,0
8222,15084,31,31,0
8222,15085,14,14,0
8222,15086,10,10,0
8222,15087,17,17,0
8222,15088,41,41,0
8222,15089,15,15,0
8222,15090,13,13,0
8222,15091,20,20,0
8222,16051,46,36,10
8222,16052,25,25,0
8222,16053,10,10,0
8222,16054,0,0,0
8222,16055,0,0,0
8222,16056,10,10,0
8222,16061,12,12,0
8222,16062,10,10,0
8222,16063,12,12,0
8222,16064,24,24,0
8222,16065,10,10,0
8222,16066,10,10,0
8222,16067,24,24,0
8222,16068,10,10,0
8222,16069,0,0,0
8222,16070,0,0,0
8222,16071,14,14,0
8222,16072,0,0,0
8222,16073,0,0,0
8222,16074,10,10,0
8222,16075,0,0,0
8222,16076,13,13,0
8222,16077,22,22,0
8225,1001,0,0,0
8225,1002,0,0,0
8225,1003,0,0,0
8225,1004,0,0,0
8225,1051,0,0,0
8225,1053,0,0,0
8225,1054,0,0,0
8225,1055,0,0,0
8225,1056,0,0,0
8225,1057,0,0,0
8225,1058,0,0,0
8225,1059,0,0,0
8225,1060,0,0,0
8225,1061,0,0,0
8225,1062,0,0,0
8225,2000,63,13,50
8225,3101,0,0,0
8225,3102,0,0,0
8225,3103,0,0,0
8225,3151,0,0,0
8225,3153,0,0,0
8225,3154,0,0,0
8225,3155,0,0,0
8225,3157,0,0,0
8225,3158,0,0,0
8225,3159,0,0,0
8225,3241,45,24,21
8225,3251,0,0,0
8225,3252,24,24,0
8225,3254,0,0,0
8225,3255,0,0,0
8225,3256,0,0,0
8225,3257,0,0,0
8225,3351,0,0,0
8225,3352,0,0,0
8225,3353,12,0,12
8225,3354,0,0,0
8225,3355,0,0,0
8225,3356,0,0,0
8225,3357,0,0,0
8225,3358,0,0,0
8225,3359,0,0,0
8225,3360,0,0,0
8225,3361,0,0,0
8225,3401,0,0,0
8225,3402,0,0,0
8225,3403,0,0,0
8225,3404,0,0,0
8225,3405,0,0,0
8225,3451,0,0,0
8225,3452,0,0,0
8225,3453,0,0,0
8225,3454,86,0,86
8225,3455,0,0,0
8225,3456,0,0,0
8225,3457,0,0,0
8225,3458,0,0,0
8225,3459,0,0,0
8225,3460,0,0,0
8225,3461,0,0,0
8225,3462,0,0,0
8225,4011,0,0,0
8225,4012,0,0,0
8225,5111,31,0,31
8225,5112,0,0,0
8225,5113,16,0,16
8225,5114,0,0,0
8225,5116,0,0,0
8225,5117,0,0,0
8225,5119,0,0,0
8225,5120,0,0,0
8225,5122,0,0,0
8225,5124,0,0,0
8225,5154,0,0,0
8225,5158,10,0,10
8225,5162,60,60,0
8225,5166,0,0,0
8225,5170,0,0,0
8225,5314,10,0,10
8225,5315,87,35,52
8225,5316,35,35,0
8225,5334,44,0,44
8225,5358,0,0,0
8225,5362,0,0,0
8225,5366,0,0,0
8225,5370,0,0,0
8225,5374,11,0,11
8225,5378,0,0,0
8225,5382,11,0,11
8225,5512,0,0,0
8225,5513,0,0,0
8225,5515,0,0,0
8225,5554,0,0,0
8225,5558,0,0,0
8225,5562,12,0,12
8225,5566,0,0,0
8225,5570,0,0,0
8225,5711,0,0,0
8225,5754,22,0,22
8225,5758,40,0,40
8225,5762,0,0,0
8225,5766,0,0,0
8225,5770,0,0,0
8225,5774,0,0,0
8225,5911,0,0,0
8225,5913,25,14,11
8225,5914,0,0,0
8225,5915,10,10,0
8225,5916,0,0,0
8225,5954,0,0,0
8225,5958,0,0,0
8225,5962,11,11,0
8225,5966,0,0,0
8225,5970,0,0,0
8225,5974,0,0,0
8225,5978,39,0,39
8225,6411,26,0,26
8225,6412,205,24,181
8225,6413,386,0,386
8225,6414,31,0,31
8225,6431,261,107,154
8225,6432,63,17,46
8225,6433,24,0,24
8225,6434,45,0,45
8225,6435,41,17,24
8225,6436,32,0,32
8225,6437,318,215,103
8225,6438,70,13,57
8225,6439,0,0,0
8225,6440,45,30,15
8225,6531,0,0,0
8225,6532,0,0,0
8225,6533,12,0,12
8225,6534,0,0,0
8225,6535,0,0,0
8225,6611,0,0,0
8225,6631,23,0,23
8225,6632,0,0,0
8225,6633,0,0,0
8225,6634,0,0,0
8225,6635,0,0,0
8225,6636,0,0,0
8225,7111,61,48,13
8225,7131,0,0,0
8225,7132,0,0,0
8225,7133,0,0,0
8225,7134,0,0,0
8225,7135,0,0,0
8225,7137,0,0,0
8225,7138,10,10,0
8225,7140,0,0,0
8225,7141,0,0,0
8225,7143,13,13,0
8225,7211,0,0,0
8225,7231,0,0,0
8225,7232,0,0,0
8225,7233,0,0,0
8225,7235,0,0,0
8225,7311,11,0,11
8225,7312,0,0,0
8225,7313,0,0,0
8225,7314,75,11,64
8225,7315,29,0,29
8225,7316,10,0,10
8225,7317,0,0,0
8225,7318,12,0,12
8225,7319,18,0,18
8225,7320,0,0,0
8225,7331,0,0,0
8225,7332,17,17,0
8225,7333,0,0,0
8225,7334,0,0,0
8225,7335,0,0,0
8225,7336,0,0,0
8225,7337,0,0,0
8225,7338,30,15,15
8225,7339,0,0,0
8225,7340,0,0,0
8225,8111,462,52,410
8225,8115,122,16,106
8225,8116,130,30,100
8225,8117,21,0,21
8225,8118,411,156,255
8225,8119,132,35,97
8225,8121,2066,250,1816
8225,8125,8651,1610,7041
8225,8126,1358,275,1083
8225,8127,195,44,151
8225,8128,3679,1487,2192
8225,8135,0,0,0
8225,8136,61,17,44
8225,8211,0,0,0
8225,8212,258,21,237
8225,8215,298,87,211
8225,8216,28,11,17
8225,8221,1049,180,869
8225,8222,612,100,512
8225,8225,0,0,0
8225,8226,5935,2436,3499
8225,8231,48,22,26
8225,8235,35,19,16
8225,8236,38,21,17
8225,8237,11,0,11
8225,8311,117,0,117
8225,8315,20,10,10
8225,8316,11,0,11
8225,8317,19,0,19
8225,8325,0,0,0
8225,8326,26,10,16
8225,8327,0,0,0
8225,8335,0,0,0
8225,8336,0,0,0
8225,8337,0,0,0
8225,8415,40,13,27
8225,8416,18,0,18
8225,8417,10,0,10
8225,8421,12,0,12
8225,8425,16,0,16
8225,8426,0,0,0
8225,8435,0,0,0
8225,8436,20,0,20
8225,8437,0,0,0
8225,9161,20,0,20
8225,9162,115,18,97
8225,9163,0,0,0
8225,9171,0,0,0
8225,9172,0,0,0
8225,9173,0,0,0
8225,9174,12,0,12
8225,9175,0,0,0
8225,9176,0,0,0
8225,9177,0,0,0
8225,9178,0,0,0
8225,9179,0,0,0
8225,9180,0,0,0
8225,9181,0,0,0
8225,9182,0,0,0
8225,9183,0,0,0
8225,9184,58,0,58
8225,9185,0,0,0
8225,9186,0,0,0
8225,9187,0,0,0
8225,9188,0,0,0
8225,9189,0,0,0
8225,9190,0,0,0
8225,9261,0,0,0
8225,9262,0,0,0
8225,9263,0,0,0
8225,9271,0,0,0
8225,9272,0,0,0
8225,9273,0,0,0
8225,9274,0,0,0
8225,9275,0,0,0
8225,9276,0,0,0
8225,9277,0,0,0
8225,9278,0,0,0
8225,9279,0,0,0
8225,9361,0,0,0
8225,9362,0,0,0
8225,9363,0,0,0
8225,9371,0,0,0
8225,9372,13,0,13
8225,9373,0,0,0
8225,9374,0,0,0
8225,9375,0,0,0
8225,9376,0,0,0
8225,9377,0,0,0
8225,9461,0,0,0
8225,9462,0,0,0
8225,9463,0,0,0
8225,9464,0,0,0
8225,9471,0,0,0
8225,9472,0,0,0
8225,9473,0,0,0
8225,9474,0,0,0
8225,9475,0,0,0
8225,9476,0,0,0
8225,9477,0,0,0
8225,9478,0,0,0
8225,9479,0,0,0
8225,9561,0,0,0
8225,9562,11,0,11
8225,9563,0,0,0
8225,9564,41,0,41
8225,9565,0,0,0
8225,9571,0,0,0
8225,9572,0,0,0
8225,9573,0,0,0
8225,9574,0,0,0
8225,9575,65,0,65
8225,9576,0,0,0
8225,9577,0,0,0
8225,9661,67,11,56
8225,9662,16,0,16
8225,9663,222,55,167
8225,9671,44,19,25
8225,9672,0,0,0
8225,9673,0,0,0
8225,9674,0,0,0
8225,9675,15,0,15
8225,9676,1309,638,671
8225,9677,151,39,112
8225,9678,24,0,24
8225,9679,176,58,118
8225,9761,0,0,0
8225,9762,0,0,0
8225,9763,0,0,0
8225,9764,21,21,0
8225,9771,0,0,0
8225,9772,0,0,0
8225,9773,0,0,0
8225,9774,0,0,0
8225,9775,0,0,0
8225,9776,0,0,0
8225,9777,0,0,0
8225,9778,12,12,0
8225,9779,73,55,18
8225,9780,0,0,0
8225,10041,10,0,10
8225,10042,0,0,0
8225,10043,0,0,0
8225,10044,0,0,0
8225,10045,0,0,0
8225,10046,0,0,0
8225,11000,91,31,60
8225,12051,0,0,0
8225,12052,0,0,0
8225,12053,0,0,0
8225,12054,0,0,0
8225,12060,0,0,0
8225,12061,0,0,0
8225,12062,0,0,0
8225,12063,0,0,0
8225,12064,0,0,0
8225,12065,62,0,62
8225,12066,0,0,0
8225,12067,0,0,0
8225,12068,0,0,0
8225,12069,0,0,0
8225,12070,0,0,0
8225,12071,0,0,0
8225,12072,0,0,0
8225,12073,0,0,0
8225,13003,0,0,0
8225,13004,0,0,0
8225,13071,0,0,0
8225,13072,0,0,0
8225,13073,0,0,0
8225,13074,0,0,0
8225,13075,0,0,0
8225,13076,0,0,0
8225,14511,0,0,0
8225,14521,0,0,0
8225,14522,0,0,0
8225,14523,0,0,0
8225,14524,0,0,0
8225,14612,0,0,0
8225,14625,0,0,0
8225,14626,0,0,0
8225,14627,10,10,0
8225,14628,0,0,0
8225,14713,21,10,11
8225,14729,0,0,0
8225,14730,0,0,0
8225,15001,0,0,0
8225,15002,0,0,0
8225,15003,0,0,0
8225,15081,0,0,0
8225,15082,15,15,0
8225,15083,0,0,0
8225,15084,0,0,0
8225,15085,0,0,0
8225,15086,0,0,0
8225,15087,0,0,0
8225,15088,0,0,0
8225,15089,0,0,0
8225,15090,0,0,0
8225,15091,0,0,0
8225,16051,0,0,0
8225,16052,0,0,0
8225,16053,0,0,0
8225,16054,0,0,0
8225,16055,0,0,0
8225,16056,0,0,0
8225,16061,11,0,11
8225,16062,0,0,0
8225,16063,0,0,0
8225,16064,0,0,0
8225,16065,0,0,0
8225,16066,0,0,0
8225,16067,0,0,0
8225,16068,0,0,0
8225,16069,0,0,0
8225,16070,0,0,0
8225,16071,0,0,0
8225,16072,0,0,0
8225,16073,0,0,0
8225,16074,0,0,0
8225,16075,0,0,0
8225,16076,0,0,0
8225,16077,0,0,0
8226,1001,11,0,11
8226,1002,35,11,24
8226,1003,25,14,11
8226,1004,10,10,0
8226,1051,0,0,0
8226,1053,20,20,0
8226,1054,0,0,0
8226,1055,18,18,0
8226,1056,61,30,31
8226,1057,10,10,0
8226,1058,34,23,11
8226,1059,13,13,0
8226,1060,55,36,19
8226,1061,0,0,0
8226,1062,48,31,17
8226,2000,597,219,378
8226,3101,49,30,19
8226,3102,20,20,0
8226,3103,35,15,20
8226,3151,15,15,0
8226,3153,13,13,0
8226,3154,0,0,0
8226,3155,16,16,0
8226,3157,19,19,0
8226,3158,0,0,0
8226,3159,79,55,24
8226,3241,247,133,114
8226,3251,28,14,14
8226,3252,28,15,13
8226,3254,27,27,0
8226,3255,0,0,0
8226,3256,12,0,12
8226,3257,30,14,16
8226,3351,0,0,0
8226,3352,12,12,0
8226,3353,57,45,12
8226,3354,0,0,0
8226,3355,17,17,0
8226,3356,0,0,0
8226,3357,17,17,0
8226,3358,19,19,0
8226,3359,35,20,15
8226,3360,0,0,0
8226,3361,17,17,0
8226,3401,0,0,0
8226,3402,57,11,46
8226,3403,16,16,0
8226,3404,64,20,44
8226,3405,0,0,0
8226,3451,11,11,0
8226,3452,14,14,0
8226,3453,10,10,0
8226,3454,56,0,56
8226,3455,0,0,0
8226,3456,0,0,0
8226,3457,21,0,21
8226,3458,13,13,0
8226,3459,101,18,83
8226,3460,10,0,10
8226,3461,0,0,0
8226,3462,0,0,0
8226,4011,131,67,64
8226,4012,0,0,0
8226,5111,371,104,267
8226,5112,166,48,118
8226,5113,210,73,137
8226,5114,52,17,35
8226,5116,41,18,23
8226,5117,55,29,26
8226,5119,49,33,16
8226,5120,43,10,33
8226,5122,29,19,10
8226,5124,72,20,52
8226,5154,49,25,24
8226,5158,158,54,104
8226,5162,135,65,70
8226,5166,63,31,32
8226,5170,72,48,24
8226,5314,97,39,58
8226,5315,469,131,338
8226,5316,41,21,20
8226,5334,93,46,47
8226,5358,31,19,12
8226,5362,118,60,58
8226,5366,36,25,11
8226,5370,31,19,12
8226,5374,100,28,72
8226,5378,52,28,24
8226,5382,139,71,68
8226,5512,30,17,13
8226,5513,55,37,18
8226,5515,90,48,42
8226,5554,49,37,12
8226,5558,28,28,0
8226,5562,126,79,47
8226,5566,53,30,23
8226,5570,33,21,12
8226,5711,95,49,46
8226,5754,108,37,71
8226,5758,33,10,23
8226,5762,12,12,0
8226,5766,54,37,17
8226,5770,45,29,16
8226,5774,30,30,0
8226,5911,61,36,25
8226,5913,166,68,98
8226,5914,24,12,12
8226,5915,12,12,0
8226,5916,0,0,0
8226,5954,55,26,29
8226,5958,25,15,10
8226,5962,68,30,38
8226,5966,11,11,0
8226,5970,68,26,42
8226,5974,42,29,13
8226,5978,119,42,77
8226,6411,1494,362,1132
8226,6412,2846,419,2427
8226,6413,185,80,105
8226,6414,422,147,275
8226,6431,17031,10899,6132
8226,6432,950,585,365
8226,6433,619,241,378
8226,6434,405,108,297
8226,6435,321,117,204
8226,6436,373,112,261
8226,6437,1250,958,292
8226,6438,678,211,467
8226,6439,107,74,33
8226,6440,167,80,87
8226,6531,97,59,38
8226,6532,73,28,45
8226,6533,71,51,20
8226,6534,77,41,36
8226,6535,15,15,0
8226,6611,70,39,31
8226,6631,68,33,35
8226,6632,31,19,12
8226,6633,30,30,0
8226,6634,48,28,20
8226,6635,16,16,0
8226,6636,10,10,0
8226,7111,128,50,78
8226,7131,15,15,0
8226,7132,12,12,0
8226,7133,110,65,45
8226,7134,20,20,0
8226,7135,15,15,0
8226,7137,76,49,27
8226,7138,46,23,23
8226,7140,46,28,18
8226,7141,53,36,17
8226,7143,93,64,29
8226,7211,39,17,22
8226,7231,36,18,18
8226,7232,0,0,0
8226,7233,0,0,0
8226,7235,16,16,0
8226,7311,784,347,437
8226,7312,365,197,168
8226,7313,230,120,110
8226,7314,7220,2274,4946
8226,7315,348,138,210
8226,7316,442,288,154
8226,7317,57,40,17
8226,7318,2852,1171,1681
8226,7319,935,550,385
8226,7320,73,60,13
8226,7331,334,245,89
8226,7332,1056,760,296
8226,7333,228,162,66
8226,7334,1062,572,490
8226,7335,153,116,37
8226,7336,54,37,17
8226,7337,455,291,164
8226,7338,2949,2193,756
8226,7339,201,113,88
8226,7340,95,82,13
8226,8111,1663,263,1400
8226,8115,386,144,242
8226,8116,426,148,278
8226,8117,112,55,57
8226,8118,826,306,520
8226,8119,311,138,173
8226,8121,1464,371,1093
8226,8125,6932,2813,4119
8226,8126,220,94,126
8226,8127,263,141,122
8226,8128,113,68,45
8226,8135,55,40,15
8226,8136,164,56,108
8226,8211,150,60,90
8226,8212,4270,1400,2870
8226,8215,13852,7717,6135
8226,8216,444,223,221
8226,8221,47426,9496,37930
8226,8222,41669,11156,30513
8226,8225,5935,3499,2436
8226,8226,0,0,0
8226,8231,335,96,239
8226,8235,87,54,33
8226,8236,381,233,148
8226,8237,64,30,34
8226,8311,398,119,279
8226,8315,510,436,74
8226,8316,89,57,32
8226,8317,337,186,151
8226,8325,42,17,25
8226,8326,74,45,29
8226,8327,48,26,22
8226,8335,163,104,59
8226,8336,140,106,34
8226,8337,62,31,31
8226,8415,161,69,92
8226,8416,146,75,71
8226,8417,66,45,21
8226,8421,102,47,55
8226,8425,78,65,13
8226,8426,72,45,27
8226,8435,86,50,36
8226,8436,84,51,33
8226,8437,24,24,0
8226,9161,38,0,38
8226,9162,905,278,627
8226,9163,25,11,14
8226,9171,14,0,14
8226,9172,0,0,0
8226,9173,21,10,11
8226,9174,17,17,0
8226,9175,35,21,14
8226,9176,0,0,0
8226,9177,20,20,0
8226,9178,79,32,47
8226,9179,63,41,22
8226,9180,15,15,0
8226,9181,43,16,27
8226,9182,32,16,16
8226,9183,27,27,0
8226,9184,355,48,307
8226,9185,23,10,13
8226,9186,32,14,18
8226,9187,75,54,21
8226,9188,39,18,21
8226,9189,27,0,27
8226,9190,13,13,0
8226,9261,0,0,0
8226,9262,15,0,15
8226,9263,13,0,13
8226,9271,13,13,0
8226,9272,0,0,0
8226,9273,22,12,10
8226,9274,15,15,0
8226,9275,16,16,0
8226,9276,0,0,0
8226,9277,33,16,17
8226,9278,0,0,0
8226,9279,16,16,0
8226,9361,0,0,0
8226,9362,44,21,23
8226,9363,0,0,0
8226,9371,0,0,0
8226,9372,0,0,0
8226,9373,10,10,0
8226,9374,0,0,0
8226,9375,36,24,12
8226,9376,0,0,0
8226,9377,0,0,0
8226,9461,23,0,23
8226,9462,26,14,12
8226,9463,0,0,0
8226,9464,0,0,0
8226,9471,29,13,16
8226,9472,0,0,0
8226,9473,15,0,15
8226,9474,11,11,0
8226,9475,34,10,24
8226,9476,0,0,0
8226,9477,0,0,0
8226,9478,0,0,0
8226,9479,0,0,0
8226,9561,0,0,0
8226,9562,63,12,51
8226,9563,31,13,18
8226,9564,218,63,155
8226,9565,0,0,0
8226,9571,30,30,0
8226,9572,31,20,11
8226,9573,18,18,0
8226,9574,32,20,12
8226,9575,16,16,0
8226,9576,27,11,16
8226,9577,0,0,0
8226,9661,57,27,30
8226,9662,13,0,13
8226,9663,88,37,51
8226,9671,113,69,44
8226,9672,0,0,0
8226,9673,10,10,0
8226,9674,0,0,0
8226,9675,28,16,12
8226,9676,103,57,46
8226,9677,42,26,16
8226,9678,21,21,0
8226,9679,58,42,16
8226,9761,77,25,52
8226,9762,0,0,0
8226,9763,12,0,12
8226,9764,11,0,11
8226,9771,36,25,11
8226,9772,66,37,29
8226,9773,12,12,0
8226,9774,21,21,0
8226,9775,103,78,25
8226,9776,13,13,0
8226,9777,28,17,11
8226,9778,32,19,13
8226,9779,35,13,22
8226,9780,47,19,28
8226,10041,287,187,100
8226,10042,38,22,16
8226,10043,72,58,14
8226,10044,84,61,23
8226,10045,156,81,75
8226,10046,24,24,0
8226,11000,889,407,482
8226,12051,0,0,0
8226,12052,0,0,0
8226,12053,0,0,0
8226,12054,34,21,13
8226,12060,13,13,0
8226,12061,14,14,0
8226,12062,0,0,0
8226,12063,16,16,0
8226,12064,12,12,0
8226,12065,17,17,0
8226,12066,28,0,28
8226,12067,11,11,0
8226,12068,0,0,0
8226,12069,26,26,0
8226,12070,0,0,0
8226,12071,0,0,0
8226,12072,35,24,11
8226,12073,0,0,0
8226,13003,13,13,0
8226,13004,0,0,0
8226,13071,10,10,0
8226,13072,13,13,0
8226,13073,0,0,0
8226,13074,0,0,0
8226,13075,0,0,0
8226,13076,15,15,0
8226,14511,41,27,14
8226,14521,29,29,0
8226,14522,43,43,0
8226,14523,27,15,12
8226,14524,45,35,10
8226,14612,75,48,27
8226,14625,26,14,12
8226,14626,10,10,0
8226,14627,42,29,13
8226,14628,13,13,0
8226,14713,81,49,32
8226,14729,22,22,0
8226,14730,20,20,0
8226,15001,0,0,0
8226,15002,19,19,0
8226,15003,16,16,0
8226,15081,0,0,0
8226,15082,14,14,0
8226,15083,0,0,0
8226,15084,27,27,0
8226,15085,18,18,0
8226,15086,0,0,0
8226,15087,12,12,0
8226,15088,14,14,0
8226,15089,13,13,0
8226,15090,0,0,0
8226,15091,0,0,0
8226,16051,35,21,14
8226,16052,0,0,0
8226,16053,29,0,29
8226,16054,0,0,0
8226,16055,0,0,0
8226,16056,0,0,0
8226,16061,10,10,0
8226,16062,10,10,0
8226,16063,10,10,0
8226,16064,12,12,0
8226,16065,11,11,0
8226,16066,15,15,0
8226,16067,0,0,0
8226,16068,0,0,0
8226,16069,0,0,0
8226,16070,27,27,0
8226,16071,0,0,0
8226,16072,13,0,13
8226,16073,0,0,0
8226,16074,0,0,0
8226,16075,0,0,0
8226,16076,0,0,0
8226,16077,20,20,0
8231,1001,0,0,0
8231,1002,0,0,0
8231,1003,0,0,0
8231,1004,0,0,0
8231,1051,0,0,0
8231,1053,0,0,0
8231,1054,0,0,0
8231,1055,0,0,0
8231,1056,0,0,0
8231,1057,0,0,0
8231,1058,0,0,0
8231,1059,0,0,0
8231,1060,0,0,0
8231,1061,0,0,0
8231,1062,0,0,0
8231,2000,112,61,51
8231,3101,0,0,0
8231,3102,0,0,0
8231,3103,0,0,0
8231,3151,0,0,0
8231,3153,15,0,15
8231,3154,0,0,0
8231,3155,0,0,0
8231,3157,0,0,0
8231,3158,0,0,0
8231,3159,0,0,0
8231,3241,54,33,21
8231,3251,0,0,0
8231,3252,0,0,0
8231,3254,0,0,0
8231,3255,0,0,0
8231,3256,0,0,0
8231,3257,0,0,0
8231,3351,0,0,0
8231,3352,0,0,0
8231,3353,0,0,0
8231,3354,0,0,0
8231,3355,0,0,0
8231,3356,0,0,0
8231,3357,0,0,0
8231,3358,0,0,0
8231,3359,0,0,0
8231,3360,0,0,0
8231,3361,0,0,0
8231,3401,0,0,0
8231,3402,0,0,0
8231,3403,0,0,0
8231,3404,14,0,14
8231,3405,0,0,0
8231,3451,0,0,0
8231,3452,0,0,0
8231,3453,0,0,0
8231,3454,0,0,0
8231,3455,0,0,0
8231,3456,0,0,0
8231,3457,0,0,0
8231,3458,0,0,0
8231,3459,0,0,0
8231,3460,0,0,0
8231,3461,0,0,0
8231,3462,0,0,0
8231,4011,0,0,0
8231,4012,0,0,0
8231,5111,60,19,41
8231,5112,24,12,12
8231,5113,33,20,13
8231,5114,11,11,0
8231,5116,0,0,0
8231,5117,0,0,0
8231,5119,0,0,0
8231,5120,0,0,0
8231,5122,0,0,0
8231,5124,0,0,0
8231,5154,11,0,11
8231,5158,10,0,10
8231,5162,12,12,0
8231,5166,0,0,0
8231,5170,12,12,0
8231,5314,0,0,0
8231,5315,108,51,57
8231,5316,0,0,0
8231,5334,11,11,0
8231,5358,0,0,0
8231,5362,0,0,0
8231,5366,15,15,0
8231,5370,0,0,0
8231,5374,33,0,33
8231,5378,11,11,0
8231,5382,18,18,0
8231,5512,0,0,0
8231,5513,0,0,0
8231,5515,10,0,10
8231,5554,0,0,0
8231,5558,0,0,0
8231,5562,16,16,0
8231,5566,0,0,0
8231,5570,0,0,0
8231,5711,0,0,0
8231,5754,21,0,21
8231,5758,0,0,0
8231,5762,0,0,0
8231,5766,0,0,0
8231,5770,0,0,0
8231,5774,0,0,0
8231,5911,0,0,0
8231,5913,13,0,13
8231,5914,0,0,0
8231,5915,0,0,0
8231,5916,0,0,0
8231,5954,0,0,0
8231,5958,0,0,0
8231,5962,12,0,12
8231,5966,0,0,0
8231,5970,0,0,0
8231,5974,0,0,0
8231,5978,14,0,14
8231,6411,10,0,10
8231,6412,182,62,120
8231,6413,0,0,0
8231,6414,26,0,26
8231,6431,41,18,23
8231,6432,24,13,11
8231,6433,15,0,15
8231,6434,42,13,29
8231,6435,33,23,10
8231,6436,36,19,17
8231,6437,0,0,0
8231,6438,43,21,22
8231,6439,0,0,0
8231,6440,13,13,0
8231,6531,0,0,0
8231,6532,0,0,0
8231,6533,0,0,0
8231,6534,20,20,0
8231,6535,0,0,0
8231,6611,0,0,0
8231,6631,0,0,0
8231,6632,0,0,0
8231,6633,0,0,0
8231,6634,0,0,0
8231,6635,0,0,0
8231,6636,0,0,0
8231,7111,0,0,0
8231,7131,0,0,0
8231,7132,0,0,0
8231,7133,0,0,0
8231,7134,0,0,0
8231,7135,0,0,0
8231,7137,0,0,0
8231,7138,0,0,0
8231,7140,0,0,0
8231,7141,0,0,0
8231,7143,0,0,0
8231,7211,0,0,0
8231,7231,0,0,0
8231,7232,0,0,0
8231,7233,0,0,0
8231,7235,0,0,0
8231,7311,0,0,0
8231,7312,0,0,0
8231,7313,26,15,11
8231,7314,31,12,19
8231,7315,0,0,0
8231,7316,0,0,0
8231,7317,0,0,0
8231,7318,0,0,0
8231,7319,0,0,0
8231,7320,0,0,0
8231,7331,0,0,0
8231,7332,0,0,0
8231,7333,0,0,0
8231,7334,238,127,111
8231,7335,0,0,0
8231,7336,0,0,0
8231,7337,57,40,17
8231,7338,11,11,0
8231,7339,0,0,0
8231,7340,12,12,0
8231,8111,1825,378,1447
8231,8115,1990,549,1441
8231,8116,392,140,252
8231,8117,66,36,30
8231,8118,1449,591,858
8231,8119,232,85,147
8231,8121,93,38,55
8231,8125,251,148,103
8231,8126,33,12,21
8231,8127,63,12,51
8231,8128,11,0,11
8231,8135,0,0,0
8231,8136,79,17,62
8231,8211,134,79,55
8231,8212,3453,1595,1858
8231,8215,5247,2763,2484
8231,8216,670,361,309
8231,8221,93,38,55
8231,8222,143,55,88
8231,8225,48,26,22
8231,8226,335,239,96
8231,8231,0,0,0
8231,8235,3843,2930,913
8231,8236,29790,18826,10964
8231,8237,95,61,34
8231,8311,105,35,70
8231,8315,42,20,22
8231,8316,13,13,0
8231,8317,154,83,71
8231,8325,34,18,16
8231,8326,47,20,27
8231,8327,30,11,19
8231,8335,33,20,13
8231,8336,0,0,0
8231,8337,0,0,0
8231,8415,80,47,33
8231,8416,117,68,49
8231,8417,55,25,30
8231,8421,17,0,17
8231,8425,35,35,0
8231,8426,14,0,14
8231,8435,88,14,74
8231,8436,27,10,17
8231,8437,14,0,14
8231,9161,22,0,22
8231,9162,226,97,129
8231,9163,0,0,0
8231,9171,0,0,0
8231,9172,0,0,0
8231,9173,0,0,0
8231,9174,0,0,0
8231,9175,0,0,0
8231,9176,0,0,0
8231,9177,0,0,0
8231,9178,0,0,0
8231,9179,0,0,0
8231,9180,0,0,0
8231,9181,0,0,0
8231,9182,0,0,0
8231,9183,0,0,0
8231,9184,54,14,40
8231,9185,0,0,0
8231,9186,0,0,0
8231,9187,0,0,0
8231,9188,14,0,14
8231,9189,0,0,0
8231,9190,0,0,0
8231,9261,13,0,13
8231,9262,0,0,0
8231,9263,0,0,0
8231,9271,0,0,0
8231,9272,0,0,0
8231,9273,0,0,0
8231,9274,0,0,0
8231,9275,0,0,0
8231,9276,0,0,0
8231,9277,0,0,0
8231,9278,0,0,0
8231,9279,0,0,0
8231,9361,0,0,0
8231,9362,0,0,0
8231,9363,0,0,0
8231,9371,0,0,0
8231,9372,0,0,0
8231,9373,0,0,0
8231,9374,0,0,0
8231,9375,0,0,0
8231,9376,0,0,0
8231,9377,0,0,0
8231,9461,0,0,0
8231,9462,0,0,0
8231,9463,0,0,0
8231,9464,0,0,0
8231,9471,0,0,0
8231,9472,0,0,0
8231,9473,0,0,0
8231,9474,0,0,0
8231,9475,0,0,0
8231,9476,0,0,0
8231,9477,0,0,0
8231,9478,0,0,0
8231,9479,0,0,0
8231,9561,0,0,0
8231,9562,0,0,0
8231,9563,0,0,0
8231,9564,46,19,27
8231,9565,0,0,0
8231,9571,0,0,0
8231,9572,0,0,0
8231,9573,0,0,0
8231,9574,0,0,0
8231,9575,0,0,0
8231,9576,0,0,0
8231,9577,0,0,0
8231,9661,0,0,0
8231,9662,0,0,0
8231,9663,0,0,0
8231,9671,0,0,0
8231,9672,0,0,0
8231,9673,0,0,0
8231,9674,0,0,0
8231,9675,0,0,0
8231,9676,0,0,0
8231,9677,0,0,0
8231,9678,0,0,0
8231,9679,0,0,0
8231,9761,45,20,25
8231,9762,0,0,0
8231,9763,0,0,0
8231,9764,0,0,0
8231,9771,0,0,0
8231,9772,33,11,22
8231,9773,0,0,0
8231,9774,0,0,0
8231,9775,11,11,0
8231,9776,0,0,0
8231,9777,0,0,0
8231,9778,0,0,0
8231,9779,0,0,0
8231,9780,0,0,0
8231,10041,27,13,14
8231,10042,0,0,0
8231,10043,0,0,0
8231,10044,0,0,0
8231,10045,11,11,0
8231,10046,0,0,0
8231,11000,173,88,85
8231,12051,10,10,0
8231,12052,0,0,0
8231,12053,0,0,0
8231,12054,19,0,19
8231,12060,0,0,0
8231,12061,0,0,0
8231,12062,0,0,0
8231,12063,10,0,10
8231,12064,0,0,0
8231,12065,0,0,0
8231,12066,0,0,0
8231,12067,0,0,0
8231,12068,0,0,0
8231,12069,10,10,0
8231,12070,0,0,0
8231,12071,0,0,0
8231,12072,0,0,0
8231,12073,0,0,0
8231,13003,0,0,0
8231,13004,0,0,0
8231,13071,0,0,0
8231,13072,0,0,0
8231,13073,0,0,0
8231,13074,0,0,0
8231,13075,0,0,0
8231,13076,0,0,0
8231,14511,0,0,0
8231,14521,0,0,0
8231,14522,0,0,0
8231,14523,0,0,0
8231,14524,0,0,0
8231,14612,0,0,0
8231,14625,0,0,0
8231,14626,0,0,0
8231,14627,0,0,0
8231,14628,0,0,0
8231,14713,16,16,0
8231,14729,0,0,0
8231,14730,0,0,0
8231,15001,0,0,0
8231,15002,11,11,0
8231,15003,0,0,0
8231,15081,0,0,0
8231,15082,0,0,0
8231,15083,0,0,0
8231,15084,0,0,0
8231,15085,0,0,0
8231,15086,0,0,0
8231,15087,0,0,0
8231,15088,0,0,0
8231,15089,0,0,0
8231,15090,0,0,0
8231,15091,0,0,0
8231,16051,0,0,0
8231,16052,0,0,0
8231,16053,0,0,0
8231,16054,0,0,0
8231,16055,0,0,0
8231,16056,0,0,0
8231,16061,0,0,0
8231,16062,0,0,0
8231,16063,0,0,0
8231,16064,0,0,0
8231,16065,0,0,0
8231,16066,0,0,0
8231,16067,0,0,0
8231,16068,0,0,0
8231,16069,0,0,0
8231,16070,0,0,0
8231,16071,0,0,0
8231,16072,0,0,0
8231,16073,0,0,0
8231,16074,0,0,0
8231,16075,0,0,0
8231,16076,0,0,0
8231,16077,0,0,0
8235,1001,0,0,0
8235,1002,0,0,0
8235,1003,0,0,0
8235,1004,0,0,0
8235,1051,0,0,0
8235,1053,0,0,0
8235,1054,0,0,0
8235,1055,0,0,0
8235,1056,0,0,0
8235,1057,0,0,0
8235,1058,0,0,0
8235,1059,0,0,0
8235,1060,10,10,0
8235,1061,0,0,0
8235,1062,14,0,14
8235,2000,91,27,64
8235,3101,0,0,0
8235,3102,0,0,0
8235,3103,0,0,0
8235,3151,14,14,0
8235,3153,0,0,0
8235,3154,0,0,0
8235,3155,0,0,0
8235,3157,0,0,0
8235,3158,0,0,0
8235,3159,12,0,12
8235,3241,68,36,32
8235,3251,0,0,0
8235,3252,0,0,0
8235,3254,0,0,0
8235,3255,0,0,0
8235,3256,0,0,0
8235,3257,0,0,0
8235,3351,0,0,0
8235,3352,0,0,0
8235,3353,0,0,0
8235,3354,0,0,0
8235,3355,0,0,0
8235,3356,0,0,0
8235,3357,0,0,0
8235,3358,0,0,0
8235,3359,0,0,0
8235,3360,0,0,0
8235,3361,0,0,0
8235,3401,0,0,0
8235,3402,0,0,0
8235,3403,0,0,0
8235,3404,0,0,0
8235,3405,0,0,0
8235,3451,0,0,0
8235,3452,0,0,0
8235,3453,0,0,0
8235,3454,17,0,17
8235,3455,0,0,0
8235,3456,0,0,0
8235,3457,0,0,0
8235,3458,0,0,0
8235,3459,0,0,0
8235,3460,0,0,0
8235,3461,0,0,0
8235,3462,0,0,0
8235,4011,12,0,12
8235,4012,0,0,0
8235,5111,79,0,79
8235,5112,11,0,11
8235,5113,11,0,11
8235,5114,0,0,0
8235,5116,0,0,0
8235,5117,0,0,0
8235,5119,0,0,0
8235,5120,0,0,0
8235,5122,0,0,0
8235,5124,0,0,0
8235,5154,0,0,0
8235,5158,24,0,24
8235,5162,16,0,16
8235,5166,0,0,0
8235,5170,0,0,0
8235,5314,0,0,0
8235,5315,67,18,49
8235,5316,0,0,0
8235,5334,13,0,13
8235,5358,0,0,0
8235,5362,0,0,0
8235,5366,0,0,0
8235,5370,0,0,0
8235,5374,31,0,31
8235,5378,0,0,0
8235,5382,30,14,16
8235,5512,0,0,0
8235,5513,0,0,0
8235,5515,0,0,0
8235,5554,0,0,0
8235,5558,0,0,0
8235,5562,0,0,0
8235,5566,14,14,0
8235,5570,0,0,0
8235,5711,0,0,0
8235,5754,29,12,17
8235,5758,10,0,10
8235,5762,0,0,0
8235,5766,10,10,0
8235,5770,0,0,0
8235,5774,0,0,0
8235,5911,0,0,0
8235,5913,28,12,16
8235,5914,0,0,0
8235,5915,0,0,0
8235,5916,0,0,0
8235,5954,0,0,0
8235,5958,0,0,0
8235,5962,0,0,0
8235,5966,0,0,0
8235,5970,0,0,0
8235,5974,0,0,0
8235,5978,17,0,17
8235,6411,0,0,0
8235,6412,115,10,105
8235,6413,0,0,0
8235,6414,21,0,21
8235,6431,13,0,13
8235,6432,25,0,25
8235,6433,12,0,12
8235,6434,27,0,27
8235,6435,19,0,19
8235,6436,23,0,23
8235,6437,0,0,0
8235,6438,34,0,34
8235,6439,0,0,0
8235,6440,0,0,0
8235,6531,0,0,0
8235,6532,10,10,0
8235,6533,0,0,0
8235,6534,0,0,0
8235,6535,0,0,0
8235,6611,0,0,0
8235,6631,0,0,0
8235,6632,0,0,0
8235,6633,0,0,0
8235,6634,0,0,0
8235,6635,0,0,0
8235,6636,0,0,0
8235,7111,24,0,24
8235,7131,0,0,0
8235,7132,0,0,0
8235,7133,0,0,0
8235,7134,0,0,0
8235,7135,0,0,0
8235,7137,0,0,0
8235,7138,0,0,0
8235,7140,11,11,0
8235,7141,0,0,0
8235,7143,0,0,0
8235,7211,0,0,0
8235,7231,0,0,0
8235,7232,0,0,0
8235,7233,0,0,0
8235,7235,0,0,0
8235,7311,0,0,0
8235,7312,0,0,0
8235,7313,12,0,12
8235,7314,14,0,14
8235,7315,26,0,26
8235,7316,0,0,0
8235,7317,0,0,0
8235,7318,0,0,0
8235,7319,0,0,0
8235,7320,0,0,0
8235,7331,0,0,0
8235,7332,0,0,0
8235,7333,0,0,0
8235,7334,69,19,50
8235,7335,10,10,0
8235,7336,0,0,0
8235,7337,51,10,41
8235,7338,0,0,0
8235,7339,0,0,0
8235,7340,0,0,0
8235,8111,3692,400,3292
8235,8115,17449,3818,13631
8235,8116,878,196,682
8235,8117,155,77,78
8235,8118,1148,235,913
8235,8119,379,85,294
8235,8121,66,21,45
8235,8125,188,67,121
8235,8126,51,22,29
8235,8127,41,10,31
8235,8128,62,13,49
8235,8135,13,0,13
8235,8136,73,21,52
8235,8211,137,44,93
8235,8212,1439,215,1224
8235,8215,1543,418,1125
8235,8216,617,181,436
8235,8221,36,16,20
8235,8222,88,16,72
8235,8225,35,16,19
8235,8226,87,33,54
8235,8231,3843,913,2930
8235,8235,0,0,0
8235,8236,3473,1305,2168
8235,8237,6597,3272,3325
8235,8311,75,28,47
8235,8315,82,42,40
8235,8316,24,10,14
8235,8317,149,71,78
8235,8325,313,170,143
8235,8326,201,38,163
8235,8327,57,21,36
8235,8335,68,23,45
8235,8336,10,0,10
8235,8337,11,0,11
8235,8415,358,127,231
8235,8416,1539,794,745
8235,8417,283,185,98
8235,8421,41,16,25
8235,8425,48,36,12
8235,8426,20,0,20
8235,8435,80,20,60
8235,8436,36,16,20
8235,8437,28,16,12
8235,9161,77,0,77
8235,9162,164,27,137
8235,9163,0,0,0
8235,9171,0,0,0
8235,9172,28,28,0
8235,9173,0,0,0
8235,9174,10,0,10
8235,9175,0,0,0
8235,9176,0,0,0
8235,9177,0,0,0
8235,9178,28,0,28
8235,9179,0,0,0
8235,9180,0,0,0
8235,9181,11,0,11
8235,9182,0,0,0
8235,9183,0,0,0
8235,9184,67,13,54
8235,9185,0,0,0
8235,9186,12,0,12
8235,9187,0,0,0
8235,9188,13,0,13
8235,9189,0,0,0
8235,9190,0,0,0
8235,9261,0,0,0
8235,9262,0,0,0
8235,9263,0,0,0
8235,9271,0,0,0
8235,9272,13,13,0
8235,9273,0,0,0
8235,9274,10,0,10
8235,9275,0,0,0
8235,9276,28,28,0
8235,9277,0,0,0
8235,9278,0,0,0
8235,9279,0,0,0
8235,9361,16,16,0
8235,9362,0,0,0
8235,9363,0,0,0
8235,9371,11,11,0
8235,9372,33,33,0
8235,9373,0,0,0
8235,9374,10,10,0
8235,9375,0,0,0
8235,9376,27,27,0
8235,9377,0,0,0
8235,9461,0,0,0
8235,9462,0,0,0
8235,9463,0,0,0
8235,9464,0,0,0
8235,9471,0,0,0
8235,9472,0,0,0
8235,9473,0,0,0
8235,9474,0,0,0
8235,9475,0,0,0
8235,9476,0,0,0
8235,9477,0,0,0
8235,9478,0,0,0
8235,9479,0,0,0
8235,9561,0,0,0
8235,9562,0,0,0
8235,9563,0,0,0
8235,9564,37,14,23
8235,9565,0,0,0
8235,9571,10,10,0
8235,9572,0,0,0
8235,9573,0,0,0
8235,9574,0,0,0
8235,9575,0,0,0
8235,9576,0,0,0
8235,9577,0,0,0
8235,9661,0,0,0
8235,9662,0,0,0
8235,9663,0,0,0
8235,9671,19,0,19
8235,9672,0,0,0
8235,9673,0,0,0
8235,9674,0,0,0
8235,9675,0,0,0
8235,9676,15,0,15
8235,9677,16,0,16
8235,9678,20,0,20
8235,9679,0,0,0
8235,9761,19,0,19
8235,9762,0,0,0
8235,9763,0,0,0
8235,9764,0,0,0
8235,9771,0,0,0
8235,9772,0,0,0
8235,9773,0,0,0
8235,9774,0,0,0
8235,9775,32,20,12
8235,9776,12,0,12
8235,9777,0,0,0
8235,9778,0,0,0
8235,9779,0,0,0
8235,9780,0,0,0
8235,10041,13,13,0
8235,10042,0,0,0
8235,10043,0,0,0
8235,10044,10,10,0
8235,10045,0,0,0
8235,10046,0,0,0
8235,11000,124,41,83
8235,12051,0,0,0
8235,12052,0,0,0
8235,12053,0,0,0
8235,12054,0,0,0
8235,12060,0,0,0
8235,12061,0,0,0
8235,12062,0,0,0
8235,12063,0,0,0
8235,12064,0,0,0
8235,12065,0,0,0
8235,12066,0,0,0
8235,12067,0,0,0
8235,12068,0,0,0
8235,12069,0,0,0
8235,12070,0,0,0
8235,12071,0,0,0
8235,12072,0,0,0
8235,12073,0,0,0
8235,13003,0,0,0
8235,13004,0,0,0
8235,13071,0,0,0
8235,13072,0,0,0
8235,13073,0,0,0
8235,13074,0,0,0
8235,13075,0,0,0
8235,13076,0,0,0
8235,14511,0,0,0
8235,14521,12,12,0
8235,14522,0,0,0
8235,14523,0,0,0
8235,14524,0,0,0
8235,14612,13,0,13
8235,14625,0,0,0
8235,14626,0,0,0
8235,14627,0,0,0
8235,14628,0,0,0
8235,14713,13,0,13
8235,14729,0,0,0
8235,14730,0,0,0
8235,15001,0,0,0
8235,15002,0,0,0
8235,15003,0,0,0
8235,15081,0,0,0
8235,15082,0,0,0
8235,15083,0,0,0
8235,15084,12,12,0
8235,15085,0,0,0
8235,15086,0,0,0
8235,15087,0,0,0
8235,15088,0,0,0
8235,15089,0,0,0
8235,15090,0,0,0
8235,15091,0,0,0
8235,16051,20,0,20
8235,16052,0,0,0
8235,16053,0,0,0
8235,16054,0,0,0
8235,16055,0,0,0
8235,16056,0,0,0
8235,16061,0,0,0
8235,16062,0,0,0
8235,16063,0,0,0
8235,16064,0,0,0
8235,16065,0,0,0
8235,16066,0,0,0
8235,16067,0,0,0
8235,16068,0,0,0
8235,16069,12,0,12
8235,16070,0,0,0
8235,16071,0,0,0
8235,16072,0,0,0
8235,16073,0,0,0
8235,16074,0,0,0
8235,16075,0,0,0
8235,16076,0,0,0
8235,16077,0,0,0
8236,1001,0,0,0
8236,1002,0,0,0
8236,1003,0,0,0
8236,1004,0,0,0
8236,1051,0,0,0
8236,1053,0,0,0
8236,1054,0,0,0
8236,1055,0,0,0
8236,1056,13,0,13
8236,1057,0,0,0
8236,1058,0,0,0
8236,1059,0,0,0
8236,1060,10,0,10
8236,1061,0,0,0
8236,1062,12,0,12
8236,2000,105,29,76
8236,3101,0,0,0
8236,3102,10,10,0
8236,3103,0,0,0
8236,3151,0,0,0
8236,3153,11,0,11
8236,3154,0,0,0
8236,3155,0,0,0
8236,3157,0,0,0
8236,3158,0,0,0
8236,3159,0,0,0
8236,3241,46,17,29
8236,3251,0,0,0
8236,3252,0,0,0
8236,3254,0,0,0
8236,3255,0,0,0
8236,3256,0,0,0
8236,3257,0,0,0
8236,3351,0,0,0
8236,3352,0,0,0
8236,3353,0,0,0
8236,3354,0,0,0
8236,3355,11,11,0
8236,3356,0,0,0
8236,3357,0,0,0
8236,3358,0,0,0
8236,3359,0,0,0
8236,3360,0,0,0
8236,3361,0,0,0
8236,3401,0,0,0
8236,3402,0,0,0
8236,3403,0,0,0
8236,3404,11,0,11
8236,3405,0,0,0
8236,3451,0,0,0
8236,3452,0,0,0
8236,3453,0,0,0
8236,3454,11,0,11
8236,3455,0,0,0
8236,3456,0,0,0
8236,3457,0,0,0
8236,3458,0,0,0
8236,3459,14,0,14
8236,3460,0,0,0
8236,3461,0,0,0
8236,3462,0,0,0
8236,4011,22,22,0
8236,4012,0,0,0
8236,5111,88,15,73
8236,5112,12,0,12
8236,5113,26,0,26
8236,5114,0,0,0
8236,5116,11,0,11
8236,5117,0,0,0
8236,5119,0,0,0
8236,5120,0,0,0
8236,5122,0,0,0
8236,5124,29,12,17
8236,5154,0,0,0
8236,5158,47,10,37
8236,5162,29,15,14
8236,5166,10,10,0
8236,5170,11,11,0
8236,5314,16,0,16
8236,5315,115,23,92
8236,5316,0,0,0
8236,5334,14,0,14
8236,5358,0,0,0
8236,5362,31,16,15
8236,5366,0,0,0
8236,5370,0,0,0
8236,5374,55,11,44
8236,5378,0,0,0
8236,5382,11,11,0
8236,5512,0,0,0
8236,5513,0,0,0
8236,5515,0,0,0
8236,5554,0,0,0
8236,5558,0,0,0
8236,5562,22,0,22
8236,5566,0,0,0
8236,5570,0,0,0
8236,5711,0,0,0
8236,5754,37,10,27
8236,5758,0,0,0
8236,5762,11,11,0
8236,5766,0,0,0
8236,5770,0,0,0
8236,5774,0,0,0
8236,5911,12,0,12
8236,5913,30,11,19
8236,5914,0,0,0
8236,5915,0,0,0
8236,5916,0,0,0
8236,5954,27,16,11
8236,5958,0,0,0
8236,5962,45,12,33
8236,5966,0,0,0
8236,5970,0,0,0
8236,5974,0,0,0
8236,5978,13,13,0
8236,6411,17,0,17
8236,6412,178,11,167
8236,6413,15,0,15
8236,6414,25,0,25
8236,6431,50,21,29
8236,6432,45,23,22
8236,6433,34,0,34
8236,6434,38,0,38
8236,6435,21,0,21
8236,6436,24,0,24
8236,6437,0,0,0
8236,6438,47,13,34
8236,6439,10,0,10
8236,6440,10,0,10
8236,6531,26,13,13
8236,6532,11,0,11
8236,6533,0,0,0
8236,6534,0,0,0
8236,6535,0,0,0
8236,6611,11,0,11
8236,6631,0,0,0
8236,6632,0,0,0
8236,6633,0,0,0
8236,6634,0,0,0
8236,6635,0,0,0
8236,6636,0,0,0
8236,7111,0,0,0
8236,7131,0,0,0
8236,7132,0,0,0
8236,7133,0,0,0
8236,7134,0,0,0
8236,7135,0,0,0
8236,7137,0,0,0
8236,7138,0,0,0
8236,7140,0,0,0
8236,7141,0,0,0
8236,7143,11,11,0
8236,7211,0,0,0
8236,7231,0,0,0
8236,7232,0,0,0
8236,7233,0,0,0
8236,7235,0,0,0
8236,7311,0,0,0
8236,7312,0,0,0
8236,7313,29,14,15
8236,7314,40,14,26
8236,7315,12,0,12
8236,7316,0,0,0
8236,7317,0,0,0
8236,7318,26,15,11
8236,7319,0,0,0
8236,7320,0,0,0
8236,7331,14,14,0
8236,7332,24,13,11
8236,7333,25,25,0
8236,7334,201,90,111
8236,7335,14,14,0
8236,7336,0,0,0
8236,7337,68,39,29
8236,7338,20,20,0
8236,7339,10,0,10
8236,7340,11,11,0
8236,8111,4788,612,4176
8236,8115,6104,1428,4676
8236,8116,834,254,580
8236,8117,136,72,64
8236,8118,7249,2542,4707
8236,8119,460,166,294
8236,8121,204,61,143
8236,8125,1016,534,482
8236,8126,59,32,27
8236,8127,67,38,29
8236,8128,26,13,13
8236,8135,63,41,22
8236,8136,104,31,73
8236,8211,142,43,99
8236,8212,4809,1098,3711
8236,8215,11571,5341,6230
8236,8216,669,266,403
8236,8221,104,21,83
8236,8222,186,40,146
8236,8225,38,17,21
8236,8226,381,148,233
8236,8231,29790,10964,18826
8236,8235,3473,2168,1305
8236,8236,0,0,0
8236,8237,113,48,65
8236,8311,124,27,97
8236,8315,57,33,24
8236,8316,53,41,12
8236,8317,230,126,104
8236,8325,54,24,30
8236,8326,66,22,44
8236,8327,42,15,27
8236,8335,49,21,28
8236,8336,30,11,19
8236,8337,17,0,17
8236,8415,159,61,98
8236,8416,145,74,71
8236,8417,128,34,94
8236,8421,71,26,45
8236,8425,61,47,14
8236,8426,32,20,12
8236,8435,106,41,65
8236,8436,73,55,18
8236,8437,13,13,0
8236,9161,18,0,18
8236,9162,215,42,173
8236,9163,0,0,0
8236,9171,0,0,0
8236,9172,20,10,10
8236,9173,0,0,0
8236,9174,0,0,0
8236,9175,0,0,0
8236,9176,0,0,0
8236,9177,0,0,0
8236,9178,20,0,20
8236,9179,25,10,15
8236,9180,0,0,0
8236,9181,0,0,0
8236,9182,0,0,0
8236,9183,0,0,0
8236,9184,78,10,68
8236,9185,23,23,0
8236,9186,0,0,0
8236,9187,0,0,0
8236,9188,23,11,12
8236,9189,0,0,0
8236,9190,0,0,0
8236,9261,13,0,13
8236,9262,0,0,0
8236,9263,0,0,0
8236,9271,0,0,0
8236,9272,0,0,0
8236,9273,0,0,0
8236,9274,12,0,12
8236,9275,0,0,0
8236,9276,0,0,0
8236,9277,0,0,0
8236,9278,0,0,0
8236,9279,0,0,0
8236,9361,0,0,0
8236,9362,10,10,0
8236,9363,0,0,0
8236,9371,0,0,0
8236,9372,0,0,0
8236,9373,0,0,0
8236,9374,0,0,0
8236,9375,14,14,0
8236,9376,34,34,0
8236,9377,0,0,0
8236,9461,0,0,0
8236,9462,0,0,0
8236,9463,0,0,0
8236,9464,0,0,0
8236,9471,0,0,0
8236,9472,0,0,0
8236,9473,0,0,0
8236,9474,0,0,0
8236,9475,0,0,0
8236,9476,0,0,0
8236,9477,0,0,0
8236,9478,0,0,0
8236,9479,0,0,0
8236,9561,0,0,0
8236,9562,14,0,14
8236,9563,0,0,0
8236,9564,84,30,54
8236,9565,0,0,0
8236,9571,10,10,0
8236,9572,0,0,0
8236,9573,0,0,0
8236,9574,13,13,0
8236,9575,0,0,0
8236,9576,0,0,0
8236,9577,0,0,0
8236,9661,0,0,0
8236,9662,0,0,0
8236,9663,12,0,12
8236,9671,0,0,0
8236,9672,0,0,0
8236,9673,0,0,0
8236,9674,0,0,0
8236,9675,0,0,0
8236,9676,10,0,10
8236,9677,0,0,0
8236,9678,0,0,0
8236,9679,11,11,0
8236,9761,34,12,22
8236,9762,0,0,0
8236,9763,0,0,0
8236,9764,0,0,0
8236,9771,0,0,0
8236,9772,12,12,0
8236,9773,0,0,0
8236,9774,12,12,0
8236,9775,61,40,21
8236,9776,0,0,0
8236,9777,12,12,0
8236,9778,22,12,10
8236,9779,0,0,0
8236,9780,29,12,17
8236,10041,28,10,18
8236,10042,0,0,0
8236,10043,0,0,0
8236,10044,10,10,0
8236,10045,13,0,13
8236,10046,0,0,0
8236,11000,199,87,112
8236,12051,0,0,0
8236,12052,0,0,0
8236,12053,0,0,0
8236,12054,0,0,0
8236,12060,0,0,0
8236,12061,0,0,0
8236,12062,0,0,0
8236,12063,22,10,12
8236,12064,0,0,0
8236,12065,0,0,0
8236,12066,0,0,0
8236,12067,0,0,0
8236,12068,0,0,0
8236,12069,14,14,0
8236,12070,0,0,0
8236,12071,0,0,0
8236,12072,0,0,0
8236,12073,0,0,0
8236,13003,0,0,0
8236,13004,0,0,0
8236,13071,0,0,0
8236,13072,0,0,0
8236,13073,0,0,0
8236,13074,0,0,0
8236,13075,0,0,0
8236,13076,0,0,0
8236,14511,0,0,0
8236,14521,11,11,0
8236,14522,30,30,0
8236,14523,0,0,0
8236,14524,0,0,0
8236,14612,15,15,0
8236,14625,16,16,0
8236,14626,0,0,0
8236,14627,0,0,0
8236,14628,10,10,0
8236,14713,0,0,0
8236,14729,13,13,0
8236,14730,0,0,0
8236,15001,0,0,0
8236,15002,0,0,0
8236,15003,0,0,0
8236,15081,10,0,10
8236,15082,0,0,0
8236,15083,0,0,0
8236,15084,0,0,0
8236,15085,0,0,0
8236,15086,0,0,0
8236,15087,0,0,0
8236,15088,0,0,0
8236,15089,0,0,0
8236,15090,0,0,0
8236,15091,0,0,0
8236,16051,0,0,0
8236,16052,0,0,0
8236,16053,0,0,0
8236,16054,0,0,0
8236,16055,0,0,0
8236,16056,0,0,0
8236,16061,0,0,0
8236,16062,0,0,0
8236,16063,0,0,0
8236,16064,0,0,0
8236,16065,0,0,0
8236,16066,11,11,0
8236,16067,0,0,0
8236,16068,0,0,0
8236,16069,0,0,0
8236,16070,0,0,0
8236,16071,0,0,0
8236,16072,0,0,0
8236,16073,0,0,0
8236,16074,0,0,0
8236,16075,0,0,0
8236,16076,0,0,0
8236,16077,0,0,0
8237,1001,0,0,0
8237,1002,0,0,0
8237,1003,0,0,0
8237,1004,0,0,0
8237,1051,0,0,0
8237,1053,0,0,0
8237,1054,0,0,0
8237,1055,0,0,0
8237,1056,0,0,0
8237,1057,0,0,0
8237,1058,0,0,0
8237,1059,0,0,0
8237,1060,0,0,0
8237,1061,0,0,0
8237,1062,0,0,0
8237,2000,57,15,42
8237,3101,0,0,0
8237,3102,0,0,0
8237,3103,0,0,0
8237,3151,0,0,0
8237,3153,0,0,0
8237,3154,0,0,0
8237,3155,0,0,0
8237,3157,0,0,0
8237,3158,0,0,0
8237,3159,0,0,0
8237,3241,26,10,16
8237,3251,0,0,0
8237,3252,0,0,0
8237,3254,0,0,0
8237,3255,0,0,0
8237,3256,0,0,0
8237,3257,0,0,0
8237,3351,0,0,0
8237,3352,0,0,0
8237,3353,0,0,0
8237,3354,0,0,0
8237,3355,0,0,0
8237,3356,0,0,0
8237,3357,0,0,0
8237,3358,0,0,0
8237,3359,0,0,0
8237,3360,0,0,0
8237,3361,0,0,0
8237,3401,0,0,0
8237,3402,0,0,0
8237,3403,0,0,0
8237,3404,0,0,0
8237,3405,0,0,0
8237,3451,0,0,0
8237,3452,0,0,0
8237,3453,0,0,0
8237,3454,0,0,0
8237,3455,0,0,0
8237,3456,0,0,0
8237,3457,0,0,0
8237,3458,0,0,0
8237,3459,0,0,0
8237,3460,0,0,0
8237,3461,0,0,0
8237,3462,0,0,0
8237,4011,10,0,10
8237,4012,0,0,0
8237,5111,41,10,31
8237,5112,0,0,0
8237,5113,23,12,11
8237,5114,0,0,0
8237,5116,0,0,0
8237,5117,0,0,0
8237,5119,0,0,0
8237,5120,0,0,0
8237,5122,0,0,0
8237,5124,0,0,0
8237,5154,0,0,0
8237,5158,10,0,10
8237,5162,105,48,57
8237,5166,10,10,0
8237,5170,0,0,0
8237,5314,0,0,0
8237,5315,20,0,20
8237,5316,0,0,0
8237,5334,0,0,0
8237,5358,0,0,0
8237,5362,0,0,0
8237,5366,0,0,0
8237,5370,0,0,0
8237,5374,0,0,0
8237,5378,0,0,0
8237,5382,0,0,0
8237,5512,0,0,0
8237,5513,0,0,0
8237,5515,0,0,0
8237,5554,0,0,0
8237,5558,0,0,0
8237,5562,13,0,13
8237,5566,0,0,0
8237,5570,0,0,0
8237,5711,0,0,0
8237,5754,29,13,16
8237,5758,0,0,0
8237,5762,0,0,0
8237,5766,12,12,0
8237,5770,0,0,0
8237,5774,0,0,0
8237,5911,0,0,0
8237,5913,0,0,0
8237,5914,0,0,0
8237,5915,0,0,0
8237,5916,0,0,0
8237,5954,0,0,0
8237,5958,0,0,0
8237,5962,0,0,0
8237,5966,0,0,0
8237,5970,0,0,0
8237,5974,0,0,0
8237,5978,0,0,0
8237,6411,0,0,0
8237,6412,63,13,50
8237,6413,0,0,0
8237,6414,10,0,10
8237,6431,21,0,21
8237,6432,0,0,0
8237,6433,10,0,10
8237,6434,15,0,15
8237,6435,10,10,0
8237,6436,0,0,0
8237,6437,0,0,0
8237,6438,19,0,19
8237,6439,0,0,0
8237,6440,0,0,0
8237,6531,0,0,0
8237,6532,0,0,0
8237,6533,0,0,0
8237,6534,0,0,0
8237,6535,0,0,0
8237,6611,0,0,0
8237,6631,0,0,0
8237,6632,0,0,0
8237,6633,0,0,0
8237,6634,0,0,0
8237,6635,0,0,0
8237,6636,0,0,0
8237,7111,21,0,21
8237,7131,0,0,0
8237,7132,0,0,0
8237,7133,0,0,0
8237,7134,0,0,0
8237,7135,0,0,0
8237,7137,0,0,0
8237,7138,0,0,0
8237,7140,0,0,0
8237,7141,0,0,0
8237,7143,0,0,0
8237,7211,0,0,0
8237,7231,0,0,0
8237,7232,0,0,0
8237,7233,0,0,0
8237,7235,0,0,0
8237,7311,0,0,0
8237,7312,0,0,0
8237,7313,0,0,0
8237,7314,10,0,10
8237,7315,0,0,0
8237,7316,0,0,0
8237,7317,0,0,0
8237,7318,0,0,0
8237,7319,0,0,0
8237,7320,0,0,0
8237,7331,10,10,0
8237,7332,0,0,0
8237,7333,0,0,0
8237,7334,0,0,0
8237,7335,0,0,0
8237,7336,0,0,0
8237,7337,11,0,11
8237,7338,0,0,0
8237,7339,0,0,0
8237,7340,0,0,0
8237,8111,1149,145,1004
8237,8115,3742,728,3014
8237,8116,371,105,266
8237,8117,56,23,33
8237,8118,255,79,176
8237,8119,171,51,120
8237,8121,33,18,15
8237,8125,57,28,29
8237,8126,41,19,22
8237,8127,0,0,0
8237,8128,0,0,0
8237,8135,0,0,0
8237,8136,99,60,39
8237,8211,94,39,55
8237,8212,211,49,162
8237,8215,134,62,72
8237,8216,598,270,328
8237,8221,22,10,12
8237,8222,42,14,28
8237,8225,11,11,0
8237,8226,64,34,30
8237,8231,95,34,61
8237,8235,6597,3325,3272
8237,8236,113,65,48
8237,8237,0,0,0
8237,8311,56,14,42
8237,8315,63,33,30
8237,8316,43,21,22
8237,8317,1124,427,697
8237,8325,6099,3241,2858
8237,8326,475,161,314
8237,8327,170,72,98
8237,8335,101,41,60
8237,8336,50,0,50
8237,8337,0,0,0
8237,8415,448,142,306
8237,8416,2369,1147,1222
8237,8417,1430,849,581
8237,8421,16,0,16
8237,8425,17,17,0
8237,8426,34,17,17
8237,8435,56,27,29
8237,8436,45,25,20
8237,8437,48,23,25
8237,9161,44,0,44
8237,9162,118,23,95
8237,9163,0,0,0
8237,9171,0,0,0
8237,9172,0,0,0
8237,9173,0,0,0
8237,9174,0,0,0
8237,9175,0,0,0
8237,9176,0,0,0
8237,9177,0,0,0
8237,9178,0,0,0
8237,9179,0,0,0
8237,9180,0,0,0
8237,9181,0,0,0
8237,9182,0,0,0
8237,9183,0,0,0
8237,9184,50,0,50
8237,9185,0,0,0
8237,9186,0,0,0
8237,9187,0,0,0
8237,9188,15,15,0
8237,9189,0,0,0
8237,9190,0,0,0
8237,9261,0,0,0
8237,9262,0,0,0
8237,9263,0,0,0
8237,9271,0,0,0
8237,9272,0,0,0
8237,9273,0,0,0
8237,9274,0,0,0
8237,9275,0,0,0
8237,9276,0,0,0
8237,9277,0,0,0
8237,9278,0,0,0
8237,9279,0,0,0
8237,9361,0,0,0
8237,9362,0,0,0
8237,9363,0,0,0
8237,9371,0,0,0
8237,9372,0,0,0
8237,9373,0,0,0
8237,9374,0,0,0
8237,9375,0,0,0
8237,9376,0,0,0
8237,9377,0,0,0
8237,9461,0,0,0
8237,9462,0,0,0
8237,9463,0,0,0
8237,9464,0,0,0
8237,9471,0,0,0
8237,9472,0,0,0
8237,9473,0,0,0
8237,9474,0,0,0
8237,9475,0,0,0
8237,9476,0,0,0
8237,9477,0,0,0
8237,9478,0,0,0
8237,9479,0,0,0
8237,9561,0,0,0
8237,9562,0,0,0
8237,9563,0,0,0
8237,9564,19,0,19
8237,9565,0,0,0
8237,9571,0,0,0
8237,9572,0,0,0
8237,9573,0,0,0
8237,9574,0,0,0
8237,9575,0,0,0
8237,9576,0,0,0
8237,9577,0,0,0
8237,9661,0,0,0
8237,9662,0,0,0
8237,9663,0,0,0
8237,9671,0,0,0
8237,9672,0,0,0
8237,9673,0,0,0
8237,9674,0,0,0
8237,9675,0,0,0
8237,9676,0,0,0
8237,9677,45,0,45
8237,9678,98,0,98
8237,9679,0,0,0
8237,9761,0,0,0
8237,9762,0,0,0
8237,9763,0,0,0
8237,9764,0,0,0
8237,9771,0,0,0
8237,9772,0,0,0
8237,9773,0,0,0
8237,9774,0,0,0
8237,9775,16,0,16
8237,9776,0,0,0
8237,9777,0,0,0
8237,9778,0,0,0
8237,9779,0,0,0
8237,9780,0,0,0
8237,10041,0,0,0
8237,10042,0,0,0
8237,10043,0,0,0
8237,10044,0,0,0
8237,10045,0,0,0
8237,10046,0,0,0
8237,11000,91,35,56
8237,12051,0,0,0
8237,12052,0,0,0
8237,12053,0,0,0
8237,12054,0,0,0
8237,12060,0,0,0
8237,12061,0,0,0
8237,12062,0,0,0
8237,12063,0,0,0
8237,12064,0,0,0
8237,12065,0,0,0
8237,12066,0,0,0
8237,12067,0,0,0
8237,12068,0,0,0
8237,12069,0,0,0
8237,12070,0,0,0
8237,12071,0,0,0
8237,12072,0,0,0
8237,12073,0,0,0
8237,13003,0,0,0
8237,13004,0,0,0
8237,13071,0,0,0
8237,13072,0,0,0
8237,13073,0,0,0
8237,13074,0,0,0
8237,13075,0,0,0
8237,13076,0,0,0
8237,14511,0,0,0
8237,14521,0,0,0
8237,14522,0,0,0
8237,14523,0,0,0
8237,14524,0,0,0
8237,14612,11,11,0
8237,14625,0,0,0
8237,14626,0,0,0
8237,14627,0,0,0
8237,14628,0,0,0
8237,14713,0,0,0
8237,14729,0,0,0
8237,14730,0,0,0
8237,15001,0,0,0
8237,15002,0,0,0
8237,15003,0,0,0
8237,15081,0,0,0
8237,15082,0,0,0
8237,15083,0,0,0
8237,15084,0,0,0
8237,15085,0,0,0
8237,15086,0,0,0
8237,15087,0,0,0
8237,15088,0,0,0
8237,15089,0,0,0
8237,15090,0,0,0
8237,15091,0,0,0
8237,16051,0,0,0
8237,16052,0,0,0
8237,16053,0,0,0
8237,16054,0,0,0
8237,16055,0,0,0
8237,16056,0,0,0
8237,16061,0,0,0
8237,16062,0,0,0
8237,16063,0,0,0
8237,16064,0,0,0
8237,16065,0,0,0
8237,16066,0,0,0
8237,16067,0,0,0
8237,16068,0,0,0
8237,16069,0,0,0
8237,16070,0,0,0
8237,16071,0,0,0
8237,16072,0,0,0
8237,16073,0,0,0
8237,16074,0,0,0
8237,16075,0,0,0
8237,16076,0,0,0
8237,16077,0,0,0
8311,1001,17,0,17
8311,1002,13,13,0
8311,1003,11,11,0
8311,1004,0,0,0
8311,1051,0,0,0
8311,1053,0,0,0
8311,1054,0,0,0
8311,1055,0,0,0
8311,1056,17,17,0
8311,1057,0,0,0
8311,1058,0,0,0
8311,1059,0,0,0
8311,1060,30,20,10
8311,1061,0,0,0
8311,1062,11,11,0
8311,2000,326,169,157
8311,3101,29,13,16
8311,3102,0,0,0
8311,3103,0,0,0
8311,3151,0,0,0
8311,3153,0,0,0
8311,3154,0,0,0
8311,3155,13,13,0
8311,3157,0,0,0
8311,3158,0,0,0
8311,3159,65,46,19
8311,3241,138,67,71
8311,3251,14,14,0
8311,3252,0,0,0
8311,3254,0,0,0
8311,3255,0,0,0
8311,3256,0,0,0
8311,3257,11,11,0
8311,3351,0,0,0
8311,3352,0,0,0
8311,3353,18,18,0
8311,3354,0,0,0
8311,3355,24,11,13
8311,3356,0,0,0
8311,3357,0,0,0
8311,3358,0,0,0
8311,3359,0,0,0
8311,3360,0,0,0
8311,3361,0,0,0
8311,3401,0,0,0
8311,3402,0,0,0
8311,3403,19,19,0
8311,3404,89,10,79
8311,3405,0,0,0
8311,3451,12,12,0
8311,3452,0,0,0
8311,3453,0,0,0
8311,3454,0,0,0
8311,3455,0,0,0
8311,3456,0,0,0
8311,3457,0,0,0
8311,3458,0,0,0
8311,3459,0,0,0
8311,3460,0,0,0
8311,3461,0,0,0
8311,3462,0,0,0
8311,4011,58,21,37
8311,4012,0,0,0
8311,5111,167,49,118
8311,5112,36,16,20
8311,5113,53,27,26
8311,5114,0,0,0
8311,5116,14,0,14
8311,5117,11,11,0
8311,5119,0,0,0
8311,5120,0,0,0
8311,5122,0,0,0
8311,5124,25,15,10
8311,5154,0,0,0
8311,5158,52,21,31
8311,5162,49,30,19
8311,5166,25,14,11
8311,5170,12,12,0
8311,5314,117,44,73
8311,5315,301,87,214
8311,5316,0,0,0
8311,5334,60,34,26
8311,5358,18,0,18
8311,5362,30,17,13
8311,5366,0,0,0
8311,5370,0,0,0
8311,5374,35,0,35
8311,5378,18,18,0
8311,5382,56,40,16
8311,5512,0,0,0
8311,5513,0,0,0
8311,5515,49,29,20
8311,5554,12,12,0
8311,5558,10,10,0
8311,5562,16,16,0
8311,5566,14,14,0
8311,5570,0,0,0
8311,5711,10,0,10
8311,5754,30,10,20
8311,5758,18,18,0
8311,5762,0,0,0
8311,5766,12,12,0
8311,5770,0,0,0
8311,5774,10,10,0
8311,5911,37,21,16
8311,5913,55,43,12
8311,5914,0,0,0
8311,5915,10,10,0
8311,5916,0,0,0
8311,5954,14,14,0
8311,5958,11,11,0
8311,5962,18,18,0
8311,5966,0,0,0
8311,5970,17,17,0
8311,5974,17,17,0
8311,5978,51,40,11
8311,6411,72,29,43
8311,6412,420,92,328
8311,6413,21,11,10
8311,6414,64,27,37
8311,6431,76,62,14
8311,6432,39,39,0
8311,6433,30,15,15
8311,6434,67,28,39
8311,6435,44,13,31
8311,6436,82,27,55
8311,6437,0,0,0
8311,6438,50,21,29
8311,6439,18,18,0
8311,6440,49,49,0
8311,6531,32,20,12
8311,6532,0,0,0
8311,6533,11,11,0
8311,6534,25,25,0
8311,6535,0,0,0
8311,6611,32,17,15
8311,6631,14,14,0
8311,6632,0,0,0
8311,6633,0,0,0
8311,6634,19,0,19
8311,6635,0,0,0
8311,6636,0,0,0
8311,7111,0,0,0
8311,7131,0,0,0
8311,7132,0,0,0
8311,7133,0,0,0
8311,7134,0,0,0
8311,7135,0,0,0
8311,7137,0,0,0
8311,7138,11,11,0
8311,7140,0,0,0
8311,7141,0,0,0
8311,7143,0,0,0
8311,7211,24,14,10
8311,7231,20,0,20
8311,7232,0,0,0
8311,7233,0,0,0
8311,7235,0,0,0
8311,7311,0,0,0
8311,7312,29,15,14
8311,7313,0,0,0
8311,7314,90,17,73
8311,7315,67,31,36
8311,7316,0,0,0
8311,7317,0,0,0
8311,7318,0,0,0
8311,7319,10,10,0
8311,7320,0,0,0
8311,7331,0,0,0
8311,7332,15,15,0
8311,7333,0,0,0
8311,7334,37,37,0
8311,7335,0,0,0
8311,7336,0,0,0
8311,7337,28,18,10
8311,7338,20,20,0
8311,7339,41,29,12
8311,7340,0,0,0
8311,8111,671,159,512
8311,8115,144,62,82
8311,8116,192,103,89
8311,8117,62,35,27
8311,8118,163,71,92
8311,8119,175,127,48
8311,8121,41,15,26
8311,8125,66,32,34
8311,8126,20,0,20
8311,8127,25,25,0
8311,8128,86,76,10
8311,8135,0,0,0
8311,8136,59,28,31
8311,8211,224,145,79
8311,8212,1019,555,464
8311,8215,697,573,124
8311,8216,569,479,90
8311,8221,245,130,115
8311,8222,302,177,125
8311,8225,117,117,0
8311,8226,398,279,119
8311,8231,105,70,35
8311,8235,75,47,28
8311,8236,124,97,27
8311,8237,56,42,14
8311,8311,0,0,0
8311,8315,42560,32143,10417
8311,8316,24084,19068,5016
8311,8317,6035,4409,1626
8311,8325,162,118,44
8311,8326,1111,775,336
8311,8327,204,137,67
8311,8335,907,795,112
8311,8336,3187,1983,1204
8311,8337,1084,844,240
8311,8415,86,44,42
8311,8416,118,80,38
8311,8417,109,81,28
8311,8421,81,31,50
8311,8425,58,27,31
8311,8426,48,29,19
8311,8435,191,145,46
8311,8436,98,62,36
8311,8437,174,145,29
8311,9161,21,11,10
8311,9162,554,169,385
8311,9163,0,0,0
8311,9171,0,0,0
8311,9172,0,0,0
8311,9173,0,0,0
8311,9174,12,12,0
8311,9175,25,25,0
8311,9176,0,0,0
8311,9177,0,0,0
8311,9178,39,18,21
8311,9179,22,12,10
8311,9180,10,10,0
8311,9181,0,0,0
8311,9182,0,0,0
8311,9183,0,0,0
8311,9184,110,32,78
8311,9185,0,0,0
8311,9186,0,0,0
8311,9187,12,12,0
8311,9188,11,11,0
8311,9189,0,0,0
8311,9190,0,0,0
8311,9261,0,0,0
8311,9262,0,0,0
8311,9263,0,0,0
8311,9271,0,0,0
8311,9272,0,0,0
8311,9273,0,0,0
8311,9274,0,0,0
8311,9275,0,0,0
8311,9276,0,0,0
8311,9277,0,0,0
8311,9278,0,0,0
8311,9279,0,0,0
8311,9361,0,0,0
8311,9362,0,0,0
8311,9363,0,0,0
8311,9371,0,0,0
8311,9372,0,0,0
8311,9373,0,0,0
8311,9374,0,0,0
8311,9375,10,10,0
8311,9376,0,0,0
8311,9377,0,0,0
8311,9461,0,0,0
8311,9462,0,0,0
8311,9463,0,0,0
8311,9464,0,0,0
8311,9471,0,0,0
8311,9472,0,0,0
8311,9473,0,0,0
8311,9474,0,0,0
8311,9475,0,0,0
8311,9476,0,0,0
8311,9477,0,0,0
8311,9478,0,0,0
8311,9479,0,0,0
8311,9561,0,0,0
8311,9562,24,11,13
8311,9563,0,0,0
8311,9564,75,24,51
8311,9565,0,0,0
8311,9571,12,12,0
8311,9572,0,0,0
8311,9573,10,10,0
8311,9574,13,13,0
8311,9575,0,0,0
8311,9576,0,0,0
8311,9577,0,0,0
8311,9661,0,0,0
8311,9662,0,0,0
8311,9663,35,22,13
8311,9671,18,18,0
8311,9672,0,0,0
8311,9673,0,0,0
8311,9674,0,0,0
8311,9675,0,0,0
8311,9676,11,11,0
8311,9677,0,0,0
8311,9678,0,0,0
8311,9679,16,16,0
8311,9761,38,25,13
8311,9762,0,0,0
8311,9763,0,0,0
8311,9764,0,0,0
8311,9771,12,12,0
8311,9772,11,11,0
8311,9773,0,0,0
8311,9774,0,0,0
8311,9775,15,15,0
8311,9776,10,10,0
8311,9777,0,0,0
8311,9778,0,0,0
8311,9779,0,0,0
8311,9780,11,11,0
8311,10041,84,25,59
8311,10042,0,0,0
8311,10043,10,10,0
8311,10044,11,11,0
8311,10045,0,0,0
8311,10046,0,0,0
8311,11000,810,335,475
8311,12051,0,0,0
8311,12052,0,0,0
8311,12053,0,0,0
8311,12054,31,18,13
8311,12060,0,0,0
8311,12061,17,17,0
8311,12062,0,0,0
8311,12063,0,0,0
8311,12064,13,13,0
8311,12065,0,0,0
8311,12066,12,0,12
8311,12067,0,0,0
8311,12068,0,0,0
8311,12069,16,16,0
8311,12070,0,0,0
8311,12071,0,0,0
8311,12072,0,0,0
8311,12073,0,0,0
8311,13003,0,0,0
8311,13004,0,0,0
8311,13071,0,0,0
8311,13072,0,0,0
8311,13073,0,0,0
8311,13074,0,0,0
8311,13075,0,0,0
8311,13076,0,0,0
8311,14511,0,0,0
8311,14521,11,11,0
8311,14522,81,81,0
8311,14523,0,0,0
8311,14524,0,0,0
8311,14612,80,31,49
8311,14625,24,24,0
8311,14626,0,0,0
8311,14627,12,12,0
8311,14628,18,18,0
8311,14713,80,51,29
8311,14729,0,0,0
8311,14730,10,10,0
8311,15001,0,0,0
8311,15002,21,21,0
8311,15003,11,11,0
8311,15081,0,0,0
8311,15082,0,0,0
8311,15083,0,0,0
8311,15084,0,0,0
8311,15085,0,0,0
8311,15086,0,0,0
8311,15087,0,0,0
8311,15088,0,0,0
8311,15089,0,0,0
8311,15090,0,0,0
8311,15091,0,0,0
8311,16051,29,29,0
8311,16052,0,0,0
8311,16053,11,0,11
8311,16054,0,0,0
8311,16055,0,0,0
8311,16056,0,0,0
8311,16061,0,0,0
8311,16062,0,0,0
8311,16063,0,0,0
8311,16064,0,0,0
8311,16065,0,0,0
8311,16066,0,0,0
8311,16067,13,13,0
8311,16068,0,0,0
8311,16069,0,0,0
8311,16070,13,13,0
8311,16071,10,10,0
8311,16072,0,0,0
8311,16073,0,0,0
8311,16074,0,0,0
8311,16075,0,0,0
8311,16076,0,0,0
8311,16077,0,0,0
8315,1001,53,0,53
8315,1002,0,0,0
8315,1003,0,0,0
8315,1004,0,0,0
8315,1051,0,0,0
8315,1053,0,0,0
8315,1054,0,0,0
8315,1055,0,0,0
8315,1056,13,13,0
8315,1057,0,0,0
8315,1058,0,0,0
8315,1059,0,0,0
8315,1060,23,13,10
8315,1061,0,0,0
8315,1062,14,14,0
8315,2000,220,121,99
8315,3101,13,13,0
8315,3102,0,0,0
8315,3103,0,0,0
8315,3151,0,0,0
8315,3153,0,0,0
8315,3154,0,0,0
8315,3155,12,12,0
8315,3157,0,0,0
8315,3158,0,0,0
8315,3159,23,12,11
8315,3241,88,35,53
8315,3251,0,0,0
8315,3252,11,0,11
8315,3254,0,0,0
8315,3255,0,0,0
8315,3256,0,0,0
8315,3257,0,0,0
8315,3351,0,0,0
8315,3352,0,0,0
8315,3353,31,31,0
8315,3354,0,0,0
8315,3355,10,10,0
8315,3356,0,0,0
8315,3357,0,0,0
8315,3358,0,0,0
8315,3359,29,11,18
8315,3360,0,0,0
8315,3361,0,0,0
8315,3401,0,0,0
8315,3402,64,64,0
8315,3403,0,0,0
8315,3404,25,0,25
8315,3405,0,0,0
8315,3451,0,0,0
8315,3452,43,43,0
8315,3453,0,0,0
8315,3454,0,0,0
8315,3455,0,0,0
8315,3456,0,0,0
8315,3457,23,23,0
8315,3458,0,0,0
8315,3459,19,0,19
8315,3460,0,0,0
8315,3461,0,0,0
8315,3462,0,0,0
8315,4011,34,12,22
8315,4012,0,0,0
8315,5111,111,12,99
8315,5112,17,0,17
8315,5113,34,17,17
8315,5114,17,0,17
8315,5116,0,0,0
8315,5117,0,0,0
8315,5119,0,0,0
8315,5120,0,0,0
8315,5122,0,0,0
8315,5124,0,0,0
8315,5154,22,0,22
8315,5158,30,0,30
8315,5162,33,0,33
8315,5166,14,0,14
8315,5170,12,12,0
8315,5314,27,0,27
8315,5315,149,28,121
8315,5316,0,0,0
8315,5334,29,14,15
8315,5358,0,0,0
8315,5362,49,11,38
8315,5366,0,0,0
8315,5370,0,0,0
8315,5374,30,0,30
8315,5378,0,0,0
8315,5382,39,19,20
8315,5512,0,0,0
8315,5513,0,0,0
8315,5515,16,0,16
8315,5554,0,0,0
8315,5558,0,0,0
8315,5562,12,12,0
8315,5566,15,0,15
8315,5570,0,0,0
8315,5711,14,0,14
8315,5754,29,0,29
8315,5758,0,0,0
8315,5762,0,0,0
8315,5766,22,12,10
8315,5770,0,0,0
8315,5774,0,0,0
8315,5911,0,0,0
8315,5913,25,10,15
8315,5914,0,0,0
8315,5915,0,0,0
8315,5916,10,10,0
8315,5954,10,0,10
8315,5958,0,0,0
8315,5962,11,0,11
8315,5966,0,0,0
8315,5970,12,0,12
8315,5974,11,0,11
8315,5978,14,14,0
8315,6411,33,0,33
8315,6412,235,30,205
8315,6413,17,0,17
8315,6414,28,0,28
8315,6431,40,29,11
8315,6432,39,18,21
8315,6433,39,15,24
8315,6434,41,12,29
8315,6435,58,17,41
8315,6436,25,0,25
8315,6437,0,0,0
8315,6438,41,13,28
8315,6439,23,11,12
8315,6440,10,0,10
8315,6531,10,0,10
8315,6532,0,0,0
8315,6533,14,14,0
8315,6534,16,16,0
8315,6535,0,0,0
8315,6611,0,0,0
8315,6631,11,11,0
8315,6632,0,0,0
8315,6633,0,0,0
8315,6634,0,0,0
8315,6635,0,0,0
8315,6636,0,0,0
8315,7111,0,0,0
8315,7131,0,0,0
8315,7132,0,0,0
8315,7133,11,0,11
8315,7134,0,0,0
8315,7135,0,0,0
8315,7137,0,0,0
8315,7138,10,0,10
8315,7140,0,0,0
8315,7141,0,0,0
8315,7143,12,12,0
8315,7211,0,0,0
8315,7231,0,0,0
8315,7232,0,0,0
8315,7233,0,0,0
8315,7235,0,0,0
8315,7311,0,0,0
8315,7312,21,0,21
8315,7313,0,0,0
8315,7314,56,13,43
8315,7315,37,13,24
8315,7316,10,10,0
8315,7317,0,0,0
8315,7318,0,0,0
8315,7319,0,0,0
8315,7320,0,0,0
8315,7331,16,16,0
8315,7332,14,0,14
8315,7333,0,0,0
8315,7334,25,15,10
8315,7335,0,0,0
8315,7336,0,0,0
8315,7337,15,15,0
8315,7338,15,15,0
8315,7339,26,13,13
8315,7340,0,0,0
8315,8111,486,48,438
8315,8115,157,78,79
8315,8116,166,49,117
8315,8117,57,28,29
8315,8118,125,49,76
8315,8119,100,33,67
8315,8121,25,12,13
8315,8125,66,41,25
8315,8126,32,0,32
8315,8127,13,0,13
8315,8128,14,0,14
8315,8135,14,0,14
8315,8136,58,18,40
8315,8211,75,31,44
8315,8212,393,78,315
8315,8215,182,98,84
8315,8216,242,138,104
8315,8221,61,21,40
8315,8222,244,48,196
8315,8225,20,10,10
8315,8226,510,74,436
8315,8231,42,22,20
8315,8235,82,40,42
8315,8236,57,24,33
8315,8237,63,30,33
8315,8311,42560,10417,32143
8315,8315,0,0,0
8315,8316,10814,5874,4940
8315,8317,2225,1161,1064
8315,8325,165,87,78
8315,8326,3377,1465,1912
8315,8327,262,105,157
8315,8335,295,170,125
8315,8336,6056,2960,3096
8315,8337,2234,1151,1083
8315,8415,69,31,38
8315,8416,64,29,35
8315,8417,81,34,47
8315,8421,63,22,41
8315,8425,38,21,17
8315,8426,36,17,19
8315,8435,126,57,69
8315,8436,73,30,43
8315,8437,66,37,29
8315,9161,35,23,12
8315,9162,337,109,228
8315,9163,0,0,0
8315,9171,0,0,0
8315,9172,0,0,0
8315,9173,0,0,0
8315,9174,78,78,0
8315,9175,0,0,0
8315,9176,16,16,0
8315,9177,0,0,0
8315,9178,20,0,20
8315,9179,10,10,0
8315,9180,0,0,0
8315,9181,21,0,21
8315,9182,10,0,10
8315,9183,0,0,0
8315,9184,81,13,68
8315,9185,29,0,29
8315,9186,14,14,0
8315,9187,0,0,0
8315,9188,0,0,0
8315,9189,0,0,0
8315,9190,0,0,0
8315,9261,0,0,0
8315,9262,0,0,0
8315,9263,0,0,0
8315,9271,0,0,0
8315,9272,0,0,0
8315,9273,31,31,0
8315,9274,0,0,0
8315,9275,0,0,0
8315,9276,0,0,0
8315,9277,0,0,0
8315,9278,0,0,0
8315,9279,0,0,0
8315,9361,0,0,0
8315,9362,15,15,0
8315,9363,0,0,0
8315,9371,0,0,0
8315,9372,0,0,0
8315,9373,0,0,0
8315,9374,0,0,0
8315,9375,10,10,0
8315,9376,0,0,0
8315,9377,0,0,0
8315,9461,0,0,0
8315,9462,0,0,0
8315,9463,0,0,0
8315,9464,0,0,0
8315,9471,0,0,0
8315,9472,0,0,0
8315,9473,0,0,0
8315,9474,10,10,0
8315,9475,0,0,0
8315,9476,17,17,0
8315,9477,0,0,0
8315,9478,0,0,0
8315,9479,0,0,0
8315,9561,0,0,0
8315,9562,0,0,0
8315,9563,0,0,0
8315,9564,62,0,62
8315,9565,0,0,0
8315,9571,0,0,0
8315,9572,0,0,0
8315,9573,0,0,0
8315,9574,0,0,0
8315,9575,0,0,0
8315,9576,0,0,0
8315,9577,0,0,0
8315,9661,0,0,0
8315,9662,0,0,0
8315,9663,15,0,15
8315,9671,14,14,0
8315,9672,25,25,0
8315,9673,0,0,0
8315,9674,0,0,0
8315,9675,0,0,0
8315,9676,0,0,0
8315,9677,0,0,0
8315,9678,0,0,0
8315,9679,0,0,0
8315,9761,41,10,31
8315,9762,0,0,0
8315,9763,0,0,0
8315,9764,0,0,0
8315,9771,14,14,0
8315,9772,25,10,15
8315,9773,0,0,0
8315,9774,10,0,10
8315,9775,28,14,14
8315,9776,0,0,0
8315,9777,0,0,0
8315,9778,0,0,0
8315,9779,0,0,0
8315,9780,0,0,0
8315,10041,59,26,33
8315,10042,0,0,0
8315,10043,30,0,30
8315,10044,0,0,0
8315,10045,26,12,14
8315,10046,0,0,0
8315,11000,358,80,278
8315,12051,0,0,0
8315,12052,0,0,0
8315,12053,0,0,0
8315,12054,0,0,0
8315,12060,0,0,0
8315,12061,0,0,0
8315,12062,0,0,0
8315,12063,0,0,0
8315,12064,0,0,0
8315,12065,0,0,0
8315,12066,0,0,0
8315,12067,0,0,0
8315,12068,0,0,0
8315,12069,0,0,0
8315,12070,0,0,0
8315,12071,0,0,0
8315,12072,0,0,0
8315,12073,0,0,0
8315,13003,0,0,0
8315,13004,0,0,0
8315,13071,0,0,0
8315,13072,0,0,0
8315,13073,0,0,0
8315,13074,0,0,0
8315,13075,0,0,0
8315,13076,0,0,0
8315,14511,0,0,0
8315,14521,0,0,0
8315,14522,10,10,0
8315,14523,0,0,0
8315,14524,0,0,0
8315,14612,49,16,33
8315,14625,0,0,0
8315,14626,10,10,0
8315,14627,15,15,0
8315,14628,0,0,0
8315,14713,49,23,26
8315,14729,0,0,0
8315,14730,0,0,0
8315,15001,0,0,0
8315,15002,0,0,0
8315,15003,0,0,0
8315,15081,0,0,0
8315,15082,0,0,0
8315,15083,0,0,0
8315,15084,0,0,0
8315,15085,0,0,0
8315,15086,0,0,0
8315,15087,0,0,0
8315,15088,0,0,0
8315,15089,0,0,0
8315,15090,0,0,0
8315,15091,0,0,0
8315,16051,10,0,10
8315,16052,0,0,0
8315,16053,10,0,10
8315,16054,0,0,0
8315,16055,0,0,0
8315,16056,0,0,0
8315,16061,0,0,0
8315,16062,0,0,0
8315,16063,0,0,0
8315,16064,0,0,0
8315,16065,0,0,0
8315,16066,0,0,0
8315,16067,0,0,0
8315,16068,0,0,0
8315,16069,0,0,0
8315,16070,0,0,0
8315,16071,0,0,0
8315,16072,0,0,0
8315,16073,0,0,0
8315,16074,0,0,0
8315,16075,0,0,0
8315,16076,0,0,0
8315,16077,0,0,0
8316,1001,48,0,48
8316,1002,0,0,0
8316,1003,0,0,0
8316,1004,0,0,0
8316,1051,0,0,0
8316,1053,0,0,0
8316,1054,0,0,0
8316,1055,0,0,0
8316,1056,0,0,0
8316,1057,0,0,0
8316,1058,0,0,0
8316,1059,0,0,0
8316,1060,0,0,0
8316,1061,0,0,0
8316,1062,0,0,0
8316,2000,87,19,68
8316,3101,0,0,0
8316,3102,0,0,0
8316,3103,0,0,0
8316,3151,0,0,0
8316,3153,0,0,0
8316,3154,0,0,0
8316,3155,0,0,0
8316,3157,0,0,0
8316,3158,0,0,0
8316,3159,0,0,0
8316,3241,51,17,34
8316,3251,0,0,0
8316,3252,0,0,0
8316,3254,0,0,0
8316,3255,0,0,0
8316,3256,0,0,0
8316,3257,0,0,0
8316,3351,0,0,0
8316,3352,0,0,0
8316,3353,0,0,0
8316,3354,0,0,0
8316,3355,0,0,0
8316,3356,0,0,0
8316,3357,0,0,0
8316,3358,0,0,0
8316,3359,0,0,0
8316,3360,0,0,0
8316,3361,0,0,0
8316,3401,0,0,0
8316,3402,0,0,0
8316,3403,0,0,0
8316,3404,68,0,68
8316,3405,0,0,0
8316,3451,0,0,0
8316,3452,0,0,0
8316,3453,0,0,0
8316,3454,0,0,0
8316,3455,0,0,0
8316,3456,0,0,0
8316,3457,0,0,0
8316,3458,0,0,0
8316,3459,0,0,0
8316,3460,0,0,0
8316,3461,0,0,0
8316,3462,0,0,0
8316,4011,17,0,17
8316,4012,0,0,0
8316,5111,44,0,44
8316,5112,0,0,0
8316,5113,33,12,21
8316,5114,0,0,0
8316,5116,0,0,0
8316,5117,0,0,0
8316,5119,0,0,0
8316,5120,0,0,0
8316,5122,0,0,0
8316,5124,0,0,0
8316,5154,0,0,0
8316,5158,21,0,21
8316,5162,29,15,14
8316,5166,0,0,0
8316,5170,16,0,16
8316,5314,21,0,21
8316,5315,86,17,69
8316,5316,0,0,0
8316,5334,10,10,0
8316,5358,0,0,0
8316,5362,12,0,12
8316,5366,0,0,0
8316,5370,0,0,0
8316,5374,46,12,34
8316,5378,0,0,0
8316,5382,10,0,10
8316,5512,0,0,0
8316,5513,0,0,0
8316,5515,0,0,0
8316,5554,0,0,0
8316,5558,0,0,0
8316,5562,0,0,0
8316,5566,0,0,0
8316,5570,0,0,0
8316,5711,0,0,0
8316,5754,14,0,14
8316,5758,0,0,0
8316,5762,0,0,0
8316,5766,0,0,0
8316,5770,0,0,0
8316,5774,0,0,0
8316,5911,0,0,0
8316,5913,16,0,16
8316,5914,0,0,0
8316,5915,0,0,0
8316,5916,0,0,0
8316,5954,0,0,0
8316,5958,0,0,0
8316,5962,0,0,0
8316,5966,0,0,0
8316,5970,0,0,0
8316,5974,0,0,0
8316,5978,0,0,0
8316,6411,12,0,12
8316,6412,126,14,112
8316,6413,0,0,0
8316,6414,18,0,18
8316,6431,10,0,10
8316,6432,10,0,10
8316,6433,0,0,0
8316,6434,15,0,15
8316,6435,20,0,20
8316,6436,23,0,23
8316,6437,0,0,0
8316,6438,34,14,20
8316,6439,0,0,0
8316,6440,15,0,15
8316,6531,0,0,0
8316,6532,0,0,0
8316,6533,0,0,0
8316,6534,0,0,0
8316,6535,0,0,0
8316,6611,0,0,0
8316,6631,0,0,0
8316,6632,0,0,0
8316,6633,0,0,0
8316,6634,0,0,0
8316,6635,0,0,0
8316,6636,0,0,0
8316,7111,0,0,0
8316,7131,0,0,0
8316,7132,0,0,0
8316,7133,0,0,0
8316,7134,0,0,0
8316,7135,0,0,0
8316,7137,0,0,0
8316,7138,0,0,0
8316,7140,0,0,0
8316,7141,0,0,0
8316,7143,0,0,0
8316,7211,0,0,0
8316,7231,0,0,0
8316,7232,0,0,0
8316,7233,0,0,0
8316,7235,0,0,0
8316,7311,0,0,0
8316,7312,14,0,14
8316,7313,0,0,0
8316,7314,27,0,27
8316,7315,0,0,0
8316,7316,0,0,0
8316,7317,0,0,0
8316,7318,0,0,0
8316,7319,0,0,0
8316,7320,0,0,0
8316,7331,10,0,10
8316,7332,0,0,0
8316,7333,0,0,0
8316,7334,21,21,0
8316,7335,0,0,0
8316,7336,0,0,0
8316,7337,0,0,0
8316,7338,0,0,0
8316,7339,0,0,0
8316,7340,0,0,0
8316,8111,269,27,242
8316,8115,78,22,56
8316,8116,78,27,51
8316,8117,31,20,11
8316,8118,74,22,52
8316,8119,57,17,40
8316,8121,14,0,14
8316,8125,40,15,25
8316,8126,27,0,27
8316,8127,13,0,13
8316,8128,27,15,12
8316,8135,0,0,0
8316,8136,30,10,20
8316,8211,64,12,52
8316,8212,358,126,232
8316,8215,163,73,90
8316,8216,144,60,84
8316,8221,27,0,27
8316,8222,90,16,74
8316,8225,11,11,0
8316,8226,89,32,57
8316,8231,13,0,13
8316,8235,24,14,10
8316,8236,53,12,41
8316,8237,43,22,21
8316,8311,24084,5016,19068
8316,8315,10814,4940,5874
8316,8316,0,0,0
8316,8317,8590,4232,4358
8316,8325,89,39,50
8316,8326,730,258,472
8316,8327,61,31,30
8316,8335,87,43,44
8316,8336,591,243,348
8316,8337,152,59,93
8316,8415,51,13,38
8316,8416,33,14,19
8316,8417,44,16,28
8316,8421,44,0,44
8316,8425,15,0,15
8316,8426,23,10,13
8316,8435,54,18,36
8316,8436,35,20,15
8316,8437,18,18,0
8316,9161,0,0,0
8316,9162,151,18,133
8316,9163,0,0,0
8316,9171,0,0,0
8316,9172,0,0,0
8316,9173,0,0,0
8316,9174,0,0,0
8316,9175,0,0,0
8316,9176,0,0,0
8316,9177,0,0,0
8316,9178,10,0,10
8316,9179,0,0,0
8316,9180,0,0,0
8316,9181,12,0,12
8316,9182,0,0,0
8316,9183,0,0,0
8316,9184,51,12,39
8316,9185,26,0,26
8316,9186,0,0,0
8316,9187,0,0,0
8316,9188,10,0,10
8316,9189,0,0,0
8316,9190,0,0,0
8316,9261,0,0,0
8316,9262,0,0,0
8316,9263,0,0,0
8316,9271,0,0,0
8316,9272,0,0,0
8316,9273,0,0,0
8316,9274,0,0,0
8316,9275,0,0,0
8316,9276,0,0,0
8316,9277,0,0,0
8316,9278,0,0,0
8316,9279,0,0,0
8316,9361,0,0,0
8316,9362,0,0,0
8316,9363,0,0,0
8316,9371,0,0,0
8316,9372,0,0,0
8316,9373,0,0,0
8316,9374,0,0,0
8316,9375,0,0,0
8316,9376,0,0,0
8316,9377,0,0,0
8316,9461,0,0,0
8316,9462,0,0,0
8316,9463,0,0,0
8316,9464,0,0,0
8316,9471,0,0,0
8316,9472,0,0,0
8316,9473,0,0,0
8316,9474,0,0,0
8316,9475,0,0,0
8316,9476,0,0,0
8316,9477,0,0,0
8316,9478,0,0,0
8316,9479,0,0,0
8316,9561,0,0,0
8316,9562,0,0,0
8316,9563,0,0,0
8316,9564,76,0,76
8316,9565,0,0,0
8316,9571,0,0,0
8316,9572,0,0,0
8316,9573,0,0,0
8316,9574,0,0,0
8316,9575,0,0,0
8316,9576,0,0,0
8316,9577,0,0,0
8316,9661,0,0,0
8316,9662,0,0,0
8316,9663,15,0,15
8316,9671,0,0,0
8316,9672,0,0,0
8316,9673,0,0,0
8316,9674,0,0,0
8316,9675,0,0,0
8316,9676,0,0,0
8316,9677,0,0,0
8316,9678,0,0,0
8316,9679,0,0,0
8316,9761,0,0,0
8316,9762,0,0,0
8316,9763,0,0,0
8316,9764,0,0,0
8316,9771,0,0,0
8316,9772,0,0,0
8316,9773,0,0,0
8316,9774,0,0,0
8316,9775,0,0,0
8316,9776,0,0,0
8316,9777,0,0,0
8316,9778,13,13,0
8316,9779,0,0,0
8316,9780,0,0,0
8316,10041,19,0,19
8316,10042,0,0,0
8316,10043,44,0,44
8316,10044,0,0,0
8316,10045,12,0,12
8316,10046,0,0,0
8316,11000,138,42,96
8316,12051,0,0,0
8316,12052,0,0,0
8316,12053,0,0,0
8316,12054,11,11,0
8316,12060,0,0,0
8316,12061,0,0,0
8316,12062,0,0,0
8316,12063,0,0,0
8316,12064,0,0,0
8316,12065,0,0,0
8316,12066,24,0,24
8316,12067,0,0,0
8316,12068,0,0,0
8316,12069,0,0,0
8316,12070,0,0,0
8316,12071,0,0,0
8316,12072,0,0,0
8316,12073,0,0,0
8316,13003,0,0,0
8316,13004,0,0,0
8316,13071,0,0,0
8316,13072,0,0,0
8316,13073,0,0,0
8316,13074,0,0,0
8316,13075,0,0,0
8316,13076,0,0,0
8316,14511,0,0,0
8316,14521,0,0,0
8316,14522,0,0,0
8316,14523,0,0,0
8316,14524,0,0,0
8316,14612,10,0,10
8316,14625,0,0,0
8316,14626,0,0,0
8316,14627,16,16,0
8316,14628,0,0,0
8316,14713,0,0,0
8316,14729,0,0,0
8316,14730,0,0,0
8316,15001,0,0,0
8316,15002,0,0,0
8316,15003,0,0,0
8316,15081,0,0,0
8316,15082,0,0,0
8316,15083,0,0,0
8316,15084,0,0,0
8316,15085,0,0,0
8316,15086,0,0,0
8316,15087,0,0,0
8316,15088,0,0,0
8316,15089,0,0,0
8316,15090,0,0,0
8316,15091,0,0,0
8316,16051,0,0,0
8316,16052,0,0,0
8316,16053,0,0,0
8316,16054,0,0,0
8316,16055,0,0,0
8316,16056,0,0,0
8316,16061,0,0,0
8316,16062,0,0,0
8316,16063,0,0,0
8316,16064,0,0,0
8316,16065,0,0,0
8316,16066,0,0,0
8316,16067,0,0,0
8316,16068,0,0,0
8316,16069,0,0,0
8316,16070,0,0,0
8316,16071,0,0,0
8316,16072,0,0,0
8316,16073,0,0,0
8316,16074,0,0,0
8316,16075,0,0,0
8316,16076,0,0,0
8316,16077,0,0,0
8317,1001,0,0,0
8317,1002,14,14,0
8317,1003,16,0,16
8317,1004,0,0,0
8317,1051,0,0,0
8317,1053,13,13,0
8317,1054,10,10,0
8317,1055,13,13,0
8317,1056,17,17,0
8317,1057,0,0,0
8317,1058,17,17,0
8317,1059,0,0,0
8317,1060,34,22,12
8317,1061,14,14,0
8317,1062,28,14,14
8317,2000,256,102,154
8317,3101,11,11,0
8317,3102,0,0,0
8317,3103,0,0,0
8317,3151,0,0,0
8317,3153,11,11,0
8317,3154,0,0,0
8317,3155,0,0,0
8317,3157,0,0,0
8317,3158,0,0,0
8317,3159,25,13,12
8317,3241,125,61,64
8317,3251,0,0,0
8317,3252,0,0,0
8317,3254,34,34,0
8317,3255,0,0,0
8317,3256,12,12,0
8317,3257,0,0,0
8317,3351,0,0,0
8317,3352,0,0,0
8317,3353,15,15,0
8317,3354,0,0,0
8317,3355,0,0,0
8317,3356,0,0,0
8317,3357,21,21,0
8317,3358,10,10,0
8317,3359,21,21,0
8317,3360,0,0,0
8317,3361,12,12,0
8317,3401,0,0,0
8317,3402,0,0,0
8317,3403,0,0,0
8317,3404,33,0,33
8317,3405,0,0,0
8317,3451,0,0,0
8317,3452,0,0,0
8317,3453,0,0,0
8317,3454,16,16,0
8317,3455,0,0,0
8317,3456,0,0,0
8317,3457,22,0,22
8317,3458,11,11,0
8317,3459,131,16,115
8317,3460,0,0,0
8317,3461,0,0,0
8317,3462,0,0,0
8317,4011,48,33,15
8317,4012,0,0,0
8317,5111,190,49,141
8317,5112,47,21,26
8317,5113,57,21,36
8317,5114,17,0,17
8317,5116,29,14,15
8317,5117,13,0,13
8317,5119,13,0,13
8317,5120,0,0,0
8317,5122,17,17,0
8317,5124,36,12,24
8317,5154,45,16,29
8317,5158,69,32,37
8317,5162,54,23,31
8317,5166,28,10,18
8317,5170,42,29,13
8317,5314,78,24,54
8317,5315,199,65,134
8317,5316,0,0,0
8317,5334,56,32,24
8317,5358,14,14,0
8317,5362,98,70,28
8317,5366,11,11,0
8317,5370,15,15,0
8317,5374,65,26,39
8317,5378,27,14,13
8317,5382,77,31,46
8317,5512,0,0,0
8317,5513,0,0,0
8317,5515,54,0,54
8317,5554,27,14,13
8317,5558,0,0,0
8317,5562,92,34,58
8317,5566,24,24,0
8317,5570,20,20,0
8317,5711,37,14,23
8317,5754,43,18,25
8317,5758,19,19,0
8317,5762,10,10,0
8317,5766,20,20,0
8317,5770,47,36,11
8317,5774,0,0,0
8317,5911,11,11,0
8317,5913,46,29,17
8317,5914,68,0,68
8317,5915,0,0,0
8317,5916,10,0,10
8317,5954,31,13,18
8317,5958,11,11,0
8317,5962,57,28,29
8317,5966,54,54,0
8317,5970,36,36,0
8317,5974,30,18,12
8317,5978,37,18,19
8317,6411,54,26,28
8317,6412,428,125,303
8317,6413,45,26,19
8317,6414,74,25,49
8317,6431,88,40,48
8317,6432,66,45,21
8317,6433,141,17,124
8317,6434,71,18,53
8317,6435,78,52,26
8317,6436,81,24,57
8317,6437,0,0,0
8317,6438,88,28,60
8317,6439,38,15,23
8317,6440,53,32,21
8317,6531,34,17,17
8317,6532,22,12,10
8317,6533,12,12,0
8317,6534,15,15,0
8317,6535,0,0,0
8317,6611,28,15,13
8317,6631,23,23,0
8317,6632,13,13,0
8317,6633,15,15,0
8317,6634,16,0,16
8317,6635,0,0,0
8317,6636,0,0,0
8317,7111,11,0,11
8317,7131,0,0,0
8317,7132,10,10,0
8317,7133,47,37,10
8317,7134,0,0,0
8317,7135,15,15,0
8317,7137,55,21,34
8317,7138,53,37,16
8317,7140,21,11,10
8317,7141,0,0,0
8317,7143,11,11,0
8317,7211,13,13,0
8317,7231,10,10,0
8317,7232,0,0,0
8317,7233,0,0,0
8317,7235,14,14,0
8317,7311,0,0,0
8317,7312,32,18,14
8317,7313,26,15,11
8317,7314,74,30,44
8317,7315,42,16,26
8317,7316,16,16,0
8317,7317,12,12,0
8317,7318,0,0,0
8317,7319,0,0,0
8317,7320,0,0,0
8317,7331,21,21,0
8317,7332,31,31,0
8317,7333,18,18,0
8317,7334,132,69,63
8317,7335,22,22,0
8317,7336,0,0,0
8317,7337,62,47,15
8317,7338,53,36,17
8317,7339,47,24,23
8317,7340,19,19,0
8317,8111,838,144,694
8317,8115,264,92,172
8317,8116,251,92,159
8317,8117,81,44,37
8317,8118,272,107,165
8317,8119,200,73,127
8317,8121,79,40,39
8317,8125,139,57,82
8317,8126,72,20,52
8317,8127,42,25,17
8317,8128,36,18,18
8317,8135,36,10,26
8317,8136,119,38,81
8317,8211,2175,665,1510
8317,8212,2180,511,1669
8317,8215,1056,456,600
8317,8216,11287,4142,7145
8317,8221,119,46,73
8317,8222,281,77,204
8317,8225,19,19,0
8317,8226,337,151,186
8317,8231,154,71,83
8317,8235,149,78,71
8317,8236,230,104,126
8317,8237,1124,697,427
8317,8311,6035,1626,4409
8317,8315,2225,1064,1161
8317,8316,8590,4358,4232
8317,8317,0,0,0
8317,8325,2673,868,1805
8317,8326,1490,736,754
8317,8327,107,37,70
8317,8335,179,83,96
8317,8336,439,160,279
8317,8337,273,58,215
8317,8415,129,64,65
8317,8416,159,65,94
8317,8417,148,92,56
8317,8421,98,30,68
8317,8425,50,23,27
8317,8426,57,26,31
8317,8435,80,38,42
8317,8436,88,38,50
8317,8437,63,39,24
8317,9161,0,0,0
8317,9162,362,108,254
8317,9163,0,0,0
8317,9171,0,0,0
8317,9172,0,0,0
8317,9173,0,0,0
8317,9174,58,18,40
8317,9175,19,19,0
8317,9176,0,0,0
8317,9177,12,12,0
8317,9178,42,16,26
8317,9179,15,15,0
8317,9180,0,0,0
8317,9181,39,12,27
8317,9182,22,0,22
8317,9183,0,0,0
8317,9184,106,29,77
8317,9185,0,0,0
8317,9186,25,12,13
8317,9187,26,16,10
8317,9188,33,15,18
8317,9189,0,0,0
8317,9190,0,0,0
8317,9261,0,0,0
8317,9262,11,11,0
8317,9263,0,0,0
8317,9271,0,0,0
8317,9272,0,0,0
8317,9273,0,0,0
8317,9274,37,0,37
8317,9275,10,0,10
8317,9276,0,0,0
8317,9277,0,0,0
8317,9278,0,0,0
8317,9279,0,0,0
8317,9361,0,0,0
8317,9362,11,0,11
8317,9363,0,0,0
8317,9371,0,0,0
8317,9372,0,0,0
8317,9373,0,0,0
8317,9374,0,0,0
8317,9375,0,0,0
8317,9376,22,11,11
8317,9377,0,0,0
8317,9461,0,0,0
8317,9462,0,0,0
8317,9463,0,0,0
8317,9464,0,0,0
8317,9471,0,0,0
8317,9472,10,10,0
8317,9473,0,0,0
8317,9474,0,0,0
8317,9475,0,0,0
8317,9476,0,0,0
8317,9477,0,0,0
8317,9478,0,0,0
8317,9479,0,0,0
8317,9561,0,0,0
8317,9562,10,0,10
8317,9563,0,0,0
8317,9564,151,31,120
8317,9565,0,0,0
8317,9571,10,10,0
8317,9572,12,0,12
8317,9573,10,0,10
8317,9574,15,15,0
8317,9575,0,0,0
8317,9576,0,0,0
8317,9577,0,0,0
8317,9661,12,0,12
8317,9662,0,0,0
8317,9663,30,15,15
8317,9671,33,16,17
8317,9672,0,0,0
8317,9673,10,10,0
8317,9674,0,0,0
8317,9675,0,0,0
8317,9676,0,0,0
8317,9677,17,17,0
8317,9678,0,0,0
8317,9679,18,18,0
8317,9761,64,42,22
8317,9762,0,0,0
8317,9763,0,0,0
8317,9764,0,0,0
8317,9771,29,19,10
8317,9772,49,28,21
8317,9773,0,0,0
8317,9774,31,14,17
8317,9775,46,28,18
8317,9776,0,0,0
8317,9777,0,0,0
8317,9778,10,10,0
8317,9779,27,17,10
8317,9780,28,13,15
8317,10041,137,47,90
8317,10042,14,14,0
8317,10043,42,11,31
8317,10044,15,15,0
8317,10045,42,27,15
8317,10046,11,11,0
8317,11000,418,195,223
8317,12051,0,0,0
8317,12052,0,0,0
8317,12053,0,0,0
8317,12054,10,10,0
8317,12060,0,0,0
8317,12061,11,11,0
8317,12062,16,16,0
8317,12063,0,0,0
8317,12064,0,0,0
8317,12065,14,14,0
8317,12066,10,10,0
8317,12067,11,11,0
8317,12068,0,0,0
8317,12069,10,10,0
8317,12070,0,0,0
8317,12071,11,11,0
8317,12072,0,0,0
8317,12073,0,0,0
8317,13003,0,0,0
8317,13004,0,0,0
8317,13071,12,12,0
8317,13072,0,0,0
8317,13073,0,0,0
8317,13074,0,0,0
8317,13075,11,11,0
8317,13076,0,0,0
8317,14511,35,16,19
8317,14521,10,10,0
8317,14522,11,11,0
8317,14523,16,16,0
8317,14524,17,17,0
8317,14612,48,28,20
8317,14625,38,26,12
8317,14626,13,13,0
8317,14627,20,20,0
8317,14628,19,19,0
8317,14713,84,51,33
8317,14729,20,20,0
8317,14730,11,11,0
8317,15001,0,0,0
8317,15002,0,0,0
8317,15003,12,12,0
8317,15081,0,0,0
8317,15082,10,10,0
8317,15083,0,0,0
8317,15084,11,11,0
8317,15085,0,0,0
8317,15086,10,10,0
8317,15087,12,12,0
8317,15088,14,14,0
8317,15089,11,11,0
8317,15090,0,0,0
8317,15091,19,19,0
8317,16051,29,29,0
8317,16052,0,0,0
8317,16053,0,0,0
8317,16054,0,0,0
8317,16055,0,0,0
8317,16056,0,0,0
8317,16061,0,0,0
8317,16062,0,0,0
8317,16063,0,0,0
8317,16064,0,0,0
8317,16065,0,0,0
8317,16066,0,0,0
8317,16067,27,27,0
8317,16068,14,14,0
8317,16069,0,0,0
8317,16070,36,36,0
8317,16071,11,11,0
8317,16072,0,0,0
8317,16073,16,16,0
8317,16074,0,0,0
8317,16075,0,0,0
8317,16076,0,0,0
8317,16077,0,0,0
8325,1001,0,0,0
8325,1002,0,0,0
8325,1003,0,0,0
8325,1004,0,0,0
8325,1051,0,0,0
8325,1053,0,0,0
8325,1054,0,0,0
8325,1055,0,0,0
8325,1056,0,0,0
8325,1057,0,0,0
8325,1058,0,0,0
8325,1059,0,0,0
8325,1060,0,0,0
8325,1061,0,0,0
8325,1062,0,0,0
8325,2000,25,0,25
8325,3101,0,0,0
8325,3102,0,0,0
8325,3103,0,0,0
8325,3151,0,0,0
8325,3153,0,0,0
8325,3154,0,0,0
8325,3155,0,0,0
8325,3157,0,0,0
8325,3158,0,0,0
8325,3159,0,0,0
8325,3241,21,10,11
8325,3251,0,0,0
8325,3252,0,0,0
8325,3254,0,0,0
8325,3255,0,0,0
8325,3256,0,0,0
8325,3257,0,0,0
8325,3351,0,0,0
8325,3352,0,0,0
8325,3353,0,0,0
8325,3354,0,0,0
8325,3355,0,0,0
8325,3356,0,0,0
8325,3357,0,0,0
8325,3358,0,0,0
8325,3359,0,0,0
8325,3360,0,0,0
8325,3361,0,0,0
8325,3401,0,0,0
8325,3402,0,0,0
8325,3403,0,0,0
8325,3404,0,0,0
8325,3405,0,0,0
8325,3451,0,0,0
8325,3452,0,0,0
8325,3453,0,0,0
8325,3454,10,0,10
8325,3455,0,0,0
8325,3456,0,0,0
8325,3457,11,11,0
8325,3458,0,0,0
8325,3459,0,0,0
8325,3460,0,0,0
8325,3461,0,0,0
8325,3462,0,0,0
8325,4011,24,24,0
8325,4012,0,0,0
8325,5111,21,0,21
8325,5112,0,0,0
8325,5113,0,0,0
8325,5114,0,0,0
8325,5116,0,0,0
8325,5117,0,0,0
8325,5119,0,0,0
8325,5120,0,0,0
8325,5122,0,0,0
8325,5124,11,11,0
8325,5154,0,0,0
8325,5158,13,0,13
8325,5162,12,0,12
8325,5166,0,0,0
8325,5170,0,0,0
8325,5314,0,0,0
8325,5315,39,10,29
8325,5316,0,0,0
8325,5334,0,0,0
8325,5358,0,0,0
8325,5362,0,0,0
8325,5366,0,0,0
8325,5370,0,0,0
8325,5374,0,0,0
8325,5378,0,0,0
8325,5382,0,0,0
8325,5512,0,0,0
8325,5513,0,0,0
8325,5515,0,0,0
8325,5554,0,0,0
8325,5558,0,0,0
8325,5562,0,0,0
8325,5566,0,0,0
8325,5570,0,0,0
8325,5711,0,0,0
8325,5754,0,0,0
8325,5758,0,0,0
8325,5762,0,0,0
8325,5766,32,0,32
8325,5770,21,21,0
8325,5774,0,0,0
8325,5911,0,0,0
8325,5913,0,0,0
8325,5914,0,0,0
8325,5915,0,0,0
8325,5916,0,0,0
8325,5954,10,0,10
8325,5958,0,0,0
8325,5962,0,0,0
8325,5966,0,0,0
8325,5970,0,0,0
8325,5974,0,0,0
8325,5978,0,0,0
8325,6411,0,0,0
8325,6412,75,14,61
8325,6413,0,0,0
8325,6414,13,0,13
8325,6431,13,0,13
8325,6432,12,12,0
8325,6433,0,0,0
8325,6434,15,0,15
8325,6435,15,0,15
8325,6436,10,0,10
8325,6437,0,0,0
8325,6438,14,0,14
8325,6439,0,0,0
8325,6440,12,12,0
8325,6531,0,0,0
8325,6532,0,0,0
8325,6533,0,0,0
8325,6534,0,0,0
8325,6535,0,0,0
8325,6611,0,0,0
8325,6631,0,0,0
8325,6632,0,0,0
8325,6633,0,0,0
8325,6634,0,0,0
8325,6635,0,0,0
8325,6636,0,0,0
8325,7111,0,0,0
8325,7131,0,0,0
8325,7132,0,0,0
8325,7133,0,0,0
8325,7134,0,0,0
8325,7135,0,0,0
8325,7137,0,0,0
8325,7138,0,0,0
8325,7140,0,0,0
8325,7141,0,0,0
8325,7143,0,0,0
8325,7211,0,0,0
8325,7231,0,0,0
8325,7232,0,0,0
8325,7233,0,0,0
8325,7235,0,0,0
8325,7311,0,0,0
8325,7312,0,0,0
8325,7313,0,0,0
8325,7314,0,0,0
8325,7315,0,0,0
8325,7316,0,0,0
8325,7317,0,0,0
8325,7318,0,0,0
8325,7319,0,0,0
8325,7320,0,0,0
8325,7331,0,0,0
8325,7332,0,0,0
8325,7333,0,0,0
8325,7334,0,0,0
8325,7335,0,0,0
8325,7336,0,0,0
8325,7337,0,0,0
8325,7338,0,0,0
8325,7339,0,0,0
8325,7340,0,0,0
8325,8111,922,131,791
8325,8115,1029,196,833
8325,8116,281,83,198
8325,8117,54,23,31
8325,8118,275,59,216
8325,8119,112,33,79
8325,8121,13,0,13
8325,8125,71,21,50
8325,8126,22,0,22
8325,8127,10,10,0
8325,8128,0,0,0
8325,8135,0,0,0
8325,8136,108,25,83
8325,8211,16,0,16
8325,8212,86,23,63
8325,8215,52,27,25
8325,8216,48,20,28
8325,8221,30,16,14
8325,8222,48,13,35
8325,8225,0,0,0
8325,8226,42,25,17
8325,8231,34,16,18
8325,8235,313,143,170
8325,8236,54,30,24
8325,8237,6099,2858,3241
8325,8311,162,44,118
8325,8315,165,78,87
8325,8316,89,50,39
8325,8317,2673,1805,868
8325,8325,0,0,0
8325,8326,9308,4306,5002
8325,8327,6201,2670,3531
8325,8335,486,254,232
8325,8336,89,36,53
8325,8337,117,72,45
8325,8415,307,99,208
8325,8416,697,317,380
8325,8417,4425,2601,1824
8325,8421,38,12,26
8325,8425,36,21,15
8325,8426,60,24,36
8325,8435,85,49,36
8325,8436,177,145,32
8325,8437,139,72,67
8325,9161,12,0,12
8325,9162,97,21,76
8325,9163,0,0,0
8325,9171,0,0,0
8325,9172,0,0,0
8325,9173,0,0,0
8325,9174,0,0,0
8325,9175,0,0,0
8325,9176,0,0,0
8325,9177,0,0,0
8325,9178,0,0,0
8325,9179,0,0,0
8325,9180,0,0,0
8325,9181,0,0,0
8325,9182,0,0,0
8325,9183,0,0,0
8325,9184,22,0,22
8325,9185,0,0,0
8325,9186,0,0,0
8325,9187,0,0,0
8325,9188,0,0,0
8325,9189,0,0,0
8325,9190,0,0,0
8325,9261,0,0,0
8325,9262,0,0,0
8325,9263,0,0,0
8325,9271,0,0,0
8325,9272,0,0,0
8325,9273,14,14,0
8325,9274,0,0,0
8325,9275,0,0,0
8325,9276,0,0,0
8325,9277,0,0,0
8325,9278,10,10,0
8325,9279,0,0,0
8325,9361,0,0,0
8325,9362,0,0,0
8325,9363,0,0,0
8325,9371,0,0,0
8325,9372,0,0,0
8325,9373,0,0,0
8325,9374,0,0,0
8325,9375,0,0,0
8325,9376,0,0,0
8325,9377,0,0,0
8325,9461,0,0,0
8325,9462,0,0,0
8325,9463,0,0,0
8325,9464,0,0,0
8325,9471,0,0,0
8325,9472,0,0,0
8325,9473,0,0,0
8325,9474,0,0,0
8325,9475,0,0,0
8325,9476,0,0,0
8325,9477,0,0,0
8325,9478,0,0,0
8325,9479,0,0,0
8325,9561,0,0,0
8325,9562,0,0,0
8325,9563,0,0,0
8325,9564,34,11,23
8325,9565,0,0,0
8325,9571,0,0,0
8325,9572,0,0,0
8325,9573,0,0,0
8325,9574,0,0,0
8325,9575,0,0,0
8325,9576,0,0,0
8325,9577,0,0,0
8325,9661,0,0,0
8325,9662,0,0,0
8325,9663,0,0,0
8325,9671,10,10,0
8325,9672,0,0,0
8325,9673,0,0,0
8325,9674,0,0,0
8325,9675,0,0,0
8325,9676,0,0,0
8325,9677,14,0,14
8325,9678,23,0,23
8325,9679,0,0,0
8325,9761,11,0,11
8325,9762,0,0,0
8325,9763,0,0,0
8325,9764,0,0,0
8325,9771,0,0,0
8325,9772,11,0,11
8325,9773,0,0,0
8325,9774,0,0,0
8325,9775,15,0,15
8325,9776,0,0,0
8325,9777,0,0,0
8325,9778,0,0,0
8325,9779,0,0,0
8325,9780,17,0,17
8325,10041,0,0,0
8325,10042,0,0,0
8325,10043,0,0,0
8325,10044,0,0,0
8325,10045,0,0,0
8325,10046,0,0,0
8325,11000,99,29,70
8325,12051,0,0,0
8325,12052,0,0,0
8325,12053,0,0,0
8325,12054,0,0,0
8325,12060,0,0,0
8325,12061,0,0,0
8325,12062,0,0,0
8325,12063,0,0,0
8325,12064,0,0,0
8325,12065,0,0,0
8325,12066,0,0,0
8325,12067,0,0,0
8325,12068,0,0,0
8325,12069,0,0,0
8325,12070,0,0,0
8325,12071,0,0,0
8325,12072,0,0,0
8325,12073,0,0,0
8325,13003,0,0,0
8325,13004,0,0,0
8325,13071,0,0,0
8325,13072,0,0,0
8325,13073,0,0,0
8325,13074,0,0,0
8325,13075,0,0,0
8325,13076,0,0,0
8325,14511,0,0,0
8325,14521,0,0,0
8325,14522,0,0,0
8325,14523,0,0,0
8325,14524,0,0,0
8325,14612,16,16,0
8325,14625,0,0,0
8325,14626,0,0,0
8325,14627,0,0,0
8325,14628,0,0,0
8325,14713,10,10,0
8325,14729,0,0,0
8325,14730,0,0,0
8325,15001,0,0,0
8325,15002,0,0,0
8325,15003,0,0,0
8325,15081,0,0,0
8325,15082,0,0,0
8325,15083,0,0,0
8325,15084,0,0,0
8325,15085,0,0,0
8325,15086,0,0,0
8325,15087,0,0,0
8325,15088,0,0,0
8325,15089,0,0,0
8325,15090,0,0,0
8325,15091,0,0,0
8325,16051,0,0,0
8325,16052,0,0,0
8325,16053,0,0,0
8325,16054,0,0,0
8325,16055,0,0,0
8325,16056,0,0,0
8325,16061,0,0,0
8325,16062,0,0,0
8325,16063,0,0,0
8325,16064,0,0,0
8325,16065,0,0,0
8325,16066,0,0,0
8325,16067,0,0,0
8325,16068,0,0,0
8325,16069,0,0,0
8325,16070,0,0,0
8325,16071,0,0,0
8325,16072,0,0,0
8325,16073,0,0,0
8325,16074,0,0,0
8325,16075,0,0,0
8325,16076,0,0,0
8325,16077,0,0,0
8326,1001,0,0,0
8326,1002,0,0,0
8326,1003,0,0,0
8326,1004,0,0,0
8326,1051,0,0,0
8326,1053,0,0,0
8326,1054,0,0,0
8326,1055,0,0,0
8326,1056,13,13,0
8326,1057,0,0,0
8326,1058,0,0,0
8326,1059,28,0,28
8326,1060,0,0,0
8326,1061,0,0,0
8326,1062,10,10,0
8326,2000,105,41,64
8326,3101,0,0,0
8326,3102,0,0,0
8326,3103,0,0,0
8326,3151,0,0,0
8326,3153,0,0,0
8326,3154,0,0,0
8326,3155,0,0,0
8326,3157,0,0,0
8326,3158,0,0,0
8326,3159,25,15,10
8326,3241,69,35,34
8326,3251,0,0,0
8326,3252,0,0,0
8326,3254,0,0,0
8326,3255,0,0,0
8326,3256,0,0,0
8326,3257,0,0,0
8326,3351,0,0,0
8326,3352,0,0,0
8326,3353,0,0,0
8326,3354,0,0,0
8326,3355,0,0,0
8326,3356,0,0,0
8326,3357,0,0,0
8326,3358,0,0,0
8326,3359,0,0,0
8326,3360,0,0,0
8326,3361,0,0,0
8326,3401,0,0,0
8326,3402,0,0,0
8326,3403,0,0,0
8326,3404,33,0,33
8326,3405,0,0,0
8326,3451,0,0,0
8326,3452,0,0,0
8326,3453,0,0,0
8326,3454,0,0,0
8326,3455,0,0,0
8326,3456,0,0,0
8326,3457,0,0,0
8326,3458,0,0,0
8326,3459,13,0,13
8326,3460,0,0,0
8326,3461,0,0,0
8326,3462,0,0,0
8326,4011,27,13,14
8326,4012,0,0,0
8326,5111,66,16,50
8326,5112,0,0,0
8326,5113,28,15,13
8326,5114,0,0,0
8326,5116,10,0,10
8326,5117,14,0,14
8326,5119,16,0,16
8326,5120,0,0,0
8326,5122,0,0,0
8326,5124,0,0,0
8326,5154,10,10,0
8326,5158,44,10,34
8326,5162,32,14,18
8326,5166,10,10,0
8326,5170,0,0,0
8326,5314,15,0,15
8326,5315,100,20,80
8326,5316,0,0,0
8326,5334,17,17,0
8326,5358,0,0,0
8326,5362,29,0,29
8326,5366,12,0,12
8326,5370,0,0,0
8326,5374,31,12,19
8326,5378,0,0,0
8326,5382,0,0,0
8326,5512,0,0,0
8326,5513,0,0,0
8326,5515,15,15,0
8326,5554,24,14,10
8326,5558,0,0,0
8326,5562,20,20,0
8326,5566,27,10,17
8326,5570,0,0,0
8326,5711,0,0,0
8326,5754,38,14,24
8326,5758,0,0,0
8326,5762,0,0,0
8326,5766,0,0,0
8326,5770,0,0,0
8326,5774,12,12,0
8326,5911,11,11,0
8326,5913,34,18,16
8326,5914,23,23,0
8326,5915,0,0,0
8326,5916,0,0,0
8326,5954,34,19,15
8326,5958,12,0,12
8326,5962,25,25,0
8326,5966,0,0,0
8326,5970,0,0,0
8326,5974,0,0,0
8326,5978,49,36,13
8326,6411,18,0,18
8326,6412,147,27,120
8326,6413,0,0,0
8326,6414,19,0,19
8326,6431,46,29,17
8326,6432,0,0,0
8326,6433,21,10,11
8326,6434,34,12,22
8326,6435,64,64,0
8326,6436,24,0,24
8326,6437,0,0,0
8326,6438,39,16,23
8326,6439,0,0,0
8326,6440,15,15,0
8326,6531,12,12,0
8326,6532,0,0,0
8326,6533,0,0,0
8326,6534,0,0,0
8326,6535,10,10,0
8326,6611,0,0,0
8326,6631,80,80,0
8326,6632,14,14,0
8326,6633,0,0,0
8326,6634,0,0,0
8326,6635,0,0,0
8326,6636,0,0,0
8326,7111,0,0,0
8326,7131,0,0,0
8326,7132,0,0,0
8326,7133,12,0,12
8326,7134,0,0,0
8326,7135,0,0,0
8326,7137,13,13,0
8326,7138,0,0,0
8326,7140,0,0,0
8326,7141,0,0,0
8326,7143,0,0,0
8326,7211,0,0,0
8326,7231,0,0,0
8326,7232,0,0,0
8326,7233,0,0,0
8326,7235,0,0,0
8326,7311,0,0,0
8326,7312,0,0,0
8326,7313,0,0,0
8326,7314,14,0,14
8326,7315,27,12,15
8326,7316,0,0,0
8326,7317,0,0,0
8326,7318,0,0,0
8326,7319,27,27,0
8326,7320,0,0,0
8326,7331,11,11,0
8326,7332,0,0,0
8326,7333,0,0,0
8326,7334,0,0,0
8326,7335,0,0,0
8326,7336,0,0,0
8326,7337,0,0,0
8326,7338,0,0,0
8326,7339,0,0,0
8326,7340,0,0,0
8326,8111,660,131,529
8326,8115,436,140,296
8326,8116,298,95,203
8326,8117,57,20,37
8326,8118,192,86,106
8326,8119,163,53,110
8326,8121,33,15,18
8326,8125,74,36,38
8326,8126,23,0,23
8326,8127,35,12,23
8326,8128,23,13,10
8326,8135,27,13,14
8326,8136,72,46,26
8326,8211,20,0,20
8326,8212,161,57,104
8326,8215,113,60,53
8326,8216,95,55,40
8326,8221,37,11,26
8326,8222,73,13,60
8326,8225,26,16,10
8326,8226,74,29,45
8326,8231,47,27,20
8326,8235,201,163,38
8326,8236,66,44,22
8326,8237,475,314,161
8326,8311,1111,336,775
8326,8315,3377,1912,1465
8326,8316,730,472,258
8326,8317,1490,754,736
8326,8325,9308,5002,4306
8326,8326,0,0,0
8326,8327,10404,4837,5567
8326,8335,2786,1530,1256
8326,8336,220,127,93
8326,8337,1315,740,575
8326,8415,308,68,240
8326,8416,200,109,91
8326,8417,739,448,291
8326,8421,49,10,39
8326,8425,33,19,14
8326,8426,54,34,20
8326,8435,327,138,189
8326,8436,188,82,106
8326,8437,231,134,97
8326,9161,0,0,0
8326,9162,206,60,146
8326,9163,0,0,0
8326,9171,0,0,0
8326,9172,57,0,57
8326,9173,16,16,0
8326,9174,15,0,15
8326,9175,0,0,0
8326,9176,0,0,0
8326,9177,0,0,0
8326,9178,19,0,19
8326,9179,27,0,27
8326,9180,0,0,0
8326,9181,0,0,0
8326,9182,30,30,0
8326,9183,0,0,0
8326,9184,87,27,60
8326,9185,0,0,0
8326,9186,10,0,10
8326,9187,13,13,0
8326,9188,13,0,13
8326,9189,0,0,0
8326,9190,0,0,0
8326,9261,0,0,0
8326,9262,0,0,0
8326,9263,0,0,0
8326,9271,0,0,0
8326,9272,0,0,0
8326,9273,0,0,0
8326,9274,0,0,0
8326,9275,0,0,0
8326,9276,0,0,0
8326,9277,0,0,0
8326,9278,0,0,0
8326,9279,0,0,0
8326,9361,0,0,0
8326,9362,10,0,10
8326,9363,0,0,0
8326,9371,0,0,0
8326,9372,11,0,11
8326,9373,0,0,0
8326,9374,0,0,0
8326,9375,0,0,0
8326,9376,0,0,0
8326,9377,0,0,0
8326,9461,0,0,0
8326,9462,0,0,0
8326,9463,0,0,0
8326,9464,0,0,0
8326,9471,0,0,0
8326,9472,0,0,0
8326,9473,0,0,0
8326,9474,0,0,0
8326,9475,0,0,0
8326,9476,0,0,0
8326,9477,0,0,0
8326,9478,0,0,0
8326,9479,0,0,0
8326,9561,34,34,0
8326,9562,0,0,0
8326,9563,0,0,0
8326,9564,59,17,42
8326,9565,0,0,0
8326,9571,50,50,0
8326,9572,0,0,0
8326,9573,0,0,0
8326,9574,0,0,0
8326,9575,17,17,0
8326,9576,0,0,0
8326,9577,0,0,0
8326,9661,11,0,11
8326,9662,0,0,0
8326,9663,12,0,12
8326,9671,23,10,13
8326,9672,0,0,0
8326,9673,0,0,0
8326,9674,0,0,0
8326,9675,0,0,0
8326,9676,0,0,0
8326,9677,0,0,0
8326,9678,0,0,0
8326,9679,10,10,0
8326,9761,28,0,28
8326,9762,0,0,0
8326,9763,0,0,0
8326,9764,0,0,0
8326,9771,0,0,0
8326,9772,15,0,15
8326,9773,12,0,12
8326,9774,0,0,0
8326,9775,35,14,21
8326,9776,36,21,15
8326,9777,11,0,11
8326,9778,0,0,0
8326,9779,0,0,0
8326,9780,37,14,23
8326,10041,28,12,16
8326,10042,0,0,0
8326,10043,0,0,0
8326,10044,0,0,0
8326,10045,0,0,0
8326,10046,0,0,0
8326,11000,240,121,119
8326,12051,0,0,0
8326,12052,0,0,0
8326,12053,0,0,0
8326,12054,0,0,0
8326,12060,0,0,0
8326,12061,0,0,0
8326,12062,0,0,0
8326,12063,0,0,0
8326,12064,0,0,0
8326,12065,0,0,0
8326,12066,0,0,0
8326,12067,10,10,0
8326,12068,0,0,0
8326,12069,0,0,0
8326,12070,0,0,0
8326,12071,0,0,0
8326,12072,0,0,0
8326,12073,0,0,0
8326,13003,0,0,0
8326,13004,0,0,0
8326,13071,0,0,0
8326,13072,0,0,0
8326,13073,0,0,0
8326,13074,0,0,0
8326,13075,0,0,0
8326,13076,0,0,0
8326,14511,0,0,0
8326,14521,15,15,0
8326,14522,12,12,0
8326,14523,0,0,0
8326,14524,0,0,0
8326,14612,36,23,13
8326,14625,10,10,0
8326,14626,18,18,0
8326,14627,0,0,0
8326,14628,0,0,0
8326,14713,25,14,11
8326,14729,14,14,0
8326,14730,0,0,0
8326,15001,0,0,0
8326,15002,0,0,0
8326,15003,0,0,0
8326,15081,0,0,0
8326,15082,0,0,0
8326,15083,0,0,0
8326,15084,0,0,0
8326,15085,0,0,0
8326,15086,0,0,0
8326,15087,0,0,0
8326,15088,0,0,0
8326,15089,0,0,0
8326,15090,15,15,0
8326,15091,0,0,0
8326,16051,14,14,0
8326,16052,0,0,0
8326,16053,0,0,0
8326,16054,0,0,0
8326,16055,0,0,0
8326,16056,0,0,0
8326,16061,0,0,0
8326,16062,0,0,0
8326,16063,13,13,0
8326,16064,0,0,0
8326,16065,0,0,0
8326,16066,0,0,0
8326,16067,0,0,0
8326,16068,0,0,0
8326,16069,0,0,0
8326,16070,22,22,0
8326,16071,0,0,0
8326,16072,0,0,0
8326,16073,0,0,0
8326,16074,0,0,0
8326,16075,0,0,0
8326,16076,0,0,0
8326,16077,0,0,0
8327,1001,0,0,0
8327,1002,0,0,0
8327,1003,0,0,0
8327,1004,0,0,0
8327,1051,0,0,0
8327,1053,0,0,0
8327,1054,0,0,0
8327,1055,0,0,0
8327,1056,0,0,0
8327,1057,0,0,0
8327,1058,0,0,0
8327,1059,0,0,0
8327,1060,0,0,0
8327,1061,0,0,0
8327,1062,0,0,0
8327,2000,68,29,39
8327,3101,0,0,0
8327,3102,0,0,0
8327,3103,0,0,0
8327,3151,0,0,0
8327,3153,0,0,0
8327,3154,0,0,0
8327,3155,0,0,0
8327,3157,0,0,0
8327,3158,0,0,0
8327,3159,0,0,0
8327,3241,23,12,11
8327,3251,0,0,0
8327,3252,0,0,0
8327,3254,0,0,0
8327,3255,0,0,0
8327,3256,0,0,0
8327,3257,0,0,0
8327,3351,0,0,0
8327,3352,0,0,0
8327,3353,0,0,0
8327,3354,0,0,0
8327,3355,0,0,0
8327,3356,0,0,0
8327,3357,10,10,0
8327,3358,0,0,0
8327,3359,0,0,0
8327,3360,0,0,0
8327,3361,0,0,0
8327,3401,0,0,0
8327,3402,0,0,0
8327,3403,0,0,0
8327,3404,12,0,12
8327,3405,0,0,0
8327,3451,0,0,0
8327,3452,0,0,0
8327,3453,0,0,0
8327,3454,0,0,0
8327,3455,0,0,0
8327,3456,0,0,0
8327,3457,0,0,0
8327,3458,0,0,0
8327,3459,0,0,0
8327,3460,0,0,0
8327,3461,0,0,0
8327,3462,0,0,0
8327,4011,0,0,0
8327,4012,0,0,0
8327,5111,30,10,20
8327,5112,0,0,0
8327,5113,20,20,0
8327,5114,0,0,0
8327,5116,0,0,0
8327,5117,0,0,0
8327,5119,0,0,0
8327,5120,0,0,0
8327,5122,0,0,0
8327,5124,12,12,0
8327,5154,0,0,0
8327,5158,28,13,15
8327,5162,10,0,10
8327,5166,0,0,0
8327,5170,0,0,0
8327,5314,0,0,0
8327,5315,63,21,42
8327,5316,0,0,0
8327,5334,0,0,0
8327,5358,0,0,0
8327,5362,0,0,0
8327,5366,0,0,0
8327,5370,0,0,0
8327,5374,0,0,0
8327,5378,0,0,0
8327,5382,0,0,0
8327,5512,0,0,0
8327,5513,0,0,0
8327,5515,12,0,12
8327,5554,0,0,0
8327,5558,0,0,0
8327,5562,0,0,0
8327,5566,32,0,32
8327,5570,0,0,0
8327,5711,0,0,0
8327,5754,0,0,0
8327,5758,0,0,0
8327,5762,0,0,0
8327,5766,0,0,0
8327,5770,21,21,0
8327,5774,0,0,0
8327,5911,0,0,0
8327,5913,14,14,0
8327,5914,0,0,0
8327,5915,0,0,0
8327,5916,0,0,0
8327,5954,12,12,0
8327,5958,0,0,0
8327,5962,16,16,0
8327,5966,0,0,0
8327,5970,0,0,0
8327,5974,0,0,0
8327,5978,0,0,0
8327,6411,0,0,0
8327,6412,54,14,40
8327,6413,0,0,0
8327,6414,10,0,10
8327,6431,0,0,0
8327,6432,0,0,0
8327,6433,0,0,0
8327,6434,0,0,0
8327,6435,27,16,11
8327,6436,10,0,10
8327,6437,0,0,0
8327,6438,12,0,12
8327,6439,0,0,0
8327,6440,11,11,0
8327,6531,0,0,0
8327,6532,0,0,0
8327,6533,0,0,0
8327,6534,0,0,0
8327,6535,0,0,0
8327,6611,0,0,0
8327,6631,0,0,0
8327,6632,0,0,0
8327,6633,0,0,0
8327,6634,10,10,0
8327,6635,0,0,0
8327,6636,0,0,0
8327,7111,0,0,0
8327,7131,0,0,0
8327,7132,0,0,0
8327,7133,0,0,0
8327,7134,0,0,0
8327,7135,0,0,0
8327,7137,0,0,0
8327,7138,0,0,0
8327,7140,0,0,0
8327,7141,0,0,0
8327,7143,0,0,0
8327,7211,0,0,0
8327,7231,0,0,0
8327,7232,0,0,0
8327,7233,0,0,0
8327,7235,0,0,0
8327,7311,0,0,0
8327,7312,0,0,0
8327,7313,0,0,0
8327,7314,0,0,0
8327,7315,0,0,0
8327,7316,0,0,0
8327,7317,0,0,0
8327,7318,0,0,0
8327,7319,0,0,0
8327,7320,0,0,0
8327,7331,0,0,0
8327,7332,0,0,0
8327,7333,0,0,0
8327,7334,0,0,0
8327,7335,0,0,0
8327,7336,0,0,0
8327,7337,0,0,0
8327,7338,0,0,0
8327,7339,0,0,0
8327,7340,0,0,0
8327,8111,388,77,311
8327,8115,288,118,170
8327,8116,169,64,105
8327,8117,56,26,30
8327,8118,139,61,78
8327,8119,79,32,47
8327,8121,10,0,10
8327,8125,48,21,27
8327,8126,13,0,13
8327,8127,0,0,0
8327,8128,0,0,0
8327,8135,12,12,0
8327,8136,76,20,56
8327,8211,0,0,0
8327,8212,66,24,42
8327,8215,50,28,22
8327,8216,30,20,10
8327,8221,26,0,26
8327,8222,45,12,33
8327,8225,0,0,0
8327,8226,48,22,26
8327,8231,30,19,11
8327,8235,57,36,21
8327,8236,42,27,15
8327,8237,170,98,72
8327,8311,204,67,137
8327,8315,262,157,105
8327,8316,61,30,31
8327,8317,107,70,37
8327,8325,6201,3531,2670
8327,8326,10404,5567,4837
8327,8327,0,0,0
8327,8335,4566,2967,1599
8327,8336,50,25,25
8327,8337,157,76,81
8327,8415,132,54,78
8327,8416,277,173,104
8327,8417,3114,2468,646
8327,8421,43,16,27
8327,8425,35,19,16
8327,8426,66,35,31
8327,8435,440,272,168
8327,8436,166,82,84
8327,8437,2086,1651,435
8327,9161,0,0,0
8327,9162,121,35,86
8327,9163,0,0,0
8327,9171,0,0,0
8327,9172,0,0,0
8327,9173,0,0,0
8327,9174,0,0,0
8327,9175,0,0,0
8327,9176,0,0,0
8327,9177,0,0,0
8327,9178,11,0,11
8327,9179,0,0,0
8327,9180,0,0,0
8327,9181,0,0,0
8327,9182,0,0,0
8327,9183,0,0,0
8327,9184,35,0,35
8327,9185,0,0,0
8327,9186,15,0,15
8327,9187,0,0,0
8327,9188,10,0,10
8327,9189,0,0,0
8327,9190,0,0,0
8327,9261,0,0,0
8327,9262,0,0,0
8327,9263,0,0,0
8327,9271,0,0,0
8327,9272,0,0,0
8327,9273,0,0,0
8327,9274,0,0,0
8327,9275,0,0,0
8327,9276,0,0,0
8327,9277,0,0,0
8327,9278,0,0,0
8327,9279,0,0,0
8327,9361,0,0,0
8327,9362,0,0,0
8327,9363,0,0,0
8327,9371,0,0,0
8327,9372,0,0,0
8327,9373,0,0,0
8327,9374,0,0,0
8327,9375,0,0,0
8327,9376,0,0,0
8327,9377,0,0,0
8327,9461,0,0,0
8327,9462,0,0,0
8327,9463,0,0,0
8327,9464,0,0,0
8327,9471,0,0,0
8327,9472,0,0,0
8327,9473,0,0,0
8327,9474,0,0,0
8327,9475,0,0,0
8327,9476,0,0,0
8327,9477,0,0,0
8327,9478,0,0,0
8327,9479,0,0,0
8327,9561,0,0,0
8327,9562,0,0,0
8327,9563,0,0,0
8327,9564,17,0,17
8327,9565,24,0,24
8327,9571,0,0,0
8327,9572,0,0,0
8327,9573,0,0,0
8327,9574,0,0,0
8327,9575,0,0,0
8327,9576,0,0,0
8327,9577,0,0,0
8327,9661,0,0,0
8327,9662,0,0,0
8327,9663,0,0,0
8327,9671,0,0,0
8327,9672,0,0,0
8327,9673,0,0,0
8327,9674,0,0,0
8327,9675,0,0,0
8327,9676,0,0,0
8327,9677,0,0,0
8327,9678,0,0,0
8327,9679,0,0,0
8327,9761,16,0,16
8327,9762,0,0,0
8327,9763,0,0,0
8327,9764,0,0,0
8327,9771,0,0,0
8327,9772,0,0,0
8327,9773,0,0,0
8327,9774,0,0,0
8327,9775,16,16,0
8327,9776,0,0,0
8327,9777,0,0,0
8327,9778,0,0,0
8327,9779,0,0,0
8327,9780,0,0,0
8327,10041,0,0,0
8327,10042,0,0,0
8327,10043,0,0,0
8327,10044,0,0,0
8327,10045,0,0,0
8327,10046,0,0,0
8327,11000,120,49,71
8327,12051,0,0,0
8327,12052,0,0,0
8327,12053,0,0,0
8327,12054,0,0,0
8327,12060,0,0,0
8327,12061,0,0,0
8327,12062,0,0,0
8327,12063,0,0,0
8327,12064,0,0,0
8327,12065,0,0,0
8327,12066,0,0,0
8327,12067,0,0,0
8327,12068,0,0,0
8327,12069,0,0,0
8327,12070,0,0,0
8327,12071,0,0,0
8327,12072,0,0,0
8327,12073,0,0,0
8327,13003,0,0,0
8327,13004,0,0,0
8327,13071,0,0,0
8327,13072,0,0,0
8327,13073,0,0,0
8327,13074,0,0,0
8327,13075,0,0,0
8327,13076,0,0,0
8327,14511,0,0,0
8327,14521,0,0,0
8327,14522,0,0,0
8327,14523,0,0,0
8327,14524,0,0,0
8327,14612,13,13,0
8327,14625,0,0,0
8327,14626,0,0,0
8327,14627,10,10,0
8327,14628,0,0,0
8327,14713,16,16,0
8327,14729,0,0,0
8327,14730,0,0,0
8327,15001,0,0,0
8327,15002,0,0,0
8327,15003,0,0,0
8327,15081,0,0,0
8327,15082,0,0,0
8327,15083,0,0,0
8327,15084,0,0,0
8327,15085,0,0,0
8327,15086,0,0,0
8327,15087,0,0,0
8327,15088,0,0,0
8327,15089,0,0,0
8327,15090,0,0,0
8327,15091,0,0,0
8327,16051,0,0,0
8327,16052,0,0,0
8327,16053,0,0,0
8327,16054,0,0,0
8327,16055,0,0,0
8327,16056,0,0,0
8327,16061,0,0,0
8327,16062,0,0,0
8327,16063,0,0,0
8327,16064,0,0,0
8327,16065,0,0,0
8327,16066,0,0,0
8327,16067,0,0,0
8327,16068,0,0,0
8327,16069,0,0,0
8327,16070,0,0,0
8327,16071,0,0,0
8327,16072,0,0,0
8327,16073,0,0,0
8327,16074,0,0,0
8327,16075,0,0,0
8327,16076,0,0,0
8327,16077,0,0,0
8335,1001,0,0,0
8335,1002,0,0,0
8335,1003,27,0,27
8335,1004,0,0,0
8335,1051,0,0,0
8335,1053,11,11,0
8335,1054,0,0,0
8335,1055,10,10,0
8335,1056,15,15,0
8335,1057,0,0,0
8335,1058,34,0,34
8335,1059,0,0,0
8335,1060,20,20,0
8335,1061,0,0,0
8335,1062,0,0,0
8335,2000,211,68,143
8335,3101,34,12,22
8335,3102,0,0,0
8335,3103,0,0,0
8335,3151,0,0,0
8335,3153,0,0,0
8335,3154,0,0,0
8335,3155,0,0,0
8335,3157,0,0,0
8335,3158,0,0,0
8335,3159,35,24,11
8335,3241,71,34,37
8335,3251,0,0,0
8335,3252,0,0,0
8335,3254,10,10,0
8335,3255,0,0,0
8335,3256,0,0,0
8335,3257,0,0,0
8335,3351,0,0,0
8335,3352,0,0,0
8335,3353,0,0,0
8335,3354,0,0,0
8335,3355,0,0,0
8335,3356,0,0,0
8335,3357,0,0,0
8335,3358,0,0,0
8335,3359,0,0,0
8335,3360,0,0,0
8335,3361,0,0,0
8335,3401,0,0,0
8335,3402,0,0,0
8335,3403,0,0,0
8335,3404,44,0,44
8335,3405,0,0,0
8335,3451,0,0,0
8335,3452,0,0,0
8335,3453,0,0,0
8335,3454,11,0,11
8335,3455,0,0,0
8335,3456,0,0,0
8335,3457,0,0,0
8335,3458,0,0,0
8335,3459,0,0,0
8335,3460,0,0,0
8335,3461,0,0,0
8335,3462,0,0,0
8335,4011,34,14,20
8335,4012,0,0,0
8335,5111,132,26,106
8335,5112,18,18,0
8335,5113,32,14,18
8335,5114,10,10,0
8335,5116,14,0,14
8335,5117,0,0,0
8335,5119,10,0,10
8335,5120,0,0,0
8335,5122,0,0,0
8335,5124,12,12,0
8335,5154,11,0,11
8335,5158,52,20,32
8335,5162,65,27,38
8335,5166,32,12,20
8335,5170,0,0,0
8335,5314,48,12,36
8335,5315,217,79,138
8335,5316,0,0,0
8335,5334,43,17,26
8335,5358,0,0,0
8335,5362,43,24,19
8335,5366,10,10,0
8335,5370,0,0,0
8335,5374,11,0,11
8335,5378,12,12,0
8335,5382,58,27,31
8335,5512,0,0,0
8335,5513,0,0,0
8335,5515,26,14,12
8335,5554,0,0,0
8335,5558,0,0,0
8335,5562,31,19,12
8335,5566,25,25,0
8335,5570,0,0,0
8335,5711,21,0,21
8335,5754,56,14,42
8335,5758,0,0,0
8335,5762,0,0,0
8335,5766,0,0,0
8335,5770,21,21,0
8335,5774,10,10,0
8335,5911,12,0,12
8335,5913,51,30,21
8335,5914,0,0,0
8335,5915,0,0,0
8335,5916,0,0,0
8335,5954,0,0,0
8335,5958,12,12,0
8335,5962,25,15,10
8335,5966,0,0,0
8335,5970,0,0,0
8335,5974,13,13,0
8335,5978,16,16,0
8335,6411,28,0,28
8335,6412,262,40,222
8335,6413,11,0,11
8335,6414,39,10,29
8335,6431,27,16,11
8335,6432,43,17,26
8335,6433,29,0,29
8335,6434,92,29,63
8335,6435,25,14,11
8335,6436,28,0,28
8335,6437,0,0,0
8335,6438,51,20,31
8335,6439,22,11,11
8335,6440,39,19,20
8335,6531,13,13,0
8335,6532,14,14,0
8335,6533,0,0,0
8335,6534,15,15,0
8335,6535,0,0,0
8335,6611,0,0,0
8335,6631,10,10,0
8335,6632,0,0,0
8335,6633,0,0,0
8335,6634,11,0,11
8335,6635,0,0,0
8335,6636,0,0,0
8335,7111,10,0,10
8335,7131,0,0,0
8335,7132,0,0,0
8335,7133,0,0,0
8335,7134,0,0,0
8335,7135,0,0,0
8335,7137,14,14,0
8335,7138,0,0,0
8335,7140,0,0,0
8335,7141,0,0,0
8335,7143,0,0,0
8335,7211,0,0,0
8335,7231,0,0,0
8335,7232,0,0,0
8335,7233,0,0,0
8335,7235,0,0,0
8335,7311,0,0,0
8335,7312,0,0,0
8335,7313,0,0,0
8335,7314,21,10,11
8335,7315,49,0,49
8335,7316,0,0,0
8335,7317,0,0,0
8335,7318,0,0,0
8335,7319,0,0,0
8335,7320,0,0,0
8335,7331,0,0,0
8335,7332,0,0,0
8335,7333,0,0,0
8335,7334,18,18,0
8335,7335,0,0,0
8335,7336,0,0,0
8335,7337,12,12,0
8335,7338,12,12,0
8335,7339,10,10,0
8335,7340,0,0,0
8335,8111,898,174,724
8335,8115,330,83,247
8335,8116,307,89,218
8335,8117,146,74,72
8335,8118,217,84,133
8335,8119,164,63,101
8335,8121,45,23,22
8335,8125,83,33,50
8335,8126,24,0,24
8335,8127,35,16,19
8335,8128,11,0,11
8335,8135,29,16,13
8335,8136,70,35,35
8335,8211,22,0,22
8335,8212,190,49,141
8335,8215,99,50,49
8335,8216,63,26,37
8335,8221,69,34,35
8335,8222,165,30,135
8335,8225,0,0,0
8335,8226,163,59,104
8335,8231,33,13,20
8335,8235,68,45,23
8335,8236,49,28,21
8335,8237,101,60,41
8335,8311,907,112,795
8335,8315,295,125,170
8335,8316,87,44,43
8335,8317,179,96,83
8335,8325,486,232,254
8335,8326,2786,1256,1530
8335,8327,4566,1599,2967
8335,8335,0,0,0
8335,8336,208,96,112
8335,8337,1152,657,495
8335,8415,283,71,212
8335,8416,179,86,93
8335,8417,285,130,155
8335,8421,159,24,135
8335,8425,73,53,20
8335,8426,150,61,89
8335,8435,6186,3007,3179
8335,8436,891,443,448
8335,8437,2219,1461,758
8335,9161,13,0,13
8335,9162,473,135,338
8335,9163,0,0,0
8335,9171,0,0,0
8335,9172,0,0,0
8335,9173,11,0,11
8335,9174,13,0,13
8335,9175,59,20,39
8335,9176,0,0,0
8335,9177,26,11,15
8335,9178,28,10,18
8335,9179,14,14,0
8335,9180,10,10,0
8335,9181,22,10,12
8335,9182,0,0,0
8335,9183,0,0,0
8335,9184,146,24,122
8335,9185,28,0,28
8335,9186,0,0,0
8335,9187,41,24,17
8335,9188,44,13,31
8335,9189,0,0,0
8335,9190,11,11,0
8335,9261,0,0,0
8335,9262,0,0,0
8335,9263,0,0,0
8335,9271,0,0,0
8335,9272,0,0,0
8335,9273,0,0,0
8335,9274,0,0,0
8335,9275,0,0,0
8335,9276,0,0,0
8335,9277,12,0,12
8335,9278,0,0,0
8335,9279,0,0,0
8335,9361,0,0,0
8335,9362,0,0,0
8335,9363,0,0,0
8335,9371,0,0,0
8335,9372,0,0,0
8335,9373,0,0,0
8335,9374,0,0,0
8335,9375,0,0,0
8335,9376,11,11,0
8335,9377,0,0,0
8335,9461,0,0,0
8335,9462,0,0,0
8335,9463,0,0,0
8335,9464,0,0,0
8335,9471,0,0,0
8335,9472,0,0,0
8335,9473,0,0,0
8335,9474,0,0,0
8335,9475,41,0,41
8335,9476,0,0,0
8335,9477,0,0,0
8335,9478,0,0,0
8335,9479,0,0,0
8335,9561,0,0,0
8335,9562,32,10,22
8335,9563,0,0,0
8335,9564,118,33,85
8335,9565,0,0,0
8335,9571,0,0,0
8335,9572,10,10,0
8335,9573,0,0,0
8335,9574,11,0,11
8335,9575,0,0,0
8335,9576,0,0,0
8335,9577,0,0,0
8335,9661,15,15,0
8335,9662,0,0,0
8335,9663,13,0,13
8335,9671,11,11,0
8335,9672,0,0,0
8335,9673,0,0,0
8335,9674,0,0,0
8335,9675,0,0,0
8335,9676,10,0,10
8335,9677,0,0,0
8335,9678,0,0,0
8335,9679,0,0,0
8335,9761,46,17,29
8335,9762,0,0,0
8335,9763,38,20,18
8335,9764,0,0,0
8335,9771,0,0,0
8335,9772,39,19,20
8335,9773,0,0,0
8335,9774,0,0,0
8335,9775,74,32,42
8335,9776,115,63,52
8335,9777,31,11,20
8335,9778,26,15,11
8335,9779,0,0,0
8335,9780,42,20,22
8335,10041,38,16,22
8335,10042,0,0,0
8335,10043,0,0,0
8335,10044,0,0,0
8335,10045,10,0,10
8335,10046,0,0,0
8335,11000,492,230,262
8335,12051,0,0,0
8335,12052,0,0,0
8335,12053,0,0,0
8335,12054,12,0,12
8335,12060,0,0,0
8335,12061,0,0,0
8335,12062,0,0,0
8335,12063,0,0,0
8335,12064,0,0,0
8335,12065,0,0,0
8335,12066,0,0,0
8335,12067,0,0,0
8335,12068,0,0,0
8335,12069,0,0,0
8335,12070,0,0,0
8335,12071,10,10,0
8335,12072,10,0,10
8335,12073,0,0,0
8335,13003,0,0,0
8335,13004,0,0,0
8335,13071,0,0,0
8335,13072,0,0,0
8335,13073,0,0,0
8335,13074,0,0,0
8335,13075,0,0,0
8335,13076,0,0,0
8335,14511,0,0,0
8335,14521,20,20,0
8335,14522,0,0,0
8335,14523,0,0,0
8335,14524,10,10,0
8335,14612,40,22,18
8335,14625,27,17,10
8335,14626,10,10,0
8335,14627,0,0,0
8335,14628,0,0,0
8335,14713,54,25,29
8335,14729,0,0,0
8335,14730,12,12,0
8335,15001,0,0,0
8335,15002,10,10,0
8335,15003,0,0,0
8335,15081,0,0,0
8335,15082,0,0,0
8335,15083,0,0,0
8335,15084,0,0,0
8335,15085,0,0,0
8335,15086,0,0,0
8335,15087,0,0,0
8335,15088,0,0,0
8335,15089,0,0,0
8335,15090,0,0,0
8335,15091,0,0,0
8335,16051,0,0,0
8335,16052,0,0,0
8335,16053,0,0,0
8335,16054,0,0,0
8335,16055,0,0,0
8335,16056,0,0,0
8335,16061,0,0,0
8335,16062,0,0,0
8335,16063,0,0,0
8335,16064,0,0,0
8335,16065,0,0,0
8335,16066,0,0,0
8335,16067,0,0,0
8335,16068,0,0,0
8335,16069,0,0,0
8335,16070,64,64,0
8335,16071,0,0,0
8335,16072,0,0,0
8335,16073,11,11,0
8335,16074,0,0,0
8335,16075,0,0,0
8335,16076,0,0,0
8335,16077,0,0,0
8336,1001,0,0,0
8336,1002,14,0,14
8336,1003,0,0,0
8336,1004,0,0,0
8336,1051,0,0,0
8336,1053,0,0,0
8336,1054,0,0,0
8336,1055,0,0,0
8336,1056,18,18,0
8336,1057,0,0,0
8336,1058,0,0,0
8336,1059,0,0,0
8336,1060,19,19,0
8336,1061,0,0,0
8336,1062,11,11,0
8336,2000,192,118,74
8336,3101,0,0,0
8336,3102,0,0,0
8336,3103,0,0,0
8336,3151,0,0,0
8336,3153,0,0,0
8336,3154,0,0,0
8336,3155,0,0,0
8336,3157,0,0,0
8336,3158,0,0,0
8336,3159,18,18,0
8336,3241,57,36,21
8336,3251,0,0,0
8336,3252,0,0,0
8336,3254,0,0,0
8336,3255,0,0,0
8336,3256,0,0,0
8336,3257,0,0,0
8336,3351,0,0,0
8336,3352,0,0,0
8336,3353,14,14,0
8336,3354,0,0,0
8336,3355,0,0,0
8336,3356,0,0,0
8336,3357,0,0,0
8336,3358,0,0,0
8336,3359,0,0,0
8336,3360,0,0,0
8336,3361,0,0,0
8336,3401,0,0,0
8336,3402,0,0,0
8336,3403,10,10,0
8336,3404,65,0,65
8336,3405,0,0,0
8336,3451,0,0,0
8336,3452,10,10,0
8336,3453,44,0,44
8336,3454,0,0,0
8336,3455,0,0,0
8336,3456,0,0,0
8336,3457,0,0,0
8336,3458,0,0,0
8336,3459,19,19,0
8336,3460,0,0,0
8336,3461,0,0,0
8336,3462,0,0,0
8336,4011,19,19,0
8336,4012,0,0,0
8336,5111,70,36,34
8336,5112,43,23,20
8336,5113,55,34,21
8336,5114,12,0,12
8336,5116,23,23,0
8336,5117,0,0,0
8336,5119,0,0,0
8336,5120,0,0,0
8336,5122,0,0,0
8336,5124,11,11,0
8336,5154,10,10,0
8336,5158,48,19,29
8336,5162,55,39,16
8336,5166,36,19,17
8336,5170,56,24,32
8336,5314,34,22,12
8336,5315,111,58,53
8336,5316,11,11,0
8336,5334,29,17,12
8336,5358,0,0,0
8336,5362,46,25,21
8336,5366,0,0,0
8336,5370,22,22,0
8336,5374,28,12,16
8336,5378,11,11,0
8336,5382,45,31,14
8336,5512,0,0,0
8336,5513,0,0,0
8336,5515,16,16,0
8336,5554,11,0,11
8336,5558,0,0,0
8336,5562,30,18,12
8336,5566,28,28,0
8336,5570,13,13,0
8336,5711,10,10,0
8336,5754,11,11,0
8336,5758,0,0,0
8336,5762,0,0,0
8336,5766,10,10,0
8336,5770,13,0,13
8336,5774,11,11,0
8336,5911,25,25,0
8336,5913,46,27,19
8336,5914,0,0,0
8336,5915,0,0,0
8336,5916,0,0,0
8336,5954,36,25,11
8336,5958,10,10,0
8336,5962,0,0,0
8336,5966,0,0,0
8336,5970,10,10,0
8336,5974,12,12,0
8336,5978,62,10,52
8336,6411,42,16,26
8336,6412,426,59,367
8336,6413,0,0,0
8336,6414,45,30,15
8336,6431,32,18,14
8336,6432,30,17,13
8336,6433,23,23,0
8336,6434,28,16,12
8336,6435,52,23,29
8336,6436,47,30,17
8336,6437,0,0,0
8336,6438,40,25,15
8336,6439,18,18,0
8336,6440,11,11,0
8336,6531,28,13,15
8336,6532,23,12,11
8336,6533,0,0,0
8336,6534,10,10,0
8336,6535,0,0,0
8336,6611,26,15,11
8336,6631,11,11,0
8336,6632,0,0,0
8336,6633,12,12,0
8336,6634,0,0,0
8336,6635,0,0,0
8336,6636,0,0,0
8336,7111,11,11,0
8336,7131,0,0,0
8336,7132,0,0,0
8336,7133,0,0,0
8336,7134,0,0,0
8336,7135,0,0,0
8336,7137,12,12,0
8336,7138,0,0,0
8336,7140,0,0,0
8336,7141,0,0,0
8336,7143,15,15,0
8336,7211,0,0,0
8336,7231,13,0,13
8336,7232,0,0,0
8336,7233,0,0,0
8336,7235,0,0,0
8336,7311,0,0,0
8336,7312,0,0,0
8336,7313,0,0,0
8336,7314,47,16,31
8336,7315,35,16,19
8336,7316,0,0,0
8336,7317,0,0,0
8336,7318,0,0,0
8336,7319,0,0,0
8336,7320,0,0,0
8336,7331,0,0,0
8336,7332,12,12,0
8336,7333,0,0,0
8336,7334,13,0,13
8336,7335,0,0,0
8336,7336,0,0,0
8336,7337,0,0,0
8336,7338,0,0,0
8336,7339,11,11,0
8336,7340,0,0,0
8336,8111,285,90,195
8336,8115,94,55,39
8336,8116,129,80,49
8336,8117,45,28,17
8336,8118,75,43,32
8336,8119,108,24,84
8336,8121,32,12,20
8336,8125,40,18,22
8336,8126,19,0,19
8336,8127,14,0,14
8336,8128,0,0,0
8336,8135,0,0,0
8336,8136,29,15,14
8336,8211,16,0,16
8336,8212,194,59,135
8336,8215,92,52,40
8336,8216,63,41,22
8336,8221,73,21,52
8336,8222,159,37,122
8336,8225,0,0,0
8336,8226,140,34,106
8336,8231,0,0,0
8336,8235,10,10,0
8336,8236,30,19,11
8336,8237,50,50,0
8336,8311,3187,1204,1983
8336,8315,6056,3096,2960
8336,8316,591,348,243
8336,8317,439,279,160
8336,8325,89,53,36
8336,8326,220,93,127
8336,8327,50,25,25
8336,8335,208,112,96
8336,8336,0,0,0
8336,8337,7120,3991,3129
8336,8415,40,40,0
8336,8416,42,28,14
8336,8417,40,28,12
8336,8421,31,18,13
8336,8425,30,30,0
8336,8426,33,22,11
8336,8435,64,29,35
8336,8436,73,52,21
8336,8437,41,22,19
8336,9161,10,10,0
8336,9162,247,144,103
8336,9163,0,0,0
8336,9171,0,0,0
8336,9172,0,0,0
8336,9173,0,0,0
8336,9174,12,12,0
8336,9175,14,14,0
8336,9176,0,0,0
8336,9177,0,0,0
8336,9178,11,11,0
8336,9179,10,10,0
8336,9180,0,0,0
8336,9181,0,0,0
8336,9182,13,13,0
8336,9183,0,0,0
8336,9184,73,32,41
8336,9185,14,0,14
8336,9186,0,0,0
8336,9187,20,20,0
8336,9188,10,10,0
8336,9189,0,0,0
8336,9190,0,0,0
8336,9261,0,0,0
8336,9262,0,0,0
8336,9263,0,0,0
8336,9271,0,0,0
8336,9272,0,0,0
8336,9273,0,0,0
8336,9274,0,0,0
8336,9275,0,0,0
8336,9276,0,0,0
8336,9277,0,0,0
8336,9278,0,0,0
8336,9279,0,0,0
8336,9361,0,0,0
8336,9362,0,0,0
8336,9363,0,0,0
8336,9371,0,0,0
8336,9372,0,0,0
8336,9373,0,0,0
8336,9374,0,0,0
8336,9375,0,0,0
8336,9376,0,0,0
8336,9377,0,0,0
8336,9461,0,0,0
8336,9462,0,0,0
8336,9463,0,0,0
8336,9464,0,0,0
8336,9471,0,0,0
8336,9472,0,0,0
8336,9473,0,0,0
8336,9474,0,0,0
8336,9475,0,0,0
8336,9476,0,0,0
8336,9477,0,0,0
8336,9478,0,0,0
8336,9479,0,0,0
8336,9561,0,0,0
8336,9562,0,0,0
8336,9563,0,0,0
8336,9564,53,27,26
8336,9565,0,0,0
8336,9571,0,0,0
8336,9572,0,0,0
8336,9573,0,0,0
8336,9574,15,15,0
8336,9575,0,0,0
8336,9576,11,11,0
8336,9577,0,0,0
8336,9661,0,0,0
8336,9662,0,0,0
8336,9663,0,0,0
8336,9671,12,12,0
8336,9672,0,0,0
8336,9673,0,0,0
8336,9674,0,0,0
8336,9675,0,0,0
8336,9676,0,0,0
8336,9677,0,0,0
8336,9678,0,0,0
8336,9679,0,0,0
8336,9761,18,18,0
8336,9762,0,0,0
8336,9763,0,0,0
8336,9764,0,0,0
8336,9771,0,0,0
8336,9772,37,0,37
8336,9773,0,0,0
8336,9774,0,0,0
8336,9775,15,15,0
8336,9776,0,0,0
8336,9777,0,0,0
8336,9778,0,0,0
8336,9779,0,0,0
8336,9780,0,0,0
8336,10041,48,23,25
8336,10042,0,0,0
8336,10043,0,0,0
8336,10044,0,0,0
8336,10045,0,0,0
8336,10046,0,0,0
8336,11000,309,163,146
8336,12051,0,0,0
8336,12052,0,0,0
8336,12053,0,0,0
8336,12054,0,0,0
8336,12060,0,0,0
8336,12061,0,0,0
8336,12062,0,0,0
8336,12063,0,0,0
8336,12064,0,0,0
8336,12065,0,0,0
8336,12066,0,0,0
8336,12067,0,0,0
8336,12068,0,0,0
8336,12069,0,0,0
8336,12070,0,0,0
8336,12071,0,0,0
8336,12072,0,0,0
8336,12073,0,0,0
8336,13003,0,0,0
8336,13004,0,0,0
8336,13071,0,0,0
8336,13072,0,0,0
8336,13073,28,28,0
8336,13074,0,0,0
8336,13075,0,0,0
8336,13076,10,10,0
8336,14511,10,10,0
8336,14521,0,0,0
8336,14522,0,0,0
8336,14523,0,0,0
8336,14524,10,10,0
8336,14612,21,21,0
8336,14625,0,0,0
8336,14626,0,0,0
8336,14627,0,0,0
8336,14628,0,0,0
8336,14713,24,24,0
8336,14729,0,0,0
8336,14730,0,0,0
8336,15001,0,0,0
8336,15002,0,0,0
8336,15003,15,15,0
8336,15081,0,0,0
8336,15082,0,0,0
8336,15083,0,0,0
8336,15084,0,0,0
8336,15085,0,0,0
8336,15086,0,0,0
8336,15087,0,0,0
8336,15088,0,0,0
8336,15089,0,0,0
8336,15090,0,0,0
8336,15091,0,0,0
8336,16051,0,0,0
8336,16052,0,0,0
8336,16053,0,0,0
8336,16054,0,0,0
8336,16055,0,0,0
8336,16056,0,0,0
8336,16061,0,0,0
8336,16062,0,0,0
8336,16063,0,0,0
8336,16064,0,0,0
8336,16065,0,0,0
8336,16066,0,0,0
8336,16067,0,0,0
8336,16068,0,0,0
8336,16069,0,0,0
8336,16070,0,0,0
8336,16071,0,0,0
8336,16072,0,0,0
8336,16073,0,0,0
8336,16074,0,0,0
8336,16075,0,0,0
8336,16076,0,0,0
8336,16077,0,0,0
8337,1001,0,0,0
8337,1002,0,0,0
8337,1003,0,0,0
8337,1004,0,0,0
8337,1051,0,0,0
8337,1053,0,0,0
8337,1054,0,0,0
8337,1055,0,0,0
8337,1056,0,0,0
8337,1057,0,0,0
8337,1058,0,0,0
8337,1059,0,0,0
8337,1060,0,0,0
8337,1061,0,0,0
8337,1062,0,0,0
8337,2000,56,27,29
8337,3101,0,0,0
8337,3102,0,0,0
8337,3103,0,0,0
8337,3151,0,0,0
8337,3153,0,0,0
8337,3154,0,0,0
8337,3155,0,0,0
8337,3157,0,0,0
8337,3158,0,0,0
8337,3159,0,0,0
8337,3241,65,18,47
8337,3251,11,0,11
8337,3252,0,0,0
8337,3254,0,0,0
8337,3255,0,0,0
8337,3256,0,0,0
8337,3257,0,0,0
8337,3351,0,0,0
8337,3352,0,0,0
8337,3353,0,0,0
8337,3354,0,0,0
8337,3355,0,0,0
8337,3356,0,0,0
8337,3357,0,0,0
8337,3358,0,0,0
8337,3359,0,0,0
8337,3360,0,0,0
8337,3361,0,0,0
8337,3401,0,0,0
8337,3402,0,0,0
8337,3403,0,0,0
8337,3404,0,0,0
8337,3405,0,0,0
8337,3451,0,0,0
8337,3452,0,0,0
8337,3453,0,0,0
8337,3454,0,0,0
8337,3455,0,0,0
8337,3456,0,0,0
8337,3457,0,0,0
8337,3458,0,0,0
8337,3459,0,0,0
8337,3460,0,0,0
8337,3461,0,0,0
8337,3462,0,0,0
8337,4011,11,0,11
8337,4012,0,0,0
8337,5111,23,0,23
8337,5112,0,0,0
8337,5113,15,0,15
8337,5114,0,0,0
8337,5116,0,0,0
8337,5117,0,0,0
8337,5119,0,0,0
8337,5120,0,0,0
8337,5122,0,0,0
8337,5124,0,0,0
8337,5154,0,0,0
8337,5158,0,0,0
8337,5162,10,10,0
8337,5166,0,0,0
8337,5170,15,0,15
8337,5314,0,0,0
8337,5315,48,21,27
8337,5316,0,0,0
8337,5334,13,13,0
8337,5358,11,11,0
8337,5362,18,18,0
8337,5366,11,11,0
8337,5370,0,0,0
8337,5374,0,0,0
8337,5378,0,0,0
8337,5382,26,26,0
8337,5512,0,0,0
8337,5513,0,0,0
8337,5515,0,0,0
8337,5554,0,0,0
8337,5558,0,0,0
8337,5562,13,13,0
8337,5566,10,10,0
8337,5570,0,0,0
8337,5711,0,0,0
8337,5754,18,0,18
8337,5758,23,23,0
8337,5762,0,0,0
8337,5766,0,0,0
8337,5770,10,10,0
8337,5774,0,0,0
8337,5911,11,11,0
8337,5913,16,16,0
8337,5914,0,0,0
8337,5915,0,0,0
8337,5916,0,0,0
8337,5954,0,0,0
8337,5958,0,0,0
8337,5962,0,0,0
8337,5966,0,0,0
8337,5970,11,11,0
8337,5974,12,12,0
8337,5978,0,0,0
8337,6411,0,0,0
8337,6412,139,21,118
8337,6413,14,0,14
8337,6414,0,0,0
8337,6431,10,10,0
8337,6432,0,0,0
8337,6433,0,0,0
8337,6434,0,0,0
8337,6435,20,20,0
8337,6436,12,0,12
8337,6437,0,0,0
8337,6438,20,20,0
8337,6439,0,0,0
8337,6440,12,12,0
8337,6531,10,10,0
8337,6532,0,0,0
8337,6533,0,0,0
8337,6534,0,0,0
8337,6535,0,0,0
8337,6611,0,0,0
8337,6631,0,0,0
8337,6632,0,0,0
8337,6633,0,0,0
8337,6634,0,0,0
8337,6635,0,0,0
8337,6636,0,0,0
8337,7111,0,0,0
8337,7131,0,0,0
8337,7132,0,0,0
8337,7133,0,0,0
8337,7134,0,0,0
8337,7135,0,0,0
8337,7137,0,0,0
8337,7138,0,0,0
8337,7140,0,0,0
8337,7141,0,0,0
8337,7143,0,0,0
8337,7211,0,0,0
8337,7231,11,11,0
8337,7232,0,0,0
8337,7233,0,0,0
8337,7235,0,0,0
8337,7311,0,0,0
8337,7312,0,0,0
8337,7313,0,0,0
8337,7314,0,0,0
8337,7315,0,0,0
8337,7316,0,0,0
8337,7317,0,0,0
8337,7318,0,0,0
8337,7319,0,0,0
8337,7320,0,0,0
8337,7331,28,28,0
8337,7332,11,11,0
8337,7333,11,11,0
8337,7334,0,0,0
8337,7335,0,0,0
8337,7336,0,0,0
8337,7337,0,0,0
8337,7338,0,0,0
8337,7339,12,12,0
8337,7340,0,0,0
8337,8111,188,34,154
8337,8115,59,20,39
8337,8116,83,27,56
8337,8117,24,14,10
8337,8118,63,25,38
8337,8119,87,18,69
8337,8121,0,0,0
8337,8125,14,0,14
8337,8126,0,0,0
8337,8127,0,0,0
8337,8128,0,0,0
8337,8135,0,0,0
8337,8136,28,14,14
8337,8211,20,10,10
8337,8212,100,34,66
8337,8215,52,32,20
8337,8216,46,29,17
8337,8221,126,0,126
8337,8222,97,30,67
8337,8225,0,0,0
8337,8226,62,31,31
8337,8231,0,0,0
8337,8235,11,11,0
8337,8236,17,17,0
8337,8237,0,0,0
8337,8311,1084,240,844
8337,8315,2234,1083,1151
8337,8316,152,93,59
8337,8317,273,215,58
8337,8325,117,45,72
8337,8326,1315,575,740
8337,8327,157,81,76
8337,8335,1152,495,657
8337,8336,7120,3129,3991
8337,8337,0,0,0
8337,8415,37,15,22
8337,8416,32,17,15
8337,8417,61,37,24
8337,8421,26,12,14
8337,8425,0,0,0
8337,8426,10,0,10
8337,8435,81,42,39
8337,8436,52,27,25
8337,8437,36,13,23
8337,9161,0,0,0
8337,9162,125,35,90
8337,9163,0,0,0
8337,9171,0,0,0
8337,9172,0,0,0
8337,9173,0,0,0
8337,9174,0,0,0
8337,9175,0,0,0
8337,9176,0,0,0
8337,9177,0,0,0
8337,9178,0,0,0
8337,9179,0,0,0
8337,9180,0,0,0
8337,9181,0,0,0
8337,9182,0,0,0
8337,9183,12,0,12
8337,9184,21,0,21
8337,9185,0,0,0
8337,9186,0,0,0
8337,9187,0,0,0
8337,9188,0,0,0
8337,9189,0,0,0
8337,9190,0,0,0
8337,9261,0,0,0
8337,9262,0,0,0
8337,9263,0,0,0
8337,9271,0,0,0
8337,9272,0,0,0
8337,9273,0,0,0
8337,9274,0,0,0
8337,9275,0,0,0
8337,9276,0,0,0
8337,9277,0,0,0
8337,9278,0,0,0
8337,9279,0,0,0
8337,9361,0,0,0
8337,9362,0,0,0
8337,9363,0,0,0
8337,9371,0,0,0
8337,9372,0,0,0
8337,9373,0,0,0
8337,9374,0,0,0
8337,9375,0,0,0
8337,9376,0,0,0
8337,9377,0,0,0
8337,9461,0,0,0
8337,9462,0,0,0
8337,9463,0,0,0
8337,9464,0,0,0
8337,9471,0,0,0
8337,9472,0,0,0
8337,9473,0,0,0
8337,9474,0,0,0
8337,9475,0,0,0
8337,9476,0,0,0
8337,9477,0,0,0
8337,9478,0,0,0
8337,9479,0,0,0
8337,9561,0,0,0
8337,9562,0,0,0
8337,9563,0,0,0
8337,9564,15,0,15
8337,9565,0,0,0
8337,9571,0,0,0
8337,9572,0,0,0
8337,9573,0,0,0
8337,9574,0,0,0
8337,9575,0,0,0
8337,9576,0,0,0
8337,9577,0,0,0
8337,9661,0,0,0
8337,9662,0,0,0
8337,9663,0,0,0
8337,9671,0,0,0
8337,9672,0,0,0
8337,9673,0,0,0
8337,9674,0,0,0
8337,9675,0,0,0
8337,9676,12,12,0
8337,9677,0,0,0
8337,9678,0,0,0
8337,9679,0,0,0
8337,9761,10,0,10
8337,9762,0,0,0
8337,9763,0,0,0
8337,9764,0,0,0
8337,9771,0,0,0
8337,9772,26,0,26
8337,9773,0,0,0
8337,9774,0,0,0
8337,9775,15,15,0
8337,9776,0,0,0
8337,9777,0,0,0
8337,9778,0,0,0
8337,9779,0,0,0
8337,9780,11,0,11
8337,10041,11,0,11
8337,10042,0,0,0
8337,10043,0,0,0
8337,10044,10,10,0
8337,10045,0,0,0
8337,10046,0,0,0
8337,11000,146,55,91
8337,12051,0,0,0
8337,12052,0,0,0
8337,12053,0,0,0
8337,12054,0,0,0
8337,12060,0,0,0
8337,12061,0,0,0
8337,12062,0,0,0
8337,12063,0,0,0
8337,12064,0,0,0
8337,12065,0,0,0
8337,12066,0,0,0
8337,12067,0,0,0
8337,12068,0,0,0
8337,12069,0,0,0
8337,12070,0,0,0
8337,12071,0,0,0
8337,12072,0,0,0
8337,12073,0,0,0
8337,13003,0,0,0
8337,13004,0,0,0
8337,13071,0,0,0
8337,13072,0,0,0
8337,13073,0,0,0
8337,13074,0,0,0
8337,13075,0,0,0
8337,13076,0,0,0
8337,14511,0,0,0
8337,14521,11,11,0
8337,14522,0,0,0
8337,14523,0,0,0
8337,14524,12,12,0
8337,14612,12,12,0
8337,14625,10,10,0
8337,14626,0,0,0
8337,14627,0,0,0
8337,14628,0,0,0
8337,14713,11,11,0
8337,14729,0,0,0
8337,14730,18,18,0
8337,15001,0,0,0
8337,15002,0,0,0
8337,15003,0,0,0
8337,15081,0,0,0
8337,15082,0,0,0
8337,15083,0,0,0
8337,15084,0,0,0
8337,15085,0,0,0
8337,15086,0,0,0
8337,15087,0,0,0
8337,15088,0,0,0
8337,15089,0,0,0
8337,15090,0,0,0
8337,15091,0,0,0
8337,16051,0,0,0
8337,16052,0,0,0
8337,16053,0,0,0
8337,16054,0,0,0
8337,16055,0,0,0
8337,16056,0,0,0
8337,16061,0,0,0
8337,16062,0,0,0
8337,16063,0,0,0
8337,16064,0,0,0
8337,16065,0,0,0
8337,16066,0,0,0
8337,16067,0,0,0
8337,16068,0,0,0
8337,16069,0,0,0
8337,16070,0,0,0
8337,16071,0,0,0
8337,16072,0,0,0
8337,16073,0,0,0
8337,16074,12,12,0
8337,16075,0,0,0
8337,16076,0,0,0
8337,16077,0,0,0
8415,1001,0,0,0
8415,1002,0,0,0
8415,1003,19,0,19
8415,1004,0,0,0
8415,1051,0,0,0
8415,1053,0,0,0
8415,1054,0,0,0
8415,1055,0,0,0
8415,1056,12,0,12
8415,1057,0,0,0
8415,1058,0,0,0
8415,1059,0,0,0
8415,1060,15,0,15
8415,1061,0,0,0
8415,1062,15,0,15
8415,2000,259,90,169
8415,3101,22,12,10
8415,3102,0,0,0
8415,3103,0,0,0
8415,3151,0,0,0
8415,3153,0,0,0
8415,3154,0,0,0
8415,3155,0,0,0
8415,3157,0,0,0
8415,3158,0,0,0
8415,3159,26,15,11
8415,3241,100,36,64
8415,3251,0,0,0
8415,3252,0,0,0
8415,3254,0,0,0
8415,3255,0,0,0
8415,3256,0,0,0
8415,3257,10,10,0
8415,3351,0,0,0
8415,3352,0,0,0
8415,3353,25,13,12
8415,3354,0,0,0
8415,3355,0,0,0
8415,3356,0,0,0
8415,3357,0,0,0
8415,3358,0,0,0
8415,3359,0,0,0
8415,3360,0,0,0
8415,3361,0,0,0
8415,3401,0,0,0
8415,3402,0,0,0
8415,3403,0,0,0
8415,3404,30,0,30
8415,3405,0,0,0
8415,3451,0,0,0
8415,3452,0,0,0
8415,3453,0,0,0
8415,3454,0,0,0
8415,3455,0,0,0
8415,3456,0,0,0
8415,3457,0,0,0
8415,3458,0,0,0
8415,3459,11,0,11
8415,3460,15,15,0
8415,3461,0,0,0
8415,3462,0,0,0
8415,4011,38,15,23
8415,4012,0,0,0
8415,5111,171,32,139
8415,5112,21,0,21
8415,5113,45,20,25
8415,5114,0,0,0
8415,5116,31,19,12
8415,5117,0,0,0
8415,5119,44,10,34
8415,5120,14,0,14
8415,5122,0,0,0
8415,5124,29,17,12
8415,5154,25,14,11
8415,5158,71,21,50
8415,5162,49,19,30
8415,5166,44,27,17
8415,5170,15,15,0
8415,5314,49,16,33
8415,5315,154,44,110
8415,5316,0,0,0
8415,5334,68,27,41
8415,5358,10,0,10
8415,5362,25,14,11
8415,5366,11,11,0
8415,5370,0,0,0
8415,5374,65,11,54
8415,5378,0,0,0
8415,5382,45,18,27
8415,5512,0,0,0
8415,5513,0,0,0
8415,5515,25,10,15
8415,5554,45,11,34
8415,5558,0,0,0
8415,5562,13,13,0
8415,5566,14,14,0
8415,5570,0,0,0
8415,5711,20,0,20
8415,5754,44,12,32
8415,5758,12,0,12
8415,5762,0,0,0
8415,5766,0,0,0
8415,5770,11,11,0
8415,5774,10,10,0
8415,5911,10,0,10
8415,5913,42,17,25
8415,5914,0,0,0
8415,5915,0,0,0
8415,5916,0,0,0
8415,5954,11,11,0
8415,5958,11,0,11
8415,5962,24,13,11
8415,5966,0,0,0
8415,5970,10,10,0
8415,5974,39,27,12
8415,5978,31,14,17
8415,6411,42,13,29
8415,6412,313,53,260
8415,6413,13,0,13
8415,6414,41,13,28
8415,6431,48,29,19
8415,6432,35,18,17
8415,6433,44,20,24
8415,6434,80,10,70
8415,6435,57,30,27
8415,6436,38,0,38
8415,6437,0,0,0
8415,6438,63,15,48
8415,6439,28,12,16
8415,6440,16,16,0
8415,6531,15,15,0
8415,6532,10,0,10
8415,6533,16,16,0
8415,6534,12,12,0
8415,6535,10,10,0
8415,6611,0,0,0
8415,6631,10,0,10
8415,6632,0,0,0
8415,6633,16,16,0
8415,6634,0,0,0
8415,6635,0,0,0
8415,6636,0,0,0
8415,7111,11,0,11
8415,7131,0,0,0
8415,7132,0,0,0
8415,7133,0,0,0
8415,7134,0,0,0
8415,7135,0,0,0
8415,7137,0,0,0
8415,7138,12,12,0
8415,7140,0,0,0
8415,7141,0,0,0
8415,7143,20,20,0
8415,7211,0,0,0
8415,7231,0,0,0
8415,7232,0,0,0
8415,7233,0,0,0
8415,7235,0,0,0
8415,7311,0,0,0
8415,7312,0,0,0
8415,7313,0,0,0
8415,7314,28,17,11
8415,7315,32,12,20
8415,7316,0,0,0
8415,7317,0,0,0
8415,7318,0,0,0
8415,7319,12,0,12
8415,7320,0,0,0
8415,7331,0,0,0
8415,7332,15,15,0
8415,7333,0,0,0
8415,7334,19,19,0
8415,7335,0,0,0
8415,7336,0,0,0
8415,7337,12,12,0
8415,7338,14,14,0
8415,7339,10,0,10
8415,7340,0,0,0
8415,8111,7202,1961,5241
8415,8115,3936,1347,2589
8415,8116,16088,7184,8904
8415,8117,1078,558,520
8415,8118,1204,495,709
8415,8119,904,326,578
8415,8121,158,76,82
8415,8125,242,146,96
8415,8126,68,22,46
8415,8127,100,71,29
8415,8128,31,16,15
8415,8135,119,31,88
8415,8136,211,89,122
8415,8211,14,0,14
8415,8212,190,67,123
8415,8215,211,125,86
8415,8216,62,30,32
8415,8221,46,12,34
8415,8222,134,67,67
8415,8225,40,27,13
8415,8226,161,92,69
8415,8231,80,33,47
8415,8235,358,231,127
8415,8236,159,98,61
8415,8237,448,306,142
8415,8311,86,42,44
8415,8315,69,38,31
8415,8316,51,38,13
8415,8317,129,65,64
8415,8325,307,208,99
8415,8326,308,240,68
8415,8327,132,78,54
8415,8335,283,212,71
8415,8336,40,0,40
8415,8337,37,22,15
8415,8415,0,0,0
8415,8416,21113,10348,10765
8415,8417,3065,2168,897
8415,8421,439,97,342
8415,8425,2173,998,1175
8415,8426,1166,593,573
8415,8435,164,107,57
8415,8436,393,258,135
8415,8437,1801,900,901
8415,9161,17,0,17
8415,9162,569,144,425
8415,9163,0,0,0
8415,9171,0,0,0
8415,9172,0,0,0
8415,9173,11,11,0
8415,9174,16,0,16
8415,9175,11,11,0
8415,9176,23,13,10
8415,9177,21,11,10
8415,9178,50,16,34
8415,9179,57,30,27
8415,9180,0,0,0
8415,9181,25,14,11
8415,9182,0,0,0
8415,9183,0,0,0
8415,9184,192,25,167
8415,9185,0,0,0
8415,9186,13,0,13
8415,9187,26,14,12
8415,9188,31,15,16
8415,9189,32,13,19
8415,9190,0,0,0
8415,9261,0,0,0
8415,9262,0,0,0
8415,9263,0,0,0
8415,9271,11,0,11
8415,9272,0,0,0
8415,9273,0,0,0
8415,9274,20,0,20
8415,9275,0,0,0
8415,9276,0,0,0
8415,9277,0,0,0
8415,9278,0,0,0
8415,9279,0,0,0
8415,9361,0,0,0
8415,9362,29,17,12
8415,9363,0,0,0
8415,9371,0,0,0
8415,9372,0,0,0
8415,9373,20,20,0
8415,9374,0,0,0
8415,9375,15,15,0
8415,9376,0,0,0
8415,9377,0,0,0
8415,9461,12,0,12
8415,9462,0,0,0
8415,9463,0,0,0
8415,9464,0,0,0
8415,9471,0,0,0
8415,9472,0,0,0
8415,9473,0,0,0
8415,9474,0,0,0
8415,9475,24,0,24
8415,9476,0,0,0
8415,9477,0,0,0
8415,9478,0,0,0
8415,9479,0,0,0
8415,9561,0,0,0
8415,9562,30,13,17
8415,9563,0,0,0
8415,9564,100,43,57
8415,9565,0,0,0
8415,9571,12,12,0
8415,9572,39,0,39
8415,9573,0,0,0
8415,9574,11,11,0
8415,9575,0,0,0
8415,9576,17,17,0
8415,9577,0,0,0
8415,9661,10,0,10
8415,9662,0,0,0
8415,9663,26,13,13
8415,9671,11,0,11
8415,9672,0,0,0
8415,9673,0,0,0
8415,9674,0,0,0
8415,9675,0,0,0
8415,9676,12,12,0
8415,9677,0,0,0
8415,9678,0,0,0
8415,9679,12,12,0
8415,9761,50,25,25
8415,9762,0,0,0
8415,9763,11,0,11
8415,9764,0,0,0
8415,9771,0,0,0
8415,9772,61,18,43
8415,9773,32,14,18
8415,9774,67,33,34
8415,9775,160,81,79
8415,9776,30,16,14
8415,9777,16,16,0
8415,9778,17,0,17
8415,9779,23,12,11
8415,9780,35,14,21
8415,10041,29,13,16
8415,10042,0,0,0
8415,10043,14,14,0
8415,10044,0,0,0
8415,10045,19,19,0
8415,10046,0,0,0
8415,11000,302,129,173
8415,12051,0,0,0
8415,12052,0,0,0
8415,12053,0,0,0
8415,12054,0,0,0
8415,12060,0,0,0
8415,12061,0,0,0
8415,12062,10,10,0
8415,12063,10,10,0
8415,12064,0,0,0
8415,12065,0,0,0
8415,12066,0,0,0
8415,12067,0,0,0
8415,12068,0,0,0
8415,12069,12,12,0
8415,12070,0,0,0
8415,12071,0,0,0
8415,12072,0,0,0
8415,12073,0,0,0
8415,13003,0,0,0
8415,13004,0,0,0
8415,13071,0,0,0
8415,13072,0,0,0
8415,13073,0,0,0
8415,13074,0,0,0
8415,13075,0,0,0
8415,13076,0,0,0
8415,14511,13,13,0
8415,14521,12,12,0
8415,14522,23,23,0
8415,14523,13,13,0
8415,14524,11,11,0
8415,14612,63,39,24
8415,14625,18,18,0
8415,14626,10,10,0
8415,14627,11,11,0
8415,14628,0,0,0
8415,14713,52,34,18
8415,14729,16,16,0
8415,14730,0,0,0
8415,15001,18,18,0
8415,15002,20,10,10
8415,15003,0,0,0
8415,15081,0,0,0
8415,15082,0,0,0
8415,15083,0,0,0
8415,15084,0,0,0
8415,15085,0,0,0
8415,15086,0,0,0
8415,15087,13,13,0
8415,15088,15,15,0
8415,15089,0,0,0
8415,15090,0,0,0
8415,15091,27,27,0
8415,16051,26,14,12
8415,16052,0,0,0
8415,16053,0,0,0
8415,16054,0,0,0
8415,16055,0,0,0
8415,16056,0,0,0
8415,16061,0,0,0
8415,16062,0,0,0
8415,16063,0,0,0
8415,16064,27,27,0
8415,16065,0,0,0
8415,16066,13,13,0
8415,16067,15,15,0
8415,16068,0,0,0
8415,16069,0,0,0
8415,16070,0,0,0
8415,16071,0,0,0
8415,16072,0,0,0
8415,16073,0,0,0
8415,16074,0,0,0
8415,16075,0,0,0
8415,16076,0,0,0
8415,16077,0,0,0
8416,1001,0,0,0
8416,1002,13,0,13
8416,1003,0,0,0
8416,1004,0,0,0
8416,1051,0,0,0
8416,1053,0,0,0
8416,1054,0,0,0
8416,1055,0,0,0
8416,1056,0,0,0
8416,1057,0,0,0
8416,1058,0,0,0
8416,1059,0,0,0
8416,1060,0,0,0
8416,1061,0,0,0
8416,1062,16,16,0
8416,2000,200,54,146
8416,3101,10,0,10
8416,3102,0,0,0
8416,3103,0,0,0
8416,3151,0,0,0
8416,3153,0,0,0
8416,3154,0,0,0
8416,3155,0,0,0
8416,3157,0,0,0
8416,3158,0,0,0
8416,3159,30,10,20
8416,3241,73,36,37
8416,3251,0,0,0
8416,3252,0,0,0
8416,3254,0,0,0
8416,3255,0,0,0
8416,3256,0,0,0
8416,3257,0,0,0
8416,3351,0,0,0
8416,3352,0,0,0
8416,3353,36,36,0
8416,3354,0,0,0
8416,3355,0,0,0
8416,3356,0,0,0
8416,3357,0,0,0
8416,3358,0,0,0
8416,3359,0,0,0
8416,3360,0,0,0
8416,3361,0,0,0
8416,3401,0,0,0
8416,3402,0,0,0
8416,3403,0,0,0
8416,3404,38,0,38
8416,3405,0,0,0
8416,3451,0,0,0
8416,3452,0,0,0
8416,3453,0,0,0
8416,3454,0,0,0
8416,3455,0,0,0
8416,3456,0,0,0
8416,3457,0,0,0
8416,3458,0,0,0
8416,3459,0,0,0
8416,3460,0,0,0
8416,3461,0,0,0
8416,3462,0,0,0
8416,4011,38,10,28
8416,4012,0,0,0
8416,5111,118,26,92
8416,5112,11,0,11
8416,5113,46,20,26
8416,5114,0,0,0
8416,5116,10,0,10
8416,5117,0,0,0
8416,5119,0,0,0
8416,5120,0,0,0
8416,5122,0,0,0
8416,5124,0,0,0
8416,5154,0,0,0
8416,5158,50,20,30
8416,5162,34,13,21
8416,5166,0,0,0
8416,5170,20,20,0
8416,5314,56,18,38
8416,5315,286,155,131
8416,5316,0,0,0
8416,5334,38,17,21
8416,5358,0,0,0
8416,5362,29,29,0
8416,5366,13,13,0
8416,5370,0,0,0
8416,5374,29,0,29
8416,5378,0,0,0
8416,5382,44,23,21
8416,5512,0,0,0
8416,5513,0,0,0
8416,5515,25,14,11
8416,5554,10,0,10
8416,5558,0,0,0
8416,5562,11,11,0
8416,5566,12,0,12
8416,5570,0,0,0
8416,5711,11,0,11
8416,5754,16,0,16
8416,5758,0,0,0
8416,5762,0,0,0
8416,5766,10,0,10
8416,5770,0,0,0
8416,5774,0,0,0
8416,5911,22,11,11
8416,5913,33,12,21
8416,5914,0,0,0
8416,5915,0,0,0
8416,5916,0,0,0
8416,5954,24,10,14
8416,5958,0,0,0
8416,5962,29,0,29
8416,5966,0,0,0
8416,5970,15,0,15
8416,5974,0,0,0
8416,5978,12,0,12
8416,6411,26,0,26
8416,6412,302,59,243
8416,6413,10,0,10
8416,6414,50,12,38
8416,6431,27,13,14
8416,6432,22,0,22
8416,6433,13,0,13
8416,6434,47,0,47
8416,6435,31,12,19
8416,6436,50,17,33
8416,6437,0,0,0
8416,6438,42,10,32
8416,6439,0,0,0
8416,6440,11,11,0
8416,6531,11,11,0
8416,6532,12,0,12
8416,6533,0,0,0
8416,6534,13,0,13
8416,6535,0,0,0
8416,6611,0,0,0
8416,6631,13,0,13
8416,6632,0,0,0
8416,6633,0,0,0
8416,6634,0,0,0
8416,6635,0,0,0
8416,6636,0,0,0
8416,7111,19,0,19
8416,7131,0,0,0
8416,7132,0,0,0
8416,7133,0,0,0
8416,7134,0,0,0
8416,7135,0,0,0
8416,7137,0,0,0
8416,7138,0,0,0
8416,7140,10,0,10
8416,7141,0,0,0
8416,7143,0,0,0
8416,7211,0,0,0
8416,7231,0,0,0
8416,7232,0,0,0
8416,7233,0,0,0
8416,7235,0,0,0
8416,7311,0,0,0
8416,7312,11,0,11
8416,7313,0,0,0
8416,7314,25,0,25
8416,7315,64,20,44
8416,7316,0,0,0
8416,7317,0,0,0
8416,7318,0,0,0
8416,7319,0,0,0
8416,7320,0,0,0
8416,7331,0,0,0
8416,7332,0,0,0
8416,7333,0,0,0
8416,7334,12,0,12
8416,7335,10,10,0
8416,7336,0,0,0
8416,7337,12,12,0
8416,7338,0,0,0
8416,7339,0,0,0
8416,7340,0,0,0
8416,8111,6121,1315,4806
8416,8115,11735,3611,8124
8416,8116,4543,1933,2610
8416,8117,346,194,152
8416,8118,804,293,511
8416,8119,542,277,265
8416,8121,74,26,48
8416,8125,163,80,83
8416,8126,67,31,36
8416,8127,84,44,40
8416,8128,34,22,12
8416,8135,51,31,20
8416,8136,243,150,93
8416,8211,16,0,16
8416,8212,177,60,117
8416,8215,117,45,72
8416,8216,55,28,27
8416,8221,110,43,67
8416,8222,99,32,67
8416,8225,18,18,0
8416,8226,146,71,75
8416,8231,117,49,68
8416,8235,1539,745,794
8416,8236,145,71,74
8416,8237,2369,1222,1147
8416,8311,118,38,80
8416,8315,64,35,29
8416,8316,33,19,14
8416,8317,159,94,65
8416,8325,697,380,317
8416,8326,200,91,109
8416,8327,277,104,173
8416,8335,179,93,86
8416,8336,42,14,28
8416,8337,32,15,17
8416,8415,21113,10765,10348
8416,8416,0,0,0
8416,8417,8563,5438,3125
8416,8421,149,56,93
8416,8425,148,109,39
8416,8426,167,104,63
8416,8435,93,52,41
8416,8436,187,108,79
8416,8437,345,188,157
8416,9161,31,0,31
8416,9162,553,111,442
8416,9163,0,0,0
8416,9171,0,0,0
8416,9172,0,0,0
8416,9173,0,0,0
8416,9174,13,0,13
8416,9175,0,0,0
8416,9176,0,0,0
8416,9177,0,0,0
8416,9178,43,11,32
8416,9179,21,10,11
8416,9180,0,0,0
8416,9181,0,0,0
8416,9182,0,0,0
8416,9183,0,0,0
8416,9184,138,16,122
8416,9185,0,0,0
8416,9186,10,0,10
8416,9187,10,10,0
8416,9188,27,12,15
8416,9189,0,0,0
8416,9190,18,18,0
8416,9261,0,0,0
8416,9262,0,0,0
8416,9263,0,0,0
8416,9271,0,0,0
8416,9272,0,0,0
8416,9273,0,0,0
8416,9274,0,0,0
8416,9275,0,0,0
8416,9276,0,0,0
8416,9277,0,0,0
8416,9278,0,0,0
8416,9279,0,0,0
8416,9361,0,0,0
8416,9362,14,0,14
8416,9363,0,0,0
8416,9371,0,0,0
8416,9372,0,0,0
8416,9373,10,0,10
8416,9374,0,0,0
8416,9375,0,0,0
8416,9376,0,0,0
8416,9377,0,0,0
8416,9461,13,0,13
8416,9462,0,0,0
8416,9463,0,0,0
8416,9464,0,0,0
8416,9471,10,10,0
8416,9472,0,0,0
8416,9473,0,0,0
8416,9474,0,0,0
8416,9475,0,0,0
8416,9476,0,0,0
8416,9477,0,0,0
8416,9478,0,0,0
8416,9479,0,0,0
8416,9561,0,0,0
8416,9562,37,16,21
8416,9563,0,0,0
8416,9564,85,24,61
8416,9565,0,0,0
8416,9571,0,0,0
8416,9572,23,12,11
8416,9573,0,0,0
8416,9574,0,0,0
8416,9575,0,0,0
8416,9576,0,0,0
8416,9577,0,0,0
8416,9661,0,0,0
8416,9662,0,0,0
8416,9663,54,19,35
8416,9671,0,0,0
8416,9672,0,0,0
8416,9673,0,0,0
8416,9674,0,0,0
8416,9675,12,0,12
8416,9676,0,0,0
8416,9677,17,0,17
8416,9678,11,0,11
8416,9679,0,0,0
8416,9761,62,25,37
8416,9762,0,0,0
8416,9763,0,0,0
8416,9764,0,0,0
8416,9771,0,0,0
8416,9772,19,0,19
8416,9773,20,0,20
8416,9774,28,15,13
8416,9775,74,41,33
8416,9776,33,13,20
8416,9777,0,0,0
8416,9778,20,10,10
8416,9779,0,0,0
8416,9780,22,11,11
8416,10041,38,23,15
8416,10042,0,0,0
8416,10043,0,0,0
8416,10044,49,49,0
8416,10045,0,0,0
8416,10046,0,0,0
8416,11000,374,107,267
8416,12051,0,0,0
8416,12052,0,0,0
8416,12053,0,0,0
8416,12054,21,10,11
8416,12060,0,0,0
8416,12061,0,0,0
8416,12062,0,0,0
8416,12063,0,0,0
8416,12064,0,0,0
8416,12065,0,0,0
8416,12066,0,0,0
8416,12067,0,0,0
8416,12068,0,0,0
8416,12069,0,0,0
8416,12070,0,0,0
8416,12071,0,0,0
8416,12072,0,0,0
8416,12073,0,0,0
8416,13003,0,0,0
8416,13004,0,0,0
8416,13071,0,0,0
8416,13072,0,0,0
8416,13073,0,0,0
8416,13074,0,0,0
8416,13075,11,11,0
8416,13076,0,0,0
8416,14511,34,23,11
8416,14521,20,0,20
8416,14522,12,12,0
8416,14523,0,0,0
8416,14524,0,0,0
8416,14612,86,56,30
8416,14625,0,0,0
8416,14626,0,0,0
8416,14627,0,0,0
8416,14628,0,0,0
8416,14713,48,17,31
8416,14729,14,14,0
8416,14730,0,0,0
8416,15001,0,0,0
8416,15002,0,0,0
8416,15003,0,0,0
8416,15081,0,0,0
8416,15082,0,0,0
8416,15083,0,0,0
8416,15084,16,16,0
8416,15085,0,0,0
8416,15086,0,0,0
8416,15087,0,0,0
8416,15088,0,0,0
8416,15089,0,0,0
8416,15090,0,0,0
8416,15091,0,0,0
8416,16051,15,0,15
8416,16052,0,0,0
8416,16053,15,15,0
8416,16054,0,0,0
8416,16055,0,0,0
8416,16056,0,0,0
8416,16061,0,0,0
8416,16062,0,0,0
8416,16063,0,0,0
8416,16064,0,0,0
8416,16065,0,0,0
8416,16066,0,0,0
8416,16067,0,0,0
8416,16068,0,0,0
8416,16069,23,0,23
8416,16070,0,0,0
8416,16071,0,0,0
8416,16072,0,0,0
8416,16073,0,0,0
8416,16074,0,0,0
8416,16075,0,0,0
8416,16076,0,0,0
8416,16077,0,0,0
8417,1001,0,0,0
8417,1002,0,0,0
8417,1003,11,11,0
8417,1004,0,0,0
8417,1051,0,0,0
8417,1053,0,0,0
8417,1054,0,0,0
8417,1055,14,14,0
8417,1056,10,10,0
8417,1057,0,0,0
8417,1058,0,0,0
8417,1059,0,0,0
8417,1060,0,0,0
8417,1061,0,0,0
8417,1062,10,0,10
8417,2000,135,27,108
8417,3101,0,0,0
8417,3102,0,0,0
8417,3103,0,0,0
8417,3151,0,0,0
8417,3153,0,0,0
8417,3154,0,0,0
8417,3155,0,0,0
8417,3157,0,0,0
8417,3158,0,0,0
8417,3159,0,0,0
8417,3241,58,24,34
8417,3251,0,0,0
8417,3252,0,0,0
8417,3254,12,12,0
8417,3255,0,0,0
8417,3256,0,0,0
8417,3257,0,0,0
8417,3351,0,0,0
8417,3352,0,0,0
8417,3353,12,12,0
8417,3354,0,0,0
8417,3355,0,0,0
8417,3356,0,0,0
8417,3357,0,0,0
8417,3358,0,0,0
8417,3359,0,0,0
8417,3360,0,0,0
8417,3361,0,0,0
8417,3401,0,0,0
8417,3402,0,0,0
8417,3403,0,0,0
8417,3404,21,0,21
8417,3405,0,0,0
8417,3451,0,0,0
8417,3452,0,0,0
8417,3453,0,0,0
8417,3454,0,0,0
8417,3455,0,0,0
8417,3456,0,0,0
8417,3457,20,20,0
8417,3458,0,0,0
8417,3459,80,0,80
8417,3460,0,0,0
8417,3461,0,0,0
8417,3462,0,0,0
8417,4011,0,0,0
8417,4012,0,0,0
8417,5111,56,15,41
8417,5112,0,0,0
8417,5113,27,16,11
8417,5114,0,0,0
8417,5116,10,0,10
8417,5117,0,0,0
8417,5119,0,0,0
8417,5120,0,0,0
8417,5122,0,0,0
8417,5124,17,0,17
8417,5154,0,0,0
8417,5158,31,10,21
8417,5162,16,0,16
8417,5166,0,0,0
8417,5170,0,0,0
8417,5314,14,0,14
8417,5315,69,13,56
8417,5316,0,0,0
8417,5334,26,11,15
8417,5358,16,0,16
8417,5362,15,15,0
8417,5366,0,0,0
8417,5370,0,0,0
8417,5374,0,0,0
8417,5378,0,0,0
8417,5382,28,18,10
8417,5512,0,0,0
8417,5513,0,0,0
8417,5515,0,0,0
8417,5554,0,0,0
8417,5558,0,0,0
8417,5562,10,10,0
8417,5566,0,0,0
8417,5570,0,0,0
8417,5711,0,0,0
8417,5754,26,0,26
8417,5758,0,0,0
8417,5762,0,0,0
8417,5766,0,0,0
8417,5770,0,0,0
8417,5774,0,0,0
8417,5911,0,0,0
8417,5913,0,0,0
8417,5914,0,0,0
8417,5915,0,0,0
8417,5916,0,0,0
8417,5954,0,0,0
8417,5958,0,0,0
8417,5962,0,0,0
8417,5966,0,0,0
8417,5970,0,0,0
8417,5974,0,0,0
8417,5978,0,0,0
8417,6411,0,0,0
8417,6412,115,21,94
8417,6413,0,0,0
8417,6414,35,0,35
8417,6431,13,13,0
8417,6432,0,0,0
8417,6433,13,0,13
8417,6434,32,0,32
8417,6435,12,12,0
8417,6436,19,0,19
8417,6437,0,0,0
8417,6438,34,10,24
8417,6439,0,0,0
8417,6440,14,14,0
8417,6531,13,0,13
8417,6532,0,0,0
8417,6533,0,0,0
8417,6534,0,0,0
8417,6535,0,0,0
8417,6611,0,0,0
8417,6631,0,0,0
8417,6632,0,0,0
8417,6633,0,0,0
8417,6634,0,0,0
8417,6635,0,0,0
8417,6636,0,0,0
8417,7111,0,0,0
8417,7131,0,0,0
8417,7132,0,0,0
8417,7133,0,0,0
8417,7134,0,0,0
8417,7135,0,0,0
8417,7137,0,0,0
8417,7138,0,0,0
8417,7140,0,0,0
8417,7141,0,0,0
8417,7143,0,0,0
8417,7211,0,0,0
8417,7231,0,0,0
8417,7232,0,0,0
8417,7233,0,0,0
8417,7235,0,0,0
8417,7311,0,0,0
8417,7312,0,0,0
8417,7313,0,0,0
8417,7314,0,0,0
8417,7315,12,0,12
8417,7316,0,0,0
8417,7317,0,0,0
8417,7318,0,0,0
8417,7319,0,0,0
8417,7320,0,0,0
8417,7331,0,0,0
8417,7332,0,0,0
8417,7333,0,0,0
8417,7334,0,0,0
8417,7335,0,0,0
8417,7336,0,0,0
8417,7337,0,0,0
8417,7338,0,0,0
8417,7339,26,0,26
8417,7340,0,0,0
8417,8111,1301,166,1135
8417,8115,1523,288,1235
8417,8116,744,192,552
8417,8117,173,78,95
8417,8118,301,109,192
8417,8119,238,87,151
8417,8121,35,17,18
8417,8125,92,33,59
8417,8126,37,10,27
8417,8127,11,0,11
8417,8128,0,0,0
8417,8135,23,13,10
8417,8136,102,26,76
8417,8211,12,0,12
8417,8212,90,46,44
8417,8215,69,34,35
8417,8216,49,12,37
8417,8221,19,0,19
8417,8222,50,14,36
8417,8225,10,10,0
8417,8226,66,21,45
8417,8231,55,30,25
8417,8235,283,98,185
8417,8236,128,94,34
8417,8237,1430,581,849
8417,8311,109,28,81
8417,8315,81,47,34
8417,8316,44,28,16
8417,8317,148,56,92
8417,8325,4425,1824,2601
8417,8326,739,291,448
8417,8327,3114,646,2468
8417,8335,285,155,130
8417,8336,40,12,28
8417,8337,61,24,37
8417,8415,3065,897,2168
8417,8416,8563,3125,5438
8417,8417,0,0,0
8417,8421,67,28,39
8417,8425,70,43,27
8417,8426,212,96,116
8417,8435,158,77,81
8417,8436,167,68,99
8417,8437,5086,2568,2518
8417,9161,112,0,112
8417,9162,167,34,133
8417,9163,0,0,0
8417,9171,0,0,0
8417,9172,0,0,0
8417,9173,0,0,0
8417,9174,10,10,0
8417,9175,15,15,0
8417,9176,0,0,0
8417,9177,0,0,0
8417,9178,24,0,24
8417,9179,22,22,0
8417,9180,0,0,0
8417,9181,0,0,0
8417,9182,0,0,0
8417,9183,0,0,0
8417,9184,59,0,59
8417,9185,0,0,0
8417,9186,0,0,0
8417,9187,41,10,31
8417,9188,13,0,13
8417,9189,0,0,0
8417,9190,0,0,0
8417,9261,0,0,0
8417,9262,0,0,0
8417,9263,0,0,0
8417,9271,0,0,0
8417,9272,0,0,0
8417,9273,0,0,0
8417,9274,0,0,0
8417,9275,10,10,0
8417,9276,0,0,0
8417,9277,0,0,0
8417,9278,0,0,0
8417,9279,0,0,0
8417,9361,0,0,0
8417,9362,0,0,0
8417,9363,0,0,0
8417,9371,0,0,0
8417,9372,11,0,11
8417,9373,0,0,0
8417,9374,0,0,0
8417,9375,0,0,0
8417,9376,0,0,0
8417,9377,0,0,0
8417,9461,0,0,0
8417,9462,0,0,0
8417,9463,0,0,0
8417,9464,0,0,0
8417,9471,0,0,0
8417,9472,0,0,0
8417,9473,0,0,0
8417,9474,0,0,0
8417,9475,0,0,0
8417,9476,12,12,0
8417,9477,0,0,0
8417,9478,0,0,0
8417,9479,0,0,0
8417,9561,0,0,0
8417,9562,0,0,0
8417,9563,0,0,0
8417,9564,33,14,19
8417,9565,0,0,0
8417,9571,0,0,0
8417,9572,12,12,0
8417,9573,0,0,0
8417,9574,0,0,0
8417,9575,0,0,0
8417,9576,0,0,0
8417,9577,0,0,0
8417,9661,0,0,0
8417,9662,0,0,0
8417,9663,0,0,0
8417,9671,12,12,0
8417,9672,0,0,0
8417,9673,0,0,0
8417,9674,0,0,0
8417,9675,0,0,0
8417,9676,0,0,0
8417,9677,15,0,15
8417,9678,20,0,20
8417,9679,0,0,0
8417,9761,30,13,17
8417,9762,0,0,0
8417,9763,0,0,0
8417,9764,11,0,11
8417,9771,10,10,0
8417,9772,32,17,15
8417,9773,0,0,0
8417,9774,0,0,0
8417,9775,46,20,26
8417,9776,0,0,0
8417,9777,13,13,0
8417,9778,13,13,0
8417,9779,0,0,0
8417,9780,20,20,0
8417,10041,0,0,0
8417,10042,0,0,0
8417,10043,0,0,0
8417,10044,0,0,0
8417,10045,0,0,0
8417,10046,0,0,0
8417,11000,160,69,91
8417,12051,0,0,0
8417,12052,0,0,0
8417,12053,0,0,0
8417,12054,16,0,16
8417,12060,0,0,0
8417,12061,11,11,0
8417,12062,0,0,0
8417,12063,0,0,0
8417,12064,0,0,0
8417,12065,0,0,0
8417,12066,0,0,0
8417,12067,0,0,0
8417,12068,0,0,0
8417,12069,0,0,0
8417,12070,0,0,0
8417,12071,0,0,0
8417,12072,0,0,0
8417,12073,0,0,0
8417,13003,0,0,0
8417,13004,0,0,0
8417,13071,0,0,0
8417,13072,0,0,0
8417,13073,0,0,0
8417,13074,0,0,0
8417,13075,0,0,0
8417,13076,0,0,0
8417,14511,13,13,0
8417,14521,12,0,12
8417,14522,14,14,0
8417,14523,10,10,0
8417,14524,23,12,11
8417,14612,13,0,13
8417,14625,0,0,0
8417,14626,0,0,0
8417,14627,0,0,0
8417,14628,0,0,0
8417,14713,11,11,0
8417,14729,0,0,0
8417,14730,0,0,0
8417,15001,17,17,0
8417,15002,0,0,0
8417,15003,0,0,0
8417,15081,0,0,0
8417,15082,0,0,0
8417,15083,0,0,0
8417,15084,0,0,0
8417,15085,0,0,0
8417,15086,0,0,0
8417,15087,0,0,0
8417,15088,0,0,0
8417,15089,0,0,0
8417,15090,0,0,0
8417,15091,0,0,0
8417,16051,10,10,0
8417,16052,0,0,0
8417,16053,0,0,0
8417,16054,0,0,0
8417,16055,0,0,0
8417,16056,0,0,0
8417,16061,0,0,0
8417,16062,35,35,0
8417,16063,0,0,0
8417,16064,0,0,0
8417,16065,0,0,0
8417,16066,0,0,0
8417,16067,0,0,0
8417,16068,0,0,0
8417,16069,56,0,56
8417,16070,0,0,0
8417,16071,0,0,0
8417,16072,0,0,0
8417,16073,0,0,0
8417,16074,0,0,0
8417,16075,0,0,0
8417,16076,0,0,0
8417,16077,0,0,0
8421,1001,0,0,0
8421,1002,0,0,0
8421,1003,13,13,0
8421,1004,0,0,0
8421,1051,0,0,0
8421,1053,0,0,0
8421,1054,0,0,0
8421,1055,0,0,0
8421,1056,22,22,0
8421,1057,0,0,0
8421,1058,12,12,0
8421,1059,0,0,0
8421,1060,21,21,0
8421,1061,10,10,0
8421,1062,51,51,0
8421,2000,228,122,106
8421,3101,12,12,0
8421,3102,0,0,0
8421,3103,0,0,0
8421,3151,0,0,0
8421,3153,0,0,0
8421,3154,0,0,0
8421,3155,0,0,0
8421,3157,0,0,0
8421,3158,0,0,0
8421,3159,18,18,0
8421,3241,102,76,26
8421,3251,0,0,0
8421,3252,10,10,0
8421,3254,11,11,0
8421,3255,0,0,0
8421,3256,0,0,0
8421,3257,0,0,0
8421,3351,0,0,0
8421,3352,0,0,0
8421,3353,44,44,0
8421,3354,0,0,0
8421,3355,14,14,0
8421,3356,0,0,0
8421,3357,12,12,0
8421,3358,0,0,0
8421,3359,13,13,0
8421,3360,0,0,0
8421,3361,0,0,0
8421,3401,0,0,0
8421,3402,0,0,0
8421,3403,0,0,0
8421,3404,12,12,0
8421,3405,0,0,0
8421,3451,0,0,0
8421,3452,0,0,0
8421,3453,0,0,0
8421,3454,15,15,0
8421,3455,0,0,0
8421,3456,0,0,0
8421,3457,0,0,0
8421,3458,12,12,0
8421,3459,17,17,0
8421,3460,0,0,0
8421,3461,0,0,0
8421,3462,0,0,0
8421,4011,52,28,24
8421,4012,0,0,0
8421,5111,87,40,47
8421,5112,35,10,25
8421,5113,30,30,0
8421,5114,12,12,0
8421,5116,13,13,0
8421,5117,0,0,0
8421,5119,0,0,0
8421,5120,0,0,0
8421,5122,0,0,0
8421,5124,15,15,0
8421,5154,11,11,0
8421,5158,46,23,23
8421,5162,34,23,11
8421,5166,15,15,0
8421,5170,19,19,0
8421,5314,30,18,12
8421,5315,125,52,73
8421,5316,0,0,0
8421,5334,114,23,91
8421,5358,16,16,0
8421,5362,32,17,15
8421,5366,0,0,0
8421,5370,0,0,0
8421,5374,46,12,34
8421,5378,17,17,0
8421,5382,21,21,0
8421,5512,0,0,0
8421,5513,0,0,0
8421,5515,40,27,13
8421,5554,13,13,0
8421,5558,29,17,12
8421,5562,18,18,0
8421,5566,28,28,0
8421,5570,20,20,0
8421,5711,14,14,0
8421,5754,36,17,19
8421,5758,0,0,0
8421,5762,0,0,0
8421,5766,10,10,0
8421,5770,16,16,0
8421,5774,19,19,0
8421,5911,15,15,0
8421,5913,41,31,10
8421,5914,0,0,0
8421,5915,10,10,0
8421,5916,0,0,0
8421,5954,14,14,0
8421,5958,22,22,0
8421,5962,16,16,0
8421,5966,0,0,0
8421,5970,14,14,0
8421,5974,20,20,0
8421,5978,16,16,0
8421,6411,35,14,21
8421,6412,205,32,173
8421,6413,0,0,0
8421,6414,42,18,24
8421,6431,32,22,10
8421,6432,17,17,0
8421,6433,10,10,0
8421,6434,33,0,33
8421,6435,33,15,18
8421,6436,34,11,23
8421,6437,0,0,0
8421,6438,42,26,16
8421,6439,17,17,0
8421,6440,21,21,0
8421,6531,0,0,0
8421,6532,10,10,0
8421,6533,14,14,0
8421,6534,16,16,0
8421,6535,0,0,0
8421,6611,18,18,0
8421,6631,17,17,0
8421,6632,0,0,0
8421,6633,18,18,0
8421,6634,0,0,0
8421,6635,0,0,0
8421,6636,0,0,0
8421,7111,0,0,0
8421,7131,0,0,0
8421,7132,0,0,0
8421,7133,0,0,0
8421,7134,0,0,0
8421,7135,0,0,0
8421,7137,17,17,0
8421,7138,13,13,0
8421,7140,0,0,0
8421,7141,0,0,0
8421,7143,20,20,0
8421,7211,0,0,0
8421,7231,0,0,0
8421,7232,0,0,0
8421,7233,0,0,0
8421,7235,0,0,0
8421,7311,0,0,0
8421,7312,0,0,0
8421,7313,10,10,0
8421,7314,19,19,0
8421,7315,27,15,12
8421,7316,0,0,0
8421,7317,0,0,0
8421,7318,0,0,0
8421,7319,11,0,11
8421,7320,0,0,0
8421,7331,12,12,0
8421,7332,12,12,0
8421,7333,0,0,0
8421,7334,23,23,0
8421,7335,0,0,0
8421,7336,0,0,0
8421,7337,14,14,0
8421,7338,15,15,0
8421,7339,46,16,30
8421,7340,0,0,0
8421,8111,1221,321,900
8421,8115,293,124,169
8421,8116,591,352,239
8421,8117,1557,1239,318
8421,8118,254,147,107
8421,8119,225,127,98
8421,8121,33,20,13
8421,8125,66,38,28
8421,8126,24,12,12
8421,8127,104,79,25
8421,8128,13,13,0
8421,8135,2664,2005,659
8421,8136,879,558,321
8421,8211,0,0,0
8421,8212,178,136,42
8421,8215,172,93,79
8421,8216,35,35,0
8421,8221,42,24,18
8421,8222,92,33,59
8421,8225,12,12,0
8421,8226,102,55,47
8421,8231,17,17,0
8421,8235,41,25,16
8421,8236,71,45,26
8421,8237,16,16,0
8421,8311,81,50,31
8421,8315,63,41,22
8421,8316,44,44,0
8421,8317,98,68,30
8421,8325,38,26,12
8421,8326,49,39,10
8421,8327,43,27,16
8421,8335,159,135,24
8421,8336,31,13,18
8421,8337,26,14,12
8421,8415,439,342,97
8421,8416,149,93,56
8421,8417,67,39,28
8421,8421,0,0,0
8421,8425,26029,22206,3823
8421,8426,6481,4487,1994
8421,8435,339,266,73
8421,8436,834,580,254
8421,8437,187,155,32
8421,9161,46,32,14
8421,9162,1080,420,660
8421,9163,0,0,0
8421,9171,0,0,0
8421,9172,0,0,0
8421,9173,17,17,0
8421,9174,55,33,22
8421,9175,28,28,0
8421,9176,19,19,0
8421,9177,25,25,0
8421,9178,87,57,30
8421,9179,85,75,10
8421,9180,0,0,0
8421,9181,53,35,18
8421,9182,17,17,0
8421,9183,0,0,0
8421,9184,221,79,142
8421,9185,27,27,0
8421,9186,53,37,16
8421,9187,45,31,14
8421,9188,56,35,21
8421,9189,22,22,0
8421,9190,16,16,0
8421,9261,12,12,0
8421,9262,0,0,0
8421,9263,0,0,0
8421,9271,0,0,0
8421,9272,0,0,0
8421,9273,14,14,0
8421,9274,33,33,0
8421,9275,0,0,0
8421,9276,0,0,0
8421,9277,0,0,0
8421,9278,0,0,0
8421,9279,16,16,0
8421,9361,0,0,0
8421,9362,37,20,17
8421,9363,0,0,0
8421,9371,0,0,0
8421,9372,0,0,0
8421,9373,34,16,18
8421,9374,0,0,0
8421,9375,14,14,0
8421,9376,0,0,0
8421,9377,0,0,0
8421,9461,10,10,0
8421,9462,0,0,0
8421,9463,0,0,0
8421,9464,0,0,0
8421,9471,11,11,0
8421,9472,0,0,0
8421,9473,10,10,0
8421,9474,14,14,0
8421,9475,0,0,0
8421,9476,0,0,0
8421,9477,0,0,0
8421,9478,0,0,0
8421,9479,0,0,0
8421,9561,10,0,10
8421,9562,19,19,0
8421,9563,0,0,0
8421,9564,131,64,67
8421,9565,0,0,0
8421,9571,36,26,10
8421,9572,0,0,0
8421,9573,0,0,0
8421,9574,12,12,0
8421,9575,0,0,0
8421,9576,19,19,0
8421,9577,0,0,0
8421,9661,0,0,0
8421,9662,0,0,0
8421,9663,38,26,12
8421,9671,11,11,0
8421,9672,0,0,0
8421,9673,0,0,0
8421,9674,0,0,0
8421,9675,0,0,0
8421,9676,0,0,0
8421,9677,52,10,42
8421,9678,26,15,11
8421,9679,25,25,0
8421,9761,476,267,209
8421,9762,111,30,81
8421,9763,117,80,37
8421,9764,273,150,123
8421,9771,61,61,0
8421,9772,273,218,55
8421,9773,536,459,77
8421,9774,3273,2553,720
8421,9775,28088,20487,7601
8421,9776,168,56,112
8421,9777,72,59,13
8421,9778,420,338,82
8421,9779,140,77,63
8421,9780,159,121,38
8421,10041,140,22,118
8421,10042,0,0,0
8421,10043,0,0,0
8421,10044,0,0,0
8421,10045,14,14,0
8421,10046,0,0,0
8421,11000,284,149,135
8421,12051,0,0,0
8421,12052,0,0,0
8421,12053,0,0,0
8421,12054,0,0,0
8421,12060,0,0,0
8421,12061,11,11,0
8421,12062,0,0,0
8421,12063,0,0,0
8421,12064,11,0,11
8421,12065,10,10,0
8421,12066,0,0,0
8421,12067,0,0,0
8421,12068,0,0,0
8421,12069,0,0,0
8421,12070,0,0,0
8421,12071,0,0,0
8421,12072,0,0,0
8421,12073,0,0,0
8421,13003,13,13,0
8421,13004,0,0,0
8421,13071,0,0,0
8421,13072,16,16,0
8421,13073,0,0,0
8421,13074,0,0,0
8421,13075,0,0,0
8421,13076,0,0,0
8421,14511,0,0,0
8421,14521,17,17,0
8421,14522,15,15,0
8421,14523,18,18,0
8421,14524,17,17,0
8421,14612,50,35,15
8421,14625,0,0,0
8421,14626,15,15,0
8421,14627,0,0,0
8421,14628,0,0,0
8421,14713,65,54,11
8421,14729,66,66,0
8421,14730,11,11,0
8421,15001,0,0,0
8421,15002,0,0,0
8421,15003,12,12,0
8421,15081,0,0,0
8421,15082,0,0,0
8421,15083,0,0,0
8421,15084,0,0,0
8421,15085,0,0,0
8421,15086,0,0,0
8421,15087,14,14,0
8421,15088,0,0,0
8421,15089,13,13,0
8421,15090,0,0,0
8421,15091,13,13,0
8421,16051,16,16,0
8421,16052,10,10,0
8421,16053,26,16,10
8421,16054,0,0,0
8421,16055,0,0,0
8421,16056,0,0,0
8421,16061,0,0,0
8421,16062,0,0,0
8421,16063,0,0,0
8421,16064,0,0,0
8421,16065,0,0,0
8421,16066,10,10,0
8421,16067,14,14,0
8421,16068,0,0,0
8421,16069,0,0,0
8421,16070,0,0,0
8421,16071,0,0,0
8421,16072,0,0,0
8421,16073,0,0,0
8421,16074,12,12,0
8421,16075,0,0,0
8421,16076,0,0,0
8421,16077,0,0,0
8425,1001,0,0,0
8425,1002,11,11,0
8425,1003,0,0,0
8425,1004,0,0,0
8425,1051,0,0,0
8425,1053,11,0,11
8425,1054,0,0,0
8425,1055,0,0,0
8425,1056,0,0,0
8425,1057,0,0,0
8425,1058,0,0,0
8425,1059,0,0,0
8425,1060,12,0,12
8425,1061,0,0,0
8425,1062,0,0,0
8425,2000,71,0,71
8425,3101,0,0,0
8425,3102,0,0,0
8425,3103,0,0,0
8425,3151,0,0,0
8425,3153,0,0,0
8425,3154,0,0,0
8425,3155,0,0,0
8425,3157,0,0,0
8425,3158,0,0,0
8425,3159,13,0,13
8425,3241,50,17,33
8425,3251,0,0,0
8425,3252,0,0,0
8425,3254,0,0,0
8425,3255,0,0,0
8425,3256,0,0,0
8425,3257,0,0,0
8425,3351,0,0,0
8425,3352,0,0,0
8425,3353,0,0,0
8425,3354,0,0,0
8425,3355,0,0,0
8425,3356,0,0,0
8425,3357,0,0,0
8425,3358,0,0,0
8425,3359,0,0,0
8425,3360,0,0,0
8425,3361,0,0,0
8425,3401,0,0,0
8425,3402,0,0,0
8425,3403,0,0,0
8425,3404,12,0,12
8425,3405,0,0,0
8425,3451,0,0,0
8425,3452,0,0,0
8425,3453,0,0,0
8425,3454,0,0,0
8425,3455,0,0,0
8425,3456,0,0,0
8425,3457,0,0,0
8425,3458,0,0,0
8425,3459,11,0,11
8425,3460,0,0,0
8425,3461,0,0,0
8425,3462,0,0,0
8425,4011,20,0,20
8425,4012,0,0,0
8425,5111,45,0,45
8425,5112,22,0,22
8425,5113,0,0,0
8425,5114,0,0,0
8425,5116,0,0,0
8425,5117,0,0,0
8425,5119,0,0,0
8425,5120,36,0,36
8425,5122,0,0,0
8425,5124,14,0,14
8425,5154,10,0,10
8425,5158,23,0,23
8425,5162,0,0,0
8425,5166,12,0,12
8425,5170,0,0,0
8425,5314,12,0,12
8425,5315,70,0,70
8425,5316,0,0,0
8425,5334,38,0,38
8425,5358,0,0,0
8425,5362,0,0,0
8425,5366,0,0,0
8425,5370,0,0,0
8425,5374,37,0,37
8425,5378,0,0,0
8425,5382,19,0,19
8425,5512,0,0,0
8425,5513,25,0,25
8425,5515,11,0,11
8425,5554,0,0,0
8425,5558,82,0,82
8425,5562,0,0,0
8425,5566,0,0,0
8425,5570,0,0,0
8425,5711,0,0,0
8425,5754,21,0,21
8425,5758,0,0,0
8425,5762,0,0,0
8425,5766,0,0,0
8425,5770,0,0,0
8425,5774,0,0,0
8425,5911,0,0,0
8425,5913,38,15,23
8425,5914,10,0,10
8425,5915,0,0,0
8425,5916,19,0,19
8425,5954,11,0,11
8425,5958,0,0,0
8425,5962,11,0,11
8425,5966,0,0,0
8425,5970,10,10,0
8425,5974,0,0,0
8425,5978,20,20,0
8425,6411,20,0,20
8425,6412,154,14,140
8425,6413,10,0,10
8425,6414,29,0,29
8425,6431,28,11,17
8425,6432,16,0,16
8425,6433,30,10,20
8425,6434,28,0,28
8425,6435,12,0,12
8425,6436,26,0,26
8425,6437,0,0,0
8425,6438,36,0,36
8425,6439,11,0,11
8425,6440,0,0,0
8425,6531,0,0,0
8425,6532,0,0,0
8425,6533,10,0,10
8425,6534,0,0,0
8425,6535,0,0,0
8425,6611,0,0,0
8425,6631,0,0,0
8425,6632,0,0,0
8425,6633,0,0,0
8425,6634,0,0,0
8425,6635,0,0,0
8425,6636,0,0,0
8425,7111,0,0,0
8425,7131,0,0,0
8425,7132,0,0,0
8425,7133,0,0,0
8425,7134,24,24,0
8425,7135,0,0,0
8425,7137,0,0,0
8425,7138,0,0,0
8425,7140,0,0,0
8425,7141,0,0,0
8425,7143,0,0,0
8425,7211,0,0,0
8425,7231,0,0,0
8425,7232,0,0,0
8425,7233,0,0,0
8425,7235,0,0,0
8425,7311,0,0,0
8425,7312,0,0,0
8425,7313,0,0,0
8425,7314,13,0,13
8425,7315,0,0,0
8425,7316,0,0,0
8425,7317,0,0,0
8425,7318,0,0,0
8425,7319,0,0,0
8425,7320,0,0,0
8425,7331,0,0,0
8425,7332,0,0,0
8425,7333,0,0,0
8425,7334,0,0,0
8425,7335,0,0,0
8425,7336,0,0,0
8425,7337,0,0,0
8425,7338,19,0,19
8425,7339,43,0,43
8425,7340,10,10,0
8425,8111,1263,97,1166
8425,8115,283,61,222
8425,8116,1137,317,820
8425,8117,4023,2132,1891
8425,8118,222,48,174
8425,8119,213,71,142
8425,8121,31,0,31
8425,8125,63,21,42
8425,8126,27,0,27
8425,8127,66,26,40
8425,8128,0,0,0
8425,8135,2858,1489,1369
8425,8136,505,123,382
8425,8211,0,0,0
8425,8212,53,14,39
8425,8215,142,21,121
8425,8216,20,0,20
8425,8221,14,0,14
8425,8222,52,0,52
8425,8225,16,16,0
8425,8226,78,13,65
8425,8231,35,0,35
8425,8235,48,12,36
8425,8236,61,14,47
8425,8237,17,0,17
8425,8311,58,31,27
8425,8315,38,17,21
8425,8316,15,15,0
8425,8317,50,27,23
8425,8325,36,15,21
8425,8326,33,14,19
8425,8327,35,16,19
8425,8335,73,20,53
8425,8336,30,0,30
8425,8337,0,0,0
8425,8415,2173,1175,998
8425,8416,148,39,109
8425,8417,70,27,43
8425,8421,26029,3823,22206
8425,8425,0,0,0
8425,8426,9271,3170,6101
8425,8435,153,42,111
8425,8436,702,142,560
8425,8437,286,144,142
8425,9161,17,0,17
8425,9162,474,48,426
8425,9163,13,0,13
8425,9171,0,0,0
8425,9172,0,0,0
8425,9173,0,0,0
8425,9174,0,0,0
8425,9175,15,0,15
8425,9176,10,0,10
8425,9177,0,0,0
8425,9178,49,0,49
8425,9179,57,21,36
8425,9180,0,0,0
8425,9181,16,0,16
8425,9182,0,0,0
8425,9183,0,0,0
8425,9184,118,0,118
8425,9185,0,0,0
8425,9186,25,0,25
8425,9187,22,0,22
8425,9188,16,0,16
8425,9189,0,0,0
8425,9190,0,0,0
8425,9261,0,0,0
8425,9262,0,0,0
8425,9263,0,0,0
8425,9271,0,0,0
8425,9272,0,0,0
8425,9273,0,0,0
8425,9274,0,0,0
8425,9275,0,0,0
8425,9276,0,0,0
8425,9277,0,0,0
8425,9278,0,0,0
8425,9279,0,0,0
8425,9361,0,0,0
8425,9362,12,0,12
8425,9363,0,0,0
8425,9371,0,0,0
8425,9372,0,0,0
8425,9373,15,0,15
8425,9374,0,0,0
8425,9375,0,0,0
8425,9376,0,0,0
8425,9377,0,0,0
8425,9461,0,0,0
8425,9462,0,0,0
8425,9463,0,0,0
8425,9464,0,0,0
8425,9471,0,0,0
8425,9472,0,0,0
8425,9473,0,0,0
8425,9474,0,0,0
8425,9475,0,0,0
8425,9476,0,0,0
8425,9477,0,0,0
8425,9478,0,0,0
8425,9479,0,0,0
8425,9561,0,0,0
8425,9562,0,0,0
8425,9563,0,0,0
8425,9564,68,19,49
8425,9565,0,0,0
8425,9571,11,11,0
8425,9572,0,0,0
8425,9573,0,0,0
8425,9574,28,0,28
8425,9575,10,0,10
8425,9576,17,0,17
8425,9577,0,0,0
8425,9661,0,0,0
8425,9662,0,0,0
8425,9663,12,0,12
8425,9671,0,0,0
8425,9672,0,0,0
8425,9673,0,0,0
8425,9674,0,0,0
8425,9675,0,0,0
8425,9676,0,0,0
8425,9677,40,0,40
8425,9678,27,0,27
8425,9679,0,0,0
8425,9761,208,35,173
8425,9762,52,0,52
8425,9763,50,12,38
8425,9764,226,39,187
8425,9771,34,17,17
8425,9772,120,71,49
8425,9773,290,164,126
8425,9774,1421,689,732
8425,9775,12232,4034,8198
8425,9776,82,14,68
8425,9777,42,11,31
8425,9778,308,191,117
8425,9779,87,18,69
8425,9780,81,44,37
8425,10041,22,0,22
8425,10042,0,0,0
8425,10043,0,0,0
8425,10044,0,0,0
8425,10045,0,0,0
8425,10046,0,0,0
8425,11000,242,131,111
8425,12051,0,0,0
8425,12052,0,0,0
8425,12053,0,0,0
8425,12054,0,0,0
8425,12060,0,0,0
8425,12061,0,0,0
8425,12062,16,16,0
8425,12063,0,0,0
8425,12064,15,0,15
8425,12065,0,0,0
8425,12066,14,14,0
8425,12067,0,0,0
8425,12068,0,0,0
8425,12069,0,0,0
8425,12070,0,0,0
8425,12071,0,0,0
8425,12072,0,0,0
8425,12073,0,0,0
8425,13003,0,0,0
8425,13004,0,0,0
8425,13071,0,0,0
8425,13072,0,0,0
8425,13073,0,0,0
8425,13074,0,0,0
8425,13075,0,0,0
8425,13076,0,0,0
8425,14511,0,0,0
8425,14521,0,0,0
8425,14522,11,11,0
8425,14523,0,0,0
8425,14524,0,0,0
8425,14612,27,17,10
8425,14625,0,0,0
8425,14626,10,10,0
8425,14627,11,11,0
8425,14628,0,0,0
8425,14713,32,18,14
8425,14729,10,10,0
8425,14730,33,33,0
8425,15001,0,0,0
8425,15002,0,0,0
8425,15003,0,0,0
8425,15081,0,0,0
8425,15082,0,0,0
8425,15083,0,0,0
8425,15084,12,12,0
8425,15085,0,0,0
8425,15086,0,0,0
8425,15087,0,0,0
8425,15088,15,15,0
8425,15089,0,0,0
8425,15090,0,0,0
8425,15091,0,0,0
8425,16051,0,0,0
8425,16052,0,0,0
8425,16053,0,0,0
8425,16054,0,0,0
8425,16055,0,0,0
8425,16056,0,0,0
8425,16061,0,0,0
8425,16062,0,0,0
8425,16063,0,0,0
8425,16064,0,0,0
8425,16065,0,0,0
8425,16066,0,0,0
8425,16067,0,0,0
8425,16068,0,0,0
8425,16069,0,0,0
8425,16070,0,0,0
8425,16071,0,0,0
8425,16072,0,0,0
8425,16073,0,0,0
8425,16074,0,0,0
8425,16075,0,0,0
8425,16076,0,0,0
8425,16077,0,0,0
8426,1001,0,0,0
8426,1002,0,0,0
8426,1003,0,0,0
8426,1004,0,0,0
8426,1051,0,0,0
8426,1053,0,0,0
8426,1054,0,0,0
8426,1055,0,0,0
8426,1056,12,12,0
8426,1057,0,0,0
8426,1058,0,0,0
8426,1059,0,0,0
8426,1060,13,13,0
8426,1061,0,0,0
8426,1062,0,0,0
8426,2000,199,119,80
8426,3101,0,0,0
8426,3102,0,0,0
8426,3103,0,0,0
8426,3151,0,0,0
8426,3153,0,0,0
8426,3154,0,0,0
8426,3155,0,0,0
8426,3157,0,0,0
8426,3158,0,0,0
8426,3159,0,0,0
8426,3241,30,14,16
8426,3251,0,0,0
8426,3252,0,0,0
8426,3254,0,0,0
8426,3255,0,0,0
8426,3256,0,0,0
8426,3257,0,0,0
8426,3351,0,0,0
8426,3352,0,0,0
8426,3353,20,20,0
8426,3354,0,0,0
8426,3355,0,0,0
8426,3356,0,0,0
8426,3357,0,0,0
8426,3358,0,0,0
8426,3359,23,23,0
8426,3360,0,0,0
8426,3361,0,0,0
8426,3401,0,0,0
8426,3402,0,0,0
8426,3403,0,0,0
8426,3404,0,0,0
8426,3405,0,0,0
8426,3451,0,0,0
8426,3452,0,0,0
8426,3453,0,0,0
8426,3454,0,0,0
8426,3455,0,0,0
8426,3456,0,0,0
8426,3457,0,0,0
8426,3458,0,0,0
8426,3459,15,15,0
8426,3460,0,0,0
8426,3461,0,0,0
8426,3462,0,0,0
8426,4011,11,0,11
8426,4012,0,0,0
8426,5111,46,12,34
8426,5112,13,0,13
8426,5113,0,0,0
8426,5114,0,0,0
8426,5116,0,0,0
8426,5117,0,0,0
8426,5119,0,0,0
8426,5120,0,0,0
8426,5122,0,0,0
8426,5124,0,0,0
8426,5154,0,0,0
8426,5158,12,0,12
8426,5162,11,0,11
8426,5166,10,0,10
8426,5170,10,0,10
8426,5314,10,0,10
8426,5315,65,30,35
8426,5316,0,0,0
8426,5334,18,0,18
8426,5358,0,0,0
8426,5362,0,0,0
8426,5366,0,0,0
8426,5370,0,0,0
8426,5374,43,0,43
8426,5378,0,0,0
8426,5382,12,0,12
8426,5512,0,0,0
8426,5513,0,0,0
8426,5515,13,0,13
8426,5554,10,10,0
8426,5558,0,0,0
8426,5562,10,10,0
8426,5566,27,15,12
8426,5570,0,0,0
8426,5711,0,0,0
8426,5754,10,10,0
8426,5758,14,14,0
8426,5762,0,0,0
8426,5766,0,0,0
8426,5770,0,0,0
8426,5774,0,0,0
8426,5911,0,0,0
8426,5913,11,0,11
8426,5914,0,0,0
8426,5915,0,0,0
8426,5916,0,0,0
8426,5954,0,0,0
8426,5958,0,0,0
8426,5962,0,0,0
8426,5966,0,0,0
8426,5970,0,0,0
8426,5974,18,18,0
8426,5978,0,0,0
8426,6411,11,0,11
8426,6412,105,12,93
8426,6413,0,0,0
8426,6414,32,11,21
8426,6431,12,0,12
8426,6432,16,0,16
8426,6433,10,0,10
8426,6434,25,0,25
8426,6435,27,10,17
8426,6436,17,0,17
8426,6437,0,0,0
8426,6438,28,0,28
8426,6439,0,0,0
8426,6440,32,10,22
8426,6531,0,0,0
8426,6532,0,0,0
8426,6533,0,0,0
8426,6534,0,0,0
8426,6535,0,0,0
8426,6611,0,0,0
8426,6631,34,20,14
8426,6632,0,0,0
8426,6633,0,0,0
8426,6634,0,0,0
8426,6635,0,0,0
8426,6636,0,0,0
8426,7111,0,0,0
8426,7131,0,0,0
8426,7132,0,0,0
8426,7133,23,10,13
8426,7134,0,0,0
8426,7135,0,0,0
8426,7137,0,0,0
8426,7138,0,0,0
8426,7140,0,0,0
8426,7141,0,0,0
8426,7143,0,0,0
8426,7211,0,0,0
8426,7231,0,0,0
8426,7232,0,0,0
8426,7233,0,0,0
8426,7235,0,0,0
8426,7311,0,0,0
8426,7312,0,0,0
8426,7313,0,0,0
8426,7314,11,0,11
8426,7315,18,18,0
8426,7316,0,0,0
8426,7317,0,0,0
8426,7318,0,0,0
8426,7319,18,18,0
8426,7320,0,0,0
8426,7331,26,0,26
8426,7332,0,0,0
8426,7333,0,0,0
8426,7334,10,10,0
8426,7335,0,0,0
8426,7336,0,0,0
8426,7337,0,0,0
8426,7338,0,0,0
8426,7339,356,33,323
8426,7340,0,0,0
8426,8111,802,95,707
8426,8115,126,47,79
8426,8116,281,117,164
8426,8117,216,143,73
8426,8118,124,48,76
8426,8119,128,49,79
8426,8121,31,15,16
8426,8125,71,31,40
8426,8126,17,0,17
8426,8127,44,18,26
8426,8128,10,10,0
8426,8135,203,119,84
8426,8136,194,71,123
8426,8211,0,0,0
8426,8212,70,33,37
8426,8215,69,25,44
8426,8216,18,0,18
8426,8221,23,11,12
8426,8222,38,15,23
8426,8225,0,0,0
8426,8226,72,27,45
8426,8231,14,14,0
8426,8235,20,20,0
8426,8236,32,12,20
8426,8237,34,17,17
8426,8311,48,19,29
8426,8315,36,19,17
8426,8316,23,13,10
8426,8317,57,31,26
8426,8325,60,36,24
8426,8326,54,20,34
8426,8327,66,31,35
8426,8335,150,89,61
8426,8336,33,11,22
8426,8337,10,10,0
8426,8415,1166,573,593
8426,8416,167,63,104
8426,8417,212,116,96
8426,8421,6481,1994,4487
8426,8425,9271,6101,3170
8426,8426,0,0,0
8426,8435,669,269,400
8426,8436,9230,3959,5271
8426,8437,4844,2540,2304
8426,9161,20,0,20
8426,9162,405,102,303
8426,9163,0,0,0
8426,9171,0,0,0
8426,9172,0,0,0
8426,9173,13,0,13
8426,9174,0,0,0
8426,9175,0,0,0
8426,9176,0,0,0
8426,9177,0,0,0
8426,9178,26,0,26
8426,9179,23,10,13
8426,9180,0,0,0
8426,9181,48,26,22
8426,9182,10,0,10
8426,9183,0,0,0
8426,9184,112,11,101
8426,9185,0,0,0
8426,9186,0,0,0
8426,9187,17,0,17
8426,9188,27,15,12
8426,9189,0,0,0
8426,9190,11,0,11
8426,9261,0,0,0
8426,9262,0,0,0
8426,9263,0,0,0
8426,9271,0,0,0
8426,9272,0,0,0
8426,9273,0,0,0
8426,9274,18,0,18
8426,9275,10,0,10
8426,9276,0,0,0
8426,9277,0,0,0
8426,9278,0,0,0
8426,9279,0,0,0
8426,9361,0,0,0
8426,9362,0,0,0
8426,9363,0,0,0
8426,9371,0,0,0
8426,9372,10,0,10
8426,9373,12,0,12
8426,9374,0,0,0
8426,9375,43,43,0
8426,9376,10,10,0
8426,9377,0,0,0
8426,9461,0,0,0
8426,9462,0,0,0
8426,9463,0,0,0
8426,9464,0,0,0
8426,9471,0,0,0
8426,9472,0,0,0
8426,9473,0,0,0
8426,9474,0,0,0
8426,9475,0,0,0
8426,9476,0,0,0
8426,9477,0,0,0
8426,9478,0,0,0
8426,9479,0,0,0
8426,9561,0,0,0
8426,9562,10,0,10
8426,9563,0,0,0
8426,9564,44,15,29
8426,9565,0,0,0
8426,9571,17,17,0
8426,9572,0,0,0
8426,9573,0,0,0
8426,9574,10,10,0
8426,9575,0,0,0
8426,9576,0,0,0
8426,9577,0,0,0
8426,9661,0,0,0
8426,9662,0,0,0
8426,9663,0,0,0
8426,9671,0,0,0
8426,9672,0,0,0
8426,9673,0,0,0
8426,9674,0,0,0
8426,9675,0,0,0
8426,9676,0,0,0
8426,9677,0,0,0
8426,9678,0,0,0
8426,9679,0,0,0
8426,9761,163,67,96
8426,9762,60,29,31
8426,9763,227,79,148
8426,9764,3207,807,2400
8426,9771,11,11,0
8426,9772,110,72,38
8426,9773,47,29,18
8426,9774,368,243,125
8426,9775,5139,2961,2178
8426,9776,121,62,59
8426,9777,125,78,47
8426,9778,2192,1248,944
8426,9779,47,19,28
8426,9780,279,166,113
8426,10041,42,0,42
8426,10042,0,0,0
8426,10043,0,0,0
8426,10044,0,0,0
8426,10045,0,0,0
8426,10046,0,0,0
8426,11000,150,59,91
8426,12051,0,0,0
8426,12052,17,17,0
8426,12053,0,0,0
8426,12054,0,0,0
8426,12060,0,0,0
8426,12061,0,0,0
8426,12062,0,0,0
8426,12063,0,0,0
8426,12064,0,0,0
8426,12065,0,0,0
8426,12066,0,0,0
8426,12067,0,0,0
8426,12068,0,0,0
8426,12069,10,10,0
8426,12070,0,0,0
8426,12071,14,14,0
8426,12072,0,0,0
8426,12073,0,0,0
8426,13003,0,0,0
8426,13004,0,0,0
8426,13071,0,0,0
8426,13072,10,10,0
8426,13073,0,0,0
8426,13074,0,0,0
8426,13075,0,0,0
8426,13076,0,0,0
8426,14511,10,10,0
8426,14521,11,11,0
8426,14522,0,0,0
8426,14523,11,11,0
8426,14524,0,0,0
8426,14612,16,16,0
8426,14625,0,0,0
8426,14626,24,24,0
8426,14627,0,0,0
8426,14628,10,10,0
8426,14713,33,22,11
8426,14729,14,14,0
8426,14730,0,0,0
8426,15001,0,0,0
8426,15002,0,0,0
8426,15003,0,0,0
8426,15081,0,0,0
8426,15082,0,0,0
8426,15083,23,23,0
8426,15084,0,0,0
8426,15085,0,0,0
8426,15086,0,0,0
8426,15087,0,0,0
8426,15088,0,0,0
8426,15089,10,10,0
8426,15090,0,0,0
8426,15091,0,0,0
8426,16051,0,0,0
8426,16052,0,0,0
8426,16053,0,0,0
8426,16054,0,0,0
8426,16055,0,0,0
8426,16056,0,0,0
8426,16061,0,0,0
8426,16062,0,0,0
8426,16063,0,0,0
8426,16064,0,0,0
8426,16065,0,0,0
8426,16066,0,0,0
8426,16067,0,0,0
8426,16068,0,0,0
8426,16069,0,0,0
8426,16070,10,10,0
8426,16071,0,0,0
8426,16072,0,0,0
8426,16073,0,0,0
8426,16074,0,0,0
8426,16075,13,0,13
8426,16076,0,0,0
8426,16077,0,0,0
8435,1001,0,0,0
8435,1002,0,0,0
8435,1003,0,0,0
8435,1004,0,0,0
8435,1051,0,0,0
8435,1053,0,0,0
8435,1054,0,0,0
8435,1055,0,0,0
8435,1056,0,0,0
8435,1057,0,0,0
8435,1058,0,0,0
8435,1059,0,0,0
8435,1060,0,0,0
8435,1061,0,0,0
8435,1062,0,0,0
8435,2000,169,73,96
8435,3101,42,0,42
8435,3102,0,0,0
8435,3103,0,0,0
8435,3151,0,0,0
8435,3153,0,0,0
8435,3154,0,0,0
8435,3155,0,0,0
8435,3157,0,0,0
8435,3158,0,0,0
8435,3159,11,11,0
8435,3241,65,29,36
8435,3251,0,0,0
8435,3252,0,0,0
8435,3254,11,11,0
8435,3255,0,0,0
8435,3256,0,0,0
8435,3257,0,0,0
8435,3351,0,0,0
8435,3352,0,0,0
8435,3353,11,11,0
8435,3354,0,0,0
8435,3355,0,0,0
8435,3356,0,0,0
8435,3357,0,0,0
8435,3358,10,10,0
8435,3359,15,15,0
8435,3360,0,0,0
8435,3361,0,0,0
8435,3401,0,0,0
8435,3402,0,0,0
8435,3403,0,0,0
8435,3404,62,0,62
8435,3405,0,0,0
8435,3451,0,0,0
8435,3452,0,0,0
8435,3453,0,0,0
8435,3454,0,0,0
8435,3455,0,0,0
8435,3456,0,0,0
8435,3457,0,0,0
8435,3458,0,0,0
8435,3459,0,0,0
8435,3460,0,0,0
8435,3461,0,0,0
8435,3462,0,0,0
8435,4011,62,30,32
8435,4012,0,0,0
8435,5111,70,17,53
8435,5112,0,0,0
8435,5113,36,0,36
8435,5114,0,0,0
8435,5116,0,0,0
8435,5117,0,0,0
8435,5119,0,0,0
8435,5120,0,0,0
8435,5122,0,0,0
8435,5124,0,0,0
8435,5154,0,0,0
8435,5158,13,0,13
8435,5162,14,0,14
8435,5166,0,0,0
8435,5170,0,0,0
8435,5314,27,0,27
8435,5315,77,19,58
8435,5316,0,0,0
8435,5334,35,24,11
8435,5358,0,0,0
8435,5362,0,0,0
8435,5366,10,10,0
8435,5370,0,0,0
8435,5374,112,12,100
8435,5378,0,0,0
8435,5382,39,27,12
8435,5512,0,0,0
8435,5513,0,0,0
8435,5515,0,0,0
8435,5554,0,0,0
8435,5558,0,0,0
8435,5562,20,20,0
8435,5566,14,14,0
8435,5570,0,0,0
8435,5711,27,17,10
8435,5754,20,0,20
8435,5758,28,0,28
8435,5762,0,0,0
8435,5766,14,14,0
8435,5770,0,0,0
8435,5774,0,0,0
8435,5911,13,13,0
8435,5913,80,44,36
8435,5914,0,0,0
8435,5915,0,0,0
8435,5916,0,0,0
8435,5954,13,13,0
8435,5958,0,0,0
8435,5962,14,14,0
8435,5966,0,0,0
8435,5970,0,0,0
8435,5974,0,0,0
8435,5978,22,22,0
8435,6411,32,13,19
8435,6412,196,38,158
8435,6413,0,0,0
8435,6414,14,0,14
8435,6431,14,14,0
8435,6432,10,10,0
8435,6433,12,0,12
8435,6434,54,10,44
8435,6435,23,23,0
8435,6436,37,10,27
8435,6437,0,0,0
8435,6438,45,20,25
8435,6439,0,0,0
8435,6440,12,0,12
8435,6531,0,0,0
8435,6532,12,0,12
8435,6533,0,0,0
8435,6534,0,0,0
8435,6535,0,0,0
8435,6611,0,0,0
8435,6631,13,0,13
8435,6632,0,0,0
8435,6633,0,0,0
8435,6634,10,10,0
8435,6635,0,0,0
8435,6636,0,0,0
8435,7111,0,0,0
8435,7131,0,0,0
8435,7132,0,0,0
8435,7133,0,0,0
8435,7134,0,0,0
8435,7135,0,0,0
8435,7137,0,0,0
8435,7138,0,0,0
8435,7140,0,0,0
8435,7141,0,0,0
8435,7143,12,12,0
8435,7211,0,0,0
8435,7231,0,0,0
8435,7232,0,0,0
8435,7233,0,0,0
8435,7235,0,0,0
8435,7311,0,0,0
8435,7312,0,0,0
8435,7313,10,0,10
8435,7314,11,0,11
8435,7315,36,0,36
8435,7316,0,0,0
8435,7317,0,0,0
8435,7318,0,0,0
8435,7319,0,0,0
8435,7320,0,0,0
8435,7331,10,0,10
8435,7332,0,0,0
8435,7333,0,0,0
8435,7334,0,0,0
8435,7335,0,0,0
8435,7336,0,0,0
8435,7337,0,0,0
8435,7338,11,11,0
8435,7339,0,0,0
8435,7340,0,0,0
8435,8111,705,156,549
8435,8115,174,59,115
8435,8116,249,114,135
8435,8117,85,49,36
8435,8118,194,95,99
8435,8119,165,46,119
8435,8121,15,0,15
8435,8125,84,32,52
8435,8126,23,0,23
8435,8127,38,23,15
8435,8128,11,0,11
8435,8135,55,21,34
8435,8136,134,66,68
8435,8211,10,0,10
8435,8212,115,52,63
8435,8215,77,46,31
8435,8216,31,12,19
8435,8221,26,11,15
8435,8222,42,19,23
8435,8225,0,0,0
8435,8226,86,36,50
8435,8231,88,74,14
8435,8235,80,60,20
8435,8236,106,65,41
8435,8237,56,29,27
8435,8311,191,46,145
8435,8315,126,69,57
8435,8316,54,36,18
8435,8317,80,42,38
8435,8325,85,36,49
8435,8326,327,189,138
8435,8327,440,168,272
8435,8335,6186,3179,3007
8435,8336,64,35,29
8435,8337,81,39,42
8435,8415,164,57,107
8435,8416,93,41,52
8435,8417,158,81,77
8435,8421,339,73,266
8435,8425,153,111,42
8435,8426,669,400,269
8435,8435,0,0,0
8435,8436,19507,10727,8780
8435,8437,3883,2689,1194
8435,9161,70,11,59
8435,9162,584,196,388
8435,9163,0,0,0
8435,9171,0,0,0
8435,9172,0,0,0
8435,9173,10,10,0
8435,9174,25,25,0
8435,9175,20,0,20
8435,9176,0,0,0
8435,9177,14,0,14
8435,9178,64,24,40
8435,9179,48,48,0
8435,9180,12,12,0
8435,9181,39,18,21
8435,9182,0,0,0
8435,9183,0,0,0
8435,9184,229,51,178
8435,9185,25,0,25
8435,9186,33,12,21
8435,9187,39,22,17
8435,9188,62,25,37
8435,9189,0,0,0
8435,9190,0,0,0
8435,9261,0,0,0
8435,9262,13,13,0
8435,9263,0,0,0
8435,9271,11,11,0
8435,9272,0,0,0
8435,9273,0,0,0
8435,9274,0,0,0
8435,9275,29,29,0
8435,9276,0,0,0
8435,9277,0,0,0
8435,9278,0,0,0
8435,9279,0,0,0
8435,9361,0,0,0
8435,9362,12,0,12
8435,9363,0,0,0
8435,9371,0,0,0
8435,9372,0,0,0
8435,9373,0,0,0
8435,9374,0,0,0
8435,9375,0,0,0
8435,9376,0,0,0
8435,9377,0,0,0
8435,9461,0,0,0
8435,9462,0,0,0
8435,9463,0,0,0
8435,9464,0,0,0
8435,9471,0,0,0
8435,9472,0,0,0
8435,9473,0,0,0
8435,9474,0,0,0
8435,9475,0,0,0
8435,9476,0,0,0
8435,9477,0,0,0
8435,9478,0,0,0
8435,9479,0,0,0
8435,9561,0,0,0
8435,9562,25,13,12
8435,9563,0,0,0
8435,9564,86,36,50
8435,9565,0,0,0
8435,9571,0,0,0
8435,9572,11,11,0
8435,9573,0,0,0
8435,9574,11,11,0
8435,9575,0,0,0
8435,9576,0,0,0
8435,9577,0,0,0
8435,9661,0,0,0
8435,9662,19,0,19
8435,9663,14,0,14
8435,9671,0,0,0
8435,9672,12,12,0
8435,9673,0,0,0
8435,9674,0,0,0
8435,9675,0,0,0
8435,9676,16,16,0
8435,9677,0,0,0
8435,9678,23,23,0
8435,9679,10,0,10
8435,9761,102,39,63
8435,9762,0,0,0
8435,9763,69,24,45
8435,9764,46,18,28
8435,9771,17,17,0
8435,9772,52,23,29
8435,9773,0,0,0
8435,9774,33,18,15
8435,9775,146,61,85
8435,9776,4551,2341,2210
8435,9777,35,22,13
8435,9778,65,46,19
8435,9779,21,0,21
8435,9780,154,95,59
8435,10041,72,25,47
8435,10042,0,0,0
8435,10043,0,0,0
8435,10044,0,0,0
8435,10045,10,10,0
8435,10046,0,0,0
8435,11000,324,124,200
8435,12051,0,0,0
8435,12052,0,0,0
8435,12053,0,0,0
8435,12054,30,30,0
8435,12060,0,0,0
8435,12061,0,0,0
8435,12062,0,0,0
8435,12063,0,0,0
8435,12064,0,0,0
8435,12065,0,0,0
8435,12066,0,0,0
8435,12067,0,0,0
8435,12068,0,0,0
8435,12069,16,16,0
8435,12070,0,0,0
8435,12071,0,0,0
8435,12072,10,0,10
8435,12073,0,0,0
8435,13003,0,0,0
8435,13004,54,54,0
8435,13071,0,0,0
8435,13072,0,0,0
8435,13073,0,0,0
8435,13074,0,0,0
8435,13075,0,0,0
8435,13076,33,33,0
8435,14511,0,0,0
8435,14521,0,0,0
8435,14522,12,12,0
8435,14523,0,0,0
8435,14524,0,0,0
8435,14612,41,25,16
8435,14625,14,14,0
8435,14626,0,0,0
8435,14627,0,0,0
8435,14628,0,0,0
8435,14713,36,21,15
8435,14729,13,13,0
8435,14730,0,0,0
8435,15001,0,0,0
8435,15002,0,0,0
8435,15003,123,123,0
8435,15081,0,0,0
8435,15082,0,0,0
8435,15083,26,26,0
8435,15084,0,0,0
8435,15085,0,0,0
8435,15086,12,12,0
8435,15087,0,0,0
8435,15088,0,0,0
8435,15089,29,29,0
8435,15090,0,0,0
8435,15091,0,0,0
8435,16051,0,0,0
8435,16052,0,0,0
8435,16053,0,0,0
8435,16054,0,0,0
8435,16055,0,0,0
8435,16056,0,0,0
8435,16061,0,0,0
8435,16062,0,0,0
8435,16063,0,0,0
8435,16064,0,0,0
8435,16065,0,0,0
8435,16066,0,0,0
8435,16067,0,0,0
8435,16068,0,0,0
8435,16069,0,0,0
8435,16070,0,0,0
8435,16071,0,0,0
8435,16072,0,0,0
8435,16073,0,0,0
8435,16074,0,0,0
8435,16075,0,0,0
8435,16076,0,0,0
8435,16077,0,0,0
8436,1001,0,0,0
8436,1002,0,0,0
8436,1003,0,0,0
8436,1004,0,0,0
8436,1051,0,0,0
8436,1053,0,0,0
8436,1054,0,0,0
8436,1055,0,0,0
8436,1056,12,0,12
8436,1057,0,0,0
8436,1058,14,0,14
8436,1059,0,0,0
8436,1060,0,0,0
8436,1061,0,0,0
8436,1062,0,0,0
8436,2000,173,52,121
8436,3101,0,0,0
8436,3102,0,0,0
8436,3103,0,0,0
8436,3151,0,0,0
8436,3153,0,0,0
8436,3154,0,0,0
8436,3155,0,0,0
8436,3157,0,0,0
8436,3158,0,0,0
8436,3159,12,12,0
8436,3241,78,43,35
8436,3251,13,13,0
8436,3252,10,10,0
8436,3254,0,0,0
8436,3255,0,0,0
8436,3256,60,60,0
8436,3257,0,0,0
8436,3351,15,15,0
8436,3352,0,0,0
8436,3353,0,0,0
8436,3354,0,0,0
8436,3355,0,0,0
8436,3356,0,0,0
8436,3357,0,0,0
8436,3358,11,11,0
8436,3359,0,0,0
8436,3360,0,0,0
8436,3361,0,0,0
8436,3401,0,0,0
8436,3402,0,0,0
8436,3403,0,0,0
8436,3404,13,0,13
8436,3405,0,0,0
8436,3451,0,0,0
8436,3452,0,0,0
8436,3453,0,0,0
8436,3454,11,11,0
8436,3455,0,0,0
8436,3456,0,0,0
8436,3457,0,0,0
8436,3458,0,0,0
8436,3459,32,19,13
8436,3460,0,0,0
8436,3461,0,0,0
8436,3462,0,0,0
8436,4011,40,14,26
8436,4012,0,0,0
8436,5111,88,29,59
8436,5112,12,12,0
8436,5113,44,17,27
8436,5114,0,0,0
8436,5116,16,16,0
8436,5117,0,0,0
8436,5119,0,0,0
8436,5120,0,0,0
8436,5122,0,0,0
8436,5124,0,0,0
8436,5154,0,0,0
8436,5158,31,17,14
8436,5162,39,21,18
8436,5166,25,15,10
8436,5170,15,15,0
8436,5314,27,0,27
8436,5315,90,30,60
8436,5316,0,0,0
8436,5334,43,30,13
8436,5358,0,0,0
8436,5362,15,15,0
8436,5366,0,0,0
8436,5370,20,10,10
8436,5374,53,0,53
8436,5378,0,0,0
8436,5382,24,13,11
8436,5512,0,0,0
8436,5513,0,0,0
8436,5515,0,0,0
8436,5554,70,0,70
8436,5558,0,0,0
8436,5562,18,18,0
8436,5566,17,0,17
8436,5570,0,0,0
8436,5711,0,0,0
8436,5754,41,10,31
8436,5758,0,0,0
8436,5762,0,0,0
8436,5766,12,12,0
8436,5770,0,0,0
8436,5774,12,12,0
8436,5911,12,12,0
8436,5913,26,14,12
8436,5914,0,0,0
8436,5915,0,0,0
8436,5916,0,0,0
8436,5954,0,0,0
8436,5958,0,0,0
8436,5962,0,0,0
8436,5966,10,10,0
8436,5970,0,0,0
8436,5974,0,0,0
8436,5978,14,0,14
8436,6411,29,14,15
8436,6412,145,45,100
8436,6413,0,0,0
8436,6414,34,13,21
8436,6431,27,16,11
8436,6432,36,24,12
8436,6433,55,55,0
8436,6434,68,0,68
8436,6435,35,18,17
8436,6436,48,14,34
8436,6437,0,0,0
8436,6438,51,17,34
8436,6439,0,0,0
8436,6440,33,15,18
8436,6531,0,0,0
8436,6532,10,0,10
8436,6533,0,0,0
8436,6534,0,0,0
8436,6535,0,0,0
8436,6611,0,0,0
8436,6631,18,0,18
8436,6632,12,12,0
8436,6633,0,0,0
8436,6634,0,0,0
8436,6635,0,0,0
8436,6636,0,0,0
8436,7111,10,0,10
8436,7131,0,0,0
8436,7132,0,0,0
8436,7133,13,13,0
8436,7134,0,0,0
8436,7135,0,0,0
8436,7137,10,10,0
8436,7138,10,0,10
8436,7140,0,0,0
8436,7141,0,0,0
8436,7143,12,12,0
8436,7211,0,0,0
8436,7231,0,0,0
8436,7232,0,0,0
8436,7233,0,0,0
8436,7235,0,0,0
8436,7311,0,0,0
8436,7312,0,0,0
8436,7313,0,0,0
8436,7314,12,0,12
8436,7315,13,0,13
8436,7316,0,0,0
8436,7317,0,0,0
8436,7318,0,0,0
8436,7319,13,13,0
8436,7320,0,0,0
8436,7331,0,0,0
8436,7332,0,0,0
8436,7333,0,0,0
8436,7334,0,0,0
8436,7335,0,0,0
8436,7336,0,0,0
8436,7337,0,0,0
8436,7338,0,0,0
8436,7339,40,0,40
8436,7340,0,0,0
8436,8111,976,124,852
8436,8115,149,61,88
8436,8116,249,100,149
8436,8117,158,78,80
8436,8118,202,62,140
8436,8119,153,66,87
8436,8121,27,13,14
8436,8125,76,42,34
8436,8126,51,12,39
8436,8127,60,35,25
8436,8128,11,0,11
8436,8135,184,40,144
8436,8136,178,52,126
8436,8211,0,0,0
8436,8212,71,27,44
8436,8215,55,28,27
8436,8216,29,17,12
8436,8221,22,0,22
8436,8222,49,12,37
8436,8225,20,20,0
8436,8226,84,33,51
8436,8231,27,17,10
8436,8235,36,20,16
8436,8236,73,18,55
8436,8237,45,20,25
8436,8311,98,36,62
8436,8315,73,43,30
8436,8316,35,15,20
8436,8317,88,50,38
8436,8325,177,32,145
8436,8326,188,106,82
8436,8327,166,84,82
8436,8335,891,448,443
8436,8336,73,21,52
8436,8337,52,25,27
8436,8415,393,135,258
8436,8416,187,79,108
8436,8417,167,99,68
8436,8421,834,254,580
8436,8425,702,560,142
8436,8426,9230,5271,3959
8436,8435,19507,8780,10727
8436,8436,0,0,0
8436,8437,5560,3584,1976
8436,9161,49,0,49
8436,9162,712,253,459
8436,9163,0,0,0
8436,9171,0,0,0
8436,9172,0,0,0
8436,9173,13,13,0
8436,9174,27,12,15
8436,9175,10,0,10
8436,9176,0,0,0
8436,9177,23,13,10
8436,9178,73,23,50
8436,9179,54,25,29
8436,9180,0,0,0
8436,9181,52,29,23
8436,9182,0,0,0
8436,9183,0,0,0
8436,9184,218,39,179
8436,9185,44,30,14
8436,9186,17,0,17
8436,9187,35,24,11
8436,9188,35,13,22
8436,9189,13,0,13
8436,9190,39,22,17
8436,9261,0,0,0
8436,9262,0,0,0
8436,9263,0,0,0
8436,9271,0,0,0
8436,9272,0,0,0
8436,9273,0,0,0
8436,9274,13,0,13
8436,9275,0,0,0
8436,9276,0,0,0
8436,9277,0,0,0
8436,9278,0,0,0
8436,9279,0,0,0
8436,9361,0,0,0
8436,9362,22,0,22
8436,9363,0,0,0
8436,9371,0,0,0
8436,9372,0,0,0
8436,9373,0,0,0
8436,9374,0,0,0
8436,9375,14,14,0
8436,9376,0,0,0
8436,9377,0,0,0
8436,9461,0,0,0
8436,9462,0,0,0
8436,9463,0,0,0
8436,9464,0,0,0
8436,9471,11,11,0
8436,9472,0,0,0
8436,9473,0,0,0
8436,9474,0,0,0
8436,9475,0,0,0
8436,9476,0,0,0
8436,9477,0,0,0
8436,9478,0,0,0
8436,9479,0,0,0
8436,9561,0,0,0
8436,9562,17,0,17
8436,9563,0,0,0
8436,9564,84,24,60
8436,9565,0,0,0
8436,9571,31,21,10
8436,9572,0,0,0
8436,9573,0,0,0
8436,9574,10,10,0
8436,9575,0,0,0
8436,9576,11,11,0
8436,9577,0,0,0
8436,9661,0,0,0
8436,9662,0,0,0
8436,9663,11,0,11
8436,9671,0,0,0
8436,9672,0,0,0
8436,9673,0,0,0
8436,9674,0,0,0
8436,9675,0,0,0
8436,9676,0,0,0
8436,9677,0,0,0
8436,9678,0,0,0
8436,9679,38,38,0
8436,9761,170,48,122
8436,9762,67,31,36
8436,9763,1274,548,726
8436,9764,1874,553,1321
8436,9771,14,0,14
8436,9772,84,48,36
8436,9773,46,30,16
8436,9774,107,61,46
8436,9775,561,316,245
8436,9776,8161,3944,4217
8436,9777,178,104,74
8436,9778,1515,785,730
8436,9779,31,11,20
8436,9780,2541,1831,710
8436,10041,40,19,21
8436,10042,0,0,0
8436,10043,0,0,0
8436,10044,0,0,0
8436,10045,0,0,0
8436,10046,0,0,0
8436,11000,273,89,184
8436,12051,0,0,0
8436,12052,0,0,0
8436,12053,0,0,0
8436,12054,11,11,0
8436,12060,0,0,0
8436,12061,0,0,0
8436,12062,0,0,0
8436,12063,0,0,0
8436,12064,0,0,0
8436,12065,0,0,0
8436,12066,0,0,0
8436,12067,0,0,0
8436,12068,0,0,0
8436,12069,0,0,0
8436,12070,0,0,0
8436,12071,0,0,0
8436,12072,0,0,0
8436,12073,0,0,0
8436,13003,0,0,0
8436,13004,0,0,0
8436,13071,0,0,0
8436,13072,0,0,0
8436,13073,0,0,0
8436,13074,0,0,0
8436,13075,0,0,0
8436,13076,14,14,0
8436,14511,15,15,0
8436,14521,18,18,0
8436,14522,15,15,0
8436,14523,14,14,0
8436,14524,0,0,0
8436,14612,41,25,16
8436,14625,0,0,0
8436,14626,13,13,0
8436,14627,0,0,0
8436,14628,14,14,0
8436,14713,38,16,22
8436,14729,20,20,0
8436,14730,0,0,0
8436,15001,0,0,0
8436,15002,0,0,0
8436,15003,0,0,0
8436,15081,0,0,0
8436,15082,0,0,0
8436,15083,0,0,0
8436,15084,0,0,0
8436,15085,0,0,0
8436,15086,0,0,0
8436,15087,13,13,0
8436,15088,0,0,0
8436,15089,0,0,0
8436,15090,0,0,0
8436,15091,0,0,0
8436,16051,32,22,10
8436,16052,0,0,0
8436,16053,11,11,0
8436,16054,0,0,0
8436,16055,0,0,0
8436,16056,0,0,0
8436,16061,0,0,0
8436,16062,0,0,0
8436,16063,0,0,0
8436,16064,0,0,0
8436,16065,0,0,0
8436,16066,10,10,0
8436,16067,0,0,0
8436,16068,0,0,0
8436,16069,0,0,0
8436,16070,0,0,0
8436,16071,0,0,0
8436,16072,0,0,0
8436,16073,23,23,0
8436,16074,0,0,0
8436,16075,0,0,0
8436,16076,0,0,0
8436,16077,40,40,0
8437,1001,0,0,0
8437,1002,0,0,0
8437,1003,0,0,0
8437,1004,17,0,17
8437,1051,0,0,0
8437,1053,0,0,0
8437,1054,0,0,0
8437,1055,0,0,0
8437,1056,11,11,0
8437,1057,0,0,0
8437,1058,0,0,0
8437,1059,0,0,0
8437,1060,0,0,0
8437,1061,0,0,0
8437,1062,0,0,0
8437,2000,55,11,44
8437,3101,0,0,0
8437,3102,0,0,0
8437,3103,0,0,0
8437,3151,0,0,0
8437,3153,0,0,0
8437,3154,0,0,0
8437,3155,0,0,0
8437,3157,0,0,0
8437,3158,0,0,0
8437,3159,0,0,0
8437,3241,19,19,0
8437,3251,0,0,0
8437,3252,0,0,0
8437,3254,0,0,0
8437,3255,0,0,0
8437,3256,0,0,0
8437,3257,0,0,0
8437,3351,0,0,0
8437,3352,0,0,0
8437,3353,0,0,0
8437,3354,0,0,0
8437,3355,0,0,0
8437,3356,0,0,0
8437,3357,0,0,0
8437,3358,0,0,0
8437,3359,0,0,0
8437,3360,0,0,0
8437,3361,0,0,0
8437,3401,0,0,0
8437,3402,0,0,0
8437,3403,0,0,0
8437,3404,21,0,21
8437,3405,0,0,0
8437,3451,0,0,0
8437,3452,0,0,0
8437,3453,0,0,0
8437,3454,0,0,0
8437,3455,0,0,0
8437,3456,0,0,0
8437,3457,0,0,0
8437,3458,0,0,0
8437,3459,11,0,11
8437,3460,0,0,0
8437,3461,0,0,0
8437,3462,0,0,0
8437,4011,0,0,0
8437,4012,0,0,0
8437,5111,35,13,22
8437,5112,0,0,0
8437,5113,12,0,12
8437,5114,0,0,0
8437,5116,0,0,0
8437,5117,0,0,0
8437,5119,0,0,0
8437,5120,0,0,0
8437,5122,0,0,0
8437,5124,0,0,0
8437,5154,0,0,0
8437,5158,12,0,12
8437,5162,0,0,0
8437,5166,0,0,0
8437,5170,0,0,0
8437,5314,10,0,10
8437,5315,67,22,45
8437,5316,0,0,0
8437,5334,0,0,0
8437,5358,0,0,0
8437,5362,0,0,0
8437,5366,0,0,0
8437,5370,0,0,0
8437,5374,0,0,0
8437,5378,0,0,0
8437,5382,0,0,0
8437,5512,0,0,0
8437,5513,0,0,0
8437,5515,0,0,0
8437,5554,0,0,0
8437,5558,0,0,0
8437,5562,0,0,0
8437,5566,0,0,0
8437,5570,0,0,0
8437,5711,0,0,0
8437,5754,27,0,27
8437,5758,0,0,0
8437,5762,0,0,0
8437,5766,0,0,0
8437,5770,0,0,0
8437,5774,11,11,0
8437,5911,0,0,0
8437,5913,0,0,0
8437,5914,0,0,0
8437,5915,0,0,0
8437,5916,0,0,0
8437,5954,0,0,0
8437,5958,0,0,0
8437,5962,0,0,0
8437,5966,0,0,0
8437,5970,0,0,0
8437,5974,0,0,0
8437,5978,0,0,0
8437,6411,0,0,0
8437,6412,63,11,52
8437,6413,0,0,0
8437,6414,0,0,0
8437,6431,0,0,0
8437,6432,0,0,0
8437,6433,10,10,0
8437,6434,0,0,0
8437,6435,12,12,0
8437,6436,0,0,0
8437,6437,0,0,0
8437,6438,22,10,12
8437,6439,0,0,0
8437,6440,0,0,0
8437,6531,0,0,0
8437,6532,0,0,0
8437,6533,0,0,0
8437,6534,0,0,0
8437,6535,0,0,0
8437,6611,0,0,0
8437,6631,0,0,0
8437,6632,0,0,0
8437,6633,0,0,0
8437,6634,0,0,0
8437,6635,0,0,0
8437,6636,0,0,0
8437,7111,0,0,0
8437,7131,0,0,0
8437,7132,0,0,0
8437,7133,0,0,0
8437,7134,0,0,0
8437,7135,0,0,0
8437,7137,0,0,0
8437,7138,0,0,0
8437,7140,0,0,0
8437,7141,0,0,0
8437,7143,0,0,0
8437,7211,0,0,0
8437,7231,0,0,0
8437,7232,0,0,0
8437,7233,0,0,0
8437,7235,0,0,0
8437,7311,0,0,0
8437,7312,0,0,0
8437,7313,0,0,0
8437,7314,0,0,0
8437,7315,0,0,0
8437,7316,0,0,0
8437,7317,0,0,0
8437,7318,0,0,0
8437,7319,0,0,0
8437,7320,0,0,0
8437,7331,0,0,0
8437,7332,0,0,0
8437,7333,0,0,0
8437,7334,0,0,0
8437,7335,0,0,0
8437,7336,0,0,0
8437,7337,0,0,0
8437,7338,0,0,0
8437,7339,47,10,37
8437,7340,0,0,0
8437,8111,446,54,392
8437,8115,172,28,144
8437,8116,175,64,111
8437,8117,101,28,73
8437,8118,103,31,72
8437,8119,83,24,59
8437,8121,17,0,17
8437,8125,45,15,30
8437,8126,22,0,22
8437,8127,32,19,13
8437,8128,0,0,0
8437,8135,30,18,12
8437,8136,81,25,56
8437,8211,0,0,0
8437,8212,47,0,47
8437,8215,37,11,26
8437,8216,0,0,0
8437,8221,13,0,13
8437,8222,22,0,22
8437,8225,0,0,0
8437,8226,24,0,24
8437,8231,14,14,0
8437,8235,28,12,16
8437,8236,13,0,13
8437,8237,48,25,23
8437,8311,174,29,145
8437,8315,66,29,37
8437,8316,18,0,18
8437,8317,63,24,39
8437,8325,139,67,72
8437,8326,231,97,134
8437,8327,2086,435,1651
8437,8335,2219,758,1461
8437,8336,41,19,22
8437,8337,36,23,13
8437,8415,1801,901,900
8437,8416,345,157,188
8437,8417,5086,2518,2568
8437,8421,187,32,155
8437,8425,286,142,144
8437,8426,4844,2304,2540
8437,8435,3883,1194,2689
8437,8436,5560,1976,3584
8437,8437,0,0,0
8437,9161,0,0,0
8437,9162,109,26,83
8437,9163,0,0,0
8437,9171,0,0,0
8437,9172,0,0,0
8437,9173,10,0,10
8437,9174,0,0,0
8437,9175,0,0,0
8437,9176,0,0,0
8437,9177,0,0,0
8437,9178,0,0,0
8437,9179,0,0,0
8437,9180,0,0,0
8437,9181,13,0,13
8437,9182,0,0,0
8437,9183,0,0,0
8437,9184,39,0,39
8437,9185,0,0,0
8437,9186,0,0,0
8437,9187,11,11,0
8437,9188,18,0,18
8437,9189,0,0,0
8437,9190,0,0,0
8437,9261,0,0,0
8437,9262,0,0,0
8437,9263,0,0,0
8437,9271,0,0,0
8437,9272,0,0,0
8437,9273,0,0,0
8437,9274,0,0,0
8437,9275,0,0,0
8437,9276,0,0,0
8437,9277,0,0,0
8437,9278,0,0,0
8437,9279,0,0,0
8437,9361,0,0,0
8437,9362,0,0,0
8437,9363,0,0,0
8437,9371,0,0,0
8437,9372,19,0,19
8437,9373,0,0,0
8437,9374,0,0,0
8437,9375,0,0,0
8437,9376,0,0,0
8437,9377,0,0,0
8437,9461,0,0,0
8437,9462,0,0,0
8437,9463,0,0,0
8437,9464,0,0,0
8437,9471,0,0,0
8437,9472,0,0,0
8437,9473,0,0,0
8437,9474,0,0,0
8437,9475,0,0,0
8437,9476,0,0,0
8437,9477,0,0,0
8437,9478,0,0,0
8437,9479,0,0,0
8437,9561,0,0,0
8437,9562,0,0,0
8437,9563,0,0,0
8437,9564,25,0,25
8437,9565,0,0,0
8437,9571,10,10,0
8437,9572,0,0,0
8437,9573,0,0,0
8437,9574,0,0,0
8437,9575,0,0,0
8437,9576,0,0,0
8437,9577,0,0,0
8437,9661,0,0,0
8437,9662,0,0,0
8437,9663,0,0,0
8437,9671,0,0,0
8437,9672,0,0,0
8437,9673,0,0,0
8437,9674,0,0,0
8437,9675,0,0,0
8437,9676,0,0,0
8437,9677,0,0,0
8437,9678,0,0,0
8437,9679,0,0,0
8437,9761,22,11,11
8437,9762,0,0,0
8437,9763,10,0,10
8437,9764,17,0,17
8437,9771,0,0,0
8437,9772,12,12,0
8437,9773,0,0,0
8437,9774,24,11,13
8437,9775,87,25,62
8437,9776,79,25,54
8437,9777,0,0,0
8437,9778,23,13,10
8437,9779,0,0,0
8437,9780,30,30,0
8437,10041,0,0,0
8437,10042,0,0,0
8437,10043,0,0,0
8437,10044,0,0,0
8437,10045,0,0,0
8437,10046,0,0,0
8437,11000,125,20,105
8437,12051,0,0,0
8437,12052,0,0,0
8437,12053,0,0,0
8437,12054,0,0,0
8437,12060,0,0,0
8437,12061,0,0,0
8437,12062,0,0,0
8437,12063,0,0,0
8437,12064,0,0,0
8437,12065,0,0,0
8437,12066,0,0,0
8437,12067,0,0,0
8437,12068,0,0,0
8437,12069,0,0,0
8437,12070,0,0,0
8437,12071,0,0,0
8437,12072,0,0,0
8437,12073,0,0,0
8437,13003,0,0,0
8437,13004,0,0,0
8437,13071,0,0,0
8437,13072,0,0,0
8437,13073,0,0,0
8437,13074,0,0,0
8437,13075,0,0,0
8437,13076,0,0,0
8437,14511,0,0,0
8437,14521,0,0,0
8437,14522,0,0,0
8437,14523,0,0,0
8437,14524,0,0,0
8437,14612,0,0,0
8437,14625,0,0,0
8437,14626,0,0,0
8437,14627,0,0,0
8437,14628,0,0,0
8437,14713,14,14,0
8437,14729,0,0,0
8437,14730,0,0,0
8437,15001,0,0,0
8437,15002,0,0,0
8437,15003,0,0,0
8437,15081,0,0,0
8437,15082,0,0,0
8437,15083,0,0,0
8437,15084,0,0,0
8437,15085,0,0,0
8437,15086,0,0,0
8437,15087,0,0,0
8437,15088,0,0,0
8437,15089,0,0,0
8437,15090,0,0,0
8437,15091,0,0,0
8437,16051,0,0,0
8437,16052,0,0,0
8437,16053,0,0,0
8437,16054,0,0,0
8437,16055,0,0,0
8437,16056,0,0,0
8437,16061,0,0,0
8437,16062,0,0,0
8437,16063,0,0,0
8437,16064,0,0,0
8437,16065,0,0,0
8437,16066,0,0,0
8437,16067,0,0,0
8437,16068,0,0,0
8437,16069,0,0,0
8437,16070,0,0,0
8437,16071,0,0,0
8437,16072,0,0,0
8437,16073,0,0,0
8437,16074,0,0,0
8437,16075,0,0,0
8437,16076,0,0,0
8437,16077,0,0,0
9161,1001,0,0,0
9161,1002,21,21,0
9161,1003,0,0,0
9161,1004,11,0,11
9161,1051,0,0,0
9161,1053,0,0,0
9161,1054,0,0,0
9161,1055,0,0,0
9161,1056,15,15,0
9161,1057,0,0,0
9161,1058,14,14,0
9161,1059,0,0,0
9161,1060,16,16,0
9161,1061,0,0,0
9161,1062,0,0,0
9161,2000,177,76,101
9161,3101,111,89,22
9161,3102,10,10,0
9161,3103,144,74,70
9161,3151,29,29,0
9161,3153,0,0,0
9161,3154,29,11,18
9161,3155,0,0,0
9161,3157,0,0,0
9161,3158,0,0,0
9161,3159,0,0,0
9161,3241,60,42,18
9161,3251,0,0,0
9161,3252,0,0,0
9161,3254,0,0,0
9161,3255,0,0,0
9161,3256,0,0,0
9161,3257,0,0,0
9161,3351,0,0,0
9161,3352,0,0,0
9161,3353,10,10,0
9161,3354,0,0,0
9161,3355,14,14,0
9161,3356,0,0,0
9161,3357,0,0,0
9161,3358,0,0,0
9161,3359,0,0,0
9161,3360,0,0,0
9161,3361,0,0,0
9161,3401,0,0,0
9161,3402,17,17,0
9161,3403,0,0,0
9161,3404,0,0,0
9161,3405,0,0,0
9161,3451,0,0,0
9161,3452,0,0,0
9161,3453,0,0,0
9161,3454,12,0,12
9161,3455,0,0,0
9161,3456,0,0,0
9161,3457,0,0,0
9161,3458,0,0,0
9161,3459,0,0,0
9161,3460,0,0,0
9161,3461,0,0,0
9161,3462,0,0,0
9161,4011,29,29,0
9161,4012,0,0,0
9161,5111,119,34,85
9161,5112,10,10,0
9161,5113,19,0,19
9161,5114,0,0,0
9161,5116,0,0,0
9161,5117,0,0,0
9161,5119,0,0,0
9161,5120,0,0,0
9161,5122,0,0,0
9161,5124,0,0,0
9161,5154,11,11,0
9161,5158,30,12,18
9161,5162,35,12,23
9161,5166,0,0,0
9161,5170,16,16,0
9161,5314,16,0,16
9161,5315,110,44,66
9161,5316,0,0,0
9161,5334,103,64,39
9161,5358,0,0,0
9161,5362,21,21,0
9161,5366,0,0,0
9161,5370,12,12,0
9161,5374,29,0,29
9161,5378,12,12,0
9161,5382,29,29,0
9161,5512,0,0,0
9161,5513,0,0,0
9161,5515,11,11,0
9161,5554,0,0,0
9161,5558,0,0,0
9161,5562,33,20,13
9161,5566,19,19,0
9161,5570,0,0,0
9161,5711,11,11,0
9161,5754,14,0,14
9161,5758,0,0,0
9161,5762,0,0,0
9161,5766,0,0,0
9161,5770,0,0,0
9161,5774,16,16,0
9161,5911,12,12,0
9161,5913,34,34,0
9161,5914,0,0,0
9161,5915,0,0,0
9161,5916,0,0,0
9161,5954,12,12,0
9161,5958,0,0,0
9161,5962,10,10,0
9161,5966,0,0,0
9161,5970,0,0,0
9161,5974,0,0,0
9161,5978,10,10,0
9161,6411,20,20,0
9161,6412,175,66,109
9161,6413,10,10,0
9161,6414,26,14,12
9161,6431,0,0,0
9161,6432,23,23,0
9161,6433,38,24,14
9161,6434,36,14,22
9161,6435,28,28,0
9161,6436,29,10,19
9161,6437,0,0,0
9161,6438,57,23,34
9161,6439,0,0,0
9161,6440,15,15,0
9161,6531,14,14,0
9161,6532,0,0,0
9161,6533,14,14,0
9161,6534,0,0,0
9161,6535,0,0,0
9161,6611,13,13,0
9161,6631,42,31,11
9161,6632,0,0,0
9161,6633,13,13,0
9161,6634,0,0,0
9161,6635,0,0,0
9161,6636,0,0,0
9161,7111,0,0,0
9161,7131,0,0,0
9161,7132,0,0,0
9161,7133,0,0,0
9161,7134,0,0,0
9161,7135,0,0,0
9161,7137,0,0,0
9161,7138,0,0,0
9161,7140,0,0,0
9161,7141,0,0,0
9161,7143,10,10,0
9161,7211,31,31,0
9161,7231,0,0,0
9161,7232,28,28,0
9161,7233,0,0,0
9161,7235,12,12,0
9161,7311,0,0,0
9161,7312,31,31,0
9161,7313,0,0,0
9161,7314,10,10,0
9161,7315,15,0,15
9161,7316,0,0,0
9161,7317,0,0,0
9161,7318,0,0,0
9161,7319,10,10,0
9161,7320,0,0,0
9161,7331,19,19,0
9161,7332,0,0,0
9161,7333,73,73,0
9161,7334,16,0,16
9161,7335,12,12,0
9161,7336,0,0,0
9161,7337,15,15,0
9161,7338,0,0,0
9161,7339,20,20,0
9161,7340,0,0,0
9161,8111,187,66,121
9161,8115,163,78,85
9161,8116,89,34,55
9161,8117,61,61,0
9161,8118,98,60,38
9161,8119,53,27,26
9161,8121,115,102,13
9161,8125,252,183,69
9161,8126,23,23,0
9161,8127,13,13,0
9161,8128,58,21,37
9161,8135,18,18,0
9161,8136,39,29,10
9161,8211,0,0,0
9161,8212,44,30,14
9161,8215,40,22,18
9161,8216,10,0,10
9161,8221,11,0,11
9161,8222,40,18,22
9161,8225,20,20,0
9161,8226,38,38,0
9161,8231,22,22,0
9161,8235,77,77,0
9161,8236,18,18,0
9161,8237,44,44,0
9161,8311,21,10,11
9161,8315,35,12,23
9161,8316,0,0,0
9161,8317,0,0,0
9161,8325,12,12,0
9161,8326,0,0,0
9161,8327,0,0,0
9161,8335,13,13,0
9161,8336,10,0,10
9161,8337,0,0,0
9161,8415,17,17,0
9161,8416,31,31,0
9161,8417,112,112,0
9161,8421,46,14,32
9161,8425,17,17,0
9161,8426,20,20,0
9161,8435,70,59,11
9161,8436,49,49,0
9161,8437,0,0,0
9161,9161,0,0,0
9161,9162,4256,1640,2616
9161,9163,18,18,0
9161,9171,96,84,12
9161,9172,18,18,0
9161,9173,37,26,11
9161,9174,376,258,118
9161,9175,136,93,43
9161,9176,32584,25492,7092
9161,9177,229,142,87
9161,9178,1017,610,407
9161,9179,170,116,54
9161,9180,22,22,0
9161,9181,56,36,20
9161,9182,55,37,18
9161,9183,33,33,0
9161,9184,934,322,612
9161,9185,10480,8889,1591
9161,9186,14666,11333,3333
9161,9187,73,57,16
9161,9188,111,66,45
9161,9189,97,57,40
9161,9190,43,30,13
9161,9261,85,58,27
9161,9262,29,17,12
9161,9263,23,23,0
9161,9271,54,36,18
9161,9272,54,54,0
9161,9273,3792,3168,624
9161,9274,230,172,58
9161,9275,84,61,23
9161,9276,14,14,0
9161,9277,38,38,0
9161,9278,40,40,0
9161,9279,96,82,14
9161,9361,0,0,0
9161,9362,482,308,174
9161,9363,17,17,0
9161,9371,42,42,0
9161,9372,106,80,26
9161,9373,1363,1280,83
9161,9374,22,22,0
9161,9375,487,435,52
9161,9376,179,179,0
9161,9377,13,13,0
9161,9461,21,21,0
9161,9462,21,21,0
9161,9463,0,0,0
9161,9464,14,14,0
9161,9471,41,20,21
9161,9472,32,32,0
9161,9473,21,21,0
9161,9474,59,47,12
9161,9475,17,17,0
9161,9476,60,60,0
9161,9477,13,13,0
9161,9478,25,25,0
9161,9479,30,17,13
9161,9561,26,12,14
9161,9562,124,59,65
9161,9563,84,65,19
9161,9564,783,463,320
9161,9565,28,28,0
9161,9571,50,50,0
9161,9572,74,57,17
9161,9573,51,51,0
9161,9574,137,113,24
9161,9575,19,19,0
9161,9576,990,925,65
9161,9577,625,587,38
9161,9661,12,12,0
9161,9662,14,14,0
9161,9663,43,25,18
9161,9671,24,24,0
9161,9672,26,16,10
9161,9673,14,14,0
9161,9674,0,0,0
9161,9675,15,15,0
9161,9676,0,0,0
9161,9677,18,18,0
9161,9678,14,14,0
9161,9679,27,27,0
9161,9761,417,220,197
9161,9762,30,11,19
9161,9763,12,12,0
9161,9764,0,0,0
9161,9771,538,488,50
9161,9772,192,140,52
9161,9773,58,40,18
9161,9774,36,23,13
9161,9775,37,21,16
9161,9776,18,18,0
9161,9777,14,14,0
9161,9778,17,17,0
9161,9779,525,423,102
9161,9780,21,10,11
9161,10041,85,85,0
9161,10042,0,0,0
9161,10043,0,0,0
9161,10044,0,0,0
9161,10045,0,0,0
9161,10046,0,0,0
9161,11000,272,164,108
9161,12051,0,0,0
9161,12052,0,0,0
9161,12053,0,0,0
9161,12054,0,0,0
9161,12060,0,0,0
9161,12061,0,0,0
9161,12062,0,0,0
9161,12063,0,0,0
9161,12064,15,15,0
9161,12065,0,0,0
9161,12066,15,15,0
9161,12067,0,0,0
9161,12068,0,0,0
9161,12069,11,11,0
9161,12070,0,0,0
9161,12071,13,13,0
9161,12072,12,12,0
9161,12073,0,0,0
9161,13003,0,0,0
9161,13004,0,0,0
9161,13071,0,0,0
9161,13072,0,0,0
9161,13073,0,0,0
9161,13074,0,0,0
9161,13075,0,0,0
9161,13076,0,0,0
9161,14511,30,20,10
9161,14521,49,49,0
9161,14522,47,47,0
9161,14523,38,38,0
9161,14524,56,56,0
9161,14612,100,83,17
9161,14625,12,12,0
9161,14626,30,17,13
9161,14627,28,28,0
9161,14628,18,18,0
9161,14713,100,90,10
9161,14729,36,36,0
9161,14730,36,36,0
9161,15001,12,12,0
9161,15002,31,31,0
9161,15003,17,17,0
9161,15081,0,0,0
9161,15082,14,14,0
9161,15083,0,0,0
9161,15084,28,28,0
9161,15085,0,0,0
9161,15086,0,0,0
9161,15087,32,32,0
9161,15088,33,33,0
9161,15089,0,0,0
9161,15090,0,0,0
9161,15091,15,15,0
9161,16051,44,44,0
9161,16052,12,12,0
9161,16053,0,0,0
9161,16054,0,0,0
9161,16055,0,0,0
9161,16056,0,0,0
9161,16061,0,0,0
9161,16062,0,0,0
9161,16063,0,0,0
9161,16064,16,16,0
9161,16065,0,0,0
9161,16066,0,0,0
9161,16067,22,22,0
9161,16068,12,12,0
9161,16069,12,12,0
9161,16070,21,21,0
9161,16071,11,11,0
9161,16072,23,23,0
9161,16073,13,13,0
9161,16074,0,0,0
9161,16075,11,11,0
9161,16076,28,28,0
9161,16077,23,23,0
9162,1001,61,39,22
9162,1002,254,174,80
9162,1003,171,116,55
9162,1004,116,106,10
9162,1051,29,29,0
9162,1053,163,99,64
9162,1054,93,70,23
9162,1055,106,96,10
9162,1056,388,330,58
9162,1057,53,53,0
9162,1058,172,133,39
9162,1059,76,57,19
9162,1060,258,200,58
9162,1061,99,59,40
9162,1062,317,239,78
9162,2000,5687,3542,2145
9162,3101,420,251,169
9162,3102,34,34,0
9162,3103,257,95,162
9162,3151,80,80,0
9162,3153,91,79,12
9162,3154,37,37,0
9162,3155,172,72,100
9162,3157,50,50,0
9162,3158,73,73,0
9162,3159,337,249,88
9162,3241,1766,1123,643
9162,3251,106,91,15
9162,3252,142,129,13
9162,3254,186,145,41
9162,3255,18,18,0
9162,3256,68,55,13
9162,3257,83,83,0
9162,3351,155,103,52
9162,3352,81,71,10
9162,3353,270,237,33
9162,3354,11,11,0
9162,3355,188,138,50
9162,3356,96,79,17
9162,3357,69,69,0
9162,3358,95,95,0
9162,3359,119,101,18
9162,3360,38,38,0
9162,3361,102,73,29
9162,3401,26,26,0
9162,3402,21,21,0
9162,3403,133,102,31
9162,3404,262,117,145
9162,3405,26,26,0
9162,3451,56,56,0
9162,3452,35,35,0
9162,3453,60,47,13
9162,3454,127,95,32
9162,3455,45,45,0
9162,3456,39,28,11
9162,3457,51,51,0
9162,3458,71,71,0
9162,3459,188,154,34
9162,3460,55,38,17
9162,3461,22,22,0
9162,3462,10,10,0
9162,4011,967,670,297
9162,4012,39,39,0
9162,5111,3709,1672,2037
9162,5112,586,378,208
9162,5113,1022,671,351
9162,5114,254,198,56
9162,5116,286,193,93
9162,5117,221,174,47
9162,5119,255,144,111
9162,5120,73,44,29
9162,5122,186,107,79
9162,5124,329,243,86
9162,5154,187,144,43
9162,5158,805,527,278
9162,5162,735,549,186
9162,5166,391,285,106
9162,5170,344,288,56
9162,5314,887,490,397
9162,5315,3726,1952,1774
9162,5316,197,144,53
9162,5334,756,478,278
9162,5358,237,125,112
9162,5362,674,494,180
9162,5366,138,98,40
9162,5370,170,159,11
9162,5374,429,130,299
9162,5378,301,269,32
9162,5382,835,611,224
9162,5512,77,77,0
9162,5513,180,130,50
9162,5515,460,290,170
9162,5554,189,147,42
9162,5558,142,120,22
9162,5562,589,489,100
9162,5566,270,214,56
9162,5570,231,205,26
9162,5711,376,253,123
9162,5754,442,280,162
9162,5758,129,85,44
9162,5762,48,37,11
9162,5766,196,147,49
9162,5770,149,112,37
9162,5774,272,196,76
9162,5911,476,299,177
9162,5913,892,577,315
9162,5914,117,96,21
9162,5915,151,134,17
9162,5916,185,165,20
9162,5954,279,241,38
9162,5958,128,89,39
9162,5962,157,131,26
9162,5966,57,34,23
9162,5970,136,93,43
9162,5974,191,146,45
9162,5978,262,208,54
9162,6411,681,299,382
9162,6412,5909,2297,3612
9162,6413,364,284,80
9162,6414,871,508,363
9162,6431,390,312,78
9162,6432,431,330,101
9162,6433,626,477,149
9162,6434,1905,482,1423
9162,6435,592,438,154
9162,6436,1041,449,592
9162,6437,69,57,12
9162,6438,1113,618,495
9162,6439,296,220,76
9162,6440,422,348,74
9162,6531,304,261,43
9162,6532,174,112,62
9162,6533,149,111,38
9162,6534,240,159,81
9162,6535,70,47,23
9162,6611,275,172,103
9162,6631,208,162,46
9162,6632,116,77,39
9162,6633,164,134,30
9162,6634,100,87,13
9162,6635,87,54,33
9162,6636,38,38,0
9162,7111,166,101,65
9162,7131,103,89,14
9162,7132,61,50,11
9162,7133,98,78,20
9162,7134,63,29,34
9162,7135,30,30,0
9162,7137,158,115,43
9162,7138,178,111,67
9162,7140,59,43,16
9162,7141,81,65,16
9162,7143,157,119,38
9162,7211,139,118,21
9162,7231,53,42,11
9162,7232,34,34,0
9162,7233,32,32,0
9162,7235,74,56,18
9162,7311,51,36,15
9162,7312,173,136,37
9162,7313,81,36,45
9162,7314,223,168,55
9162,7315,629,400,229
9162,7316,47,47,0
9162,7317,20,20,0
9162,7318,55,55,0
9162,7319,81,70,11
9162,7320,47,47,0
9162,7331,68,57,11
9162,7332,182,152,30
9162,7333,55,55,0
9162,7334,133,117,16
9162,7335,87,77,10
9162,7336,30,30,0
9162,7337,95,95,0
9162,7338,153,139,14
9162,7339,305,248,57
9162,7340,72,72,0
9162,8111,3902,2154,1748
9162,8115,1205,881,324
9162,8116,1674,1067,607
9162,8117,556,410,146
9162,8118,1428,846,582
9162,8119,652,517,135
9162,8121,285,214,71
9162,8125,489,361,128
9162,8126,137,66,71
9162,8127,268,187,81
9162,8128,316,239,77
9162,8135,261,187,74
9162,8136,504,367,137
9162,8211,143,101,42
9162,8212,961,631,330
9162,8215,649,483,166
9162,8216,253,199,54
9162,8221,514,306,208
9162,8222,921,492,429
9162,8225,115,97,18
9162,8226,905,627,278
9162,8231,226,129,97
9162,8235,164,137,27
9162,8236,215,173,42
9162,8237,118,95,23
9162,8311,554,385,169
9162,8315,337,228,109
9162,8316,151,133,18
9162,8317,362,254,108
9162,8325,97,76,21
9162,8326,206,146,60
9162,8327,121,86,35
9162,8335,473,338,135
9162,8336,247,103,144
9162,8337,125,90,35
9162,8415,569,425,144
9162,8416,553,442,111
9162,8417,167,133,34
9162,8421,1080,660,420
9162,8425,474,426,48
9162,8426,405,303,102
9162,8435,584,388,196
9162,8436,712,459,253
9162,8437,109,83,26
9162,9161,4256,2616,1640
9162,9162,0,0,0
9162,9163,3681,2647,1034
9162,9171,1693,1454,239
9162,9172,910,760,150
9162,9173,9785,7996,1789
9162,9174,34550,28667,5883
9162,9175,28448,22536,5912
9162,9176,1648,1225,423
9162,9177,16639,13143,3496
9162,9178,29272,18874,10398
9162,9179,44504,36822,7682
9162,9180,2589,2188,401
9162,9181,8133,6902,1231
9162,9182,8968,6702,2266
9162,9183,4793,4329,464
9162,9184,151697,67514,84183
9162,9185,1807,1486,321
9162,9186,9553,8336,1217
9162,9187,10437,8854,1583
9162,9188,25061,16165,8896
9162,9189,2543,2147,396
9162,9190,6529,5083,1446
9162,9261,2836,2343,493
9162,9262,592,454,138
9162,9263,489,307,182
9162,9271,984,753,231
9162,9272,433,338,95
9162,9273,2301,2105,196
9162,9274,4433,3957,476
9162,9275,1110,967,143
9162,9276,384,345,39
9162,9277,1143,949,194
9162,9278,709,638,71
9162,9279,1569,1384,185
9162,9361,159,128,31
9162,9362,2257,1514,743
9162,9363,172,134,38
9162,9371,282,238,44
9162,9372,521,432,89
9162,9373,576,468,108
9162,9374,245,214,31
9162,9375,1402,1221,181
9162,9376,562,482,80
9162,9377,157,129,28
9162,9461,406,302,104
9162,9462,471,343,128
9162,9463,215,152,63
9162,9464,189,161,28
9162,9471,353,322,31
9162,9472,329,311,18
9162,9473,246,201,45
9162,9474,440,392,48
9162,9475,312,216,96
9162,9476,155,123,32
9162,9477,205,177,28
9162,9478,206,174,32
9162,9479,179,148,31
9162,9561,158,134,24
9162,9562,1086,570,516
9162,9563,772,673,99
9162,9564,4970,3238,1732
9162,9565,213,183,30
9162,9571,746,702,44
9162,9572,762,580,182
9162,9573,595,548,47
9162,9574,875,775,100
9162,9575,314,290,24
9162,9576,605,521,84
9162,9577,396,347,49
9162,9661,241,178,63
9162,9662,175,128,47
9162,9663,883,617,266
9162,9671,417,315,102
9162,9672,208,185,23
9162,9673,185,145,40
9162,9674,170,157,13
9162,9675,366,279,87
9162,9676,233,154,79
9162,9677,340,297,43
9162,9678,226,197,29
9162,9679,626,523,103
9162,9761,11322,9459,1863
9162,9762,702,549,153
9162,9763,455,357,98
9162,9764,313,230,83
9162,9771,6629,6196,433
9162,9772,5424,4831,593
9162,9773,524,443,81
9162,9774,847,704,143
9162,9775,758,626,132
9162,9776,512,374,138
9162,9777,1988,1656,332
9162,9778,1461,1296,165
9162,9779,1166,809,357
9162,9780,813,616,197
9162,10041,570,372,198
9162,10042,73,60,13
9162,10043,68,68,0
9162,10044,124,108,16
9162,10045,133,119,14
9162,10046,41,41,0
9162,11000,11533,7832,3701
9162,12051,48,48,0
9162,12052,103,71,32
9162,12053,20,20,0
9162,12054,358,235,123
9162,12060,156,146,10
9162,12061,172,140,32
9162,12062,48,48,0
9162,12063,155,155,0
9162,12064,106,106,0
9162,12065,230,217,13
9162,12066,78,64,14
9162,12067,80,80,0
9162,12068,26,26,0
9162,12069,271,224,47
9162,12070,18,18,0
9162,12071,49,49,0
9162,12072,117,92,25
9162,12073,27,27,0
9162,13003,435,409,26
9162,13004,50,33,17
9162,13071,77,77,0
9162,13072,147,147,0
9162,13073,79,79,0
9162,13074,61,50,11
9162,13075,80,80,0
9162,13076,55,55,0
9162,14511,310,207,103
9162,14521,259,229,30
9162,14522,228,199,29
9162,14523,253,215,38
9162,14524,258,206,52
9162,14612,825,602,223
9162,14625,173,149,24
9162,14626,174,151,23
9162,14627,173,137,36
9162,14628,153,129,24
9162,14713,1256,962,294
9162,14729,196,180,16
9162,14730,240,208,32
9162,15001,58,58,0
9162,15002,237,180,57
9162,15003,183,153,30
9162,15081,20,20,0
9162,15082,98,85,13
9162,15083,56,56,0
9162,15084,136,117,19
9162,15085,79,79,0
9162,15086,25,25,0
9162,15087,67,67,0
9162,15088,153,134,19
9162,15089,77,77,0
9162,15090,28,28,0
9162,15091,107,95,12
9162,16051,283,227,56
9162,16052,85,73,12
9162,16053,239,177,62
9162,16054,47,47,0
9162,16055,123,96,27
9162,16056,21,21,0
9162,16061,48,37,11
9162,16062,46,36,10
9162,16063,104,56,48
9162,16064,54,54,0
9162,16065,42,42,0
9162,16066,132,120,12
9162,16067,101,87,14
9162,16068,45,45,0
9162,16069,55,55,0
9162,16070,129,114,15
9162,16071,98,71,27
9162,16072,44,44,0
9162,16073,103,103,0
9162,16074,55,55,0
9162,16075,77,77,0
9162,16076,129,112,17
9162,16077,70,55,15
9163,1001,0,0,0
9163,1002,0,0,0
9163,1003,0,0,0
9163,1004,0,0,0
9163,1051,0,0,0
9163,1053,0,0,0
9163,1054,0,0,0
9163,1055,0,0,0
9163,1056,0,0,0
9163,1057,0,0,0
9163,1058,0,0,0
9163,1059,0,0,0
9163,1060,0,0,0
9163,1061,0,0,0
9163,1062,0,0,0
9163,2000,59,25,34
9163,3101,0,0,0
9163,3102,0,0,0
9163,3103,0,0,0
9163,3151,0,0,0
9163,3153,0,0,0
9163,3154,0,0,0
9163,3155,0,0,0
9163,3157,0,0,0
9163,3158,0,0,0
9163,3159,0,0,0
9163,3241,35,20,15
9163,3251,0,0,0
9163,3252,0,0,0
9163,3254,0,0,0
9163,3255,0,0,0
9163,3256,0,0,0
9163,3257,0,0,0
9163,3351,0,0,0
9163,3352,0,0,0
9163,3353,0,0,0
9163,3354,0,0,0
9163,3355,0,0,0
9163,3356,0,0,0
9163,3357,0,0,0
9163,3358,0,0,0
9163,3359,0,0,0
9163,3360,0,0,0
9163,3361,0,0,0
9163,3401,0,0,0
9163,3402,0,0,0
9163,3403,0,0,0
9163,3404,0,0,0
9163,3405,0,0,0
9163,3451,0,0,0
9163,3452,0,0,0
9163,3453,0,0,0
9163,3454,0,0,0
9163,3455,0,0,0
9163,3456,0,0,0
9163,3457,0,0,0
9163,3458,0,0,0
9163,3459,0,0,0
9163,3460,0,0,0
9163,3461,0,0,0
9163,3462,0,0,0
9163,4011,0,0,0
9163,4012,0,0,0
9163,5111,26,0,26
9163,5112,0,0,0
9163,5113,15,15,0
9163,5114,0,0,0
9163,5116,0,0,0
9163,5117,0,0,0
9163,5119,0,0,0
9163,5120,0,0,0
9163,5122,0,0,0
9163,5124,0,0,0
9163,5154,0,0,0
9163,5158,10,10,0
9163,5162,0,0,0
9163,5166,0,0,0
9163,5170,0,0,0
9163,5314,0,0,0
9163,5315,44,0,44
9163,5316,0,0,0
9163,5334,0,0,0
9163,5358,0,0,0
9163,5362,0,0,0
9163,5366,10,0,10
9163,5370,0,0,0
9163,5374,10,0,10
9163,5378,0,0,0
9163,5382,0,0,0
9163,5512,0,0,0
9163,5513,0,0,0
9163,5515,0,0,0
9163,5554,0,0,0
9163,5558,0,0,0
9163,5562,10,10,0
9163,5566,0,0,0
9163,5570,0,0,0
9163,5711,0,0,0
9163,5754,0,0,0
9163,5758,0,0,0
9163,5762,0,0,0
9163,5766,0,0,0
9163,5770,0,0,0
9163,5774,0,0,0
9163,5911,0,0,0
9163,5913,0,0,0
9163,5914,0,0,0
9163,5915,0,0,0
9163,5916,0,0,0
9163,5954,0,0,0
9163,5958,0,0,0
9163,5962,0,0,0
9163,5966,0,0,0
9163,5970,0,0,0
9163,5974,0,0,0
9163,5978,0,0,0
9163,6411,0,0,0
9163,6412,38,0,38
9163,6413,0,0,0
9163,6414,0,0,0
9163,6431,0,0,0
9163,6432,0,0,0
9163,6433,0,0,0
9163,6434,16,0,16
9163,6435,0,0,0
9163,6436,11,0,11
9163,6437,0,0,0
9163,6438,10,0,10
9163,6439,0,0,0
9163,6440,0,0,0
9163,6531,0,0,0
9163,6532,0,0,0
9163,6533,0,0,0
9163,6534,0,0,0
9163,6535,0,0,0
9163,6611,0,0,0
9163,6631,0,0,0
9163,6632,0,0,0
9163,6633,0,0,0
9163,6634,0,0,0
9163,6635,0,0,0
9163,6636,0,0,0
9163,7111,0,0,0
9163,7131,0,0,0
9163,7132,0,0,0
9163,7133,0,0,0
9163,7134,0,0,0
9163,7135,0,0,0
9163,7137,0,0,0
9163,7138,0,0,0
9163,7140,0,0,0
9163,7141,0,0,0
9163,7143,0,0,0
9163,7211,0,0,0
9163,7231,0,0,0
9163,7232,0,0,0
9163,7233,0,0,0
9163,7235,0,0,0
9163,7311,0,0,0
9163,7312,0,0,0
9163,7313,0,0,0
9163,7314,0,0,0
9163,7315,0,0,0
9163,7316,0,0,0
9163,7317,0,0,0
9163,7318,0,0,0
9163,7319,0,0,0
9163,7320,0,0,0
9163,7331,0,0,0
9163,7332,0,0,0
9163,7333,0,0,0
9163,7334,0,0,0
9163,7335,0,0,0
9163,7336,0,0,0
9163,7337,0,0,0
9163,7338,0,0,0
9163,7339,0,0,0
9163,7340,0,0,0
9163,8111,38,14,24
9163,8115,0,0,0
9163,8116,45,0,45
9163,8117,0,0,0
9163,8118,24,10,14
9163,8119,0,0,0
9163,8121,0,0,0
9163,8125,0,0,0
9163,8126,11,0,11
9163,8127,0,0,0
9163,8128,0,0,0
9163,8135,0,0,0
9163,8136,0,0,0
9163,8211,0,0,0
9163,8212,17,0,17
9163,8215,0,0,0
9163,8216,0,0,0
9163,8221,0,0,0
9163,8222,10,10,0
9163,8225,0,0,0
9163,8226,25,14,11
9163,8231,0,0,0
9163,8235,0,0,0
9163,8236,0,0,0
9163,8237,0,0,0
9163,8311,0,0,0
9163,8315,0,0,0
9163,8316,0,0,0
9163,8317,0,0,0
9163,8325,0,0,0
9163,8326,0,0,0
9163,8327,0,0,0
9163,8335,0,0,0
9163,8336,0,0,0
9163,8337,0,0,0
9163,8415,0,0,0
9163,8416,0,0,0
9163,8417,0,0,0
9163,8421,0,0,0
9163,8425,13,13,0
9163,8426,0,0,0
9163,8435,0,0,0
9163,8436,0,0,0
9163,8437,0,0,0
9163,9161,18,0,18
9163,9162,3681,1034,2647
9163,9163,0,0,0
9163,9171,158,133,25
9163,9172,234,149,85
9163,9173,175,140,35
9163,9174,76,29,47
9163,9175,653,432,221
9163,9176,0,0,0
9163,9177,98,62,36
9163,9178,152,85,67
9163,9179,103,72,31
9163,9180,33,21,12
9163,9181,12,0,12
9163,9182,998,534,464
9163,9183,432,373,59
9163,9184,941,220,721
9163,9185,0,0,0
9163,9186,34,12,22
9163,9187,25823,17310,8513
9163,9188,81,36,45
9163,9189,1474,1139,335
9163,9190,60,36,24
9163,9261,33,23,10
9163,9262,0,0,0
9163,9263,0,0,0
9163,9271,10,0,10
9163,9272,0,0,0
9163,9273,11,11,0
9163,9274,47,36,11
9163,9275,22,22,0
9163,9276,0,0,0
9163,9277,44,31,13
9163,9278,0,0,0
9163,9279,0,0,0
9163,9361,0,0,0
9163,9362,24,10,14
9163,9363,0,0,0
9163,9371,0,0,0
9163,9372,0,0,0
9163,9373,0,0,0
9163,9374,0,0,0
9163,9375,41,12,29
9163,9376,0,0,0
9163,9377,0,0,0
9163,9461,0,0,0
9163,9462,0,0,0
9163,9463,0,0,0
9163,9464,0,0,0
9163,9471,0,0,0
9163,9472,0,0,0
9163,9473,0,0,0
9163,9474,0,0,0
9163,9475,11,0,11
9163,9476,0,0,0
9163,9477,0,0,0
9163,9478,0,0,0
9163,9479,0,0,0
9163,9561,0,0,0
9163,9562,0,0,0
9163,9563,0,0,0
9163,9564,53,26,27
9163,9565,0,0,0
9163,9571,0,0,0
9163,9572,0,0,0
9163,9573,0,0,0
9163,9574,0,0,0
9163,9575,0,0,0
9163,9576,0,0,0
9163,9577,0,0,0
9163,9661,0,0,0
9163,9662,0,0,0
9163,9663,12,0,12
9163,9671,0,0,0
9163,9672,0,0,0
9163,9673,0,0,0
9163,9674,0,0,0
9163,9675,0,0,0
9163,9676,0,0,0
9163,9677,0,0,0
9163,9678,0,0,0
9163,9679,0,0,0
9163,9761,78,53,25
9163,9762,0,0,0
9163,9763,0,0,0
9163,9764,0,0,0
9163,9771,11,11,0
9163,9772,26,13,13
9163,9773,0,0,0
9163,9774,0,0,0
9163,9775,0,0,0
9163,9776,0,0,0
9163,9777,0,0,0
9163,9778,0,0,0
9163,9779,16,16,0
9163,9780,0,0,0
9163,10041,0,0,0
9163,10042,0,0,0
9163,10043,0,0,0
9163,10044,0,0,0
9163,10045,0,0,0
9163,10046,0,0,0
9163,11000,131,70,61
9163,12051,0,0,0
9163,12052,0,0,0
9163,12053,0,0,0
9163,12054,0,0,0
9163,12060,0,0,0
9163,12061,0,0,0
9163,12062,0,0,0
9163,12063,0,0,0
9163,12064,0,0,0
9163,12065,0,0,0
9163,12066,0,0,0
9163,12067,0,0,0
9163,12068,0,0,0
9163,12069,0,0,0
9163,12070,0,0,0
9163,12071,0,0,0
9163,12072,0,0,0
9163,12073,0,0,0
9163,13003,0,0,0
9163,13004,0,0,0
9163,13071,0,0,0
9163,13072,0,0,0
9163,13073,0,0,0
9163,13074,0,0,0
9163,13075,0,0,0
9163,13076,0,0,0
9163,14511,10,10,0
9163,14521,0,0,0
9163,14522,0,0,0
9163,14523,0,0,0
9163,14524,0,0,0
9163,14612,0,0,0
9163,14625,0,0,0
9163,14626,0,0,0
9163,14627,11,11,0
9163,14628,0,0,0
9163,14713,17,17,0
9163,14729,0,0,0
9163,14730,0,0,0
9163,15001,0,0,0
9163,15002,0,0,0
9163,15003,0,0,0
9163,15081,0,0,0
9163,15082,0,0,0
9163,15083,0,0,0
9163,15084,14,14,0
9163,15085,0,0,0
9163,15086,0,0,0
9163,15087,0,0,0
9163,15088,10,10,0
9163,15089,10,10,0
9163,15090,0,0,0
9163,15091,0,0,0
9163,16051,0,0,0
9163,16052,0,0,0
9163,16053,0,0,0
9163,16054,0,0,0
9163,16055,0,0,0
9163,16056,0,0,0
9163,16061,22,22,0
9163,16062,0,0,0
9163,16063,0,0,0
9163,16064,11,11,0
9163,16065,0,0,0
9163,16066,0,0,0
9163,16067,15,15,0
9163,16068,0,0,0
9163,16069,0,0,0
9163,16070,0,0,0
9163,16071,0,0,0
9163,16072,0,0,0
9163,16073,0,0,0
9163,16074,0,0,0
9163,16075,0,0,0
9163,16076,0,0,0
9163,16077,0,0,0
9171,1001,0,0,0
9171,1002,0,0,0
9171,1003,0,0,0
9171,1004,0,0,0
9171,1051,0,0,0
9171,1053,0,0,0
9171,1054,0,0,0
9171,1055,0,0,0
9171,1056,0,0,0
9171,1057,0,0,0
9171,1058,0,0,0
9171,1059,0,0,0
9171,1060,0,0,0
9171,1061,0,0,0
9171,1062,0,0,0
9171,2000,83,27,56
9171,3101,0,0,0
9171,3102,0,0,0
9171,3103,0,0,0
9171,3151,0,0,0
9171,3153,14,0,14
9171,3154,0,0,0
9171,3155,0,0,0
9171,3157,0,0,0
9171,3158,0,0,0
9171,3159,0,0,0
9171,3241,13,13,0
9171,3251,0,0,0
9171,3252,0,0,0
9171,3254,0,0,0
9171,3255,0,0,0
9171,3256,0,0,0
9171,3257,0,0,0
9171,3351,0,0,0
9171,3352,0,0,0
9171,3353,0,0,0
9171,3354,0,0,0
9171,3355,0,0,0
9171,3356,0,0,0
9171,3357,0,0,0
9171,3358,0,0,0
9171,3359,0,0,0
9171,3360,0,0,0
9171,3361,0,0,0
9171,3401,0,0,0
9171,3402,0,0,0
9171,3403,0,0,0
9171,3404,0,0,0
9171,3405,0,0,0
9171,3451,0,0,0
9171,3452,0,0,0
9171,3453,0,0,0
9171,3454,0,0,0
9171,3455,0,0,0
9171,3456,0,0,0
9171,3457,0,0,0
9171,3458,0,0,0
9171,3459,0,0,0
9171,3460,0,0,0
9171,3461,0,0,0
9171,3462,0,0,0
9171,4011,27,0,27
9171,4012,0,0,0
9171,5111,18,0,18
9171,5112,0,0,0
9171,5113,0,0,0
9171,5114,0,0,0
9171,5116,0,0,0
9171,5117,0,0,0
9171,5119,0,0,0
9171,5120,0,0,0
9171,5122,0,0,0
9171,5124,0,0,0
9171,5154,0,0,0
9171,5158,0,0,0
9171,5162,0,0,0
9171,5166,0,0,0
9171,5170,0,0,0
9171,5314,22,0,22
9171,5315,30,0,30
9171,5316,0,0,0
9171,5334,20,0,20
9171,5358,0,0,0
9171,5362,19,0,19
9171,5366,0,0,0
9171,5370,0,0,0
9171,5374,10,0,10
9171,5378,0,0,0
9171,5382,0,0,0
9171,5512,0,0,0
9171,5513,0,0,0
9171,5515,0,0,0
9171,5554,0,0,0
9171,5558,0,0,0
9171,5562,53,0,53
9171,5566,0,0,0
9171,5570,0,0,0
9171,5711,0,0,0
9171,5754,0,0,0
9171,5758,0,0,0
9171,5762,0,0,0
9171,5766,0,0,0
9171,5770,0,0,0
9171,5774,0,0,0
9171,5911,0,0,0
9171,5913,10,0,10
9171,5914,0,0,0
9171,5915,0,0,0
9171,5916,0,0,0
9171,5954,0,0,0
9171,5958,0,0,0
9171,5962,0,0,0
9171,5966,0,0,0
9171,5970,0,0,0
9171,5974,0,0,0
9171,5978,0,0,0
9171,6411,0,0,0
9171,6412,29,0,29
9171,6413,0,0,0
9171,6414,0,0,0
9171,6431,0,0,0
9171,6432,0,0,0
9171,6433,0,0,0
9171,6434,0,0,0
9171,6435,0,0,0
9171,6436,10,0,10
9171,6437,0,0,0
9171,6438,12,12,0
9171,6439,0,0,0
9171,6440,0,0,0
9171,6531,0,0,0
9171,6532,0,0,0
9171,6533,0,0,0
9171,6534,0,0,0
9171,6535,0,0,0
9171,6611,0,0,0
9171,6631,0,0,0
9171,6632,0,0,0
9171,6633,0,0,0
9171,6634,0,0,0
9171,6635,0,0,0
9171,6636,0,0,0
9171,7111,0,0,0
9171,7131,0,0,0
9171,7132,0,0,0
9171,7133,0,0,0
9171,7134,0,0,0
9171,7135,0,0,0
9171,7137,0,0,0
9171,7138,0,0,0
9171,7140,0,0,0
9171,7141,0,0,0
9171,7143,35,0,35
9171,7211,0,0,0
9171,7231,0,0,0
9171,7232,0,0,0
9171,7233,0,0,0
9171,7235,0,0,0
9171,7311,0,0,0
9171,7312,0,0,0
9171,7313,0,0,0
9171,7314,12,12,0
9171,7315,20,0,20
9171,7316,0,0,0
9171,7317,0,0,0
9171,7318,0,0,0
9171,7319,0,0,0
9171,7320,0,0,0
9171,7331,0,0,0
9171,7332,0,0,0
9171,7333,0,0,0
9171,7334,0,0,0
9171,7335,0,0,0
9171,7336,0,0,0
9171,7337,30,0,30
9171,7338,0,0,0
9171,7339,0,0,0
9171,7340,0,0,0
9171,8111,29,14,15
9171,8115,0,0,0
9171,8116,15,0,15
9171,8117,0,0,0
9171,8118,10,10,0
9171,8119,12,12,0
9171,8121,26,0,26
9171,8125,11,11,0
9171,8126,0,0,0
9171,8127,0,0,0
9171,8128,0,0,0
9171,8135,0,0,0
9171,8136,0,0,0
9171,8211,0,0,0
9171,8212,25,0,25
9171,8215,28,15,13
9171,8216,0,0,0
9171,8221,0,0,0
9171,8222,0,0,0
9171,8225,0,0,0
9171,8226,14,14,0
9171,8231,0,0,0
9171,8235,0,0,0
9171,8236,0,0,0
9171,8237,0,0,0
9171,8311,0,0,0
9171,8315,0,0,0
9171,8316,0,0,0
9171,8317,0,0,0
9171,8325,0,0,0
9171,8326,0,0,0
9171,8327,0,0,0
9171,8335,0,0,0
9171,8336,0,0,0
9171,8337,0,0,0
9171,8415,0,0,0
9171,8416,0,0,0
9171,8417,0,0,0
9171,8421,0,0,0
9171,8425,0,0,0
9171,8426,0,0,0
9171,8435,0,0,0
9171,8436,0,0,0
9171,8437,0,0,0
9171,9161,96,12,84
9171,9162,1693,239,1454
9171,9163,158,25,133
9171,9171,0,0,0
9171,9172,269,153,116
9171,9173,14,14,0
9171,9174,65,40,25
9171,9175,130,62,68
9171,9176,50,33,17
9171,9177,205,125,80
9171,9178,130,42,88
9171,9179,70,32,38
9171,9180,0,0,0
9171,9181,0,0,0
9171,9182,34,20,14
9171,9183,8302,3437,4865
9171,9184,446,68,378
9171,9185,36,14,22
9171,9186,45,15,30
9171,9187,488,171,317
9171,9188,38,14,24
9171,9189,5731,1941,3790
9171,9190,11,0,11
9171,9261,126,33,93
9171,9262,360,28,332
9171,9263,0,0,0
9171,9271,125,51,74
9171,9272,38,38,0
9171,9273,44,28,16
9171,9274,285,131,154
9171,9275,416,333,83
9171,9276,16,16,0
9171,9277,7604,6141,1463
9171,9278,42,31,11
9171,9279,174,73,101
9171,9361,12,0,12
9171,9362,66,23,43
9171,9363,25,0,25
9171,9371,0,0,0
9171,9372,31,14,17
9171,9373,11,11,0
9171,9374,0,0,0
9171,9375,20,20,0
9171,9376,15,0,15
9171,9377,0,0,0
9171,9461,0,0,0
9171,9462,0,0,0
9171,9463,0,0,0
9171,9464,0,0,0
9171,9471,0,0,0
9171,9472,0,0,0
9171,9473,0,0,0
9171,9474,0,0,0
9171,9475,0,0,0
9171,9476,0,0,0
9171,9477,0,0,0
9171,9478,0,0,0
9171,9479,0,0,0
9171,9561,0,0,0
9171,9562,12,0,12
9171,9563,0,0,0
9171,9564,55,15,40
9171,9565,0,0,0
9171,9571,0,0,0
9171,9572,0,0,0
9171,9573,0,0,0
9171,9574,0,0,0
9171,9575,0,0,0
9171,9576,0,0,0
9171,9577,0,0,0
9171,9661,0,0,0
9171,9662,20,20,0
9171,9663,0,0,0
9171,9671,0,0,0
9171,9672,10,10,0
9171,9673,0,0,0
9171,9674,0,0,0
9171,9675,0,0,0
9171,9676,0,0,0
9171,9677,0,0,0
9171,9678,17,17,0
9171,9679,0,0,0
9171,9761,67,22,45
9171,9762,0,0,0
9171,9763,0,0,0
9171,9764,0,0,0
9171,9771,24,10,14
9171,9772,26,12,14
9171,9773,0,0,0
9171,9774,0,0,0
9171,9775,0,0,0
9171,9776,0,0,0
9171,9777,0,0,0
9171,9778,0,0,0
9171,9779,0,0,0
9171,9780,11,11,0
9171,10041,0,0,0
9171,10042,0,0,0
9171,10043,0,0,0
9171,10044,0,0,0
9171,10045,0,0,0
9171,10046,0,0,0
9171,11000,54,24,30
9171,12051,0,0,0
9171,12052,0,0,0
9171,12053,0,0,0
9171,12054,0,0,0
9171,12060,0,0,0
9171,12061,0,0,0
9171,12062,0,0,0
9171,12063,0,0,0
9171,12064,0,0,0
9171,12065,0,0,0
9171,12066,0,0,0
9171,12067,0,0,0
9171,12068,0,0,0
9171,12069,0,0,0
9171,12070,0,0,0
9171,12071,0,0,0
9171,12072,0,0,0
9171,12073,0,0,0
9171,13003,14,14,0
9171,13004,0,0,0
9171,13071,0,0,0
9171,13072,0,0,0
9171,13073,0,0,0
9171,13074,0,0,0
9171,13075,0,0,0
9171,13076,0,0,0
9171,14511,0,0,0
9171,14521,0,0,0
9171,14522,22,22,0
9171,14523,0,0,0
9171,14524,0,0,0
9171,14612,11,11,0
9171,14625,15,15,0
9171,14626,0,0,0
9171,14627,15,15,0
9171,14628,0,0,0
9171,14713,18,0,18
9171,14729,0,0,0
9171,14730,0,0,0
9171,15001,0,0,0
9171,15002,10,10,0
9171,15003,0,0,0
9171,15081,0,0,0
9171,15082,23,0,23
9171,15083,0,0,0
9171,15084,11,11,0
9171,15085,0,0,0
9171,15086,0,0,0
9171,15087,0,0,0
9171,15088,0,0,0
9171,15089,0,0,0
9171,15090,0,0,0
9171,15091,0,0,0
9171,16051,0,0,0
9171,16052,0,0,0
9171,16053,0,0,0
9171,16054,0,0,0
9171,16055,0,0,0
9171,16056,0,0,0
9171,16061,0,0,0
9171,16062,0,0,0
9171,16063,0,0,0
9171,16064,0,0,0
9171,16065,0,0,0
9171,16066,0,0,0
9171,16067,0,0,0
9171,16068,0,0,0
9171,16069,0,0,0
9171,16070,0,0,0
9171,16071,0,0,0
9171,16072,0,0,0
9171,16073,0,0,0
9171,16074,0,0,0
9171,16075,0,0,0
9171,16076,0,0,0
9171,16077,0,0,0
9172,1001,0,0,0
9172,1002,0,0,0
9172,1003,0,0,0
9172,1004,0,0,0
9172,1051,0,0,0
9172,1053,0,0,0
9172,1054,0,0,0
9172,1055,0,0,0
9172,1056,0,0,0
9172,1057,0,0,0
9172,1058,0,0,0
9172,1059,0,0,0
9172,1060,0,0,0
9172,1061,0,0,0
9172,1062,0,0,0
9172,2000,83,42,41
9172,3101,19,19,0
9172,3102,0,0,0
9172,3103,0,0,0
9172,3151,0,0,0
9172,3153,0,0,0
9172,3154,0,0,0
9172,3155,0,0,0
9172,3157,0,0,0
9172,3158,0,0,0
9172,3159,0,0,0
9172,3241,36,21,15
9172,3251,0,0,0
9172,3252,0,0,0
9172,3254,0,0,0
9172,3255,0,0,0
9172,3256,0,0,0
9172,3257,0,0,0
9172,3351,10,10,0
9172,3352,13,13,0
9172,3353,0,0,0
9172,3354,0,0,0
9172,3355,0,0,0
9172,3356,0,0,0
9172,3357,28,28,0
9172,3358,0,0,0
9172,3359,10,10,0
9172,3360,0,0,0
9172,3361,0,0,0
9172,3401,0,0,0
9172,3402,0,0,0
9172,3403,0,0,0
9172,3404,0,0,0
9172,3405,0,0,0
9172,3451,0,0,0
9172,3452,0,0,0
9172,3453,0,0,0
9172,3454,0,0,0
9172,3455,0,0,0
9172,3456,0,0,0
9172,3457,0,0,0
9172,3458,0,0,0
9172,3459,0,0,0
9172,3460,0,0,0
9172,3461,0,0,0
9172,3462,0,0,0
9172,4011,0,0,0
9172,4012,10,10,0
9172,5111,26,13,13
9172,5112,13,13,0
9172,5113,0,0,0
9172,5114,0,0,0
9172,5116,0,0,0
9172,5117,0,0,0
9172,5119,0,0,0
9172,5120,0,0,0
9172,5122,0,0,0
9172,5124,0,0,0
9172,5154,0,0,0
9172,5158,17,0,17
9172,5162,12,12,0
9172,5166,0,0,0
9172,5170,13,13,0
9172,5314,0,0,0
9172,5315,53,31,22
9172,5316,0,0,0
9172,5334,0,0,0
9172,5358,0,0,0
9172,5362,0,0,0
9172,5366,0,0,0
9172,5370,0,0,0
9172,5374,11,0,11
9172,5378,0,0,0
9172,5382,124,20,104
9172,5512,0,0,0
9172,5513,0,0,0
9172,5515,0,0,0
9172,5554,0,0,0
9172,5558,0,0,0
9172,5562,0,0,0
9172,5566,21,10,11
9172,5570,0,0,0
9172,5711,0,0,0
9172,5754,0,0,0
9172,5758,0,0,0
9172,5762,0,0,0
9172,5766,0,0,0
9172,5770,0,0,0
9172,5774,0,0,0
9172,5911,0,0,0
9172,5913,11,0,11
9172,5914,0,0,0
9172,5915,0,0,0
9172,5916,0,0,0
9172,5954,0,0,0
9172,5958,0,0,0
9172,5962,0,0,0
9172,5966,0,0,0
9172,5970,0,0,0
9172,5974,0,0,0
9172,5978,0,0,0
9172,6411,0,0,0
9172,6412,57,18,39
9172,6413,0,0,0
9172,6414,0,0,0
9172,6431,0,0,0
9172,6432,0,0,0
9172,6433,24,0,24
9172,6434,0,0,0
9172,6435,10,10,0
9172,6436,0,0,0
9172,6437,0,0,0
9172,6438,10,0,10
9172,6439,0,0,0
9172,6440,0,0,0
9172,6531,0,0,0
9172,6532,0,0,0
9172,6533,0,0,0
9172,6534,0,0,0
9172,6535,0,0,0
9172,6611,0,0,0
9172,6631,0,0,0
9172,6632,0,0,0
9172,6633,0,0,0
9172,6634,13,0,13
9172,6635,0,0,0
9172,6636,0,0,0
9172,7111,0,0,0
9172,7131,0,0,0
9172,7132,0,0,0
9172,7133,0,0,0
9172,7134,0,0,0
9172,7135,0,0,0
9172,7137,0,0,0
9172,7138,0,0,0
9172,7140,17,0,17
9172,7141,0,0,0
9172,7143,0,0,0
9172,7211,0,0,0
9172,7231,0,0,0
9172,7232,0,0,0
9172,7233,0,0,0
9172,7235,0,0,0
9172,7311,0,0,0
9172,7312,0,0,0
9172,7313,0,0,0
9172,7314,0,0,0
9172,7315,0,0,0
9172,7316,0,0,0
9172,7317,0,0,0
9172,7318,0,0,0
9172,7319,0,0,0
9172,7320,0,0,0
9172,7331,0,0,0
9172,7332,0,0,0
9172,7333,0,0,0
9172,7334,0,0,0
9172,7335,0,0,0
9172,7336,0,0,0
9172,7337,0,0,0
9172,7338,0,0,0
9172,7339,0,0,0
9172,7340,0,0,0
9172,8111,37,20,17
9172,8115,13,13,0
9172,8116,13,13,0
9172,8117,0,0,0
9172,8118,31,31,0
9172,8119,21,11,10
9172,8121,0,0,0
9172,8125,21,21,0
9172,8126,0,0,0
9172,8127,0,0,0
9172,8128,0,0,0
9172,8135,0,0,0
9172,8136,13,13,0
9172,8211,0,0,0
9172,8212,10,0,10
9172,8215,14,14,0
9172,8216,0,0,0
9172,8221,0,0,0
9172,8222,0,0,0
9172,8225,0,0,0
9172,8226,0,0,0
9172,8231,0,0,0
9172,8235,28,0,28
9172,8236,20,10,10
9172,8237,0,0,0
9172,8311,0,0,0
9172,8315,0,0,0
9172,8316,0,0,0
9172,8317,0,0,0
9172,8325,0,0,0
9172,8326,57,57,0
9172,8327,0,0,0
9172,8335,0,0,0
9172,8336,0,0,0
9172,8337,0,0,0
9172,8415,0,0,0
9172,8416,0,0,0
9172,8417,0,0,0
9172,8421,0,0,0
9172,8425,0,0,0
9172,8426,0,0,0
9172,8435,0,0,0
9172,8436,0,0,0
9172,8437,0,0,0
9172,9161,18,0,18
9172,9162,910,150,760
9172,9163,234,85,149
9172,9171,269,116,153
9172,9172,0,0,0
9172,9173,11,0,11
9172,9174,10,0,10
9172,9175,60,16,44
9172,9176,0,0,0
9172,9177,42,19,23
9172,9178,79,17,62
9172,9179,39,12,27
9172,9180,15,15,0
9172,9181,0,0,0
9172,9182,102,17,85
9172,9183,142,61,81
9172,9184,233,44,189
9172,9185,10,0,10
9172,9186,42,0,42
9172,9187,558,223,335
9172,9188,36,11,25
9172,9189,6617,2801,3816
9172,9190,21,10,11
9172,9261,31,11,20
9172,9262,29,0,29
9172,9263,0,0,0
9172,9271,0,0,0
9172,9272,13,13,0
9172,9273,0,0,0
9172,9274,14,14,0
9172,9275,33,20,13
9172,9276,0,0,0
9172,9277,45,28,17
9172,9278,0,0,0
9172,9279,14,0,14
9172,9361,0,0,0
9172,9362,64,18,46
9172,9363,0,0,0
9172,9371,0,0,0
9172,9372,0,0,0
9172,9373,0,0,0
9172,9374,0,0,0
9172,9375,20,10,10
9172,9376,14,0,14
9172,9377,0,0,0
9172,9461,0,0,0
9172,9462,0,0,0
9172,9463,0,0,0
9172,9464,0,0,0
9172,9471,0,0,0
9172,9472,0,0,0
9172,9473,0,0,0
9172,9474,0,0,0
9172,9475,0,0,0
9172,9476,0,0,0
9172,9477,0,0,0
9172,9478,0,0,0
9172,9479,0,0,0
9172,9561,0,0,0
9172,9562,0,0,0
9172,9563,0,0,0
9172,9564,77,35,42
9172,9565,0,0,0
9172,9571,0,0,0
9172,9572,22,0,22
9172,9573,0,0,0
9172,9574,0,0,0
9172,9575,0,0,0
9172,9576,0,0,0
9172,9577,0,0,0
9172,9661,0,0,0
9172,9662,0,0,0
9172,9663,0,0,0
9172,9671,0,0,0
9172,9672,0,0,0
9172,9673,0,0,0
9172,9674,0,0,0
9172,9675,0,0,0
9172,9676,0,0,0
9172,9677,0,0,0
9172,9678,0,0,0
9172,9679,0,0,0
9172,9761,50,12,38
9172,9762,0,0,0
9172,9763,0,0,0
9172,9764,0,0,0
9172,9771,0,0,0
9172,9772,35,35,0
9172,9773,0,0,0
9172,9774,0,0,0
9172,9775,0,0,0
9172,9776,0,0,0
9172,9777,0,0,0
9172,9778,0,0,0
9172,9779,0,0,0
9172,9780,22,10,12
9172,10041,0,0,0
9172,10042,0,0,0
9172,10043,0,0,0
9172,10044,0,0,0
9172,10045,0,0,0
9172,10046,0,0,0
9172,11000,116,61,55
9172,12051,0,0,0
9172,12052,0,0,0
9172,12053,0,0,0
9172,12054,0,0,0
9172,12060,0,0,0
9172,12061,0,0,0
9172,12062,0,0,0
9172,12063,0,0,0
9172,12064,0,0,0
9172,12065,0,0,0
9172,12066,0,0,0
9172,12067,27,27,0
9172,12068,0,0,0
9172,12069,0,0,0
9172,12070,0,0,0
9172,12071,0,0,0
9172,12072,0,0,0
9172,12073,0,0,0
9172,13003,0,0,0
9172,13004,0,0,0
9172,13071,0,0,0
9172,13072,0,0,0
9172,13073,0,0,0
9172,13074,0,0,0
9172,13075,0,0,0
9172,13076,0,0,0
9172,14511,0,0,0
9172,14521,0,0,0
9172,14522,11,11,0
9172,14523,0,0,0
9172,14524,10,10,0
9172,14612,11,11,0
9172,14625,10,10,0
9172,14626,18,18,0
9172,14627,0,0,0
9172,14628,0,0,0
9172,14713,12,12,0
9172,14729,0,0,0
9172,14730,0,0,0
9172,15001,0,0,0
9172,15002,11,11,0
9172,15003,10,10,0
9172,15081,0,0,0
9172,15082,0,0,0
9172,15083,0,0,0
9172,15084,0,0,0
9172,15085,0,0,0
9172,15086,0,0,0
9172,15087,0,0,0
9172,15088,0,0,0
9172,15089,17,17,0
9172,15090,0,0,0
9172,15091,0,0,0
9172,16051,10,10,0
9172,16052,0,0,0
9172,16053,0,0,0
9172,16054,0,0,0
9172,16055,0,0,0
9172,16056,0,0,0
9172,16061,0,0,0
9172,16062,0,0,0
9172,16063,0,0,0
9172,16064,0,0,0
9172,16065,0,0,0
9172,16066,0,0,0
9172,16067,0,0,0
9172,16068,0,0,0
9172,16069,0,0,0
9172,16070,0,0,0
9172,16071,0,0,0
9172,16072,0,0,0
9172,16073,0,0,0
9172,16074,0,0,0
9172,16075,0,0,0
9172,16076,0,0,0
9172,16077,0,0,0
9173,1001,0,0,0
9173,1002,0,0,0
9173,1003,0,0,0
9173,1004,0,0,0
9173,1051,0,0,0
9173,1053,0,0,0
9173,1054,0,0,0
9173,1055,0,0,0
9173,1056,0,0,0
9173,1057,0,0,0
9173,1058,0,0,0
9173,1059,0,0,0
9173,1060,0,0,0
9173,1061,0,0,0
9173,1062,0,0,0
9173,2000,88,23,65
9173,3101,0,0,0
9173,3102,0,0,0
9173,3103,0,0,0
9173,3151,0,0,0
9173,3153,0,0,0
9173,3154,0,0,0
9173,3155,0,0,0
9173,3157,0,0,0
9173,3158,0,0,0
9173,3159,0,0,0
9173,3241,28,0,28
9173,3251,0,0,0
9173,3252,0,0,0
9173,3254,0,0,0
9173,3255,0,0,0
9173,3256,0,0,0
9173,3257,0,0,0
9173,3351,0,0,0
9173,3352,0,0,0
9173,3353,0,0,0
9173,3354,0,0,0
9173,3355,0,0,0
9173,3356,0,0,0
9173,3357,0,0,0
9173,3358,0,0,0
9173,3359,0,0,0
9173,3360,0,0,0
9173,3361,0,0,0
9173,3401,0,0,0
9173,3402,0,0,0
9173,3403,0,0,0
9173,3404,0,0,0
9173,3405,0,0,0
9173,3451,0,0,0
9173,3452,0,0,0
9173,3453,0,0,0
9173,3454,0,0,0
9173,3455,0,0,0
9173,3456,0,0,0
9173,3457,0,0,0
9173,3458,0,0,0
9173,3459,0,0,0
9173,3460,0,0,0
9173,3461,0,0,0
9173,3462,0,0,0
9173,4011,15,0,15
9173,4012,0,0,0
9173,5111,71,11,60
9173,5112,10,0,10
9173,5113,20,0,20
9173,5114,0,0,0
9173,5116,0,0,0
9173,5117,0,0,0
9173,5119,0,0,0
9173,5120,0,0,0
9173,5122,0,0,0
9173,5124,0,0,0
9173,5154,0,0,0
9173,5158,32,10,22
9173,5162,23,11,12
9173,5166,10,0,10
9173,5170,0,0,0
9173,5314,10,0,10
9173,5315,68,20,48
9173,5316,0,0,0
9173,5334,15,0,15
9173,5358,0,0,0
9173,5362,14,14,0
9173,5366,0,0,0
9173,5370,0,0,0
9173,5374,0,0,0
9173,5378,0,0,0
9173,5382,25,14,11
9173,5512,0,0,0
9173,5513,0,0,0
9173,5515,0,0,0
9173,5554,0,0,0
9173,5558,0,0,0
9173,5562,11,11,0
9173,5566,0,0,0
9173,5570,0,0,0
9173,5711,24,0,24
9173,5754,45,0,45
9173,5758,0,0,0
9173,5762,0,0,0
9173,5766,0,0,0
9173,5770,0,0,0
9173,5774,0,0,0
9173,5911,14,0,14
9173,5913,11,0,11
9173,5914,0,0,0
9173,5915,0,0,0
9173,5916,0,0,0
9173,5954,0,0,0
9173,5958,0,0,0
9173,5962,0,0,0
9173,5966,0,0,0
9173,5970,0,0,0
9173,5974,0,0,0
9173,5978,0,0,0
9173,6411,16,0,16
9173,6412,96,0,96
9173,6413,0,0,0
9173,6414,15,0,15
9173,6431,0,0,0
9173,6432,0,0,0
9173,6433,0,0,0
9173,6434,78,0,78
9173,6435,0,0,0
9173,6436,31,0,31
9173,6437,0,0,0
9173,6438,37,0,37
9173,6439,0,0,0
9173,6440,0,0,0
9173,6531,0,0,0
9173,6532,0,0,0
9173,6533,0,0,0
9173,6534,0,0,0
9173,6535,0,0,0
9173,6611,0,0,0
9173,6631,0,0,0
9173,6632,0,0,0
9173,6633,0,0,0
9173,6634,0,0,0
9173,6635,0,0,0
9173,6636,0,0,0
9173,7111,0,0,0
9173,7131,0,0,0
9173,7132,0,0,0
9173,7133,11,0,11
9173,7134,0,0,0
9173,7135,0,0,0
9173,7137,0,0,0
9173,7138,0,0,0
9173,7140,0,0,0
9173,7141,0,0,0
9173,7143,0,0,0
9173,7211,0,0,0
9173,7231,0,0,0
9173,7232,0,0,0
9173,7233,0,0,0
9173,7235,0,0,0
9173,7311,0,0,0
9173,7312,0,0,0
9173,7313,0,0,0
9173,7314,0,0,0
9173,7315,0,0,0
9173,7316,0,0,0
9173,7317,0,0,0
9173,7318,0,0,0
9173,7319,0,0,0
9173,7320,0,0,0
9173,7331,0,0,0
9173,7332,0,0,0
9173,7333,0,0,0
9173,7334,0,0,0
9173,7335,0,0,0
9173,7336,0,0,0
9173,7337,0,0,0
9173,7338,0,0,0
9173,7339,0,0,0
9173,7340,0,0,0
9173,8111,75,11,64
9173,8115,22,0,22
9173,8116,24,0,24
9173,8117,14,0,14
9173,8118,31,10,21
9173,8119,10,0,10
9173,8121,0,0,0
9173,8125,0,0,0
9173,8126,10,0,10
9173,8127,0,0,0
9173,8128,0,0,0
9173,8135,0,0,0
9173,8136,10,10,0
9173,8211,0,0,0
9173,8212,10,0,10
9173,8215,24,12,12
9173,8216,0,0,0
9173,8221,0,0,0
9173,8222,28,0,28
9173,8225,0,0,0
9173,8226,21,11,10
9173,8231,0,0,0
9173,8235,0,0,0
9173,8236,0,0,0
9173,8237,0,0,0
9173,8311,0,0,0
9173,8315,0,0,0
9173,8316,0,0,0
9173,8317,0,0,0
9173,8325,0,0,0
9173,8326,16,0,16
9173,8327,0,0,0
9173,8335,11,11,0
9173,8336,0,0,0
9173,8337,0,0,0
9173,8415,11,0,11
9173,8416,0,0,0
9173,8417,0,0,0
9173,8421,17,0,17
9173,8425,0,0,0
9173,8426,13,13,0
9173,8435,10,0,10
9173,8436,13,0,13
9173,8437,10,10,0
9173,9161,37,11,26
9173,9162,9785,1789,7996
9173,9163,175,35,140
9173,9171,14,0,14
9173,9172,11,11,0
9173,9173,0,0,0
9173,9174,154,63,91
9173,9175,286,126,160
9173,9176,28,16,12
9173,9177,101,52,49
9173,9178,234,52,182
9173,9179,336,161,175
9173,9180,1398,815,583
9173,9181,207,137,70
9173,9182,4289,1562,2727
9173,9183,48,28,20
9173,9184,5069,780,4289
9173,9185,40,0,40
9173,9186,49,17,32
9173,9187,376,196,180
9173,9188,2125,668,1457
9173,9189,64,31,33
9173,9190,5167,1956,3211
9173,9261,17,0,17
9173,9262,21,0,21
9173,9263,13,0,13
9173,9271,11,11,0
9173,9272,14,14,0
9173,9273,16,16,0
9173,9274,41,25,16
9173,9275,20,20,0
9173,9276,12,12,0
9173,9277,14,14,0
9173,9278,12,12,0
9173,9279,0,0,0
9173,9361,0,0,0
9173,9362,51,19,32
9173,9363,0,0,0
9173,9371,0,0,0
9173,9372,14,14,0
9173,9373,12,12,0
9173,9374,0,0,0
9173,9375,34,22,12
9173,9376,25,14,11
9173,9377,0,0,0
9173,9461,0,0,0
9173,9462,0,0,0
9173,9463,0,0,0
9173,9464,0,0,0
9173,9471,0,0,0
9173,9472,0,0,0
9173,9473,0,0,0
9173,9474,0,0,0
9173,9475,21,0,21
9173,9476,0,0,0
9173,9477,0,0,0
9173,9478,0,0,0
9173,9479,0,0,0
9173,9561,0,0,0
9173,9562,18,0,18
9173,9563,0,0,0
9173,9564,89,30,59
9173,9565,0,0,0
9173,9571,0,0,0
9173,9572,12,0,12
9173,9573,0,0,0
9173,9574,10,10,0
9173,9575,0,0,0
9173,9576,0,0,0
9173,9577,0,0,0
9173,9661,0,0,0
9173,9662,0,0,0
9173,9663,102,0,102
9173,9671,0,0,0
9173,9672,0,0,0
9173,9673,0,0,0
9173,9674,0,0,0
9173,9675,0,0,0
9173,9676,0,0,0
9173,9677,0,0,0
9173,9678,0,0,0
9173,9679,0,0,0
9173,9761,125,42,83
9173,9762,25,11,14
9173,9763,12,0,12
9173,9764,0,0,0
9173,9771,40,20,20
9173,9772,68,39,29
9173,9773,0,0,0
9173,9774,26,15,11
9173,9775,10,0,10
9173,9776,0,0,0
9173,9777,115,65,50
9173,9778,35,19,16
9173,9779,50,17,33
9173,9780,36,16,20
9173,10041,10,0,10
9173,10042,0,0,0
9173,10043,0,0,0
9173,10044,0,0,0
9173,10045,0,0,0
9173,10046,0,0,0
9173,11000,171,44,127
9173,12051,0,0,0
9173,12052,0,0,0
9173,12053,0,0,0
9173,12054,0,0,0
9173,12060,0,0,0
9173,12061,0,0,0
9173,12062,0,0,0
9173,12063,0,0,0
9173,12064,0,0,0
9173,12065,0,0,0
9173,12066,0,0,0
9173,12067,0,0,0
9173,12068,0,0,0
9173,12069,17,0,17
9173,12070,0,0,0
9173,12071,0,0,0
9173,12072,0,0,0
9173,12073,0,0,0
9173,13003,0,0,0
9173,13004,0,0,0
9173,13071,0,0,0
9173,13072,0,0,0
9173,13073,0,0,0
9173,13074,0,0,0
9173,13075,0,0,0
9173,13076,0,0,0
9173,14511,0,0,0
9173,14521,0,0,0
9173,14522,0,0,0
9173,14523,18,18,0
9173,14524,11,11,0
9173,14612,22,11,11
9173,14625,0,0,0
9173,14626,0,0,0
9173,14627,0,0,0
9173,14628,0,0,0
9173,14713,17,17,0
9173,14729,0,0,0
9173,14730,0,0,0
9173,15001,0,0,0
9173,15002,10,0,10
9173,15003,0,0,0
9173,15081,0,0,0
9173,15082,0,0,0
9173,15083,0,0,0
9173,15084,0,0,0
9173,15085,0,0,0
9173,15086,0,0,0
9173,15087,0,0,0
9173,15088,0,0,0
9173,15089,0,0,0
9173,15090,0,0,0
9173,15091,0,0,0
9173,16051,0,0,0
9173,16052,0,0,0
9173,16053,0,0,0
9173,16054,0,0,0
9173,16055,0,0,0
9173,16056,0,0,0
9173,16061,0,0,0
9173,16062,0,0,0
9173,16063,0,0,0
9173,16064,0,0,0
9173,16065,0,0,0
9173,16066,0,0,0
9173,16067,0,0,0
9173,16068,0,0,0
9173,16069,0,0,0
9173,16070,0,0,0
9173,16071,0,0,0
9173,16072,10,10,0
9173,16073,0,0,0
9173,16074,0,0,0
9173,16075,0,0,0
9173,16076,21,0,21
9173,16077,0,0,0
9174,1001,0,0,0
9174,1002,0,0,0
9174,1003,0,0,0
9174,1004,0,0,0
9174,1051,0,0,0
9174,1053,0,0,0
9174,1054,0,0,0
9174,1055,0,0,0
9174,1056,13,13,0
9174,1057,0,0,0
9174,1058,0,0,0
9174,1059,0,0,0
9174,1060,0,0,0
9174,1061,0,0,0
9174,1062,0,0,0
9174,2000,131,28,103
9174,3101,22,0,22
9174,3102,0,0,0
9174,3103,12,0,12
9174,3151,0,0,0
9174,3153,0,0,0
9174,3154,0,0,0
9174,3155,0,0,0
9174,3157,0,0,0
9174,3158,0,0,0
9174,3159,0,0,0
9174,3241,92,30,62
9174,3251,0,0,0
9174,3252,11,11,0
9174,3254,0,0,0
9174,3255,0,0,0
9174,3256,0,0,0
9174,3257,0,0,0
9174,3351,0,0,0
9174,3352,0,0,0
9174,3353,13,0,13
9174,3354,0,0,0
9174,3355,0,0,0
9174,3356,0,0,0
9174,3357,0,0,0
9174,3358,0,0,0
9174,3359,0,0,0
9174,3360,0,0,0
9174,3361,0,0,0
9174,3401,0,0,0
9174,3402,0,0,0
9174,3403,0,0,0
9174,3404,0,0,0
9174,3405,0,0,0
9174,3451,0,0,0
9174,3452,0,0,0
9174,3453,0,0,0
9174,3454,11,0,11
9174,3455,0,0,0
9174,3456,0,0,0
9174,3457,0,0,0
9174,3458,0,0,0
9174,3459,0,0,0
9174,3460,0,0,0
9174,3461,0,0,0
9174,3462,0,0,0
9174,4011,24,0,24
9174,4012,0,0,0
9174,5111,103,13,90
9174,5112,14,0,14
9174,5113,27,0,27
9174,5114,17,0,17
9174,5116,17,0,17
9174,5117,0,0,0
9174,5119,0,0,0
9174,5120,0,0,0
9174,5122,0,0,0
9174,5124,0,0,0
9174,5154,0,0,0
9174,5158,31,0,31
9174,5162,23,0,23
9174,5166,0,0,0
9174,5170,0,0,0
9174,5314,14,0,14
9174,5315,117,20,97
9174,5316,0,0,0
9174,5334,30,11,19
9174,5358,0,0,0
9174,5362,13,0,13
9174,5366,0,0,0
9174,5370,0,0,0
9174,5374,34,0,34
9174,5378,0,0,0
9174,5382,11,0,11
9174,5512,0,0,0
9174,5513,0,0,0
9174,5515,0,0,0
9174,5554,0,0,0
9174,5558,0,0,0
9174,5562,0,0,0
9174,5566,0,0,0
9174,5570,0,0,0
9174,5711,0,0,0
9174,5754,13,0,13
9174,5758,0,0,0
9174,5762,0,0,0
9174,5766,0,0,0
9174,5770,0,0,0
9174,5774,17,0,17
9174,5911,16,0,16
9174,5913,28,0,28
9174,5914,0,0,0
9174,5915,0,0,0
9174,5916,0,0,0
9174,5954,29,10,19
9174,5958,0,0,0
9174,5962,0,0,0
9174,5966,0,0,0
9174,5970,0,0,0
9174,5974,0,0,0
9174,5978,15,0,15
9174,6411,19,0,19
9174,6412,165,19,146
9174,6413,0,0,0
9174,6414,19,0,19
9174,6431,15,0,15
9174,6432,10,0,10
9174,6433,18,18,0
9174,6434,52,0,52
9174,6435,29,16,13
9174,6436,45,10,35
9174,6437,0,0,0
9174,6438,85,28,57
9174,6439,0,0,0
9174,6440,10,0,10
9174,6531,0,0,0
9174,6532,0,0,0
9174,6533,52,0,52
9174,6534,0,0,0
9174,6535,0,0,0
9174,6611,0,0,0
9174,6631,0,0,0
9174,6632,0,0,0
9174,6633,22,22,0
9174,6634,0,0,0
9174,6635,0,0,0
9174,6636,0,0,0
9174,7111,0,0,0
9174,7131,0,0,0
9174,7132,0,0,0
9174,7133,0,0,0
9174,7134,0,0,0
9174,7135,0,0,0
9174,7137,0,0,0
9174,7138,0,0,0
9174,7140,0,0,0
9174,7141,0,0,0
9174,7143,0,0,0
9174,7211,0,0,0
9174,7231,0,0,0
9174,7232,0,0,0
9174,7233,0,0,0
9174,7235,0,0,0
9174,7311,0,0,0
9174,7312,0,0,0
9174,7313,0,0,0
9174,7314,0,0,0
9174,7315,12,0,12
9174,7316,0,0,0
9174,7317,0,0,0
9174,7318,0,0,0
9174,7319,0,0,0
9174,7320,0,0,0
9174,7331,0,0,0
9174,7332,0,0,0
9174,7333,0,0,0
9174,7334,0,0,0
9174,7335,0,0,0
9174,7336,0,0,0
9174,7337,0,0,0
9174,7338,0,0,0
9174,7339,0,0,0
9174,7340,0,0,0
9174,8111,130,34,96
9174,8115,77,50,27
9174,8116,112,31,81
9174,8117,34,23,11
9174,8118,55,21,34
9174,8119,34,15,19
9174,8121,0,0,0
9174,8125,30,16,14
9174,8126,18,0,18
9174,8127,17,0,17
9174,8128,10,0,10
9174,8135,0,0,0
9174,8136,29,15,14
9174,8211,0,0,0
9174,8212,16,0,16
9174,8215,22,0,22
9174,8216,26,26,0
9174,8221,13,0,13
9174,8222,20,0,20
9174,8225,12,12,0
9174,8226,17,0,17
9174,8231,0,0,0
9174,8235,10,10,0
9174,8236,0,0,0
9174,8237,0,0,0
9174,8311,12,0,12
9174,8315,78,0,78
9174,8316,0,0,0
9174,8317,58,40,18
9174,8325,0,0,0
9174,8326,15,15,0
9174,8327,0,0,0
9174,8335,13,13,0
9174,8336,12,0,12
9174,8337,0,0,0
9174,8415,16,16,0
9174,8416,13,13,0
9174,8417,10,0,10
9174,8421,55,22,33
9174,8425,0,0,0
9174,8426,0,0,0
9174,8435,25,0,25
9174,8436,27,15,12
9174,8437,0,0,0
9174,9161,376,118,258
9174,9162,34550,5883,28667
9174,9163,76,47,29
9174,9171,65,25,40
9174,9172,10,10,0
9174,9173,154,91,63
9174,9174,0,0,0
9174,9175,582,229,353
9174,9176,126,44,82
9174,9177,553,200,353
9174,9178,2972,1279,1693
9174,9179,4796,2558,2238
9174,9180,46,27,19
9174,9181,272,185,87
9174,9182,138,62,76
9174,9183,85,51,34
9174,9184,6710,1064,5646
9174,9185,510,256,254
9174,9186,1692,1138,554
9174,9187,189,133,56
9174,9188,869,230,639
9174,9189,59,35,24
9174,9190,114,72,42
9174,9261,100,57,43
9174,9262,13,0,13
9174,9263,41,25,16
9174,9271,65,43,22
9174,9272,24,24,0
9174,9273,95,47,48
9174,9274,169,112,57
9174,9275,48,31,17
9174,9276,0,0,0
9174,9277,26,26,0
9174,9278,43,32,11
9174,9279,147,118,29
9174,9361,0,0,0
9174,9362,78,26,52
9174,9363,0,0,0
9174,9371,10,10,0
9174,9372,17,17,0
9174,9373,23,11,12
9174,9374,14,14,0
9174,9375,58,42,16
9174,9376,28,28,0
9174,9377,0,0,0
9174,9461,0,0,0
9174,9462,0,0,0
9174,9463,0,0,0
9174,9464,0,0,0
9174,9471,12,12,0
9174,9472,0,0,0
9174,9473,0,0,0
9174,9474,10,10,0
9174,9475,19,0,19
9174,9476,0,0,0
9174,9477,0,0,0
9174,9478,0,0,0
9174,9479,0,0,0
9174,9561,0,0,0
9174,9562,36,11,25
9174,9563,35,23,12
9174,9564,216,70,146
9174,9565,0,0,0
9174,9571,20,20,0
9174,9572,0,0,0
9174,9573,14,14,0
9174,9574,12,12,0
9174,9575,0,0,0
9174,9576,51,41,10
9174,9577,0,0,0
9174,9661,0,0,0
9174,9662,0,0,0
9174,9663,13,13,0
9174,9671,0,0,0
9174,9672,0,0,0
9174,9673,0,0,0
9174,9674,10,10,0
9174,9675,10,10,0
9174,9676,0,0,0
9174,9677,0,0,0
9174,9678,10,10,0
9174,9679,0,0,0
9174,9761,1136,590,546
9174,9762,25,14,11
9174,9763,34,34,0
9174,9764,0,0,0
9174,9771,2193,1602,591
9174,9772,514,353,161
9174,9773,23,23,0
9174,9774,40,23,17
9174,9775,16,16,0
9174,9776,21,11,10
9174,9777,68,52,16
9174,9778,85,54,31
9174,9779,67,32,35
9174,9780,56,36,20
9174,10041,0,0,0
9174,10042,0,0,0
9174,10043,0,0,0
9174,10044,0,0,0
9174,10045,0,0,0
9174,10046,0,0,0
9174,11000,195,69,126
9174,12051,0,0,0
9174,12052,0,0,0
9174,12053,0,0,0
9174,12054,20,0,20
9174,12060,0,0,0
9174,12061,0,0,0
9174,12062,0,0,0
9174,12063,0,0,0
9174,12064,0,0,0
9174,12065,0,0,0
9174,12066,0,0,0
9174,12067,0,0,0
9174,12068,0,0,0
9174,12069,0,0,0
9174,12070,0,0,0
9174,12071,0,0,0
9174,12072,0,0,0
9174,12073,0,0,0
9174,13003,0,0,0
9174,13004,0,0,0
9174,13071,0,0,0
9174,13072,0,0,0
9174,13073,0,0,0
9174,13074,0,0,0
9174,13075,0,0,0
9174,13076,0,0,0
9174,14511,36,23,13
9174,14521,26,26,0
9174,14522,32,32,0
9174,14523,0,0,0
9174,14524,17,17,0
9174,14612,23,11,12
9174,14625,11,11,0
9174,14626,16,16,0
9174,14627,0,0,0
9174,14628,0,0,0
9174,14713,75,58,17
9174,14729,25,25,0
9174,14730,21,21,0
9174,15001,0,0,0
9174,15002,13,13,0
9174,15003,0,0,0
9174,15081,0,0,0
9174,15082,0,0,0
9174,15083,0,0,0
9174,15084,15,15,0
9174,15085,0,0,0
9174,15086,0,0,0
9174,15087,0,0,0
9174,15088,16,16,0
9174,15089,11,11,0
9174,15090,0,0,0
9174,15091,0,0,0
9174,16051,17,17,0
9174,16052,0,0,0
9174,16053,0,0,0
9174,16054,0,0,0
9174,16055,0,0,0
9174,16056,0,0,0
9174,16061,0,0,0
9174,16062,0,0,0
9174,16063,0,0,0
9174,16064,0,0,0
9174,16065,0,0,0
9174,16066,0,0,0
9174,16067,0,0,0
9174,16068,0,0,0
9174,16069,0,0,0
9174,16070,0,0,0
9174,16071,0,0,0
9174,16072,0,0,0
9174,16073,0,0,0
9174,16074,0,0,0
9174,16075,0,0,0
9174,16076,0,0,0
9174,16077,0,0,0
9175,1001,0,0,0
9175,1002,0,0,0
9175,1003,0,0,0
9175,1004,0,0,0
9175,1051,0,0,0
9175,1053,0,0,0
9175,1054,0,0,0
9175,1055,0,0,0
9175,1056,10,10,0
9175,1057,0,0,0
9175,1058,0,0,0
9175,1059,0,0,0
9175,1060,10,10,0
9175,1061,0,0,0
9175,1062,13,13,0
9175,2000,186,57,129
9175,3101,0,0,0
9175,3102,0,0,0
9175,3103,0,0,0
9175,3151,0,0,0
9175,3153,0,0,0
9175,3154,0,0,0
9175,3155,0,0,0
9175,3157,0,0,0
9175,3158,0,0,0
9175,3159,0,0,0
9175,3241,85,40,45
9175,3251,0,0,0
9175,3252,0,0,0
9175,3254,0,0,0
9175,3255,0,0,0
9175,3256,0,0,0
9175,3257,0,0,0
9175,3351,0,0,0
9175,3352,0,0,0
9175,3353,0,0,0
9175,3354,0,0,0
9175,3355,0,0,0
9175,3356,0,0,0
9175,3357,0,0,0
9175,3358,0,0,0
9175,3359,0,0,0
9175,3360,0,0,0
9175,3361,0,0,0
9175,3401,0,0,0
9175,3402,0,0,0
9175,3403,0,0,0
9175,3404,0,0,0
9175,3405,0,0,0
9175,3451,0,0,0
9175,3452,0,0,0
9175,3453,0,0,0
9175,3454,0,0,0
9175,3455,0,0,0
9175,3456,0,0,0
9175,3457,0,0,0
9175,3458,0,0,0
9175,3459,12,0,12
9175,3460,0,0,0
9175,3461,0,0,0
9175,3462,0,0,0
9175,4011,31,0,31
9175,4012,0,0,0
9175,5111,105,0,105
9175,5112,10,0,10
9175,5113,31,0,31
9175,5114,0,0,0
9175,5116,11,0,11
9175,5117,0,0,0
9175,5119,0,0,0
9175,5120,0,0,0
9175,5122,0,0,0
9175,5124,10,10,0
9175,5154,0,0,0
9175,5158,60,26,34
9175,5162,41,14,27
9175,5166,11,11,0
9175,5170,0,0,0
9175,5314,18,0,18
9175,5315,108,27,81
9175,5316,0,0,0
9175,5334,25,11,14
9175,5358,12,12,0
9175,5362,33,21,12
9175,5366,0,0,0
9175,5370,0,0,0
9175,5374,0,0,0
9175,5378,10,10,0
9175,5382,29,13,16
9175,5512,0,0,0
9175,5513,0,0,0
9175,5515,0,0,0
9175,5554,0,0,0
9175,5558,0,0,0
9175,5562,0,0,0
9175,5566,0,0,0
9175,5570,0,0,0
9175,5711,10,0,10
9175,5754,17,0,17
9175,5758,0,0,0
9175,5762,0,0,0
9175,5766,0,0,0
9175,5770,0,0,0
9175,5774,0,0,0
9175,5911,0,0,0
9175,5913,17,0,17
9175,5914,0,0,0
9175,5915,0,0,0
9175,5916,0,0,0
9175,5954,0,0,0
9175,5958,10,10,0
9175,5962,0,0,0
9175,5966,0,0,0
9175,5970,0,0,0
9175,5974,12,0,12
9175,5978,10,10,0
9175,6411,28,0,28
9175,6412,223,24,199
9175,6413,0,0,0
9175,6414,27,0,27
9175,6431,0,0,0
9175,6432,14,14,0
9175,6433,19,19,0
9175,6434,73,10,63
9175,6435,25,13,12
9175,6436,58,16,42
9175,6437,0,0,0
9175,6438,67,19,48
9175,6439,0,0,0
9175,6440,0,0,0
9175,6531,0,0,0
9175,6532,0,0,0
9175,6533,0,0,0
9175,6534,0,0,0
9175,6535,0,0,0
9175,6611,10,0,10
9175,6631,0,0,0
9175,6632,0,0,0
9175,6633,0,0,0
9175,6634,0,0,0
9175,6635,0,0,0
9175,6636,0,0,0
9175,7111,0,0,0
9175,7131,0,0,0
9175,7132,0,0,0
9175,7133,0,0,0
9175,7134,0,0,0
9175,7135,0,0,0
9175,7137,0,0,0
9175,7138,0,0,0
9175,7140,0,0,0
9175,7141,0,0,0
9175,7143,0,0,0
9175,7211,0,0,0
9175,7231,0,0,0
9175,7232,0,0,0
9175,7233,0,0,0
9175,7235,0,0,0
9175,7311,0,0,0
9175,7312,0,0,0
9175,7313,0,0,0
9175,7314,0,0,0
9175,7315,11,0,11
9175,7316,0,0,0
9175,7317,0,0,0
9175,7318,0,0,0
9175,7319,0,0,0
9175,7320,0,0,0
9175,7331,0,0,0
9175,7332,0,0,0
9175,7333,0,0,0
9175,7334,0,0,0
9175,7335,0,0,0
9175,7336,0,0,0
9175,7337,0,0,0
9175,7338,0,0,0
9175,7339,11,11,0
9175,7340,0,0,0
9175,8111,128,21,107
9175,8115,35,20,15
9175,8116,49,13,36
9175,8117,26,10,16
9175,8118,55,22,33
9175,8119,30,13,17
9175,8121,0,0,0
9175,8125,29,17,12
9175,8126,15,0,15
9175,8127,0,0,0
9175,8128,12,0,12
9175,8135,0,0,0
9175,8136,0,0,0
9175,8211,0,0,0
9175,8212,25,0,25
9175,8215,30,12,18
9175,8216,0,0,0
9175,8221,0,0,0
9175,8222,49,10,39
9175,8225,0,0,0
9175,8226,35,14,21
9175,8231,0,0,0
9175,8235,0,0,0
9175,8236,0,0,0
9175,8237,0,0,0
9175,8311,25,0,25
9175,8315,0,0,0
9175,8316,0,0,0
9175,8317,19,0,19
9175,8325,0,0,0
9175,8326,0,0,0
9175,8327,0,0,0
9175,8335,59,39,20
9175,8336,14,0,14
9175,8337,0,0,0
9175,8415,11,0,11
9175,8416,0,0,0
9175,8417,15,0,15
9175,8421,28,0,28
9175,8425,15,15,0
9175,8426,0,0,0
9175,8435,20,20,0
9175,8436,10,10,0
9175,8437,0,0,0
9175,9161,136,43,93
9175,9162,28448,5912,22536
9175,9163,653,221,432
9175,9171,130,68,62
9175,9172,60,44,16
9175,9173,286,160,126
9175,9174,582,353,229
9175,9175,0,0,0
9175,9176,69,47,22
9175,9177,5665,4270,1395
9175,9178,1570,623,947
9175,9179,577,349,228
9175,9180,53,42,11
9175,9181,106,67,39
9175,9182,600,293,307
9175,9183,1242,979,263
9175,9184,13608,2676,10932
9175,9185,68,38,30
9175,9186,258,152,106
9175,9187,4143,2545,1598
9175,9188,355,142,213
9175,9189,292,180,112
9175,9190,121,84,37
9175,9261,101,65,36
9175,9262,23,10,13
9175,9263,21,10,11
9175,9271,69,45,24
9175,9272,31,31,0
9175,9273,69,55,14
9175,9274,248,193,55
9175,9275,61,42,19
9175,9276,40,40,0
9175,9277,58,33,25
9175,9278,44,44,0
9175,9279,43,28,15
9175,9361,0,0,0
9175,9362,86,38,48
9175,9363,0,0,0
9175,9371,17,17,0
9175,9372,24,14,10
9175,9373,27,17,10
9175,9374,0,0,0
9175,9375,44,44,0
9175,9376,30,19,11
9175,9377,0,0,0
9175,9461,0,0,0
9175,9462,0,0,0
9175,9463,0,0,0
9175,9464,0,0,0
9175,9471,14,14,0
9175,9472,0,0,0
9175,9473,0,0,0
9175,9474,0,0,0
9175,9475,32,19,13
9175,9476,0,0,0
9175,9477,0,0,0
9175,9478,0,0,0
9175,9479,0,0,0
9175,9561,0,0,0
9175,9562,34,0,34
9175,9563,18,18,0
9175,9564,158,59,99
9175,9565,0,0,0
9175,9571,31,20,11
9175,9572,23,13,10
9175,9573,15,15,0
9175,9574,28,28,0
9175,9575,11,11,0
9175,9576,63,63,0
9175,9577,12,12,0
9175,9661,0,0,0
9175,9662,0,0,0
9175,9663,27,12,15
9175,9671,12,0,12
9175,9672,0,0,0
9175,9673,0,0,0
9175,9674,17,17,0
9175,9675,14,14,0
9175,9676,17,0,17
9175,9677,0,0,0
9175,9678,11,11,0
9175,9679,17,17,0
9175,9761,161,94,67
9175,9762,10,0,10
9175,9763,0,0,0
9175,9764,0,0,0
9175,9771,115,84,31
9175,9772,98,67,31
9175,9773,15,15,0
9175,9774,31,20,11
9175,9775,33,13,20
9175,9776,0,0,0
9175,9777,46,31,15
9175,9778,24,24,0
9175,9779,58,20,38
9175,9780,17,17,0
9175,10041,0,0,0
9175,10042,0,0,0
9175,10043,0,0,0
9175,10044,0,0,0
9175,10045,0,0,0
9175,10046,0,0,0
9175,11000,222,50,172
9175,12051,0,0,0
9175,12052,0,0,0
9175,12053,0,0,0
9175,12054,0,0,0
9175,12060,0,0,0
9175,12061,0,0,0
9175,12062,0,0,0
9175,12063,0,0,0
9175,12064,0,0,0
9175,12065,0,0,0
9175,12066,0,0,0
9175,12067,0,0,0
9175,12068,0,0,0
9175,12069,0,0,0
9175,12070,0,0,0
9175,12071,0,0,0
9175,12072,0,0,0
9175,12073,0,0,0
9175,13003,0,0,0
9175,13004,0,0,0
9175,13071,0,0,0
9175,13072,0,0,0
9175,13073,0,0,0
9175,13074,0,0,0
9175,13075,0,0,0
9175,13076,0,0,0
9175,14511,0,0,0
9175,14521,16,16,0
9175,14522,15,15,0
9175,14523,0,0,0
9175,14524,17,17,0
9175,14612,29,11,18
9175,14625,0,0,0
9175,14626,0,0,0
9175,14627,0,0,0
9175,14628,10,10,0
9175,14713,69,45,24
9175,14729,0,0,0
9175,14730,10,10,0
9175,15001,0,0,0
9175,15002,0,0,0
9175,15003,0,0,0
9175,15081,0,0,0
9175,15082,0,0,0
9175,15083,0,0,0
9175,15084,0,0,0
9175,15085,0,0,0
9175,15086,0,0,0
9175,15087,0,0,0
9175,15088,0,0,0
9175,15089,16,16,0
9175,15090,0,0,0
9175,15091,0,0,0
9175,16051,0,0,0
9175,16052,0,0,0
9175,16053,0,0,0
9175,16054,0,0,0
9175,16055,0,0,0
9175,16056,0,0,0
9175,16061,0,0,0
9175,16062,0,0,0
9175,16063,0,0,0
9175,16064,0,0,0
9175,16065,0,0,0
9175,16066,0,0,0
9175,16067,0,0,0
9175,16068,0,0,0
9175,16069,0,0,0
9175,16070,0,0,0
9175,16071,0,0,0
9175,16072,0,0,0
9175,16073,12,12,0
9175,16074,0,0,0
9175,16075,12,12,0
9175,16076,0,0,0
9175,16077,0,0,0
9176,1001,0,0,0
9176,1002,0,0,0
9176,1003,0,0,0
9176,1004,0,0,0
9176,1051,0,0,0
9176,1053,0,0,0
9176,1054,0,0,0
9176,1055,0,0,0
9176,1056,0,0,0
9176,1057,0,0,0
9176,1058,17,0,17
9176,1059,0,0,0
9176,1060,0,0,0
9176,1061,0,0,0
9176,1062,0,0,0
9176,2000,64,14,50
9176,3101,49,49,0
9176,3102,0,0,0
9176,3103,52,26,26
9176,3151,24,24,0
9176,3153,0,0,0
9176,3154,10,10,0
9176,3155,0,0,0
9176,3157,0,0,0
9176,3158,0,0,0
9176,3159,0,0,0
9176,3241,46,34,12
9176,3251,0,0,0
9176,3252,10,10,0
9176,3254,0,0,0
9176,3255,0,0,0
9176,3256,0,0,0
9176,3257,0,0,0
9176,3351,0,0,0
9176,3352,0,0,0
9176,3353,0,0,0
9176,3354,0,0,0
9176,3355,0,0,0
9176,3356,0,0,0
9176,3357,0,0,0
9176,3358,0,0,0
9176,3359,0,0,0
9176,3360,0,0,0
9176,3361,0,0,0
9176,3401,0,0,0
9176,3402,0,0,0
9176,3403,0,0,0
9176,3404,0,0,0
9176,3405,0,0,0
9176,3451,0,0,0
9176,3452,0,0,0
9176,3453,0,0,0
9176,3454,0,0,0
9176,3455,0,0,0
9176,3456,0,0,0
9176,3457,0,0,0
9176,3458,0,0,0
9176,3459,0,0,0
9176,3460,0,0,0
9176,3461,0,0,0
9176,3462,0,0,0
9176,4011,13,0,13
9176,4012,0,0,0
9176,5111,20,0,20
9176,5112,0,0,0
9176,5113,0,0,0
9176,5114,0,0,0
9176,5116,0,0,0
9176,5117,0,0,0
9176,5119,0,0,0
9176,5120,0,0,0
9176,5122,0,0,0
9176,5124,11,0,11
9176,5154,0,0,0
9176,5158,11,11,0
9176,5162,10,0,10
9176,5166,0,0,0
9176,5170,0,0,0
9176,5314,14,0,14
9176,5315,29,0,29
9176,5316,0,0,0
9176,5334,22,11,11
9176,5358,0,0,0
9176,5362,0,0,0
9176,5366,0,0,0
9176,5370,0,0,0
9176,5374,18,0,18
9176,5378,0,0,0
9176,5382,0,0,0
9176,5512,0,0,0
9176,5513,0,0,0
9176,5515,0,0,0
9176,5554,0,0,0
9176,5558,0,0,0
9176,5562,10,0,10
9176,5566,0,0,0
9176,5570,0,0,0
9176,5711,0,0,0
9176,5754,0,0,0
9176,5758,0,0,0
9176,5762,0,0,0
9176,5766,0,0,0
9176,5770,0,0,0
9176,5774,0,0,0
9176,5911,0,0,0
9176,5913,0,0,0
9176,5914,0,0,0
9176,5915,0,0,0
9176,5916,0,0,0
9176,5954,0,0,0
9176,5958,0,0,0
9176,5962,0,0,0
9176,5966,0,0,0
9176,5970,0,0,0
9176,5974,0,0,0
9176,5978,0,0,0
9176,6411,0,0,0
9176,6412,38,0,38
9176,6413,0,0,0
9176,6414,0,0,0
9176,6431,0,0,0
9176,6432,0,0,0
9176,6433,0,0,0
9176,6434,14,0,14
9176,6435,0,0,0
9176,6436,0,0,0
9176,6437,0,0,0
9176,6438,40,0,40
9176,6439,0,0,0
9176,6440,0,0,0
9176,6531,0,0,0
9176,6532,0,0,0
9176,6533,0,0,0
9176,6534,0,0,0
9176,6535,0,0,0
9176,6611,0,0,0
9176,6631,0,0,0
9176,6632,0,0,0
9176,6633,0,0,0
9176,6634,0,0,0
9176,6635,0,0,0
9176,6636,0,0,0
9176,7111,0,0,0
9176,7131,0,0,0
9176,7132,0,0,0
9176,7133,0,0,0
9176,7134,0,0,0
9176,7135,0,0,0
9176,7137,0,0,0
9176,7138,0,0,0
9176,7140,0,0,0
9176,7141,0,0,0
9176,7143,0,0,0
9176,7211,0,0,0
9176,7231,0,0,0
9176,7232,0,0,0
9176,7233,0,0,0
9176,7235,0,0,0
9176,7311,0,0,0
9176,7312,0,0,0
9176,7313,0,0,0
9176,7314,0,0,0
9176,7315,12,0,12
9176,7316,0,0,0
9176,7317,0,0,0
9176,7318,0,0,0
9176,7319,0,0,0
9176,7320,0,0,0
9176,7331,0,0,0
9176,7332,0,0,0
9176,7333,0,0,0
9176,7334,0,0,0
9176,7335,0,0,0
9176,7336,0,0,0
9176,7337,0,0,0
9176,7338,0,0,0
9176,7339,0,0,0
9176,7340,0,0,0
9176,8111,97,21,76
9176,8115,53,18,35
9176,8116,22,0,22
9176,8117,0,0,0
9176,8118,34,16,18
9176,8119,24,11,13
9176,8121,19,19,0
9176,8125,111,55,56
9176,8126,28,0,28
9176,8127,0,0,0
9176,8128,14,0,14
9176,8135,0,0,0
9176,8136,24,13,11
9176,8211,0,0,0
9176,8212,0,0,0
9176,8215,0,0,0
9176,8216,0,0,0
9176,8221,0,0,0
9176,8222,0,0,0
9176,8225,0,0,0
9176,8226,0,0,0
9176,8231,0,0,0
9176,8235,0,0,0
9176,8236,0,0,0
9176,8237,0,0,0
9176,8311,0,0,0
9176,8315,16,0,16
9176,8316,0,0,0
9176,8317,0,0,0
9176,8325,0,0,0
9176,8326,0,0,0
9176,8327,0,0,0
9176,8335,0,0,0
9176,8336,0,0,0
9176,8337,0,0,0
9176,8415,23,10,13
9176,8416,0,0,0
9176,8417,0,0,0
9176,8421,19,0,19
9176,8425,10,10,0
9176,8426,0,0,0
9176,8435,0,0,0
9176,8436,0,0,0
9176,8437,0,0,0
9176,9161,32584,7092,25492
9176,9162,1648,423,1225
9176,9163,0,0,0
9176,9171,50,17,33
9176,9172,0,0,0
9176,9173,28,12,16
9176,9174,126,82,44
9176,9175,69,22,47
9176,9176,0,0,0
9176,9177,88,49,39
9176,9178,427,266,161
9176,9179,72,42,30
9176,9180,13,13,0
9176,9181,14,14,0
9176,9182,25,15,10
9176,9183,10,10,0
9176,9184,421,115,306
9176,9185,2907,1747,1160
9176,9186,3908,2152,1756
9176,9187,41,30,11
9176,9188,45,22,23
9176,9189,40,24,16
9176,9190,13,13,0
9176,9261,41,21,20
9176,9262,11,0,11
9176,9263,10,0,10
9176,9271,14,14,0
9176,9272,0,0,0
9176,9273,1967,950,1017
9176,9274,98,57,41
9176,9275,36,12,24
9176,9276,13,13,0
9176,9277,14,14,0
9176,9278,40,40,0
9176,9279,22,22,0
9176,9361,10,0,10
9176,9362,313,78,235
9176,9363,0,0,0
9176,9371,30,18,12
9176,9372,33,16,17
9176,9373,2392,1468,924
9176,9374,0,0,0
9176,9375,181,114,67
9176,9376,45,22,23
9176,9377,0,0,0
9176,9461,22,12,10
9176,9462,22,10,12
9176,9463,0,0,0
9176,9464,0,0,0
9176,9471,12,0,12
9176,9472,16,16,0
9176,9473,0,0,0
9176,9474,21,21,0
9176,9475,11,11,0
9176,9476,0,0,0
9176,9477,0,0,0
9176,9478,0,0,0
9176,9479,0,0,0
9176,9561,10,0,10
9176,9562,81,27,54
9176,9563,49,19,30
9176,9564,416,183,233
9176,9565,46,31,15
9176,9571,60,60,0
9176,9572,34,22,12
9176,9573,30,30,0
9176,9574,95,67,28
9176,9575,0,0,0
9176,9576,1252,863,389
9176,9577,1609,1145,464
9176,9661,0,0,0
9176,9662,0,0,0
9176,9663,10,10,0
9176,9671,0,0,0
9176,9672,0,0,0
9176,9673,0,0,0
9176,9674,0,0,0
9176,9675,12,12,0
9176,9676,0,0,0
9176,9677,12,12,0
9176,9678,0,0,0
9176,9679,0,0,0
9176,9761,202,103,99
9176,9762,0,0,0
9176,9763,0,0,0
9176,9764,0,0,0
9176,9771,103,85,18
9176,9772,112,71,41
9176,9773,46,25,21
9176,9774,0,0,0
9176,9775,15,0,15
9176,9776,0,0,0
9176,9777,11,11,0
9176,9778,0,0,0
9176,9779,375,165,210
9176,9780,0,0,0
9176,10041,0,0,0
9176,10042,0,0,0
9176,10043,0,0,0
9176,10044,0,0,0
9176,10045,0,0,0
9176,10046,0,0,0
9176,11000,105,40,65
9176,12051,0,0,0
9176,12052,0,0,0
9176,12053,0,0,0
9176,12054,0,0,0
9176,12060,0,0,0
9176,12061,0,0,0
9176,12062,10,10,0
9176,12063,0,0,0
9176,12064,0,0,0
9176,12065,0,0,0
9176,12066,0,0,0
9176,12067,0,0,0
9176,12068,0,0,0
9176,12069,0,0,0
9176,12070,0,0,0
9176,12071,0,0,0
9176,12072,0,0,0
9176,12073,0,0,0
9176,13003,0,0,0
9176,13004,0,0,0
9176,13071,0,0,0
9176,13072,0,0,0
9176,13073,0,0,0
9176,13074,0,0,0
9176,13075,0,0,0
9176,13076,0,0,0
9176,14511,14,14,0
9176,14521,61,61,0
9176,14522,15,15,0
9176,14523,47,47,0
9176,14524,28,28,0
9176,14612,32,21,11
9176,14625,11,11,0
9176,14626,10,10,0
9176,14627,0,0,0
9176,14628,11,11,0
9176,14713,18,18,0
9176,14729,11,11,0
9176,14730,0,0,0
9176,15001,0,0,0
9176,15002,0,0,0
9176,15003,0,0,0
9176,15081,0,0,0
9176,15082,0,0,0
9176,15083,0,0,0
9176,15084,13,13,0
9176,15085,0,0,0
9176,15086,0,0,0
9176,15087,0,0,0
9176,15088,10,10,0
9176,15089,0,0,0
9176,15090,0,0,0
9176,15091,0,0,0
9176,16051,10,10,0
9176,16052,0,0,0
9176,16053,0,0,0
9176,16054,0,0,0
9176,16055,0,0,0
9176,16056,0,0,0
9176,16061,0,0,0
9176,16062,0,0,0
9176,16063,0,0,0
9176,16064,0,0,0
9176,16065,0,0,0
9176,16066,0,0,0
9176,16067,0,0,0
9176,16068,0,0,0
9176,16069,0,0,0
9176,16070,10,10,0
9176,16071,0,0,0
9176,16072,0,0,0
9176,16073,0,0,0
9176,16074,0,0,0
9176,16075,0,0,0
9176,16076,0,0,0
9176,16077,12,12,0
9177,1001,0,0,0
9177,1002,0,0,0
9177,1003,0,0,0
9177,1004,0,0,0
9177,1051,0,0,0
9177,1053,0,0,0
9177,1054,0,0,0
9177,1055,0,0,0
9177,1056,0,0,0
9177,1057,0,0,0
9177,1058,0,0,0
9177,1059,0,0,0
9177,1060,13,13,0
9177,1061,0,0,0
9177,1062,13,13,0
9177,2000,250,99,151
9177,3101,0,0,0
9177,3102,0,0,0
9177,3103,0,0,0
9177,3151,0,0,0
9177,3153,0,0,0
9177,3154,0,0,0
9177,3155,0,0,0
9177,3157,0,0,0
9177,3158,0,0,0
9177,3159,0,0,0
9177,3241,138,49,89
9177,3251,0,0,0
9177,3252,0,0,0
9177,3254,0,0,0
9177,3255,0,0,0
9177,3256,0,0,0
9177,3257,0,0,0
9177,3351,0,0,0
9177,3352,0,0,0
9177,3353,15,15,0
9177,3354,0,0,0
9177,3355,0,0,0
9177,3356,0,0,0
9177,3357,0,0,0
9177,3358,0,0,0
9177,3359,13,13,0
9177,3360,0,0,0
9177,3361,0,0,0
9177,3401,0,0,0
9177,3402,0,0,0
9177,3403,0,0,0
9177,3404,10,0,10
9177,3405,0,0,0
9177,3451,0,0,0
9177,3452,0,0,0
9177,3453,0,0,0
9177,3454,0,0,0
9177,3455,0,0,0
9177,3456,0,0,0
9177,3457,0,0,0
9177,3458,0,0,0
9177,3459,12,0,12
9177,3460,0,0,0
9177,3461,0,0,0
9177,3462,0,0,0
9177,4011,33,12,21
9177,4012,0,0,0
9177,5111,106,21,85
9177,5112,15,0,15
9177,5113,35,12,23
9177,5114,0,0,0
9177,5116,21,0,21
9177,5117,0,0,0
9177,5119,0,0,0
9177,5120,0,0,0
9177,5122,0,0,0
9177,5124,0,0,0
9177,5154,0,0,0
9177,5158,23,0,23
9177,5162,31,11,20
9177,5166,0,0,0
9177,5170,11,11,0
9177,5314,11,0,11
9177,5315,98,21,77
9177,5316,0,0,0
9177,5334,27,13,14
9177,5358,0,0,0
9177,5362,18,0,18
9177,5366,0,0,0
9177,5370,0,0,0
9177,5374,20,0,20
9177,5378,0,0,0
9177,5382,15,0,15
9177,5512,0,0,0
9177,5513,0,0,0
9177,5515,0,0,0
9177,5554,0,0,0
9177,5558,0,0,0
9177,5562,13,0,13
9177,5566,0,0,0
9177,5570,0,0,0
9177,5711,0,0,0
9177,5754,14,0,14
9177,5758,0,0,0
9177,5762,0,0,0
9177,5766,0,0,0
9177,5770,0,0,0
9177,5774,0,0,0
9177,5911,0,0,0
9177,5913,14,0,14
9177,5914,0,0,0
9177,5915,0,0,0
9177,5916,0,0,0
9177,5954,0,0,0
9177,5958,0,0,0
9177,5962,0,0,0
9177,5966,0,0,0
9177,5970,0,0,0
9177,5974,0,0,0
9177,5978,18,0,18
9177,6411,0,0,0
9177,6412,239,25,214
9177,6413,0,0,0
9177,6414,49,0,49
9177,6431,17,0,17
9177,6432,14,0,14
9177,6433,15,0,15
9177,6434,56,25,31
9177,6435,26,12,14
9177,6436,23,0,23
9177,6437,0,0,0
9177,6438,66,17,49
9177,6439,0,0,0
9177,6440,20,10,10
9177,6531,0,0,0
9177,6532,0,0,0
9177,6533,0,0,0
9177,6534,0,0,0
9177,6535,0,0,0
9177,6611,0,0,0
9177,6631,0,0,0
9177,6632,0,0,0
9177,6633,0,0,0
9177,6634,0,0,0
9177,6635,0,0,0
9177,6636,0,0,0
9177,7111,0,0,0
9177,7131,0,0,0
9177,7132,0,0,0
9177,7133,0,0,0
9177,7134,0,0,0
9177,7135,0,0,0
9177,7137,0,0,0
9177,7138,0,0,0
9177,7140,0,0,0
9177,7141,0,0,0
9177,7143,0,0,0
9177,7211,0,0,0
9177,7231,0,0,0
9177,7232,0,0,0
9177,7233,0,0,0
9177,7235,0,0,0
9177,7311,0,0,0
9177,7312,0,0,0
9177,7313,25,0,25
9177,7314,16,0,16
9177,7315,10,0,10
9177,7316,0,0,0
9177,7317,0,0,0
9177,7318,0,0,0
9177,7319,0,0,0
9177,7320,0,0,0
9177,7331,0,0,0
9177,7332,0,0,0
9177,7333,0,0,0
9177,7334,0,0,0
9177,7335,0,0,0
9177,7336,0,0,0
9177,7337,0,0,0
9177,7338,0,0,0
9177,7339,0,0,0
9177,7340,0,0,0
9177,8111,101,42,59
9177,8115,39,17,22
9177,8116,64,27,37
9177,8117,27,16,11
9177,8118,44,31,13
9177,8119,40,23,17
9177,8121,0,0,0
9177,8125,20,10,10
9177,8126,13,0,13
9177,8127,0,0,0
9177,8128,0,0,0
9177,8135,0,0,0
9177,8136,10,10,0
9177,8211,0,0,0
9177,8212,32,12,20
9177,8215,27,27,0
9177,8216,0,0,0
9177,8221,0,0,0
9177,8222,33,0,33
9177,8225,0,0,0
9177,8226,20,0,20
9177,8231,0,0,0
9177,8235,0,0,0
9177,8236,0,0,0
9177,8237,0,0,0
9177,8311,0,0,0
9177,8315,0,0,0
9177,8316,0,0,0
9177,8317,12,0,12
9177,8325,0,0,0
9177,8326,0,0,0
9177,8327,0,0,0
9177,8335,26,15,11
9177,8336,0,0,0
9177,8337,0,0,0
9177,8415,21,10,11
9177,8416,0,0,0
9177,8417,0,0,0
9177,8421,25,0,25
9177,8425,0,0,0
9177,8426,0,0,0
9177,8435,14,14,0
9177,8436,23,10,13
9177,8437,0,0,0
9177,9161,229,87,142
9177,9162,16639,3496,13143
9177,9163,98,36,62
9177,9171,205,80,125
9177,9172,42,23,19
9177,9173,101,49,52
9177,9174,553,353,200
9177,9175,5665,1395,4270
9177,9176,88,39,49
9177,9177,0,0,0
9177,9178,11407,4828,6579
9177,9179,415,249,166
9177,9180,28,18,10
9177,9181,66,48,18
9177,9182,137,53,84
9177,9183,2620,1551,1069
9177,9184,7405,1077,6328
9177,9185,114,62,52
9177,9186,435,287,148
9177,9187,608,322,286
9177,9188,209,80,129
9177,9189,108,65,43
9177,9190,59,35,24
9177,9261,1521,867,654
9177,9262,33,12,21
9177,9263,0,0,0
9177,9271,67,31,36
9177,9272,23,11,12
9177,9273,245,198,47
9177,9274,3709,2553,1156
9177,9275,46,31,15
9177,9276,14,14,0
9177,9277,120,82,38
9177,9278,51,33,18
9177,9279,174,117,57
9177,9361,0,0,0
9177,9362,96,20,76
9177,9363,0,0,0
9177,9371,10,10,0
9177,9372,40,18,22
9177,9373,13,0,13
9177,9374,0,0,0
9177,9375,51,33,18
9177,9376,39,24,15
9177,9377,0,0,0
9177,9461,0,0,0
9177,9462,0,0,0
9177,9463,0,0,0
9177,9464,0,0,0
9177,9471,0,0,0
9177,9472,0,0,0
9177,9473,0,0,0
9177,9474,0,0,0
9177,9475,14,0,14
9177,9476,0,0,0
9177,9477,0,0,0
9177,9478,0,0,0
9177,9479,0,0,0
9177,9561,0,0,0
9177,9562,19,0,19
9177,9563,0,0,0
9177,9564,138,31,107
9177,9565,0,0,0
9177,9571,0,0,0
9177,9572,0,0,0
9177,9573,0,0,0
9177,9574,12,0,12
9177,9575,0,0,0
9177,9576,10,0,10
9177,9577,18,18,0
9177,9661,0,0,0
9177,9662,0,0,0
9177,9663,13,0,13
9177,9671,0,0,0
9177,9672,0,0,0
9177,9673,0,0,0
9177,9674,0,0,0
9177,9675,0,0,0
9177,9676,0,0,0
9177,9677,0,0,0
9177,9678,0,0,0
9177,9679,0,0,0
9177,9761,142,88,54
9177,9762,0,0,0
9177,9763,0,0,0
9177,9764,0,0,0
9177,9771,75,50,25
9177,9772,89,57,32
9177,9773,10,0,10
9177,9774,10,0,10
9177,9775,0,0,0
9177,9776,10,0,10
9177,9777,26,12,14
9177,9778,13,0,13
9177,9779,31,12,19
9177,9780,0,0,0
9177,10041,19,0,19
9177,10042,0,0,0
9177,10043,0,0,0
9177,10044,0,0,0
9177,10045,0,0,0
9177,10046,0,0,0
9177,11000,247,116,131
9177,12051,0,0,0
9177,12052,0,0,0
9177,12053,0,0,0
9177,12054,0,0,0
9177,12060,0,0,0
9177,12061,0,0,0
9177,12062,0,0,0
9177,12063,0,0,0
9177,12064,0,0,0
9177,12065,0,0,0
9177,12066,0,0,0
9177,12067,0,0,0
9177,12068,0,0,0
9177,12069,0,0,0
9177,12070,0,0,0
9177,12071,0,0,0
9177,12072,0,0,0
9177,12073,0,0,0
9177,13003,0,0,0
9177,13004,0,0,0
9177,13071,0,0,0
9177,13072,0,0,0
9177,13073,0,0,0
9177,13074,0,0,0
9177,13075,0,0,0
9177,13076,0,0,0
9177,14511,0,0,0
9177,14521,32,22,10
9177,14522,12,12,0
9177,14523,14,14,0
9177,14524,0,0,0
9177,14612,23,13,10
9177,14625,0,0,0
9177,14626,12,12,0
9177,14627,12,12,0
9177,14628,0,0,0
9177,14713,38,23,15
9177,14729,14,14,0
9177,14730,0,0,0
9177,15001,0,0,0
9177,15002,0,0,0
9177,15003,0,0,0
9177,15081,0,0,0
9177,15082,10,10,0
9177,15083,0,0,0
9177,15084,15,15,0
9177,15085,0,0,0
9177,15086,0,0,0
9177,15087,0,0,0
9177,15088,0,0,0
9177,15089,0,0,0
9177,15090,0,0,0
9177,15091,0,0,0
9177,16051,0,0,0
9177,16052,0,0,0
9177,16053,0,0,0
9177,16054,0,0,0
9177,16055,0,0,0
9177,16056,0,0,0
9177,16061,0,0,0
9177,16062,0,0,0
9177,16063,0,0,0
9177,16064,0,0,0
9177,16065,0,0,0
9177,16066,0,0,0
9177,16067,0,0,0
9177,16068,0,0,0
9177,16069,0,0,0
9177,16070,0,0,0
9177,16071,0,0,0
9177,16072,0,0,0
9177,16073,0,0,0
9177,16074,0,0,0
9177,16075,0,0,0
9177,16076,0,0,0
9177,16077,0,0,0
9178,1001,0,0,0
9178,1002,11,11,0
9178,1003,15,15,0
9178,1004,0,0,0
9178,1051,12,12,0
9178,1053,15,15,0
9178,1054,0,0,0
9178,1055,10,10,0
9178,1056,51,34,17
9178,1057,0,0,0
9178,1058,12,12,0
9178,1059,10,10,0
9178,1060,49,39,10
9178,1061,0,0,0
9178,1062,38,38,0
9178,2000,604,393,211
9178,3101,25,11,14
9178,3102,0,0,0
9178,3103,35,0,35
9178,3151,11,11,0
9178,3153,0,0,0
9178,3154,0,0,0
9178,3155,0,0,0
9178,3157,0,0,0
9178,3158,0,0,0
9178,3159,26,16,10
9178,3241,298,121,177
9178,3251,15,15,0
9178,3252,10,10,0
9178,3254,13,13,0
9178,3255,0,0,0
9178,3256,0,0,0
9178,3257,24,24,0
9178,3351,25,12,13
9178,3352,13,13,0
9178,3353,40,40,0
9178,3354,0,0,0
9178,3355,16,16,0
9178,3356,0,0,0
9178,3357,11,11,0
9178,3358,11,11,0
9178,3359,18,18,0
9178,3360,0,0,0
9178,3361,12,12,0
9178,3401,0,0,0
9178,3402,0,0,0
9178,3403,0,0,0
9178,3404,0,0,0
9178,3405,0,0,0
9178,3451,0,0,0
9178,3452,0,0,0
9178,3453,0,0,0
9178,3454,33,0,33
9178,3455,0,0,0
9178,3456,0,0,0
9178,3457,0,0,0
9178,3458,14,14,0
9178,3459,0,0,0
9178,3460,30,0,30
9178,3461,0,0,0
9178,3462,0,0,0
9178,4011,94,54,40
9178,4012,0,0,0
9178,5111,257,120,137
9178,5112,39,24,15
9178,5113,48,22,26
9178,5114,22,22,0
9178,5116,74,28,46
9178,5117,13,13,0
9178,5119,0,0,0
9178,5120,0,0,0
9178,5122,10,10,0
9178,5124,19,19,0
9178,5154,10,10,0
9178,5158,78,47,31
9178,5162,77,48,29
9178,5166,38,38,0
9178,5170,25,25,0
9178,5314,78,61,17
9178,5315,349,188,161
9178,5316,17,17,0
9178,5334,52,30,22
9178,5358,23,11,12
9178,5362,81,34,47
9178,5366,10,10,0
9178,5370,54,54,0
9178,5374,74,15,59
9178,5378,23,23,0
9178,5382,90,74,16
9178,5512,0,0,0
9178,5513,11,0,11
9178,5515,40,22,18
9178,5554,24,24,0
9178,5558,10,10,0
9178,5562,54,31,23
9178,5566,31,16,15
9178,5570,12,12,0
9178,5711,26,15,11
9178,5754,49,15,34
9178,5758,14,14,0
9178,5762,10,10,0
9178,5766,36,36,0
9178,5770,19,19,0
9178,5774,36,36,0
9178,5911,13,0,13
9178,5913,79,31,48
9178,5914,0,0,0
9178,5915,0,0,0
9178,5916,0,0,0
9178,5954,16,16,0
9178,5958,10,10,0
9178,5962,13,13,0
9178,5966,0,0,0
9178,5970,14,14,0
9178,5974,16,16,0
9178,5978,54,24,30
9178,6411,55,23,32
9178,6412,591,206,385
9178,6413,19,19,0
9178,6414,97,51,46
9178,6431,39,18,21
9178,6432,22,22,0
9178,6433,89,59,30
9178,6434,115,58,57
9178,6435,54,40,14
9178,6436,126,68,58
9178,6437,0,0,0
9178,6438,160,95,65
9178,6439,30,30,0
9178,6440,37,37,0
9178,6531,10,10,0
9178,6532,10,0,10
9178,6533,15,15,0
9178,6534,11,11,0
9178,6535,0,0,0
9178,6611,0,0,0
9178,6631,25,14,11
9178,6632,0,0,0
9178,6633,0,0,0
9178,6634,0,0,0
9178,6635,0,0,0
9178,6636,0,0,0
9178,7111,0,0,0
9178,7131,10,10,0
9178,7132,11,11,0
9178,7133,0,0,0
9178,7134,0,0,0
9178,7135,0,0,0
9178,7137,12,12,0
9178,7138,13,13,0
9178,7140,20,0,20
9178,7141,0,0,0
9178,7143,0,0,0
9178,7211,0,0,0
9178,7231,0,0,0
9178,7232,0,0,0
9178,7233,0,0,0
9178,7235,0,0,0
9178,7311,0,0,0
9178,7312,0,0,0
9178,7313,0,0,0
9178,7314,12,12,0
9178,7315,35,35,0
9178,7316,0,0,0
9178,7317,0,0,0
9178,7318,0,0,0
9178,7319,0,0,0
9178,7320,0,0,0
9178,7331,0,0,0
9178,7332,0,0,0
9178,7333,0,0,0
9178,7334,0,0,0
9178,7335,0,0,0
9178,7336,0,0,0
9178,7337,0,0,0
9178,7338,0,0,0
9178,7339,32,32,0
9178,7340,0,0,0
9178,8111,218,104,114
9178,8115,87,48,39
9178,8116,168,108,60
9178,8117,58,41,17
9178,8118,94,61,33
9178,8119,72,40,32
9178,8121,25,25,0
9178,8125,64,44,20
9178,8126,10,0,10
9178,8127,13,13,0
9178,8128,0,0,0
9178,8135,45,33,12
9178,8136,53,38,15
9178,8211,0,0,0
9178,8212,37,22,15
9178,8215,47,27,20
9178,8216,14,14,0
9178,8221,29,14,15
9178,8222,52,15,37
9178,8225,0,0,0
9178,8226,79,47,32
9178,8231,0,0,0
9178,8235,28,28,0
9178,8236,20,20,0
9178,8237,0,0,0
9178,8311,39,21,18
9178,8315,20,20,0
9178,8316,10,10,0
9178,8317,42,26,16
9178,8325,0,0,0
9178,8326,19,19,0
9178,8327,11,11,0
9178,8335,28,18,10
9178,8336,11,0,11
9178,8337,0,0,0
9178,8415,50,34,16
9178,8416,43,32,11
9178,8417,24,24,0
9178,8421,87,30,57
9178,8425,49,49,0
9178,8426,26,26,0
9178,8435,64,40,24
9178,8436,73,50,23
9178,8437,0,0,0
9178,9161,1017,407,610
9178,9162,29272,10398,18874
9178,9163,152,67,85
9178,9171,130,88,42
9178,9172,79,62,17
9178,9173,234,182,52
9178,9174,2972,1693,1279
9178,9175,1570,947,623
9178,9176,427,161,266
9178,9177,11407,6579,4828
9178,9178,0,0,0
9178,9179,1244,867,377
9178,9180,125,109,16
9178,9181,323,274,49
9178,9182,289,226,63
9178,9183,543,471,72
9178,9184,12497,3175,9322
9178,9185,340,191,149
9178,9186,3847,2212,1635
9178,9187,542,454,88
9178,9188,694,426,268
9178,9189,222,181,41
9178,9190,222,160,62
9178,9261,3065,1990,1075
9178,9262,64,45,19
9178,9263,97,63,34
9178,9271,168,121,47
9178,9272,49,36,13
9178,9273,1854,1059,795
9178,9274,5102,3774,1328
9178,9275,151,91,60
9178,9276,44,44,0
9178,9277,140,105,35
9178,9278,197,163,34
9178,9279,434,285,149
9178,9361,0,0,0
9178,9362,350,163,187
9178,9363,30,20,10
9178,9371,39,39,0
9178,9372,87,62,25
9178,9373,80,56,24
9178,9374,30,30,0
9178,9375,232,163,69
9178,9376,106,74,32
9178,9377,20,20,0
9178,9461,39,27,12
9178,9462,33,19,14
9178,9463,0,0,0
9178,9464,11,11,0
9178,9471,37,37,0
9178,9472,48,48,0
9178,9473,12,12,0
9178,9474,41,41,0
9178,9475,37,20,17
9178,9476,0,0,0
9178,9477,16,16,0
9178,9478,13,13,0
9178,9479,16,16,0
9178,9561,0,0,0
9178,9562,76,39,37
9178,9563,84,55,29
9178,9564,455,271,184
9178,9565,17,17,0
9178,9571,45,45,0
9178,9572,52,52,0
9178,9573,53,53,0
9178,9574,90,76,14
9178,9575,18,18,0
9178,9576,102,79,23
9178,9577,40,26,14
9178,9661,0,0,0
9178,9662,0,0,0
9178,9663,48,35,13
9178,9671,21,21,0
9178,9672,13,13,0
9178,9673,0,0,0
9178,9674,15,15,0
9178,9675,32,19,13
9178,9676,24,14,10
9178,9677,21,21,0
9178,9678,27,27,0
9178,9679,39,39,0
9178,9761,521,389,132
9178,9762,32,17,15
9178,9763,34,23,11
9178,9764,13,13,0
9178,9771,299,243,56
9178,9772,357,230,127
9178,9773,40,27,13
9178,9774,46,32,14
9178,9775,43,33,10
9178,9776,33,22,11
9178,9777,85,66,19
9178,9778,68,68,0
9178,9779,84,55,29
9178,9780,66,51,15
9178,10041,30,13,17
9178,10042,0,0,0
9178,10043,0,0,0
9178,10044,0,0,0
9178,10045,0,0,0
9178,10046,0,0,0
9178,11000,838,656,182
9178,12051,0,0,0
9178,12052,0,0,0
9178,12053,0,0,0
9178,12054,16,16,0
9178,12060,19,19,0
9178,12061,22,22,0
9178,12062,0,0,0
9178,12063,21,21,0
9178,12064,15,15,0
9178,12065,28,28,0
9178,12066,0,0,0
9178,12067,12,12,0
9178,12068,0,0,0
9178,12069,26,26,0
9178,12070,0,0,0
9178,12071,0,0,0
9178,12072,17,17,0
9178,12073,0,0,0
9178,13003,12,12,0
9178,13004,0,0,0
9178,13071,0,0,0
9178,13072,14,14,0
9178,13073,0,0,0
9178,13074,0,0,0
9178,13075,0,0,0
9178,13076,10,10,0
9178,14511,28,16,12
9178,14521,32,32,0
9178,14522,18,18,0
9178,14523,31,31,0
9178,14524,30,30,0
9178,14612,71,54,17
9178,14625,25,25,0
9178,14626,31,31,0
9178,14627,28,18,10
9178,14628,20,20,0
9178,14713,80,57,23
9178,14729,18,18,0
9178,14730,20,20,0
9178,15001,10,10,0
9178,15002,13,13,0
9178,15003,0,0,0
9178,15081,0,0,0
9178,15082,11,11,0
9178,15083,0,0,0
9178,15084,19,19,0
9178,15085,0,0,0
9178,15086,0,0,0
9178,15087,22,22,0
9178,15088,22,22,0
9178,15089,0,0,0
9178,15090,0,0,0
9178,15091,0,0,0
9178,16051,15,15,0
9178,16052,12,12,0
9178,16053,0,0,0
9178,16054,0,0,0
9178,16055,0,0,0
9178,16056,0,0,0
9178,16061,0,0,0
9178,16062,0,0,0
9178,16063,0,0,0
9178,16064,0,0,0
9178,16065,0,0,0
9178,16066,12,12,0
9178,16067,0,0,0
9178,16068,0,0,0
9178,16069,0,0,0
9178,16070,15,15,0
9178,16071,0,0,0
9178,16072,0,0,0
9178,16073,11,11,0
9178,16074,0,0,0
9178,16075,0,0,0
9178,16076,18,18,0
9178,16077,0,0,0
9179,1001,0,0,0
9179,1002,0,0,0
9179,1003,13,0,13
9179,1004,0,0,0
9179,1051,0,0,0
9179,1053,0,0,0
9179,1054,0,0,0
9179,1055,0,0,0
9179,1056,12,0,12
9179,1057,0,0,0
9179,1058,0,0,0
9179,1059,0,0,0
9179,1060,0,0,0
9179,1061,12,0,12
9179,1062,13,0,13
9179,2000,231,53,178
9179,3101,12,0,12
9179,3102,0,0,0
9179,3103,12,0,12
9179,3151,0,0,0
9179,3153,0,0,0
9179,3154,0,0,0
9179,3155,0,0,0
9179,3157,0,0,0
9179,3158,0,0,0
9179,3159,0,0,0
9179,3241,130,46,84
9179,3251,24,0,24
9179,3252,0,0,0
9179,3254,0,0,0
9179,3255,0,0,0
9179,3256,0,0,0
9179,3257,0,0,0
9179,3351,16,0,16
9179,3352,0,0,0
9179,3353,0,0,0
9179,3354,0,0,0
9179,3355,0,0,0
9179,3356,0,0,0
9179,3357,0,0,0
9179,3358,0,0,0
9179,3359,0,0,0
9179,3360,0,0,0
9179,3361,0,0,0
9179,3401,0,0,0
9179,3402,0,0,0
9179,3403,0,0,0
9179,3404,16,0,16
9179,3405,0,0,0
9179,3451,0,0,0
9179,3452,0,0,0
9179,3453,0,0,0
9179,3454,0,0,0
9179,3455,0,0,0
9179,3456,0,0,0
9179,3457,0,0,0
9179,3458,0,0,0
9179,3459,0,0,0
9179,3460,0,0,0
9179,3461,0,0,0
9179,3462,0,0,0
9179,4011,28,0,28
9179,4012,0,0,0
9179,5111,142,0,142
9179,5112,46,10,36
9179,5113,34,0,34
9179,5114,12,12,0
9179,5116,32,11,21
9179,5117,0,0,0
9179,5119,0,0,0
9179,5120,0,0,0
9179,5122,0,0,0
9179,5124,0,0,0
9179,5154,0,0,0
9179,5158,33,0,33
9179,5162,32,0,32
9179,5166,11,11,0
9179,5170,0,0,0
9179,5314,31,0,31
9179,5315,183,23,160
9179,5316,0,0,0
9179,5334,38,15,23
9179,5358,0,0,0
9179,5362,25,0,25
9179,5366,0,0,0
9179,5370,0,0,0
9179,5374,29,0,29
9179,5378,0,0,0
9179,5382,39,23,16
9179,5512,12,0,12
9179,5513,0,0,0
9179,5515,14,0,14
9179,5554,0,0,0
9179,5558,0,0,0
9179,5562,0,0,0
9179,5566,10,0,10
9179,5570,0,0,0
9179,5711,29,15,14
9179,5754,30,14,16
9179,5758,0,0,0
9179,5762,0,0,0
9179,5766,0,0,0
9179,5770,0,0,0
9179,5774,10,10,0
9179,5911,16,0,16
9179,5913,48,13,35
9179,5914,0,0,0
9179,5915,0,0,0
9179,5916,0,0,0
9179,5954,0,0,0
9179,5958,0,0,0
9179,5962,0,0,0
9179,5966,0,0,0
9179,5970,0,0,0
9179,5974,0,0,0
9179,5978,14,0,14
9179,6411,37,0,37
9179,6412,245,21,224
9179,6413,10,0,10
9179,6414,37,0,37
9179,6431,15,0,15
9179,6432,11,11,0
9179,6433,11,0,11
9179,6434,89,10,79
9179,6435,31,16,15
9179,6436,53,16,37
9179,6437,0,0,0
9179,6438,79,11,68
9179,6439,13,0,13
9179,6440,28,12,16
9179,6531,12,12,0
9179,6532,12,0,12
9179,6533,0,0,0
9179,6534,13,0,13
9179,6535,0,0,0
9179,6611,17,0,17
9179,6631,0,0,0
9179,6632,0,0,0
9179,6633,0,0,0
9179,6634,0,0,0
9179,6635,25,0,25
9179,6636,0,0,0
9179,7111,0,0,0
9179,7131,0,0,0
9179,7132,0,0,0
9179,7133,0,0,0
9179,7134,0,0,0
9179,7135,0,0,0
9179,7137,0,0,0
9179,7138,0,0,0
9179,7140,0,0,0
9179,7141,0,0,0
9179,7143,0,0,0
9179,7211,0,0,0
9179,7231,0,0,0
9179,7232,0,0,0
9179,7233,0,0,0
9179,7235,0,0,0
9179,7311,0,0,0
9179,7312,0,0,0
9179,7313,0,0,0
9179,7314,0,0,0
9179,7315,18,0,18
9179,7316,0,0,0
9179,7317,0,0,0
9179,7318,0,0,0
9179,7319,0,0,0
9179,7320,0,0,0
9179,7331,0,0,0
9179,7332,0,0,0
9179,7333,0,0,0
9179,7334,0,0,0
9179,7335,0,0,0
9179,7336,0,0,0
9179,7337,0,0,0
9179,7338,0,0,0
9179,7339,10,0,10
9179,7340,0,0,0
9179,8111,167,26,141
9179,8115,50,20,30
9179,8116,138,35,103
9179,8117,34,20,14
9179,8118,66,16,50
9179,8119,34,14,20
9179,8121,0,0,0
9179,8125,32,14,18
9179,8126,0,0,0
9179,8127,12,0,12
9179,8128,0,0,0
9179,8135,27,14,13
9179,8136,21,21,0
9179,8211,22,0,22
9179,8212,49,13,36
9179,8215,37,23,14
9179,8216,11,0,11
9179,8221,13,0,13
9179,8222,49,0,49
9179,8225,0,0,0
9179,8226,63,22,41
9179,8231,0,0,0
9179,8235,0,0,0
9179,8236,25,15,10
9179,8237,0,0,0
9179,8311,22,10,12
9179,8315,10,0,10
9179,8316,0,0,0
9179,8317,15,0,15
9179,8325,0,0,0
9179,8326,27,27,0
9179,8327,0,0,0
9179,8335,14,0,14
9179,8336,10,0,10
9179,8337,0,0,0
9179,8415,57,27,30
9179,8416,21,11,10
9179,8417,22,0,22
9179,8421,85,10,75
9179,8425,57,36,21
9179,8426,23,13,10
9179,8435,48,0,48
9179,8436,54,29,25
9179,8437,0,0,0
9179,9161,170,54,116
9179,9162,44504,7682,36822
9179,9163,103,31,72
9179,9171,70,38,32
9179,9172,39,27,12
9179,9173,336,175,161
9179,9174,4796,2238,2558
9179,9175,577,228,349
9179,9176,72,30,42
9179,9177,415,166,249
9179,9178,1244,377,867
9179,9179,0,0,0
9179,9180,94,60,34
9179,9181,2582,1748,834
9179,9182,192,86,106
9179,9183,94,53,41
9179,9184,8418,1089,7329
9179,9185,216,75,141
9179,9186,344,199,145
9179,9187,255,141,114
9179,9188,6659,1943,4716
9179,9189,104,65,39
9179,9190,412,222,190
9179,9261,87,49,38
9179,9262,18,0,18
9179,9263,42,10,32
9179,9271,70,36,34
9179,9272,24,14,10
9179,9273,61,40,21
9179,9274,146,99,47
9179,9275,66,50,16
9179,9276,18,18,0
9179,9277,42,25,17
9179,9278,22,22,0
9179,9279,31,19,12
9179,9361,0,0,0
9179,9362,105,27,78
9179,9363,0,0,0
9179,9371,0,0,0
9179,9372,35,22,13
9179,9373,45,32,13
9179,9374,0,0,0
9179,9375,54,40,14
9179,9376,37,22,15
9179,9377,0,0,0
9179,9461,12,12,0
9179,9462,0,0,0
9179,9463,0,0,0
9179,9464,0,0,0
9179,9471,20,20,0
9179,9472,0,0,0
9179,9473,0,0,0
9179,9474,25,13,12
9179,9475,34,0,34
9179,9476,0,0,0
9179,9477,0,0,0
9179,9478,0,0,0
9179,9479,0,0,0
9179,9561,0,0,0
9179,9562,44,12,32
9179,9563,26,12,14
9179,9564,224,54,170
9179,9565,0,0,0
9179,9571,0,0,0
9179,9572,41,13,28
9179,9573,17,17,0
9179,9574,33,20,13
9179,9575,0,0,0
9179,9576,28,16,12
9179,9577,14,14,0
9179,9661,10,0,10
9179,9662,0,0,0
9179,9663,19,0,19
9179,9671,12,0,12
9179,9672,0,0,0
9179,9673,0,0,0
9179,9674,0,0,0
9179,9675,15,0,15
9179,9676,0,0,0
9179,9677,0,0,0
9179,9678,0,0,0
9179,9679,10,10,0
9179,9761,1260,657,603
9179,9762,85,53,32
9179,9763,29,14,15
9179,9764,16,0,16
9179,9771,1401,1032,369
9179,9772,822,573,249
9179,9773,46,31,15
9179,9774,64,39,25
9179,9775,52,30,22
9179,9776,13,0,13
9179,9777,196,143,53
9179,9778,135,89,46
9179,9779,89,25,64
9179,9780,46,22,24
9179,10041,16,0,16
9179,10042,0,0,0
9179,10043,0,0,0
9179,10044,0,0,0
9179,10045,0,0,0
9179,10046,0,0,0
9179,11000,314,106,208
9179,12051,0,0,0
9179,12052,0,0,0
9179,12053,0,0,0
9179,12054,23,0,23
9179,12060,0,0,0
9179,12061,0,0,0
9179,12062,0,0,0
9179,12063,0,0,0
9179,12064,0,0,0
9179,12065,10,10,0
9179,12066,0,0,0
9179,12067,0,0,0
9179,12068,0,0,0
9179,12069,0,0,0
9179,12070,0,0,0
9179,12071,0,0,0
9179,12072,0,0,0
9179,12073,0,0,0
9179,13003,16,0,16
9179,13004,0,0,0
9179,13071,0,0,0
9179,13072,0,0,0
9179,13073,12,12,0
9179,13074,0,0,0
9179,13075,0,0,0
9179,13076,0,0,0
9179,14511,19,19,0
9179,14521,36,36,0
9179,14522,10,10,0
9179,14523,16,16,0
9179,14524,16,16,0
9179,14612,42,23,19
9179,14625,15,15,0
9179,14626,11,11,0
9179,14627,12,12,0
9179,14628,0,0,0
9179,14713,51,25,26
9179,14729,14,14,0
9179,14730,18,18,0
9179,15001,0,0,0
9179,15002,11,11,0
9179,15003,0,0,0
9179,15081,0,0,0
9179,15082,0,0,0
9179,15083,0,0,0
9179,15084,0,0,0
9179,15085,0,0,0
9179,15086,0,0,0
9179,15087,0,0,0
9179,15088,0,0,0
9179,15089,10,10,0
9179,15090,0,0,0
9179,15091,0,0,0
9179,16051,12,12,0
9179,16052,0,0,0
9179,16053,0,0,0
9179,16054,0,0,0
9179,16055,0,0,0
9179,16056,0,0,0
9179,16061,0,0,0
9179,16062,0,0,0
9179,16063,0,0,0
9179,16064,0,0,0
9179,16065,0,0,0
9179,16066,0,0,0
9179,16067,0,0,0
9179,16068,0,0,0
9179,16069,0,0,0
9179,16070,0,0,0
9179,16071,0,0,0
9179,16072,0,0,0
9179,16073,0,0,0
9179,16074,0,0,0
9179,16075,0,0,0
9179,16076,0,0,0
9179,16077,0,0,0
9180,1001,0,0,0
9180,1002,0,0,0
9180,1003,0,0,0
9180,1004,0,0,0
9180,1051,0,0,0
9180,1053,0,0,0
9180,1054,0,0,0
9180,1055,0,0,0
9180,1056,0,0,0
9180,1057,0,0,0
9180,1058,0,0,0
9180,1059,0,0,0
9180,1060,0,0,0
9180,1061,0,0,0
9180,1062,0,0,0
9180,2000,58,17,41
9180,3101,0,0,0
9180,3102,0,0,0
9180,3103,0,0,0
9180,3151,0,0,0
9180,3153,0,0,0
9180,3154,0,0,0
9180,3155,0,0,0
9180,3157,0,0,0
9180,3158,0,0,0
9180,3159,0,0,0
9180,3241,18,0,18
9180,3251,0,0,0
9180,3252,0,0,0
9180,3254,0,0,0
9180,3255,0,0,0
9180,3256,0,0,0
9180,3257,0,0,0
9180,3351,0,0,0
9180,3352,0,0,0
9180,3353,0,0,0
9180,3354,0,0,0
9180,3355,0,0,0
9180,3356,0,0,0
9180,3357,0,0,0
9180,3358,0,0,0
9180,3359,0,0,0
9180,3360,0,0,0
9180,3361,0,0,0
9180,3401,0,0,0
9180,3402,0,0,0
9180,3403,0,0,0
9180,3404,0,0,0
9180,3405,0,0,0
9180,3451,0,0,0
9180,3452,0,0,0
9180,3453,0,0,0
9180,3454,0,0,0
9180,3455,0,0,0
9180,3456,0,0,0
9180,3457,0,0,0
9180,3458,0,0,0
9180,3459,0,0,0
9180,3460,0,0,0
9180,3461,0,0,0
9180,3462,0,0,0
9180,4011,0,0,0
9180,4012,0,0,0
9180,5111,17,0,17
9180,5112,0,0,0
9180,5113,0,0,0
9180,5114,0,0,0
9180,5116,0,0,0
9180,5117,0,0,0
9180,5119,0,0,0
9180,5120,0,0,0
9180,5122,0,0,0
9180,5124,0,0,0
9180,5154,0,0,0
9180,5158,0,0,0
9180,5162,13,0,13
9180,5166,0,0,0
9180,5170,0,0,0
9180,5314,13,0,13
9180,5315,27,0,27
9180,5316,0,0,0
9180,5334,0,0,0
9180,5358,0,0,0
9180,5362,0,0,0
9180,5366,0,0,0
9180,5370,0,0,0
9180,5374,0,0,0
9180,5378,0,0,0
9180,5382,13,0,13
9180,5512,0,0,0
9180,5513,0,0,0
9180,5515,0,0,0
9180,5554,0,0,0
9180,5558,0,0,0
9180,5562,0,0,0
9180,5566,0,0,0
9180,5570,0,0,0
9180,5711,0,0,0
9180,5754,12,0,12
9180,5758,0,0,0
9180,5762,0,0,0
9180,5766,0,0,0
9180,5770,0,0,0
9180,5774,0,0,0
9180,5911,0,0,0
9180,5913,0,0,0
9180,5914,0,0,0
9180,5915,0,0,0
9180,5916,0,0,0
9180,5954,0,0,0
9180,5958,0,0,0
9180,5962,0,0,0
9180,5966,0,0,0
9180,5970,0,0,0
9180,5974,0,0,0
9180,5978,0,0,0
9180,6411,0,0,0
9180,6412,61,0,61
9180,6413,10,0,10
9180,6414,16,0,16
9180,6431,0,0,0
9180,6432,0,0,0
9180,6433,0,0,0
9180,6434,17,0,17
9180,6435,93,0,93
9180,6436,0,0,0
9180,6437,0,0,0
9180,6438,0,0,0
9180,6439,12,0,12
9180,6440,0,0,0
9180,6531,0,0,0
9180,6532,0,0,0
9180,6533,0,0,0
9180,6534,0,0,0
9180,6535,0,0,0
9180,6611,0,0,0
9180,6631,0,0,0
9180,6632,0,0,0
9180,6633,0,0,0
9180,6634,0,0,0
9180,6635,0,0,0
9180,6636,0,0,0
9180,7111,0,0,0
9180,7131,0,0,0
9180,7132,0,0,0
9180,7133,0,0,0
9180,7134,0,0,0
9180,7135,0,0,0
9180,7137,0,0,0
9180,7138,0,0,0
9180,7140,0,0,0
9180,7141,0,0,0
9180,7143,0,0,0
9180,7211,0,0,0
9180,7231,0,0,0
9180,7232,0,0,0
9180,7233,0,0,0
9180,7235,0,0,0
9180,7311,0,0,0
9180,7312,0,0,0
9180,7313,0,0,0
9180,7314,0,0,0
9180,7315,0,0,0
9180,7316,0,0,0
9180,7317,0,0,0
9180,7318,0,0,0
9180,7319,0,0,0
9180,7320,0,0,0
9180,7331,0,0,0
9180,7332,0,0,0
9180,7333,0,0,0
9180,7334,0,0,0
9180,7335,0,0,0
9180,7336,0,0,0
9180,7337,0,0,0
9180,7338,0,0,0
9180,7339,0,0,0
9180,7340,0,0,0
9180,8111,68,0,68
9180,8115,0,0,0
9180,8116,0,0,0
9180,8117,0,0,0
9180,8118,0,0,0
9180,8119,0,0,0
9180,8121,0,0,0
9180,8125,0,0,0
9180,8126,0,0,0
9180,8127,0,0,0
9180,8128,0,0,0
9180,8135,0,0,0
9180,8136,0,0,0
9180,8211,0,0,0
9180,8212,0,0,0
9180,8215,0,0,0
9180,8216,0,0,0
9180,8221,0,0,0
9180,8222,0,0,0
9180,8225,0,0,0
9180,8226,15,0,15
9180,8231,0,0,0
9180,8235,0,0,0
9180,8236,0,0,0
9180,8237,0,0,0
9180,8311,10,0,10
9180,8315,0,0,0
9180,8316,0,0,0
9180,8317,0,0,0
9180,8325,0,0,0
9180,8326,0,0,0
9180,8327,0,0,0
9180,8335,10,0,10
9180,8336,0,0,0
9180,8337,0,0,0
9180,8415,0,0,0
9180,8416,0,0,0
9180,8417,0,0,0
9180,8421,0,0,0
9180,8425,0,0,0
9180,8426,0,0,0
9180,8435,12,0,12
9180,8436,0,0,0
9180,8437,0,0,0
9180,9161,22,0,22
9180,9162,2589,401,2188
9180,9163,33,12,21
9180,9171,0,0,0
9180,9172,15,0,15
9180,9173,1398,583,815
9180,9174,46,19,27
9180,9175,53,11,42
9180,9176,13,0,13
9180,9177,28,10,18
9180,9178,125,16,109
9180,9179,94,34,60
9180,9180,0,0,0
9180,9181,256,165,91
9180,9182,241,134,107
9180,9183,13,0,13
9180,9184,602,74,528
9180,9185,69,0,69
9180,9186,12,0,12
9180,9187,119,77,42
9180,9188,462,104,358
9180,9189,38,13,25
9180,9190,5207,2221,2986
9180,9261,0,0,0
9180,9262,0,0,0
9180,9263,0,0,0
9180,9271,0,0,0
9180,9272,0,0,0
9180,9273,0,0,0
9180,9274,0,0,0
9180,9275,0,0,0
9180,9276,0,0,0
9180,9277,0,0,0
9180,9278,0,0,0
9180,9279,0,0,0
9180,9361,0,0,0
9180,9362,24,0,24
9180,9363,0,0,0
9180,9371,0,0,0
9180,9372,0,0,0
9180,9373,0,0,0
9180,9374,0,0,0
9180,9375,0,0,0
9180,9376,0,0,0
9180,9377,0,0,0
9180,9461,0,0,0
9180,9462,0,0,0
9180,9463,0,0,0
9180,9464,0,0,0
9180,9471,0,0,0
9180,9472,0,0,0
9180,9473,0,0,0
9180,9474,0,0,0
9180,9475,11,0,11
9180,9476,0,0,0
9180,9477,0,0,0
9180,9478,0,0,0
9180,9479,13,0,13
9180,9561,0,0,0
9180,9562,0,0,0
9180,9563,0,0,0
9180,9564,32,0,32
9180,9565,0,0,0
9180,9571,0,0,0
9180,9572,0,0,0
9180,9573,0,0,0
9180,9574,11,11,0
9180,9575,0,0,0
9180,9576,0,0,0
9180,9577,0,0,0
9180,9661,0,0,0
9180,9662,0,0,0
9180,9663,17,0,17
9180,9671,0,0,0
9180,9672,0,0,0
9180,9673,0,0,0
9180,9674,0,0,0
9180,9675,0,0,0
9180,9676,0,0,0
9180,9677,0,0,0
9180,9678,0,0,0
9180,9679,0,0,0
9180,9761,146,21,125
9180,9762,25,13,12
9180,9763,22,0,22
9180,9764,23,0,23
9180,9771,14,0,14
9180,9772,59,28,31
9180,9773,0,0,0
9180,9774,0,0,0
9180,9775,0,0,0
9180,9776,0,0,0
9180,9777,185,107,78
9180,9778,32,18,14
9180,9779,0,0,0
9180,9780,56,28,28
9180,10041,0,0,0
9180,10042,0,0,0
9180,10043,0,0,0
9180,10044,0,0,0
9180,10045,0,0,0
9180,10046,0,0,0
9180,11000,102,18,84
9180,12051,0,0,0
9180,12052,0,0,0
9180,12053,0,0,0
9180,12054,0,0,0
9180,12060,0,0,0
9180,12061,0,0,0
9180,12062,20,0,20
9180,12063,0,0,0
9180,12064,0,0,0
9180,12065,0,0,0
9180,12066,0,0,0
9180,12067,0,0,0
9180,12068,0,0,0
9180,12069,0,0,0
9180,12070,0,0,0
9180,12071,0,0,0
9180,12072,0,0,0
9180,12073,0,0,0
9180,13003,0,0,0
9180,13004,0,0,0
9180,13071,0,0,0
9180,13072,0,0,0
9180,13073,0,0,0
9180,13074,0,0,0
9180,13075,0,0,0
9180,13076,0,0,0
9180,14511,0,0,0
9180,14521,0,0,0
9180,14522,0,0,0
9180,14523,0,0,0
9180,14524,0,0,0
9180,14612,0,0,0
9180,14625,0,0,0
9180,14626,0,0,0
9180,14627,0,0,0
9180,14628,0,0,0
9180,14713,0,0,0
9180,14729,0,0,0
9180,14730,0,0,0
9180,15001,0,0,0
9180,15002,0,0,0
9180,15003,0,0,0
9180,15081,0,0,0
9180,15082,0,0,0
9180,15083,0,0,0
9180,15084,0,0,0
9180,15085,0,0,0
9180,15086,0,0,0
9180,15087,0,0,0
9180,15088,0,0,0
9180,15089,0,0,0
9180,15090,0,0,0
9180,15091,0,0,0
9180,16051,0,0,0
9180,16052,0,0,0
9180,16053,0,0,0
9180,16054,0,0,0
9180,16055,0,0,0
9180,16056,0,0,0
9180,16061,0,0,0
9180,16062,0,0,0
9180,16063,0,0,0
9180,16064,0,0,0
9180,16065,0,0,0
9180,16066,0,0,0
9180,16067,0,0,0
9180,16068,0,0,0
9180,16069,0,0,0
9180,16070,0,0,0
9180,16071,0,0,0
9180,16072,0,0,0
9180,16073,0,0,0
9180,16074,0,0,0
9180,16075,0,0,0
9180,16076,0,0,0
9180,16077,0,0,0
9181,1001,0,0,0
9181,1002,0,0,0
9181,1003,0,0,0
9181,1004,0,0,0
9181,1051,0,0,0
9181,1053,0,0,0
9181,1054,0,0,0
9181,1055,0,0,0
9181,1056,0,0,0
9181,1057,0,0,0
9181,1058,0,0,0
9181,1059,0,0,0
9181,1060,0,0,0
9181,1061,0,0,0
9181,1062,0,0,0
9181,2000,91,22,69
9181,3101,0,0,0
9181,3102,0,0,0
9181,3103,0,0,0
9181,3151,0,0,0
9181,3153,0,0,0
9181,3154,0,0,0
9181,3155,0,0,0
9181,3157,0,0,0
9181,3158,0,0,0
9181,3159,0,0,0
9181,3241,50,16,34
9181,3251,0,0,0
9181,3252,0,0,0
9181,3254,0,0,0
9181,3255,0,0,0
9181,3256,0,0,0
9181,3257,0,0,0
9181,3351,0,0,0
9181,3352,0,0,0
9181,3353,0,0,0
9181,3354,0,0,0
9181,3355,0,0,0
9181,3356,0,0,0
9181,3357,0,0,0
9181,3358,0,0,0
9181,3359,0,0,0
9181,3360,0,0,0
9181,3361,0,0,0
9181,3401,0,0,0
9181,3402,0,0,0
9181,3403,0,0,0
9181,3404,0,0,0
9181,3405,0,0,0
9181,3451,0,0,0
9181,3452,0,0,0
9181,3453,0,0,0
9181,3454,0,0,0
9181,3455,0,0,0
9181,3456,0,0,0
9181,3457,0,0,0
9181,3458,0,0,0
9181,3459,0,0,0
9181,3460,0,0,0
9181,3461,0,0,0
9181,3462,0,0,0
9181,4011,17,0,17
9181,4012,0,0,0
9181,5111,64,11,53
9181,5112,0,0,0
9181,5113,23,0,23
9181,5114,0,0,0
9181,5116,11,0,11
9181,5117,0,0,0
9181,5119,0,0,0
9181,5120,0,0,0
9181,5122,0,0,0
9181,5124,0,0,0
9181,5154,0,0,0
9181,5158,30,11,19
9181,5162,15,0,15
9181,5166,0,0,0
9181,5170,0,0,0
9181,5314,0,0,0
9181,5315,95,21,74
9181,5316,0,0,0
9181,5334,22,11,11
9181,5358,0,0,0
9181,5362,0,0,0
9181,5366,0,0,0
9181,5370,0,0,0
9181,5374,0,0,0
9181,5378,0,0,0
9181,5382,12,12,0
9181,5512,0,0,0
9181,5513,0,0,0
9181,5515,16,0,16
9181,5554,0,0,0
9181,5558,0,0,0
9181,5562,0,0,0
9181,5566,14,14,0
9181,5570,0,0,0
9181,5711,0,0,0
9181,5754,11,0,11
9181,5758,0,0,0
9181,5762,0,0,0
9181,5766,0,0,0
9181,5770,0,0,0
9181,5774,0,0,0
9181,5911,0,0,0
9181,5913,10,10,0
9181,5914,0,0,0
9181,5915,0,0,0
9181,5916,0,0,0
9181,5954,0,0,0
9181,5958,0,0,0
9181,5962,10,0,10
9181,5966,0,0,0
9181,5970,0,0,0
9181,5974,0,0,0
9181,5978,0,0,0
9181,6411,19,0,19
9181,6412,112,10,102
9181,6413,0,0,0
9181,6414,18,0,18
9181,6431,10,10,0
9181,6432,0,0,0
9181,6433,0,0,0
9181,6434,27,0,27
9181,6435,0,0,0
9181,6436,15,0,15
9181,6437,0,0,0
9181,6438,22,0,22
9181,6439,0,0,0
9181,6440,10,0,10
9181,6531,0,0,0
9181,6532,0,0,0
9181,6533,0,0,0
9181,6534,0,0,0
9181,6535,0,0,0
9181,6611,0,0,0
9181,6631,0,0,0
9181,6632,0,0,0
9181,6633,0,0,0
9181,6634,0,0,0
9181,6635,0,0,0
9181,6636,0,0,0
9181,7111,0,0,0
9181,7131,0,0,0
9181,7132,0,0,0
9181,7133,0,0,0
9181,7134,0,0,0
9181,7135,0,0,0
9181,7137,0,0,0
9181,7138,0,0,0
9181,7140,0,0,0
9181,7141,0,0,0
9181,7143,0,0,0
9181,7211,0,0,0
9181,7231,11,0,11
9181,7232,0,0,0
9181,7233,0,0,0
9181,7235,0,0,0
9181,7311,0,0,0
9181,7312,0,0,0
9181,7313,0,0,0
9181,7314,0,0,0
9181,7315,0,0,0
9181,7316,0,0,0
9181,7317,0,0,0
9181,7318,0,0,0
9181,7319,0,0,0
9181,7320,0,0,0
9181,7331,0,0,0
9181,7332,0,0,0
9181,7333,0,0,0
9181,7334,0,0,0
9181,7335,0,0,0
9181,7336,0,0,0
9181,7337,0,0,0
9181,7338,0,0,0
9181,7339,26,26,0
9181,7340,0,0,0
9181,8111,118,57,61
9181,8115,51,26,25
9181,8116,66,30,36
9181,8117,13,13,0
9181,8118,40,20,20
9181,8119,27,27,0
9181,8121,0,0,0
9181,8125,28,13,15
9181,8126,14,0,14
9181,8127,0,0,0
9181,8128,10,0,10
9181,8135,0,0,0
9181,8136,28,16,12
9181,8211,0,0,0
9181,8212,32,10,22
9181,8215,32,19,13
9181,8216,0,0,0
9181,8221,0,0,0
9181,8222,26,10,16
9181,8225,0,0,0
9181,8226,43,27,16
9181,8231,0,0,0
9181,8235,11,11,0
9181,8236,0,0,0
9181,8237,0,0,0
9181,8311,0,0,0
9181,8315,21,21,0
9181,8316,12,12,0
9181,8317,39,27,12
9181,8325,0,0,0
9181,8326,0,0,0
9181,8327,0,0,0
9181,8335,22,12,10
9181,8336,0,0,0
9181,8337,0,0,0
9181,8415,25,11,14
9181,8416,0,0,0
9181,8417,0,0,0
9181,8421,53,18,35
9181,8425,16,16,0
9181,8426,48,22,26
9181,8435,39,21,18
9181,8436,52,23,29
9181,8437,13,13,0
9181,9161,56,20,36
9181,9162,8133,1231,6902
9181,9163,12,12,0
9181,9171,0,0,0
9181,9172,0,0,0
9181,9173,207,70,137
9181,9174,272,87,185
9181,9175,106,39,67
9181,9176,14,0,14
9181,9177,66,18,48
9181,9178,323,49,274
9181,9179,2582,834,1748
9181,9180,256,91,165
9181,9181,0,0,0
9181,9182,76,26,50
9181,9183,11,11,0
9181,9184,1604,148,1456
9181,9185,47,17,30
9181,9186,77,18,59
9181,9187,69,30,39
9181,9188,3688,523,3165
9181,9189,31,20,11
9181,9190,4356,1923,2433
9181,9261,33,17,16
9181,9262,0,0,0
9181,9263,0,0,0
9181,9271,0,0,0
9181,9272,11,11,0
9181,9273,10,10,0
9181,9274,24,10,14
9181,9275,15,15,0
9181,9276,0,0,0
9181,9277,24,13,11
9181,9278,12,12,0
9181,9279,0,0,0
9181,9361,0,0,0
9181,9362,38,14,24
9181,9363,0,0,0
9181,9371,0,0,0
9181,9372,38,11,27
9181,9373,0,0,0
9181,9374,13,0,13
9181,9375,31,17,14
9181,9376,0,0,0
9181,9377,0,0,0
9181,9461,11,0,11
9181,9462,0,0,0
9181,9463,0,0,0
9181,9464,0,0,0
9181,9471,0,0,0
9181,9472,0,0,0
9181,9473,0,0,0
9181,9474,0,0,0
9181,9475,0,0,0
9181,9476,0,0,0
9181,9477,0,0,0
9181,9478,0,0,0
9181,9479,0,0,0
9181,9561,0,0,0
9181,9562,16,0,16
9181,9563,0,0,0
9181,9564,85,31,54
9181,9565,0,0,0
9181,9571,0,0,0
9181,9572,0,0,0
9181,9573,0,0,0
9181,9574,18,18,0
9181,9575,0,0,0
9181,9576,27,13,14
9181,9577,0,0,0
9181,9661,0,0,0
9181,9662,0,0,0
9181,9663,0,0,0
9181,9671,0,0,0
9181,9672,43,31,12
9181,9673,15,15,0
9181,9674,0,0,0
9181,9675,24,0,24
9181,9676,0,0,0
9181,9677,0,0,0
9181,9678,0,0,0
9181,9679,0,0,0
9181,9761,2814,1082,1732
9181,9762,1187,812,375
9181,9763,139,55,84
9181,9764,118,35,83
9181,9771,892,491,401
9181,9772,3916,2618,1298
9181,9773,60,35,25
9181,9774,88,42,46
9181,9775,65,26,39
9181,9776,16,0,16
9181,9777,3486,2508,978
9181,9778,1827,1175,652
9181,9779,90,21,69
9181,9780,125,68,57
9181,10041,10,0,10
9181,10042,0,0,0
9181,10043,0,0,0
9181,10044,0,0,0
9181,10045,0,0,0
9181,10046,0,0,0
9181,11000,145,43,102
9181,12051,0,0,0
9181,12052,0,0,0
9181,12053,0,0,0
9181,12054,0,0,0
9181,12060,0,0,0
9181,12061,0,0,0
9181,12062,0,0,0
9181,12063,0,0,0
9181,12064,0,0,0
9181,12065,0,0,0
9181,12066,0,0,0
9181,12067,0,0,0
9181,12068,0,0,0
9181,12069,17,17,0
9181,12070,0,0,0
9181,12071,0,0,0
9181,12072,0,0,0
9181,12073,0,0,0
9181,13003,0,0,0
9181,13004,0,0,0
9181,13071,0,0,0
9181,13072,0,0,0
9181,13073,0,0,0
9181,13074,0,0,0
9181,13075,0,0,0
9181,13076,0,0,0
9181,14511,0,0,0
9181,14521,0,0,0
9181,14522,0,0,0
9181,14523,14,14,0
9181,14524,0,0,0
9181,14612,24,24,0
9181,14625,0,0,0
9181,14626,0,0,0
9181,14627,0,0,0
9181,14628,0,0,0
9181,14713,38,25,13
9181,14729,0,0,0
9181,14730,0,0,0
9181,15001,0,0,0
9181,15002,10,10,0
9181,15003,0,0,0
9181,15081,0,0,0
9181,15082,0,0,0
9181,15083,0,0,0
9181,15084,0,0,0
9181,15085,0,0,0
9181,15086,0,0,0
9181,15087,0,0,0
9181,15088,0,0,0
9181,15089,0,0,0
9181,15090,0,0,0
9181,15091,0,0,0
9181,16051,0,0,0
9181,16052,0,0,0
9181,16053,0,0,0
9181,16054,0,0,0
9181,16055,0,0,0
9181,16056,0,0,0
9181,16061,0,0,0
9181,16062,0,0,0
9181,16063,0,0,0
9181,16064,0,0,0
9181,16065,0,0,0
9181,16066,0,0,0
9181,16067,0,0,0
9181,16068,0,0,0
9181,16069,0,0,0
9181,16070,0,0,0
9181,16071,0,0,0
9181,16072,0,0,0
9181,16073,0,0,0
9181,16074,0,0,0
9181,16075,0,0,0
9181,16076,0,0,0
9181,16077,0,0,0
9182,1001,0,0,0
9182,1002,0,0,0
9182,1003,0,0,0
9182,1004,0,0,0
9182,1051,0,0,0
9182,1053,0,0,0
9182,1054,0,0,0
9182,1055,0,0,0
9182,1056,0,0,0
9182,1057,0,0,0
9182,1058,0,0,0
9182,1059,0,0,0
9182,1060,0,0,0
9182,1061,0,0,0
9182,1062,0,0,0
9182,2000,81,24,57
9182,3101,0,0,0
9182,3102,0,0,0
9182,3103,0,0,0
9182,3151,0,0,0
9182,3153,0,0,0
9182,3154,0,0,0
9182,3155,0,0,0
9182,3157,0,0,0
9182,3158,0,0,0
9182,3159,0,0,0
9182,3241,52,28,24
9182,3251,0,0,0
9182,3252,0,0,0
9182,3254,10,10,0
9182,3255,0,0,0
9182,3256,0,0,0
9182,3257,0,0,0
9182,3351,0,0,0
9182,3352,0,0,0
9182,3353,0,0,0
9182,3354,0,0,0
9182,3355,0,0,0
9182,3356,0,0,0
9182,3357,0,0,0
9182,3358,0,0,0
9182,3359,0,0,0
9182,3360,0,0,0
9182,3361,0,0,0
9182,3401,0,0,0
9182,3402,0,0,0
9182,3403,0,0,0
9182,3404,0,0,0
9182,3405,0,0,0
9182,3451,0,0,0
9182,3452,0,0,0
9182,3453,0,0,0
9182,3454,0,0,0
9182,3455,0,0,0
9182,3456,0,0,0
9182,3457,0,0,0
9182,3458,0,0,0
9182,3459,0,0,0
9182,3460,0,0,0
9182,3461,0,0,0
9182,3462,0,0,0
9182,4011,20,0,20
9182,4012,0,0,0
9182,5111,74,14,60
9182,5112,0,0,0
9182,5113,0,0,0
9182,5114,0,0,0
9182,5116,0,0,0
9182,5117,0,0,0
9182,5119,0,0,0
9182,5120,0,0,0
9182,5122,0,0,0
9182,5124,0,0,0
9182,5154,0,0,0
9182,5158,10,0,10
9182,5162,26,15,11
9182,5166,0,0,0
9182,5170,13,13,0
9182,5314,0,0,0
9182,5315,76,20,56
9182,5316,13,13,0
9182,5334,10,10,0
9182,5358,0,0,0
9182,5362,19,19,0
9182,5366,0,0,0
9182,5370,0,0,0
9182,5374,10,0,10
9182,5378,10,10,0
9182,5382,13,13,0
9182,5512,0,0,0
9182,5513,0,0,0
9182,5515,14,14,0
9182,5554,0,0,0
9182,5558,0,0,0
9182,5562,11,11,0
9182,5566,0,0,0
9182,5570,0,0,0
9182,5711,12,0,12
9182,5754,14,0,14
9182,5758,0,0,0
9182,5762,0,0,0
9182,5766,0,0,0
9182,5770,0,0,0
9182,5774,0,0,0
9182,5911,0,0,0
9182,5913,10,10,0
9182,5914,0,0,0
9182,5915,12,0,12
9182,5916,0,0,0
9182,5954,10,10,0
9182,5958,0,0,0
9182,5962,0,0,0
9182,5966,0,0,0
9182,5970,0,0,0
9182,5974,0,0,0
9182,5978,0,0,0
9182,6411,25,0,25
9182,6412,131,26,105
9182,6413,0,0,0
9182,6414,23,0,23
9182,6431,12,12,0
9182,6432,11,11,0
9182,6433,0,0,0
9182,6434,38,0,38
9182,6435,14,0,14
9182,6436,20,0,20
9182,6437,0,0,0
9182,6438,15,0,15
9182,6439,0,0,0
9182,6440,0,0,0
9182,6531,0,0,0
9182,6532,0,0,0
9182,6533,0,0,0
9182,6534,0,0,0
9182,6535,0,0,0
9182,6611,0,0,0
9182,6631,0,0,0
9182,6632,0,0,0
9182,6633,0,0,0
9182,6634,0,0,0
9182,6635,0,0,0
9182,6636,0,0,0
9182,7111,0,0,0
9182,7131,0,0,0
9182,7132,0,0,0
9182,7133,0,0,0
9182,7134,0,0,0
9182,7135,0,0,0
9182,7137,0,0,0
9182,7138,0,0,0
9182,7140,0,0,0
9182,7141,0,0,0
9182,7143,0,0,0
9182,7211,0,0,0
9182,7231,0,0,0
9182,7232,0,0,0
9182,7233,0,0,0
9182,7235,0,0,0
9182,7311,0,0,0
9182,7312,0,0,0
9182,7313,0,0,0
9182,7314,0,0,0
9182,7315,12,12,0
9182,7316,0,0,0
9182,7317,0,0,0
9182,7318,0,0,0
9182,7319,0,0,0
9182,7320,0,0,0
9182,7331,0,0,0
9182,7332,0,0,0
9182,7333,0,0,0
9182,7334,0,0,0
9182,7335,0,0,0
9182,7336,0,0,0
9182,7337,0,0,0
9182,7338,10,10,0
9182,7339,0,0,0
9182,7340,0,0,0
9182,8111,71,38,33
9182,8115,0,0,0
9182,8116,58,27,31
9182,8117,13,13,0
9182,8118,20,0,20
9182,8119,0,0,0
9182,8121,0,0,0
9182,8125,10,0,10
9182,8126,18,0,18
9182,8127,0,0,0
9182,8128,0,0,0
9182,8135,0,0,0
9182,8136,0,0,0
9182,8211,0,0,0
9182,8212,13,0,13
9182,8215,12,12,0
9182,8216,15,0,15
9182,8221,10,0,10
9182,8222,29,13,16
9182,8225,0,0,0
9182,8226,32,16,16
9182,8231,0,0,0
9182,8235,0,0,0
9182,8236,0,0,0
9182,8237,0,0,0
9182,8311,0,0,0
9182,8315,10,10,0
9182,8316,0,0,0
9182,8317,22,22,0
9182,8325,0,0,0
9182,8326,30,0,30
9182,8327,0,0,0
9182,8335,0,0,0
9182,8336,13,0,13
9182,8337,0,0,0
9182,8415,0,0,0
9182,8416,0,0,0
9182,8417,0,0,0
9182,8421,17,0,17
9182,8425,0,0,0
9182,8426,10,10,0
9182,8435,0,0,0
9182,8436,0,0,0
9182,8437,0,0,0
9182,9161,55,18,37
9182,9162,8968,2266,6702
9182,9163,998,464,534
9182,9171,34,14,20
9182,9172,102,85,17
9182,9173,4289,2727,1562
9182,9174,138,76,62
9182,9175,600,307,293
9182,9176,25,10,15
9182,9177,137,84,53
9182,9178,289,63,226
9182,9179,192,106,86
9182,9180,241,107,134
9182,9181,76,50,26
9182,9182,0,0,0
9182,9183,69,33,36
9182,9184,4429,1158,3271
9182,9185,36,13,23
9182,9186,73,35,38
9182,9187,3898,2570,1328
9182,9188,200,99,101
9182,9189,213,145,68
9182,9190,296,152,144
9182,9261,23,12,11
9182,9262,0,0,0
9182,9263,12,0,12
9182,9271,15,15,0
9182,9272,12,12,0
9182,9273,11,0,11
9182,9274,40,22,18
9182,9275,59,40,19
9182,9276,0,0,0
9182,9277,0,0,0
9182,9278,0,0,0
9182,9279,0,0,0
9182,9361,0,0,0
9182,9362,46,15,31
9182,9363,0,0,0
9182,9371,0,0,0
9182,9372,0,0,0
9182,9373,0,0,0
9182,9374,0,0,0
9182,9375,0,0,0
9182,9376,0,0,0
9182,9377,0,0,0
9182,9461,23,0,23
9182,9462,0,0,0
9182,9463,0,0,0
9182,9464,0,0,0
9182,9471,0,0,0
9182,9472,0,0,0
9182,9473,0,0,0
9182,9474,0,0,0
9182,9475,0,0,0
9182,9476,0,0,0
9182,9477,0,0,0
9182,9478,0,0,0
9182,9479,0,0,0
9182,9561,0,0,0
9182,9562,15,0,15
9182,9563,11,11,0
9182,9564,91,51,40
9182,9565,0,0,0
9182,9571,0,0,0
9182,9572,0,0,0
9182,9573,0,0,0
9182,9574,25,13,12
9182,9575,0,0,0
9182,9576,0,0,0
9182,9577,0,0,0
9182,9661,0,0,0
9182,9662,0,0,0
9182,9663,10,0,10
9182,9671,0,0,0
9182,9672,0,0,0
9182,9673,0,0,0
9182,9674,0,0,0
9182,9675,0,0,0
9182,9676,0,0,0
9182,9677,0,0,0
9182,9678,0,0,0
9182,9679,0,0,0
9182,9761,178,137,41
9182,9762,0,0,0
9182,9763,10,10,0
9182,9764,0,0,0
9182,9771,33,33,0
9182,9772,92,78,14
9182,9773,0,0,0
9182,9774,0,0,0
9182,9775,0,0,0
9182,9776,0,0,0
9182,9777,47,36,11
9182,9778,22,22,0
9182,9779,31,10,21
9182,9780,21,11,10
9182,10041,11,0,11
9182,10042,0,0,0
9182,10043,0,0,0
9182,10044,0,0,0
9182,10045,0,0,0
9182,10046,0,0,0
9182,11000,210,89,121
9182,12051,0,0,0
9182,12052,0,0,0
9182,12053,0,0,0
9182,12054,0,0,0
9182,12060,0,0,0
9182,12061,0,0,0
9182,12062,0,0,0
9182,12063,0,0,0
9182,12064,0,0,0
9182,12065,0,0,0
9182,12066,0,0,0
9182,12067,0,0,0
9182,12068,0,0,0
9182,12069,0,0,0
9182,12070,0,0,0
9182,12071,0,0,0
9182,12072,0,0,0
9182,12073,0,0,0
9182,13003,0,0,0
9182,13004,0,0,0
9182,13071,10,10,0
9182,13072,0,0,0
9182,13073,0,0,0
9182,13074,0,0,0
9182,13075,0,0,0
9182,13076,0,0,0
9182,14511,0,0,0
9182,14521,0,0,0
9182,14522,19,19,0
9182,14523,0,0,0
9182,14524,0,0,0
9182,14612,26,13,13
9182,14625,17,17,0
9182,14626,0,0,0
9182,14627,0,0,0
9182,14628,14,14,0
9182,14713,18,18,0
9182,14729,0,0,0
9182,14730,0,0,0
9182,15001,0,0,0
9182,15002,10,10,0
9182,15003,0,0,0
9182,15081,0,0,0
9182,15082,0,0,0
9182,15083,0,0,0
9182,15084,0,0,0
9182,15085,0,0,0
9182,15086,0,0,0
9182,15087,0,0,0
9182,15088,0,0,0
9182,15089,0,0,0
9182,15090,0,0,0
9182,15091,0,0,0
9182,16051,0,0,0
9182,16052,0,0,0
9182,16053,0,0,0
9182,16054,0,0,0
9182,16055,0,0,0
9182,16056,0,0,0
9182,16061,0,0,0
9182,16062,0,0,0
9182,16063,0,0,0
9182,16064,0,0,0
9182,16065,0,0,0
9182,16066,11,11,0
9182,16067,0,0,0
9182,16068,0,0,0
9182,16069,0,0,0
9182,16070,10,10,0
9182,16071,0,0,0
9182,16072,0,0,0
9182,16073,0,0,0
9182,16074,0,0,0
9182,16075,0,0,0
9182,16076,0,0,0
9182,16077,0,0,0
9183,1001,0,0,0
9183,1002,0,0,0
9183,1003,86,0,86
9183,1004,0,0,0
9183,1051,0,0,0
9183,1053,0,0,0
9183,1054,0,0,0
9183,1055,0,0,0
9183,1056,0,0,0
9183,1057,0,0,0
9183,1058,0,0,0
9183,1059,0,0,0
9183,1060,0,0,0
9183,1061,0,0,0
9183,1062,0,0,0
9183,2000,53,0,53
9183,3101,0,0,0
9183,3102,0,0,0
9183,3103,0,0,0
9183,3151,0,0,0
9183,3153,0,0,0
9183,3154,0,0,0
9183,3155,0,0,0
9183,3157,0,0,0
9183,3158,0,0,0
9183,3159,16,0,16
9183,3241,19,0,19
9183,3251,0,0,0
9183,3252,0,0,0
9183,3254,0,0,0
9183,3255,0,0,0
9183,3256,0,0,0
9183,3257,0,0,0
9183,3351,0,0,0
9183,3352,0,0,0
9183,3353,0,0,0
9183,3354,0,0,0
9183,3355,0,0,0
9183,3356,0,0,0
9183,3357,0,0,0
9183,3358,0,0,0
9183,3359,0,0,0
9183,3360,0,0,0
9183,3361,0,0,0
9183,3401,0,0,0
9183,3402,0,0,0
9183,3403,0,0,0
9183,3404,0,0,0
9183,3405,0,0,0
9183,3451,0,0,0
9183,3452,0,0,0
9183,3453,0,0,0
9183,3454,0,0,0
9183,3455,0,0,0
9183,3456,0,0,0
9183,3457,0,0,0
9183,3458,0,0,0
9183,3459,0,0,0
9183,3460,18,0,18
9183,3461,0,0,0
9183,3462,0,0,0
9183,4011,0,0,0
9183,4012,0,0,0
9183,5111,37,0,37
9183,5112,16,0,16
9183,5113,0,0,0
9183,5114,86,0,86
9183,5116,0,0,0
9183,5117,0,0,0
9183,5119,0,0,0
9183,5120,0,0,0
9183,5122,0,0,0
9183,5124,0,0,0
9183,5154,0,0,0
9183,5158,0,0,0
9183,5162,0,0,0
9183,5166,0,0,0
9183,5170,0,0,0
9183,5314,14,0,14
9183,5315,40,0,40
9183,5316,0,0,0
9183,5334,0,0,0
9183,5358,0,0,0
9183,5362,13,13,0
9183,5366,0,0,0
9183,5370,0,0,0
9183,5374,0,0,0
9183,5378,0,0,0
9183,5382,0,0,0
9183,5512,0,0,0
9183,5513,0,0,0
9183,5515,0,0,0
9183,5554,0,0,0
9183,5558,0,0,0
9183,5562,0,0,0
9183,5566,0,0,0
9183,5570,0,0,0
9183,5711,0,0,0
9183,5754,0,0,0
9183,5758,0,0,0
9183,5762,0,0,0
9183,5766,0,0,0
9183,5770,0,0,0
9183,5774,0,0,0
9183,5911,0,0,0
9183,5913,0,0,0
9183,5914,0,0,0
9183,5915,0,0,0
9183,5916,0,0,0
9183,5954,0,0,0
9183,5958,0,0,0
9183,5962,0,0,0
9183,5966,0,0,0
9183,5970,0,0,0
9183,5974,11,0,11
9183,5978,0,0,0
9183,6411,0,0,0
9183,6412,62,0,62
9183,6413,0,0,0
9183,6414,10,0,10
9183,6431,0,0,0
9183,6432,0,0,0
9183,6433,0,0,0
9183,6434,11,0,11
9183,6435,14,0,14
9183,6436,11,0,11
9183,6437,0,0,0
9183,6438,15,0,15
9183,6439,0,0,0
9183,6440,0,0,0
9183,6531,0,0,0
9183,6532,0,0,0
9183,6533,0,0,0
9183,6534,0,0,0
9183,6535,0,0,0
9183,6611,0,0,0
9183,6631,0,0,0
9183,6632,0,0,0
9183,6633,0,0,0
9183,6634,0,0,0
9183,6635,0,0,0
9183,6636,0,0,0
9183,7111,0,0,0
9183,7131,0,0,0
9183,7132,0,0,0
9183,7133,0,0,0
9183,7134,11,0,11
9183,7135,0,0,0
9183,7137,0,0,0
9183,7138,0,0,0
9183,7140,0,0,0
9183,7141,0,0,0
9183,7143,0,0,0
9183,7211,0,0,0
9183,7231,0,0,0
9183,7232,0,0,0
9183,7233,0,0,0
9183,7235,0,0,0
9183,7311,0,0,0
9183,7312,0,0,0
9183,7313,0,0,0
9183,7314,0,0,0
9183,7315,0,0,0
9183,7316,0,0,0
9183,7317,0,0,0
9183,7318,0,0,0
9183,7319,0,0,0
9183,7320,0,0,0
9183,7331,0,0,0
9183,7332,0,0,0
9183,7333,0,0,0
9183,7334,0,0,0
9183,7335,0,0,0
9183,7336,0,0,0
9183,7337,0,0,0
9183,7338,0,0,0
9183,7339,0,0,0
9183,7340,0,0,0
9183,8111,23,0,23
9183,8115,0,0,0
9183,8116,0,0,0
9183,8117,12,12,0
9183,8118,16,0,16
9183,8119,13,0,13
9183,8121,0,0,0
9183,8125,0,0,0
9183,8126,12,0,12
9183,8127,0,0,0
9183,8128,0,0,0
9183,8135,0,0,0
9183,8136,0,0,0
9183,8211,0,0,0
9183,8212,15,0,15
9183,8215,11,0,11
9183,8216,0,0,0
9183,8221,0,0,0
9183,8222,13,0,13
9183,8225,0,0,0
9183,8226,27,0,27
9183,8231,0,0,0
9183,8235,0,0,0
9183,8236,0,0,0
9183,8237,0,0,0
9183,8311,0,0,0
9183,8315,0,0,0
9183,8316,0,0,0
9183,8317,0,0,0
9183,8325,0,0,0
9183,8326,0,0,0
9183,8327,0,0,0
9183,8335,0,0,0
9183,8336,0,0,0
9183,8337,12,12,0
9183,8415,0,0,0
9183,8416,0,0,0
9183,8417,0,0,0
9183,8421,0,0,0
9183,8425,0,0,0
9183,8426,0,0,0
9183,8435,0,0,0
9183,8436,0,0,0
9183,8437,0,0,0
9183,9161,33,0,33
9183,9162,4793,464,4329
9183,9163,432,59,373
9183,9171,8302,4865,3437
9183,9172,142,81,61
9183,9173,48,20,28
9183,9174,85,34,51
9183,9175,1242,263,979
9183,9176,10,0,10
9183,9177,2620,1069,1551
9183,9178,543,72,471
9183,9179,94,41,53
9183,9180,13,13,0
9183,9181,11,0,11
9183,9182,69,36,33
9183,9183,0,0,0
9183,9184,1190,105,1085
9183,9185,32,0,32
9183,9186,68,19,49
9183,9187,3222,1077,2145
9183,9188,61,22,39
9183,9189,1660,847,813
9183,9190,28,12,16
9183,9261,332,104,228
9183,9262,104,33,71
9183,9263,27,10,17
9183,9271,96,56,40
9183,9272,29,18,11
9183,9273,31,11,20
9183,9274,1992,787,1205
9183,9275,179,149,30
9183,9276,17,17,0
9183,9277,1665,951,714
9183,9278,37,26,11
9183,9279,294,69,225
9183,9361,0,0,0
9183,9362,89,20,69
9183,9363,0,0,0
9183,9371,0,0,0
9183,9372,30,12,18
9183,9373,0,0,0
9183,9374,0,0,0
9183,9375,40,19,21
9183,9376,17,0,17
9183,9377,0,0,0
9183,9461,0,0,0
9183,9462,0,0,0
9183,9463,0,0,0
9183,9464,0,0,0
9183,9471,0,0,0
9183,9472,0,0,0
9183,9473,0,0,0
9183,9474,0,0,0
9183,9475,0,0,0
9183,9476,0,0,0
9183,9477,0,0,0
9183,9478,0,0,0
9183,9479,0,0,0
9183,9561,0,0,0
9183,9562,12,0,12
9183,9563,0,0,0
9183,9564,94,20,74
9183,9565,0,0,0
9183,9571,0,0,0
9183,9572,0,0,0
9183,9573,0,0,0
9183,9574,11,0,11
9183,9575,0,0,0
9183,9576,12,0,12
9183,9577,0,0,0
9183,9661,0,0,0
9183,9662,0,0,0
9183,9663,0,0,0
9183,9671,0,0,0
9183,9672,0,0,0
9183,9673,0,0,0
9183,9674,0,0,0
9183,9675,0,0,0
9183,9676,0,0,0
9183,9677,0,0,0
9183,9678,0,0,0
9183,9679,10,10,0
9183,9761,62,28,34
9183,9762,0,0,0
9183,9763,0,0,0
9183,9764,0,0,0
9183,9771,34,18,16
9183,9772,35,19,16
9183,9773,0,0,0
9183,9774,0,0,0
9183,9775,0,0,0
9183,9776,0,0,0
9183,9777,13,0,13
9183,9778,0,0,0
9183,9779,0,0,0
9183,9780,0,0,0
9183,10041,0,0,0
9183,10042,0,0,0
9183,10043,0,0,0
9183,10044,0,0,0
9183,10045,0,0,0
9183,10046,0,0,0
9183,11000,89,30,59
9183,12051,0,0,0
9183,12052,0,0,0
9183,12053,0,0,0
9183,12054,0,0,0
9183,12060,0,0,0
9183,12061,0,0,0
9183,12062,0,0,0
9183,12063,0,0,0
9183,12064,0,0,0
9183,12065,0,0,0
9183,12066,0,0,0
9183,12067,0,0,0
9183,12068,0,0,0
9183,12069,0,0,0
9183,12070,0,0,0
9183,12071,0,0,0
9183,12072,0,0,0
9183,12073,0,0,0
9183,13003,0,0,0
9183,13004,0,0,0
9183,13071,0,0,0
9183,13072,0,0,0
9183,13073,0,0,0
9183,13074,0,0,0
9183,13075,0,0,0
9183,13076,29,0,29
9183,14511,0,0,0
9183,14521,12,12,0
9183,14522,11,11,0
9183,14523,0,0,0
9183,14524,0,0,0
9183,14612,11,11,0
9183,14625,12,12,0
9183,14626,0,0,0
9183,14627,22,22,0
9183,14628,0,0,0
9183,14713,46,14,32
9183,14729,0,0,0
9183,14730,0,0,0
9183,15001,0,0,0
9183,15002,0,0,0
9183,15003,0,0,0
9183,15081,0,0,0
9183,15082,0,0,0
9183,15083,0,0,0
9183,15084,0,0,0
9183,15085,0,0,0
9183,15086,0,0,0
9183,15087,0,0,0
9183,15088,0,0,0
9183,15089,0,0,0
9183,15090,0,0,0
9183,15091,0,0,0
9183,16051,0,0,0
9183,16052,0,0,0
9183,16053,0,0,0
9183,16054,0,0,0
9183,16055,0,0,0
9183,16056,0,0,0
9183,16061,0,0,0
9183,16062,0,0,0
9183,16063,0,0,0
9183,16064,0,0,0
9183,16065,0,0,0
9183,16066,0,0,0
9183,16067,0,0,0
9183,16068,0,0,0
9183,16069,0,0,0
9183,16070,0,0,0
9183,16071,0,0,0
9183,16072,0,0,0
9183,16073,0,0,0
9183,16074,0,0,0
9183,16075,0,0,0
9183,16076,0,0,0
9183,16077,0,0,0
9184,1001,24,13,11
9184,1002,61,49,12
9184,1003,48,34,14
9184,1004,16,16,0
9184,1051,40,40,0
9184,1053,40,40,0
9184,1054,16,16,0
9184,1055,27,27,0
9184,1056,122,105,17
9184,1057,21,21,0
9184,1058,45,45,0
9184,1059,23,23,0
9184,1060,102,89,13
9184,1061,49,49,0
9184,1062,100,84,16
9184,2000,1311,939,372
9184,3101,219,177,42
9184,3102,28,28,0
9184,3103,83,64,19
9184,3151,63,63,0
9184,3153,44,29,15
9184,3154,35,35,0
9184,3155,49,35,14
9184,3157,33,33,0
9184,3158,45,45,0
9184,3159,140,125,15
9184,3241,580,420,160
9184,3251,52,52,0
9184,3252,57,57,0
9184,3254,75,75,0
9184,3255,45,45,0
9184,3256,27,27,0
9184,3257,43,43,0
9184,3351,55,35,20
9184,3352,28,28,0
9184,3353,98,86,12
9184,3354,0,0,0
9184,3355,40,40,0
9184,3356,22,22,0
9184,3357,35,35,0
9184,3358,42,42,0
9184,3359,44,44,0
9184,3360,15,15,0
9184,3361,25,25,0
9184,3401,0,0,0
9184,3402,0,0,0
9184,3403,55,55,0
9184,3404,59,39,20
9184,3405,20,20,0
9184,3451,33,33,0
9184,3452,18,18,0
9184,3453,22,22,0
9184,3454,45,32,13
9184,3455,14,14,0
9184,3456,23,23,0
9184,3457,25,25,0
9184,3458,34,34,0
9184,3459,55,41,14
9184,3460,14,14,0
9184,3461,52,52,0
9184,3462,0,0,0
9184,4011,231,148,83
9184,4012,44,44,0
9184,5111,691,393,298
9184,5112,122,84,38
9184,5113,247,187,60
9184,5114,80,65,15
9184,5116,92,73,19
9184,5117,72,72,0
9184,5119,61,39,22
9184,5120,13,13,0
9184,5122,64,48,16
9184,5124,92,79,13
9184,5154,62,49,13
9184,5158,257,197,60
9184,5162,247,198,49
9184,5166,134,119,15
9184,5170,126,107,19
9184,5314,212,150,62
9184,5315,916,632,284
9184,5316,54,42,12
9184,5334,164,128,36
9184,5358,101,60,41
9184,5362,251,219,32
9184,5366,65,65,0
9184,5370,62,62,0
9184,5374,118,73,45
9184,5378,131,131,0
9184,5382,293,248,45
9184,5512,28,28,0
9184,5513,60,60,0
9184,5515,122,101,21
9184,5554,73,59,14
9184,5558,116,116,0
9184,5562,158,145,13
9184,5566,92,79,13
9184,5570,59,49,10
9184,5711,85,58,27
9184,5754,75,37,38
9184,5758,38,38,0
9184,5762,41,41,0
9184,5766,67,57,10
9184,5770,70,70,0
9184,5774,96,84,12
9184,5911,138,106,32
9184,5913,289,222,67
9184,5914,34,34,0
9184,5915,35,35,0
9184,5916,30,30,0
9184,5954,101,88,13
9184,5958,60,45,15
9184,5962,98,81,17
9184,5966,18,18,0
9184,5970,54,43,11
9184,5974,90,70,20
9184,5978,131,114,17
9184,6411,163,83,80
9184,6412,1081,400,681
9184,6413,83,60,23
9184,6414,209,136,73
9184,6431,156,119,37
9184,6432,140,127,13
9184,6433,165,125,40
9184,6434,298,104,194
9184,6435,192,155,37
9184,6436,256,128,128
9184,6437,27,27,0
9184,6438,279,169,110
9184,6439,95,74,21
9184,6440,116,98,18
9184,6531,88,72,16
9184,6532,55,41,14
9184,6533,37,37,0
9184,6534,70,51,19
9184,6535,20,20,0
9184,6611,72,46,26
9184,6631,68,68,0
9184,6632,28,28,0
9184,6633,71,71,0
9184,6634,36,36,0
9184,6635,30,30,0
9184,6636,23,23,0
9184,7111,51,33,18
9184,7131,46,46,0
9184,7132,35,35,0
9184,7133,47,47,0
9184,7134,35,35,0
9184,7135,12,12,0
9184,7137,53,53,0
9184,7138,38,38,0
9184,7140,20,20,0
9184,7141,26,26,0
9184,7143,51,51,0
9184,7211,43,43,0
9184,7231,34,24,10
9184,7232,0,0,0
9184,7233,0,0,0
9184,7235,27,27,0
9184,7311,0,0,0
9184,7312,29,29,0
9184,7313,10,10,0
9184,7314,39,39,0
9184,7315,166,128,38
9184,7316,20,20,0
9184,7317,0,0,0
9184,7318,12,12,0
9184,7319,17,17,0
9184,7320,18,18,0
9184,7331,45,45,0
9184,7332,63,63,0
9184,7333,22,22,0
9184,7334,37,37,0
9184,7335,35,35,0
9184,7336,19,19,0
9184,7337,35,35,0
9184,7338,53,53,0
9184,7339,85,70,15
9184,7340,20,20,0
9184,8111,758,444,314
9184,8115,305,238,67
9184,8116,481,351,130
9184,8117,143,109,34
9184,8118,349,257,92
9184,8119,168,141,27
9184,8121,73,52,21
9184,8125,161,134,27
9184,8126,48,27,21
9184,8127,88,69,19
9184,8128,171,159,12
9184,8135,91,77,14
9184,8136,136,111,25
9184,8211,13,13,0
9184,8212,243,171,72
9184,8215,189,152,37
9184,8216,76,63,13
9184,8221,140,103,37
9184,8222,252,171,81
9184,8225,58,58,0
9184,8226,355,307,48
9184,8231,54,40,14
9184,8235,67,54,13
9184,8236,78,68,10
9184,8237,50,50,0
9184,8311,110,78,32
9184,8315,81,68,13
9184,8316,51,39,12
9184,8317,106,77,29
9184,8325,22,22,0
9184,8326,87,60,27
9184,8327,35,35,0
9184,8335,146,122,24
9184,8336,73,41,32
9184,8337,21,21,0
9184,8415,192,167,25
9184,8416,138,122,16
9184,8417,59,59,0
9184,8421,221,142,79
9184,8425,118,118,0
9184,8426,112,101,11
9184,8435,229,178,51
9184,8436,218,179,39
9184,8437,39,39,0
9184,9161,934,612,322
9184,9162,151697,84183,67514
9184,9163,941,721,220
9184,9171,446,378,68
9184,9172,233,189,44
9184,9173,5069,4289,780
9184,9174,6710,5646,1064
9184,9175,13608,10932,2676
9184,9176,421,306,115
9184,9177,7405,6328,1077
9184,9178,12497,9322,3175
9184,9179,8418,7329,1089
9184,9180,602,528,74
9184,9181,1604,1456,148
9184,9182,4429,3271,1158
9184,9183,1190,1085,105
9184,9184,0,0,0
9184,9185,469,359,110
9184,9186,2386,1899,487
9184,9187,4732,4138,594
9184,9188,6068,4266,1802
9184,9189,726,642,84
9184,9190,1436,1208,228
9184,9261,768,652,116
9184,9262,133,97,36
9184,9263,143,121,22
9184,9271,353,300,53
9184,9272,182,158,24
9184,9273,498,442,56
9184,9274,1549,1439,110
9184,9275,278,245,33
9184,9276,103,92,11
9184,9277,339,297,42
9184,9278,251,229,22
9184,9279,565,534,31
9184,9361,20,20,0
9184,9362,533,405,128
9184,9363,30,30,0
9184,9371,65,65,0
9184,9372,226,197,29
9184,9373,153,130,23
9184,9374,87,71,16
9184,9375,400,369,31
9184,9376,243,232,11
9184,9377,54,54,0
9184,9461,66,45,21
9184,9462,88,59,29
9184,9463,22,22,0
9184,9464,22,22,0
9184,9471,148,148,0
9184,9472,66,66,0
9184,9473,34,34,0
9184,9474,103,92,11
9184,9475,84,52,32
9184,9476,36,36,0
9184,9477,48,48,0
9184,9478,42,31,11
9184,9479,43,43,0
9184,9561,21,21,0
9184,9562,223,113,110
9184,9563,145,130,15
9184,9564,933,666,267
9184,9565,62,62,0
9184,9571,133,118,15
9184,9572,165,124,41
9184,9573,153,134,19
9184,9574,194,175,19
9184,9575,66,66,0
9184,9576,163,146,17
9184,9577,112,99,13
9184,9661,59,49,10
9184,9662,24,24,0
9184,9663,173,102,71
9184,9671,112,92,20
9184,9672,32,32,0
9184,9673,28,28,0
9184,9674,47,47,0
9184,9675,91,67,24
9184,9676,104,62,42
9184,9677,67,67,0
9184,9678,88,88,0
9184,9679,134,119,15
9184,9761,1886,1607,279
9184,9762,150,130,20
9184,9763,123,100,23
9184,9764,78,68,10
9184,9771,1241,1168,73
9184,9772,1146,1052,94
9184,9773,167,149,18
9184,9774,188,164,24
9184,9775,204,183,21
9184,9776,91,64,27
9184,9777,431,378,53
9184,9778,396,358,38
9184,9779,326,213,113
9184,9780,204,174,30
9184,10041,236,201,35
9184,10042,28,28,0
9184,10043,38,38,0
9184,10044,61,61,0
9184,10045,65,65,0
9184,10046,22,22,0
9184,11000,2171,1631,540
9184,12051,21,21,0
9184,12052,32,32,0
9184,12053,0,0,0
9184,12054,78,66,12
9184,12060,53,53,0
9184,12061,54,54,0
9184,12062,27,27,0
9184,12063,45,45,0
9184,12064,45,45,0
9184,12065,57,57,0
9184,12066,45,45,0
9184,12067,30,30,0
9184,12068,14,14,0
9184,12069,108,97,11
9184,12070,0,0,0
9184,12071,32,32,0
9184,12072,50,50,0
9184,12073,23,23,0
9184,13003,48,48,0
9184,13004,0,0,0
9184,13071,28,28,0
9184,13072,30,30,0
9184,13073,25,25,0
9184,13074,18,18,0
9184,13075,41,28,13
9184,13076,27,27,0
9184,14511,111,91,20
9184,14521,113,102,11
9184,14522,87,77,10
9184,14523,103,90,13
9184,14524,73,73,0
9184,14612,372,326,46
9184,14625,77,77,0
9184,14626,51,51,0
9184,14627,78,66,12
9184,14628,84,71,13
9184,14713,380,320,60
9184,14729,97,97,0
9184,14730,69,69,0
9184,15001,20,20,0
9184,15002,57,57,0
9184,15003,58,58,0
9184,15081,0,0,0
9184,15082,48,48,0
9184,15083,26,26,0
9184,15084,70,70,0
9184,15085,36,36,0
9184,15086,17,17,0
9184,15087,40,40,0
9184,15088,91,91,0
9184,15089,32,32,0
9184,15090,10,10,0
9184,15091,37,37,0
9184,16051,90,80,10
9184,16052,41,41,0
9184,16053,57,46,11
9184,16054,13,13,0
9184,16055,23,23,0
9184,16056,11,11,0
9184,16061,16,16,0
9184,16062,14,14,0
9184,16063,19,19,0
9184,16064,36,36,0
9184,16065,20,20,0
9184,16066,34,34,0
9184,16067,36,36,0
9184,16068,18,18,0
9184,16069,18,18,0
9184,16070,45,45,0
9184,16071,58,41,17
9184,16072,10,10,0
9184,16073,39,39,0
9184,16074,27,27,0
9184,16075,25,25,0
9184,16076,43,43,0
9184,16077,31,31,0
9185,1001,0,0,0
9185,1002,0,0,0
9185,1003,0,0,0
9185,1004,0,0,0
9185,1051,0,0,0
9185,1053,0,0,0
9185,1054,0,0,0
9185,1055,0,0,0
9185,1056,0,0,0
9185,1057,0,0,0
9185,1058,0,0,0
9185,1059,0,0,0
9185,1060,0,0,0
9185,1061,0,0,0
9185,1062,16,0,16
9185,2000,40,14,26
9185,3101,0,0,0
9185,3102,0,0,0
9185,3103,0,0,0
9185,3151,0,0,0
9185,3153,0,0,0
9185,3154,0,0,0
9185,3155,0,0,0
9185,3157,0,0,0
9185,3158,0,0,0
9185,3159,0,0,0
9185,3241,11,0,11
9185,3251,0,0,0
9185,3252,0,0,0
9185,3254,0,0,0
9185,3255,0,0,0
9185,3256,0,0,0
9185,3257,0,0,0
9185,3351,0,0,0
9185,3352,0,0,0
9185,3353,0,0,0
9185,3354,0,0,0
9185,3355,0,0,0
9185,3356,0,0,0
9185,3357,0,0,0
9185,3358,0,0,0
9185,3359,0,0,0
9185,3360,0,0,0
9185,3361,0,0,0
9185,3401,0,0,0
9185,3402,0,0,0
9185,3403,0,0,0
9185,3404,0,0,0
9185,3405,0,0,0
9185,3451,0,0,0
9185,3452,0,0,0
9185,3453,0,0,0
9185,3454,0,0,0
9185,3455,0,0,0
9185,3456,0,0,0
9185,3457,0,0,0
9185,3458,0,0,0
9185,3459,0,0,0
9185,3460,0,0,0
9185,3461,0,0,0
9185,3462,0,0,0
9185,4011,13,0,13
9185,4012,0,0,0
9185,5111,15,0,15
9185,5112,0,0,0
9185,5113,0,0,0
9185,5114,0,0,0
9185,5116,0,0,0
9185,5117,0,0,0
9185,5119,0,0,0
9185,5120,0,0,0
9185,5122,0,0,0
9185,5124,0,0,0
9185,5154,0,0,0
9185,5158,0,0,0
9185,5162,0,0,0
9185,5166,0,0,0
9185,5170,0,0,0
9185,5314,0,0,0
9185,5315,24,0,24
9185,5316,0,0,0
9185,5334,0,0,0
9185,5358,0,0,0
9185,5362,0,0,0
9185,5366,0,0,0
9185,5370,0,0,0
9185,5374,11,0,11
9185,5378,0,0,0
9185,5382,0,0,0
9185,5512,0,0,0
9185,5513,0,0,0
9185,5515,0,0,0
9185,5554,0,0,0
9185,5558,0,0,0
9185,5562,17,0,17
9185,5566,0,0,0
9185,5570,0,0,0
9185,5711,0,0,0
9185,5754,22,10,12
9185,5758,0,0,0
9185,5762,0,0,0
9185,5766,0,0,0
9185,5770,0,0,0
9185,5774,0,0,0
9185,5911,0,0,0
9185,5913,0,0,0
9185,5914,0,0,0
9185,5915,0,0,0
9185,5916,0,0,0
9185,5954,0,0,0
9185,5958,0,0,0
9185,5962,37,0,37
9185,5966,0,0,0
9185,5970,0,0,0
9185,5974,0,0,0
9185,5978,0,0,0
9185,6411,0,0,0
9185,6412,25,0,25
9185,6413,0,0,0
9185,6414,0,0,0
9185,6431,12,12,0
9185,6432,0,0,0
9185,6433,0,0,0
9185,6434,0,0,0
9185,6435,0,0,0
9185,6436,0,0,0
9185,6437,0,0,0
9185,6438,16,0,16
9185,6439,0,0,0
9185,6440,41,0,41
9185,6531,0,0,0
9185,6532,0,0,0
9185,6533,0,0,0
9185,6534,0,0,0
9185,6535,0,0,0
9185,6611,0,0,0
9185,6631,10,0,10
9185,6632,0,0,0
9185,6633,0,0,0
9185,6634,0,0,0
9185,6635,0,0,0
9185,6636,0,0,0
9185,7111,0,0,0
9185,7131,0,0,0
9185,7132,0,0,0
9185,7133,0,0,0
9185,7134,0,0,0
9185,7135,0,0,0
9185,7137,0,0,0
9185,7138,0,0,0
9185,7140,0,0,0
9185,7141,0,0,0
9185,7143,0,0,0
9185,7211,0,0,0
9185,7231,0,0,0
9185,7232,0,0,0
9185,7233,0,0,0
9185,7235,0,0,0
9185,7311,0,0,0
9185,7312,0,0,0
9185,7313,0,0,0
9185,7314,0,0,0
9185,7315,0,0,0
9185,7316,0,0,0
9185,7317,0,0,0
9185,7318,0,0,0
9185,7319,0,0,0
9185,7320,0,0,0
9185,7331,0,0,0
9185,7332,0,0,0
9185,7333,0,0,0
9185,7334,0,0,0
9185,7335,0,0,0
9185,7336,0,0,0
9185,7337,0,0,0
9185,7338,0,0,0
9185,7339,0,0,0
9185,7340,0,0,0
9185,8111,42,0,42
9185,8115,24,0,24
9185,8116,23,0,23
9185,8117,10,0,10
9185,8118,18,0,18
9185,8119,12,0,12
9185,8121,0,0,0
9185,8125,36,20,16
9185,8126,12,0,12
9185,8127,0,0,0
9185,8128,0,0,0
9185,8135,0,0,0
9185,8136,10,10,0
9185,8211,0,0,0
9185,8212,0,0,0
9185,8215,0,0,0
9185,8216,0,0,0
9185,8221,0,0,0
9185,8222,0,0,0
9185,8225,0,0,0
9185,8226,23,13,10
9185,8231,0,0,0
9185,8235,0,0,0
9185,8236,23,0,23
9185,8237,0,0,0
9185,8311,0,0,0
9185,8315,29,29,0
9185,8316,26,26,0
9185,8317,0,0,0
9185,8325,0,0,0
9185,8326,0,0,0
9185,8327,0,0,0
9185,8335,28,28,0
9185,8336,14,14,0
9185,8337,0,0,0
9185,8415,0,0,0
9185,8416,0,0,0
9185,8417,0,0,0
9185,8421,27,0,27
9185,8425,0,0,0
9185,8426,0,0,0
9185,8435,25,25,0
9185,8436,44,14,30
9185,8437,0,0,0
9185,9161,10480,1591,8889
9185,9162,1807,321,1486
9185,9163,0,0,0
9185,9171,36,22,14
9185,9172,10,10,0
9185,9173,40,40,0
9185,9174,510,254,256
9185,9175,68,30,38
9185,9176,2907,1160,1747
9185,9177,114,52,62
9185,9178,340,149,191
9185,9179,216,141,75
9185,9180,69,69,0
9185,9181,47,30,17
9185,9182,36,23,13
9185,9183,32,32,0
9185,9184,469,110,359
9185,9185,0,0,0
9185,9186,4738,1717,3021
9185,9187,54,36,18
9185,9188,93,44,49
9185,9189,43,15,28
9185,9190,67,51,16
9185,9261,35,19,16
9185,9262,0,0,0
9185,9263,0,0,0
9185,9271,50,50,0
9185,9272,34,34,0
9185,9273,189,85,104
9185,9274,69,50,19
9185,9275,57,46,11
9185,9276,17,17,0
9185,9277,30,30,0
9185,9278,21,21,0
9185,9279,52,52,0
9185,9361,0,0,0
9185,9362,101,26,75
9185,9363,16,16,0
9185,9371,18,18,0
9185,9372,52,31,21
9185,9373,79,48,31
9185,9374,52,52,0
9185,9375,58,46,12
9185,9376,51,33,18
9185,9377,23,23,0
9185,9461,0,0,0
9185,9462,0,0,0
9185,9463,0,0,0
9185,9464,0,0,0
9185,9471,0,0,0
9185,9472,0,0,0
9185,9473,0,0,0
9185,9474,0,0,0
9185,9475,0,0,0
9185,9476,12,12,0
9185,9477,0,0,0
9185,9478,0,0,0
9185,9479,0,0,0
9185,9561,0,0,0
9185,9562,31,0,31
9185,9563,0,0,0
9185,9564,108,30,78
9185,9565,0,0,0
9185,9571,13,13,0
9185,9572,0,0,0
9185,9573,0,0,0
9185,9574,15,15,0
9185,9575,0,0,0
9185,9576,61,38,23
9185,9577,128,91,37
9185,9661,0,0,0
9185,9662,0,0,0
9185,9663,0,0,0
9185,9671,11,11,0
9185,9672,42,42,0
9185,9673,0,0,0
9185,9674,0,0,0
9185,9675,0,0,0
9185,9676,0,0,0
9185,9677,0,0,0
9185,9678,0,0,0
9185,9679,0,0,0
9185,9761,1024,369,655
9185,9762,0,0,0
9185,9763,0,0,0
9185,9764,0,0,0
9185,9771,2951,1788,1163
9185,9772,504,258,246
9185,9773,110,65,45
9185,9774,53,33,20
9185,9775,31,14,17
9185,9776,0,0,0
9185,9777,30,18,12
9185,9778,40,40,0
9185,9779,2586,1050,1536
9185,9780,15,15,0
9185,10041,0,0,0
9185,10042,0,0,0
9185,10043,0,0,0
9185,10044,0,0,0
9185,10045,0,0,0
9185,10046,0,0,0
9185,11000,83,27,56
9185,12051,0,0,0
9185,12052,0,0,0
9185,12053,0,0,0
9185,12054,0,0,0
9185,12060,0,0,0
9185,12061,0,0,0
9185,12062,0,0,0
9185,12063,0,0,0
9185,12064,0,0,0
9185,12065,0,0,0
9185,12066,0,0,0
9185,12067,0,0,0
9185,12068,0,0,0
9185,12069,0,0,0
9185,12070,0,0,0
9185,12071,0,0,0
9185,12072,0,0,0
9185,12073,0,0,0
9185,13003,0,0,0
9185,13004,0,0,0
9185,13071,0,0,0
9185,13072,0,0,0
9185,13073,0,0,0
9185,13074,0,0,0
9185,13075,0,0,0
9185,13076,0,0,0
9185,14511,10,10,0
9185,14521,13,13,0
9185,14522,23,12,11
9185,14523,11,11,0
9185,14524,0,0,0
9185,14612,0,0,0
9185,14625,0,0,0
9185,14626,14,14,0
9185,14627,0,0,0
9185,14628,0,0,0
9185,14713,0,0,0
9185,14729,0,0,0
9185,14730,0,0,0
9185,15001,0,0,0
9185,15002,0,0,0
9185,15003,0,0,0
9185,15081,0,0,0
9185,15082,0,0,0
9185,15083,10,0,10
9185,15084,0,0,0
9185,15085,0,0,0
9185,15086,0,0,0
9185,15087,0,0,0
9185,15088,0,0,0
9185,15089,0,0,0
9185,15090,0,0,0
9185,15091,0,0,0
9185,16051,0,0,0
9185,16052,0,0,0
9185,16053,0,0,0
9185,16054,0,0,0
9185,16055,0,0,0
9185,16056,0,0,0
9185,16061,0,0,0
9185,16062,18,18,0
9185,16063,0,0,0
9185,16064,0,0,0
9185,16065,0,0,0
9185,16066,0,0,0
9185,16067,0,0,0
9185,16068,0,0,0
9185,16069,0,0,0
9185,16070,0,0,0
9185,16071,0,0,0
9185,16072,0,0,0
9185,16073,19,19,0
9185,16074,0,0,0
9185,16075,60,60,0
9185,16076,0,0,0
9185,16077,0,0,0
9186,1001,0,0,0
9186,1002,0,0,0
9186,1003,0,0,0
9186,1004,0,0,0
9186,1051,0,0,0
9186,1053,0,0,0
9186,1054,0,0,0
9186,1055,0,0,0
9186,1056,13,13,0
9186,1057,0,0,0
9186,1058,0,0,0
9186,1059,0,0,0
9186,1060,12,12,0
9186,1061,0,0,0
9186,1062,31,0,31
9186,2000,144,64,80
9186,3101,14,14,0
9186,3102,0,0,0
9186,3103,10,0,10
9186,3151,0,0,0
9186,3153,0,0,0
9186,3154,0,0,0
9186,3155,0,0,0
9186,3157,0,0,0
9186,3158,0,0,0
9186,3159,0,0,0
9186,3241,85,60,25
9186,3251,0,0,0
9186,3252,0,0,0
9186,3254,0,0,0
9186,3255,0,0,0
9186,3256,0,0,0
9186,3257,14,14,0
9186,3351,0,0,0
9186,3352,13,13,0
9186,3353,0,0,0
9186,3354,0,0,0
9186,3355,0,0,0
9186,3356,0,0,0
9186,3357,0,0,0
9186,3358,0,0,0
9186,3359,10,10,0
9186,3360,0,0,0
9186,3361,0,0,0
9186,3401,0,0,0
9186,3402,0,0,0
9186,3403,0,0,0
9186,3404,0,0,0
9186,3405,0,0,0
9186,3451,0,0,0
9186,3452,0,0,0
9186,3453,0,0,0
9186,3454,12,12,0
9186,3455,0,0,0
9186,3456,0,0,0
9186,3457,0,0,0
9186,3458,0,0,0
9186,3459,0,0,0
9186,3460,0,0,0
9186,3461,0,0,0
9186,3462,0,0,0
9186,4011,33,20,13
9186,4012,10,10,0
9186,5111,81,22,59
9186,5112,0,0,0
9186,5113,20,20,0
9186,5114,11,11,0
9186,5116,12,0,12
9186,5117,0,0,0
9186,5119,0,0,0
9186,5120,0,0,0
9186,5122,0,0,0
9186,5124,0,0,0
9186,5154,10,10,0
9186,5158,38,14,24
9186,5162,24,0,24
9186,5166,11,11,0
9186,5170,0,0,0
9186,5314,13,0,13
9186,5315,93,42,51
9186,5316,0,0,0
9186,5334,19,19,0
9186,5358,13,13,0
9186,5362,28,18,10
9186,5366,0,0,0
9186,5370,0,0,0
9186,5374,17,0,17
9186,5378,10,10,0
9186,5382,22,22,0
9186,5512,0,0,0
9186,5513,0,0,0
9186,5515,0,0,0
9186,5554,0,0,0
9186,5558,0,0,0
9186,5562,23,23,0
9186,5566,11,11,0
9186,5570,0,0,0
9186,5711,0,0,0
9186,5754,45,0,45
9186,5758,0,0,0
9186,5762,0,0,0
9186,5766,0,0,0
9186,5770,0,0,0
9186,5774,11,11,0
9186,5911,0,0,0
9186,5913,26,26,0
9186,5914,0,0,0
9186,5915,12,12,0
9186,5916,0,0,0
9186,5954,0,0,0
9186,5958,0,0,0
9186,5962,12,12,0
9186,5966,0,0,0
9186,5970,0,0,0
9186,5974,0,0,0
9186,5978,32,32,0
9186,6411,10,0,10
9186,6412,84,15,69
9186,6413,0,0,0
9186,6414,39,15,24
9186,6431,13,13,0
9186,6432,0,0,0
9186,6433,0,0,0
9186,6434,20,0,20
9186,6435,12,12,0
9186,6436,30,10,20
9186,6437,0,0,0
9186,6438,35,0,35
9186,6439,0,0,0
9186,6440,0,0,0
9186,6531,14,14,0
9186,6532,0,0,0
9186,6533,0,0,0
9186,6534,0,0,0
9186,6535,0,0,0
9186,6611,0,0,0
9186,6631,37,11,26
9186,6632,0,0,0
9186,6633,0,0,0
9186,6634,0,0,0
9186,6635,0,0,0
9186,6636,0,0,0
9186,7111,0,0,0
9186,7131,0,0,0
9186,7132,0,0,0
9186,7133,0,0,0
9186,7134,0,0,0
9186,7135,0,0,0
9186,7137,0,0,0
9186,7138,0,0,0
9186,7140,0,0,0
9186,7141,0,0,0
9186,7143,0,0,0
9186,7211,0,0,0
9186,7231,0,0,0
9186,7232,0,0,0
9186,7233,0,0,0
9186,7235,0,0,0
9186,7311,0,0,0
9186,7312,0,0,0
9186,7313,0,0,0
9186,7314,0,0,0
9186,7315,14,0,14
9186,7316,0,0,0
9186,7317,0,0,0
9186,7318,0,0,0
9186,7319,0,0,0
9186,7320,0,0,0
9186,7331,0,0,0
9186,7332,0,0,0
9186,7333,0,0,0
9186,7334,13,0,13
9186,7335,0,0,0
9186,7336,0,0,0
9186,7337,0,0,0
9186,7338,0,0,0
9186,7339,0,0,0
9186,7340,0,0,0
9186,8111,98,36,62
9186,8115,44,13,31
9186,8116,54,14,40
9186,8117,0,0,0
9186,8118,43,22,21
9186,8119,36,11,25
9186,8121,46,0,46
9186,8125,41,15,26
9186,8126,11,0,11
9186,8127,12,12,0
9186,8128,11,0,11
9186,8135,18,18,0
9186,8136,13,13,0
9186,8211,0,0,0
9186,8212,13,0,13
9186,8215,33,20,13
9186,8216,0,0,0
9186,8221,0,0,0
9186,8222,38,13,25
9186,8225,0,0,0
9186,8226,32,18,14
9186,8231,0,0,0
9186,8235,12,12,0
9186,8236,0,0,0
9186,8237,0,0,0
9186,8311,0,0,0
9186,8315,14,0,14
9186,8316,0,0,0
9186,8317,25,13,12
9186,8325,0,0,0
9186,8326,10,10,0
9186,8327,15,15,0
9186,8335,0,0,0
9186,8336,0,0,0
9186,8337,0,0,0
9186,8415,13,13,0
9186,8416,10,10,0
9186,8417,0,0,0
9186,8421,53,16,37
9186,8425,25,25,0
9186,8426,0,0,0
9186,8435,33,21,12
9186,8436,17,17,0
9186,8437,0,0,0
9186,9161,14666,3333,11333
9186,9162,9553,1217,8336
9186,9163,34,22,12
9186,9171,45,30,15
9186,9172,42,42,0
9186,9173,49,32,17
9186,9174,1692,554,1138
9186,9175,258,106,152
9186,9176,3908,1756,2152
9186,9177,435,148,287
9186,9178,3847,1635,2212
9186,9179,344,145,199
9186,9180,12,12,0
9186,9181,77,59,18
9186,9182,73,38,35
9186,9183,68,49,19
9186,9184,2386,487,1899
9186,9185,4738,3021,1717
9186,9186,0,0,0
9186,9187,152,113,39
9186,9188,124,47,77
9186,9189,80,25,55
9186,9190,40,23,17
9186,9261,123,48,75
9186,9262,12,0,12
9186,9263,0,0,0
9186,9271,21,21,0
9186,9272,0,0,0
9186,9273,3646,2367,1279
9186,9274,330,190,140
9186,9275,37,20,17
9186,9276,13,13,0
9186,9277,17,17,0
9186,9278,32,32,0
9186,9279,67,21,46
9186,9361,0,0,0
9186,9362,323,87,236
9186,9363,0,0,0
9186,9371,11,11,0
9186,9372,47,16,31
9186,9373,127,86,41
9186,9374,0,0,0
9186,9375,172,120,52
9186,9376,64,36,28
9186,9377,10,10,0
9186,9461,25,15,10
9186,9462,22,22,0
9186,9463,0,0,0
9186,9464,0,0,0
9186,9471,30,19,11
9186,9472,16,16,0
9186,9473,0,0,0
9186,9474,18,18,0
9186,9475,13,13,0
9186,9476,0,0,0
9186,9477,0,0,0
9186,9478,0,0,0
9186,9479,0,0,0
9186,9561,15,0,15
9186,9562,36,14,22
9186,9563,53,38,15
9186,9564,379,205,174
9186,9565,35,11,24
9186,9571,40,30,10
9186,9572,31,21,10
9186,9573,20,20,0
9186,9574,41,41,0
9186,9575,16,16,0
9186,9576,108,79,29
9186,9577,60,42,18
9186,9661,0,0,0
9186,9662,0,0,0
9186,9663,23,11,12
9186,9671,0,0,0
9186,9672,0,0,0
9186,9673,0,0,0
9186,9674,0,0,0
9186,9675,14,0,14
9186,9676,0,0,0
9186,9677,0,0,0
9186,9678,0,0,0
9186,9679,15,15,0
9186,9761,383,181,202
9186,9762,12,12,0
9186,9763,11,11,0
9186,9764,0,0,0
9186,9771,538,388,150
9186,9772,136,87,49
9186,9773,28,14,14
9186,9774,59,42,17
9186,9775,39,24,15
9186,9776,0,0,0
9186,9777,46,32,14
9186,9778,93,82,11
9186,9779,155,102,53
9186,9780,17,17,0
9186,10041,20,10,10
9186,10042,0,0,0
9186,10043,0,0,0
9186,10044,0,0,0
9186,10045,0,0,0
9186,10046,0,0,0
9186,11000,217,142,75
9186,12051,0,0,0
9186,12052,0,0,0
9186,12053,0,0,0
9186,12054,10,10,0
9186,12060,0,0,0
9186,12061,0,0,0
9186,12062,14,14,0
9186,12063,0,0,0
9186,12064,0,0,0
9186,12065,0,0,0
9186,12066,22,22,0
9186,12067,0,0,0
9186,12068,0,0,0
9186,12069,0,0,0
9186,12070,0,0,0
9186,12071,0,0,0
9186,12072,0,0,0
9186,12073,0,0,0
9186,13003,15,15,0
9186,13004,0,0,0
9186,13071,14,14,0
9186,13072,12,12,0
9186,13073,13,13,0
9186,13074,0,0,0
9186,13075,13,13,0
9186,13076,11,11,0
9186,14511,15,15,0
9186,14521,23,23,0
9186,14522,20,20,0
9186,14523,27,27,0
9186,14524,38,28,10
9186,14612,47,32,15
9186,14625,18,18,0
9186,14626,25,25,0
9186,14627,36,36,0
9186,14628,0,0,0
9186,14713,49,34,15
9186,14729,13,13,0
9186,14730,10,10,0
9186,15001,0,0,0
9186,15002,13,13,0
9186,15003,11,11,0
9186,15081,0,0,0
9186,15082,12,12,0
9186,15083,0,0,0
9186,15084,16,16,0
9186,15085,0,0,0
9186,15086,0,0,0
9186,15087,11,11,0
9186,15088,17,17,0
9186,15089,0,0,0
9186,15090,0,0,0
9186,15091,51,51,0
9186,16051,39,39,0
9186,16052,10,10,0
9186,16053,0,0,0
9186,16054,0,0,0
9186,16055,0,0,0
9186,16056,0,0,0
9186,16061,0,0,0
9186,16062,0,0,0
9186,16063,0,0,0
9186,16064,0,0,0
9186,16065,17,17,0
9186,16066,0,0,0
9186,16067,0,0,0
9186,16068,102,102,0
9186,16069,0,0,0
9186,16070,0,0,0
9186,16071,0,0,0
9186,16072,0,0,0
9186,16073,11,11,0
9186,16074,16,16,0
9186,16075,11,11,0
9186,16076,13,13,0
9186,16077,17,17,0
9187,1001,0,0,0
9187,1002,0,0,0
9187,1003,0,0,0
9187,1004,0,0,0
9187,1051,0,0,0
9187,1053,0,0,0
9187,1054,0,0,0
9187,1055,0,0,0
9187,1056,11,0,11
9187,1057,0,0,0
9187,1058,11,11,0
9187,1059,0,0,0
9187,1060,15,15,0
9187,1061,0,0,0
9187,1062,0,0,0
9187,2000,370,239,131
9187,3101,12,0,12
9187,3102,0,0,0
9187,3103,0,0,0
9187,3151,0,0,0
9187,3153,0,0,0
9187,3154,0,0,0
9187,3155,0,0,0
9187,3157,0,0,0
9187,3158,0,0,0
9187,3159,0,0,0
9187,3241,79,28,51
9187,3251,0,0,0
9187,3252,0,0,0
9187,3254,0,0,0
9187,3255,0,0,0
9187,3256,0,0,0
9187,3257,0,0,0
9187,3351,0,0,0
9187,3352,0,0,0
9187,3353,0,0,0
9187,3354,0,0,0
9187,3355,0,0,0
9187,3356,0,0,0
9187,3357,0,0,0
9187,3358,0,0,0
9187,3359,0,0,0
9187,3360,0,0,0
9187,3361,0,0,0
9187,3401,0,0,0
9187,3402,0,0,0
9187,3403,0,0,0
9187,3404,0,0,0
9187,3405,0,0,0
9187,3451,0,0,0
9187,3452,0,0,0
9187,3453,0,0,0
9187,3454,11,0,11
9187,3455,0,0,0
9187,3456,0,0,0
9187,3457,0,0,0
9187,3458,0,0,0
9187,3459,23,10,13
9187,3460,0,0,0
9187,3461,0,0,0
9187,3462,0,0,0
9187,4011,16,0,16
9187,4012,0,0,0
9187,5111,119,25,94
9187,5112,14,0,14
9187,5113,43,15,28
9187,5114,10,0,10
9187,5116,13,0,13
9187,5117,0,0,0
9187,5119,0,0,0
9187,5120,0,0,0
9187,5122,0,0,0
9187,5124,0,0,0
9187,5154,13,0,13
9187,5158,40,0,40
9187,5162,47,20,27
9187,5166,22,12,10
9187,5170,11,0,11
9187,5314,23,0,23
9187,5315,112,25,87
9187,5316,0,0,0
9187,5334,18,0,18
9187,5358,0,0,0
9187,5362,13,0,13
9187,5366,10,0,10
9187,5370,0,0,0
9187,5374,42,0,42
9187,5378,0,0,0
9187,5382,32,11,21
9187,5512,0,0,0
9187,5513,0,0,0
9187,5515,10,0,10
9187,5554,30,20,10
9187,5558,0,0,0
9187,5562,16,16,0
9187,5566,14,14,0
9187,5570,0,0,0
9187,5711,0,0,0
9187,5754,19,0,19
9187,5758,0,0,0
9187,5762,0,0,0
9187,5766,10,0,10
9187,5770,0,0,0
9187,5774,19,0,19
9187,5911,10,10,0
9187,5913,31,10,21
9187,5914,0,0,0
9187,5915,0,0,0
9187,5916,0,0,0
9187,5954,0,0,0
9187,5958,0,0,0
9187,5962,11,11,0
9187,5966,0,0,0
9187,5970,10,0,10
9187,5974,10,10,0
9187,5978,0,0,0
9187,6411,22,0,22
9187,6412,157,19,138
9187,6413,0,0,0
9187,6414,45,10,35
9187,6431,24,11,13
9187,6432,14,14,0
9187,6433,17,0,17
9187,6434,52,0,52
9187,6435,25,13,12
9187,6436,32,0,32
9187,6437,0,0,0
9187,6438,49,0,49
9187,6439,17,0,17
9187,6440,22,11,11
9187,6531,0,0,0
9187,6532,0,0,0
9187,6533,14,0,14
9187,6534,0,0,0
9187,6535,0,0,0
9187,6611,0,0,0
9187,6631,11,0,11
9187,6632,0,0,0
9187,6633,0,0,0
9187,6634,0,0,0
9187,6635,0,0,0
9187,6636,0,0,0
9187,7111,0,0,0
9187,7131,0,0,0
9187,7132,0,0,0
9187,7133,0,0,0
9187,7134,0,0,0
9187,7135,0,0,0
9187,7137,0,0,0
9187,7138,0,0,0
9187,7140,0,0,0
9187,7141,0,0,0
9187,7143,0,0,0
9187,7211,0,0,0
9187,7231,0,0,0
9187,7232,0,0,0
9187,7233,0,0,0
9187,7235,0,0,0
9187,7311,0,0,0
9187,7312,0,0,0
9187,7313,0,0,0
9187,7314,0,0,0
9187,7315,18,0,18
9187,7316,0,0,0
9187,7317,0,0,0
9187,7318,0,0,0
9187,7319,0,0,0
9187,7320,11,11,0
9187,7331,0,0,0
9187,7332,0,0,0
9187,7333,0,0,0
9187,7334,0,0,0
9187,7335,0,0,0
9187,7336,0,0,0
9187,7337,20,20,0
9187,7338,0,0,0
9187,7339,30,15,15
9187,7340,10,10,0
9187,8111,104,20,84
9187,8115,43,16,27
9187,8116,151,29,122
9187,8117,27,16,11
9187,8118,46,15,31
9187,8119,28,0,28
9187,8121,11,0,11
9187,8125,33,10,23
9187,8126,43,0,43
9187,8127,0,0,0
9187,8128,0,0,0
9187,8135,11,11,0
9187,8136,23,12,11
9187,8211,0,0,0
9187,8212,42,0,42
9187,8215,35,18,17
9187,8216,0,0,0
9187,8221,0,0,0
9187,8222,41,18,23
9187,8225,0,0,0
9187,8226,75,21,54
9187,8231,0,0,0
9187,8235,0,0,0
9187,8236,0,0,0
9187,8237,0,0,0
9187,8311,12,0,12
9187,8315,0,0,0
9187,8316,0,0,0
9187,8317,26,10,16
9187,8325,0,0,0
9187,8326,13,0,13
9187,8327,0,0,0
9187,8335,41,17,24
9187,8336,20,0,20
9187,8337,0,0,0
9187,8415,26,12,14
9187,8416,10,0,10
9187,8417,41,31,10
9187,8421,45,14,31
9187,8425,22,22,0
9187,8426,17,17,0
9187,8435,39,17,22
9187,8436,35,11,24
9187,8437,11,0,11
9187,9161,73,16,57
9187,9162,10437,1583,8854
9187,9163,25823,8513,17310
9187,9171,488,317,171
9187,9172,558,335,223
9187,9173,376,180,196
9187,9174,189,56,133
9187,9175,4143,1598,2545
9187,9176,41,11,30
9187,9177,608,286,322
9187,9178,542,88,454
9187,9179,255,114,141
9187,9180,119,42,77
9187,9181,69,39,30
9187,9182,3898,1328,2570
9187,9183,3222,2145,1077
9187,9184,4732,594,4138
9187,9185,54,18,36
9187,9186,152,39,113
9187,9187,0,0,0
9187,9188,188,62,126
9187,9189,7243,4873,2370
9187,9190,128,71,57
9187,9261,93,31,62
9187,9262,23,0,23
9187,9263,17,17,0
9187,9271,45,28,17
9187,9272,14,14,0
9187,9273,51,30,21
9187,9274,107,55,52
9187,9275,72,45,27
9187,9276,0,0,0
9187,9277,121,61,60
9187,9278,19,19,0
9187,9279,41,20,21
9187,9361,0,0,0
9187,9362,93,35,58
9187,9363,0,0,0
9187,9371,0,0,0
9187,9372,16,16,0
9187,9373,37,19,18
9187,9374,0,0,0
9187,9375,135,99,36
9187,9376,68,34,34
9187,9377,0,0,0
9187,9461,10,0,10
9187,9462,16,0,16
9187,9463,0,0,0
9187,9464,0,0,0
9187,9471,0,0,0
9187,9472,0,0,0
9187,9473,0,0,0
9187,9474,13,13,0
9187,9475,48,12,36
9187,9476,0,0,0
9187,9477,0,0,0
9187,9478,0,0,0
9187,9479,0,0,0
9187,9561,0,0,0
9187,9562,32,0,32
9187,9563,0,0,0
9187,9564,230,43,187
9187,9565,0,0,0
9187,9571,37,21,16
9187,9572,25,10,15
9187,9573,0,0,0
9187,9574,30,13,17
9187,9575,0,0,0
9187,9576,15,0,15
9187,9577,0,0,0
9187,9661,0,0,0
9187,9662,13,0,13
9187,9663,35,16,19
9187,9671,10,0,10
9187,9672,11,11,0
9187,9673,10,10,0
9187,9674,0,0,0
9187,9675,11,0,11
9187,9676,22,0,22
9187,9677,0,0,0
9187,9678,0,0,0
9187,9679,32,18,14
9187,9761,122,37,85
9187,9762,0,0,0
9187,9763,0,0,0
9187,9764,0,0,0
9187,9771,50,35,15
9187,9772,95,36,59
9187,9773,24,14,10
9187,9774,28,13,15
9187,9775,15,15,0
9187,9776,0,0,0
9187,9777,29,13,16
9187,9778,31,11,20
9187,9779,136,92,44
9187,9780,33,18,15
9187,10041,0,0,0
9187,10042,0,0,0
9187,10043,0,0,0
9187,10044,0,0,0
9187,10045,10,10,0
9187,10046,0,0,0
9187,11000,353,183,170
9187,12051,0,0,0
9187,12052,0,0,0
9187,12053,0,0,0
9187,12054,0,0,0
9187,12060,0,0,0
9187,12061,0,0,0
9187,12062,0,0,0
9187,12063,0,0,0
9187,12064,0,0,0
9187,12065,12,12,0
9187,12066,0,0,0
9187,12067,0,0,0
9187,12068,0,0,0
9187,12069,11,0,11
9187,12070,0,0,0
9187,12071,0,0,0
9187,12072,0,0,0
9187,12073,0,0,0
9187,13003,0,0,0
9187,13004,0,0,0
9187,13071,0,0,0
9187,13072,0,0,0
9187,13073,0,0,0
9187,13074,0,0,0
9187,13075,0,0,0
9187,13076,0,0,0
9187,14511,20,20,0
9187,14521,30,30,0
9187,14522,28,16,12
9187,14523,22,22,0
9187,14524,32,32,0
9187,14612,34,12,22
9187,14625,17,17,0
9187,14626,0,0,0
9187,14627,26,26,0
9187,14628,10,10,0
9187,14713,39,15,24
9187,14729,17,17,0
9187,14730,0,0,0
9187,15001,0,0,0
9187,15002,0,0,0
9187,15003,0,0,0
9187,15081,0,0,0
9187,15082,0,0,0
9187,15083,0,0,0
9187,15084,10,10,0
9187,15085,11,0,11
9187,15086,0,0,0
9187,15087,38,38,0
9187,15088,11,11,0
9187,15089,0,0,0
9187,15090,0,0,0
9187,15091,0,0,0
9187,16051,0,0,0
9187,16052,0,0,0
9187,16053,42,0,42
9187,16054,0,0,0
9187,16055,0,0,0
9187,16056,0,0,0
9187,16061,0,0,0
9187,16062,0,0,0
9187,16063,0,0,0
9187,16064,0,0,0
9187,16065,0,0,0
9187,16066,0,0,0
9187,16067,0,0,0
9187,16068,0,0,0
9187,16069,0,0,0
9187,16070,0,0,0
9187,16071,0,0,0
9187,16072,0,0,0
9187,16073,15,15,0
9187,16074,0,0,0
9187,16075,0,0,0
9187,16076,0,0,0
9187,16077,0,0,0
9188,1001,0,0,0
9188,1002,0,0,0
9188,1003,0,0,0
9188,1004,0,0,0
9188,1051,0,0,0
9188,1053,0,0,0
9188,1054,0,0,0
9188,1055,0,0,0
9188,1056,17,17,0
9188,1057,0,0,0
9188,1058,0,0,0
9188,1059,0,0,0
9188,1060,22,11,11
9188,1061,0,0,0
9188,1062,14,14,0
9188,2000,303,176,127
9188,3101,16,0,16
9188,3102,0,0,0
9188,3103,0,0,0
9188,3151,0,0,0
9188,3153,0,0,0
9188,3154,0,0,0
9188,3155,0,0,0
9188,3157,0,0,0
9188,3158,0,0,0
9188,3159,24,24,0
9188,3241,85,52,33
9188,3251,0,0,0
9188,3252,0,0,0
9188,3254,13,13,0
9188,3255,0,0,0
9188,3256,0,0,0
9188,3257,0,0,0
9188,3351,0,0,0
9188,3352,0,0,0
9188,3353,18,18,0
9188,3354,0,0,0
9188,3355,0,0,0
9188,3356,0,0,0
9188,3357,0,0,0
9188,3358,0,0,0
9188,3359,0,0,0
9188,3360,0,0,0
9188,3361,0,0,0
9188,3401,0,0,0
9188,3402,0,0,0
9188,3403,0,0,0
9188,3404,0,0,0
9188,3405,0,0,0
9188,3451,0,0,0
9188,3452,0,0,0
9188,3453,0,0,0
9188,3454,12,0,12
9188,3455,0,0,0
9188,3456,0,0,0
9188,3457,0,0,0
9188,3458,0,0,0
9188,3459,0,0,0
9188,3460,0,0,0
9188,3461,0,0,0
9188,3462,0,0,0
9188,4011,47,26,21
9188,4012,0,0,0
9188,5111,109,20,89
9188,5112,24,11,13
9188,5113,51,17,34
9188,5114,10,0,10
9188,5116,0,0,0
9188,5117,0,0,0
9188,5119,0,0,0
9188,5120,0,0,0
9188,5122,0,0,0
9188,5124,18,18,0
9188,5154,0,0,0
9188,5158,45,17,28
9188,5162,41,12,29
9188,5166,15,15,0
9188,5170,10,10,0
9188,5314,33,13,20
9188,5315,133,42,91
9188,5316,0,0,0
9188,5334,42,21,21
9188,5358,17,17,0
9188,5362,16,16,0
9188,5366,0,0,0
9188,5370,14,14,0
9188,5374,30,18,12
9188,5378,13,13,0
9188,5382,34,23,11
9188,5512,0,0,0
9188,5513,0,0,0
9188,5515,21,11,10
9188,5554,0,0,0
9188,5558,0,0,0
9188,5562,26,16,10
9188,5566,11,11,0
9188,5570,0,0,0
9188,5711,22,11,11
9188,5754,13,0,13
9188,5758,0,0,0
9188,5762,0,0,0
9188,5766,0,0,0
9188,5770,0,0,0
9188,5774,0,0,0
9188,5911,24,13,11
9188,5913,46,26,20
9188,5914,28,28,0
9188,5915,0,0,0
9188,5916,0,0,0
9188,5954,60,60,0
9188,5958,0,0,0
9188,5962,0,0,0
9188,5966,0,0,0
9188,5970,0,0,0
9188,5974,11,11,0
9188,5978,16,16,0
9188,6411,111,77,34
9188,6412,271,59,212
9188,6413,0,0,0
9188,6414,34,13,21
9188,6431,25,15,10
9188,6432,40,40,0
9188,6433,40,30,10
9188,6434,88,17,71
9188,6435,0,0,0
9188,6436,46,0,46
9188,6437,0,0,0
9188,6438,49,17,32
9188,6439,0,0,0
9188,6440,10,10,0
9188,6531,10,10,0
9188,6532,0,0,0
9188,6533,0,0,0
9188,6534,0,0,0
9188,6535,0,0,0
9188,6611,0,0,0
9188,6631,0,0,0
9188,6632,0,0,0
9188,6633,0,0,0
9188,6634,0,0,0
9188,6635,0,0,0
9188,6636,0,0,0
9188,7111,0,0,0
9188,7131,0,0,0
9188,7132,0,0,0
9188,7133,0,0,0
9188,7134,0,0,0
9188,7135,0,0,0
9188,7137,0,0,0
9188,7138,0,0,0
9188,7140,0,0,0
9188,7141,0,0,0
9188,7143,0,0,0
9188,7211,0,0,0
9188,7231,0,0,0
9188,7232,0,0,0
9188,7233,0,0,0
9188,7235,0,0,0
9188,7311,0,0,0
9188,7312,0,0,0
9188,7313,0,0,0
9188,7314,0,0,0
9188,7315,32,13,19
9188,7316,0,0,0
9188,7317,0,0,0
9188,7318,0,0,0
9188,7319,0,0,0
9188,7320,0,0,0
9188,7331,0,0,0
9188,7332,0,0,0
9188,7333,0,0,0
9188,7334,0,0,0
9188,7335,0,0,0
9188,7336,0,0,0
9188,7337,0,0,0
9188,7338,0,0,0
9188,7339,13,13,0
9188,7340,0,0,0
9188,8111,138,51,87
9188,8115,54,34,20
9188,8116,100,39,61
9188,8117,31,15,16
9188,8118,57,32,25
9188,8119,40,30,10
9188,8121,0,0,0
9188,8125,10,10,0
9188,8126,10,0,10
9188,8127,14,14,0
9188,8128,19,19,0
9188,8135,0,0,0
9188,8136,33,20,13
9188,8211,0,0,0
9188,8212,39,20,19
9188,8215,30,15,15
9188,8216,0,0,0
9188,8221,27,10,17
9188,8222,26,0,26
9188,8225,0,0,0
9188,8226,39,21,18
9188,8231,14,14,0
9188,8235,13,13,0
9188,8236,23,12,11
9188,8237,15,0,15
9188,8311,11,0,11
9188,8315,0,0,0
9188,8316,10,10,0
9188,8317,33,18,15
9188,8325,0,0,0
9188,8326,13,13,0
9188,8327,10,10,0
9188,8335,44,31,13
9188,8336,10,0,10
9188,8337,0,0,0
9188,8415,31,16,15
9188,8416,27,15,12
9188,8417,13,13,0
9188,8421,56,21,35
9188,8425,16,16,0
9188,8426,27,12,15
9188,8435,62,37,25
9188,8436,35,22,13
9188,8437,18,18,0
9188,9161,111,45,66
9188,9162,25061,8896,16165
9188,9163,81,45,36
9188,9171,38,24,14
9188,9172,36,25,11
9188,9173,2125,1457,668
9188,9174,869,639,230
9188,9175,355,213,142
9188,9176,45,23,22
9188,9177,209,129,80
9188,9178,694,268,426
9188,9179,6659,4716,1943
9188,9180,462,358,104
9188,9181,3688,3165,523
9188,9182,200,101,99
9188,9183,61,39,22
9188,9184,6068,1802,4266
9188,9185,93,49,44
9188,9186,124,77,47
9188,9187,188,126,62
9188,9188,0,0,0
9188,9189,94,72,22
9188,9190,4620,3508,1112
9188,9261,57,41,16
9188,9262,26,12,14
9188,9263,13,0,13
9188,9271,47,47,0
9188,9272,21,21,0
9188,9273,32,32,0
9188,9274,98,72,26
9188,9275,58,58,0
9188,9276,11,11,0
9188,9277,35,24,11
9188,9278,16,16,0
9188,9279,70,70,0
9188,9361,67,67,0
9188,9362,54,23,31
9188,9363,0,0,0
9188,9371,140,140,0
9188,9372,34,24,10
9188,9373,15,15,0
9188,9374,0,0,0
9188,9375,48,36,12
9188,9376,24,24,0
9188,9377,0,0,0
9188,9461,10,10,0
9188,9462,26,16,10
9188,9463,0,0,0
9188,9464,0,0,0
9188,9471,11,11,0
9188,9472,15,15,0
9188,9473,0,0,0
9188,9474,13,13,0
9188,9475,0,0,0
9188,9476,0,0,0
9188,9477,0,0,0
9188,9478,0,0,0
9188,9479,0,0,0
9188,9561,0,0,0
9188,9562,48,15,33
9188,9563,13,13,0
9188,9564,199,47,152
9188,9565,0,0,0
9188,9571,16,16,0
9188,9572,30,11,19
9188,9573,0,0,0
9188,9574,47,36,11
9188,9575,0,0,0
9188,9576,0,0,0
9188,9577,11,11,0
9188,9661,0,0,0
9188,9662,0,0,0
9188,9663,36,19,17
9188,9671,16,16,0
9188,9672,0,0,0
9188,9673,0,0,0
9188,9674,0,0,0
9188,9675,0,0,0
9188,9676,0,0,0
9188,9677,0,0,0
9188,9678,0,0,0
9188,9679,16,16,0
9188,9761,559,375,184
9188,9762,95,76,19
9188,9763,37,23,14
9188,9764,15,15,0
9188,9771,368,328,40
9188,9772,428,377,51
9188,9773,27,27,0
9188,9774,51,36,15
9188,9775,19,19,0
9188,9776,16,16,0
9188,9777,303,268,35
9188,9778,209,153,56
9188,9779,74,51,23
9188,9780,77,37,40
9188,10041,21,21,0
9188,10042,0,0,0
9188,10043,0,0,0
9188,10044,0,0,0
9188,10045,0,0,0
9188,10046,0,0,0
9188,11000,434,264,170
9188,12051,0,0,0
9188,12052,0,0,0
9188,12053,0,0,0
9188,12054,0,0,0
9188,12060,0,0,0
9188,12061,0,0,0
9188,12062,0,0,0
9188,12063,0,0,0
9188,12064,14,14,0
9188,12065,10,10,0
9188,12066,0,0,0
9188,12067,0,0,0
9188,12068,0,0,0
9188,12069,0,0,0
9188,12070,0,0,0
9188,12071,0,0,0
9188,12072,0,0,0
9188,12073,0,0,0
9188,13003,0,0,0
9188,13004,0,0,0
9188,13071,0,0,0
9188,13072,0,0,0
9188,13073,0,0,0
9188,13074,0,0,0
9188,13075,13,13,0
9188,13076,0,0,0
9188,14511,26,26,0
9188,14521,18,18,0
9188,14522,0,0,0
9188,14523,15,15,0
9188,14524,17,17,0
9188,14612,41,30,11
9188,14625,0,0,0
9188,14626,11,11,0
9188,14627,0,0,0
9188,14628,0,0,0
9188,14713,68,55,13
9188,14729,11,11,0
9188,14730,10,10,0
9188,15001,0,0,0
9188,15002,14,14,0
9188,15003,0,0,0
9188,15081,0,0,0
9188,15082,21,21,0
9188,15083,0,0,0
9188,15084,15,15,0
9188,15085,0,0,0
9188,15086,0,0,0
9188,15087,0,0,0
9188,15088,0,0,0
9188,15089,0,0,0
9188,15090,0,0,0
9188,15091,0,0,0
9188,16051,0,0,0
9188,16052,0,0,0
9188,16053,11,11,0
9188,16054,0,0,0
9188,16055,0,0,0
9188,16056,0,0,0
9188,16061,0,0,0
9188,16062,0,0,0
9188,16063,0,0,0
9188,16064,0,0,0
9188,16065,0,0,0
9188,16066,0,0,0
9188,16067,0,0,0
9188,16068,0,0,0
9188,16069,0,0,0
9188,16070,0,0,0
9188,16071,0,0,0
9188,16072,0,0,0
9188,16073,0,0,0
9188,16074,0,0,0
9188,16075,0,0,0
9188,16076,0,0,0
9188,16077,0,0,0
9189,1001,0,0,0
9189,1002,0,0,0
9189,1003,0,0,0
9189,1004,16,16,0
9189,1051,0,0,0
9189,1053,0,0,0
9189,1054,0,0,0
9189,1055,0,0,0
9189,1056,12,12,0
9189,1057,0,0,0
9189,1058,0,0,0
9189,1059,0,0,0
9189,1060,58,14,44
9189,1061,0,0,0
9189,1062,0,0,0
9189,2000,79,40,39
9189,3101,0,0,0
9189,3102,0,0,0
9189,3103,18,18,0
9189,3151,0,0,0
9189,3153,0,0,0
9189,3154,0,0,0
9189,3155,0,0,0
9189,3157,0,0,0
9189,3158,0,0,0
9189,3159,0,0,0
9189,3241,42,21,21
9189,3251,0,0,0
9189,3252,0,0,0
9189,3254,0,0,0
9189,3255,0,0,0
9189,3256,0,0,0
9189,3257,0,0,0
9189,3351,0,0,0
9189,3352,0,0,0
9189,3353,0,0,0
9189,3354,0,0,0
9189,3355,0,0,0
9189,3356,0,0,0
9189,3357,0,0,0
9189,3358,18,18,0
9189,3359,0,0,0
9189,3360,0,0,0
9189,3361,0,0,0
9189,3401,0,0,0
9189,3402,0,0,0
9189,3403,0,0,0
9189,3404,0,0,0
9189,3405,0,0,0
9189,3451,0,0,0
9189,3452,0,0,0
9189,3453,0,0,0
9189,3454,0,0,0
9189,3455,0,0,0
9189,3456,0,0,0
9189,3457,0,0,0
9189,3458,0,0,0
9189,3459,0,0,0
9189,3460,0,0,0
9189,3461,0,0,0
9189,3462,0,0,0
9189,4011,34,24,10
9189,4012,0,0,0
9189,5111,105,0,105
9189,5112,10,0,10
9189,5113,32,16,16
9189,5114,0,0,0
9189,5116,0,0,0
9189,5117,0,0,0
9189,5119,0,0,0
9189,5120,0,0,0
9189,5122,0,0,0
9189,5124,0,0,0
9189,5154,0,0,0
9189,5158,17,0,17
9189,5162,10,10,0
9189,5166,0,0,0
9189,5170,0,0,0
9189,5314,13,13,0
9189,5315,61,24,37
9189,5316,0,0,0
9189,5334,23,12,11
9189,5358,0,0,0
9189,5362,0,0,0
9189,5366,0,0,0
9189,5370,0,0,0
9189,5374,18,0,18
9189,5378,0,0,0
9189,5382,42,14,28
9189,5512,0,0,0
9189,5513,0,0,0
9189,5515,0,0,0
9189,5554,15,15,0
9189,5558,0,0,0
9189,5562,50,24,26
9189,5566,28,16,12
9189,5570,0,0,0
9189,5711,0,0,0
9189,5754,16,0,16
9189,5758,0,0,0
9189,5762,0,0,0
9189,5766,0,0,0
9189,5770,0,0,0
9189,5774,0,0,0
9189,5911,14,14,0
9189,5913,24,12,12
9189,5914,0,0,0
9189,5915,0,0,0
9189,5916,0,0,0
9189,5954,10,10,0
9189,5958,0,0,0
9189,5962,0,0,0
9189,5966,0,0,0
9189,5970,0,0,0
9189,5974,0,0,0
9189,5978,0,0,0
9189,6411,0,0,0
9189,6412,70,23,47
9189,6413,0,0,0
9189,6414,15,0,15
9189,6431,22,11,11
9189,6432,0,0,0
9189,6433,10,0,10
9189,6434,0,0,0
9189,6435,12,0,12
9189,6436,15,0,15
9189,6437,0,0,0
9189,6438,25,11,14
9189,6439,0,0,0
9189,6440,0,0,0
9189,6531,0,0,0
9189,6532,0,0,0
9189,6533,0,0,0
9189,6534,0,0,0
9189,6535,0,0,0
9189,6611,0,0,0
9189,6631,0,0,0
9189,6632,0,0,0
9189,6633,0,0,0
9189,6634,0,0,0
9189,6635,0,0,0
9189,6636,0,0,0
9189,7111,0,0,0
9189,7131,0,0,0
9189,7132,0,0,0
9189,7133,0,0,0
9189,7134,0,0,0
9189,7135,0,0,0
9189,7137,0,0,0
9189,7138,0,0,0
9189,7140,0,0,0
9189,7141,0,0,0
9189,7143,11,11,0
9189,7211,0,0,0
9189,7231,0,0,0
9189,7232,0,0,0
9189,7233,0,0,0
9189,7235,0,0,0
9189,7311,0,0,0
9189,7312,0,0,0
9189,7313,0,0,0
9189,7314,13,13,0
9189,7315,0,0,0
9189,7316,0,0,0
9189,7317,0,0,0
9189,7318,0,0,0
9189,7319,0,0,0
9189,7320,0,0,0
9189,7331,0,0,0
9189,7332,0,0,0
9189,7333,0,0,0
9189,7334,0,0,0
9189,7335,0,0,0
9189,7336,0,0,0
9189,7337,0,0,0
9189,7338,0,0,0
9189,7339,0,0,0
9189,7340,0,0,0
9189,8111,77,18,59
9189,8115,11,11,0
9189,8116,31,16,15
9189,8117,19,19,0
9189,8118,32,18,14
9189,8119,214,0,214
9189,8121,0,0,0
9189,8125,23,10,13
9189,8126,17,0,17
9189,8127,0,0,0
9189,8128,13,13,0
9189,8135,22,0,22
9189,8136,0,0,0
9189,8211,0,0,0
9189,8212,26,16,10
9189,8215,32,20,12
9189,8216,0,0,0
9189,8221,21,21,0
9189,8222,11,11,0
9189,8225,0,0,0
9189,8226,27,27,0
9189,8231,0,0,0
9189,8235,0,0,0
9189,8236,0,0,0
9189,8237,0,0,0
9189,8311,0,0,0
9189,8315,0,0,0
9189,8316,0,0,0
9189,8317,0,0,0
9189,8325,0,0,0
9189,8326,0,0,0
9189,8327,0,0,0
9189,8335,0,0,0
9189,8336,0,0,0
9189,8337,0,0,0
9189,8415,32,19,13
9189,8416,0,0,0
9189,8417,0,0,0
9189,8421,22,0,22
9189,8425,0,0,0
9189,8426,0,0,0
9189,8435,0,0,0
9189,8436,13,13,0
9189,8437,0,0,0
9189,9161,97,40,57
9189,9162,2543,396,2147
9189,9163,1474,335,1139
9189,9171,5731,3790,1941
9189,9172,6617,3816,2801
9189,9173,64,33,31
9189,9174,59,24,35
9189,9175,292,112,180
9189,9176,40,16,24
9189,9177,108,43,65
9189,9178,222,41,181
9189,9179,104,39,65
9189,9180,38,25,13
9189,9181,31,11,20
9189,9182,213,68,145
9189,9183,1660,813,847
9189,9184,726,84,642
9189,9185,43,28,15
9189,9186,80,55,25
9189,9187,7243,2370,4873
9189,9188,94,22,72
9189,9189,0,0,0
9189,9190,63,17,46
9189,9261,53,0,53
9189,9262,81,0,81
9189,9263,14,14,0
9189,9271,43,25,18
9189,9272,54,54,0
9189,9273,57,57,0
9189,9274,98,44,54
9189,9275,80,49,31
9189,9276,30,30,0
9189,9277,228,173,55
9189,9278,35,23,12
9189,9279,44,18,26
9189,9361,0,0,0
9189,9362,88,23,65
9189,9363,0,0,0
9189,9371,0,0,0
9189,9372,45,45,0
9189,9373,0,0,0
9189,9374,0,0,0
9189,9375,31,31,0
9189,9376,33,0,33
9189,9377,0,0,0
9189,9461,0,0,0
9189,9462,0,0,0
9189,9463,0,0,0
9189,9464,0,0,0
9189,9471,0,0,0
9189,9472,0,0,0
9189,9473,0,0,0
9189,9474,0,0,0
9189,9475,0,0,0
9189,9476,0,0,0
9189,9477,0,0,0
9189,9478,0,0,0
9189,9479,0,0,0
9189,9561,0,0,0
9189,9562,18,0,18
9189,9563,0,0,0
9189,9564,119,49,70
9189,9565,0,0,0
9189,9571,0,0,0
9189,9572,0,0,0
9189,9573,12,12,0
9189,9574,25,13,12
9189,9575,0,0,0
9189,9576,10,10,0
9189,9577,0,0,0
9189,9661,0,0,0
9189,9662,0,0,0
9189,9663,88,0,88
9189,9671,0,0,0
9189,9672,0,0,0
9189,9673,0,0,0
9189,9674,0,0,0
9189,9675,0,0,0
9189,9676,0,0,0
9189,9677,0,0,0
9189,9678,0,0,0
9189,9679,0,0,0
9189,9761,71,35,36
9189,9762,0,0,0
9189,9763,24,24,0
9189,9764,0,0,0
9189,9771,27,15,12
9189,9772,53,19,34
9189,9773,0,0,0
9189,9774,0,0,0
9189,9775,10,10,0
9189,9776,0,0,0
9189,9777,14,14,0
9189,9778,11,11,0
9189,9779,10,0,10
9189,9780,37,26,11
9189,10041,14,0,14
9189,10042,0,0,0
9189,10043,0,0,0
9189,10044,0,0,0
9189,10045,0,0,0
9189,10046,0,0,0
9189,11000,182,104,78
9189,12051,0,0,0
9189,12052,0,0,0
9189,12053,0,0,0
9189,12054,0,0,0
9189,12060,0,0,0
9189,12061,0,0,0
9189,12062,0,0,0
9189,12063,14,14,0
9189,12064,0,0,0
9189,12065,0,0,0
9189,12066,0,0,0
9189,12067,0,0,0
9189,12068,0,0,0
9189,12069,0,0,0
9189,12070,0,0,0
9189,12071,0,0,0
9189,12072,0,0,0
9189,12073,0,0,0
9189,13003,0,0,0
9189,13004,0,0,0
9189,13071,0,0,0
9189,13072,0,0,0
9189,13073,0,0,0
9189,13074,0,0,0
9189,13075,0,0,0
9189,13076,0,0,0
9189,14511,10,10,0
9189,14521,0,0,0
9189,14522,26,12,14
9189,14523,10,10,0
9189,14524,0,0,0
9189,14612,13,13,0
9189,14625,0,0,0
9189,14626,0,0,0
9189,14627,0,0,0
9189,14628,0,0,0
9189,14713,17,17,0
9189,14729,0,0,0
9189,14730,16,16,0
9189,15001,0,0,0
9189,15002,0,0,0
9189,15003,0,0,0
9189,15081,0,0,0
9189,15082,0,0,0
9189,15083,0,0,0
9189,15084,0,0,0
9189,15085,0,0,0
9189,15086,0,0,0
9189,15087,0,0,0
9189,15088,14,14,0
9189,15089,10,10,0
9189,15090,0,0,0
9189,15091,0,0,0
9189,16051,0,0,0
9189,16052,0,0,0
9189,16053,0,0,0
9189,16054,0,0,0
9189,16055,0,0,0
9189,16056,0,0,0
9189,16061,0,0,0
9189,16062,0,0,0
9189,16063,0,0,0
9189,16064,0,0,0
9189,16065,0,0,0
9189,16066,0,0,0
9189,16067,0,0,0
9189,16068,0,0,0
9189,16069,0,0,0
9189,16070,0,0,0
9189,16071,0,0,0
9189,16072,0,0,0
9189,16073,0,0,0
9189,16074,0,0,0
9189,16075,0,0,0
9189,16076,21,0,21
9189,16077,0,0,0
9190,1001,0,0,0
9190,1002,23,12,11
9190,1003,0,0,0
9190,1004,0,0,0
9190,1051,0,0,0
9190,1053,0,0,0
9190,1054,0,0,0
9190,1055,0,0,0
9190,1056,0,0,0
9190,1057,0,0,0
9190,1058,19,19,0
9190,1059,0,0,0
9190,1060,0,0,0
9190,1061,0,0,0
9190,1062,0,0,0
9190,2000,62,13,49
9190,3101,0,0,0
9190,3102,0,0,0
9190,3103,0,0,0
9190,3151,0,0,0
9190,3153,0,0,0
9190,3154,0,0,0
9190,3155,0,0,0
9190,3157,0,0,0
9190,3158,0,0,0
9190,3159,10,10,0
9190,3241,30,13,17
9190,3251,0,0,0
9190,3252,0,0,0
9190,3254,0,0,0
9190,3255,0,0,0
9190,3256,0,0,0
9190,3257,0,0,0
9190,3351,0,0,0
9190,3352,0,0,0
9190,3353,0,0,0
9190,3354,0,0,0
9190,3355,0,0,0
9190,3356,0,0,0
9190,3357,0,0,0
9190,3358,0,0,0
9190,3359,0,0,0
9190,3360,0,0,0
9190,3361,0,0,0
9190,3401,0,0,0
9190,3402,13,0,13
9190,3403,0,0,0
9190,3404,0,0,0
9190,3405,0,0,0
9190,3451,0,0,0
9190,3452,0,0,0
9190,3453,0,0,0
9190,3454,0,0,0
9190,3455,0,0,0
9190,3456,0,0,0
9190,3457,0,0,0
9190,3458,0,0,0
9190,3459,0,0,0
9190,3460,0,0,0
9190,3461,0,0,0
9190,3462,0,0,0
9190,4011,10,0,10
9190,4012,0,0,0
9190,5111,36,0,36
9190,5112,0,0,0
9190,5113,13,0,13
9190,5114,0,0,0
9190,5116,0,0,0
9190,5117,0,0,0
9190,5119,0,0,0
9190,5120,0,0,0
9190,5122,0,0,0
9190,5124,0,0,0
9190,5154,0,0,0
9190,5158,12,0,12
9190,5162,0,0,0
9190,5166,0,0,0
9190,5170,0,0,0
9190,5314,14,0,14
9190,5315,48,0,48
9190,5316,0,0,0
9190,5334,0,0,0
9190,5358,0,0,0
9190,5362,0,0,0
9190,5366,0,0,0
9190,5370,0,0,0
9190,5374,0,0,0
9190,5378,10,10,0
9190,5382,12,0,12
9190,5512,0,0,0
9190,5513,0,0,0
9190,5515,11,0,11
9190,5554,0,0,0
9190,5558,0,0,0
9190,5562,0,0,0
9190,5566,0,0,0
9190,5570,0,0,0
9190,5711,0,0,0
9190,5754,0,0,0
9190,5758,0,0,0
9190,5762,0,0,0
9190,5766,0,0,0
9190,5770,0,0,0
9190,5774,0,0,0
9190,5911,0,0,0
9190,5913,10,0,10
9190,5914,0,0,0
9190,5915,0,0,0
9190,5916,0,0,0
9190,5954,0,0,0
9190,5958,0,0,0
9190,5962,0,0,0
9190,5966,0,0,0
9190,5970,22,0,22
9190,5974,0,0,0
9190,5978,0,0,0
9190,6411,11,0,11
9190,6412,71,11,60
9190,6413,0,0,0
9190,6414,10,0,10
9190,6431,0,0,0
9190,6432,0,0,0
9190,6433,0,0,0
9190,6434,22,0,22
9190,6435,10,0,10
9190,6436,16,0,16
9190,6437,0,0,0
9190,6438,21,0,21
9190,6439,0,0,0
9190,6440,0,0,0
9190,6531,0,0,0
9190,6532,0,0,0
9190,6533,0,0,0
9190,6534,0,0,0
9190,6535,0,0,0
9190,6611,0,0,0
9190,6631,0,0,0
9190,6632,0,0,0
9190,6633,0,0,0
9190,6634,0,0,0
9190,6635,0,0,0
9190,6636,0,0,0
9190,7111,0,0,0
9190,7131,0,0,0
9190,7132,0,0,0
9190,7133,0,0,0
9190,7134,0,0,0
9190,7135,0,0,0
9190,7137,0,0,0
9190,7138,0,0,0
9190,7140,0,0,0
9190,7141,0,0,0
9190,7143,0,0,0
9190,7211,0,0,0
9190,7231,0,0,0
9190,7232,0,0,0
9190,7233,0,0,0
9190,7235,0,0,0
9190,7311,0,0,0
9190,7312,0,0,0
9190,7313,0,0,0
9190,7314,0,0,0
9190,7315,10,0,10
9190,7316,0,0,0
9190,7317,0,0,0
9190,7318,0,0,0
9190,7319,0,0,0
9190,7320,0,0,0
9190,7331,0,0,0
9190,7332,12,12,0
9190,7333,0,0,0
9190,7334,10,10,0
9190,7335,0,0,0
9190,7336,0,0,0
9190,7337,0,0,0
9190,7338,0,0,0
9190,7339,0,0,0
9190,7340,0,0,0
9190,8111,59,19,40
9190,8115,12,0,12
9190,8116,38,14,24
9190,8117,12,0,12
9190,8118,38,19,19
9190,8119,0,0,0
9190,8121,0,0,0
9190,8125,0,0,0
9190,8126,15,0,15
9190,8127,0,0,0
9190,8128,0,0,0
9190,8135,0,0,0
9190,8136,10,10,0
9190,8211,0,0,0
9190,8212,0,0,0
9190,8215,0,0,0
9190,8216,0,0,0
9190,8221,0,0,0
9190,8222,54,18,36
9190,8225,0,0,0
9190,8226,13,0,13
9190,8231,0,0,0
9190,8235,0,0,0
9190,8236,0,0,0
9190,8237,0,0,0
9190,8311,0,0,0
9190,8315,0,0,0
9190,8316,0,0,0
9190,8317,0,0,0
9190,8325,0,0,0
9190,8326,0,0,0
9190,8327,0,0,0
9190,8335,11,0,11
9190,8336,0,0,0
9190,8337,0,0,0
9190,8415,0,0,0
9190,8416,18,0,18
9190,8417,0,0,0
9190,8421,16,0,16
9190,8425,0,0,0
9190,8426,11,11,0
9190,8435,0,0,0
9190,8436,39,17,22
9190,8437,0,0,0
9190,9161,43,13,30
9190,9162,6529,1446,5083
9190,9163,60,24,36
9190,9171,11,11,0
9190,9172,21,11,10
9190,9173,5167,3211,1956
9190,9174,114,42,72
9190,9175,121,37,84
9190,9176,13,0,13
9190,9177,59,24,35
9190,9178,222,62,160
9190,9179,412,190,222
9190,9180,5207,2986,2221
9190,9181,4356,2433,1923
9190,9182,296,144,152
9190,9183,28,16,12
9190,9184,1436,228,1208
9190,9185,67,16,51
9190,9186,40,17,23
9190,9187,128,57,71
9190,9188,4620,1112,3508
9190,9189,63,46,17
9190,9190,0,0,0
9190,9261,11,0,11
9190,9262,0,0,0
9190,9263,0,0,0
9190,9271,26,0,26
9190,9272,0,0,0
9190,9273,0,0,0
9190,9274,41,16,25
9190,9275,0,0,0
9190,9276,0,0,0
9190,9277,0,0,0
9190,9278,0,0,0
9190,9279,0,0,0
9190,9361,0,0,0
9190,9362,18,0,18
9190,9363,0,0,0
9190,9371,0,0,0
9190,9372,0,0,0
9190,9373,0,0,0
9190,9374,0,0,0
9190,9375,31,17,14
9190,9376,0,0,0
9190,9377,0,0,0
9190,9461,0,0,0
9190,9462,10,0,10
9190,9463,0,0,0
9190,9464,0,0,0
9190,9471,0,0,0
9190,9472,0,0,0
9190,9473,11,0,11
9190,9474,0,0,0
9190,9475,0,0,0
9190,9476,12,0,12
9190,9477,0,0,0
9190,9478,0,0,0
9190,9479,0,0,0
9190,9561,0,0,0
9190,9562,15,0,15
9190,9563,0,0,0
9190,9564,61,14,47
9190,9565,0,0,0
9190,9571,0,0,0
9190,9572,0,0,0
9190,9573,0,0,0
9190,9574,0,0,0
9190,9575,0,0,0
9190,9576,0,0,0
9190,9577,0,0,0
9190,9661,0,0,0
9190,9662,0,0,0
9190,9663,14,0,14
9190,9671,0,0,0
9190,9672,0,0,0
9190,9673,0,0,0
9190,9674,0,0,0
9190,9675,0,0,0
9190,9676,0,0,0
9190,9677,0,0,0
9190,9678,0,0,0
9190,9679,0,0,0
9190,9761,457,97,360
9190,9762,626,402,224
9190,9763,148,45,103
9190,9764,19,0,19
9190,9771,72,48,24
9190,9772,204,123,81
9190,9773,26,26,0
9190,9774,16,0,16
9190,9775,22,0,22
9190,9776,19,0,19
9190,9777,2726,1317,1409
9190,9778,186,105,81
9190,9779,37,12,25
9190,9780,160,56,104
9190,10041,0,0,0
9190,10042,0,0,0
9190,10043,0,0,0
9190,10044,0,0,0
9190,10045,0,0,0
9190,10046,0,0,0
9190,11000,143,33,110
9190,12051,0,0,0
9190,12052,0,0,0
9190,12053,0,0,0
9190,12054,0,0,0
9190,12060,0,0,0
9190,12061,0,0,0
9190,12062,0,0,0
9190,12063,0,0,0
9190,12064,0,0,0
9190,12065,0,0,0
9190,12066,0,0,0
9190,12067,0,0,0
9190,12068,0,0,0
9190,12069,0,0,0
9190,12070,0,0,0
9190,12071,0,0,0
9190,12072,0,0,0
9190,12073,0,0,0
9190,13003,0,0,0
9190,13004,0,0,0
9190,13071,0,0,0
9190,13072,0,0,0
9190,13073,0,0,0
9190,13074,0,0,0
9190,13075,0,0,0
9190,13076,0,0,0
9190,14511,0,0,0
9190,14521,0,0,0
9190,14522,0,0,0
9190,14523,12,12,0
9190,14524,0,0,0
9190,14612,12,12,0
9190,14625,0,0,0
9190,14626,0,0,0
9190,14627,0,0,0
9190,14628,0,0,0
9190,14713,23,12,11
9190,14729,0,0,0
9190,14730,0,0,0
9190,15001,0,0,0
9190,15002,0,0,0
9190,15003,0,0,0
9190,15081,0,0,0
9190,15082,0,0,0
9190,15083,0,0,0
9190,15084,0,0,0
9190,15085,0,0,0
9190,15086,0,0,0
9190,15087,0,0,0
9190,15088,0,0,0
9190,15089,0,0,0
9190,15090,0,0,0
9190,15091,0,0,0
9190,16051,0,0,0
9190,16052,0,0,0
9190,16053,0,0,0
9190,16054,0,0,0
9190,16055,0,0,0
9190,16056,0,0,0
9190,16061,0,0,0
9190,16062,0,0,0
9190,16063,0,0,0
9190,16064,0,0,0
9190,16065,0,0,0
9190,16066,0,0,0
9190,16067,0,0,0
9190,16068,0,0,0
9190,16069,0,0,0
9190,16070,0,0,0
9190,16071,0,0,0
9190,16072,0,0,0
9190,16073,0,0,0
9190,16074,0,0,0
9190,16075,0,0,0
9190,16076,0,0,0
9190,16077,0,0,0
9261,1001,0,0,0
9261,1002,0,0,0
9261,1003,0,0,0
9261,1004,0,0,0
9261,1051,0,0,0
9261,1053,0,0,0
9261,1054,0,0,0
9261,1055,0,0,0
9261,1056,0,0,0
9261,1057,0,0,0
9261,1058,0,0,0
9261,1059,0,0,0
9261,1060,0,0,0
9261,1061,0,0,0
9261,1062,0,0,0
9261,2000,79,15,64
9261,3101,0,0,0
9261,3102,0,0,0
9261,3103,13,0,13
9261,3151,0,0,0
9261,3153,0,0,0
9261,3154,0,0,0
9261,3155,0,0,0
9261,3157,0,0,0
9261,3158,0,0,0
9261,3159,0,0,0
9261,3241,26,0,26
9261,3251,0,0,0
9261,3252,0,0,0
9261,3254,0,0,0
9261,3255,0,0,0
9261,3256,0,0,0
9261,3257,0,0,0
9261,3351,0,0,0
9261,3352,0,0,0
9261,3353,0,0,0
9261,3354,0,0,0
9261,3355,0,0,0
9261,3356,0,0,0
9261,3357,0,0,0
9261,3358,0,0,0
9261,3359,0,0,0
9261,3360,0,0,0
9261,3361,0,0,0
9261,3401,0,0,0
9261,3402,0,0,0
9261,3403,0,0,0
9261,3404,0,0,0
9261,3405,0,0,0
9261,3451,0,0,0
9261,3452,0,0,0
9261,3453,0,0,0
9261,3454,0,0,0
9261,3455,0,0,0
9261,3456,0,0,0
9261,3457,0,0,0
9261,3458,0,0,0
9261,3459,0,0,0
9261,3460,0,0,0
9261,3461,0,0,0
9261,3462,0,0,0
9261,4011,0,0,0
9261,4012,0,0,0
9261,5111,39,0,39
9261,5112,0,0,0
9261,5113,0,0,0
9261,5114,63,0,63
9261,5116,0,0,0
9261,5117,0,0,0
9261,5119,0,0,0
9261,5120,0,0,0
9261,5122,0,0,0
9261,5124,0,0,0
9261,5154,0,0,0
9261,5158,0,0,0
9261,5162,11,0,11
9261,5166,0,0,0
9261,5170,0,0,0
9261,5314,0,0,0
9261,5315,36,0,36
9261,5316,0,0,0
9261,5334,0,0,0
9261,5358,0,0,0
9261,5362,0,0,0
9261,5366,0,0,0
9261,5370,0,0,0
9261,5374,11,0,11
9261,5378,0,0,0
9261,5382,0,0,0
9261,5512,0,0,0
9261,5513,0,0,0
9261,5515,0,0,0
9261,5554,0,0,0
9261,5558,0,0,0
9261,5562,61,0,61
9261,5566,0,0,0
9261,5570,0,0,0
9261,5711,0,0,0
9261,5754,0,0,0
9261,5758,0,0,0
9261,5762,0,0,0
9261,5766,0,0,0
9261,5770,0,0,0
9261,5774,0,0,0
9261,5911,0,0,0
9261,5913,0,0,0
9261,5914,0,0,0
9261,5915,0,0,0
9261,5916,0,0,0
9261,5954,0,0,0
9261,5958,0,0,0
9261,5962,0,0,0
9261,5966,0,0,0
9261,5970,0,0,0
9261,5974,0,0,0
9261,5978,0,0,0
9261,6411,0,0,0
9261,6412,88,13,75
9261,6413,0,0,0
9261,6414,0,0,0
9261,6431,0,0,0
9261,6432,0,0,0
9261,6433,0,0,0
9261,6434,18,0,18
9261,6435,10,0,10
9261,6436,11,0,11
9261,6437,0,0,0
9261,6438,12,0,12
9261,6439,0,0,0
9261,6440,0,0,0
9261,6531,0,0,0
9261,6532,0,0,0
9261,6533,14,14,0
9261,6534,0,0,0
9261,6535,0,0,0
9261,6611,0,0,0
9261,6631,0,0,0
9261,6632,0,0,0
9261,6633,0,0,0
9261,6634,0,0,0
9261,6635,0,0,0
9261,6636,0,0,0
9261,7111,0,0,0
9261,7131,0,0,0
9261,7132,0,0,0
9261,7133,0,0,0
9261,7134,0,0,0
9261,7135,0,0,0
9261,7137,0,0,0
9261,7138,0,0,0
9261,7140,0,0,0
9261,7141,0,0,0
9261,7143,0,0,0
9261,7211,0,0,0
9261,7231,0,0,0
9261,7232,0,0,0
9261,7233,0,0,0
9261,7235,0,0,0
9261,7311,0,0,0
9261,7312,0,0,0
9261,7313,0,0,0
9261,7314,0,0,0
9261,7315,0,0,0
9261,7316,0,0,0
9261,7317,0,0,0
9261,7318,0,0,0
9261,7319,0,0,0
9261,7320,0,0,0
9261,7331,0,0,0
9261,7332,0,0,0
9261,7333,0,0,0
9261,7334,0,0,0
9261,7335,0,0,0
9261,7336,0,0,0
9261,7337,0,0,0
9261,7338,0,0,0
9261,7339,0,0,0
9261,7340,0,0,0
9261,8111,21,0,21
9261,8115,11,11,0
9261,8116,21,0,21
9261,8117,0,0,0
9261,8118,22,11,11
9261,8119,14,0,14
9261,8121,0,0,0
9261,8125,0,0,0
9261,8126,0,0,0
9261,8127,0,0,0
9261,8128,0,0,0
9261,8135,0,0,0
9261,8136,0,0,0
9261,8211,0,0,0
9261,8212,0,0,0
9261,8215,0,0,0
9261,8216,0,0,0
9261,8221,0,0,0
9261,8222,0,0,0
9261,8225,0,0,0
9261,8226,0,0,0
9261,8231,13,13,0
9261,8235,0,0,0
9261,8236,13,13,0
9261,8237,0,0,0
9261,8311,0,0,0
9261,8315,0,0,0
9261,8316,0,0,0
9261,8317,0,0,0
9261,8325,0,0,0
9261,8326,0,0,0
9261,8327,0,0,0
9261,8335,0,0,0
9261,8336,0,0,0
9261,8337,0,0,0
9261,8415,0,0,0
9261,8416,0,0,0
9261,8417,0,0,0
9261,8421,12,0,12
9261,8425,0,0,0
9261,8426,0,0,0
9261,8435,0,0,0
9261,8436,0,0,0
9261,8437,0,0,0
9261,9161,85,27,58
9261,9162,2836,493,2343
9261,9163,33,10,23
9261,9171,126,93,33
9261,9172,31,20,11
9261,9173,17,17,0
9261,9174,100,43,57
9261,9175,101,36,65
9261,9176,41,20,21
9261,9177,1521,654,867
9261,9178,3065,1075,1990
9261,9179,87,38,49
9261,9180,0,0,0
9261,9181,33,16,17
9261,9182,23,11,12
9261,9183,332,228,104
9261,9184,768,116,652
9261,9185,35,16,19
9261,9186,123,75,48
9261,9187,93,62,31
9261,9188,57,16,41
9261,9189,53,53,0
9261,9190,11,11,0
9261,9261,0,0,0
9261,9262,99,76,23
9261,9263,173,106,67
9261,9271,406,321,85
9261,9272,80,80,0
9261,9273,688,531,157
9261,9274,22739,15817,6922
9261,9275,209,184,25
9261,9276,111,111,0
9261,9277,368,311,57
9261,9278,488,424,64
9261,9279,2895,1834,1061
9261,9361,0,0,0
9261,9362,414,166,248
9261,9363,0,0,0
9261,9371,14,14,0
9261,9372,59,46,13
9261,9373,27,15,12
9261,9374,14,14,0
9261,9375,307,255,52
9261,9376,72,60,12
9261,9377,0,0,0
9261,9461,0,0,0
9261,9462,0,0,0
9261,9463,0,0,0
9261,9464,0,0,0
9261,9471,0,0,0
9261,9472,0,0,0
9261,9473,0,0,0
9261,9474,0,0,0
9261,9475,0,0,0
9261,9476,0,0,0
9261,9477,0,0,0
9261,9478,0,0,0
9261,9479,0,0,0
9261,9561,0,0,0
9261,9562,19,0,19
9261,9563,0,0,0
9261,9564,96,26,70
9261,9565,0,0,0
9261,9571,0,0,0
9261,9572,0,0,0
9261,9573,0,0,0
9261,9574,0,0,0
9261,9575,0,0,0
9261,9576,0,0,0
9261,9577,0,0,0
9261,9661,0,0,0
9261,9662,0,0,0
9261,9663,0,0,0
9261,9671,0,0,0
9261,9672,0,0,0
9261,9673,0,0,0
9261,9674,0,0,0
9261,9675,0,0,0
9261,9676,0,0,0
9261,9677,0,0,0
9261,9678,0,0,0
9261,9679,0,0,0
9261,9761,36,16,20
9261,9762,0,0,0
9261,9763,0,0,0
9261,9764,0,0,0
9261,9771,13,13,0
9261,9772,35,16,19
9261,9773,0,0,0
9261,9774,0,0,0
9261,9775,0,0,0
9261,9776,0,0,0
9261,9777,0,0,0
9261,9778,0,0,0
9261,9779,0,0,0
9261,9780,16,0,16
9261,10041,0,0,0
9261,10042,0,0,0
9261,10043,0,0,0
9261,10044,0,0,0
9261,10045,0,0,0
9261,10046,0,0,0
9261,11000,64,17,47
9261,12051,0,0,0
9261,12052,0,0,0
9261,12053,0,0,0
9261,12054,0,0,0
9261,12060,0,0,0
9261,12061,0,0,0
9261,12062,0,0,0
9261,12063,0,0,0
9261,12064,0,0,0
9261,12065,0,0,0
9261,12066,0,0,0
9261,12067,0,0,0
9261,12068,0,0,0
9261,12069,0,0,0
9261,12070,0,0,0
9261,12071,0,0,0
9261,12072,0,0,0
9261,12073,0,0,0
9261,13003,0,0,0
9261,13004,0,0,0
9261,13071,0,0,0
9261,13072,0,0,0
9261,13073,0,0,0
9261,13074,0,0,0
9261,13075,0,0,0
9261,13076,0,0,0
9261,14511,0,0,0
9261,14521,0,0,0
9261,14522,0,0,0
9261,14523,0,0,0
9261,14524,0,0,0
9261,14612,0,0,0
9261,14625,0,0,0
9261,14626,0,0,0
9261,14627,0,0,0
9261,14628,0,0,0
9261,14713,0,0,0
9261,14729,0,0,0
9261,14730,0,0,0
9261,15001,0,0,0
9261,15002,0,0,0
9261,15003,0,0,0
9261,15081,0,0,0
9261,15082,0,0,0
9261,15083,0,0,0
9261,15084,0,0,0
9261,15085,0,0,0
9261,15086,0,0,0
9261,15087,0,0,0
9261,15088,0,0,0
9261,15089,0,0,0
9261,15090,0,0,0
9261,15091,0,0,0
9261,16051,0,0,0
9261,16052,0,0,0
9261,16053,0,0,0
9261,16054,0,0,0
9261,16055,0,0,0
9261,16056,0,0,0
9261,16061,0,0,0
9261,16062,0,0,0
9261,16063,0,0,0
9261,16064,0,0,0
9261,16065,0,0,0
9261,16066,0,0,0
9261,16067,0,0,0
9261,16068,0,0,0
9261,16069,0,0,0
9261,16070,0,0,0
9261,16071,0,0,0
9261,16072,0,0,0
9261,16073,0,0,0
9261,16074,0,0,0
9261,16075,0,0,0
9261,16076,0,0,0
9261,16077,0,0,0
9262,1001,0,0,0
9262,1002,0,0,0
9262,1003,0,0,0
9262,1004,0,0,0
9262,1051,0,0,0
9262,1053,0,0,0
9262,1054,0,0,0
9262,1055,0,0,0
9262,1056,0,0,0
9262,1057,0,0,0
9262,1058,0,0,0
9262,1059,0,0,0
9262,1060,0,0,0
9262,1061,0,0,0
9262,1062,0,0,0
9262,2000,73,27,46
9262,3101,0,0,0
9262,3102,0,0,0
9262,3103,0,0,0
9262,3151,0,0,0
9262,3153,0,0,0
9262,3154,0,0,0
9262,3155,0,0,0
9262,3157,0,0,0
9262,3158,0,0,0
9262,3159,0,0,0
9262,3241,0,0,0
9262,3251,0,0,0
9262,3252,0,0,0
9262,3254,0,0,0
9262,3255,0,0,0
9262,3256,0,0,0
9262,3257,0,0,0
9262,3351,0,0,0
9262,3352,0,0,0
9262,3353,11,11,0
9262,3354,0,0,0
9262,3355,0,0,0
9262,3356,0,0,0
9262,3357,0,0,0
9262,3358,0,0,0
9262,3359,0,0,0
9262,3360,0,0,0
9262,3361,0,0,0
9262,3401,0,0,0
9262,3402,0,0,0
9262,3403,0,0,0
9262,3404,0,0,0
9262,3405,0,0,0
9262,3451,0,0,0
9262,3452,0,0,0
9262,3453,0,0,0
9262,3454,0,0,0
9262,3455,0,0,0
9262,3456,0,0,0
9262,3457,0,0,0
9262,3458,0,0,0
9262,3459,0,0,0
9262,3460,0,0,0
9262,3461,0,0,0
9262,3462,0,0,0
9262,4011,0,0,0
9262,4012,0,0,0
9262,5111,15,0,15
9262,5112,0,0,0
9262,5113,10,0,10
9262,5114,0,0,0
9262,5116,0,0,0
9262,5117,0,0,0
9262,5119,0,0,0
9262,5120,0,0,0
9262,5122,0,0,0
9262,5124,0,0,0
9262,5154,0,0,0
9262,5158,0,0,0
9262,5162,0,0,0
9262,5166,0,0,0
9262,5170,0,0,0
9262,5314,0,0,0
9262,5315,53,21,32
9262,5316,0,0,0
9262,5334,0,0,0
9262,5358,0,0,0
9262,5362,0,0,0
9262,5366,0,0,0
9262,5370,0,0,0
9262,5374,0,0,0
9262,5378,10,10,0
9262,5382,11,11,0
9262,5512,0,0,0
9262,5513,0,0,0
9262,5515,0,0,0
9262,5554,0,0,0
9262,5558,0,0,0
9262,5562,0,0,0
9262,5566,0,0,0
9262,5570,0,0,0
9262,5711,0,0,0
9262,5754,0,0,0
9262,5758,0,0,0
9262,5762,0,0,0
9262,5766,0,0,0
9262,5770,0,0,0
9262,5774,0,0,0
9262,5911,0,0,0
9262,5913,0,0,0
9262,5914,0,0,0
9262,5915,0,0,0
9262,5916,0,0,0
9262,5954,0,0,0
9262,5958,0,0,0
9262,5962,0,0,0
9262,5966,0,0,0
9262,5970,0,0,0
9262,5974,0,0,0
9262,5978,0,0,0
9262,6411,0,0,0
9262,6412,38,0,38
9262,6413,0,0,0
9262,6414,0,0,0
9262,6431,0,0,0
9262,6432,0,0,0
9262,6433,0,0,0
9262,6434,10,0,10
9262,6435,13,0,13
9262,6436,0,0,0
9262,6437,0,0,0
9262,6438,0,0,0
9262,6439,0,0,0
9262,6440,0,0,0
9262,6531,0,0,0
9262,6532,0,0,0
9262,6533,0,0,0
9262,6534,0,0,0
9262,6535,0,0,0
9262,6611,0,0,0
9262,6631,0,0,0
9262,6632,0,0,0
9262,6633,0,0,0
9262,6634,0,0,0
9262,6635,0,0,0
9262,6636,0,0,0
9262,7111,0,0,0
9262,7131,0,0,0
9262,7132,0,0,0
9262,7133,0,0,0
9262,7134,0,0,0
9262,7135,0,0,0
9262,7137,0,0,0
9262,7138,0,0,0
9262,7140,0,0,0
9262,7141,0,0,0
9262,7143,0,0,0
9262,7211,0,0,0
9262,7231,0,0,0
9262,7232,0,0,0
9262,7233,0,0,0
9262,7235,0,0,0
9262,7311,0,0,0
9262,7312,0,0,0
9262,7313,0,0,0
9262,7314,0,0,0
9262,7315,0,0,0
9262,7316,0,0,0
9262,7317,0,0,0
9262,7318,0,0,0
9262,7319,0,0,0
9262,7320,0,0,0
9262,7331,0,0,0
9262,7332,18,0,18
9262,7333,0,0,0
9262,7334,0,0,0
9262,7335,0,0,0
9262,7336,0,0,0
9262,7337,0,0,0
9262,7338,0,0,0
9262,7339,23,23,0
9262,7340,0,0,0
9262,8111,26,0,26
9262,8115,0,0,0
9262,8116,10,10,0
9262,8117,0,0,0
9262,8118,0,0,0
9262,8119,0,0,0
9262,8121,0,0,0
9262,8125,0,0,0
9262,8126,0,0,0
9262,8127,0,0,0
9262,8128,0,0,0
9262,8135,0,0,0
9262,8136,0,0,0
9262,8211,0,0,0
9262,8212,0,0,0
9262,8215,0,0,0
9262,8216,0,0,0
9262,8221,0,0,0
9262,8222,0,0,0
9262,8225,0,0,0
9262,8226,15,15,0
9262,8231,0,0,0
9262,8235,0,0,0
9262,8236,0,0,0
9262,8237,0,0,0
9262,8311,0,0,0
9262,8315,0,0,0
9262,8316,0,0,0
9262,8317,11,0,11
9262,8325,0,0,0
9262,8326,0,0,0
9262,8327,0,0,0
9262,8335,0,0,0
9262,8336,0,0,0
9262,8337,0,0,0
9262,8415,0,0,0
9262,8416,0,0,0
9262,8417,0,0,0
9262,8421,0,0,0
9262,8425,0,0,0
9262,8426,0,0,0
9262,8435,13,0,13
9262,8436,0,0,0
9262,8437,0,0,0
9262,9161,29,12,17
9262,9162,592,138,454
9262,9163,0,0,0
9262,9171,360,332,28
9262,9172,29,29,0
9262,9173,21,21,0
9262,9174,13,13,0
9262,9175,23,13,10
9262,9176,11,11,0
9262,9177,33,21,12
9262,9178,64,19,45
9262,9179,18,18,0
9262,9180,0,0,0
9262,9181,0,0,0
9262,9182,0,0,0
9262,9183,104,71,33
9262,9184,133,36,97
9262,9185,0,0,0
9262,9186,12,12,0
9262,9187,23,23,0
9262,9188,26,14,12
9262,9189,81,81,0
9262,9190,0,0,0
9262,9261,99,23,76
9262,9262,0,0,0
9262,9263,80,35,45
9262,9271,1349,1012,337
9262,9272,3104,2799,305
9262,9273,35,23,12
9262,9274,85,61,24
9262,9275,21939,18570,3369
9262,9276,280,255,25
9262,9277,732,595,137
9262,9278,103,85,18
9262,9279,284,140,144
9262,9361,0,0,0
9262,9362,188,64,124
9262,9363,0,0,0
9262,9371,0,0,0
9262,9372,67,56,11
9262,9373,12,12,0
9262,9374,0,0,0
9262,9375,113,82,31
9262,9376,39,28,11
9262,9377,0,0,0
9262,9461,0,0,0
9262,9462,0,0,0
9262,9463,0,0,0
9262,9464,0,0,0
9262,9471,0,0,0
9262,9472,0,0,0
9262,9473,0,0,0
9262,9474,0,0,0
9262,9475,0,0,0
9262,9476,0,0,0
9262,9477,0,0,0
9262,9478,0,0,0
9262,9479,0,0,0
9262,9561,0,0,0
9262,9562,14,0,14
9262,9563,0,0,0
9262,9564,59,18,41
9262,9565,0,0,0
9262,9571,0,0,0
9262,9572,0,0,0
9262,9573,0,0,0
9262,9574,0,0,0
9262,9575,11,11,0
9262,9576,0,0,0
9262,9577,0,0,0
9262,9661,0,0,0
9262,9662,0,0,0
9262,9663,32,14,18
9262,9671,0,0,0
9262,9672,0,0,0
9262,9673,0,0,0
9262,9674,0,0,0
9262,9675,0,0,0
9262,9676,0,0,0
9262,9677,0,0,0
9262,9678,0,0,0
9262,9679,0,0,0
9262,9761,30,18,12
9262,9762,0,0,0
9262,9763,0,0,0
9262,9764,0,0,0
9262,9771,14,0,14
9262,9772,11,11,0
9262,9773,0,0,0
9262,9774,23,0,23
9262,9775,0,0,0
9262,9776,0,0,0
9262,9777,0,0,0
9262,9778,0,0,0
9262,9779,0,0,0
9262,9780,0,0,0
9262,10041,0,0,0
9262,10042,0,0,0
9262,10043,0,0,0
9262,10044,0,0,0
9262,10045,0,0,0
9262,10046,0,0,0
9262,11000,151,83,68
9262,12051,0,0,0
9262,12052,0,0,0
9262,12053,0,0,0
9262,12054,0,0,0
9262,12060,0,0,0
9262,12061,0,0,0
9262,12062,0,0,0
9262,12063,0,0,0
9262,12064,0,0,0
9262,12065,0,0,0
9262,12066,0,0,0
9262,12067,0,0,0
9262,12068,0,0,0
9262,12069,0,0,0
9262,12070,0,0,0
9262,12071,0,0,0
9262,12072,0,0,0
9262,12073,0,0,0
9262,13003,0,0,0
9262,13004,0,0,0
9262,13071,0,0,0
9262,13072,0,0,0
9262,13073,0,0,0
9262,13074,0,0,0
9262,13075,0,0,0
9262,13076,0,0,0
9262,14511,10,10,0
9262,14521,13,13,0
9262,14522,20,20,0
9262,14523,0,0,0
9262,14524,18,18,0
9262,14612,10,10,0
9262,14625,0,0,0
9262,14626,0,0,0
9262,14627,0,0,0
9262,14628,0,0,0
9262,14713,10,10,0
9262,14729,14,14,0
9262,14730,11,11,0
9262,15001,0,0,0
9262,15002,0,0,0
9262,15003,0,0,0
9262,15081,0,0,0
9262,15082,0,0,0
9262,15083,0,0,0
9262,15084,0,0,0
9262,15085,0,0,0
9262,15086,0,0,0
9262,15087,0,0,0
9262,15088,0,0,0
9262,15089,0,0,0
9262,15090,0,0,0
9262,15091,0,0,0
9262,16051,0,0,0
9262,16052,0,0,0
9262,16053,0,0,0
9262,16054,0,0,0
9262,16055,0,0,0
9262,16056,0,0,0
9262,16061,0,0,0
9262,16062,0,0,0
9262,16063,0,0,0
9262,16064,0,0,0
9262,16065,0,0,0
9262,16066,0,0,0
9262,16067,0,0,0
9262,16068,0,0,0
9262,16069,0,0,0
9262,16070,0,0,0
9262,16071,0,0,0
9262,16072,0,0,0
9262,16073,0,0,0
9262,16074,0,0,0
9262,16075,0,0,0
9262,16076,0,0,0
9262,16077,0,0,0
9263,1001,0,0,0
9263,1002,0,0,0
9263,1003,18,0,18
9263,1004,0,0,0
9263,1051,0,0,0
9263,1053,0,0,0
9263,1054,0,0,0
9263,1055,0,0,0
9263,1056,0,0,0
9263,1057,0,0,0
9263,1058,0,0,0
9263,1059,0,0,0
9263,1060,0,0,0
9263,1061,0,0,0
9263,1062,0,0,0
9263,2000,15,0,15
9263,3101,0,0,0
9263,3102,0,0,0
9263,3103,15,0,15
9263,3151,0,0,0
9263,3153,0,0,0
9263,3154,0,0,0
9263,3155,0,0,0
9263,3157,0,0,0
9263,3158,0,0,0
9263,3159,0,0,0
9263,3241,12,0,12
9263,3251,0,0,0
9263,3252,0,0,0
9263,3254,0,0,0
9263,3255,0,0,0
9263,3256,0,0,0
9263,3257,0,0,0
9263,3351,0,0,0
9263,3352,0,0,0
9263,3353,0,0,0
9263,3354,0,0,0
9263,3355,0,0,0
9263,3356,0,0,0
9263,3357,0,0,0
9263,3358,0,0,0
9263,3359,0,0,0
9263,3360,0,0,0
9263,3361,0,0,0
9263,3401,0,0,0
9263,3402,0,0,0
9263,3403,0,0,0
9263,3404,0,0,0
9263,3405,0,0,0
9263,3451,0,0,0
9263,3452,0,0,0
9263,3453,0,0,0
9263,3454,0,0,0
9263,3455,0,0,0
9263,3456,0,0,0
9263,3457,0,0,0
9263,3458,0,0,0
9263,3459,0,0,0
9263,3460,0,0,0
9263,3461,0,0,0
9263,3462,0,0,0
9263,4011,0,0,0
9263,4012,0,0,0
9263,5111,0,0,0
9263,5112,0,0,0
9263,5113,0,0,0
9263,5114,0,0,0
9263,5116,0,0,0
9263,5117,0,0,0
9263,5119,0,0,0
9263,5120,0,0,0
9263,5122,0,0,0
9263,5124,0,0,0
9263,5154,0,0,0
9263,5158,0,0,0
9263,5162,0,0,0
9263,5166,0,0,0
9263,5170,0,0,0
9263,5314,0,0,0
9263,5315,11,0,11
9263,5316,0,0,0
9263,5334,0,0,0
9263,5358,0,0,0
9263,5362,0,0,0
9263,5366,0,0,0
9263,5370,0,0,0
9263,5374,0,0,0
9263,5378,0,0,0
9263,5382,0,0,0
9263,5512,0,0,0
9263,5513,0,0,0
9263,5515,0,0,0
9263,5554,0,0,0
9263,5558,0,0,0
9263,5562,0,0,0
9263,5566,0,0,0
9263,5570,0,0,0
9263,5711,0,0,0
9263,5754,0,0,0
9263,5758,0,0,0
9263,5762,0,0,0
9263,5766,0,0,0
9263,5770,0,0,0
9263,5774,0,0,0
9263,5911,0,0,0
9263,5913,0,0,0
9263,5914,0,0,0
9263,5915,0,0,0
9263,5916,0,0,0
9263,5954,0,0,0
9263,5958,0,0,0
9263,5962,0,0,0
9263,5966,0,0,0
9263,5970,0,0,0
9263,5974,44,0,44
9263,5978,0,0,0
9263,6411,0,0,0
9263,6412,26,0,26
9263,6413,0,0,0
9263,6414,0,0,0
9263,6431,0,0,0
9263,6432,0,0,0
9263,6433,15,15,0
9263,6434,0,0,0
9263,6435,0,0,0
9263,6436,0,0,0
9263,6437,0,0,0
9263,6438,0,0,0
9263,6439,0,0,0
9263,6440,0,0,0
9263,6531,0,0,0
9263,6532,0,0,0
9263,6533,0,0,0
9263,6534,0,0,0
9263,6535,0,0,0
9263,6611,0,0,0
9263,6631,0,0,0
9263,6632,0,0,0
9263,6633,0,0,0
9263,6634,0,0,0
9263,6635,0,0,0
9263,6636,0,0,0
9263,7111,0,0,0
9263,7131,0,0,0
9263,7132,0,0,0
9263,7133,0,0,0
9263,7134,0,0,0
9263,7135,0,0,0
9263,7137,0,0,0
9263,7138,0,0,0
9263,7140,0,0,0
9263,7141,0,0,0
9263,7143,0,0,0
9263,7211,0,0,0
9263,7231,0,0,0
9263,7232,0,0,0
9263,7233,0,0,0
9263,7235,0,0,0
9263,7311,0,0,0
9263,7312,0,0,0
9263,7313,0,0,0
9263,7314,0,0,0
9263,7315,0,0,0
9263,7316,0,0,0
9263,7317,0,0,0
9263,7318,0,0,0
9263,7319,0,0,0
9263,7320,0,0,0
9263,7331,0,0,0
9263,7332,0,0,0
9263,7333,0,0,0
9263,7334,0,0,0
9263,7335,0,0,0
9263,7336,0,0,0
9263,7337,0,0,0
9263,7338,0,0,0
9263,7339,0,0,0
9263,7340,0,0,0
9263,8111,23,0,23
9263,8115,17,0,17
9263,8116,0,0,0
9263,8117,0,0,0
9263,8118,0,0,0
9263,8119,0,0,0
9263,8121,12,12,0
9263,8125,10,10,0
9263,8126,0,0,0
9263,8127,43,43,0
9263,8128,0,0,0
9263,8135,0,0,0
9263,8136,0,0,0
9263,8211,0,0,0
9263,8212,0,0,0
9263,8215,0,0,0
9263,8216,0,0,0
9263,8221,0,0,0
9263,8222,45,45,0
9263,8225,0,0,0
9263,8226,13,13,0
9263,8231,0,0,0
9263,8235,0,0,0
9263,8236,0,0,0
9263,8237,0,0,0
9263,8311,0,0,0
9263,8315,0,0,0
9263,8316,0,0,0
9263,8317,0,0,0
9263,8325,0,0,0
9263,8326,0,0,0
9263,8327,0,0,0
9263,8335,0,0,0
9263,8336,0,0,0
9263,8337,0,0,0
9263,8415,0,0,0
9263,8416,0,0,0
9263,8417,0,0,0
9263,8421,0,0,0
9263,8425,0,0,0
9263,8426,0,0,0
9263,8435,0,0,0
9263,8436,0,0,0
9263,8437,0,0,0
9263,9161,23,0,23
9263,9162,489,182,307
9263,9163,0,0,0
9263,9171,0,0,0
9263,9172,0,0,0
9263,9173,13,13,0
9263,9174,41,16,25
9263,9175,21,11,10
9263,9176,10,10,0
9263,9177,0,0,0
9263,9178,97,34,63
9263,9179,42,32,10
9263,9180,0,0,0
9263,9181,0,0,0
9263,9182,12,12,0
9263,9183,27,17,10
9263,9184,143,22,121
9263,9185,0,0,0
9263,9186,0,0,0
9263,9187,17,0,17
9263,9188,13,13,0
9263,9189,14,0,14
9263,9190,0,0,0
9263,9261,173,67,106
9263,9262,80,45,35
9263,9263,0,0,0
9263,9271,1614,1144,470
9263,9272,78,68,10
9263,9273,218,181,37
9263,9274,282,169,113
9263,9275,170,128,42
9263,9276,293,210,83
9263,9277,120,80,40
9263,9278,15248,12191,3057
9263,9279,1907,928,979
9263,9361,0,0,0
9263,9362,1501,453,1048
9263,9363,0,0,0
9263,9371,13,13,0
9263,9372,655,514,141
9263,9373,18,18,0
9263,9374,18,18,0
9263,9375,1348,945,403
9263,9376,105,62,43
9263,9377,0,0,0
9263,9461,0,0,0
9263,9462,0,0,0
9263,9463,0,0,0
9263,9464,0,0,0
9263,9471,0,0,0
9263,9472,0,0,0
9263,9473,0,0,0
9263,9474,13,13,0
9263,9475,0,0,0
9263,9476,0,0,0
9263,9477,0,0,0
9263,9478,0,0,0
9263,9479,0,0,0
9263,9561,0,0,0
9263,9562,0,0,0
9263,9563,0,0,0
9263,9564,87,24,63
9263,9565,0,0,0
9263,9571,0,0,0
9263,9572,0,0,0
9263,9573,0,0,0
9263,9574,0,0,0
9263,9575,0,0,0
9263,9576,0,0,0
9263,9577,0,0,0
9263,9661,0,0,0
9263,9662,0,0,0
9263,9663,0,0,0
9263,9671,0,0,0
9263,9672,0,0,0
9263,9673,0,0,0
9263,9674,0,0,0
9263,9675,0,0,0
9263,9676,0,0,0
9263,9677,0,0,0
9263,9678,0,0,0
9263,9679,12,12,0
9263,9761,13,13,0
9263,9762,0,0,0
9263,9763,0,0,0
9263,9764,0,0,0
9263,9771,0,0,0
9263,9772,20,10,10
9263,9773,0,0,0
9263,9774,0,0,0
9263,9775,0,0,0
9263,9776,0,0,0
9263,9777,0,0,0
9263,9778,0,0,0
9263,9779,0,0,0
9263,9780,0,0,0
9263,10041,0,0,0
9263,10042,0,0,0
9263,10043,0,0,0
9263,10044,0,0,0
9263,10045,0,0,0
9263,10046,0,0,0
9263,11000,36,15,21
9263,12051,0,0,0
9263,12052,0,0,0
9263,12053,0,0,0
9263,12054,0,0,0
9263,12060,0,0,0
9263,12061,0,0,0
9263,12062,0,0,0
9263,12063,0,0,0
9263,12064,0,0,0
9263,12065,0,0,0
9263,12066,0,0,0
9263,12067,0,0,0
9263,12068,0,0,0
9263,12069,0,0,0
9263,12070,0,0,0
9263,12071,0,0,0
9263,12072,0,0,0
9263,12073,0,0,0
9263,13003,0,0,0
9263,13004,0,0,0
9263,13071,0,0,0
9263,13072,0,0,0
9263,13073,0,0,0
9263,13074,0,0,0
9263,13075,0,0,0
9263,13076,0,0,0
9263,14511,0,0,0
9263,14521,0,0,0
9263,14522,0,0,0
9263,14523,0,0,0
9263,14524,0,0,0
9263,14612,0,0,0
9263,14625,0,0,0
9263,14626,0,0,0
9263,14627,0,0,0
9263,14628,0,0,0
9263,14713,11,11,0
9263,14729,0,0,0
9263,14730,0,0,0
9263,15001,0,0,0
9263,15002,0,0,0
9263,15003,0,0,0
9263,15081,0,0,0
9263,15082,0,0,0
9263,15083,0,0,0
9263,15084,0,0,0
9263,15085,0,0,0
9263,15086,0,0,0
9263,15087,0,0,0
9263,15088,0,0,0
9263,15089,0,0,0
9263,15090,0,0,0
9263,15091,0,0,0
9263,16051,0,0,0
9263,16052,0,0,0
9263,16053,0,0,0
9263,16054,0,0,0
9263,16055,0,0,0
9263,16056,0,0,0
9263,16061,0,0,0
9263,16062,0,0,0
9263,16063,0,0,0
9263,16064,0,0,0
9263,16065,0,0,0
9263,16066,0,0,0
9263,16067,0,0,0
9263,16068,0,0,0
9263,16069,0,0,0
9263,16070,0,0,0
9263,16071,0,0,0
9263,16072,0,0,0
9263,16073,0,0,0
9263,16074,0,0,0
9263,16075,0,0,0
9263,16076,0,0,0
9263,16077,0,0,0
9271,1001,0,0,0
9271,1002,0,0,0
9271,1003,12,0,12
9271,1004,0,0,0
9271,1051,0,0,0
9271,1053,0,0,0
9271,1054,0,0,0
9271,1055,0,0,0
9271,1056,0,0,0
9271,1057,0,0,0
9271,1058,0,0,0
9271,1059,0,0,0
9271,1060,0,0,0
9271,1061,0,0,0
9271,1062,0,0,0
9271,2000,43,12,31
9271,3101,31,31,0
9271,3102,0,0,0
9271,3103,95,0,95
9271,3151,0,0,0
9271,3153,0,0,0
9271,3154,0,0,0
9271,3155,0,0,0
9271,3157,0,0,0
9271,3158,0,0,0
9271,3159,10,10,0
9271,3241,11,11,0
9271,3251,0,0,0
9271,3252,0,0,0
9271,3254,0,0,0
9271,3255,0,0,0
9271,3256,0,0,0
9271,3257,0,0,0
9271,3351,0,0,0
9271,3352,0,0,0
9271,3353,0,0,0
9271,3354,0,0,0
9271,3355,0,0,0
9271,3356,0,0,0
9271,3357,0,0,0
9271,3358,0,0,0
9271,3359,0,0,0
9271,3360,0,0,0
9271,3361,0,0,0
9271,3401,0,0,0
9271,3402,0,0,0
9271,3403,0,0,0
9271,3404,0,0,0
9271,3405,0,0,0
9271,3451,0,0,0
9271,3452,0,0,0
9271,3453,0,0,0
9271,3454,20,10,10
9271,3455,0,0,0
9271,3456,0,0,0
9271,3457,0,0,0
9271,3458,0,0,0
9271,3459,0,0,0
9271,3460,0,0,0
9271,3461,0,0,0
9271,3462,0,0,0
9271,4011,0,0,0
9271,4012,0,0,0
9271,5111,24,0,24
9271,5112,38,26,12
9271,5113,27,16,11
9271,5114,0,0,0
9271,5116,0,0,0
9271,5117,0,0,0
9271,5119,0,0,0
9271,5120,17,0,17
9271,5122,0,0,0
9271,5124,0,0,0
9271,5154,0,0,0
9271,5158,0,0,0
9271,5162,0,0,0
9271,5166,0,0,0
9271,5170,0,0,0
9271,5314,0,0,0
9271,5315,51,0,51
9271,5316,0,0,0
9271,5334,0,0,0
9271,5358,0,0,0
9271,5362,16,0,16
9271,5366,0,0,0
9271,5370,0,0,0
9271,5374,10,0,10
9271,5378,11,0,11
9271,5382,0,0,0
9271,5512,0,0,0
9271,5513,0,0,0
9271,5515,0,0,0
9271,5554,0,0,0
9271,5558,0,0,0
9271,5562,15,15,0
9271,5566,0,0,0
9271,5570,0,0,0
9271,5711,0,0,0
9271,5754,0,0,0
9271,5758,0,0,0
9271,5762,0,0,0
9271,5766,0,0,0
9271,5770,0,0,0
9271,5774,0,0,0
9271,5911,12,0,12
9271,5913,0,0,0
9271,5914,0,0,0
9271,5915,0,0,0
9271,5916,0,0,0
9271,5954,0,0,0
9271,5958,0,0,0
9271,5962,0,0,0
9271,5966,0,0,0
9271,5970,0,0,0
9271,5974,0,0,0
9271,5978,0,0,0
9271,6411,0,0,0
9271,6412,48,15,33
9271,6413,0,0,0
9271,6414,0,0,0
9271,6431,0,0,0
9271,6432,88,0,88
9271,6433,0,0,0
9271,6434,0,0,0
9271,6435,0,0,0
9271,6436,12,0,12
9271,6437,0,0,0
9271,6438,10,10,0
9271,6439,0,0,0
9271,6440,0,0,0
9271,6531,0,0,0
9271,6532,0,0,0
9271,6533,0,0,0
9271,6534,0,0,0
9271,6535,0,0,0
9271,6611,0,0,0
9271,6631,0,0,0
9271,6632,0,0,0
9271,6633,0,0,0
9271,6634,0,0,0
9271,6635,0,0,0
9271,6636,0,0,0
9271,7111,0,0,0
9271,7131,0,0,0
9271,7132,0,0,0
9271,7133,0,0,0
9271,7134,0,0,0
9271,7135,0,0,0
9271,7137,0,0,0
9271,7138,0,0,0
9271,7140,0,0,0
9271,7141,0,0,0
9271,7143,0,0,0
9271,7211,0,0,0
9271,7231,0,0,0
9271,7232,0,0,0
9271,7233,0,0,0
9271,7235,0,0,0
9271,7311,0,0,0
9271,7312,0,0,0
9271,7313,0,0,0
9271,7314,0,0,0
9271,7315,0,0,0
9271,7316,0,0,0
9271,7317,0,0,0
9271,7318,0,0,0
9271,7319,0,0,0
9271,7320,0,0,0
9271,7331,0,0,0
9271,7332,0,0,0
9271,7333,0,0,0
9271,7334,10,0,10
9271,7335,0,0,0
9271,7336,0,0,0
9271,7337,0,0,0
9271,7338,0,0,0
9271,7339,0,0,0
9271,7340,0,0,0
9271,8111,38,14,24
9271,8115,0,0,0
9271,8116,15,0,15
9271,8117,0,0,0
9271,8118,13,0,13
9271,8119,0,0,0
9271,8121,0,0,0
9271,8125,10,10,0
9271,8126,16,0,16
9271,8127,22,11,11
9271,8128,0,0,0
9271,8135,0,0,0
9271,8136,0,0,0
9271,8211,0,0,0
9271,8212,10,0,10
9271,8215,0,0,0
9271,8216,0,0,0
9271,8221,0,0,0
9271,8222,0,0,0
9271,8225,0,0,0
9271,8226,13,0,13
9271,8231,0,0,0
9271,8235,0,0,0
9271,8236,0,0,0
9271,8237,0,0,0
9271,8311,0,0,0
9271,8315,0,0,0
9271,8316,0,0,0
9271,8317,0,0,0
9271,8325,0,0,0
9271,8326,0,0,0
9271,8327,0,0,0
9271,8335,0,0,0
9271,8336,0,0,0
9271,8337,0,0,0
9271,8415,11,11,0
9271,8416,0,0,0
9271,8417,0,0,0
9271,8421,0,0,0
9271,8425,0,0,0
9271,8426,0,0,0
9271,8435,11,0,11
9271,8436,0,0,0
9271,8437,0,0,0
9271,9161,54,18,36
9271,9162,984,231,753
9271,9163,10,10,0
9271,9171,125,74,51
9271,9172,0,0,0
9271,9173,11,0,11
9271,9174,65,22,43
9271,9175,69,24,45
9271,9176,14,0,14
9271,9177,67,36,31
9271,9178,168,47,121
9271,9179,70,34,36
9271,9180,0,0,0
9271,9181,0,0,0
9271,9182,15,0,15
9271,9183,96,40,56
9271,9184,353,53,300
9271,9185,50,0,50
9271,9186,21,0,21
9271,9187,45,17,28
9271,9188,47,0,47
9271,9189,43,18,25
9271,9190,26,26,0
9271,9261,406,85,321
9271,9262,1349,337,1012
9271,9263,1614,470,1144
9271,9271,0,0,0
9271,9272,1584,1188,396
9271,9273,127,66,61
9271,9274,424,161,263
9271,9275,4224,2494,1730
9271,9276,4698,3506,1192
9271,9277,890,403,487
9271,9278,3297,1792,1505
9271,9279,5166,1630,3536
9271,9361,0,0,0
9271,9362,932,172,760
9271,9363,0,0,0
9271,9371,0,0,0
9271,9372,302,188,114
9271,9373,42,24,18
9271,9374,0,0,0
9271,9375,312,149,163
9271,9376,72,34,38
9271,9377,0,0,0
9271,9461,0,0,0
9271,9462,0,0,0
9271,9463,0,0,0
9271,9464,0,0,0
9271,9471,0,0,0
9271,9472,0,0,0
9271,9473,0,0,0
9271,9474,0,0,0
9271,9475,26,13,13
9271,9476,0,0,0
9271,9477,0,0,0
9271,9478,0,0,0
9271,9479,0,0,0
9271,9561,0,0,0
9271,9562,25,0,25
9271,9563,0,0,0
9271,9564,107,34,73
9271,9565,0,0,0
9271,9571,13,13,0
9271,9572,0,0,0
9271,9573,0,0,0
9271,9574,23,12,11
9271,9575,0,0,0
9271,9576,0,0,0
9271,9577,11,11,0
9271,9661,0,0,0
9271,9662,0,0,0
9271,9663,0,0,0
9271,9671,31,31,0
9271,9672,0,0,0
9271,9673,0,0,0
9271,9674,0,0,0
9271,9675,0,0,0
9271,9676,0,0,0
9271,9677,0,0,0
9271,9678,0,0,0
9271,9679,0,0,0
9271,9761,33,10,23
9271,9762,0,0,0
9271,9763,0,0,0
9271,9764,33,0,33
9271,9771,0,0,0
9271,9772,28,16,12
9271,9773,0,0,0
9271,9774,0,0,0
9271,9775,10,0,10
9271,9776,0,0,0
9271,9777,0,0,0
9271,9778,0,0,0
9271,9779,10,10,0
9271,9780,0,0,0
9271,10041,0,0,0
9271,10042,0,0,0
9271,10043,0,0,0
9271,10044,0,0,0
9271,10045,0,0,0
9271,10046,0,0,0
9271,11000,135,79,56
9271,12051,0,0,0
9271,12052,0,0,0
9271,12053,0,0,0
9271,12054,0,0,0
9271,12060,0,0,0
9271,12061,0,0,0
9271,12062,0,0,0
9271,12063,0,0,0
9271,12064,0,0,0
9271,12065,0,0,0
9271,12066,11,11,0
9271,12067,0,0,0
9271,12068,0,0,0
9271,12069,0,0,0
9271,12070,0,0,0
9271,12071,0,0,0
9271,12072,0,0,0
9271,12073,0,0,0
9271,13003,0,0,0
9271,13004,0,0,0
9271,13071,0,0,0
9271,13072,12,12,0
9271,13073,13,13,0
9271,13074,0,0,0
9271,13075,0,0,0
9271,13076,0,0,0
9271,14511,12,0,12
9271,14521,16,16,0
9271,14522,18,18,0
9271,14523,37,27,10
9271,14524,0,0,0
9271,14612,26,26,0
9271,14625,15,15,0
9271,14626,21,21,0
9271,14627,11,11,0
9271,14628,28,28,0
9271,14713,56,56,0
9271,14729,14,14,0
9271,14730,11,11,0
9271,15001,24,24,0
9271,15002,15,15,0
9271,15003,0,0,0
9271,15081,0,0,0
9271,15082,18,18,0
9271,15083,0,0,0
9271,15084,12,12,0
9271,15085,0,0,0
9271,15086,0,0,0
9271,15087,10,10,0
9271,15088,29,29,0
9271,15089,0,0,0
9271,15090,10,10,0
9271,15091,12,12,0
9271,16051,0,0,0
9271,16052,16,16,0
9271,16053,0,0,0
9271,16054,0,0,0
9271,16055,0,0,0
9271,16056,0,0,0
9271,16061,0,0,0
9271,16062,0,0,0
9271,16063,0,0,0
9271,16064,0,0,0
9271,16065,0,0,0
9271,16066,0,0,0
9271,16067,0,0,0
9271,16068,0,0,0
9271,16069,0,0,0
9271,16070,14,14,0
9271,16071,0,0,0
9271,16072,0,0,0
9271,16073,0,0,0
9271,16074,0,0,0
9271,16075,0,0,0
9271,16076,0,0,0
9271,16077,0,0,0
9272,1001,0,0,0
9272,1002,0,0,0
9272,1003,0,0,0
9272,1004,0,0,0
9272,1051,0,0,0
9272,1053,0,0,0
9272,1054,0,0,0
9272,1055,0,0,0
9272,1056,0,0,0
9272,1057,0,0,0
9272,1058,0,0,0
9272,1059,0,0,0
9272,1060,0,0,0
9272,1061,0,0,0
9272,1062,0,0,0
9272,2000,10,0,10
9272,3101,0,0,0
9272,3102,0,0,0
9272,3103,0,0,0
9272,3151,0,0,0
9272,3153,0,0,0
9272,3154,0,0,0
9272,3155,0,0,0
9272,3157,0,0,0
9272,3158,0,0,0
9272,3159,0,0,0
9272,3241,0,0,0
9272,3251,0,0,0
9272,3252,0,0,0
9272,3254,0,0,0
9272,3255,0,0,0
9272,3256,0,0,0
9272,3257,0,0,0
9272,3351,0,0,0
9272,3352,0,0,0
9272,3353,0,0,0
9272,3354,0,0,0
9272,3355,0,0,0
9272,3356,0,0,0
9272,3357,0,0,0
9272,3358,0,0,0
9272,3359,0,0,0
9272,3360,0,0,0
9272,3361,0,0,0
9272,3401,0,0,0
9272,3402,0,0,0
9272,3403,0,0,0
9272,3404,0,0,0
9272,3405,0,0,0
9272,3451,0,0,0
9272,3452,0,0,0
9272,3453,0,0,0
9272,3454,0,0,0
9272,3455,0,0,0
9272,3456,0,0,0
9272,3457,0,0,0
9272,3458,0,0,0
9272,3459,0,0,0
9272,3460,0,0,0
9272,3461,0,0,0
9272,3462,0,0,0
9272,4011,0,0,0
9272,4012,0,0,0
9272,5111,0,0,0
9272,5112,0,0,0
9272,5113,0,0,0
9272,5114,0,0,0
9272,5116,0,0,0
9272,5117,0,0,0
9272,5119,0,0,0
9272,5120,0,0,0
9272,5122,0,0,0
9272,5124,0,0,0
9272,5154,0,0,0
9272,5158,0,0,0
9272,5162,0,0,0
9272,5166,0,0,0
9272,5170,0,0,0
9272,5314,0,0,0
9272,5315,14,0,14
9272,5316,0,0,0
9272,5334,0,0,0
9272,5358,0,0,0
9272,5362,0,0,0
9272,5366,0,0,0
9272,5370,0,0,0
9272,5374,0,0,0
9272,5378,0,0,0
9272,5382,0,0,0
9272,5512,0,0,0
9272,5513,0,0,0
9272,5515,0,0,0
9272,5554,0,0,0
9272,5558,0,0,0
9272,5562,0,0,0
9272,5566,0,0,0
9272,5570,0,0,0
9272,5711,0,0,0
9272,5754,0,0,0
9272,5758,0,0,0
9272,5762,0,0,0
9272,5766,0,0,0
9272,5770,0,0,0
9272,5774,0,0,0
9272,5911,0,0,0
9272,5913,0,0,0
9272,5914,0,0,0
9272,5915,0,0,0
9272,5916,0,0,0
9272,5954,0,0,0
9272,5958,0,0,0
9272,5962,0,0,0
9272,5966,0,0,0
9272,5970,0,0,0
9272,5974,0,0,0
9272,5978,0,0,0
9272,6411,0,0,0
9272,6412,14,0,14
9272,6413,0,0,0
9272,6414,0,0,0
9272,6431,0,0,0
9272,6432,0,0,0
9272,6433,0,0,0
9272,6434,0,0,0
9272,6435,0,0,0
9272,6436,0,0,0
9272,6437,0,0,0
9272,6438,0,0,0
9272,6439,0,0,0
9272,6440,0,0,0
9272,6531,0,0,0
9272,6532,0,0,0
9272,6533,0,0,0
9272,6534,0,0,0
9272,6535,0,0,0
9272,6611,0,0,0
9272,6631,0,0,0
9272,6632,0,0,0
9272,6633,0,0,0
9272,6634,0,0,0
9272,6635,0,0,0
9272,6636,0,0,0
9272,7111,0,0,0
9272,7131,0,0,0
9272,7132,0,0,0
9272,7133,0,0,0
9272,7134,0,0,0
9272,7135,0,0,0
9272,7137,0,0,0
9272,7138,0,0,0
9272,7140,0,0,0
9272,7141,0,0,0
9272,7143,0,0,0
9272,7211,0,0,0
9272,7231,0,0,0
9272,7232,0,0,0
9272,7233,0,0,0
9272,7235,0,0,0
9272,7311,0,0,0
9272,7312,0,0,0
9272,7313,0,0,0
9272,7314,0,0,0
9272,7315,0,0,0
9272,7316,0,0,0
9272,7317,0,0,0
9272,7318,0,0,0
9272,7319,0,0,0
9272,7320,0,0,0
9272,7331,0,0,0
9272,7332,0,0,0
9272,7333,0,0,0
9272,7334,0,0,0
9272,7335,0,0,0
9272,7336,0,0,0
9272,7337,0,0,0
9272,7338,0,0,0
9272,7339,0,0,0
9272,7340,0,0,0
9272,8111,10,0,10
9272,8115,0,0,0
9272,8116,10,0,10
9272,8117,0,0,0
9272,8118,0,0,0
9272,8119,0,0,0
9272,8121,0,0,0
9272,8125,0,0,0
9272,8126,10,0,10
9272,8127,0,0,0
9272,8128,0,0,0
9272,8135,0,0,0
9272,8136,0,0,0
9272,8211,0,0,0
9272,8212,0,0,0
9272,8215,0,0,0
9272,8216,0,0,0
9272,8221,0,0,0
9272,8222,0,0,0
9272,8225,0,0,0
9272,8226,0,0,0
9272,8231,0,0,0
9272,8235,13,0,13
9272,8236,0,0,0
9272,8237,0,0,0
9272,8311,0,0,0
9272,8315,0,0,0
9272,8316,0,0,0
9272,8317,0,0,0
9272,8325,0,0,0
9272,8326,0,0,0
9272,8327,0,0,0
9272,8335,0,0,0
9272,8336,0,0,0
9272,8337,0,0,0
9272,8415,0,0,0
9272,8416,0,0,0
9272,8417,0,0,0
9272,8421,0,0,0
9272,8425,0,0,0
9272,8426,0,0,0
9272,8435,0,0,0
9272,8436,0,0,0
9272,8437,0,0,0
9272,9161,54,0,54
9272,9162,433,95,338
9272,9163,0,0,0
9272,9171,38,0,38
9272,9172,13,0,13
9272,9173,14,0,14
9272,9174,24,0,24
9272,9175,31,0,31
9272,9176,0,0,0
9272,9177,23,12,11
9272,9178,49,13,36
9272,9179,24,10,14
9272,9180,0,0,0
9272,9181,11,0,11
9272,9182,12,0,12
9272,9183,29,11,18
9272,9184,182,24,158
9272,9185,34,0,34
9272,9186,0,0,0
9272,9187,14,0,14
9272,9188,21,0,21
9272,9189,54,0,54
9272,9190,0,0,0
9272,9261,80,0,80
9272,9262,3104,305,2799
9272,9263,78,10,68
9272,9271,1584,396,1188
9272,9272,0,0,0
9272,9273,28,0,28
9272,9274,136,34,102
9272,9275,6401,2478,3923
9272,9276,1546,587,959
9272,9277,110,32,78
9272,9278,101,32,69
9272,9279,564,51,513
9272,9361,0,0,0
9272,9362,253,19,234
9272,9363,25,0,25
9272,9371,0,0,0
9272,9372,90,18,72
9272,9373,33,10,23
9272,9374,29,0,29
9272,9375,47,10,37
9272,9376,28,13,15
9272,9377,0,0,0
9272,9461,0,0,0
9272,9462,0,0,0
9272,9463,0,0,0
9272,9464,0,0,0
9272,9471,0,0,0
9272,9472,0,0,0
9272,9473,0,0,0
9272,9474,0,0,0
9272,9475,0,0,0
9272,9476,0,0,0
9272,9477,0,0,0
9272,9478,0,0,0
9272,9479,0,0,0
9272,9561,0,0,0
9272,9562,10,0,10
9272,9563,0,0,0
9272,9564,36,0,36
9272,9565,0,0,0
9272,9571,10,10,0
9272,9572,0,0,0
9272,9573,0,0,0
9272,9574,21,0,21
9272,9575,0,0,0
9272,9576,0,0,0
9272,9577,0,0,0
9272,9661,0,0,0
9272,9662,0,0,0
9272,9663,0,0,0
9272,9671,0,0,0
9272,9672,0,0,0
9272,9673,0,0,0
9272,9674,0,0,0
9272,9675,0,0,0
9272,9676,0,0,0
9272,9677,0,0,0
9272,9678,0,0,0
9272,9679,0,0,0
9272,9761,0,0,0
9272,9762,0,0,0
9272,9763,0,0,0
9272,9764,0,0,0
9272,9771,0,0,0
9272,9772,13,0,13
9272,9773,0,0,0
9272,9774,0,0,0
9272,9775,0,0,0
9272,9776,0,0,0
9272,9777,0,0,0
9272,9778,0,0,0
9272,9779,0,0,0
9272,9780,17,0,17
9272,10041,0,0,0
9272,10042,0,0,0
9272,10043,0,0,0
9272,10044,0,0,0
9272,10045,0,0,0
9272,10046,0,0,0
9272,11000,29,0,29
9272,12051,0,0,0
9272,12052,0,0,0
9272,12053,0,0,0
9272,12054,0,0,0
9272,12060,0,0,0
9272,12061,0,0,0
9272,12062,0,0,0
9272,12063,0,0,0
9272,12064,0,0,0
9272,12065,0,0,0
9272,12066,0,0,0
9272,12067,0,0,0
9272,12068,0,0,0
9272,12069,0,0,0
9272,12070,0,0,0
9272,12071,0,0,0
9272,12072,0,0,0
9272,12073,0,0,0
9272,13003,0,0,0
9272,13004,0,0,0
9272,13071,0,0,0
9272,13072,0,0,0
9272,13073,0,0,0
9272,13074,0,0,0
9272,13075,0,0,0
9272,13076,0,0,0
9272,14511,0,0,0
9272,14521,0,0,0
9272,14522,0,0,0
9272,14523,0,0,0
9272,14524,0,0,0
9272,14612,0,0,0
9272,14625,0,0,0
9272,14626,0,0,0
9272,14627,0,0,0
9272,14628,16,16,0
9272,14713,0,0,0
9272,14729,0,0,0
9272,14730,0,0,0
9272,15001,0,0,0
9272,15002,0,0,0
9272,15003,0,0,0
9272,15081,0,0,0
9272,15082,0,0,0
9272,15083,0,0,0
9272,15084,0,0,0
9272,15085,0,0,0
9272,15086,0,0,0
9272,15087,0,0,0
9272,15088,0,0,0
9272,15089,0,0,0
9272,15090,0,0,0
9272,15091,0,0,0
9272,16051,0,0,0
9272,16052,0,0,0
9272,16053,0,0,0
9272,16054,0,0,0
9272,16055,0,0,0
9272,16056,0,0,0
9272,16061,0,0,0
9272,16062,0,0,0
9272,16063,0,0,0
9272,16064,0,0,0
9272,16065,0,0,0
9272,16066,0,0,0
9272,16067,0,0,0
9272,16068,0,0,0
9272,16069,0,0,0
9272,16070,0,0,0
9272,16071,0,0,0
9272,16072,0,0,0
9272,16073,0,0,0
9272,16074,0,0,0
9272,16075,0,0,0
9272,16076,0,0,0
9272,16077,0,0,0
9273,1001,0,0,0
9273,1002,0,0,0
9273,1003,0,0,0
9273,1004,0,0,0
9273,1051,0,0,0
9273,1053,0,0,0
9273,1054,0,0,0
9273,1055,0,0,0
9273,1056,0,0,0
9273,1057,0,0,0
9273,1058,0,0,0
9273,1059,0,0,0
9273,1060,0,0,0
9273,1061,0,0,0
9273,1062,12,12,0
9273,2000,41,0,41
9273,3101,0,0,0
9273,3102,0,0,0
9273,3103,12,0,12
9273,3151,0,0,0
9273,3153,0,0,0
9273,3154,0,0,0
9273,3155,0,0,0
9273,3157,0,0,0
9273,3158,0,0,0
9273,3159,0,0,0
9273,3241,23,11,12
9273,3251,0,0,0
9273,3252,0,0,0
9273,3254,0,0,0
9273,3255,0,0,0
9273,3256,0,0,0
9273,3257,0,0,0
9273,3351,0,0,0
9273,3352,0,0,0
9273,3353,0,0,0
9273,3354,0,0,0
9273,3355,0,0,0
9273,3356,0,0,0
9273,3357,0,0,0
9273,3358,0,0,0
9273,3359,0,0,0
9273,3360,0,0,0
9273,3361,0,0,0
9273,3401,0,0,0
9273,3402,45,0,45
9273,3403,0,0,0
9273,3404,0,0,0
9273,3405,0,0,0
9273,3451,0,0,0
9273,3452,0,0,0
9273,3453,0,0,0
9273,3454,0,0,0
9273,3455,0,0,0
9273,3456,0,0,0
9273,3457,0,0,0
9273,3458,0,0,0
9273,3459,0,0,0
9273,3460,0,0,0
9273,3461,0,0,0
9273,3462,0,0,0
9273,4011,14,14,0
9273,4012,0,0,0
9273,5111,47,0,47
9273,5112,0,0,0
9273,5113,0,0,0
9273,5114,11,0,11
9273,5116,0,0,0
9273,5117,0,0,0
9273,5119,0,0,0
9273,5120,18,0,18
9273,5122,0,0,0
9273,5124,0,0,0
9273,5154,0,0,0
9273,5158,0,0,0
9273,5162,27,0,27
9273,5166,0,0,0
9273,5170,0,0,0
9273,5314,11,0,11
9273,5315,64,0,64
9273,5316,0,0,0
9273,5334,0,0,0
9273,5358,0,0,0
9273,5362,14,0,14
9273,5366,0,0,0
9273,5370,0,0,0
9273,5374,29,0,29
9273,5378,0,0,0
9273,5382,11,0,11
9273,5512,0,0,0
9273,5513,0,0,0
9273,5515,0,0,0
9273,5554,0,0,0
9273,5558,0,0,0
9273,5562,10,0,10
9273,5566,0,0,0
9273,5570,0,0,0
9273,5711,0,0,0
9273,5754,12,0,12
9273,5758,0,0,0
9273,5762,0,0,0
9273,5766,0,0,0
9273,5770,0,0,0
9273,5774,0,0,0
9273,5911,0,0,0
9273,5913,10,0,10
9273,5914,0,0,0
9273,5915,0,0,0
9273,5916,0,0,0
9273,5954,0,0,0
9273,5958,0,0,0
9273,5962,0,0,0
9273,5966,0,0,0
9273,5970,25,25,0
9273,5974,0,0,0
9273,5978,0,0,0
9273,6411,0,0,0
9273,6412,43,0,43
9273,6413,0,0,0
9273,6414,16,0,16
9273,6431,0,0,0
9273,6432,0,0,0
9273,6433,0,0,0
9273,6434,0,0,0
9273,6435,15,0,15
9273,6436,14,0,14
9273,6437,0,0,0
9273,6438,12,0,12
9273,6439,0,0,0
9273,6440,0,0,0
9273,6531,0,0,0
9273,6532,0,0,0
9273,6533,0,0,0
9273,6534,0,0,0
9273,6535,0,0,0
9273,6611,0,0,0
9273,6631,0,0,0
9273,6632,0,0,0
9273,6633,0,0,0
9273,6634,0,0,0
9273,6635,0,0,0
9273,6636,0,0,0
9273,7111,0,0,0
9273,7131,0,0,0
9273,7132,0,0,0
9273,7133,0,0,0
9273,7134,0,0,0
9273,7135,0,0,0
9273,7137,0,0,0
9273,7138,0,0,0
9273,7140,0,0,0
9273,7141,0,0,0
9273,7143,0,0,0
9273,7211,0,0,0
9273,7231,0,0,0
9273,7232,0,0,0
9273,7233,0,0,0
9273,7235,0,0,0
9273,7311,0,0,0
9273,7312,0,0,0
9273,7313,0,0,0
9273,7314,0,0,0
9273,7315,11,0,11
9273,7316,0,0,0
9273,7317,0,0,0
9273,7318,0,0,0
9273,7319,0,0,0
9273,7320,0,0,0
9273,7331,0,0,0
9273,7332,0,0,0
9273,7333,0,0,0
9273,7334,28,0,28
9273,7335,0,0,0
9273,7336,0,0,0
9273,7337,0,0,0
9273,7338,0,0,0
9273,7339,0,0,0
9273,7340,0,0,0
9273,8111,41,0,41
9273,8115,30,14,16
9273,8116,40,15,25
9273,8117,0,0,0
9273,8118,14,0,14
9273,8119,10,0,10
9273,8121,64,0,64
9273,8125,31,11,20
9273,8126,0,0,0
9273,8127,0,0,0
9273,8128,0,0,0
9273,8135,0,0,0
9273,8136,24,10,14
9273,8211,0,0,0
9273,8212,0,0,0
9273,8215,17,0,17
9273,8216,0,0,0
9273,8221,0,0,0
9273,8222,12,0,12
9273,8225,0,0,0
9273,8226,22,10,12
9273,8231,0,0,0
9273,8235,0,0,0
9273,8236,0,0,0
9273,8237,0,0,0
9273,8311,0,0,0
9273,8315,31,0,31
9273,8316,0,0,0
9273,8317,0,0,0
9273,8325,14,0,14
9273,8326,0,0,0
9273,8327,0,0,0
9273,8335,0,0,0
9273,8336,0,0,0
9273,8337,0,0,0
9273,8415,0,0,0
9273,8416,0,0,0
9273,8417,0,0,0
9273,8421,14,0,14
9273,8425,0,0,0
9273,8426,0,0,0
9273,8435,0,0,0
9273,8436,0,0,0
9273,8437,0,0,0
9273,9161,3792,624,3168
9273,9162,2301,196,2105
9273,9163,11,0,11
9273,9171,44,16,28
9273,9172,0,0,0
9273,9173,16,0,16
9273,9174,95,48,47
9273,9175,69,14,55
9273,9176,1967,1017,950
9273,9177,245,47,198
9273,9178,1854,795,1059
9273,9179,61,21,40
9273,9180,0,0,0
9273,9181,10,0,10
9273,9182,11,11,0
9273,9183,31,20,11
9273,9184,498,56,442
9273,9185,189,104,85
9273,9186,3646,1279,2367
9273,9187,51,21,30
9273,9188,32,0,32
9273,9189,57,0,57
9273,9190,0,0,0
9273,9261,688,157,531
9273,9262,35,12,23
9273,9263,218,37,181
9273,9271,127,61,66
9273,9272,28,28,0
9273,9273,0,0,0
9273,9274,2269,1177,1092
9273,9275,103,54,49
9273,9276,31,21,10
9273,9277,40,25,15
9273,9278,337,191,146
9273,9279,245,116,129
9273,9361,24,0,24
9273,9362,8726,1377,7349
9273,9363,12,0,12
9273,9371,53,32,21
9273,9372,154,77,77
9273,9373,584,261,323
9273,9374,15,15,0
9273,9375,4655,1954,2701
9273,9376,336,175,161
9273,9377,17,17,0
9273,9461,0,0,0
9273,9462,12,0,12
9273,9463,0,0,0
9273,9464,0,0,0
9273,9471,0,0,0
9273,9472,0,0,0
9273,9473,0,0,0
9273,9474,10,10,0
9273,9475,0,0,0
9273,9476,0,0,0
9273,9477,0,0,0
9273,9478,0,0,0
9273,9479,0,0,0
9273,9561,0,0,0
9273,9562,27,0,27
9273,9563,35,16,19
9273,9564,238,61,177
9273,9565,25,14,11
9273,9571,49,38,11
9273,9572,11,11,0
9273,9573,12,12,0
9273,9574,38,26,12
9273,9575,10,10,0
9273,9576,60,39,21
9273,9577,35,24,11
9273,9661,0,0,0
9273,9662,0,0,0
9273,9663,69,0,69
9273,9671,0,0,0
9273,9672,0,0,0
9273,9673,0,0,0
9273,9674,0,0,0
9273,9675,0,0,0
9273,9676,0,0,0
9273,9677,0,0,0
9273,9678,0,0,0
9273,9679,0,0,0
9273,9761,31,0,31
9273,9762,0,0,0
9273,9763,0,0,0
9273,9764,0,0,0
9273,9771,112,23,89
9273,9772,30,18,12
9273,9773,0,0,0
9273,9774,16,16,0
9273,9775,0,0,0
9273,9776,0,0,0
9273,9777,0,0,0
9273,9778,10,10,0
9273,9779,15,15,0
9273,9780,0,0,0
9273,10041,0,0,0
9273,10042,0,0,0
9273,10043,0,0,0
9273,10044,0,0,0
9273,10045,0,0,0
9273,10046,0,0,0
9273,11000,75,21,54
9273,12051,0,0,0
9273,12052,0,0,0
9273,12053,0,0,0
9273,12054,0,0,0
9273,12060,0,0,0
9273,12061,0,0,0
9273,12062,0,0,0
9273,12063,0,0,0
9273,12064,0,0,0
9273,12065,0,0,0
9273,12066,0,0,0
9273,12067,0,0,0
9273,12068,0,0,0
9273,12069,0,0,0
9273,12070,0,0,0
9273,12071,0,0,0
9273,12072,10,10,0
9273,12073,0,0,0
9273,13003,0,0,0
9273,13004,0,0,0
9273,13071,0,0,0
9273,13072,0,0,0
9273,13073,0,0,0
9273,13074,0,0,0
9273,13075,0,0,0
9273,13076,0,0,0
9273,14511,0,0,0
9273,14521,31,31,0
9273,14522,19,19,0
9273,14523,17,17,0
9273,14524,17,17,0
9273,14612,35,0,35
9273,14625,0,0,0
9273,14626,45,15,30
9273,14627,0,0,0
9273,14628,0,0,0
9273,14713,51,40,11
9273,14729,25,25,0
9273,14730,18,18,0
9273,15001,0,0,0
9273,15002,0,0,0
9273,15003,0,0,0
9273,15081,0,0,0
9273,15082,13,13,0
9273,15083,0,0,0
9273,15084,26,26,0
9273,15085,0,0,0
9273,15086,0,0,0
9273,15087,0,0,0
9273,15088,11,11,0
9273,15089,12,12,0
9273,15090,0,0,0
9273,15091,0,0,0
9273,16051,0,0,0
9273,16052,0,0,0
9273,16053,0,0,0
9273,16054,0,0,0
9273,16055,0,0,0
9273,16056,0,0,0
9273,16061,0,0,0
9273,16062,0,0,0
9273,16063,0,0,0
9273,16064,0,0,0
9273,16065,0,0,0
9273,16066,0,0,0
9273,16067,0,0,0
9273,16068,0,0,0
9273,16069,0,0,0
9273,16070,0,0,0
9273,16071,0,0,0
9273,16072,0,0,0
9273,16073,0,0,0
9273,16074,0,0,0
9273,16075,0,0,0
9273,16076,0,0,0
9273,16077,0,0,0
9274,1001,0,0,0
9274,1002,10,10,0
9274,1003,0,0,0
9274,1004,0,0,0
9274,1051,0,0,0
9274,1053,0,0,0
9274,1054,0,0,0
9274,1055,0,0,0
9274,1056,11,0,11
9274,1057,0,0,0
9274,1058,0,0,0
9274,1059,0,0,0
9274,1060,11,11,0
9274,1061,0,0,0
9274,1062,0,0,0
9274,2000,107,12,95
9274,3101,0,0,0
9274,3102,0,0,0
9274,3103,69,54,15
9274,3151,0,0,0
9274,3153,0,0,0
9274,3154,0,0,0
9274,3155,0,0,0
9274,3157,0,0,0
9274,3158,0,0,0
9274,3159,0,0,0
9274,3241,37,0,37
9274,3251,10,10,0
9274,3252,0,0,0
9274,3254,0,0,0
9274,3255,0,0,0
9274,3256,0,0,0
9274,3257,0,0,0
9274,3351,0,0,0
9274,3352,0,0,0
9274,3353,0,0,0
9274,3354,0,0,0
9274,3355,0,0,0
9274,3356,0,0,0
9274,3357,0,0,0
9274,3358,0,0,0
9274,3359,0,0,0
9274,3360,0,0,0
9274,3361,0,0,0
9274,3401,0,0,0
9274,3402,0,0,0
9274,3403,0,0,0
9274,3404,0,0,0
9274,3405,0,0,0
9274,3451,0,0,0
9274,3452,0,0,0
9274,3453,0,0,0
9274,3454,25,0,25
9274,3455,0,0,0
9274,3456,0,0,0
9274,3457,0,0,0
9274,3458,0,0,0
9274,3459,11,0,11
9274,3460,0,0,0
9274,3461,0,0,0
9274,3462,0,0,0
9274,4011,14,0,14
9274,4012,0,0,0
9274,5111,49,0,49
9274,5112,15,0,15
9274,5113,18,0,18
9274,5114,94,0,94
9274,5116,11,0,11
9274,5117,0,0,0
9274,5119,0,0,0
9274,5120,0,0,0
9274,5122,0,0,0
9274,5124,0,0,0
9274,5154,0,0,0
9274,5158,26,0,26
9274,5162,17,0,17
9274,5166,12,0,12
9274,5170,0,0,0
9274,5314,0,0,0
9274,5315,39,0,39
9274,5316,0,0,0
9274,5334,12,12,0
9274,5358,0,0,0
9274,5362,0,0,0
9274,5366,0,0,0
9274,5370,0,0,0
9274,5374,28,0,28
9274,5378,10,10,0
9274,5382,20,0,20
9274,5512,0,0,0
9274,5513,0,0,0
9274,5515,0,0,0
9274,5554,0,0,0
9274,5558,0,0,0
9274,5562,42,0,42
9274,5566,0,0,0
9274,5570,0,0,0
9274,5711,0,0,0
9274,5754,18,0,18
9274,5758,0,0,0
9274,5762,0,0,0
9274,5766,0,0,0
9274,5770,0,0,0
9274,5774,0,0,0
9274,5911,0,0,0
9274,5913,14,0,14
9274,5914,0,0,0
9274,5915,0,0,0
9274,5916,0,0,0
9274,5954,0,0,0
9274,5958,0,0,0
9274,5962,0,0,0
9274,5966,0,0,0
9274,5970,0,0,0
9274,5974,12,0,12
9274,5978,0,0,0
9274,6411,0,0,0
9274,6412,105,13,92
9274,6413,0,0,0
9274,6414,11,0,11
9274,6431,0,0,0
9274,6432,15,0,15
9274,6433,13,0,13
9274,6434,45,15,30
9274,6435,12,0,12
9274,6436,16,0,16
9274,6437,0,0,0
9274,6438,44,12,32
9274,6439,0,0,0
9274,6440,0,0,0
9274,6531,0,0,0
9274,6532,0,0,0
9274,6533,0,0,0
9274,6534,0,0,0
9274,6535,0,0,0
9274,6611,0,0,0
9274,6631,0,0,0
9274,6632,0,0,0
9274,6633,0,0,0
9274,6634,0,0,0
9274,6635,0,0,0
9274,6636,0,0,0
9274,7111,0,0,0
9274,7131,0,0,0
9274,7132,0,0,0
9274,7133,0,0,0
9274,7134,0,0,0
9274,7135,0,0,0
9274,7137,0,0,0
9274,7138,0,0,0
9274,7140,0,0,0
9274,7141,0,0,0
9274,7143,0,0,0
9274,7211,16,16,0
9274,7231,0,0,0
9274,7232,0,0,0
9274,7233,0,0,0
9274,7235,21,21,0
9274,7311,0,0,0
9274,7312,0,0,0
9274,7313,16,0,16
9274,7314,0,0,0
9274,7315,10,0,10
9274,7316,0,0,0
9274,7317,0,0,0
9274,7318,0,0,0
9274,7319,0,0,0
9274,7320,0,0,0
9274,7331,0,0,0
9274,7332,0,0,0
9274,7333,0,0,0
9274,7334,0,0,0
9274,7335,0,0,0
9274,7336,0,0,0
9274,7337,0,0,0
9274,7338,0,0,0
9274,7339,0,0,0
9274,7340,0,0,0
9274,8111,64,15,49
9274,8115,35,22,13
9274,8116,63,31,32
9274,8117,0,0,0
9274,8118,43,26,17
9274,8119,25,11,14
9274,8121,0,0,0
9274,8125,23,10,13
9274,8126,20,0,20
9274,8127,0,0,0
9274,8128,0,0,0
9274,8135,0,0,0
9274,8136,21,21,0
9274,8211,0,0,0
9274,8212,13,0,13
9274,8215,27,12,15
9274,8216,13,0,13
9274,8221,0,0,0
9274,8222,12,0,12
9274,8225,0,0,0
9274,8226,15,0,15
9274,8231,0,0,0
9274,8235,10,10,0
9274,8236,12,12,0
9274,8237,0,0,0
9274,8311,0,0,0
9274,8315,0,0,0
9274,8316,0,0,0
9274,8317,37,37,0
9274,8325,0,0,0
9274,8326,0,0,0
9274,8327,0,0,0
9274,8335,0,0,0
9274,8336,0,0,0
9274,8337,0,0,0
9274,8415,20,20,0
9274,8416,0,0,0
9274,8417,0,0,0
9274,8421,33,0,33
9274,8425,0,0,0
9274,8426,18,18,0
9274,8435,0,0,0
9274,8436,13,13,0
9274,8437,0,0,0
9274,9161,230,58,172
9274,9162,4433,476,3957
9274,9163,47,11,36
9274,9171,285,154,131
9274,9172,14,0,14
9274,9173,41,16,25
9274,9174,169,57,112
9274,9175,248,55,193
9274,9176,98,41,57
9274,9177,3709,1156,2553
9274,9178,5102,1328,3774
9274,9179,146,47,99
9274,9180,0,0,0
9274,9181,24,14,10
9274,9182,40,18,22
9274,9183,1992,1205,787
9274,9184,1549,110,1439
9274,9185,69,19,50
9274,9186,330,140,190
9274,9187,107,52,55
9274,9188,98,26,72
9274,9189,98,54,44
9274,9190,41,25,16
9274,9261,22739,6922,15817
9274,9262,85,24,61
9274,9263,282,113,169
9274,9271,424,263,161
9274,9272,136,102,34
9274,9273,2269,1092,1177
9274,9274,0,0,0
9274,9275,226,163,63
9274,9276,127,106,21
9274,9277,1147,825,322
9274,9278,1450,808,642
9274,9279,6593,2911,3682
9274,9361,12,12,0
9274,9362,1003,139,864
9274,9363,0,0,0
9274,9371,20,20,0
9274,9372,173,133,40
9274,9373,43,18,25
9274,9374,12,12,0
9274,9375,661,313,348
9274,9376,92,58,34
9274,9377,14,14,0
9274,9461,0,0,0
9274,9462,14,14,0
9274,9463,0,0,0
9274,9464,11,11,0
9274,9471,36,36,0
9274,9472,18,0,18
9274,9473,0,0,0
9274,9474,19,19,0
9274,9475,14,14,0
9274,9476,0,0,0
9274,9477,0,0,0
9274,9478,0,0,0
9274,9479,0,0,0
9274,9561,0,0,0
9274,9562,19,0,19
9274,9563,13,13,0
9274,9564,190,62,128
9274,9565,0,0,0
9274,9571,0,0,0
9274,9572,17,17,0
9274,9573,0,0,0
9274,9574,59,34,25
9274,9575,11,11,0
9274,9576,11,11,0
9274,9577,0,0,0
9274,9661,0,0,0
9274,9662,0,0,0
9274,9663,11,0,11
9274,9671,0,0,0
9274,9672,0,0,0
9274,9673,0,0,0
9274,9674,0,0,0
9274,9675,0,0,0
9274,9676,0,0,0
9274,9677,0,0,0
9274,9678,11,11,0
9274,9679,13,13,0
9274,9761,62,19,43
9274,9762,0,0,0
9274,9763,0,0,0
9274,9764,0,0,0
9274,9771,36,13,23
9274,9772,55,20,35
9274,9773,0,0,0
9274,9774,12,12,0
9274,9775,0,0,0
9274,9776,0,0,0
9274,9777,0,0,0
9274,9778,0,0,0
9274,9779,16,0,16
9274,9780,11,0,11
9274,10041,0,0,0
9274,10042,0,0,0
9274,10043,0,0,0
9274,10044,0,0,0
9274,10045,0,0,0
9274,10046,0,0,0
9274,11000,124,23,101
9274,12051,0,0,0
9274,12052,0,0,0
9274,12053,0,0,0
9274,12054,0,0,0
9274,12060,0,0,0
9274,12061,10,10,0
9274,12062,13,13,0
9274,12063,0,0,0
9274,12064,0,0,0
9274,12065,0,0,0
9274,12066,0,0,0
9274,12067,0,0,0
9274,12068,0,0,0
9274,12069,0,0,0
9274,12070,0,0,0
9274,12071,0,0,0
9274,12072,0,0,0
9274,12073,0,0,0
9274,13003,0,0,0
9274,13004,0,0,0
9274,13071,0,0,0
9274,13072,0,0,0
9274,13073,0,0,0
9274,13074,0,0,0
9274,13075,0,0,0
9274,13076,0,0,0
9274,14511,0,0,0
9274,14521,27,27,0
9274,14522,33,33,0
9274,14523,26,26,0
9274,14524,42,42,0
9274,14612,30,19,11
9274,14625,10,10,0
9274,14626,13,13,0
9274,14627,0,0,0
9274,14628,11,11,0
9274,14713,64,64,0
9274,14729,13,13,0
9274,14730,10,10,0
9274,15001,0,0,0
9274,15002,0,0,0
9274,15003,0,0,0
9274,15081,0,0,0
9274,15082,21,0,21
9274,15083,0,0,0
9274,15084,0,0,0
9274,15085,0,0,0
9274,15086,0,0,0
9274,15087,0,0,0
9274,15088,0,0,0
9274,15089,0,0,0
9274,15090,0,0,0
9274,15091,0,0,0
9274,16051,0,0,0
9274,16052,0,0,0
9274,16053,0,0,0
9274,16054,0,0,0
9274,16055,0,0,0
9274,16056,0,0,0
9274,16061,0,0,0
9274,16062,0,0,0
9274,16063,0,0,0
9274,16064,0,0,0
9274,16065,0,0,0
9274,16066,12,12,0
9274,16067,0,0,0
9274,16068,0,0,0
9274,16069,0,0,0
9274,16070,0,0,0
9274,16071,0,0,0
9274,16072,0,0,0
9274,16073,0,0,0
9274,16074,0,0,0
9274,16075,17,17,0
9274,16076,0,0,0
9274,16077,0,0,0
9275,1001,0,0,0
9275,1002,0,0,0
9275,1003,15,0,15
9275,1004,0,0,0
9275,1051,0,0,0
9275,1053,0,0,0
9275,1054,0,0,0
9275,1055,0,0,0
9275,1056,0,0,0
9275,1057,0,0,0
9275,1058,0,0,0
9275,1059,0,0,0
9275,1060,0,0,0
9275,1061,0,0,0
9275,1062,0,0,0
9275,2000,56,10,46
9275,3101,0,0,0
9275,3102,0,0,0
9275,3103,0,0,0
9275,3151,0,0,0
9275,3153,0,0,0
9275,3154,0,0,0
9275,3155,0,0,0
9275,3157,0,0,0
9275,3158,0,0,0
9275,3159,0,0,0
9275,3241,0,0,0
9275,3251,0,0,0
9275,3252,0,0,0
9275,3254,0,0,0
9275,3255,0,0,0
9275,3256,0,0,0
9275,3257,0,0,0
9275,3351,0,0,0
9275,3352,0,0,0
9275,3353,0,0,0
9275,3354,0,0,0
9275,3355,0,0,0
9275,3356,0,0,0
9275,3357,0,0,0
9275,3358,0,0,0
9275,3359,0,0,0
9275,3360,0,0,0
9275,3361,0,0,0
9275,3401,0,0,0
9275,3402,0,0,0
9275,3403,0,0,0
9275,3404,0,0,0
9275,3405,0,0,0
9275,3451,0,0,0
9275,3452,0,0,0
9275,3453,0,0,0
9275,3454,0,0,0
9275,3455,0,0,0
9275,3456,0,0,0
9275,3457,0,0,0
9275,3458,0,0,0
9275,3459,0,0,0
9275,3460,0,0,0
9275,3461,0,0,0
9275,3462,0,0,0
9275,4011,0,0,0
9275,4012,0,0,0
9275,5111,44,0,44
9275,5112,0,0,0
9275,5113,10,0,10
9275,5114,122,0,122
9275,5116,0,0,0
9275,5117,0,0,0
9275,5119,0,0,0
9275,5120,0,0,0
9275,5122,0,0,0
9275,5124,0,0,0
9275,5154,0,0,0
9275,5158,0,0,0
9275,5162,0,0,0
9275,5166,0,0,0
9275,5170,0,0,0
9275,5314,0,0,0
9275,5315,57,16,41
9275,5316,0,0,0
9275,5334,0,0,0
9275,5358,0,0,0
9275,5362,0,0,0
9275,5366,0,0,0
9275,5370,0,0,0
9275,5374,0,0,0
9275,5378,0,0,0
9275,5382,11,11,0
9275,5512,0,0,0
9275,5513,0,0,0
9275,5515,0,0,0
9275,5554,0,0,0
9275,5558,0,0,0
9275,5562,0,0,0
9275,5566,0,0,0
9275,5570,0,0,0
9275,5711,0,0,0
9275,5754,0,0,0
9275,5758,0,0,0
9275,5762,0,0,0
9275,5766,0,0,0
9275,5770,0,0,0
9275,5774,0,0,0
9275,5911,0,0,0
9275,5913,0,0,0
9275,5914,0,0,0
9275,5915,0,0,0
9275,5916,0,0,0
9275,5954,0,0,0
9275,5958,0,0,0
9275,5962,0,0,0
9275,5966,0,0,0
9275,5970,0,0,0
9275,5974,0,0,0
9275,5978,0,0,0
9275,6411,10,0,10
9275,6412,51,10,41
9275,6413,0,0,0
9275,6414,11,0,11
9275,6431,10,0,10
9275,6432,23,0,23
9275,6433,0,0,0
9275,6434,10,0,10
9275,6435,0,0,0
9275,6436,0,0,0
9275,6437,0,0,0
9275,6438,18,0,18
9275,6439,0,0,0
9275,6440,0,0,0
9275,6531,0,0,0
9275,6532,0,0,0
9275,6533,0,0,0
9275,6534,0,0,0
9275,6535,0,0,0
9275,6611,0,0,0
9275,6631,15,0,15
9275,6632,0,0,0
9275,6633,0,0,0
9275,6634,0,0,0
9275,6635,0,0,0
9275,6636,0,0,0
9275,7111,0,0,0
9275,7131,0,0,0
9275,7132,0,0,0
9275,7133,0,0,0
9275,7134,0,0,0
9275,7135,0,0,0
9275,7137,0,0,0
9275,7138,0,0,0
9275,7140,0,0,0
9275,7141,0,0,0
9275,7143,0,0,0
9275,7211,0,0,0
9275,7231,0,0,0
9275,7232,0,0,0
9275,7233,0,0,0
9275,7235,0,0,0
9275,7311,0,0,0
9275,7312,0,0,0
9275,7313,0,0,0
9275,7314,0,0,0
9275,7315,0,0,0
9275,7316,0,0,0
9275,7317,0,0,0
9275,7318,0,0,0
9275,7319,0,0,0
9275,7320,0,0,0
9275,7331,0,0,0
9275,7332,13,0,13
9275,7333,0,0,0
9275,7334,0,0,0
9275,7335,0,0,0
9275,7336,0,0,0
9275,7337,0,0,0
9275,7338,0,0,0
9275,7339,0,0,0
9275,7340,0,0,0
9275,8111,28,0,28
9275,8115,0,0,0
9275,8116,40,10,30
9275,8117,0,0,0
9275,8118,11,0,11
9275,8119,15,15,0
9275,8121,0,0,0
9275,8125,0,0,0
9275,8126,36,0,36
9275,8127,69,69,0
9275,8128,18,0,18
9275,8135,0,0,0
9275,8136,0,0,0
9275,8211,0,0,0
9275,8212,10,0,10
9275,8215,10,0,10
9275,8216,0,0,0
9275,8221,0,0,0
9275,8222,10,0,10
9275,8225,0,0,0
9275,8226,16,0,16
9275,8231,0,0,0
9275,8235,0,0,0
9275,8236,0,0,0
9275,8237,0,0,0
9275,8311,0,0,0
9275,8315,0,0,0
9275,8316,0,0,0
9275,8317,10,10,0
9275,8325,0,0,0
9275,8326,0,0,0
9275,8327,0,0,0
9275,8335,0,0,0
9275,8336,0,0,0
9275,8337,0,0,0
9275,8415,0,0,0
9275,8416,0,0,0
9275,8417,10,0,10
9275,8421,0,0,0
9275,8425,0,0,0
9275,8426,10,10,0
9275,8435,29,0,29
9275,8436,0,0,0
9275,8437,0,0,0
9275,9161,84,23,61
9275,9162,1110,143,967
9275,9163,22,0,22
9275,9171,416,83,333
9275,9172,33,13,20
9275,9173,20,0,20
9275,9174,48,17,31
9275,9175,61,19,42
9275,9176,36,24,12
9275,9177,46,15,31
9275,9178,151,60,91
9275,9179,66,16,50
9275,9180,0,0,0
9275,9181,15,0,15
9275,9182,59,19,40
9275,9183,179,30,149
9275,9184,278,33,245
9275,9185,57,11,46
9275,9186,37,17,20
9275,9187,72,27,45
9275,9188,58,0,58
9275,9189,80,31,49
9275,9190,0,0,0
9275,9261,209,25,184
9275,9262,21939,3369,18570
9275,9263,170,42,128
9275,9271,4224,1730,2494
9275,9272,6401,3923,2478
9275,9273,103,49,54
9275,9274,226,63,163
9275,9275,0,0,0
9275,9276,293,161,132
9275,9277,4780,2474,2306
9275,9278,209,91,118
9275,9279,1595,143,1452
9275,9361,12,0,12
9275,9362,442,59,383
9275,9363,0,0,0
9275,9371,15,15,0
9275,9372,128,64,64
9275,9373,58,40,18
9275,9374,24,24,0
9275,9375,155,71,84
9275,9376,70,44,26
9275,9377,0,0,0
9275,9461,0,0,0
9275,9462,0,0,0
9275,9463,0,0,0
9275,9464,0,0,0
9275,9471,0,0,0
9275,9472,19,19,0
9275,9473,0,0,0
9275,9474,0,0,0
9275,9475,11,0,11
9275,9476,0,0,0
9275,9477,0,0,0
9275,9478,0,0,0
9275,9479,0,0,0
9275,9561,0,0,0
9275,9562,21,0,21
9275,9563,10,0,10
9275,9564,125,19,106
9275,9565,0,0,0
9275,9571,14,0,14
9275,9572,0,0,0
9275,9573,0,0,0
9275,9574,19,0,19
9275,9575,0,0,0
9275,9576,13,0,13
9275,9577,0,0,0
9275,9661,0,0,0
9275,9662,0,0,0
9275,9663,13,0,13
9275,9671,0,0,0
9275,9672,0,0,0
9275,9673,0,0,0
9275,9674,0,0,0
9275,9675,18,0,18
9275,9676,10,0,10
9275,9677,0,0,0
9275,9678,0,0,0
9275,9679,0,0,0
9275,9761,20,0,20
9275,9762,0,0,0
9275,9763,0,0,0
9275,9764,0,0,0
9275,9771,13,0,13
9275,9772,11,0,11
9275,9773,0,0,0
9275,9774,10,0,10
9275,9775,0,0,0
9275,9776,0,0,0
9275,9777,10,10,0
9275,9778,0,0,0
9275,9779,10,0,10
9275,9780,0,0,0
9275,10041,0,0,0
9275,10042,0,0,0
9275,10043,0,0,0
9275,10044,0,0,0
9275,10045,0,0,0
9275,10046,0,0,0
9275,11000,118,28,90
9275,12051,0,0,0
9275,12052,0,0,0
9275,12053,0,0,0
9275,12054,0,0,0
9275,12060,0,0,0
9275,12061,0,0,0
9275,12062,0,0,0
9275,12063,0,0,0
9275,12064,0,0,0
9275,12065,0,0,0
9275,12066,0,0,0
9275,12067,0,0,0
9275,12068,0,0,0
9275,12069,0,0,0
9275,12070,0,0,0
9275,12071,0,0,0
9275,12072,0,0,0
9275,12073,0,0,0
9275,13003,0,0,0
9275,13004,0,0,0
9275,13071,0,0,0
9275,13072,0,0,0
9275,13073,0,0,0
9275,13074,0,0,0
9275,13075,0,0,0
9275,13076,0,0,0
9275,14511,0,0,0
9275,14521,0,0,0
9275,14522,0,0,0
9275,14523,0,0,0
9275,14524,13,13,0
9275,14612,0,0,0
9275,14625,0,0,0
9275,14626,0,0,0
9275,14627,0,0,0
9275,14628,0,0,0
9275,14713,13,13,0
9275,14729,0,0,0
9275,14730,0,0,0
9275,15001,0,0,0
9275,15002,0,0,0
9275,15003,0,0,0
9275,15081,0,0,0
9275,15082,0,0,0
9275,15083,0,0,0
9275,15084,11,11,0
9275,15085,0,0,0
9275,15086,0,0,0
9275,15087,0,0,0
9275,15088,0,0,0
9275,15089,0,0,0
9275,15090,0,0,0
9275,15091,0,0,0
9275,16051,0,0,0
9275,16052,0,0,0
9275,16053,0,0,0
9275,16054,0,0,0
9275,16055,0,0,0
9275,16056,0,0,0
9275,16061,0,0,0
9275,16062,0,0,0
9275,16063,0,0,0
9275,16064,0,0,0
9275,16065,0,0,0
9275,16066,0,0,0
9275,16067,0,0,0
9275,16068,0,0,0
9275,16069,0,0,0
9275,16070,0,0,0
9275,16071,0,0,0
9275,16072,0,0,0
9275,16073,0,0,0
9275,16074,0,0,0
9275,16075,0,0,0
9275,16076,0,0,0
9275,16077,0,0,0
9276,1001,0,0,0
9276,1002,0,0,0
9276,1003,0,0,0
9276,1004,0,0,0
9276,1051,0,0,0
9276,1053,0,0,0
9276,1054,0,0,0
9276,1055,0,0,0
9276,1056,0,0,0
9276,1057,0,0,0
9276,1058,0,0,0
9276,1059,0,0,0
9276,1060,0,0,0
9276,1061,0,0,0
9276,1062,0,0,0
9276,2000,0,0,0
9276,3101,0,0,0
9276,3102,0,0,0
9276,3103,0,0,0
9276,3151,0,0,0
9276,3153,0,0,0
9276,3154,0,0,0
9276,3155,0,0,0
9276,3157,0,0,0
9276,3158,0,0,0
9276,3159,0,0,0
9276,3241,0,0,0
9276,3251,0,0,0
9276,3252,0,0,0
9276,3254,0,0,0
9276,3255,0,0,0
9276,3256,0,0,0
9276,3257,0,0,0
9276,3351,0,0,0
9276,3352,0,0,0
9276,3353,0,0,0
9276,3354,0,0,0
9276,3355,0,0,0
9276,3356,0,0,0
9276,3357,0,0,0
9276,3358,0,0,0
9276,3359,0,0,0
9276,3360,0,0,0
9276,3361,0,0,0
9276,3401,0,0,0
9276,3402,0,0,0
9276,3403,0,0,0
9276,3404,0,0,0
9276,3405,0,0,0
9276,3451,0,0,0
9276,3452,0,0,0
9276,3453,0,0,0
9276,3454,0,0,0
9276,3455,0,0,0
9276,3456,0,0,0
9276,3457,0,0,0
9276,3458,0,0,0
9276,3459,0,0,0
9276,3460,0,0,0
9276,3461,0,0,0
9276,3462,0,0,0
9276,4011,0,0,0
9276,4012,0,0,0
9276,5111,0,0,0
9276,5112,0,0,0
9276,5113,0,0,0
9276,5114,0,0,0
9276,5116,0,0,0
9276,5117,0,0,0
9276,5119,0,0,0
9276,5120,0,0,0
9276,5122,0,0,0
9276,5124,0,0,0
9276,5154,0,0,0
9276,5158,0,0,0
9276,5162,0,0,0
9276,5166,0,0,0
9276,5170,0,0,0
9276,5314,0,0,0
9276,5315,12,0,12
9276,5316,0,0,0
9276,5334,0,0,0
9276,5358,0,0,0
9276,5362,20,0,20
9276,5366,0,0,0
9276,5370,0,0,0
9276,5374,0,0,0
9276,5378,0,0,0
9276,5382,0,0,0
9276,5512,0,0,0
9276,5513,0,0,0
9276,5515,0,0,0
9276,5554,0,0,0
9276,5558,0,0,0
9276,5562,0,0,0
9276,5566,0,0,0
9276,5570,0,0,0
9276,5711,0,0,0
9276,5754,0,0,0
9276,5758,0,0,0
9276,5762,0,0,0
9276,5766,0,0,0
9276,5770,0,0,0
9276,5774,0,0,0
9276,5911,0,0,0
9276,5913,0,0,0
9276,5914,0,0,0
9276,5915,0,0,0
9276,5916,0,0,0
9276,5954,0,0,0
9276,5958,0,0,0
9276,5962,0,0,0
9276,5966,0,0,0
9276,5970,0,0,0
9276,5974,0,0,0
9276,5978,0,0,0
9276,6411,0,0,0
9276,6412,12,0,12
9276,6413,0,0,0
9276,6414,0,0,0
9276,6431,0,0,0
9276,6432,14,0,14
9276,6433,0,0,0
9276,6434,0,0,0
9276,6435,0,0,0
9276,6436,0,0,0
9276,6437,0,0,0
9276,6438,0,0,0
9276,6439,0,0,0
9276,6440,0,0,0
9276,6531,0,0,0
9276,6532,0,0,0
9276,6533,0,0,0
9276,6534,0,0,0
9276,6535,0,0,0
9276,6611,0,0,0
9276,6631,0,0,0
9276,6632,0,0,0
9276,6633,0,0,0
9276,6634,0,0,0
9276,6635,0,0,0
9276,6636,0,0,0
9276,7111,0,0,0
9276,7131,0,0,0
9276,7132,0,0,0
9276,7133,0,0,0
9276,7134,0,0,0
9276,7135,0,0,0
9276,7137,0,0,0
9276,7138,0,0,0
9276,7140,0,0,0
9276,7141,0,0,0
9276,7143,0,0,0
9276,7211,0,0,0
9276,7231,0,0,0
9276,7232,0,0,0
9276,7233,0,0,0
9276,7235,0,0,0
9276,7311,0,0,0
9276,7312,0,0,0
9276,7313,0,0,0
9276,7314,0,0,0
9276,7315,0,0,0
9276,7316,0,0,0
9276,7317,0,0,0
9276,7318,0,0,0
9276,7319,0,0,0
9276,7320,0,0,0
9276,7331,0,0,0
9276,7332,0,0,0
9276,7333,0,0,0
9276,7334,0,0,0
9276,7335,0,0,0
9276,7336,0,0,0
9276,7337,0,0,0
9276,7338,0,0,0
9276,7339,0,0,0
9276,7340,0,0,0
9276,8111,0,0,0
9276,8115,0,0,0
9276,8116,0,0,0
9276,8117,0,0,0
9276,8118,0,0,0
9276,8119,0,0,0
9276,8121,0,0,0
9276,8125,0,0,0
9276,8126,0,0,0
9276,8127,0,0,0
9276,8128,0,0,0
9276,8135,0,0,0
9276,8136,0,0,0
9276,8211,0,0,0
9276,8212,0,0,0
9276,8215,0,0,0
9276,8216,0,0,0
9276,8221,0,0,0
9276,8222,0,0,0
9276,8225,0,0,0
9276,8226,0,0,0
9276,8231,0,0,0
9276,8235,28,0,28
9276,8236,0,0,0
9276,8237,0,0,0
9276,8311,0,0,0
9276,8315,0,0,0
9276,8316,0,0,0
9276,8317,0,0,0
9276,8325,0,0,0
9276,8326,0,0,0
9276,8327,0,0,0
9276,8335,0,0,0
9276,8336,0,0,0
9276,8337,0,0,0
9276,8415,0,0,0
9276,8416,0,0,0
9276,8417,0,0,0
9276,8421,0,0,0
9276,8425,0,0,0
9276,8426,0,0,0
9276,8435,0,0,0
9276,8436,0,0,0
9276,8437,0,0,0
9276,9161,14,0,14
9276,9162,384,39,345
9276,9163,0,0,0
9276,9171,16,0,16
9276,9172,0,0,0
9276,9173,12,0,12
9276,9174,0,0,0
9276,9175,40,0,40
9276,9176,13,0,13
9276,9177,14,0,14
9276,9178,44,0,44
9276,9179,18,0,18
9276,9180,0,0,0
9276,9181,0,0,0
9276,9182,0,0,0
9276,9183,17,0,17
9276,9184,103,11,92
9276,9185,17,0,17
9276,9186,13,0,13
9276,9187,0,0,0
9276,9188,11,0,11
9276,9189,30,0,30
9276,9190,0,0,0
9276,9261,111,0,111
9276,9262,280,25,255
9276,9263,293,83,210
9276,9271,4698,1192,3506
9276,9272,1546,959,587
9276,9273,31,10,21
9276,9274,127,21,106
9276,9275,293,132,161
9276,9276,0,0,0
9276,9277,65,16,49
9276,9278,1054,516,538
9276,9279,771,52,719
9276,9361,0,0,0
9276,9362,349,31,318
9276,9363,25,12,13
9276,9371,0,0,0
9276,9372,2460,1197,1263
9276,9373,26,14,12
9276,9374,52,28,24
9276,9375,94,33,61
9276,9376,71,35,36
9276,9377,0,0,0
9276,9461,0,0,0
9276,9462,0,0,0
9276,9463,0,0,0
9276,9464,0,0,0
9276,9471,0,0,0
9276,9472,0,0,0
9276,9473,0,0,0
9276,9474,0,0,0
9276,9475,0,0,0
9276,9476,0,0,0
9276,9477,0,0,0
9276,9478,0,0,0
9276,9479,0,0,0
9276,9561,0,0,0
9276,9562,0,0,0
9276,9563,0,0,0
9276,9564,30,0,30
9276,9565,0,0,0
9276,9571,0,0,0
9276,9572,0,0,0
9276,9573,0,0,0
9276,9574,0,0,0
9276,9575,0,0,0
9276,9576,0,0,0
9276,9577,0,0,0
9276,9661,0,0,0
9276,9662,0,0,0
9276,9663,0,0,0
9276,9671,0,0,0
9276,9672,0,0,0
9276,9673,0,0,0
9276,9674,0,0,0
9276,9675,0,0,0
9276,9676,0,0,0
9276,9677,0,0,0
9276,9678,0,0,0
9276,9679,0,0,0
9276,9761,0,0,0
9276,9762,0,0,0
9276,9763,0,0,0
9276,9764,0,0,0
9276,9771,0,0,0
9276,9772,0,0,0
9276,9773,0,0,0
9276,9774,0,0,0
9276,9775,0,0,0
9276,9776,0,0,0
9276,9777,0,0,0
9276,9778,0,0,0
9276,9779,0,0,0
9276,9780,0,0,0
9276,10041,0,0,0
9276,10042,0,0,0
9276,10043,0,0,0
9276,10044,0,0,0
9276,10045,0,0,0
9276,10046,0,0,0
9276,11000,37,12,25
9276,12051,0,0,0
9276,12052,0,0,0
9276,12053,0,0,0
9276,12054,0,0,0
9276,12060,0,0,0
9276,12061,0,0,0
9276,12062,0,0,0
9276,12063,0,0,0
9276,12064,0,0,0
9276,12065,0,0,0
9276,12066,0,0,0
9276,12067,0,0,0
9276,12068,0,0,0
9276,12069,0,0,0
9276,12070,0,0,0
9276,12071,0,0,0
9276,12072,0,0,0
9276,12073,0,0,0
9276,13003,0,0,0
9276,13004,0,0,0
9276,13071,0,0,0
9276,13072,0,0,0
9276,13073,0,0,0
9276,13074,0,0,0
9276,13075,0,0,0
9276,13076,0,0,0
9276,14511,0,0,0
9276,14521,11,11,0
9276,14522,0,0,0
9276,14523,141,141,0
9276,14524,39,39,0
9276,14612,0,0,0
9276,14625,0,0,0
9276,14626,13,13,0
9276,14627,0,0,0
9276,14628,0,0,0
9276,14713,0,0,0
9276,14729,0,0,0
9276,14730,0,0,0
9276,15001,0,0,0
9276,15002,0,0,0
9276,15003,0,0,0
9276,15081,0,0,0
9276,15082,0,0,0
9276,15083,0,0,0
9276,15084,0,0,0
9276,15085,0,0,0
9276,15086,0,0,0
9276,15087,0,0,0
9276,15088,0,0,0
9276,15089,0,0,0
9276,15090,0,0,0
9276,15091,0,0,0
9276,16051,0,0,0
9276,16052,0,0,0
9276,16053,0,0,0
9276,16054,0,0,0
9276,16055,0,0,0
9276,16056,0,0,0
9276,16061,0,0,0
9276,16062,0,0,0
9276,16063,0,0,0
9276,16064,0,0,0
9276,16065,0,0,0
9276,16066,0,0,0
9276,16067,0,0,0
9276,16068,0,0,0
9276,16069,0,0,0
9276,16070,0,0,0
9276,16071,0,0,0
9276,16072,0,0,0
9276,16073,0,0,0
9276,16074,0,0,0
9276,16075,0,0,0
9276,16076,17,17,0
9276,16077,0,0,0
9277,1001,0,0,0
9277,1002,0,0,0
9277,1003,0,0,0
9277,1004,0,0,0
9277,1051,0,0,0
9277,1053,13,0,13
9277,1054,0,0,0
9277,1055,0,0,0
9277,1056,0,0,0
9277,1057,0,0,0
9277,1058,0,0,0
9277,1059,0,0,0
9277,1060,0,0,0
9277,1061,0,0,0
9277,1062,0,0,0
9277,2000,42,18,24
9277,3101,0,0,0
9277,3102,0,0,0
9277,3103,0,0,0
9277,3151,0,0,0
9277,3153,0,0,0
9277,3154,0,0,0
9277,3155,0,0,0
9277,3157,0,0,0
9277,3158,0,0,0
9277,3159,0,0,0
9277,3241,0,0,0
9277,3251,0,0,0
9277,3252,0,0,0
9277,3254,0,0,0
9277,3255,0,0,0
9277,3256,0,0,0
9277,3257,0,0,0
9277,3351,0,0,0
9277,3352,0,0,0
9277,3353,0,0,0
9277,3354,0,0,0
9277,3355,0,0,0
9277,3356,0,0,0
9277,3357,0,0,0
9277,3358,0,0,0
9277,3359,0,0,0
9277,3360,0,0,0
9277,3361,0,0,0
9277,3401,0,0,0
9277,3402,0,0,0
9277,3403,0,0,0
9277,3404,0,0,0
9277,3405,0,0,0
9277,3451,0,0,0
9277,3452,0,0,0
9277,3453,0,0,0
9277,3454,0,0,0
9277,3455,0,0,0
9277,3456,0,0,0
9277,3457,0,0,0
9277,3458,0,0,0
9277,3459,0,0,0
9277,3460,0,0,0
9277,3461,0,0,0
9277,3462,0,0,0
9277,4011,10,0,10
9277,4012,0,0,0
9277,5111,20,0,20
9277,5112,11,0,11
9277,5113,0,0,0
9277,5114,0,0,0
9277,5116,0,0,0
9277,5117,0,0,0
9277,5119,0,0,0
9277,5120,0,0,0
9277,5122,0,0,0
9277,5124,0,0,0
9277,5154,0,0,0
9277,5158,0,0,0
9277,5162,10,10,0
9277,5166,0,0,0
9277,5170,0,0,0
9277,5314,0,0,0
9277,5315,20,0,20
9277,5316,0,0,0
9277,5334,0,0,0
9277,5358,0,0,0
9277,5362,0,0,0
9277,5366,0,0,0
9277,5370,0,0,0
9277,5374,0,0,0
9277,5378,0,0,0
9277,5382,10,0,10
9277,5512,0,0,0
9277,5513,0,0,0
9277,5515,0,0,0
9277,5554,0,0,0
9277,5558,0,0,0
9277,5562,0,0,0
9277,5566,0,0,0
9277,5570,0,0,0
9277,5711,0,0,0
9277,5754,0,0,0
9277,5758,0,0,0
9277,5762,0,0,0
9277,5766,0,0,0
9277,5770,0,0,0
9277,5774,0,0,0
9277,5911,0,0,0
9277,5913,0,0,0
9277,5914,0,0,0
9277,5915,0,0,0
9277,5916,0,0,0
9277,5954,0,0,0
9277,5958,0,0,0
9277,5962,0,0,0
9277,5966,0,0,0
9277,5970,0,0,0
9277,5974,0,0,0
9277,5978,0,0,0
9277,6411,0,0,0
9277,6412,37,11,26
9277,6413,0,0,0
9277,6414,0,0,0
9277,6431,10,10,0
9277,6432,21,0,21
9277,6433,0,0,0
9277,6434,0,0,0
9277,6435,20,20,0
9277,6436,0,0,0
9277,6437,0,0,0
9277,6438,16,16,0
9277,6439,0,0,0
9277,6440,0,0,0
9277,6531,0,0,0
9277,6532,0,0,0
9277,6533,0,0,0
9277,6534,0,0,0
9277,6535,0,0,0
9277,6611,0,0,0
9277,6631,0,0,0
9277,6632,0,0,0
9277,6633,0,0,0
9277,6634,0,0,0
9277,6635,0,0,0
9277,6636,0,0,0
9277,7111,0,0,0
9277,7131,0,0,0
9277,7132,0,0,0
9277,7133,0,0,0
9277,7134,0,0,0
9277,7135,0,0,0
9277,7137,0,0,0
9277,7138,0,0,0
9277,7140,0,0,0
9277,7141,0,0,0
9277,7143,0,0,0
9277,7211,0,0,0
9277,7231,0,0,0
9277,7232,0,0,0
9277,7233,0,0,0
9277,7235,0,0,0
9277,7311,0,0,0
9277,7312,0,0,0
9277,7313,0,0,0
9277,7314,0,0,0
9277,7315,0,0,0
9277,7316,0,0,0
9277,7317,0,0,0
9277,7318,0,0,0
9277,7319,0,0,0
9277,7320,0,0,0
9277,7331,0,0,0
9277,7332,0,0,0
9277,7333,0,0,0
9277,7334,0,0,0
9277,7335,0,0,0
9277,7336,0,0,0
9277,7337,0,0,0
9277,7338,0,0,0
9277,7339,0,0,0
9277,7340,0,0,0
9277,8111,19,0,19
9277,8115,0,0,0
9277,8116,11,0,11
9277,8117,0,0,0
9277,8118,0,0,0
9277,8119,0,0,0
9277,8121,0,0,0
9277,8125,14,14,0
9277,8126,18,0,18
9277,8127,0,0,0
9277,8128,0,0,0
9277,8135,0,0,0
9277,8136,13,0,13
9277,8211,0,0,0
9277,8212,0,0,0
9277,8215,0,0,0
9277,8216,0,0,0
9277,8221,0,0,0
9277,8222,0,0,0
9277,8225,0,0,0
9277,8226,33,17,16
9277,8231,0,0,0
9277,8235,0,0,0
9277,8236,0,0,0
9277,8237,0,0,0
9277,8311,0,0,0
9277,8315,0,0,0
9277,8316,0,0,0
9277,8317,0,0,0
9277,8325,0,0,0
9277,8326,0,0,0
9277,8327,0,0,0
9277,8335,12,12,0
9277,8336,0,0,0
9277,8337,0,0,0
9277,8415,0,0,0
9277,8416,0,0,0
9277,8417,0,0,0
9277,8421,0,0,0
9277,8425,0,0,0
9277,8426,0,0,0
9277,8435,0,0,0
9277,8436,0,0,0
9277,8437,0,0,0
9277,9161,38,0,38
9277,9162,1143,194,949
9277,9163,44,13,31
9277,9171,7604,1463,6141
9277,9172,45,17,28
9277,9173,14,0,14
9277,9174,26,0,26
9277,9175,58,25,33
9277,9176,14,0,14
9277,9177,120,38,82
9277,9178,140,35,105
9277,9179,42,17,25
9277,9180,0,0,0
9277,9181,24,11,13
9277,9182,0,0,0
9277,9183,1665,714,951
9277,9184,339,42,297
9277,9185,30,0,30
9277,9186,17,0,17
9277,9187,121,60,61
9277,9188,35,11,24
9277,9189,228,55,173
9277,9190,0,0,0
9277,9261,368,57,311
9277,9262,732,137,595
9277,9263,120,40,80
9277,9271,890,487,403
9277,9272,110,78,32
9277,9273,40,15,25
9277,9274,1147,322,825
9277,9275,4780,2306,2474
9277,9276,65,49,16
9277,9277,0,0,0
9277,9278,160,84,76
9277,9279,4785,1529,3256
9277,9361,0,0,0
9277,9362,194,40,154
9277,9363,0,0,0
9277,9371,0,0,0
9277,9372,94,69,25
9277,9373,0,0,0
9277,9374,0,0,0
9277,9375,76,42,34
9277,9376,48,16,32
9277,9377,10,10,0
9277,9461,0,0,0
9277,9462,0,0,0
9277,9463,0,0,0
9277,9464,0,0,0
9277,9471,0,0,0
9277,9472,0,0,0
9277,9473,0,0,0
9277,9474,11,11,0
9277,9475,0,0,0
9277,9476,0,0,0
9277,9477,0,0,0
9277,9478,0,0,0
9277,9479,0,0,0
9277,9561,0,0,0
9277,9562,0,0,0
9277,9563,0,0,0
9277,9564,58,16,42
9277,9565,0,0,0
9277,9571,0,0,0
9277,9572,0,0,0
9277,9573,0,0,0
9277,9574,12,0,12
9277,9575,0,0,0
9277,9576,0,0,0
9277,9577,0,0,0
9277,9661,0,0,0
9277,9662,0,0,0
9277,9663,0,0,0
9277,9671,0,0,0
9277,9672,0,0,0
9277,9673,0,0,0
9277,9674,0,0,0
9277,9675,0,0,0
9277,9676,0,0,0
9277,9677,0,0,0
9277,9678,0,0,0
9277,9679,0,0,0
9277,9761,37,17,20
9277,9762,0,0,0
9277,9763,0,0,0
9277,9764,0,0,0
9277,9771,0,0,0
9277,9772,10,10,0
9277,9773,0,0,0
9277,9774,0,0,0
9277,9775,0,0,0
9277,9776,0,0,0
9277,9777,0,0,0
9277,9778,0,0,0
9277,9779,0,0,0
9277,9780,0,0,0
9277,10041,0,0,0
9277,10042,0,0,0
9277,10043,0,0,0
9277,10044,0,0,0
9277,10045,0,0,0
9277,10046,0,0,0
9277,11000,649,44,605
9277,12051,0,0,0
9277,12052,0,0,0
9277,12053,0,0,0
9277,12054,0,0,0
9277,12060,0,0,0
9277,12061,0,0,0
9277,12062,0,0,0
9277,12063,0,0,0
9277,12064,0,0,0
9277,12065,0,0,0
9277,12066,0,0,0
9277,12067,0,0,0
9277,12068,0,0,0
9277,12069,0,0,0
9277,12070,0,0,0
9277,12071,0,0,0
9277,12072,0,0,0
9277,12073,0,0,0
9277,13003,0,0,0
9277,13004,0,0,0
9277,13071,0,0,0
9277,13072,0,0,0
9277,13073,0,0,0
9277,13074,0,0,0
9277,13075,0,0,0
9277,13076,0,0,0
9277,14511,0,0,0
9277,14521,19,19,0
9277,14522,0,0,0
9277,14523,10,10,0
9277,14524,10,10,0
9277,14612,0,0,0
9277,14625,0,0,0
9277,14626,0,0,0
9277,14627,0,0,0
9277,14628,0,0,0
9277,14713,16,16,0
9277,14729,0,0,0
9277,14730,0,0,0
9277,15001,0,0,0
9277,15002,0,0,0
9277,15003,0,0,0
9277,15081,0,0,0
9277,15082,0,0,0
9277,15083,0,0,0
9277,15084,0,0,0
9277,15085,0,0,0
9277,15086,0,0,0
9277,15087,0,0,0
9277,15088,0,0,0
9277,15089,0,0,0
9277,15090,0,0,0
9277,15091,0,0,0
9277,16051,0,0,0
9277,16052,0,0,0
9277,16053,0,0,0
9277,16054,0,0,0
9277,16055,0,0,0
9277,16056,0,0,0
9277,16061,0,0,0
9277,16062,0,0,0
9277,16063,0,0,0
9277,16064,11,11,0
9277,16065,0,0,0
9277,16066,0,0,0
9277,16067,0,0,0
9277,16068,0,0,0
9277,16069,0,0,0
9277,16070,0,0,0
9277,16071,0,0,0
9277,16072,0,0,0
9277,16073,0,0,0
9277,16074,0,0,0
9277,16075,0,0,0
9277,16076,0,0,0
9277,16077,0,0,0
9278,1001,0,0,0
9278,1002,0,0,0
9278,1003,10,0,10
9278,1004,0,0,0
9278,1051,0,0,0
9278,1053,0,0,0
9278,1054,0,0,0
9278,1055,0,0,0
9278,1056,0,0,0
9278,1057,0,0,0
9278,1058,0,0,0
9278,1059,0,0,0
9278,1060,0,0,0
9278,1061,0,0,0
9278,1062,0,0,0
9278,2000,35,0,35
9278,3101,0,0,0
9278,3102,0,0,0
9278,3103,24,0,24
9278,3151,0,0,0
9278,3153,0,0,0
9278,3154,0,0,0
9278,3155,0,0,0
9278,3157,0,0,0
9278,3158,0,0,0
9278,3159,0,0,0
9278,3241,20,0,20
9278,3251,0,0,0
9278,3252,0,0,0
9278,3254,0,0,0
9278,3255,0,0,0
9278,3256,0,0,0
9278,3257,0,0,0
9278,3351,0,0,0
9278,3352,0,0,0
9278,3353,0,0,0
9278,3354,0,0,0
9278,3355,0,0,0
9278,3356,0,0,0
9278,3357,0,0,0
9278,3358,0,0,0
9278,3359,0,0,0
9278,3360,0,0,0
9278,3361,0,0,0
9278,3401,0,0,0
9278,3402,0,0,0
9278,3403,0,0,0
9278,3404,0,0,0
9278,3405,0,0,0
9278,3451,0,0,0
9278,3452,0,0,0
9278,3453,0,0,0
9278,3454,0,0,0
9278,3455,0,0,0
9278,3456,0,0,0
9278,3457,0,0,0
9278,3458,0,0,0
9278,3459,0,0,0
9278,3460,0,0,0
9278,3461,0,0,0
9278,3462,0,0,0
9278,4011,0,0,0
9278,4012,0,0,0
9278,5111,27,0,27
9278,5112,0,0,0
9278,5113,12,0,12
9278,5114,0,0,0
9278,5116,0,0,0
9278,5117,0,0,0
9278,5119,0,0,0
9278,5120,0,0,0
9278,5122,0,0,0
9278,5124,0,0,0
9278,5154,0,0,0
9278,5158,12,0,12
9278,5162,10,0,10
9278,5166,0,0,0
9278,5170,0,0,0
9278,5314,0,0,0
9278,5315,17,0,17
9278,5316,0,0,0
9278,5334,17,0,17
9278,5358,0,0,0
9278,5362,0,0,0
9278,5366,0,0,0
9278,5370,0,0,0
9278,5374,12,0,12
9278,5378,0,0,0
9278,5382,0,0,0
9278,5512,0,0,0
9278,5513,0,0,0
9278,5515,0,0,0
9278,5554,0,0,0
9278,5558,0,0,0
9278,5562,0,0,0
9278,5566,0,0,0
9278,5570,0,0,0
9278,5711,0,0,0
9278,5754,0,0,0
9278,5758,0,0,0
9278,5762,0,0,0
9278,5766,0,0,0
9278,5770,0,0,0
9278,5774,0,0,0
9278,5911,0,0,0
9278,5913,0,0,0
9278,5914,0,0,0
9278,5915,0,0,0
9278,5916,0,0,0
9278,5954,0,0,0
9278,5958,0,0,0
9278,5962,0,0,0
9278,5966,0,0,0
9278,5970,0,0,0
9278,5974,51,0,51
9278,5978,0,0,0
9278,6411,0,0,0
9278,6412,35,0,35
9278,6413,0,0,0
9278,6414,0,0,0
9278,6431,0,0,0
9278,6432,0,0,0
9278,6433,0,0,0
9278,6434,12,0,12
9278,6435,11,0,11
9278,6436,0,0,0
9278,6437,0,0,0
9278,6438,0,0,0
9278,6439,0,0,0
9278,6440,0,0,0
9278,6531,0,0,0
9278,6532,0,0,0
9278,6533,0,0,0
9278,6534,0,0,0
9278,6535,0,0,0
9278,6611,0,0,0
9278,6631,0,0,0
9278,6632,0,0,0
9278,6633,0,0,0
9278,6634,0,0,0
9278,6635,0,0,0
9278,6636,0,0,0
9278,7111,0,0,0
9278,7131,0,0,0
9278,7132,0,0,0
9278,7133,0,0,0
9278,7134,0,0,0
9278,7135,0,0,0
9278,7137,0,0,0
9278,7138,0,0,0
9278,7140,0,0,0
9278,7141,0,0,0
9278,7143,0,0,0
9278,7211,0,0,0
9278,7231,0,0,0
9278,7232,0,0,0
9278,7233,0,0,0
9278,7235,0,0,0
9278,7311,0,0,0
9278,7312,0,0,0
9278,7313,0,0,0
9278,7314,0,0,0
9278,7315,0,0,0
9278,7316,0,0,0
9278,7317,0,0,0
9278,7318,0,0,0
9278,7319,0,0,0
9278,7320,0,0,0
9278,7331,0,0,0
9278,7332,0,0,0
9278,7333,0,0,0
9278,7334,0,0,0
9278,7335,0,0,0
9278,7336,0,0,0
9278,7337,0,0,0
9278,7338,0,0,0
9278,7339,0,0,0
9278,7340,0,0,0
9278,8111,32,0,32
9278,8115,12,0,12
9278,8116,0,0,0
9278,8117,0,0,0
9278,8118,10,0,10
9278,8119,10,0,10
9278,8121,0,0,0
9278,8125,0,0,0
9278,8126,16,0,16
9278,8127,0,0,0
9278,8128,0,0,0
9278,8135,0,0,0
9278,8136,0,0,0
9278,8211,0,0,0
9278,8212,22,22,0
9278,8215,12,12,0
9278,8216,0,0,0
9278,8221,0,0,0
9278,8222,0,0,0
9278,8225,0,0,0
9278,8226,0,0,0
9278,8231,0,0,0
9278,8235,0,0,0
9278,8236,0,0,0
9278,8237,0,0,0
9278,8311,0,0,0
9278,8315,0,0,0
9278,8316,0,0,0
9278,8317,0,0,0
9278,8325,10,0,10
9278,8326,0,0,0
9278,8327,0,0,0
9278,8335,0,0,0
9278,8336,0,0,0
9278,8337,0,0,0
9278,8415,0,0,0
9278,8416,0,0,0
9278,8417,0,0,0
9278,8421,0,0,0
9278,8425,0,0,0
9278,8426,0,0,0
9278,8435,0,0,0
9278,8436,0,0,0
9278,8437,0,0,0
9278,9161,40,0,40
9278,9162,709,71,638
9278,9163,0,0,0
9278,9171,42,11,31
9278,9172,0,0,0
9278,9173,12,0,12
9278,9174,43,11,32
9278,9175,44,0,44
9278,9176,40,0,40
9278,9177,51,18,33
9278,9178,197,34,163
9278,9179,22,0,22
9278,9180,0,0,0
9278,9181,12,0,12
9278,9182,0,0,0
9278,9183,37,11,26
9278,9184,251,22,229
9278,9185,21,0,21
9278,9186,32,0,32
9278,9187,19,0,19
9278,9188,16,0,16
9278,9189,35,12,23
9278,9190,0,0,0
9278,9261,488,64,424
9278,9262,103,18,85
9278,9263,15248,3057,12191
9278,9271,3297,1505,1792
9278,9272,101,69,32
9278,9273,337,146,191
9278,9274,1450,642,808
9278,9275,209,118,91
9278,9276,1054,538,516
9278,9277,160,76,84
9278,9278,0,0,0
9278,9279,3460,828,2632
9278,9361,0,0,0
9278,9362,2955,226,2729
9278,9363,23,10,13
9278,9371,22,12,10
9278,9372,1870,889,981
9278,9373,45,20,25
9278,9374,18,18,0
9278,9375,2432,847,1585
9278,9376,165,76,89
9278,9377,11,11,0
9278,9461,16,16,0
9278,9462,0,0,0
9278,9463,0,0,0
9278,9464,0,0,0
9278,9471,0,0,0
9278,9472,0,0,0
9278,9473,0,0,0
9278,9474,0,0,0
9278,9475,0,0,0
9278,9476,0,0,0
9278,9477,0,0,0
9278,9478,0,0,0
9278,9479,18,18,0
9278,9561,0,0,0
9278,9562,23,0,23
9278,9563,0,0,0
9278,9564,125,13,112
9278,9565,0,0,0
9278,9571,0,0,0
9278,9572,0,0,0
9278,9573,0,0,0
9278,9574,12,0,12
9278,9575,0,0,0
9278,9576,0,0,0
9278,9577,0,0,0
9278,9661,0,0,0
9278,9662,0,0,0
9278,9663,0,0,0
9278,9671,0,0,0
9278,9672,0,0,0
9278,9673,0,0,0
9278,9674,0,0,0
9278,9675,0,0,0
9278,9676,0,0,0
9278,9677,0,0,0
9278,9678,0,0,0
9278,9679,14,0,14
9278,9761,26,0,26
9278,9762,0,0,0
9278,9763,0,0,0
9278,9764,0,0,0
9278,9771,0,0,0
9278,9772,12,0,12
9278,9773,0,0,0
9278,9774,0,0,0
9278,9775,0,0,0
9278,9776,0,0,0
9278,9777,0,0,0
9278,9778,0,0,0
9278,9779,0,0,0
9278,9780,0,0,0
9278,10041,36,36,0
9278,10042,0,0,0
9278,10043,0,0,0
9278,10044,0,0,0
9278,10045,15,15,0
9278,10046,0,0,0
9278,11000,37,0,37
9278,12051,0,0,0
9278,12052,0,0,0
9278,12053,0,0,0
9278,12054,0,0,0
9278,12060,0,0,0
9278,12061,0,0,0
9278,12062,0,0,0
9278,12063,0,0,0
9278,12064,0,0,0
9278,12065,0,0,0
9278,12066,0,0,0
9278,12067,0,0,0
9278,12068,0,0,0
9278,12069,0,0,0
9278,12070,0,0,0
9278,12071,0,0,0
9278,12072,0,0,0
9278,12073,0,0,0
9278,13003,0,0,0
9278,13004,0,0,0
9278,13071,0,0,0
9278,13072,0,0,0
9278,13073,0,0,0
9278,13074,0,0,0
9278,13075,0,0,0
9278,13076,0,0,0
9278,14511,0,0,0
9278,14521,21,21,0
9278,14522,0,0,0
9278,14523,0,0,0
9278,14524,18,18,0
9278,14612,0,0,0
9278,14625,0,0,0
9278,14626,0,0,0
9278,14627,0,0,0
9278,14628,0,0,0
9278,14713,20,20,0
9278,14729,13,0,13
9278,14730,0,0,0
9278,15001,0,0,0
9278,15002,0,0,0
9278,15003,0,0,0
9278,15081,0,0,0
9278,15082,25,25,0
9278,15083,0,0,0
9278,15084,0,0,0
9278,15085,0,0,0
9278,15086,0,0,0
9278,15087,0,0,0
9278,15088,12,12,0
9278,15089,0,0,0
9278,15090,0,0,0
9278,15091,0,0,0
9278,16051,0,0,0
9278,16052,0,0,0
9278,16053,0,0,0
9278,16054,0,0,0
9278,16055,0,0,0
9278,16056,0,0,0
9278,16061,0,0,0
9278,16062,0,0,0
9278,16063,0,0,0
9278,16064,0,0,0
9278,16065,0,0,0
9278,16066,0,0,0
9278,16067,0,0,0
9278,16068,0,0,0
9278,16069,0,0,0
9278,16070,0,0,0
9278,16071,0,0,0
9278,16072,0,0,0
9278,16073,0,0,0
9278,16074,0,0,0
9278,16075,0,0,0
9278,16076,0,0,0
9278,16077,0,0,0
9279,1001,0,0,0
9279,1002,0,0,0
9279,1003,0,0,0
9279,1004,0,0,0
9279,1051,0,0,0
9279,1053,0,0,0
9279,1054,0,0,0
9279,1055,0,0,0
9279,1056,0,0,0
9279,1057,0,0,0
9279,1058,0,0,0
9279,1059,0,0,0
9279,1060,0,0,0
9279,1061,0,0,0
9279,1062,0,0,0
9279,2000,18,0,18
9279,3101,0,0,0
9279,3102,0,0,0
9279,3103,258,0,258
9279,3151,0,0,0
9279,3153,0,0,0
9279,3154,0,0,0
9279,3155,0,0,0
9279,3157,0,0,0
9279,3158,0,0,0
9279,3159,0,0,0
9279,3241,0,0,0
9279,3251,0,0,0
9279,3252,0,0,0
9279,3254,0,0,0
9279,3255,0,0,0
9279,3256,0,0,0
9279,3257,0,0,0
9279,3351,0,0,0
9279,3352,0,0,0
9279,3353,0,0,0
9279,3354,0,0,0
9279,3355,0,0,0
9279,3356,0,0,0
9279,3357,0,0,0
9279,3358,0,0,0
9279,3359,0,0,0
9279,3360,0,0,0
9279,3361,0,0,0
9279,3401,0,0,0
9279,3402,0,0,0
9279,3403,0,0,0
9279,3404,0,0,0
9279,3405,0,0,0
9279,3451,0,0,0
9279,3452,0,0,0
9279,3453,0,0,0
9279,3454,0,0,0
9279,3455,0,0,0
9279,3456,0,0,0
9279,3457,0,0,0
9279,3458,0,0,0
9279,3459,0,0,0
9279,3460,0,0,0
9279,3461,0,0,0
9279,3462,0,0,0
9279,4011,0,0,0
9279,4012,0,0,0
9279,5111,14,0,14
9279,5112,0,0,0
9279,5113,17,0,17
9279,5114,0,0,0
9279,5116,0,0,0
9279,5117,0,0,0
9279,5119,0,0,0
9279,5120,0,0,0
9279,5122,0,0,0
9279,5124,0,0,0
9279,5154,0,0,0
9279,5158,0,0,0
9279,5162,0,0,0
9279,5166,0,0,0
9279,5170,0,0,0
9279,5314,0,0,0
9279,5315,19,0,19
9279,5316,0,0,0
9279,5334,0,0,0
9279,5358,0,0,0
9279,5362,10,0,10
9279,5366,0,0,0
9279,5370,0,0,0
9279,5374,0,0,0
9279,5378,0,0,0
9279,5382,0,0,0
9279,5512,0,0,0
9279,5513,0,0,0
9279,5515,0,0,0
9279,5554,0,0,0
9279,5558,0,0,0
9279,5562,0,0,0
9279,5566,0,0,0
9279,5570,0,0,0
9279,5711,0,0,0
9279,5754,10,10,0
9279,5758,0,0,0
9279,5762,0,0,0
9279,5766,0,0,0
9279,5770,0,0,0
9279,5774,0,0,0
9279,5911,0,0,0
9279,5913,0,0,0
9279,5914,0,0,0
9279,5915,0,0,0
9279,5916,0,0,0
9279,5954,0,0,0
9279,5958,0,0,0
9279,5962,0,0,0
9279,5966,0,0,0
9279,5970,0,0,0
9279,5974,0,0,0
9279,5978,0,0,0
9279,6411,0,0,0
9279,6412,33,10,23
9279,6413,0,0,0
9279,6414,0,0,0
9279,6431,0,0,0
9279,6432,10,0,10
9279,6433,0,0,0
9279,6434,0,0,0
9279,6435,0,0,0
9279,6436,0,0,0
9279,6437,0,0,0
9279,6438,0,0,0
9279,6439,0,0,0
9279,6440,0,0,0
9279,6531,12,0,12
9279,6532,0,0,0
9279,6533,0,0,0
9279,6534,0,0,0
9279,6535,0,0,0
9279,6611,0,0,0
9279,6631,20,0,20
9279,6632,0,0,0
9279,6633,0,0,0
9279,6634,0,0,0
9279,6635,0,0,0
9279,6636,0,0,0
9279,7111,0,0,0
9279,7131,0,0,0
9279,7132,0,0,0
9279,7133,0,0,0
9279,7134,0,0,0
9279,7135,0,0,0
9279,7137,0,0,0
9279,7138,0,0,0
9279,7140,0,0,0
9279,7141,0,0,0
9279,7143,0,0,0
9279,7211,0,0,0
9279,7231,0,0,0
9279,7232,0,0,0
9279,7233,0,0,0
9279,7235,0,0,0
9279,7311,0,0,0
9279,7312,0,0,0
9279,7313,0,0,0
9279,7314,0,0,0
9279,7315,0,0,0
9279,7316,0,0,0
9279,7317,0,0,0
9279,7318,0,0,0
9279,7319,0,0,0
9279,7320,0,0,0
9279,7331,0,0,0
9279,7332,0,0,0
9279,7333,0,0,0
9279,7334,0,0,0
9279,7335,0,0,0
9279,7336,0,0,0
9279,7337,0,0,0
9279,7338,0,0,0
9279,7339,0,0,0
9279,7340,0,0,0
9279,8111,23,0,23
9279,8115,0,0,0
9279,8116,11,0,11
9279,8117,0,0,0
9279,8118,18,0,18
9279,8119,0,0,0
9279,8121,0,0,0
9279,8125,0,0,0
9279,8126,0,0,0
9279,8127,0,0,0
9279,8128,0,0,0
9279,8135,0,0,0
9279,8136,0,0,0
9279,8211,0,0,0
9279,8212,0,0,0
9279,8215,0,0,0
9279,8216,32,0,32
9279,8221,0,0,0
9279,8222,13,0,13
9279,8225,0,0,0
9279,8226,16,0,16
9279,8231,0,0,0
9279,8235,0,0,0
9279,8236,0,0,0
9279,8237,0,0,0
9279,8311,0,0,0
9279,8315,0,0,0
9279,8316,0,0,0
9279,8317,0,0,0
9279,8325,0,0,0
9279,8326,0,0,0
9279,8327,0,0,0
9279,8335,0,0,0
9279,8336,0,0,0
9279,8337,0,0,0
9279,8415,0,0,0
9279,8416,0,0,0
9279,8417,0,0,0
9279,8421,16,0,16
9279,8425,0,0,0
9279,8426,0,0,0
9279,8435,0,0,0
9279,8436,0,0,0
9279,8437,0,0,0
9279,9161,96,14,82
9279,9162,1569,185,1384
9279,9163,0,0,0
9279,9171,174,101,73
9279,9172,14,14,0
9279,9173,0,0,0
9279,9174,147,29,118
9279,9175,43,15,28
9279,9176,22,0,22
9279,9177,174,57,117
9279,9178,434,149,285
9279,9179,31,12,19
9279,9180,0,0,0
9279,9181,0,0,0
9279,9182,0,0,0
9279,9183,294,225,69
9279,9184,565,31,534
9279,9185,52,0,52
9279,9186,67,46,21
9279,9187,41,21,20
9279,9188,70,0,70
9279,9189,44,26,18
9279,9190,0,0,0
9279,9261,2895,1061,1834
9279,9262,284,144,140
9279,9263,1907,979,928
9279,9271,5166,3536,1630
9279,9272,564,513,51
9279,9273,245,129,116
9279,9274,6593,3682,2911
9279,9275,1595,1452,143
9279,9276,771,719,52
9279,9277,4785,3256,1529
9279,9278,3460,2632,828
9279,9279,0,0,0
9279,9361,0,0,0
9279,9362,458,91,367
9279,9363,0,0,0
9279,9371,0,0,0
9279,9372,214,163,51
9279,9373,10,10,0
9279,9374,0,0,0
9279,9375,328,193,135
9279,9376,70,48,22
9279,9377,0,0,0
9279,9461,0,0,0
9279,9462,0,0,0
9279,9463,0,0,0
9279,9464,0,0,0
9279,9471,0,0,0
9279,9472,0,0,0
9279,9473,0,0,0
9279,9474,0,0,0
9279,9475,0,0,0
9279,9476,0,0,0
9279,9477,0,0,0
9279,9478,0,0,0
9279,9479,0,0,0
9279,9561,0,0,0
9279,9562,0,0,0
9279,9563,0,0,0
9279,9564,140,69,71
9279,9565,0,0,0
9279,9571,0,0,0
9279,9572,0,0,0
9279,9573,0,0,0
9279,9574,0,0,0
9279,9575,0,0,0
9279,9576,0,0,0
9279,9577,0,0,0
9279,9661,0,0,0
9279,9662,0,0,0
9279,9663,0,0,0
9279,9671,0,0,0
9279,9672,0,0,0
9279,9673,0,0,0
9279,9674,0,0,0
9279,9675,0,0,0
9279,9676,0,0,0
9279,9677,0,0,0
9279,9678,0,0,0
9279,9679,0,0,0
9279,9761,39,12,27
9279,9762,0,0,0
9279,9763,0,0,0
9279,9764,0,0,0
9279,9771,14,14,0
9279,9772,15,0,15
9279,9773,0,0,0
9279,9774,0,0,0
9279,9775,10,0,10
9279,9776,0,0,0
9279,9777,0,0,0
9279,9778,0,0,0
9279,9779,0,0,0
9279,9780,0,0,0
9279,10041,15,0,15
9279,10042,0,0,0
9279,10043,0,0,0
9279,10044,0,0,0
9279,10045,0,0,0
9279,10046,0,0,0
9279,11000,72,29,43
9279,12051,0,0,0
9279,12052,0,0,0
9279,12053,0,0,0
9279,12054,0,0,0
9279,12060,0,0,0
9279,12061,0,0,0
9279,12062,0,0,0
9279,12063,0,0,0
9279,12064,0,0,0
9279,12065,0,0,0
9279,12066,0,0,0
9279,12067,0,0,0
9279,12068,0,0,0
9279,12069,0,0,0
9279,12070,0,0,0
9279,12071,0,0,0
9279,12072,0,0,0
9279,12073,0,0,0
9279,13003,0,0,0
9279,13004,0,0,0
9279,13071,0,0,0
9279,13072,0,0,0
9279,13073,0,0,0
9279,13074,0,0,0
9279,13075,0,0,0
9279,13076,0,0,0
9279,14511,0,0,0
9279,14521,24,24,0
9279,14522,0,0,0
9279,14523,0,0,0
9279,14524,0,0,0
9279,14612,0,0,0
9279,14625,0,0,0
9279,14626,0,0,0
9279,14627,0,0,0
9279,14628,0,0,0
9279,14713,15,15,0
9279,14729,0,0,0
9279,14730,0,0,0
9279,15001,0,0,0
9279,15002,0,0,0
9279,15003,0,0,0
9279,15081,0,0,0
9279,15082,0,0,0
9279,15083,0,0,0
9279,15084,0,0,0
9279,15085,0,0,0
9279,15086,0,0,0
9279,15087,0,0,0
9279,15088,0,0,0
9279,15089,0,0,0
9279,15090,0,0,0
9279,15091,0,0,0
9279,16051,0,0,0
9279,16052,0,0,0
9279,16053,0,0,0
9279,16054,0,0,0
9279,16055,0,0,0
9279,16056,0,0,0
9279,16061,0,0,0
9279,16062,0,0,0
9279,16063,0,0,0
9279,16064,0,0,0
9279,16065,0,0,0
9279,16066,0,0,0
9279,16067,0,0,0
9279,16068,0,0,0
9279,16069,0,0,0
9279,16070,0,0,0
9279,16071,0,0,0
9279,16072,0,0,0
9279,16073,0,0,0
9279,16074,0,0,0
9279,16075,0,0,0
9279,16076,0,0,0
9279,16077,0,0,0
9361,1001,0,0,0
9361,1002,0,0,0
9361,1003,0,0,0
9361,1004,0,0,0
9361,1051,0,0,0
9361,1053,0,0,0
9361,1054,0,0,0
9361,1055,0,0,0
9361,1056,0,0,0
9361,1057,0,0,0
9361,1058,0,0,0
9361,1059,0,0,0
9361,1060,0,0,0
9361,1061,0,0,0
9361,1062,0,0,0
9361,2000,16,0,16
9361,3101,0,0,0
9361,3102,0,0,0
9361,3103,0,0,0
9361,3151,0,0,0
9361,3153,0,0,0
9361,3154,0,0,0
9361,3155,0,0,0
9361,3157,0,0,0
9361,3158,0,0,0
9361,3159,0,0,0
9361,3241,0,0,0
9361,3251,0,0,0
9361,3252,0,0,0
9361,3254,0,0,0
9361,3255,0,0,0
9361,3256,0,0,0
9361,3257,0,0,0
9361,3351,0,0,0
9361,3352,0,0,0
9361,3353,0,0,0
9361,3354,0,0,0
9361,3355,0,0,0
9361,3356,0,0,0
9361,3357,0,0,0
9361,3358,0,0,0
9361,3359,0,0,0
9361,3360,0,0,0
9361,3361,0,0,0
9361,3401,0,0,0
9361,3402,0,0,0
9361,3403,0,0,0
9361,3404,0,0,0
9361,3405,0,0,0
9361,3451,0,0,0
9361,3452,0,0,0
9361,3453,0,0,0
9361,3454,0,0,0
9361,3455,0,0,0
9361,3456,0,0,0
9361,3457,0,0,0
9361,3458,0,0,0
9361,3459,0,0,0
9361,3460,0,0,0
9361,3461,0,0,0
9361,3462,0,0,0
9361,4011,0,0,0
9361,4012,0,0,0
9361,5111,0,0,0
9361,5112,0,0,0
9361,5113,0,0,0
9361,5114,0,0,0
9361,5116,0,0,0
9361,5117,0,0,0
9361,5119,0,0,0
9361,5120,0,0,0
9361,5122,0,0,0
9361,5124,0,0,0
9361,5154,0,0,0
9361,5158,12,0,12
9361,5162,0,0,0
9361,5166,0,0,0
9361,5170,0,0,0
9361,5314,0,0,0
9361,5315,13,0,13
9361,5316,0,0,0
9361,5334,0,0,0
9361,5358,0,0,0
9361,5362,0,0,0
9361,5366,0,0,0
9361,5370,0,0,0
9361,5374,0,0,0
9361,5378,0,0,0
9361,5382,0,0,0
9361,5512,0,0,0
9361,5513,10,10,0
9361,5515,0,0,0
9361,5554,0,0,0
9361,5558,0,0,0
9361,5562,0,0,0
9361,5566,0,0,0
9361,5570,0,0,0
9361,5711,0,0,0
9361,5754,0,0,0
9361,5758,0,0,0
9361,5762,0,0,0
9361,5766,0,0,0
9361,5770,0,0,0
9361,5774,0,0,0
9361,5911,12,12,0
9361,5913,0,0,0
9361,5914,0,0,0
9361,5915,0,0,0
9361,5916,0,0,0
9361,5954,0,0,0
9361,5958,0,0,0
9361,5962,0,0,0
9361,5966,0,0,0
9361,5970,0,0,0
9361,5974,0,0,0
9361,5978,0,0,0
9361,6411,0,0,0
9361,6412,11,0,11
9361,6413,0,0,0
9361,6414,0,0,0
9361,6431,0,0,0
9361,6432,0,0,0
9361,6433,0,0,0
9361,6434,0,0,0
9361,6435,15,0,15
9361,6436,12,0,12
9361,6437,0,0,0
9361,6438,0,0,0
9361,6439,0,0,0
9361,6440,0,0,0
9361,6531,0,0,0
9361,6532,0,0,0
9361,6533,0,0,0
9361,6534,0,0,0
9361,6535,0,0,0
9361,6611,0,0,0
9361,6631,0,0,0
9361,6632,0,0,0
9361,6633,0,0,0
9361,6634,0,0,0
9361,6635,0,0,0
9361,6636,0,0,0
9361,7111,0,0,0
9361,7131,0,0,0
9361,7132,0,0,0
9361,7133,0,0,0
9361,7134,0,0,0
9361,7135,0,0,0
9361,7137,0,0,0
9361,7138,0,0,0
9361,7140,0,0,0
9361,7141,0,0,0
9361,7143,0,0,0
9361,7211,0,0,0
9361,7231,0,0,0
9361,7232,0,0,0
9361,7233,0,0,0
9361,7235,0,0,0
9361,7311,0,0,0
9361,7312,14,14,0
9361,7313,0,0,0
9361,7314,0,0,0
9361,7315,0,0,0
9361,7316,0,0,0
9361,7317,0,0,0
9361,7318,0,0,0
9361,7319,0,0,0
9361,7320,0,0,0
9361,7331,0,0,0
9361,7332,0,0,0
9361,7333,0,0,0
9361,7334,0,0,0
9361,7335,0,0,0
9361,7336,0,0,0
9361,7337,0,0,0
9361,7338,0,0,0
9361,7339,0,0,0
9361,7340,0,0,0
9361,8111,11,0,11
9361,8115,0,0,0
9361,8116,0,0,0
9361,8117,0,0,0
9361,8118,0,0,0
9361,8119,0,0,0
9361,8121,0,0,0
9361,8125,0,0,0
9361,8126,0,0,0
9361,8127,0,0,0
9361,8128,0,0,0
9361,8135,0,0,0
9361,8136,0,0,0
9361,8211,0,0,0
9361,8212,0,0,0
9361,8215,0,0,0
9361,8216,0,0,0
9361,8221,0,0,0
9361,8222,0,0,0
9361,8225,0,0,0
9361,8226,0,0,0
9361,8231,0,0,0
9361,8235,16,0,16
9361,8236,0,0,0
9361,8237,0,0,0
9361,8311,0,0,0
9361,8315,0,0,0
9361,8316,0,0,0
9361,8317,0,0,0
9361,8325,0,0,0
9361,8326,0,0,0
9361,8327,0,0,0
9361,8335,0,0,0
9361,8336,0,0,0
9361,8337,0,0,0
9361,8415,0,0,0
9361,8416,0,0,0
9361,8417,0,0,0
9361,8421,0,0,0
9361,8425,0,0,0
9361,8426,0,0,0
9361,8435,0,0,0
9361,8436,0,0,0
9361,8437,0,0,0
9361,9161,0,0,0
9361,9162,159,31,128
9361,9163,0,0,0
9361,9171,12,12,0
9361,9172,0,0,0
9361,9173,0,0,0
9361,9174,0,0,0
9361,9175,0,0,0
9361,9176,10,10,0
9361,9177,0,0,0
9361,9178,0,0,0
9361,9179,0,0,0
9361,9180,0,0,0
9361,9181,0,0,0
9361,9182,0,0,0
9361,9183,0,0,0
9361,9184,20,0,20
9361,9185,0,0,0
9361,9186,0,0,0
9361,9187,0,0,0
9361,9188,67,0,67
9361,9189,0,0,0
9361,9190,0,0,0
9361,9261,0,0,0
9361,9262,0,0,0
9361,9263,0,0,0
9361,9271,0,0,0
9361,9272,0,0,0
9361,9273,24,24,0
9361,9274,12,0,12
9361,9275,12,12,0
9361,9276,0,0,0
9361,9277,0,0,0
9361,9278,0,0,0
9361,9279,0,0,0
9361,9361,0,0,0
9361,9362,607,141,466
9361,9363,505,286,219
9361,9371,15631,12056,3575
9361,9372,138,121,17
9361,9373,516,314,202
9361,9374,723,588,135
9361,9375,233,160,73
9361,9376,3367,2420,947
9361,9377,132,119,13
9361,9461,0,0,0
9361,9462,35,18,17
9361,9463,0,0,0
9361,9464,0,0,0
9361,9471,16,16,0
9361,9472,71,57,14
9361,9473,0,0,0
9361,9474,17,17,0
9361,9475,0,0,0
9361,9476,0,0,0
9361,9477,13,13,0
9361,9478,0,0,0
9361,9479,20,20,0
9361,9561,0,0,0
9361,9562,101,28,73
9361,9563,64,29,35
9361,9564,624,187,437
9361,9565,11,0,11
9361,9571,10,10,0
9361,9572,46,24,22
9361,9573,28,17,11
9361,9574,364,240,124
9361,9575,12,12,0
9361,9576,61,30,31
9361,9577,0,0,0
9361,9661,0,0,0
9361,9662,0,0,0
9361,9663,18,18,0
9361,9671,0,0,0
9361,9672,0,0,0
9361,9673,0,0,0
9361,9674,0,0,0
9361,9675,0,0,0
9361,9676,0,0,0
9361,9677,0,0,0
9361,9678,0,0,0
9361,9679,20,20,0
9361,9761,10,0,10
9361,9762,0,0,0
9361,9763,0,0,0
9361,9764,0,0,0
9361,9771,0,0,0
9361,9772,11,11,0
9361,9773,0,0,0
9361,9774,0,0,0
9361,9775,0,0,0
9361,9776,0,0,0
9361,9777,0,0,0
9361,9778,0,0,0
9361,9779,0,0,0
9361,9780,0,0,0
9361,10041,0,0,0
9361,10042,0,0,0
9361,10043,0,0,0
9361,10044,0,0,0
9361,10045,0,0,0
9361,10046,0,0,0
9361,11000,38,16,22
9361,12051,0,0,0
9361,12052,0,0,0
9361,12053,0,0,0
9361,12054,0,0,0
9361,12060,0,0,0
9361,12061,0,0,0
9361,12062,0,0,0
9361,12063,0,0,0
9361,12064,0,0,0
9361,12065,0,0,0
9361,12066,0,0,0
9361,12067,0,0,0
9361,12068,0,0,0
9361,12069,0,0,0
9361,12070,0,0,0
9361,12071,0,0,0
9361,12072,0,0,0
9361,12073,0,0,0
9361,13003,0,0,0
9361,13004,0,0,0
9361,13071,0,0,0
9361,13072,0,0,0
9361,13073,12,12,0
9361,13074,0,0,0
9361,13075,0,0,0
9361,13076,0,0,0
9361,14511,0,0,0
9361,14521,10,10,0
9361,14522,11,11,0
9361,14523,15,15,0
9361,14524,25,25,0
9361,14612,10,10,0
9361,14625,0,0,0
9361,14626,0,0,0
9361,14627,0,0,0
9361,14628,0,0,0
9361,14713,16,16,0
9361,14729,0,0,0
9361,14730,0,0,0
9361,15001,0,0,0
9361,15002,0,0,0
9361,15003,0,0,0
9361,15081,0,0,0
9361,15082,0,0,0
9361,15083,0,0,0
9361,15084,11,11,0
9361,15085,0,0,0
9361,15086,0,0,0
9361,15087,0,0,0
9361,15088,0,0,0
9361,15089,0,0,0
9361,15090,0,0,0
9361,15091,0,0,0
9361,16051,0,0,0
9361,16052,0,0,0
9361,16053,0,0,0
9361,16054,0,0,0
9361,16055,0,0,0
9361,16056,0,0,0
9361,16061,0,0,0
9361,16062,0,0,0
9361,16063,0,0,0
9361,16064,0,0,0
9361,16065,0,0,0
9361,16066,0,0,0
9361,16067,0,0,0
9361,16068,0,0,0
9361,16069,0,0,0
9361,16070,0,0,0
9361,16071,0,0,0
9361,16072,0,0,0
9361,16073,0,0,0
9361,16074,0,0,0
9361,16075,0,0,0
9361,16076,0,0,0
9361,16077,0,0,0
9362,1001,0,0,0
9362,1002,0,0,0
9362,1003,0,0,0
9362,1004,0,0,0
9362,1051,0,0,0
9362,1053,0,0,0
9362,1054,0,0,0
9362,1055,0,0,0
9362,1056,15,15,0
9362,1057,0,0,0
9362,1058,0,0,0
9362,1059,0,0,0
9362,1060,10,0,10
9362,1061,0,0,0
9362,1062,0,0,0
9362,2000,136,50,86
9362,3101,0,0,0
9362,3102,0,0,0
9362,3103,0,0,0
9362,3151,0,0,0
9362,3153,0,0,0
9362,3154,0,0,0
9362,3155,0,0,0
9362,3157,0,0,0
9362,3158,0,0,0
9362,3159,39,26,13
9362,3241,59,26,33
9362,3251,0,0,0
9362,3252,0,0,0
9362,3254,0,0,0
9362,3255,0,0,0
9362,3256,0,0,0
9362,3257,0,0,0
9362,3351,0,0,0
9362,3352,0,0,0
9362,3353,0,0,0
9362,3354,0,0,0
9362,3355,0,0,0
9362,3356,0,0,0
9362,3357,0,0,0
9362,3358,0,0,0
9362,3359,0,0,0
9362,3360,0,0,0
9362,3361,0,0,0
9362,3401,0,0,0
9362,3402,168,0,168
9362,3403,0,0,0
9362,3404,13,13,0
9362,3405,0,0,0
9362,3451,0,0,0
9362,3452,0,0,0
9362,3453,0,0,0
9362,3454,13,13,0
9362,3455,0,0,0
9362,3456,0,0,0
9362,3457,0,0,0
9362,3458,0,0,0
9362,3459,0,0,0
9362,3460,0,0,0
9362,3461,0,0,0
9362,3462,0,0,0
9362,4011,33,14,19
9362,4012,0,0,0
9362,5111,136,33,103
9362,5112,74,61,13
9362,5113,57,40,17
9362,5114,0,0,0
9362,5116,24,24,0
9362,5117,29,29,0
9362,5119,29,29,0
9362,5120,0,0,0
9362,5122,0,0,0
9362,5124,22,10,12
9362,5154,0,0,0
9362,5158,60,32,28
9362,5162,27,11,16
9362,5166,0,0,0
9362,5170,74,62,12
9362,5314,70,49,21
9362,5315,134,52,82
9362,5316,0,0,0
9362,5334,79,79,0
9362,5358,11,11,0
9362,5362,34,34,0
9362,5366,0,0,0
9362,5370,14,14,0
9362,5374,26,0,26
9362,5378,10,10,0
9362,5382,35,20,15
9362,5512,0,0,0
9362,5513,0,0,0
9362,5515,51,40,11
9362,5554,10,10,0
9362,5558,0,0,0
9362,5562,18,18,0
9362,5566,0,0,0
9362,5570,17,17,0
9362,5711,0,0,0
9362,5754,0,0,0
9362,5758,11,11,0
9362,5762,0,0,0
9362,5766,0,0,0
9362,5770,10,10,0
9362,5774,0,0,0
9362,5911,14,14,0
9362,5913,51,35,16
9362,5914,0,0,0
9362,5915,0,0,0
9362,5916,0,0,0
9362,5954,10,10,0
9362,5958,0,0,0
9362,5962,14,14,0
9362,5966,0,0,0
9362,5970,0,0,0
9362,5974,0,0,0
9362,5978,30,15,15
9362,6411,23,12,11
9362,6412,198,55,143
9362,6413,0,0,0
9362,6414,36,15,21
9362,6431,0,0,0
9362,6432,27,14,13
9362,6433,58,16,42
9362,6434,51,18,33
9362,6435,44,18,26
9362,6436,43,21,22
9362,6437,0,0,0
9362,6438,54,26,28
9362,6439,0,0,0
9362,6440,23,23,0
9362,6531,0,0,0
9362,6532,0,0,0
9362,6533,0,0,0
9362,6534,11,11,0
9362,6535,0,0,0
9362,6611,0,0,0
9362,6631,10,10,0
9362,6632,0,0,0
9362,6633,0,0,0
9362,6634,0,0,0
9362,6635,0,0,0
9362,6636,0,0,0
9362,7111,0,0,0
9362,7131,0,0,0
9362,7132,0,0,0
9362,7133,0,0,0
9362,7134,0,0,0
9362,7135,0,0,0
9362,7137,0,0,0
9362,7138,11,0,11
9362,7140,0,0,0
9362,7141,0,0,0
9362,7143,0,0,0
9362,7211,0,0,0
9362,7231,0,0,0
9362,7232,0,0,0
9362,7233,0,0,0
9362,7235,0,0,0
9362,7311,0,0,0
9362,7312,0,0,0
9362,7313,0,0,0
9362,7314,10,0,10
9362,7315,40,14,26
9362,7316,0,0,0
9362,7317,0,0,0
9362,7318,0,0,0
9362,7319,0,0,0
9362,7320,0,0,0
9362,7331,0,0,0
9362,7332,0,0,0
9362,7333,0,0,0
9362,7334,0,0,0
9362,7335,0,0,0
9362,7336,0,0,0
9362,7337,0,0,0
9362,7338,0,0,0
9362,7339,0,0,0
9362,7340,0,0,0
9362,8111,202,31,171
9362,8115,36,16,20
9362,8116,57,18,39
9362,8117,10,10,0
9362,8118,66,27,39
9362,8119,20,20,0
9362,8121,0,0,0
9362,8125,34,24,10
9362,8126,12,0,12
9362,8127,20,20,0
9362,8128,14,14,0
9362,8135,19,19,0
9362,8136,33,15,18
9362,8211,0,0,0
9362,8212,60,50,10
9362,8215,27,16,11
9362,8216,0,0,0
9362,8221,25,15,10
9362,8222,22,0,22
9362,8225,0,0,0
9362,8226,44,23,21
9362,8231,0,0,0
9362,8235,0,0,0
9362,8236,10,0,10
9362,8237,0,0,0
9362,8311,0,0,0
9362,8315,15,0,15
9362,8316,0,0,0
9362,8317,11,11,0
9362,8325,0,0,0
9362,8326,10,10,0
9362,8327,0,0,0
9362,8335,0,0,0
9362,8336,0,0,0
9362,8337,0,0,0
9362,8415,29,12,17
9362,8416,14,14,0
9362,8417,0,0,0
9362,8421,37,17,20
9362,8425,12,12,0
9362,8426,0,0,0
9362,8435,12,12,0
9362,8436,22,22,0
9362,8437,0,0,0
9362,9161,482,174,308
9362,9162,2257,743,1514
9362,9163,24,14,10
9362,9171,66,43,23
9362,9172,64,46,18
9362,9173,51,32,19
9362,9174,78,52,26
9362,9175,86,48,38
9362,9176,313,235,78
9362,9177,96,76,20
9362,9178,350,187,163
9362,9179,105,78,27
9362,9180,24,24,0
9362,9181,38,24,14
9362,9182,46,31,15
9362,9183,89,69,20
9362,9184,533,128,405
9362,9185,101,75,26
9362,9186,323,236,87
9362,9187,93,58,35
9362,9188,54,31,23
9362,9189,88,65,23
9362,9190,18,18,0
9362,9261,414,248,166
9362,9262,188,124,64
9362,9263,1501,1048,453
9362,9271,932,760,172
9362,9272,253,234,19
9362,9273,8726,7349,1377
9362,9274,1003,864,139
9362,9275,442,383,59
9362,9276,349,318,31
9362,9277,194,154,40
9362,9278,2955,2729,226
9362,9279,458,367,91
9362,9361,607,466,141
9362,9362,0,0,0
9362,9363,426,296,130
9362,9371,887,807,80
9362,9372,3622,3211,411
9362,9373,2068,1788,280
9362,9374,676,609,67
9362,9375,48733,40970,7763
9362,9376,9696,8435,1261
9362,9377,278,256,22
9362,9461,58,35,23
9362,9462,87,62,25
9362,9463,25,13,12
9362,9464,32,32,0
9362,9471,66,66,0
9362,9472,51,51,0
9362,9473,13,13,0
9362,9474,41,41,0
9362,9475,89,67,22
9362,9476,10,10,0
9362,9477,39,39,0
9362,9478,25,25,0
9362,9479,132,118,14
9362,9561,30,19,11
9362,9562,206,54,152
9362,9563,108,69,39
9362,9564,1212,409,803
9362,9565,31,19,12
9362,9571,44,44,0
9362,9572,110,85,25
9362,9573,70,55,15
9362,9574,185,142,43
9362,9575,26,26,0
9362,9576,93,75,18
9362,9577,38,28,10
9362,9661,11,11,0
9362,9662,10,10,0
9362,9663,83,26,57
9362,9671,0,0,0
9362,9672,12,12,0
9362,9673,20,20,0
9362,9674,10,10,0
9362,9675,18,18,0
9362,9676,35,20,15
9362,9677,20,20,0
9362,9678,16,16,0
9362,9679,49,37,12
9362,9761,135,72,63
9362,9762,0,0,0
9362,9763,12,12,0
9362,9764,0,0,0
9362,9771,31,31,0
9362,9772,66,43,23
9362,9773,10,10,0
9362,9774,14,14,0
9362,9775,21,21,0
9362,9776,40,30,10
9362,9777,27,16,11
9362,9778,12,12,0
9362,9779,44,34,10
9362,9780,29,29,0
9362,10041,10,0,10
9362,10042,0,0,0
9362,10043,0,0,0
9362,10044,0,0,0
9362,10045,0,0,0
9362,10046,0,0,0
9362,11000,320,136,184
9362,12051,0,0,0
9362,12052,0,0,0
9362,12053,0,0,0
9362,12054,0,0,0
9362,12060,0,0,0
9362,12061,0,0,0
9362,12062,0,0,0
9362,12063,0,0,0
9362,12064,0,0,0
9362,12065,0,0,0
9362,12066,0,0,0
9362,12067,0,0,0
9362,12068,0,0,0
9362,12069,0,0,0
9362,12070,0,0,0
9362,12071,0,0,0
9362,12072,0,0,0
9362,12073,0,0,0
9362,13003,0,0,0
9362,13004,0,0,0
9362,13071,0,0,0
9362,13072,0,0,0
9362,13073,0,0,0
9362,13074,0,0,0
9362,13075,0,0,0
9362,13076,0,0,0
9362,14511,32,22,10
9362,14521,64,64,0
9362,14522,27,27,0
9362,14523,71,71,0
9362,14524,63,49,14
9362,14612,94,55,39
9362,14625,13,13,0
9362,14626,10,10,0
9362,14627,16,16,0
9362,14628,20,20,0
9362,14713,57,40,17
9362,14729,20,20,0
9362,14730,24,24,0
9362,15001,0,0,0
9362,15002,0,0,0
9362,15003,0,0,0
9362,15081,0,0,0
9362,15082,0,0,0
9362,15083,0,0,0
9362,15084,16,16,0
9362,15085,0,0,0
9362,15086,0,0,0
9362,15087,10,10,0
9362,15088,12,12,0
9362,15089,0,0,0
9362,15090,0,0,0
9362,15091,11,11,0
9362,16051,19,19,0
9362,16052,10,10,0
9362,16053,0,0,0
9362,16054,0,0,0
9362,16055,0,0,0
9362,16056,0,0,0
9362,16061,0,0,0
9362,16062,0,0,0
9362,16063,0,0,0
9362,16064,0,0,0
9362,16065,0,0,0
9362,16066,0,0,0
9362,16067,0,0,0
9362,16068,0,0,0
9362,16069,0,0,0
9362,16070,11,11,0
9362,16071,0,0,0
9362,16072,0,0,0
9362,16073,13,13,0
9362,16074,0,0,0
9362,16075,18,18,0
9362,16076,15,15,0
9362,16077,11,11,0
9363,1001,0,0,0
9363,1002,0,0,0
9363,1003,0,0,0
9363,1004,0,0,0
9363,1051,0,0,0
9363,1053,0,0,0
9363,1054,0,0,0
9363,1055,0,0,0
9363,1056,0,0,0
9363,1057,0,0,0
9363,1058,0,0,0
9363,1059,0,0,0
9363,1060,0,0,0
9363,1061,0,0,0
9363,1062,0,0,0
9363,2000,12,0,12
9363,3101,0,0,0
9363,3102,0,0,0
9363,3103,0,0,0
9363,3151,0,0,0
9363,3153,0,0,0
9363,3154,0,0,0
9363,3155,0,0,0
9363,3157,0,0,0
9363,3158,0,0,0
9363,3159,0,0,0
9363,3241,0,0,0
9363,3251,0,0,0
9363,3252,0,0,0
9363,3254,0,0,0
9363,3255,0,0,0
9363,3256,0,0,0
9363,3257,0,0,0
9363,3351,0,0,0
9363,3352,0,0,0
9363,3353,0,0,0
9363,3354,0,0,0
9363,3355,0,0,0
9363,3356,0,0,0
9363,3357,0,0,0
9363,3358,0,0,0
9363,3359,0,0,0
9363,3360,0,0,0
9363,3361,0,0,0
9363,3401,0,0,0
9363,3402,0,0,0
9363,3403,0,0,0
9363,3404,0,0,0
9363,3405,0,0,0
9363,3451,0,0,0
9363,3452,0,0,0
9363,3453,0,0,0
9363,3454,0,0,0
9363,3455,0,0,0
9363,3456,0,0,0
9363,3457,0,0,0
9363,3458,0,0,0
9363,3459,0,0,0
9363,3460,0,0,0
9363,3461,0,0,0
9363,3462,0,0,0
9363,4011,0,0,0
9363,4012,0,0,0
9363,5111,0,0,0
9363,5112,0,0,0
9363,5113,0,0,0
9363,5114,0,0,0
9363,5116,0,0,0
9363,5117,0,0,0
9363,5119,0,0,0
9363,5120,0,0,0
9363,5122,0,0,0
9363,5124,0,0,0
9363,5154,0,0,0
9363,5158,0,0,0
9363,5162,0,0,0
9363,5166,0,0,0
9363,5170,0,0,0
9363,5314,0,0,0
9363,5315,17,0,17
9363,5316,0,0,0
9363,5334,0,0,0
9363,5358,0,0,0
9363,5362,13,0,13
9363,5366,0,0,0
9363,5370,0,0,0
9363,5374,0,0,0
9363,5378,0,0,0
9363,5382,0,0,0
9363,5512,0,0,0
9363,5513,0,0,0
9363,5515,0,0,0
9363,5554,0,0,0
9363,5558,0,0,0
9363,5562,11,11,0
9363,5566,0,0,0
9363,5570,0,0,0
9363,5711,0,0,0
9363,5754,0,0,0
9363,5758,0,0,0
9363,5762,0,0,0
9363,5766,0,0,0
9363,5770,0,0,0
9363,5774,0,0,0
9363,5911,0,0,0
9363,5913,12,12,0
9363,5914,0,0,0
9363,5915,19,19,0
9363,5916,0,0,0
9363,5954,0,0,0
9363,5958,0,0,0
9363,5962,0,0,0
9363,5966,0,0,0
9363,5970,0,0,0
9363,5974,83,83,0
9363,5978,17,17,0
9363,6411,0,0,0
9363,6412,21,10,11
9363,6413,0,0,0
9363,6414,0,0,0
9363,6431,0,0,0
9363,6432,0,0,0
9363,6433,0,0,0
9363,6434,0,0,0
9363,6435,30,0,30
9363,6436,0,0,0
9363,6437,0,0,0
9363,6438,0,0,0
9363,6439,0,0,0
9363,6440,0,0,0
9363,6531,20,20,0
9363,6532,0,0,0
9363,6533,0,0,0
9363,6534,0,0,0
9363,6535,0,0,0
9363,6611,0,0,0
9363,6631,0,0,0
9363,6632,0,0,0
9363,6633,0,0,0
9363,6634,0,0,0
9363,6635,0,0,0
9363,6636,0,0,0
9363,7111,0,0,0
9363,7131,0,0,0
9363,7132,0,0,0
9363,7133,0,0,0
9363,7134,0,0,0
9363,7135,0,0,0
9363,7137,0,0,0
9363,7138,0,0,0
9363,7140,0,0,0
9363,7141,0,0,0
9363,7143,0,0,0
9363,7211,0,0,0
9363,7231,0,0,0
9363,7232,0,0,0
9363,7233,0,0,0
9363,7235,0,0,0
9363,7311,0,0,0
9363,7312,0,0,0
9363,7313,0,0,0
9363,7314,0,0,0
9363,7315,0,0,0
9363,7316,0,0,0
9363,7317,0,0,0
9363,7318,0,0,0
9363,7319,0,0,0
9363,7320,0,0,0
9363,7331,0,0,0
9363,7332,0,0,0
9363,7333,0,0,0
9363,7334,0,0,0
9363,7335,0,0,0
9363,7336,0,0,0
9363,7337,0,0,0
9363,7338,0,0,0
9363,7339,0,0,0
9363,7340,0,0,0
9363,8111,13,0,13
9363,8115,0,0,0
9363,8116,10,0,10
9363,8117,0,0,0
9363,8118,0,0,0
9363,8119,0,0,0
9363,8121,0,0,0
9363,8125,0,0,0
9363,8126,0,0,0
9363,8127,0,0,0
9363,8128,0,0,0
9363,8135,0,0,0
9363,8136,0,0,0
9363,8211,0,0,0
9363,8212,0,0,0
9363,8215,0,0,0
9363,8216,0,0,0
9363,8221,0,0,0
9363,8222,0,0,0
9363,8225,0,0,0
9363,8226,0,0,0
9363,8231,0,0,0
9363,8235,0,0,0
9363,8236,0,0,0
9363,8237,0,0,0
9363,8311,0,0,0
9363,8315,0,0,0
9363,8316,0,0,0
9363,8317,0,0,0
9363,8325,0,0,0
9363,8326,0,0,0
9363,8327,0,0,0
9363,8335,0,0,0
9363,8336,0,0,0
9363,8337,0,0,0
9363,8415,0,0,0
9363,8416,0,0,0
9363,8417,0,0,0
9363,8421,0,0,0
9363,8425,0,0,0
9363,8426,0,0,0
9363,8435,0,0,0
9363,8436,0,0,0
9363,8437,0,0,0
9363,9161,17,0,17
9363,9162,172,38,134
9363,9163,0,0,0
9363,9171,25,25,0
9363,9172,0,0,0
9363,9173,0,0,0
9363,9174,0,0,0
9363,9175,0,0,0
9363,9176,0,0,0
9363,9177,0,0,0
9363,9178,30,10,20
9363,9179,0,0,0
9363,9180,0,0,0
9363,9181,0,0,0
9363,9182,0,0,0
9363,9183,0,0,0
9363,9184,30,0,30
9363,9185,16,0,16
9363,9186,0,0,0
9363,9187,0,0,0
9363,9188,0,0,0
9363,9189,0,0,0
9363,9190,0,0,0
9363,9261,0,0,0
9363,9262,0,0,0
9363,9263,0,0,0
9363,9271,0,0,0
9363,9272,25,25,0
9363,9273,12,12,0
9363,9274,0,0,0
9363,9275,0,0,0
9363,9276,25,13,12
9363,9277,0,0,0
9363,9278,23,13,10
9363,9279,0,0,0
9363,9361,505,219,286
9363,9362,426,130,296
9363,9363,0,0,0
9363,9371,1045,756,289
9363,9372,108,73,35
9363,9373,57,33,24
9363,9374,13716,10307,3409
9363,9375,111,64,47
9363,9376,1941,1150,791
9363,9377,2910,2453,457
9363,9461,0,0,0
9363,9462,159,67,92
9363,9463,0,0,0
9363,9464,39,28,11
9363,9471,17,17,0
9363,9472,145,125,20
9363,9473,0,0,0
9363,9474,0,0,0
9363,9475,48,35,13
9363,9476,0,0,0
9363,9477,29,19,10
9363,9478,0,0,0
9363,9479,387,302,85
9363,9561,0,0,0
9363,9562,31,0,31
9363,9563,19,19,0
9363,9564,316,103,213
9363,9565,0,0,0
9363,9571,0,0,0
9363,9572,12,12,0
9363,9573,14,14,0
9363,9574,51,34,17
9363,9575,0,0,0
9363,9576,22,12,10
9363,9577,0,0,0
9363,9661,0,0,0
9363,9662,0,0,0
9363,9663,0,0,0
9363,9671,0,0,0
9363,9672,0,0,0
9363,9673,10,10,0
9363,9674,0,0,0
9363,9675,0,0,0
9363,9676,0,0,0
9363,9677,0,0,0
9363,9678,0,0,0
9363,9679,0,0,0
9363,9761,12,0,12
9363,9762,0,0,0
9363,9763,0,0,0
9363,9764,0,0,0
9363,9771,0,0,0
9363,9772,0,0,0
9363,9773,0,0,0
9363,9774,0,0,0
9363,9775,0,0,0
9363,9776,0,0,0
9363,9777,0,0,0
9363,9778,0,0,0
9363,9779,0,0,0
9363,9780,0,0,0
9363,10041,0,0,0
9363,10042,0,0,0
9363,10043,0,0,0
9363,10044,0,0,0
9363,10045,0,0,0
9363,10046,0,0,0
9363,11000,58,37,21
9363,12051,0,0,0
9363,12052,0,0,0
9363,12053,0,0,0
9363,12054,0,0,0
9363,12060,0,0,0
9363,12061,0,0,0
9363,12062,0,0,0
9363,12063,0,0,0
9363,12064,0,0,0
9363,12065,0,0,0
9363,12066,0,0,0
9363,12067,0,0,0
9363,12068,0,0,0
9363,12069,0,0,0
9363,12070,0,0,0
9363,12071,0,0,0
9363,12072,0,0,0
9363,12073,0,0,0
9363,13003,0,0,0
9363,13004,0,0,0
9363,13071,0,0,0
9363,13072,0,0,0
9363,13073,0,0,0
9363,13074,0,0,0
9363,13075,0,0,0
9363,13076,0,0,0
9363,14511,10,10,0
9363,14521,15,15,0
9363,14522,0,0,0
9363,14523,29,29,0
9363,14524,0,0,0
9363,14612,0,0,0
9363,14625,0,0,0
9363,14626,0,0,0
9363,14627,0,0,0
9363,14628,0,0,0
9363,14713,0,0,0
9363,14729,0,0,0
9363,14730,0,0,0
9363,15001,0,0,0
9363,15002,0,0,0
9363,15003,0,0,0
9363,15081,0,0,0
9363,15082,0,0,0
9363,15083,0,0,0
9363,15084,0,0,0
9363,15085,0,0,0
9363,15086,0,0,0
9363,15087,0,0,0
9363,15088,0,0,0
9363,15089,0,0,0
9363,15090,0,0,0
9363,15091,0,0,0
9363,16051,0,0,0
9363,16052,11,11,0
9363,16053,0,0,0
9363,16054,0,0,0
9363,16055,0,0,0
9363,16056,0,0,0
9363,16061,0,0,0
9363,16062,0,0,0
9363,16063,0,0,0
9363,16064,0,0,0
9363,16065,0,0,0
9363,16066,0,0,0
9363,16067,0,0,0
9363,16068,0,0,0
9363,16069,0,0,0
9363,16070,0,0,0
9363,16071,0,0,0
9363,16072,0,0,0
9363,16073,0,0,0
9363,16074,0,0,0
9363,16075,0,0,0
9363,16076,10,10,0
9363,16077,15,15,0
9371,1001,0,0,0
9371,1002,0,0,0
9371,1003,0,0,0
9371,1004,0,0,0
9371,1051,0,0,0
9371,1053,0,0,0
9371,1054,0,0,0
9371,1055,0,0,0
9371,1056,0,0,0
9371,1057,0,0,0
9371,1058,0,0,0
9371,1059,18,18,0
9371,1060,0,0,0
9371,1061,0,0,0
9371,1062,0,0,0
9371,2000,27,0,27
9371,3101,0,0,0
9371,3102,0,0,0
9371,3103,0,0,0
9371,3151,0,0,0
9371,3153,0,0,0
9371,3154,0,0,0
9371,3155,0,0,0
9371,3157,0,0,0
9371,3158,0,0,0
9371,3159,0,0,0
9371,3241,15,0,15
9371,3251,0,0,0
9371,3252,0,0,0
9371,3254,0,0,0
9371,3255,0,0,0
9371,3256,0,0,0
9371,3257,0,0,0
9371,3351,0,0,0
9371,3352,0,0,0
9371,3353,0,0,0
9371,3354,0,0,0
9371,3355,0,0,0
9371,3356,0,0,0
9371,3357,0,0,0
9371,3358,0,0,0
9371,3359,0,0,0
9371,3360,0,0,0
9371,3361,0,0,0
9371,3401,0,0,0
9371,3402,0,0,0
9371,3403,0,0,0
9371,3404,0,0,0
9371,3405,0,0,0
9371,3451,0,0,0
9371,3452,0,0,0
9371,3453,0,0,0
9371,3454,0,0,0
9371,3455,0,0,0
9371,3456,0,0,0
9371,3457,0,0,0
9371,3458,0,0,0
9371,3459,0,0,0
9371,3460,0,0,0
9371,3461,0,0,0
9371,3462,0,0,0
9371,4011,0,0,0
9371,4012,0,0,0
9371,5111,28,10,18
9371,5112,0,0,0
9371,5113,0,0,0
9371,5114,0,0,0
9371,5116,0,0,0
9371,5117,0,0,0
9371,5119,0,0,0
9371,5120,0,0,0
9371,5122,0,0,0
9371,5124,0,0,0
9371,5154,0,0,0
9371,5158,22,10,12
9371,5162,0,0,0
9371,5166,0,0,0
9371,5170,0,0,0
9371,5314,0,0,0
9371,5315,31,11,20
9371,5316,0,0,0
9371,5334,0,0,0
9371,5358,0,0,0
9371,5362,0,0,0
9371,5366,0,0,0
9371,5370,0,0,0
9371,5374,0,0,0
9371,5378,0,0,0
9371,5382,0,0,0
9371,5512,0,0,0
9371,5513,0,0,0
9371,5515,0,0,0
9371,5554,0,0,0
9371,5558,0,0,0
9371,5562,0,0,0
9371,5566,0,0,0
9371,5570,0,0,0
9371,5711,0,0,0
9371,5754,0,0,0
9371,5758,0,0,0
9371,5762,0,0,0
9371,5766,0,0,0
9371,5770,0,0,0
9371,5774,0,0,0
9371,5911,0,0,0
9371,5913,0,0,0
9371,5914,0,0,0
9371,5915,0,0,0
9371,5916,0,0,0
9371,5954,0,0,0
9371,5958,0,0,0
9371,5962,0,0,0
9371,5966,0,0,0
9371,5970,0,0,0
9371,5974,0,0,0
9371,5978,0,0,0
9371,6411,10,0,10
9371,6412,39,10,29
9371,6413,0,0,0
9371,6414,0,0,0
9371,6431,0,0,0
9371,6432,19,0,19
9371,6433,0,0,0
9371,6434,17,0,17
9371,6435,92,0,92
9371,6436,0,0,0
9371,6437,0,0,0
9371,6438,0,0,0
9371,6439,0,0,0
9371,6440,0,0,0
9371,6531,0,0,0
9371,6532,0,0,0
9371,6533,0,0,0
9371,6534,0,0,0
9371,6535,0,0,0
9371,6611,0,0,0
9371,6631,0,0,0
9371,6632,0,0,0
9371,6633,0,0,0
9371,6634,0,0,0
9371,6635,0,0,0
9371,6636,0,0,0
9371,7111,0,0,0
9371,7131,0,0,0
9371,7132,0,0,0
9371,7133,0,0,0
9371,7134,0,0,0
9371,7135,0,0,0
9371,7137,0,0,0
9371,7138,0,0,0
9371,7140,0,0,0
9371,7141,0,0,0
9371,7143,12,0,12
9371,7211,0,0,0
9371,7231,0,0,0
9371,7232,0,0,0
9371,7233,0,0,0
9371,7235,0,0,0
9371,7311,0,0,0
9371,7312,12,0,12
9371,7313,0,0,0
9371,7314,0,0,0
9371,7315,0,0,0
9371,7316,0,0,0
9371,7317,0,0,0
9371,7318,0,0,0
9371,7319,0,0,0
9371,7320,0,0,0
9371,7331,0,0,0
9371,7332,0,0,0
9371,7333,0,0,0
9371,7334,0,0,0
9371,7335,17,0,17
9371,7336,0,0,0
9371,7337,0,0,0
9371,7338,0,0,0
9371,7339,0,0,0
9371,7340,0,0,0
9371,8111,23,0,23
9371,8115,0,0,0
9371,8116,11,0,11
9371,8117,0,0,0
9371,8118,16,0,16
9371,8119,0,0,0
9371,8121,0,0,0
9371,8125,0,0,0
9371,8126,13,0,13
9371,8127,0,0,0
9371,8128,0,0,0
9371,8135,0,0,0
9371,8136,0,0,0
9371,8211,0,0,0
9371,8212,0,0,0
9371,8215,0,0,0
9371,8216,0,0,0
9371,8221,0,0,0
9371,8222,11,0,11
9371,8225,0,0,0
9371,8226,0,0,0
9371,8231,0,0,0
9371,8235,11,0,11
9371,8236,0,0,0
9371,8237,0,0,0
9371,8311,0,0,0
9371,8315,0,0,0
9371,8316,0,0,0
9371,8317,0,0,0
9371,8325,0,0,0
9371,8326,0,0,0
9371,8327,0,0,0
9371,8335,0,0,0
9371,8336,0,0,0
9371,8337,0,0,0
9371,8415,0,0,0
9371,8416,0,0,0
9371,8417,0,0,0
9371,8421,0,0,0
9371,8425,0,0,0
9371,8426,0,0,0
9371,8435,0,0,0
9371,8436,0,0,0
9371,8437,0,0,0
9371,9161,42,0,42
9371,9162,282,44,238
9371,9163,0,0,0
9371,9171,0,0,0
9371,9172,0,0,0
9371,9173,0,0,0
9371,9174,10,0,10
9371,9175,17,0,17
9371,9176,30,12,18
9371,9177,10,0,10
9371,9178,39,0,39
9371,9179,0,0,0
9371,9180,0,0,0
9371,9181,0,0,0
9371,9182,0,0,0
9371,9183,0,0,0
9371,9184,65,0,65
9371,9185,18,0,18
9371,9186,11,0,11
9371,9187,0,0,0
9371,9188,140,0,140
9371,9189,0,0,0
9371,9190,0,0,0
9371,9261,14,0,14
9371,9262,0,0,0
9371,9263,13,0,13
9371,9271,0,0,0
9371,9272,0,0,0
9371,9273,53,21,32
9371,9274,20,0,20
9371,9275,15,0,15
9371,9276,0,0,0
9371,9277,0,0,0
9371,9278,22,10,12
9371,9279,0,0,0
9371,9361,15631,3575,12056
9371,9362,887,80,807
9371,9363,1045,289,756
9371,9371,0,0,0
9371,9372,85,28,57
9371,9373,1213,230,983
9371,9374,2280,1230,1050
9371,9375,329,99,230
9371,9376,3606,1149,2457
9371,9377,243,171,72
9371,9461,13,0,13
9371,9462,418,144,274
9371,9463,0,0,0
9371,9464,0,0,0
9371,9471,42,19,23
9371,9472,1589,1024,565
9371,9473,0,0,0
9371,9474,117,64,53
9371,9475,10,0,10
9371,9476,0,0,0
9371,9477,50,36,14
9371,9478,15,0,15
9371,9479,40,16,24
9371,9561,11,0,11
9371,9562,233,24,209
9371,9563,211,39,172
9371,9564,1855,244,1611
9371,9565,40,12,28
9371,9571,39,13,26
9371,9572,92,41,51
9371,9573,82,36,46
9371,9574,2703,747,1956
9371,9575,27,27,0
9371,9576,84,37,47
9371,9577,10,0,10
9371,9661,0,0,0
9371,9662,0,0,0
9371,9663,19,0,19
9371,9671,0,0,0
9371,9672,0,0,0
9371,9673,0,0,0
9371,9674,0,0,0
9371,9675,10,10,0
9371,9676,0,0,0
9371,9677,0,0,0
9371,9678,0,0,0
9371,9679,10,10,0
9371,9761,21,0,21
9371,9762,0,0,0
9371,9763,0,0,0
9371,9764,0,0,0
9371,9771,0,0,0
9371,9772,0,0,0
9371,9773,0,0,0
9371,9774,30,30,0
9371,9775,0,0,0
9371,9776,0,0,0
9371,9777,0,0,0
9371,9778,0,0,0
9371,9779,0,0,0
9371,9780,0,0,0
9371,10041,0,0,0
9371,10042,0,0,0
9371,10043,0,0,0
9371,10044,0,0,0
9371,10045,0,0,0
9371,10046,0,0,0
9371,11000,48,20,28
9371,12051,0,0,0
9371,12052,0,0,0
9371,12053,0,0,0
9371,12054,16,0,16
9371,12060,0,0,0
9371,12061,0,0,0
9371,12062,0,0,0
9371,12063,0,0,0
9371,12064,0,0,0
9371,12065,0,0,0
9371,12066,0,0,0
9371,12067,0,0,0
9371,12068,0,0,0
9371,12069,0,0,0
9371,12070,0,0,0
9371,12071,0,0,0
9371,12072,0,0,0
9371,12073,0,0,0
9371,13003,0,0,0
9371,13004,0,0,0
9371,13071,0,0,0
9371,13072,0,0,0
9371,13073,0,0,0
9371,13074,0,0,0
9371,13075,0,0,0
9371,13076,0,0,0
9371,14511,0,0,0
9371,14521,16,16,0
9371,14522,0,0,0
9371,14523,0,0,0
9371,14524,0,0,0
9371,14612,0,0,0
9371,14625,0,0,0
9371,14626,0,0,0
9371,14627,0,0,0
9371,14628,0,0,0
9371,14713,25,14,11
9371,14729,0,0,0
9371,14730,0,0,0
9371,15001,0,0,0
9371,15002,0,0,0
9371,15003,0,0,0
9371,15081,0,0,0
9371,15082,0,0,0
9371,15083,0,0,0
9371,15084,11,11,0
9371,15085,0,0,0
9371,15086,0,0,0
9371,15087,0,0,0
9371,15088,0,0,0
9371,15089,0,0,0
9371,15090,0,0,0
9371,15091,0,0,0
9371,16051,0,0,0
9371,16052,0,0,0
9371,16053,0,0,0
9371,16054,0,0,0
9371,16055,0,0,0
9371,16056,0,0,0
9371,16061,0,0,0
9371,16062,0,0,0
9371,16063,0,0,0
9371,16064,0,0,0
9371,16065,0,0,0
9371,16066,0,0,0
9371,16067,0,0,0
9371,16068,0,0,0
9371,16069,0,0,0
9371,16070,0,0,0
9371,16071,0,0,0
9371,16072,0,0,0
9371,16073,0,0,0
9371,16074,0,0,0
9371,16075,0,0,0
9371,16076,0,0,0
9371,16077,0,0,0
9372,1001,0,0,0
9372,1002,0,0,0
9372,1003,0,0,0
9372,1004,0,0,0
9372,1051,0,0,0
9372,1053,0,0,0
9372,1054,0,0,0
9372,1055,0,0,0
9372,1056,0,0,0
9372,1057,0,0,0
9372,1058,0,0,0
9372,1059,0,0,0
9372,1060,0,0,0
9372,1061,0,0,0
9372,1062,0,0,0
9372,2000,20,0,20
9372,3101,0,0,0
9372,3102,0,0,0
9372,3103,0,0,0
9372,3151,0,0,0
9372,3153,0,0,0
9372,3154,0,0,0
9372,3155,0,0,0
9372,3157,0,0,0
9372,3158,0,0,0
9372,3159,0,0,0
9372,3241,12,0,12
9372,3251,0,0,0
9372,3252,0,0,0
9372,3254,0,0,0
9372,3255,0,0,0
9372,3256,0,0,0
9372,3257,0,0,0
9372,3351,0,0,0
9372,3352,0,0,0
9372,3353,0,0,0
9372,3354,0,0,0
9372,3355,0,0,0
9372,3356,0,0,0
9372,3357,0,0,0
9372,3358,0,0,0
9372,3359,0,0,0
9372,3360,0,0,0
9372,3361,0,0,0
9372,3401,0,0,0
9372,3402,0,0,0
9372,3403,0,0,0
9372,3404,0,0,0
9372,3405,0,0,0
9372,3451,0,0,0
9372,3452,0,0,0
9372,3453,0,0,0
9372,3454,0,0,0
9372,3455,0,0,0
9372,3456,0,0,0
9372,3457,0,0,0
9372,3458,0,0,0
9372,3459,12,0,12
9372,3460,0,0,0
9372,3461,0,0,0
9372,3462,0,0,0
9372,4011,0,0,0
9372,4012,0,0,0
9372,5111,0,0,0
9372,5112,0,0,0
9372,5113,0,0,0
9372,5114,0,0,0
9372,5116,0,0,0
9372,5117,0,0,0
9372,5119,0,0,0
9372,5120,0,0,0
9372,5122,0,0,0
9372,5124,0,0,0
9372,5154,0,0,0
9372,5158,0,0,0
9372,5162,0,0,0
9372,5166,0,0,0
9372,5170,0,0,0
9372,5314,0,0,0
9372,5315,35,10,25
9372,5316,0,0,0
9372,5334,0,0,0
9372,5358,0,0,0
9372,5362,0,0,0
9372,5366,0,0,0
9372,5370,0,0,0
9372,5374,0,0,0
9372,5378,0,0,0
9372,5382,0,0,0
9372,5512,0,0,0
9372,5513,0,0,0
9372,5515,0,0,0
9372,5554,0,0,0
9372,5558,0,0,0
9372,5562,0,0,0
9372,5566,0,0,0
9372,5570,0,0,0
9372,5711,0,0,0
9372,5754,0,0,0
9372,5758,0,0,0
9372,5762,0,0,0
9372,5766,0,0,0
9372,5770,0,0,0
9372,5774,0,0,0
9372,5911,0,0,0
9372,5913,0,0,0
9372,5914,0,0,0
9372,5915,0,0,0
9372,5916,0,0,0
9372,5954,0,0,0
9372,5958,0,0,0
9372,5962,0,0,0
9372,5966,0,0,0
9372,5970,0,0,0
9372,5974,0,0,0
9372,5978,0,0,0
9372,6411,0,0,0
9372,6412,33,13,20
9372,6413,0,0,0
9372,6414,0,0,0
9372,6431,0,0,0
9372,6432,0,0,0
9372,6433,10,0,10
9372,6434,0,0,0
9372,6435,0,0,0
9372,6436,0,0,0
9372,6437,0,0,0
9372,6438,15,0,15
9372,6439,0,0,0
9372,6440,0,0,0
9372,6531,0,0,0
9372,6532,0,0,0
9372,6533,0,0,0
9372,6534,0,0,0
9372,6535,0,0,0
9372,6611,0,0,0
9372,6631,0,0,0
9372,6632,0,0,0
9372,6633,0,0,0
9372,6634,0,0,0
9372,6635,0,0,0
9372,6636,0,0,0
9372,7111,0,0,0
9372,7131,0,0,0
9372,7132,0,0,0
9372,7133,0,0,0
9372,7134,0,0,0
9372,7135,0,0,0
9372,7137,0,0,0
9372,7138,0,0,0
9372,7140,0,0,0
9372,7141,0,0,0
9372,7143,0,0,0
9372,7211,0,0,0
9372,7231,0,0,0
9372,7232,0,0,0
9372,7233,0,0,0
9372,7235,0,0,0
9372,7311,0,0,0
9372,7312,0,0,0
9372,7313,0,0,0
9372,7314,0,0,0
9372,7315,0,0,0
9372,7316,0,0,0
9372,7317,0,0,0
9372,7318,0,0,0
9372,7319,0,0,0
9372,7320,0,0,0
9372,7331,0,0,0
9372,7332,0,0,0
9372,7333,0,0,0
9372,7334,0,0,0
9372,7335,0,0,0
9372,7336,0,0,0
9372,7337,0,0,0
9372,7338,0,0,0
9372,7339,0,0,0
9372,7340,0,0,0
9372,8111,16,0,16
9372,8115,0,0,0
9372,8116,10,0,10
9372,8117,0,0,0
9372,8118,0,0,0
9372,8119,0,0,0
9372,8121,10,0,10
9372,8125,0,0,0
9372,8126,14,0,14
9372,8127,0,0,0
9372,8128,0,0,0
9372,8135,0,0,0
9372,8136,0,0,0
9372,8211,0,0,0
9372,8212,0,0,0
9372,8215,0,0,0
9372,8216,0,0,0
9372,8221,0,0,0
9372,8222,0,0,0
9372,8225,13,13,0
9372,8226,0,0,0
9372,8231,0,0,0
9372,8235,33,0,33
9372,8236,0,0,0
9372,8237,0,0,0
9372,8311,0,0,0
9372,8315,0,0,0
9372,8316,0,0,0
9372,8317,0,0,0
9372,8325,0,0,0
9372,8326,11,11,0
9372,8327,0,0,0
9372,8335,0,0,0
9372,8336,0,0,0
9372,8337,0,0,0
9372,8415,0,0,0
9372,8416,0,0,0
9372,8417,11,11,0
9372,8421,0,0,0
9372,8425,0,0,0
9372,8426,10,10,0
9372,8435,0,0,0
9372,8436,0,0,0
9372,8437,19,19,0
9372,9161,106,26,80
9372,9162,521,89,432
9372,9163,0,0,0
9372,9171,31,17,14
9372,9172,0,0,0
9372,9173,14,0,14
9372,9174,17,0,17
9372,9175,24,10,14
9372,9176,33,17,16
9372,9177,40,22,18
9372,9178,87,25,62
9372,9179,35,13,22
9372,9180,0,0,0
9372,9181,38,27,11
9372,9182,0,0,0
9372,9183,30,18,12
9372,9184,226,29,197
9372,9185,52,21,31
9372,9186,47,31,16
9372,9187,16,0,16
9372,9188,34,10,24
9372,9189,45,0,45
9372,9190,0,0,0
9372,9261,59,13,46
9372,9262,67,11,56
9372,9263,655,141,514
9372,9271,302,114,188
9372,9272,90,72,18
9372,9273,154,77,77
9372,9274,173,40,133
9372,9275,128,64,64
9372,9276,2460,1263,1197
9372,9277,94,25,69
9372,9278,1870,981,889
9372,9279,214,51,163
9372,9361,138,17,121
9372,9362,3622,411,3211
9372,9363,108,35,73
9372,9371,85,57,28
9372,9372,0,0,0
9372,9373,130,32,98
9372,9374,142,90,52
9372,9375,2052,704,1348
9372,9376,4487,2028,2459
9372,9377,58,42,16
9372,9461,0,0,0
9372,9462,13,0,13
9372,9463,0,0,0
9372,9464,14,14,0
9372,9471,0,0,0
9372,9472,11,11,0
9372,9473,10,10,0
9372,9474,0,0,0
9372,9475,50,35,15
9372,9476,12,12,0
9372,9477,0,0,0
9372,9478,0,0,0
9372,9479,20,20,0
9372,9561,0,0,0
9372,9562,23,0,23
9372,9563,55,16,39
9372,9564,204,33,171
9372,9565,0,0,0
9372,9571,11,11,0
9372,9572,10,0,10
9372,9573,10,10,0
9372,9574,27,13,14
9372,9575,23,0,23
9372,9576,28,17,11
9372,9577,12,12,0
9372,9661,0,0,0
9372,9662,0,0,0
9372,9663,0,0,0
9372,9671,0,0,0
9372,9672,0,0,0
9372,9673,0,0,0
9372,9674,0,0,0
9372,9675,0,0,0
9372,9676,0,0,0
9372,9677,12,12,0
9372,9678,0,0,0
9372,9679,0,0,0
9372,9761,49,19,30
9372,9762,0,0,0
9372,9763,0,0,0
9372,9764,0,0,0
9372,9771,11,11,0
9372,9772,26,26,0
9372,9773,10,10,0
9372,9774,0,0,0
9372,9775,10,10,0
9372,9776,0,0,0
9372,9777,24,12,12
9372,9778,10,10,0
9372,9779,12,0,12
9372,9780,27,27,0
9372,10041,0,0,0
9372,10042,0,0,0
9372,10043,0,0,0
9372,10044,0,0,0
9372,10045,0,0,0
9372,10046,0,0,0
9372,11000,57,23,34
9372,12051,0,0,0
9372,12052,0,0,0
9372,12053,0,0,0
9372,12054,0,0,0
9372,12060,0,0,0
9372,12061,0,0,0
9372,12062,0,0,0
9372,12063,0,0,0
9372,12064,0,0,0
9372,12065,0,0,0
9372,12066,0,0,0
9372,12067,0,0,0
9372,12068,0,0,0
9372,12069,0,0,0
9372,12070,0,0,0
9372,12071,0,0,0
9372,12072,0,0,0
9372,12073,0,0,0
9372,13003,0,0,0
9372,13004,0,0,0
9372,13071,0,0,0
9372,13072,0,0,0
9372,13073,0,0,0
9372,13074,0,0,0
9372,13075,0,0,0
9372,13076,0,0,0
9372,14511,15,15,0
9372,14521,37,37,0
9372,14522,21,21,0
9372,14523,31,31,0
9372,14524,17,17,0
9372,14612,0,0,0
9372,14625,0,0,0
9372,14626,10,10,0
9372,14627,0,0,0
9372,14628,11,11,0
9372,14713,12,12,0
9372,14729,0,0,0
9372,14730,0,0,0
9372,15001,0,0,0
9372,15002,0,0,0
9372,15003,0,0,0
9372,15081,0,0,0
9372,15082,0,0,0
9372,15083,0,0,0
9372,15084,11,11,0
9372,15085,0,0,0
9372,15086,0,0,0
9372,15087,0,0,0
9372,15088,0,0,0
9372,15089,11,11,0
9372,15090,0,0,0
9372,15091,0,0,0
9372,16051,0,0,0
9372,16052,0,0,0
9372,16053,0,0,0
9372,16054,0,0,0
9372,16055,0,0,0
9372,16056,0,0,0
9372,16061,0,0,0
9372,16062,0,0,0
9372,16063,0,0,0
9372,16064,0,0,0
9372,16065,0,0,0
9372,16066,0,0,0
9372,16067,0,0,0
9372,16068,0,0,0
9372,16069,0,0,0
9372,16070,0,0,0
9372,16071,0,0,0
9372,16072,0,0,0
9372,16073,0,0,0
9372,16074,0,0,0
9372,16075,0,0,0
9372,16076,0,0,0
9372,16077,0,0,0
9373,1001,0,0,0
9373,1002,0,0,0
9373,1003,42,0,42
9373,1004,0,0,0
9373,1051,0,0,0
9373,1053,0,0,0
9373,1054,0,0,0
9373,1055,0,0,0
9373,1056,0,0,0
9373,1057,0,0,0
9373,1058,0,0,0
9373,1059,0,0,0
9373,1060,0,0,0
9373,1061,0,0,0
9373,1062,0,0,0
9373,2000,85,41,44
9373,3101,0,0,0
9373,3102,0,0,0
9373,3103,0,0,0
9373,3151,0,0,0
9373,3153,0,0,0
9373,3154,0,0,0
9373,3155,0,0,0
9373,3157,0,0,0
9373,3158,0,0,0
9373,3159,0,0,0
9373,3241,51,27,24
9373,3251,0,0,0
9373,3252,0,0,0
9373,3254,0,0,0
9373,3255,0,0,0
9373,3256,82,30,52
9373,3257,0,0,0
9373,3351,0,0,0
9373,3352,0,0,0
9373,3353,0,0,0
9373,3354,0,0,0
9373,3355,0,0,0
9373,3356,0,0,0
9373,3357,0,0,0
9373,3358,0,0,0
9373,3359,0,0,0
9373,3360,0,0,0
9373,3361,0,0,0
9373,3401,0,0,0
9373,3402,0,0,0
9373,3403,0,0,0
9373,3404,0,0,0
9373,3405,0,0,0
9373,3451,11,0,11
9373,3452,0,0,0
9373,3453,0,0,0
9373,3454,11,11,0
9373,3455,0,0,0
9373,3456,0,0,0
9373,3457,0,0,0
9373,3458,0,0,0
9373,3459,11,11,0
9373,3460,0,0,0
9373,3461,0,0,0
9373,3462,0,0,0
9373,4011,0,0,0
9373,4012,0,0,0
9373,5111,43,10,33
9373,5112,0,0,0
9373,5113,13,0,13
9373,5114,0,0,0
9373,5116,0,0,0
9373,5117,0,0,0
9373,5119,0,0,0
9373,5120,0,0,0
9373,5122,0,0,0
9373,5124,0,0,0
9373,5154,12,12,0
9373,5158,22,0,22
9373,5162,47,0,47
9373,5166,13,0,13
9373,5170,41,29,12
9373,5314,22,11,11
9373,5315,99,50,49
9373,5316,0,0,0
9373,5334,22,0,22
9373,5358,0,0,0
9373,5362,13,13,0
9373,5366,10,10,0
9373,5370,0,0,0
9373,5374,0,0,0
9373,5378,12,12,0
9373,5382,24,24,0
9373,5512,0,0,0
9373,5513,0,0,0
9373,5515,0,0,0
9373,5554,12,12,0
9373,5558,0,0,0
9373,5562,30,18,12
9373,5566,15,15,0
9373,5570,0,0,0
9373,5711,0,0,0
9373,5754,11,0,11
9373,5758,0,0,0
9373,5762,0,0,0
9373,5766,0,0,0
9373,5770,0,0,0
9373,5774,11,11,0
9373,5911,13,13,0
9373,5913,23,13,10
9373,5914,0,0,0
9373,5915,0,0,0
9373,5916,0,0,0
9373,5954,0,0,0
9373,5958,0,0,0
9373,5962,10,0,10
9373,5966,0,0,0
9373,5970,0,0,0
9373,5974,0,0,0
9373,5978,12,12,0
9373,6411,15,0,15
9373,6412,85,25,60
9373,6413,0,0,0
9373,6414,0,0,0
9373,6431,0,0,0
9373,6432,14,0,14
9373,6433,18,0,18
9373,6434,23,0,23
9373,6435,58,15,43
9373,6436,24,12,12
9373,6437,0,0,0
9373,6438,19,0,19
9373,6439,12,12,0
9373,6440,21,10,11
9373,6531,0,0,0
9373,6532,0,0,0
9373,6533,0,0,0
9373,6534,0,0,0
9373,6535,0,0,0
9373,6611,0,0,0
9373,6631,0,0,0
9373,6632,0,0,0
9373,6633,0,0,0
9373,6634,0,0,0
9373,6635,0,0,0
9373,6636,0,0,0
9373,7111,0,0,0
9373,7131,0,0,0
9373,7132,0,0,0
9373,7133,0,0,0
9373,7134,0,0,0
9373,7135,0,0,0
9373,7137,0,0,0
9373,7138,0,0,0
9373,7140,0,0,0
9373,7141,0,0,0
9373,7143,0,0,0
9373,7211,0,0,0
9373,7231,0,0,0
9373,7232,0,0,0
9373,7233,0,0,0
9373,7235,0,0,0
9373,7311,0,0,0
9373,7312,0,0,0
9373,7313,0,0,0
9373,7314,0,0,0
9373,7315,0,0,0
9373,7316,0,0,0
9373,7317,0,0,0
9373,7318,0,0,0
9373,7319,0,0,0
9373,7320,0,0,0
9373,7331,0,0,0
9373,7332,0,0,0
9373,7333,0,0,0
9373,7334,0,0,0
9373,7335,0,0,0
9373,7336,0,0,0
9373,7337,0,0,0
9373,7338,0,0,0
9373,7339,11,11,0
9373,7340,0,0,0
9373,8111,91,41,50
9373,8115,10,10,0
9373,8116,42,15,27
9373,8117,10,10,0
9373,8118,34,20,14
9373,8119,12,12,0
9373,8121,0,0,0
9373,8125,24,13,11
9373,8126,25,0,25
9373,8127,53,53,0
9373,8128,0,0,0
9373,8135,0,0,0
9373,8136,16,16,0
9373,8211,0,0,0
9373,8212,0,0,0
9373,8215,13,0,13
9373,8216,0,0,0
9373,8221,0,0,0
9373,8222,17,0,17
9373,8225,0,0,0
9373,8226,10,0,10
9373,8231,0,0,0
9373,8235,0,0,0
9373,8236,0,0,0
9373,8237,0,0,0
9373,8311,0,0,0
9373,8315,0,0,0
9373,8316,0,0,0
9373,8317,0,0,0
9373,8325,0,0,0
9373,8326,0,0,0
9373,8327,0,0,0
9373,8335,0,0,0
9373,8336,0,0,0
9373,8337,0,0,0
9373,8415,20,0,20
9373,8416,10,10,0
9373,8417,0,0,0
9373,8421,34,18,16
9373,8425,15,15,0
9373,8426,12,12,0
9373,8435,0,0,0
9373,8436,0,0,0
9373,8437,0,0,0
9373,9161,1363,83,1280
9373,9162,576,108,468
9373,9163,0,0,0
9373,9171,11,0,11
9373,9172,0,0,0
9373,9173,12,0,12
9373,9174,23,12,11
9373,9175,27,10,17
9373,9176,2392,924,1468
9373,9177,13,13,0
9373,9178,80,24,56
9373,9179,45,13,32
9373,9180,0,0,0
9373,9181,0,0,0
9373,9182,0,0,0
9373,9183,0,0,0
9373,9184,153,23,130
9373,9185,79,31,48
9373,9186,127,41,86
9373,9187,37,18,19
9373,9188,15,0,15
9373,9189,0,0,0
9373,9190,0,0,0
9373,9261,27,12,15
9373,9262,12,0,12
9373,9263,18,0,18
9373,9271,42,18,24
9373,9272,33,23,10
9373,9273,584,323,261
9373,9274,43,25,18
9373,9275,58,18,40
9373,9276,26,12,14
9373,9277,0,0,0
9373,9278,45,25,20
9373,9279,10,0,10
9373,9361,516,202,314
9373,9362,2068,280,1788
9373,9363,57,24,33
9373,9371,1213,983,230
9373,9372,130,98,32
9373,9373,0,0,0
9373,9374,96,68,28
9373,9375,1890,1150,740
9373,9376,510,310,200
9373,9377,35,19,16
9373,9461,41,11,30
9373,9462,42,17,25
9373,9463,0,0,0
9373,9464,0,0,0
9373,9471,92,59,33
9373,9472,65,42,23
9373,9473,0,0,0
9373,9474,106,68,38
9373,9475,0,0,0
9373,9476,10,10,0
9373,9477,0,0,0
9373,9478,0,0,0
9373,9479,10,10,0
9373,9561,63,17,46
9373,9562,529,88,441
9373,9563,515,158,357
9373,9564,6615,1112,5503
9373,9565,267,102,165
9373,9571,120,65,55
9373,9572,227,84,143
9373,9573,293,140,153
9373,9574,4014,1694,2320
9373,9575,64,30,34
9373,9576,3010,1435,1575
9373,9577,145,96,49
9373,9661,0,0,0
9373,9662,0,0,0
9373,9663,34,16,18
9373,9671,13,0,13
9373,9672,0,0,0
9373,9673,0,0,0
9373,9674,22,11,11
9373,9675,15,15,0
9373,9676,0,0,0
9373,9677,0,0,0
9373,9678,0,0,0
9373,9679,19,19,0
9373,9761,44,17,27
9373,9762,0,0,0
9373,9763,0,0,0
9373,9764,0,0,0
9373,9771,0,0,0
9373,9772,38,11,27
9373,9773,0,0,0
9373,9774,0,0,0
9373,9775,12,12,0
9373,9776,0,0,0
9373,9777,0,0,0
9373,9778,0,0,0
9373,9779,20,0,20
9373,9780,0,0,0
9373,10041,0,0,0
9373,10042,0,0,0
9373,10043,0,0,0
9373,10044,0,0,0
9373,10045,0,0,0
9373,10046,0,0,0
9373,11000,164,94,70
9373,12051,0,0,0
9373,12052,0,0,0
9373,12053,0,0,0
9373,12054,0,0,0
9373,12060,0,0,0
9373,12061,11,11,0
9373,12062,0,0,0
9373,12063,0,0,0
9373,12064,0,0,0
9373,12065,14,14,0
9373,12066,0,0,0
9373,12067,0,0,0
9373,12068,0,0,0
9373,12069,0,0,0
9373,12070,0,0,0
9373,12071,0,0,0
9373,12072,0,0,0
9373,12073,0,0,0
9373,13003,13,13,0
9373,13004,0,0,0
9373,13071,0,0,0
9373,13072,10,10,0
9373,13073,0,0,0
9373,13074,0,0,0
9373,13075,11,11,0
9373,13076,0,0,0
9373,14511,0,0,0
9373,14521,54,54,0
9373,14522,14,14,0
9373,14523,25,25,0
9373,14524,25,25,0
9373,14612,16,16,0
9373,14625,10,10,0
9373,14626,12,12,0
9373,14627,21,21,0
9373,14628,0,0,0
9373,14713,29,29,0
9373,14729,25,25,0
9373,14730,32,32,0
9373,15001,0,0,0
9373,15002,0,0,0
9373,15003,0,0,0
9373,15081,0,0,0
9373,15082,0,0,0
9373,15083,0,0,0
9373,15084,18,18,0
9373,15085,0,0,0
9373,15086,0,0,0
9373,15087,0,0,0
9373,15088,10,0,10
9373,15089,19,19,0
9373,15090,0,0,0
9373,15091,15,15,0
9373,16051,0,0,0
9373,16052,14,14,0
9373,16053,0,0,0
9373,16054,0,0,0
9373,16055,0,0,0
9373,16056,0,0,0
9373,16061,10,10,0
9373,16062,0,0,0
9373,16063,0,0,0
9373,16064,10,10,0
9373,16065,11,11,0
9373,16066,0,0,0
9373,16067,0,0,0
9373,16068,0,0,0
9373,16069,0,0,0
9373,16070,14,14,0
9373,16071,0,0,0
9373,16072,0,0,0
9373,16073,12,12,0
9373,16074,13,13,0
9373,16075,19,19,0
9373,16076,60,60,0
9373,16077,22,22,0
9374,1001,0,0,0
9374,1002,0,0,0
9374,1003,0,0,0
9374,1004,0,0,0
9374,1051,0,0,0
9374,1053,0,0,0
9374,1054,0,0,0
9374,1055,0,0,0
9374,1056,0,0,0
9374,1057,0,0,0
9374,1058,0,0,0
9374,1059,0,0,0
9374,1060,0,0,0
9374,1061,0,0,0
9374,1062,0,0,0
9374,2000,16,0,16
9374,3101,0,0,0
9374,3102,0,0,0
9374,3103,0,0,0
9374,3151,0,0,0
9374,3153,0,0,0
9374,3154,0,0,0
9374,3155,0,0,0
9374,3157,0,0,0
9374,3158,0,0,0
9374,3159,0,0,0
9374,3241,0,0,0
9374,3251,0,0,0
9374,3252,0,0,0
9374,3254,0,0,0
9374,3255,0,0,0
9374,3256,0,0,0
9374,3257,0,0,0
9374,3351,0,0,0
9374,3352,0,0,0
9374,3353,0,0,0
9374,3354,0,0,0
9374,3355,0,0,0
9374,3356,0,0,0
9374,3357,0,0,0
9374,3358,0,0,0
9374,3359,0,0,0
9374,3360,0,0,0
9374,3361,0,0,0
9374,3401,0,0,0
9374,3402,0,0,0
9374,3403,0,0,0
9374,3404,0,0,0
9374,3405,0,0,0
9374,3451,0,0,0
9374,3452,0,0,0
9374,3453,0,0,0
9374,3454,0,0,0
9374,3455,0,0,0
9374,3456,0,0,0
9374,3457,0,0,0
9374,3458,0,0,0
9374,3459,0,0,0
9374,3460,0,0,0
9374,3461,0,0,0
9374,3462,0,0,0
9374,4011,0,0,0
9374,4012,0,0,0
9374,5111,16,0,16
9374,5112,11,11,0
9374,5113,0,0,0
9374,5114,0,0,0
9374,5116,0,0,0
9374,5117,0,0,0
9374,5119,0,0,0
9374,5120,0,0,0
9374,5122,0,0,0
9374,5124,0,0,0
9374,5154,0,0,0
9374,5158,0,0,0
9374,5162,0,0,0
9374,5166,0,0,0
9374,5170,0,0,0
9374,5314,20,0,20
9374,5315,15,0,15
9374,5316,0,0,0
9374,5334,0,0,0
9374,5358,0,0,0
9374,5362,17,0,17
9374,5366,0,0,0
9374,5370,0,0,0
9374,5374,0,0,0
9374,5378,0,0,0
9374,5382,0,0,0
9374,5512,0,0,0
9374,5513,0,0,0
9374,5515,0,0,0
9374,5554,0,0,0
9374,5558,0,0,0
9374,5562,0,0,0
9374,5566,0,0,0
9374,5570,0,0,0
9374,5711,0,0,0
9374,5754,0,0,0
9374,5758,0,0,0
9374,5762,0,0,0
9374,5766,0,0,0
9374,5770,0,0,0
9374,5774,0,0,0
9374,5911,0,0,0
9374,5913,0,0,0
9374,5914,0,0,0
9374,5915,17,17,0
9374,5916,0,0,0
9374,5954,0,0,0
9374,5958,0,0,0
9374,5962,0,0,0
9374,5966,0,0,0
9374,5970,0,0,0
9374,5974,10,10,0
9374,5978,10,10,0
9374,6411,0,0,0
9374,6412,32,10,22
9374,6413,0,0,0
9374,6414,14,0,14
9374,6431,0,0,0
9374,6432,33,0,33
9374,6433,0,0,0
9374,6434,22,0,22
9374,6435,75,0,75
9374,6436,0,0,0
9374,6437,14,0,14
9374,6438,57,47,10
9374,6439,0,0,0
9374,6440,14,0,14
9374,6531,0,0,0
9374,6532,0,0,0
9374,6533,0,0,0
9374,6534,0,0,0
9374,6535,0,0,0
9374,6611,0,0,0
9374,6631,0,0,0
9374,6632,0,0,0
9374,6633,0,0,0
9374,6634,0,0,0
9374,6635,0,0,0
9374,6636,0,0,0
9374,7111,0,0,0
9374,7131,0,0,0
9374,7132,0,0,0
9374,7133,0,0,0
9374,7134,0,0,0
9374,7135,0,0,0
9374,7137,0,0,0
9374,7138,0,0,0
9374,7140,0,0,0
9374,7141,0,0,0
9374,7143,0,0,0
9374,7211,0,0,0
9374,7231,0,0,0
9374,7232,17,0,17
9374,7233,0,0,0
9374,7235,0,0,0
9374,7311,0,0,0
9374,7312,31,0,31
9374,7313,0,0,0
9374,7314,0,0,0
9374,7315,0,0,0
9374,7316,0,0,0
9374,7317,0,0,0
9374,7318,0,0,0
9374,7319,0,0,0
9374,7320,0,0,0
9374,7331,0,0,0
9374,7332,0,0,0
9374,7333,0,0,0
9374,7334,0,0,0
9374,7335,30,0,30
9374,7336,0,0,0
9374,7337,0,0,0
9374,7338,0,0,0
9374,7339,0,0,0
9374,7340,0,0,0
9374,8111,18,0,18
9374,8115,14,14,0
9374,8116,0,0,0
9374,8117,0,0,0
9374,8118,10,10,0
9374,8119,0,0,0
9374,8121,0,0,0
9374,8125,0,0,0
9374,8126,10,0,10
9374,8127,0,0,0
9374,8128,0,0,0
9374,8135,0,0,0
9374,8136,0,0,0
9374,8211,0,0,0
9374,8212,0,0,0
9374,8215,0,0,0
9374,8216,0,0,0
9374,8221,0,0,0
9374,8222,12,0,12
9374,8225,0,0,0
9374,8226,0,0,0
9374,8231,0,0,0
9374,8235,10,0,10
9374,8236,0,0,0
9374,8237,0,0,0
9374,8311,0,0,0
9374,8315,0,0,0
9374,8316,0,0,0
9374,8317,0,0,0
9374,8325,0,0,0
9374,8326,0,0,0
9374,8327,0,0,0
9374,8335,0,0,0
9374,8336,0,0,0
9374,8337,0,0,0
9374,8415,0,0,0
9374,8416,0,0,0
9374,8417,0,0,0
9374,8421,0,0,0
9374,8425,0,0,0
9374,8426,0,0,0
9374,8435,0,0,0
9374,8436,0,0,0
9374,8437,0,0,0
9374,9161,22,0,22
9374,9162,245,31,214
9374,9163,0,0,0
9374,9171,0,0,0
9374,9172,0,0,0
9374,9173,0,0,0
9374,9174,14,0,14
9374,9175,0,0,0
9374,9176,0,0,0
9374,9177,0,0,0
9374,9178,30,0,30
9374,9179,0,0,0
9374,9180,0,0,0
9374,9181,13,13,0
9374,9182,0,0,0
9374,9183,0,0,0
9374,9184,87,16,71
9374,9185,52,0,52
9374,9186,0,0,0
9374,9187,0,0,0
9374,9188,0,0,0
9374,9189,0,0,0
9374,9190,0,0,0
9374,9261,14,0,14
9374,9262,0,0,0
9374,9263,18,0,18
9374,9271,0,0,0
9374,9272,29,29,0
9374,9273,15,0,15
9374,9274,12,0,12
9374,9275,24,0,24
9374,9276,52,24,28
9374,9277,0,0,0
9374,9278,18,0,18
9374,9279,0,0,0
9374,9361,723,135,588
9374,9362,676,67,609
9374,9363,13716,3409,10307
9374,9371,2280,1050,1230
9374,9372,142,52,90
9374,9373,96,28,68
9374,9374,0,0,0
9374,9375,135,59,76
9374,9376,3333,1221,2112
9374,9377,4477,2618,1859
9374,9461,16,0,16
9374,9462,889,263,626
9374,9463,0,0,0
9374,9464,21,0,21
9374,9471,22,10,12
9374,9472,1284,786,498
9374,9473,0,0,0
9374,9474,11,11,0
9374,9475,96,57,39
9374,9476,0,0,0
9374,9477,65,41,24
9374,9478,0,0,0
9374,9479,383,201,182
9374,9561,14,0,14
9374,9562,86,0,86
9374,9563,19,0,19
9374,9564,459,65,394
9374,9565,0,0,0
9374,9571,30,0,30
9374,9572,15,0,15
9374,9573,0,0,0
9374,9574,144,59,85
9374,9575,13,0,13
9374,9576,35,15,20
9374,9577,0,0,0
9374,9661,0,0,0
9374,9662,0,0,0
9374,9663,10,0,10
9374,9671,0,0,0
9374,9672,0,0,0
9374,9673,0,0,0
9374,9674,0,0,0
9374,9675,14,0,14
9374,9676,0,0,0
9374,9677,0,0,0
9374,9678,0,0,0
9374,9679,11,0,11
9374,9761,32,0,32
9374,9762,0,0,0
9374,9763,0,0,0
9374,9764,0,0,0
9374,9771,0,0,0
9374,9772,0,0,0
9374,9773,0,0,0
9374,9774,0,0,0
9374,9775,0,0,0
9374,9776,0,0,0
9374,9777,0,0,0
9374,9778,0,0,0
9374,9779,0,0,0
9374,9780,0,0,0
9374,10041,0,0,0
9374,10042,0,0,0
9374,10043,0,0,0
9374,10044,0,0,0
9374,10045,0,0,0
9374,10046,0,0,0
9374,11000,36,10,26
9374,12051,0,0,0
9374,12052,0,0,0
9374,12053,0,0,0
9374,12054,0,0,0
9374,12060,0,0,0
9374,12061,0,0,0
9374,12062,0,0,0
9374,12063,0,0,0
9374,12064,0,0,0
9374,12065,0,0,0
9374,12066,0,0,0
9374,12067,0,0,0
9374,12068,0,0,0
9374,12069,0,0,0
9374,12070,0,0,0
9374,12071,0,0,0
9374,12072,0,0,0
9374,12073,0,0,0
9374,13003,0,0,0
9374,13004,0,0,0
9374,13071,0,0,0
9374,13072,0,0,0
9374,13073,0,0,0
9374,13074,0,0,0
9374,13075,0,0,0
9374,13076,13,13,0
9374,14511,17,17,0
9374,14521,29,29,0
9374,14522,31,31,0
9374,14523,32,32,0
9374,14524,18,18,0
9374,14612,0,0,0
9374,14625,0,0,0
9374,14626,0,0,0
9374,14627,0,0,0
9374,14628,0,0,0
9374,14713,0,0,0
9374,14729,0,0,0
9374,14730,0,0,0
9374,15001,0,0,0
9374,15002,0,0,0
9374,15003,0,0,0
9374,15081,0,0,0
9374,15082,0,0,0
9374,15083,0,0,0
9374,15084,10,10,0
9374,15085,0,0,0
9374,15086,0,0,0
9374,15087,0,0,0
9374,15088,0,0,0
9374,15089,0,0,0
9374,15090,0,0,0
9374,15091,0,0,0
9374,16051,0,0,0
9374,16052,0,0,0
9374,16053,0,0,0
9374,16054,0,0,0
9374,16055,0,0,0
9374,16056,0,0,0
9374,16061,0,0,0
9374,16062,0,0,0
9374,16063,0,0,0
9374,16064,12,12,0
9374,16065,0,0,0
9374,16066,0,0,0
9374,16067,0,0,0
9374,16068,0,0,0
9374,16069,0,0,0
9374,16070,0,0,0
9374,16071,0,0,0
9374,16072,0,0,0
9374,16073,0,0,0
9374,16074,0,0,0
9374,16075,0,0,0
9374,16076,0,0,0
9374,16077,0,0,0
9375,1001,0,0,0
9375,1002,0,0,0
9375,1003,0,0,0
9375,1004,0,0,0
9375,1051,0,0,0
9375,1053,0,0,0
9375,1054,0,0,0
9375,1055,0,0,0
9375,1056,0,0,0
9375,1057,0,0,0
9375,1058,0,0,0
9375,1059,0,0,0
9375,1060,0,0,0
9375,1061,0,0,0
9375,1062,0,0,0
9375,2000,89,12,77
9375,3101,0,0,0
9375,3102,0,0,0
9375,3103,13,0,13
9375,3151,0,0,0
9375,3153,0,0,0
9375,3154,0,0,0
9375,3155,0,0,0
9375,3157,0,0,0
9375,3158,0,0,0
9375,3159,0,0,0
9375,3241,27,0,27
9375,3251,0,0,0
9375,3252,0,0,0
9375,3254,0,0,0
9375,3255,0,0,0
9375,3256,0,0,0
9375,3257,0,0,0
9375,3351,0,0,0
9375,3352,0,0,0
9375,3353,0,0,0
9375,3354,0,0,0
9375,3355,0,0,0
9375,3356,0,0,0
9375,3357,0,0,0
9375,3358,0,0,0
9375,3359,0,0,0
9375,3360,0,0,0
9375,3361,0,0,0
9375,3401,0,0,0
9375,3402,267,0,267
9375,3403,0,0,0
9375,3404,0,0,0
9375,3405,0,0,0
9375,3451,0,0,0
9375,3452,13,0,13
9375,3453,0,0,0
9375,3454,0,0,0
9375,3455,0,0,0
9375,3456,0,0,0
9375,3457,0,0,0
9375,3458,0,0,0
9375,3459,0,0,0
9375,3460,0,0,0
9375,3461,0,0,0
9375,3462,0,0,0
9375,4011,33,0,33
9375,4012,22,0,22
9375,5111,65,0,65
9375,5112,11,0,11
9375,5113,22,0,22
9375,5114,0,0,0
9375,5116,0,0,0
9375,5117,0,0,0
9375,5119,0,0,0
9375,5120,11,0,11
9375,5122,0,0,0
9375,5124,0,0,0
9375,5154,0,0,0
9375,5158,24,0,24
9375,5162,17,0,17
9375,5166,0,0,0
9375,5170,10,0,10
9375,5314,18,0,18
9375,5315,57,0,57
9375,5316,0,0,0
9375,5334,12,0,12
9375,5358,0,0,0
9375,5362,0,0,0
9375,5366,0,0,0
9375,5370,0,0,0
9375,5374,18,0,18
9375,5378,0,0,0
9375,5382,21,0,21
9375,5512,0,0,0
9375,5513,0,0,0
9375,5515,0,0,0
9375,5554,0,0,0
9375,5558,0,0,0
9375,5562,0,0,0
9375,5566,10,10,0
9375,5570,0,0,0
9375,5711,10,10,0
9375,5754,20,0,20
9375,5758,10,10,0
9375,5762,0,0,0
9375,5766,0,0,0
9375,5770,0,0,0
9375,5774,0,0,0
9375,5911,0,0,0
9375,5913,18,0,18
9375,5914,0,0,0
9375,5915,0,0,0
9375,5916,0,0,0
9375,5954,10,0,10
9375,5958,0,0,0
9375,5962,0,0,0
9375,5966,0,0,0
9375,5970,0,0,0
9375,5974,11,0,11
9375,5978,18,0,18
9375,6411,0,0,0
9375,6412,47,0,47
9375,6413,0,0,0
9375,6414,12,0,12
9375,6431,11,0,11
9375,6432,23,0,23
9375,6433,46,0,46
9375,6434,29,0,29
9375,6435,35,0,35
9375,6436,18,0,18
9375,6437,0,0,0
9375,6438,10,0,10
9375,6439,0,0,0
9375,6440,0,0,0
9375,6531,0,0,0
9375,6532,0,0,0
9375,6533,0,0,0
9375,6534,0,0,0
9375,6535,0,0,0
9375,6611,0,0,0
9375,6631,0,0,0
9375,6632,0,0,0
9375,6633,0,0,0
9375,6634,0,0,0
9375,6635,0,0,0
9375,6636,0,0,0
9375,7111,0,0,0
9375,7131,0,0,0
9375,7132,0,0,0
9375,7133,0,0,0
9375,7134,0,0,0
9375,7135,0,0,0
9375,7137,0,0,0
9375,7138,0,0,0
9375,7140,0,0,0
9375,7141,0,0,0
9375,7143,0,0,0
9375,7211,0,0,0
9375,7231,0,0,0
9375,7232,0,0,0
9375,7233,0,0,0
9375,7235,0,0,0
9375,7311,0,0,0
9375,7312,0,0,0
9375,7313,0,0,0
9375,7314,0,0,0
9375,7315,30,0,30
9375,7316,0,0,0
9375,7317,0,0,0
9375,7318,0,0,0
9375,7319,0,0,0
9375,7320,0,0,0
9375,7331,0,0,0
9375,7332,0,0,0
9375,7333,0,0,0
9375,7334,0,0,0
9375,7335,0,0,0
9375,7336,0,0,0
9375,7337,0,0,0
9375,7338,0,0,0
9375,7339,0,0,0
9375,7340,0,0,0
9375,8111,93,0,93
9375,8115,20,0,20
9375,8116,29,0,29
9375,8117,15,0,15
9375,8118,40,11,29
9375,8119,0,0,0
9375,8121,0,0,0
9375,8125,24,10,14
9375,8126,27,0,27
9375,8127,11,0,11
9375,8128,16,0,16
9375,8135,0,0,0
9375,8136,30,20,10
9375,8211,0,0,0
9375,8212,11,0,11
9375,8215,27,10,17
9375,8216,0,0,0
9375,8221,0,0,0
9375,8222,33,12,21
9375,8225,0,0,0
9375,8226,36,12,24
9375,8231,0,0,0
9375,8235,0,0,0
9375,8236,14,0,14
9375,8237,0,0,0
9375,8311,10,0,10
9375,8315,10,0,10
9375,8316,0,0,0
9375,8317,0,0,0
9375,8325,0,0,0
9375,8326,0,0,0
9375,8327,0,0,0
9375,8335,0,0,0
9375,8336,0,0,0
9375,8337,0,0,0
9375,8415,15,0,15
9375,8416,0,0,0
9375,8417,0,0,0
9375,8421,14,0,14
9375,8425,0,0,0
9375,8426,43,0,43
9375,8435,0,0,0
9375,8436,14,0,14
9375,8437,0,0,0
9375,9161,487,52,435
9375,9162,1402,181,1221
9375,9163,41,29,12
9375,9171,20,0,20
9375,9172,20,10,10
9375,9173,34,12,22
9375,9174,58,16,42
9375,9175,44,0,44
9375,9176,181,67,114
9375,9177,51,18,33
9375,9178,232,69,163
9375,9179,54,14,40
9375,9180,0,0,0
9375,9181,31,14,17
9375,9182,0,0,0
9375,9183,40,21,19
9375,9184,400,31,369
9375,9185,58,12,46
9375,9186,172,52,120
9375,9187,135,36,99
9375,9188,48,12,36
9375,9189,31,0,31
9375,9190,31,14,17
9375,9261,307,52,255
9375,9262,113,31,82
9375,9263,1348,403,945
9375,9271,312,163,149
9375,9272,47,37,10
9375,9273,4655,2701,1954
9375,9274,661,348,313
9375,9275,155,84,71
9375,9276,94,61,33
9375,9277,76,34,42
9375,9278,2432,1585,847
9375,9279,328,135,193
9375,9361,233,73,160
9375,9362,48733,7763,40970
9375,9363,111,47,64
9375,9371,329,230,99
9375,9372,2052,1348,704
9375,9373,1890,740,1150
9375,9374,135,76,59
9375,9375,0,0,0
9375,9376,4862,2852,2010
9375,9377,67,45,22
9375,9461,20,0,20
9375,9462,41,25,16
9375,9463,0,0,0
9375,9464,12,12,0
9375,9471,19,0,19
9375,9472,10,10,0
9375,9473,0,0,0
9375,9474,0,0,0
9375,9475,49,35,14
9375,9476,0,0,0
9375,9477,0,0,0
9375,9478,0,0,0
9375,9479,35,35,0
9375,9561,0,0,0
9375,9562,112,11,101
9375,9563,106,26,80
9375,9564,690,91,599
9375,9565,53,42,11
9375,9571,20,20,0
9375,9572,44,10,34
9375,9573,34,14,20
9375,9574,88,40,48
9375,9575,12,12,0
9375,9576,62,32,30
9375,9577,11,11,0
9375,9661,0,0,0
9375,9662,0,0,0
9375,9663,62,0,62
9375,9671,0,0,0
9375,9672,0,0,0
9375,9673,0,0,0
9375,9674,0,0,0
9375,9675,12,0,12
9375,9676,25,0,25
9375,9677,0,0,0
9375,9678,10,0,10
9375,9679,0,0,0
9375,9761,76,21,55
9375,9762,0,0,0
9375,9763,0,0,0
9375,9764,0,0,0
9375,9771,12,0,12
9375,9772,44,20,24
9375,9773,0,0,0
9375,9774,0,0,0
9375,9775,27,16,11
9375,9776,0,0,0
9375,9777,0,0,0
9375,9778,0,0,0
9375,9779,16,0,16
9375,9780,28,0,28
9375,10041,0,0,0
9375,10042,0,0,0
9375,10043,0,0,0
9375,10044,0,0,0
9375,10045,0,0,0
9375,10046,0,0,0
9375,11000,122,28,94
9375,12051,0,0,0
9375,12052,0,0,0
9375,12053,0,0,0
9375,12054,0,0,0
9375,12060,0,0,0
9375,12061,0,0,0
9375,12062,0,0,0
9375,12063,0,0,0
9375,12064,0,0,0
9375,12065,0,0,0
9375,12066,0,0,0
9375,12067,0,0,0
9375,12068,0,0,0
9375,12069,0,0,0
9375,12070,0,0,0
9375,12071,0,0,0
9375,12072,0,0,0
9375,12073,0,0,0
9375,13003,0,0,0
9375,13004,0,0,0
9375,13071,0,0,0
9375,13072,0,0,0
9375,13073,0,0,0
9375,13074,0,0,0
9375,13075,0,0,0
9375,13076,0,0,0
9375,14511,22,12,10
9375,14521,41,41,0
9375,14522,23,23,0
9375,14523,23,23,0
9375,14524,15,15,0
9375,14612,45,16,29
9375,14625,10,0,10
9375,14626,12,12,0
9375,14627,16,16,0
9375,14628,14,14,0
9375,14713,27,0,27
9375,14729,11,11,0
9375,14730,13,13,0
9375,15001,0,0,0
9375,15002,0,0,0
9375,15003,0,0,0
9375,15081,0,0,0
9375,15082,26,26,0
9375,15083,0,0,0
9375,15084,0,0,0
9375,15085,0,0,0
9375,15086,0,0,0
9375,15087,0,0,0
9375,15088,0,0,0
9375,15089,10,10,0
9375,15090,0,0,0
9375,15091,0,0,0
9375,16051,0,0,0
9375,16052,0,0,0
9375,16053,0,0,0
9375,16054,0,0,0
9375,16055,0,0,0
9375,16056,0,0,0
9375,16061,0,0,0
9375,16062,0,0,0
9375,16063,0,0,0
9375,16064,0,0,0
9375,16065,0,0,0
9375,16066,0,0,0
9375,16067,0,0,0
9375,16068,0,0,0
9375,16069,0,0,0
9375,16070,0,0,0
9375,16071,0,0,0
9375,16072,0,0,0
9375,16073,0,0,0
9375,16074,0,0,0
9375,16075,0,0,0
9375,16076,16,16,0
9375,16077,0,0,0
9376,1001,0,0,0
9376,1002,0,0,0
9376,1003,0,0,0
9376,1004,0,0,0
9376,1051,0,0,0
9376,1053,0,0,0
9376,1054,0,0,0
9376,1055,0,0,0
9376,1056,0,0,0
9376,1057,0,0,0
9376,1058,0,0,0
9376,1059,0,0,0
9376,1060,0,0,0
9376,1061,0,0,0
9376,1062,0,0,0
9376,2000,65,12,53
9376,3101,0,0,0
9376,3102,0,0,0
9376,3103,0,0,0
9376,3151,0,0,0
9376,3153,0,0,0
9376,3154,0,0,0
9376,3155,0,0,0
9376,3157,0,0,0
9376,3158,0,0,0
9376,3159,0,0,0
9376,3241,30,14,16
9376,3251,0,0,0
9376,3252,0,0,0
9376,3254,0,0,0
9376,3255,0,0,0
9376,3256,0,0,0
9376,3257,0,0,0
9376,3351,0,0,0
9376,3352,0,0,0
9376,3353,0,0,0
9376,3354,0,0,0
9376,3355,0,0,0
9376,3356,0,0,0
9376,3357,0,0,0
9376,3358,0,0,0
9376,3359,0,0,0
9376,3360,0,0,0
9376,3361,0,0,0
9376,3401,0,0,0
9376,3402,37,0,37
9376,3403,0,0,0
9376,3404,0,0,0
9376,3405,0,0,0
9376,3451,0,0,0
9376,3452,0,0,0
9376,3453,0,0,0
9376,3454,0,0,0
9376,3455,0,0,0
9376,3456,0,0,0
9376,3457,0,0,0
9376,3458,0,0,0
9376,3459,0,0,0
9376,3460,0,0,0
9376,3461,0,0,0
9376,3462,0,0,0
9376,4011,0,0,0
9376,4012,0,0,0
9376,5111,26,0,26
9376,5112,0,0,0
9376,5113,10,0,10
9376,5114,0,0,0
9376,5116,0,0,0
9376,5117,0,0,0
9376,5119,0,0,0
9376,5120,0,0,0
9376,5122,0,0,0
9376,5124,0,0,0
9376,5154,0,0,0
9376,5158,0,0,0
9376,5162,11,11,0
9376,5166,0,0,0
9376,5170,0,0,0
9376,5314,0,0,0
9376,5315,40,0,40
9376,5316,0,0,0
9376,5334,0,0,0
9376,5358,0,0,0
9376,5362,0,0,0
9376,5366,0,0,0
9376,5370,0,0,0
9376,5374,0,0,0
9376,5378,13,13,0
9376,5382,24,0,24
9376,5512,0,0,0
9376,5513,0,0,0
9376,5515,0,0,0
9376,5554,0,0,0
9376,5558,0,0,0
9376,5562,11,0,11
9376,5566,0,0,0
9376,5570,0,0,0
9376,5711,0,0,0
9376,5754,21,0,21
9376,5758,0,0,0
9376,5762,0,0,0
9376,5766,0,0,0
9376,5770,0,0,0
9376,5774,0,0,0
9376,5911,0,0,0
9376,5913,0,0,0
9376,5914,0,0,0
9376,5915,0,0,0
9376,5916,0,0,0
9376,5954,0,0,0
9376,5958,0,0,0
9376,5962,0,0,0
9376,5966,0,0,0
9376,5970,0,0,0
9376,5974,0,0,0
9376,5978,11,0,11
9376,6411,0,0,0
9376,6412,30,0,30
9376,6413,0,0,0
9376,6414,0,0,0
9376,6431,0,0,0
9376,6432,0,0,0
9376,6433,10,0,10
9376,6434,14,0,14
9376,6435,30,0,30
9376,6436,0,0,0
9376,6437,0,0,0
9376,6438,12,0,12
9376,6439,0,0,0
9376,6440,0,0,0
9376,6531,0,0,0
9376,6532,0,0,0
9376,6533,0,0,0
9376,6534,0,0,0
9376,6535,0,0,0
9376,6611,0,0,0
9376,6631,10,0,10
9376,6632,0,0,0
9376,6633,0,0,0
9376,6634,0,0,0
9376,6635,0,0,0
9376,6636,0,0,0
9376,7111,0,0,0
9376,7131,0,0,0
9376,7132,0,0,0
9376,7133,0,0,0
9376,7134,0,0,0
9376,7135,0,0,0
9376,7137,18,0,18
9376,7138,0,0,0
9376,7140,0,0,0
9376,7141,0,0,0
9376,7143,0,0,0
9376,7211,0,0,0
9376,7231,0,0,0
9376,7232,0,0,0
9376,7233,0,0,0
9376,7235,0,0,0
9376,7311,0,0,0
9376,7312,0,0,0
9376,7313,0,0,0
9376,7314,0,0,0
9376,7315,0,0,0
9376,7316,0,0,0
9376,7317,0,0,0
9376,7318,0,0,0
9376,7319,0,0,0
9376,7320,0,0,0
9376,7331,0,0,0
9376,7332,0,0,0
9376,7333,0,0,0
9376,7334,0,0,0
9376,7335,0,0,0
9376,7336,0,0,0
9376,7337,0,0,0
9376,7338,0,0,0
9376,7339,0,0,0
9376,7340,0,0,0
9376,8111,37,0,37
9376,8115,0,0,0
9376,8116,41,22,19
9376,8117,0,0,0
9376,8118,22,0,22
9376,8119,18,18,0
9376,8121,45,0,45
9376,8125,34,0,34
9376,8126,15,0,15
9376,8127,0,0,0
9376,8128,283,0,283
9376,8135,0,0,0
9376,8136,0,0,0
9376,8211,0,0,0
9376,8212,11,0,11
9376,8215,0,0,0
9376,8216,0,0,0
9376,8221,0,0,0
9376,8222,12,0,12
9376,8225,0,0,0
9376,8226,0,0,0
9376,8231,0,0,0
9376,8235,27,0,27
9376,8236,34,0,34
9376,8237,0,0,0
9376,8311,0,0,0
9376,8315,0,0,0
9376,8316,0,0,0
9376,8317,22,11,11
9376,8325,0,0,0
9376,8326,0,0,0
9376,8327,0,0,0
9376,8335,11,0,11
9376,8336,0,0,0
9376,8337,0,0,0
9376,8415,0,0,0
9376,8416,0,0,0
9376,8417,0,0,0
9376,8421,0,0,0
9376,8425,0,0,0
9376,8426,10,0,10
9376,8435,0,0,0
9376,8436,0,0,0
9376,8437,0,0,0
9376,9161,179,0,179
9376,9162,562,80,482
9376,9163,0,0,0
9376,9171,15,15,0
9376,9172,14,14,0
9376,9173,25,11,14
9376,9174,28,0,28
9376,9175,30,11,19
9376,9176,45,23,22
9376,9177,39,15,24
9376,9178,106,32,74
9376,9179,37,15,22
9376,9180,0,0,0
9376,9181,0,0,0
9376,9182,0,0,0
9376,9183,17,17,0
9376,9184,243,11,232
9376,9185,51,18,33
9376,9186,64,28,36
9376,9187,68,34,34
9376,9188,24,0,24
9376,9189,33,33,0
9376,9190,0,0,0
9376,9261,72,12,60
9376,9262,39,11,28
9376,9263,105,43,62
9376,9271,72,38,34
9376,9272,28,15,13
9376,9273,336,161,175
9376,9274,92,34,58
9376,9275,70,26,44
9376,9276,71,36,35
9376,9277,48,32,16
9376,9278,165,89,76
9376,9279,70,22,48
9376,9361,3367,947,2420
9376,9362,9696,1261,8435
9376,9363,1941,791,1150
9376,9371,3606,2457,1149
9376,9372,4487,2459,2028
9376,9373,510,200,310
9376,9374,3333,2112,1221
9376,9375,4862,2010,2852
9376,9376,0,0,0
9376,9377,288,196,92
9376,9461,14,0,14
9376,9462,44,14,30
9376,9463,0,0,0
9376,9464,18,0,18
9376,9471,12,0,12
9376,9472,38,38,0
9376,9473,0,0,0
9376,9474,31,16,15
9376,9475,30,10,20
9376,9476,21,21,0
9376,9477,22,11,11
9376,9478,0,0,0
9376,9479,72,48,24
9376,9561,0,0,0
9376,9562,77,12,65
9376,9563,98,24,74
9376,9564,557,98,459
9376,9565,10,0,10
9376,9571,27,17,10
9376,9572,31,0,31
9376,9573,28,10,18
9376,9574,102,55,47
9376,9575,11,0,11
9376,9576,89,11,78
9376,9577,21,11,10
9376,9661,0,0,0
9376,9662,0,0,0
9376,9663,17,0,17
9376,9671,0,0,0
9376,9672,13,13,0
9376,9673,0,0,0
9376,9674,0,0,0
9376,9675,10,10,0
9376,9676,19,0,19
9376,9677,11,11,0
9376,9678,0,0,0
9376,9679,61,17,44
9376,9761,70,0,70
9376,9762,0,0,0
9376,9763,0,0,0
9376,9764,0,0,0
9376,9771,13,0,13
9376,9772,12,0,12
9376,9773,0,0,0
9376,9774,0,0,0
9376,9775,12,0,12
9376,9776,0,0,0
9376,9777,16,0,16
9376,9778,0,0,0
9376,9779,10,0,10
9376,9780,10,0,10
9376,10041,0,0,0
9376,10042,0,0,0
9376,10043,0,0,0
9376,10044,0,0,0
9376,10045,0,0,0
9376,10046,0,0,0
9376,11000,85,36,49
9376,12051,0,0,0
9376,12052,0,0,0
9376,12053,0,0,0
9376,12054,0,0,0
9376,12060,0,0,0
9376,12061,0,0,0
9376,12062,0,0,0
9376,12063,0,0,0
9376,12064,0,0,0
9376,12065,0,0,0
9376,12066,0,0,0
9376,12067,0,0,0
9376,12068,0,0,0
9376,12069,0,0,0
9376,12070,0,0,0
9376,12071,0,0,0
9376,12072,0,0,0
9376,12073,0,0,0
9376,13003,0,0,0
9376,13004,0,0,0
9376,13071,12,12,0
9376,13072,0,0,0
9376,13073,0,0,0
9376,13074,0,0,0
9376,13075,0,0,0
9376,13076,0,0,0
9376,14511,16,16,0
9376,14521,58,58,0
9376,14522,31,31,0
9376,14523,34,34,0
9376,14524,38,38,0
9376,14612,27,14,13
9376,14625,25,25,0
9376,14626,16,16,0
9376,14627,10,10,0
9376,14628,10,10,0
9376,14713,13,0,13
9376,14729,14,14,0
9376,14730,15,15,0
9376,15001,0,0,0
9376,15002,0,0,0
9376,15003,0,0,0
9376,15081,0,0,0
9376,15082,0,0,0
9376,15083,0,0,0
9376,15084,19,19,0
9376,15085,0,0,0
9376,15086,0,0,0
9376,15087,0,0,0
9376,15088,0,0,0
9376,15089,10,10,0
9376,15090,0,0,0
9376,15091,0,0,0
9376,16051,0,0,0
9376,16052,14,14,0
9376,16053,0,0,0
9376,16054,0,0,0
9376,16055,0,0,0
9376,16056,0,0,0
9376,16061,0,0,0
9376,16062,0,0,0
9376,16063,0,0,0
9376,16064,0,0,0
9376,16065,0,0,0
9376,16066,0,0,0
9376,16067,0,0,0
9376,16068,0,0,0
9376,16069,0,0,0
9376,16070,0,0,0
9376,16071,0,0,0
9376,16072,11,11,0
9376,16073,0,0,0
9376,16074,10,10,0
9376,16075,0,0,0
9376,16076,15,15,0
9376,16077,32,32,0
9377,1001,0,0,0
9377,1002,0,0,0
9377,1003,0,0,0
9377,1004,0,0,0
9377,1051,0,0,0
9377,1053,0,0,0
9377,1054,0,0,0
9377,1055,0,0,0
9377,1056,0,0,0
9377,1057,0,0,0
9377,1058,0,0,0
9377,1059,0,0,0
9377,1060,0,0,0
9377,1061,0,0,0
9377,1062,0,0,0
9377,2000,0,0,0
9377,3101,0,0,0
9377,3102,0,0,0
9377,3103,0,0,0
9377,3151,0,0,0
9377,3153,0,0,0
9377,3154,0,0,0
9377,3155,0,0,0
9377,3157,0,0,0
9377,3158,0,0,0
9377,3159,0,0,0
9377,3241,0,0,0
9377,3251,0,0,0
9377,3252,0,0,0
9377,3254,0,0,0
9377,3255,0,0,0
9377,3256,0,0,0
9377,3257,0,0,0
9377,3351,0,0,0
9377,3352,0,0,0
9377,3353,0,0,0
9377,3354,0,0,0
9377,3355,0,0,0
9377,3356,0,0,0
9377,3357,0,0,0
9377,3358,0,0,0
9377,3359,0,0,0
9377,3360,0,0,0
9377,3361,0,0,0
9377,3401,0,0,0
9377,3402,0,0,0
9377,3403,0,0,0
9377,3404,10,0,10
9377,3405,0,0,0
9377,3451,0,0,0
9377,3452,0,0,0
9377,3453,0,0,0
9377,3454,0,0,0
9377,3455,0,0,0
9377,3456,0,0,0
9377,3457,0,0,0
9377,3458,0,0,0
9377,3459,0,0,0
9377,3460,0,0,0
9377,3461,0,0,0
9377,3462,0,0,0
9377,4011,0,0,0
9377,4012,0,0,0
9377,5111,0,0,0
9377,5112,0,0,0
9377,5113,0,0,0
9377,5114,0,0,0
9377,5116,0,0,0
9377,5117,0,0,0
9377,5119,0,0,0
9377,5120,0,0,0
9377,5122,0,0,0
9377,5124,0,0,0
9377,5154,0,0,0
9377,5158,0,0,0
9377,5162,0,0,0
9377,5166,0,0,0
9377,5170,0,0,0
9377,5314,0,0,0
9377,5315,10,0,10
9377,5316,0,0,0
9377,5334,0,0,0
9377,5358,0,0,0
9377,5362,0,0,0
9377,5366,0,0,0
9377,5370,0,0,0
9377,5374,0,0,0
9377,5378,0,0,0
9377,5382,0,0,0
9377,5512,0,0,0
9377,5513,0,0,0
9377,5515,0,0,0
9377,5554,0,0,0
9377,5558,0,0,0
9377,5562,0,0,0
9377,5566,0,0,0
9377,5570,0,0,0
9377,5711,0,0,0
9377,5754,0,0,0
9377,5758,0,0,0
9377,5762,0,0,0
9377,5766,0,0,0
9377,5770,0,0,0
9377,5774,0,0,0
9377,5911,0,0,0
9377,5913,0,0,0
9377,5914,0,0,0
9377,5915,0,0,0
9377,5916,0,0,0
9377,5954,0,0,0
9377,5958,0,0,0
9377,5962,0,0,0
9377,5966,0,0,0
9377,5970,0,0,0
9377,5974,0,0,0
9377,5978,0,0,0
9377,6411,0,0,0
9377,6412,0,0,0
9377,6413,0,0,0
9377,6414,0,0,0
9377,6431,0,0,0
9377,6432,0,0,0
9377,6433,0,0,0
9377,6434,0,0,0
9377,6435,31,0,31
9377,6436,0,0,0
9377,6437,0,0,0
9377,6438,0,0,0
9377,6439,0,0,0
9377,6440,0,0,0
9377,6531,0,0,0
9377,6532,0,0,0
9377,6533,0,0,0
9377,6534,0,0,0
9377,6535,0,0,0
9377,6611,0,0,0
9377,6631,0,0,0
9377,6632,0,0,0
9377,6633,0,0,0
9377,6634,0,0,0
9377,6635,0,0,0
9377,6636,0,0,0
9377,7111,0,0,0
9377,7131,0,0,0
9377,7132,0,0,0
9377,7133,0,0,0
9377,7134,0,0,0
9377,7135,0,0,0
9377,7137,0,0,0
9377,7138,0,0,0
9377,7140,0,0,0
9377,7141,0,0,0
9377,7143,0,0,0
9377,7211,0,0,0
9377,7231,0,0,0
9377,7232,0,0,0
9377,7233,0,0,0
9377,7235,0,0,0
9377,7311,0,0,0
9377,7312,0,0,0
9377,7313,0,0,0
9377,7314,0,0,0
9377,7315,0,0,0
9377,7316,0,0,0
9377,7317,0,0,0
9377,7318,0,0,0
9377,7319,0,0,0
9377,7320,0,0,0
9377,7331,0,0,0
9377,7332,0,0,0
9377,7333,0,0,0
9377,7334,0,0,0
9377,7335,0,0,0
9377,7336,0,0,0
9377,7337,0,0,0
9377,7338,0,0,0
9377,7339,0,0,0
9377,7340,0,0,0
9377,8111,10,0,10
9377,8115,0,0,0
9377,8116,0,0,0
9377,8117,0,0,0
9377,8118,0,0,0
9377,8119,0,0,0
9377,8121,0,0,0
9377,8125,0,0,0
9377,8126,0,0,0
9377,8127,0,0,0
9377,8128,0,0,0
9377,8135,0,0,0
9377,8136,0,0,0
9377,8211,0,0,0
9377,8212,0,0,0
9377,8215,0,0,0
9377,8216,0,0,0
9377,8221,0,0,0
9377,8222,0,0,0
9377,8225,0,0,0
9377,8226,0,0,0
9377,8231,0,0,0
9377,8235,0,0,0
9377,8236,0,0,0
9377,8237,0,0,0
9377,8311,0,0,0
9377,8315,0,0,0
9377,8316,0,0,0
9377,8317,0,0,0
9377,8325,0,0,0
9377,8326,0,0,0
9377,8327,0,0,0
9377,8335,0,0,0
9377,8336,0,0,0
9377,8337,0,0,0
9377,8415,0,0,0
9377,8416,0,0,0
9377,8417,0,0,0
9377,8421,0,0,0
9377,8425,0,0,0
9377,8426,0,0,0
9377,8435,0,0,0
9377,8436,0,0,0
9377,8437,0,0,0
9377,9161,13,0,13
9377,9162,157,28,129
9377,9163,0,0,0
9377,9171,0,0,0
9377,9172,0,0,0
9377,9173,0,0,0
9377,9174,0,0,0
9377,9175,0,0,0
9377,9176,0,0,0
9377,9177,0,0,0
9377,9178,20,0,20
9377,9179,0,0,0
9377,9180,0,0,0
9377,9181,0,0,0
9377,9182,0,0,0
9377,9183,0,0,0
9377,9184,54,0,54
9377,9185,23,0,23
9377,9186,10,0,10
9377,9187,0,0,0
9377,9188,0,0,0
9377,9189,0,0,0
9377,9190,0,0,0
9377,9261,0,0,0
9377,9262,0,0,0
9377,9263,0,0,0
9377,9271,0,0,0
9377,9272,0,0,0
9377,9273,17,0,17
9377,9274,14,0,14
9377,9275,0,0,0
9377,9276,0,0,0
9377,9277,10,0,10
9377,9278,11,0,11
9377,9279,0,0,0
9377,9361,132,13,119
9377,9362,278,22,256
9377,9363,2910,457,2453
9377,9371,243,72,171
9377,9372,58,16,42
9377,9373,35,16,19
9377,9374,4477,1859,2618
9377,9375,67,22,45
9377,9376,288,92,196
9377,9377,0,0,0
9377,9461,12,0,12
9377,9462,1133,243,890
9377,9463,0,0,0
9377,9464,122,35,87
9377,9471,28,10,18
9377,9472,1354,861,493
9377,9473,0,0,0
9377,9474,11,0,11
9377,9475,194,83,111
9377,9476,0,0,0
9377,9477,80,38,42
9377,9478,0,0,0
9377,9479,5287,1822,3465
9377,9561,0,0,0
9377,9562,56,0,56
9377,9563,11,0,11
9377,9564,213,41,172
9377,9565,0,0,0
9377,9571,0,0,0
9377,9572,27,17,10
9377,9573,0,0,0
9377,9574,42,15,27
9377,9575,0,0,0
9377,9576,11,11,0
9377,9577,0,0,0
9377,9661,0,0,0
9377,9662,0,0,0
9377,9663,33,18,15
9377,9671,0,0,0
9377,9672,0,0,0
9377,9673,0,0,0
9377,9674,12,12,0
9377,9675,0,0,0
9377,9676,0,0,0
9377,9677,0,0,0
9377,9678,0,0,0
9377,9679,27,0,27
9377,9761,0,0,0
9377,9762,0,0,0
9377,9763,0,0,0
9377,9764,0,0,0
9377,9771,0,0,0
9377,9772,0,0,0
9377,9773,0,0,0
9377,9774,0,0,0
9377,9775,0,0,0
9377,9776,0,0,0
9377,9777,0,0,0
9377,9778,0,0,0
9377,9779,0,0,0
9377,9780,0,0,0
9377,10041,0,0,0
9377,10042,0,0,0
9377,10043,0,0,0
9377,10044,0,0,0
9377,10045,0,0,0
9377,10046,0,0,0
9377,11000,25,0,25
9377,12051,0,0,0
9377,12052,0,0,0
9377,12053,0,0,0
9377,12054,0,0,0
9377,12060,0,0,0
9377,12061,0,0,0
9377,12062,0,0,0
9377,12063,0,0,0
9377,12064,0,0,0
9377,12065,0,0,0
9377,12066,0,0,0
9377,12067,0,0,0
9377,12068,0,0,0
9377,12069,0,0,0
9377,12070,0,0,0
9377,12071,0,0,0
9377,12072,0,0,0
9377,12073,0,0,0
9377,13003,0,0,0
9377,13004,0,0,0
9377,13071,0,0,0
9377,13072,0,0,0
9377,13073,0,0,0
9377,13074,0,0,0
9377,13075,0,0,0
9377,13076,0,0,0
9377,14511,13,13,0
9377,14521,49,49,0
9377,14522,10,10,0
9377,14523,89,59,30
9377,14524,42,42,0
9377,14612,14,14,0
9377,14625,0,0,0
9377,14626,0,0,0
9377,14627,0,0,0
9377,14628,13,13,0
9377,14713,14,14,0
9377,14729,0,0,0
9377,14730,0,0,0
9377,15001,0,0,0
9377,15002,0,0,0
9377,15003,0,0,0
9377,15081,0,0,0
9377,15082,0,0,0
9377,15083,0,0,0
9377,15084,12,12,0
9377,15085,0,0,0
9377,15086,0,0,0
9377,15087,0,0,0
9377,15088,0,0,0
9377,15089,0,0,0
9377,15090,0,0,0
9377,15091,0,0,0
9377,16051,0,0,0
9377,16052,0,0,0
9377,16053,0,0,0
9377,16054,0,0,0
9377,16055,0,0,0
9377,16056,0,0,0
9377,16061,0,0,0
9377,16062,0,0,0
9377,16063,0,0,0
9377,16064,0,0,0
9377,16065,0,0,0
9377,16066,0,0,0
9377,16067,0,0,0
9377,16068,0,0,0
9377,16069,0,0,0
9377,16070,0,0,0
9377,16071,0,0,0
9377,16072,0,0,0
9377,16073,0,0,0
9377,16074,0,0,0
9377,16075,0,0,0
9377,16076,0,0,0
9377,16077,13,13,0
9461,1001,0,0,0
9461,1002,0,0,0
9461,1003,0,0,0
9461,1004,0,0,0
9461,1051,0,0,0
9461,1053,0,0,0
9461,1054,0,0,0
9461,1055,0,0,0
9461,1056,28,28,0
9461,1057,0,0,0
9461,1058,0,0,0
9461,1059,0,0,0
9461,1060,0,0,0
9461,1061,0,0,0
9461,1062,0,0,0
9461,2000,87,42,45
9461,3101,0,0,0
9461,3102,0,0,0
9461,3103,0,0,0
9461,3151,0,0,0
9461,3153,0,0,0
9461,3154,0,0,0
9461,3155,0,0,0
9461,3157,0,0,0
9461,3158,0,0,0
9461,3159,0,0,0
9461,3241,34,0,34
9461,3251,0,0,0
9461,3252,0,0,0
9461,3254,0,0,0
9461,3255,0,0,0
9461,3256,0,0,0
9461,3257,0,0,0
9461,3351,0,0,0
9461,3352,0,0,0
9461,3353,0,0,0
9461,3354,0,0,0
9461,3355,0,0,0
9461,3356,0,0,0
9461,3357,0,0,0
9461,3358,0,0,0
9461,3359,0,0,0
9461,3360,0,0,0
9461,3361,0,0,0
9461,3401,0,0,0
9461,3402,0,0,0
9461,3403,0,0,0
9461,3404,0,0,0
9461,3405,0,0,0
9461,3451,0,0,0
9461,3452,0,0,0
9461,3453,0,0,0
9461,3454,0,0,0
9461,3455,0,0,0
9461,3456,0,0,0
9461,3457,0,0,0
9461,3458,0,0,0
9461,3459,0,0,0
9461,3460,0,0,0
9461,3461,0,0,0
9461,3462,0,0,0
9461,4011,0,0,0
9461,4012,0,0,0
9461,5111,26,0,26
9461,5112,0,0,0
9461,5113,0,0,0
9461,5114,10,0,10
9461,5116,0,0,0
9461,5117,0,0,0
9461,5119,0,0,0
9461,5120,0,0,0
9461,5122,0,0,0
9461,5124,0,0,0
9461,5154,0,0,0
9461,5158,0,0,0
9461,5162,0,0,0
9461,5166,0,0,0
9461,5170,0,0,0
9461,5314,0,0,0
9461,5315,52,13,39
9461,5316,0,0,0
9461,5334,0,0,0
9461,5358,0,0,0
9461,5362,0,0,0
9461,5366,0,0,0
9461,5370,0,0,0
9461,5374,0,0,0
9461,5378,0,0,0
9461,5382,0,0,0
9461,5512,0,0,0
9461,5513,0,0,0
9461,5515,0,0,0
9461,5554,0,0,0
9461,5558,0,0,0
9461,5562,0,0,0
9461,5566,21,21,0
9461,5570,0,0,0
9461,5711,0,0,0
9461,5754,35,35,0
9461,5758,0,0,0
9461,5762,0,0,0
9461,5766,0,0,0
9461,5770,0,0,0
9461,5774,0,0,0
9461,5911,0,0,0
9461,5913,0,0,0
9461,5914,0,0,0
9461,5915,0,0,0
9461,5916,0,0,0
9461,5954,0,0,0
9461,5958,0,0,0
9461,5962,0,0,0
9461,5966,0,0,0
9461,5970,0,0,0
9461,5974,0,0,0
9461,5978,0,0,0
9461,6411,16,0,16
9461,6412,93,23,70
9461,6413,0,0,0
9461,6414,0,0,0
9461,6431,0,0,0
9461,6432,0,0,0
9461,6433,0,0,0
9461,6434,17,0,17
9461,6435,22,22,0
9461,6436,13,0,13
9461,6437,0,0,0
9461,6438,10,10,0
9461,6439,0,0,0
9461,6440,32,0,32
9461,6531,0,0,0
9461,6532,0,0,0
9461,6533,0,0,0
9461,6534,0,0,0
9461,6535,0,0,0
9461,6611,0,0,0
9461,6631,29,17,12
9461,6632,17,17,0
9461,6633,0,0,0
9461,6634,49,49,0
9461,6635,0,0,0
9461,6636,0,0,0
9461,7111,0,0,0
9461,7131,0,0,0
9461,7132,0,0,0
9461,7133,0,0,0
9461,7134,0,0,0
9461,7135,0,0,0
9461,7137,0,0,0
9461,7138,0,0,0
9461,7140,0,0,0
9461,7141,0,0,0
9461,7143,0,0,0
9461,7211,0,0,0
9461,7231,0,0,0
9461,7232,0,0,0
9461,7233,0,0,0
9461,7235,0,0,0
9461,7311,0,0,0
9461,7312,0,0,0
9461,7313,0,0,0
9461,7314,12,0,12
9461,7315,0,0,0
9461,7316,0,0,0
9461,7317,0,0,0
9461,7318,0,0,0
9461,7319,0,0,0
9461,7320,0,0,0
9461,7331,0,0,0
9461,7332,0,0,0
9461,7333,0,0,0
9461,7334,0,0,0
9461,7335,0,0,0
9461,7336,0,0,0
9461,7337,0,0,0
9461,7338,0,0,0
9461,7339,0,0,0
9461,7340,0,0,0
9461,8111,49,11,38
9461,8115,38,20,18
9461,8116,15,0,15
9461,8117,0,0,0
9461,8118,52,16,36
9461,8119,11,0,11
9461,8121,0,0,0
9461,8125,16,16,0
9461,8126,0,0,0
9461,8127,0,0,0
9461,8128,14,14,0
9461,8135,0,0,0
9461,8136,0,0,0
9461,8211,0,0,0
9461,8212,16,0,16
9461,8215,0,0,0
9461,8216,0,0,0
9461,8221,0,0,0
9461,8222,18,0,18
9461,8225,0,0,0
9461,8226,23,23,0
9461,8231,0,0,0
9461,8235,0,0,0
9461,8236,0,0,0
9461,8237,0,0,0
9461,8311,0,0,0
9461,8315,0,0,0
9461,8316,0,0,0
9461,8317,0,0,0
9461,8325,0,0,0
9461,8326,0,0,0
9461,8327,0,0,0
9461,8335,0,0,0
9461,8336,0,0,0
9461,8337,0,0,0
9461,8415,12,12,0
9461,8416,13,13,0
9461,8417,0,0,0
9461,8421,10,0,10
9461,8425,0,0,0
9461,8426,0,0,0
9461,8435,0,0,0
9461,8436,0,0,0
9461,8437,0,0,0
9461,9161,21,0,21
9461,9162,406,104,302
9461,9163,0,0,0
9461,9171,0,0,0
9461,9172,0,0,0
9461,9173,0,0,0
9461,9174,0,0,0
9461,9175,0,0,0
9461,9176,22,10,12
9461,9177,0,0,0
9461,9178,39,12,27
9461,9179,12,0,12
9461,9180,0,0,0
9461,9181,11,11,0
9461,9182,23,23,0
9461,9183,0,0,0
9461,9184,66,21,45
9461,9185,0,0,0
9461,9186,25,10,15
9461,9187,10,10,0
9461,9188,10,0,10
9461,9189,0,0,0
9461,9190,0,0,0
9461,9261,0,0,0
9461,9262,0,0,0
9461,9263,0,0,0
9461,9271,0,0,0
9461,9272,0,0,0
9461,9273,0,0,0
9461,9274,0,0,0
9461,9275,0,0,0
9461,9276,0,0,0
9461,9277,0,0,0
9461,9278,16,0,16
9461,9279,0,0,0
9461,9361,0,0,0
9461,9362,58,23,35
9461,9363,0,0,0
9461,9371,13,13,0
9461,9372,0,0,0
9461,9373,41,30,11
9461,9374,16,16,0
9461,9375,20,20,0
9461,9376,14,14,0
9461,9377,12,12,0
9461,9461,0,0,0
9461,9462,422,212,210
9461,9463,538,234,304
9461,9464,47,22,25
9461,9471,28176,23512,4664
9461,9472,439,405,34
9461,9473,544,466,78
9461,9474,2274,1609,665
9461,9475,64,52,12
9461,9476,357,296,61
9461,9477,406,317,89
9461,9478,1963,1483,480
9461,9479,31,31,0
9461,9561,81,60,21
9461,9562,1275,304,971
9461,9563,267,140,127
9461,9564,1429,460,969
9461,9565,10,0,10
9461,9571,137,85,52
9461,9572,1030,618,412
9461,9573,122,83,39
9461,9574,162,117,45
9461,9575,162,120,42
9461,9576,55,30,25
9461,9577,18,18,0
9461,9661,0,0,0
9461,9662,335,112,223
9461,9663,358,242,116
9461,9671,0,0,0
9461,9672,97,47,50
9461,9673,56,39,17
9461,9674,3855,3290,565
9461,9675,106,66,40
9461,9676,0,0,0
9461,9677,65,48,17
9461,9678,341,277,64
9461,9679,103,74,29
9461,9761,12,0,12
9461,9762,0,0,0
9461,9763,0,0,0
9461,9764,0,0,0
9461,9771,0,0,0
9461,9772,0,0,0
9461,9773,0,0,0
9461,9774,0,0,0
9461,9775,0,0,0
9461,9776,0,0,0
9461,9777,0,0,0
9461,9778,0,0,0
9461,9779,0,0,0
9461,9780,0,0,0
9461,10041,0,0,0
9461,10042,0,0,0
9461,10043,0,0,0
9461,10044,0,0,0
9461,10045,0,0,0
9461,10046,0,0,0
9461,11000,192,72,120
9461,12051,0,0,0
9461,12052,0,0,0
9461,12053,0,0,0
9461,12054,0,0,0
9461,12060,0,0,0
9461,12061,0,0,0
9461,12062,0,0,0
9461,12063,0,0,0
9461,12064,0,0,0
9461,12065,0,0,0
9461,12066,0,0,0
9461,12067,0,0,0
9461,12068,0,0,0
9461,12069,0,0,0
9461,12070,0,0,0
9461,12071,0,0,0
9461,12072,0,0,0
9461,12073,0,0,0
9461,13003,0,0,0
9461,13004,0,0,0
9461,13071,0,0,0
9461,13072,0,0,0
9461,13073,0,0,0
9461,13074,0,0,0
9461,13075,0,0,0
9461,13076,0,0,0
9461,14511,0,0,0
9461,14521,16,16,0
9461,14522,20,20,0
9461,14523,29,29,0
9461,14524,14,14,0
9461,14612,26,12,14
9461,14625,10,10,0
9461,14626,0,0,0
9461,14627,0,0,0
9461,14628,0,0,0
9461,14713,80,63,17
9461,14729,0,0,0
9461,14730,15,15,0
9461,15001,0,0,0
9461,15002,0,0,0
9461,15003,0,0,0
9461,15081,0,0,0
9461,15082,0,0,0
9461,15083,0,0,0
9461,15084,0,0,0
9461,15085,0,0,0
9461,15086,0,0,0
9461,15087,0,0,0
9461,15088,0,0,0
9461,15089,0,0,0
9461,15090,0,0,0
9461,15091,0,0,0
9461,16051,0,0,0
9461,16052,0,0,0
9461,16053,0,0,0
9461,16054,0,0,0
9461,16055,0,0,0
9461,16056,0,0,0
9461,16061,0,0,0
9461,16062,0,0,0
9461,16063,0,0,0
9461,16064,0,0,0
9461,16065,0,0,0
9461,16066,25,25,0
9461,16067,0,0,0
9461,16068,0,0,0
9461,16069,66,54,12
9461,16070,25,15,10
9461,16071,0,0,0
9461,16072,66,50,16
9461,16073,17,17,0
9461,16074,35,35,0
9461,16075,11,11,0
9461,16076,0,0,0
9461,16077,0,0,0
9462,1001,0,0,0
9462,1002,0,0,0
9462,1003,0,0,0
9462,1004,0,0,0
9462,1051,0,0,0
9462,1053,0,0,0
9462,1054,0,0,0
9462,1055,0,0,0
9462,1056,0,0,0
9462,1057,0,0,0
9462,1058,0,0,0
9462,1059,0,0,0
9462,1060,0,0,0
9462,1061,0,0,0
9462,1062,0,0,0
9462,2000,111,51,60
9462,3101,0,0,0
9462,3102,0,0,0
9462,3103,0,0,0
9462,3151,0,0,0
9462,3153,11,0,11
9462,3154,0,0,0
9462,3155,0,0,0
9462,3157,0,0,0
9462,3158,0,0,0
9462,3159,0,0,0
9462,3241,53,33,20
9462,3251,0,0,0
9462,3252,0,0,0
9462,3254,0,0,0
9462,3255,0,0,0
9462,3256,0,0,0
9462,3257,0,0,0
9462,3351,0,0,0
9462,3352,0,0,0
9462,3353,11,11,0
9462,3354,0,0,0
9462,3355,0,0,0
9462,3356,0,0,0
9462,3357,0,0,0
9462,3358,0,0,0
9462,3359,0,0,0
9462,3360,0,0,0
9462,3361,13,13,0
9462,3401,0,0,0
9462,3402,0,0,0
9462,3403,0,0,0
9462,3404,0,0,0
9462,3405,0,0,0
9462,3451,0,0,0
9462,3452,0,0,0
9462,3453,0,0,0
9462,3454,0,0,0
9462,3455,0,0,0
9462,3456,0,0,0
9462,3457,0,0,0
9462,3458,0,0,0
9462,3459,16,0,16
9462,3460,0,0,0
9462,3461,0,0,0
9462,3462,0,0,0
9462,4011,15,15,0
9462,4012,0,0,0
9462,5111,35,12,23
9462,5112,0,0,0
9462,5113,0,0,0
9462,5114,0,0,0
9462,5116,0,0,0
9462,5117,0,0,0
9462,5119,0,0,0
9462,5120,0,0,0
9462,5122,0,0,0
9462,5124,0,0,0
9462,5154,0,0,0
9462,5158,0,0,0
9462,5162,0,0,0
9462,5166,0,0,0
9462,5170,0,0,0
9462,5314,13,0,13
9462,5315,49,21,28
9462,5316,0,0,0
9462,5334,0,0,0
9462,5358,0,0,0
9462,5362,10,0,10
9462,5366,0,0,0
9462,5370,0,0,0
9462,5374,17,0,17
9462,5378,0,0,0
9462,5382,20,10,10
9462,5512,0,0,0
9462,5513,0,0,0
9462,5515,0,0,0
9462,5554,0,0,0
9462,5558,0,0,0
9462,5562,0,0,0
9462,5566,0,0,0
9462,5570,0,0,0
9462,5711,0,0,0
9462,5754,0,0,0
9462,5758,0,0,0
9462,5762,0,0,0
9462,5766,0,0,0
9462,5770,0,0,0
9462,5774,0,0,0
9462,5911,0,0,0
9462,5913,0,0,0
9462,5914,0,0,0
9462,5915,0,0,0
9462,5916,0,0,0
9462,5954,0,0,0
9462,5958,0,0,0
9462,5962,0,0,0
9462,5966,0,0,0
9462,5970,0,0,0
9462,5974,0,0,0
9462,5978,0,0,0
9462,6411,0,0,0
9462,6412,112,22,90
9462,6413,0,0,0
9462,6414,11,0,11
9462,6431,0,0,0
9462,6432,11,11,0
9462,6433,11,0,11
9462,6434,19,0,19
9462,6435,14,0,14
9462,6436,17,0,17
9462,6437,0,0,0
9462,6438,12,0,12
9462,6439,0,0,0
9462,6440,0,0,0
9462,6531,12,12,0
9462,6532,0,0,0
9462,6533,0,0,0
9462,6534,0,0,0
9462,6535,0,0,0
9462,6611,0,0,0
9462,6631,0,0,0
9462,6632,0,0,0
9462,6633,0,0,0
9462,6634,0,0,0
9462,6635,0,0,0
9462,6636,0,0,0
9462,7111,0,0,0
9462,7131,0,0,0
9462,7132,0,0,0
9462,7133,0,0,0
9462,7134,0,0,0
9462,7135,0,0,0
9462,7137,0,0,0
9462,7138,0,0,0
9462,7140,0,0,0
9462,7141,0,0,0
9462,7143,0,0,0
9462,7211,0,0,0
9462,7231,0,0,0
9462,7232,0,0,0
9462,7233,0,0,0
9462,7235,0,0,0
9462,7311,0,0,0
9462,7312,0,0,0
9462,7313,0,0,0
9462,7314,0,0,0
9462,7315,0,0,0
9462,7316,0,0,0
9462,7317,0,0,0
9462,7318,0,0,0
9462,7319,0,0,0
9462,7320,0,0,0
9462,7331,0,0,0
9462,7332,0,0,0
9462,7333,0,0,0
9462,7334,0,0,0
9462,7335,0,0,0
9462,7336,0,0,0
9462,7337,0,0,0
9462,7338,0,0,0
9462,7339,0,0,0
9462,7340,0,0,0
9462,8111,57,16,41
9462,8115,28,12,16
9462,8116,17,0,17
9462,8117,0,0,0
9462,8118,13,0,13
9462,8119,12,0,12
9462,8121,0,0,0
9462,8125,10,0,10
9462,8126,0,0,0
9462,8127,0,0,0
9462,8128,0,0,0
9462,8135,0,0,0
9462,8136,0,0,0
9462,8211,0,0,0
9462,8212,0,0,0
9462,8215,10,10,0
9462,8216,0,0,0
9462,8221,0,0,0
9462,8222,22,10,12
9462,8225,0,0,0
9462,8226,26,12,14
9462,8231,0,0,0
9462,8235,0,0,0
9462,8236,0,0,0
9462,8237,0,0,0
9462,8311,0,0,0
9462,8315,0,0,0
9462,8316,0,0,0
9462,8317,0,0,0
9462,8325,0,0,0
9462,8326,0,0,0
9462,8327,0,0,0
9462,8335,0,0,0
9462,8336,0,0,0
9462,8337,0,0,0
9462,8415,0,0,0
9462,8416,0,0,0
9462,8417,0,0,0
9462,8421,0,0,0
9462,8425,0,0,0
9462,8426,0,0,0
9462,8435,0,0,0
9462,8436,0,0,0
9462,8437,0,0,0
9462,9161,21,0,21
9462,9162,471,128,343
9462,9163,0,0,0
9462,9171,0,0,0
9462,9172,0,0,0
9462,9173,0,0,0
9462,9174,0,0,0
9462,9175,0,0,0
9462,9176,22,12,10
9462,9177,0,0,0
9462,9178,33,14,19
9462,9179,0,0,0
9462,9180,0,0,0
9462,9181,0,0,0
9462,9182,0,0,0
9462,9183,0,0,0
9462,9184,88,29,59
9462,9185,0,0,0
9462,9186,22,0,22
9462,9187,16,16,0
9462,9188,26,10,16
9462,9189,0,0,0
9462,9190,10,10,0
9462,9261,0,0,0
9462,9262,0,0,0
9462,9263,0,0,0
9462,9271,0,0,0
9462,9272,0,0,0
9462,9273,12,12,0
9462,9274,14,0,14
9462,9275,0,0,0
9462,9276,0,0,0
9462,9277,0,0,0
9462,9278,0,0,0
9462,9279,0,0,0
9462,9361,35,17,18
9462,9362,87,25,62
9462,9363,159,92,67
9462,9371,418,274,144
9462,9372,13,13,0
9462,9373,42,25,17
9462,9374,889,626,263
9462,9375,41,16,25
9462,9376,44,30,14
9462,9377,1133,890,243
9462,9461,422,210,212
9462,9462,0,0,0
9462,9463,96,65,31
9462,9464,427,310,117
9462,9471,517,450,67
9462,9472,18124,15520,2604
9462,9473,152,131,21
9462,9474,267,216,51
9462,9475,1253,1011,242
9462,9476,311,253,58
9462,9477,5325,4162,1163
9462,9478,355,270,85
9462,9479,618,528,90
9462,9561,0,0,0
9462,9562,145,50,95
9462,9563,100,50,50
9462,9564,874,270,604
9462,9565,20,20,0
9462,9571,21,21,0
9462,9572,107,58,49
9462,9573,48,36,12
9462,9574,285,180,105
9462,9575,12,12,0
9462,9576,73,48,25
9462,9577,11,11,0
9462,9661,0,0,0
9462,9662,29,17,12
9462,9663,45,17,28
9462,9671,16,16,0
9462,9672,15,15,0
9462,9673,14,14,0
9462,9674,85,69,16
9462,9675,0,0,0
9462,9676,44,44,0
9462,9677,10,10,0
9462,9678,28,28,0
9462,9679,23,23,0
9462,9761,38,13,25
9462,9762,0,0,0
9462,9763,0,0,0
9462,9764,0,0,0
9462,9771,0,0,0
9462,9772,23,10,13
9462,9773,0,0,0
9462,9774,0,0,0
9462,9775,0,0,0
9462,9776,0,0,0
9462,9777,0,0,0
9462,9778,0,0,0
9462,9779,10,0,10
9462,9780,0,0,0
9462,10041,0,0,0
9462,10042,0,0,0
9462,10043,0,0,0
9462,10044,0,0,0
9462,10045,0,0,0
9462,10046,0,0,0
9462,11000,271,134,137
9462,12051,0,0,0
9462,12052,0,0,0
9462,12053,0,0,0
9462,12054,0,0,0
9462,12060,0,0,0
9462,12061,0,0,0
9462,12062,0,0,0
9462,12063,0,0,0
9462,12064,0,0,0
9462,12065,0,0,0
9462,12066,0,0,0
9462,12067,0,0,0
9462,12068,0,0,0
9462,12069,0,0,0
9462,12070,0,0,0
9462,12071,0,0,0
9462,12072,0,0,0
9462,12073,0,0,0
9462,13003,0,0,0
9462,13004,0,0,0
9462,13071,0,0,0
9462,13072,0,0,0
9462,13073,0,0,0
9462,13074,0,0,0
9462,13075,0,0,0
9462,13076,0,0,0
9462,14511,46,33,13
9462,14521,45,45,0
9462,14522,15,15,0
9462,14523,223,205,18
9462,14524,77,67,10
9462,14612,44,27,17
9462,14625,15,15,0
9462,14626,0,0,0
9462,14627,0,0,0
9462,14628,0,0,0
9462,14713,55,40,15
9462,14729,0,0,0
9462,14730,30,30,0
9462,15001,0,0,0
9462,15002,11,11,0
9462,15003,0,0,0
9462,15081,0,0,0
9462,15082,0,0,0
9462,15083,0,0,0
9462,15084,21,21,0
9462,15085,0,0,0
9462,15086,0,0,0
9462,15087,0,0,0
9462,15088,17,17,0
9462,15089,0,0,0
9462,15090,0,0,0
9462,15091,0,0,0
9462,16051,0,0,0
9462,16052,34,34,0
9462,16053,25,25,0
9462,16054,0,0,0
9462,16055,0,0,0
9462,16056,0,0,0
9462,16061,0,0,0
9462,16062,0,0,0
9462,16063,0,0,0
9462,16064,0,0,0
9462,16065,0,0,0
9462,16066,0,0,0
9462,16067,0,0,0
9462,16068,0,0,0
9462,16069,15,15,0
9462,16070,0,0,0
9462,16071,10,10,0
9462,16072,135,121,14
9462,16073,27,27,0
9462,16074,28,28,0
9462,16075,99,99,0
9462,16076,33,33,0
9462,16077,0,0,0
9463,1001,0,0,0
9463,1002,0,0,0
9463,1003,0,0,0
9463,1004,0,0,0
9463,1051,0,0,0
9463,1053,0,0,0
9463,1054,0,0,0
9463,1055,0,0,0
9463,1056,0,0,0
9463,1057,0,0,0
9463,1058,0,0,0
9463,1059,0,0,0
9463,1060,0,0,0
9463,1061,0,0,0
9463,1062,0,0,0
9463,2000,33,16,17
9463,3101,0,0,0
9463,3102,0,0,0
9463,3103,0,0,0
9463,3151,0,0,0
9463,3153,0,0,0
9463,3154,0,0,0
9463,3155,0,0,0
9463,3157,0,0,0
9463,3158,0,0,0
9463,3159,0,0,0
9463,3241,15,15,0
9463,3251,0,0,0
9463,3252,0,0,0
9463,3254,0,0,0
9463,3255,0,0,0
9463,3256,0,0,0
9463,3257,0,0,0
9463,3351,0,0,0
9463,3352,0,0,0
9463,3353,0,0,0
9463,3354,0,0,0
9463,3355,0,0,0
9463,3356,0,0,0
9463,3357,0,0,0
9463,3358,0,0,0
9463,3359,0,0,0
9463,3360,0,0,0
9463,3361,0,0,0
9463,3401,0,0,0
9463,3402,0,0,0
9463,3403,0,0,0
9463,3404,0,0,0
9463,3405,0,0,0
9463,3451,0,0,0
9463,3452,0,0,0
9463,3453,0,0,0
9463,3454,0,0,0
9463,3455,0,0,0
9463,3456,0,0,0
9463,3457,0,0,0
9463,3458,0,0,0
9463,3459,0,0,0
9463,3460,0,0,0
9463,3461,0,0,0
9463,3462,0,0,0
9463,4011,0,0,0
9463,4012,0,0,0
9463,5111,0,0,0
9463,5112,0,0,0
9463,5113,0,0,0
9463,5114,0,0,0
9463,5116,0,0,0
9463,5117,0,0,0
9463,5119,0,0,0
9463,5120,0,0,0
9463,5122,0,0,0
9463,5124,0,0,0
9463,5154,0,0,0
9463,5158,0,0,0
9463,5162,10,10,0
9463,5166,0,0,0
9463,5170,0,0,0
9463,5314,0,0,0
9463,5315,24,10,14
9463,5316,0,0,0
9463,5334,0,0,0
9463,5358,0,0,0
9463,5362,0,0,0
9463,5366,0,0,0
9463,5370,0,0,0
9463,5374,0,0,0
9463,5378,0,0,0
9463,5382,0,0,0
9463,5512,0,0,0
9463,5513,0,0,0
9463,5515,0,0,0
9463,5554,0,0,0
9463,5558,0,0,0
9463,5562,0,0,0
9463,5566,0,0,0
9463,5570,0,0,0
9463,5711,0,0,0
9463,5754,0,0,0
9463,5758,0,0,0
9463,5762,0,0,0
9463,5766,0,0,0
9463,5770,0,0,0
9463,5774,0,0,0
9463,5911,0,0,0
9463,5913,0,0,0
9463,5914,0,0,0
9463,5915,0,0,0
9463,5916,0,0,0
9463,5954,0,0,0
9463,5958,0,0,0
9463,5962,0,0,0
9463,5966,0,0,0
9463,5970,0,0,0
9463,5974,0,0,0
9463,5978,0,0,0
9463,6411,0,0,0
9463,6412,42,13,29
9463,6413,0,0,0
9463,6414,0,0,0
9463,6431,0,0,0
9463,6432,0,0,0
9463,6433,14,0,14
9463,6434,0,0,0
9463,6435,0,0,0
9463,6436,0,0,0
9463,6437,0,0,0
9463,6438,0,0,0
9463,6439,0,0,0
9463,6440,0,0,0
9463,6531,0,0,0
9463,6532,0,0,0
9463,6533,0,0,0
9463,6534,0,0,0
9463,6535,0,0,0
9463,6611,0,0,0
9463,6631,11,11,0
9463,6632,0,0,0
9463,6633,0,0,0
9463,6634,0,0,0
9463,6635,0,0,0
9463,6636,0,0,0
9463,7111,0,0,0
9463,7131,0,0,0
9463,7132,0,0,0
9463,7133,0,0,0
9463,7134,0,0,0
9463,7135,0,0,0
9463,7137,0,0,0
9463,7138,0,0,0
9463,7140,0,0,0
9463,7141,0,0,0
9463,7143,0,0,0
9463,7211,0,0,0
9463,7231,0,0,0
9463,7232,0,0,0
9463,7233,0,0,0
9463,7235,0,0,0
9463,7311,0,0,0
9463,7312,0,0,0
9463,7313,0,0,0
9463,7314,0,0,0
9463,7315,0,0,0
9463,7316,0,0,0
9463,7317,0,0,0
9463,7318,0,0,0
9463,7319,0,0,0
9463,7320,0,0,0
9463,7331,0,0,0
9463,7332,0,0,0
9463,7333,0,0,0
9463,7334,0,0,0
9463,7335,0,0,0
9463,7336,0,0,0
9463,7337,0,0,0
9463,7338,0,0,0
9463,7339,0,0,0
9463,7340,0,0,0
9463,8111,32,14,18
9463,8115,0,0,0
9463,8116,0,0,0
9463,8117,0,0,0
9463,8118,0,0,0
9463,8119,0,0,0
9463,8121,0,0,0
9463,8125,0,0,0
9463,8126,0,0,0
9463,8127,0,0,0
9463,8128,0,0,0
9463,8135,0,0,0
9463,8136,0,0,0
9463,8211,0,0,0
9463,8212,0,0,0
9463,8215,0,0,0
9463,8216,0,0,0
9463,8221,0,0,0
9463,8222,0,0,0
9463,8225,0,0,0
9463,8226,0,0,0
9463,8231,0,0,0
9463,8235,0,0,0
9463,8236,0,0,0
9463,8237,0,0,0
9463,8311,0,0,0
9463,8315,0,0,0
9463,8316,0,0,0
9463,8317,0,0,0
9463,8325,0,0,0
9463,8326,0,0,0
9463,8327,0,0,0
9463,8335,0,0,0
9463,8336,0,0,0
9463,8337,0,0,0
9463,8415,0,0,0
9463,8416,0,0,0
9463,8417,0,0,0
9463,8421,0,0,0
9463,8425,0,0,0
9463,8426,0,0,0
9463,8435,0,0,0
9463,8436,0,0,0
9463,8437,0,0,0
9463,9161,0,0,0
9463,9162,215,63,152
9463,9163,0,0,0
9463,9171,0,0,0
9463,9172,0,0,0
9463,9173,0,0,0
9463,9174,0,0,0
9463,9175,0,0,0
9463,9176,0,0,0
9463,9177,0,0,0
9463,9178,0,0,0
9463,9179,0,0,0
9463,9180,0,0,0
9463,9181,0,0,0
9463,9182,0,0,0
9463,9183,0,0,0
9463,9184,22,0,22
9463,9185,0,0,0
9463,9186,0,0,0
9463,9187,0,0,0
9463,9188,0,0,0
9463,9189,0,0,0
9463,9190,0,0,0
9463,9261,0,0,0
9463,9262,0,0,0
9463,9263,0,0,0
9463,9271,0,0,0
9463,9272,0,0,0
9463,9273,0,0,0
9463,9274,0,0,0
9463,9275,0,0,0
9463,9276,0,0,0
9463,9277,0,0,0
9463,9278,0,0,0
9463,9279,0,0,0
9463,9361,0,0,0
9463,9362,25,12,13
9463,9363,0,0,0
9463,9371,0,0,0
9463,9372,0,0,0
9463,9373,0,0,0
9463,9374,0,0,0
9463,9375,0,0,0
9463,9376,0,0,0
9463,9377,0,0,0
9463,9461,538,304,234
9463,9462,96,31,65
9463,9463,0,0,0
9463,9464,41,29,12
9463,9471,697,500,197
9463,9472,48,37,11
9463,9473,17207,13734,3473
9463,9474,63,44,19
9463,9475,96,85,11
9463,9476,1252,1042,210
9463,9477,145,96,49
9463,9478,2318,1656,662
9463,9479,19,19,0
9463,9561,0,0,0
9463,9562,68,19,49
9463,9563,36,20,16
9463,9564,291,75,216
9463,9565,0,0,0
9463,9571,0,0,0
9463,9572,47,33,14
9463,9573,0,0,0
9463,9574,56,15,41
9463,9575,11,11,0
9463,9576,0,0,0
9463,9577,0,0,0
9463,9661,0,0,0
9463,9662,62,14,48
9463,9663,96,36,60
9463,9671,0,0,0
9463,9672,42,28,14
9463,9673,71,54,17
9463,9674,806,646,160
9463,9675,26,14,12
9463,9676,0,0,0
9463,9677,14,14,0
9463,9678,35,35,0
9463,9679,38,25,13
9463,9761,0,0,0
9463,9762,0,0,0
9463,9763,0,0,0
9463,9764,0,0,0
9463,9771,0,0,0
9463,9772,0,0,0
9463,9773,0,0,0
9463,9774,0,0,0
9463,9775,0,0,0
9463,9776,0,0,0
9463,9777,0,0,0
9463,9778,0,0,0
9463,9779,0,0,0
9463,9780,0,0,0
9463,10041,0,0,0
9463,10042,0,0,0
9463,10043,0,0,0
9463,10044,0,0,0
9463,10045,0,0,0
9463,10046,0,0,0
9463,11000,207,151,56
9463,12051,0,0,0
9463,12052,0,0,0
9463,12053,0,0,0
9463,12054,0,0,0
9463,12060,17,17,0
9463,12061,0,0,0
9463,12062,0,0,0
9463,12063,0,0,0
9463,12064,0,0,0
9463,12065,0,0,0
9463,12066,0,0,0
9463,12067,0,0,0
9463,12068,0,0,0
9463,12069,0,0,0
9463,12070,0,0,0
9463,12071,0,0,0
9463,12072,0,0,0
9463,12073,0,0,0
9463,13003,0,0,0
9463,13004,0,0,0
9463,13071,0,0,0
9463,13072,0,0,0
9463,13073,0,0,0
9463,13074,0,0,0
9463,13075,0,0,0
9463,13076,0,0,0
9463,14511,0,0,0
9463,14521,0,0,0
9463,14522,0,0,0
9463,14523,0,0,0
9463,14524,0,0,0
9463,14612,0,0,0
9463,14625,0,0,0
9463,14626,0,0,0
9463,14627,0,0,0
9463,14628,0,0,0
9463,14713,27,16,11
9463,14729,0,0,0
9463,14730,0,0,0
9463,15001,0,0,0
9463,15002,0,0,0
9463,15003,0,0,0
9463,15081,0,0,0
9463,15082,0,0,0
9463,15083,0,0,0
9463,15084,0,0,0
9463,15085,0,0,0
9463,15086,0,0,0
9463,15087,0,0,0
9463,15088,0,0,0
9463,15089,0,0,0
9463,15090,0,0,0
9463,15091,0,0,0
9463,16051,35,17,18
9463,16052,32,32,0
9463,16053,0,0,0
9463,16054,160,130,30
9463,16055,0,0,0
9463,16056,0,0,0
9463,16061,0,0,0
9463,16062,0,0,0
9463,16063,13,13,0
9463,16064,0,0,0
9463,16065,0,0,0
9463,16066,128,105,23
9463,16067,10,10,0
9463,16068,0,0,0
9463,16069,2050,1854,196
9463,16070,70,60,10
9463,16071,0,0,0
9463,16072,1954,1673,281
9463,16073,49,49,0
9463,16074,0,0,0
9463,16075,13,13,0
9463,16076,18,18,0
9463,16077,0,0,0
9464,1001,0,0,0
9464,1002,0,0,0
9464,1003,0,0,0
9464,1004,0,0,0
9464,1051,0,0,0
9464,1053,0,0,0
9464,1054,0,0,0
9464,1055,0,0,0
9464,1056,0,0,0
9464,1057,0,0,0
9464,1058,0,0,0
9464,1059,0,0,0
9464,1060,0,0,0
9464,1061,0,0,0
9464,1062,0,0,0
9464,2000,36,11,25
9464,3101,0,0,0
9464,3102,0,0,0
9464,3103,0,0,0
9464,3151,0,0,0
9464,3153,0,0,0
9464,3154,0,0,0
9464,3155,0,0,0
9464,3157,0,0,0
9464,3158,0,0,0
9464,3159,0,0,0
9464,3241,0,0,0
9464,3251,0,0,0
9464,3252,0,0,0
9464,3254,0,0,0
9464,3255,0,0,0
9464,3256,0,0,0
9464,3257,0,0,0
9464,3351,0,0,0
9464,3352,0,0,0
9464,3353,0,0,0
9464,3354,0,0,0
9464,3355,0,0,0
9464,3356,0,0,0
9464,3357,0,0,0
9464,3358,0,0,0
9464,3359,0,0,0
9464,3360,0,0,0
9464,3361,0,0,0
9464,3401,0,0,0
9464,3402,0,0,0
9464,3403,0,0,0
9464,3404,0,0,0
9464,3405,0,0,0
9464,3451,0,0,0
9464,3452,0,0,0
9464,3453,0,0,0
9464,3454,0,0,0
9464,3455,0,0,0
9464,3456,0,0,0
9464,3457,0,0,0
9464,3458,0,0,0
9464,3459,0,0,0
9464,3460,0,0,0
9464,3461,0,0,0
9464,3462,0,0,0
9464,4011,18,0,18
9464,4012,0,0,0
9464,5111,0,0,0
9464,5112,0,0,0
9464,5113,0,0,0
9464,5114,0,0,0
9464,5116,0,0,0
9464,5117,0,0,0
9464,5119,0,0,0
9464,5120,0,0,0
9464,5122,0,0,0
9464,5124,0,0,0
9464,5154,0,0,0
9464,5158,0,0,0
9464,5162,0,0,0
9464,5166,0,0,0
9464,5170,0,0,0
9464,5314,0,0,0
9464,5315,20,0,20
9464,5316,0,0,0
9464,5334,0,0,0
9464,5358,0,0,0
9464,5362,14,0,14
9464,5366,0,0,0
9464,5370,0,0,0
9464,5374,0,0,0
9464,5378,0,0,0
9464,5382,0,0,0
9464,5512,0,0,0
9464,5513,0,0,0
9464,5515,0,0,0
9464,5554,0,0,0
9464,5558,0,0,0
9464,5562,0,0,0
9464,5566,0,0,0
9464,5570,0,0,0
9464,5711,0,0,0
9464,5754,0,0,0
9464,5758,0,0,0
9464,5762,0,0,0
9464,5766,0,0,0
9464,5770,0,0,0
9464,5774,0,0,0
9464,5911,0,0,0
9464,5913,0,0,0
9464,5914,0,0,0
9464,5915,0,0,0
9464,5916,0,0,0
9464,5954,0,0,0
9464,5958,0,0,0
9464,5962,0,0,0
9464,5966,0,0,0
9464,5970,0,0,0
9464,5974,0,0,0
9464,5978,0,0,0
9464,6411,0,0,0
9464,6412,26,0,26
9464,6413,0,0,0
9464,6414,0,0,0
9464,6431,0,0,0
9464,6432,0,0,0
9464,6433,0,0,0
9464,6434,33,0,33
9464,6435,0,0,0
9464,6436,13,0,13
9464,6437,0,0,0
9464,6438,0,0,0
9464,6439,0,0,0
9464,6440,0,0,0
9464,6531,0,0,0
9464,6532,0,0,0
9464,6533,0,0,0
9464,6534,0,0,0
9464,6535,0,0,0
9464,6611,0,0,0
9464,6631,0,0,0
9464,6632,0,0,0
9464,6633,0,0,0
9464,6634,0,0,0
9464,6635,0,0,0
9464,6636,0,0,0
9464,7111,0,0,0
9464,7131,0,0,0
9464,7132,0,0,0
9464,7133,0,0,0
9464,7134,0,0,0
9464,7135,0,0,0
9464,7137,0,0,0
9464,7138,0,0,0
9464,7140,0,0,0
9464,7141,0,0,0
9464,7143,0,0,0
9464,7211,0,0,0
9464,7231,0,0,0
9464,7232,0,0,0
9464,7233,0,0,0
9464,7235,0,0,0
9464,7311,0,0,0
9464,7312,0,0,0
9464,7313,0,0,0
9464,7314,0,0,0
9464,7315,0,0,0
9464,7316,0,0,0
9464,7317,0,0,0
9464,7318,0,0,0
9464,7319,0,0,0
9464,7320,0,0,0
9464,7331,0,0,0
9464,7332,0,0,0
9464,7333,0,0,0
9464,7334,0,0,0
9464,7335,0,0,0
9464,7336,0,0,0
9464,7337,0,0,0
9464,7338,0,0,0
9464,7339,0,0,0
9464,7340,0,0,0
9464,8111,13,0,13
9464,8115,0,0,0
9464,8116,0,0,0
9464,8117,0,0,0
9464,8118,0,0,0
9464,8119,0,0,0
9464,8121,0,0,0
9464,8125,0,0,0
9464,8126,10,0,10
9464,8127,0,0,0
9464,8128,0,0,0
9464,8135,0,0,0
9464,8136,0,0,0
9464,8211,0,0,0
9464,8212,0,0,0
9464,8215,0,0,0
9464,8216,0,0,0
9464,8221,0,0,0
9464,8222,11,0,11
9464,8225,0,0,0
9464,8226,0,0,0
9464,8231,0,0,0
9464,8235,0,0,0
9464,8236,0,0,0
9464,8237,0,0,0
9464,8311,0,0,0
9464,8315,0,0,0
9464,8316,0,0,0
9464,8317,0,0,0
9464,8325,0,0,0
9464,8326,0,0,0
9464,8327,0,0,0
9464,8335,0,0,0
9464,8336,0,0,0
9464,8337,0,0,0
9464,8415,0,0,0
9464,8416,0,0,0
9464,8417,0,0,0
9464,8421,0,0,0
9464,8425,0,0,0
9464,8426,0,0,0
9464,8435,0,0,0
9464,8436,0,0,0
9464,8437,0,0,0
9464,9161,14,0,14
9464,9162,189,28,161
9464,9163,0,0,0
9464,9171,0,0,0
9464,9172,0,0,0
9464,9173,0,0,0
9464,9174,0,0,0
9464,9175,0,0,0
9464,9176,0,0,0
9464,9177,0,0,0
9464,9178,11,0,11
9464,9179,0,0,0
9464,9180,0,0,0
9464,9181,0,0,0
9464,9182,0,0,0
9464,9183,0,0,0
9464,9184,22,0,22
9464,9185,0,0,0
9464,9186,0,0,0
9464,9187,0,0,0
9464,9188,0,0,0
9464,9189,0,0,0
9464,9190,0,0,0
9464,9261,0,0,0
9464,9262,0,0,0
9464,9263,0,0,0
9464,9271,0,0,0
9464,9272,0,0,0
9464,9273,0,0,0
9464,9274,11,0,11
9464,9275,0,0,0
9464,9276,0,0,0
9464,9277,0,0,0
9464,9278,0,0,0
9464,9279,0,0,0
9464,9361,0,0,0
9464,9362,32,0,32
9464,9363,39,11,28
9464,9371,0,0,0
9464,9372,14,0,14
9464,9373,0,0,0
9464,9374,21,21,0
9464,9375,12,0,12
9464,9376,18,18,0
9464,9377,122,87,35
9464,9461,47,25,22
9464,9462,427,117,310
9464,9463,41,12,29
9464,9464,0,0,0
9464,9471,59,44,15
9464,9472,256,191,65
9464,9473,47,35,12
9464,9474,10,0,10
9464,9475,12500,8325,4175
9464,9476,101,80,21
9464,9477,365,231,134
9464,9478,35,19,16
9464,9479,1582,1029,553
9464,9561,0,0,0
9464,9562,38,16,22
9464,9563,11,11,0
9464,9564,182,34,148
9464,9565,0,0,0
9464,9571,16,16,0
9464,9572,28,16,12
9464,9573,0,0,0
9464,9574,19,0,19
9464,9575,0,0,0
9464,9576,15,0,15
9464,9577,0,0,0
9464,9661,0,0,0
9464,9662,0,0,0
9464,9663,28,0,28
9464,9671,0,0,0
9464,9672,0,0,0
9464,9673,0,0,0
9464,9674,0,0,0
9464,9675,0,0,0
9464,9676,0,0,0
9464,9677,0,0,0
9464,9678,15,0,15
9464,9679,0,0,0
9464,9761,10,0,10
9464,9762,0,0,0
9464,9763,0,0,0
9464,9764,0,0,0
9464,9771,0,0,0
9464,9772,0,0,0
9464,9773,0,0,0
9464,9774,0,0,0
9464,9775,0,0,0
9464,9776,0,0,0
9464,9777,0,0,0
9464,9778,0,0,0
9464,9779,0,0,0
9464,9780,0,0,0
9464,10041,0,0,0
9464,10042,0,0,0
9464,10043,0,0,0
9464,10044,0,0,0
9464,10045,0,0,0
9464,10046,0,0,0
9464,11000,65,18,47
9464,12051,0,0,0
9464,12052,0,0,0
9464,12053,0,0,0
9464,12054,0,0,0
9464,12060,0,0,0
9464,12061,0,0,0
9464,12062,0,0,0
9464,12063,0,0,0
9464,12064,0,0,0
9464,12065,0,0,0
9464,12066,0,0,0
9464,12067,0,0,0
9464,12068,0,0,0
9464,12069,0,0,0
9464,12070,0,0,0
9464,12071,0,0,0
9464,12072,0,0,0
9464,12073,0,0,0
9464,13003,0,0,0
9464,13004,0,0,0
9464,13071,0,0,0
9464,13072,0,0,0
9464,13073,0,0,0
9464,13074,0,0,0
9464,13075,0,0,0
9464,13076,0,0,0
9464,14511,43,20,23
9464,14521,49,31,18
9464,14522,33,15,18
9464,14523,2322,2107,215
9464,14524,139,111,28
9464,14612,13,13,0
9464,14625,0,0,0
9464,14626,0,0,0
9464,14627,0,0,0
9464,14628,0,0,0
9464,14713,25,15,10
9464,14729,0,0,0
9464,14730,0,0,0
9464,15001,0,0,0
9464,15002,0,0,0
9464,15003,0,0,0
9464,15081,0,0,0
9464,15082,0,0,0
9464,15083,0,0,0
9464,15084,0,0,0
9464,15085,0,0,0
9464,15086,0,0,0
9464,15087,0,0,0
9464,15088,0,0,0
9464,15089,0,0,0
9464,15090,0,0,0
9464,15091,0,0,0
9464,16051,0,0,0
9464,16052,14,0,14
9464,16053,0,0,0
9464,16054,0,0,0
9464,16055,0,0,0
9464,16056,0,0,0
9464,16061,0,0,0
9464,16062,0,0,0
9464,16063,0,0,0
9464,16064,0,0,0
9464,16065,0,0,0
9464,16066,0,0,0
9464,16067,0,0,0
9464,16068,0,0,0
9464,16069,0,0,0
9464,16070,0,0,0
9464,16071,0,0,0
9464,16072,48,0,48
9464,16073,17,17,0
9464,16074,0,0,0
9464,16075,762,650,112
9464,16076,60,60,0
9464,16077,0,0,0
9471,1001,0,0,0
9471,1002,11,0,11
9471,1003,0,0,0
9471,1004,0,0,0
9471,1051,0,0,0
9471,1053,0,0,0
9471,1054,0,0,0
9471,1055,0,0,0
9471,1056,12,0,12
9471,1057,0,0,0
9471,1058,0,0,0
9471,1059,0,0,0
9471,1060,0,0,0
9471,1061,0,0,0
9471,1062,0,0,0
9471,2000,75,10,65
9471,3101,0,0,0
9471,3102,0,0,0
9471,3103,0,0,0
9471,3151,0,0,0
9471,3153,0,0,0
9471,3154,0,0,0
9471,3155,0,0,0
9471,3157,0,0,0
9471,3158,0,0,0
9471,3159,0,0,0
9471,3241,35,0,35
9471,3251,0,0,0
9471,3252,0,0,0
9471,3254,0,0,0
9471,3255,0,0,0
9471,3256,0,0,0
9471,3257,0,0,0
9471,3351,0,0,0
9471,3352,0,0,0
9471,3353,0,0,0
9471,3354,0,0,0
9471,3355,0,0,0
9471,3356,0,0,0
9471,3357,0,0,0
9471,3358,0,0,0
9471,3359,0,0,0
9471,3360,0,0,0
9471,3361,0,0,0
9471,3401,0,0,0
9471,3402,0,0,0
9471,3403,0,0,0
9471,3404,0,0,0
9471,3405,0,0,0
9471,3451,0,0,0
9471,3452,0,0,0
9471,3453,0,0,0
9471,3454,0,0,0
9471,3455,0,0,0
9471,3456,0,0,0
9471,3457,0,0,0
9471,3458,0,0,0
9471,3459,20,0,20
9471,3460,0,0,0
9471,3461,0,0,0
9471,3462,0,0,0
9471,4011,11,0,11
9471,4012,0,0,0
9471,5111,26,0,26
9471,5112,0,0,0
9471,5113,17,0,17
9471,5114,29,0,29
9471,5116,0,0,0
9471,5117,0,0,0
9471,5119,0,0,0
9471,5120,0,0,0
9471,5122,0,0,0
9471,5124,0,0,0
9471,5154,14,14,0
9471,5158,14,0,14
9471,5162,15,0,15
9471,5166,0,0,0
9471,5170,0,0,0
9471,5314,0,0,0
9471,5315,60,13,47
9471,5316,0,0,0
9471,5334,11,0,11
9471,5358,0,0,0
9471,5362,10,0,10
9471,5366,0,0,0
9471,5370,0,0,0
9471,5374,0,0,0
9471,5378,0,0,0
9471,5382,22,11,11
9471,5512,0,0,0
9471,5513,0,0,0
9471,5515,10,0,10
9471,5554,0,0,0
9471,5558,0,0,0
9471,5562,0,0,0
9471,5566,0,0,0
9471,5570,0,0,0
9471,5711,0,0,0
9471,5754,14,0,14
9471,5758,66,66,0
9471,5762,0,0,0
9471,5766,0,0,0
9471,5770,34,34,0
9471,5774,0,0,0
9471,5911,12,0,12
9471,5913,12,0,12
9471,5914,0,0,0
9471,5915,0,0,0
9471,5916,0,0,0
9471,5954,0,0,0
9471,5958,0,0,0
9471,5962,0,0,0
9471,5966,0,0,0
9471,5970,0,0,0
9471,5974,0,0,0
9471,5978,0,0,0
9471,6411,14,0,14
9471,6412,71,12,59
9471,6413,10,10,0
9471,6414,39,0,39
9471,6431,0,0,0
9471,6432,21,10,11
9471,6433,0,0,0
9471,6434,14,0,14
9471,6435,68,52,16
9471,6436,0,0,0
9471,6437,0,0,0
9471,6438,44,12,32
9471,6439,0,0,0
9471,6440,26,11,15
9471,6531,0,0,0
9471,6532,0,0,0
9471,6533,0,0,0
9471,6534,0,0,0
9471,6535,0,0,0
9471,6611,0,0,0
9471,6631,36,10,26
9471,6632,16,16,0
9471,6633,0,0,0
9471,6634,0,0,0
9471,6635,0,0,0
9471,6636,0,0,0
9471,7111,0,0,0
9471,7131,0,0,0
9471,7132,0,0,0
9471,7133,106,106,0
9471,7134,0,0,0
9471,7135,0,0,0
9471,7137,0,0,0
9471,7138,0,0,0
9471,7140,0,0,0
9471,7141,0,0,0
9471,7143,0,0,0
9471,7211,0,0,0
9471,7231,0,0,0
9471,7232,0,0,0
9471,7233,0,0,0
9471,7235,0,0,0
9471,7311,0,0,0
9471,7312,0,0,0
9471,7313,0,0,0
9471,7314,0,0,0
9471,7315,0,0,0
9471,7316,0,0,0
9471,7317,0,0,0
9471,7318,0,0,0
9471,7319,0,0,0
9471,7320,0,0,0
9471,7331,0,0,0
9471,7332,0,0,0
9471,7333,0,0,0
9471,7334,0,0,0
9471,7335,0,0,0
9471,7336,0,0,0
9471,7337,0,0,0
9471,7338,0,0,0
9471,7339,0,0,0
9471,7340,0,0,0
9471,8111,64,0,64
9471,8115,12,0,12
9471,8116,22,0,22
9471,8117,0,0,0
9471,8118,42,0,42
9471,8119,0,0,0
9471,8121,0,0,0
9471,8125,14,0,14
9471,8126,0,0,0
9471,8127,13,0,13
9471,8128,28,0,28
9471,8135,0,0,0
9471,8136,11,0,11
9471,8211,0,0,0
9471,8212,21,0,21
9471,8215,12,12,0
9471,8216,0,0,0
9471,8221,0,0,0
9471,8222,14,0,14
9471,8225,0,0,0
9471,8226,29,16,13
9471,8231,0,0,0
9471,8235,0,0,0
9471,8236,0,0,0
9471,8237,0,0,0
9471,8311,0,0,0
9471,8315,0,0,0
9471,8316,0,0,0
9471,8317,0,0,0
9471,8325,0,0,0
9471,8326,0,0,0
9471,8327,0,0,0
9471,8335,0,0,0
9471,8336,0,0,0
9471,8337,0,0,0
9471,8415,0,0,0
9471,8416,10,0,10
9471,8417,0,0,0
9471,8421,11,0,11
9471,8425,0,0,0
9471,8426,0,0,0
9471,8435,0,0,0
9471,8436,11,0,11
9471,8437,0,0,0
9471,9161,41,21,20
9471,9162,353,31,322
9471,9163,0,0,0
9471,9171,0,0,0
9471,9172,0,0,0
9471,9173,0,0,0
9471,9174,12,0,12
9471,9175,14,0,14
9471,9176,12,12,0
9471,9177,0,0,0
9471,9178,37,0,37
9471,9179,20,0,20
9471,9180,0,0,0
9471,9181,0,0,0
9471,9182,0,0,0
9471,9183,0,0,0
9471,9184,148,0,148
9471,9185,0,0,0
9471,9186,30,11,19
9471,9187,0,0,0
9471,9188,11,0,11
9471,9189,0,0,0
9471,9190,0,0,0
9471,9261,0,0,0
9471,9262,0,0,0
9471,9263,0,0,0
9471,9271,0,0,0
9471,9272,0,0,0
9471,9273,0,0,0
9471,9274,36,0,36
9471,9275,0,0,0
9471,9276,0,0,0
9471,9277,0,0,0
9471,9278,0,0,0
9471,9279,0,0,0
9471,9361,16,0,16
9471,9362,66,0,66
9471,9363,17,0,17
9471,9371,42,23,19
9471,9372,0,0,0
9471,9373,92,33,59
9471,9374,22,12,10
9471,9375,19,19,0
9471,9376,12,12,0
9471,9377,28,18,10
9471,9461,28176,4664,23512
9471,9462,517,67,450
9471,9463,697,197,500
9471,9464,59,15,44
9471,9471,0,0,0
9471,9472,671,488,183
9471,9473,682,526,156
9471,9474,4200,1838,2362
9471,9475,54,27,27
9471,9476,247,130,117
9471,9477,422,205,217
9471,9478,2532,1114,1418
9471,9479,23,13,10
9471,9561,24,0,24
9471,9562,2748,156,2592
9471,9563,440,82,358
9471,9564,1947,263,1684
9471,9565,26,0,26
9471,9571,288,160,128
9471,9572,3604,1035,2569
9471,9573,126,70,56
9471,9574,152,52,100
9471,9575,709,406,303
9471,9576,62,25,37
9471,9577,35,25,10
9471,9661,0,0,0
9471,9662,411,49,362
9471,9663,288,44,244
9471,9671,21,21,0
9471,9672,87,39,48
9471,9673,50,19,31
9471,9674,3617,2033,1584
9471,9675,645,360,285
9471,9676,0,0,0
9471,9677,49,30,19
9471,9678,335,190,145
9471,9679,122,39,83
9471,9761,43,20,23
9471,9762,0,0,0
9471,9763,0,0,0
9471,9764,0,0,0
9471,9771,0,0,0
9471,9772,16,0,16
9471,9773,0,0,0
9471,9774,0,0,0
9471,9775,0,0,0
9471,9776,0,0,0
9471,9777,0,0,0
9471,9778,0,0,0
9471,9779,12,12,0
9471,9780,0,0,0
9471,10041,11,0,11
9471,10042,0,0,0
9471,10043,0,0,0
9471,10044,0,0,0
9471,10045,0,0,0
9471,10046,0,0,0
9471,11000,169,73,96
9471,12051,0,0,0
9471,12052,0,0,0
9471,12053,0,0,0
9471,12054,0,0,0
9471,12060,0,0,0
9471,12061,0,0,0
9471,12062,0,0,0
9471,12063,0,0,0
9471,12064,0,0,0
9471,12065,0,0,0
9471,12066,0,0,0
9471,12067,0,0,0
9471,12068,0,0,0
9471,12069,0,0,0
9471,12070,0,0,0
9471,12071,0,0,0
9471,12072,0,0,0
9471,12073,0,0,0
9471,13003,0,0,0
9471,13004,0,0,0
9471,13071,0,0,0
9471,13072,0,0,0
9471,13073,0,0,0
9471,13074,0,0,0
9471,13075,0,0,0
9471,13076,0,0,0
9471,14511,0,0,0
9471,14521,25,25,0
9471,14522,24,24,0
9471,14523,38,38,0
9471,14524,22,22,0
9471,14612,43,29,14
9471,14625,19,19,0
9471,14626,13,13,0
9471,14627,30,30,0
9471,14628,13,13,0
9471,14713,37,26,11
9471,14729,0,0,0
9471,14730,11,11,0
9471,15001,0,0,0
9471,15002,0,0,0
9471,15003,0,0,0
9471,15081,0,0,0
9471,15082,0,0,0
9471,15083,0,0,0
9471,15084,31,13,18
9471,15085,0,0,0
9471,15086,0,0,0
9471,15087,0,0,0
9471,15088,10,10,0
9471,15089,10,10,0
9471,15090,0,0,0
9471,15091,0,0,0
9471,16051,13,0,13
9471,16052,20,20,0
9471,16053,0,0,0
9471,16054,0,0,0
9471,16055,0,0,0
9471,16056,0,0,0
9471,16061,20,0,20
9471,16062,0,0,0
9471,16063,0,0,0
9471,16064,0,0,0
9471,16065,0,0,0
9471,16066,20,20,0
9471,16067,37,37,0
9471,16068,0,0,0
9471,16069,63,49,14
9471,16070,28,18,10
9471,16071,10,10,0
9471,16072,78,51,27
9471,16073,23,23,0
9471,16074,0,0,0
9471,16075,10,10,0
9471,16076,15,15,0
9471,16077,0,0,0
9472,1001,0,0,0
9472,1002,0,0,0
9472,1003,0,0,0
9472,1004,0,0,0
9472,1051,0,0,0
9472,1053,0,0,0
9472,1054,0,0,0
9472,1055,0,0,0
9472,1056,0,0,0
9472,1057,0,0,0
9472,1058,0,0,0
9472,1059,0,0,0
9472,1060,0,0,0
9472,1061,0,0,0
9472,1062,0,0,0
9472,2000,38,0,38
9472,3101,0,0,0
9472,3102,0,0,0
9472,3103,0,0,0
9472,3151,0,0,0
9472,3153,11,0,11
9472,3154,0,0,0
9472,3155,0,0,0
9472,3157,0,0,0
9472,3158,0,0,0
9472,3159,0,0,0
9472,3241,20,0,20
9472,3251,0,0,0
9472,3252,0,0,0
9472,3254,0,0,0
9472,3255,0,0,0
9472,3256,0,0,0
9472,3257,0,0,0
9472,3351,0,0,0
9472,3352,0,0,0
9472,3353,0,0,0
9472,3354,0,0,0
9472,3355,0,0,0
9472,3356,0,0,0
9472,3357,0,0,0
9472,3358,0,0,0
9472,3359,0,0,0
9472,3360,0,0,0
9472,3361,0,0,0
9472,3401,0,0,0
9472,3402,0,0,0
9472,3403,0,0,0
9472,3404,19,0,19
9472,3405,0,0,0
9472,3451,0,0,0
9472,3452,0,0,0
9472,3453,0,0,0
9472,3454,0,0,0
9472,3455,0,0,0
9472,3456,0,0,0
9472,3457,0,0,0
9472,3458,0,0,0
9472,3459,0,0,0
9472,3460,0,0,0
9472,3461,0,0,0
9472,3462,0,0,0
9472,4011,0,0,0
9472,4012,0,0,0
9472,5111,23,0,23
9472,5112,0,0,0
9472,5113,0,0,0
9472,5114,0,0,0
9472,5116,0,0,0
9472,5117,0,0,0
9472,5119,0,0,0
9472,5120,0,0,0
9472,5122,0,0,0
9472,5124,0,0,0
9472,5154,0,0,0
9472,5158,15,0,15
9472,5162,11,0,11
9472,5166,0,0,0
9472,5170,0,0,0
9472,5314,0,0,0
9472,5315,24,0,24
9472,5316,0,0,0
9472,5334,0,0,0
9472,5358,0,0,0
9472,5362,10,0,10
9472,5366,0,0,0
9472,5370,0,0,0
9472,5374,18,0,18
9472,5378,0,0,0
9472,5382,0,0,0
9472,5512,0,0,0
9472,5513,0,0,0
9472,5515,0,0,0
9472,5554,0,0,0
9472,5558,0,0,0
9472,5562,0,0,0
9472,5566,0,0,0
9472,5570,0,0,0
9472,5711,0,0,0
9472,5754,0,0,0
9472,5758,0,0,0
9472,5762,0,0,0
9472,5766,0,0,0
9472,5770,0,0,0
9472,5774,0,0,0
9472,5911,0,0,0
9472,5913,11,0,11
9472,5914,0,0,0
9472,5915,0,0,0
9472,5916,0,0,0
9472,5954,0,0,0
9472,5958,0,0,0
9472,5962,0,0,0
9472,5966,0,0,0
9472,5970,0,0,0
9472,5974,0,0,0
9472,5978,0,0,0
9472,6411,0,0,0
9472,6412,31,0,31
9472,6413,0,0,0
9472,6414,10,0,10
9472,6431,0,0,0
9472,6432,0,0,0
9472,6433,0,0,0
9472,6434,13,0,13
9472,6435,19,0,19
9472,6436,10,0,10
9472,6437,0,0,0
9472,6438,12,0,12
9472,6439,0,0,0
9472,6440,0,0,0
9472,6531,0,0,0
9472,6532,0,0,0
9472,6533,0,0,0
9472,6534,0,0,0
9472,6535,0,0,0
9472,6611,0,0,0
9472,6631,0,0,0
9472,6632,0,0,0
9472,6633,0,0,0
9472,6634,0,0,0
9472,6635,0,0,0
9472,6636,0,0,0
9472,7111,0,0,0
9472,7131,0,0,0
9472,7132,0,0,0
9472,7133,0,0,0
9472,7134,0,0,0
9472,7135,0,0,0
9472,7137,0,0,0
9472,7138,0,0,0
9472,7140,0,0,0
9472,7141,0,0,0
9472,7143,0,0,0
9472,7211,0,0,0
9472,7231,0,0,0
9472,7232,0,0,0
9472,7233,0,0,0
9472,7235,0,0,0
9472,7311,25,0,25
9472,7312,0,0,0
9472,7313,0,0,0
9472,7314,0,0,0
9472,7315,0,0,0
9472,7316,0,0,0
9472,7317,0,0,0
9472,7318,0,0,0
9472,7319,0,0,0
9472,7320,0,0,0
9472,7331,0,0,0
9472,7332,0,0,0
9472,7333,0,0,0
9472,7334,0,0,0
9472,7335,0,0,0
9472,7336,0,0,0
9472,7337,0,0,0
9472,7338,0,0,0
9472,7339,0,0,0
9472,7340,0,0,0
9472,8111,32,0,32
9472,8115,10,0,10
9472,8116,16,0,16
9472,8117,0,0,0
9472,8118,23,0,23
9472,8119,0,0,0
9472,8121,0,0,0
9472,8125,0,0,0
9472,8126,19,0,19
9472,8127,0,0,0
9472,8128,0,0,0
9472,8135,0,0,0
9472,8136,13,0,13
9472,8211,0,0,0
9472,8212,0,0,0
9472,8215,0,0,0
9472,8216,0,0,0
9472,8221,0,0,0
9472,8222,12,0,12
9472,8225,0,0,0
9472,8226,0,0,0
9472,8231,0,0,0
9472,8235,0,0,0
9472,8236,0,0,0
9472,8237,0,0,0
9472,8311,0,0,0
9472,8315,0,0,0
9472,8316,0,0,0
9472,8317,10,0,10
9472,8325,0,0,0
9472,8326,0,0,0
9472,8327,0,0,0
9472,8335,0,0,0
9472,8336,0,0,0
9472,8337,0,0,0
9472,8415,0,0,0
9472,8416,0,0,0
9472,8417,0,0,0
9472,8421,0,0,0
9472,8425,0,0,0
9472,8426,0,0,0
9472,8435,0,0,0
9472,8436,0,0,0
9472,8437,0,0,0
9472,9161,32,0,32
9472,9162,329,18,311
9472,9163,0,0,0
9472,9171,0,0,0
9472,9172,0,0,0
9472,9173,0,0,0
9472,9174,0,0,0
9472,9175,0,0,0
9472,9176,16,0,16
9472,9177,0,0,0
9472,9178,48,0,48
9472,9179,0,0,0
9472,9180,0,0,0
9472,9181,0,0,0
9472,9182,0,0,0
9472,9183,0,0,0
9472,9184,66,0,66
9472,9185,0,0,0
9472,9186,16,0,16
9472,9187,0,0,0
9472,9188,15,0,15
9472,9189,0,0,0
9472,9190,0,0,0
9472,9261,0,0,0
9472,9262,0,0,0
9472,9263,0,0,0
9472,9271,0,0,0
9472,9272,0,0,0
9472,9273,0,0,0
9472,9274,18,18,0
9472,9275,19,0,19
9472,9276,0,0,0
9472,9277,0,0,0
9472,9278,0,0,0
9472,9279,0,0,0
9472,9361,71,14,57
9472,9362,51,0,51
9472,9363,145,20,125
9472,9371,1589,565,1024
9472,9372,11,0,11
9472,9373,65,23,42
9472,9374,1284,498,786
9472,9375,10,0,10
9472,9376,38,0,38
9472,9377,1354,493,861
9472,9461,439,34,405
9472,9462,18124,2604,15520
9472,9463,48,11,37
9472,9464,256,65,191
9472,9471,671,183,488
9472,9472,0,0,0
9472,9473,42,25,17
9472,9474,1484,565,919
9472,9475,1065,542,523
9472,9476,147,65,82
9472,9477,3360,1292,2068
9472,9478,257,88,169
9472,9479,926,406,520
9472,9561,0,0,0
9472,9562,291,21,270
9472,9563,134,21,113
9472,9564,1475,89,1386
9472,9565,36,11,25
9472,9571,17,0,17
9472,9572,198,31,167
9472,9573,38,16,22
9472,9574,1146,230,916
9472,9575,13,0,13
9472,9576,73,13,60
9472,9577,10,0,10
9472,9661,0,0,0
9472,9662,0,0,0
9472,9663,41,0,41
9472,9671,0,0,0
9472,9672,14,14,0
9472,9673,0,0,0
9472,9674,43,13,30
9472,9675,10,0,10
9472,9676,0,0,0
9472,9677,0,0,0
9472,9678,27,14,13
9472,9679,0,0,0
9472,9761,17,0,17
9472,9762,0,0,0
9472,9763,0,0,0
9472,9764,0,0,0
9472,9771,0,0,0
9472,9772,12,0,12
9472,9773,0,0,0
9472,9774,0,0,0
9472,9775,0,0,0
9472,9776,0,0,0
9472,9777,0,0,0
9472,9778,0,0,0
9472,9779,0,0,0
9472,9780,0,0,0
9472,10041,10,0,10
9472,10042,0,0,0
9472,10043,0,0,0
9472,10044,0,0,0
9472,10045,0,0,0
9472,10046,0,0,0
9472,11000,67,14,53
9472,12051,0,0,0
9472,12052,0,0,0
9472,12053,0,0,0
9472,12054,0,0,0
9472,12060,0,0,0
9472,12061,0,0,0
9472,12062,0,0,0
9472,12063,0,0,0
9472,12064,0,0,0
9472,12065,0,0,0
9472,12066,0,0,0
9472,12067,0,0,0
9472,12068,0,0,0
9472,12069,0,0,0
9472,12070,0,0,0
9472,12071,0,0,0
9472,12072,0,0,0
9472,12073,0,0,0
9472,13003,0,0,0
9472,13004,0,0,0
9472,13071,0,0,0
9472,13072,0,0,0
9472,13073,0,0,0
9472,13074,0,0,0
9472,13075,0,0,0
9472,13076,0,0,0
9472,14511,0,0,0
9472,14521,11,11,0
9472,14522,13,0,13
9472,14523,73,51,22
9472,14524,26,10,16
9472,14612,10,10,0
9472,14625,0,0,0
9472,14626,0,0,0
9472,14627,0,0,0
9472,14628,14,14,0
9472,14713,34,21,13
9472,14729,0,0,0
9472,14730,0,0,0
9472,15001,0,0,0
9472,15002,22,22,0
9472,15003,0,0,0
9472,15081,0,0,0
9472,15082,0,0,0
9472,15083,0,0,0
9472,15084,16,16,0
9472,15085,0,0,0
9472,15086,0,0,0
9472,15087,0,0,0
9472,15088,14,14,0
9472,15089,0,0,0
9472,15090,0,0,0
9472,15091,0,0,0
9472,16051,0,0,0
9472,16052,14,14,0
9472,16053,0,0,0
9472,16054,0,0,0
9472,16055,0,0,0
9472,16056,0,0,0
9472,16061,0,0,0
9472,16062,0,0,0
9472,16063,0,0,0
9472,16064,0,0,0
9472,16065,0,0,0
9472,16066,10,0,10
9472,16067,0,0,0
9472,16068,0,0,0
9472,16069,0,0,0
9472,16070,0,0,0
9472,16071,0,0,0
9472,16072,28,13,15
9472,16073,13,13,0
9472,16074,0,0,0
9472,16075,30,30,0
9472,16076,24,14,10
9472,16077,0,0,0
9473,1001,0,0,0
9473,1002,0,0,0
9473,1003,0,0,0
9473,1004,0,0,0
9473,1051,0,0,0
9473,1053,0,0,0
9473,1054,0,0,0
9473,1055,0,0,0
9473,1056,0,0,0
9473,1057,0,0,0
9473,1058,0,0,0
9473,1059,0,0,0
9473,1060,0,0,0
9473,1061,0,0,0
9473,1062,0,0,0
9473,2000,33,0,33
9473,3101,0,0,0
9473,3102,0,0,0
9473,3103,0,0,0
9473,3151,0,0,0
9473,3153,0,0,0
9473,3154,0,0,0
9473,3155,0,0,0
9473,3157,0,0,0
9473,3158,0,0,0
9473,3159,0,0,0
9473,3241,0,0,0
9473,3251,0,0,0
9473,3252,0,0,0
9473,3254,0,0,0
9473,3255,0,0,0
9473,3256,0,0,0
9473,3257,0,0,0
9473,3351,0,0,0
9473,3352,0,0,0
9473,3353,0,0,0
9473,3354,0,0,0
9473,3355,0,0,0
9473,3356,0,0,0
9473,3357,0,0,0
9473,3358,0,0,0
9473,3359,0,0,0
9473,3360,0,0,0
9473,3361,0,0,0
9473,3401,0,0,0
9473,3402,0,0,0
9473,3403,0,0,0
9473,3404,0,0,0
9473,3405,0,0,0
9473,3451,0,0,0
9473,3452,0,0,0
9473,3453,0,0,0
9473,3454,0,0,0
9473,3455,0,0,0
9473,3456,0,0,0
9473,3457,0,0,0
9473,3458,0,0,0
9473,3459,0,0,0
9473,3460,0,0,0
9473,3461,0,0,0
9473,3462,0,0,0
9473,4011,0,0,0
9473,4012,0,0,0
9473,5111,0,0,0
9473,5112,0,0,0
9473,5113,0,0,0
9473,5114,0,0,0
9473,5116,0,0,0
9473,5117,0,0,0
9473,5119,0,0,0
9473,5120,0,0,0
9473,5122,0,0,0
9473,5124,0,0,0
9473,5154,0,0,0
9473,5158,13,0,13
9473,5162,0,0,0
9473,5166,0,0,0
9473,5170,0,0,0
9473,5314,0,0,0
9473,5315,25,0,25
9473,5316,0,0,0
9473,5334,0,0,0
9473,5358,0,0,0
9473,5362,0,0,0
9473,5366,0,0,0
9473,5370,0,0,0
9473,5374,0,0,0
9473,5378,0,0,0
9473,5382,0,0,0
9473,5512,0,0,0
9473,5513,0,0,0
9473,5515,0,0,0
9473,5554,0,0,0
9473,5558,0,0,0
9473,5562,0,0,0
9473,5566,0,0,0
9473,5570,0,0,0
9473,5711,0,0,0
9473,5754,0,0,0
9473,5758,0,0,0
9473,5762,0,0,0
9473,5766,0,0,0
9473,5770,0,0,0
9473,5774,0,0,0
9473,5911,0,0,0
9473,5913,0,0,0
9473,5914,0,0,0
9473,5915,0,0,0
9473,5916,0,0,0
9473,5954,0,0,0
9473,5958,0,0,0
9473,5962,22,0,22
9473,5966,0,0,0
9473,5970,0,0,0
9473,5974,0,0,0
9473,5978,0,0,0
9473,6411,0,0,0
9473,6412,32,0,32
9473,6413,0,0,0
9473,6414,11,0,11
9473,6431,0,0,0
9473,6432,0,0,0
9473,6433,19,0,19
9473,6434,0,0,0
9473,6435,0,0,0
9473,6436,0,0,0
9473,6437,0,0,0
9473,6438,0,0,0
9473,6439,0,0,0
9473,6440,0,0,0
9473,6531,0,0,0
9473,6532,0,0,0
9473,6533,0,0,0
9473,6534,0,0,0
9473,6535,0,0,0
9473,6611,0,0,0
9473,6631,12,0,12
9473,6632,0,0,0
9473,6633,0,0,0
9473,6634,0,0,0
9473,6635,0,0,0
9473,6636,0,0,0
9473,7111,0,0,0
9473,7131,0,0,0
9473,7132,0,0,0
9473,7133,0,0,0
9473,7134,0,0,0
9473,7135,0,0,0
9473,7137,0,0,0
9473,7138,0,0,0
9473,7140,0,0,0
9473,7141,0,0,0
9473,7143,0,0,0
9473,7211,0,0,0
9473,7231,0,0,0
9473,7232,0,0,0
9473,7233,0,0,0
9473,7235,0,0,0
9473,7311,0,0,0
9473,7312,0,0,0
9473,7313,0,0,0
9473,7314,0,0,0
9473,7315,0,0,0
9473,7316,0,0,0
9473,7317,0,0,0
9473,7318,0,0,0
9473,7319,0,0,0
9473,7320,0,0,0
9473,7331,0,0,0
9473,7332,0,0,0
9473,7333,0,0,0
9473,7334,0,0,0
9473,7335,0,0,0
9473,7336,0,0,0
9473,7337,0,0,0
9473,7338,0,0,0
9473,7339,0,0,0
9473,7340,0,0,0
9473,8111,21,0,21
9473,8115,0,0,0
9473,8116,0,0,0
9473,8117,0,0,0
9473,8118,15,0,15
9473,8119,0,0,0
9473,8121,0,0,0
9473,8125,0,0,0
9473,8126,13,0,13
9473,8127,0,0,0
9473,8128,0,0,0
9473,8135,0,0,0
9473,8136,0,0,0
9473,8211,0,0,0
9473,8212,0,0,0
9473,8215,0,0,0
9473,8216,0,0,0
9473,8221,0,0,0
9473,8222,0,0,0
9473,8225,0,0,0
9473,8226,15,15,0
9473,8231,0,0,0
9473,8235,0,0,0
9473,8236,0,0,0
9473,8237,0,0,0
9473,8311,0,0,0
9473,8315,0,0,0
9473,8316,0,0,0
9473,8317,0,0,0
9473,8325,0,0,0
9473,8326,0,0,0
9473,8327,0,0,0
9473,8335,0,0,0
9473,8336,0,0,0
9473,8337,0,0,0
9473,8415,0,0,0
9473,8416,0,0,0
9473,8417,0,0,0
9473,8421,10,0,10
9473,8425,0,0,0
9473,8426,0,0,0
9473,8435,0,0,0
9473,8436,0,0,0
9473,8437,0,0,0
9473,9161,21,0,21
9473,9162,246,45,201
9473,9163,0,0,0
9473,9171,0,0,0
9473,9172,0,0,0
9473,9173,0,0,0
9473,9174,0,0,0
9473,9175,0,0,0
9473,9176,0,0,0
9473,9177,0,0,0
9473,9178,12,0,12
9473,9179,0,0,0
9473,9180,0,0,0
9473,9181,0,0,0
9473,9182,0,0,0
9473,9183,0,0,0
9473,9184,34,0,34
9473,9185,0,0,0
9473,9186,0,0,0
9473,9187,0,0,0
9473,9188,0,0,0
9473,9189,0,0,0
9473,9190,11,11,0
9473,9261,0,0,0
9473,9262,0,0,0
9473,9263,0,0,0
9473,9271,0,0,0
9473,9272,0,0,0
9473,9273,0,0,0
9473,9274,0,0,0
9473,9275,0,0,0
9473,9276,0,0,0
9473,9277,0,0,0
9473,9278,0,0,0
9473,9279,0,0,0
9473,9361,0,0,0
9473,9362,13,0,13
9473,9363,0,0,0
9473,9371,0,0,0
9473,9372,10,0,10
9473,9373,0,0,0
9473,9374,0,0,0
9473,9375,0,0,0
9473,9376,0,0,0
9473,9377,0,0,0
9473,9461,544,78,466
9473,9462,152,21,131
9473,9463,17207,3473,13734
9473,9464,47,12,35
9473,9471,682,156,526
9473,9472,42,17,25
9473,9473,0,0,0
9473,9474,44,19,25
9473,9475,79,45,34
9473,9476,2235,1376,859
9473,9477,217,95,122
9473,9478,3474,1301,2173
9473,9479,15,0,15
9473,9561,0,0,0
9473,9562,81,0,81
9473,9563,71,0,71
9473,9564,290,40,250
9473,9565,0,0,0
9473,9571,23,11,12
9473,9572,40,11,29
9473,9573,12,12,0
9473,9574,45,12,33
9473,9575,12,0,12
9473,9576,11,0,11
9473,9577,0,0,0
9473,9661,0,0,0
9473,9662,110,12,98
9473,9663,38,0,38
9473,9671,0,0,0
9473,9672,19,0,19
9473,9673,148,88,60
9473,9674,1104,453,651
9473,9675,14,0,14
9473,9676,0,0,0
9473,9677,0,0,0
9473,9678,54,21,33
9473,9679,12,0,12
9473,9761,10,10,0
9473,9762,0,0,0
9473,9763,0,0,0
9473,9764,0,0,0
9473,9771,0,0,0
9473,9772,0,0,0
9473,9773,0,0,0
9473,9774,0,0,0
9473,9775,0,0,0
9473,9776,0,0,0
9473,9777,0,0,0
9473,9778,0,0,0
9473,9779,0,0,0
9473,9780,0,0,0
9473,10041,0,0,0
9473,10042,0,0,0
9473,10043,0,0,0
9473,10044,0,0,0
9473,10045,0,0,0
9473,10046,0,0,0
9473,11000,85,28,57
9473,12051,0,0,0
9473,12052,0,0,0
9473,12053,0,0,0
9473,12054,0,0,0
9473,12060,0,0,0
9473,12061,0,0,0
9473,12062,0,0,0
9473,12063,0,0,0
9473,12064,0,0,0
9473,12065,0,0,0
9473,12066,0,0,0
9473,12067,0,0,0
9473,12068,0,0,0
9473,12069,0,0,0
9473,12070,0,0,0
9473,12071,0,0,0
9473,12072,0,0,0
9473,12073,0,0,0
9473,13003,0,0,0
9473,13004,0,0,0
9473,13071,0,0,0
9473,13072,0,0,0
9473,13073,0,0,0
9473,13074,0,0,0
9473,13075,0,0,0
9473,13076,0,0,0
9473,14511,0,0,0
9473,14521,0,0,0
9473,14522,0,0,0
9473,14523,14,14,0
9473,14524,12,12,0
9473,14612,0,0,0
9473,14625,0,0,0
9473,14626,0,0,0
9473,14627,29,0,29
9473,14628,0,0,0
9473,14713,0,0,0
9473,14729,0,0,0
9473,14730,0,0,0
9473,15001,0,0,0
9473,15002,0,0,0
9473,15003,0,0,0
9473,15081,0,0,0
9473,15082,0,0,0
9473,15083,0,0,0
9473,15084,0,0,0
9473,15085,0,0,0
9473,15086,0,0,0
9473,15087,0,0,0
9473,15088,0,0,0
9473,15089,0,0,0
9473,15090,0,0,0
9473,15091,0,0,0
9473,16051,63,23,40
9473,16052,0,0,0
9473,16053,0,0,0
9473,16054,112,53,59
9473,16055,0,0,0
9473,16056,0,0,0
9473,16061,0,0,0
9473,16062,0,0,0
9473,16063,0,0,0
9473,16064,11,11,0
9473,16065,0,0,0
9473,16066,130,83,47
9473,16067,17,17,0
9473,16068,0,0,0
9473,16069,3108,2583,525
9473,16070,57,40,17
9473,16071,0,0,0
9473,16072,3885,2654,1231
9473,16073,56,56,0
9473,16074,10,10,0
9473,16075,15,15,0
9473,16076,11,11,0
9473,16077,0,0,0
9474,1001,0,0,0
9474,1002,0,0,0
9474,1003,0,0,0
9474,1004,0,0,0
9474,1051,0,0,0
9474,1053,0,0,0
9474,1054,0,0,0
9474,1055,0,0,0
9474,1056,0,0,0
9474,1057,0,0,0
9474,1058,0,0,0
9474,1059,0,0,0
9474,1060,13,0,13
9474,1061,0,0,0
9474,1062,0,0,0
9474,2000,50,0,50
9474,3101,0,0,0
9474,3102,0,0,0
9474,3103,0,0,0
9474,3151,0,0,0
9474,3153,0,0,0
9474,3154,0,0,0
9474,3155,0,0,0
9474,3157,0,0,0
9474,3158,0,0,0
9474,3159,0,0,0
9474,3241,66,42,24
9474,3251,0,0,0
9474,3252,0,0,0
9474,3254,0,0,0
9474,3255,0,0,0
9474,3256,0,0,0
9474,3257,0,0,0
9474,3351,0,0,0
9474,3352,0,0,0
9474,3353,0,0,0
9474,3354,0,0,0
9474,3355,0,0,0
9474,3356,0,0,0
9474,3357,0,0,0
9474,3358,20,20,0
9474,3359,0,0,0
9474,3360,0,0,0
9474,3361,0,0,0
9474,3401,0,0,0
9474,3402,0,0,0
9474,3403,0,0,0
9474,3404,20,0,20
9474,3405,0,0,0
9474,3451,0,0,0
9474,3452,0,0,0
9474,3453,0,0,0
9474,3454,0,0,0
9474,3455,0,0,0
9474,3456,0,0,0
9474,3457,0,0,0
9474,3458,0,0,0
9474,3459,0,0,0
9474,3460,0,0,0
9474,3461,0,0,0
9474,3462,0,0,0
9474,4011,0,0,0
9474,4012,0,0,0
9474,5111,30,0,30
9474,5112,0,0,0
9474,5113,47,33,14
9474,5114,0,0,0
9474,5116,0,0,0
9474,5117,0,0,0
9474,5119,0,0,0
9474,5120,0,0,0
9474,5122,0,0,0
9474,5124,0,0,0
9474,5154,0,0,0
9474,5158,0,0,0
9474,5162,0,0,0
9474,5166,11,0,11
9474,5170,0,0,0
9474,5314,0,0,0
9474,5315,51,13,38
9474,5316,0,0,0
9474,5334,13,0,13
9474,5358,0,0,0
9474,5362,0,0,0
9474,5366,0,0,0
9474,5370,0,0,0
9474,5374,0,0,0
9474,5378,0,0,0
9474,5382,0,0,0
9474,5512,0,0,0
9474,5513,0,0,0
9474,5515,0,0,0
9474,5554,0,0,0
9474,5558,0,0,0
9474,5562,10,10,0
9474,5566,0,0,0
9474,5570,0,0,0
9474,5711,0,0,0
9474,5754,16,0,16
9474,5758,0,0,0
9474,5762,0,0,0
9474,5766,0,0,0
9474,5770,0,0,0
9474,5774,0,0,0
9474,5911,0,0,0
9474,5913,0,0,0
9474,5914,0,0,0
9474,5915,0,0,0
9474,5916,0,0,0
9474,5954,0,0,0
9474,5958,0,0,0
9474,5962,10,0,10
9474,5966,0,0,0
9474,5970,0,0,0
9474,5974,0,0,0
9474,5978,0,0,0
9474,6411,13,0,13
9474,6412,86,0,86
9474,6413,11,0,11
9474,6414,20,0,20
9474,6431,0,0,0
9474,6432,0,0,0
9474,6433,0,0,0
9474,6434,17,0,17
9474,6435,10,0,10
9474,6436,16,0,16
9474,6437,0,0,0
9474,6438,26,0,26
9474,6439,0,0,0
9474,6440,0,0,0
9474,6531,0,0,0
9474,6532,0,0,0
9474,6533,0,0,0
9474,6534,0,0,0
9474,6535,0,0,0
9474,6611,0,0,0
9474,6631,14,0,14
9474,6632,0,0,0
9474,6633,0,0,0
9474,6634,0,0,0
9474,6635,0,0,0
9474,6636,0,0,0
9474,7111,0,0,0
9474,7131,0,0,0
9474,7132,0,0,0
9474,7133,0,0,0
9474,7134,0,0,0
9474,7135,0,0,0
9474,7137,0,0,0
9474,7138,0,0,0
9474,7140,0,0,0
9474,7141,0,0,0
9474,7143,0,0,0
9474,7211,0,0,0
9474,7231,0,0,0
9474,7232,0,0,0
9474,7233,0,0,0
9474,7235,0,0,0
9474,7311,0,0,0
9474,7312,0,0,0
9474,7313,0,0,0
9474,7314,0,0,0
9474,7315,0,0,0
9474,7316,0,0,0
9474,7317,0,0,0
9474,7318,0,0,0
9474,7319,0,0,0
9474,7320,0,0,0
9474,7331,0,0,0
9474,7332,0,0,0
9474,7333,0,0,0
9474,7334,0,0,0
9474,7335,0,0,0
9474,7336,0,0,0
9474,7337,0,0,0
9474,7338,0,0,0
9474,7339,0,0,0
9474,7340,0,0,0
9474,8111,39,0,39
9474,8115,13,0,13
9474,8116,33,0,33
9474,8117,0,0,0
9474,8118,21,0,21
9474,8119,13,0,13
9474,8121,0,0,0
9474,8125,16,0,16
9474,8126,15,0,15
9474,8127,0,0,0
9474,8128,0,0,0
9474,8135,22,0,22
9474,8136,10,0,10
9474,8211,0,0,0
9474,8212,10,10,0
9474,8215,12,0,12
9474,8216,0,0,0
9474,8221,0,0,0
9474,8222,11,0,11
9474,8225,0,0,0
9474,8226,11,0,11
9474,8231,0,0,0
9474,8235,0,0,0
9474,8236,0,0,0
9474,8237,0,0,0
9474,8311,0,0,0
9474,8315,10,0,10
9474,8316,0,0,0
9474,8317,0,0,0
9474,8325,0,0,0
9474,8326,0,0,0
9474,8327,0,0,0
9474,8335,0,0,0
9474,8336,0,0,0
9474,8337,0,0,0
9474,8415,0,0,0
9474,8416,0,0,0
9474,8417,0,0,0
9474,8421,14,0,14
9474,8425,0,0,0
9474,8426,0,0,0
9474,8435,0,0,0
9474,8436,0,0,0
9474,8437,0,0,0
9474,9161,59,12,47
9474,9162,440,48,392
9474,9163,0,0,0
9474,9171,0,0,0
9474,9172,0,0,0
9474,9173,0,0,0
9474,9174,10,0,10
9474,9175,0,0,0
9474,9176,21,0,21
9474,9177,0,0,0
9474,9178,41,0,41
9474,9179,25,12,13
9474,9180,0,0,0
9474,9181,0,0,0
9474,9182,0,0,0
9474,9183,0,0,0
9474,9184,103,11,92
9474,9185,0,0,0
9474,9186,18,0,18
9474,9187,13,0,13
9474,9188,13,0,13
9474,9189,0,0,0
9474,9190,0,0,0
9474,9261,0,0,0
9474,9262,0,0,0
9474,9263,13,0,13
9474,9271,0,0,0
9474,9272,0,0,0
9474,9273,10,0,10
9474,9274,19,0,19
9474,9275,0,0,0
9474,9276,0,0,0
9474,9277,11,0,11
9474,9278,0,0,0
9474,9279,0,0,0
9474,9361,17,0,17
9474,9362,41,0,41
9474,9363,0,0,0
9474,9371,117,53,64
9474,9372,0,0,0
9474,9373,106,38,68
9474,9374,11,0,11
9474,9375,0,0,0
9474,9376,31,15,16
9474,9377,11,11,0
9474,9461,2274,665,1609
9474,9462,267,51,216
9474,9463,63,19,44
9474,9464,10,10,0
9474,9471,4200,2362,1838
9474,9472,1484,919,565
9474,9473,44,25,19
9474,9474,0,0,0
9474,9475,41,17,24
9474,9476,20,20,0
9474,9477,77,34,43
9474,9478,144,85,59
9474,9479,20,10,10
9474,9561,33,11,22
9474,9562,11705,1465,10240
9474,9563,1468,404,1064
9474,9564,7189,1085,6104
9474,9565,72,29,43
9474,9571,69,34,35
9474,9572,7119,2499,4620
9474,9573,343,187,156
9474,9574,1205,372,833
9474,9575,210,133,77
9474,9576,150,70,80
9474,9577,20,0,20
9474,9661,0,0,0
9474,9662,47,0,47
9474,9663,66,18,48
9474,9671,10,0,10
9474,9672,10,10,0
9474,9673,22,10,12
9474,9674,158,97,61
9474,9675,46,17,29
9474,9676,0,0,0
9474,9677,11,11,0
9474,9678,22,12,10
9474,9679,37,15,22
9474,9761,21,0,21
9474,9762,0,0,0
9474,9763,0,0,0
9474,9764,0,0,0
9474,9771,0,0,0
9474,9772,16,0,16
9474,9773,0,0,0
9474,9774,0,0,0
9474,9775,0,0,0
9474,9776,0,0,0
9474,9777,0,0,0
9474,9778,0,0,0
9474,9779,0,0,0
9474,9780,0,0,0
9474,10041,0,0,0
9474,10042,0,0,0
9474,10043,0,0,0
9474,10044,0,0,0
9474,10045,0,0,0
9474,10046,0,0,0
9474,11000,103,23,80
9474,12051,0,0,0
9474,12052,0,0,0
9474,12053,0,0,0
9474,12054,0,0,0
9474,12060,0,0,0
9474,12061,0,0,0
9474,12062,0,0,0
9474,12063,0,0,0
9474,12064,0,0,0
9474,12065,0,0,0
9474,12066,0,0,0
9474,12067,0,0,0
9474,12068,0,0,0
9474,12069,0,0,0
9474,12070,0,0,0
9474,12071,0,0,0
9474,12072,0,0,0
9474,12073,0,0,0
9474,13003,0,0,0
9474,13004,0,0,0
9474,13071,0,0,0
9474,13072,0,0,0
9474,13073,0,0,0
9474,13074,0,0,0
9474,13075,0,0,0
9474,13076,0,0,0
9474,14511,22,22,0
9474,14521,14,14,0
9474,14522,0,0,0
9474,14523,0,0,0
9474,14524,0,0,0
9474,14612,12,0,12
9474,14625,0,0,0
9474,14626,0,0,0
9474,14627,0,0,0
9474,14628,0,0,0
9474,14713,25,15,10
9474,14729,11,11,0
9474,14730,0,0,0
9474,15001,0,0,0
9474,15002,0,0,0
9474,15003,0,0,0
9474,15081,0,0,0
9474,15082,0,0,0
9474,15083,0,0,0
9474,15084,0,0,0
9474,15085,0,0,0
9474,15086,0,0,0
9474,15087,0,0,0
9474,15088,0,0,0
9474,15089,0,0,0
9474,15090,0,0,0
9474,15091,0,0,0
9474,16051,0,0,0
9474,16052,0,0,0
9474,16053,0,0,0
9474,16054,0,0,0
9474,16055,0,0,0
9474,16056,0,0,0
9474,16061,0,0,0
9474,16062,0,0,0
9474,16063,0,0,0
9474,16064,0,0,0
9474,16065,0,0,0
9474,16066,0,0,0
9474,16067,0,0,0
9474,16068,0,0,0
9474,16069,13,13,0
9474,16070,0,0,0
9474,16071,0,0,0
9474,16072,14,0,14
9474,16073,10,10,0
9474,16074,0,0,0
9474,16075,0,0,0
9474,16076,0,0,0
9474,16077,0,0,0
9475,1001,0,0,0
9475,1002,0,0,0
9475,1003,10,10,0
9475,1004,0,0,0
9475,1051,0,0,0
9475,1053,0,0,0
9475,1054,0,0,0
9475,1055,0,0,0
9475,1056,27,27,0
9475,1057,0,0,0
9475,1058,0,0,0
9475,1059,0,0,0
9475,1060,13,13,0
9475,1061,0,0,0
9475,1062,0,0,0
9475,2000,124,108,16
9475,3101,23,23,0
9475,3102,0,0,0
9475,3103,0,0,0
9475,3151,0,0,0
9475,3153,0,0,0
9475,3154,0,0,0
9475,3155,0,0,0
9475,3157,0,0,0
9475,3158,0,0,0
9475,3159,0,0,0
9475,3241,110,110,0
9475,3251,0,0,0
9475,3252,0,0,0
9475,3254,13,13,0
9475,3255,0,0,0
9475,3256,0,0,0
9475,3257,0,0,0
9475,3351,0,0,0
9475,3352,0,0,0
9475,3353,0,0,0
9475,3354,0,0,0
9475,3355,21,21,0
9475,3356,0,0,0
9475,3357,0,0,0
9475,3358,0,0,0
9475,3359,11,11,0
9475,3360,0,0,0
9475,3361,0,0,0
9475,3401,0,0,0
9475,3402,0,0,0
9475,3403,41,41,0
9475,3404,13,13,0
9475,3405,0,0,0
9475,3451,10,10,0
9475,3452,11,0,11
9475,3453,0,0,0
9475,3454,0,0,0
9475,3455,0,0,0
9475,3456,0,0,0
9475,3457,0,0,0
9475,3458,0,0,0
9475,3459,14,0,14
9475,3460,0,0,0
9475,3461,0,0,0
9475,3462,0,0,0
9475,4011,0,0,0
9475,4012,0,0,0
9475,5111,29,19,10
9475,5112,12,12,0
9475,5113,30,30,0
9475,5114,12,12,0
9475,5116,24,24,0
9475,5117,0,0,0
9475,5119,0,0,0
9475,5120,0,0,0
9475,5122,0,0,0
9475,5124,14,14,0
9475,5154,0,0,0
9475,5158,28,13,15
9475,5162,12,12,0
9475,5166,0,0,0
9475,5170,0,0,0
9475,5314,12,12,0
9475,5315,69,44,25
9475,5316,0,0,0
9475,5334,21,21,0
9475,5358,16,16,0
9475,5362,0,0,0
9475,5366,0,0,0
9475,5370,0,0,0
9475,5374,0,0,0
9475,5378,11,11,0
9475,5382,19,19,0
9475,5512,0,0,0
9475,5513,0,0,0
9475,5515,11,11,0
9475,5554,0,0,0
9475,5558,0,0,0
9475,5562,0,0,0
9475,5566,0,0,0
9475,5570,0,0,0
9475,5711,13,13,0
9475,5754,23,23,0
9475,5758,12,12,0
9475,5762,0,0,0
9475,5766,11,11,0
9475,5770,29,29,0
9475,5774,0,0,0
9475,5911,14,14,0
9475,5913,22,22,0
9475,5914,0,0,0
9475,5915,0,0,0
9475,5916,0,0,0
9475,5954,14,14,0
9475,5958,0,0,0
9475,5962,37,37,0
9475,5966,0,0,0
9475,5970,0,0,0
9475,5974,0,0,0
9475,5978,0,0,0
9475,6411,0,0,0
9475,6412,44,23,21
9475,6413,0,0,0
9475,6414,29,29,0
9475,6431,13,13,0
9475,6432,11,11,0
9475,6433,10,10,0
9475,6434,30,0,30
9475,6435,13,13,0
9475,6436,10,10,0
9475,6437,0,0,0
9475,6438,0,0,0
9475,6439,0,0,0
9475,6440,0,0,0
9475,6531,20,20,0
9475,6532,0,0,0
9475,6533,0,0,0
9475,6534,17,17,0
9475,6535,0,0,0
9475,6611,0,0,0
9475,6631,15,15,0
9475,6632,0,0,0
9475,6633,0,0,0
9475,6634,0,0,0
9475,6635,0,0,0
9475,6636,0,0,0
9475,7111,0,0,0
9475,7131,0,0,0
9475,7132,0,0,0
9475,7133,11,11,0
9475,7134,0,0,0
9475,7135,0,0,0
9475,7137,0,0,0
9475,7138,0,0,0
9475,7140,0,0,0
9475,7141,0,0,0
9475,7143,0,0,0
9475,7211,0,0,0
9475,7231,0,0,0
9475,7232,0,0,0
9475,7233,0,0,0
9475,7235,0,0,0
9475,7311,0,0,0
9475,7312,0,0,0
9475,7313,0,0,0
9475,7314,0,0,0
9475,7315,13,13,0
9475,7316,0,0,0
9475,7317,0,0,0
9475,7318,0,0,0
9475,7319,0,0,0
9475,7320,0,0,0
9475,7331,0,0,0
9475,7332,0,0,0
9475,7333,0,0,0
9475,7334,0,0,0
9475,7335,0,0,0
9475,7336,0,0,0
9475,7337,0,0,0
9475,7338,0,0,0
9475,7339,0,0,0
9475,7340,0,0,0
9475,8111,32,15,17
9475,8115,25,15,10
9475,8116,35,22,13
9475,8117,21,21,0
9475,8118,30,30,0
9475,8119,34,24,10
9475,8121,0,0,0
9475,8125,33,23,10
9475,8126,13,0,13
9475,8127,15,15,0
9475,8128,0,0,0
9475,8135,11,11,0
9475,8136,16,16,0
9475,8211,0,0,0
9475,8212,10,10,0
9475,8215,10,10,0
9475,8216,11,11,0
9475,8221,0,0,0
9475,8222,0,0,0
9475,8225,0,0,0
9475,8226,34,24,10
9475,8231,0,0,0
9475,8235,0,0,0
9475,8236,0,0,0
9475,8237,0,0,0
9475,8311,0,0,0
9475,8315,0,0,0
9475,8316,0,0,0
9475,8317,0,0,0
9475,8325,0,0,0
9475,8326,0,0,0
9475,8327,0,0,0
9475,8335,41,41,0
9475,8336,0,0,0
9475,8337,0,0,0
9475,8415,24,24,0
9475,8416,0,0,0
9475,8417,0,0,0
9475,8421,0,0,0
9475,8425,0,0,0
9475,8426,0,0,0
9475,8435,0,0,0
9475,8436,0,0,0
9475,8437,0,0,0
9475,9161,17,0,17
9475,9162,312,96,216
9475,9163,11,11,0
9475,9171,0,0,0
9475,9172,0,0,0
9475,9173,21,21,0
9475,9174,19,19,0
9475,9175,32,13,19
9475,9176,11,0,11
9475,9177,14,14,0
9475,9178,37,17,20
9475,9179,34,34,0
9475,9180,11,11,0
9475,9181,0,0,0
9475,9182,0,0,0
9475,9183,0,0,0
9475,9184,84,32,52
9475,9185,0,0,0
9475,9186,13,0,13
9475,9187,48,36,12
9475,9188,0,0,0
9475,9189,0,0,0
9475,9190,0,0,0
9475,9261,0,0,0
9475,9262,0,0,0
9475,9263,0,0,0
9475,9271,26,13,13
9475,9272,0,0,0
9475,9273,0,0,0
9475,9274,14,0,14
9475,9275,11,11,0
9475,9276,0,0,0
9475,9277,0,0,0
9475,9278,0,0,0
9475,9279,0,0,0
9475,9361,0,0,0
9475,9362,89,22,67
9475,9363,48,13,35
9475,9371,10,10,0
9475,9372,50,15,35
9475,9373,0,0,0
9475,9374,96,39,57
9475,9375,49,14,35
9475,9376,30,20,10
9475,9377,194,111,83
9475,9461,64,12,52
9475,9462,1253,242,1011
9475,9463,96,11,85
9475,9464,12500,4175,8325
9475,9471,54,27,27
9475,9472,1065,523,542
9475,9473,79,34,45
9475,9474,41,24,17
9475,9475,0,0,0
9475,9476,747,470,277
9475,9477,1857,869,988
9475,9478,93,38,55
9475,9479,3302,1768,1534
9475,9561,0,0,0
9475,9562,53,13,40
9475,9563,37,13,24
9475,9564,304,49,255
9475,9565,0,0,0
9475,9571,31,16,15
9475,9572,32,16,16
9475,9573,34,15,19
9475,9574,71,24,47
9475,9575,0,0,0
9475,9576,38,11,27
9475,9577,0,0,0
9475,9661,0,0,0
9475,9662,12,0,12
9475,9663,49,18,31
9475,9671,14,14,0
9475,9672,0,0,0
9475,9673,0,0,0
9475,9674,32,12,20
9475,9675,10,10,0
9475,9676,0,0,0
9475,9677,0,0,0
9475,9678,36,16,20
9475,9679,11,11,0
9475,9761,30,19,11
9475,9762,0,0,0
9475,9763,0,0,0
9475,9764,0,0,0
9475,9771,0,0,0
9475,9772,15,15,0
9475,9773,0,0,0
9475,9774,0,0,0
9475,9775,0,0,0
9475,9776,0,0,0
9475,9777,0,0,0
9475,9778,0,0,0
9475,9779,0,0,0
9475,9780,14,0,14
9475,10041,0,0,0
9475,10042,0,0,0
9475,10043,0,0,0
9475,10044,0,0,0
9475,10045,0,0,0
9475,10046,0,0,0
9475,11000,121,45,76
9475,12051,0,0,0
9475,12052,0,0,0
9475,12053,0,0,0
9475,12054,0,0,0
9475,12060,0,0,0
9475,12061,0,0,0
9475,12062,0,0,0
9475,12063,0,0,0
9475,12064,0,0,0
9475,12065,0,0,0
9475,12066,0,0,0
9475,12067,0,0,0
9475,12068,0,0,0
9475,12069,0,0,0
9475,12070,0,0,0
9475,12071,0,0,0
9475,12072,0,0,0
9475,12073,0,0,0
9475,13003,0,0,0
9475,13004,0,0,0
9475,13071,0,0,0
9475,13072,0,0,0
9475,13073,0,0,0
9475,13074,0,0,0
9475,13075,0,0,0
9475,13076,0,0,0
9475,14511,39,20,19
9475,14521,64,37,27
9475,14522,13,13,0
9475,14523,2365,2063,302
9475,14524,139,98,41
9475,14612,23,23,0
9475,14625,0,0,0
9475,14626,10,10,0
9475,14627,0,0,0
9475,14628,0,0,0
9475,14713,50,30,20
9475,14729,0,0,0
9475,14730,10,10,0
9475,15001,0,0,0
9475,15002,12,12,0
9475,15003,0,0,0
9475,15081,0,0,0
9475,15082,0,0,0
9475,15083,0,0,0
9475,15084,11,11,0
9475,15085,0,0,0
9475,15086,0,0,0
9475,15087,0,0,0
9475,15088,0,0,0
9475,15089,0,0,0
9475,15090,0,0,0
9475,15091,0,0,0
9475,16051,25,13,12
9475,16052,24,10,14
9475,16053,13,0,13
9475,16054,0,0,0
9475,16055,0,0,0
9475,16056,10,10,0
9475,16061,0,0,0
9475,16062,0,0,0
9475,16063,0,0,0
9475,16064,0,0,0
9475,16065,0,0,0
9475,16066,0,0,0
9475,16067,0,0,0
9475,16068,0,0,0
9475,16069,0,0,0
9475,16070,0,0,0
9475,16071,0,0,0
9475,16072,65,28,37
9475,16073,61,51,10
9475,16074,13,13,0
9475,16075,1815,1558,257
9475,16076,101,76,25
9475,16077,0,0,0
9476,1001,0,0,0
9476,1002,0,0,0
9476,1003,0,0,0
9476,1004,0,0,0
9476,1051,0,0,0
9476,1053,0,0,0
9476,1054,0,0,0
9476,1055,0,0,0
9476,1056,0,0,0
9476,1057,0,0,0
9476,1058,0,0,0
9476,1059,0,0,0
9476,1060,0,0,0
9476,1061,0,0,0
9476,1062,0,0,0
9476,2000,12,0,12
9476,3101,0,0,0
9476,3102,0,0,0
9476,3103,0,0,0
9476,3151,0,0,0
9476,3153,0,0,0
9476,3154,0,0,0
9476,3155,0,0,0
9476,3157,0,0,0
9476,3158,0,0,0
9476,3159,0,0,0
9476,3241,14,14,0
9476,3251,0,0,0
9476,3252,0,0,0
9476,3254,0,0,0
9476,3255,0,0,0
9476,3256,0,0,0
9476,3257,0,0,0
9476,3351,0,0,0
9476,3352,0,0,0
9476,3353,0,0,0
9476,3354,0,0,0
9476,3355,0,0,0
9476,3356,0,0,0
9476,3357,0,0,0
9476,3358,0,0,0
9476,3359,0,0,0
9476,3360,0,0,0
9476,3361,0,0,0
9476,3401,0,0,0
9476,3402,0,0,0
9476,3403,0,0,0
9476,3404,0,0,0
9476,3405,0,0,0
9476,3451,0,0,0
9476,3452,0,0,0
9476,3453,0,0,0
9476,3454,0,0,0
9476,3455,0,0,0
9476,3456,0,0,0
9476,3457,0,0,0
9476,3458,0,0,0
9476,3459,0,0,0
9476,3460,0,0,0
9476,3461,0,0,0
9476,3462,0,0,0
9476,4011,0,0,0
9476,4012,0,0,0
9476,5111,11,0,11
9476,5112,0,0,0
9476,5113,0,0,0
9476,5114,0,0,0
9476,5116,0,0,0
9476,5117,0,0,0
9476,5119,0,0,0
9476,5120,0,0,0
9476,5122,0,0,0
9476,5124,0,0,0
9476,5154,0,0,0
9476,5158,0,0,0
9476,5162,0,0,0
9476,5166,0,0,0
9476,5170,0,0,0
9476,5314,0,0,0
9476,5315,0,0,0
9476,5316,0,0,0
9476,5334,0,0,0
9476,5358,0,0,0
9476,5362,0,0,0
9476,5366,0,0,0
9476,5370,0,0,0
9476,5374,0,0,0
9476,5378,0,0,0
9476,5382,0,0,0
9476,5512,0,0,0
9476,5513,0,0,0
9476,5515,0,0,0
9476,5554,0,0,0
9476,5558,0,0,0
9476,5562,0,0,0
9476,5566,0,0,0
9476,5570,0,0,0
9476,5711,0,0,0
9476,5754,0,0,0
9476,5758,0,0,0
9476,5762,0,0,0
9476,5766,0,0,0
9476,5770,0,0,0
9476,5774,0,0,0
9476,5911,0,0,0
9476,5913,0,0,0
9476,5914,0,0,0
9476,5915,0,0,0
9476,5916,0,0,0
9476,5954,0,0,0
9476,5958,0,0,0
9476,5962,0,0,0
9476,5966,0,0,0
9476,5970,0,0,0
9476,5974,0,0,0
9476,5978,0,0,0
9476,6411,0,0,0
9476,6412,15,0,15
9476,6413,0,0,0
9476,6414,0,0,0
9476,6431,0,0,0
9476,6432,0,0,0
9476,6433,0,0,0
9476,6434,0,0,0
9476,6435,0,0,0
9476,6436,0,0,0
9476,6437,0,0,0
9476,6438,0,0,0
9476,6439,0,0,0
9476,6440,0,0,0
9476,6531,0,0,0
9476,6532,0,0,0
9476,6533,0,0,0
9476,6534,0,0,0
9476,6535,0,0,0
9476,6611,0,0,0
9476,6631,0,0,0
9476,6632,0,0,0
9476,6633,0,0,0
9476,6634,0,0,0
9476,6635,0,0,0
9476,6636,0,0,0
9476,7111,0,0,0
9476,7131,0,0,0
9476,7132,0,0,0
9476,7133,0,0,0
9476,7134,0,0,0
9476,7135,0,0,0
9476,7137,0,0,0
9476,7138,0,0,0
9476,7140,0,0,0
9476,7141,0,0,0
9476,7143,0,0,0
9476,7211,0,0,0
9476,7231,0,0,0
9476,7232,0,0,0
9476,7233,0,0,0
9476,7235,0,0,0
9476,7311,0,0,0
9476,7312,0,0,0
9476,7313,0,0,0
9476,7314,0,0,0
9476,7315,0,0,0
9476,7316,0,0,0
9476,7317,0,0,0
9476,7318,0,0,0
9476,7319,0,0,0
9476,7320,0,0,0
9476,7331,0,0,0
9476,7332,0,0,0
9476,7333,0,0,0
9476,7334,0,0,0
9476,7335,0,0,0
9476,7336,0,0,0
9476,7337,0,0,0
9476,7338,0,0,0
9476,7339,0,0,0
9476,7340,0,0,0
9476,8111,11,0,11
9476,8115,0,0,0
9476,8116,0,0,0
9476,8117,0,0,0
9476,8118,29,0,29
9476,8119,0,0,0
9476,8121,0,0,0
9476,8125,0,0,0
9476,8126,0,0,0
9476,8127,0,0,0
9476,8128,0,0,0
9476,8135,0,0,0
9476,8136,0,0,0
9476,8211,0,0,0
9476,8212,0,0,0
9476,8215,0,0,0
9476,8216,0,0,0
9476,8221,0,0,0
9476,8222,0,0,0
9476,8225,0,0,0
9476,8226,0,0,0
9476,8231,0,0,0
9476,8235,0,0,0
9476,8236,0,0,0
9476,8237,0,0,0
9476,8311,0,0,0
9476,8315,17,0,17
9476,8316,0,0,0
9476,8317,0,0,0
9476,8325,0,0,0
9476,8326,0,0,0
9476,8327,0,0,0
9476,8335,0,0,0
9476,8336,0,0,0
9476,8337,0,0,0
9476,8415,0,0,0
9476,8416,0,0,0
9476,8417,12,0,12
9476,8421,0,0,0
9476,8425,0,0,0
9476,8426,0,0,0
9476,8435,0,0,0
9476,8436,0,0,0
9476,8437,0,0,0
9476,9161,60,0,60
9476,9162,155,32,123
9476,9163,0,0,0
9476,9171,0,0,0
9476,9172,0,0,0
9476,9173,0,0,0
9476,9174,0,0,0
9476,9175,0,0,0
9476,9176,0,0,0
9476,9177,0,0,0
9476,9178,0,0,0
9476,9179,0,0,0
9476,9180,0,0,0
9476,9181,0,0,0
9476,9182,0,0,0
9476,9183,0,0,0
9476,9184,36,0,36
9476,9185,12,0,12
9476,9186,0,0,0
9476,9187,0,0,0
9476,9188,0,0,0
9476,9189,0,0,0
9476,9190,12,12,0
9476,9261,0,0,0
9476,9262,0,0,0
9476,9263,0,0,0
9476,9271,0,0,0
9476,9272,0,0,0
9476,9273,0,0,0
9476,9274,0,0,0
9476,9275,0,0,0
9476,9276,0,0,0
9476,9277,0,0,0
9476,9278,0,0,0
9476,9279,0,0,0
9476,9361,0,0,0
9476,9362,10,0,10
9476,9363,0,0,0
9476,9371,0,0,0
9476,9372,12,0,12
9476,9373,10,0,10
9476,9374,0,0,0
9476,9375,0,0,0
9476,9376,21,0,21
9476,9377,0,0,0
9476,9461,357,61,296
9476,9462,311,58,253
9476,9463,1252,210,1042
9476,9464,101,21,80
9476,9471,247,117,130
9476,9472,147,82,65
9476,9473,2235,859,1376
9476,9474,20,0,20
9476,9475,747,277,470
9476,9476,0,0,0
9476,9477,1753,643,1110
9476,9478,3035,1005,2030
9476,9479,27,10,17
9476,9561,0,0,0
9476,9562,81,0,81
9476,9563,22,10,12
9476,9564,202,33,169
9476,9565,0,0,0
9476,9571,0,0,0
9476,9572,23,0,23
9476,9573,0,0,0
9476,9574,18,0,18
9476,9575,16,16,0
9476,9576,0,0,0
9476,9577,0,0,0
9476,9661,0,0,0
9476,9662,33,0,33
9476,9663,44,13,31
9476,9671,0,0,0
9476,9672,0,0,0
9476,9673,0,0,0
9476,9674,73,33,40
9476,9675,0,0,0
9476,9676,0,0,0
9476,9677,0,0,0
9476,9678,12,0,12
9476,9679,0,0,0
9476,9761,0,0,0
9476,9762,0,0,0
9476,9763,0,0,0
9476,9764,0,0,0
9476,9771,0,0,0
9476,9772,0,0,0
9476,9773,0,0,0
9476,9774,0,0,0
9476,9775,0,0,0
9476,9776,0,0,0
9476,9777,0,0,0
9476,9778,0,0,0
9476,9779,12,0,12
9476,9780,0,0,0
9476,10041,0,0,0
9476,10042,0,0,0
9476,10043,0,0,0
9476,10044,0,0,0
9476,10045,0,0,0
9476,10046,0,0,0
9476,11000,59,14,45
9476,12051,0,0,0
9476,12052,0,0,0
9476,12053,0,0,0
9476,12054,0,0,0
9476,12060,0,0,0
9476,12061,0,0,0
9476,12062,0,0,0
9476,12063,0,0,0
9476,12064,0,0,0
9476,12065,0,0,0
9476,12066,0,0,0
9476,12067,0,0,0
9476,12068,0,0,0
9476,12069,0,0,0
9476,12070,0,0,0
9476,12071,0,0,0
9476,12072,0,0,0
9476,12073,0,0,0
9476,13003,0,0,0
9476,13004,0,0,0
9476,13071,0,0,0
9476,13072,0,0,0
9476,13073,0,0,0
9476,13074,0,0,0
9476,13075,0,0,0
9476,13076,0,0,0
9476,14511,0,0,0
9476,14521,0,0,0
9476,14522,0,0,0
9476,14523,20,20,0
9476,14524,0,0,0
9476,14612,0,0,0
9476,14625,0,0,0
9476,14626,0,0,0
9476,14627,0,0,0
9476,14628,0,0,0
9476,14713,0,0,0
9476,14729,0,0,0
9476,14730,0,0,0
9476,15001,0,0,0
9476,15002,0,0,0
9476,15003,0,0,0
9476,15081,0,0,0
9476,15082,0,0,0
9476,15083,0,0,0
9476,15084,0,0,0
9476,15085,0,0,0
9476,15086,0,0,0
9476,15087,0,0,0
9476,15088,0,0,0
9476,15089,0,0,0
9476,15090,0,0,0
9476,15091,0,0,0
9476,16051,17,0,17
9476,16052,0,0,0
9476,16053,0,0,0
9476,16054,0,0,0
9476,16055,0,0,0
9476,16056,0,0,0
9476,16061,0,0,0
9476,16062,0,0,0
9476,16063,0,0,0
9476,16064,0,0,0
9476,16065,0,0,0
9476,16066,0,0,0
9476,16067,0,0,0
9476,16068,0,0,0
9476,16069,57,47,10
9476,16070,35,24,11
9476,16071,0,0,0
9476,16072,2864,1568,1296
9476,16073,1009,926,83
9476,16074,0,0,0
9476,16075,341,257,84
9476,16076,0,0,0
9476,16077,0,0,0
9477,1001,21,0,21
9477,1002,0,0,0
9477,1003,0,0,0
9477,1004,0,0,0
9477,1051,0,0,0
9477,1053,0,0,0
9477,1054,0,0,0
9477,1055,0,0,0
9477,1056,0,0,0
9477,1057,0,0,0
9477,1058,0,0,0
9477,1059,0,0,0
9477,1060,0,0,0
9477,1061,0,0,0
9477,1062,0,0,0
9477,2000,19,0,19
9477,3101,0,0,0
9477,3102,0,0,0
9477,3103,0,0,0
9477,3151,0,0,0
9477,3153,0,0,0
9477,3154,0,0,0
9477,3155,0,0,0
9477,3157,0,0,0
9477,3158,0,0,0
9477,3159,10,0,10
9477,3241,10,0,10
9477,3251,0,0,0
9477,3252,0,0,0
9477,3254,0,0,0
9477,3255,0,0,0
9477,3256,0,0,0
9477,3257,0,0,0
9477,3351,0,0,0
9477,3352,0,0,0
9477,3353,0,0,0
9477,3354,0,0,0
9477,3355,0,0,0
9477,3356,0,0,0
9477,3357,0,0,0
9477,3358,0,0,0
9477,3359,0,0,0
9477,3360,0,0,0
9477,3361,0,0,0
9477,3401,0,0,0
9477,3402,0,0,0
9477,3403,0,0,0
9477,3404,0,0,0
9477,3405,0,0,0
9477,3451,0,0,0
9477,3452,0,0,0
9477,3453,0,0,0
9477,3454,0,0,0
9477,3455,0,0,0
9477,3456,18,18,0
9477,3457,0,0,0
9477,3458,0,0,0
9477,3459,0,0,0
9477,3460,0,0,0
9477,3461,0,0,0
9477,3462,0,0,0
9477,4011,0,0,0
9477,4012,0,0,0
9477,5111,37,0,37
9477,5112,0,0,0
9477,5113,0,0,0
9477,5114,0,0,0
9477,5116,0,0,0
9477,5117,0,0,0
9477,5119,0,0,0
9477,5120,0,0,0
9477,5122,0,0,0
9477,5124,0,0,0
9477,5154,0,0,0
9477,5158,0,0,0
9477,5162,0,0,0
9477,5166,0,0,0
9477,5170,0,0,0
9477,5314,0,0,0
9477,5315,26,11,15
9477,5316,0,0,0
9477,5334,0,0,0
9477,5358,0,0,0
9477,5362,0,0,0
9477,5366,0,0,0
9477,5370,0,0,0
9477,5374,0,0,0
9477,5378,0,0,0
9477,5382,11,0,11
9477,5512,0,0,0
9477,5513,0,0,0
9477,5515,0,0,0
9477,5554,0,0,0
9477,5558,0,0,0
9477,5562,0,0,0
9477,5566,0,0,0
9477,5570,0,0,0
9477,5711,0,0,0
9477,5754,0,0,0
9477,5758,0,0,0
9477,5762,0,0,0
9477,5766,0,0,0
9477,5770,0,0,0
9477,5774,0,0,0
9477,5911,0,0,0
9477,5913,0,0,0
9477,5914,0,0,0
9477,5915,0,0,0
9477,5916,0,0,0
9477,5954,0,0,0
9477,5958,0,0,0
9477,5962,0,0,0
9477,5966,0,0,0
9477,5970,0,0,0
9477,5974,0,0,0
9477,5978,0,0,0
9477,6411,0,0,0
9477,6412,84,0,84
9477,6413,0,0,0
9477,6414,0,0,0
9477,6431,0,0,0
9477,6432,0,0,0
9477,6433,0,0,0
9477,6434,0,0,0
9477,6435,0,0,0
9477,6436,0,0,0
9477,6437,0,0,0
9477,6438,0,0,0
9477,6439,0,0,0
9477,6440,0,0,0
9477,6531,0,0,0
9477,6532,0,0,0
9477,6533,0,0,0
9477,6534,0,0,0
9477,6535,0,0,0
9477,6611,0,0,0
9477,6631,10,10,0
9477,6632,0,0,0
9477,6633,0,0,0
9477,6634,0,0,0
9477,6635,0,0,0
9477,6636,0,0,0
9477,7111,0,0,0
9477,7131,0,0,0
9477,7132,0,0,0
9477,7133,0,0,0
9477,7134,0,0,0
9477,7135,0,0,0
9477,7137,0,0,0
9477,7138,0,0,0
9477,7140,0,0,0
9477,7141,0,0,0
9477,7143,0,0,0
9477,7211,0,0,0
9477,7231,0,0,0
9477,7232,0,0,0
9477,7233,0,0,0
9477,7235,0,0,0
9477,7311,0,0,0
9477,7312,0,0,0
9477,7313,0,0,0
9477,7314,0,0,0
9477,7315,0,0,0
9477,7316,0,0,0
9477,7317,0,0,0
9477,7318,0,0,0
9477,7319,0,0,0
9477,7320,0,0,0
9477,7331,0,0,0
9477,7332,0,0,0
9477,7333,0,0,0
9477,7334,0,0,0
9477,7335,0,0,0
9477,7336,0,0,0
9477,7337,0,0,0
9477,7338,0,0,0
9477,7339,0,0,0
9477,7340,0,0,0
9477,8111,31,14,17
9477,8115,0,0,0
9477,8116,11,0,11
9477,8117,0,0,0
9477,8118,28,15,13
9477,8119,0,0,0
9477,8121,0,0,0
9477,8125,13,0,13
9477,8126,0,0,0
9477,8127,0,0,0
9477,8128,0,0,0
9477,8135,0,0,0
9477,8136,0,0,0
9477,8211,0,0,0
9477,8212,10,0,10
9477,8215,0,0,0
9477,8216,0,0,0
9477,8221,0,0,0
9477,8222,12,0,12
9477,8225,0,0,0
9477,8226,0,0,0
9477,8231,0,0,0
9477,8235,0,0,0
9477,8236,0,0,0
9477,8237,0,0,0
9477,8311,0,0,0
9477,8315,0,0,0
9477,8316,0,0,0
9477,8317,0,0,0
9477,8325,0,0,0
9477,8326,0,0,0
9477,8327,0,0,0
9477,8335,0,0,0
9477,8336,0,0,0
9477,8337,0,0,0
9477,8415,0,0,0
9477,8416,0,0,0
9477,8417,0,0,0
9477,8421,0,0,0
9477,8425,0,0,0
9477,8426,0,0,0
9477,8435,0,0,0
9477,8436,0,0,0
9477,8437,0,0,0
9477,9161,13,0,13
9477,9162,205,28,177
9477,9163,0,0,0
9477,9171,0,0,0
9477,9172,0,0,0
9477,9173,0,0,0
9477,9174,0,0,0
9477,9175,0,0,0
9477,9176,0,0,0
9477,9177,0,0,0
9477,9178,16,0,16
9477,9179,0,0,0
9477,9180,0,0,0
9477,9181,0,0,0
9477,9182,0,0,0
9477,9183,0,0,0
9477,9184,48,0,48
9477,9185,0,0,0
9477,9186,0,0,0
9477,9187,0,0,0
9477,9188,0,0,0
9477,9189,0,0,0
9477,9190,0,0,0
9477,9261,0,0,0
9477,9262,0,0,0
9477,9263,0,0,0
9477,9271,0,0,0
9477,9272,0,0,0
9477,9273,0,0,0
9477,9274,0,0,0
9477,9275,0,0,0
9477,9276,0,0,0
9477,9277,0,0,0
9477,9278,0,0,0
9477,9279,0,0,0
9477,9361,13,0,13
9477,9362,39,0,39
9477,9363,29,10,19
9477,9371,50,14,36
9477,9372,0,0,0
9477,9373,0,0,0
9477,9374,65,24,41
9477,9375,0,0,0
9477,9376,22,11,11
9477,9377,80,42,38
9477,9461,406,89,317
9477,9462,5325,1163,4162
9477,9463,145,49,96
9477,9464,365,134,231
9477,9471,422,217,205
9477,9472,3360,2068,1292
9477,9473,217,122,95
9477,9474,77,43,34
9477,9475,1857,988,869
9477,9476,1753,1110,643
9477,9477,0,0,0
9477,9478,2401,1128,1273
9477,9479,266,167,99
9477,9561,0,0,0
9477,9562,73,15,58
9477,9563,32,12,20
9477,9564,689,48,641
9477,9565,0,0,0
9477,9571,10,0,10
9477,9572,48,22,26
9477,9573,0,0,0
9477,9574,73,29,44
9477,9575,24,12,12
9477,9576,16,0,16
9477,9577,0,0,0
9477,9661,0,0,0
9477,9662,17,0,17
9477,9663,27,0,27
9477,9671,0,0,0
9477,9672,16,0,16
9477,9673,0,0,0
9477,9674,54,35,19
9477,9675,0,0,0
9477,9676,0,0,0
9477,9677,0,0,0
9477,9678,14,14,0
9477,9679,0,0,0
9477,9761,10,0,10
9477,9762,0,0,0
9477,9763,0,0,0
9477,9764,0,0,0
9477,9771,0,0,0
9477,9772,10,0,10
9477,9773,0,0,0
9477,9774,0,0,0
9477,9775,0,0,0
9477,9776,0,0,0
9477,9777,0,0,0
9477,9778,0,0,0
9477,9779,0,0,0
9477,9780,0,0,0
9477,10041,0,0,0
9477,10042,0,0,0
9477,10043,0,0,0
9477,10044,0,0,0
9477,10045,0,0,0
9477,10046,0,0,0
9477,11000,88,37,51
9477,12051,0,0,0
9477,12052,0,0,0
9477,12053,0,0,0
9477,12054,0,0,0
9477,12060,0,0,0
9477,12061,0,0,0
9477,12062,0,0,0
9477,12063,0,0,0
9477,12064,0,0,0
9477,12065,0,0,0
9477,12066,0,0,0
9477,12067,0,0,0
9477,12068,0,0,0
9477,12069,0,0,0
9477,12070,0,0,0
9477,12071,0,0,0
9477,12072,0,0,0
9477,12073,0,0,0
9477,13003,0,0,0
9477,13004,0,0,0
9477,13071,0,0,0
9477,13072,0,0,0
9477,13073,0,0,0
9477,13074,0,0,0
9477,13075,0,0,0
9477,13076,0,0,0
9477,14511,0,0,0
9477,14521,24,24,0
9477,14522,10,10,0
9477,14523,123,91,32
9477,14524,18,18,0
9477,14612,0,0,0
9477,14625,0,0,0
9477,14626,0,0,0
9477,14627,14,14,0
9477,14628,0,0,0
9477,14713,12,12,0
9477,14729,0,0,0
9477,14730,0,0,0
9477,15001,0,0,0
9477,15002,0,0,0
9477,15003,0,0,0
9477,15081,0,0,0
9477,15082,0,0,0
9477,15083,0,0,0
9477,15084,0,0,0
9477,15085,0,0,0
9477,15086,0,0,0
9477,15087,0,0,0
9477,15088,0,0,0
9477,15089,0,0,0
9477,15090,0,0,0
9477,15091,0,0,0
9477,16051,0,0,0
9477,16052,0,0,0
9477,16053,0,0,0
9477,16054,0,0,0
9477,16055,0,0,0
9477,16056,0,0,0
9477,16061,0,0,0
9477,16062,0,0,0
9477,16063,0,0,0
9477,16064,0,0,0
9477,16065,0,0,0
9477,16066,23,11,12
9477,16067,0,0,0
9477,16068,0,0,0
9477,16069,26,26,0
9477,16070,0,0,0
9477,16071,0,0,0
9477,16072,158,61,97
9477,16073,23,23,0
9477,16074,13,13,0
9477,16075,66,66,0
9477,16076,26,26,0
9477,16077,13,13,0
9478,1001,0,0,0
9478,1002,0,0,0
9478,1003,0,0,0
9478,1004,0,0,0
9478,1051,0,0,0
9478,1053,0,0,0
9478,1054,0,0,0
9478,1055,0,0,0
9478,1056,0,0,0
9478,1057,0,0,0
9478,1058,0,0,0
9478,1059,0,0,0
9478,1060,0,0,0
9478,1061,0,0,0
9478,1062,0,0,0
9478,2000,32,10,22
9478,3101,0,0,0
9478,3102,0,0,0
9478,3103,0,0,0
9478,3151,0,0,0
9478,3153,0,0,0
9478,3154,0,0,0
9478,3155,0,0,0
9478,3157,0,0,0
9478,3158,0,0,0
9478,3159,0,0,0
9478,3241,0,0,0
9478,3251,0,0,0
9478,3252,0,0,0
9478,3254,0,0,0
9478,3255,0,0,0
9478,3256,0,0,0
9478,3257,0,0,0
9478,3351,0,0,0
9478,3352,13,0,13
9478,3353,0,0,0
9478,3354,0,0,0
9478,3355,0,0,0
9478,3356,0,0,0
9478,3357,0,0,0
9478,3358,0,0,0
9478,3359,0,0,0
9478,3360,0,0,0
9478,3361,0,0,0
9478,3401,0,0,0
9478,3402,0,0,0
9478,3403,0,0,0
9478,3404,0,0,0
9478,3405,0,0,0
9478,3451,0,0,0
9478,3452,0,0,0
9478,3453,0,0,0
9478,3454,0,0,0
9478,3455,0,0,0
9478,3456,0,0,0
9478,3457,0,0,0
9478,3458,0,0,0
9478,3459,0,0,0
9478,3460,0,0,0
9478,3461,0,0,0
9478,3462,0,0,0
9478,4011,0,0,0
9478,4012,0,0,0
9478,5111,0,0,0
9478,5112,0,0,0
9478,5113,0,0,0
9478,5114,0,0,0
9478,5116,0,0,0
9478,5117,0,0,0
9478,5119,0,0,0
9478,5120,0,0,0
9478,5122,0,0,0
9478,5124,0,0,0
9478,5154,0,0,0
9478,5158,0,0,0
9478,5162,0,0,0
9478,5166,0,0,0
9478,5170,0,0,0
9478,5314,0,0,0
9478,5315,12,0,12
9478,5316,0,0,0
9478,5334,0,0,0
9478,5358,0,0,0
9478,5362,0,0,0
9478,5366,0,0,0
9478,5370,0,0,0
9478,5374,0,0,0
9478,5378,0,0,0
9478,5382,0,0,0
9478,5512,0,0,0
9478,5513,0,0,0
9478,5515,0,0,0
9478,5554,0,0,0
9478,5558,0,0,0
9478,5562,0,0,0
9478,5566,0,0,0
9478,5570,0,0,0
9478,5711,0,0,0
9478,5754,0,0,0
9478,5758,0,0,0
9478,5762,0,0,0
9478,5766,0,0,0
9478,5770,0,0,0
9478,5774,0,0,0
9478,5911,0,0,0
9478,5913,13,0,13
9478,5914,0,0,0
9478,5915,0,0,0
9478,5916,0,0,0
9478,5954,0,0,0
9478,5958,0,0,0
9478,5962,0,0,0
9478,5966,0,0,0
9478,5970,0,0,0
9478,5974,0,0,0
9478,5978,0,0,0
9478,6411,0,0,0
9478,6412,32,0,32
9478,6413,0,0,0
9478,6414,12,0,12
9478,6431,0,0,0
9478,6432,0,0,0
9478,6433,0,0,0
9478,6434,0,0,0
9478,6435,0,0,0
9478,6436,0,0,0
9478,6437,0,0,0
9478,6438,0,0,0
9478,6439,0,0,0
9478,6440,0,0,0
9478,6531,0,0,0
9478,6532,0,0,0
9478,6533,0,0,0
9478,6534,0,0,0
9478,6535,0,0,0
9478,6611,0,0,0
9478,6631,0,0,0
9478,6632,0,0,0
9478,6633,0,0,0
9478,6634,0,0,0
9478,6635,0,0,0
9478,6636,0,0,0
9478,7111,0,0,0
9478,7131,0,0,0
9478,7132,0,0,0
9478,7133,0,0,0
9478,7134,0,0,0
9478,7135,0,0,0
9478,7137,0,0,0
9478,7138,0,0,0
9478,7140,0,0,0
9478,7141,0,0,0
9478,7143,0,0,0
9478,7211,0,0,0
9478,7231,0,0,0
9478,7232,0,0,0
9478,7233,0,0,0
9478,7235,0,0,0
9478,7311,0,0,0
9478,7312,0,0,0
9478,7313,0,0,0
9478,7314,0,0,0
9478,7315,0,0,0
9478,7316,0,0,0
9478,7317,0,0,0
9478,7318,0,0,0
9478,7319,0,0,0
9478,7320,0,0,0
9478,7331,0,0,0
9478,7332,0,0,0
9478,7333,0,0,0
9478,7334,0,0,0
9478,7335,0,0,0
9478,7336,0,0,0
9478,7337,0,0,0
9478,7338,0,0,0
9478,7339,0,0,0
9478,7340,0,0,0
9478,8111,15,0,15
9478,8115,0,0,0
9478,8116,0,0,0
9478,8117,0,0,0
9478,8118,12,0,12
9478,8119,0,0,0
9478,8121,0,0,0
9478,8125,0,0,0
9478,8126,0,0,0
9478,8127,0,0,0
9478,8128,0,0,0
9478,8135,0,0,0
9478,8136,0,0,0
9478,8211,0,0,0
9478,8212,0,0,0
9478,8215,0,0,0
9478,8216,0,0,0
9478,8221,0,0,0
9478,8222,0,0,0
9478,8225,0,0,0
9478,8226,0,0,0
9478,8231,0,0,0
9478,8235,0,0,0
9478,8236,0,0,0
9478,8237,0,0,0
9478,8311,0,0,0
9478,8315,0,0,0
9478,8316,0,0,0
9478,8317,0,0,0
9478,8325,0,0,0
9478,8326,0,0,0
9478,8327,0,0,0
9478,8335,0,0,0
9478,8336,0,0,0
9478,8337,0,0,0
9478,8415,0,0,0
9478,8416,0,0,0
9478,8417,0,0,0
9478,8421,0,0,0
9478,8425,0,0,0
9478,8426,0,0,0
9478,8435,0,0,0
9478,8436,0,0,0
9478,8437,0,0,0
9478,9161,25,0,25
9478,9162,206,32,174
9478,9163,0,0,0
9478,9171,0,0,0
9478,9172,0,0,0
9478,9173,0,0,0
9478,9174,0,0,0
9478,9175,0,0,0
9478,9176,0,0,0
9478,9177,0,0,0
9478,9178,13,0,13
9478,9179,0,0,0
9478,9180,0,0,0
9478,9181,0,0,0
9478,9182,0,0,0
9478,9183,0,0,0
9478,9184,42,11,31
9478,9185,0,0,0
9478,9186,0,0,0
9478,9187,0,0,0
9478,9188,0,0,0
9478,9189,0,0,0
9478,9190,0,0,0
9478,9261,0,0,0
9478,9262,0,0,0
9478,9263,0,0,0
9478,9271,0,0,0
9478,9272,0,0,0
9478,9273,0,0,0
9478,9274,0,0,0
9478,9275,0,0,0
9478,9276,0,0,0
9478,9277,0,0,0
9478,9278,0,0,0
9478,9279,0,0,0
9478,9361,0,0,0
9478,9362,25,0,25
9478,9363,0,0,0
9478,9371,15,15,0
9478,9372,0,0,0
9478,9373,0,0,0
9478,9374,0,0,0
9478,9375,0,0,0
9478,9376,0,0,0
9478,9377,0,0,0
9478,9461,1963,480,1483
9478,9462,355,85,270
9478,9463,2318,662,1656
9478,9464,35,16,19
9478,9471,2532,1418,1114
9478,9472,257,169,88
9478,9473,3474,2173,1301
9478,9474,144,59,85
9478,9475,93,55,38
9478,9476,3035,2030,1005
9478,9477,2401,1273,1128
9478,9478,0,0,0
9478,9479,36,19,17
9478,9561,0,0,0
9478,9562,166,17,149
9478,9563,63,15,48
9478,9564,371,51,320
9478,9565,0,0,0
9478,9571,10,10,0
9478,9572,83,29,54
9478,9573,0,0,0
9478,9574,25,0,25
9478,9575,10,10,0
9478,9576,0,0,0
9478,9577,0,0,0
9478,9661,0,0,0
9478,9662,40,0,40
9478,9663,55,15,40
9478,9671,0,0,0
9478,9672,11,0,11
9478,9673,25,10,15
9478,9674,672,258,414
9478,9675,10,0,10
9478,9676,0,0,0
9478,9677,0,0,0
9478,9678,13,0,13
9478,9679,25,0,25
9478,9761,0,0,0
9478,9762,0,0,0
9478,9763,0,0,0
9478,9764,0,0,0
9478,9771,0,0,0
9478,9772,0,0,0
9478,9773,0,0,0
9478,9774,0,0,0
9478,9775,0,0,0
9478,9776,0,0,0
9478,9777,0,0,0
9478,9778,0,0,0
9478,9779,0,0,0
9478,9780,0,0,0
9478,10041,0,0,0
9478,10042,0,0,0
9478,10043,0,0,0
9478,10044,0,0,0
9478,10045,0,0,0
9478,10046,0,0,0
9478,11000,141,31,110
9478,12051,0,0,0
9478,12052,0,0,0
9478,12053,0,0,0
9478,12054,0,0,0
9478,12060,0,0,0
9478,12061,0,0,0
9478,12062,0,0,0
9478,12063,0,0,0
9478,12064,0,0,0
9478,12065,0,0,0
9478,12066,0,0,0
9478,12067,0,0,0
9478,12068,0,0,0
9478,12069,0,0,0
9478,12070,0,0,0
9478,12071,0,0,0
9478,12072,0,0,0
9478,12073,0,0,0
9478,13003,0,0,0
9478,13004,0,0,0
9478,13071,0,0,0
9478,13072,0,0,0
9478,13073,0,0,0
9478,13074,0,0,0
9478,13075,0,0,0
9478,13076,0,0,0
9478,14511,0,0,0
9478,14521,0,0,0
9478,14522,11,11,0
9478,14523,21,21,0
9478,14524,0,0,0
9478,14612,0,0,0
9478,14625,0,0,0
9478,14626,0,0,0
9478,14627,0,0,0
9478,14628,0,0,0
9478,14713,12,12,0
9478,14729,0,0,0
9478,14730,0,0,0
9478,15001,0,0,0
9478,15002,0,0,0
9478,15003,0,0,0
9478,15081,0,0,0
9478,15082,0,0,0
9478,15083,0,0,0
9478,15084,0,0,0
9478,15085,0,0,0
9478,15086,0,0,0
9478,15087,0,0,0
9478,15088,0,0,0
9478,15089,0,0,0
9478,15090,0,0,0
9478,15091,0,0,0
9478,16051,0,0,0
9478,16052,0,0,0
9478,16053,0,0,0
9478,16054,18,18,0
9478,16055,0,0,0
9478,16056,0,0,0
9478,16061,0,0,0
9478,16062,0,0,0
9478,16063,0,0,0
9478,16064,0,0,0
9478,16065,0,0,0
9478,16066,59,22,37
9478,16067,11,11,0
9478,16068,0,0,0
9478,16069,154,127,27
9478,16070,11,11,0
9478,16071,0,0,0
9478,16072,702,537,165
9478,16073,38,38,0
9478,16074,0,0,0
9478,16075,0,0,0
9478,16076,0,0,0
9478,16077,0,0,0
9479,1001,0,0,0
9479,1002,0,0,0
9479,1003,0,0,0
9479,1004,0,0,0
9479,1051,0,0,0
9479,1053,0,0,0
9479,1054,0,0,0
9479,1055,0,0,0
9479,1056,0,0,0
9479,1057,0,0,0
9479,1058,0,0,0
9479,1059,0,0,0
9479,1060,0,0,0
9479,1061,0,0,0
9479,1062,0,0,0
9479,2000,41,19,22
9479,3101,0,0,0
9479,3102,0,0,0
9479,3103,0,0,0
9479,3151,0,0,0
9479,3153,0,0,0
9479,3154,0,0,0
9479,3155,0,0,0
9479,3157,0,0,0
9479,3158,0,0,0
9479,3159,0,0,0
9479,3241,0,0,0
9479,3251,0,0,0
9479,3252,0,0,0
9479,3254,0,0,0
9479,3255,0,0,0
9479,3256,0,0,0
9479,3257,0,0,0
9479,3351,0,0,0
9479,3352,0,0,0
9479,3353,0,0,0
9479,3354,0,0,0
9479,3355,0,0,0
9479,3356,0,0,0
9479,3357,0,0,0
9479,3358,0,0,0
9479,3359,0,0,0
9479,3360,0,0,0
9479,3361,0,0,0
9479,3401,0,0,0
9479,3402,0,0,0
9479,3403,0,0,0
9479,3404,0,0,0
9479,3405,0,0,0
9479,3451,0,0,0
9479,3452,0,0,0
9479,3453,0,0,0
9479,3454,0,0,0
9479,3455,0,0,0
9479,3456,0,0,0
9479,3457,0,0,0
9479,3458,0,0,0
9479,3459,14,0,14
9479,3460,0,0,0
9479,3461,0,0,0
9479,3462,0,0,0
9479,4011,0,0,0
9479,4012,0,0,0
9479,5111,0,0,0
9479,5112,0,0,0
9479,5113,0,0,0
9479,5114,0,0,0
9479,5116,0,0,0
9479,5117,0,0,0
9479,5119,0,0,0
9479,5120,0,0,0
9479,5122,0,0,0
9479,5124,0,0,0
9479,5154,0,0,0
9479,5158,0,0,0
9479,5162,0,0,0
9479,5166,0,0,0
9479,5170,0,0,0
9479,5314,0,0,0
9479,5315,0,0,0
9479,5316,0,0,0
9479,5334,0,0,0
9479,5358,0,0,0
9479,5362,0,0,0
9479,5366,0,0,0
9479,5370,0,0,0
9479,5374,0,0,0
9479,5378,0,0,0
9479,5382,0,0,0
9479,5512,0,0,0
9479,5513,0,0,0
9479,5515,0,0,0
9479,5554,0,0,0
9479,5558,0,0,0
9479,5562,0,0,0
9479,5566,0,0,0
9479,5570,0,0,0
9479,5711,0,0,0
9479,5754,0,0,0
9479,5758,0,0,0
9479,5762,0,0,0
9479,5766,0,0,0
9479,5770,0,0,0
9479,5774,0,0,0
9479,5911,0,0,0
9479,5913,0,0,0
9479,5914,0,0,0
9479,5915,0,0,0
9479,5916,0,0,0
9479,5954,0,0,0
9479,5958,0,0,0
9479,5962,0,0,0
9479,5966,0,0,0
9479,5970,0,0,0
9479,5974,0,0,0
9479,5978,0,0,0
9479,6411,0,0,0
9479,6412,19,0,19
9479,6413,0,0,0
9479,6414,0,0,0
9479,6431,0,0,0
9479,6432,0,0,0
9479,6433,0,0,0
9479,6434,10,0,10
9479,6435,0,0,0
9479,6436,0,0,0
9479,6437,0,0,0
9479,6438,0,0,0
9479,6439,0,0,0
9479,6440,0,0,0
9479,6531,0,0,0
9479,6532,0,0,0
9479,6533,0,0,0
9479,6534,0,0,0
9479,6535,0,0,0
9479,6611,0,0,0
9479,6631,0,0,0
9479,6632,0,0,0
9479,6633,0,0,0
9479,6634,0,0,0
9479,6635,0,0,0
9479,6636,0,0,0
9479,7111,0,0,0
9479,7131,0,0,0
9479,7132,0,0,0
9479,7133,0,0,0
9479,7134,0,0,0
9479,7135,0,0,0
9479,7137,0,0,0
9479,7138,0,0,0
9479,7140,0,0,0
9479,7141,0,0,0
9479,7143,0,0,0
9479,7211,0,0,0
9479,7231,0,0,0
9479,7232,0,0,0
9479,7233,0,0,0
9479,7235,0,0,0
9479,7311,0,0,0
9479,7312,0,0,0
9479,7313,0,0,0
9479,7314,0,0,0
9479,7315,0,0,0
9479,7316,0,0,0
9479,7317,0,0,0
9479,7318,0,0,0
9479,7319,0,0,0
9479,7320,0,0,0
9479,7331,0,0,0
9479,7332,0,0,0
9479,7333,0,0,0
9479,7334,0,0,0
9479,7335,0,0,0
9479,7336,0,0,0
9479,7337,0,0,0
9479,7338,0,0,0
9479,7339,0,0,0
9479,7340,0,0,0
9479,8111,14,0,14
9479,8115,0,0,0
9479,8116,0,0,0
9479,8117,0,0,0
9479,8118,0,0,0
9479,8119,0,0,0
9479,8121,0,0,0
9479,8125,12,12,0
9479,8126,0,0,0
9479,8127,0,0,0
9479,8128,0,0,0
9479,8135,0,0,0
9479,8136,0,0,0
9479,8211,0,0,0
9479,8212,0,0,0
9479,8215,0,0,0
9479,8216,0,0,0
9479,8221,0,0,0
9479,8222,0,0,0
9479,8225,0,0,0
9479,8226,0,0,0
9479,8231,0,0,0
9479,8235,0,0,0
9479,8236,0,0,0
9479,8237,0,0,0
9479,8311,0,0,0
9479,8315,0,0,0
9479,8316,0,0,0
9479,8317,0,0,0
9479,8325,0,0,0
9479,8326,0,0,0
9479,8327,0,0,0
9479,8335,0,0,0
9479,8336,0,0,0
9479,8337,0,0,0
9479,8415,0,0,0
9479,8416,0,0,0
9479,8417,0,0,0
9479,8421,0,0,0
9479,8425,0,0,0
9479,8426,0,0,0
9479,8435,0,0,0
9479,8436,0,0,0
9479,8437,0,0,0
9479,9161,30,13,17
9479,9162,179,31,148
9479,9163,0,0,0
9479,9171,0,0,0
9479,9172,0,0,0
9479,9173,0,0,0
9479,9174,0,0,0
9479,9175,0,0,0
9479,9176,0,0,0
9479,9177,0,0,0
9479,9178,16,0,16
9479,9179,0,0,0
9479,9180,13,13,0
9479,9181,0,0,0
9479,9182,0,0,0
9479,9183,0,0,0
9479,9184,43,0,43
9479,9185,0,0,0
9479,9186,0,0,0
9479,9187,0,0,0
9479,9188,0,0,0
9479,9189,0,0,0
9479,9190,0,0,0
9479,9261,0,0,0
9479,9262,0,0,0
9479,9263,0,0,0
9479,9271,0,0,0
9479,9272,0,0,0
9479,9273,0,0,0
9479,9274,0,0,0
9479,9275,0,0,0
9479,9276,0,0,0
9479,9277,0,0,0
9479,9278,18,0,18
9479,9279,0,0,0
9479,9361,20,0,20
9479,9362,132,14,118
9479,9363,387,85,302
9479,9371,40,24,16
9479,9372,20,0,20
9479,9373,10,0,10
9479,9374,383,182,201
9479,9375,35,0,35
9479,9376,72,24,48
9479,9377,5287,3465,1822
9479,9461,31,0,31
9479,9462,618,90,528
9479,9463,19,0,19
9479,9464,1582,553,1029
9479,9471,23,10,13
9479,9472,926,520,406
9479,9473,15,15,0
9479,9474,20,10,10
9479,9475,3302,1534,1768
9479,9476,27,17,10
9479,9477,266,99,167
9479,9478,36,17,19
9479,9479,0,0,0
9479,9561,0,0,0
9479,9562,33,0,33
9479,9563,22,0,22
9479,9564,190,27,163
9479,9565,0,0,0
9479,9571,0,0,0
9479,9572,0,0,0
9479,9573,0,0,0
9479,9574,37,13,24
9479,9575,0,0,0
9479,9576,13,0,13
9479,9577,0,0,0
9479,9661,0,0,0
9479,9662,0,0,0
9479,9663,31,0,31
9479,9671,0,0,0
9479,9672,0,0,0
9479,9673,0,0,0
9479,9674,0,0,0
9479,9675,0,0,0
9479,9676,0,0,0
9479,9677,0,0,0
9479,9678,0,0,0
9479,9679,28,0,28
9479,9761,11,0,11
9479,9762,0,0,0
9479,9763,0,0,0
9479,9764,0,0,0
9479,9771,0,0,0
9479,9772,0,0,0
9479,9773,0,0,0
9479,9774,0,0,0
9479,9775,0,0,0
9479,9776,0,0,0
9479,9777,13,13,0
9479,9778,0,0,0
9479,9779,0,0,0
9479,9780,0,0,0
9479,10041,0,0,0
9479,10042,43,43,0
9479,10043,0,0,0
9479,10044,0,0,0
9479,10045,0,0,0
9479,10046,0,0,0
9479,11000,59,25,34
9479,12051,0,0,0
9479,12052,0,0,0
9479,12053,0,0,0
9479,12054,0,0,0
9479,12060,0,0,0
9479,12061,0,0,0
9479,12062,0,0,0
9479,12063,0,0,0
9479,12064,0,0,0
9479,12065,0,0,0
9479,12066,0,0,0
9479,12067,0,0,0
9479,12068,0,0,0
9479,12069,0,0,0
9479,12070,0,0,0
9479,12071,0,0,0
9479,12072,0,0,0
9479,12073,0,0,0
9479,13003,0,0,0
9479,13004,0,0,0
9479,13071,0,0,0
9479,13072,0,0,0
9479,13073,0,0,0
9479,13074,0,0,0
9479,13075,0,0,0
9479,13076,0,0,0
9479,14511,0,0,0
9479,14521,27,27,0
9479,14522,0,0,0
9479,14523,471,379,92
9479,14524,32,15,17
9479,14612,0,0,0
9479,14625,0,0,0
9479,14626,0,0,0
9479,14627,0,0,0
9479,14628,0,0,0
9479,14713,12,12,0
9479,14729,0,0,0
9479,14730,0,0,0
9479,15001,0,0,0
9479,15002,0,0,0
9479,15003,0,0,0
9479,15081,0,0,0
9479,15082,0,0,0
9479,15083,0,0,0
9479,15084,0,0,0
9479,15085,0,0,0
9479,15086,0,0,0
9479,15087,0,0,0
9479,15088,0,0,0
9479,15089,0,0,0
9479,15090,0,0,0
9479,15091,0,0,0
9479,16051,0,0,0
9479,16052,0,0,0
9479,16053,31,0,31
9479,16054,0,0,0
9479,16055,0,0,0
9479,16056,0,0,0
9479,16061,0,0,0
9479,16062,0,0,0
9479,16063,0,0,0
9479,16064,0,0,0
9479,16065,0,0,0
9479,16066,0,0,0
9479,16067,0,0,0
9479,16068,0,0,0
9479,16069,0,0,0
9479,16070,0,0,0
9479,16071,0,0,0
9479,16072,0,0,0
9479,16073,0,0,0
9479,16074,0,0,0
9479,16075,61,41,20
9479,16076,0,0,0
9479,16077,0,0,0
9561,1001,0,0,0
9561,1002,0,0,0
9561,1003,0,0,0
9561,1004,0,0,0
9561,1051,0,0,0
9561,1053,0,0,0
9561,1054,0,0,0
9561,1055,0,0,0
9561,1056,0,0,0
9561,1057,0,0,0
9561,1058,0,0,0
9561,1059,0,0,0
9561,1060,0,0,0
9561,1061,0,0,0
9561,1062,0,0,0
9561,2000,17,0,17
9561,3101,0,0,0
9561,3102,0,0,0
9561,3103,0,0,0
9561,3151,0,0,0
9561,3153,0,0,0
9561,3154,0,0,0
9561,3155,0,0,0
9561,3157,0,0,0
9561,3158,0,0,0
9561,3159,0,0,0
9561,3241,0,0,0
9561,3251,0,0,0
9561,3252,0,0,0
9561,3254,0,0,0
9561,3255,0,0,0
9561,3256,0,0,0
9561,3257,0,0,0
9561,3351,0,0,0
9561,3352,0,0,0
9561,3353,0,0,0
9561,3354,0,0,0
9561,3355,0,0,0
9561,3356,0,0,0
9561,3357,0,0,0
9561,3358,0,0,0
9561,3359,0,0,0
9561,3360,0,0,0
9561,3361,0,0,0
9561,3401,0,0,0
9561,3402,0,0,0
9561,3403,0,0,0
9561,3404,0,0,0
9561,3405,0,0,0
9561,3451,0,0,0
9561,3452,0,0,0
9561,3453,0,0,0
9561,3454,0,0,0
9561,3455,0,0,0
9561,3456,0,0,0
9561,3457,0,0,0
9561,3458,0,0,0
9561,3459,0,0,0
9561,3460,0,0,0
9561,3461,0,0,0
9561,3462,0,0,0
9561,4011,0,0,0
9561,4012,0,0,0
9561,5111,18,0,18
9561,5112,0,0,0
9561,5113,0,0,0
9561,5114,0,0,0
9561,5116,0,0,0
9561,5117,0,0,0
9561,5119,0,0,0
9561,5120,0,0,0
9561,5122,0,0,0
9561,5124,0,0,0
9561,5154,0,0,0
9561,5158,0,0,0
9561,5162,0,0,0
9561,5166,0,0,0
9561,5170,0,0,0
9561,5314,0,0,0
9561,5315,0,0,0
9561,5316,0,0,0
9561,5334,0,0,0
9561,5358,0,0,0
9561,5362,0,0,0
9561,5366,0,0,0
9561,5370,0,0,0
9561,5374,0,0,0
9561,5378,0,0,0
9561,5382,0,0,0
9561,5512,0,0,0
9561,5513,0,0,0
9561,5515,0,0,0
9561,5554,0,0,0
9561,5558,0,0,0
9561,5562,0,0,0
9561,5566,12,12,0
9561,5570,42,42,0
9561,5711,0,0,0
9561,5754,47,47,0
9561,5758,0,0,0
9561,5762,0,0,0
9561,5766,0,0,0
9561,5770,0,0,0
9561,5774,0,0,0
9561,5911,0,0,0
9561,5913,15,0,15
9561,5914,0,0,0
9561,5915,0,0,0
9561,5916,0,0,0
9561,5954,0,0,0
9561,5958,0,0,0
9561,5962,0,0,0
9561,5966,0,0,0
9561,5970,0,0,0
9561,5974,0,0,0
9561,5978,0,0,0
9561,6411,0,0,0
9561,6412,17,0,17
9561,6413,0,0,0
9561,6414,0,0,0
9561,6431,0,0,0
9561,6432,171,171,0
9561,6433,0,0,0
9561,6434,16,0,16
9561,6435,62,24,38
9561,6436,0,0,0
9561,6437,0,0,0
9561,6438,65,55,10
9561,6439,0,0,0
9561,6440,0,0,0
9561,6531,0,0,0
9561,6532,0,0,0
9561,6533,0,0,0
9561,6534,0,0,0
9561,6535,0,0,0
9561,6611,0,0,0
9561,6631,0,0,0
9561,6632,0,0,0
9561,6633,0,0,0
9561,6634,0,0,0
9561,6635,0,0,0
9561,6636,0,0,0
9561,7111,0,0,0
9561,7131,0,0,0
9561,7132,0,0,0
9561,7133,0,0,0
9561,7134,0,0,0
9561,7135,0,0,0
9561,7137,0,0,0
9561,7138,0,0,0
9561,7140,0,0,0
9561,7141,0,0,0
9561,7143,0,0,0
9561,7211,0,0,0
9561,7231,0,0,0
9561,7232,0,0,0
9561,7233,0,0,0
9561,7235,0,0,0
9561,7311,0,0,0
9561,7312,0,0,0
9561,7313,0,0,0
9561,7314,0,0,0
9561,7315,0,0,0
9561,7316,0,0,0
9561,7317,0,0,0
9561,7318,0,0,0
9561,7319,0,0,0
9561,7320,0,0,0
9561,7331,0,0,0
9561,7332,0,0,0
9561,7333,0,0,0
9561,7334,0,0,0
9561,7335,0,0,0
9561,7336,0,0,0
9561,7337,0,0,0
9561,7338,0,0,0
9561,7339,0,0,0
9561,7340,0,0,0
9561,8111,57,14,43
9561,8115,11,0,11
9561,8116,0,0,0
9561,8117,0,0,0
9561,8118,22,11,11
9561,8119,0,0,0
9561,8121,0,0,0
9561,8125,10,10,0
9561,8126,25,13,12
9561,8127,249,145,104
9561,8128,18,18,0
9561,8135,10,10,0
9561,8136,93,60,33
9561,8211,0,0,0
9561,8212,0,0,0
9561,8215,19,19,0
9561,8216,47,47,0
9561,8221,0,0,0
9561,8222,0,0,0
9561,8225,0,0,0
9561,8226,0,0,0
9561,8231,0,0,0
9561,8235,0,0,0
9561,8236,0,0,0
9561,8237,0,0,0
9561,8311,0,0,0
9561,8315,0,0,0
9561,8316,0,0,0
9561,8317,0,0,0
9561,8325,0,0,0
9561,8326,34,0,34
9561,8327,0,0,0
9561,8335,0,0,0
9561,8336,0,0,0
9561,8337,0,0,0
9561,8415,0,0,0
9561,8416,0,0,0
9561,8417,0,0,0
9561,8421,10,10,0
9561,8425,0,0,0
9561,8426,0,0,0
9561,8435,0,0,0
9561,8436,0,0,0
9561,8437,0,0,0
9561,9161,26,14,12
9561,9162,158,24,134
9561,9163,0,0,0
9561,9171,0,0,0
9561,9172,0,0,0
9561,9173,0,0,0
9561,9174,0,0,0
9561,9175,0,0,0
9561,9176,10,10,0
9561,9177,0,0,0
9561,9178,0,0,0
9561,9179,0,0,0
9561,9180,0,0,0
9561,9181,0,0,0
9561,9182,0,0,0
9561,9183,0,0,0
9561,9184,21,0,21
9561,9185,0,0,0
9561,9186,15,15,0
9561,9187,0,0,0
9561,9188,0,0,0
9561,9189,0,0,0
9561,9190,0,0,0
9561,9261,0,0,0
9561,9262,0,0,0
9561,9263,0,0,0
9561,9271,0,0,0
9561,9272,0,0,0
9561,9273,0,0,0
9561,9274,0,0,0
9561,9275,0,0,0
9561,9276,0,0,0
9561,9277,0,0,0
9561,9278,0,0,0
9561,9279,0,0,0
9561,9361,0,0,0
9561,9362,30,11,19
9561,9363,0,0,0
9561,9371,11,11,0
9561,9372,0,0,0
9561,9373,63,46,17
9561,9374,14,14,0
9561,9375,0,0,0
9561,9376,0,0,0
9561,9377,0,0,0
9561,9461,81,21,60
9561,9462,0,0,0
9561,9463,0,0,0
9561,9464,0,0,0
9561,9471,24,24,0
9561,9472,0,0,0
9561,9473,0,0,0
9561,9474,33,22,11
9561,9475,0,0,0
9561,9476,0,0,0
9561,9477,0,0,0
9561,9478,0,0,0
9561,9479,0,0,0
9561,9561,0,0,0
9561,9562,152,82,70
9561,9563,257,149,108
9561,9564,1598,592,1006
9561,9565,198,125,73
9561,9571,16743,12572,4171
9561,9572,100,58,42
9561,9573,539,394,145
9561,9574,148,105,43
9561,9575,1171,778,393
9561,9576,371,282,89
9561,9577,1146,937,209
9561,9661,0,0,0
9561,9662,0,0,0
9561,9663,52,29,23
9561,9671,0,0,0
9561,9672,0,0,0
9561,9673,0,0,0
9561,9674,0,0,0
9561,9675,61,61,0
9561,9676,0,0,0
9561,9677,13,13,0
9561,9678,21,21,0
9561,9679,63,49,14
9561,9761,13,13,0
9561,9762,0,0,0
9561,9763,0,0,0
9561,9764,0,0,0
9561,9771,0,0,0
9561,9772,0,0,0
9561,9773,0,0,0
9561,9774,0,0,0
9561,9775,0,0,0
9561,9776,0,0,0
9561,9777,21,21,0
9561,9778,0,0,0
9561,9779,69,47,22
9561,9780,0,0,0
9561,10041,0,0,0
9561,10042,0,0,0
9561,10043,0,0,0
9561,10044,0,0,0
9561,10045,0,0,0
9561,10046,0,0,0
9561,11000,44,16,28
9561,12051,0,0,0
9561,12052,0,0,0
9561,12053,0,0,0
9561,12054,0,0,0
9561,12060,0,0,0
9561,12061,0,0,0
9561,12062,0,0,0
9561,12063,0,0,0
9561,12064,0,0,0
9561,12065,0,0,0
9561,12066,0,0,0
9561,12067,0,0,0
9561,12068,0,0,0
9561,12069,0,0,0
9561,12070,0,0,0
9561,12071,0,0,0
9561,12072,0,0,0
9561,12073,0,0,0
9561,13003,0,0,0
9561,13004,0,0,0
9561,13071,0,0,0
9561,13072,0,0,0
9561,13073,0,0,0
9561,13074,0,0,0
9561,13075,0,0,0
9561,13076,0,0,0
9561,14511,0,0,0
9561,14521,16,16,0
9561,14522,0,0,0
9561,14523,0,0,0
9561,14524,0,0,0
9561,14612,0,0,0
9561,14625,0,0,0
9561,14626,0,0,0
9561,14627,0,0,0
9561,14628,0,0,0
9561,14713,13,13,0
9561,14729,25,25,0
9561,14730,0,0,0
9561,15001,0,0,0
9561,15002,0,0,0
9561,15003,0,0,0
9561,15081,0,0,0
9561,15082,0,0,0
9561,15083,0,0,0
9561,15084,0,0,0
9561,15085,0,0,0
9561,15086,0,0,0
9561,15087,0,0,0
9561,15088,0,0,0
9561,15089,0,0,0
9561,15090,0,0,0
9561,15091,0,0,0
9561,16051,0,0,0
9561,16052,0,0,0
9561,16053,0,0,0
9561,16054,0,0,0
9561,16055,0,0,0
9561,16056,0,0,0
9561,16061,0,0,0
9561,16062,0,0,0
9561,16063,0,0,0
9561,16064,0,0,0
9561,16065,0,0,0
9561,16066,0,0,0
9561,16067,0,0,0
9561,16068,0,0,0
9561,16069,0,0,0
9561,16070,0,0,0
9561,16071,0,0,0
9561,16072,0,0,0
9561,16073,0,0,0
9561,16074,0,0,0
9561,16075,0,0,0
9561,16076,0,0,0
9561,16077,0,0,0
9562,1001,0,0,0
9562,1002,0,0,0
9562,1003,10,10,0
9562,1004,0,0,0
9562,1051,0,0,0
9562,1053,0,0,0
9562,1054,0,0,0
9562,1055,0,0,0
9562,1056,0,0,0
9562,1057,0,0,0
9562,1058,14,14,0
9562,1059,0,0,0
9562,1060,0,0,0
9562,1061,0,0,0
9562,1062,0,0,0
9562,2000,174,94,80
9562,3101,34,34,0
9562,3102,0,0,0
9562,3103,0,0,0
9562,3151,0,0,0
9562,3153,0,0,0
9562,3154,0,0,0
9562,3155,0,0,0
9562,3157,0,0,0
9562,3158,0,0,0
9562,3159,25,25,0
9562,3241,100,62,38
9562,3251,0,0,0
9562,3252,0,0,0
9562,3254,15,15,0
9562,3255,0,0,0
9562,3256,0,0,0
9562,3257,0,0,0
9562,3351,0,0,0
9562,3352,11,11,0
9562,3353,10,10,0
9562,3354,0,0,0
9562,3355,0,0,0
9562,3356,0,0,0
9562,3357,0,0,0
9562,3358,0,0,0
9562,3359,0,0,0
9562,3360,0,0,0
9562,3361,0,0,0
9562,3401,0,0,0
9562,3402,0,0,0
9562,3403,10,10,0
9562,3404,0,0,0
9562,3405,0,0,0
9562,3451,0,0,0
9562,3452,0,0,0
9562,3453,0,0,0
9562,3454,21,21,0
9562,3455,0,0,0
9562,3456,0,0,0
9562,3457,0,0,0
9562,3458,0,0,0
9562,3459,0,0,0
9562,3460,0,0,0
9562,3461,0,0,0
9562,3462,0,0,0
9562,4011,24,24,0
9562,4012,0,0,0
9562,5111,90,33,57
9562,5112,33,33,0
9562,5113,55,38,17
9562,5114,13,13,0
9562,5116,0,0,0
9562,5117,22,22,0
9562,5119,0,0,0
9562,5120,0,0,0
9562,5122,0,0,0
9562,5124,21,21,0
9562,5154,10,10,0
9562,5158,28,16,12
9562,5162,33,20,13
9562,5166,10,10,0
9562,5170,12,12,0
9562,5314,26,12,14
9562,5315,156,56,100
9562,5316,0,0,0
9562,5334,46,46,0
9562,5358,40,11,29
9562,5362,16,16,0
9562,5366,0,0,0
9562,5370,13,13,0
9562,5374,29,0,29
9562,5378,0,0,0
9562,5382,21,21,0
9562,5512,0,0,0
9562,5513,0,0,0
9562,5515,16,16,0
9562,5554,25,25,0
9562,5558,12,12,0
9562,5562,14,14,0
9562,5566,18,18,0
9562,5570,0,0,0
9562,5711,0,0,0
9562,5754,16,16,0
9562,5758,0,0,0
9562,5762,0,0,0
9562,5766,0,0,0
9562,5770,10,10,0
9562,5774,13,13,0
9562,5911,16,16,0
9562,5913,34,24,10
9562,5914,0,0,0
9562,5915,0,0,0
9562,5916,0,0,0
9562,5954,20,20,0
9562,5958,10,10,0
9562,5962,10,10,0
9562,5966,0,0,0
9562,5970,12,12,0
9562,5974,11,11,0
9562,5978,14,14,0
9562,6411,41,27,14
9562,6412,258,124,134
9562,6413,35,35,0
9562,6414,38,25,13
9562,6431,26,26,0
9562,6432,36,36,0
9562,6433,20,20,0
9562,6434,72,31,41
9562,6435,69,69,0
9562,6436,65,28,37
9562,6437,0,0,0
9562,6438,132,97,35
9562,6439,15,15,0
9562,6440,34,34,0
9562,6531,27,27,0
9562,6532,0,0,0
9562,6533,13,13,0
9562,6534,35,35,0
9562,6535,0,0,0
9562,6611,36,24,12
9562,6631,21,21,0
9562,6632,0,0,0
9562,6633,17,17,0
9562,6634,10,10,0
9562,6635,0,0,0
9562,6636,0,0,0
9562,7111,0,0,0
9562,7131,0,0,0
9562,7132,0,0,0
9562,7133,0,0,0
9562,7134,0,0,0
9562,7135,0,0,0
9562,7137,0,0,0
9562,7138,0,0,0
9562,7140,0,0,0
9562,7141,0,0,0
9562,7143,0,0,0
9562,7211,0,0,0
9562,7231,0,0,0
9562,7232,0,0,0
9562,7233,0,0,0
9562,7235,0,0,0
9562,7311,0,0,0
9562,7312,0,0,0
9562,7313,0,0,0
9562,7314,10,10,0
9562,7315,36,18,18
9562,7316,0,0,0
9562,7317,0,0,0
9562,7318,0,0,0
9562,7319,0,0,0
9562,7320,0,0,0
9562,7331,0,0,0
9562,7332,11,11,0
9562,7333,0,0,0
9562,7334,13,13,0
9562,7335,0,0,0
9562,7336,0,0,0
9562,7337,0,0,0
9562,7338,14,14,0
9562,7339,10,10,0
9562,7340,0,0,0
9562,8111,131,58,73
9562,8115,37,19,18
9562,8116,54,24,30
9562,8117,13,13,0
9562,8118,54,34,20
9562,8119,41,22,19
9562,8121,14,14,0
9562,8125,53,32,21
9562,8126,0,0,0
9562,8127,29,19,10
9562,8128,35,25,10
9562,8135,0,0,0
9562,8136,20,20,0
9562,8211,0,0,0
9562,8212,87,63,24
9562,8215,40,40,0
9562,8216,16,16,0
9562,8221,38,26,12
9562,8222,55,32,23
9562,8225,11,11,0
9562,8226,63,51,12
9562,8231,0,0,0
9562,8235,0,0,0
9562,8236,14,14,0
9562,8237,0,0,0
9562,8311,24,13,11
9562,8315,0,0,0
9562,8316,0,0,0
9562,8317,10,10,0
9562,8325,0,0,0
9562,8326,0,0,0
9562,8327,0,0,0
9562,8335,32,22,10
9562,8336,0,0,0
9562,8337,0,0,0
9562,8415,30,17,13
9562,8416,37,21,16
9562,8417,0,0,0
9562,8421,19,0,19
9562,8425,0,0,0
9562,8426,10,10,0
9562,8435,25,12,13
9562,8436,17,17,0
9562,8437,0,0,0
9562,9161,124,65,59
9562,9162,1086,516,570
9562,9163,0,0,0
9562,9171,12,12,0
9562,9172,0,0,0
9562,9173,18,18,0
9562,9174,36,25,11
9562,9175,34,34,0
9562,9176,81,54,27
9562,9177,19,19,0
9562,9178,76,37,39
9562,9179,44,32,12
9562,9180,0,0,0
9562,9181,16,16,0
9562,9182,15,15,0
9562,9183,12,12,0
9562,9184,223,110,113
9562,9185,31,31,0
9562,9186,36,22,14
9562,9187,32,32,0
9562,9188,48,33,15
9562,9189,18,18,0
9562,9190,15,15,0
9562,9261,19,19,0
9562,9262,14,14,0
9562,9263,0,0,0
9562,9271,25,25,0
9562,9272,10,10,0
9562,9273,27,27,0
9562,9274,19,19,0
9562,9275,21,21,0
9562,9276,0,0,0
9562,9277,0,0,0
9562,9278,23,23,0
9562,9279,0,0,0
9562,9361,101,73,28
9562,9362,206,152,54
9562,9363,31,31,0
9562,9371,233,209,24
9562,9372,23,23,0
9562,9373,529,441,88
9562,9374,86,86,0
9562,9375,112,101,11
9562,9376,77,65,12
9562,9377,56,56,0
9562,9461,1275,971,304
9562,9462,145,95,50
9562,9463,68,49,19
9562,9464,38,22,16
9562,9471,2748,2592,156
9562,9472,291,270,21
9562,9473,81,81,0
9562,9474,11705,10240,1465
9562,9475,53,40,13
9562,9476,81,81,0
9562,9477,73,58,15
9562,9478,166,149,17
9562,9479,33,33,0
9562,9561,152,70,82
9562,9562,0,0,0
9562,9563,6441,4823,1618
9562,9564,18238,11327,6911
9562,9565,362,314,48
9562,9571,371,322,49
9562,9572,20415,16203,4212
9562,9573,2756,2407,349
9562,9574,2461,2067,394
9562,9575,1542,1394,148
9562,9576,814,703,111
9562,9577,156,137,19
9562,9661,35,35,0
9562,9662,50,24,26
9562,9663,154,99,55
9562,9671,112,112,0
9562,9672,51,51,0
9562,9673,67,56,11
9562,9674,212,183,29
9562,9675,134,102,32
9562,9676,33,33,0
9562,9677,23,23,0
9562,9678,102,102,0
9562,9679,108,93,15
9562,9761,75,48,27
9562,9762,0,0,0
9562,9763,0,0,0
9562,9764,0,0,0
9562,9771,27,27,0
9562,9772,32,32,0
9562,9773,12,12,0
9562,9774,0,0,0
9562,9775,15,15,0
9562,9776,0,0,0
9562,9777,10,10,0
9562,9778,0,0,0
9562,9779,42,31,11
9562,9780,12,12,0
9562,10041,35,19,16
9562,10042,0,0,0
9562,10043,0,0,0
9562,10044,0,0,0
9562,10045,0,0,0
9562,10046,0,0,0
9562,11000,543,393,150
9562,12051,0,0,0
9562,12052,0,0,0
9562,12053,0,0,0
9562,12054,15,15,0
9562,12060,13,13,0
9562,12061,14,14,0
9562,12062,10,10,0
9562,12063,16,16,0
9562,12064,15,15,0
9562,12065,16,16,0
9562,12066,0,0,0
9562,12067,0,0,0
9562,12068,0,0,0
9562,12069,17,17,0
9562,12070,0,0,0
9562,12071,0,0,0
9562,12072,11,11,0
9562,12073,0,0,0
9562,13003,0,0,0
9562,13004,0,0,0
9562,13071,0,0,0
9562,13072,11,11,0
9562,13073,10,10,0
9562,13074,0,0,0
9562,13075,14,14,0
9562,13076,0,0,0
9562,14511,39,28,11
9562,14521,25,25,0
9562,14522,29,29,0
9562,14523,35,35,0
9562,14524,27,27,0
9562,14612,87,73,14
9562,14625,21,21,0
9562,14626,35,35,0
9562,14627,0,0,0
9562,14628,11,11,0
9562,14713,79,62,17
9562,14729,30,30,0
9562,14730,15,15,0
9562,15001,0,0,0
9562,15002,20,20,0
9562,15003,53,53,0
9562,15081,0,0,0
9562,15082,0,0,0
9562,15083,0,0,0
9562,15084,15,15,0
9562,15085,0,0,0
9562,15086,0,0,0
9562,15087,11,11,0
9562,15088,18,18,0
9562,15089,0,0,0
9562,15090,0,0,0
9562,15091,0,0,0
9562,16051,23,23,0
9562,16052,0,0,0
9562,16053,34,23,11
9562,16054,11,11,0
9562,16055,0,0,0
9562,16056,0,0,0
9562,16061,0,0,0
9562,16062,0,0,0
9562,16063,16,16,0
9562,16064,12,12,0
9562,16065,0,0,0
9562,16066,23,23,0
9562,16067,18,18,0
9562,16068,0,0,0
9562,16069,20,20,0
9562,16070,23,23,0
9562,16071,0,0,0
9562,16072,15,15,0
9562,16073,19,19,0
9562,16074,0,0,0
9562,16075,13,13,0
9562,16076,16,16,0
9562,16077,0,0,0
9563,1001,0,0,0
9563,1002,0,0,0
9563,1003,12,0,12
9563,1004,0,0,0
9563,1051,0,0,0
9563,1053,0,0,0
9563,1054,0,0,0
9563,1055,0,0,0
9563,1056,0,0,0
9563,1057,0,0,0
9563,1058,0,0,0
9563,1059,0,0,0
9563,1060,0,0,0
9563,1061,0,0,0
9563,1062,12,0,12
9563,2000,122,24,98
9563,3101,0,0,0
9563,3102,0,0,0
9563,3103,0,0,0
9563,3151,0,0,0
9563,3153,0,0,0
9563,3154,0,0,0
9563,3155,11,0,11
9563,3157,0,0,0
9563,3158,0,0,0
9563,3159,0,0,0
9563,3241,53,17,36
9563,3251,0,0,0
9563,3252,0,0,0
9563,3254,0,0,0
9563,3255,0,0,0
9563,3256,0,0,0
9563,3257,0,0,0
9563,3351,0,0,0
9563,3352,0,0,0
9563,3353,0,0,0
9563,3354,0,0,0
9563,3355,0,0,0
9563,3356,0,0,0
9563,3357,0,0,0
9563,3358,0,0,0
9563,3359,0,0,0
9563,3360,0,0,0
9563,3361,0,0,0
9563,3401,0,0,0
9563,3402,0,0,0
9563,3403,0,0,0
9563,3404,0,0,0
9563,3405,0,0,0
9563,3451,0,0,0
9563,3452,0,0,0
9563,3453,0,0,0
9563,3454,0,0,0
9563,3455,0,0,0
9563,3456,0,0,0
9563,3457,0,0,0
9563,3458,0,0,0
9563,3459,0,0,0
9563,3460,0,0,0
9563,3461,0,0,0
9563,3462,0,0,0
9563,4011,0,0,0
9563,4012,0,0,0
9563,5111,77,12,65
9563,5112,0,0,0
9563,5113,21,0,21
9563,5114,0,0,0
9563,5116,0,0,0
9563,5117,0,0,0
9563,5119,0,0,0
9563,5120,0,0,0
9563,5122,0,0,0
9563,5124,13,0,13
9563,5154,0,0,0
9563,5158,38,14,24
9563,5162,23,10,13
9563,5166,0,0,0
9563,5170,0,0,0
9563,5314,19,0,19
9563,5315,107,26,81
9563,5316,0,0,0
9563,5334,16,0,16
9563,5358,0,0,0
9563,5362,0,0,0
9563,5366,0,0,0
9563,5370,0,0,0
9563,5374,19,0,19
9563,5378,0,0,0
9563,5382,14,0,14
9563,5512,0,0,0
9563,5513,0,0,0
9563,5515,0,0,0
9563,5554,0,0,0
9563,5558,0,0,0
9563,5562,0,0,0
9563,5566,0,0,0
9563,5570,0,0,0
9563,5711,0,0,0
9563,5754,20,0,20
9563,5758,0,0,0
9563,5762,0,0,0
9563,5766,0,0,0
9563,5770,0,0,0
9563,5774,0,0,0
9563,5911,0,0,0
9563,5913,22,11,11
9563,5914,0,0,0
9563,5915,0,0,0
9563,5916,0,0,0
9563,5954,0,0,0
9563,5958,0,0,0
9563,5962,10,0,10
9563,5966,0,0,0
9563,5970,0,0,0
9563,5974,0,0,0
9563,5978,21,0,21
9563,6411,0,0,0
9563,6412,137,15,122
9563,6413,0,0,0
9563,6414,19,0,19
9563,6431,12,12,0
9563,6432,11,0,11
9563,6433,0,0,0
9563,6434,31,0,31
9563,6435,35,16,19
9563,6436,24,0,24
9563,6437,0,0,0
9563,6438,50,16,34
9563,6439,0,0,0
9563,6440,0,0,0
9563,6531,0,0,0
9563,6532,0,0,0
9563,6533,0,0,0
9563,6534,0,0,0
9563,6535,0,0,0
9563,6611,17,0,17
9563,6631,0,0,0
9563,6632,0,0,0
9563,6633,0,0,0
9563,6634,0,0,0
9563,6635,0,0,0
9563,6636,0,0,0
9563,7111,0,0,0
9563,7131,0,0,0
9563,7132,0,0,0
9563,7133,0,0,0
9563,7134,0,0,0
9563,7135,0,0,0
9563,7137,0,0,0
9563,7138,0,0,0
9563,7140,0,0,0
9563,7141,0,0,0
9563,7143,0,0,0
9563,7211,0,0,0
9563,7231,0,0,0
9563,7232,0,0,0
9563,7233,0,0,0
9563,7235,0,0,0
9563,7311,0,0,0
9563,7312,0,0,0
9563,7313,0,0,0
9563,7314,12,0,12
9563,7315,10,0,10
9563,7316,0,0,0
9563,7317,0,0,0
9563,7318,0,0,0
9563,7319,0,0,0
9563,7320,0,0,0
9563,7331,0,0,0
9563,7332,0,0,0
9563,7333,0,0,0
9563,7334,0,0,0
9563,7335,0,0,0
9563,7336,0,0,0
9563,7337,0,0,0
9563,7338,0,0,0
9563,7339,0,0,0
9563,7340,0,0,0
9563,8111,79,20,59
9563,8115,21,0,21
9563,8116,60,0,60
9563,8117,0,0,0
9563,8118,33,12,21
9563,8119,11,0,11
9563,8121,0,0,0
9563,8125,16,0,16
9563,8126,11,0,11
9563,8127,28,16,12
9563,8128,0,0,0
9563,8135,0,0,0
9563,8136,13,0,13
9563,8211,0,0,0
9563,8212,32,12,20
9563,8215,0,0,0
9563,8216,0,0,0
9563,8221,0,0,0
9563,8222,65,0,65
9563,8225,0,0,0
9563,8226,31,18,13
9563,8231,0,0,0
9563,8235,0,0,0
9563,8236,0,0,0
9563,8237,0,0,0
9563,8311,0,0,0
9563,8315,0,0,0
9563,8316,0,0,0
9563,8317,0,0,0
9563,8325,0,0,0
9563,8326,0,0,0
9563,8327,0,0,0
9563,8335,0,0,0
9563,8336,0,0,0
9563,8337,0,0,0
9563,8415,0,0,0
9563,8416,0,0,0
9563,8417,0,0,0
9563,8421,0,0,0
9563,8425,0,0,0
9563,8426,0,0,0
9563,8435,0,0,0
9563,8436,0,0,0
9563,8437,0,0,0
9563,9161,84,19,65
9563,9162,772,99,673
9563,9163,0,0,0
9563,9171,0,0,0
9563,9172,0,0,0
9563,9173,0,0,0
9563,9174,35,12,23
9563,9175,18,0,18
9563,9176,49,30,19
9563,9177,0,0,0
9563,9178,84,29,55
9563,9179,26,14,12
9563,9180,0,0,0
9563,9181,0,0,0
9563,9182,11,0,11
9563,9183,0,0,0
9563,9184,145,15,130
9563,9185,0,0,0
9563,9186,53,15,38
9563,9187,0,0,0
9563,9188,13,0,13
9563,9189,0,0,0
9563,9190,0,0,0
9563,9261,0,0,0
9563,9262,0,0,0
9563,9263,0,0,0
9563,9271,0,0,0
9563,9272,0,0,0
9563,9273,35,19,16
9563,9274,13,0,13
9563,9275,10,10,0
9563,9276,0,0,0
9563,9277,0,0,0
9563,9278,0,0,0
9563,9279,0,0,0
9563,9361,64,35,29
9563,9362,108,39,69
9563,9363,19,0,19
9563,9371,211,172,39
9563,9372,55,39,16
9563,9373,515,357,158
9563,9374,19,19,0
9563,9375,106,80,26
9563,9376,98,74,24
9563,9377,11,11,0
9563,9461,267,127,140
9563,9462,100,50,50
9563,9463,36,16,20
9563,9464,11,0,11
9563,9471,440,358,82
9563,9472,134,113,21
9563,9473,71,71,0
9563,9474,1468,1064,404
9563,9475,37,24,13
9563,9476,22,12,10
9563,9477,32,20,12
9563,9478,63,48,15
9563,9479,22,22,0
9563,9561,257,108,149
9563,9562,6441,1618,4823
9563,9563,0,0,0
9563,9564,35190,11719,23471
9563,9565,874,514,360
9563,9571,742,560,182
9563,9572,3771,1722,2049
9563,9573,10059,6985,3074
9563,9574,2415,1431,984
9563,9575,1647,1282,365
9563,9576,1477,1006,471
9563,9577,207,145,62
9563,9661,0,0,0
9563,9662,43,16,27
9563,9663,86,34,52
9563,9671,0,0,0
9563,9672,25,15,10
9563,9673,17,17,0
9563,9674,76,52,24
9563,9675,106,81,25
9563,9676,0,0,0
9563,9677,0,0,0
9563,9678,55,42,13
9563,9679,79,48,31
9563,9761,66,30,36
9563,9762,0,0,0
9563,9763,0,0,0
9563,9764,0,0,0
9563,9771,19,0,19
9563,9772,50,22,28
9563,9773,10,10,0
9563,9774,0,0,0
9563,9775,11,11,0
9563,9776,0,0,0
9563,9777,0,0,0
9563,9778,0,0,0
9563,9779,33,21,12
9563,9780,0,0,0
9563,10041,16,0,16
9563,10042,0,0,0
9563,10043,0,0,0
9563,10044,0,0,0
9563,10045,0,0,0
9563,10046,0,0,0
9563,11000,263,88,175
9563,12051,0,0,0
9563,12052,0,0,0
9563,12053,0,0,0
9563,12054,0,0,0
9563,12060,0,0,0
9563,12061,0,0,0
9563,12062,0,0,0
9563,12063,0,0,0
9563,12064,0,0,0
9563,12065,0,0,0
9563,12066,0,0,0
9563,12067,0,0,0
9563,12068,0,0,0
9563,12069,0,0,0
9563,12070,0,0,0
9563,12071,0,0,0
9563,12072,0,0,0
9563,12073,0,0,0
9563,13003,0,0,0
9563,13004,0,0,0
9563,13071,0,0,0
9563,13072,0,0,0
9563,13073,0,0,0
9563,13074,0,0,0
9563,13075,0,0,0
9563,13076,0,0,0
9563,14511,31,16,15
9563,14521,24,24,0
9563,14522,0,0,0
9563,14523,19,19,0
9563,14524,28,28,0
9563,14612,39,25,14
9563,14625,0,0,0
9563,14626,0,0,0
9563,14627,20,0,20
9563,14628,0,0,0
9563,14713,37,21,16
9563,14729,0,0,0
9563,14730,0,0,0
9563,15001,0,0,0
9563,15002,0,0,0
9563,15003,0,0,0
9563,15081,0,0,0
9563,15082,0,0,0
9563,15083,0,0,0
9563,15084,25,25,0
9563,15085,0,0,0
9563,15086,0,0,0
9563,15087,0,0,0
9563,15088,0,0,0
9563,15089,0,0,0
9563,15090,0,0,0
9563,15091,0,0,0
9563,16051,15,15,0
9563,16052,11,11,0
9563,16053,20,0,20
9563,16054,0,0,0
9563,16055,0,0,0
9563,16056,0,0,0
9563,16061,0,0,0
9563,16062,0,0,0
9563,16063,0,0,0
9563,16064,0,0,0
9563,16065,0,0,0
9563,16066,30,30,0
9563,16067,11,11,0
9563,16068,0,0,0
9563,16069,15,15,0
9563,16070,0,0,0
9563,16071,0,0,0
9563,16072,0,0,0
9563,16073,0,0,0
9563,16074,0,0,0
9563,16075,0,0,0
9563,16076,0,0,0
9563,16077,0,0,0
9564,1001,15,15,0
9564,1002,41,25,16
9564,1003,48,26,22
9564,1004,0,0,0
9564,1051,12,12,0
9564,1053,20,20,0
9564,1054,11,11,0
9564,1055,21,21,0
9564,1056,88,69,19
9564,1057,12,12,0
9564,1058,32,32,0
9564,1059,11,11,0
9564,1060,62,38,24
9564,1061,13,13,0
9564,1062,117,58,59
9564,2000,878,454,424
9564,3101,60,40,20
9564,3102,11,11,0
9564,3103,27,13,14
9564,3151,21,21,0
9564,3153,63,22,41
9564,3154,0,0,0
9564,3155,53,24,29
9564,3157,16,16,0
9564,3158,21,21,0
9564,3159,70,41,29
9564,3241,523,331,192
9564,3251,30,30,0
9564,3252,15,15,0
9564,3254,77,56,21
9564,3255,0,0,0
9564,3256,19,19,0
9564,3257,32,32,0
9564,3351,38,38,0
9564,3352,13,13,0
9564,3353,64,47,17
9564,3354,0,0,0
9564,3355,55,33,22
9564,3356,12,12,0
9564,3357,20,20,0
9564,3358,16,16,0
9564,3359,30,30,0
9564,3360,22,22,0
9564,3361,22,22,0
9564,3401,10,10,0
9564,3402,0,0,0
9564,3403,47,27,20
9564,3404,65,16,49
9564,3405,11,11,0
9564,3451,10,10,0
9564,3452,19,19,0
9564,3453,11,11,0
9564,3454,79,23,56
9564,3455,0,0,0
9564,3456,10,10,0
9564,3457,13,13,0
9564,3458,18,18,0
9564,3459,53,36,17
9564,3460,19,19,0
9564,3461,0,0,0
9564,3462,0,0,0
9564,4011,163,78,85
9564,4012,10,10,0
9564,5111,531,207,324
9564,5112,163,118,45
9564,5113,216,101,115
9564,5114,52,35,17
9564,5116,64,45,19
9564,5117,27,27,0
9564,5119,53,31,22
9564,5120,17,0,17
9564,5122,39,19,20
9564,5124,70,39,31
9564,5154,56,38,18
9564,5158,168,98,70
9564,5162,188,104,84
9564,5166,91,35,56
9564,5170,79,60,19
9564,5314,154,102,52
9564,5315,622,271,351
9564,5316,39,25,14
9564,5334,201,71,130
9564,5358,48,22,26
9564,5362,111,80,31
9564,5366,48,28,20
9564,5370,33,33,0
9564,5374,96,37,59
9564,5378,83,72,11
9564,5382,174,139,35
9564,5512,13,13,0
9564,5513,72,30,42
9564,5515,83,57,26
9564,5554,69,51,18
9564,5558,25,25,0
9564,5562,103,78,25
9564,5566,78,57,21
9564,5570,30,30,0
9564,5711,81,40,41
9564,5754,111,49,62
9564,5758,53,40,13
9564,5762,0,0,0
9564,5766,48,37,11
9564,5770,58,35,23
9564,5774,54,42,12
9564,5911,101,55,46
9564,5913,192,113,79
9564,5914,19,19,0
9564,5915,16,16,0
9564,5916,17,17,0
9564,5954,64,49,15
9564,5958,47,27,20
9564,5962,47,27,20
9564,5966,11,0,11
9564,5970,56,28,28
9564,5974,30,30,0
9564,5978,139,65,74
9564,6411,120,60,60
9564,6412,931,360,571
9564,6413,88,67,21
9564,6414,189,86,103
9564,6431,92,57,35
9564,6432,182,106,76
9564,6433,125,89,36
9564,6434,253,81,172
9564,6435,212,127,85
9564,6436,279,105,174
9564,6437,16,16,0
9564,6438,330,186,144
9564,6439,44,27,17
9564,6440,142,114,28
9564,6531,87,57,30
9564,6532,78,62,16
9564,6533,34,22,12
9564,6534,66,41,25
9564,6535,18,18,0
9564,6611,102,74,28
9564,6631,131,98,33
9564,6632,54,44,10
9564,6633,41,31,10
9564,6634,28,28,0
9564,6635,25,25,0
9564,6636,19,19,0
9564,7111,46,29,17
9564,7131,24,24,0
9564,7132,17,17,0
9564,7133,30,30,0
9564,7134,18,18,0
9564,7135,0,0,0
9564,7137,33,33,0
9564,7138,48,35,13
9564,7140,39,39,0
9564,7141,18,18,0
9564,7143,43,29,14
9564,7211,16,16,0
9564,7231,15,15,0
9564,7232,0,0,0
9564,7233,0,0,0
9564,7235,11,11,0
9564,7311,0,0,0
9564,7312,44,30,14
9564,7313,0,0,0
9564,7314,125,40,85
9564,7315,102,51,51
9564,7316,0,0,0
9564,7317,11,0,11
9564,7318,22,22,0
9564,7319,20,20,0
9564,7320,0,0,0
9564,7331,33,21,12
9564,7332,31,31,0
9564,7333,11,11,0
9564,7334,70,70,0
9564,7335,25,25,0
9564,7336,0,0,0
9564,7337,31,31,0
9564,7338,56,40,16
9564,7339,64,51,13
9564,7340,14,14,0
9564,8111,555,227,328
9564,8115,183,132,51
9564,8116,341,134,207
9564,8117,75,49,26
9564,8118,322,155,167
9564,8119,166,98,68
9564,8121,96,46,50
9564,8125,141,89,52
9564,8126,89,30,59
9564,8127,203,125,78
9564,8128,148,114,34
9564,8135,58,39,19
9564,8136,163,107,56
9564,8211,26,11,15
9564,8212,194,108,86
9564,8215,129,79,50
9564,8216,98,47,51
9564,8221,79,45,34
9564,8222,258,109,149
9564,8225,41,41,0
9564,8226,218,155,63
9564,8231,46,27,19
9564,8235,37,23,14
9564,8236,84,54,30
9564,8237,19,19,0
9564,8311,75,51,24
9564,8315,62,62,0
9564,8316,76,76,0
9564,8317,151,120,31
9564,8325,34,23,11
9564,8326,59,42,17
9564,8327,17,17,0
9564,8335,118,85,33
9564,8336,53,26,27
9564,8337,15,15,0
9564,8415,100,57,43
9564,8416,85,61,24
9564,8417,33,19,14
9564,8421,131,67,64
9564,8425,68,49,19
9564,8426,44,29,15
9564,8435,86,50,36
9564,8436,84,60,24
9564,8437,25,25,0
9564,9161,783,320,463
9564,9162,4970,1732,3238
9564,9163,53,27,26
9564,9171,55,40,15
9564,9172,77,42,35
9564,9173,89,59,30
9564,9174,216,146,70
9564,9175,158,99,59
9564,9176,416,233,183
9564,9177,138,107,31
9564,9178,455,184,271
9564,9179,224,170,54
9564,9180,32,32,0
9564,9181,85,54,31
9564,9182,91,40,51
9564,9183,94,74,20
9564,9184,933,267,666
9564,9185,108,78,30
9564,9186,379,174,205
9564,9187,230,187,43
9564,9188,199,152,47
9564,9189,119,70,49
9564,9190,61,47,14
9564,9261,96,70,26
9564,9262,59,41,18
9564,9263,87,63,24
9564,9271,107,73,34
9564,9272,36,36,0
9564,9273,238,177,61
9564,9274,190,128,62
9564,9275,125,106,19
9564,9276,30,30,0
9564,9277,58,42,16
9564,9278,125,112,13
9564,9279,140,71,69
9564,9361,624,437,187
9564,9362,1212,803,409
9564,9363,316,213,103
9564,9371,1855,1611,244
9564,9372,204,171,33
9564,9373,6615,5503,1112
9564,9374,459,394,65
9564,9375,690,599,91
9564,9376,557,459,98
9564,9377,213,172,41
9564,9461,1429,969,460
9564,9462,874,604,270
9564,9463,291,216,75
9564,9464,182,148,34
9564,9471,1947,1684,263
9564,9472,1475,1386,89
9564,9473,290,250,40
9564,9474,7189,6104,1085
9564,9475,304,255,49
9564,9476,202,169,33
9564,9477,689,641,48
9564,9478,371,320,51
9564,9479,190,163,27
9564,9561,1598,1006,592
9564,9562,18238,6911,11327
9564,9563,35190,23471,11719
9564,9564,0,0,0
9564,9565,8589,5901,2688
9564,9571,4857,4069,788
9564,9572,15636,9213,6423
9564,9573,24030,19469,4561
9564,9574,30868,23231,7637
9564,9575,4290,3725,565
9564,9576,16284,12795,3489
9564,9577,2333,1995,338
9564,9661,85,70,15
9564,9662,177,111,66
9564,9663,788,580,208
9564,9671,177,115,62
9564,9672,171,141,30
9564,9673,182,146,36
9564,9674,324,261,63
9564,9675,584,477,107
9564,9676,75,51,24
9564,9677,288,263,25
9564,9678,303,247,56
9564,9679,664,576,88
9564,9761,448,287,161
9564,9762,13,13,0
9564,9763,38,27,11
9564,9764,22,11,11
9564,9771,188,109,79
9564,9772,373,240,133
9564,9773,65,40,25
9564,9774,67,49,18
9564,9775,118,81,37
9564,9776,47,19,28
9564,9777,55,43,12
9564,9778,45,45,0
9564,9779,293,209,84
9564,9780,75,57,18
9564,10041,112,72,40
9564,10042,14,14,0
9564,10043,16,16,0
9564,10044,69,69,0
9564,10045,33,23,10
9564,10046,15,15,0
9564,11000,1691,1049,642
9564,12051,0,0,0
9564,12052,29,29,0
9564,12053,25,25,0
9564,12054,58,43,15
9564,12060,39,39,0
9564,12061,78,51,27
9564,12062,35,35,0
9564,12063,47,34,13
9564,12064,29,29,0
9564,12065,39,39,0
9564,12066,35,35,0
9564,12067,37,37,0
9564,12068,23,23,0
9564,12069,70,51,19
9564,12070,0,0,0
9564,12071,36,36,0
9564,12072,33,33,0
9564,12073,0,0,0
9564,13003,43,43,0
9564,13004,25,25,0
9564,13071,45,45,0
9564,13072,21,21,0
9564,13073,36,36,0
9564,13074,16,16,0
9564,13075,22,22,0
9564,13076,31,31,0
9564,14511,257,215,42
9564,14521,239,221,18
9564,14522,172,158,14
9564,14523,247,223,24
9564,14524,246,215,31
9564,14612,278,217,61
9564,14625,79,69,10
9564,14626,83,73,10
9564,14627,97,69,28
9564,14628,78,67,11
9564,14713,413,321,92
9564,14729,102,79,23
9564,14730,110,96,14
9564,15001,19,19,0
9564,15002,142,131,11
9564,15003,157,157,0
9564,15081,10,10,0
9564,15082,52,52,0
9564,15083,32,32,0
9564,15084,91,91,0
9564,15085,70,70,0
9564,15086,16,16,0
9564,15087,54,54,0
9564,15088,70,70,0
9564,15089,86,75,11
9564,15090,15,15,0
9564,15091,52,42,10
9564,16051,149,120,29
9564,16052,54,54,0
9564,16053,88,48,40
9564,16054,39,39,0
9564,16055,38,28,10
9564,16056,10,10,0
9564,16061,27,27,0
9564,16062,20,20,0
9564,16063,28,28,0
9564,16064,35,35,0
9564,16065,31,31,0
9564,16066,118,105,13
9564,16067,58,47,11
9564,16068,31,31,0
9564,16069,114,92,22
9564,16070,93,81,12
9564,16071,32,32,0
9564,16072,90,75,15
9564,16073,81,81,0
9564,16074,47,47,0
9564,16075,109,95,14
9564,16076,98,98,0
9564,16077,74,64,10
9565,1001,0,0,0
9565,1002,0,0,0
9565,1003,0,0,0
9565,1004,0,0,0
9565,1051,0,0,0
9565,1053,0,0,0
9565,1054,0,0,0
9565,1055,0,0,0
9565,1056,0,0,0
9565,1057,0,0,0
9565,1058,0,0,0
9565,1059,0,0,0
9565,1060,0,0,0
9565,1061,0,0,0
9565,1062,0,0,0
9565,2000,43,23,20
9565,3101,0,0,0
9565,3102,0,0,0
9565,3103,0,0,0
9565,3151,0,0,0
9565,3153,0,0,0
9565,3154,0,0,0
9565,3155,0,0,0
9565,3157,0,0,0
9565,3158,0,0,0
9565,3159,0,0,0
9565,3241,29,16,13
9565,3251,0,0,0
9565,3252,0,0,0
9565,3254,0,0,0
9565,3255,0,0,0
9565,3256,0,0,0
9565,3257,0,0,0
9565,3351,0,0,0
9565,3352,0,0,0
9565,3353,0,0,0
9565,3354,0,0,0
9565,3355,0,0,0
9565,3356,0,0,0
9565,3357,0,0,0
9565,3358,0,0,0
9565,3359,0,0,0
9565,3360,0,0,0
9565,3361,0,0,0
9565,3401,0,0,0
9565,3402,0,0,0
9565,3403,0,0,0
9565,3404,0,0,0
9565,3405,0,0,0
9565,3451,0,0,0
9565,3452,0,0,0
9565,3453,0,0,0
9565,3454,0,0,0
9565,3455,0,0,0
9565,3456,0,0,0
9565,3457,0,0,0
9565,3458,0,0,0
9565,3459,0,0,0
9565,3460,0,0,0
9565,3461,0,0,0
9565,3462,0,0,0
9565,4011,0,0,0
9565,4012,0,0,0
9565,5111,20,0,20
9565,5112,0,0,0
9565,5113,0,0,0
9565,5114,0,0,0
9565,5116,0,0,0
9565,5117,0,0,0
9565,5119,0,0,0
9565,5120,0,0,0
9565,5122,0,0,0
9565,5124,0,0,0
9565,5154,0,0,0
9565,5158,11,0,11
9565,5162,0,0,0
9565,5166,0,0,0
9565,5170,0,0,0
9565,5314,0,0,0
9565,5315,13,0,13
9565,5316,0,0,0
9565,5334,0,0,0
9565,5358,0,0,0
9565,5362,0,0,0
9565,5366,0,0,0
9565,5370,0,0,0
9565,5374,0,0,0
9565,5378,0,0,0
9565,5382,0,0,0
9565,5512,0,0,0
9565,5513,0,0,0
9565,5515,0,0,0
9565,5554,0,0,0
9565,5558,0,0,0
9565,5562,0,0,0
9565,5566,0,0,0
9565,5570,0,0,0
9565,5711,0,0,0
9565,5754,0,0,0
9565,5758,0,0,0
9565,5762,0,0,0
9565,5766,0,0,0
9565,5770,0,0,0
9565,5774,0,0,0
9565,5911,0,0,0
9565,5913,0,0,0
9565,5914,0,0,0
9565,5915,0,0,0
9565,5916,0,0,0
9565,5954,0,0,0
9565,5958,0,0,0
9565,5962,0,0,0
9565,5966,0,0,0
9565,5970,0,0,0
9565,5974,0,0,0
9565,5978,0,0,0
9565,6411,0,0,0
9565,6412,42,15,27
9565,6413,0,0,0
9565,6414,0,0,0
9565,6431,0,0,0
9565,6432,0,0,0
9565,6433,0,0,0
9565,6434,0,0,0
9565,6435,0,0,0
9565,6436,10,0,10
9565,6437,0,0,0
9565,6438,0,0,0
9565,6439,0,0,0
9565,6440,0,0,0
9565,6531,0,0,0
9565,6532,0,0,0
9565,6533,0,0,0
9565,6534,0,0,0
9565,6535,0,0,0
9565,6611,30,30,0
9565,6631,0,0,0
9565,6632,0,0,0
9565,6633,14,14,0
9565,6634,0,0,0
9565,6635,0,0,0
9565,6636,0,0,0
9565,7111,0,0,0
9565,7131,0,0,0
9565,7132,0,0,0
9565,7133,0,0,0
9565,7134,0,0,0
9565,7135,0,0,0
9565,7137,0,0,0
9565,7138,0,0,0
9565,7140,0,0,0
9565,7141,0,0,0
9565,7143,0,0,0
9565,7211,0,0,0
9565,7231,0,0,0
9565,7232,0,0,0
9565,7233,0,0,0
9565,7235,0,0,0
9565,7311,0,0,0
9565,7312,0,0,0
9565,7313,0,0,0
9565,7314,0,0,0
9565,7315,0,0,0
9565,7316,0,0,0
9565,7317,0,0,0
9565,7318,0,0,0
9565,7319,0,0,0
9565,7320,0,0,0
9565,7331,0,0,0
9565,7332,0,0,0
9565,7333,0,0,0
9565,7334,0,0,0
9565,7335,0,0,0
9565,7336,0,0,0
9565,7337,0,0,0
9565,7338,0,0,0
9565,7339,0,0,0
9565,7340,0,0,0
9565,8111,17,0,17
9565,8115,0,0,0
9565,8116,11,0,11
9565,8117,0,0,0
9565,8118,12,12,0
9565,8119,0,0,0
9565,8121,0,0,0
9565,8125,10,0,10
9565,8126,0,0,0
9565,8127,0,0,0
9565,8128,0,0,0
9565,8135,0,0,0
9565,8136,13,0,13
9565,8211,0,0,0
9565,8212,0,0,0
9565,8215,0,0,0
9565,8216,0,0,0
9565,8221,0,0,0
9565,8222,0,0,0
9565,8225,0,0,0
9565,8226,0,0,0
9565,8231,0,0,0
9565,8235,0,0,0
9565,8236,0,0,0
9565,8237,0,0,0
9565,8311,0,0,0
9565,8315,0,0,0
9565,8316,0,0,0
9565,8317,0,0,0
9565,8325,0,0,0
9565,8326,0,0,0
9565,8327,24,24,0
9565,8335,0,0,0
9565,8336,0,0,0
9565,8337,0,0,0
9565,8415,0,0,0
9565,8416,0,0,0
9565,8417,0,0,0
9565,8421,0,0,0
9565,8425,0,0,0
9565,8426,0,0,0
9565,8435,0,0,0
9565,8436,0,0,0
9565,8437,0,0,0
9565,9161,28,0,28
9565,9162,213,30,183
9565,9163,0,0,0
9565,9171,0,0,0
9565,9172,0,0,0
9565,9173,0,0,0
9565,9174,0,0,0
9565,9175,0,0,0
9565,9176,46,15,31
9565,9177,0,0,0
9565,9178,17,0,17
9565,9179,0,0,0
9565,9180,0,0,0
9565,9181,0,0,0
9565,9182,0,0,0
9565,9183,0,0,0
9565,9184,62,0,62
9565,9185,0,0,0
9565,9186,35,24,11
9565,9187,0,0,0
9565,9188,0,0,0
9565,9189,0,0,0
9565,9190,0,0,0
9565,9261,0,0,0
9565,9262,0,0,0
9565,9263,0,0,0
9565,9271,0,0,0
9565,9272,0,0,0
9565,9273,25,11,14
9565,9274,0,0,0
9565,9275,0,0,0
9565,9276,0,0,0
9565,9277,0,0,0
9565,9278,0,0,0
9565,9279,0,0,0
9565,9361,11,11,0
9565,9362,31,12,19
9565,9363,0,0,0
9565,9371,40,28,12
9565,9372,0,0,0
9565,9373,267,165,102
9565,9374,0,0,0
9565,9375,53,11,42
9565,9376,10,10,0
9565,9377,0,0,0
9565,9461,10,10,0
9565,9462,20,0,20
9565,9463,0,0,0
9565,9464,0,0,0
9565,9471,26,26,0
9565,9472,36,25,11
9565,9473,0,0,0
9565,9474,72,43,29
9565,9475,0,0,0
9565,9476,0,0,0
9565,9477,0,0,0
9565,9478,0,0,0
9565,9479,0,0,0
9565,9561,198,73,125
9565,9562,362,48,314
9565,9563,874,360,514
9565,9564,8589,2688,5901
9565,9565,0,0,0
9565,9571,762,567,195
9565,9572,171,71,100
9565,9573,836,514,322
9565,9574,758,414,344
9565,9575,55,35,20
9565,9576,6545,4525,2020
9565,9577,473,323,150
9565,9661,0,0,0
9565,9662,0,0,0
9565,9663,33,22,11
9565,9671,0,0,0
9565,9672,0,0,0
9565,9673,0,0,0
9565,9674,0,0,0
9565,9675,0,0,0
9565,9676,0,0,0
9565,9677,0,0,0
9565,9678,0,0,0
9565,9679,18,18,0
9565,9761,12,0,12
9565,9762,0,0,0
9565,9763,0,0,0
9565,9764,0,0,0
9565,9771,0,0,0
9565,9772,19,0,19
9565,9773,0,0,0
9565,9774,0,0,0
9565,9775,0,0,0
9565,9776,0,0,0
9565,9777,0,0,0
9565,9778,0,0,0
9565,9779,11,0,11
9565,9780,0,0,0
9565,10041,0,0,0
9565,10042,0,0,0
9565,10043,0,0,0
9565,10044,0,0,0
9565,10045,0,0,0
9565,10046,0,0,0
9565,11000,71,43,28
9565,12051,0,0,0
9565,12052,0,0,0
9565,12053,0,0,0
9565,12054,0,0,0
9565,12060,0,0,0
9565,12061,0,0,0
9565,12062,0,0,0
9565,12063,0,0,0
9565,12064,0,0,0
9565,12065,0,0,0
9565,12066,0,0,0
9565,12067,0,0,0
9565,12068,0,0,0
9565,12069,0,0,0
9565,12070,0,0,0
9565,12071,0,0,0
9565,12072,0,0,0
9565,12073,0,0,0
9565,13003,0,0,0
9565,13004,0,0,0
9565,13071,0,0,0
9565,13072,0,0,0
9565,13073,0,0,0
9565,13074,0,0,0
9565,13075,0,0,0
9565,13076,0,0,0
9565,14511,0,0,0
9565,14521,0,0,0
9565,14522,0,0,0
9565,14523,0,0,0
9565,14524,0,0,0
9565,14612,10,10,0
9565,14625,0,0,0
9565,14626,0,0,0
9565,14627,10,10,0
9565,14628,0,0,0
9565,14713,0,0,0
9565,14729,0,0,0
9565,14730,0,0,0
9565,15001,0,0,0
9565,15002,0,0,0
9565,15003,0,0,0
9565,15081,0,0,0
9565,15082,0,0,0
9565,15083,0,0,0
9565,15084,0,0,0
9565,15085,0,0,0
9565,15086,0,0,0
9565,15087,0,0,0
9565,15088,0,0,0
9565,15089,0,0,0
9565,15090,0,0,0
9565,15091,0,0,0
9565,16051,13,13,0
9565,16052,0,0,0
9565,16053,0,0,0
9565,16054,0,0,0
9565,16055,0,0,0
9565,16056,0,0,0
9565,16061,0,0,0
9565,16062,0,0,0
9565,16063,0,0,0
9565,16064,0,0,0
9565,16065,0,0,0
9565,16066,0,0,0
9565,16067,0,0,0
9565,16068,0,0,0
9565,16069,0,0,0
9565,16070,0,0,0
9565,16071,0,0,0
9565,16072,0,0,0
9565,16073,0,0,0
9565,16074,0,0,0
9565,16075,0,0,0
9565,16076,0,0,0
9565,16077,0,0,0
9571,1001,0,0,0
9571,1002,0,0,0
9571,1003,15,0,15
9571,1004,0,0,0
9571,1051,0,0,0
9571,1053,0,0,0
9571,1054,0,0,0
9571,1055,0,0,0
9571,1056,0,0,0
9571,1057,0,0,0
9571,1058,0,0,0
9571,1059,0,0,0
9571,1060,0,0,0
9571,1061,0,0,0
9571,1062,0,0,0
9571,2000,98,30,68
9571,3101,0,0,0
9571,3102,0,0,0
9571,3103,0,0,0
9571,3151,0,0,0
9571,3153,0,0,0
9571,3154,0,0,0
9571,3155,0,0,0
9571,3157,0,0,0
9571,3158,0,0,0
9571,3159,0,0,0
9571,3241,42,14,28
9571,3251,0,0,0
9571,3252,0,0,0
9571,3254,0,0,0
9571,3255,0,0,0
9571,3256,0,0,0
9571,3257,0,0,0
9571,3351,0,0,0
9571,3352,0,0,0
9571,3353,0,0,0
9571,3354,0,0,0
9571,3355,0,0,0
9571,3356,0,0,0
9571,3357,0,0,0
9571,3358,0,0,0
9571,3359,0,0,0
9571,3360,0,0,0
9571,3361,0,0,0
9571,3401,0,0,0
9571,3402,0,0,0
9571,3403,0,0,0
9571,3404,0,0,0
9571,3405,0,0,0
9571,3451,0,0,0
9571,3452,0,0,0
9571,3453,0,0,0
9571,3454,11,0,11
9571,3455,0,0,0
9571,3456,0,0,0
9571,3457,0,0,0
9571,3458,0,0,0
9571,3459,11,0,11
9571,3460,0,0,0
9571,3461,0,0,0
9571,3462,0,0,0
9571,4011,11,0,11
9571,4012,0,0,0
9571,5111,84,0,84
9571,5112,0,0,0
9571,5113,15,0,15
9571,5114,18,0,18
9571,5116,0,0,0
9571,5117,0,0,0
9571,5119,0,0,0
9571,5120,0,0,0
9571,5122,0,0,0
9571,5124,0,0,0
9571,5154,0,0,0
9571,5158,21,0,21
9571,5162,24,13,11
9571,5166,0,0,0
9571,5170,0,0,0
9571,5314,11,0,11
9571,5315,52,10,42
9571,5316,0,0,0
9571,5334,14,0,14
9571,5358,0,0,0
9571,5362,18,0,18
9571,5366,0,0,0
9571,5370,0,0,0
9571,5374,0,0,0
9571,5378,0,0,0
9571,5382,0,0,0
9571,5512,0,0,0
9571,5513,0,0,0
9571,5515,0,0,0
9571,5554,0,0,0
9571,5558,0,0,0
9571,5562,0,0,0
9571,5566,0,0,0
9571,5570,0,0,0
9571,5711,10,0,10
9571,5754,24,0,24
9571,5758,0,0,0
9571,5762,0,0,0
9571,5766,0,0,0
9571,5770,0,0,0
9571,5774,0,0,0
9571,5911,0,0,0
9571,5913,24,10,14
9571,5914,0,0,0
9571,5915,0,0,0
9571,5916,0,0,0
9571,5954,0,0,0
9571,5958,0,0,0
9571,5962,0,0,0
9571,5966,0,0,0
9571,5970,0,0,0
9571,5974,0,0,0
9571,5978,0,0,0
9571,6411,12,0,12
9571,6412,90,17,73
9571,6413,0,0,0
9571,6414,0,0,0
9571,6431,27,15,12
9571,6432,0,0,0
9571,6433,0,0,0
9571,6434,17,0,17
9571,6435,83,14,69
9571,6436,27,0,27
9571,6437,0,0,0
9571,6438,42,16,26
9571,6439,0,0,0
9571,6440,13,0,13
9571,6531,0,0,0
9571,6532,0,0,0
9571,6533,0,0,0
9571,6534,0,0,0
9571,6535,0,0,0
9571,6611,0,0,0
9571,6631,14,0,14
9571,6632,0,0,0
9571,6633,12,0,12
9571,6634,35,0,35
9571,6635,0,0,0
9571,6636,0,0,0
9571,7111,0,0,0
9571,7131,0,0,0
9571,7132,0,0,0
9571,7133,0,0,0
9571,7134,0,0,0
9571,7135,0,0,0
9571,7137,0,0,0
9571,7138,0,0,0
9571,7140,0,0,0
9571,7141,0,0,0
9571,7143,28,12,16
9571,7211,0,0,0
9571,7231,0,0,0
9571,7232,0,0,0
9571,7233,0,0,0
9571,7235,0,0,0
9571,7311,0,0,0
9571,7312,0,0,0
9571,7313,0,0,0
9571,7314,0,0,0
9571,7315,12,0,12
9571,7316,0,0,0
9571,7317,0,0,0
9571,7318,0,0,0
9571,7319,0,0,0
9571,7320,0,0,0
9571,7331,0,0,0
9571,7332,0,0,0
9571,7333,0,0,0
9571,7334,0,0,0
9571,7335,12,12,0
9571,7336,0,0,0
9571,7337,0,0,0
9571,7338,0,0,0
9571,7339,0,0,0
9571,7340,0,0,0
9571,8111,135,22,113
9571,8115,55,17,38
9571,8116,80,24,56
9571,8117,21,0,21
9571,8118,85,26,59
9571,8119,102,23,79
9571,8121,30,0,30
9571,8125,71,27,44
9571,8126,176,45,131
9571,8127,5051,1985,3066
9571,8128,635,346,289
9571,8135,73,26,47
9571,8136,2359,810,1549
9571,8211,0,0,0
9571,8212,106,0,106
9571,8215,37,15,22
9571,8216,0,0,0
9571,8221,0,0,0
9571,8222,35,10,25
9571,8225,0,0,0
9571,8226,30,0,30
9571,8231,0,0,0
9571,8235,10,0,10
9571,8236,10,0,10
9571,8237,0,0,0
9571,8311,12,0,12
9571,8315,0,0,0
9571,8316,0,0,0
9571,8317,10,0,10
9571,8325,0,0,0
9571,8326,50,0,50
9571,8327,0,0,0
9571,8335,0,0,0
9571,8336,0,0,0
9571,8337,0,0,0
9571,8415,12,0,12
9571,8416,0,0,0
9571,8417,0,0,0
9571,8421,36,10,26
9571,8425,11,0,11
9571,8426,17,0,17
9571,8435,0,0,0
9571,8436,31,10,21
9571,8437,10,0,10
9571,9161,50,0,50
9571,9162,746,44,702
9571,9163,0,0,0
9571,9171,0,0,0
9571,9172,0,0,0
9571,9173,0,0,0
9571,9174,20,0,20
9571,9175,31,11,20
9571,9176,60,0,60
9571,9177,0,0,0
9571,9178,45,0,45
9571,9179,0,0,0
9571,9180,0,0,0
9571,9181,0,0,0
9571,9182,0,0,0
9571,9183,0,0,0
9571,9184,133,15,118
9571,9185,13,0,13
9571,9186,40,10,30
9571,9187,37,16,21
9571,9188,16,0,16
9571,9189,0,0,0
9571,9190,0,0,0
9571,9261,0,0,0
9571,9262,0,0,0
9571,9263,0,0,0
9571,9271,13,0,13
9571,9272,10,0,10
9571,9273,49,11,38
9571,9274,0,0,0
9571,9275,14,14,0
9571,9276,0,0,0
9571,9277,0,0,0
9571,9278,0,0,0
9571,9279,0,0,0
9571,9361,10,0,10
9571,9362,44,0,44
9571,9363,0,0,0
9571,9371,39,26,13
9571,9372,11,0,11
9571,9373,120,55,65
9571,9374,30,30,0
9571,9375,20,0,20
9571,9376,27,10,17
9571,9377,0,0,0
9571,9461,137,52,85
9571,9462,21,0,21
9571,9463,0,0,0
9571,9464,16,0,16
9571,9471,288,128,160
9571,9472,17,17,0
9571,9473,23,12,11
9571,9474,69,35,34
9571,9475,31,15,16
9571,9476,0,0,0
9571,9477,10,10,0
9571,9478,10,0,10
9571,9479,0,0,0
9571,9561,16743,4171,12572
9571,9562,371,49,322
9571,9563,742,182,560
9571,9564,4857,788,4069
9571,9565,762,195,567
9571,9571,0,0,0
9571,9572,249,73,176
9571,9573,1470,687,783
9571,9574,355,192,163
9571,9575,3436,1644,1792
9571,9576,1403,559,844
9571,9577,3277,1360,1917
9571,9661,0,0,0
9571,9662,10,0,10
9571,9663,236,55,181
9571,9671,13,13,0
9571,9672,24,14,10
9571,9673,0,0,0
9571,9674,38,26,12
9571,9675,110,51,59
9571,9676,14,14,0
9571,9677,41,25,16
9571,9678,31,18,13
9571,9679,194,97,97
9571,9761,105,51,54
9571,9762,0,0,0
9571,9763,0,0,0
9571,9764,0,0,0
9571,9771,25,11,14
9571,9772,70,51,19
9571,9773,48,13,35
9571,9774,22,0,22
9571,9775,33,15,18
9571,9776,14,14,0
9571,9777,11,0,11
9571,9778,0,0,0
9571,9779,1420,598,822
9571,9780,11,11,0
9571,10041,18,0,18
9571,10042,0,0,0
9571,10043,0,0,0
9571,10044,0,0,0
9571,10045,0,0,0
9571,10046,0,0,0
9571,11000,120,52,68
9571,12051,0,0,0
9571,12052,0,0,0
9571,12053,0,0,0
9571,12054,0,0,0
9571,12060,0,0,0
9571,12061,0,0,0
9571,12062,0,0,0
9571,12063,0,0,0
9571,12064,0,0,0
9571,12065,0,0,0
9571,12066,0,0,0
9571,12067,0,0,0
9571,12068,0,0,0
9571,12069,0,0,0
9571,12070,0,0,0
9571,12071,0,0,0
9571,12072,0,0,0
9571,12073,0,0,0
9571,13003,0,0,0
9571,13004,0,0,0
9571,13071,0,0,0
9571,13072,0,0,0
9571,13073,0,0,0
9571,13074,0,0,0
9571,13075,0,0,0
9571,13076,0,0,0
9571,14511,0,0,0
9571,14521,17,17,0
9571,14522,15,15,0
9571,14523,23,23,0
9571,14524,41,0,41
9571,14612,0,0,0
9571,14625,0,0,0
9571,14626,0,0,0
9571,14627,11,11,0
9571,14628,0,0,0
9571,14713,27,14,13
9571,14729,10,10,0
9571,14730,0,0,0
9571,15001,0,0,0
9571,15002,0,0,0
9571,15003,0,0,0
9571,15081,0,0,0
9571,15082,0,0,0
9571,15083,0,0,0
9571,15084,13,13,0
9571,15085,0,0,0
9571,15086,0,0,0
9571,15087,0,0,0
9571,15088,0,0,0
9571,15089,0,0,0
9571,15090,0,0,0
9571,15091,0,0,0
9571,16051,0,0,0
9571,16052,0,0,0
9571,16053,0,0,0
9571,16054,0,0,0
9571,16055,0,0,0
9571,16056,0,0,0
9571,16061,0,0,0
9571,16062,0,0,0
9571,16063,0,0,0
9571,16064,0,0,0
9571,16065,0,0,0
9571,16066,0,0,0
9571,16067,0,0,0
9571,16068,0,0,0
9571,16069,0,0,0
9571,16070,0,0,0
9571,16071,0,0,0
9571,16072,0,0,0
9571,16073,0,0,0
9571,16074,0,0,0
9571,16075,0,0,0
9571,16076,0,0,0
9571,16077,0,0,0
9572,1001,0,0,0
9572,1002,0,0,0
9572,1003,0,0,0
9572,1004,0,0,0
9572,1051,0,0,0
9572,1053,0,0,0
9572,1054,0,0,0
9572,1055,0,0,0
9572,1056,0,0,0
9572,1057,0,0,0
9572,1058,0,0,0
9572,1059,0,0,0
9572,1060,25,25,0
9572,1061,0,0,0
9572,1062,0,0,0
9572,2000,146,68,78
9572,3101,17,17,0
9572,3102,0,0,0
9572,3103,16,16,0
9572,3151,0,0,0
9572,3153,0,0,0
9572,3154,0,0,0
9572,3155,0,0,0
9572,3157,0,0,0
9572,3158,0,0,0
9572,3159,0,0,0
9572,3241,67,23,44
9572,3251,0,0,0
9572,3252,0,0,0
9572,3254,0,0,0
9572,3255,0,0,0
9572,3256,0,0,0
9572,3257,0,0,0
9572,3351,0,0,0
9572,3352,0,0,0
9572,3353,0,0,0
9572,3354,0,0,0
9572,3355,0,0,0
9572,3356,0,0,0
9572,3357,0,0,0
9572,3358,0,0,0
9572,3359,0,0,0
9572,3360,0,0,0
9572,3361,0,0,0
9572,3401,0,0,0
9572,3402,0,0,0
9572,3403,0,0,0
9572,3404,0,0,0
9572,3405,0,0,0
9572,3451,0,0,0
9572,3452,0,0,0
9572,3453,0,0,0
9572,3454,0,0,0
9572,3455,0,0,0
9572,3456,0,0,0
9572,3457,0,0,0
9572,3458,0,0,0
9572,3459,0,0,0
9572,3460,0,0,0
9572,3461,0,0,0
9572,3462,0,0,0
9572,4011,24,24,0
9572,4012,0,0,0
9572,5111,87,34,53
9572,5112,14,0,14
9572,5113,26,11,15
9572,5114,0,0,0
9572,5116,0,0,0
9572,5117,0,0,0
9572,5119,0,0,0
9572,5120,0,0,0
9572,5122,0,0,0
9572,5124,0,0,0
9572,5154,0,0,0
9572,5158,34,11,23
9572,5162,20,0,20
9572,5166,14,0,14
9572,5170,0,0,0
9572,5314,23,12,11
9572,5315,77,28,49
9572,5316,0,0,0
9572,5334,31,10,21
9572,5358,0,0,0
9572,5362,0,0,0
9572,5366,0,0,0
9572,5370,0,0,0
9572,5374,14,0,14
9572,5378,0,0,0
9572,5382,13,13,0
9572,5512,0,0,0
9572,5513,0,0,0
9572,5515,0,0,0
9572,5554,0,0,0
9572,5558,0,0,0
9572,5562,0,0,0
9572,5566,14,14,0
9572,5570,0,0,0
9572,5711,0,0,0
9572,5754,48,0,48
9572,5758,0,0,0
9572,5762,0,0,0
9572,5766,0,0,0
9572,5770,0,0,0
9572,5774,0,0,0
9572,5911,26,15,11
9572,5913,34,14,20
9572,5914,0,0,0
9572,5915,0,0,0
9572,5916,0,0,0
9572,5954,0,0,0
9572,5958,0,0,0
9572,5962,0,0,0
9572,5966,0,0,0
9572,5970,11,0,11
9572,5974,0,0,0
9572,5978,10,10,0
9572,6411,29,12,17
9572,6412,188,36,152
9572,6413,0,0,0
9572,6414,37,10,27
9572,6431,0,0,0
9572,6432,18,18,0
9572,6433,0,0,0
9572,6434,40,13,27
9572,6435,16,16,0
9572,6436,28,0,28
9572,6437,0,0,0
9572,6438,63,14,49
9572,6439,0,0,0
9572,6440,12,12,0
9572,6531,0,0,0
9572,6532,10,0,10
9572,6533,0,0,0
9572,6534,0,0,0
9572,6535,0,0,0
9572,6611,0,0,0
9572,6631,0,0,0
9572,6632,0,0,0
9572,6633,0,0,0
9572,6634,0,0,0
9572,6635,0,0,0
9572,6636,0,0,0
9572,7111,0,0,0
9572,7131,0,0,0
9572,7132,0,0,0
9572,7133,0,0,0
9572,7134,0,0,0
9572,7135,0,0,0
9572,7137,0,0,0
9572,7138,0,0,0
9572,7140,0,0,0
9572,7141,0,0,0
9572,7143,0,0,0
9572,7211,0,0,0
9572,7231,0,0,0
9572,7232,0,0,0
9572,7233,0,0,0
9572,7235,0,0,0
9572,7311,0,0,0
9572,7312,0,0,0
9572,7313,0,0,0
9572,7314,0,0,0
9572,7315,10,0,10
9572,7316,0,0,0
9572,7317,0,0,0
9572,7318,0,0,0
9572,7319,0,0,0
9572,7320,0,0,0
9572,7331,0,0,0
9572,7332,0,0,0
9572,7333,0,0,0
9572,7334,0,0,0
9572,7335,0,0,0
9572,7336,0,0,0
9572,7337,0,0,0
9572,7338,0,0,0
9572,7339,0,0,0
9572,7340,14,14,0
9572,8111,107,44,63
9572,8115,52,37,15
9572,8116,67,17,50
9572,8117,0,0,0
9572,8118,50,32,18
9572,8119,24,12,12
9572,8121,0,0,0
9572,8125,25,10,15
9572,8126,10,0,10
9572,8127,13,13,0
9572,8128,12,0,12
9572,8135,15,0,15
9572,8136,30,12,18
9572,8211,0,0,0
9572,8212,76,57,19
9572,8215,19,19,0
9572,8216,0,0,0
9572,8221,0,0,0
9572,8222,50,17,33
9572,8225,0,0,0
9572,8226,31,11,20
9572,8231,0,0,0
9572,8235,0,0,0
9572,8236,0,0,0
9572,8237,0,0,0
9572,8311,0,0,0
9572,8315,0,0,0
9572,8316,0,0,0
9572,8317,12,12,0
9572,8325,0,0,0
9572,8326,0,0,0
9572,8327,0,0,0
9572,8335,10,0,10
9572,8336,0,0,0
9572,8337,0,0,0
9572,8415,39,39,0
9572,8416,23,11,12
9572,8417,12,0,12
9572,8421,0,0,0
9572,8425,0,0,0
9572,8426,0,0,0
9572,8435,11,0,11
9572,8436,0,0,0
9572,8437,0,0,0
9572,9161,74,17,57
9572,9162,762,182,580
9572,9163,0,0,0
9572,9171,0,0,0
9572,9172,22,22,0
9572,9173,12,12,0
9572,9174,0,0,0
9572,9175,23,10,13
9572,9176,34,12,22
9572,9177,0,0,0
9572,9178,52,0,52
9572,9179,41,28,13
9572,9180,0,0,0
9572,9181,0,0,0
9572,9182,0,0,0
9572,9183,0,0,0
9572,9184,165,41,124
9572,9185,0,0,0
9572,9186,31,10,21
9572,9187,25,15,10
9572,9188,30,19,11
9572,9189,0,0,0
9572,9190,0,0,0
9572,9261,0,0,0
9572,9262,0,0,0
9572,9263,0,0,0
9572,9271,0,0,0
9572,9272,0,0,0
9572,9273,11,0,11
9572,9274,17,0,17
9572,9275,0,0,0
9572,9276,0,0,0
9572,9277,0,0,0
9572,9278,0,0,0
9572,9279,0,0,0
9572,9361,46,22,24
9572,9362,110,25,85
9572,9363,12,0,12
9572,9371,92,51,41
9572,9372,10,10,0
9572,9373,227,143,84
9572,9374,15,15,0
9572,9375,44,34,10
9572,9376,31,31,0
9572,9377,27,10,17
9572,9461,1030,412,618
9572,9462,107,49,58
9572,9463,47,14,33
9572,9464,28,12,16
9572,9471,3604,2569,1035
9572,9472,198,167,31
9572,9473,40,29,11
9572,9474,7119,4620,2499
9572,9475,32,16,16
9572,9476,23,23,0
9572,9477,48,26,22
9572,9478,83,54,29
9572,9479,0,0,0
9572,9561,100,42,58
9572,9562,20415,4212,16203
9572,9563,3771,2049,1722
9572,9564,15636,6423,9213
9572,9565,171,100,71
9572,9571,249,176,73
9572,9572,0,0,0
9572,9573,2024,1499,525
9572,9574,2267,1217,1050
9572,9575,4000,3191,809
9572,9576,435,292,143
9572,9577,86,64,22
9572,9661,0,0,0
9572,9662,117,40,77
9572,9663,105,53,52
9572,9671,10,10,0
9572,9672,22,22,0
9572,9673,16,16,0
9572,9674,121,89,32
9572,9675,267,195,72
9572,9676,0,0,0
9572,9677,57,43,14
9572,9678,95,79,16
9572,9679,84,56,28
9572,9761,58,16,42
9572,9762,0,0,0
9572,9763,0,0,0
9572,9764,0,0,0
9572,9771,0,0,0
9572,9772,12,0,12
9572,9773,0,0,0
9572,9774,0,0,0
9572,9775,0,0,0
9572,9776,0,0,0
9572,9777,0,0,0
9572,9778,0,0,0
9572,9779,10,0,10
9572,9780,10,10,0
9572,10041,12,0,12
9572,10042,0,0,0
9572,10043,0,0,0
9572,10044,0,0,0
9572,10045,12,12,0
9572,10046,0,0,0
9572,11000,396,268,128
9572,12051,0,0,0
9572,12052,0,0,0
9572,12053,0,0,0
9572,12054,12,12,0
9572,12060,0,0,0
9572,12061,10,10,0
9572,12062,0,0,0
9572,12063,23,23,0
9572,12064,0,0,0
9572,12065,0,0,0
9572,12066,0,0,0
9572,12067,0,0,0
9572,12068,0,0,0
9572,12069,0,0,0
9572,12070,0,0,0
9572,12071,0,0,0
9572,12072,0,0,0
9572,12073,0,0,0
9572,13003,0,0,0
9572,13004,0,0,0
9572,13071,0,0,0
9572,13072,0,0,0
9572,13073,0,0,0
9572,13074,0,0,0
9572,13075,0,0,0
9572,13076,0,0,0
9572,14511,10,10,0
9572,14521,15,15,0
9572,14522,0,0,0
9572,14523,19,19,0
9572,14524,0,0,0
9572,14612,35,20,15
9572,14625,0,0,0
9572,14626,0,0,0
9572,14627,0,0,0
9572,14628,0,0,0
9572,14713,45,28,17
9572,14729,0,0,0
9572,14730,0,0,0
9572,15001,0,0,0
9572,15002,0,0,0
9572,15003,0,0,0
9572,15081,0,0,0
9572,15082,0,0,0
9572,15083,0,0,0
9572,15084,0,0,0
9572,15085,0,0,0
9572,15086,0,0,0
9572,15087,0,0,0
9572,15088,0,0,0
9572,15089,0,0,0
9572,15090,0,0,0
9572,15091,0,0,0
9572,16051,11,0,11
9572,16052,0,0,0
9572,16053,0,0,0
9572,16054,0,0,0
9572,16055,0,0,0
9572,16056,0,0,0
9572,16061,0,0,0
9572,16062,0,0,0
9572,16063,0,0,0
9572,16064,0,0,0
9572,16065,0,0,0
9572,16066,10,10,0
9572,16067,0,0,0
9572,16068,0,0,0
9572,16069,12,12,0
9572,16070,10,10,0
9572,16071,0,0,0
9572,16072,0,0,0
9572,16073,0,0,0
9572,16074,0,0,0
9572,16075,0,0,0
9572,16076,0,0,0
9572,16077,0,0,0
9573,1001,0,0,0
9573,1002,0,0,0
9573,1003,0,0,0
9573,1004,0,0,0
9573,1051,0,0,0
9573,1053,0,0,0
9573,1054,0,0,0
9573,1055,0,0,0
9573,1056,0,0,0
9573,1057,0,0,0
9573,1058,0,0,0
9573,1059,0,0,0
9573,1060,0,0,0
9573,1061,0,0,0
9573,1062,10,0,10
9573,2000,100,19,81
9573,3101,0,0,0
9573,3102,0,0,0
9573,3103,0,0,0
9573,3151,0,0,0
9573,3153,0,0,0
9573,3154,0,0,0
9573,3155,0,0,0
9573,3157,0,0,0
9573,3158,0,0,0
9573,3159,0,0,0
9573,3241,40,0,40
9573,3251,0,0,0
9573,3252,0,0,0
9573,3254,0,0,0
9573,3255,0,0,0
9573,3256,0,0,0
9573,3257,0,0,0
9573,3351,0,0,0
9573,3352,0,0,0
9573,3353,0,0,0
9573,3354,0,0,0
9573,3355,0,0,0
9573,3356,0,0,0
9573,3357,0,0,0
9573,3358,0,0,0
9573,3359,0,0,0
9573,3360,0,0,0
9573,3361,0,0,0
9573,3401,0,0,0
9573,3402,0,0,0
9573,3403,0,0,0
9573,3404,11,0,11
9573,3405,0,0,0
9573,3451,0,0,0
9573,3452,0,0,0
9573,3453,0,0,0
9573,3454,0,0,0
9573,3455,0,0,0
9573,3456,0,0,0
9573,3457,0,0,0
9573,3458,0,0,0
9573,3459,0,0,0
9573,3460,0,0,0
9573,3461,0,0,0
9573,3462,0,0,0
9573,4011,16,0,16
9573,4012,0,0,0
9573,5111,50,0,50
9573,5112,0,0,0
9573,5113,13,0,13
9573,5114,0,0,0
9573,5116,0,0,0
9573,5117,0,0,0
9573,5119,0,0,0
9573,5120,0,0,0
9573,5122,0,0,0
9573,5124,0,0,0
9573,5154,0,0,0
9573,5158,19,0,19
9573,5162,12,0,12
9573,5166,0,0,0
9573,5170,0,0,0
9573,5314,0,0,0
9573,5315,62,0,62
9573,5316,0,0,0
9573,5334,28,0,28
9573,5358,0,0,0
9573,5362,0,0,0
9573,5366,0,0,0
9573,5370,0,0,0
9573,5374,0,0,0
9573,5378,0,0,0
9573,5382,10,0,10
9573,5512,0,0,0
9573,5513,0,0,0
9573,5515,0,0,0
9573,5554,0,0,0
9573,5558,0,0,0
9573,5562,0,0,0
9573,5566,10,0,10
9573,5570,0,0,0
9573,5711,11,0,11
9573,5754,0,0,0
9573,5758,0,0,0
9573,5762,0,0,0
9573,5766,0,0,0
9573,5770,0,0,0
9573,5774,0,0,0
9573,5911,11,0,11
9573,5913,17,0,17
9573,5914,0,0,0
9573,5915,0,0,0
9573,5916,0,0,0
9573,5954,0,0,0
9573,5958,0,0,0
9573,5962,0,0,0
9573,5966,0,0,0
9573,5970,0,0,0
9573,5974,0,0,0
9573,5978,0,0,0
9573,6411,14,0,14
9573,6412,107,11,96
9573,6413,0,0,0
9573,6414,20,0,20
9573,6431,0,0,0
9573,6432,10,0,10
9573,6433,0,0,0
9573,6434,17,0,17
9573,6435,15,0,15
9573,6436,28,0,28
9573,6437,0,0,0
9573,6438,39,0,39
9573,6439,0,0,0
9573,6440,0,0,0
9573,6531,0,0,0
9573,6532,0,0,0
9573,6533,0,0,0
9573,6534,0,0,0
9573,6535,0,0,0
9573,6611,0,0,0
9573,6631,0,0,0
9573,6632,0,0,0
9573,6633,0,0,0
9573,6634,0,0,0
9573,6635,0,0,0
9573,6636,0,0,0
9573,7111,0,0,0
9573,7131,0,0,0
9573,7132,0,0,0
9573,7133,0,0,0
9573,7134,0,0,0
9573,7135,0,0,0
9573,7137,0,0,0
9573,7138,0,0,0
9573,7140,0,0,0
9573,7141,0,0,0
9573,7143,0,0,0
9573,7211,0,0,0
9573,7231,0,0,0
9573,7232,0,0,0
9573,7233,0,0,0
9573,7235,0,0,0
9573,7311,0,0,0
9573,7312,0,0,0
9573,7313,0,0,0
9573,7314,10,0,10
9573,7315,0,0,0
9573,7316,0,0,0
9573,7317,0,0,0
9573,7318,0,0,0
9573,7319,0,0,0
9573,7320,0,0,0
9573,7331,0,0,0
9573,7332,0,0,0
9573,7333,0,0,0
9573,7334,0,0,0
9573,7335,0,0,0
9573,7336,0,0,0
9573,7337,0,0,0
9573,7338,0,0,0
9573,7339,0,0,0
9573,7340,0,0,0
9573,8111,65,14,51
9573,8115,12,0,12
9573,8116,72,15,57
9573,8117,34,34,0
9573,8118,31,0,31
9573,8119,15,0,15
9573,8121,0,0,0
9573,8125,24,0,24
9573,8126,28,0,28
9573,8127,0,0,0
9573,8128,0,0,0
9573,8135,0,0,0
9573,8136,24,0,24
9573,8211,0,0,0
9573,8212,12,0,12
9573,8215,0,0,0
9573,8216,0,0,0
9573,8221,0,0,0
9573,8222,42,0,42
9573,8225,0,0,0
9573,8226,18,0,18
9573,8231,0,0,0
9573,8235,0,0,0
9573,8236,0,0,0
9573,8237,0,0,0
9573,8311,10,0,10
9573,8315,0,0,0
9573,8316,0,0,0
9573,8317,10,10,0
9573,8325,0,0,0
9573,8326,0,0,0
9573,8327,0,0,0
9573,8335,0,0,0
9573,8336,0,0,0
9573,8337,0,0,0
9573,8415,0,0,0
9573,8416,0,0,0
9573,8417,0,0,0
9573,8421,0,0,0
9573,8425,0,0,0
9573,8426,0,0,0
9573,8435,0,0,0
9573,8436,0,0,0
9573,8437,0,0,0
9573,9161,51,0,51
9573,9162,595,47,548
9573,9163,0,0,0
9573,9171,0,0,0
9573,9172,0,0,0
9573,9173,0,0,0
9573,9174,14,0,14
9573,9175,15,0,15
9573,9176,30,0,30
9573,9177,0,0,0
9573,9178,53,0,53
9573,9179,17,0,17
9573,9180,0,0,0
9573,9181,0,0,0
9573,9182,0,0,0
9573,9183,0,0,0
9573,9184,153,19,134
9573,9185,0,0,0
9573,9186,20,0,20
9573,9187,0,0,0
9573,9188,0,0,0
9573,9189,12,0,12
9573,9190,0,0,0
9573,9261,0,0,0
9573,9262,0,0,0
9573,9263,0,0,0
9573,9271,0,0,0
9573,9272,0,0,0
9573,9273,12,0,12
9573,9274,0,0,0
9573,9275,0,0,0
9573,9276,0,0,0
9573,9277,0,0,0
9573,9278,0,0,0
9573,9279,0,0,0
9573,9361,28,11,17
9573,9362,70,15,55
9573,9363,14,0,14
9573,9371,82,46,36
9573,9372,10,0,10
9573,9373,293,153,140
9573,9374,0,0,0
9573,9375,34,20,14
9573,9376,28,18,10
9573,9377,0,0,0
9573,9461,122,39,83
9573,9462,48,12,36
9573,9463,0,0,0
9573,9464,0,0,0
9573,9471,126,56,70
9573,9472,38,22,16
9573,9473,12,0,12
9573,9474,343,156,187
9573,9475,34,19,15
9573,9476,0,0,0
9573,9477,0,0,0
9573,9478,0,0,0
9573,9479,0,0,0
9573,9561,539,145,394
9573,9562,2756,349,2407
9573,9563,10059,3074,6985
9573,9564,24030,4561,19469
9573,9565,836,322,514
9573,9571,1470,783,687
9573,9572,2024,525,1499
9573,9573,0,0,0
9573,9574,1053,392,661
9573,9575,1979,1208,771
9573,9576,1043,482,561
9573,9577,132,60,72
9573,9661,0,0,0
9573,9662,10,0,10
9573,9663,49,0,49
9573,9671,10,0,10
9573,9672,11,0,11
9573,9673,0,0,0
9573,9674,0,0,0
9573,9675,42,13,29
9573,9676,0,0,0
9573,9677,0,0,0
9573,9678,10,10,0
9573,9679,24,12,12
9573,9761,43,10,33
9573,9762,0,0,0
9573,9763,0,0,0
9573,9764,0,0,0
9573,9771,0,0,0
9573,9772,32,0,32
9573,9773,0,0,0
9573,9774,0,0,0
9573,9775,14,14,0
9573,9776,0,0,0
9573,9777,0,0,0
9573,9778,0,0,0
9573,9779,15,0,15
9573,9780,0,0,0
9573,10041,11,0,11
9573,10042,0,0,0
9573,10043,0,0,0
9573,10044,0,0,0
9573,10045,0,0,0
9573,10046,0,0,0
9573,11000,134,29,105
9573,12051,0,0,0
9573,12052,0,0,0
9573,12053,0,0,0
9573,12054,0,0,0
9573,12060,0,0,0
9573,12061,0,0,0
9573,12062,0,0,0
9573,12063,0,0,0
9573,12064,0,0,0
9573,12065,0,0,0
9573,12066,0,0,0
9573,12067,0,0,0
9573,12068,0,0,0
9573,12069,0,0,0
9573,12070,0,0,0
9573,12071,0,0,0
9573,12072,0,0,0
9573,12073,0,0,0
9573,13003,0,0,0
9573,13004,0,0,0
9573,13071,0,0,0
9573,13072,0,0,0
9573,13073,0,0,0
9573,13074,0,0,0
9573,13075,0,0,0
9573,13076,0,0,0
9573,14511,0,0,0
9573,14521,10,10,0
9573,14522,0,0,0
9573,14523,13,13,0
9573,14524,0,0,0
9573,14612,0,0,0
9573,14625,0,0,0
9573,14626,0,0,0
9573,14627,0,0,0
9573,14628,0,0,0
9573,14713,11,0,11
9573,14729,0,0,0
9573,14730,0,0,0
9573,15001,0,0,0
9573,15002,0,0,0
9573,15003,0,0,0
9573,15081,0,0,0
9573,15082,0,0,0
9573,15083,0,0,0
9573,15084,16,16,0
9573,15085,0,0,0
9573,15086,0,0,0
9573,15087,0,0,0
9573,15088,0,0,0
9573,15089,0,0,0
9573,15090,0,0,0
9573,15091,0,0,0
9573,16051,0,0,0
9573,16052,0,0,0
9573,16053,0,0,0
9573,16054,0,0,0
9573,16055,0,0,0
9573,16056,0,0,0
9573,16061,0,0,0
9573,16062,0,0,0
9573,16063,0,0,0
9573,16064,0,0,0
9573,16065,14,14,0
9573,16066,0,0,0
9573,16067,0,0,0
9573,16068,0,0,0
9573,16069,0,0,0
9573,16070,0,0,0
9573,16071,0,0,0
9573,16072,0,0,0
9573,16073,11,11,0
9573,16074,12,12,0
9573,16075,0,0,0
9573,16076,10,10,0
9573,16077,0,0,0
9574,1001,0,0,0
9574,1002,0,0,0
9574,1003,0,0,0
9574,1004,0,0,0
9574,1051,0,0,0
9574,1053,0,0,0
9574,1054,0,0,0
9574,1055,0,0,0
9574,1056,0,0,0
9574,1057,0,0,0
9574,1058,0,0,0
9574,1059,0,0,0
9574,1060,0,0,0
9574,1061,0,0,0
9574,1062,13,0,13
9574,2000,130,51,79
9574,3101,0,0,0
9574,3102,0,0,0
9574,3103,0,0,0
9574,3151,0,0,0
9574,3153,37,0,37
9574,3154,0,0,0
9574,3155,0,0,0
9574,3157,0,0,0
9574,3158,0,0,0
9574,3159,0,0,0
9574,3241,64,22,42
9574,3251,0,0,0
9574,3252,0,0,0
9574,3254,0,0,0
9574,3255,0,0,0
9574,3256,0,0,0
9574,3257,0,0,0
9574,3351,0,0,0
9574,3352,0,0,0
9574,3353,0,0,0
9574,3354,0,0,0
9574,3355,0,0,0
9574,3356,0,0,0
9574,3357,0,0,0
9574,3358,0,0,0
9574,3359,0,0,0
9574,3360,0,0,0
9574,3361,0,0,0
9574,3401,0,0,0
9574,3402,0,0,0
9574,3403,10,10,0
9574,3404,13,0,13
9574,3405,0,0,0
9574,3451,0,0,0
9574,3452,0,0,0
9574,3453,0,0,0
9574,3454,0,0,0
9574,3455,0,0,0
9574,3456,0,0,0
9574,3457,0,0,0
9574,3458,0,0,0
9574,3459,0,0,0
9574,3460,0,0,0
9574,3461,0,0,0
9574,3462,0,0,0
9574,4011,30,11,19
9574,4012,0,0,0
9574,5111,110,16,94
9574,5112,14,0,14
9574,5113,29,16,13
9574,5114,0,0,0
9574,5116,0,0,0
9574,5117,0,0,0
9574,5119,0,0,0
9574,5120,0,0,0
9574,5122,0,0,0
9574,5124,11,0,11
9574,5154,12,0,12
9574,5158,29,0,29
9574,5162,12,0,12
9574,5166,0,0,0
9574,5170,0,0,0
9574,5314,11,0,11
9574,5315,99,28,71
9574,5316,0,0,0
9574,5334,47,0,47
9574,5358,0,0,0
9574,5362,12,0,12
9574,5366,0,0,0
9574,5370,0,0,0
9574,5374,19,0,19
9574,5378,0,0,0
9574,5382,22,11,11
9574,5512,0,0,0
9574,5513,0,0,0
9574,5515,10,0,10
9574,5554,0,0,0
9574,5558,0,0,0
9574,5562,11,11,0
9574,5566,0,0,0
9574,5570,0,0,0
9574,5711,0,0,0
9574,5754,27,0,27
9574,5758,0,0,0
9574,5762,0,0,0
9574,5766,0,0,0
9574,5770,0,0,0
9574,5774,0,0,0
9574,5911,21,0,21
9574,5913,34,13,21
9574,5914,0,0,0
9574,5915,0,0,0
9574,5916,0,0,0
9574,5954,0,0,0
9574,5958,13,13,0
9574,5962,13,0,13
9574,5966,0,0,0
9574,5970,12,0,12
9574,5974,0,0,0
9574,5978,11,0,11
9574,6411,13,0,13
9574,6412,152,26,126
9574,6413,0,0,0
9574,6414,23,0,23
9574,6431,12,0,12
9574,6432,15,0,15
9574,6433,0,0,0
9574,6434,27,0,27
9574,6435,30,11,19
9574,6436,25,0,25
9574,6437,0,0,0
9574,6438,53,11,42
9574,6439,0,0,0
9574,6440,26,11,15
9574,6531,13,0,13
9574,6532,0,0,0
9574,6533,0,0,0
9574,6534,0,0,0
9574,6535,0,0,0
9574,6611,0,0,0
9574,6631,0,0,0
9574,6632,0,0,0
9574,6633,0,0,0
9574,6634,0,0,0
9574,6635,0,0,0
9574,6636,0,0,0
9574,7111,0,0,0
9574,7131,0,0,0
9574,7132,0,0,0
9574,7133,0,0,0
9574,7134,0,0,0
9574,7135,0,0,0
9574,7137,0,0,0
9574,7138,0,0,0
9574,7140,0,0,0
9574,7141,0,0,0
9574,7143,0,0,0
9574,7211,0,0,0
9574,7231,0,0,0
9574,7232,0,0,0
9574,7233,0,0,0
9574,7235,0,0,0
9574,7311,0,0,0
9574,7312,0,0,0
9574,7313,0,0,0
9574,7314,0,0,0
9574,7315,20,0,20
9574,7316,0,0,0
9574,7317,0,0,0
9574,7318,0,0,0
9574,7319,0,0,0
9574,7320,0,0,0
9574,7331,0,0,0
9574,7332,0,0,0
9574,7333,0,0,0
9574,7334,0,0,0
9574,7335,0,0,0
9574,7336,0,0,0
9574,7337,0,0,0
9574,7338,0,0,0
9574,7339,0,0,0
9574,7340,0,0,0
9574,8111,103,14,89
9574,8115,38,18,20
9574,8116,68,18,50
9574,8117,25,11,14
9574,8118,59,17,42
9574,8119,10,0,10
9574,8121,12,0,12
9574,8125,39,17,22
9574,8126,20,0,20
9574,8127,33,18,15
9574,8128,17,17,0
9574,8135,0,0,0
9574,8136,13,13,0
9574,8211,0,0,0
9574,8212,21,0,21
9574,8215,15,0,15
9574,8216,0,0,0
9574,8221,0,0,0
9574,8222,25,0,25
9574,8225,0,0,0
9574,8226,32,12,20
9574,8231,0,0,0
9574,8235,0,0,0
9574,8236,13,0,13
9574,8237,0,0,0
9574,8311,13,0,13
9574,8315,0,0,0
9574,8316,0,0,0
9574,8317,15,0,15
9574,8325,0,0,0
9574,8326,0,0,0
9574,8327,0,0,0
9574,8335,11,11,0
9574,8336,15,0,15
9574,8337,0,0,0
9574,8415,11,0,11
9574,8416,0,0,0
9574,8417,0,0,0
9574,8421,12,0,12
9574,8425,28,28,0
9574,8426,10,0,10
9574,8435,11,0,11
9574,8436,10,0,10
9574,8437,0,0,0
9574,9161,137,24,113
9574,9162,875,100,775
9574,9163,0,0,0
9574,9171,0,0,0
9574,9172,0,0,0
9574,9173,10,0,10
9574,9174,12,0,12
9574,9175,28,0,28
9574,9176,95,28,67
9574,9177,12,12,0
9574,9178,90,14,76
9574,9179,33,13,20
9574,9180,11,0,11
9574,9181,18,0,18
9574,9182,25,12,13
9574,9183,11,11,0
9574,9184,194,19,175
9574,9185,15,0,15
9574,9186,41,0,41
9574,9187,30,17,13
9574,9188,47,11,36
9574,9189,25,12,13
9574,9190,0,0,0
9574,9261,0,0,0
9574,9262,0,0,0
9574,9263,0,0,0
9574,9271,23,11,12
9574,9272,21,21,0
9574,9273,38,12,26
9574,9274,59,25,34
9574,9275,19,19,0
9574,9276,0,0,0
9574,9277,12,12,0
9574,9278,12,12,0
9574,9279,0,0,0
9574,9361,364,124,240
9574,9362,185,43,142
9574,9363,51,17,34
9574,9371,2703,1956,747
9574,9372,27,14,13
9574,9373,4014,2320,1694
9574,9374,144,85,59
9574,9375,88,48,40
9574,9376,102,47,55
9574,9377,42,27,15
9574,9461,162,45,117
9574,9462,285,105,180
9574,9463,56,41,15
9574,9464,19,19,0
9574,9471,152,100,52
9574,9472,1146,916,230
9574,9473,45,33,12
9574,9474,1205,833,372
9574,9475,71,47,24
9574,9476,18,18,0
9574,9477,73,44,29
9574,9478,25,25,0
9574,9479,37,24,13
9574,9561,148,43,105
9574,9562,2461,394,2067
9574,9563,2415,984,1431
9574,9564,30868,7637,23231
9574,9565,758,344,414
9574,9571,355,163,192
9574,9572,2267,1050,1217
9574,9573,1053,661,392
9574,9574,0,0,0
9574,9575,195,129,66
9574,9576,2255,1197,1058
9574,9577,203,122,81
9574,9661,11,0,11
9574,9662,14,0,14
9574,9663,89,32,57
9574,9671,15,15,0
9574,9672,0,0,0
9574,9673,0,0,0
9574,9674,37,23,14
9574,9675,35,18,17
9574,9676,0,0,0
9574,9677,11,11,0
9574,9678,31,19,12
9574,9679,54,33,21
9574,9761,59,23,36
9574,9762,0,0,0
9574,9763,0,0,0
9574,9764,0,0,0
9574,9771,28,0,28
9574,9772,46,17,29
9574,9773,0,0,0
9574,9774,0,0,0
9574,9775,20,0,20
9574,9776,0,0,0
9574,9777,0,0,0
9574,9778,0,0,0
9574,9779,38,18,20
9574,9780,0,0,0
9574,10041,16,0,16
9574,10042,0,0,0
9574,10043,0,0,0
9574,10044,0,0,0
9574,10045,0,0,0
9574,10046,0,0,0
9574,11000,189,73,116
9574,12051,0,0,0
9574,12052,0,0,0
9574,12053,0,0,0
9574,12054,0,0,0
9574,12060,0,0,0
9574,12061,0,0,0
9574,12062,0,0,0
9574,12063,0,0,0
9574,12064,0,0,0
9574,12065,14,14,0
9574,12066,0,0,0
9574,12067,0,0,0
9574,12068,0,0,0
9574,12069,0,0,0
9574,12070,0,0,0
9574,12071,0,0,0
9574,12072,0,0,0
9574,12073,0,0,0
9574,13003,0,0,0
9574,13004,0,0,0
9574,13071,0,0,0
9574,13072,0,0,0
9574,13073,0,0,0
9574,13074,0,0,0
9574,13075,0,0,0
9574,13076,0,0,0
9574,14511,27,12,15
9574,14521,41,41,0
9574,14522,22,22,0
9574,14523,32,32,0
9574,14524,19,19,0
9574,14612,52,52,0
9574,14625,11,11,0
9574,14626,0,0,0
9574,14627,17,17,0
9574,14628,18,18,0
9574,14713,47,28,19
9574,14729,14,14,0
9574,14730,0,0,0
9574,15001,0,0,0
9574,15002,12,12,0
9574,15003,0,0,0
9574,15081,0,0,0
9574,15082,0,0,0
9574,15083,0,0,0
9574,15084,28,28,0
9574,15085,0,0,0
9574,15086,0,0,0
9574,15087,30,30,0
9574,15088,27,27,0
9574,15089,0,0,0
9574,15090,0,0,0
9574,15091,0,0,0
9574,16051,24,13,11
9574,16052,20,20,0
9574,16053,0,0,0
9574,16054,0,0,0
9574,16055,0,0,0
9574,16056,0,0,0
9574,16061,0,0,0
9574,16062,0,0,0
9574,16063,0,0,0
9574,16064,0,0,0
9574,16065,0,0,0
9574,16066,0,0,0
9574,16067,0,0,0
9574,16068,0,0,0
9574,16069,17,17,0
9574,16070,0,0,0
9574,16071,0,0,0
9574,16072,0,0,0
9574,16073,13,13,0
9574,16074,10,10,0
9574,16075,24,24,0
9574,16076,17,17,0
9574,16077,16,16,0
9575,1001,0,0,0
9575,1002,0,0,0
9575,1003,0,0,0
9575,1004,0,0,0
9575,1051,0,0,0
9575,1053,0,0,0
9575,1054,0,0,0
9575,1055,0,0,0
9575,1056,0,0,0
9575,1057,0,0,0
9575,1058,0,0,0
9575,1059,0,0,0
9575,1060,0,0,0
9575,1061,0,0,0
9575,1062,0,0,0
9575,2000,45,10,35
9575,3101,0,0,0
9575,3102,0,0,0
9575,3103,0,0,0
9575,3151,0,0,0
9575,3153,0,0,0
9575,3154,0,0,0
9575,3155,0,0,0
9575,3157,0,0,0
9575,3158,0,0,0
9575,3159,0,0,0
9575,3241,0,0,0
9575,3251,0,0,0
9575,3252,0,0,0
9575,3254,0,0,0
9575,3255,0,0,0
9575,3256,0,0,0
9575,3257,0,0,0
9575,3351,0,0,0
9575,3352,0,0,0
9575,3353,0,0,0
9575,3354,0,0,0
9575,3355,0,0,0
9575,3356,0,0,0
9575,3357,23,0,23
9575,3358,0,0,0
9575,3359,0,0,0
9575,3360,0,0,0
9575,3361,0,0,0
9575,3401,0,0,0
9575,3402,0,0,0
9575,3403,0,0,0
9575,3404,0,0,0
9575,3405,0,0,0
9575,3451,0,0,0
9575,3452,0,0,0
9575,3453,0,0,0
9575,3454,39,0,39
9575,3455,0,0,0
9575,3456,0,0,0
9575,3457,0,0,0
9575,3458,0,0,0
9575,3459,0,0,0
9575,3460,0,0,0
9575,3461,0,0,0
9575,3462,0,0,0
9575,4011,0,0,0
9575,4012,0,0,0
9575,5111,30,0,30
9575,5112,0,0,0
9575,5113,10,0,10
9575,5114,0,0,0
9575,5116,0,0,0
9575,5117,0,0,0
9575,5119,0,0,0
9575,5120,0,0,0
9575,5122,0,0,0
9575,5124,0,0,0
9575,5154,0,0,0
9575,5158,13,0,13
9575,5162,0,0,0
9575,5166,0,0,0
9575,5170,0,0,0
9575,5314,0,0,0
9575,5315,51,0,51
9575,5316,0,0,0
9575,5334,10,10,0
9575,5358,0,0,0
9575,5362,0,0,0
9575,5366,0,0,0
9575,5370,0,0,0
9575,5374,0,0,0
9575,5378,0,0,0
9575,5382,0,0,0
9575,5512,0,0,0
9575,5513,0,0,0
9575,5515,0,0,0
9575,5554,0,0,0
9575,5558,0,0,0
9575,5562,0,0,0
9575,5566,0,0,0
9575,5570,0,0,0
9575,5711,0,0,0
9575,5754,13,0,13
9575,5758,0,0,0
9575,5762,0,0,0
9575,5766,0,0,0
9575,5770,0,0,0
9575,5774,0,0,0
9575,5911,0,0,0
9575,5913,0,0,0
9575,5914,0,0,0
9575,5915,0,0,0
9575,5916,0,0,0
9575,5954,0,0,0
9575,5958,0,0,0
9575,5962,0,0,0
9575,5966,0,0,0
9575,5970,0,0,0
9575,5974,0,0,0
9575,5978,0,0,0
9575,6411,12,0,12
9575,6412,71,12,59
9575,6413,0,0,0
9575,6414,13,13,0
9575,6431,0,0,0
9575,6432,0,0,0
9575,6433,0,0,0
9575,6434,12,0,12
9575,6435,23,0,23
9575,6436,0,0,0
9575,6437,0,0,0
9575,6438,28,0,28
9575,6439,0,0,0
9575,6440,0,0,0
9575,6531,0,0,0
9575,6532,0,0,0
9575,6533,0,0,0
9575,6534,0,0,0
9575,6535,0,0,0
9575,6611,0,0,0
9575,6631,0,0,0
9575,6632,0,0,0
9575,6633,0,0,0
9575,6634,0,0,0
9575,6635,10,10,0
9575,6636,0,0,0
9575,7111,0,0,0
9575,7131,0,0,0
9575,7132,0,0,0
9575,7133,0,0,0
9575,7134,0,0,0
9575,7135,0,0,0
9575,7137,0,0,0
9575,7138,0,0,0
9575,7140,0,0,0
9575,7141,0,0,0
9575,7143,0,0,0
9575,7211,0,0,0
9575,7231,0,0,0
9575,7232,0,0,0
9575,7233,0,0,0
9575,7235,0,0,0
9575,7311,0,0,0
9575,7312,0,0,0
9575,7313,0,0,0
9575,7314,0,0,0
9575,7315,0,0,0
9575,7316,0,0,0
9575,7317,0,0,0
9575,7318,0,0,0
9575,7319,0,0,0
9575,7320,0,0,0
9575,7331,0,0,0
9575,7332,0,0,0
9575,7333,0,0,0
9575,7334,0,0,0
9575,7335,20,20,0
9575,7336,0,0,0
9575,7337,0,0,0
9575,7338,0,0,0
9575,7339,0,0,0
9575,7340,0,0,0
9575,8111,47,15,32
9575,8115,19,19,0
9575,8116,26,0,26
9575,8117,11,11,0
9575,8118,19,0,19
9575,8119,29,0,29
9575,8121,0,0,0
9575,8125,29,14,15
9575,8126,13,0,13
9575,8127,126,52,74
9575,8128,359,188,171
9575,8135,0,0,0
9575,8136,40,17,23
9575,8211,0,0,0
9575,8212,45,0,45
9575,8215,0,0,0
9575,8216,0,0,0
9575,8221,0,0,0
9575,8222,24,0,24
9575,8225,65,65,0
9575,8226,16,0,16
9575,8231,0,0,0
9575,8235,0,0,0
9575,8236,0,0,0
9575,8237,0,0,0
9575,8311,0,0,0
9575,8315,0,0,0
9575,8316,0,0,0
9575,8317,0,0,0
9575,8325,0,0,0
9575,8326,17,0,17
9575,8327,0,0,0
9575,8335,0,0,0
9575,8336,0,0,0
9575,8337,0,0,0
9575,8415,0,0,0
9575,8416,0,0,0
9575,8417,0,0,0
9575,8421,0,0,0
9575,8425,10,10,0
9575,8426,0,0,0
9575,8435,0,0,0
9575,8436,0,0,0
9575,8437,0,0,0
9575,9161,19,0,19
9575,9162,314,24,290
9575,9163,0,0,0
9575,9171,0,0,0
9575,9172,0,0,0
9575,9173,0,0,0
9575,9174,0,0,0
9575,9175,11,0,11
9575,9176,0,0,0
9575,9177,0,0,0
9575,9178,18,0,18
9575,9179,0,0,0
9575,9180,0,0,0
9575,9181,0,0,0
9575,9182,0,0,0
9575,9183,0,0,0
9575,9184,66,0,66
9575,9185,0,0,0
9575,9186,16,0,16
9575,9187,0,0,0
9575,9188,0,0,0
9575,9189,0,0,0
9575,9190,0,0,0
9575,9261,0,0,0
9575,9262,11,0,11
9575,9263,0,0,0
9575,9271,0,0,0
9575,9272,0,0,0
9575,9273,10,0,10
9575,9274,11,0,11
9575,9275,0,0,0
9575,9276,0,0,0
9575,9277,0,0,0
9575,9278,0,0,0
9575,9279,0,0,0
9575,9361,12,0,12
9575,9362,26,0,26
9575,9363,0,0,0
9575,9371,27,0,27
9575,9372,23,23,0
9575,9373,64,34,30
9575,9374,13,13,0
9575,9375,12,0,12
9575,9376,11,11,0
9575,9377,0,0,0
9575,9461,162,42,120
9575,9462,12,0,12
9575,9463,11,0,11
9575,9464,0,0,0
9575,9471,709,303,406
9575,9472,13,13,0
9575,9473,12,12,0
9575,9474,210,77,133
9575,9475,0,0,0
9575,9476,16,0,16
9575,9477,24,12,12
9575,9478,10,0,10
9575,9479,0,0,0
9575,9561,1171,393,778
9575,9562,1542,148,1394
9575,9563,1647,365,1282
9575,9564,4290,565,3725
9575,9565,55,20,35
9575,9571,3436,1792,1644
9575,9572,4000,809,3191
9575,9573,1979,771,1208
9575,9574,195,66,129
9575,9575,0,0,0
9575,9576,124,51,73
9575,9577,150,123,27
9575,9661,10,0,10
9575,9662,73,17,56
9575,9663,683,195,488
9575,9671,14,0,14
9575,9672,31,21,10
9575,9673,0,0,0
9575,9674,143,31,112
9575,9675,1882,958,924
9575,9676,0,0,0
9575,9677,53,36,17
9575,9678,112,72,40
9575,9679,1022,464,558
9575,9761,14,0,14
9575,9762,0,0,0
9575,9763,0,0,0
9575,9764,50,0,50
9575,9771,0,0,0
9575,9772,13,0,13
9575,9773,20,0,20
9575,9774,0,0,0
9575,9775,0,0,0
9575,9776,0,0,0
9575,9777,0,0,0
9575,9778,0,0,0
9575,9779,33,11,22
9575,9780,0,0,0
9575,10041,0,0,0
9575,10042,0,0,0
9575,10043,0,0,0
9575,10044,0,0,0
9575,10045,0,0,0
9575,10046,0,0,0
9575,11000,77,12,65
9575,12051,0,0,0
9575,12052,0,0,0
9575,12053,0,0,0
9575,12054,0,0,0
9575,12060,0,0,0
9575,12061,0,0,0
9575,12062,0,0,0
9575,12063,0,0,0
9575,12064,0,0,0
9575,12065,0,0,0
9575,12066,0,0,0
9575,12067,0,0,0
9575,12068,0,0,0
9575,12069,0,0,0
9575,12070,0,0,0
9575,12071,0,0,0
9575,12072,0,0,0
9575,12073,0,0,0
9575,13003,0,0,0
9575,13004,0,0,0
9575,13071,0,0,0
9575,13072,0,0,0
9575,13073,0,0,0
9575,13074,0,0,0
9575,13075,0,0,0
9575,13076,0,0,0
9575,14511,0,0,0
9575,14521,0,0,0
9575,14522,0,0,0
9575,14523,15,15,0
9575,14524,0,0,0
9575,14612,0,0,0
9575,14625,0,0,0
9575,14626,0,0,0
9575,14627,0,0,0
9575,14628,0,0,0
9575,14713,0,0,0
9575,14729,0,0,0
9575,14730,0,0,0
9575,15001,0,0,0
9575,15002,0,0,0
9575,15003,0,0,0
9575,15081,0,0,0
9575,15082,0,0,0
9575,15083,0,0,0
9575,15084,0,0,0
9575,15085,0,0,0
9575,15086,0,0,0
9575,15087,0,0,0
9575,15088,0,0,0
9575,15089,0,0,0
9575,15090,0,0,0
9575,15091,0,0,0
9575,16051,0,0,0
9575,16052,0,0,0
9575,16053,0,0,0
9575,16054,0,0,0
9575,16055,0,0,0
9575,16056,0,0,0
9575,16061,0,0,0
9575,16062,0,0,0
9575,16063,0,0,0
9575,16064,0,0,0
9575,16065,0,0,0
9575,16066,0,0,0
9575,16067,0,0,0
9575,16068,0,0,0
9575,16069,0,0,0
9575,16070,0,0,0
9575,16071,0,0,0
9575,16072,0,0,0
9575,16073,0,0,0
9575,16074,0,0,0
9575,16075,0,0,0
9575,16076,0,0,0
9575,16077,0,0,0
9576,1001,0,0,0
9576,1002,0,0,0
9576,1003,0,0,0
9576,1004,0,0,0
9576,1051,0,0,0
9576,1053,0,0,0
9576,1054,0,0,0
9576,1055,0,0,0
9576,1056,0,0,0
9576,1057,0,0,0
9576,1058,0,0,0
9576,1059,0,0,0
9576,1060,0,0,0
9576,1061,0,0,0
9576,1062,0,0,0
9576,2000,92,15,77
9576,3101,0,0,0
9576,3102,0,0,0
9576,3103,0,0,0
9576,3151,0,0,0
9576,3153,0,0,0
9576,3154,0,0,0
9576,3155,0,0,0
9576,3157,0,0,0
9576,3158,0,0,0
9576,3159,0,0,0
9576,3241,53,23,30
9576,3251,0,0,0
9576,3252,0,0,0
9576,3254,0,0,0
9576,3255,0,0,0
9576,3256,0,0,0
9576,3257,0,0,0
9576,3351,0,0,0
9576,3352,0,0,0
9576,3353,0,0,0
9576,3354,0,0,0
9576,3355,0,0,0
9576,3356,0,0,0
9576,3357,0,0,0
9576,3358,0,0,0
9576,3359,0,0,0
9576,3360,0,0,0
9576,3361,0,0,0
9576,3401,0,0,0
9576,3402,0,0,0
9576,3403,0,0,0
9576,3404,17,0,17
9576,3405,0,0,0
9576,3451,0,0,0
9576,3452,0,0,0
9576,3453,0,0,0
9576,3454,0,0,0
9576,3455,0,0,0
9576,3456,0,0,0
9576,3457,0,0,0
9576,3458,0,0,0
9576,3459,0,0,0
9576,3460,0,0,0
9576,3461,0,0,0
9576,3462,0,0,0
9576,4011,10,0,10
9576,4012,0,0,0
9576,5111,45,11,34
9576,5112,0,0,0
9576,5113,0,0,0
9576,5114,0,0,0
9576,5116,0,0,0
9576,5117,0,0,0
9576,5119,57,0,57
9576,5120,0,0,0
9576,5122,0,0,0
9576,5124,0,0,0
9576,5154,0,0,0
9576,5158,22,0,22
9576,5162,16,0,16
9576,5166,0,0,0
9576,5170,0,0,0
9576,5314,0,0,0
9576,5315,66,10,56
9576,5316,0,0,0
9576,5334,25,0,25
9576,5358,0,0,0
9576,5362,0,0,0
9576,5366,0,0,0
9576,5370,0,0,0
9576,5374,0,0,0
9576,5378,0,0,0
9576,5382,11,0,11
9576,5512,0,0,0
9576,5513,0,0,0
9576,5515,0,0,0
9576,5554,0,0,0
9576,5558,0,0,0
9576,5562,24,0,24
9576,5566,0,0,0
9576,5570,0,0,0
9576,5711,0,0,0
9576,5754,13,0,13
9576,5758,0,0,0
9576,5762,0,0,0
9576,5766,0,0,0
9576,5770,0,0,0
9576,5774,0,0,0
9576,5911,0,0,0
9576,5913,11,0,11
9576,5914,0,0,0
9576,5915,0,0,0
9576,5916,0,0,0
9576,5954,0,0,0
9576,5958,0,0,0
9576,5962,0,0,0
9576,5966,0,0,0
9576,5970,73,0,73
9576,5974,0,0,0
9576,5978,0,0,0
9576,6411,0,0,0
9576,6412,85,13,72
9576,6413,0,0,0
9576,6414,13,0,13
9576,6431,0,0,0
9576,6432,0,0,0
9576,6433,10,0,10
9576,6434,19,0,19
9576,6435,0,0,0
9576,6436,18,0,18
9576,6437,0,0,0
9576,6438,30,0,30
9576,6439,0,0,0
9576,6440,14,0,14
9576,6531,0,0,0
9576,6532,0,0,0
9576,6533,0,0,0
9576,6534,0,0,0
9576,6535,0,0,0
9576,6611,0,0,0
9576,6631,0,0,0
9576,6632,0,0,0
9576,6633,0,0,0
9576,6634,0,0,0
9576,6635,0,0,0
9576,6636,0,0,0
9576,7111,0,0,0
9576,7131,0,0,0
9576,7132,0,0,0
9576,7133,0,0,0
9576,7134,0,0,0
9576,7135,0,0,0
9576,7137,0,0,0
9576,7138,0,0,0
9576,7140,0,0,0
9576,7141,0,0,0
9576,7143,0,0,0
9576,7211,0,0,0
9576,7231,0,0,0
9576,7232,0,0,0
9576,7233,0,0,0
9576,7235,0,0,0
9576,7311,0,0,0
9576,7312,0,0,0
9576,7313,0,0,0
9576,7314,0,0,0
9576,7315,11,0,11
9576,7316,0,0,0
9576,7317,0,0,0
9576,7318,0,0,0
9576,7319,0,0,0
9576,7320,0,0,0
9576,7331,0,0,0
9576,7332,0,0,0
9576,7333,0,0,0
9576,7334,19,19,0
9576,7335,0,0,0
9576,7336,0,0,0
9576,7337,0,0,0
9576,7338,0,0,0
9576,7339,0,0,0
9576,7340,0,0,0
9576,8111,70,13,57
9576,8115,27,12,15
9576,8116,50,0,50
9576,8117,0,0,0
9576,8118,49,12,37
9576,8119,19,0,19
9576,8121,10,0,10
9576,8125,21,0,21
9576,8126,21,0,21
9576,8127,29,13,16
9576,8128,0,0,0
9576,8135,0,0,0
9576,8136,22,0,22
9576,8211,0,0,0
9576,8212,31,12,19
9576,8215,22,11,11
9576,8216,0,0,0
9576,8221,0,0,0
9576,8222,25,0,25
9576,8225,0,0,0
9576,8226,27,16,11
9576,8231,0,0,0
9576,8235,0,0,0
9576,8236,0,0,0
9576,8237,0,0,0
9576,8311,0,0,0
9576,8315,0,0,0
9576,8316,0,0,0
9576,8317,0,0,0
9576,8325,0,0,0
9576,8326,0,0,0
9576,8327,0,0,0
9576,8335,0,0,0
9576,8336,11,0,11
9576,8337,0,0,0
9576,8415,17,0,17
9576,8416,0,0,0
9576,8417,0,0,0
9576,8421,19,0,19
9576,8425,17,17,0
9576,8426,0,0,0
9576,8435,0,0,0
9576,8436,11,0,11
9576,8437,0,0,0
9576,9161,990,65,925
9576,9162,605,84,521
9576,9163,0,0,0
9576,9171,0,0,0
9576,9172,0,0,0
9576,9173,0,0,0
9576,9174,51,10,41
9576,9175,63,0,63
9576,9176,1252,389,863
9576,9177,10,10,0
9576,9178,102,23,79
9576,9179,28,12,16
9576,9180,0,0,0
9576,9181,27,14,13
9576,9182,0,0,0
9576,9183,12,12,0
9576,9184,163,17,146
9576,9185,61,23,38
9576,9186,108,29,79
9576,9187,15,15,0
9576,9188,0,0,0
9576,9189,10,0,10
9576,9190,0,0,0
9576,9261,0,0,0
9576,9262,0,0,0
9576,9263,0,0,0
9576,9271,0,0,0
9576,9272,0,0,0
9576,9273,60,21,39
9576,9274,11,0,11
9576,9275,13,13,0
9576,9276,0,0,0
9576,9277,0,0,0
9576,9278,0,0,0
9576,9279,0,0,0
9576,9361,61,31,30
9576,9362,93,18,75
9576,9363,22,10,12
9576,9371,84,47,37
9576,9372,28,11,17
9576,9373,3010,1575,1435
9576,9374,35,20,15
9576,9375,62,30,32
9576,9376,89,78,11
9576,9377,11,0,11
9576,9461,55,25,30
9576,9462,73,25,48
9576,9463,0,0,0
9576,9464,15,15,0
9576,9471,62,37,25
9576,9472,73,60,13
9576,9473,11,11,0
9576,9474,150,80,70
9576,9475,38,27,11
9576,9476,0,0,0
9576,9477,16,16,0
9576,9478,0,0,0
9576,9479,13,13,0
9576,9561,371,89,282
9576,9562,814,111,703
9576,9563,1477,471,1006
9576,9564,16284,3489,12795
9576,9565,6545,2020,4525
9576,9571,1403,844,559
9576,9572,435,143,292
9576,9573,1043,561,482
9576,9574,2255,1058,1197
9576,9575,124,73,51
9576,9576,0,0,0
9576,9577,3956,2548,1408
9576,9661,0,0,0
9576,9662,10,0,10
9576,9663,41,15,26
9576,9671,12,12,0
9576,9672,0,0,0
9576,9673,0,0,0
9576,9674,10,0,10
9576,9675,23,0,23
9576,9676,0,0,0
9576,9677,0,0,0
9576,9678,12,0,12
9576,9679,25,15,10
9576,9761,51,15,36
9576,9762,0,0,0
9576,9763,0,0,0
9576,9764,0,0,0
9576,9771,14,0,14
9576,9772,32,10,22
9576,9773,27,11,16
9576,9774,12,0,12
9576,9775,11,0,11
9576,9776,0,0,0
9576,9777,0,0,0
9576,9778,0,0,0
9576,9779,61,18,43
9576,9780,0,0,0
9576,10041,0,0,0
9576,10042,0,0,0
9576,10043,0,0,0
9576,10044,0,0,0
9576,10045,0,0,0
9576,10046,0,0,0
9576,11000,123,49,74
9576,12051,0,0,0
9576,12052,0,0,0
9576,12053,0,0,0
9576,12054,0,0,0
9576,12060,0,0,0
9576,12061,0,0,0
9576,12062,0,0,0
9576,12063,0,0,0
9576,12064,0,0,0
9576,12065,0,0,0
9576,12066,0,0,0
9576,12067,0,0,0
9576,12068,0,0,0
9576,12069,0,0,0
9576,12070,0,0,0
9576,12071,0,0,0
9576,12072,0,0,0
9576,12073,0,0,0
9576,13003,0,0,0
9576,13004,0,0,0
9576,13071,0,0,0
9576,13072,0,0,0
9576,13073,0,0,0
9576,13074,0,0,0
9576,13075,0,0,0
9576,13076,0,0,0
9576,14511,25,25,0
9576,14521,29,29,0
9576,14522,13,13,0
9576,14523,19,19,0
9576,14524,20,20,0
9576,14612,20,10,10
9576,14625,0,0,0
9576,14626,10,10,0
9576,14627,0,0,0
9576,14628,0,0,0
9576,14713,37,25,12
9576,14729,0,0,0
9576,14730,13,13,0
9576,15001,0,0,0
9576,15002,12,12,0
9576,15003,0,0,0
9576,15081,0,0,0
9576,15082,0,0,0
9576,15083,0,0,0
9576,15084,12,12,0
9576,15085,0,0,0
9576,15086,0,0,0
9576,15087,0,0,0
9576,15088,11,11,0
9576,15089,0,0,0
9576,15090,0,0,0
9576,15091,0,0,0
9576,16051,0,0,0
9576,16052,11,11,0
9576,16053,0,0,0
9576,16054,0,0,0
9576,16055,0,0,0
9576,16056,0,0,0
9576,16061,0,0,0
9576,16062,0,0,0
9576,16063,0,0,0
9576,16064,0,0,0
9576,16065,0,0,0
9576,16066,0,0,0
9576,16067,0,0,0
9576,16068,0,0,0
9576,16069,0,0,0
9576,16070,0,0,0
9576,16071,0,0,0
9576,16072,0,0,0
9576,16073,17,17,0
9576,16074,11,11,0
9576,16075,16,16,0
9576,16076,15,15,0
9576,16077,0,0,0
9577,1001,0,0,0
9577,1002,0,0,0
9577,1003,0,0,0
9577,1004,0,0,0
9577,1051,0,0,0
9577,1053,0,0,0
9577,1054,0,0,0
9577,1055,0,0,0
9577,1056,0,0,0
9577,1057,0,0,0
9577,1058,0,0,0
9577,1059,0,0,0
9577,1060,0,0,0
9577,1061,0,0,0
9577,1062,0,0,0
9577,2000,26,0,26
9577,3101,0,0,0
9577,3102,0,0,0
9577,3103,0,0,0
9577,3151,0,0,0
9577,3153,0,0,0
9577,3154,0,0,0
9577,3155,0,0,0
9577,3157,0,0,0
9577,3158,0,0,0
9577,3159,0,0,0
9577,3241,10,0,10
9577,3251,0,0,0
9577,3252,0,0,0
9577,3254,0,0,0
9577,3255,0,0,0
9577,3256,0,0,0
9577,3257,0,0,0
9577,3351,0,0,0
9577,3352,0,0,0
9577,3353,0,0,0
9577,3354,0,0,0
9577,3355,0,0,0
9577,3356,0,0,0
9577,3357,0,0,0
9577,3358,0,0,0
9577,3359,0,0,0
9577,3360,0,0,0
9577,3361,0,0,0
9577,3401,0,0,0
9577,3402,0,0,0
9577,3403,0,0,0
9577,3404,0,0,0
9577,3405,0,0,0
9577,3451,0,0,0
9577,3452,0,0,0
9577,3453,0,0,0
9577,3454,0,0,0
9577,3455,0,0,0
9577,3456,0,0,0
9577,3457,0,0,0
9577,3458,0,0,0
9577,3459,0,0,0
9577,3460,0,0,0
9577,3461,0,0,0
9577,3462,0,0,0
9577,4011,0,0,0
9577,4012,0,0,0
9577,5111,13,0,13
9577,5112,0,0,0
9577,5113,0,0,0
9577,5114,0,0,0
9577,5116,0,0,0
9577,5117,0,0,0
9577,5119,0,0,0
9577,5120,0,0,0
9577,5122,0,0,0
9577,5124,0,0,0
9577,5154,0,0,0
9577,5158,0,0,0
9577,5162,0,0,0
9577,5166,0,0,0
9577,5170,0,0,0
9577,5314,0,0,0
9577,5315,12,0,12
9577,5316,0,0,0
9577,5334,0,0,0
9577,5358,0,0,0
9577,5362,0,0,0
9577,5366,0,0,0
9577,5370,0,0,0
9577,5374,0,0,0
9577,5378,0,0,0
9577,5382,24,0,24
9577,5512,0,0,0
9577,5513,0,0,0
9577,5515,0,0,0
9577,5554,0,0,0
9577,5558,0,0,0
9577,5562,0,0,0
9577,5566,0,0,0
9577,5570,0,0,0
9577,5711,0,0,0
9577,5754,0,0,0
9577,5758,0,0,0
9577,5762,16,16,0
9577,5766,0,0,0
9577,5770,0,0,0
9577,5774,0,0,0
9577,5911,0,0,0
9577,5913,0,0,0
9577,5914,0,0,0
9577,5915,0,0,0
9577,5916,0,0,0
9577,5954,0,0,0
9577,5958,0,0,0
9577,5962,0,0,0
9577,5966,0,0,0
9577,5970,21,0,21
9577,5974,0,0,0
9577,5978,0,0,0
9577,6411,0,0,0
9577,6412,17,0,17
9577,6413,0,0,0
9577,6414,0,0,0
9577,6431,0,0,0
9577,6432,0,0,0
9577,6433,0,0,0
9577,6434,0,0,0
9577,6435,0,0,0
9577,6436,0,0,0
9577,6437,0,0,0
9577,6438,0,0,0
9577,6439,0,0,0
9577,6440,0,0,0
9577,6531,0,0,0
9577,6532,0,0,0
9577,6533,0,0,0
9577,6534,11,0,11
9577,6535,0,0,0
9577,6611,0,0,0
9577,6631,0,0,0
9577,6632,0,0,0
9577,6633,17,17,0
9577,6634,0,0,0
9577,6635,0,0,0
9577,6636,0,0,0
9577,7111,0,0,0
9577,7131,0,0,0
9577,7132,0,0,0
9577,7133,0,0,0
9577,7134,0,0,0
9577,7135,0,0,0
9577,7137,0,0,0
9577,7138,0,0,0
9577,7140,0,0,0
9577,7141,0,0,0
9577,7143,12,0,12
9577,7211,0,0,0
9577,7231,0,0,0
9577,7232,0,0,0
9577,7233,0,0,0
9577,7235,0,0,0
9577,7311,0,0,0
9577,7312,0,0,0
9577,7313,0,0,0
9577,7314,0,0,0
9577,7315,0,0,0
9577,7316,0,0,0
9577,7317,0,0,0
9577,7318,0,0,0
9577,7319,0,0,0
9577,7320,0,0,0
9577,7331,0,0,0
9577,7332,0,0,0
9577,7333,0,0,0
9577,7334,0,0,0
9577,7335,0,0,0
9577,7336,0,0,0
9577,7337,0,0,0
9577,7338,0,0,0
9577,7339,0,0,0
9577,7340,0,0,0
9577,8111,43,11,32
9577,8115,10,0,10
9577,8116,24,0,24
9577,8117,0,0,0
9577,8118,17,0,17
9577,8119,14,0,14
9577,8121,0,0,0
9577,8125,20,0,20
9577,8126,24,0,24
9577,8127,42,17,25
9577,8128,20,0,20
9577,8135,13,0,13
9577,8136,86,34,52
9577,8211,0,0,0
9577,8212,0,0,0
9577,8215,0,0,0
9577,8216,0,0,0
9577,8221,0,0,0
9577,8222,31,19,12
9577,8225,0,0,0
9577,8226,0,0,0
9577,8231,0,0,0
9577,8235,0,0,0
9577,8236,0,0,0
9577,8237,0,0,0
9577,8311,0,0,0
9577,8315,0,0,0
9577,8316,0,0,0
9577,8317,0,0,0
9577,8325,0,0,0
9577,8326,0,0,0
9577,8327,0,0,0
9577,8335,0,0,0
9577,8336,0,0,0
9577,8337,0,0,0
9577,8415,0,0,0
9577,8416,0,0,0
9577,8417,0,0,0
9577,8421,0,0,0
9577,8425,0,0,0
9577,8426,0,0,0
9577,8435,0,0,0
9577,8436,0,0,0
9577,8437,0,0,0
9577,9161,625,38,587
9577,9162,396,49,347
9577,9163,0,0,0
9577,9171,0,0,0
9577,9172,0,0,0
9577,9173,0,0,0
9577,9174,0,0,0
9577,9175,12,0,12
9577,9176,1609,464,1145
9577,9177,18,0,18
9577,9178,40,14,26
9577,9179,14,0,14
9577,9180,0,0,0
9577,9181,0,0,0
9577,9182,0,0,0
9577,9183,0,0,0
9577,9184,112,13,99
9577,9185,128,37,91
9577,9186,60,18,42
9577,9187,0,0,0
9577,9188,11,0,11
9577,9189,0,0,0
9577,9190,0,0,0
9577,9261,0,0,0
9577,9262,0,0,0
9577,9263,0,0,0
9577,9271,11,0,11
9577,9272,0,0,0
9577,9273,35,11,24
9577,9274,0,0,0
9577,9275,0,0,0
9577,9276,0,0,0
9577,9277,0,0,0
9577,9278,0,0,0
9577,9279,0,0,0
9577,9361,0,0,0
9577,9362,38,10,28
9577,9363,0,0,0
9577,9371,10,10,0
9577,9372,12,0,12
9577,9373,145,49,96
9577,9374,0,0,0
9577,9375,11,0,11
9577,9376,21,10,11
9577,9377,0,0,0
9577,9461,18,0,18
9577,9462,11,0,11
9577,9463,0,0,0
9577,9464,0,0,0
9577,9471,35,10,25
9577,9472,10,10,0
9577,9473,0,0,0
9577,9474,20,20,0
9577,9475,0,0,0
9577,9476,0,0,0
9577,9477,0,0,0
9577,9478,0,0,0
9577,9479,0,0,0
9577,9561,1146,209,937
9577,9562,156,19,137
9577,9563,207,62,145
9577,9564,2333,338,1995
9577,9565,473,150,323
9577,9571,3277,1917,1360
9577,9572,86,22,64
9577,9573,132,72,60
9577,9574,203,81,122
9577,9575,150,27,123
9577,9576,3956,1408,2548
9577,9577,0,0,0
9577,9661,0,0,0
9577,9662,0,0,0
9577,9663,37,11,26
9577,9671,0,0,0
9577,9672,0,0,0
9577,9673,0,0,0
9577,9674,0,0,0
9577,9675,0,0,0
9577,9676,0,0,0
9577,9677,0,0,0
9577,9678,0,0,0
9577,9679,26,11,15
9577,9761,102,29,73
9577,9762,0,0,0
9577,9763,0,0,0
9577,9764,0,0,0
9577,9771,17,0,17
9577,9772,59,27,32
9577,9773,77,24,53
9577,9774,0,0,0
9577,9775,0,0,0
9577,9776,0,0,0
9577,9777,0,0,0
9577,9778,0,0,0
9577,9779,2554,928,1626
9577,9780,0,0,0
9577,10041,0,0,0
9577,10042,0,0,0
9577,10043,0,0,0
9577,10044,0,0,0
9577,10045,0,0,0
9577,10046,0,0,0
9577,11000,51,22,29
9577,12051,0,0,0
9577,12052,0,0,0
9577,12053,0,0,0
9577,12054,0,0,0
9577,12060,0,0,0
9577,12061,0,0,0
9577,12062,0,0,0
9577,12063,0,0,0
9577,12064,0,0,0
9577,12065,0,0,0
9577,12066,0,0,0
9577,12067,0,0,0
9577,12068,0,0,0
9577,12069,0,0,0
9577,12070,0,0,0
9577,12071,0,0,0
9577,12072,42,14,28
9577,12073,0,0,0
9577,13003,0,0,0
9577,13004,0,0,0
9577,13071,0,0,0
9577,13072,0,0,0
9577,13073,10,0,10
9577,13074,0,0,0
9577,13075,0,0,0
9577,13076,0,0,0
9577,14511,0,0,0
9577,14521,0,0,0
9577,14522,0,0,0
9577,14523,12,12,0
9577,14524,10,10,0
9577,14612,0,0,0
9577,14625,0,0,0
9577,14626,0,0,0
9577,14627,0,0,0
9577,14628,0,0,0
9577,14713,16,16,0
9577,14729,0,0,0
9577,14730,0,0,0
9577,15001,0,0,0
9577,15002,0,0,0
9577,15003,0,0,0
9577,15081,0,0,0
9577,15082,0,0,0
9577,15083,0,0,0
9577,15084,0,0,0
9577,15085,0,0,0
9577,15086,0,0,0
9577,15087,0,0,0
9577,15088,0,0,0
9577,15089,0,0,0
9577,15090,0,0,0
9577,15091,0,0,0
9577,16051,0,0,0
9577,16052,0,0,0
9577,16053,0,0,0
9577,16054,0,0,0
9577,16055,0,0,0
9577,16056,0,0,0
9577,16061,0,0,0
9577,16062,0,0,0
9577,16063,0,0,0
9577,16064,0,0,0
9577,16065,0,0,0
9577,16066,0,0,0
9577,16067,0,0,0
9577,16068,0,0,0
9577,16069,0,0,0
9577,16070,0,0,0
9577,16071,0,0,0
9577,16072,0,0,0
9577,16073,0,0,0
9577,16074,0,0,0
9577,16075,0,0,0
9577,16076,0,0,0
9577,16077,0,0,0
9661,1001,0,0,0
9661,1002,0,0,0
9661,1003,0,0,0
9661,1004,0,0,0
9661,1051,0,0,0
9661,1053,0,0,0
9661,1054,0,0,0
9661,1055,0,0,0
9661,1056,0,0,0
9661,1057,0,0,0
9661,1058,0,0,0
9661,1059,0,0,0
9661,1060,0,0,0
9661,1061,0,0,0
9661,1062,0,0,0
9661,2000,93,44,49
9661,3101,0,0,0
9661,3102,0,0,0
9661,3103,0,0,0
9661,3151,0,0,0
9661,3153,0,0,0
9661,3154,0,0,0
9661,3155,0,0,0
9661,3157,0,0,0
9661,3158,0,0,0
9661,3159,0,0,0
9661,3241,31,20,11
9661,3251,0,0,0
9661,3252,0,0,0
9661,3254,0,0,0
9661,3255,0,0,0
9661,3256,0,0,0
9661,3257,0,0,0
9661,3351,0,0,0
9661,3352,0,0,0
9661,3353,0,0,0
9661,3354,0,0,0
9661,3355,0,0,0
9661,3356,0,0,0
9661,3357,0,0,0
9661,3358,0,0,0
9661,3359,0,0,0
9661,3360,0,0,0
9661,3361,0,0,0
9661,3401,0,0,0
9661,3402,18,0,18
9661,3403,0,0,0
9661,3404,0,0,0
9661,3405,0,0,0
9661,3451,0,0,0
9661,3452,0,0,0
9661,3453,0,0,0
9661,3454,0,0,0
9661,3455,0,0,0
9661,3456,0,0,0
9661,3457,0,0,0
9661,3458,0,0,0
9661,3459,11,11,0
9661,3460,0,0,0
9661,3461,0,0,0
9661,3462,0,0,0
9661,4011,0,0,0
9661,4012,0,0,0
9661,5111,64,12,52
9661,5112,0,0,0
9661,5113,0,0,0
9661,5114,0,0,0
9661,5116,0,0,0
9661,5117,0,0,0
9661,5119,0,0,0
9661,5120,0,0,0
9661,5122,0,0,0
9661,5124,0,0,0
9661,5154,0,0,0
9661,5158,26,16,10
9661,5162,11,11,0
9661,5166,0,0,0
9661,5170,0,0,0
9661,5314,11,0,11
9661,5315,99,52,47
9661,5316,0,0,0
9661,5334,11,11,0
9661,5358,0,0,0
9661,5362,13,13,0
9661,5366,0,0,0
9661,5370,0,0,0
9661,5374,0,0,0
9661,5378,0,0,0
9661,5382,10,10,0
9661,5512,0,0,0
9661,5513,0,0,0
9661,5515,0,0,0
9661,5554,0,0,0
9661,5558,0,0,0
9661,5562,0,0,0
9661,5566,0,0,0
9661,5570,0,0,0
9661,5711,0,0,0
9661,5754,11,0,11
9661,5758,0,0,0
9661,5762,0,0,0
9661,5766,0,0,0
9661,5770,0,0,0
9661,5774,0,0,0
9661,5911,0,0,0
9661,5913,11,11,0
9661,5914,0,0,0
9661,5915,0,0,0
9661,5916,0,0,0
9661,5954,11,11,0
9661,5958,10,10,0
9661,5962,0,0,0
9661,5966,0,0,0
9661,5970,11,11,0
9661,5974,0,0,0
9661,5978,13,13,0
9661,6411,440,181,259
9661,6412,2517,483,2034
9661,6413,345,164,181
9661,6414,153,86,67
9661,6431,61,36,25
9661,6432,1755,1140,615
9661,6433,270,168,102
9661,6434,176,70,106
9661,6435,2021,1260,761
9661,6436,253,91,162
9661,6437,438,363,75
9661,6438,2006,1120,886
9661,6439,58,46,12
9661,6440,265,211,54
9661,6531,51,35,16
9661,6532,16,16,0
9661,6533,31,31,0
9661,6534,22,22,0
9661,6535,22,22,0
9661,6611,13,0,13
9661,6631,55,36,19
9661,6632,0,0,0
9661,6633,0,0,0
9661,6634,0,0,0
9661,6635,21,21,0
9661,6636,0,0,0
9661,7111,10,10,0
9661,7131,0,0,0
9661,7132,0,0,0
9661,7133,15,15,0
9661,7134,0,0,0
9661,7135,0,0,0
9661,7137,0,0,0
9661,7138,0,0,0
9661,7140,0,0,0
9661,7141,0,0,0
9661,7143,12,12,0
9661,7211,0,0,0
9661,7231,0,0,0
9661,7232,0,0,0
9661,7233,0,0,0
9661,7235,0,0,0
9661,7311,0,0,0
9661,7312,0,0,0
9661,7313,0,0,0
9661,7314,0,0,0
9661,7315,82,55,27
9661,7316,0,0,0
9661,7317,0,0,0
9661,7318,0,0,0
9661,7319,11,11,0
9661,7320,0,0,0
9661,7331,21,21,0
9661,7332,0,0,0
9661,7333,0,0,0
9661,7334,0,0,0
9661,7335,0,0,0
9661,7336,0,0,0
9661,7337,0,0,0
9661,7338,10,10,0
9661,7339,52,52,0
9661,7340,0,0,0
9661,8111,43,15,28
9661,8115,13,13,0
9661,8116,26,12,14
9661,8117,0,0,0
9661,8118,28,14,14
9661,8119,16,0,16
9661,8121,0,0,0
9661,8125,30,16,14
9661,8126,0,0,0
9661,8127,0,0,0
9661,8128,146,92,54
9661,8135,0,0,0
9661,8136,0,0,0
9661,8211,0,0,0
9661,8212,52,39,13
9661,8215,39,39,0
9661,8216,0,0,0
9661,8221,0,0,0
9661,8222,58,25,33
9661,8225,67,56,11
9661,8226,57,30,27
9661,8231,0,0,0
9661,8235,0,0,0
9661,8236,0,0,0
9661,8237,0,0,0
9661,8311,0,0,0
9661,8315,0,0,0
9661,8316,0,0,0
9661,8317,12,12,0
9661,8325,0,0,0
9661,8326,11,11,0
9661,8327,0,0,0
9661,8335,15,0,15
9661,8336,0,0,0
9661,8337,0,0,0
9661,8415,10,10,0
9661,8416,0,0,0
9661,8417,0,0,0
9661,8421,0,0,0
9661,8425,0,0,0
9661,8426,0,0,0
9661,8435,0,0,0
9661,8436,0,0,0
9661,8437,0,0,0
9661,9161,12,0,12
9661,9162,241,63,178
9661,9163,0,0,0
9661,9171,0,0,0
9661,9172,0,0,0
9661,9173,0,0,0
9661,9174,0,0,0
9661,9175,0,0,0
9661,9176,0,0,0
9661,9177,0,0,0
9661,9178,0,0,0
9661,9179,10,10,0
9661,9180,0,0,0
9661,9181,0,0,0
9661,9182,0,0,0
9661,9183,0,0,0
9661,9184,59,10,49
9661,9185,0,0,0
9661,9186,0,0,0
9661,9187,0,0,0
9661,9188,0,0,0
9661,9189,0,0,0
9661,9190,0,0,0
9661,9261,0,0,0
9661,9262,0,0,0
9661,9263,0,0,0
9661,9271,0,0,0
9661,9272,0,0,0
9661,9273,0,0,0
9661,9274,0,0,0
9661,9275,0,0,0
9661,9276,0,0,0
9661,9277,0,0,0
9661,9278,0,0,0
9661,9279,0,0,0
9661,9361,0,0,0
9661,9362,11,0,11
9661,9363,0,0,0
9661,9371,0,0,0
9661,9372,0,0,0
9661,9373,0,0,0
9661,9374,0,0,0
9661,9375,0,0,0
9661,9376,0,0,0
9661,9377,0,0,0
9661,9461,0,0,0
9661,9462,0,0,0
9661,9463,0,0,0
9661,9464,0,0,0
9661,9471,0,0,0
9661,9472,0,0,0
9661,9473,0,0,0
9661,9474,0,0,0
9661,9475,0,0,0
9661,9476,0,0,0
9661,9477,0,0,0
9661,9478,0,0,0
9661,9479,0,0,0
9661,9561,0,0,0
9661,9562,35,0,35
9661,9563,0,0,0
9661,9564,85,15,70
9661,9565,0,0,0
9661,9571,0,0,0
9661,9572,0,0,0
9661,9573,0,0,0
9661,9574,11,11,0
9661,9575,10,10,0
9661,9576,0,0,0
9661,9577,0,0,0
9661,9661,0,0,0
9661,9662,26,10,16
9661,9663,366,118,248
9661,9671,23711,17474,6237
9661,9672,54,39,15
9661,9673,10,10,0
9661,9674,0,0,0
9661,9675,25,25,0
9661,9676,8821,7025,1796
9661,9677,962,702,260
9661,9678,46,46,0
9661,9679,183,132,51
9661,9761,0,0,0
9661,9762,0,0,0
9661,9763,0,0,0
9661,9764,0,0,0
9661,9771,0,0,0
9661,9772,0,0,0
9661,9773,0,0,0
9661,9774,0,0,0
9661,9775,0,0,0
9661,9776,0,0,0
9661,9777,0,0,0
9661,9778,0,0,0
9661,9779,0,0,0
9661,9780,0,0,0
9661,10041,23,13,10
9661,10042,0,0,0
9661,10043,0,0,0
9661,10044,0,0,0
9661,10045,0,0,0
9661,10046,0,0,0
9661,11000,105,52,53
9661,12051,0,0,0
9661,12052,0,0,0
9661,12053,0,0,0
9661,12054,0,0,0
9661,12060,0,0,0
9661,12061,0,0,0
9661,12062,0,0,0
9661,12063,0,0,0
9661,12064,0,0,0
9661,12065,0,0,0
9661,12066,0,0,0
9661,12067,0,0,0
9661,12068,0,0,0
9661,12069,0,0,0
9661,12070,0,0,0
9661,12071,0,0,0
9661,12072,0,0,0
9661,12073,0,0,0
9661,13003,0,0,0
9661,13004,0,0,0
9661,13071,0,0,0
9661,13072,0,0,0
9661,13073,0,0,0
9661,13074,0,0,0
9661,13075,0,0,0
9661,13076,0,0,0
9661,14511,0,0,0
9661,14521,0,0,0
9661,14522,0,0,0
9661,14523,0,0,0
9661,14524,0,0,0
9661,14612,0,0,0
9661,14625,11,11,0
9661,14626,0,0,0
9661,14627,0,0,0
9661,14628,0,0,0
9661,14713,13,13,0
9661,14729,0,0,0
9661,14730,0,0,0
9661,15001,0,0,0
9661,15002,0,0,0
9661,15003,0,0,0
9661,15081,0,0,0
9661,15082,0,0,0
9661,15083,0,0,0
9661,15084,0,0,0
9661,15085,0,0,0
9661,15086,0,0,0
9661,15087,0,0,0
9661,15088,0,0,0
9661,15089,0,0,0
9661,15090,0,0,0
9661,15091,0,0,0
9661,16051,0,0,0
9661,16052,0,0,0
9661,16053,0,0,0
9661,16054,0,0,0
9661,16055,0,0,0
9661,16056,0,0,0
9661,16061,0,0,0
9661,16062,0,0,0
9661,16063,0,0,0
9661,16064,10,10,0
9661,16065,0,0,0
9661,16066,21,21,0
9661,16067,0,0,0
9661,16068,0,0,0
9661,16069,0,0,0
9661,16070,0,0,0
9661,16071,0,0,0
9661,16072,0,0,0
9661,16073,10,10,0
9661,16074,0,0,0
9661,16075,0,0,0
9661,16076,0,0,0
9661,16077,0,0,0
9662,1001,0,0,0
9662,1002,0,0,0
9662,1003,0,0,0
9662,1004,0,0,0
9662,1051,0,0,0
9662,1053,0,0,0
9662,1054,0,0,0
9662,1055,0,0,0
9662,1056,0,0,0
9662,1057,0,0,0
9662,1058,0,0,0
9662,1059,0,0,0
9662,1060,0,0,0
9662,1061,0,0,0
9662,1062,0,0,0
9662,2000,45,13,32
9662,3101,0,0,0
9662,3102,0,0,0
9662,3103,0,0,0
9662,3151,0,0,0
9662,3153,0,0,0
9662,3154,0,0,0
9662,3155,0,0,0
9662,3157,0,0,0
9662,3158,0,0,0
9662,3159,0,0,0
9662,3241,26,15,11
9662,3251,0,0,0
9662,3252,0,0,0
9662,3254,0,0,0
9662,3255,0,0,0
9662,3256,0,0,0
9662,3257,0,0,0
9662,3351,0,0,0
9662,3352,0,0,0
9662,3353,0,0,0
9662,3354,0,0,0
9662,3355,0,0,0
9662,3356,0,0,0
9662,3357,0,0,0
9662,3358,0,0,0
9662,3359,0,0,0
9662,3360,0,0,0
9662,3361,0,0,0
9662,3401,0,0,0
9662,3402,0,0,0
9662,3403,0,0,0
9662,3404,0,0,0
9662,3405,0,0,0
9662,3451,0,0,0
9662,3452,0,0,0
9662,3453,0,0,0
9662,3454,0,0,0
9662,3455,0,0,0
9662,3456,0,0,0
9662,3457,0,0,0
9662,3458,0,0,0
9662,3459,0,0,0
9662,3460,0,0,0
9662,3461,0,0,0
9662,3462,0,0,0
9662,4011,0,0,0
9662,4012,0,0,0
9662,5111,0,0,0
9662,5112,0,0,0
9662,5113,0,0,0
9662,5114,14,0,14
9662,5116,0,0,0
9662,5117,0,0,0
9662,5119,0,0,0
9662,5120,0,0,0
9662,5122,0,0,0
9662,5124,0,0,0
9662,5154,0,0,0
9662,5158,0,0,0
9662,5162,0,0,0
9662,5166,0,0,0
9662,5170,0,0,0
9662,5314,0,0,0
9662,5315,27,11,16
9662,5316,0,0,0
9662,5334,0,0,0
9662,5358,0,0,0
9662,5362,0,0,0
9662,5366,0,0,0
9662,5370,0,0,0
9662,5374,15,0,15
9662,5378,0,0,0
9662,5382,14,14,0
9662,5512,0,0,0
9662,5513,0,0,0
9662,5515,0,0,0
9662,5554,0,0,0
9662,5558,0,0,0
9662,5562,0,0,0
9662,5566,0,0,0
9662,5570,0,0,0
9662,5711,0,0,0
9662,5754,0,0,0
9662,5758,0,0,0
9662,5762,0,0,0
9662,5766,0,0,0
9662,5770,0,0,0
9662,5774,0,0,0
9662,5911,0,0,0
9662,5913,0,0,0
9662,5914,0,0,0
9662,5915,0,0,0
9662,5916,0,0,0
9662,5954,0,0,0
9662,5958,0,0,0
9662,5962,0,0,0
9662,5966,0,0,0
9662,5970,0,0,0
9662,5974,0,0,0
9662,5978,0,0,0
9662,6411,0,0,0
9662,6412,68,15,53
9662,6413,0,0,0
9662,6414,0,0,0
9662,6431,0,0,0
9662,6432,37,0,37
9662,6433,0,0,0
9662,6434,14,0,14
9662,6435,53,24,29
9662,6436,0,0,0
9662,6437,0,0,0
9662,6438,12,0,12
9662,6439,0,0,0
9662,6440,0,0,0
9662,6531,0,0,0
9662,6532,0,0,0
9662,6533,0,0,0
9662,6534,0,0,0
9662,6535,0,0,0
9662,6611,0,0,0
9662,6631,93,53,40
9662,6632,0,0,0
9662,6633,0,0,0
9662,6634,0,0,0
9662,6635,0,0,0
9662,6636,0,0,0
9662,7111,0,0,0
9662,7131,0,0,0
9662,7132,0,0,0
9662,7133,0,0,0
9662,7134,0,0,0
9662,7135,0,0,0
9662,7137,0,0,0
9662,7138,0,0,0
9662,7140,0,0,0
9662,7141,0,0,0
9662,7143,0,0,0
9662,7211,0,0,0
9662,7231,0,0,0
9662,7232,0,0,0
9662,7233,0,0,0
9662,7235,0,0,0
9662,7311,0,0,0
9662,7312,0,0,0
9662,7313,0,0,0
9662,7314,0,0,0
9662,7315,0,0,0
9662,7316,0,0,0
9662,7317,0,0,0
9662,7318,0,0,0
9662,7319,0,0,0
9662,7320,0,0,0
9662,7331,0,0,0
9662,7332,0,0,0
9662,7333,0,0,0
9662,7334,0,0,0
9662,7335,0,0,0
9662,7336,0,0,0
9662,7337,0,0,0
9662,7338,0,0,0
9662,7339,0,0,0
9662,7340,0,0,0
9662,8111,44,16,28
9662,8115,10,10,0
9662,8116,15,0,15
9662,8117,0,0,0
9662,8118,10,0,10
9662,8119,11,11,0
9662,8121,0,0,0
9662,8125,14,14,0
9662,8126,0,0,0
9662,8127,0,0,0
9662,8128,76,51,25
9662,8135,0,0,0
9662,8136,12,12,0
9662,8211,0,0,0
9662,8212,0,0,0
9662,8215,0,0,0
9662,8216,0,0,0
9662,8221,0,0,0
9662,8222,10,0,10
9662,8225,16,16,0
9662,8226,13,13,0
9662,8231,0,0,0
9662,8235,0,0,0
9662,8236,0,0,0
9662,8237,0,0,0
9662,8311,0,0,0
9662,8315,0,0,0
9662,8316,0,0,0
9662,8317,0,0,0
9662,8325,0,0,0
9662,8326,0,0,0
9662,8327,0,0,0
9662,8335,0,0,0
9662,8336,0,0,0
9662,8337,0,0,0
9662,8415,0,0,0
9662,8416,0,0,0
9662,8417,0,0,0
9662,8421,0,0,0
9662,8425,0,0,0
9662,8426,0,0,0
9662,8435,19,19,0
9662,8436,0,0,0
9662,8437,0,0,0
9662,9161,14,0,14
9662,9162,175,47,128
9662,9163,0,0,0
9662,9171,20,0,20
9662,9172,0,0,0
9662,9173,0,0,0
9662,9174,0,0,0
9662,9175,0,0,0
9662,9176,0,0,0
9662,9177,0,0,0
9662,9178,0,0,0
9662,9179,0,0,0
9662,9180,0,0,0
9662,9181,0,0,0
9662,9182,0,0,0
9662,9183,0,0,0
9662,9184,24,0,24
9662,9185,0,0,0
9662,9186,0,0,0
9662,9187,13,13,0
9662,9188,0,0,0
9662,9189,0,0,0
9662,9190,0,0,0
9662,9261,0,0,0
9662,9262,0,0,0
9662,9263,0,0,0
9662,9271,0,0,0
9662,9272,0,0,0
9662,9273,0,0,0
9662,9274,0,0,0
9662,9275,0,0,0
9662,9276,0,0,0
9662,9277,0,0,0
9662,9278,0,0,0
9662,9279,0,0,0
9662,9361,0,0,0
9662,9362,10,0,10
9662,9363,0,0,0
9662,9371,0,0,0
9662,9372,0,0,0
9662,9373,0,0,0
9662,9374,0,0,0
9662,9375,0,0,0
9662,9376,0,0,0
9662,9377,0,0,0
9662,9461,335,223,112
9662,9462,29,12,17
9662,9463,62,48,14
9662,9464,0,0,0
9662,9471,411,362,49
9662,9472,0,0,0
9662,9473,110,98,12
9662,9474,47,47,0
9662,9475,12,12,0
9662,9476,33,33,0
9662,9477,17,17,0
9662,9478,40,40,0
9662,9479,0,0,0
9662,9561,0,0,0
9662,9562,50,26,24
9662,9563,43,27,16
9662,9564,177,66,111
9662,9565,0,0,0
9662,9571,10,10,0
9662,9572,117,77,40
9662,9573,10,10,0
9662,9574,14,14,0
9662,9575,73,56,17
9662,9576,10,10,0
9662,9577,0,0,0
9662,9661,26,16,10
9662,9662,0,0,0
9662,9663,1577,950,627
9662,9671,34,34,0
9662,9672,5898,5407,491
9662,9673,2377,2105,272
9662,9674,4713,4235,478
9662,9675,1186,953,233
9662,9676,19,19,0
9662,9677,1001,890,111
9662,9678,25784,22189,3595
9662,9679,1260,1089,171
9662,9761,0,0,0
9662,9762,0,0,0
9662,9763,0,0,0
9662,9764,0,0,0
9662,9771,0,0,0
9662,9772,14,0,14
9662,9773,0,0,0
9662,9774,0,0,0
9662,9775,0,0,0
9662,9776,0,0,0
9662,9777,0,0,0
9662,9778,0,0,0
9662,9779,0,0,0
9662,9780,0,0,0
9662,10041,10,0,10
9662,10042,0,0,0
9662,10043,0,0,0
9662,10044,0,0,0
9662,10045,0,0,0
9662,10046,0,0,0
9662,11000,65,18,47
9662,12051,0,0,0
9662,12052,0,0,0
9662,12053,0,0,0
9662,12054,0,0,0
9662,12060,0,0,0
9662,12061,0,0,0
9662,12062,0,0,0
9662,12063,0,0,0
9662,12064,0,0,0
9662,12065,0,0,0
9662,12066,0,0,0
9662,12067,15,15,0
9662,12068,0,0,0
9662,12069,0,0,0
9662,12070,0,0,0
9662,12071,0,0,0
9662,12072,0,0,0
9662,12073,0,0,0
9662,13003,0,0,0
9662,13004,0,0,0
9662,13071,0,0,0
9662,13072,0,0,0
9662,13073,0,0,0
9662,13074,0,0,0
9662,13075,0,0,0
9662,13076,0,0,0
9662,14511,0,0,0
9662,14521,0,0,0
9662,14522,0,0,0
9662,14523,11,11,0
9662,14524,0,0,0
9662,14612,0,0,0
9662,14625,0,0,0
9662,14626,0,0,0
9662,14627,0,0,0
9662,14628,0,0,0
9662,14713,0,0,0
9662,14729,0,0,0
9662,14730,0,0,0
9662,15001,0,0,0
9662,15002,0,0,0
9662,15003,0,0,0
9662,15081,0,0,0
9662,15082,0,0,0
9662,15083,0,0,0
9662,15084,0,0,0
9662,15085,0,0,0
9662,15086,0,0,0
9662,15087,0,0,0
9662,15088,0,0,0
9662,15089,0,0,0
9662,15090,0,0,0
9662,15091,0,0,0
9662,16051,16,16,0
9662,16052,0,0,0
9662,16053,0,0,0
9662,16054,23,23,0
9662,16055,0,0,0
9662,16056,0,0,0
9662,16061,0,0,0
9662,16062,0,0,0
9662,16063,0,0,0
9662,16064,0,0,0
9662,16065,0,0,0
9662,16066,171,171,0
9662,16067,0,0,0
9662,16068,0,0,0
9662,16069,103,103,0
9662,16070,11,11,0
9662,16071,0,0,0
9662,16072,27,27,0
9662,16073,0,0,0
9662,16074,0,0,0
9662,16075,0,0,0
9662,16076,0,0,0
9662,16077,0,0,0
9663,1001,0,0,0
9663,1002,0,0,0
9663,1003,0,0,0
9663,1004,0,0,0
9663,1051,0,0,0
9663,1053,0,0,0
9663,1054,0,0,0
9663,1055,0,0,0
9663,1056,0,0,0
9663,1057,0,0,0
9663,1058,0,0,0
9663,1059,0,0,0
9663,1060,21,0,21
9663,1061,0,0,0
9663,1062,0,0,0
9663,2000,161,49,112
9663,3101,45,0,45
9663,3102,0,0,0
9663,3103,11,0,11
9663,3151,0,0,0
9663,3153,0,0,0
9663,3154,0,0,0
9663,3155,0,0,0
9663,3157,0,0,0
9663,3158,0,0,0
9663,3159,42,22,20
9663,3241,82,38,44
9663,3251,0,0,0
9663,3252,13,0,13
9663,3254,11,11,0
9663,3255,0,0,0
9663,3256,0,0,0
9663,3257,0,0,0
9663,3351,0,0,0
9663,3352,0,0,0
9663,3353,0,0,0
9663,3354,0,0,0
9663,3355,0,0,0
9663,3356,0,0,0
9663,3357,0,0,0
9663,3358,0,0,0
9663,3359,0,0,0
9663,3360,0,0,0
9663,3361,0,0,0
9663,3401,0,0,0
9663,3402,0,0,0
9663,3403,0,0,0
9663,3404,15,0,15
9663,3405,0,0,0
9663,3451,0,0,0
9663,3452,0,0,0
9663,3453,0,0,0
9663,3454,19,0,19
9663,3455,0,0,0
9663,3456,0,0,0
9663,3457,0,0,0
9663,3458,0,0,0
9663,3459,0,0,0
9663,3460,0,0,0
9663,3461,0,0,0
9663,3462,0,0,0
9663,4011,31,14,17
9663,4012,0,0,0
9663,5111,143,78,65
9663,5112,24,24,0
9663,5113,66,35,31
9663,5114,23,13,10
9663,5116,10,0,10
9663,5117,0,0,0
9663,5119,0,0,0
9663,5120,0,0,0
9663,5122,0,0,0
9663,5124,18,18,0
9663,5154,0,0,0
9663,5158,39,22,17
9663,5162,30,30,0
9663,5166,18,0,18
9663,5170,16,16,0
9663,5314,58,12,46
9663,5315,155,63,92
9663,5316,0,0,0
9663,5334,37,27,10
9663,5358,28,0,28
9663,5362,10,0,10
9663,5366,0,0,0
9663,5370,0,0,0
9663,5374,19,0,19
9663,5378,0,0,0
9663,5382,32,19,13
9663,5512,0,0,0
9663,5513,0,0,0
9663,5515,37,21,16
9663,5554,11,11,0
9663,5558,0,0,0
9663,5562,12,12,0
9663,5566,20,20,0
9663,5570,0,0,0
9663,5711,17,17,0
9663,5754,25,12,13
9663,5758,0,0,0
9663,5762,0,0,0
9663,5766,15,15,0
9663,5770,0,0,0
9663,5774,17,17,0
9663,5911,0,0,0
9663,5913,87,16,71
9663,5914,0,0,0
9663,5915,0,0,0
9663,5916,0,0,0
9663,5954,0,0,0
9663,5958,0,0,0
9663,5962,15,15,0
9663,5966,0,0,0
9663,5970,0,0,0
9663,5974,11,11,0
9663,5978,0,0,0
9663,6411,29,0,29
9663,6412,502,91,411
9663,6413,25,14,11
9663,6414,70,27,43
9663,6431,14,14,0
9663,6432,112,51,61
9663,6433,34,15,19
9663,6434,71,15,56
9663,6435,144,80,64
9663,6436,74,23,51
9663,6437,17,17,0
9663,6438,86,45,41
9663,6439,24,14,10
9663,6440,50,33,17
9663,6531,36,26,10
9663,6532,17,17,0
9663,6533,0,0,0
9663,6534,25,15,10
9663,6535,27,27,0
9663,6611,44,24,20
9663,6631,205,139,66
9663,6632,15,15,0
9663,6633,13,13,0
9663,6634,16,16,0
9663,6635,0,0,0
9663,6636,0,0,0
9663,7111,0,0,0
9663,7131,0,0,0
9663,7132,0,0,0
9663,7133,0,0,0
9663,7134,0,0,0
9663,7135,0,0,0
9663,7137,0,0,0
9663,7138,0,0,0
9663,7140,0,0,0
9663,7141,0,0,0
9663,7143,17,17,0
9663,7211,0,0,0
9663,7231,0,0,0
9663,7232,0,0,0
9663,7233,0,0,0
9663,7235,0,0,0
9663,7311,0,0,0
9663,7312,18,18,0
9663,7313,0,0,0
9663,7314,0,0,0
9663,7315,46,24,22
9663,7316,0,0,0
9663,7317,0,0,0
9663,7318,0,0,0
9663,7319,0,0,0
9663,7320,0,0,0
9663,7331,11,11,0
9663,7332,0,0,0
9663,7333,0,0,0
9663,7334,0,0,0
9663,7335,17,17,0
9663,7336,0,0,0
9663,7337,0,0,0
9663,7338,14,14,0
9663,7339,11,11,0
9663,7340,0,0,0
9663,8111,180,78,102
9663,8115,65,26,39
9663,8116,87,49,38
9663,8117,26,11,15
9663,8118,113,47,66
9663,8119,56,25,31
9663,8121,50,12,38
9663,8125,111,49,62
9663,8126,106,61,45
9663,8127,113,71,42
9663,8128,3051,1979,1072
9663,8135,18,18,0
9663,8136,60,34,26
9663,8211,0,0,0
9663,8212,57,38,19
9663,8215,48,29,19
9663,8216,12,12,0
9663,8221,36,17,19
9663,8222,78,24,54
9663,8225,222,167,55
9663,8226,88,51,37
9663,8231,0,0,0
9663,8235,0,0,0
9663,8236,12,12,0
9663,8237,0,0,0
9663,8311,35,13,22
9663,8315,15,15,0
9663,8316,15,15,0
9663,8317,30,15,15
9663,8325,0,0,0
9663,8326,12,12,0
9663,8327,0,0,0
9663,8335,13,13,0
9663,8336,0,0,0
9663,8337,0,0,0
9663,8415,26,13,13
9663,8416,54,35,19
9663,8417,0,0,0
9663,8421,38,12,26
9663,8425,12,12,0
9663,8426,0,0,0
9663,8435,14,14,0
9663,8436,11,11,0
9663,8437,0,0,0
9663,9161,43,18,25
9663,9162,883,266,617
9663,9163,12,12,0
9663,9171,0,0,0
9663,9172,0,0,0
9663,9173,102,102,0
9663,9174,13,0,13
9663,9175,27,15,12
9663,9176,10,0,10
9663,9177,13,13,0
9663,9178,48,13,35
9663,9179,19,19,0
9663,9180,17,17,0
9663,9181,0,0,0
9663,9182,10,10,0
9663,9183,0,0,0
9663,9184,173,71,102
9663,9185,0,0,0
9663,9186,23,12,11
9663,9187,35,19,16
9663,9188,36,17,19
9663,9189,88,88,0
9663,9190,14,14,0
9663,9261,0,0,0
9663,9262,32,18,14
9663,9263,0,0,0
9663,9271,0,0,0
9663,9272,0,0,0
9663,9273,69,69,0
9663,9274,11,11,0
9663,9275,13,13,0
9663,9276,0,0,0
9663,9277,0,0,0
9663,9278,0,0,0
9663,9279,0,0,0
9663,9361,18,0,18
9663,9362,83,57,26
9663,9363,0,0,0
9663,9371,19,19,0
9663,9372,0,0,0
9663,9373,34,18,16
9663,9374,10,10,0
9663,9375,62,62,0
9663,9376,17,17,0
9663,9377,33,15,18
9663,9461,358,116,242
9663,9462,45,28,17
9663,9463,96,60,36
9663,9464,28,28,0
9663,9471,288,244,44
9663,9472,41,41,0
9663,9473,38,38,0
9663,9474,66,48,18
9663,9475,49,31,18
9663,9476,44,31,13
9663,9477,27,27,0
9663,9478,55,40,15
9663,9479,31,31,0
9663,9561,52,23,29
9663,9562,154,55,99
9663,9563,86,52,34
9663,9564,788,208,580
9663,9565,33,11,22
9663,9571,236,181,55
9663,9572,105,52,53
9663,9573,49,49,0
9663,9574,89,57,32
9663,9575,683,488,195
9663,9576,41,26,15
9663,9577,37,26,11
9663,9661,366,248,118
9663,9662,1577,627,950
9663,9663,0,0,0
9663,9671,562,503,59
9663,9672,1364,1139,225
9663,9673,613,517,96
9663,9674,512,419,93
9663,9675,7803,6067,1736
9663,9676,534,482,52
9663,9677,8060,6755,1305
9663,9678,2879,2463,416
9663,9679,36422,29651,6771
9663,9761,49,25,24
9663,9762,13,13,0
9663,9763,0,0,0
9663,9764,0,0,0
9663,9771,37,37,0
9663,9772,25,14,11
9663,9773,0,0,0
9663,9774,0,0,0
9663,9775,14,0,14
9663,9776,0,0,0
9663,9777,0,0,0
9663,9778,16,16,0
9663,9779,11,11,0
9663,9780,13,13,0
9663,10041,28,17,11
9663,10042,0,0,0
9663,10043,0,0,0
9663,10044,0,0,0
9663,10045,0,0,0
9663,10046,0,0,0
9663,11000,389,172,217
9663,12051,0,0,0
9663,12052,0,0,0
9663,12053,0,0,0
9663,12054,0,0,0
9663,12060,0,0,0
9663,12061,0,0,0
9663,12062,0,0,0
9663,12063,0,0,0
9663,12064,0,0,0
9663,12065,0,0,0
9663,12066,0,0,0
9663,12067,0,0,0
9663,12068,0,0,0
9663,12069,0,0,0
9663,12070,0,0,0
9663,12071,0,0,0
9663,12072,0,0,0
9663,12073,0,0,0
9663,13003,0,0,0
9663,13004,0,0,0
9663,13071,0,0,0
9663,13072,0,0,0
9663,13073,0,0,0
9663,13074,0,0,0
9663,13075,21,21,0
9663,13076,0,0,0
9663,14511,10,0,10
9663,14521,13,13,0
9663,14522,16,16,0
9663,14523,34,34,0
9663,14524,11,11,0
9663,14612,53,30,23
9663,14625,0,0,0
9663,14626,0,0,0
9663,14627,0,0,0
9663,14628,0,0,0
9663,14713,59,28,31
9663,14729,0,0,0
9663,14730,12,12,0
9663,15001,0,0,0
9663,15002,21,21,0
9663,15003,0,0,0
9663,15081,0,0,0
9663,15082,0,0,0
9663,15083,0,0,0
9663,15084,0,0,0
9663,15085,0,0,0
9663,15086,0,0,0
9663,15087,0,0,0
9663,15088,13,13,0
9663,15089,0,0,0
9663,15090,0,0,0
9663,15091,0,0,0
9663,16051,35,22,13
9663,16052,0,0,0
9663,16053,10,0,10
9663,16054,14,14,0
9663,16055,0,0,0
9663,16056,0,0,0
9663,16061,0,0,0
9663,16062,0,0,0
9663,16063,11,11,0
9663,16064,0,0,0
9663,16065,0,0,0
9663,16066,73,73,0
9663,16067,18,18,0
9663,16068,0,0,0
9663,16069,32,32,0
9663,16070,14,14,0
9663,16071,0,0,0
9663,16072,15,15,0
9663,16073,11,11,0
9663,16074,0,0,0
9663,16075,0,0,0
9663,16076,13,13,0
9663,16077,0,0,0
9671,1001,0,0,0
9671,1002,0,0,0
9671,1003,28,0,28
9671,1004,0,0,0
9671,1051,0,0,0
9671,1053,0,0,0
9671,1054,11,0,11
9671,1055,0,0,0
9671,1056,0,0,0
9671,1057,0,0,0
9671,1058,0,0,0
9671,1059,0,0,0
9671,1060,0,0,0
9671,1061,0,0,0
9671,1062,0,0,0
9671,2000,174,49,125
9671,3101,0,0,0
9671,3102,0,0,0
9671,3103,0,0,0
9671,3151,0,0,0
9671,3153,0,0,0
9671,3154,0,0,0
9671,3155,0,0,0
9671,3157,0,0,0
9671,3158,0,0,0
9671,3159,10,10,0
9671,3241,72,28,44
9671,3251,11,11,0
9671,3252,0,0,0
9671,3254,0,0,0
9671,3255,0,0,0
9671,3256,0,0,0
9671,3257,0,0,0
9671,3351,0,0,0
9671,3352,0,0,0
9671,3353,11,11,0
9671,3354,0,0,0
9671,3355,0,0,0
9671,3356,0,0,0
9671,3357,26,0,26
9671,3358,0,0,0
9671,3359,0,0,0
9671,3360,0,0,0
9671,3361,0,0,0
9671,3401,10,10,0
9671,3402,17,0,17
9671,3403,0,0,0
9671,3404,12,0,12
9671,3405,0,0,0
9671,3451,0,0,0
9671,3452,0,0,0
9671,3453,0,0,0
9671,3454,19,19,0
9671,3455,0,0,0
9671,3456,0,0,0
9671,3457,0,0,0
9671,3458,12,12,0
9671,3459,34,0,34
9671,3460,0,0,0
9671,3461,0,0,0
9671,3462,0,0,0
9671,4011,30,17,13
9671,4012,0,0,0
9671,5111,130,29,101
9671,5112,31,16,15
9671,5113,42,17,25
9671,5114,15,0,15
9671,5116,10,0,10
9671,5117,0,0,0
9671,5119,17,0,17
9671,5120,0,0,0
9671,5122,0,0,0
9671,5124,13,0,13
9671,5154,0,0,0
9671,5158,59,21,38
9671,5162,30,14,16
9671,5166,14,14,0
9671,5170,21,21,0
9671,5314,27,12,15
9671,5315,135,30,105
9671,5316,0,0,0
9671,5334,33,18,15
9671,5358,0,0,0
9671,5362,51,21,30
9671,5366,0,0,0
9671,5370,0,0,0
9671,5374,15,0,15
9671,5378,0,0,0
9671,5382,34,22,12
9671,5512,0,0,0
9671,5513,0,0,0
9671,5515,0,0,0
9671,5554,0,0,0
9671,5558,19,19,0
9671,5562,33,15,18
9671,5566,15,15,0
9671,5570,0,0,0
9671,5711,0,0,0
9671,5754,19,0,19
9671,5758,11,0,11
9671,5762,0,0,0
9671,5766,0,0,0
9671,5770,30,10,20
9671,5774,0,0,0
9671,5911,12,12,0
9671,5913,36,18,18
9671,5914,0,0,0
9671,5915,0,0,0
9671,5916,0,0,0
9671,5954,0,0,0
9671,5958,0,0,0
9671,5962,14,0,14
9671,5966,0,0,0
9671,5970,34,18,16
9671,5974,0,0,0
9671,5978,24,13,11
9671,6411,657,139,518
9671,6412,5752,533,5219
9671,6413,882,250,632
9671,6414,214,60,154
9671,6431,108,49,59
9671,6432,2640,1351,1289
9671,6433,481,149,332
9671,6434,363,101,262
9671,6435,9346,4002,5344
9671,6436,488,95,393
9671,6437,461,347,114
9671,6438,4384,1638,2746
9671,6439,75,39,36
9671,6440,730,463,267
9671,6531,187,104,83
9671,6532,68,38,30
9671,6533,56,28,28
9671,6534,47,29,18
9671,6535,52,34,18
9671,6611,30,10,20
9671,6631,119,52,67
9671,6632,0,0,0
9671,6633,11,0,11
9671,6634,0,0,0
9671,6635,10,10,0
9671,6636,0,0,0
9671,7111,11,0,11
9671,7131,0,0,0
9671,7132,0,0,0
9671,7133,19,19,0
9671,7134,0,0,0
9671,7135,10,0,10
9671,7137,28,18,10
9671,7138,13,13,0
9671,7140,0,0,0
9671,7141,14,14,0
9671,7143,17,17,0
9671,7211,0,0,0
9671,7231,0,0,0
9671,7232,0,0,0
9671,7233,0,0,0
9671,7235,0,0,0
9671,7311,0,0,0
9671,7312,0,0,0
9671,7313,0,0,0
9671,7314,38,21,17
9671,7315,98,29,69
9671,7316,0,0,0
9671,7317,0,0,0
9671,7318,0,0,0
9671,7319,14,14,0
9671,7320,0,0,0
9671,7331,20,20,0
9671,7332,13,13,0
9671,7333,12,12,0
9671,7334,0,0,0
9671,7335,0,0,0
9671,7336,0,0,0
9671,7337,0,0,0
9671,7338,12,12,0
9671,7339,56,38,18
9671,7340,0,0,0
9671,8111,88,26,62
9671,8115,69,41,28
9671,8116,59,28,31
9671,8117,12,0,12
9671,8118,59,25,34
9671,8119,34,12,22
9671,8121,11,11,0
9671,8125,41,19,22
9671,8126,23,0,23
9671,8127,17,0,17
9671,8128,234,88,146
9671,8135,0,0,0
9671,8136,16,0,16
9671,8211,0,0,0
9671,8212,48,14,34
9671,8215,52,25,27
9671,8216,10,0,10
9671,8221,32,0,32
9671,8222,98,34,64
9671,8225,44,25,19
9671,8226,113,44,69
9671,8231,0,0,0
9671,8235,19,19,0
9671,8236,0,0,0
9671,8237,0,0,0
9671,8311,18,0,18
9671,8315,14,0,14
9671,8316,0,0,0
9671,8317,33,17,16
9671,8325,10,0,10
9671,8326,23,13,10
9671,8327,0,0,0
9671,8335,11,0,11
9671,8336,12,0,12
9671,8337,0,0,0
9671,8415,11,11,0
9671,8416,0,0,0
9671,8417,12,0,12
9671,8421,11,0,11
9671,8425,0,0,0
9671,8426,0,0,0
9671,8435,0,0,0
9671,8436,0,0,0
9671,8437,0,0,0
9671,9161,24,0,24
9671,9162,417,102,315
9671,9163,0,0,0
9671,9171,0,0,0
9671,9172,0,0,0
9671,9173,0,0,0
9671,9174,0,0,0
9671,9175,12,12,0
9671,9176,0,0,0
9671,9177,0,0,0
9671,9178,21,0,21
9671,9179,12,12,0
9671,9180,0,0,0
9671,9181,0,0,0
9671,9182,0,0,0
9671,9183,0,0,0
9671,9184,112,20,92
9671,9185,11,0,11
9671,9186,0,0,0
9671,9187,10,10,0
9671,9188,16,0,16
9671,9189,0,0,0
9671,9190,0,0,0
9671,9261,0,0,0
9671,9262,0,0,0
9671,9263,0,0,0
9671,9271,31,0,31
9671,9272,0,0,0
9671,9273,0,0,0
9671,9274,0,0,0
9671,9275,0,0,0
9671,9276,0,0,0
9671,9277,0,0,0
9671,9278,0,0,0
9671,9279,0,0,0
9671,9361,0,0,0
9671,9362,0,0,0
9671,9363,0,0,0
9671,9371,0,0,0
9671,9372,0,0,0
9671,9373,13,13,0
9671,9374,0,0,0
9671,9375,0,0,0
9671,9376,0,0,0
9671,9377,0,0,0
9671,9461,0,0,0
9671,9462,16,0,16
9671,9463,0,0,0
9671,9464,0,0,0
9671,9471,21,0,21
9671,9472,0,0,0
9671,9473,0,0,0
9671,9474,10,10,0
9671,9475,14,0,14
9671,9476,0,0,0
9671,9477,0,0,0
9671,9478,0,0,0
9671,9479,0,0,0
9671,9561,0,0,0
9671,9562,112,0,112
9671,9563,0,0,0
9671,9564,177,62,115
9671,9565,0,0,0
9671,9571,13,0,13
9671,9572,10,0,10
9671,9573,10,10,0
9671,9574,15,0,15
9671,9575,14,14,0
9671,9576,12,0,12
9671,9577,0,0,0
9671,9661,23711,6237,17474
9671,9662,34,0,34
9671,9663,562,59,503
9671,9671,0,0,0
9671,9672,25,0,25
9671,9673,38,13,25
9671,9674,10,0,10
9671,9675,34,19,15
9671,9676,7347,4145,3202
9671,9677,1503,621,882
9671,9678,34,21,13
9671,9679,127,53,74
9671,9761,23,0,23
9671,9762,0,0,0
9671,9763,0,0,0
9671,9764,0,0,0
9671,9771,0,0,0
9671,9772,0,0,0
9671,9773,15,15,0
9671,9774,17,17,0
9671,9775,0,0,0
9671,9776,0,0,0
9671,9777,0,0,0
9671,9778,0,0,0
9671,9779,0,0,0
9671,9780,14,0,14
9671,10041,35,13,22
9671,10042,0,0,0
9671,10043,10,10,0
9671,10044,0,0,0
9671,10045,10,10,0
9671,10046,0,0,0
9671,11000,190,71,119
9671,12051,0,0,0
9671,12052,0,0,0
9671,12053,0,0,0
9671,12054,0,0,0
9671,12060,0,0,0
9671,12061,0,0,0
9671,12062,0,0,0
9671,12063,0,0,0
9671,12064,0,0,0
9671,12065,0,0,0
9671,12066,0,0,0
9671,12067,0,0,0
9671,12068,0,0,0
9671,12069,10,10,0
9671,12070,0,0,0
9671,12071,0,0,0
9671,12072,0,0,0
9671,12073,0,0,0
9671,13003,0,0,0
9671,13004,0,0,0
9671,13071,0,0,0
9671,13072,0,0,0
9671,13073,0,0,0
9671,13074,0,0,0
9671,13075,0,0,0
9671,13076,0,0,0
9671,14511,17,17,0
9671,14521,0,0,0
9671,14522,15,0,15
9671,14523,0,0,0
9671,14524,0,0,0
9671,14612,28,14,14
9671,14625,0,0,0
9671,14626,0,0,0
9671,14627,0,0,0
9671,14628,0,0,0
9671,14713,38,27,11
9671,14729,18,18,0
9671,14730,21,21,0
9671,15001,0,0,0
9671,15002,11,11,0
9671,15003,0,0,0
9671,15081,0,0,0
9671,15082,0,0,0
9671,15083,12,0,12
9671,15084,22,22,0
9671,15085,0,0,0
9671,15086,0,0,0
9671,15087,10,10,0
9671,15088,10,10,0
9671,15089,0,0,0
9671,15090,0,0,0
9671,15091,10,10,0
9671,16051,36,22,14
9671,16052,0,0,0
9671,16053,10,10,0
9671,16054,0,0,0
9671,16055,0,0,0
9671,16056,0,0,0
9671,16061,0,0,0
9671,16062,0,0,0
9671,16063,0,0,0
9671,16064,13,13,0
9671,16065,0,0,0
9671,16066,0,0,0
9671,16067,33,0,33
9671,16068,0,0,0
9671,16069,0,0,0
9671,16070,12,12,0
9671,16071,0,0,0
9671,16072,0,0,0
9671,16073,0,0,0
9671,16074,0,0,0
9671,16075,0,0,0
9671,16076,0,0,0
9671,16077,13,13,0
9672,1001,0,0,0
9672,1002,0,0,0
9672,1003,0,0,0
9672,1004,0,0,0
9672,1051,0,0,0
9672,1053,0,0,0
9672,1054,0,0,0
9672,1055,0,0,0
9672,1056,10,10,0
9672,1057,0,0,0
9672,1058,57,0,57
9672,1059,0,0,0
9672,1060,0,0,0
9672,1061,0,0,0
9672,1062,13,0,13
9672,2000,79,31,48
9672,3101,0,0,0
9672,3102,0,0,0
9672,3103,0,0,0
9672,3151,0,0,0
9672,3153,0,0,0
9672,3154,0,0,0
9672,3155,0,0,0
9672,3157,0,0,0
9672,3158,0,0,0
9672,3159,0,0,0
9672,3241,12,0,12
9672,3251,0,0,0
9672,3252,0,0,0
9672,3254,0,0,0
9672,3255,0,0,0
9672,3256,0,0,0
9672,3257,0,0,0
9672,3351,0,0,0
9672,3352,0,0,0
9672,3353,0,0,0
9672,3354,0,0,0
9672,3355,0,0,0
9672,3356,0,0,0
9672,3357,0,0,0
9672,3358,0,0,0
9672,3359,0,0,0
9672,3360,0,0,0
9672,3361,0,0,0
9672,3401,0,0,0
9672,3402,0,0,0
9672,3403,0,0,0
9672,3404,0,0,0
9672,3405,0,0,0
9672,3451,0,0,0
9672,3452,0,0,0
9672,3453,0,0,0
9672,3454,0,0,0
9672,3455,0,0,0
9672,3456,0,0,0
9672,3457,0,0,0
9672,3458,0,0,0
9672,3459,0,0,0
9672,3460,0,0,0
9672,3461,0,0,0
9672,3462,0,0,0
9672,4011,77,0,77
9672,4012,0,0,0
9672,5111,20,0,20
9672,5112,0,0,0
9672,5113,0,0,0
9672,5114,0,0,0
9672,5116,0,0,0
9672,5117,0,0,0
9672,5119,0,0,0
9672,5120,0,0,0
9672,5122,0,0,0
9672,5124,0,0,0
9672,5154,0,0,0
9672,5158,11,0,11
9672,5162,0,0,0
9672,5166,0,0,0
9672,5170,0,0,0
9672,5314,0,0,0
9672,5315,37,0,37
9672,5316,0,0,0
9672,5334,0,0,0
9672,5358,11,0,11
9672,5362,0,0,0
9672,5366,0,0,0
9672,5370,0,0,0
9672,5374,27,0,27
9672,5378,0,0,0
9672,5382,10,0,10
9672,5512,0,0,0
9672,5513,0,0,0
9672,5515,40,40,0
9672,5554,0,0,0
9672,5558,0,0,0
9672,5562,0,0,0
9672,5566,13,13,0
9672,5570,10,10,0
9672,5711,0,0,0
9672,5754,17,0,17
9672,5758,0,0,0
9672,5762,0,0,0
9672,5766,0,0,0
9672,5770,0,0,0
9672,5774,0,0,0
9672,5911,0,0,0
9672,5913,0,0,0
9672,5914,0,0,0
9672,5915,0,0,0
9672,5916,0,0,0
9672,5954,0,0,0
9672,5958,11,0,11
9672,5962,0,0,0
9672,5966,0,0,0
9672,5970,0,0,0
9672,5974,0,0,0
9672,5978,10,0,10
9672,6411,26,13,13
9672,6412,193,33,160
9672,6413,0,0,0
9672,6414,17,0,17
9672,6431,0,0,0
9672,6432,64,23,41
9672,6433,59,14,45
9672,6434,28,10,18
9672,6435,857,469,388
9672,6436,30,10,20
9672,6437,0,0,0
9672,6438,55,17,38
9672,6439,0,0,0
9672,6440,51,22,29
9672,6531,23,11,12
9672,6532,0,0,0
9672,6533,0,0,0
9672,6534,35,0,35
9672,6535,41,29,12
9672,6611,12,0,12
9672,6631,1673,686,987
9672,6632,36,15,21
9672,6633,12,0,12
9672,6634,0,0,0
9672,6635,0,0,0
9672,6636,0,0,0
9672,7111,0,0,0
9672,7131,0,0,0
9672,7132,0,0,0
9672,7133,0,0,0
9672,7134,0,0,0
9672,7135,0,0,0
9672,7137,0,0,0
9672,7138,0,0,0
9672,7140,0,0,0
9672,7141,0,0,0
9672,7143,0,0,0
9672,7211,0,0,0
9672,7231,0,0,0
9672,7232,0,0,0
9672,7233,0,0,0
9672,7235,0,0,0
9672,7311,0,0,0
9672,7312,0,0,0
9672,7313,0,0,0
9672,7314,0,0,0
9672,7315,11,0,11
9672,7316,0,0,0
9672,7317,0,0,0
9672,7318,0,0,0
9672,7319,0,0,0
9672,7320,0,0,0
9672,7331,0,0,0
9672,7332,0,0,0
9672,7333,0,0,0
9672,7334,0,0,0
9672,7335,0,0,0
9672,7336,0,0,0
9672,7337,0,0,0
9672,7338,0,0,0
9672,7339,0,0,0
9672,7340,0,0,0
9672,8111,36,0,36
9672,8115,11,0,11
9672,8116,16,0,16
9672,8117,0,0,0
9672,8118,18,0,18
9672,8119,15,0,15
9672,8121,12,0,12
9672,8125,0,0,0
9672,8126,12,0,12
9672,8127,0,0,0
9672,8128,60,30,30
9672,8135,0,0,0
9672,8136,11,0,11
9672,8211,0,0,0
9672,8212,0,0,0
9672,8215,0,0,0
9672,8216,0,0,0
9672,8221,0,0,0
9672,8222,27,0,27
9672,8225,0,0,0
9672,8226,0,0,0
9672,8231,0,0,0
9672,8235,0,0,0
9672,8236,0,0,0
9672,8237,0,0,0
9672,8311,0,0,0
9672,8315,25,0,25
9672,8316,0,0,0
9672,8317,0,0,0
9672,8325,0,0,0
9672,8326,0,0,0
9672,8327,0,0,0
9672,8335,0,0,0
9672,8336,0,0,0
9672,8337,0,0,0
9672,8415,0,0,0
9672,8416,0,0,0
9672,8417,0,0,0
9672,8421,0,0,0
9672,8425,0,0,0
9672,8426,0,0,0
9672,8435,12,0,12
9672,8436,0,0,0
9672,8437,0,0,0
9672,9161,26,10,16
9672,9162,208,23,185
9672,9163,0,0,0
9672,9171,10,0,10
9672,9172,0,0,0
9672,9173,0,0,0
9672,9174,0,0,0
9672,9175,0,0,0
9672,9176,0,0,0
9672,9177,0,0,0
9672,9178,13,0,13
9672,9179,0,0,0
9672,9180,0,0,0
9672,9181,43,12,31
9672,9182,0,0,0
9672,9183,0,0,0
9672,9184,32,0,32
9672,9185,42,0,42
9672,9186,0,0,0
9672,9187,11,0,11
9672,9188,0,0,0
9672,9189,0,0,0
9672,9190,0,0,0
9672,9261,0,0,0
9672,9262,0,0,0
9672,9263,0,0,0
9672,9271,0,0,0
9672,9272,0,0,0
9672,9273,0,0,0
9672,9274,0,0,0
9672,9275,0,0,0
9672,9276,0,0,0
9672,9277,0,0,0
9672,9278,0,0,0
9672,9279,0,0,0
9672,9361,0,0,0
9672,9362,12,0,12
9672,9363,0,0,0
9672,9371,0,0,0
9672,9372,0,0,0
9672,9373,0,0,0
9672,9374,0,0,0
9672,9375,0,0,0
9672,9376,13,0,13
9672,9377,0,0,0
9672,9461,97,50,47
9672,9462,15,0,15
9672,9463,42,14,28
9672,9464,0,0,0
9672,9471,87,48,39
9672,9472,14,0,14
9672,9473,19,19,0
9672,9474,10,0,10
9672,9475,0,0,0
9672,9476,0,0,0
9672,9477,16,16,0
9672,9478,11,11,0
9672,9479,0,0,0
9672,9561,0,0,0
9672,9562,51,0,51
9672,9563,25,10,15
9672,9564,171,30,141
9672,9565,0,0,0
9672,9571,24,10,14
9672,9572,22,0,22
9672,9573,11,11,0
9672,9574,0,0,0
9672,9575,31,10,21
9672,9576,0,0,0
9672,9577,0,0,0
9672,9661,54,15,39
9672,9662,5898,491,5407
9672,9663,1364,225,1139
9672,9671,25,25,0
9672,9672,0,0,0
9672,9673,6035,3192,2843
9672,9674,299,138,161
9672,9675,230,92,138
9672,9676,67,55,12
9672,9677,1557,823,734
9672,9678,2808,1398,1410
9672,9679,450,193,257
9672,9761,11,0,11
9672,9762,0,0,0
9672,9763,0,0,0
9672,9764,0,0,0
9672,9771,0,0,0
9672,9772,0,0,0
9672,9773,0,0,0
9672,9774,0,0,0
9672,9775,0,0,0
9672,9776,0,0,0
9672,9777,0,0,0
9672,9778,0,0,0
9672,9779,0,0,0
9672,9780,0,0,0
9672,10041,0,0,0
9672,10042,0,0,0
9672,10043,0,0,0
9672,10044,0,0,0
9672,10045,0,0,0
9672,10046,0,0,0
9672,11000,69,21,48
9672,12051,0,0,0
9672,12052,0,0,0
9672,12053,0,0,0
9672,12054,0,0,0
9672,12060,0,0,0
9672,12061,0,0,0
9672,12062,0,0,0
9672,12063,0,0,0
9672,12064,0,0,0
9672,12065,0,0,0
9672,12066,0,0,0
9672,12067,0,0,0
9672,12068,0,0,0
9672,12069,0,0,0
9672,12070,0,0,0
9672,12071,0,0,0
9672,12072,0,0,0
9672,12073,0,0,0
9672,13003,0,0,0
9672,13004,0,0,0
9672,13071,0,0,0
9672,13072,0,0,0
9672,13073,0,0,0
9672,13074,0,0,0
9672,13075,0,0,0
9672,13076,0,0,0
9672,14511,0,0,0
9672,14521,18,18,0
9672,14522,0,0,0
9672,14523,0,0,0
9672,14524,0,0,0
9672,14612,0,0,0
9672,14625,0,0,0
9672,14626,0,0,0
9672,14627,0,0,0
9672,14628,0,0,0
9672,14713,14,14,0
9672,14729,12,12,0
9672,14730,11,0,11
9672,15001,0,0,0
9672,15002,0,0,0
9672,15003,0,0,0
9672,15081,0,0,0
9672,15082,0,0,0
9672,15083,0,0,0
9672,15084,0,0,0
9672,15085,0,0,0
9672,15086,0,0,0
9672,15087,0,0,0
9672,15088,0,0,0
9672,15089,0,0,0
9672,15090,0,0,0
9672,15091,0,0,0
9672,16051,29,10,19
9672,16052,0,0,0
9672,16053,0,0,0
9672,16054,17,17,0
9672,16055,0,0,0
9672,16056,0,0,0
9672,16061,0,0,0
9672,16062,0,0,0
9672,16063,25,25,0
9672,16064,14,0,14
9672,16065,0,0,0
9672,16066,301,223,78
9672,16067,40,40,0
9672,16068,0,0,0
9672,16069,117,84,33
9672,16070,22,22,0
9672,16071,0,0,0
9672,16072,0,0,0
9672,16073,10,10,0
9672,16074,0,0,0
9672,16075,20,10,10
9672,16076,0,0,0
9672,16077,0,0,0
9673,1001,0,0,0
9673,1002,0,0,0
9673,1003,0,0,0
9673,1004,0,0,0
9673,1051,0,0,0
9673,1053,0,0,0
9673,1054,0,0,0
9673,1055,0,0,0
9673,1056,0,0,0
9673,1057,0,0,0
9673,1058,0,0,0
9673,1059,0,0,0
9673,1060,0,0,0
9673,1061,0,0,0
9673,1062,0,0,0
9673,2000,29,0,29
9673,3101,0,0,0
9673,3102,0,0,0
9673,3103,0,0,0
9673,3151,0,0,0
9673,3153,0,0,0
9673,3154,0,0,0
9673,3155,0,0,0
9673,3157,0,0,0
9673,3158,0,0,0
9673,3159,0,0,0
9673,3241,11,0,11
9673,3251,0,0,0
9673,3252,0,0,0
9673,3254,0,0,0
9673,3255,0,0,0
9673,3256,0,0,0
9673,3257,0,0,0
9673,3351,0,0,0
9673,3352,0,0,0
9673,3353,0,0,0
9673,3354,0,0,0
9673,3355,0,0,0
9673,3356,0,0,0
9673,3357,0,0,0
9673,3358,0,0,0
9673,3359,0,0,0
9673,3360,0,0,0
9673,3361,0,0,0
9673,3401,0,0,0
9673,3402,0,0,0
9673,3403,0,0,0
9673,3404,0,0,0
9673,3405,0,0,0
9673,3451,0,0,0
9673,3452,0,0,0
9673,3453,0,0,0
9673,3454,0,0,0
9673,3455,0,0,0
9673,3456,0,0,0
9673,3457,0,0,0
9673,3458,0,0,0
9673,3459,0,0,0
9673,3460,0,0,0
9673,3461,0,0,0
9673,3462,0,0,0
9673,4011,0,0,0
9673,4012,0,0,0
9673,5111,0,0,0
9673,5112,0,0,0
9673,5113,0,0,0
9673,5114,0,0,0
9673,5116,0,0,0
9673,5117,0,0,0
9673,5119,0,0,0
9673,5120,0,0,0
9673,5122,0,0,0
9673,5124,0,0,0
9673,5154,0,0,0
9673,5158,0,0,0
9673,5162,0,0,0
9673,5166,0,0,0
9673,5170,0,0,0
9673,5314,0,0,0
9673,5315,31,15,16
9673,5316,0,0,0
9673,5334,0,0,0
9673,5358,0,0,0
9673,5362,0,0,0
9673,5366,0,0,0
9673,5370,0,0,0
9673,5374,0,0,0
9673,5378,0,0,0
9673,5382,0,0,0
9673,5512,0,0,0
9673,5513,0,0,0
9673,5515,0,0,0
9673,5554,0,0,0
9673,5558,0,0,0
9673,5562,0,0,0
9673,5566,0,0,0
9673,5570,0,0,0
9673,5711,0,0,0
9673,5754,0,0,0
9673,5758,0,0,0
9673,5762,0,0,0
9673,5766,0,0,0
9673,5770,0,0,0
9673,5774,0,0,0
9673,5911,0,0,0
9673,5913,0,0,0
9673,5914,0,0,0
9673,5915,0,0,0
9673,5916,0,0,0
9673,5954,0,0,0
9673,5958,0,0,0
9673,5962,0,0,0
9673,5966,0,0,0
9673,5970,0,0,0
9673,5974,0,0,0
9673,5978,0,0,0
9673,6411,11,0,11
9673,6412,94,14,80
9673,6413,0,0,0
9673,6414,12,0,12
9673,6431,0,0,0
9673,6432,10,0,10
9673,6433,0,0,0
9673,6434,26,0,26
9673,6435,45,19,26
9673,6436,12,0,12
9673,6437,0,0,0
9673,6438,20,0,20
9673,6439,0,0,0
9673,6440,26,11,15
9673,6531,0,0,0
9673,6532,0,0,0
9673,6533,0,0,0
9673,6534,12,12,0
9673,6535,0,0,0
9673,6611,0,0,0
9673,6631,870,256,614
9673,6632,14,0,14
9673,6633,0,0,0
9673,6634,10,10,0
9673,6635,0,0,0
9673,6636,0,0,0
9673,7111,0,0,0
9673,7131,0,0,0
9673,7132,0,0,0
9673,7133,0,0,0
9673,7134,0,0,0
9673,7135,0,0,0
9673,7137,0,0,0
9673,7138,0,0,0
9673,7140,0,0,0
9673,7141,0,0,0
9673,7143,0,0,0
9673,7211,0,0,0
9673,7231,0,0,0
9673,7232,0,0,0
9673,7233,0,0,0
9673,7235,0,0,0
9673,7311,0,0,0
9673,7312,0,0,0
9673,7313,0,0,0
9673,7314,0,0,0
9673,7315,0,0,0
9673,7316,0,0,0
9673,7317,0,0,0
9673,7318,0,0,0
9673,7319,0,0,0
9673,7320,0,0,0
9673,7331,0,0,0
9673,7332,0,0,0
9673,7333,0,0,0
9673,7334,0,0,0
9673,7335,0,0,0
9673,7336,0,0,0
9673,7337,0,0,0
9673,7338,0,0,0
9673,7339,0,0,0
9673,7340,0,0,0
9673,8111,29,0,29
9673,8115,19,0,19
9673,8116,15,0,15
9673,8117,11,0,11
9673,8118,22,10,12
9673,8119,0,0,0
9673,8121,0,0,0
9673,8125,0,0,0
9673,8126,0,0,0
9673,8127,0,0,0
9673,8128,21,10,11
9673,8135,0,0,0
9673,8136,0,0,0
9673,8211,0,0,0
9673,8212,0,0,0
9673,8215,0,0,0
9673,8216,0,0,0
9673,8221,0,0,0
9673,8222,0,0,0
9673,8225,0,0,0
9673,8226,10,0,10
9673,8231,0,0,0
9673,8235,0,0,0
9673,8236,0,0,0
9673,8237,0,0,0
9673,8311,0,0,0
9673,8315,0,0,0
9673,8316,0,0,0
9673,8317,10,0,10
9673,8325,0,0,0
9673,8326,0,0,0
9673,8327,0,0,0
9673,8335,0,0,0
9673,8336,0,0,0
9673,8337,0,0,0
9673,8415,0,0,0
9673,8416,0,0,0
9673,8417,0,0,0
9673,8421,0,0,0
9673,8425,0,0,0
9673,8426,0,0,0
9673,8435,0,0,0
9673,8436,0,0,0
9673,8437,0,0,0
9673,9161,14,0,14
9673,9162,185,40,145
9673,9163,0,0,0
9673,9171,0,0,0
9673,9172,0,0,0
9673,9173,0,0,0
9673,9174,0,0,0
9673,9175,0,0,0
9673,9176,0,0,0
9673,9177,0,0,0
9673,9178,0,0,0
9673,9179,0,0,0
9673,9180,0,0,0
9673,9181,15,0,15
9673,9182,0,0,0
9673,9183,0,0,0
9673,9184,28,0,28
9673,9185,0,0,0
9673,9186,0,0,0
9673,9187,10,0,10
9673,9188,0,0,0
9673,9189,0,0,0
9673,9190,0,0,0
9673,9261,0,0,0
9673,9262,0,0,0
9673,9263,0,0,0
9673,9271,0,0,0
9673,9272,0,0,0
9673,9273,0,0,0
9673,9274,0,0,0
9673,9275,0,0,0
9673,9276,0,0,0
9673,9277,0,0,0
9673,9278,0,0,0
9673,9279,0,0,0
9673,9361,0,0,0
9673,9362,20,0,20
9673,9363,10,0,10
9673,9371,0,0,0
9673,9372,0,0,0
9673,9373,0,0,0
9673,9374,0,0,0
9673,9375,0,0,0
9673,9376,0,0,0
9673,9377,0,0,0
9673,9461,56,17,39
9673,9462,14,0,14
9673,9463,71,17,54
9673,9464,0,0,0
9673,9471,50,31,19
9673,9472,0,0,0
9673,9473,148,60,88
9673,9474,22,12,10
9673,9475,0,0,0
9673,9476,0,0,0
9673,9477,0,0,0
9673,9478,25,15,10
9673,9479,0,0,0
9673,9561,0,0,0
9673,9562,67,11,56
9673,9563,17,0,17
9673,9564,182,36,146
9673,9565,0,0,0
9673,9571,0,0,0
9673,9572,16,0,16
9673,9573,0,0,0
9673,9574,0,0,0
9673,9575,0,0,0
9673,9576,0,0,0
9673,9577,0,0,0
9673,9661,10,0,10
9673,9662,2377,272,2105
9673,9663,613,96,517
9673,9671,38,25,13
9673,9672,6035,2843,3192
9673,9673,0,0,0
9673,9674,654,262,392
9673,9675,105,40,65
9673,9676,30,20,10
9673,9677,122,72,50
9673,9678,997,554,443
9673,9679,156,68,88
9673,9761,0,0,0
9673,9762,0,0,0
9673,9763,0,0,0
9673,9764,0,0,0
9673,9771,0,0,0
9673,9772,0,0,0
9673,9773,0,0,0
9673,9774,0,0,0
9673,9775,0,0,0
9673,9776,0,0,0
9673,9777,0,0,0
9673,9778,0,0,0
9673,9779,0,0,0
9673,9780,0,0,0
9673,10041,0,0,0
9673,10042,0,0,0
9673,10043,0,0,0
9673,10044,0,0,0
9673,10045,0,0,0
9673,10046,0,0,0
9673,11000,75,18,57
9673,12051,0,0,0
9673,12052,0,0,0
9673,12053,0,0,0
9673,12054,0,0,0
9673,12060,0,0,0
9673,12061,0,0,0
9673,12062,0,0,0
9673,12063,0,0,0
9673,12064,0,0,0
9673,12065,0,0,0
9673,12066,0,0,0
9673,12067,0,0,0
9673,12068,0,0,0
9673,12069,0,0,0
9673,12070,0,0,0
9673,12071,0,0,0
9673,12072,0,0,0
9673,12073,0,0,0
9673,13003,0,0,0
9673,13004,0,0,0
9673,13071,0,0,0
9673,13072,0,0,0
9673,13073,0,0,0
9673,13074,0,0,0
9673,13075,0,0,0
9673,13076,0,0,0
9673,14511,0,0,0
9673,14521,0,0,0
9673,14522,0,0,0
9673,14523,0,0,0
9673,14524,0,0,0
9673,14612,0,0,0
9673,14625,0,0,0
9673,14626,0,0,0
9673,14627,0,0,0
9673,14628,0,0,0
9673,14713,25,15,10
9673,14729,0,0,0
9673,14730,0,0,0
9673,15001,0,0,0
9673,15002,0,0,0
9673,15003,0,0,0
9673,15081,0,0,0
9673,15082,0,0,0
9673,15083,0,0,0
9673,15084,10,10,0
9673,15085,0,0,0
9673,15086,0,0,0
9673,15087,0,0,0
9673,15088,0,0,0
9673,15089,0,0,0
9673,15090,0,0,0
9673,15091,0,0,0
9673,16051,52,19,33
9673,16052,0,0,0
9673,16053,0,0,0
9673,16054,139,102,37
9673,16055,13,0,13
9673,16056,0,0,0
9673,16061,0,0,0
9673,16062,0,0,0
9673,16063,81,64,17
9673,16064,21,21,0
9673,16065,0,0,0
9673,16066,2957,2469,488
9673,16067,18,18,0
9673,16068,0,0,0
9673,16069,1068,914,154
9673,16070,39,29,10
9673,16071,0,0,0
9673,16072,25,25,0
9673,16073,0,0,0
9673,16074,0,0,0
9673,16075,0,0,0
9673,16076,0,0,0
9673,16077,0,0,0
9674,1001,37,0,37
9674,1002,0,0,0
9674,1003,0,0,0
9674,1004,0,0,0
9674,1051,0,0,0
9674,1053,0,0,0
9674,1054,0,0,0
9674,1055,0,0,0
9674,1056,0,0,0
9674,1057,0,0,0
9674,1058,0,0,0
9674,1059,0,0,0
9674,1060,0,0,0
9674,1061,0,0,0
9674,1062,0,0,0
9674,2000,29,0,29
9674,3101,0,0,0
9674,3102,0,0,0
9674,3103,0,0,0
9674,3151,0,0,0
9674,3153,0,0,0
9674,3154,0,0,0
9674,3155,0,0,0
9674,3157,0,0,0
9674,3158,0,0,0
9674,3159,0,0,0
9674,3241,26,12,14
9674,3251,0,0,0
9674,3252,0,0,0
9674,3254,0,0,0
9674,3255,0,0,0
9674,3256,0,0,0
9674,3257,0,0,0
9674,3351,0,0,0
9674,3352,0,0,0
9674,3353,0,0,0
9674,3354,0,0,0
9674,3355,0,0,0
9674,3356,0,0,0
9674,3357,0,0,0
9674,3358,0,0,0
9674,3359,0,0,0
9674,3360,0,0,0
9674,3361,0,0,0
9674,3401,0,0,0
9674,3402,0,0,0
9674,3403,0,0,0
9674,3404,0,0,0
9674,3405,0,0,0
9674,3451,0,0,0
9674,3452,0,0,0
9674,3453,0,0,0
9674,3454,0,0,0
9674,3455,0,0,0
9674,3456,0,0,0
9674,3457,0,0,0
9674,3458,0,0,0
9674,3459,0,0,0
9674,3460,0,0,0
9674,3461,0,0,0
9674,3462,0,0,0
9674,4011,0,0,0
9674,4012,0,0,0
9674,5111,0,0,0
9674,5112,0,0,0
9674,5113,0,0,0
9674,5114,0,0,0
9674,5116,0,0,0
9674,5117,0,0,0
9674,5119,0,0,0
9674,5120,0,0,0
9674,5122,0,0,0
9674,5124,0,0,0
9674,5154,0,0,0
9674,5158,0,0,0
9674,5162,0,0,0
9674,5166,0,0,0
9674,5170,0,0,0
9674,5314,0,0,0
9674,5315,17,0,17
9674,5316,0,0,0
9674,5334,0,0,0
9674,5358,0,0,0
9674,5362,0,0,0
9674,5366,0,0,0
9674,5370,0,0,0
9674,5374,0,0,0
9674,5378,0,0,0
9674,5382,0,0,0
9674,5512,0,0,0
9674,5513,0,0,0
9674,5515,0,0,0
9674,5554,0,0,0
9674,5558,0,0,0
9674,5562,0,0,0
9674,5566,0,0,0
9674,5570,0,0,0
9674,5711,0,0,0
9674,5754,0,0,0
9674,5758,0,0,0
9674,5762,0,0,0
9674,5766,0,0,0
9674,5770,0,0,0
9674,5774,0,0,0
9674,5911,0,0,0
9674,5913,0,0,0
9674,5914,0,0,0
9674,5915,0,0,0
9674,5916,0,0,0
9674,5954,0,0,0
9674,5958,0,0,0
9674,5962,0,0,0
9674,5966,0,0,0
9674,5970,0,0,0
9674,5974,0,0,0
9674,5978,0,0,0
9674,6411,0,0,0
9674,6412,45,0,45
9674,6413,0,0,0
9674,6414,0,0,0
9674,6431,0,0,0
9674,6432,11,0,11
9674,6433,0,0,0
9674,6434,11,0,11
9674,6435,25,11,14
9674,6436,0,0,0
9674,6437,0,0,0
9674,6438,12,0,12
9674,6439,0,0,0
9674,6440,0,0,0
9674,6531,0,0,0
9674,6532,0,0,0
9674,6533,0,0,0
9674,6534,0,0,0
9674,6535,0,0,0
9674,6611,0,0,0
9674,6631,29,0,29
9674,6632,0,0,0
9674,6633,0,0,0
9674,6634,0,0,0
9674,6635,0,0,0
9674,6636,0,0,0
9674,7111,0,0,0
9674,7131,0,0,0
9674,7132,0,0,0
9674,7133,0,0,0
9674,7134,0,0,0
9674,7135,0,0,0
9674,7137,0,0,0
9674,7138,0,0,0
9674,7140,0,0,0
9674,7141,0,0,0
9674,7143,0,0,0
9674,7211,0,0,0
9674,7231,0,0,0
9674,7232,0,0,0
9674,7233,0,0,0
9674,7235,0,0,0
9674,7311,0,0,0
9674,7312,0,0,0
9674,7313,0,0,0
9674,7314,0,0,0
9674,7315,0,0,0
9674,7316,0,0,0
9674,7317,0,0,0
9674,7318,0,0,0
9674,7319,0,0,0
9674,7320,0,0,0
9674,7331,0,0,0
9674,7332,0,0,0
9674,7333,0,0,0
9674,7334,0,0,0
9674,7335,0,0,0
9674,7336,0,0,0
9674,7337,0,0,0
9674,7338,0,0,0
9674,7339,0,0,0
9674,7340,0,0,0
9674,8111,37,12,25
9674,8115,12,0,12
9674,8116,12,0,12
9674,8117,0,0,0
9674,8118,28,11,17
9674,8119,0,0,0
9674,8121,11,0,11
9674,8125,0,0,0
9674,8126,0,0,0
9674,8127,0,0,0
9674,8128,35,10,25
9674,8135,0,0,0
9674,8136,0,0,0
9674,8211,0,0,0
9674,8212,0,0,0
9674,8215,0,0,0
9674,8216,0,0,0
9674,8221,0,0,0
9674,8222,10,0,10
9674,8225,0,0,0
9674,8226,0,0,0
9674,8231,0,0,0
9674,8235,0,0,0
9674,8236,0,0,0
9674,8237,0,0,0
9674,8311,0,0,0
9674,8315,0,0,0
9674,8316,0,0,0
9674,8317,0,0,0
9674,8325,0,0,0
9674,8326,0,0,0
9674,8327,0,0,0
9674,8335,0,0,0
9674,8336,0,0,0
9674,8337,0,0,0
9674,8415,0,0,0
9674,8416,0,0,0
9674,8417,0,0,0
9674,8421,0,0,0
9674,8425,0,0,0
9674,8426,0,0,0
9674,8435,0,0,0
9674,8436,0,0,0
9674,8437,0,0,0
9674,9161,0,0,0
9674,9162,170,13,157
9674,9163,0,0,0
9674,9171,0,0,0
9674,9172,0,0,0
9674,9173,0,0,0
9674,9174,10,0,10
9674,9175,17,0,17
9674,9176,0,0,0
9674,9177,0,0,0
9674,9178,15,0,15
9674,9179,0,0,0
9674,9180,0,0,0
9674,9181,0,0,0
9674,9182,0,0,0
9674,9183,0,0,0
9674,9184,47,0,47
9674,9185,0,0,0
9674,9186,0,0,0
9674,9187,0,0,0
9674,9188,0,0,0
9674,9189,0,0,0
9674,9190,0,0,0
9674,9261,0,0,0
9674,9262,0,0,0
9674,9263,0,0,0
9674,9271,0,0,0
9674,9272,0,0,0
9674,9273,0,0,0
9674,9274,0,0,0
9674,9275,0,0,0
9674,9276,0,0,0
9674,9277,0,0,0
9674,9278,0,0,0
9674,9279,0,0,0
9674,9361,0,0,0
9674,9362,10,0,10
9674,9363,0,0,0
9674,9371,0,0,0
9674,9372,0,0,0
9674,9373,22,11,11
9674,9374,0,0,0
9674,9375,0,0,0
9674,9376,0,0,0
9674,9377,12,0,12
9674,9461,3855,565,3290
9674,9462,85,16,69
9674,9463,806,160,646
9674,9464,0,0,0
9674,9471,3617,1584,2033
9674,9472,43,30,13
9674,9473,1104,651,453
9674,9474,158,61,97
9674,9475,32,20,12
9674,9476,73,40,33
9674,9477,54,19,35
9674,9478,672,414,258
9674,9479,0,0,0
9674,9561,0,0,0
9674,9562,212,29,183
9674,9563,76,24,52
9674,9564,324,63,261
9674,9565,0,0,0
9674,9571,38,12,26
9674,9572,121,32,89
9674,9573,0,0,0
9674,9574,37,14,23
9674,9575,143,112,31
9674,9576,10,10,0
9674,9577,0,0,0
9674,9661,0,0,0
9674,9662,4713,478,4235
9674,9663,512,93,419
9674,9671,10,10,0
9674,9672,299,161,138
9674,9673,654,392,262
9674,9674,0,0,0
9674,9675,285,126,159
9674,9676,0,0,0
9674,9677,97,61,36
9674,9678,3047,1474,1573
9674,9679,194,85,109
9674,9761,0,0,0
9674,9762,0,0,0
9674,9763,0,0,0
9674,9764,0,0,0
9674,9771,0,0,0
9674,9772,0,0,0
9674,9773,0,0,0
9674,9774,0,0,0
9674,9775,0,0,0
9674,9776,0,0,0
9674,9777,0,0,0
9674,9778,0,0,0
9674,9779,0,0,0
9674,9780,0,0,0
9674,10041,0,0,0
9674,10042,0,0,0
9674,10043,0,0,0
9674,10044,0,0,0
9674,10045,0,0,0
9674,10046,0,0,0
9674,11000,61,17,44
9674,12051,0,0,0
9674,12052,0,0,0
9674,12053,0,0,0
9674,12054,0,0,0
9674,12060,0,0,0
9674,12061,0,0,0
9674,12062,0,0,0
9674,12063,0,0,0
9674,12064,0,0,0
9674,12065,0,0,0
9674,12066,0,0,0
9674,12067,0,0,0
9674,12068,0,0,0
9674,12069,0,0,0
9674,12070,0,0,0
9674,12071,0,0,0
9674,12072,0,0,0
9674,12073,0,0,0
9674,13003,0,0,0
9674,13004,0,0,0
9674,13071,0,0,0
9674,13072,0,0,0
9674,13073,0,0,0
9674,13074,0,0,0
9674,13075,0,0,0
9674,13076,0,0,0
9674,14511,0,0,0
9674,14521,0,0,0
9674,14522,0,0,0
9674,14523,0,0,0
9674,14524,0,0,0
9674,14612,0,0,0
9674,14625,0,0,0
9674,14626,0,0,0
9674,14627,0,0,0
9674,14628,0,0,0
9674,14713,0,0,0
9674,14729,0,0,0
9674,14730,0,0,0
9674,15001,0,0,0
9674,15002,0,0,0
9674,15003,0,0,0
9674,15081,0,0,0
9674,15082,0,0,0
9674,15083,0,0,0
9674,15084,10,10,0
9674,15085,0,0,0
9674,15086,0,0,0
9674,15087,0,0,0
9674,15088,0,0,0
9674,15089,0,0,0
9674,15090,0,0,0
9674,15091,0,0,0
9674,16051,13,0,13
9674,16052,0,0,0
9674,16053,0,0,0
9674,16054,0,0,0
9674,16055,0,0,0
9674,16056,0,0,0
9674,16061,0,0,0
9674,16062,0,0,0
9674,16063,0,0,0
9674,16064,0,0,0
9674,16065,0,0,0
9674,16066,47,47,0
9674,16067,0,0,0
9674,16068,0,0,0
9674,16069,580,531,49
9674,16070,0,0,0
9674,16071,0,0,0
9674,16072,49,33,16
9674,16073,12,12,0
9674,16074,0,0,0
9674,16075,0,0,0
9674,16076,0,0,0
9674,16077,0,0,0
9675,1001,0,0,0
9675,1002,0,0,0
9675,1003,0,0,0
9675,1004,0,0,0
9675,1051,0,0,0
9675,1053,0,0,0
9675,1054,0,0,0
9675,1055,0,0,0
9675,1056,0,0,0
9675,1057,0,0,0
9675,1058,0,0,0
9675,1059,0,0,0
9675,1060,0,0,0
9675,1061,0,0,0
9675,1062,0,0,0
9675,2000,67,31,36
9675,3101,14,14,0
9675,3102,0,0,0
9675,3103,22,22,0
9675,3151,11,11,0
9675,3153,0,0,0
9675,3154,0,0,0
9675,3155,12,0,12
9675,3157,0,0,0
9675,3158,0,0,0
9675,3159,0,0,0
9675,3241,33,0,33
9675,3251,0,0,0
9675,3252,0,0,0
9675,3254,0,0,0
9675,3255,0,0,0
9675,3256,0,0,0
9675,3257,0,0,0
9675,3351,0,0,0
9675,3352,0,0,0
9675,3353,0,0,0
9675,3354,0,0,0
9675,3355,0,0,0
9675,3356,0,0,0
9675,3357,0,0,0
9675,3358,0,0,0
9675,3359,0,0,0
9675,3360,0,0,0
9675,3361,0,0,0
9675,3401,0,0,0
9675,3402,0,0,0
9675,3403,0,0,0
9675,3404,0,0,0
9675,3405,0,0,0
9675,3451,0,0,0
9675,3452,0,0,0
9675,3453,0,0,0
9675,3454,0,0,0
9675,3455,0,0,0
9675,3456,0,0,0
9675,3457,0,0,0
9675,3458,0,0,0
9675,3459,0,0,0
9675,3460,0,0,0
9675,3461,0,0,0
9675,3462,0,0,0
9675,4011,0,0,0
9675,4012,0,0,0
9675,5111,22,0,22
9675,5112,0,0,0
9675,5113,0,0,0
9675,5114,0,0,0
9675,5116,0,0,0
9675,5117,0,0,0
9675,5119,0,0,0
9675,5120,0,0,0
9675,5122,0,0,0
9675,5124,0,0,0
9675,5154,0,0,0
9675,5158,0,0,0
9675,5162,10,0,10
9675,5166,0,0,0
9675,5170,0,0,0
9675,5314,33,0,33
9675,5315,47,18,29
9675,5316,0,0,0
9675,5334,0,0,0
9675,5358,0,0,0
9675,5362,0,0,0
9675,5366,0,0,0
9675,5370,0,0,0
9675,5374,11,0,11
9675,5378,0,0,0
9675,5382,23,23,0
9675,5512,0,0,0
9675,5513,0,0,0
9675,5515,0,0,0
9675,5554,0,0,0
9675,5558,0,0,0
9675,5562,0,0,0
9675,5566,0,0,0
9675,5570,0,0,0
9675,5711,0,0,0
9675,5754,15,0,15
9675,5758,0,0,0
9675,5762,0,0,0
9675,5766,0,0,0
9675,5770,0,0,0
9675,5774,0,0,0
9675,5911,0,0,0
9675,5913,10,0,10
9675,5914,0,0,0
9675,5915,0,0,0
9675,5916,0,0,0
9675,5954,0,0,0
9675,5958,0,0,0
9675,5962,0,0,0
9675,5966,0,0,0
9675,5970,0,0,0
9675,5974,0,0,0
9675,5978,0,0,0
9675,6411,0,0,0
9675,6412,116,13,103
9675,6413,0,0,0
9675,6414,29,11,18
9675,6431,0,0,0
9675,6432,30,17,13
9675,6433,31,20,11
9675,6434,14,0,14
9675,6435,47,20,27
9675,6436,0,0,0
9675,6437,16,0,16
9675,6438,25,0,25
9675,6439,0,0,0
9675,6440,12,0,12
9675,6531,0,0,0
9675,6532,0,0,0
9675,6533,0,0,0
9675,6534,0,0,0
9675,6535,0,0,0
9675,6611,0,0,0
9675,6631,17,0,17
9675,6632,0,0,0
9675,6633,0,0,0
9675,6634,0,0,0
9675,6635,0,0,0
9675,6636,0,0,0
9675,7111,0,0,0
9675,7131,0,0,0
9675,7132,0,0,0
9675,7133,0,0,0
9675,7134,0,0,0
9675,7135,0,0,0
9675,7137,10,10,0
9675,7138,0,0,0
9675,7140,0,0,0
9675,7141,0,0,0
9675,7143,0,0,0
9675,7211,0,0,0
9675,7231,0,0,0
9675,7232,0,0,0
9675,7233,0,0,0
9675,7235,0,0,0
9675,7311,0,0,0
9675,7312,0,0,0
9675,7313,0,0,0
9675,7314,0,0,0
9675,7315,0,0,0
9675,7316,0,0,0
9675,7317,0,0,0
9675,7318,0,0,0
9675,7319,0,0,0
9675,7320,0,0,0
9675,7331,0,0,0
9675,7332,0,0,0
9675,7333,0,0,0
9675,7334,0,0,0
9675,7335,0,0,0
9675,7336,0,0,0
9675,7337,0,0,0
9675,7338,0,0,0
9675,7339,0,0,0
9675,7340,0,0,0
9675,8111,73,18,55
9675,8115,44,25,19
9675,8116,34,10,24
9675,8117,0,0,0
9675,8118,37,12,25
9675,8119,32,11,21
9675,8121,0,0,0
9675,8125,47,15,32
9675,8126,30,10,20
9675,8127,41,13,28
9675,8128,349,150,199
9675,8135,0,0,0
9675,8136,32,11,21
9675,8211,0,0,0
9675,8212,14,0,14
9675,8215,10,10,0
9675,8216,11,11,0
9675,8221,0,0,0
9675,8222,26,0,26
9675,8225,15,15,0
9675,8226,28,12,16
9675,8231,0,0,0
9675,8235,0,0,0
9675,8236,0,0,0
9675,8237,0,0,0
9675,8311,0,0,0
9675,8315,0,0,0
9675,8316,0,0,0
9675,8317,0,0,0
9675,8325,0,0,0
9675,8326,0,0,0
9675,8327,0,0,0
9675,8335,0,0,0
9675,8336,0,0,0
9675,8337,0,0,0
9675,8415,0,0,0
9675,8416,12,12,0
9675,8417,0,0,0
9675,8421,0,0,0
9675,8425,0,0,0
9675,8426,0,0,0
9675,8435,0,0,0
9675,8436,0,0,0
9675,8437,0,0,0
9675,9161,15,0,15
9675,9162,366,87,279
9675,9163,0,0,0
9675,9171,0,0,0
9675,9172,0,0,0
9675,9173,0,0,0
9675,9174,10,0,10
9675,9175,14,0,14
9675,9176,12,0,12
9675,9177,0,0,0
9675,9178,32,13,19
9675,9179,15,15,0
9675,9180,0,0,0
9675,9181,24,24,0
9675,9182,0,0,0
9675,9183,0,0,0
9675,9184,91,24,67
9675,9185,0,0,0
9675,9186,14,14,0
9675,9187,11,11,0
9675,9188,0,0,0
9675,9189,0,0,0
9675,9190,0,0,0
9675,9261,0,0,0
9675,9262,0,0,0
9675,9263,0,0,0
9675,9271,0,0,0
9675,9272,0,0,0
9675,9273,0,0,0
9675,9274,0,0,0
9675,9275,18,18,0
9675,9276,0,0,0
9675,9277,0,0,0
9675,9278,0,0,0
9675,9279,0,0,0
9675,9361,0,0,0
9675,9362,18,0,18
9675,9363,0,0,0
9675,9371,10,0,10
9675,9372,0,0,0
9675,9373,15,0,15
9675,9374,14,14,0
9675,9375,12,12,0
9675,9376,10,0,10
9675,9377,0,0,0
9675,9461,106,40,66
9675,9462,0,0,0
9675,9463,26,12,14
9675,9464,0,0,0
9675,9471,645,285,360
9675,9472,10,10,0
9675,9473,14,14,0
9675,9474,46,29,17
9675,9475,10,0,10
9675,9476,0,0,0
9675,9477,0,0,0
9675,9478,10,10,0
9675,9479,0,0,0
9675,9561,61,0,61
9675,9562,134,32,102
9675,9563,106,25,81
9675,9564,584,107,477
9675,9565,0,0,0
9675,9571,110,59,51
9675,9572,267,72,195
9675,9573,42,29,13
9675,9574,35,17,18
9675,9575,1882,924,958
9675,9576,23,23,0
9675,9577,0,0,0
9675,9661,25,0,25
9675,9662,1186,233,953
9675,9663,7803,1736,6067
9675,9671,34,15,19
9675,9672,230,138,92
9675,9673,105,65,40
9675,9674,285,159,126
9675,9675,0,0,0
9675,9676,47,26,21
9675,9677,433,269,164
9675,9678,2801,1836,965
9675,9679,5847,2905,2942
9675,9761,0,0,0
9675,9762,0,0,0
9675,9763,0,0,0
9675,9764,0,0,0
9675,9771,0,0,0
9675,9772,0,0,0
9675,9773,0,0,0
9675,9774,0,0,0
9675,9775,0,0,0
9675,9776,0,0,0
9675,9777,0,0,0
9675,9778,0,0,0
9675,9779,11,0,11
9675,9780,0,0,0
9675,10041,0,0,0
9675,10042,0,0,0
9675,10043,0,0,0
9675,10044,0,0,0
9675,10045,0,0,0
9675,10046,0,0,0
9675,11000,87,40,47
9675,12051,0,0,0
9675,12052,0,0,0
9675,12053,0,0,0
9675,12054,0,0,0
9675,12060,0,0,0
9675,12061,0,0,0
9675,12062,0,0,0
9675,12063,0,0,0
9675,12064,0,0,0
9675,12065,0,0,0
9675,12066,0,0,0
9675,12067,0,0,0
9675,12068,0,0,0
9675,12069,0,0,0
9675,12070,0,0,0
9675,12071,0,0,0
9675,12072,0,0,0
9675,12073,0,0,0
9675,13003,0,0,0
9675,13004,0,0,0
9675,13071,0,0,0
9675,13072,0,0,0
9675,13073,0,0,0
9675,13074,0,0,0
9675,13075,0,0,0
9675,13076,0,0,0
9675,14511,0,0,0
9675,14521,0,0,0
9675,14522,0,0,0
9675,14523,23,23,0
9675,14524,16,16,0
9675,14612,12,12,0
9675,14625,0,0,0
9675,14626,0,0,0
9675,14627,0,0,0
9675,14628,0,0,0
9675,14713,15,15,0
9675,14729,0,0,0
9675,14730,0,0,0
9675,15001,0,0,0
9675,15002,0,0,0
9675,15003,0,0,0
9675,15081,0,0,0
9675,15082,16,16,0
9675,15083,0,0,0
9675,15084,12,12,0
9675,15085,0,0,0
9675,15086,0,0,0
9675,15087,0,0,0
9675,15088,20,20,0
9675,15089,0,0,0
9675,15090,0,0,0
9675,15091,0,0,0
9675,16051,0,0,0
9675,16052,0,0,0
9675,16053,0,0,0
9675,16054,0,0,0
9675,16055,0,0,0
9675,16056,0,0,0
9675,16061,0,0,0
9675,16062,0,0,0
9675,16063,0,0,0
9675,16064,0,0,0
9675,16065,0,0,0
9675,16066,31,31,0
9675,16067,0,0,0
9675,16068,0,0,0
9675,16069,15,15,0
9675,16070,0,0,0
9675,16071,0,0,0
9675,16072,0,0,0
9675,16073,0,0,0
9675,16074,0,0,0
9675,16075,13,0,13
9675,16076,0,0,0
9675,16077,0,0,0
9676,1001,0,0,0
9676,1002,0,0,0
9676,1003,0,0,0
9676,1004,0,0,0
9676,1051,0,0,0
9676,1053,0,0,0
9676,1054,0,0,0
9676,1055,0,0,0
9676,1056,0,0,0
9676,1057,0,0,0
9676,1058,0,0,0
9676,1059,0,0,0
9676,1060,0,0,0
9676,1061,0,0,0
9676,1062,0,0,0
9676,2000,153,44,109
9676,3101,0,0,0
9676,3102,0,0,0
9676,3103,0,0,0
9676,3151,0,0,0
9676,3153,0,0,0
9676,3154,0,0,0
9676,3155,0,0,0
9676,3157,0,0,0
9676,3158,0,0,0
9676,3159,11,11,0
9676,3241,61,32,29
9676,3251,0,0,0
9676,3252,0,0,0
9676,3254,0,0,0
9676,3255,0,0,0
9676,3256,0,0,0
9676,3257,0,0,0
9676,3351,0,0,0
9676,3352,0,0,0
9676,3353,0,0,0
9676,3354,0,0,0
9676,3355,0,0,0
9676,3356,0,0,0
9676,3357,0,0,0
9676,3358,0,0,0
9676,3359,0,0,0
9676,3360,0,0,0
9676,3361,0,0,0
9676,3401,0,0,0
9676,3402,0,0,0
9676,3403,0,0,0
9676,3404,0,0,0
9676,3405,0,0,0
9676,3451,0,0,0
9676,3452,0,0,0
9676,3453,0,0,0
9676,3454,0,0,0
9676,3455,0,0,0
9676,3456,0,0,0
9676,3457,0,0,0
9676,3458,0,0,0
9676,3459,0,0,0
9676,3460,0,0,0
9676,3461,0,0,0
9676,3462,0,0,0
9676,4011,15,15,0
9676,4012,0,0,0
9676,5111,63,19,44
9676,5112,10,10,0
9676,5113,17,17,0
9676,5114,0,0,0
9676,5116,0,0,0
9676,5117,10,10,0
9676,5119,0,0,0
9676,5120,0,0,0
9676,5122,0,0,0
9676,5124,11,0,11
9676,5154,0,0,0
9676,5158,27,10,17
9676,5162,10,10,0
9676,5166,0,0,0
9676,5170,14,14,0
9676,5314,12,0,12
9676,5315,68,23,45
9676,5316,0,0,0
9676,5334,0,0,0
9676,5358,0,0,0
9676,5362,21,10,11
9676,5366,0,0,0
9676,5370,0,0,0
9676,5374,0,0,0
9676,5378,0,0,0
9676,5382,31,20,11
9676,5512,0,0,0
9676,5513,0,0,0
9676,5515,0,0,0
9676,5554,0,0,0
9676,5558,0,0,0
9676,5562,16,16,0
9676,5566,0,0,0
9676,5570,0,0,0
9676,5711,0,0,0
9676,5754,17,0,17
9676,5758,0,0,0
9676,5762,0,0,0
9676,5766,11,11,0
9676,5770,0,0,0
9676,5774,0,0,0
9676,5911,0,0,0
9676,5913,34,18,16
9676,5914,0,0,0
9676,5915,0,0,0
9676,5916,0,0,0
9676,5954,0,0,0
9676,5958,12,12,0
9676,5962,0,0,0
9676,5966,0,0,0
9676,5970,0,0,0
9676,5974,0,0,0
9676,5978,0,0,0
9676,6411,349,68,281
9676,6412,1972,426,1546
9676,6413,286,81,205
9676,6414,88,31,57
9676,6431,64,35,29
9676,6432,1249,539,710
9676,6433,161,49,112
9676,6434,126,33,93
9676,6435,838,314,524
9676,6436,195,45,150
9676,6437,2510,1525,985
9676,6438,1219,362,857
9676,6439,18,18,0
9676,6440,145,73,72
9676,6531,55,39,16
9676,6532,40,25,15
9676,6533,14,14,0
9676,6534,0,0,0
9676,6535,13,13,0
9676,6611,11,0,11
9676,6631,43,23,20
9676,6632,0,0,0
9676,6633,0,0,0
9676,6634,0,0,0
9676,6635,13,13,0
9676,6636,0,0,0
9676,7111,0,0,0
9676,7131,0,0,0
9676,7132,0,0,0
9676,7133,11,11,0
9676,7134,0,0,0
9676,7135,0,0,0
9676,7137,0,0,0
9676,7138,0,0,0
9676,7140,10,0,10
9676,7141,0,0,0
9676,7143,0,0,0
9676,7211,0,0,0
9676,7231,0,0,0
9676,7232,0,0,0
9676,7233,0,0,0
9676,7235,0,0,0
9676,7311,0,0,0
9676,7312,0,0,0
9676,7313,0,0,0
9676,7314,13,0,13
9676,7315,56,32,24
9676,7316,0,0,0
9676,7317,0,0,0
9676,7318,0,0,0
9676,7319,0,0,0
9676,7320,0,0,0
9676,7331,0,0,0
9676,7332,0,0,0
9676,7333,0,0,0
9676,7334,13,13,0
9676,7335,0,0,0
9676,7336,0,0,0
9676,7337,0,0,0
9676,7338,0,0,0
9676,7339,12,0,12
9676,7340,0,0,0
9676,8111,51,12,39
9676,8115,43,19,24
9676,8116,42,13,29
9676,8117,0,0,0
9676,8118,45,20,25
9676,8119,37,11,26
9676,8121,33,11,22
9676,8125,55,19,36
9676,8126,28,0,28
9676,8127,25,0,25
9676,8128,2906,920,1986
9676,8135,0,0,0
9676,8136,0,0,0
9676,8211,0,0,0
9676,8212,65,35,30
9676,8215,83,64,19
9676,8216,20,20,0
9676,8221,20,0,20
9676,8222,91,31,60
9676,8225,1309,671,638
9676,8226,103,46,57
9676,8231,0,0,0
9676,8235,15,15,0
9676,8236,10,10,0
9676,8237,0,0,0
9676,8311,11,0,11
9676,8315,0,0,0
9676,8316,0,0,0
9676,8317,0,0,0
9676,8325,0,0,0
9676,8326,0,0,0
9676,8327,0,0,0
9676,8335,10,10,0
9676,8336,0,0,0
9676,8337,12,0,12
9676,8415,12,0,12
9676,8416,0,0,0
9676,8417,0,0,0
9676,8421,0,0,0
9676,8425,0,0,0
9676,8426,0,0,0
9676,8435,16,0,16
9676,8436,0,0,0
9676,8437,0,0,0
9676,9161,0,0,0
9676,9162,233,79,154
9676,9163,0,0,0
9676,9171,0,0,0
9676,9172,0,0,0
9676,9173,0,0,0
9676,9174,0,0,0
9676,9175,17,17,0
9676,9176,0,0,0
9676,9177,0,0,0
9676,9178,24,10,14
9676,9179,0,0,0
9676,9180,0,0,0
9676,9181,0,0,0
9676,9182,0,0,0
9676,9183,0,0,0
9676,9184,104,42,62
9676,9185,0,0,0
9676,9186,0,0,0
9676,9187,22,22,0
9676,9188,0,0,0
9676,9189,0,0,0
9676,9190,0,0,0
9676,9261,0,0,0
9676,9262,0,0,0
9676,9263,0,0,0
9676,9271,0,0,0
9676,9272,0,0,0
9676,9273,0,0,0
9676,9274,0,0,0
9676,9275,10,10,0
9676,9276,0,0,0
9676,9277,0,0,0
9676,9278,0,0,0
9676,9279,0,0,0
9676,9361,0,0,0
9676,9362,35,15,20
9676,9363,0,0,0
9676,9371,0,0,0
9676,9372,0,0,0
9676,9373,0,0,0
9676,9374,0,0,0
9676,9375,25,25,0
9676,9376,19,19,0
9676,9377,0,0,0
9676,9461,0,0,0
9676,9462,44,0,44
9676,9463,0,0,0
9676,9464,0,0,0
9676,9471,0,0,0
9676,9472,0,0,0
9676,9473,0,0,0
9676,9474,0,0,0
9676,9475,0,0,0
9676,9476,0,0,0
9676,9477,0,0,0
9676,9478,0,0,0
9676,9479,0,0,0
9676,9561,0,0,0
9676,9562,33,0,33
9676,9563,0,0,0
9676,9564,75,24,51
9676,9565,0,0,0
9676,9571,14,0,14
9676,9572,0,0,0
9676,9573,0,0,0
9676,9574,0,0,0
9676,9575,0,0,0
9676,9576,0,0,0
9676,9577,0,0,0
9676,9661,8821,1796,7025
9676,9662,19,0,19
9676,9663,534,52,482
9676,9671,7347,3202,4145
9676,9672,67,12,55
9676,9673,30,10,20
9676,9674,0,0,0
9676,9675,47,21,26
9676,9676,0,0,0
9676,9677,1116,298,818
9676,9678,11,11,0
9676,9679,161,82,79
9676,9761,0,0,0
9676,9762,0,0,0
9676,9763,0,0,0
9676,9764,0,0,0
9676,9771,0,0,0
9676,9772,0,0,0
9676,9773,0,0,0
9676,9774,0,0,0
9676,9775,0,0,0
9676,9776,0,0,0
9676,9777,0,0,0
9676,9778,0,0,0
9676,9779,0,0,0
9676,9780,14,0,14
9676,10041,0,0,0
9676,10042,0,0,0
9676,10043,0,0,0
9676,10044,0,0,0
9676,10045,0,0,0
9676,10046,0,0,0
9676,11000,129,57,72
9676,12051,0,0,0
9676,12052,0,0,0
9676,12053,0,0,0
9676,12054,0,0,0
9676,12060,0,0,0
9676,12061,0,0,0
9676,12062,0,0,0
9676,12063,0,0,0
9676,12064,0,0,0
9676,12065,0,0,0
9676,12066,0,0,0
9676,12067,0,0,0
9676,12068,0,0,0
9676,12069,0,0,0
9676,12070,0,0,0
9676,12071,0,0,0
9676,12072,0,0,0
9676,12073,0,0,0
9676,13003,0,0,0
9676,13004,0,0,0
9676,13071,0,0,0
9676,13072,0,0,0
9676,13073,0,0,0
9676,13074,0,0,0
9676,13075,0,0,0
9676,13076,0,0,0
9676,14511,0,0,0
9676,14521,0,0,0
9676,14522,0,0,0
9676,14523,0,0,0
9676,14524,11,11,0
9676,14612,13,13,0
9676,14625,0,0,0
9676,14626,11,11,0
9676,14627,0,0,0
9676,14628,0,0,0
9676,14713,21,21,0
9676,14729,0,0,0
9676,14730,0,0,0
9676,15001,0,0,0
9676,15002,0,0,0
9676,15003,0,0,0
9676,15081,0,0,0
9676,15082,0,0,0
9676,15083,0,0,0
9676,15084,12,12,0
9676,15085,0,0,0
9676,15086,0,0,0
9676,15087,0,0,0
9676,15088,0,0,0
9676,15089,0,0,0
9676,15090,0,0,0
9676,15091,0,0,0
9676,16051,0,0,0
9676,16052,0,0,0
9676,16053,0,0,0
9676,16054,0,0,0
9676,16055,0,0,0
9676,16056,0,0,0
9676,16061,0,0,0
9676,16062,0,0,0
9676,16063,0,0,0
9676,16064,0,0,0
9676,16065,0,0,0
9676,16066,0,0,0
9676,16067,0,0,0
9676,16068,0,0,0
9676,16069,0,0,0
9676,16070,0,0,0
9676,16071,0,0,0
9676,16072,0,0,0
9676,16073,0,0,0
9676,16074,0,0,0
9676,16075,0,0,0
9676,16076,0,0,0
9676,16077,0,0,0
9677,1001,0,0,0
9677,1002,0,0,0
9677,1003,0,0,0
9677,1004,0,0,0
9677,1051,0,0,0
9677,1053,0,0,0
9677,1054,0,0,0
9677,1055,0,0,0
9677,1056,0,0,0
9677,1057,0,0,0
9677,1058,0,0,0
9677,1059,0,0,0
9677,1060,0,0,0
9677,1061,0,0,0
9677,1062,0,0,0
9677,2000,86,23,63
9677,3101,0,0,0
9677,3102,0,0,0
9677,3103,0,0,0
9677,3151,0,0,0
9677,3153,0,0,0
9677,3154,0,0,0
9677,3155,0,0,0
9677,3157,0,0,0
9677,3158,0,0,0
9677,3159,0,0,0
9677,3241,72,52,20
9677,3251,0,0,0
9677,3252,0,0,0
9677,3254,10,10,0
9677,3255,0,0,0
9677,3256,0,0,0
9677,3257,17,17,0
9677,3351,0,0,0
9677,3352,0,0,0
9677,3353,0,0,0
9677,3354,0,0,0
9677,3355,0,0,0
9677,3356,0,0,0
9677,3357,0,0,0
9677,3358,0,0,0
9677,3359,0,0,0
9677,3360,0,0,0
9677,3361,0,0,0
9677,3401,0,0,0
9677,3402,0,0,0
9677,3403,0,0,0
9677,3404,0,0,0
9677,3405,0,0,0
9677,3451,0,0,0
9677,3452,0,0,0
9677,3453,0,0,0
9677,3454,0,0,0
9677,3455,0,0,0
9677,3456,0,0,0
9677,3457,0,0,0
9677,3458,0,0,0
9677,3459,0,0,0
9677,3460,0,0,0
9677,3461,0,0,0
9677,3462,0,0,0
9677,4011,0,0,0
9677,4012,0,0,0
9677,5111,59,19,40
9677,5112,24,24,0
9677,5113,14,0,14
9677,5114,0,0,0
9677,5116,0,0,0
9677,5117,0,0,0
9677,5119,0,0,0
9677,5120,0,0,0
9677,5122,0,0,0
9677,5124,0,0,0
9677,5154,0,0,0
9677,5158,57,32,25
9677,5162,12,0,12
9677,5166,0,0,0
9677,5170,15,15,0
9677,5314,15,0,15
9677,5315,46,12,34
9677,5316,0,0,0
9677,5334,0,0,0
9677,5358,0,0,0
9677,5362,0,0,0
9677,5366,0,0,0
9677,5370,21,0,21
9677,5374,12,0,12
9677,5378,0,0,0
9677,5382,11,11,0
9677,5512,0,0,0
9677,5513,0,0,0
9677,5515,0,0,0
9677,5554,0,0,0
9677,5558,0,0,0
9677,5562,0,0,0
9677,5566,0,0,0
9677,5570,0,0,0
9677,5711,0,0,0
9677,5754,12,0,12
9677,5758,0,0,0
9677,5762,0,0,0
9677,5766,0,0,0
9677,5770,0,0,0
9677,5774,0,0,0
9677,5911,11,11,0
9677,5913,15,0,15
9677,5914,0,0,0
9677,5915,0,0,0
9677,5916,0,0,0
9677,5954,18,18,0
9677,5958,0,0,0
9677,5962,0,0,0
9677,5966,0,0,0
9677,5970,0,0,0
9677,5974,0,0,0
9677,5978,13,0,13
9677,6411,56,16,40
9677,6412,549,76,473
9677,6413,50,20,30
9677,6414,58,20,38
9677,6431,30,18,12
9677,6432,115,73,42
9677,6433,50,19,31
9677,6434,49,15,34
9677,6435,1034,482,552
9677,6436,56,18,38
9677,6437,56,44,12
9677,6438,195,92,103
9677,6439,0,0,0
9677,6440,57,39,18
9677,6531,0,0,0
9677,6532,0,0,0
9677,6533,0,0,0
9677,6534,15,0,15
9677,6535,26,26,0
9677,6611,0,0,0
9677,6631,116,32,84
9677,6632,0,0,0
9677,6633,0,0,0
9677,6634,0,0,0
9677,6635,0,0,0
9677,6636,0,0,0
9677,7111,0,0,0
9677,7131,0,0,0
9677,7132,0,0,0
9677,7133,0,0,0
9677,7134,0,0,0
9677,7135,0,0,0
9677,7137,0,0,0
9677,7138,0,0,0
9677,7140,0,0,0
9677,7141,0,0,0
9677,7143,0,0,0
9677,7211,0,0,0
9677,7231,0,0,0
9677,7232,0,0,0
9677,7233,0,0,0
9677,7235,0,0,0
9677,7311,0,0,0
9677,7312,0,0,0
9677,7313,0,0,0
9677,7314,0,0,0
9677,7315,13,0,13
9677,7316,0,0,0
9677,7317,0,0,0
9677,7318,0,0,0
9677,7319,0,0,0
9677,7320,0,0,0
9677,7331,0,0,0
9677,7332,0,0,0
9677,7333,0,0,0
9677,7334,25,0,25
9677,7335,0,0,0
9677,7336,0,0,0
9677,7337,0,0,0
9677,7338,0,0,0
9677,7339,0,0,0
9677,7340,0,0,0
9677,8111,120,54,66
9677,8115,56,30,26
9677,8116,78,41,37
9677,8117,12,12,0
9677,8118,105,58,47
9677,8119,78,56,22
9677,8121,12,0,12
9677,8125,37,13,24
9677,8126,20,0,20
9677,8127,24,0,24
9677,8128,4416,1892,2524
9677,8135,11,11,0
9677,8136,34,16,18
9677,8211,0,0,0
9677,8212,12,0,12
9677,8215,22,10,12
9677,8216,0,0,0
9677,8221,0,0,0
9677,8222,25,0,25
9677,8225,151,112,39
9677,8226,42,16,26
9677,8231,0,0,0
9677,8235,16,16,0
9677,8236,0,0,0
9677,8237,45,45,0
9677,8311,0,0,0
9677,8315,0,0,0
9677,8316,0,0,0
9677,8317,17,0,17
9677,8325,14,14,0
9677,8326,0,0,0
9677,8327,0,0,0
9677,8335,0,0,0
9677,8336,0,0,0
9677,8337,0,0,0
9677,8415,0,0,0
9677,8416,17,17,0
9677,8417,15,15,0
9677,8421,52,42,10
9677,8425,40,40,0
9677,8426,0,0,0
9677,8435,0,0,0
9677,8436,0,0,0
9677,8437,0,0,0
9677,9161,18,0,18
9677,9162,340,43,297
9677,9163,0,0,0
9677,9171,0,0,0
9677,9172,0,0,0
9677,9173,0,0,0
9677,9174,0,0,0
9677,9175,0,0,0
9677,9176,12,0,12
9677,9177,0,0,0
9677,9178,21,0,21
9677,9179,0,0,0
9677,9180,0,0,0
9677,9181,0,0,0
9677,9182,0,0,0
9677,9183,0,0,0
9677,9184,67,0,67
9677,9185,0,0,0
9677,9186,0,0,0
9677,9187,0,0,0
9677,9188,0,0,0
9677,9189,0,0,0
9677,9190,0,0,0
9677,9261,0,0,0
9677,9262,0,0,0
9677,9263,0,0,0
9677,9271,0,0,0
9677,9272,0,0,0
9677,9273,0,0,0
9677,9274,0,0,0
9677,9275,0,0,0
9677,9276,0,0,0
9677,9277,0,0,0
9677,9278,0,0,0
9677,9279,0,0,0
9677,9361,0,0,0
9677,9362,20,0,20
9677,9363,0,0,0
9677,9371,0,0,0
9677,9372,12,0,12
9677,9373,0,0,0
9677,9374,0,0,0
9677,9375,0,0,0
9677,9376,11,0,11
9677,9377,0,0,0
9677,9461,65,17,48
9677,9462,10,0,10
9677,9463,14,0,14
9677,9464,0,0,0
9677,9471,49,19,30
9677,9472,0,0,0
9677,9473,0,0,0
9677,9474,11,0,11
9677,9475,0,0,0
9677,9476,0,0,0
9677,9477,0,0,0
9677,9478,0,0,0
9677,9479,0,0,0
9677,9561,13,0,13
9677,9562,23,0,23
9677,9563,0,0,0
9677,9564,288,25,263
9677,9565,0,0,0
9677,9571,41,16,25
9677,9572,57,14,43
9677,9573,0,0,0
9677,9574,11,0,11
9677,9575,53,17,36
9677,9576,0,0,0
9677,9577,0,0,0
9677,9661,962,260,702
9677,9662,1001,111,890
9677,9663,8060,1305,6755
9677,9671,1503,882,621
9677,9672,1557,734,823
9677,9673,122,50,72
9677,9674,97,36,61
9677,9675,433,164,269
9677,9676,1116,818,298
9677,9677,0,0,0
9677,9678,976,486,490
9677,9679,4853,2511,2342
9677,9761,13,0,13
9677,9762,0,0,0
9677,9763,0,0,0
9677,9764,0,0,0
9677,9771,0,0,0
9677,9772,12,12,0
9677,9773,0,0,0
9677,9774,20,20,0
9677,9775,92,92,0
9677,9776,0,0,0
9677,9777,0,0,0
9677,9778,0,0,0
9677,9779,0,0,0
9677,9780,0,0,0
9677,10041,23,23,0
9677,10042,0,0,0
9677,10043,0,0,0
9677,10044,0,0,0
9677,10045,0,0,0
9677,10046,0,0,0
9677,11000,91,32,59
9677,12051,0,0,0
9677,12052,0,0,0
9677,12053,0,0,0
9677,12054,0,0,0
9677,12060,0,0,0
9677,12061,0,0,0
9677,12062,0,0,0
9677,12063,0,0,0
9677,12064,0,0,0
9677,12065,0,0,0
9677,12066,0,0,0
9677,12067,0,0,0
9677,12068,0,0,0
9677,12069,0,0,0
9677,12070,0,0,0
9677,12071,0,0,0
9677,12072,0,0,0
9677,12073,0,0,0
9677,13003,0,0,0
9677,13004,0,0,0
9677,13071,0,0,0
9677,13072,0,0,0
9677,13073,0,0,0
9677,13074,0,0,0
9677,13075,0,0,0
9677,13076,0,0,0
9677,14511,10,10,0
9677,14521,0,0,0
9677,14522,0,0,0
9677,14523,0,0,0
9677,14524,0,0,0
9677,14612,12,0,12
9677,14625,0,0,0
9677,14626,0,0,0
9677,14627,0,0,0
9677,14628,0,0,0
9677,14713,26,15,11
9677,14729,15,15,0
9677,14730,0,0,0
9677,15001,0,0,0
9677,15002,0,0,0
9677,15003,0,0,0
9677,15081,0,0,0
9677,15082,0,0,0
9677,15083,0,0,0
9677,15084,34,34,0
9677,15085,0,0,0
9677,15086,0,0,0
9677,15087,12,12,0
9677,15088,31,31,0
9677,15089,0,0,0
9677,15090,0,0,0
9677,15091,10,10,0
9677,16051,12,12,0
9677,16052,0,0,0
9677,16053,0,0,0
9677,16054,12,12,0
9677,16055,0,0,0
9677,16056,0,0,0
9677,16061,0,0,0
9677,16062,0,0,0
9677,16063,0,0,0
9677,16064,0,0,0
9677,16065,10,10,0
9677,16066,30,30,0
9677,16067,10,10,0
9677,16068,19,19,0
9677,16069,0,0,0
9677,16070,28,17,11
9677,16071,0,0,0
9677,16072,0,0,0
9677,16073,0,0,0
9677,16074,0,0,0
9677,16075,0,0,0
9677,16076,0,0,0
9677,16077,0,0,0
9678,1001,0,0,0
9678,1002,0,0,0
9678,1003,0,0,0
9678,1004,0,0,0
9678,1051,0,0,0
9678,1053,0,0,0
9678,1054,0,0,0
9678,1055,0,0,0
9678,1056,0,0,0
9678,1057,0,0,0
9678,1058,0,0,0
9678,1059,0,0,0
9678,1060,18,0,18
9678,1061,0,0,0
9678,1062,0,0,0
9678,2000,64,10,54
9678,3101,0,0,0
9678,3102,0,0,0
9678,3103,0,0,0
9678,3151,0,0,0
9678,3153,0,0,0
9678,3154,0,0,0
9678,3155,0,0,0
9678,3157,0,0,0
9678,3158,0,0,0
9678,3159,0,0,0
9678,3241,25,11,14
9678,3251,0,0,0
9678,3252,0,0,0
9678,3254,0,0,0
9678,3255,0,0,0
9678,3256,0,0,0
9678,3257,0,0,0
9678,3351,0,0,0
9678,3352,0,0,0
9678,3353,0,0,0
9678,3354,0,0,0
9678,3355,0,0,0
9678,3356,0,0,0
9678,3357,0,0,0
9678,3358,0,0,0
9678,3359,0,0,0
9678,3360,0,0,0
9678,3361,0,0,0
9678,3401,0,0,0
9678,3402,0,0,0
9678,3403,0,0,0
9678,3404,0,0,0
9678,3405,0,0,0
9678,3451,0,0,0
9678,3452,0,0,0
9678,3453,0,0,0
9678,3454,0,0,0
9678,3455,0,0,0
9678,3456,0,0,0
9678,3457,0,0,0
9678,3458,0,0,0
9678,3459,0,0,0
9678,3460,27,0,27
9678,3461,0,0,0
9678,3462,0,0,0
9678,4011,18,0,18
9678,4012,0,0,0
9678,5111,27,0,27
9678,5112,0,0,0
9678,5113,0,0,0
9678,5114,0,0,0
9678,5116,0,0,0
9678,5117,0,0,0
9678,5119,0,0,0
9678,5120,0,0,0
9678,5122,0,0,0
9678,5124,21,21,0
9678,5154,0,0,0
9678,5158,0,0,0
9678,5162,10,0,10
9678,5166,0,0,0
9678,5170,0,0,0
9678,5314,11,0,11
9678,5315,29,0,29
9678,5316,0,0,0
9678,5334,0,0,0
9678,5358,0,0,0
9678,5362,11,0,11
9678,5366,0,0,0
9678,5370,0,0,0
9678,5374,19,0,19
9678,5378,0,0,0
9678,5382,0,0,0
9678,5512,0,0,0
9678,5513,0,0,0
9678,5515,0,0,0
9678,5554,0,0,0
9678,5558,0,0,0
9678,5562,0,0,0
9678,5566,0,0,0
9678,5570,0,0,0
9678,5711,0,0,0
9678,5754,20,0,20
9678,5758,0,0,0
9678,5762,0,0,0
9678,5766,0,0,0
9678,5770,0,0,0
9678,5774,0,0,0
9678,5911,0,0,0
9678,5913,54,43,11
9678,5914,19,19,0
9678,5915,0,0,0
9678,5916,0,0,0
9678,5954,14,14,0
9678,5958,0,0,0
9678,5962,0,0,0
9678,5966,0,0,0
9678,5970,10,0,10
9678,5974,0,0,0
9678,5978,67,67,0
9678,6411,0,0,0
9678,6412,139,0,139
9678,6413,0,0,0
9678,6414,13,0,13
9678,6431,13,0,13
9678,6432,29,0,29
9678,6433,0,0,0
9678,6434,11,0,11
9678,6435,54,11,43
9678,6436,18,0,18
9678,6437,0,0,0
9678,6438,21,0,21
9678,6439,0,0,0
9678,6440,12,12,0
9678,6531,0,0,0
9678,6532,0,0,0
9678,6533,0,0,0
9678,6534,0,0,0
9678,6535,0,0,0
9678,6611,0,0,0
9678,6631,89,24,65
9678,6632,0,0,0
9678,6633,0,0,0
9678,6634,0,0,0
9678,6635,0,0,0
9678,6636,0,0,0
9678,7111,0,0,0
9678,7131,0,0,0
9678,7132,0,0,0
9678,7133,0,0,0
9678,7134,0,0,0
9678,7135,0,0,0
9678,7137,0,0,0
9678,7138,0,0,0
9678,7140,0,0,0
9678,7141,0,0,0
9678,7143,0,0,0
9678,7211,0,0,0
9678,7231,0,0,0
9678,7232,0,0,0
9678,7233,0,0,0
9678,7235,0,0,0
9678,7311,0,0,0
9678,7312,0,0,0
9678,7313,0,0,0
9678,7314,0,0,0
9678,7315,0,0,0
9678,7316,0,0,0
9678,7317,0,0,0
9678,7318,0,0,0
9678,7319,0,0,0
9678,7320,0,0,0
9678,7331,0,0,0
9678,7332,0,0,0
9678,7333,0,0,0
9678,7334,0,0,0
9678,7335,0,0,0
9678,7336,0,0,0
9678,7337,0,0,0
9678,7338,0,0,0
9678,7339,0,0,0
9678,7340,0,0,0
9678,8111,66,0,66
9678,8115,24,0,24
9678,8116,29,11,18
9678,8117,0,0,0
9678,8118,38,0,38
9678,8119,0,0,0
9678,8121,16,0,16
9678,8125,27,16,11
9678,8126,22,11,11
9678,8127,0,0,0
9678,8128,75,20,55
9678,8135,18,18,0
9678,8136,20,0,20
9678,8211,0,0,0
9678,8212,13,0,13
9678,8215,0,0,0
9678,8216,0,0,0
9678,8221,0,0,0
9678,8222,20,0,20
9678,8225,24,24,0
9678,8226,21,0,21
9678,8231,0,0,0
9678,8235,20,20,0
9678,8236,0,0,0
9678,8237,98,98,0
9678,8311,0,0,0
9678,8315,0,0,0
9678,8316,0,0,0
9678,8317,0,0,0
9678,8325,23,23,0
9678,8326,0,0,0
9678,8327,0,0,0
9678,8335,0,0,0
9678,8336,0,0,0
9678,8337,0,0,0
9678,8415,0,0,0
9678,8416,11,11,0
9678,8417,20,20,0
9678,8421,26,11,15
9678,8425,27,27,0
9678,8426,0,0,0
9678,8435,23,0,23
9678,8436,0,0,0
9678,8437,0,0,0
9678,9161,14,0,14
9678,9162,226,29,197
9678,9163,0,0,0
9678,9171,17,0,17
9678,9172,0,0,0
9678,9173,0,0,0
9678,9174,10,0,10
9678,9175,11,0,11
9678,9176,0,0,0
9678,9177,0,0,0
9678,9178,27,0,27
9678,9179,0,0,0
9678,9180,0,0,0
9678,9181,0,0,0
9678,9182,0,0,0
9678,9183,0,0,0
9678,9184,88,0,88
9678,9185,0,0,0
9678,9186,0,0,0
9678,9187,0,0,0
9678,9188,0,0,0
9678,9189,0,0,0
9678,9190,0,0,0
9678,9261,0,0,0
9678,9262,0,0,0
9678,9263,0,0,0
9678,9271,0,0,0
9678,9272,0,0,0
9678,9273,0,0,0
9678,9274,11,0,11
9678,9275,0,0,0
9678,9276,0,0,0
9678,9277,0,0,0
9678,9278,0,0,0
9678,9279,0,0,0
9678,9361,0,0,0
9678,9362,16,0,16
9678,9363,0,0,0
9678,9371,0,0,0
9678,9372,0,0,0
9678,9373,0,0,0
9678,9374,0,0,0
9678,9375,10,10,0
9678,9376,0,0,0
9678,9377,0,0,0
9678,9461,341,64,277
9678,9462,28,0,28
9678,9463,35,0,35
9678,9464,15,15,0
9678,9471,335,145,190
9678,9472,27,13,14
9678,9473,54,33,21
9678,9474,22,10,12
9678,9475,36,20,16
9678,9476,12,12,0
9678,9477,14,0,14
9678,9478,13,13,0
9678,9479,0,0,0
9678,9561,21,0,21
9678,9562,102,0,102
9678,9563,55,13,42
9678,9564,303,56,247
9678,9565,0,0,0
9678,9571,31,13,18
9678,9572,95,16,79
9678,9573,10,0,10
9678,9574,31,12,19
9678,9575,112,40,72
9678,9576,12,12,0
9678,9577,0,0,0
9678,9661,46,0,46
9678,9662,25784,3595,22189
9678,9663,2879,416,2463
9678,9671,34,13,21
9678,9672,2808,1410,1398
9678,9673,997,443,554
9678,9674,3047,1573,1474
9678,9675,2801,965,1836
9678,9676,11,0,11
9678,9677,976,490,486
9678,9678,0,0,0
9678,9679,1570,714,856
9678,9761,29,16,13
9678,9762,0,0,0
9678,9763,0,0,0
9678,9764,0,0,0
9678,9771,0,0,0
9678,9772,10,10,0
9678,9773,0,0,0
9678,9774,19,19,0
9678,9775,38,38,0
9678,9776,0,0,0
9678,9777,0,0,0
9678,9778,0,0,0
9678,9779,0,0,0
9678,9780,0,0,0
9678,10041,12,0,12
9678,10042,0,0,0
9678,10043,0,0,0
9678,10044,0,0,0
9678,10045,0,0,0
9678,10046,0,0,0
9678,11000,95,32,63
9678,12051,0,0,0
9678,12052,0,0,0
9678,12053,0,0,0
9678,12054,0,0,0
9678,12060,0,0,0
9678,12061,0,0,0
9678,12062,0,0,0
9678,12063,0,0,0
9678,12064,0,0,0
9678,12065,25,25,0
9678,12066,0,0,0
9678,12067,0,0,0
9678,12068,10,10,0
9678,12069,0,0,0
9678,12070,0,0,0
9678,12071,0,0,0
9678,12072,0,0,0
9678,12073,0,0,0
9678,13003,0,0,0
9678,13004,0,0,0
9678,13071,0,0,0
9678,13072,0,0,0
9678,13073,0,0,0
9678,13074,0,0,0
9678,13075,0,0,0
9678,13076,0,0,0
9678,14511,0,0,0
9678,14521,14,14,0
9678,14522,0,0,0
9678,14523,14,14,0
9678,14524,0,0,0
9678,14612,0,0,0
9678,14625,0,0,0
9678,14626,0,0,0
9678,14627,0,0,0
9678,14628,0,0,0
9678,14713,0,0,0
9678,14729,0,0,0
9678,14730,0,0,0
9678,15001,0,0,0
9678,15002,0,0,0
9678,15003,0,0,0
9678,15081,0,0,0
9678,15082,0,0,0
9678,15083,0,0,0
9678,15084,0,0,0
9678,15085,0,0,0
9678,15086,0,0,0
9678,15087,0,0,0
9678,15088,0,0,0
9678,15089,0,0,0
9678,15090,0,0,0
9678,15091,0,0,0
9678,16051,19,0,19
9678,16052,0,0,0
9678,16053,0,0,0
9678,16054,17,17,0
9678,16055,0,0,0
9678,16056,0,0,0
9678,16061,0,0,0
9678,16062,0,0,0
9678,16063,15,15,0
9678,16064,10,0,10
9678,16065,0,0,0
9678,16066,119,102,17
9678,16067,0,0,0
9678,16068,10,10,0
9678,16069,90,78,12
9678,16070,13,13,0
9678,16071,0,0,0
9678,16072,0,0,0
9678,16073,0,0,0
9678,16074,0,0,0
9678,16075,14,14,0
9678,16076,0,0,0
9678,16077,0,0,0
9679,1001,0,0,0
9679,1002,0,0,0
9679,1003,0,0,0
9679,1004,0,0,0
9679,1051,0,0,0
9679,1053,0,0,0
9679,1054,0,0,0
9679,1055,0,0,0
9679,1056,0,0,0
9679,1057,0,0,0
9679,1058,0,0,0
9679,1059,0,0,0
9679,1060,15,0,15
9679,1061,0,0,0
9679,1062,13,0,13
9679,2000,175,60,115
9679,3101,11,0,11
9679,3102,0,0,0
9679,3103,10,0,10
9679,3151,0,0,0
9679,3153,0,0,0
9679,3154,0,0,0
9679,3155,16,0,16
9679,3157,0,0,0
9679,3158,0,0,0
9679,3159,0,0,0
9679,3241,78,33,45
9679,3251,0,0,0
9679,3252,0,0,0
9679,3254,0,0,0
9679,3255,0,0,0
9679,3256,0,0,0
9679,3257,0,0,0
9679,3351,0,0,0
9679,3352,0,0,0
9679,3353,0,0,0
9679,3354,0,0,0
9679,3355,0,0,0
9679,3356,0,0,0
9679,3357,0,0,0
9679,3358,0,0,0
9679,3359,0,0,0
9679,3360,0,0,0
9679,3361,0,0,0
9679,3401,0,0,0
9679,3402,0,0,0
9679,3403,0,0,0
9679,3404,0,0,0
9679,3405,0,0,0
9679,3451,0,0,0
9679,3452,0,0,0
9679,3453,0,0,0
9679,3454,15,0,15
9679,3455,0,0,0
9679,3456,0,0,0
9679,3457,0,0,0
9679,3458,0,0,0
9679,3459,12,12,0
9679,3460,0,0,0
9679,3461,0,0,0
9679,3462,0,0,0
9679,4011,39,21,18
9679,4012,0,0,0
9679,5111,73,26,47
9679,5112,21,21,0
9679,5113,38,15,23
9679,5114,22,11,11
9679,5116,24,0,24
9679,5117,0,0,0
9679,5119,0,0,0
9679,5120,0,0,0
9679,5122,0,0,0
9679,5124,11,0,11
9679,5154,0,0,0
9679,5158,36,17,19
9679,5162,17,0,17
9679,5166,12,12,0
9679,5170,0,0,0
9679,5314,41,0,41
9679,5315,104,27,77
9679,5316,0,0,0
9679,5334,26,0,26
9679,5358,14,0,14
9679,5362,15,15,0
9679,5366,0,0,0
9679,5370,0,0,0
9679,5374,11,0,11
9679,5378,0,0,0
9679,5382,12,12,0
9679,5512,0,0,0
9679,5513,0,0,0
9679,5515,44,24,20
9679,5554,0,0,0
9679,5558,0,0,0
9679,5562,40,23,17
9679,5566,0,0,0
9679,5570,0,0,0
9679,5711,13,0,13
9679,5754,33,0,33
9679,5758,0,0,0
9679,5762,0,0,0
9679,5766,15,15,0
9679,5770,0,0,0
9679,5774,0,0,0
9679,5911,30,17,13
9679,5913,139,63,76
9679,5914,0,0,0
9679,5915,0,0,0
9679,5916,0,0,0
9679,5954,10,10,0
9679,5958,0,0,0
9679,5962,0,0,0
9679,5966,0,0,0
9679,5970,17,0,17
9679,5974,0,0,0
9679,5978,12,12,0
9679,6411,23,0,23
9679,6412,372,25,347
9679,6413,24,0,24
9679,6414,45,17,28
9679,6431,15,15,0
9679,6432,58,16,42
9679,6433,37,18,19
9679,6434,28,0,28
9679,6435,80,25,55
9679,6436,44,0,44
9679,6437,0,0,0
9679,6438,77,22,55
9679,6439,0,0,0
9679,6440,17,0,17
9679,6531,15,0,15
9679,6532,16,0,16
9679,6533,0,0,0
9679,6534,10,0,10
9679,6535,0,0,0
9679,6611,25,0,25
9679,6631,100,36,64
9679,6632,12,0,12
9679,6633,0,0,0
9679,6634,0,0,0
9679,6635,0,0,0
9679,6636,0,0,0
9679,7111,0,0,0
9679,7131,0,0,0
9679,7132,0,0,0
9679,7133,0,0,0
9679,7134,0,0,0
9679,7135,0,0,0
9679,7137,11,11,0
9679,7138,0,0,0
9679,7140,0,0,0
9679,7141,0,0,0
9679,7143,0,0,0
9679,7211,0,0,0
9679,7231,0,0,0
9679,7232,0,0,0
9679,7233,0,0,0
9679,7235,0,0,0
9679,7311,0,0,0
9679,7312,0,0,0
9679,7313,0,0,0
9679,7314,0,0,0
9679,7315,13,0,13
9679,7316,0,0,0
9679,7317,0,0,0
9679,7318,0,0,0
9679,7319,0,0,0
9679,7320,0,0,0
9679,7331,0,0,0
9679,7332,0,0,0
9679,7333,0,0,0
9679,7334,0,0,0
9679,7335,0,0,0
9679,7336,0,0,0
9679,7337,0,0,0
9679,7338,0,0,0
9679,7339,0,0,0
9679,7340,0,0,0
9679,8111,125,34,91
9679,8115,47,15,32
9679,8116,74,14,60
9679,8117,13,0,13
9679,8118,70,14,56
9679,8119,84,12,72
9679,8121,32,0,32
9679,8125,97,20,77
9679,8126,156,23,133
9679,8127,126,29,97
9679,8128,4850,1706,3144
9679,8135,0,0,0
9679,8136,51,23,28
9679,8211,0,0,0
9679,8212,20,0,20
9679,8215,27,27,0
9679,8216,0,0,0
9679,8221,16,0,16
9679,8222,45,0,45
9679,8225,176,118,58
9679,8226,58,16,42
9679,8231,0,0,0
9679,8235,0,0,0
9679,8236,11,0,11
9679,8237,0,0,0
9679,8311,16,0,16
9679,8315,0,0,0
9679,8316,0,0,0
9679,8317,18,0,18
9679,8325,0,0,0
9679,8326,10,0,10
9679,8327,0,0,0
9679,8335,0,0,0
9679,8336,0,0,0
9679,8337,0,0,0
9679,8415,12,0,12
9679,8416,0,0,0
9679,8417,0,0,0
9679,8421,25,0,25
9679,8425,0,0,0
9679,8426,0,0,0
9679,8435,10,10,0
9679,8436,38,0,38
9679,8437,0,0,0
9679,9161,27,0,27
9679,9162,626,103,523
9679,9163,0,0,0
9679,9171,0,0,0
9679,9172,0,0,0
9679,9173,0,0,0
9679,9174,0,0,0
9679,9175,17,0,17
9679,9176,0,0,0
9679,9177,0,0,0
9679,9178,39,0,39
9679,9179,10,0,10
9679,9180,0,0,0
9679,9181,0,0,0
9679,9182,0,0,0
9679,9183,10,0,10
9679,9184,134,15,119
9679,9185,0,0,0
9679,9186,15,0,15
9679,9187,32,14,18
9679,9188,16,0,16
9679,9189,0,0,0
9679,9190,0,0,0
9679,9261,0,0,0
9679,9262,0,0,0
9679,9263,12,0,12
9679,9271,0,0,0
9679,9272,0,0,0
9679,9273,0,0,0
9679,9274,13,0,13
9679,9275,0,0,0
9679,9276,0,0,0
9679,9277,0,0,0
9679,9278,14,14,0
9679,9279,0,0,0
9679,9361,20,0,20
9679,9362,49,12,37
9679,9363,0,0,0
9679,9371,10,0,10
9679,9372,0,0,0
9679,9373,19,0,19
9679,9374,11,11,0
9679,9375,0,0,0
9679,9376,61,44,17
9679,9377,27,27,0
9679,9461,103,29,74
9679,9462,23,0,23
9679,9463,38,13,25
9679,9464,0,0,0
9679,9471,122,83,39
9679,9472,0,0,0
9679,9473,12,12,0
9679,9474,37,22,15
9679,9475,11,0,11
9679,9476,0,0,0
9679,9477,0,0,0
9679,9478,25,25,0
9679,9479,28,28,0
9679,9561,63,14,49
9679,9562,108,15,93
9679,9563,79,31,48
9679,9564,664,88,576
9679,9565,18,0,18
9679,9571,194,97,97
9679,9572,84,28,56
9679,9573,24,12,12
9679,9574,54,21,33
9679,9575,1022,558,464
9679,9576,25,10,15
9679,9577,26,15,11
9679,9661,183,51,132
9679,9662,1260,171,1089
9679,9663,36422,6771,29651
9679,9671,127,74,53
9679,9672,450,257,193
9679,9673,156,88,68
9679,9674,194,109,85
9679,9675,5847,2942,2905
9679,9676,161,79,82
9679,9677,4853,2342,2511
9679,9678,1570,856,714
9679,9679,0,0,0
9679,9761,36,11,25
9679,9762,0,0,0
9679,9763,0,0,0
9679,9764,0,0,0
9679,9771,0,0,0
9679,9772,12,0,12
9679,9773,11,0,11
9679,9774,0,0,0
9679,9775,25,0,25
9679,9776,0,0,0
9679,9777,0,0,0
9679,9778,0,0,0
9679,9779,11,0,11
9679,9780,0,0,0
9679,10041,15,0,15
9679,10042,0,0,0
9679,10043,0,0,0
9679,10044,0,0,0
9679,10045,0,0,0
9679,10046,0,0,0
9679,11000,218,83,135
9679,12051,0,0,0
9679,12052,0,0,0
9679,12053,0,0,0
9679,12054,0,0,0
9679,12060,0,0,0
9679,12061,0,0,0
9679,12062,0,0,0
9679,12063,0,0,0
9679,12064,0,0,0
9679,12065,0,0,0
9679,12066,0,0,0
9679,12067,0,0,0
9679,12068,0,0,0
9679,12069,0,0,0
9679,12070,0,0,0
9679,12071,0,0,0
9679,12072,0,0,0
9679,12073,0,0,0
9679,13003,0,0,0
9679,13004,0,0,0
9679,13071,0,0,0
9679,13072,0,0,0
9679,13073,0,0,0
9679,13074,0,0,0
9679,13075,0,0,0
9679,13076,0,0,0
9679,14511,83,83,0
9679,14521,36,36,0
9679,14522,66,66,0
9679,14523,17,17,0
9679,14524,23,23,0
9679,14612,42,20,22
9679,14625,11,11,0
9679,14626,0,0,0
9679,14627,17,17,0
9679,14628,0,0,0
9679,14713,56,34,22
9679,14729,0,0,0
9679,14730,21,21,0
9679,15001,0,0,0
9679,15002,0,0,0
9679,15003,0,0,0
9679,15081,0,0,0
9679,15082,0,0,0
9679,15083,0,0,0
9679,15084,0,0,0
9679,15085,0,0,0
9679,15086,0,0,0
9679,15087,0,0,0
9679,15088,0,0,0
9679,15089,0,0,0
9679,15090,0,0,0
9679,15091,0,0,0
9679,16051,54,36,18
9679,16052,0,0,0
9679,16053,0,0,0
9679,16054,0,0,0
9679,16055,0,0,0
9679,16056,0,0,0
9679,16061,0,0,0
9679,16062,0,0,0
9679,16063,0,0,0
9679,16064,0,0,0
9679,16065,0,0,0
9679,16066,44,32,12
9679,16067,10,10,0
9679,16068,0,0,0
9679,16069,15,15,0
9679,16070,12,12,0
9679,16071,0,0,0
9679,16072,0,0,0
9679,16073,10,10,0
9679,16074,0,0,0
9679,16075,0,0,0
9679,16076,0,0,0
9679,16077,0,0,0
9761,1001,0,0,0
9761,1002,14,14,0
9761,1003,29,16,13
9761,1004,0,0,0
9761,1051,0,0,0
9761,1053,0,0,0
9761,1054,16,0,16
9761,1055,0,0,0
9761,1056,17,17,0
9761,1057,0,0,0
9761,1058,11,11,0
9761,1059,0,0,0
9761,1060,36,24,12
9761,1061,0,0,0
9761,1062,30,20,10
9761,2000,469,238,231
9761,3101,14,14,0
9761,3102,0,0,0
9761,3103,14,0,14
9761,3151,0,0,0
9761,3153,0,0,0
9761,3154,0,0,0
9761,3155,0,0,0
9761,3157,0,0,0
9761,3158,0,0,0
9761,3159,26,16,10
9761,3241,150,92,58
9761,3251,15,15,0
9761,3252,0,0,0
9761,3254,0,0,0
9761,3255,0,0,0
9761,3256,0,0,0
9761,3257,10,10,0
9761,3351,0,0,0
9761,3352,31,20,11
9761,3353,43,43,0
9761,3354,0,0,0
9761,3355,10,10,0
9761,3356,15,15,0
9761,3357,22,22,0
9761,3358,0,0,0
9761,3359,86,86,0
9761,3360,0,0,0
9761,3361,0,0,0
9761,3401,0,0,0
9761,3402,0,0,0
9761,3403,0,0,0
9761,3404,13,0,13
9761,3405,0,0,0
9761,3451,0,0,0
9761,3452,0,0,0
9761,3453,0,0,0
9761,3454,35,20,15
9761,3455,0,0,0
9761,3456,0,0,0
9761,3457,16,16,0
9761,3458,0,0,0
9761,3459,25,12,13
9761,3460,0,0,0
9761,3461,23,23,0
9761,3462,0,0,0
9761,4011,150,44,106
9761,4012,11,11,0
9761,5111,190,48,142
9761,5112,47,23,24
9761,5113,75,34,41
9761,5114,22,10,12
9761,5116,17,0,17
9761,5117,11,11,0
9761,5119,15,15,0
9761,5120,0,0,0
9761,5122,13,13,0
9761,5124,20,10,10
9761,5154,28,15,13
9761,5158,67,40,27
9761,5162,49,20,29
9761,5166,27,14,13
9761,5170,32,14,18
9761,5314,43,13,30
9761,5315,263,78,185
9761,5316,44,44,0
9761,5334,68,35,33
9761,5358,16,0,16
9761,5362,48,35,13
9761,5366,19,0,19
9761,5370,0,0,0
9761,5374,73,17,56
9761,5378,34,23,11
9761,5382,62,43,19
9761,5512,0,0,0
9761,5513,0,0,0
9761,5515,11,11,0
9761,5554,30,19,11
9761,5558,0,0,0
9761,5562,34,19,15
9761,5566,41,14,27
9761,5570,30,11,19
9761,5711,27,15,12
9761,5754,36,10,26
9761,5758,0,0,0
9761,5762,0,0,0
9761,5766,22,10,12
9761,5770,11,0,11
9761,5774,41,27,14
9761,5911,57,32,25
9761,5913,46,20,26
9761,5914,0,0,0
9761,5915,0,0,0
9761,5916,0,0,0
9761,5954,47,25,22
9761,5958,11,11,0
9761,5962,19,19,0
9761,5966,0,0,0
9761,5970,11,11,0
9761,5974,0,0,0
9761,5978,53,23,30
9761,6411,48,23,25
9761,6412,290,61,229
9761,6413,22,11,11
9761,6414,100,18,82
9761,6431,40,28,12
9761,6432,35,19,16
9761,6433,55,11,44
9761,6434,103,16,87
9761,6435,65,36,29
9761,6436,77,14,63
9761,6437,0,0,0
9761,6438,86,24,62
9761,6439,11,0,11
9761,6440,35,21,14
9761,6531,33,23,10
9761,6532,13,13,0
9761,6533,36,18,18
9761,6534,13,0,13
9761,6535,0,0,0
9761,6611,24,13,11
9761,6631,16,16,0
9761,6632,10,10,0
9761,6633,16,16,0
9761,6634,11,11,0
9761,6635,0,0,0
9761,6636,0,0,0
9761,7111,0,0,0
9761,7131,0,0,0
9761,7132,0,0,0
9761,7133,0,0,0
9761,7134,0,0,0
9761,7135,0,0,0
9761,7137,21,11,10
9761,7138,0,0,0
9761,7140,0,0,0
9761,7141,0,0,0
9761,7143,11,11,0
9761,7211,0,0,0
9761,7231,0,0,0
9761,7232,0,0,0
9761,7233,0,0,0
9761,7235,0,0,0
9761,7311,0,0,0
9761,7312,0,0,0
9761,7313,0,0,0
9761,7314,11,11,0
9761,7315,59,25,34
9761,7316,0,0,0
9761,7317,0,0,0
9761,7318,0,0,0
9761,7319,0,0,0
9761,7320,0,0,0
9761,7331,0,0,0
9761,7332,0,0,0
9761,7333,0,0,0
9761,7334,15,15,0
9761,7335,0,0,0
9761,7336,0,0,0
9761,7337,14,14,0
9761,7338,13,13,0
9761,7339,14,14,0
9761,7340,0,0,0
9761,8111,276,104,172
9761,8115,98,48,50
9761,8116,200,69,131
9761,8117,112,70,42
9761,8118,140,57,83
9761,8119,88,38,50
9761,8121,41,14,27
9761,8125,88,31,57
9761,8126,13,0,13
9761,8127,34,18,16
9761,8128,0,0,0
9761,8135,204,153,51
9761,8136,144,80,64
9761,8211,0,0,0
9761,8212,89,43,46
9761,8215,128,100,28
9761,8216,28,16,12
9761,8221,14,14,0
9761,8222,72,27,45
9761,8225,0,0,0
9761,8226,77,52,25
9761,8231,45,25,20
9761,8235,19,19,0
9761,8236,34,22,12
9761,8237,0,0,0
9761,8311,38,13,25
9761,8315,41,31,10
9761,8316,0,0,0
9761,8317,64,22,42
9761,8325,11,11,0
9761,8326,28,28,0
9761,8327,16,16,0
9761,8335,46,29,17
9761,8336,18,0,18
9761,8337,10,10,0
9761,8415,50,25,25
9761,8416,62,37,25
9761,8417,30,17,13
9761,8421,476,209,267
9761,8425,208,173,35
9761,8426,163,96,67
9761,8435,102,63,39
9761,8436,170,122,48
9761,8437,22,11,11
9761,9161,417,197,220
9761,9162,11322,1863,9459
9761,9163,78,25,53
9761,9171,67,45,22
9761,9172,50,38,12
9761,9173,125,83,42
9761,9174,1136,546,590
9761,9175,161,67,94
9761,9176,202,99,103
9761,9177,142,54,88
9761,9178,521,132,389
9761,9179,1260,603,657
9761,9180,146,125,21
9761,9181,2814,1732,1082
9761,9182,178,41,137
9761,9183,62,34,28
9761,9184,1886,279,1607
9761,9185,1024,655,369
9761,9186,383,202,181
9761,9187,122,85,37
9761,9188,559,184,375
9761,9189,71,36,35
9761,9190,457,360,97
9761,9261,36,20,16
9761,9262,30,12,18
9761,9263,13,0,13
9761,9271,33,23,10
9761,9272,0,0,0
9761,9273,31,31,0
9761,9274,62,43,19
9761,9275,20,20,0
9761,9276,0,0,0
9761,9277,37,20,17
9761,9278,26,26,0
9761,9279,39,27,12
9761,9361,10,10,0
9761,9362,135,63,72
9761,9363,12,12,0
9761,9371,21,21,0
9761,9372,49,30,19
9761,9373,44,27,17
9761,9374,32,32,0
9761,9375,76,55,21
9761,9376,70,70,0
9761,9377,0,0,0
9761,9461,12,12,0
9761,9462,38,25,13
9761,9463,0,0,0
9761,9464,10,10,0
9761,9471,43,23,20
9761,9472,17,17,0
9761,9473,10,0,10
9761,9474,21,21,0
9761,9475,30,11,19
9761,9476,0,0,0
9761,9477,10,10,0
9761,9478,0,0,0
9761,9479,11,11,0
9761,9561,13,0,13
9761,9562,75,27,48
9761,9563,66,36,30
9761,9564,448,161,287
9761,9565,12,12,0
9761,9571,105,54,51
9761,9572,58,42,16
9761,9573,43,33,10
9761,9574,59,36,23
9761,9575,14,14,0
9761,9576,51,36,15
9761,9577,102,73,29
9761,9661,0,0,0
9761,9662,0,0,0
9761,9663,49,24,25
9761,9671,23,23,0
9761,9672,11,11,0
9761,9673,0,0,0
9761,9674,0,0,0
9761,9675,0,0,0
9761,9676,0,0,0
9761,9677,13,13,0
9761,9678,29,13,16
9761,9679,36,25,11
9761,9761,0,0,0
9761,9762,427,320,107
9761,9763,433,339,94
9761,9764,214,146,68
9761,9771,20878,13955,6923
9761,9772,55704,37100,18604
9761,9773,2638,2028,610
9761,9774,2678,1881,797
9761,9775,719,559,160
9761,9776,187,154,33
9761,9777,974,796,178
9761,9778,1162,854,308
9761,9779,3554,1924,1630
9761,9780,573,459,114
9761,10041,27,27,0
9761,10042,0,0,0
9761,10043,0,0,0
9761,10044,0,0,0
9761,10045,10,10,0
9761,10046,0,0,0
9761,11000,473,189,284
9761,12051,0,0,0
9761,12052,0,0,0
9761,12053,0,0,0
9761,12054,26,0,26
9761,12060,14,14,0
9761,12061,12,12,0
9761,12062,0,0,0
9761,12063,0,0,0
9761,12064,0,0,0
9761,12065,0,0,0
9761,12066,0,0,0
9761,12067,0,0,0
9761,12068,0,0,0
9761,12069,18,18,0
9761,12070,0,0,0
9761,12071,16,16,0
9761,12072,0,0,0
9761,12073,11,11,0
9761,13003,0,0,0
9761,13004,0,0,0
9761,13071,12,12,0
9761,13072,0,0,0
9761,13073,0,0,0
9761,13074,0,0,0
9761,13075,0,0,0
9761,13076,0,0,0
9761,14511,44,23,21
9761,14521,41,41,0
9761,14522,12,12,0
9761,14523,68,68,0
9761,14524,32,19,13
9761,14612,54,35,19
9761,14625,19,19,0
9761,14626,12,12,0
9761,14627,0,0,0
9761,14628,14,14,0
9761,14713,86,47,39
9761,14729,27,17,10
9761,14730,11,11,0
9761,15001,0,0,0
9761,15002,10,10,0
9761,15003,15,15,0
9761,15081,0,0,0
9761,15082,0,0,0
9761,15083,0,0,0
9761,15084,10,10,0
9761,15085,0,0,0
9761,15086,0,0,0
9761,15087,0,0,0
9761,15088,15,15,0
9761,15089,0,0,0
9761,15090,0,0,0
9761,15091,0,0,0
9761,16051,11,11,0
9761,16052,0,0,0
9761,16053,0,0,0
9761,16054,0,0,0
9761,16055,0,0,0
9761,16056,0,0,0
9761,16061,0,0,0
9761,16062,0,0,0
9761,16063,0,0,0
9761,16064,0,0,0
9761,16065,0,0,0
9761,16066,29,29,0
9761,16067,0,0,0
9761,16068,0,0,0
9761,16069,0,0,0
9761,16070,0,0,0
9761,16071,0,0,0
9761,16072,0,0,0
9761,16073,0,0,0
9761,16074,0,0,0
9761,16075,0,0,0
9761,16076,0,0,0
9761,16077,15,15,0
9762,1001,19,0,19
9762,1002,0,0,0
9762,1003,0,0,0
9762,1004,0,0,0
9762,1051,0,0,0
9762,1053,0,0,0
9762,1054,0,0,0
9762,1055,0,0,0
9762,1056,0,0,0
9762,1057,0,0,0
9762,1058,0,0,0
9762,1059,0,0,0
9762,1060,0,0,0
9762,1061,0,0,0
9762,1062,0,0,0
9762,2000,28,10,18
9762,3101,0,0,0
9762,3102,0,0,0
9762,3103,0,0,0
9762,3151,0,0,0
9762,3153,0,0,0
9762,3154,0,0,0
9762,3155,0,0,0
9762,3157,0,0,0
9762,3158,0,0,0
9762,3159,0,0,0
9762,3241,0,0,0
9762,3251,0,0,0
9762,3252,0,0,0
9762,3254,0,0,0
9762,3255,0,0,0
9762,3256,0,0,0
9762,3257,0,0,0
9762,3351,0,0,0
9762,3352,0,0,0
9762,3353,0,0,0
9762,3354,0,0,0
9762,3355,0,0,0
9762,3356,0,0,0
9762,3357,0,0,0
9762,3358,0,0,0
9762,3359,0,0,0
9762,3360,0,0,0
9762,3361,0,0,0
9762,3401,0,0,0
9762,3402,0,0,0
9762,3403,0,0,0
9762,3404,0,0,0
9762,3405,0,0,0
9762,3451,0,0,0
9762,3452,0,0,0
9762,3453,0,0,0
9762,3454,0,0,0
9762,3455,0,0,0
9762,3456,0,0,0
9762,3457,0,0,0
9762,3458,0,0,0
9762,3459,0,0,0
9762,3460,0,0,0
9762,3461,0,0,0
9762,3462,0,0,0
9762,4011,0,0,0
9762,4012,0,0,0
9762,5111,0,0,0
9762,5112,0,0,0
9762,5113,0,0,0
9762,5114,0,0,0
9762,5116,0,0,0
9762,5117,0,0,0
9762,5119,0,0,0
9762,5120,0,0,0
9762,5122,0,0,0
9762,5124,0,0,0
9762,5154,0,0,0
9762,5158,0,0,0
9762,5162,0,0,0
9762,5166,0,0,0
9762,5170,0,0,0
9762,5314,0,0,0
9762,5315,19,0,19
9762,5316,0,0,0
9762,5334,0,0,0
9762,5358,0,0,0
9762,5362,0,0,0
9762,5366,0,0,0
9762,5370,0,0,0
9762,5374,0,0,0
9762,5378,0,0,0
9762,5382,0,0,0
9762,5512,0,0,0
9762,5513,0,0,0
9762,5515,0,0,0
9762,5554,0,0,0
9762,5558,0,0,0
9762,5562,0,0,0
9762,5566,0,0,0
9762,5570,0,0,0
9762,5711,0,0,0
9762,5754,0,0,0
9762,5758,0,0,0
9762,5762,0,0,0
9762,5766,0,0,0
9762,5770,0,0,0
9762,5774,0,0,0
9762,5911,0,0,0
9762,5913,0,0,0
9762,5914,0,0,0
9762,5915,14,14,0
9762,5916,0,0,0
9762,5954,0,0,0
9762,5958,10,10,0
9762,5962,0,0,0
9762,5966,0,0,0
9762,5970,0,0,0
9762,5974,0,0,0
9762,5978,0,0,0
9762,6411,0,0,0
9762,6412,17,0,17
9762,6413,0,0,0
9762,6414,0,0,0
9762,6431,0,0,0
9762,6432,0,0,0
9762,6433,0,0,0
9762,6434,0,0,0
9762,6435,0,0,0
9762,6436,0,0,0
9762,6437,0,0,0
9762,6438,0,0,0
9762,6439,0,0,0
9762,6440,0,0,0
9762,6531,0,0,0
9762,6532,0,0,0
9762,6533,0,0,0
9762,6534,0,0,0
9762,6535,0,0,0
9762,6611,0,0,0
9762,6631,0,0,0
9762,6632,0,0,0
9762,6633,0,0,0
9762,6634,0,0,0
9762,6635,0,0,0
9762,6636,0,0,0
9762,7111,0,0,0
9762,7131,0,0,0
9762,7132,0,0,0
9762,7133,0,0,0
9762,7134,0,0,0
9762,7135,0,0,0
9762,7137,0,0,0
9762,7138,0,0,0
9762,7140,0,0,0
9762,7141,0,0,0
9762,7143,0,0,0
9762,7211,0,0,0
9762,7231,0,0,0
9762,7232,0,0,0
9762,7233,0,0,0
9762,7235,0,0,0
9762,7311,0,0,0
9762,7312,0,0,0
9762,7313,0,0,0
9762,7314,0,0,0
9762,7315,0,0,0
9762,7316,0,0,0
9762,7317,0,0,0
9762,7318,0,0,0
9762,7319,0,0,0
9762,7320,0,0,0
9762,7331,0,0,0
9762,7332,0,0,0
9762,7333,0,0,0
9762,7334,0,0,0
9762,7335,0,0,0
9762,7336,0,0,0
9762,7337,0,0,0
9762,7338,0,0,0
9762,7339,0,0,0
9762,7340,0,0,0
9762,8111,10,0,10
9762,8115,0,0,0
9762,8116,16,0,16
9762,8117,0,0,0
9762,8118,0,0,0
9762,8119,0,0,0
9762,8121,0,0,0
9762,8125,0,0,0
9762,8126,0,0,0
9762,8127,0,0,0
9762,8128,0,0,0
9762,8135,0,0,0
9762,8136,0,0,0
9762,8211,0,0,0
9762,8212,0,0,0
9762,8215,0,0,0
9762,8216,0,0,0
9762,8221,0,0,0
9762,8222,0,0,0
9762,8225,0,0,0
9762,8226,0,0,0
9762,8231,0,0,0
9762,8235,0,0,0
9762,8236,0,0,0
9762,8237,0,0,0
9762,8311,0,0,0
9762,8315,0,0,0
9762,8316,0,0,0
9762,8317,0,0,0
9762,8325,0,0,0
9762,8326,0,0,0
9762,8327,0,0,0
9762,8335,0,0,0
9762,8336,0,0,0
9762,8337,0,0,0
9762,8415,0,0,0
9762,8416,0,0,0
9762,8417,0,0,0
9762,8421,111,81,30
9762,8425,52,52,0
9762,8426,60,31,29
9762,8435,0,0,0
9762,8436,67,36,31
9762,8437,0,0,0
9762,9161,30,19,11
9762,9162,702,153,549
9762,9163,0,0,0
9762,9171,0,0,0
9762,9172,0,0,0
9762,9173,25,14,11
9762,9174,25,11,14
9762,9175,10,10,0
9762,9176,0,0,0
9762,9177,0,0,0
9762,9178,32,15,17
9762,9179,85,32,53
9762,9180,25,12,13
9762,9181,1187,375,812
9762,9182,0,0,0
9762,9183,0,0,0
9762,9184,150,20,130
9762,9185,0,0,0
9762,9186,12,0,12
9762,9187,0,0,0
9762,9188,95,19,76
9762,9189,0,0,0
9762,9190,626,224,402
9762,9261,0,0,0
9762,9262,0,0,0
9762,9263,0,0,0
9762,9271,0,0,0
9762,9272,0,0,0
9762,9273,0,0,0
9762,9274,0,0,0
9762,9275,0,0,0
9762,9276,0,0,0
9762,9277,0,0,0
9762,9278,0,0,0
9762,9279,0,0,0
9762,9361,0,0,0
9762,9362,0,0,0
9762,9363,0,0,0
9762,9371,0,0,0
9762,9372,0,0,0
9762,9373,0,0,0
9762,9374,0,0,0
9762,9375,0,0,0
9762,9376,0,0,0
9762,9377,0,0,0
9762,9461,0,0,0
9762,9462,0,0,0
9762,9463,0,0,0
9762,9464,0,0,0
9762,9471,0,0,0
9762,9472,0,0,0
9762,9473,0,0,0
9762,9474,0,0,0
9762,9475,0,0,0
9762,9476,0,0,0
9762,9477,0,0,0
9762,9478,0,0,0
9762,9479,0,0,0
9762,9561,0,0,0
9762,9562,0,0,0
9762,9563,0,0,0
9762,9564,13,0,13
9762,9565,0,0,0
9762,9571,0,0,0
9762,9572,0,0,0
9762,9573,0,0,0
9762,9574,0,0,0
9762,9575,0,0,0
9762,9576,0,0,0
9762,9577,0,0,0
9762,9661,0,0,0
9762,9662,0,0,0
9762,9663,13,0,13
9762,9671,0,0,0
9762,9672,0,0,0
9762,9673,0,0,0
9762,9674,0,0,0
9762,9675,0,0,0
9762,9676,0,0,0
9762,9677,0,0,0
9762,9678,0,0,0
9762,9679,0,0,0
9762,9761,427,107,320
9762,9762,0,0,0
9762,9763,663,213,450
9762,9764,168,42,126
9762,9771,32,22,10
9762,9772,286,132,154
9762,9773,22,0,22
9762,9774,54,25,29
9762,9775,93,79,14
9762,9776,26,13,13
9762,9777,9908,6123,3785
9762,9778,2105,1039,1066
9762,9779,24,0,24
9762,9780,516,278,238
9762,10041,0,0,0
9762,10042,0,0,0
9762,10043,0,0,0
9762,10044,0,0,0
9762,10045,0,0,0
9762,10046,0,0,0
9762,11000,34,15,19
9762,12051,0,0,0
9762,12052,0,0,0
9762,12053,0,0,0
9762,12054,0,0,0
9762,12060,0,0,0
9762,12061,0,0,0
9762,12062,0,0,0
9762,12063,0,0,0
9762,12064,0,0,0
9762,12065,0,0,0
9762,12066,0,0,0
9762,12067,0,0,0
9762,12068,0,0,0
9762,12069,0,0,0
9762,12070,0,0,0
9762,12071,0,0,0
9762,12072,0,0,0
9762,12073,0,0,0
9762,13003,0,0,0
9762,13004,0,0,0
9762,13071,0,0,0
9762,13072,0,0,0
9762,13073,0,0,0
9762,13074,0,0,0
9762,13075,0,0,0
9762,13076,0,0,0
9762,14511,0,0,0
9762,14521,0,0,0
9762,14522,0,0,0
9762,14523,0,0,0
9762,14524,0,0,0
9762,14612,0,0,0
9762,14625,0,0,0
9762,14626,0,0,0
9762,14627,0,0,0
9762,14628,0,0,0
9762,14713,0,0,0
9762,14729,0,0,0
9762,14730,0,0,0
9762,15001,0,0,0
9762,15002,183,183,0
9762,15003,0,0,0
9762,15081,0,0,0
9762,15082,0,0,0
9762,15083,0,0,0
9762,15084,10,10,0
9762,15085,0,0,0
9762,15086,0,0,0
9762,15087,0,0,0
9762,15088,64,54,10
9762,15089,0,0,0
9762,15090,0,0,0
9762,15091,0,0,0
9762,16051,0,0,0
9762,16052,0,0,0
9762,16053,0,0,0
9762,16054,0,0,0
9762,16055,0,0,0
9762,16056,0,0,0
9762,16061,0,0,0
9762,16062,0,0,0
9762,16063,0,0,0
9762,16064,0,0,0
9762,16065,0,0,0
9762,16066,0,0,0
9762,16067,0,0,0
9762,16068,0,0,0
9762,16069,0,0,0
9762,16070,0,0,0
9762,16071,0,0,0
9762,16072,0,0,0
9762,16073,0,0,0
9762,16074,0,0,0
9762,16075,0,0,0
9762,16076,0,0,0
9762,16077,0,0,0
9763,1001,0,0,0
9763,1002,0,0,0
9763,1003,13,0,13
9763,1004,0,0,0
9763,1051,0,0,0
9763,1053,0,0,0
9763,1054,0,0,0
9763,1055,0,0,0
9763,1056,0,0,0
9763,1057,0,0,0
9763,1058,0,0,0
9763,1059,0,0,0
9763,1060,0,0,0
9763,1061,0,0,0
9763,1062,0,0,0
9763,2000,73,33,40
9763,3101,0,0,0
9763,3102,0,0,0
9763,3103,0,0,0
9763,3151,0,0,0
9763,3153,0,0,0
9763,3154,0,0,0
9763,3155,0,0,0
9763,3157,0,0,0
9763,3158,0,0,0
9763,3159,0,0,0
9763,3241,12,12,0
9763,3251,0,0,0
9763,3252,0,0,0
9763,3254,0,0,0
9763,3255,0,0,0
9763,3256,0,0,0
9763,3257,0,0,0
9763,3351,0,0,0
9763,3352,0,0,0
9763,3353,0,0,0
9763,3354,0,0,0
9763,3355,0,0,0
9763,3356,0,0,0
9763,3357,0,0,0
9763,3358,0,0,0
9763,3359,0,0,0
9763,3360,0,0,0
9763,3361,0,0,0
9763,3401,0,0,0
9763,3402,0,0,0
9763,3403,0,0,0
9763,3404,0,0,0
9763,3405,0,0,0
9763,3451,0,0,0
9763,3452,0,0,0
9763,3453,0,0,0
9763,3454,0,0,0
9763,3455,0,0,0
9763,3456,0,0,0
9763,3457,0,0,0
9763,3458,0,0,0
9763,3459,0,0,0
9763,3460,0,0,0
9763,3461,0,0,0
9763,3462,0,0,0
9763,4011,0,0,0
9763,4012,0,0,0
9763,5111,11,0,11
9763,5112,0,0,0
9763,5113,0,0,0
9763,5114,0,0,0
9763,5116,0,0,0
9763,5117,0,0,0
9763,5119,0,0,0
9763,5120,0,0,0
9763,5122,0,0,0
9763,5124,0,0,0
9763,5154,0,0,0
9763,5158,12,0,12
9763,5162,0,0,0
9763,5166,0,0,0
9763,5170,0,0,0
9763,5314,0,0,0
9763,5315,58,27,31
9763,5316,0,0,0
9763,5334,0,0,0
9763,5358,0,0,0
9763,5362,0,0,0
9763,5366,0,0,0
9763,5370,0,0,0
9763,5374,13,0,13
9763,5378,0,0,0
9763,5382,0,0,0
9763,5512,0,0,0
9763,5513,0,0,0
9763,5515,0,0,0
9763,5554,0,0,0
9763,5558,0,0,0
9763,5562,0,0,0
9763,5566,0,0,0
9763,5570,0,0,0
9763,5711,0,0,0
9763,5754,43,10,33
9763,5758,0,0,0
9763,5762,0,0,0
9763,5766,0,0,0
9763,5770,0,0,0
9763,5774,0,0,0
9763,5911,0,0,0
9763,5913,0,0,0
9763,5914,0,0,0
9763,5915,0,0,0
9763,5916,0,0,0
9763,5954,0,0,0
9763,5958,0,0,0
9763,5962,0,0,0
9763,5966,0,0,0
9763,5970,0,0,0
9763,5974,0,0,0
9763,5978,0,0,0
9763,6411,0,0,0
9763,6412,40,22,18
9763,6413,0,0,0
9763,6414,0,0,0
9763,6431,0,0,0
9763,6432,0,0,0
9763,6433,0,0,0
9763,6434,0,0,0
9763,6435,0,0,0
9763,6436,0,0,0
9763,6437,0,0,0
9763,6438,0,0,0
9763,6439,0,0,0
9763,6440,0,0,0
9763,6531,0,0,0
9763,6532,0,0,0
9763,6533,0,0,0
9763,6534,0,0,0
9763,6535,0,0,0
9763,6611,0,0,0
9763,6631,0,0,0
9763,6632,0,0,0
9763,6633,0,0,0
9763,6634,0,0,0
9763,6635,0,0,0
9763,6636,0,0,0
9763,7111,0,0,0
9763,7131,0,0,0
9763,7132,0,0,0
9763,7133,0,0,0
9763,7134,18,0,18
9763,7135,0,0,0
9763,7137,0,0,0
9763,7138,0,0,0
9763,7140,0,0,0
9763,7141,0,0,0
9763,7143,0,0,0
9763,7211,0,0,0
9763,7231,0,0,0
9763,7232,0,0,0
9763,7233,0,0,0
9763,7235,0,0,0
9763,7311,0,0,0
9763,7312,0,0,0
9763,7313,0,0,0
9763,7314,0,0,0
9763,7315,0,0,0
9763,7316,0,0,0
9763,7317,0,0,0
9763,7318,0,0,0
9763,7319,0,0,0
9763,7320,0,0,0
9763,7331,0,0,0
9763,7332,0,0,0
9763,7333,0,0,0
9763,7334,0,0,0
9763,7335,0,0,0
9763,7336,0,0,0
9763,7337,0,0,0
9763,7338,0,0,0
9763,7339,0,0,0
9763,7340,0,0,0
9763,8111,68,19,49
9763,8115,25,0,25
9763,8116,29,13,16
9763,8117,30,19,11
9763,8118,43,19,24
9763,8119,0,0,0
9763,8121,0,0,0
9763,8125,0,0,0
9763,8126,10,0,10
9763,8127,0,0,0
9763,8128,0,0,0
9763,8135,21,10,11
9763,8136,0,0,0
9763,8211,0,0,0
9763,8212,12,12,0
9763,8215,0,0,0
9763,8216,0,0,0
9763,8221,0,0,0
9763,8222,0,0,0
9763,8225,0,0,0
9763,8226,12,12,0
9763,8231,0,0,0
9763,8235,0,0,0
9763,8236,0,0,0
9763,8237,0,0,0
9763,8311,0,0,0
9763,8315,0,0,0
9763,8316,0,0,0
9763,8317,0,0,0
9763,8325,0,0,0
9763,8326,0,0,0
9763,8327,0,0,0
9763,8335,38,18,20
9763,8336,0,0,0
9763,8337,0,0,0
9763,8415,11,11,0
9763,8416,0,0,0
9763,8417,0,0,0
9763,8421,117,37,80
9763,8425,50,38,12
9763,8426,227,148,79
9763,8435,69,45,24
9763,8436,1274,726,548
9763,8437,10,10,0
9763,9161,12,0,12
9763,9162,455,98,357
9763,9163,0,0,0
9763,9171,0,0,0
9763,9172,0,0,0
9763,9173,12,12,0
9763,9174,34,0,34
9763,9175,0,0,0
9763,9176,0,0,0
9763,9177,0,0,0
9763,9178,34,11,23
9763,9179,29,15,14
9763,9180,22,22,0
9763,9181,139,84,55
9763,9182,10,0,10
9763,9183,0,0,0
9763,9184,123,23,100
9763,9185,0,0,0
9763,9186,11,0,11
9763,9187,0,0,0
9763,9188,37,14,23
9763,9189,24,0,24
9763,9190,148,103,45
9763,9261,0,0,0
9763,9262,0,0,0
9763,9263,0,0,0
9763,9271,0,0,0
9763,9272,0,0,0
9763,9273,0,0,0
9763,9274,0,0,0
9763,9275,0,0,0
9763,9276,0,0,0
9763,9277,0,0,0
9763,9278,0,0,0
9763,9279,0,0,0
9763,9361,0,0,0
9763,9362,12,0,12
9763,9363,0,0,0
9763,9371,0,0,0
9763,9372,0,0,0
9763,9373,0,0,0
9763,9374,0,0,0
9763,9375,0,0,0
9763,9376,0,0,0
9763,9377,0,0,0
9763,9461,0,0,0
9763,9462,0,0,0
9763,9463,0,0,0
9763,9464,0,0,0
9763,9471,0,0,0
9763,9472,0,0,0
9763,9473,0,0,0
9763,9474,0,0,0
9763,9475,0,0,0
9763,9476,0,0,0
9763,9477,0,0,0
9763,9478,0,0,0
9763,9479,0,0,0
9763,9561,0,0,0
9763,9562,0,0,0
9763,9563,0,0,0
9763,9564,38,11,27
9763,9565,0,0,0
9763,9571,0,0,0
9763,9572,0,0,0
9763,9573,0,0,0
9763,9574,0,0,0
9763,9575,0,0,0
9763,9576,0,0,0
9763,9577,0,0,0
9763,9661,0,0,0
9763,9662,0,0,0
9763,9663,0,0,0
9763,9671,0,0,0
9763,9672,0,0,0
9763,9673,0,0,0
9763,9674,0,0,0
9763,9675,0,0,0
9763,9676,0,0,0
9763,9677,0,0,0
9763,9678,0,0,0
9763,9679,0,0,0
9763,9761,433,94,339
9763,9762,663,450,213
9763,9763,0,0,0
9763,9764,999,474,525
9763,9771,37,26,11
9763,9772,144,79,65
9763,9773,0,0,0
9763,9774,101,59,42
9763,9775,164,118,46
9763,9776,488,311,177
9763,9777,4306,3073,1233
9763,9778,2197,1148,1049
9763,9779,0,0,0
9763,9780,20108,13010,7098
9763,10041,0,0,0
9763,10042,0,0,0
9763,10043,0,0,0
9763,10044,0,0,0
9763,10045,0,0,0
9763,10046,0,0,0
9763,11000,87,42,45
9763,12051,0,0,0
9763,12052,0,0,0
9763,12053,0,0,0
9763,12054,0,0,0
9763,12060,0,0,0
9763,12061,0,0,0
9763,12062,0,0,0
9763,12063,0,0,0
9763,12064,0,0,0
9763,12065,0,0,0
9763,12066,0,0,0
9763,12067,0,0,0
9763,12068,0,0,0
9763,12069,0,0,0
9763,12070,0,0,0
9763,12071,0,0,0
9763,12072,0,0,0
9763,12073,0,0,0
9763,13003,0,0,0
9763,13004,0,0,0
9763,13071,0,0,0
9763,13072,0,0,0
9763,13073,0,0,0
9763,13074,0,0,0
9763,13075,0,0,0
9763,13076,0,0,0
9763,14511,0,0,0
9763,14521,0,0,0
9763,14522,0,0,0
9763,14523,0,0,0
9763,14524,0,0,0
9763,14612,28,28,0
9763,14625,0,0,0
9763,14626,0,0,0
9763,14627,0,0,0
9763,14628,0,0,0
9763,14713,0,0,0
9763,14729,0,0,0
9763,14730,0,0,0
9763,15001,0,0,0
9763,15002,0,0,0
9763,15003,0,0,0
9763,15081,0,0,0
9763,15082,0,0,0
9763,15083,0,0,0
9763,15084,0,0,0
9763,15085,0,0,0
9763,15086,0,0,0
9763,15087,0,0,0
9763,15088,0,0,0
9763,15089,0,0,0
9763,15090,0,0,0
9763,15091,0,0,0
9763,16051,0,0,0
9763,16052,0,0,0
9763,16053,0,0,0
9763,16054,0,0,0
9763,16055,0,0,0
9763,16056,0,0,0
9763,16061,0,0,0
9763,16062,0,0,0
9763,16063,0,0,0
9763,16064,0,0,0
9763,16065,0,0,0
9763,16066,0,0,0
9763,16067,0,0,0
9763,16068,0,0,0
9763,16069,0,0,0
9763,16070,0,0,0
9763,16071,0,0,0
9763,16072,0,0,0
9763,16073,0,0,0
9763,16074,0,0,0
9763,16075,0,0,0
9763,16076,0,0,0
9763,16077,0,0,0
9764,1001,0,0,0
9764,1002,0,0,0
9764,1003,0,0,0
9764,1004,0,0,0
9764,1051,0,0,0
9764,1053,0,0,0
9764,1054,0,0,0
9764,1055,0,0,0
9764,1056,0,0,0
9764,1057,0,0,0
9764,1058,0,0,0
9764,1059,0,0,0
9764,1060,0,0,0
9764,1061,0,0,0
9764,1062,0,0,0
9764,2000,50,0,50
9764,3101,0,0,0
9764,3102,0,0,0
9764,3103,0,0,0
9764,3151,0,0,0
9764,3153,0,0,0
9764,3154,0,0,0
9764,3155,0,0,0
9764,3157,0,0,0
9764,3158,0,0,0
9764,3159,0,0,0
9764,3241,25,0,25
9764,3251,0,0,0
9764,3252,0,0,0
9764,3254,0,0,0
9764,3255,0,0,0
9764,3256,0,0,0
9764,3257,0,0,0
9764,3351,0,0,0
9764,3352,0,0,0
9764,3353,0,0,0
9764,3354,0,0,0
9764,3355,0,0,0
9764,3356,0,0,0
9764,3357,0,0,0
9764,3358,0,0,0
9764,3359,0,0,0
9764,3360,0,0,0
9764,3361,0,0,0
9764,3401,0,0,0
9764,3402,0,0,0
9764,3403,0,0,0
9764,3404,0,0,0
9764,3405,0,0,0
9764,3451,0,0,0
9764,3452,0,0,0
9764,3453,0,0,0
9764,3454,0,0,0
9764,3455,0,0,0
9764,3456,0,0,0
9764,3457,0,0,0
9764,3458,0,0,0
9764,3459,0,0,0
9764,3460,0,0,0
9764,3461,0,0,0
9764,3462,0,0,0
9764,4011,0,0,0
9764,4012,0,0,0
9764,5111,0,0,0
9764,5112,0,0,0
9764,5113,0,0,0
9764,5114,0,0,0
9764,5116,0,0,0
9764,5117,0,0,0
9764,5119,0,0,0
9764,5120,0,0,0
9764,5122,0,0,0
9764,5124,0,0,0
9764,5154,0,0,0
9764,5158,0,0,0
9764,5162,0,0,0
9764,5166,0,0,0
9764,5170,0,0,0
9764,5314,0,0,0
9764,5315,22,0,22
9764,5316,0,0,0
9764,5334,0,0,0
9764,5358,0,0,0
9764,5362,0,0,0
9764,5366,0,0,0
9764,5370,0,0,0
9764,5374,0,0,0
9764,5378,0,0,0
9764,5382,0,0,0
9764,5512,0,0,0
9764,5513,0,0,0
9764,5515,0,0,0
9764,5554,0,0,0
9764,5558,0,0,0
9764,5562,0,0,0
9764,5566,0,0,0
9764,5570,0,0,0
9764,5711,0,0,0
9764,5754,0,0,0
9764,5758,0,0,0
9764,5762,0,0,0
9764,5766,0,0,0
9764,5770,0,0,0
9764,5774,0,0,0
9764,5911,0,0,0
9764,5913,0,0,0
9764,5914,0,0,0
9764,5915,0,0,0
9764,5916,0,0,0
9764,5954,0,0,0
9764,5958,0,0,0
9764,5962,0,0,0
9764,5966,0,0,0
9764,5970,0,0,0
9764,5974,0,0,0
9764,5978,0,0,0
9764,6411,0,0,0
9764,6412,17,0,17
9764,6413,0,0,0
9764,6414,0,0,0
9764,6431,0,0,0
9764,6432,0,0,0
9764,6433,0,0,0
9764,6434,0,0,0
9764,6435,0,0,0
9764,6436,0,0,0
9764,6437,0,0,0
9764,6438,0,0,0
9764,6439,0,0,0
9764,6440,0,0,0
9764,6531,0,0,0
9764,6532,0,0,0
9764,6533,0,0,0
9764,6534,0,0,0
9764,6535,0,0,0
9764,6611,0,0,0
9764,6631,0,0,0
9764,6632,0,0,0
9764,6633,0,0,0
9764,6634,0,0,0
9764,6635,0,0,0
9764,6636,0,0,0
9764,7111,0,0,0
9764,7131,0,0,0
9764,7132,0,0,0
9764,7133,0,0,0
9764,7134,0,0,0
9764,7135,0,0,0
9764,7137,0,0,0
9764,7138,0,0,0
9764,7140,0,0,0
9764,7141,0,0,0
9764,7143,0,0,0
9764,7211,0,0,0
9764,7231,0,0,0
9764,7232,0,0,0
9764,7233,0,0,0
9764,7235,0,0,0
9764,7311,0,0,0
9764,7312,0,0,0
9764,7313,0,0,0
9764,7314,0,0,0
9764,7315,0,0,0
9764,7316,0,0,0
9764,7317,0,0,0
9764,7318,0,0,0
9764,7319,0,0,0
9764,7320,0,0,0
9764,7331,0,0,0
9764,7332,0,0,0
9764,7333,0,0,0
9764,7334,0,0,0
9764,7335,0,0,0
9764,7336,0,0,0
9764,7337,0,0,0
9764,7338,0,0,0
9764,7339,0,0,0
9764,7340,0,0,0
9764,8111,63,23,40
9764,8115,11,11,0
9764,8116,18,0,18
9764,8117,0,0,0
9764,8118,21,21,0
9764,8119,13,13,0
9764,8121,0,0,0
9764,8125,11,0,11
9764,8126,0,0,0
9764,8127,0,0,0
9764,8128,0,0,0
9764,8135,40,18,22
9764,8136,11,11,0
9764,8211,0,0,0
9764,8212,16,0,16
9764,8215,0,0,0
9764,8216,0,0,0
9764,8221,0,0,0
9764,8222,0,0,0
9764,8225,21,0,21
9764,8226,11,11,0
9764,8231,0,0,0
9764,8235,0,0,0
9764,8236,0,0,0
9764,8237,0,0,0
9764,8311,0,0,0
9764,8315,0,0,0
9764,8316,0,0,0
9764,8317,0,0,0
9764,8325,0,0,0
9764,8326,0,0,0
9764,8327,0,0,0
9764,8335,0,0,0
9764,8336,0,0,0
9764,8337,0,0,0
9764,8415,0,0,0
9764,8416,0,0,0
9764,8417,11,11,0
9764,8421,273,123,150
9764,8425,226,187,39
9764,8426,3207,2400,807
9764,8435,46,28,18
9764,8436,1874,1321,553
9764,8437,17,17,0
9764,9161,0,0,0
9764,9162,313,83,230
9764,9163,0,0,0
9764,9171,0,0,0
9764,9172,0,0,0
9764,9173,0,0,0
9764,9174,0,0,0
9764,9175,0,0,0
9764,9176,0,0,0
9764,9177,0,0,0
9764,9178,13,0,13
9764,9179,16,16,0
9764,9180,23,23,0
9764,9181,118,83,35
9764,9182,0,0,0
9764,9183,0,0,0
9764,9184,78,10,68
9764,9185,0,0,0
9764,9186,0,0,0
9764,9187,0,0,0
9764,9188,15,0,15
9764,9189,0,0,0
9764,9190,19,19,0
9764,9261,0,0,0
9764,9262,0,0,0
9764,9263,0,0,0
9764,9271,33,33,0
9764,9272,0,0,0
9764,9273,0,0,0
9764,9274,0,0,0
9764,9275,0,0,0
9764,9276,0,0,0
9764,9277,0,0,0
9764,9278,0,0,0
9764,9279,0,0,0
9764,9361,0,0,0
9764,9362,0,0,0
9764,9363,0,0,0
9764,9371,0,0,0
9764,9372,0,0,0
9764,9373,0,0,0
9764,9374,0,0,0
9764,9375,0,0,0
9764,9376,0,0,0
9764,9377,0,0,0
9764,9461,0,0,0
9764,9462,0,0,0
9764,9463,0,0,0
9764,9464,0,0,0
9764,9471,0,0,0
9764,9472,0,0,0
9764,9473,0,0,0
9764,9474,0,0,0
9764,9475,0,0,0
9764,9476,0,0,0
9764,9477,0,0,0
9764,9478,0,0,0
9764,9479,0,0,0
9764,9561,0,0,0
9764,9562,0,0,0
9764,9563,0,0,0
9764,9564,22,11,11
9764,9565,0,0,0
9764,9571,0,0,0
9764,9572,0,0,0
9764,9573,0,0,0
9764,9574,0,0,0
9764,9575,50,50,0
9764,9576,0,0,0
9764,9577,0,0,0
9764,9661,0,0,0
9764,9662,0,0,0
9764,9663,0,0,0
9764,9671,0,0,0
9764,9672,0,0,0
9764,9673,0,0,0
9764,9674,0,0,0
9764,9675,0,0,0
9764,9676,0,0,0
9764,9677,0,0,0
9764,9678,0,0,0
9764,9679,0,0,0
9764,9761,214,68,146
9764,9762,168,126,42
9764,9763,999,525,474
9764,9764,0,0,0
9764,9771,14,14,0
9764,9772,137,93,44
9764,9773,14,14,0
9764,9774,196,172,24
9764,9775,1080,838,242
9764,9776,211,155,56
9764,9777,555,454,101
9764,9778,14394,11015,3379
9764,9779,0,0,0
9764,9780,1119,908,211
9764,10041,11,0,11
9764,10042,0,0,0
9764,10043,0,0,0
9764,10044,0,0,0
9764,10045,0,0,0
9764,10046,0,0,0
9764,11000,36,17,19
9764,12051,0,0,0
9764,12052,0,0,0
9764,12053,0,0,0
9764,12054,20,0,20
9764,12060,0,0,0
9764,12061,0,0,0
9764,12062,0,0,0
9764,12063,0,0,0
9764,12064,0,0,0
9764,12065,0,0,0
9764,12066,0,0,0
9764,12067,0,0,0
9764,12068,0,0,0
9764,12069,0,0,0
9764,12070,0,0,0
9764,12071,0,0,0
9764,12072,0,0,0
9764,12073,0,0,0
9764,13003,0,0,0
9764,13004,0,0,0
9764,13071,0,0,0
9764,13072,0,0,0
9764,13073,0,0,0
9764,13074,0,0,0
9764,13075,0,0,0
9764,13076,0,0,0
9764,14511,0,0,0
9764,14521,0,0,0
9764,14522,11,11,0
9764,14523,0,0,0
9764,14524,0,0,0
9764,14612,0,0,0
9764,14625,0,0,0
9764,14626,0,0,0
9764,14627,0,0,0
9764,14628,11,11,0
9764,14713,12,12,0
9764,14729,0,0,0
9764,14730,0,0,0
9764,15001,0,0,0
9764,15002,0,0,0
9764,15003,0,0,0
9764,15081,0,0,0
9764,15082,0,0,0
9764,15083,0,0,0
9764,15084,0,0,0
9764,15085,0,0,0
9764,15086,0,0,0
9764,15087,0,0,0
9764,15088,0,0,0
9764,15089,0,0,0
9764,15090,0,0,0
9764,15091,0,0,0
9764,16051,0,0,0
9764,16052,0,0,0
9764,16053,0,0,0
9764,16054,0,0,0
9764,16055,0,0,0
9764,16056,0,0,0
9764,16061,0,0,0
9764,16062,0,0,0
9764,16063,0,0,0
9764,16064,0,0,0
9764,16065,0,0,0
9764,16066,0,0,0
9764,16067,0,0,0
9764,16068,0,0,0
9764,16069,0,0,0
9764,16070,0,0,0
9764,16071,0,0,0
9764,16072,0,0,0
9764,16073,0,0,0
9764,16074,0,0,0
9764,16075,0,0,0
9764,16076,0,0,0
9764,16077,0,0,0
9771,1001,0,0,0
9771,1002,0,0,0
9771,1003,0,0,0
9771,1004,0,0,0
9771,1051,0,0,0
9771,1053,0,0,0
9771,1054,0,0,0
9771,1055,0,0,0
9771,1056,0,0,0
9771,1057,0,0,0
9771,1058,0,0,0
9771,1059,0,0,0
9771,1060,0,0,0
9771,1061,0,0,0
9771,1062,0,0,0
9771,2000,98,19,79
9771,3101,0,0,0
9771,3102,0,0,0
9771,3103,0,0,0
9771,3151,0,0,0
9771,3153,0,0,0
9771,3154,0,0,0
9771,3155,0,0,0
9771,3157,0,0,0
9771,3158,0,0,0
9771,3159,0,0,0
9771,3241,27,0,27
9771,3251,0,0,0
9771,3252,0,0,0
9771,3254,0,0,0
9771,3255,0,0,0
9771,3256,0,0,0
9771,3257,0,0,0
9771,3351,0,0,0
9771,3352,0,0,0
9771,3353,0,0,0
9771,3354,0,0,0
9771,3355,0,0,0
9771,3356,18,0,18
9771,3357,0,0,0
9771,3358,0,0,0
9771,3359,0,0,0
9771,3360,0,0,0
9771,3361,0,0,0
9771,3401,0,0,0
9771,3402,0,0,0
9771,3403,0,0,0
9771,3404,0,0,0
9771,3405,0,0,0
9771,3451,0,0,0
9771,3452,0,0,0
9771,3453,0,0,0
9771,3454,0,0,0
9771,3455,0,0,0
9771,3456,0,0,0
9771,3457,0,0,0
9771,3458,0,0,0
9771,3459,0,0,0
9771,3460,0,0,0
9771,3461,0,0,0
9771,3462,0,0,0
9771,4011,21,0,21
9771,4012,0,0,0
9771,5111,59,0,59
9771,5112,10,0,10
9771,5113,12,0,12
9771,5114,0,0,0
9771,5116,0,0,0
9771,5117,0,0,0
9771,5119,0,0,0
9771,5120,0,0,0
9771,5122,0,0,0
9771,5124,0,0,0
9771,5154,0,0,0
9771,5158,29,0,29
9771,5162,31,10,21
9771,5166,0,0,0
9771,5170,0,0,0
9771,5314,0,0,0
9771,5315,60,0,60
9771,5316,0,0,0
9771,5334,12,0,12
9771,5358,0,0,0
9771,5362,0,0,0
9771,5366,0,0,0
9771,5370,0,0,0
9771,5374,32,12,20
9771,5378,0,0,0
9771,5382,0,0,0
9771,5512,0,0,0
9771,5513,0,0,0
9771,5515,10,0,10
9771,5554,0,0,0
9771,5558,0,0,0
9771,5562,0,0,0
9771,5566,15,0,15
9771,5570,0,0,0
9771,5711,0,0,0
9771,5754,17,0,17
9771,5758,0,0,0
9771,5762,0,0,0
9771,5766,0,0,0
9771,5770,0,0,0
9771,5774,0,0,0
9771,5911,0,0,0
9771,5913,17,0,17
9771,5914,0,0,0
9771,5915,0,0,0
9771,5916,0,0,0
9771,5954,0,0,0
9771,5958,0,0,0
9771,5962,0,0,0
9771,5966,0,0,0
9771,5970,0,0,0
9771,5974,0,0,0
9771,5978,11,0,11
9771,6411,11,0,11
9771,6412,100,20,80
9771,6413,0,0,0
9771,6414,19,0,19
9771,6431,10,0,10
9771,6432,39,24,15
9771,6433,0,0,0
9771,6434,29,0,29
9771,6435,0,0,0
9771,6436,26,0,26
9771,6437,0,0,0
9771,6438,38,0,38
9771,6439,0,0,0
9771,6440,0,0,0
9771,6531,0,0,0
9771,6532,0,0,0
9771,6533,0,0,0
9771,6534,0,0,0
9771,6535,0,0,0
9771,6611,0,0,0
9771,6631,15,15,0
9771,6632,0,0,0
9771,6633,0,0,0
9771,6634,0,0,0
9771,6635,0,0,0
9771,6636,0,0,0
9771,7111,0,0,0
9771,7131,0,0,0
9771,7132,0,0,0
9771,7133,0,0,0
9771,7134,0,0,0
9771,7135,0,0,0
9771,7137,0,0,0
9771,7138,0,0,0
9771,7140,0,0,0
9771,7141,0,0,0
9771,7143,0,0,0
9771,7211,0,0,0
9771,7231,0,0,0
9771,7232,0,0,0
9771,7233,0,0,0
9771,7235,0,0,0
9771,7311,0,0,0
9771,7312,0,0,0
9771,7313,0,0,0
9771,7314,0,0,0
9771,7315,12,0,12
9771,7316,0,0,0
9771,7317,0,0,0
9771,7318,0,0,0
9771,7319,0,0,0
9771,7320,0,0,0
9771,7331,0,0,0
9771,7332,0,0,0
9771,7333,0,0,0
9771,7334,0,0,0
9771,7335,0,0,0
9771,7336,0,0,0
9771,7337,0,0,0
9771,7338,0,0,0
9771,7339,0,0,0
9771,7340,0,0,0
9771,8111,84,14,70
9771,8115,36,13,23
9771,8116,33,0,33
9771,8117,13,0,13
9771,8118,41,15,26
9771,8119,38,38,0
9771,8121,10,0,10
9771,8125,16,0,16
9771,8126,15,0,15
9771,8127,15,15,0
9771,8128,0,0,0
9771,8135,14,0,14
9771,8136,33,14,19
9771,8211,0,0,0
9771,8212,12,0,12
9771,8215,0,0,0
9771,8216,0,0,0
9771,8221,11,0,11
9771,8222,19,0,19
9771,8225,0,0,0
9771,8226,36,11,25
9771,8231,0,0,0
9771,8235,0,0,0
9771,8236,0,0,0
9771,8237,0,0,0
9771,8311,12,0,12
9771,8315,14,0,14
9771,8316,0,0,0
9771,8317,29,10,19
9771,8325,0,0,0
9771,8326,0,0,0
9771,8327,0,0,0
9771,8335,0,0,0
9771,8336,0,0,0
9771,8337,0,0,0
9771,8415,0,0,0
9771,8416,0,0,0
9771,8417,10,0,10
9771,8421,61,0,61
9771,8425,34,17,17
9771,8426,11,0,11
9771,8435,17,0,17
9771,8436,14,14,0
9771,8437,0,0,0
9771,9161,538,50,488
9771,9162,6629,433,6196
9771,9163,11,0,11
9771,9171,24,14,10
9771,9172,0,0,0
9771,9173,40,20,20
9771,9174,2193,591,1602
9771,9175,115,31,84
9771,9176,103,18,85
9771,9177,75,25,50
9771,9178,299,56,243
9771,9179,1401,369,1032
9771,9180,14,14,0
9771,9181,892,401,491
9771,9182,33,0,33
9771,9183,34,16,18
9771,9184,1241,73,1168
9771,9185,2951,1163,1788
9771,9186,538,150,388
9771,9187,50,15,35
9771,9188,368,40,328
9771,9189,27,12,15
9771,9190,72,24,48
9771,9261,13,0,13
9771,9262,14,14,0
9771,9263,0,0,0
9771,9271,0,0,0
9771,9272,0,0,0
9771,9273,112,89,23
9771,9274,36,23,13
9771,9275,13,13,0
9771,9276,0,0,0
9771,9277,0,0,0
9771,9278,0,0,0
9771,9279,14,0,14
9771,9361,0,0,0
9771,9362,31,0,31
9771,9363,0,0,0
9771,9371,0,0,0
9771,9372,11,0,11
9771,9373,0,0,0
9771,9374,0,0,0
9771,9375,12,12,0
9771,9376,13,13,0
9771,9377,0,0,0
9771,9461,0,0,0
9771,9462,0,0,0
9771,9463,0,0,0
9771,9464,0,0,0
9771,9471,0,0,0
9771,9472,0,0,0
9771,9473,0,0,0
9771,9474,0,0,0
9771,9475,0,0,0
9771,9476,0,0,0
9771,9477,0,0,0
9771,9478,0,0,0
9771,9479,0,0,0
9771,9561,0,0,0
9771,9562,27,0,27
9771,9563,19,19,0
9771,9564,188,79,109
9771,9565,0,0,0
9771,9571,25,14,11
9771,9572,0,0,0
9771,9573,0,0,0
9771,9574,28,28,0
9771,9575,0,0,0
9771,9576,14,14,0
9771,9577,17,17,0
9771,9661,0,0,0
9771,9662,0,0,0
9771,9663,37,0,37
9771,9671,0,0,0
9771,9672,0,0,0
9771,9673,0,0,0
9771,9674,0,0,0
9771,9675,0,0,0
9771,9676,0,0,0
9771,9677,0,0,0
9771,9678,0,0,0
9771,9679,0,0,0
9771,9761,20878,6923,13955
9771,9762,32,10,22
9771,9763,37,11,26
9771,9764,14,0,14
9771,9771,0,0,0
9771,9772,7290,3372,3918
9771,9773,398,164,234
9771,9774,263,107,156
9771,9775,54,22,32
9771,9776,0,0,0
9771,9777,116,49,67
9771,9778,107,60,47
9771,9779,1010,293,717
9771,9780,53,29,24
9771,10041,13,0,13
9771,10042,0,0,0
9771,10043,0,0,0
9771,10044,0,0,0
9771,10045,0,0,0
9771,10046,0,0,0
9771,11000,118,30,88
9771,12051,0,0,0
9771,12052,0,0,0
9771,12053,0,0,0
9771,12054,0,0,0
9771,12060,0,0,0
9771,12061,0,0,0
9771,12062,0,0,0
9771,12063,0,0,0
9771,12064,0,0,0
9771,12065,0,0,0
9771,12066,0,0,0
9771,12067,0,0,0
9771,12068,0,0,0
9771,12069,0,0,0
9771,12070,0,0,0
9771,12071,0,0,0
9771,12072,0,0,0
9771,12073,0,0,0
9771,13003,0,0,0
9771,13004,0,0,0
9771,13071,0,0,0
9771,13072,0,0,0
9771,13073,0,0,0
9771,13074,0,0,0
9771,13075,0,0,0
9771,13076,0,0,0
9771,14511,0,0,0
9771,14521,13,13,0
9771,14522,0,0,0
9771,14523,0,0,0
9771,14524,0,0,0
9771,14612,10,10,0
9771,14625,0,0,0
9771,14626,10,10,0
9771,14627,0,0,0
9771,14628,0,0,0
9771,14713,14,14,0
9771,14729,10,10,0
9771,14730,0,0,0
9771,15001,0,0,0
9771,15002,0,0,0
9771,15003,0,0,0
9771,15081,0,0,0
9771,15082,0,0,0
9771,15083,0,0,0
9771,15084,0,0,0
9771,15085,0,0,0
9771,15086,0,0,0
9771,15087,0,0,0
9771,15088,0,0,0
9771,15089,0,0,0
9771,15090,0,0,0
9771,15091,0,0,0
9771,16051,0,0,0
9771,16052,0,0,0
9771,16053,0,0,0
9771,16054,0,0,0
9771,16055,0,0,0
9771,16056,0,0,0
9771,16061,0,0,0
9771,16062,0,0,0
9771,16063,0,0,0
9771,16064,0,0,0
9771,16065,0,0,0
9771,16066,0,0,0
9771,16067,0,0,0
9771,16068,0,0,0
9771,16069,0,0,0
9771,16070,0,0,0
9771,16071,0,0,0
9771,16072,0,0,0
9771,16073,0,0,0
9771,16074,0,0,0
9771,16075,0,0,0
9771,16076,0,0,0
9771,16077,0,0,0
9772,1001,0,0,0
9772,1002,22,10,12
9772,1003,11,0,11
9772,1004,0,0,0
9772,1051,0,0,0
9772,1053,0,0,0
9772,1054,0,0,0
9772,1055,0,0,0
9772,1056,10,0,10
9772,1057,0,0,0
9772,1058,0,0,0
9772,1059,0,0,0
9772,1060,27,17,10
9772,1061,0,0,0
9772,1062,0,0,0
9772,2000,183,46,137
9772,3101,0,0,0
9772,3102,0,0,0
9772,3103,0,0,0
9772,3151,0,0,0
9772,3153,0,0,0
9772,3154,0,0,0
9772,3155,0,0,0
9772,3157,0,0,0
9772,3158,0,0,0
9772,3159,0,0,0
9772,3241,65,20,45
9772,3251,0,0,0
9772,3252,0,0,0
9772,3254,0,0,0
9772,3255,0,0,0
9772,3256,0,0,0
9772,3257,0,0,0
9772,3351,0,0,0
9772,3352,0,0,0
9772,3353,0,0,0
9772,3354,0,0,0
9772,3355,0,0,0
9772,3356,0,0,0
9772,3357,0,0,0
9772,3358,0,0,0
9772,3359,0,0,0
9772,3360,0,0,0
9772,3361,0,0,0
9772,3401,0,0,0
9772,3402,0,0,0
9772,3403,0,0,0
9772,3404,33,0,33
9772,3405,0,0,0
9772,3451,0,0,0
9772,3452,0,0,0
9772,3453,0,0,0
9772,3454,12,0,12
9772,3455,0,0,0
9772,3456,0,0,0
9772,3457,0,0,0
9772,3458,0,0,0
9772,3459,0,0,0
9772,3460,0,0,0
9772,3461,0,0,0
9772,3462,0,0,0
9772,4011,57,11,46
9772,4012,0,0,0
9772,5111,108,18,90
9772,5112,20,0,20
9772,5113,34,10,24
9772,5114,11,0,11
9772,5116,23,10,13
9772,5117,15,0,15
9772,5119,12,0,12
9772,5120,0,0,0
9772,5122,0,0,0
9772,5124,0,0,0
9772,5154,0,0,0
9772,5158,35,12,23
9772,5162,26,0,26
9772,5166,15,0,15
9772,5170,0,0,0
9772,5314,21,0,21
9772,5315,112,31,81
9772,5316,0,0,0
9772,5334,37,15,22
9772,5358,12,0,12
9772,5362,0,0,0
9772,5366,0,0,0
9772,5370,0,0,0
9772,5374,38,10,28
9772,5378,22,12,10
9772,5382,15,0,15
9772,5512,0,0,0
9772,5513,13,0,13
9772,5515,18,0,18
9772,5554,0,0,0
9772,5558,0,0,0
9772,5562,18,0,18
9772,5566,24,0,24
9772,5570,16,0,16
9772,5711,10,0,10
9772,5754,40,15,25
9772,5758,0,0,0
9772,5762,0,0,0
9772,5766,0,0,0
9772,5770,15,0,15
9772,5774,12,0,12
9772,5911,18,0,18
9772,5913,27,10,17
9772,5914,0,0,0
9772,5915,0,0,0
9772,5916,0,0,0
9772,5954,43,10,33
9772,5958,13,0,13
9772,5962,14,14,0
9772,5966,0,0,0
9772,5970,10,0,10
9772,5974,15,0,15
9772,5978,18,0,18
9772,6411,0,0,0
9772,6412,166,23,143
9772,6413,0,0,0
9772,6414,48,16,32
9772,6431,14,0,14
9772,6432,13,0,13
9772,6433,25,0,25
9772,6434,42,0,42
9772,6435,45,19,26
9772,6436,34,0,34
9772,6437,0,0,0
9772,6438,133,15,118
9772,6439,10,10,0
9772,6440,11,0,11
9772,6531,0,0,0
9772,6532,13,0,13
9772,6533,47,0,47
9772,6534,11,11,0
9772,6535,0,0,0
9772,6611,0,0,0
9772,6631,10,10,0
9772,6632,0,0,0
9772,6633,0,0,0
9772,6634,0,0,0
9772,6635,0,0,0
9772,6636,0,0,0
9772,7111,0,0,0
9772,7131,0,0,0
9772,7132,0,0,0
9772,7133,0,0,0
9772,7134,0,0,0
9772,7135,0,0,0
9772,7137,18,18,0
9772,7138,26,13,13
9772,7140,0,0,0
9772,7141,0,0,0
9772,7143,0,0,0
9772,7211,0,0,0
9772,7231,0,0,0
9772,7232,0,0,0
9772,7233,0,0,0
9772,7235,0,0,0
9772,7311,0,0,0
9772,7312,0,0,0
9772,7313,0,0,0
9772,7314,0,0,0
9772,7315,31,0,31
9772,7316,0,0,0
9772,7317,0,0,0
9772,7318,0,0,0
9772,7319,0,0,0
9772,7320,0,0,0
9772,7331,0,0,0
9772,7332,0,0,0
9772,7333,0,0,0
9772,7334,0,0,0
9772,7335,0,0,0
9772,7336,0,0,0
9772,7337,0,0,0
9772,7338,0,0,0
9772,7339,0,0,0
9772,7340,0,0,0
9772,8111,197,63,134
9772,8115,58,28,30
9772,8116,152,65,87
9772,8117,76,36,40
9772,8118,87,39,48
9772,8119,50,27,23
9772,8121,35,17,18
9772,8125,82,49,33
9772,8126,35,0,35
9772,8127,21,21,0
9772,8128,31,13,18
9772,8135,109,51,58
9772,8136,127,87,40
9772,8211,0,0,0
9772,8212,53,19,34
9772,8215,68,34,34
9772,8216,10,0,10
9772,8221,14,0,14
9772,8222,52,14,38
9772,8225,0,0,0
9772,8226,66,29,37
9772,8231,33,22,11
9772,8235,0,0,0
9772,8236,12,0,12
9772,8237,0,0,0
9772,8311,11,0,11
9772,8315,25,15,10
9772,8316,0,0,0
9772,8317,49,21,28
9772,8325,11,11,0
9772,8326,15,15,0
9772,8327,0,0,0
9772,8335,39,20,19
9772,8336,37,37,0
9772,8337,26,26,0
9772,8415,61,43,18
9772,8416,19,19,0
9772,8417,32,15,17
9772,8421,273,55,218
9772,8425,120,49,71
9772,8426,110,38,72
9772,8435,52,29,23
9772,8436,84,36,48
9772,8437,12,0,12
9772,9161,192,52,140
9772,9162,5424,593,4831
9772,9163,26,13,13
9772,9171,26,14,12
9772,9172,35,0,35
9772,9173,68,29,39
9772,9174,514,161,353
9772,9175,98,31,67
9772,9176,112,41,71
9772,9177,89,32,57
9772,9178,357,127,230
9772,9179,822,249,573
9772,9180,59,31,28
9772,9181,3916,1298,2618
9772,9182,92,14,78
9772,9183,35,16,19
9772,9184,1146,94,1052
9772,9185,504,246,258
9772,9186,136,49,87
9772,9187,95,59,36
9772,9188,428,51,377
9772,9189,53,34,19
9772,9190,204,81,123
9772,9261,35,19,16
9772,9262,11,0,11
9772,9263,20,10,10
9772,9271,28,12,16
9772,9272,13,13,0
9772,9273,30,12,18
9772,9274,55,35,20
9772,9275,11,11,0
9772,9276,0,0,0
9772,9277,10,0,10
9772,9278,12,12,0
9772,9279,15,15,0
9772,9361,11,0,11
9772,9362,66,23,43
9772,9363,0,0,0
9772,9371,0,0,0
9772,9372,26,0,26
9772,9373,38,27,11
9772,9374,0,0,0
9772,9375,44,24,20
9772,9376,12,12,0
9772,9377,0,0,0
9772,9461,0,0,0
9772,9462,23,13,10
9772,9463,0,0,0
9772,9464,0,0,0
9772,9471,16,16,0
9772,9472,12,12,0
9772,9473,0,0,0
9772,9474,16,16,0
9772,9475,15,0,15
9772,9476,0,0,0
9772,9477,10,10,0
9772,9478,0,0,0
9772,9479,0,0,0
9772,9561,0,0,0
9772,9562,32,0,32
9772,9563,50,28,22
9772,9564,373,133,240
9772,9565,19,19,0
9772,9571,70,19,51
9772,9572,12,12,0
9772,9573,32,32,0
9772,9574,46,29,17
9772,9575,13,13,0
9772,9576,32,22,10
9772,9577,59,32,27
9772,9661,0,0,0
9772,9662,14,14,0
9772,9663,25,11,14
9772,9671,0,0,0
9772,9672,0,0,0
9772,9673,0,0,0
9772,9674,0,0,0
9772,9675,0,0,0
9772,9676,0,0,0
9772,9677,12,0,12
9772,9678,10,0,10
9772,9679,12,12,0
9772,9761,55704,18604,37100
9772,9762,286,154,132
9772,9763,144,65,79
9772,9764,137,44,93
9772,9771,7290,3918,3372
9772,9772,0,0,0
9772,9773,3545,1857,1688
9772,9774,3900,1843,2057
9772,9775,323,169,154
9772,9776,58,31,27
9772,9777,871,347,524
9772,9778,1983,859,1124
9772,9779,3616,1366,2250
9772,9780,145,67,78
9772,10041,15,0,15
9772,10042,0,0,0
9772,10043,0,0,0
9772,10044,0,0,0
9772,10045,0,0,0
9772,10046,0,0,0
9772,11000,200,74,126
9772,12051,0,0,0
9772,12052,0,0,0
9772,12053,0,0,0
9772,12054,16,0,16
9772,12060,0,0,0
9772,12061,0,0,0
9772,12062,0,0,0
9772,12063,0,0,0
9772,12064,0,0,0
9772,12065,0,0,0
9772,12066,0,0,0
9772,12067,0,0,0
9772,12068,0,0,0
9772,12069,0,0,0
9772,12070,0,0,0
9772,12071,0,0,0
9772,12072,0,0,0
9772,12073,0,0,0
9772,13003,0,0,0
9772,13004,0,0,0
9772,13071,17,17,0
9772,13072,0,0,0
9772,13073,0,0,0
9772,13074,0,0,0
9772,13075,0,0,0
9772,13076,0,0,0
9772,14511,0,0,0
9772,14521,25,25,0
9772,14522,10,10,0
9772,14523,13,13,0
9772,14524,24,24,0
9772,14612,37,18,19
9772,14625,18,18,0
9772,14626,12,12,0
9772,14627,0,0,0
9772,14628,0,0,0
9772,14713,48,30,18
9772,14729,12,12,0
9772,14730,16,16,0
9772,15001,0,0,0
9772,15002,0,0,0
9772,15003,0,0,0
9772,15081,0,0,0
9772,15082,0,0,0
9772,15083,0,0,0
9772,15084,14,14,0
9772,15085,0,0,0
9772,15086,0,0,0
9772,15087,0,0,0
9772,15088,0,0,0
9772,15089,12,12,0
9772,15090,0,0,0
9772,15091,0,0,0
9772,16051,10,10,0
9772,16052,0,0,0
9772,16053,0,0,0
9772,16054,0,0,0
9772,16055,0,0,0
9772,16056,0,0,0
9772,16061,0,0,0
9772,16062,0,0,0
9772,16063,0,0,0
9772,16064,0,0,0
9772,16065,0,0,0
9772,16066,0,0,0
9772,16067,0,0,0
9772,16068,0,0,0
9772,16069,0,0,0
9772,16070,0,0,0
9772,16071,0,0,0
9772,16072,0,0,0
9772,16073,0,0,0
9772,16074,0,0,0
9772,16075,0,0,0
9772,16076,0,0,0
9772,16077,12,12,0
9773,1001,0,0,0
9773,1002,0,0,0
9773,1003,0,0,0
9773,1004,0,0,0
9773,1051,0,0,0
9773,1053,0,0,0
9773,1054,0,0,0
9773,1055,0,0,0
9773,1056,0,0,0
9773,1057,0,0,0
9773,1058,0,0,0
9773,1059,0,0,0
9773,1060,0,0,0
9773,1061,0,0,0
9773,1062,0,0,0
9773,2000,58,12,46
9773,3101,0,0,0
9773,3102,0,0,0
9773,3103,0,0,0
9773,3151,0,0,0
9773,3153,10,0,10
9773,3154,0,0,0
9773,3155,0,0,0
9773,3157,0,0,0
9773,3158,0,0,0
9773,3159,0,0,0
9773,3241,13,13,0
9773,3251,0,0,0
9773,3252,0,0,0
9773,3254,0,0,0
9773,3255,0,0,0
9773,3256,0,0,0
9773,3257,0,0,0
9773,3351,0,0,0
9773,3352,0,0,0
9773,3353,0,0,0
9773,3354,0,0,0
9773,3355,0,0,0
9773,3356,0,0,0
9773,3357,0,0,0
9773,3358,0,0,0
9773,3359,0,0,0
9773,3360,0,0,0
9773,3361,0,0,0
9773,3401,0,0,0
9773,3402,0,0,0
9773,3403,0,0,0
9773,3404,0,0,0
9773,3405,0,0,0
9773,3451,0,0,0
9773,3452,0,0,0
9773,3453,0,0,0
9773,3454,0,0,0
9773,3455,0,0,0
9773,3456,0,0,0
9773,3457,0,0,0
9773,3458,0,0,0
9773,3459,0,0,0
9773,3460,0,0,0
9773,3461,0,0,0
9773,3462,0,0,0
9773,4011,0,0,0
9773,4012,0,0,0
9773,5111,14,0,14
9773,5112,0,0,0
9773,5113,0,0,0
9773,5114,0,0,0
9773,5116,0,0,0
9773,5117,0,0,0
9773,5119,0,0,0
9773,5120,0,0,0
9773,5122,0,0,0
9773,5124,0,0,0
9773,5154,0,0,0
9773,5158,0,0,0
9773,5162,0,0,0
9773,5166,0,0,0
9773,5170,0,0,0
9773,5314,0,0,0
9773,5315,24,0,24
9773,5316,0,0,0
9773,5334,0,0,0
9773,5358,0,0,0
9773,5362,0,0,0
9773,5366,0,0,0
9773,5370,0,0,0
9773,5374,14,0,14
9773,5378,0,0,0
9773,5382,0,0,0
9773,5512,0,0,0
9773,5513,0,0,0
9773,5515,0,0,0
9773,5554,0,0,0
9773,5558,0,0,0
9773,5562,0,0,0
9773,5566,0,0,0
9773,5570,0,0,0
9773,5711,0,0,0
9773,5754,11,0,11
9773,5758,0,0,0
9773,5762,0,0,0
9773,5766,0,0,0
9773,5770,0,0,0
9773,5774,0,0,0
9773,5911,0,0,0
9773,5913,0,0,0
9773,5914,0,0,0
9773,5915,0,0,0
9773,5916,0,0,0
9773,5954,28,0,28
9773,5958,0,0,0
9773,5962,0,0,0
9773,5966,0,0,0
9773,5970,0,0,0
9773,5974,0,0,0
9773,5978,0,0,0
9773,6411,0,0,0
9773,6412,13,0,13
9773,6413,0,0,0
9773,6414,11,0,11
9773,6431,0,0,0
9773,6432,0,0,0
9773,6433,0,0,0
9773,6434,0,0,0
9773,6435,0,0,0
9773,6436,0,0,0
9773,6437,0,0,0
9773,6438,15,0,15
9773,6439,0,0,0
9773,6440,0,0,0
9773,6531,0,0,0
9773,6532,0,0,0
9773,6533,28,0,28
9773,6534,0,0,0
9773,6535,0,0,0
9773,6611,0,0,0
9773,6631,0,0,0
9773,6632,0,0,0
9773,6633,0,0,0
9773,6634,0,0,0
9773,6635,0,0,0
9773,6636,0,0,0
9773,7111,0,0,0
9773,7131,0,0,0
9773,7132,0,0,0
9773,7133,0,0,0
9773,7134,0,0,0
9773,7135,0,0,0
9773,7137,0,0,0
9773,7138,0,0,0
9773,7140,0,0,0
9773,7141,0,0,0
9773,7143,0,0,0
9773,7211,0,0,0
9773,7231,0,0,0
9773,7232,0,0,0
9773,7233,0,0,0
9773,7235,0,0,0
9773,7311,0,0,0
9773,7312,0,0,0
9773,7313,0,0,0
9773,7314,0,0,0
9773,7315,0,0,0
9773,7316,0,0,0
9773,7317,0,0,0
9773,7318,0,0,0
9773,7319,0,0,0
9773,7320,0,0,0
9773,7331,0,0,0
9773,7332,0,0,0
9773,7333,0,0,0
9773,7334,0,0,0
9773,7335,0,0,0
9773,7336,0,0,0
9773,7337,0,0,0
9773,7338,0,0,0
9773,7339,0,0,0
9773,7340,0,0,0
9773,8111,84,13,71
9773,8115,27,12,15
9773,8116,69,27,42
9773,8117,44,18,26
9773,8118,46,23,23
9773,8119,33,10,23
9773,8121,10,0,10
9773,8125,11,0,11
9773,8126,38,27,11
9773,8127,29,11,18
9773,8128,52,52,0
9773,8135,4787,1414,3373
9773,8136,524,164,360
9773,8211,0,0,0
9773,8212,12,0,12
9773,8215,0,0,0
9773,8216,0,0,0
9773,8221,0,0,0
9773,8222,17,0,17
9773,8225,0,0,0
9773,8226,12,0,12
9773,8231,0,0,0
9773,8235,0,0,0
9773,8236,0,0,0
9773,8237,0,0,0
9773,8311,0,0,0
9773,8315,0,0,0
9773,8316,0,0,0
9773,8317,0,0,0
9773,8325,0,0,0
9773,8326,12,12,0
9773,8327,0,0,0
9773,8335,0,0,0
9773,8336,0,0,0
9773,8337,0,0,0
9773,8415,32,18,14
9773,8416,20,20,0
9773,8417,0,0,0
9773,8421,536,77,459
9773,8425,290,126,164
9773,8426,47,18,29
9773,8435,0,0,0
9773,8436,46,16,30
9773,8437,0,0,0
9773,9161,58,18,40
9773,9162,524,81,443
9773,9163,0,0,0
9773,9171,0,0,0
9773,9172,0,0,0
9773,9173,0,0,0
9773,9174,23,0,23
9773,9175,15,0,15
9773,9176,46,21,25
9773,9177,10,10,0
9773,9178,40,13,27
9773,9179,46,15,31
9773,9180,0,0,0
9773,9181,60,25,35
9773,9182,0,0,0
9773,9183,0,0,0
9773,9184,167,18,149
9773,9185,110,45,65
9773,9186,28,14,14
9773,9187,24,10,14
9773,9188,27,0,27
9773,9189,0,0,0
9773,9190,26,0,26
9773,9261,0,0,0
9773,9262,0,0,0
9773,9263,0,0,0
9773,9271,0,0,0
9773,9272,0,0,0
9773,9273,0,0,0
9773,9274,0,0,0
9773,9275,0,0,0
9773,9276,0,0,0
9773,9277,0,0,0
9773,9278,0,0,0
9773,9279,0,0,0
9773,9361,0,0,0
9773,9362,10,0,10
9773,9363,0,0,0
9773,9371,0,0,0
9773,9372,10,0,10
9773,9373,0,0,0
9773,9374,0,0,0
9773,9375,0,0,0
9773,9376,0,0,0
9773,9377,0,0,0
9773,9461,0,0,0
9773,9462,0,0,0
9773,9463,0,0,0
9773,9464,0,0,0
9773,9471,0,0,0
9773,9472,0,0,0
9773,9473,0,0,0
9773,9474,0,0,0
9773,9475,0,0,0
9773,9476,0,0,0
9773,9477,0,0,0
9773,9478,0,0,0
9773,9479,0,0,0
9773,9561,0,0,0
9773,9562,12,0,12
9773,9563,10,0,10
9773,9564,65,25,40
9773,9565,0,0,0
9773,9571,48,35,13
9773,9572,0,0,0
9773,9573,0,0,0
9773,9574,0,0,0
9773,9575,20,20,0
9773,9576,27,16,11
9773,9577,77,53,24
9773,9661,0,0,0
9773,9662,0,0,0
9773,9663,0,0,0
9773,9671,15,0,15
9773,9672,0,0,0
9773,9673,0,0,0
9773,9674,0,0,0
9773,9675,0,0,0
9773,9676,0,0,0
9773,9677,0,0,0
9773,9678,0,0,0
9773,9679,11,11,0
9773,9761,2638,610,2028
9773,9762,22,22,0
9773,9763,0,0,0
9773,9764,14,0,14
9773,9771,398,234,164
9773,9772,3545,1688,1857
9773,9773,0,0,0
9773,9774,4334,1469,2865
9773,9775,440,140,300
9773,9776,0,0,0
9773,9777,39,19,20
9773,9778,60,27,33
9773,9779,4912,1806,3106
9773,9780,41,21,20
9773,10041,0,0,0
9773,10042,0,0,0
9773,10043,0,0,0
9773,10044,0,0,0
9773,10045,0,0,0
9773,10046,0,0,0
9773,11000,69,30,39
9773,12051,0,0,0
9773,12052,0,0,0
9773,12053,0,0,0
9773,12054,0,0,0
9773,12060,0,0,0
9773,12061,0,0,0
9773,12062,0,0,0
9773,12063,0,0,0
9773,12064,0,0,0
9773,12065,0,0,0
9773,12066,0,0,0
9773,12067,0,0,0
9773,12068,0,0,0
9773,12069,0,0,0
9773,12070,0,0,0
9773,12071,0,0,0
9773,12072,0,0,0
9773,12073,0,0,0
9773,13003,0,0,0
9773,13004,0,0,0
9773,13071,0,0,0
9773,13072,0,0,0
9773,13073,0,0,0
9773,13074,0,0,0
9773,13075,0,0,0
9773,13076,0,0,0
9773,14511,0,0,0
9773,14521,0,0,0
9773,14522,0,0,0
9773,14523,10,10,0
9773,14524,0,0,0
9773,14612,0,0,0
9773,14625,0,0,0
9773,14626,0,0,0
9773,14627,0,0,0
9773,14628,0,0,0
9773,14713,0,0,0
9773,14729,0,0,0
9773,14730,0,0,0
9773,15001,0,0,0
9773,15002,0,0,0
9773,15003,0,0,0
9773,15081,0,0,0
9773,15082,0,0,0
9773,15083,0,0,0
9773,15084,0,0,0
9773,15085,0,0,0
9773,15086,0,0,0
9773,15087,0,0,0
9773,15088,0,0,0
9773,15089,0,0,0
9773,15090,0,0,0
9773,15091,0,0,0
9773,16051,0,0,0
9773,16052,0,0,0
9773,16053,0,0,0
9773,16054,0,0,0
9773,16055,0,0,0
9773,16056,0,0,0
9773,16061,0,0,0
9773,16062,0,0,0
9773,16063,0,0,0
9773,16064,0,0,0
9773,16065,0,0,0
9773,16066,0,0,0
9773,16067,0,0,0
9773,16068,0,0,0
9773,16069,0,0,0
9773,16070,0,0,0
9773,16071,0,0,0
9773,16072,0,0,0
9773,16073,0,0,0
9773,16074,12,12,0
9773,16075,0,0,0
9773,16076,0,0,0
9773,16077,0,0,0
9774,1001,0,0,0
9774,1002,0,0,0
9774,1003,0,0,0
9774,1004,0,0,0
9774,1051,0,0,0
9774,1053,0,0,0
9774,1054,0,0,0
9774,1055,0,0,0
9774,1056,0,0,0
9774,1057,0,0,0
9774,1058,0,0,0
9774,1059,0,0,0
9774,1060,0,0,0
9774,1061,13,13,0
9774,1062,0,0,0
9774,2000,75,38,37
9774,3101,0,0,0
9774,3102,0,0,0
9774,3103,0,0,0
9774,3151,0,0,0
9774,3153,0,0,0
9774,3154,0,0,0
9774,3155,0,0,0
9774,3157,0,0,0
9774,3158,0,0,0
9774,3159,0,0,0
9774,3241,42,24,18
9774,3251,0,0,0
9774,3252,0,0,0
9774,3254,0,0,0
9774,3255,0,0,0
9774,3256,0,0,0
9774,3257,0,0,0
9774,3351,0,0,0
9774,3352,0,0,0
9774,3353,0,0,0
9774,3354,0,0,0
9774,3355,0,0,0
9774,3356,0,0,0
9774,3357,0,0,0
9774,3358,20,0,20
9774,3359,0,0,0
9774,3360,0,0,0
9774,3361,0,0,0
9774,3401,0,0,0
9774,3402,0,0,0
9774,3403,0,0,0
9774,3404,0,0,0
9774,3405,0,0,0
9774,3451,0,0,0
9774,3452,0,0,0
9774,3453,0,0,0
9774,3454,0,0,0
9774,3455,0,0,0
9774,3456,0,0,0
9774,3457,0,0,0
9774,3458,0,0,0
9774,3459,0,0,0
9774,3460,0,0,0
9774,3461,0,0,0
9774,3462,0,0,0
9774,4011,11,0,11
9774,4012,0,0,0
9774,5111,26,0,26
9774,5112,0,0,0
9774,5113,0,0,0
9774,5114,0,0,0
9774,5116,0,0,0
9774,5117,0,0,0
9774,5119,0,0,0
9774,5120,0,0,0
9774,5122,0,0,0
9774,5124,0,0,0
9774,5154,0,0,0
9774,5158,0,0,0
9774,5162,0,0,0
9774,5166,0,0,0
9774,5170,0,0,0
9774,5314,0,0,0
9774,5315,21,0,21
9774,5316,0,0,0
9774,5334,13,0,13
9774,5358,0,0,0
9774,5362,0,0,0
9774,5366,0,0,0
9774,5370,0,0,0
9774,5374,13,0,13
9774,5378,0,0,0
9774,5382,0,0,0
9774,5512,0,0,0
9774,5513,0,0,0
9774,5515,0,0,0
9774,5554,12,0,12
9774,5558,0,0,0
9774,5562,0,0,0
9774,5566,0,0,0
9774,5570,33,0,33
9774,5711,0,0,0
9774,5754,27,0,27
9774,5758,0,0,0
9774,5762,0,0,0
9774,5766,0,0,0
9774,5770,0,0,0
9774,5774,0,0,0
9774,5911,0,0,0
9774,5913,0,0,0
9774,5914,0,0,0
9774,5915,0,0,0
9774,5916,0,0,0
9774,5954,10,0,10
9774,5958,0,0,0
9774,5962,0,0,0
9774,5966,0,0,0
9774,5970,0,0,0
9774,5974,10,10,0
9774,5978,0,0,0
9774,6411,0,0,0
9774,6412,43,0,43
9774,6413,0,0,0
9774,6414,19,0,19
9774,6431,0,0,0
9774,6432,0,0,0
9774,6433,0,0,0
9774,6434,10,0,10
9774,6435,13,0,13
9774,6436,0,0,0
9774,6437,0,0,0
9774,6438,13,0,13
9774,6439,0,0,0
9774,6440,11,11,0
9774,6531,0,0,0
9774,6532,0,0,0
9774,6533,0,0,0
9774,6534,12,0,12
9774,6535,0,0,0
9774,6611,0,0,0
9774,6631,0,0,0
9774,6632,0,0,0
9774,6633,0,0,0
9774,6634,0,0,0
9774,6635,0,0,0
9774,6636,0,0,0
9774,7111,0,0,0
9774,7131,0,0,0
9774,7132,0,0,0
9774,7133,0,0,0
9774,7134,0,0,0
9774,7135,0,0,0
9774,7137,0,0,0
9774,7138,0,0,0
9774,7140,0,0,0
9774,7141,0,0,0
9774,7143,0,0,0
9774,7211,0,0,0
9774,7231,0,0,0
9774,7232,0,0,0
9774,7233,0,0,0
9774,7235,0,0,0
9774,7311,0,0,0
9774,7312,0,0,0
9774,7313,0,0,0
9774,7314,0,0,0
9774,7315,0,0,0
9774,7316,0,0,0
9774,7317,0,0,0
9774,7318,0,0,0
9774,7319,0,0,0
9774,7320,0,0,0
9774,7331,0,0,0
9774,7332,0,0,0
9774,7333,0,0,0
9774,7334,0,0,0
9774,7335,0,0,0
9774,7336,0,0,0
9774,7337,0,0,0
9774,7338,0,0,0
9774,7339,0,0,0
9774,7340,0,0,0
9774,8111,189,39,150
9774,8115,79,28,51
9774,8116,117,55,62
9774,8117,137,84,53
9774,8118,49,24,25
9774,8119,50,24,26
9774,8121,0,0,0
9774,8125,19,0,19
9774,8126,19,0,19
9774,8127,22,10,12
9774,8128,0,0,0
9774,8135,1421,955,466
9774,8136,164,76,88
9774,8211,0,0,0
9774,8212,10,0,10
9774,8215,0,0,0
9774,8216,0,0,0
9774,8221,12,0,12
9774,8222,40,0,40
9774,8225,0,0,0
9774,8226,21,0,21
9774,8231,0,0,0
9774,8235,0,0,0
9774,8236,12,0,12
9774,8237,0,0,0
9774,8311,0,0,0
9774,8315,10,10,0
9774,8316,0,0,0
9774,8317,31,17,14
9774,8325,0,0,0
9774,8326,0,0,0
9774,8327,0,0,0
9774,8335,0,0,0
9774,8336,0,0,0
9774,8337,0,0,0
9774,8415,67,34,33
9774,8416,28,13,15
9774,8417,0,0,0
9774,8421,3273,720,2553
9774,8425,1421,732,689
9774,8426,368,125,243
9774,8435,33,15,18
9774,8436,107,46,61
9774,8437,24,13,11
9774,9161,36,13,23
9774,9162,847,143,704
9774,9163,0,0,0
9774,9171,0,0,0
9774,9172,0,0,0
9774,9173,26,11,15
9774,9174,40,17,23
9774,9175,31,11,20
9774,9176,0,0,0
9774,9177,10,10,0
9774,9178,46,14,32
9774,9179,64,25,39
9774,9180,0,0,0
9774,9181,88,46,42
9774,9182,0,0,0
9774,9183,0,0,0
9774,9184,188,24,164
9774,9185,53,20,33
9774,9186,59,17,42
9774,9187,28,15,13
9774,9188,51,15,36
9774,9189,0,0,0
9774,9190,16,16,0
9774,9261,0,0,0
9774,9262,23,23,0
9774,9263,0,0,0
9774,9271,0,0,0
9774,9272,0,0,0
9774,9273,16,0,16
9774,9274,12,0,12
9774,9275,10,10,0
9774,9276,0,0,0
9774,9277,0,0,0
9774,9278,0,0,0
9774,9279,0,0,0
9774,9361,0,0,0
9774,9362,14,0,14
9774,9363,0,0,0
9774,9371,30,0,30
9774,9372,0,0,0
9774,9373,0,0,0
9774,9374,0,0,0
9774,9375,0,0,0
9774,9376,0,0,0
9774,9377,0,0,0
9774,9461,0,0,0
9774,9462,0,0,0
9774,9463,0,0,0
9774,9464,0,0,0
9774,9471,0,0,0
9774,9472,0,0,0
9774,9473,0,0,0
9774,9474,0,0,0
9774,9475,0,0,0
9774,9476,0,0,0
9774,9477,0,0,0
9774,9478,0,0,0
9774,9479,0,0,0
9774,9561,0,0,0
9774,9562,0,0,0
9774,9563,0,0,0
9774,9564,67,18,49
9774,9565,0,0,0
9774,9571,22,22,0
9774,9572,0,0,0
9774,9573,0,0,0
9774,9574,0,0,0
9774,9575,0,0,0
9774,9576,12,12,0
9774,9577,0,0,0
9774,9661,0,0,0
9774,9662,0,0,0
9774,9663,0,0,0
9774,9671,17,0,17
9774,9672,0,0,0
9774,9673,0,0,0
9774,9674,0,0,0
9774,9675,0,0,0
9774,9676,0,0,0
9774,9677,20,0,20
9774,9678,19,0,19
9774,9679,0,0,0
9774,9761,2678,797,1881
9774,9762,54,29,25
9774,9763,101,42,59
9774,9764,196,24,172
9774,9771,263,156,107
9774,9772,3900,2057,1843
9774,9773,4334,2865,1469
9774,9774,0,0,0
9774,9775,5867,2366,3501
9774,9776,47,24,23
9774,9777,173,99,74
9774,9778,3088,1469,1619
9774,9779,357,148,209
9774,9780,126,74,52
9774,10041,10,0,10
9774,10042,0,0,0
9774,10043,0,0,0
9774,10044,0,0,0
9774,10045,0,0,0
9774,10046,0,0,0
9774,11000,80,22,58
9774,12051,0,0,0
9774,12052,0,0,0
9774,12053,0,0,0
9774,12054,0,0,0
9774,12060,0,0,0
9774,12061,0,0,0
9774,12062,0,0,0
9774,12063,0,0,0
9774,12064,0,0,0
9774,12065,0,0,0
9774,12066,0,0,0
9774,12067,0,0,0
9774,12068,0,0,0
9774,12069,0,0,0
9774,12070,0,0,0
9774,12071,0,0,0
9774,12072,0,0,0
9774,12073,0,0,0
9774,13003,0,0,0
9774,13004,0,0,0
9774,13071,0,0,0
9774,13072,10,10,0
9774,13073,0,0,0
9774,13074,0,0,0
9774,13075,0,0,0
9774,13076,0,0,0
9774,14511,10,10,0
9774,14521,23,23,0
9774,14522,0,0,0
9774,14523,13,13,0
9774,14524,0,0,0
9774,14612,0,0,0
9774,14625,10,10,0
9774,14626,0,0,0
9774,14627,0,0,0
9774,14628,0,0,0
9774,14713,0,0,0
9774,14729,0,0,0
9774,14730,0,0,0
9774,15001,0,0,0
9774,15002,0,0,0
9774,15003,0,0,0
9774,15081,0,0,0
9774,15082,0,0,0
9774,15083,0,0,0
9774,15084,36,36,0
9774,15085,0,0,0
9774,15086,0,0,0
9774,15087,10,10,0
9774,15088,0,0,0
9774,15089,0,0,0
9774,15090,0,0,0
9774,15091,10,10,0
9774,16051,10,10,0
9774,16052,12,12,0
9774,16053,0,0,0
9774,16054,0,0,0
9774,16055,0,0,0
9774,16056,0,0,0
9774,16061,0,0,0
9774,16062,0,0,0
9774,16063,0,0,0
9774,16064,0,0,0
9774,16065,0,0,0
9774,16066,0,0,0
9774,16067,0,0,0
9774,16068,0,0,0
9774,16069,0,0,0
9774,16070,0,0,0
9774,16071,0,0,0
9774,16072,0,0,0
9774,16073,0,0,0
9774,16074,0,0,0
9774,16075,0,0,0
9774,16076,17,17,0
9774,16077,0,0,0
9775,1001,0,0,0
9775,1002,0,0,0
9775,1003,0,0,0
9775,1004,0,0,0
9775,1051,0,0,0
9775,1053,11,11,0
9775,1054,0,0,0
9775,1055,0,0,0
9775,1056,0,0,0
9775,1057,0,0,0
9775,1058,0,0,0
9775,1059,0,0,0
9775,1060,12,0,12
9775,1061,0,0,0
9775,1062,0,0,0
9775,2000,173,73,100
9775,3101,0,0,0
9775,3102,0,0,0
9775,3103,0,0,0
9775,3151,0,0,0
9775,3153,0,0,0
9775,3154,0,0,0
9775,3155,0,0,0
9775,3157,0,0,0
9775,3158,0,0,0
9775,3159,10,10,0
9775,3241,61,30,31
9775,3251,0,0,0
9775,3252,0,0,0
9775,3254,0,0,0
9775,3255,0,0,0
9775,3256,0,0,0
9775,3257,10,10,0
9775,3351,0,0,0
9775,3352,0,0,0
9775,3353,30,30,0
9775,3354,0,0,0
9775,3355,10,10,0
9775,3356,0,0,0
9775,3357,0,0,0
9775,3358,0,0,0
9775,3359,0,0,0
9775,3360,0,0,0
9775,3361,0,0,0
9775,3401,0,0,0
9775,3402,0,0,0
9775,3403,0,0,0
9775,3404,11,0,11
9775,3405,0,0,0
9775,3451,0,0,0
9775,3452,0,0,0
9775,3453,0,0,0
9775,3454,0,0,0
9775,3455,0,0,0
9775,3456,0,0,0
9775,3457,0,0,0
9775,3458,0,0,0
9775,3459,17,0,17
9775,3460,0,0,0
9775,3461,0,0,0
9775,3462,0,0,0
9775,4011,12,0,12
9775,4012,0,0,0
9775,5111,76,19,57
9775,5112,17,0,17
9775,5113,13,0,13
9775,5114,16,16,0
9775,5116,18,18,0
9775,5117,0,0,0
9775,5119,0,0,0
9775,5120,0,0,0
9775,5122,0,0,0
9775,5124,0,0,0
9775,5154,0,0,0
9775,5158,51,18,33
9775,5162,112,17,95
9775,5166,41,41,0
9775,5170,13,13,0
9775,5314,15,0,15
9775,5315,91,20,71
9775,5316,0,0,0
9775,5334,38,0,38
9775,5358,0,0,0
9775,5362,19,0,19
9775,5366,0,0,0
9775,5370,0,0,0
9775,5374,45,0,45
9775,5378,0,0,0
9775,5382,25,0,25
9775,5512,0,0,0
9775,5513,0,0,0
9775,5515,29,19,10
9775,5554,0,0,0
9775,5558,21,0,21
9775,5562,11,11,0
9775,5566,14,14,0
9775,5570,0,0,0
9775,5711,0,0,0
9775,5754,17,0,17
9775,5758,14,14,0
9775,5762,0,0,0
9775,5766,11,11,0
9775,5770,14,14,0
9775,5774,26,26,0
9775,5911,0,0,0
9775,5913,47,27,20
9775,5914,0,0,0
9775,5915,0,0,0
9775,5916,0,0,0
9775,5954,10,0,10
9775,5958,0,0,0
9775,5962,0,0,0
9775,5966,0,0,0
9775,5970,14,14,0
9775,5974,0,0,0
9775,5978,0,0,0
9775,6411,16,0,16
9775,6412,136,37,99
9775,6413,0,0,0
9775,6414,42,10,32
9775,6431,52,52,0
9775,6432,29,19,10
9775,6433,27,27,0
9775,6434,39,0,39
9775,6435,87,69,18
9775,6436,24,0,24
9775,6437,0,0,0
9775,6438,50,21,29
9775,6439,0,0,0
9775,6440,18,18,0
9775,6531,10,10,0
9775,6532,10,0,10
9775,6533,0,0,0
9775,6534,0,0,0
9775,6535,0,0,0
9775,6611,10,0,10
9775,6631,0,0,0
9775,6632,0,0,0
9775,6633,31,0,31
9775,6634,12,12,0
9775,6635,0,0,0
9775,6636,0,0,0
9775,7111,0,0,0
9775,7131,0,0,0
9775,7132,0,0,0
9775,7133,0,0,0
9775,7134,0,0,0
9775,7135,0,0,0
9775,7137,0,0,0
9775,7138,0,0,0
9775,7140,0,0,0
9775,7141,0,0,0
9775,7143,0,0,0
9775,7211,0,0,0
9775,7231,0,0,0
9775,7232,0,0,0
9775,7233,0,0,0
9775,7235,0,0,0
9775,7311,0,0,0
9775,7312,0,0,0
9775,7313,0,0,0
9775,7314,13,0,13
9775,7315,10,0,10
9775,7316,0,0,0
9775,7317,0,0,0
9775,7318,0,0,0
9775,7319,52,52,0
9775,7320,0,0,0
9775,7331,22,22,0
9775,7332,0,0,0
9775,7333,0,0,0
9775,7334,0,0,0
9775,7335,0,0,0
9775,7336,0,0,0
9775,7337,0,0,0
9775,7338,10,10,0
9775,7339,28,0,28
9775,7340,0,0,0
9775,8111,712,134,578
9775,8115,176,51,125
9775,8116,396,151,245
9775,8117,561,318,243
9775,8118,164,71,93
9775,8119,121,65,56
9775,8121,45,33,12
9775,8125,110,82,28
9775,8126,55,30,25
9775,8127,54,30,24
9775,8128,32,17,15
9775,8135,1650,992,658
9775,8136,449,181,268
9775,8211,0,0,0
9775,8212,57,22,35
9775,8215,64,27,37
9775,8216,13,13,0
9775,8221,12,0,12
9775,8222,62,23,39
9775,8225,0,0,0
9775,8226,103,25,78
9775,8231,11,0,11
9775,8235,32,12,20
9775,8236,61,21,40
9775,8237,16,16,0
9775,8311,15,0,15
9775,8315,28,14,14
9775,8316,0,0,0
9775,8317,46,18,28
9775,8325,15,15,0
9775,8326,35,21,14
9775,8327,16,0,16
9775,8335,74,42,32
9775,8336,15,0,15
9775,8337,15,0,15
9775,8415,160,79,81
9775,8416,74,33,41
9775,8417,46,26,20
9775,8421,28088,7601,20487
9775,8425,12232,8198,4034
9775,8426,5139,2178,2961
9775,8435,146,85,61
9775,8436,561,245,316
9775,8437,87,62,25
9775,9161,37,16,21
9775,9162,758,132,626
9775,9163,0,0,0
9775,9171,0,0,0
9775,9172,0,0,0
9775,9173,10,10,0
9775,9174,16,0,16
9775,9175,33,20,13
9775,9176,15,15,0
9775,9177,0,0,0
9775,9178,43,10,33
9775,9179,52,22,30
9775,9180,0,0,0
9775,9181,65,39,26
9775,9182,0,0,0
9775,9183,0,0,0
9775,9184,204,21,183
9775,9185,31,17,14
9775,9186,39,15,24
9775,9187,15,0,15
9775,9188,19,0,19
9775,9189,10,0,10
9775,9190,22,22,0
9775,9261,0,0,0
9775,9262,0,0,0
9775,9263,0,0,0
9775,9271,10,10,0
9775,9272,0,0,0
9775,9273,0,0,0
9775,9274,0,0,0
9775,9275,0,0,0
9775,9276,0,0,0
9775,9277,0,0,0
9775,9278,0,0,0
9775,9279,10,10,0
9775,9361,0,0,0
9775,9362,21,0,21
9775,9363,0,0,0
9775,9371,0,0,0
9775,9372,10,0,10
9775,9373,12,0,12
9775,9374,0,0,0
9775,9375,27,11,16
9775,9376,12,12,0
9775,9377,0,0,0
9775,9461,0,0,0
9775,9462,0,0,0
9775,9463,0,0,0
9775,9464,0,0,0
9775,9471,0,0,0
9775,9472,0,0,0
9775,9473,0,0,0
9775,9474,0,0,0
9775,9475,0,0,0
9775,9476,0,0,0
9775,9477,0,0,0
9775,9478,0,0,0
9775,9479,0,0,0
9775,9561,0,0,0
9775,9562,15,0,15
9775,9563,11,0,11
9775,9564,118,37,81
9775,9565,0,0,0
9775,9571,33,18,15
9775,9572,0,0,0
9775,9573,14,0,14
9775,9574,20,20,0
9775,9575,0,0,0
9775,9576,11,11,0
9775,9577,0,0,0
9775,9661,0,0,0
9775,9662,0,0,0
9775,9663,14,14,0
9775,9671,0,0,0
9775,9672,0,0,0
9775,9673,0,0,0
9775,9674,0,0,0
9775,9675,0,0,0
9775,9676,0,0,0
9775,9677,92,0,92
9775,9678,38,0,38
9775,9679,25,25,0
9775,9761,719,160,559
9775,9762,93,14,79
9775,9763,164,46,118
9775,9764,1080,242,838
9775,9771,54,32,22
9775,9772,323,154,169
9775,9773,440,300,140
9775,9774,5867,3501,2366
9775,9775,0,0,0
9775,9776,250,156,94
9775,9777,89,56,33
9775,9778,1950,1062,888
9775,9779,138,48,90
9775,9780,157,74,83
9775,10041,16,16,0
9775,10042,17,17,0
9775,10043,10,10,0
9775,10044,16,16,0
9775,10045,0,0,0
9775,10046,12,12,0
9775,11000,170,73,97
9775,12051,0,0,0
9775,12052,0,0,0
9775,12053,0,0,0
9775,12054,0,0,0
9775,12060,0,0,0
9775,12061,0,0,0
9775,12062,0,0,0
9775,12063,0,0,0
9775,12064,0,0,0
9775,12065,0,0,0
9775,12066,0,0,0
9775,12067,0,0,0
9775,12068,0,0,0
9775,12069,0,0,0
9775,12070,0,0,0
9775,12071,0,0,0
9775,12072,0,0,0
9775,12073,34,34,0
9775,13003,0,0,0
9775,13004,0,0,0
9775,13071,0,0,0
9775,13072,0,0,0
9775,13073,0,0,0
9775,13074,0,0,0
9775,13075,0,0,0
9775,13076,30,30,0
9775,14511,0,0,0
9775,14521,17,17,0
9775,14522,0,0,0
9775,14523,0,0,0
9775,14524,12,12,0
9775,14612,29,17,12
9775,14625,0,0,0
9775,14626,16,16,0
9775,14627,10,10,0
9775,14628,0,0,0
9775,14713,21,21,0
9775,14729,16,16,0
9775,14730,15,15,0
9775,15001,0,0,0
9775,15002,12,12,0
9775,15003,0,0,0
9775,15081,0,0,0
9775,15082,59,59,0
9775,15083,0,0,0
9775,15084,0,0,0
9775,15085,0,0,0
9775,15086,0,0,0
9775,15087,12,12,0
9775,15088,11,11,0
9775,15089,0,0,0
9775,15090,0,0,0
9775,15091,0,0,0
9775,16051,0,0,0
9775,16052,0,0,0
9775,16053,0,0,0
9775,16054,0,0,0
9775,16055,0,0,0
9775,16056,0,0,0
9775,16061,0,0,0
9775,16062,0,0,0
9775,16063,10,10,0
9775,16064,0,0,0
9775,16065,0,0,0
9775,16066,0,0,0
9775,16067,0,0,0
9775,16068,0,0,0
9775,16069,0,0,0
9775,16070,0,0,0
9775,16071,0,0,0
9775,16072,0,0,0
9775,16073,17,17,0
9775,16074,0,0,0
9775,16075,0,0,0
9775,16076,0,0,0
9775,16077,0,0,0
9776,1001,0,0,0
9776,1002,0,0,0
9776,1003,0,0,0
9776,1004,0,0,0
9776,1051,0,0,0
9776,1053,0,0,0
9776,1054,0,0,0
9776,1055,0,0,0
9776,1056,0,0,0
9776,1057,0,0,0
9776,1058,0,0,0
9776,1059,0,0,0
9776,1060,0,0,0
9776,1061,0,0,0
9776,1062,0,0,0
9776,2000,83,27,56
9776,3101,0,0,0
9776,3102,0,0,0
9776,3103,0,0,0
9776,3151,0,0,0
9776,3153,0,0,0
9776,3154,0,0,0
9776,3155,0,0,0
9776,3157,0,0,0
9776,3158,0,0,0
9776,3159,0,0,0
9776,3241,34,13,21
9776,3251,0,0,0
9776,3252,0,0,0
9776,3254,0,0,0
9776,3255,0,0,0
9776,3256,0,0,0
9776,3257,0,0,0
9776,3351,0,0,0
9776,3352,0,0,0
9776,3353,0,0,0
9776,3354,0,0,0
9776,3355,0,0,0
9776,3356,0,0,0
9776,3357,0,0,0
9776,3358,0,0,0
9776,3359,0,0,0
9776,3360,0,0,0
9776,3361,0,0,0
9776,3401,0,0,0
9776,3402,0,0,0
9776,3403,0,0,0
9776,3404,0,0,0
9776,3405,0,0,0
9776,3451,0,0,0
9776,3452,0,0,0
9776,3453,0,0,0
9776,3454,0,0,0
9776,3455,0,0,0
9776,3456,0,0,0
9776,3457,0,0,0
9776,3458,0,0,0
9776,3459,0,0,0
9776,3460,0,0,0
9776,3461,0,0,0
9776,3462,0,0,0
9776,4011,0,0,0
9776,4012,0,0,0
9776,5111,16,0,16
9776,5112,0,0,0
9776,5113,0,0,0
9776,5114,0,0,0
9776,5116,0,0,0
9776,5117,0,0,0
9776,5119,0,0,0
9776,5120,0,0,0
9776,5122,0,0,0
9776,5124,0,0,0
9776,5154,0,0,0
9776,5158,0,0,0
9776,5162,0,0,0
9776,5166,11,0,11
9776,5170,0,0,0
9776,5314,0,0,0
9776,5315,35,15,20
9776,5316,0,0,0
9776,5334,0,0,0
9776,5358,0,0,0
9776,5362,0,0,0
9776,5366,0,0,0
9776,5370,0,0,0
9776,5374,24,0,24
9776,5378,0,0,0
9776,5382,10,10,0
9776,5512,0,0,0
9776,5513,0,0,0
9776,5515,0,0,0
9776,5554,0,0,0
9776,5558,0,0,0
9776,5562,0,0,0
9776,5566,0,0,0
9776,5570,0,0,0
9776,5711,0,0,0
9776,5754,0,0,0
9776,5758,0,0,0
9776,5762,0,0,0
9776,5766,0,0,0
9776,5770,0,0,0
9776,5774,0,0,0
9776,5911,0,0,0
9776,5913,0,0,0
9776,5914,0,0,0
9776,5915,0,0,0
9776,5916,0,0,0
9776,5954,0,0,0
9776,5958,0,0,0
9776,5962,0,0,0
9776,5966,0,0,0
9776,5970,0,0,0
9776,5974,0,0,0
9776,5978,0,0,0
9776,6411,0,0,0
9776,6412,57,23,34
9776,6413,0,0,0
9776,6414,14,14,0
9776,6431,0,0,0
9776,6432,0,0,0
9776,6433,0,0,0
9776,6434,19,0,19
9776,6435,0,0,0
9776,6436,0,0,0
9776,6437,0,0,0
9776,6438,0,0,0
9776,6439,0,0,0
9776,6440,0,0,0
9776,6531,0,0,0
9776,6532,0,0,0
9776,6533,0,0,0
9776,6534,12,12,0
9776,6535,0,0,0
9776,6611,0,0,0
9776,6631,0,0,0
9776,6632,0,0,0
9776,6633,0,0,0
9776,6634,0,0,0
9776,6635,0,0,0
9776,6636,0,0,0
9776,7111,15,15,0
9776,7131,0,0,0
9776,7132,0,0,0
9776,7133,0,0,0
9776,7134,0,0,0
9776,7135,0,0,0
9776,7137,0,0,0
9776,7138,0,0,0
9776,7140,0,0,0
9776,7141,0,0,0
9776,7143,10,10,0
9776,7211,0,0,0
9776,7231,0,0,0
9776,7232,0,0,0
9776,7233,0,0,0
9776,7235,0,0,0
9776,7311,0,0,0
9776,7312,0,0,0
9776,7313,0,0,0
9776,7314,0,0,0
9776,7315,0,0,0
9776,7316,0,0,0
9776,7317,0,0,0
9776,7318,0,0,0
9776,7319,0,0,0
9776,7320,0,0,0
9776,7331,0,0,0
9776,7332,0,0,0
9776,7333,0,0,0
9776,7334,0,0,0
9776,7335,0,0,0
9776,7336,0,0,0
9776,7337,0,0,0
9776,7338,0,0,0
9776,7339,0,0,0
9776,7340,0,0,0
9776,8111,185,43,142
9776,8115,76,44,32
9776,8116,58,25,33
9776,8117,16,16,0
9776,8118,48,26,22
9776,8119,16,0,16
9776,8121,0,0,0
9776,8125,0,0,0
9776,8126,0,0,0
9776,8127,0,0,0
9776,8128,0,0,0
9776,8135,24,10,14
9776,8136,34,13,21
9776,8211,0,0,0
9776,8212,0,0,0
9776,8215,0,0,0
9776,8216,0,0,0
9776,8221,0,0,0
9776,8222,15,0,15
9776,8225,0,0,0
9776,8226,13,0,13
9776,8231,0,0,0
9776,8235,12,12,0
9776,8236,0,0,0
9776,8237,0,0,0
9776,8311,10,0,10
9776,8315,0,0,0
9776,8316,0,0,0
9776,8317,0,0,0
9776,8325,0,0,0
9776,8326,36,15,21
9776,8327,0,0,0
9776,8335,115,52,63
9776,8336,0,0,0
9776,8337,0,0,0
9776,8415,30,14,16
9776,8416,33,20,13
9776,8417,0,0,0
9776,8421,168,112,56
9776,8425,82,68,14
9776,8426,121,59,62
9776,8435,4551,2210,2341
9776,8436,8161,4217,3944
9776,8437,79,54,25
9776,9161,18,0,18
9776,9162,512,138,374
9776,9163,0,0,0
9776,9171,0,0,0
9776,9172,0,0,0
9776,9173,0,0,0
9776,9174,21,10,11
9776,9175,0,0,0
9776,9176,0,0,0
9776,9177,10,10,0
9776,9178,33,11,22
9776,9179,13,13,0
9776,9180,0,0,0
9776,9181,16,16,0
9776,9182,0,0,0
9776,9183,0,0,0
9776,9184,91,27,64
9776,9185,0,0,0
9776,9186,0,0,0
9776,9187,0,0,0
9776,9188,16,0,16
9776,9189,0,0,0
9776,9190,19,19,0
9776,9261,0,0,0
9776,9262,0,0,0
9776,9263,0,0,0
9776,9271,0,0,0
9776,9272,0,0,0
9776,9273,0,0,0
9776,9274,0,0,0
9776,9275,0,0,0
9776,9276,0,0,0
9776,9277,0,0,0
9776,9278,0,0,0
9776,9279,0,0,0
9776,9361,0,0,0
9776,9362,40,10,30
9776,9363,0,0,0
9776,9371,0,0,0
9776,9372,0,0,0
9776,9373,0,0,0
9776,9374,0,0,0
9776,9375,0,0,0
9776,9376,0,0,0
9776,9377,0,0,0
9776,9461,0,0,0
9776,9462,0,0,0
9776,9463,0,0,0
9776,9464,0,0,0
9776,9471,0,0,0
9776,9472,0,0,0
9776,9473,0,0,0
9776,9474,0,0,0
9776,9475,0,0,0
9776,9476,0,0,0
9776,9477,0,0,0
9776,9478,0,0,0
9776,9479,0,0,0
9776,9561,0,0,0
9776,9562,0,0,0
9776,9563,0,0,0
9776,9564,47,28,19
9776,9565,0,0,0
9776,9571,14,0,14
9776,9572,0,0,0
9776,9573,0,0,0
9776,9574,0,0,0
9776,9575,0,0,0
9776,9576,0,0,0
9776,9577,0,0,0
9776,9661,0,0,0
9776,9662,0,0,0
9776,9663,0,0,0
9776,9671,0,0,0
9776,9672,0,0,0
9776,9673,0,0,0
9776,9674,0,0,0
9776,9675,0,0,0
9776,9676,0,0,0
9776,9677,0,0,0
9776,9678,0,0,0
9776,9679,0,0,0
9776,9761,187,33,154
9776,9762,26,13,13
9776,9763,488,177,311
9776,9764,211,56,155
9776,9771,0,0,0
9776,9772,58,27,31
9776,9773,0,0,0
9776,9774,47,23,24
9776,9775,250,94,156
9776,9776,0,0,0
9776,9777,110,76,34
9776,9778,142,99,43
9776,9779,0,0,0
9776,9780,1893,978,915
9776,10041,0,0,0
9776,10042,0,0,0
9776,10043,0,0,0
9776,10044,0,0,0
9776,10045,0,0,0
9776,10046,0,0,0
9776,11000,85,35,50
9776,12051,0,0,0
9776,12052,0,0,0
9776,12053,0,0,0
9776,12054,0,0,0
9776,12060,0,0,0
9776,12061,0,0,0
9776,12062,0,0,0
9776,12063,0,0,0
9776,12064,0,0,0
9776,12065,0,0,0
9776,12066,0,0,0
9776,12067,0,0,0
9776,12068,0,0,0
9776,12069,0,0,0
9776,12070,0,0,0
9776,12071,0,0,0
9776,12072,0,0,0
9776,12073,0,0,0
9776,13003,0,0,0
9776,13004,0,0,0
9776,13071,0,0,0
9776,13072,0,0,0
9776,13073,0,0,0
9776,13074,0,0,0
9776,13075,0,0,0
9776,13076,0,0,0
9776,14511,0,0,0
9776,14521,0,0,0
9776,14522,0,0,0
9776,14523,0,0,0
9776,14524,0,0,0
9776,14612,19,19,0
9776,14625,0,0,0
9776,14626,0,0,0
9776,14627,35,35,0
9776,14628,0,0,0
9776,14713,10,10,0
9776,14729,0,0,0
9776,14730,0,0,0
9776,15001,0,0,0
9776,15002,0,0,0
9776,15003,17,17,0
9776,15081,0,0,0
9776,15082,0,0,0
9776,15083,11,11,0
9776,15084,0,0,0
9776,15085,0,0,0
9776,15086,0,0,0
9776,15087,0,0,0
9776,15088,0,0,0
9776,15089,0,0,0
9776,15090,0,0,0
9776,15091,0,0,0
9776,16051,0,0,0
9776,16052,0,0,0
9776,16053,0,0,0
9776,16054,0,0,0
9776,16055,0,0,0
9776,16056,0,0,0
9776,16061,0,0,0
9776,16062,0,0,0
9776,16063,0,0,0
9776,16064,0,0,0
9776,16065,0,0,0
9776,16066,0,0,0
9776,16067,0,0,0
9776,16068,0,0,0
9776,16069,0,0,0
9776,16070,0,0,0
9776,16071,0,0,0
9776,16072,0,0,0
9776,16073,11,11,0
9776,16074,0,0,0
9776,16075,0,0,0
9776,16076,0,0,0
9776,16077,0,0,0
9777,1001,18,0,18
9777,1002,0,0,0
9777,1003,0,0,0
9777,1004,0,0,0
9777,1051,0,0,0
9777,1053,0,0,0
9777,1054,0,0,0
9777,1055,0,0,0
9777,1056,0,0,0
9777,1057,0,0,0
9777,1058,0,0,0
9777,1059,0,0,0
9777,1060,0,0,0
9777,1061,0,0,0
9777,1062,0,0,0
9777,2000,68,23,45
9777,3101,0,0,0
9777,3102,0,0,0
9777,3103,0,0,0
9777,3151,0,0,0
9777,3153,12,12,0
9777,3154,0,0,0
9777,3155,0,0,0
9777,3157,0,0,0
9777,3158,0,0,0
9777,3159,0,0,0
9777,3241,30,15,15
9777,3251,0,0,0
9777,3252,16,16,0
9777,3254,0,0,0
9777,3255,0,0,0
9777,3256,0,0,0
9777,3257,0,0,0
9777,3351,0,0,0
9777,3352,0,0,0
9777,3353,0,0,0
9777,3354,0,0,0
9777,3355,0,0,0
9777,3356,0,0,0
9777,3357,0,0,0
9777,3358,0,0,0
9777,3359,0,0,0
9777,3360,0,0,0
9777,3361,0,0,0
9777,3401,0,0,0
9777,3402,0,0,0
9777,3403,0,0,0
9777,3404,0,0,0
9777,3405,0,0,0
9777,3451,0,0,0
9777,3452,0,0,0
9777,3453,16,0,16
9777,3454,0,0,0
9777,3455,0,0,0
9777,3456,0,0,0
9777,3457,0,0,0
9777,3458,0,0,0
9777,3459,0,0,0
9777,3460,0,0,0
9777,3461,0,0,0
9777,3462,0,0,0
9777,4011,0,0,0
9777,4012,0,0,0
9777,5111,48,11,37
9777,5112,0,0,0
9777,5113,0,0,0
9777,5114,10,0,10
9777,5116,0,0,0
9777,5117,0,0,0
9777,5119,0,0,0
9777,5120,0,0,0
9777,5122,0,0,0
9777,5124,0,0,0
9777,5154,0,0,0
9777,5158,22,12,10
9777,5162,0,0,0
9777,5166,0,0,0
9777,5170,0,0,0
9777,5314,0,0,0
9777,5315,78,0,78
9777,5316,0,0,0
9777,5334,0,0,0
9777,5358,0,0,0
9777,5362,0,0,0
9777,5366,0,0,0
9777,5370,0,0,0
9777,5374,0,0,0
9777,5378,0,0,0
9777,5382,21,11,10
9777,5512,0,0,0
9777,5513,0,0,0
9777,5515,0,0,0
9777,5554,0,0,0
9777,5558,0,0,0
9777,5562,0,0,0
9777,5566,21,11,10
9777,5570,0,0,0
9777,5711,39,11,28
9777,5754,23,12,11
9777,5758,0,0,0
9777,5762,0,0,0
9777,5766,23,23,0
9777,5770,10,0,10
9777,5774,0,0,0
9777,5911,0,0,0
9777,5913,12,0,12
9777,5914,0,0,0
9777,5915,0,0,0
9777,5916,0,0,0
9777,5954,0,0,0
9777,5958,0,0,0
9777,5962,0,0,0
9777,5966,0,0,0
9777,5970,0,0,0
9777,5974,0,0,0
9777,5978,18,0,18
9777,6411,0,0,0
9777,6412,75,0,75
9777,6413,0,0,0
9777,6414,10,0,10
9777,6431,0,0,0
9777,6432,0,0,0
9777,6433,0,0,0
9777,6434,15,0,15
9777,6435,0,0,0
9777,6436,0,0,0
9777,6437,0,0,0
9777,6438,12,0,12
9777,6439,0,0,0
9777,6440,0,0,0
9777,6531,0,0,0
9777,6532,0,0,0
9777,6533,0,0,0
9777,6534,0,0,0
9777,6535,0,0,0
9777,6611,0,0,0
9777,6631,0,0,0
9777,6632,0,0,0
9777,6633,0,0,0
9777,6634,0,0,0
9777,6635,0,0,0
9777,6636,0,0,0
9777,7111,0,0,0
9777,7131,0,0,0
9777,7132,0,0,0
9777,7133,0,0,0
9777,7134,47,0,47
9777,7135,0,0,0
9777,7137,0,0,0
9777,7138,0,0,0
9777,7140,0,0,0
9777,7141,0,0,0
9777,7143,0,0,0
9777,7211,0,0,0
9777,7231,0,0,0
9777,7232,0,0,0
9777,7233,0,0,0
9777,7235,0,0,0
9777,7311,0,0,0
9777,7312,0,0,0
9777,7313,0,0,0
9777,7314,0,0,0
9777,7315,16,0,16
9777,7316,0,0,0
9777,7317,0,0,0
9777,7318,0,0,0
9777,7319,0,0,0
9777,7320,0,0,0
9777,7331,0,0,0
9777,7332,0,0,0
9777,7333,0,0,0
9777,7334,0,0,0
9777,7335,0,0,0
9777,7336,0,0,0
9777,7337,0,0,0
9777,7338,0,0,0
9777,7339,0,0,0
9777,7340,0,0,0
9777,8111,61,18,43
9777,8115,28,11,17
9777,8116,83,17,66
9777,8117,16,16,0
9777,8118,28,0,28
9777,8119,29,13,16
9777,8121,0,0,0
9777,8125,37,12,25
9777,8126,12,0,12
9777,8127,13,13,0
9777,8128,0,0,0
9777,8135,35,14,21
9777,8136,37,17,20
9777,8211,0,0,0
9777,8212,14,0,14
9777,8215,10,10,0
9777,8216,0,0,0
9777,8221,0,0,0
9777,8222,13,0,13
9777,8225,0,0,0
9777,8226,28,11,17
9777,8231,0,0,0
9777,8235,0,0,0
9777,8236,12,0,12
9777,8237,0,0,0
9777,8311,0,0,0
9777,8315,0,0,0
9777,8316,0,0,0
9777,8317,0,0,0
9777,8325,0,0,0
9777,8326,11,11,0
9777,8327,0,0,0
9777,8335,31,20,11
9777,8336,0,0,0
9777,8337,0,0,0
9777,8415,16,0,16
9777,8416,0,0,0
9777,8417,13,0,13
9777,8421,72,13,59
9777,8425,42,31,11
9777,8426,125,47,78
9777,8435,35,13,22
9777,8436,178,74,104
9777,8437,0,0,0
9777,9161,14,0,14
9777,9162,1988,332,1656
9777,9163,0,0,0
9777,9171,0,0,0
9777,9172,0,0,0
9777,9173,115,50,65
9777,9174,68,16,52
9777,9175,46,15,31
9777,9176,11,0,11
9777,9177,26,14,12
9777,9178,85,19,66
9777,9179,196,53,143
9777,9180,185,78,107
9777,9181,3486,978,2508
9777,9182,47,11,36
9777,9183,13,13,0
9777,9184,431,53,378
9777,9185,30,12,18
9777,9186,46,14,32
9777,9187,29,16,13
9777,9188,303,35,268
9777,9189,14,0,14
9777,9190,2726,1409,1317
9777,9261,0,0,0
9777,9262,0,0,0
9777,9263,0,0,0
9777,9271,0,0,0
9777,9272,0,0,0
9777,9273,0,0,0
9777,9274,0,0,0
9777,9275,10,0,10
9777,9276,0,0,0
9777,9277,0,0,0
9777,9278,0,0,0
9777,9279,0,0,0
9777,9361,0,0,0
9777,9362,27,11,16
9777,9363,0,0,0
9777,9371,0,0,0
9777,9372,24,12,12
9777,9373,0,0,0
9777,9374,0,0,0
9777,9375,0,0,0
9777,9376,16,16,0
9777,9377,0,0,0
9777,9461,0,0,0
9777,9462,0,0,0
9777,9463,0,0,0
9777,9464,0,0,0
9777,9471,0,0,0
9777,9472,0,0,0
9777,9473,0,0,0
9777,9474,0,0,0
9777,9475,0,0,0
9777,9476,0,0,0
9777,9477,0,0,0
9777,9478,0,0,0
9777,9479,13,0,13
9777,9561,21,0,21
9777,9562,10,0,10
9777,9563,0,0,0
9777,9564,55,12,43
9777,9565,0,0,0
9777,9571,11,11,0
9777,9572,0,0,0
9777,9573,0,0,0
9777,9574,0,0,0
9777,9575,0,0,0
9777,9576,0,0,0
9777,9577,0,0,0
9777,9661,0,0,0
9777,9662,0,0,0
9777,9663,0,0,0
9777,9671,0,0,0
9777,9672,0,0,0
9777,9673,0,0,0
9777,9674,0,0,0
9777,9675,0,0,0
9777,9676,0,0,0
9777,9677,0,0,0
9777,9678,0,0,0
9777,9679,0,0,0
9777,9761,974,178,796
9777,9762,9908,3785,6123
9777,9763,4306,1233,3073
9777,9764,555,101,454
9777,9771,116,67,49
9777,9772,871,524,347
9777,9773,39,20,19
9777,9774,173,74,99
9777,9775,89,33,56
9777,9776,110,34,76
9777,9777,0,0,0
9777,9778,4813,2154,2659
9777,9779,64,26,38
9777,9780,4108,2009,2099
9777,10041,0,0,0
9777,10042,0,0,0
9777,10043,0,0,0
9777,10044,0,0,0
9777,10045,0,0,0
9777,10046,0,0,0
9777,11000,119,58,61
9777,12051,0,0,0
9777,12052,0,0,0
9777,12053,0,0,0
9777,12054,0,0,0
9777,12060,0,0,0
9777,12061,0,0,0
9777,12062,11,0,11
9777,12063,0,0,0
9777,12064,0,0,0
9777,12065,0,0,0
9777,12066,0,0,0
9777,12067,0,0,0
9777,12068,0,0,0
9777,12069,0,0,0
9777,12070,0,0,0
9777,12071,0,0,0
9777,12072,0,0,0
9777,12073,0,0,0
9777,13003,0,0,0
9777,13004,0,0,0
9777,13071,0,0,0
9777,13072,0,0,0
9777,13073,0,0,0
9777,13074,0,0,0
9777,13075,0,0,0
9777,13076,0,0,0
9777,14511,0,0,0
9777,14521,10,10,0
9777,14522,0,0,0
9777,14523,11,11,0
9777,14524,0,0,0
9777,14612,0,0,0
9777,14625,0,0,0
9777,14626,0,0,0
9777,14627,0,0,0
9777,14628,0,0,0
9777,14713,10,10,0
9777,14729,10,10,0
9777,14730,0,0,0
9777,15001,0,0,0
9777,15002,0,0,0
9777,15003,0,0,0
9777,15081,0,0,0
9777,15082,0,0,0
9777,15083,0,0,0
9777,15084,0,0,0
9777,15085,0,0,0
9777,15086,0,0,0
9777,15087,0,0,0
9777,15088,0,0,0
9777,15089,0,0,0
9777,15090,0,0,0
9777,15091,0,0,0
9777,16051,0,0,0
9777,16052,0,0,0
9777,16053,0,0,0
9777,16054,0,0,0
9777,16055,0,0,0
9777,16056,15,15,0
9777,16061,0,0,0
9777,16062,0,0,0
9777,16063,31,31,0
9777,16064,0,0,0
9777,16065,0,0,0
9777,16066,0,0,0
9777,16067,16,16,0
9777,16068,10,10,0
9777,16069,0,0,0
9777,16070,0,0,0
9777,16071,0,0,0
9777,16072,0,0,0
9777,16073,0,0,0
9777,16074,0,0,0
9777,16075,0,0,0
9777,16076,0,0,0
9777,16077,0,0,0
9778,1001,0,0,0
9778,1002,0,0,0
9778,1003,0,0,0
9778,1004,0,0,0
9778,1051,0,0,0
9778,1053,0,0,0
9778,1054,0,0,0
9778,1055,0,0,0
9778,1056,0,0,0
9778,1057,0,0,0
9778,1058,0,0,0
9778,1059,0,0,0
9778,1060,0,0,0
9778,1061,0,0,0
9778,1062,0,0,0
9778,2000,101,15,86
9778,3101,0,0,0
9778,3102,0,0,0
9778,3103,0,0,0
9778,3151,0,0,0
9778,3153,0,0,0
9778,3154,0,0,0
9778,3155,0,0,0
9778,3157,0,0,0
9778,3158,0,0,0
9778,3159,0,0,0
9778,3241,46,10,36
9778,3251,0,0,0
9778,3252,0,0,0
9778,3254,0,0,0
9778,3255,0,0,0
9778,3256,0,0,0
9778,3257,0,0,0
9778,3351,0,0,0
9778,3352,0,0,0
9778,3353,0,0,0
9778,3354,0,0,0
9778,3355,0,0,0
9778,3356,0,0,0
9778,3357,0,0,0
9778,3358,0,0,0
9778,3359,0,0,0
9778,3360,0,0,0
9778,3361,0,0,0
9778,3401,0,0,0
9778,3402,0,0,0
9778,3403,0,0,0
9778,3404,0,0,0
9778,3405,0,0,0
9778,3451,0,0,0
9778,3452,0,0,0
9778,3453,0,0,0
9778,3454,12,12,0
9778,3455,0,0,0
9778,3456,0,0,0
9778,3457,0,0,0
9778,3458,0,0,0
9778,3459,0,0,0
9778,3460,0,0,0
9778,3461,0,0,0
9778,3462,0,0,0
9778,4011,0,0,0
9778,4012,0,0,0
9778,5111,56,12,44
9778,5112,0,0,0
9778,5113,11,11,0
9778,5114,0,0,0
9778,5116,0,0,0
9778,5117,0,0,0
9778,5119,0,0,0
9778,5120,0,0,0
9778,5122,0,0,0
9778,5124,0,0,0
9778,5154,0,0,0
9778,5158,14,0,14
9778,5162,11,0,11
9778,5166,0,0,0
9778,5170,0,0,0
9778,5314,0,0,0
9778,5315,49,14,35
9778,5316,0,0,0
9778,5334,15,0,15
9778,5358,0,0,0
9778,5362,0,0,0
9778,5366,0,0,0
9778,5370,0,0,0
9778,5374,13,0,13
9778,5378,0,0,0
9778,5382,0,0,0
9778,5512,0,0,0
9778,5513,0,0,0
9778,5515,0,0,0
9778,5554,0,0,0
9778,5558,0,0,0
9778,5562,13,13,0
9778,5566,29,0,29
9778,5570,0,0,0
9778,5711,10,10,0
9778,5754,14,0,14
9778,5758,0,0,0
9778,5762,0,0,0
9778,5766,0,0,0
9778,5770,0,0,0
9778,5774,0,0,0
9778,5911,0,0,0
9778,5913,12,12,0
9778,5914,0,0,0
9778,5915,0,0,0
9778,5916,0,0,0
9778,5954,0,0,0
9778,5958,0,0,0
9778,5962,10,0,10
9778,5966,0,0,0
9778,5970,0,0,0
9778,5974,0,0,0
9778,5978,0,0,0
9778,6411,0,0,0
9778,6412,43,0,43
9778,6413,0,0,0
9778,6414,19,0,19
9778,6431,0,0,0
9778,6432,0,0,0
9778,6433,0,0,0
9778,6434,19,0,19
9778,6435,22,12,10
9778,6436,18,0,18
9778,6437,0,0,0
9778,6438,20,0,20
9778,6439,0,0,0
9778,6440,0,0,0
9778,6531,0,0,0
9778,6532,0,0,0
9778,6533,0,0,0
9778,6534,0,0,0
9778,6535,0,0,0
9778,6611,0,0,0
9778,6631,0,0,0
9778,6632,0,0,0
9778,6633,0,0,0
9778,6634,0,0,0
9778,6635,0,0,0
9778,6636,0,0,0
9778,7111,0,0,0
9778,7131,0,0,0
9778,7132,0,0,0
9778,7133,0,0,0
9778,7134,0,0,0
9778,7135,0,0,0
9778,7137,0,0,0
9778,7138,0,0,0
9778,7140,0,0,0
9778,7141,0,0,0
9778,7143,17,17,0
9778,7211,0,0,0
9778,7231,0,0,0
9778,7232,0,0,0
9778,7233,0,0,0
9778,7235,0,0,0
9778,7311,0,0,0
9778,7312,0,0,0
9778,7313,0,0,0
9778,7314,0,0,0
9778,7315,0,0,0
9778,7316,0,0,0
9778,7317,0,0,0
9778,7318,0,0,0
9778,7319,0,0,0
9778,7320,0,0,0
9778,7331,0,0,0
9778,7332,0,0,0
9778,7333,0,0,0
9778,7334,0,0,0
9778,7335,0,0,0
9778,7336,0,0,0
9778,7337,0,0,0
9778,7338,0,0,0
9778,7339,0,0,0
9778,7340,0,0,0
9778,8111,111,21,90
9778,8115,64,27,37
9778,8116,71,25,46
9778,8117,41,23,18
9778,8118,38,21,17
9778,8119,37,17,20
9778,8121,0,0,0
9778,8125,17,0,17
9778,8126,23,0,23
9778,8127,12,12,0
9778,8128,0,0,0
9778,8135,71,13,58
9778,8136,41,13,28
9778,8211,0,0,0
9778,8212,12,0,12
9778,8215,31,11,20
9778,8216,0,0,0
9778,8221,0,0,0
9778,8222,19,0,19
9778,8225,12,0,12
9778,8226,32,13,19
9778,8231,0,0,0
9778,8235,0,0,0
9778,8236,22,10,12
9778,8237,0,0,0
9778,8311,0,0,0
9778,8315,0,0,0
9778,8316,13,0,13
9778,8317,10,0,10
9778,8325,0,0,0
9778,8326,0,0,0
9778,8327,0,0,0
9778,8335,26,11,15
9778,8336,0,0,0
9778,8337,0,0,0
9778,8415,17,17,0
9778,8416,20,10,10
9778,8417,13,0,13
9778,8421,420,82,338
9778,8425,308,117,191
9778,8426,2192,944,1248
9778,8435,65,19,46
9778,8436,1515,730,785
9778,8437,23,10,13
9778,9161,17,0,17
9778,9162,1461,165,1296
9778,9163,0,0,0
9778,9171,0,0,0
9778,9172,0,0,0
9778,9173,35,16,19
9778,9174,85,31,54
9778,9175,24,0,24
9778,9176,0,0,0
9778,9177,13,13,0
9778,9178,68,0,68
9778,9179,135,46,89
9778,9180,32,14,18
9778,9181,1827,652,1175
9778,9182,22,0,22
9778,9183,0,0,0
9778,9184,396,38,358
9778,9185,40,0,40
9778,9186,93,11,82
9778,9187,31,20,11
9778,9188,209,56,153
9778,9189,11,0,11
9778,9190,186,81,105
9778,9261,0,0,0
9778,9262,0,0,0
9778,9263,0,0,0
9778,9271,0,0,0
9778,9272,0,0,0
9778,9273,10,0,10
9778,9274,0,0,0
9778,9275,0,0,0
9778,9276,0,0,0
9778,9277,0,0,0
9778,9278,0,0,0
9778,9279,0,0,0
9778,9361,0,0,0
9778,9362,12,0,12
9778,9363,0,0,0
9778,9371,0,0,0
9778,9372,10,0,10
9778,9373,0,0,0
9778,9374,0,0,0
9778,9375,0,0,0
9778,9376,0,0,0
9778,9377,0,0,0
9778,9461,0,0,0
9778,9462,0,0,0
9778,9463,0,0,0
9778,9464,0,0,0
9778,9471,0,0,0
9778,9472,0,0,0
9778,9473,0,0,0
9778,9474,0,0,0
9778,9475,0,0,0
9778,9476,0,0,0
9778,9477,0,0,0
9778,9478,0,0,0
9778,9479,0,0,0
9778,9561,0,0,0
9778,9562,0,0,0
9778,9563,0,0,0
9778,9564,45,0,45
9778,9565,0,0,0
9778,9571,0,0,0
9778,9572,0,0,0
9778,9573,0,0,0
9778,9574,0,0,0
9778,9575,0,0,0
9778,9576,0,0,0
9778,9577,0,0,0
9778,9661,0,0,0
9778,9662,0,0,0
9778,9663,16,0,16
9778,9671,0,0,0
9778,9672,0,0,0
9778,9673,0,0,0
9778,9674,0,0,0
9778,9675,0,0,0
9778,9676,0,0,0
9778,9677,0,0,0
9778,9678,0,0,0
9778,9679,0,0,0
9778,9761,1162,308,854
9778,9762,2105,1066,1039
9778,9763,2197,1049,1148
9778,9764,14394,3379,11015
9778,9771,107,47,60
9778,9772,1983,1124,859
9778,9773,60,33,27
9778,9774,3088,1619,1469
9778,9775,1950,888,1062
9778,9776,142,43,99
9778,9777,4813,2659,2154
9778,9778,0,0,0
9778,9779,63,17,46
9778,9780,2325,1501,824
9778,10041,21,0,21
9778,10042,0,0,0
9778,10043,0,0,0
9778,10044,0,0,0
9778,10045,0,0,0
9778,10046,0,0,0
9778,11000,102,37,65
9778,12051,0,0,0
9778,12052,0,0,0
9778,12053,0,0,0
9778,12054,96,0,96
9778,12060,0,0,0
9778,12061,0,0,0
9778,12062,0,0,0
9778,12063,0,0,0
9778,12064,0,0,0
9778,12065,0,0,0
9778,12066,0,0,0
9778,12067,0,0,0
9778,12068,0,0,0
9778,12069,0,0,0
9778,12070,0,0,0
9778,12071,0,0,0
9778,12072,0,0,0
9778,12073,0,0,0
9778,13003,0,0,0
9778,13004,0,0,0
9778,13071,0,0,0
9778,13072,0,0,0
9778,13073,0,0,0
9778,13074,0,0,0
9778,13075,0,0,0
9778,13076,19,0,19
9778,14511,14,14,0
9778,14521,0,0,0
9778,14522,10,10,0
9778,14523,0,0,0
9778,14524,0,0,0
9778,14612,0,0,0
9778,14625,0,0,0
9778,14626,0,0,0
9778,14627,0,0,0
9778,14628,0,0,0
9778,14713,20,20,0
9778,14729,0,0,0
9778,14730,0,0,0
9778,15001,0,0,0
9778,15002,0,0,0
9778,15003,0,0,0
9778,15081,0,0,0
9778,15082,0,0,0
9778,15083,0,0,0
9778,15084,13,13,0
9778,15085,12,12,0
9778,15086,13,13,0
9778,15087,0,0,0
9778,15088,28,0,28
9778,15089,0,0,0
9778,15090,0,0,0
9778,15091,0,0,0
9778,16051,0,0,0
9778,16052,0,0,0
9778,16053,0,0,0
9778,16054,0,0,0
9778,16055,0,0,0
9778,16056,0,0,0
9778,16061,0,0,0
9778,16062,0,0,0
9778,16063,0,0,0
9778,16064,0,0,0
9778,16065,0,0,0
9778,16066,0,0,0
9778,16067,0,0,0
9778,16068,0,0,0
9778,16069,0,0,0
9778,16070,0,0,0
9778,16071,0,0,0
9778,16072,0,0,0
9778,16073,0,0,0
9778,16074,0,0,0
9778,16075,0,0,0
9778,16076,0,0,0
9778,16077,10,10,0
9779,1001,0,0,0
9779,1002,0,0,0
9779,1003,0,0,0
9779,1004,0,0,0
9779,1051,0,0,0
9779,1053,0,0,0
9779,1054,0,0,0
9779,1055,0,0,0
9779,1056,13,13,0
9779,1057,0,0,0
9779,1058,0,0,0
9779,1059,0,0,0
9779,1060,0,0,0
9779,1061,0,0,0
9779,1062,0,0,0
9779,2000,229,66,163
9779,3101,0,0,0
9779,3102,0,0,0
9779,3103,0,0,0
9779,3151,0,0,0
9779,3153,0,0,0
9779,3154,0,0,0
9779,3155,0,0,0
9779,3157,0,0,0
9779,3158,0,0,0
9779,3159,0,0,0
9779,3241,27,11,16
9779,3251,0,0,0
9779,3252,0,0,0
9779,3254,0,0,0
9779,3255,0,0,0
9779,3256,0,0,0
9779,3257,0,0,0
9779,3351,0,0,0
9779,3352,0,0,0
9779,3353,0,0,0
9779,3354,0,0,0
9779,3355,0,0,0
9779,3356,0,0,0
9779,3357,0,0,0
9779,3358,0,0,0
9779,3359,11,11,0
9779,3360,0,0,0
9779,3361,0,0,0
9779,3401,0,0,0
9779,3402,0,0,0
9779,3403,0,0,0
9779,3404,0,0,0
9779,3405,0,0,0
9779,3451,0,0,0
9779,3452,0,0,0
9779,3453,0,0,0
9779,3454,0,0,0
9779,3455,0,0,0
9779,3456,0,0,0
9779,3457,0,0,0
9779,3458,0,0,0
9779,3459,0,0,0
9779,3460,0,0,0
9779,3461,0,0,0
9779,3462,0,0,0
9779,4011,23,10,13
9779,4012,0,0,0
9779,5111,16,0,16
9779,5112,0,0,0
9779,5113,0,0,0
9779,5114,0,0,0
9779,5116,0,0,0
9779,5117,0,0,0
9779,5119,0,0,0
9779,5120,0,0,0
9779,5122,0,0,0
9779,5124,0,0,0
9779,5154,0,0,0
9779,5158,0,0,0
9779,5162,10,0,10
9779,5166,13,0,13
9779,5170,0,0,0
9779,5314,0,0,0
9779,5315,38,12,26
9779,5316,0,0,0
9779,5334,0,0,0
9779,5358,0,0,0
9779,5362,21,10,11
9779,5366,0,0,0
9779,5370,0,0,0
9779,5374,10,0,10
9779,5378,0,0,0
9779,5382,11,0,11
9779,5512,0,0,0
9779,5513,0,0,0
9779,5515,0,0,0
9779,5554,0,0,0
9779,5558,0,0,0
9779,5562,0,0,0
9779,5566,0,0,0
9779,5570,0,0,0
9779,5711,0,0,0
9779,5754,21,10,11
9779,5758,0,0,0
9779,5762,0,0,0
9779,5766,0,0,0
9779,5770,0,0,0
9779,5774,0,0,0
9779,5911,0,0,0
9779,5913,0,0,0
9779,5914,0,0,0
9779,5915,0,0,0
9779,5916,0,0,0
9779,5954,0,0,0
9779,5958,0,0,0
9779,5962,0,0,0
9779,5966,0,0,0
9779,5970,0,0,0
9779,5974,0,0,0
9779,5978,0,0,0
9779,6411,0,0,0
9779,6412,54,10,44
9779,6413,0,0,0
9779,6414,0,0,0
9779,6431,11,0,11
9779,6432,0,0,0
9779,6433,0,0,0
9779,6434,16,0,16
9779,6435,15,15,0
9779,6436,0,0,0
9779,6437,0,0,0
9779,6438,13,0,13
9779,6439,0,0,0
9779,6440,0,0,0
9779,6531,0,0,0
9779,6532,0,0,0
9779,6533,0,0,0
9779,6534,0,0,0
9779,6535,0,0,0
9779,6611,0,0,0
9779,6631,0,0,0
9779,6632,0,0,0
9779,6633,0,0,0
9779,6634,0,0,0
9779,6635,0,0,0
9779,6636,0,0,0
9779,7111,0,0,0
9779,7131,0,0,0
9779,7132,0,0,0
9779,7133,0,0,0
9779,7134,0,0,0
9779,7135,0,0,0
9779,7137,0,0,0
9779,7138,0,0,0
9779,7140,0,0,0
9779,7141,0,0,0
9779,7143,0,0,0
9779,7211,0,0,0
9779,7231,0,0,0
9779,7232,0,0,0
9779,7233,0,0,0
9779,7235,0,0,0
9779,7311,0,0,0
9779,7312,0,0,0
9779,7313,0,0,0
9779,7314,0,0,0
9779,7315,0,0,0
9779,7316,0,0,0
9779,7317,0,0,0
9779,7318,0,0,0
9779,7319,0,0,0
9779,7320,0,0,0
9779,7331,0,0,0
9779,7332,0,0,0
9779,7333,0,0,0
9779,7334,0,0,0
9779,7335,0,0,0
9779,7336,0,0,0
9779,7337,0,0,0
9779,7338,0,0,0
9779,7339,0,0,0
9779,7340,0,0,0
9779,8111,102,21,81
9779,8115,0,0,0
9779,8116,38,19,19
9779,8117,56,34,22
9779,8118,47,20,27
9779,8119,74,39,35
9779,8121,24,14,10
9779,8125,60,46,14
9779,8126,27,13,14
9779,8127,157,93,64
9779,8128,12,0,12
9779,8135,496,168,328
9779,8136,3881,1986,1895
9779,8211,0,0,0
9779,8212,11,0,11
9779,8215,16,0,16
9779,8216,0,0,0
9779,8221,0,0,0
9779,8222,22,0,22
9779,8225,73,18,55
9779,8226,35,22,13
9779,8231,0,0,0
9779,8235,0,0,0
9779,8236,0,0,0
9779,8237,0,0,0
9779,8311,0,0,0
9779,8315,0,0,0
9779,8316,0,0,0
9779,8317,27,10,17
9779,8325,0,0,0
9779,8326,0,0,0
9779,8327,0,0,0
9779,8335,0,0,0
9779,8336,0,0,0
9779,8337,0,0,0
9779,8415,23,11,12
9779,8416,0,0,0
9779,8417,0,0,0
9779,8421,140,63,77
9779,8425,87,69,18
9779,8426,47,28,19
9779,8435,21,21,0
9779,8436,31,20,11
9779,8437,0,0,0
9779,9161,525,102,423
9779,9162,1166,357,809
9779,9163,16,0,16
9779,9171,0,0,0
9779,9172,0,0,0
9779,9173,50,33,17
9779,9174,67,35,32
9779,9175,58,38,20
9779,9176,375,210,165
9779,9177,31,19,12
9779,9178,84,29,55
9779,9179,89,64,25
9779,9180,0,0,0
9779,9181,90,69,21
9779,9182,31,21,10
9779,9183,0,0,0
9779,9184,326,113,213
9779,9185,2586,1536,1050
9779,9186,155,53,102
9779,9187,136,44,92
9779,9188,74,23,51
9779,9189,10,10,0
9779,9190,37,25,12
9779,9261,0,0,0
9779,9262,0,0,0
9779,9263,0,0,0
9779,9271,10,0,10
9779,9272,0,0,0
9779,9273,15,0,15
9779,9274,16,16,0
9779,9275,10,10,0
9779,9276,0,0,0
9779,9277,0,0,0
9779,9278,0,0,0
9779,9279,0,0,0
9779,9361,0,0,0
9779,9362,44,10,34
9779,9363,0,0,0
9779,9371,0,0,0
9779,9372,12,12,0
9779,9373,20,20,0
9779,9374,0,0,0
9779,9375,16,16,0
9779,9376,10,10,0
9779,9377,0,0,0
9779,9461,0,0,0
9779,9462,10,10,0
9779,9463,0,0,0
9779,9464,0,0,0
9779,9471,12,0,12
9779,9472,0,0,0
9779,9473,0,0,0
9779,9474,0,0,0
9779,9475,0,0,0
9779,9476,12,12,0
9779,9477,0,0,0
9779,9478,0,0,0
9779,9479,0,0,0
9779,9561,69,22,47
9779,9562,42,11,31
9779,9563,33,12,21
9779,9564,293,84,209
9779,9565,11,11,0
9779,9571,1420,822,598
9779,9572,10,10,0
9779,9573,15,15,0
9779,9574,38,20,18
9779,9575,33,22,11
9779,9576,61,43,18
9779,9577,2554,1626,928
9779,9661,0,0,0
9779,9662,0,0,0
9779,9663,11,0,11
9779,9671,0,0,0
9779,9672,0,0,0
9779,9673,0,0,0
9779,9674,0,0,0
9779,9675,11,11,0
9779,9676,0,0,0
9779,9677,0,0,0
9779,9678,0,0,0
9779,9679,11,11,0
9779,9761,3554,1630,1924
9779,9762,24,24,0
9779,9763,0,0,0
9779,9764,0,0,0
9779,9771,1010,717,293
9779,9772,3616,2250,1366
9779,9773,4912,3106,1806
9779,9774,357,209,148
9779,9775,138,90,48
9779,9776,0,0,0
9779,9777,64,38,26
9779,9778,63,46,17
9779,9779,0,0,0
9779,9780,18,18,0
9779,10041,0,0,0
9779,10042,0,0,0
9779,10043,0,0,0
9779,10044,0,0,0
9779,10045,0,0,0
9779,10046,0,0,0
9779,11000,101,57,44
9779,12051,0,0,0
9779,12052,0,0,0
9779,12053,0,0,0
9779,12054,0,0,0
9779,12060,0,0,0
9779,12061,0,0,0
9779,12062,0,0,0
9779,12063,0,0,0
9779,12064,0,0,0
9779,12065,0,0,0
9779,12066,0,0,0
9779,12067,0,0,0
9779,12068,0,0,0
9779,12069,0,0,0
9779,12070,0,0,0
9779,12071,0,0,0
9779,12072,0,0,0
9779,12073,0,0,0
9779,13003,0,0,0
9779,13004,0,0,0
9779,13071,0,0,0
9779,13072,0,0,0
9779,13073,0,0,0
9779,13074,0,0,0
9779,13075,0,0,0
9779,13076,0,0,0
9779,14511,15,15,0
9779,14521,14,14,0
9779,14522,31,31,0
9779,14523,15,15,0
9779,14524,24,13,11
9779,14612,40,30,10
9779,14625,0,0,0
9779,14626,11,11,0
9779,14627,13,13,0
9779,14628,0,0,0
9779,14713,24,14,10
9779,14729,17,17,0
9779,14730,21,10,11
9779,15001,0,0,0
9779,15002,0,0,0
9779,15003,0,0,0
9779,15081,0,0,0
9779,15082,0,0,0
9779,15083,0,0,0
9779,15084,16,16,0
9779,15085,0,0,0
9779,15086,16,0,16
9779,15087,11,11,0
9779,15088,12,12,0
9779,15089,0,0,0
9779,15090,0,0,0
9779,15091,0,0,0
9779,16051,0,0,0
9779,16052,0,0,0
9779,16053,0,0,0
9779,16054,0,0,0
9779,16055,0,0,0
9779,16056,0,0,0
9779,16061,0,0,0
9779,16062,0,0,0
9779,16063,0,0,0
9779,16064,0,0,0
9779,16065,0,0,0
9779,16066,0,0,0
9779,16067,0,0,0
9779,16068,0,0,0
9779,16069,0,0,0
9779,16070,0,0,0
9779,16071,0,0,0
9779,16072,0,0,0
9779,16073,0,0,0
9779,16074,0,0,0
9779,16075,0,0,0
9779,16076,0,0,0
9779,16077,0,0,0
9780,1001,0,0,0
9780,1002,0,0,0
9780,1003,0,0,0
9780,1004,0,0,0
9780,1051,0,0,0
9780,1053,0,0,0
9780,1054,0,0,0
9780,1055,0,0,0
9780,1056,0,0,0
9780,1057,0,0,0
9780,1058,0,0,0
9780,1059,0,0,0
9780,1060,0,0,0
9780,1061,0,0,0
9780,1062,0,0,0
9780,2000,101,36,65
9780,3101,0,0,0
9780,3102,0,0,0
9780,3103,0,0,0
9780,3151,0,0,0
9780,3153,0,0,0
9780,3154,0,0,0
9780,3155,0,0,0
9780,3157,0,0,0
9780,3158,0,0,0
9780,3159,0,0,0
9780,3241,17,0,17
9780,3251,0,0,0
9780,3252,0,0,0
9780,3254,0,0,0
9780,3255,0,0,0
9780,3256,0,0,0
9780,3257,0,0,0
9780,3351,0,0,0
9780,3352,0,0,0
9780,3353,0,0,0
9780,3354,0,0,0
9780,3355,0,0,0
9780,3356,0,0,0
9780,3357,0,0,0
9780,3358,0,0,0
9780,3359,0,0,0
9780,3360,0,0,0
9780,3361,0,0,0
9780,3401,0,0,0
9780,3402,0,0,0
9780,3403,0,0,0
9780,3404,13,0,13
9780,3405,0,0,0
9780,3451,0,0,0
9780,3452,0,0,0
9780,3453,0,0,0
9780,3454,0,0,0
9780,3455,0,0,0
9780,3456,0,0,0
9780,3457,0,0,0
9780,3458,0,0,0
9780,3459,0,0,0
9780,3460,0,0,0
9780,3461,0,0,0
9780,3462,0,0,0
9780,4011,10,0,10
9780,4012,0,0,0
9780,5111,27,0,27
9780,5112,27,16,11
9780,5113,12,0,12
9780,5114,0,0,0
9780,5116,0,0,0
9780,5117,0,0,0
9780,5119,0,0,0
9780,5120,0,0,0
9780,5122,0,0,0
9780,5124,0,0,0
9780,5154,0,0,0
9780,5158,20,0,20
9780,5162,0,0,0
9780,5166,0,0,0
9780,5170,0,0,0
9780,5314,12,0,12
9780,5315,56,13,43
9780,5316,0,0,0
9780,5334,0,0,0
9780,5358,0,0,0
9780,5362,0,0,0
9780,5366,0,0,0
9780,5370,0,0,0
9780,5374,16,0,16
9780,5378,0,0,0
9780,5382,15,0,15
9780,5512,0,0,0
9780,5513,0,0,0
9780,5515,0,0,0
9780,5554,0,0,0
9780,5558,0,0,0
9780,5562,0,0,0
9780,5566,0,0,0
9780,5570,0,0,0
9780,5711,11,0,11
9780,5754,109,0,109
9780,5758,0,0,0
9780,5762,0,0,0
9780,5766,0,0,0
9780,5770,0,0,0
9780,5774,0,0,0
9780,5911,0,0,0
9780,5913,10,10,0
9780,5914,0,0,0
9780,5915,0,0,0
9780,5916,0,0,0
9780,5954,0,0,0
9780,5958,0,0,0
9780,5962,37,37,0
9780,5966,0,0,0
9780,5970,16,16,0
9780,5974,0,0,0
9780,5978,0,0,0
9780,6411,0,0,0
9780,6412,77,11,66
9780,6413,0,0,0
9780,6414,55,42,13
9780,6431,0,0,0
9780,6432,0,0,0
9780,6433,0,0,0
9780,6434,0,0,0
9780,6435,17,0,17
9780,6436,0,0,0
9780,6437,0,0,0
9780,6438,0,0,0
9780,6439,0,0,0
9780,6440,0,0,0
9780,6531,0,0,0
9780,6532,0,0,0
9780,6533,0,0,0
9780,6534,0,0,0
9780,6535,0,0,0
9780,6611,0,0,0
9780,6631,0,0,0
9780,6632,0,0,0
9780,6633,0,0,0
9780,6634,0,0,0
9780,6635,0,0,0
9780,6636,0,0,0
9780,7111,0,0,0
9780,7131,0,0,0
9780,7132,86,86,0
9780,7133,0,0,0
9780,7134,21,0,21
9780,7135,0,0,0
9780,7137,13,13,0
9780,7138,53,43,10
9780,7140,0,0,0
9780,7141,0,0,0
9780,7143,34,34,0
9780,7211,0,0,0
9780,7231,0,0,0
9780,7232,0,0,0
9780,7233,0,0,0
9780,7235,0,0,0
9780,7311,0,0,0
9780,7312,0,0,0
9780,7313,18,18,0
9780,7314,0,0,0
9780,7315,32,11,21
9780,7316,0,0,0
9780,7317,0,0,0
9780,7318,0,0,0
9780,7319,10,10,0
9780,7320,0,0,0
9780,7331,21,21,0
9780,7332,0,0,0
9780,7333,0,0,0
9780,7334,0,0,0
9780,7335,0,0,0
9780,7336,0,0,0
9780,7337,32,32,0
9780,7338,0,0,0
9780,7339,10,10,0
9780,7340,0,0,0
9780,8111,178,50,128
9780,8115,58,25,33
9780,8116,85,33,52
9780,8117,59,35,24
9780,8118,80,32,48
9780,8119,68,22,46
9780,8121,16,16,0
9780,8125,67,40,27
9780,8126,30,15,15
9780,8127,21,21,0
9780,8128,0,0,0
9780,8135,38,22,16
9780,8136,44,22,22
9780,8211,0,0,0
9780,8212,24,11,13
9780,8215,31,20,11
9780,8216,0,0,0
9780,8221,0,0,0
9780,8222,13,0,13
9780,8225,0,0,0
9780,8226,47,28,19
9780,8231,0,0,0
9780,8235,0,0,0
9780,8236,29,17,12
9780,8237,0,0,0
9780,8311,11,0,11
9780,8315,0,0,0
9780,8316,0,0,0
9780,8317,28,15,13
9780,8325,17,17,0
9780,8326,37,23,14
9780,8327,0,0,0
9780,8335,42,22,20
9780,8336,0,0,0
9780,8337,11,11,0
9780,8415,35,21,14
9780,8416,22,11,11
9780,8417,20,0,20
9780,8421,159,38,121
9780,8425,81,37,44
9780,8426,279,113,166
9780,8435,154,59,95
9780,8436,2541,710,1831
9780,8437,30,0,30
9780,9161,21,11,10
9780,9162,813,197,616
9780,9163,0,0,0
9780,9171,11,0,11
9780,9172,22,12,10
9780,9173,36,20,16
9780,9174,56,20,36
9780,9175,17,0,17
9780,9176,0,0,0
9780,9177,0,0,0
9780,9178,66,15,51
9780,9179,46,24,22
9780,9180,56,28,28
9780,9181,125,57,68
9780,9182,21,10,11
9780,9183,0,0,0
9780,9184,204,30,174
9780,9185,15,0,15
9780,9186,17,0,17
9780,9187,33,15,18
9780,9188,77,40,37
9780,9189,37,11,26
9780,9190,160,104,56
9780,9261,16,16,0
9780,9262,0,0,0
9780,9263,0,0,0
9780,9271,0,0,0
9780,9272,17,17,0
9780,9273,0,0,0
9780,9274,11,11,0
9780,9275,0,0,0
9780,9276,0,0,0
9780,9277,0,0,0
9780,9278,0,0,0
9780,9279,0,0,0
9780,9361,0,0,0
9780,9362,29,0,29
9780,9363,0,0,0
9780,9371,0,0,0
9780,9372,27,0,27
9780,9373,0,0,0
9780,9374,0,0,0
9780,9375,28,28,0
9780,9376,10,10,0
9780,9377,0,0,0
9780,9461,0,0,0
9780,9462,0,0,0
9780,9463,0,0,0
9780,9464,0,0,0
9780,9471,0,0,0
9780,9472,0,0,0
9780,9473,0,0,0
9780,9474,0,0,0
9780,9475,14,14,0
9780,9476,0,0,0
9780,9477,0,0,0
9780,9478,0,0,0
9780,9479,0,0,0
9780,9561,0,0,0
9780,9562,12,0,12
9780,9563,0,0,0
9780,9564,75,18,57
9780,9565,0,0,0
9780,9571,11,0,11
9780,9572,10,0,10
9780,9573,0,0,0
9780,9574,0,0,0
9780,9575,0,0,0
9780,9576,0,0,0
9780,9577,0,0,0
9780,9661,0,0,0
9780,9662,0,0,0
9780,9663,13,0,13
9780,9671,14,14,0
9780,9672,0,0,0
9780,9673,0,0,0
9780,9674,0,0,0
9780,9675,0,0,0
9780,9676,14,14,0
9780,9677,0,0,0
9780,9678,0,0,0
9780,9679,0,0,0
9780,9761,573,114,459
9780,9762,516,238,278
9780,9763,20108,7098,13010
9780,9764,1119,211,908
9780,9771,53,24,29
9780,9772,145,78,67
9780,9773,41,20,21
9780,9774,126,52,74
9780,9775,157,83,74
9780,9776,1893,915,978
9780,9777,4108,2099,2009
9780,9778,2325,824,1501
9780,9779,18,0,18
9780,9780,0,0,0
9780,10041,0,0,0
9780,10042,11,11,0
9780,10043,0,0,0
9780,10044,31,31,0
9780,10045,0,0,0
9780,10046,0,0,0
9780,11000,241,153,88
9780,12051,0,0,0
9780,12052,0,0,0
9780,12053,0,0,0
9780,12054,0,0,0
9780,12060,0,0,0
9780,12061,0,0,0
9780,12062,0,0,0
9780,12063,0,0,0
9780,12064,0,0,0
9780,12065,0,0,0
9780,12066,0,0,0
9780,12067,0,0,0
9780,12068,0,0,0
9780,12069,0,0,0
9780,12070,0,0,0
9780,12071,0,0,0
9780,12072,0,0,0
9780,12073,0,0,0
9780,13003,0,0,0
9780,13004,0,0,0
9780,13071,0,0,0
9780,13072,0,0,0
9780,13073,0,0,0
9780,13074,0,0,0
9780,13075,0,0,0
9780,13076,0,0,0
9780,14511,0,0,0
9780,14521,0,0,0
9780,14522,11,11,0
9780,14523,0,0,0
9780,14524,0,0,0
9780,14612,45,45,0
9780,14625,0,0,0
9780,14626,0,0,0
9780,14627,13,13,0
9780,14628,19,19,0
9780,14713,22,22,0
9780,14729,12,12,0
9780,14730,10,10,0
9780,15001,0,0,0
9780,15002,0,0,0
9780,15003,0,0,0
9780,15081,0,0,0
9780,15082,0,0,0
9780,15083,0,0,0
9780,15084,0,0,0
9780,15085,0,0,0
9780,15086,0,0,0
9780,15087,0,0,0
9780,15088,0,0,0
9780,15089,0,0,0
9780,15090,0,0,0
9780,15091,0,0,0
9780,16051,0,0,0
9780,16052,0,0,0
9780,16053,0,0,0
9780,16054,0,0,0
9780,16055,0,0,0
9780,16056,0,0,0
9780,16061,0,0,0
9780,16062,0,0,0
9780,16063,0,0,0
9780,16064,0,0,0
9780,16065,0,0,0
9780,16066,0,0,0
9780,16067,0,0,0
9780,16068,0,0,0
9780,16069,0,0,0
9780,16070,0,0,0
9780,16071,0,0,0
9780,16072,0,0,0
9780,16073,0,0,0
9780,16074,0,0,0
9780,16075,0,0,0
9780,16076,0,0,0
9780,16077,0,0,0
10041,1001,227,227,0
10041,1002,11,0,11
10041,1003,28,0,28
10041,1004,0,0,0
10041,1051,14,14,0
10041,1053,0,0,0
10041,1054,163,163,0
10041,1055,0,0,0
10041,1056,18,18,0
10041,1057,0,0,0
10041,1058,0,0,0
10041,1059,51,51,0
10041,1060,27,27,0
10041,1061,0,0,0
10041,1062,0,0,0
10041,2000,252,118,134
10041,3101,92,0,92
10041,3102,0,0,0
10041,3103,0,0,0
10041,3151,11,11,0
10041,3153,0,0,0
10041,3154,0,0,0
10041,3155,0,0,0
10041,3157,0,0,0
10041,3158,0,0,0
10041,3159,23,13,10
10041,3241,82,39,43
10041,3251,10,10,0
10041,3252,0,0,0
10041,3254,0,0,0
10041,3255,0,0,0
10041,3256,0,0,0
10041,3257,0,0,0
10041,3351,0,0,0
10041,3352,0,0,0
10041,3353,13,13,0
10041,3354,0,0,0
10041,3355,10,10,0
10041,3356,0,0,0
10041,3357,11,0,11
10041,3358,15,15,0
10041,3359,10,10,0
10041,3360,0,0,0
10041,3361,0,0,0
10041,3401,0,0,0
10041,3402,0,0,0
10041,3403,10,0,10
10041,3404,12,0,12
10041,3405,0,0,0
10041,3451,0,0,0
10041,3452,0,0,0
10041,3453,11,0,11
10041,3454,42,31,11
10041,3455,0,0,0
10041,3456,0,0,0
10041,3457,0,0,0
10041,3458,10,10,0
10041,3459,11,0,11
10041,3460,0,0,0
10041,3461,11,11,0
10041,3462,0,0,0
10041,4011,60,28,32
10041,4012,0,0,0
10041,5111,294,68,226
10041,5112,47,25,22
10041,5113,205,28,177
10041,5114,36,16,20
10041,5116,30,18,12
10041,5117,16,0,16
10041,5119,23,13,10
10041,5120,0,0,0
10041,5122,11,0,11
10041,5124,39,19,20
10041,5154,42,27,15
10041,5158,85,40,45
10041,5162,59,35,24
10041,5166,39,22,17
10041,5170,38,25,13
10041,5314,79,26,53
10041,5315,386,132,254
10041,5316,11,0,11
10041,5334,65,29,36
10041,5358,50,16,34
10041,5362,69,40,29
10041,5366,11,0,11
10041,5370,16,16,0
10041,5374,45,17,28
10041,5378,27,27,0
10041,5382,79,56,23
10041,5512,10,10,0
10041,5513,27,15,12
10041,5515,50,21,29
10041,5554,14,14,0
10041,5558,11,11,0
10041,5562,64,42,22
10041,5566,57,23,34
10041,5570,10,0,10
10041,5711,16,0,16
10041,5754,53,15,38
10041,5758,0,0,0
10041,5762,0,0,0
10041,5766,0,0,0
10041,5770,11,11,0
10041,5774,11,11,0
10041,5911,36,24,12
10041,5913,111,34,77
10041,5914,0,0,0
10041,5915,13,13,0
10041,5916,58,0,58
10041,5954,30,19,11
10041,5958,0,0,0
10041,5962,15,15,0
10041,5966,10,10,0
10041,5970,39,29,10
10041,5974,0,0,0
10041,5978,42,19,23
10041,6411,71,30,41
10041,6412,767,339,428
10041,6413,35,23,12
10041,6414,189,80,109
10041,6431,97,60,37
10041,6432,92,48,44
10041,6433,219,149,70
10041,6434,98,33,65
10041,6435,251,216,35
10041,6436,114,51,63
10041,6437,0,0,0
10041,6438,252,170,82
10041,6439,160,54,106
10041,6440,86,75,11
10041,6531,35,22,13
10041,6532,65,24,41
10041,6533,17,17,0
10041,6534,13,0,13
10041,6535,0,0,0
10041,6611,40,27,13
10041,6631,11,11,0
10041,6632,0,0,0
10041,6633,21,21,0
10041,6634,24,24,0
10041,6635,0,0,0
10041,6636,0,0,0
10041,7111,156,55,101
10041,7131,46,34,12
10041,7132,23,23,0
10041,7133,140,92,48
10041,7134,404,258,146
10041,7135,68,34,34
10041,7137,101,85,16
10041,7138,95,31,64
10041,7140,127,90,37
10041,7141,65,30,35
10041,7143,74,54,20
10041,7211,631,298,333
10041,7231,223,188,35
10041,7232,73,54,19
10041,7233,33,21,12
10041,7235,526,407,119
10041,7311,24,14,10
10041,7312,799,397,402
10041,7313,64,40,24
10041,7314,222,103,119
10041,7315,296,125,171
10041,7316,65,23,42
10041,7317,365,207,158
10041,7318,31,10,21
10041,7319,69,47,22
10041,7320,1243,787,456
10041,7331,102,81,21
10041,7332,116,83,33
10041,7333,112,74,38
10041,7334,94,72,22
10041,7335,779,587,192
10041,7336,772,682,90
10041,7337,56,33,23
10041,7338,118,90,28
10041,7339,157,120,37
10041,7340,667,592,75
10041,8111,292,136,156
10041,8115,90,35,55
10041,8116,113,56,57
10041,8117,31,15,16
10041,8118,115,53,62
10041,8119,84,31,53
10041,8121,12,0,12
10041,8125,51,18,33
10041,8126,41,14,27
10041,8127,86,73,13
10041,8128,21,11,10
10041,8135,22,10,12
10041,8136,72,47,25
10041,8211,27,10,17
10041,8212,220,49,171
10041,8215,148,73,75
10041,8216,81,65,16
10041,8221,94,39,55
10041,8222,392,142,250
10041,8225,10,10,0
10041,8226,287,100,187
10041,8231,27,14,13
10041,8235,13,0,13
10041,8236,28,18,10
10041,8237,0,0,0
10041,8311,84,59,25
10041,8315,59,33,26
10041,8316,19,19,0
10041,8317,137,90,47
10041,8325,0,0,0
10041,8326,28,16,12
10041,8327,0,0,0
10041,8335,38,22,16
10041,8336,48,25,23
10041,8337,11,11,0
10041,8415,29,16,13
10041,8416,38,15,23
10041,8417,0,0,0
10041,8421,140,118,22
10041,8425,22,22,0
10041,8426,42,42,0
10041,8435,72,47,25
10041,8436,40,21,19
10041,8437,0,0,0
10041,9161,85,0,85
10041,9162,570,198,372
10041,9163,0,0,0
10041,9171,0,0,0
10041,9172,0,0,0
10041,9173,10,10,0
10041,9174,0,0,0
10041,9175,0,0,0
10041,9176,0,0,0
10041,9177,19,19,0
10041,9178,30,17,13
10041,9179,16,16,0
10041,9180,0,0,0
10041,9181,10,10,0
10041,9182,11,11,0
10041,9183,0,0,0
10041,9184,236,35,201
10041,9185,0,0,0
10041,9186,20,10,10
10041,9187,0,0,0
10041,9188,21,0,21
10041,9189,14,14,0
10041,9190,0,0,0
10041,9261,0,0,0
10041,9262,0,0,0
10041,9263,0,0,0
10041,9271,0,0,0
10041,9272,0,0,0
10041,9273,0,0,0
10041,9274,0,0,0
10041,9275,0,0,0
10041,9276,0,0,0
10041,9277,0,0,0
10041,9278,36,0,36
10041,9279,15,15,0
10041,9361,0,0,0
10041,9362,10,10,0
10041,9363,0,0,0
10041,9371,0,0,0
10041,9372,0,0,0
10041,9373,0,0,0
10041,9374,0,0,0
10041,9375,0,0,0
10041,9376,0,0,0
10041,9377,0,0,0
10041,9461,0,0,0
10041,9462,0,0,0
10041,9463,0,0,0
10041,9464,0,0,0
10041,9471,11,11,0
10041,9472,10,10,0
10041,9473,0,0,0
10041,9474,0,0,0
10041,9475,0,0,0
10041,9476,0,0,0
10041,9477,0,0,0
10041,9478,0,0,0
10041,9479,0,0,0
10041,9561,0,0,0
10041,9562,35,16,19
10041,9563,16,16,0
10041,9564,112,40,72
10041,9565,0,0,0
10041,9571,18,18,0
10041,9572,12,12,0
10041,9573,11,11,0
10041,9574,16,16,0
10041,9575,0,0,0
10041,9576,0,0,0
10041,9577,0,0,0
10041,9661,23,10,13
10041,9662,10,10,0
10041,9663,28,11,17
10041,9671,35,22,13
10041,9672,0,0,0
10041,9673,0,0,0
10041,9674,0,0,0
10041,9675,0,0,0
10041,9676,0,0,0
10041,9677,23,0,23
10041,9678,12,12,0
10041,9679,15,15,0
10041,9761,27,0,27
10041,9762,0,0,0
10041,9763,0,0,0
10041,9764,11,11,0
10041,9771,13,13,0
10041,9772,15,15,0
10041,9773,0,0,0
10041,9774,10,10,0
10041,9775,16,0,16
10041,9776,0,0,0
10041,9777,0,0,0
10041,9778,21,21,0
10041,9779,0,0,0
10041,9780,0,0,0
10041,10041,0,0,0
10041,10042,4112,2794,1318
10041,10043,17469,11847,5622
10041,10044,25508,15737,9771
10041,10045,20281,11558,8723
10041,10046,5232,4107,1125
10041,11000,699,354,345
10041,12051,0,0,0
10041,12052,13,13,0
10041,12053,0,0,0
10041,12054,19,0,19
10041,12060,13,13,0
10041,12061,48,48,0
10041,12062,0,0,0
10041,12063,28,28,0
10041,12064,0,0,0
10041,12065,0,0,0
10041,12066,0,0,0
10041,12067,0,0,0
10041,12068,0,0,0
10041,12069,0,0,0
10041,12070,0,0,0
10041,12071,11,11,0
10041,12072,0,0,0
10041,12073,0,0,0
10041,13003,13,13,0
10041,13004,0,0,0
10041,13071,0,0,0
10041,13072,98,98,0
10041,13073,0,0,0
10041,13074,12,12,0
10041,13075,12,12,0
10041,13076,0,0,0
10041,14511,0,0,0
10041,14521,0,0,0
10041,14522,0,0,0
10041,14523,16,16,0
10041,14524,13,13,0
10041,14612,30,19,11
10041,14625,10,10,0
10041,14626,0,0,0
10041,14627,0,0,0
10041,14628,0,0,0
10041,14713,50,34,16
10041,14729,10,10,0
10041,14730,15,15,0
10041,15001,0,0,0
10041,15002,16,0,16
10041,15003,16,16,0
10041,15081,0,0,0
10041,15082,0,0,0
10041,15083,10,10,0
10041,15084,15,15,0
10041,15085,12,12,0
10041,15086,0,0,0
10041,15087,0,0,0
10041,15088,17,17,0
10041,15089,0,0,0
10041,15090,0,0,0
10041,15091,0,0,0
10041,16051,11,11,0
10041,16052,0,0,0
10041,16053,0,0,0
10041,16054,0,0,0
10041,16055,0,0,0
10041,16056,0,0,0
10041,16061,0,0,0
10041,16062,0,0,0
10041,16063,0,0,0
10041,16064,0,0,0
10041,16065,0,0,0
10041,16066,0,0,0
10041,16067,33,33,0
10041,16068,0,0,0
10041,16069,0,0,0
10041,16070,12,12,0
10041,16071,0,0,0
10041,16072,0,0,0
10041,16073,0,0,0
10041,16074,0,0,0
10041,16075,0,0,0
10041,16076,0,0,0
10041,16077,0,0,0
10042,1001,0,0,0
10042,1002,0,0,0
10042,1003,0,0,0
10042,1004,13,0,13
10042,1051,0,0,0
10042,1053,0,0,0
10042,1054,0,0,0
10042,1055,0,0,0
10042,1056,0,0,0
10042,1057,0,0,0
10042,1058,0,0,0
10042,1059,0,0,0
10042,1060,0,0,0
10042,1061,0,0,0
10042,1062,0,0,0
10042,2000,46,22,24
10042,3101,0,0,0
10042,3102,0,0,0
10042,3103,0,0,0
10042,3151,0,0,0
10042,3153,0,0,0
10042,3154,0,0,0
10042,3155,0,0,0
10042,3157,0,0,0
10042,3158,0,0,0
10042,3159,0,0,0
10042,3241,21,21,0
10042,3251,0,0,0
10042,3252,0,0,0
10042,3254,0,0,0
10042,3255,0,0,0
10042,3256,0,0,0
10042,3257,0,0,0
10042,3351,0,0,0
10042,3352,0,0,0
10042,3353,0,0,0
10042,3354,0,0,0
10042,3355,0,0,0
10042,3356,0,0,0
10042,3357,0,0,0
10042,3358,0,0,0
10042,3359,0,0,0
10042,3360,0,0,0
10042,3361,0,0,0
10042,3401,0,0,0
10042,3402,0,0,0
10042,3403,0,0,0
10042,3404,0,0,0
10042,3405,0,0,0
10042,3451,0,0,0
10042,3452,0,0,0
10042,3453,0,0,0
10042,3454,0,0,0
10042,3455,0,0,0
10042,3456,0,0,0
10042,3457,0,0,0
10042,3458,0,0,0
10042,3459,45,45,0
10042,3460,0,0,0
10042,3461,0,0,0
10042,3462,0,0,0
10042,4011,0,0,0
10042,4012,0,0,0
10042,5111,75,11,64
10042,5112,21,10,11
10042,5113,10,0,10
10042,5114,0,0,0
10042,5116,0,0,0
10042,5117,0,0,0
10042,5119,0,0,0
10042,5120,0,0,0
10042,5122,0,0,0
10042,5124,0,0,0
10042,5154,0,0,0
10042,5158,0,0,0
10042,5162,0,0,0
10042,5166,0,0,0
10042,5170,0,0,0
10042,5314,0,0,0
10042,5315,67,20,47
10042,5316,0,0,0
10042,5334,0,0,0
10042,5358,0,0,0
10042,5362,0,0,0
10042,5366,0,0,0
10042,5370,0,0,0
10042,5374,11,0,11
10042,5378,0,0,0
10042,5382,11,11,0
10042,5512,0,0,0
10042,5513,0,0,0
10042,5515,0,0,0
10042,5554,0,0,0
10042,5558,0,0,0
10042,5562,0,0,0
10042,5566,0,0,0
10042,5570,0,0,0
10042,5711,0,0,0
10042,5754,0,0,0
10042,5758,0,0,0
10042,5762,0,0,0
10042,5766,0,0,0
10042,5770,0,0,0
10042,5774,0,0,0
10042,5911,0,0,0
10042,5913,10,0,10
10042,5914,0,0,0
10042,5915,0,0,0
10042,5916,0,0,0
10042,5954,13,13,0
10042,5958,0,0,0
10042,5962,15,0,15
10042,5966,0,0,0
10042,5970,0,0,0
10042,5974,0,0,0
10042,5978,0,0,0
10042,6411,0,0,0
10042,6412,95,24,71
10042,6413,0,0,0
10042,6414,40,21,19
10042,6431,0,0,0
10042,6432,11,11,0
10042,6433,24,0,24
10042,6434,0,0,0
10042,6435,39,11,28
10042,6436,15,0,15
10042,6437,0,0,0
10042,6438,34,10,24
10042,6439,0,0,0
10042,6440,0,0,0
10042,6531,0,0,0
10042,6532,0,0,0
10042,6533,0,0,0
10042,6534,0,0,0
10042,6535,0,0,0
10042,6611,0,0,0
10042,6631,0,0,0
10042,6632,0,0,0
10042,6633,0,0,0
10042,6634,0,0,0
10042,6635,0,0,0
10042,6636,0,0,0
10042,7111,18,0,18
10042,7131,0,0,0
10042,7132,0,0,0
10042,7133,15,0,15
10042,7134,188,117,71
10042,7135,18,0,18
10042,7137,0,0,0
10042,7138,18,0,18
10042,7140,13,0,13
10042,7141,0,0,0
10042,7143,0,0,0
10042,7211,957,215,742
10042,7231,132,71,61
10042,7232,37,13,24
10042,7233,19,19,0
10042,7235,2609,1333,1276
10042,7311,0,0,0
10042,7312,79,31,48
10042,7313,0,0,0
10042,7314,14,0,14
10042,7315,28,0,28
10042,7316,41,0,41
10042,7317,24,14,10
10042,7318,0,0,0
10042,7319,0,0,0
10042,7320,44,18,26
10042,7331,0,0,0
10042,7332,23,23,0
10042,7333,14,14,0
10042,7334,10,0,10
10042,7335,53,33,20
10042,7336,34,34,0
10042,7337,0,0,0
10042,7338,10,10,0
10042,7339,0,0,0
10042,7340,38,38,0
10042,8111,23,11,12
10042,8115,15,0,15
10042,8116,25,15,10
10042,8117,10,0,10
10042,8118,19,0,19
10042,8119,0,0,0
10042,8121,0,0,0
10042,8125,17,0,17
10042,8126,0,0,0
10042,8127,0,0,0
10042,8128,0,0,0
10042,8135,0,0,0
10042,8136,0,0,0
10042,8211,0,0,0
10042,8212,24,10,14
10042,8215,0,0,0
10042,8216,0,0,0
10042,8221,0,0,0
10042,8222,47,18,29
10042,8225,0,0,0
10042,8226,38,16,22
10042,8231,0,0,0
10042,8235,0,0,0
10042,8236,0,0,0
10042,8237,0,0,0
10042,8311,0,0,0
10042,8315,0,0,0
10042,8316,0,0,0
10042,8317,14,0,14
10042,8325,0,0,0
10042,8326,0,0,0
10042,8327,0,0,0
10042,8335,0,0,0
10042,8336,0,0,0
10042,8337,0,0,0
10042,8415,0,0,0
10042,8416,0,0,0
10042,8417,0,0,0
10042,8421,0,0,0
10042,8425,0,0,0
10042,8426,0,0,0
10042,8435,0,0,0
10042,8436,0,0,0
10042,8437,0,0,0
10042,9161,0,0,0
10042,9162,73,13,60
10042,9163,0,0,0
10042,9171,0,0,0
10042,9172,0,0,0
10042,9173,0,0,0
10042,9174,0,0,0
10042,9175,0,0,0
10042,9176,0,0,0
10042,9177,0,0,0
10042,9178,0,0,0
10042,9179,0,0,0
10042,9180,0,0,0
10042,9181,0,0,0
10042,9182,0,0,0
10042,9183,0,0,0
10042,9184,28,0,28
10042,9185,0,0,0
10042,9186,0,0,0
10042,9187,0,0,0
10042,9188,0,0,0
10042,9189,0,0,0
10042,9190,0,0,0
10042,9261,0,0,0
10042,9262,0,0,0
10042,9263,0,0,0
10042,9271,0,0,0
10042,9272,0,0,0
10042,9273,0,0,0
10042,9274,0,0,0
10042,9275,0,0,0
10042,9276,0,0,0
10042,9277,0,0,0
10042,9278,0,0,0
10042,9279,0,0,0
10042,9361,0,0,0
10042,9362,0,0,0
10042,9363,0,0,0
10042,9371,0,0,0
10042,9372,0,0,0
10042,9373,0,0,0
10042,9374,0,0,0
10042,9375,0,0,0
10042,9376,0,0,0
10042,9377,0,0,0
10042,9461,0,0,0
10042,9462,0,0,0
10042,9463,0,0,0
10042,9464,0,0,0
10042,9471,0,0,0
10042,9472,0,0,0
10042,9473,0,0,0
10042,9474,0,0,0
10042,9475,0,0,0
10042,9476,0,0,0
10042,9477,0,0,0
10042,9478,0,0,0
10042,9479,43,0,43
10042,9561,0,0,0
10042,9562,0,0,0
10042,9563,0,0,0
10042,9564,14,0,14
10042,9565,0,0,0
10042,9571,0,0,0
10042,9572,0,0,0
10042,9573,0,0,0
10042,9574,0,0,0
10042,9575,0,0,0
10042,9576,0,0,0
10042,9577,0,0,0
10042,9661,0,0,0
10042,9662,0,0,0
10042,9663,0,0,0
10042,9671,0,0,0
10042,9672,0,0,0
10042,9673,0,0,0
10042,9674,0,0,0
10042,9675,0,0,0
10042,9676,0,0,0
10042,9677,0,0,0
10042,9678,0,0,0
10042,9679,0,0,0
10042,9761,0,0,0
10042,9762,0,0,0
10042,9763,0,0,0
10042,9764,0,0,0
10042,9771,0,0,0
10042,9772,0,0,0
10042,9773,0,0,0
10042,9774,0,0,0
10042,9775,17,0,17
10042,9776,0,0,0
10042,9777,0,0,0
10042,9778,0,0,0
10042,9779,0,0,0
10042,9780,11,0,11
10042,10041,4112,1318,2794
10042,10042,0,0,0
10042,10043,927,495,432
10042,10044,11990,5047,6943
10042,10045,536,186,350
10042,10046,2359,1366,993
10042,11000,102,61,41
10042,12051,0,0,0
10042,12052,0,0,0
10042,12053,0,0,0
10042,12054,0,0,0
10042,12060,0,0,0
10042,12061,0,0,0
10042,12062,0,0,0
10042,12063,0,0,0
10042,12064,0,0,0
10042,12065,0,0,0
10042,12066,0,0,0
10042,12067,0,0,0
10042,12068,0,0,0
10042,12069,0,0,0
10042,12070,0,0,0
10042,12071,0,0,0
10042,12072,0,0,0
10042,12073,0,0,0
10042,13003,0,0,0
10042,13004,0,0,0
10042,13071,0,0,0
10042,13072,0,0,0
10042,13073,0,0,0
10042,13074,0,0,0
10042,13075,0,0,0
10042,13076,0,0,0
10042,14511,0,0,0
10042,14521,0,0,0
10042,14522,0,0,0
10042,14523,0,0,0
10042,14524,0,0,0
10042,14612,0,0,0
10042,14625,0,0,0
10042,14626,0,0,0
10042,14627,0,0,0
10042,14628,0,0,0
10042,14713,0,0,0
10042,14729,0,0,0
10042,14730,0,0,0
10042,15001,0,0,0
10042,15002,0,0,0
10042,15003,0,0,0
10042,15081,0,0,0
10042,15082,0,0,0
10042,15083,0,0,0
10042,15084,16,16,0
10042,15085,0,0,0
10042,15086,0,0,0
10042,15087,0,0,0
10042,15088,0,0,0
10042,15089,0,0,0
10042,15090,0,0,0
10042,15091,0,0,0
10042,16051,0,0,0
10042,16052,0,0,0
10042,16053,0,0,0
10042,16054,0,0,0
10042,16055,0,0,0
10042,16056,0,0,0
10042,16061,0,0,0
10042,16062,0,0,0
10042,16063,0,0,0
10042,16064,0,0,0
10042,16065,0,0,0
10042,16066,0,0,0
10042,16067,0,0,0
10042,16068,0,0,0
10042,16069,0,0,0
10042,16070,0,0,0
10042,16071,0,0,0
10042,16072,0,0,0
10042,16073,0,0,0
10042,16074,16,16,0
10042,16075,0,0,0
10042,16076,0,0,0
10042,16077,0,0,0
10043,1001,0,0,0
10043,1002,0,0,0
10043,1003,0,0,0
10043,1004,0,0,0
10043,1051,0,0,0
10043,1053,0,0,0
10043,1054,0,0,0
10043,1055,0,0,0
10043,1056,0,0,0
10043,1057,0,0,0
10043,1058,0,0,0
10043,1059,0,0,0
10043,1060,0,0,0
10043,1061,0,0,0
10043,1062,0,0,0
10043,2000,50,0,50
10043,3101,10,0,10
10043,3102,0,0,0
10043,3103,0,0,0
10043,3151,0,0,0
10043,3153,0,0,0
10043,3154,0,0,0
10043,3155,0,0,0
10043,3157,0,0,0
10043,3158,0,0,0
10043,3159,0,0,0
10043,3241,13,0,13
10043,3251,0,0,0
10043,3252,0,0,0
10043,3254,0,0,0
10043,3255,0,0,0
10043,3256,0,0,0
10043,3257,0,0,0
10043,3351,0,0,0
10043,3352,0,0,0
10043,3353,0,0,0
10043,3354,0,0,0
10043,3355,0,0,0
10043,3356,0,0,0
10043,3357,0,0,0
10043,3358,0,0,0
10043,3359,0,0,0
10043,3360,0,0,0
10043,3361,0,0,0
10043,3401,0,0,0
10043,3402,0,0,0
10043,3403,0,0,0
10043,3404,0,0,0
10043,3405,0,0,0
10043,3451,0,0,0
10043,3452,0,0,0
10043,3453,0,0,0
10043,3454,0,0,0
10043,3455,0,0,0
10043,3456,0,0,0
10043,3457,0,0,0
10043,3458,0,0,0
10043,3459,0,0,0
10043,3460,0,0,0
10043,3461,0,0,0
10043,3462,0,0,0
10043,4011,12,0,12
10043,4012,0,0,0
10043,5111,56,0,56
10043,5112,12,0,12
10043,5113,132,11,121
10043,5114,0,0,0
10043,5116,10,10,0
10043,5117,0,0,0
10043,5119,0,0,0
10043,5120,0,0,0
10043,5122,0,0,0
10043,5124,0,0,0
10043,5154,0,0,0
10043,5158,0,0,0
10043,5162,14,0,14
10043,5166,0,0,0
10043,5170,0,0,0
10043,5314,12,0,12
10043,5315,65,0,65
10043,5316,0,0,0
10043,5334,0,0,0
10043,5358,10,0,10
10043,5362,0,0,0
10043,5366,10,10,0
10043,5370,0,0,0
10043,5374,0,0,0
10043,5378,0,0,0
10043,5382,13,0,13
10043,5512,0,0,0
10043,5513,0,0,0
10043,5515,0,0,0
10043,5554,0,0,0
10043,5558,0,0,0
10043,5562,0,0,0
10043,5566,0,0,0
10043,5570,0,0,0
10043,5711,0,0,0
10043,5754,13,0,13
10043,5758,0,0,0
10043,5762,0,0,0
10043,5766,0,0,0
10043,5770,0,0,0
10043,5774,0,0,0
10043,5911,0,0,0
10043,5913,29,0,29
10043,5914,0,0,0
10043,5915,0,0,0
10043,5916,28,0,28
10043,5954,0,0,0
10043,5958,0,0,0
10043,5962,0,0,0
10043,5966,0,0,0
10043,5970,0,0,0
10043,5974,0,0,0
10043,5978,10,0,10
10043,6411,16,0,16
10043,6412,166,16,150
10043,6413,13,0,13
10043,6414,37,11,26
10043,6431,11,0,11
10043,6432,23,0,23
10043,6433,24,0,24
10043,6434,21,0,21
10043,6435,23,0,23
10043,6436,24,11,13
10043,6437,20,20,0
10043,6438,33,0,33
10043,6439,0,0,0
10043,6440,0,0,0
10043,6531,0,0,0
10043,6532,10,0,10
10043,6533,0,0,0
10043,6534,0,0,0
10043,6535,0,0,0
10043,6611,0,0,0
10043,6631,0,0,0
10043,6632,0,0,0
10043,6633,0,0,0
10043,6634,0,0,0
10043,6635,0,0,0
10043,6636,0,0,0
10043,7111,24,0,24
10043,7131,0,0,0
10043,7132,0,0,0
10043,7133,59,11,48
10043,7134,309,177,132
10043,7135,62,0,62
10043,7137,0,0,0
10043,7138,113,0,113
10043,7140,21,0,21
10043,7141,0,0,0
10043,7143,13,0,13
10043,7211,134,30,104
10043,7231,61,28,33
10043,7232,76,66,10
10043,7233,0,0,0
10043,7235,163,67,96
10043,7311,19,0,19
10043,7312,391,96,295
10043,7313,15,15,0
10043,7314,65,10,55
10043,7315,57,0,57
10043,7316,18,0,18
10043,7317,186,64,122
10043,7318,14,0,14
10043,7319,0,0,0
10043,7320,844,373,471
10043,7331,24,0,24
10043,7332,21,11,10
10043,7333,32,13,19
10043,7334,14,0,14
10043,7335,440,250,190
10043,7336,872,720,152
10043,7337,14,0,14
10043,7338,13,0,13
10043,7339,25,0,25
10043,7340,366,308,58
10043,8111,50,0,50
10043,8115,15,0,15
10043,8116,25,0,25
10043,8117,0,0,0
10043,8118,36,0,36
10043,8119,0,0,0
10043,8121,12,0,12
10043,8125,23,0,23
10043,8126,11,0,11
10043,8127,22,12,10
10043,8128,46,46,0
10043,8135,0,0,0
10043,8136,0,0,0
10043,8211,0,0,0
10043,8212,47,0,47
10043,8215,19,0,19
10043,8216,10,10,0
10043,8221,16,0,16
10043,8222,82,15,67
10043,8225,0,0,0
10043,8226,72,14,58
10043,8231,0,0,0
10043,8235,0,0,0
10043,8236,0,0,0
10043,8237,0,0,0
10043,8311,10,0,10
10043,8315,30,30,0
10043,8316,44,44,0
10043,8317,42,31,11
10043,8325,0,0,0
10043,8326,0,0,0
10043,8327,0,0,0
10043,8335,0,0,0
10043,8336,0,0,0
10043,8337,0,0,0
10043,8415,14,0,14
10043,8416,0,0,0
10043,8417,0,0,0
10043,8421,0,0,0
10043,8425,0,0,0
10043,8426,0,0,0
10043,8435,0,0,0
10043,8436,0,0,0
10043,8437,0,0,0
10043,9161,0,0,0
10043,9162,68,0,68
10043,9163,0,0,0
10043,9171,0,0,0
10043,9172,0,0,0
10043,9173,0,0,0
10043,9174,0,0,0
10043,9175,0,0,0
10043,9176,0,0,0
10043,9177,0,0,0
10043,9178,0,0,0
10043,9179,0,0,0
10043,9180,0,0,0
10043,9181,0,0,0
10043,9182,0,0,0
10043,9183,0,0,0
10043,9184,38,0,38
10043,9185,0,0,0
10043,9186,0,0,0
10043,9187,0,0,0
10043,9188,0,0,0
10043,9189,0,0,0
10043,9190,0,0,0
10043,9261,0,0,0
10043,9262,0,0,0
10043,9263,0,0,0
10043,9271,0,0,0
10043,9272,0,0,0
10043,9273,0,0,0
10043,9274,0,0,0
10043,9275,0,0,0
10043,9276,0,0,0
10043,9277,0,0,0
10043,9278,0,0,0
10043,9279,0,0,0
10043,9361,0,0,0
10043,9362,0,0,0
10043,9363,0,0,0
10043,9371,0,0,0
10043,9372,0,0,0
10043,9373,0,0,0
10043,9374,0,0,0
10043,9375,0,0,0
10043,9376,0,0,0
10043,9377,0,0,0
10043,9461,0,0,0
10043,9462,0,0,0
10043,9463,0,0,0
10043,9464,0,0,0
10043,9471,0,0,0
10043,9472,0,0,0
10043,9473,0,0,0
10043,9474,0,0,0
10043,9475,0,0,0
10043,9476,0,0,0
10043,9477,0,0,0
10043,9478,0,0,0
10043,9479,0,0,0
10043,9561,0,0,0
10043,9562,0,0,0
10043,9563,0,0,0
10043,9564,16,0,16
10043,9565,0,0,0
10043,9571,0,0,0
10043,9572,0,0,0
10043,9573,0,0,0
10043,9574,0,0,0
10043,9575,0,0,0
10043,9576,0,0,0
10043,9577,0,0,0
10043,9661,0,0,0
10043,9662,0,0,0
10043,9663,0,0,0
10043,9671,10,0,10
10043,9672,0,0,0
10043,9673,0,0,0
10043,9674,0,0,0
10043,9675,0,0,0
10043,9676,0,0,0
10043,9677,0,0,0
10043,9678,0,0,0
10043,9679,0,0,0
10043,9761,0,0,0
10043,9762,0,0,0
10043,9763,0,0,0
10043,9764,0,0,0
10043,9771,0,0,0
10043,9772,0,0,0
10043,9773,0,0,0
10043,9774,0,0,0
10043,9775,10,0,10
10043,9776,0,0,0
10043,9777,0,0,0
10043,9778,0,0,0
10043,9779,0,0,0
10043,9780,0,0,0
10043,10041,17469,5622,11847
10043,10042,927,432,495
10043,10043,0,0,0
10043,10044,4641,1883,2758
10043,10045,11050,3806,7244
10043,10046,6326,3649,2677
10043,11000,81,15,66
10043,12051,0,0,0
10043,12052,0,0,0
10043,12053,0,0,0
10043,12054,0,0,0
10043,12060,0,0,0
10043,12061,0,0,0
10043,12062,0,0,0
10043,12063,0,0,0
10043,12064,0,0,0
10043,12065,0,0,0
10043,12066,0,0,0
10043,12067,0,0,0
10043,12068,0,0,0
10043,12069,0,0,0
10043,12070,0,0,0
10043,12071,0,0,0
10043,12072,0,0,0
10043,12073,0,0,0
10043,13003,0,0,0
10043,13004,0,0,0
10043,13071,0,0,0
10043,13072,0,0,0
10043,13073,0,0,0
10043,13074,0,0,0
10043,13075,0,0,0
10043,13076,0,0,0
10043,14511,0,0,0
10043,14521,0,0,0
10043,14522,0,0,0
10043,14523,0,0,0
10043,14524,0,0,0
10043,14612,0,0,0
10043,14625,0,0,0
10043,14626,0,0,0
10043,14627,0,0,0
10043,14628,0,0,0
10043,14713,0,0,0
10043,14729,11,11,0
10043,14730,0,0,0
10043,15001,38,38,0
10043,15002,30,0,30
10043,15003,0,0,0
10043,15081,0,0,0
10043,15082,0,0,0
10043,15083,0,0,0
10043,15084,0,0,0
10043,15085,0,0,0
10043,15086,0,0,0
10043,15087,0,0,0
10043,15088,0,0,0
10043,15089,0,0,0
10043,15090,0,0,0
10043,15091,11,11,0
10043,16051,0,0,0
10043,16052,0,0,0
10043,16053,0,0,0
10043,16054,0,0,0
10043,16055,0,0,0
10043,16056,0,0,0
10043,16061,0,0,0
10043,16062,0,0,0
10043,16063,0,0,0
10043,16064,0,0,0
10043,16065,0,0,0
10043,16066,0,0,0
10043,16067,0,0,0
10043,16068,0,0,0
10043,16069,0,0,0
10043,16070,0,0,0
10043,16071,0,0,0
10043,16072,0,0,0
10043,16073,0,0,0
10043,16074,0,0,0
10043,16075,0,0,0
10043,16076,0,0,0
10043,16077,0,0,0
10044,1001,0,0,0
10044,1002,0,0,0
10044,1003,0,0,0
10044,1004,11,0,11
10044,1051,0,0,0
10044,1053,0,0,0
10044,1054,0,0,0
10044,1055,0,0,0
10044,1056,0,0,0
10044,1057,0,0,0
10044,1058,0,0,0
10044,1059,0,0,0
10044,1060,0,0,0
10044,1061,0,0,0
10044,1062,0,0,0
10044,2000,58,0,58
10044,3101,0,0,0
10044,3102,0,0,0
10044,3103,0,0,0
10044,3151,0,0,0
10044,3153,0,0,0
10044,3154,0,0,0
10044,3155,0,0,0
10044,3157,0,0,0
10044,3158,0,0,0
10044,3159,0,0,0
10044,3241,21,0,21
10044,3251,0,0,0
10044,3252,0,0,0
10044,3254,0,0,0
10044,3255,0,0,0
10044,3256,0,0,0
10044,3257,0,0,0
10044,3351,0,0,0
10044,3352,0,0,0
10044,3353,0,0,0
10044,3354,0,0,0
10044,3355,12,12,0
10044,3356,0,0,0
10044,3357,0,0,0
10044,3358,0,0,0
10044,3359,0,0,0
10044,3360,0,0,0
10044,3361,0,0,0
10044,3401,0,0,0
10044,3402,26,0,26
10044,3403,0,0,0
10044,3404,0,0,0
10044,3405,0,0,0
10044,3451,0,0,0
10044,3452,0,0,0
10044,3453,0,0,0
10044,3454,10,0,10
10044,3455,0,0,0
10044,3456,0,0,0
10044,3457,0,0,0
10044,3458,0,0,0
10044,3459,0,0,0
10044,3460,0,0,0
10044,3461,0,0,0
10044,3462,0,0,0
10044,4011,11,0,11
10044,4012,0,0,0
10044,5111,83,0,83
10044,5112,0,0,0
10044,5113,59,0,59
10044,5114,0,0,0
10044,5116,0,0,0
10044,5117,15,0,15
10044,5119,0,0,0
10044,5120,0,0,0
10044,5122,0,0,0
10044,5124,0,0,0
10044,5154,10,0,10
10044,5158,26,0,26
10044,5162,26,0,26
10044,5166,0,0,0
10044,5170,0,0,0
10044,5314,16,0,16
10044,5315,158,22,136
10044,5316,0,0,0
10044,5334,34,20,14
10044,5358,0,0,0
10044,5362,17,0,17
10044,5366,0,0,0
10044,5370,0,0,0
10044,5374,21,0,21
10044,5378,0,0,0
10044,5382,15,0,15
10044,5512,0,0,0
10044,5513,0,0,0
10044,5515,15,0,15
10044,5554,18,18,0
10044,5558,18,18,0
10044,5562,28,15,13
10044,5566,15,0,15
10044,5570,11,0,11
10044,5711,0,0,0
10044,5754,54,35,19
10044,5758,0,0,0
10044,5762,0,0,0
10044,5766,0,0,0
10044,5770,0,0,0
10044,5774,0,0,0
10044,5911,0,0,0
10044,5913,33,0,33
10044,5914,0,0,0
10044,5915,0,0,0
10044,5916,25,0,25
10044,5954,0,0,0
10044,5958,0,0,0
10044,5962,0,0,0
10044,5966,0,0,0
10044,5970,0,0,0
10044,5974,0,0,0
10044,5978,55,28,27
10044,6411,18,0,18
10044,6412,174,23,151
10044,6413,0,0,0
10044,6414,66,19,47
10044,6431,30,12,18
10044,6432,28,16,12
10044,6433,60,40,20
10044,6434,28,0,28
10044,6435,36,12,24
10044,6436,31,0,31
10044,6437,0,0,0
10044,6438,77,37,40
10044,6439,19,0,19
10044,6440,0,0,0
10044,6531,0,0,0
10044,6532,17,0,17
10044,6533,0,0,0
10044,6534,0,0,0
10044,6535,0,0,0
10044,6611,0,0,0
10044,6631,0,0,0
10044,6632,0,0,0
10044,6633,0,0,0
10044,6634,0,0,0
10044,6635,0,0,0
10044,6636,0,0,0
10044,7111,32,0,32
10044,7131,0,0,0
10044,7132,0,0,0
10044,7133,46,20,26
10044,7134,146,75,71
10044,7135,21,10,11
10044,7137,16,16,0
10044,7138,93,0,93
10044,7140,36,22,14
10044,7141,0,0,0
10044,7143,14,0,14
10044,7211,410,92,318
10044,7231,69,45,24
10044,7232,16,16,0
10044,7233,11,11,0
10044,7235,407,220,187
10044,7311,0,0,0
10044,7312,164,65,99
10044,7313,10,10,0
10044,7314,96,40,56
10044,7315,75,25,50
10044,7316,194,0,194
10044,7317,73,29,44
10044,7318,0,0,0
10044,7319,12,0,12
10044,7320,216,106,110
10044,7331,23,12,11
10044,7332,25,14,11
10044,7333,25,11,14
10044,7334,31,20,11
10044,7335,147,93,54
10044,7336,108,82,26
10044,7337,20,20,0
10044,7338,37,25,12
10044,7339,37,18,19
10044,7340,93,71,22
10044,8111,68,11,57
10044,8115,18,0,18
10044,8116,29,0,29
10044,8117,0,0,0
10044,8118,36,0,36
10044,8119,12,0,12
10044,8121,14,0,14
10044,8125,13,0,13
10044,8126,16,0,16
10044,8127,0,0,0
10044,8128,0,0,0
10044,8135,0,0,0
10044,8136,11,0,11
10044,8211,0,0,0
10044,8212,57,0,57
10044,8215,34,10,24
10044,8216,0,0,0
10044,8221,14,0,14
10044,8222,132,30,102
10044,8225,0,0,0
10044,8226,84,23,61
10044,8231,0,0,0
10044,8235,10,0,10
10044,8236,10,0,10
10044,8237,0,0,0
10044,8311,11,0,11
10044,8315,0,0,0
10044,8316,0,0,0
10044,8317,15,0,15
10044,8325,0,0,0
10044,8326,0,0,0
10044,8327,0,0,0
10044,8335,0,0,0
10044,8336,0,0,0
10044,8337,10,0,10
10044,8415,0,0,0
10044,8416,49,0,49
10044,8417,0,0,0
10044,8421,0,0,0
10044,8425,0,0,0
10044,8426,0,0,0
10044,8435,0,0,0
10044,8436,0,0,0
10044,8437,0,0,0
10044,9161,0,0,0
10044,9162,124,16,108
10044,9163,0,0,0
10044,9171,0,0,0
10044,9172,0,0,0
10044,9173,0,0,0
10044,9174,0,0,0
10044,9175,0,0,0
10044,9176,0,0,0
10044,9177,0,0,0
10044,9178,0,0,0
10044,9179,0,0,0
10044,9180,0,0,0
10044,9181,0,0,0
10044,9182,0,0,0
10044,9183,0,0,0
10044,9184,61,0,61
10044,9185,0,0,0
10044,9186,0,0,0
10044,9187,0,0,0
10044,9188,0,0,0
10044,9189,0,0,0
10044,9190,0,0,0
10044,9261,0,0,0
10044,9262,0,0,0
10044,9263,0,0,0
10044,9271,0,0,0
10044,9272,0,0,0
10044,9273,0,0,0
10044,9274,0,0,0
10044,9275,0,0,0
10044,9276,0,0,0
10044,9277,0,0,0
10044,9278,0,0,0
10044,9279,0,0,0
10044,9361,0,0,0
10044,9362,0,0,0
10044,9363,0,0,0
10044,9371,0,0,0
10044,9372,0,0,0
10044,9373,0,0,0
10044,9374,0,0,0
10044,9375,0,0,0
10044,9376,0,0,0
10044,9377,0,0,0
10044,9461,0,0,0
10044,9462,0,0,0
10044,9463,0,0,0
10044,9464,0,0,0
10044,9471,0,0,0
10044,9472,0,0,0
10044,9473,0,0,0
10044,9474,0,0,0
10044,9475,0,0,0
10044,9476,0,0,0
10044,9477,0,0,0
10044,9478,0,0,0
10044,9479,0,0,0
10044,9561,0,0,0
10044,9562,0,0,0
10044,9563,0,0,0
10044,9564,69,0,69
10044,9565,0,0,0
10044,9571,0,0,0
10044,9572,0,0,0
10044,9573,0,0,0
10044,9574,0,0,0
10044,9575,0,0,0
10044,9576,0,0,0
10044,9577,0,0,0
10044,9661,0,0,0
10044,9662,0,0,0
10044,9663,0,0,0
10044,9671,0,0,0
10044,9672,0,0,0
10044,9673,0,0,0
10044,9674,0,0,0
10044,9675,0,0,0
10044,9676,0,0,0
10044,9677,0,0,0
10044,9678,0,0,0
10044,9679,0,0,0
10044,9761,0,0,0
10044,9762,0,0,0
10044,9763,0,0,0
10044,9764,0,0,0
10044,9771,0,0,0
10044,9772,0,0,0
10044,9773,0,0,0
10044,9774,0,0,0
10044,9775,16,0,16
10044,9776,0,0,0
10044,9777,0,0,0
10044,9778,0,0,0
10044,9779,0,0,0
10044,9780,31,0,31
10044,10041,25508,9771,15737
10044,10042,11990,6943,5047
10044,10043,4641,2758,1883
10044,10044,0,0,0
10044,10045,2441,876,1565
10044,10046,2557,1487,1070
10044,11000,121,25,96
10044,12051,0,0,0
10044,12052,0,0,0
10044,12053,0,0,0
10044,12054,0,0,0
10044,12060,0,0,0
10044,12061,0,0,0
10044,12062,11,0,11
10044,12063,0,0,0
10044,12064,0,0,0
10044,12065,0,0,0
10044,12066,0,0,0
10044,12067,16,16,0
10044,12068,0,0,0
10044,12069,0,0,0
10044,12070,0,0,0
10044,12071,0,0,0
10044,12072,0,0,0
10044,12073,0,0,0
10044,13003,0,0,0
10044,13004,0,0,0
10044,13071,0,0,0
10044,13072,0,0,0
10044,13073,0,0,0
10044,13074,0,0,0
10044,13075,0,0,0
10044,13076,0,0,0
10044,14511,0,0,0
10044,14521,0,0,0
10044,14522,0,0,0
10044,14523,0,0,0
10044,14524,0,0,0
10044,14612,0,0,0
10044,14625,0,0,0
10044,14626,0,0,0
10044,14627,0,0,0
10044,14628,0,0,0
10044,14713,11,11,0
10044,14729,10,10,0
10044,14730,0,0,0
10044,15001,0,0,0
10044,15002,0,0,0
10044,15003,0,0,0
10044,15081,0,0,0
10044,15082,0,0,0
10044,15083,0,0,0
10044,15084,0,0,0
10044,15085,0,0,0
10044,15086,0,0,0
10044,15087,0,0,0
10044,15088,0,0,0
10044,15089,0,0,0
10044,15090,0,0,0
10044,15091,0,0,0
10044,16051,0,0,0
10044,16052,0,0,0
10044,16053,0,0,0
10044,16054,0,0,0
10044,16055,0,0,0
10044,16056,0,0,0
10044,16061,0,0,0
10044,16062,0,0,0
10044,16063,0,0,0
10044,16064,0,0,0
10044,16065,0,0,0
10044,16066,0,0,0
10044,16067,0,0,0
10044,16068,0,0,0
10044,16069,0,0,0
10044,16070,0,0,0
10044,16071,0,0,0
10044,16072,0,0,0
10044,16073,0,0,0
10044,16074,0,0,0
10044,16075,0,0,0
10044,16076,0,0,0
10044,16077,0,0,0
10045,1001,0,0,0
10045,1002,0,0,0
10045,1003,0,0,0
10045,1004,0,0,0
10045,1051,0,0,0
10045,1053,0,0,0
10045,1054,0,0,0
10045,1055,0,0,0
10045,1056,0,0,0
10045,1057,0,0,0
10045,1058,0,0,0
10045,1059,0,0,0
10045,1060,0,0,0
10045,1061,0,0,0
10045,1062,0,0,0
10045,2000,76,17,59
10045,3101,13,0,13
10045,3102,0,0,0
10045,3103,0,0,0
10045,3151,0,0,0
10045,3153,0,0,0
10045,3154,0,0,0
10045,3155,0,0,0
10045,3157,0,0,0
10045,3158,0,0,0
10045,3159,0,0,0
10045,3241,26,0,26
10045,3251,0,0,0
10045,3252,0,0,0
10045,3254,0,0,0
10045,3255,0,0,0
10045,3256,0,0,0
10045,3257,0,0,0
10045,3351,0,0,0
10045,3352,0,0,0
10045,3353,0,0,0
10045,3354,0,0,0
10045,3355,0,0,0
10045,3356,0,0,0
10045,3357,0,0,0
10045,3358,0,0,0
10045,3359,0,0,0
10045,3360,0,0,0
10045,3361,0,0,0
10045,3401,0,0,0
10045,3402,0,0,0
10045,3403,0,0,0
10045,3404,0,0,0
10045,3405,0,0,0
10045,3451,0,0,0
10045,3452,0,0,0
10045,3453,0,0,0
10045,3454,0,0,0
10045,3455,0,0,0
10045,3456,0,0,0
10045,3457,0,0,0
10045,3458,0,0,0
10045,3459,0,0,0
10045,3460,0,0,0
10045,3461,0,0,0
10045,3462,0,0,0
10045,4011,11,0,11
10045,4012,0,0,0
10045,5111,90,15,75
10045,5112,27,0,27
10045,5113,50,0,50
10045,5114,0,0,0
10045,5116,0,0,0
10045,5117,0,0,0
10045,5119,0,0,0
10045,5120,0,0,0
10045,5122,0,0,0
10045,5124,0,0,0
10045,5154,0,0,0
10045,5158,14,0,14
10045,5162,13,0,13
10045,5166,0,0,0
10045,5170,0,0,0
10045,5314,27,0,27
10045,5315,80,16,64
10045,5316,0,0,0
10045,5334,29,14,15
10045,5358,0,0,0
10045,5362,30,17,13
10045,5366,0,0,0
10045,5370,0,0,0
10045,5374,15,0,15
10045,5378,0,0,0
10045,5382,23,11,12
10045,5512,0,0,0
10045,5513,0,0,0
10045,5515,0,0,0
10045,5554,0,0,0
10045,5558,0,0,0
10045,5562,0,0,0
10045,5566,0,0,0
10045,5570,0,0,0
10045,5711,0,0,0
10045,5754,0,0,0
10045,5758,0,0,0
10045,5762,0,0,0
10045,5766,0,0,0
10045,5770,0,0,0
10045,5774,0,0,0
10045,5911,14,14,0
10045,5913,31,11,20
10045,5914,0,0,0
10045,5915,0,0,0
10045,5916,12,0,12
10045,5954,0,0,0
10045,5958,0,0,0
10045,5962,10,10,0
10045,5966,0,0,0
10045,5970,13,0,13
10045,5974,0,0,0
10045,5978,20,20,0
10045,6411,40,10,30
10045,6412,203,35,168
10045,6413,13,0,13
10045,6414,51,22,29
10045,6431,52,36,16
10045,6432,15,0,15
10045,6433,58,19,39
10045,6434,36,0,36
10045,6435,18,0,18
10045,6436,43,10,33
10045,6437,0,0,0
10045,6438,33,0,33
10045,6439,27,16,11
10045,6440,0,0,0
10045,6531,0,0,0
10045,6532,12,0,12
10045,6533,0,0,0
10045,6534,0,0,0
10045,6535,0,0,0
10045,6611,0,0,0
10045,6631,0,0,0
10045,6632,0,0,0
10045,6633,0,0,0
10045,6634,0,0,0
10045,6635,0,0,0
10045,6636,0,0,0
10045,7111,48,17,31
10045,7131,0,0,0
10045,7132,0,0,0
10045,7133,58,36,22
10045,7134,162,100,62
10045,7135,0,0,0
10045,7137,46,31,15
10045,7138,33,0,33
10045,7140,15,15,0
10045,7141,16,16,0
10045,7143,40,25,15
10045,7211,105,40,65
10045,7231,50,29,21
10045,7232,11,11,0
10045,7233,0,0,0
10045,7235,118,76,42
10045,7311,26,0,26
10045,7312,1114,432,682
10045,7313,77,28,49
10045,7314,144,54,90
10045,7315,92,14,78
10045,7316,37,23,14
10045,7317,716,359,357
10045,7318,136,13,123
10045,7319,20,20,0
10045,7320,4576,2750,1826
10045,7331,45,19,26
10045,7332,86,61,25
10045,7333,84,56,28
10045,7334,57,30,27
10045,7335,2194,1750,444
10045,7336,4608,4078,530
10045,7337,67,43,24
10045,7338,50,34,16
10045,7339,84,22,62
10045,7340,2701,2483,218
10045,8111,97,21,76
10045,8115,15,0,15
10045,8116,65,14,51
10045,8117,15,0,15
10045,8118,81,57,24
10045,8119,28,12,16
10045,8121,0,0,0
10045,8125,26,0,26
10045,8126,0,0,0
10045,8127,0,0,0
10045,8128,0,0,0
10045,8135,0,0,0
10045,8136,17,0,17
10045,8211,0,0,0
10045,8212,129,35,94
10045,8215,84,56,28
10045,8216,27,12,15
10045,8221,52,13,39
10045,8222,182,50,132
10045,8225,0,0,0
10045,8226,156,75,81
10045,8231,11,0,11
10045,8235,0,0,0
10045,8236,13,13,0
10045,8237,0,0,0
10045,8311,0,0,0
10045,8315,26,14,12
10045,8316,12,12,0
10045,8317,42,15,27
10045,8325,0,0,0
10045,8326,0,0,0
10045,8327,0,0,0
10045,8335,10,10,0
10045,8336,0,0,0
10045,8337,0,0,0
10045,8415,19,0,19
10045,8416,0,0,0
10045,8417,0,0,0
10045,8421,14,0,14
10045,8425,0,0,0
10045,8426,0,0,0
10045,8435,10,0,10
10045,8436,0,0,0
10045,8437,0,0,0
10045,9161,0,0,0
10045,9162,133,14,119
10045,9163,0,0,0
10045,9171,0,0,0
10045,9172,0,0,0
10045,9173,0,0,0
10045,9174,0,0,0
10045,9175,0,0,0
10045,9176,0,0,0
10045,9177,0,0,0
10045,9178,0,0,0
10045,9179,0,0,0
10045,9180,0,0,0
10045,9181,0,0,0
10045,9182,0,0,0
10045,9183,0,0,0
10045,9184,65,0,65
10045,9185,0,0,0
10045,9186,0,0,0
10045,9187,10,0,10
10045,9188,0,0,0
10045,9189,0,0,0
10045,9190,0,0,0
10045,9261,0,0,0
10045,9262,0,0,0
10045,9263,0,0,0
10045,9271,0,0,0
10045,9272,0,0,0
10045,9273,0,0,0
10045,9274,0,0,0
10045,9275,0,0,0
10045,9276,0,0,0
10045,9277,0,0,0
10045,9278,15,0,15
10045,9279,0,0,0
10045,9361,0,0,0
10045,9362,0,0,0
10045,9363,0,0,0
10045,9371,0,0,0
10045,9372,0,0,0
10045,9373,0,0,0
10045,9374,0,0,0
10045,9375,0,0,0
10045,9376,0,0,0
10045,9377,0,0,0
10045,9461,0,0,0
10045,9462,0,0,0
10045,9463,0,0,0
10045,9464,0,0,0
10045,9471,0,0,0
10045,9472,0,0,0
10045,9473,0,0,0
10045,9474,0,0,0
10045,9475,0,0,0
10045,9476,0,0,0
10045,9477,0,0,0
10045,9478,0,0,0
10045,9479,0,0,0
10045,9561,0,0,0
10045,9562,0,0,0
10045,9563,0,0,0
10045,9564,33,10,23
10045,9565,0,0,0
10045,9571,0,0,0
10045,9572,12,0,12
10045,9573,0,0,0
10045,9574,0,0,0
10045,9575,0,0,0
10045,9576,0,0,0
10045,9577,0,0,0
10045,9661,0,0,0
10045,9662,0,0,0
10045,9663,0,0,0
10045,9671,10,0,10
10045,9672,0,0,0
10045,9673,0,0,0
10045,9674,0,0,0
10045,9675,0,0,0
10045,9676,0,0,0
10045,9677,0,0,0
10045,9678,0,0,0
10045,9679,0,0,0
10045,9761,10,0,10
10045,9762,0,0,0
10045,9763,0,0,0
10045,9764,0,0,0
10045,9771,0,0,0
10045,9772,0,0,0
10045,9773,0,0,0
10045,9774,0,0,0
10045,9775,0,0,0
10045,9776,0,0,0
10045,9777,0,0,0
10045,9778,0,0,0
10045,9779,0,0,0
10045,9780,0,0,0
10045,10041,20281,8723,11558
10045,10042,536,350,186
10045,10043,11050,7244,3806
10045,10044,2441,1565,876
10045,10045,0,0,0
10045,10046,1848,1392,456
10045,11000,219,125,94
10045,12051,0,0,0
10045,12052,0,0,0
10045,12053,0,0,0
10045,12054,0,0,0
10045,12060,0,0,0
10045,12061,0,0,0
10045,12062,0,0,0
10045,12063,0,0,0
10045,12064,0,0,0
10045,12065,10,10,0
10045,12066,0,0,0
10045,12067,0,0,0
10045,12068,0,0,0
10045,12069,0,0,0
10045,12070,0,0,0
10045,12071,0,0,0
10045,12072,0,0,0
10045,12073,0,0,0
10045,13003,0,0,0
10045,13004,0,0,0
10045,13071,0,0,0
10045,13072,0,0,0
10045,13073,0,0,0
10045,13074,0,0,0
10045,13075,0,0,0
10045,13076,0,0,0
10045,14511,0,0,0
10045,14521,0,0,0
10045,14522,0,0,0
10045,14523,0,0,0
10045,14524,0,0,0
10045,14612,0,0,0
10045,14625,0,0,0
10045,14626,0,0,0
10045,14627,0,0,0
10045,14628,0,0,0
10045,14713,0,0,0
10045,14729,0,0,0
10045,14730,0,0,0
10045,15001,0,0,0
10045,15002,53,0,53
10045,15003,0,0,0
10045,15081,0,0,0
10045,15082,0,0,0
10045,15083,0,0,0
10045,15084,0,0,0
10045,15085,0,0,0
10045,15086,0,0,0
10045,15087,0,0,0
10045,15088,0,0,0
10045,15089,0,0,0
10045,15090,0,0,0
10045,15091,0,0,0
10045,16051,0,0,0
10045,16052,0,0,0
10045,16053,0,0,0
10045,16054,0,0,0
10045,16055,0,0,0
10045,16056,0,0,0
10045,16061,0,0,0
10045,16062,0,0,0
10045,16063,0,0,0
10045,16064,0,0,0
10045,16065,0,0,0
10045,16066,0,0,0
10045,16067,0,0,0
10045,16068,0,0,0
10045,16069,0,0,0
10045,16070,0,0,0
10045,16071,0,0,0
10045,16072,0,0,0
10045,16073,0,0,0
10045,16074,0,0,0
10045,16075,0,0,0
10045,16076,0,0,0
10045,16077,0,0,0
10046,1001,0,0,0
10046,1002,0,0,0
10046,1003,0,0,0
10046,1004,0,0,0
10046,1051,0,0,0
10046,1053,0,0,0
10046,1054,0,0,0
10046,1055,0,0,0
10046,1056,0,0,0
10046,1057,0,0,0
10046,1058,0,0,0
10046,1059,0,0,0
10046,1060,0,0,0
10046,1061,0,0,0
10046,1062,0,0,0
10046,2000,29,0,29
10046,3101,0,0,0
10046,3102,0,0,0
10046,3103,0,0,0
10046,3151,0,0,0
10046,3153,0,0,0
10046,3154,0,0,0
10046,3155,0,0,0
10046,3157,0,0,0
10046,3158,0,0,0
10046,3159,0,0,0
10046,3241,0,0,0
10046,3251,0,0,0
10046,3252,0,0,0
10046,3254,0,0,0
10046,3255,0,0,0
10046,3256,0,0,0
10046,3257,0,0,0
10046,3351,0,0,0
10046,3352,0,0,0
10046,3353,0,0,0
10046,3354,0,0,0
10046,3355,0,0,0
10046,3356,0,0,0
10046,3357,0,0,0
10046,3358,0,0,0
10046,3359,0,0,0
10046,3360,0,0,0
10046,3361,0,0,0
10046,3401,0,0,0
10046,3402,0,0,0
10046,3403,0,0,0
10046,3404,0,0,0
10046,3405,0,0,0
10046,3451,0,0,0
10046,3452,0,0,0
10046,3453,0,0,0
10046,3454,0,0,0
10046,3455,0,0,0
10046,3456,0,0,0
10046,3457,0,0,0
10046,3458,0,0,0
10046,3459,0,0,0
10046,3460,0,0,0
10046,3461,0,0,0
10046,3462,0,0,0
10046,4011,0,0,0
10046,4012,0,0,0
10046,5111,20,0,20
10046,5112,0,0,0
10046,5113,36,0,36
10046,5114,0,0,0
10046,5116,0,0,0
10046,5117,0,0,0
10046,5119,0,0,0
10046,5120,0,0,0
10046,5122,0,0,0
10046,5124,0,0,0
10046,5154,0,0,0
10046,5158,0,0,0
10046,5162,0,0,0
10046,5166,0,0,0
10046,5170,0,0,0
10046,5314,10,0,10
10046,5315,55,10,45
10046,5316,0,0,0
10046,5334,0,0,0
10046,5358,0,0,0
10046,5362,0,0,0
10046,5366,0,0,0
10046,5370,0,0,0
10046,5374,11,0,11
10046,5378,0,0,0
10046,5382,17,17,0
10046,5512,0,0,0
10046,5513,0,0,0
10046,5515,0,0,0
10046,5554,0,0,0
10046,5558,0,0,0
10046,5562,0,0,0
10046,5566,0,0,0
10046,5570,0,0,0
10046,5711,0,0,0
10046,5754,0,0,0
10046,5758,0,0,0
10046,5762,0,0,0
10046,5766,0,0,0
10046,5770,0,0,0
10046,5774,0,0,0
10046,5911,0,0,0
10046,5913,11,0,11
10046,5914,0,0,0
10046,5915,0,0,0
10046,5916,15,0,15
10046,5954,0,0,0
10046,5958,0,0,0
10046,5962,0,0,0
10046,5966,0,0,0
10046,5970,0,0,0
10046,5974,0,0,0
10046,5978,0,0,0
10046,6411,13,0,13
10046,6412,122,11,111
10046,6413,0,0,0
10046,6414,25,0,25
10046,6431,0,0,0
10046,6432,0,0,0
10046,6433,38,0,38
10046,6434,18,0,18
10046,6435,18,0,18
10046,6436,15,0,15
10046,6437,0,0,0
10046,6438,15,0,15
10046,6439,0,0,0
10046,6440,0,0,0
10046,6531,0,0,0
10046,6532,0,0,0
10046,6533,0,0,0
10046,6534,0,0,0
10046,6535,0,0,0
10046,6611,0,0,0
10046,6631,0,0,0
10046,6632,0,0,0
10046,6633,0,0,0
10046,6634,0,0,0
10046,6635,0,0,0
10046,6636,0,0,0
10046,7111,25,0,25
10046,7131,0,0,0
10046,7132,0,0,0
10046,7133,82,29,53
10046,7134,2354,1287,1067
10046,7135,0,0,0
10046,7137,0,0,0
10046,7138,86,0,86
10046,7140,23,13,10
10046,7141,0,0,0
10046,7143,0,0,0
10046,7211,401,50,351
10046,7231,241,103,138
10046,7232,42,26,16
10046,7233,0,0,0
10046,7235,1035,517,518
10046,7311,0,0,0
10046,7312,273,44,229
10046,7313,10,10,0
10046,7314,55,0,55
10046,7315,70,0,70
10046,7316,0,0,0
10046,7317,75,20,55
10046,7318,10,0,10
10046,7319,0,0,0
10046,7320,162,39,123
10046,7331,0,0,0
10046,7332,0,0,0
10046,7333,31,0,31
10046,7334,12,0,12
10046,7335,235,103,132
10046,7336,1113,817,296
10046,7337,12,0,12
10046,7338,12,0,12
10046,7339,18,0,18
10046,7340,100,63,37
10046,8111,21,0,21
10046,8115,0,0,0
10046,8116,12,0,12
10046,8117,0,0,0
10046,8118,13,0,13
10046,8119,0,0,0
10046,8121,0,0,0
10046,8125,15,0,15
10046,8126,14,14,0
10046,8127,0,0,0
10046,8128,0,0,0
10046,8135,0,0,0
10046,8136,0,0,0
10046,8211,0,0,0
10046,8212,27,0,27
10046,8215,0,0,0
10046,8216,0,0,0
10046,8221,0,0,0
10046,8222,63,0,63
10046,8225,0,0,0
10046,8226,24,0,24
10046,8231,0,0,0
10046,8235,0,0,0
10046,8236,0,0,0
10046,8237,0,0,0
10046,8311,0,0,0
10046,8315,0,0,0
10046,8316,0,0,0
10046,8317,11,0,11
10046,8325,0,0,0
10046,8326,0,0,0
10046,8327,0,0,0
10046,8335,0,0,0
10046,8336,0,0,0
10046,8337,0,0,0
10046,8415,0,0,0
10046,8416,0,0,0
10046,8417,0,0,0
10046,8421,0,0,0
10046,8425,0,0,0
10046,8426,0,0,0
10046,8435,0,0,0
10046,8436,0,0,0
10046,8437,0,0,0
10046,9161,0,0,0
10046,9162,41,0,41
10046,9163,0,0,0
10046,9171,0,0,0
10046,9172,0,0,0
10046,9173,0,0,0
10046,9174,0,0,0
10046,9175,0,0,0
10046,9176,0,0,0
10046,9177,0,0,0
10046,9178,0,0,0
10046,9179,0,0,0
10046,9180,0,0,0
10046,9181,0,0,0
10046,9182,0,0,0
10046,9183,0,0,0
10046,9184,22,0,22
10046,9185,0,0,0
10046,9186,0,0,0
10046,9187,0,0,0
10046,9188,0,0,0
10046,9189,0,0,0
10046,9190,0,0,0
10046,9261,0,0,0
10046,9262,0,0,0
10046,9263,0,0,0
10046,9271,0,0,0
10046,9272,0,0,0
10046,9273,0,0,0
10046,9274,0,0,0
10046,9275,0,0,0
10046,9276,0,0,0
10046,9277,0,0,0
10046,9278,0,0,0
10046,9279,0,0,0
10046,9361,0,0,0
10046,9362,0,0,0
10046,9363,0,0,0
10046,9371,0,0,0
10046,9372,0,0,0
10046,9373,0,0,0
10046,9374,0,0,0
10046,9375,0,0,0
10046,9376,0,0,0
10046,9377,0,0,0
10046,9461,0,0,0
10046,9462,0,0,0
10046,9463,0,0,0
10046,9464,0,0,0
10046,9471,0,0,0
10046,9472,0,0,0
10046,9473,0,0,0
10046,9474,0,0,0
10046,9475,0,0,0
10046,9476,0,0,0
10046,9477,0,0,0
10046,9478,0,0,0
10046,9479,0,0,0
10046,9561,0,0,0
10046,9562,0,0,0
10046,9563,0,0,0
10046,9564,15,0,15
10046,9565,0,0,0
10046,9571,0,0,0
10046,9572,0,0,0
10046,9573,0,0,0
10046,9574,0,0,0
10046,9575,0,0,0
10046,9576,0,0,0
10046,9577,0,0,0
10046,9661,0,0,0
10046,9662,0,0,0
10046,9663,0,0,0
10046,9671,0,0,0
10046,9672,0,0,0
10046,9673,0,0,0
10046,9674,0,0,0
10046,9675,0,0,0
10046,9676,0,0,0
10046,9677,0,0,0
10046,9678,0,0,0
10046,9679,0,0,0
10046,9761,0,0,0
10046,9762,0,0,0
10046,9763,0,0,0
10046,9764,0,0,0
10046,9771,0,0,0
10046,9772,0,0,0
10046,9773,0,0,0
10046,9774,0,0,0
10046,9775,12,0,12
10046,9776,0,0,0
10046,9777,0,0,0
10046,9778,0,0,0
10046,9779,0,0,0
10046,9780,0,0,0
10046,10041,5232,1125,4107
10046,10042,2359,993,1366
10046,10043,6326,2677,3649
10046,10044,2557,1070,1487
10046,10045,1848,456,1392
10046,10046,0,0,0
10046,11000,67,38,29
10046,12051,0,0,0
10046,12052,0,0,0
10046,12053,0,0,0
10046,12054,0,0,0
10046,12060,0,0,0
10046,12061,0,0,0
10046,12062,0,0,0
10046,12063,0,0,0
10046,12064,0,0,0
10046,12065,0,0,0
10046,12066,0,0,0
10046,12067,0,0,0
10046,12068,0,0,0
10046,12069,0,0,0
10046,12070,0,0,0
10046,12071,0,0,0
10046,12072,0,0,0
10046,12073,0,0,0
10046,13003,0,0,0
10046,13004,0,0,0
10046,13071,0,0,0
10046,13072,0,0,0
10046,13073,0,0,0
10046,13074,0,0,0
10046,13075,0,0,0
10046,13076,0,0,0
10046,14511,11,11,0
10046,14521,0,0,0
10046,14522,0,0,0
10046,14523,0,0,0
10046,14524,0,0,0
10046,14612,0,0,0
10046,14625,0,0,0
10046,14626,0,0,0
10046,14627,0,0,0
10046,14628,0,0,0
10046,14713,0,0,0
10046,14729,0,0,0
10046,14730,0,0,0
10046,15001,0,0,0
10046,15002,0,0,0
10046,15003,0,0,0
10046,15081,0,0,0
10046,15082,0,0,0
10046,15083,0,0,0
10046,15084,0,0,0
10046,15085,0,0,0
10046,15086,0,0,0
10046,15087,0,0,0
10046,15088,0,0,0
10046,15089,0,0,0
10046,15090,0,0,0
10046,15091,0,0,0
10046,16051,0,0,0
10046,16052,0,0,0
10046,16053,0,0,0
10046,16054,0,0,0
10046,16055,0,0,0
10046,16056,0,0,0
10046,16061,0,0,0
10046,16062,0,0,0
10046,16063,0,0,0
10046,16064,0,0,0
10046,16065,0,0,0
10046,16066,0,0,0
10046,16067,0,0,0
10046,16068,0,0,0
10046,16069,0,0,0
10046,16070,0,0,0
10046,16071,0,0,0
10046,16072,0,0,0
10046,16073,0,0,0
10046,16074,0,0,0
10046,16075,0,0,0
10046,16076,0,0,0
10046,16077,0,0,0
11000,1001,287,169,118
11000,1002,801,449,352
11000,1003,747,398,349
11000,1004,823,98,725
11000,1051,174,142,32
11000,1053,578,297,281
11000,1054,360,203,157
11000,1055,369,248,121
11000,1056,724,514,210
11000,1057,207,175,32
11000,1058,420,270,150
11000,1059,242,190,52
11000,1060,660,360,300
11000,1061,173,140,33
11000,1062,742,436,306
11000,2000,14716,6108,8608
11000,3101,1239,573,666
11000,3102,232,141,91
11000,3103,1583,298,1285
11000,3151,377,249,128
11000,3153,258,175,83
11000,3154,147,113,34
11000,3155,201,115,86
11000,3157,255,215,40
11000,3158,255,180,75
11000,3159,885,547,338
11000,3241,4780,2485,2295
11000,3251,207,156,51
11000,3252,226,133,93
11000,3254,629,466,163
11000,3255,69,47,22
11000,3256,154,114,40
11000,3257,273,242,31
11000,3351,301,204,97
11000,3352,198,135,63
11000,3353,610,409,201
11000,3354,134,100,34
11000,3355,584,299,285
11000,3356,149,114,35
11000,3357,261,177,84
11000,3358,243,140,103
11000,3359,331,240,91
11000,3360,129,90,39
11000,3361,207,107,100
11000,3401,82,30,52
11000,3402,48,32,16
11000,3403,572,376,196
11000,3404,623,323,300
11000,3405,127,105,22
11000,3451,237,125,112
11000,3452,179,90,89
11000,3453,185,126,59
11000,3454,405,183,222
11000,3455,104,83,21
11000,3456,95,61,34
11000,3457,151,102,49
11000,3458,231,167,64
11000,3459,395,263,132
11000,3460,124,74,50
11000,3461,86,66,20
11000,3462,53,34,19
11000,4011,2082,1020,1062
11000,4012,157,81,76
11000,5111,4794,1541,3253
11000,5112,739,416,323
11000,5113,1778,785,993
11000,5114,523,395,128
11000,5116,345,226,119
11000,5117,368,200,168
11000,5119,260,146,114
11000,5120,82,44,38
11000,5122,222,118,104
11000,5124,539,324,215
11000,5154,315,199,116
11000,5158,1154,499,655
11000,5162,976,473,503
11000,5166,465,256,209
11000,5170,635,309,326
11000,5314,3656,927,2729
11000,5315,7324,2729,4595
11000,5316,249,119,130
11000,5334,1026,570,456
11000,5358,347,212,135
11000,5362,964,543,421
11000,5366,149,110,39
11000,5370,195,143,52
11000,5374,466,168,298
11000,5378,436,326,110
11000,5382,1737,796,941
11000,5512,144,83,61
11000,5513,285,194,91
11000,5515,1037,645,392
11000,5554,328,195,133
11000,5558,210,169,41
11000,5562,705,516,189
11000,5566,487,282,205
11000,5570,245,165,80
11000,5711,785,460,325
11000,5754,752,264,488
11000,5758,283,198,85
11000,5762,143,106,37
11000,5766,504,326,178
11000,5770,416,257,159
11000,5774,446,277,169
11000,5911,745,437,308
11000,5913,1692,815,877
11000,5914,260,155,105
11000,5915,444,125,319
11000,5916,168,113,55
11000,5954,372,253,119
11000,5958,239,136,103
11000,5962,396,208,188
11000,5966,78,47,31
11000,5970,258,143,115
11000,5974,279,179,100
11000,5978,500,310,190
11000,6411,602,274,328
11000,6412,8184,2003,6181
11000,6413,361,225,136
11000,6414,1084,467,617
11000,6431,311,196,115
11000,6432,588,245,343
11000,6433,478,246,232
11000,6434,1446,358,1088
11000,6435,977,430,547
11000,6436,1367,322,1045
11000,6437,58,47,11
11000,6438,1139,398,741
11000,6439,309,187,122
11000,6440,508,343,165
11000,6531,404,267,137
11000,6532,243,131,112
11000,6533,224,161,63
11000,6534,489,345,144
11000,6535,133,106,27
11000,6611,664,363,301
11000,6631,287,184,103
11000,6632,249,177,72
11000,6633,252,205,47
11000,6634,177,132,45
11000,6635,216,90,126
11000,6636,116,89,27
11000,7111,261,139,122
11000,7131,194,137,57
11000,7132,105,60,45
11000,7133,157,100,57
11000,7134,87,35,52
11000,7135,104,104,0
11000,7137,242,172,70
11000,7138,208,125,83
11000,7140,157,49,108
11000,7141,158,128,30
11000,7143,230,130,100
11000,7211,180,120,60
11000,7231,76,50,26
11000,7232,46,29,17
11000,7233,49,31,18
11000,7235,72,60,12
11000,7311,33,15,18
11000,7312,162,93,69
11000,7313,145,43,102
11000,7314,276,135,141
11000,7315,1205,397,808
11000,7316,46,32,14
11000,7317,38,28,10
11000,7318,63,38,25
11000,7319,112,74,38
11000,7320,31,31,0
11000,7331,103,82,21
11000,7332,144,127,17
11000,7333,34,34,0
11000,7334,121,96,25
11000,7335,53,53,0
11000,7336,21,21,0
11000,7337,90,69,21
11000,7338,143,112,31
11000,7339,252,167,85
11000,7340,47,47,0
11000,8111,3005,1186,1819
11000,8115,549,272,277
11000,8116,985,422,563
11000,8117,224,127,97
11000,8118,949,404,545
11000,8119,418,257,161
11000,8121,224,144,80
11000,8125,463,257,206
11000,8126,182,64,118
11000,8127,149,76,73
11000,8128,164,81,83
11000,8135,131,89,42
11000,8136,270,159,111
11000,8211,147,72,75
11000,8212,1097,484,613
11000,8215,566,297,269
11000,8216,233,160,73
11000,8221,775,381,394
11000,8222,1208,543,665
11000,8225,91,60,31
11000,8226,889,482,407
11000,8231,173,85,88
11000,8235,124,83,41
11000,8236,199,112,87
11000,8237,91,56,35
11000,8311,810,475,335
11000,8315,358,278,80
11000,8316,138,96,42
11000,8317,418,223,195
11000,8325,99,70,29
11000,8326,240,119,121
11000,8327,120,71,49
11000,8335,492,262,230
11000,8336,309,146,163
11000,8337,146,91,55
11000,8415,302,173,129
11000,8416,374,267,107
11000,8417,160,91,69
11000,8421,284,135,149
11000,8425,242,111,131
11000,8426,150,91,59
11000,8435,324,200,124
11000,8436,273,184,89
11000,8437,125,105,20
11000,9161,272,108,164
11000,9162,11533,3701,7832
11000,9163,131,61,70
11000,9171,54,30,24
11000,9172,116,55,61
11000,9173,171,127,44
11000,9174,195,126,69
11000,9175,222,172,50
11000,9176,105,65,40
11000,9177,247,131,116
11000,9178,838,182,656
11000,9179,314,208,106
11000,9180,102,84,18
11000,9181,145,102,43
11000,9182,210,121,89
11000,9183,89,59,30
11000,9184,2171,540,1631
11000,9185,83,56,27
11000,9186,217,75,142
11000,9187,353,170,183
11000,9188,434,170,264
11000,9189,182,78,104
11000,9190,143,110,33
11000,9261,64,47,17
11000,9262,151,68,83
11000,9263,36,21,15
11000,9271,135,56,79
11000,9272,29,29,0
11000,9273,75,54,21
11000,9274,124,101,23
11000,9275,118,90,28
11000,9276,37,25,12
11000,9277,649,605,44
11000,9278,37,37,0
11000,9279,72,43,29
11000,9361,38,22,16
11000,9362,320,184,136
11000,9363,58,21,37
11000,9371,48,28,20
11000,9372,57,34,23
11000,9373,164,70,94
11000,9374,36,26,10
11000,9375,122,94,28
11000,9376,85,49,36
11000,9377,25,25,0
11000,9461,192,120,72
11000,9462,271,137,134
11000,9463,207,56,151
11000,9464,65,47,18
11000,9471,169,96,73
11000,9472,67,53,14
11000,9473,85,57,28
11000,9474,103,80,23
11000,9475,121,76,45
11000,9476,59,45,14
11000,9477,88,51,37
11000,9478,141,110,31
11000,9479,59,34,25
11000,9561,44,28,16
11000,9562,543,150,393
11000,9563,263,175,88
11000,9564,1691,642,1049
11000,9565,71,28,43
11000,9571,120,68,52
11000,9572,396,128,268
11000,9573,134,105,29
11000,9574,189,116,73
11000,9575,77,65,12
11000,9576,123,74,49
11000,9577,51,29,22
11000,9661,105,53,52
11000,9662,65,47,18
11000,9663,389,217,172
11000,9671,190,119,71
11000,9672,69,48,21
11000,9673,75,57,18
11000,9674,61,44,17
11000,9675,87,47,40
11000,9676,129,72,57
11000,9677,91,59,32
11000,9678,95,63,32
11000,9679,218,135,83
11000,9761,473,284,189
11000,9762,34,19,15
11000,9763,87,45,42
11000,9764,36,19,17
11000,9771,118,88,30
11000,9772,200,126,74
11000,9773,69,39,30
11000,9774,80,58,22
11000,9775,170,97,73
11000,9776,85,50,35
11000,9777,119,61,58
11000,9778,102,65,37
11000,9779,101,44,57
11000,9780,241,88,153
11000,10041,699,345,354
11000,10042,102,41,61
11000,10043,81,66,15
11000,10044,121,96,25
11000,10045,219,94,125
11000,10046,67,29,38
11000,11000,0,0,0
11000,12051,2645,2074,571
11000,12052,2321,1518,803
11000,12053,2681,1605,1076
11000,12054,33620,19138,14482
11000,12060,37091,29658,7433
11000,12061,36667,22021,14646
11000,12062,940,787,153
11000,12063,27756,22243,5513
11000,12064,36035,27290,8745
11000,12065,44824,35002,9822
11000,12066,1269,934,335
11000,12067,17346,13622,3724
11000,12068,3472,2422,1050
11000,12069,29691,21038,8653
11000,12070,848,645,203
11000,12071,1060,859,201
11000,12072,30243,19975,10268
11000,12073,2531,1935,596
11000,13003,1522,1070,452
11000,13004,594,347,247
11000,13071,2313,1762,551
11000,13072,1066,813,253
11000,13073,1325,929,396
11000,13074,523,394,129
11000,13075,1995,1498,497
11000,13076,875,739,136
11000,14511,1072,548,524
11000,14521,461,318,143
11000,14522,616,453,163
11000,14523,375,283,92
11000,14524,535,375,160
11000,14612,3782,2351,1431
11000,14625,1128,762,366
11000,14626,779,650,129
11000,14627,703,464,239
11000,14628,680,501,179
11000,14713,5437,3243,2194
11000,14729,818,655,163
11000,14730,738,502,236
11000,15001,675,394,281
11000,15002,1512,835,677
11000,15003,1838,1234,604
11000,15081,220,185,35
11000,15082,749,563,186
11000,15083,613,481,132
11000,15084,686,339,347
11000,15085,484,314,170
11000,15086,683,570,113
11000,15087,334,245,89
11000,15088,700,491,209
11000,15089,510,411,99
11000,15090,776,621,155
11000,15091,1081,832,249
11000,16051,1002,567,435
11000,16052,341,220,121
11000,16053,597,317,280
11000,16054,72,49,23
11000,16055,323,183,140
11000,16056,86,52,34
11000,16061,141,93,48
11000,16062,157,116,41
11000,16063,174,115,59
11000,16064,133,104,29
11000,16065,110,89,21
11000,16066,312,229,83
11000,16067,252,193,59
11000,16068,120,107,13
11000,16069,58,58,0
11000,16070,239,178,61
11000,16071,194,151,43
11000,16072,45,30,15
11000,16073,165,126,39
11000,16074,183,114,69
11000,16075,109,96,13
11000,16076,165,113,52
11000,16077,168,116,52
12051,1001,0,0,0
12051,1002,0,0,0
12051,1003,18,0,18
12051,1004,0,0,0
12051,1051,0,0,0
12051,1053,0,0,0
12051,1054,0,0,0
12051,1055,0,0,0
12051,1056,0,0,0
12051,1057,0,0,0
12051,1058,18,0,18
12051,1059,0,0,0
12051,1060,0,0,0
12051,1061,0,0,0
12051,1062,11,0,11
12051,2000,61,0,61
12051,3101,11,0,11
12051,3102,0,0,0
12051,3103,11,0,11
12051,3151,0,0,0
12051,3153,0,0,0
12051,3154,0,0,0
12051,3155,0,0,0
12051,3157,0,0,0
12051,3158,0,0,0
12051,3159,0,0,0
12051,3241,49,12,37
12051,3251,0,0,0
12051,3252,0,0,0
12051,3254,0,0,0
12051,3255,0,0,0
12051,3256,0,0,0
12051,3257,0,0,0
12051,3351,0,0,0
12051,3352,0,0,0
12051,3353,0,0,0
12051,3354,0,0,0
12051,3355,0,0,0
12051,3356,0,0,0
12051,3357,0,0,0
12051,3358,0,0,0
12051,3359,0,0,0
12051,3360,0,0,0
12051,3361,0,0,0
12051,3401,0,0,0
12051,3402,0,0,0
12051,3403,0,0,0
12051,3404,0,0,0
12051,3405,0,0,0
12051,3451,13,0,13
12051,3452,0,0,0
12051,3453,0,0,0
12051,3454,0,0,0
12051,3455,0,0,0
12051,3456,0,0,0
12051,3457,0,0,0
12051,3458,0,0,0
12051,3459,10,0,10
12051,3460,0,0,0
12051,3461,0,0,0
12051,3462,10,0,10
12051,4011,10,0,10
12051,4012,0,0,0
12051,5111,21,0,21
12051,5112,0,0,0
12051,5113,0,0,0
12051,5114,0,0,0
12051,5116,0,0,0
12051,5117,0,0,0
12051,5119,19,0,19
12051,5120,0,0,0
12051,5122,0,0,0
12051,5124,0,0,0
12051,5154,0,0,0
12051,5158,10,0,10
12051,5162,0,0,0
12051,5166,0,0,0
12051,5170,0,0,0
12051,5314,0,0,0
12051,5315,15,0,15
12051,5316,0,0,0
12051,5334,0,0,0
12051,5358,0,0,0
12051,5362,10,0,10
12051,5366,0,0,0
12051,5370,0,0,0
12051,5374,0,0,0
12051,5378,0,0,0
12051,5382,0,0,0
12051,5512,0,0,0
12051,5513,0,0,0
12051,5515,0,0,0
12051,5554,0,0,0
12051,5558,0,0,0
12051,5562,0,0,0
12051,5566,0,0,0
12051,5570,0,0,0
12051,5711,0,0,0
12051,5754,12,0,12
12051,5758,0,0,0
12051,5762,0,0,0
12051,5766,0,0,0
12051,5770,0,0,0
12051,5774,0,0,0
12051,5911,0,0,0
12051,5913,0,0,0
12051,5914,0,0,0
12051,5915,0,0,0
12051,5916,0,0,0
12051,5954,0,0,0
12051,5958,0,0,0
12051,5962,0,0,0
12051,5966,0,0,0
12051,5970,0,0,0
12051,5974,0,0,0
12051,5978,0,0,0
12051,6411,0,0,0
12051,6412,24,0,24
12051,6413,0,0,0
12051,6414,0,0,0
12051,6431,0,0,0
12051,6432,0,0,0
12051,6433,0,0,0
12051,6434,18,0,18
12051,6435,0,0,0
12051,6436,0,0,0
12051,6437,0,0,0
12051,6438,0,0,0
12051,6439,0,0,0
12051,6440,0,0,0
12051,6531,0,0,0
12051,6532,0,0,0
12051,6533,0,0,0
12051,6534,0,0,0
12051,6535,0,0,0
12051,6611,0,0,0
12051,6631,0,0,0
12051,6632,0,0,0
12051,6633,0,0,0
12051,6634,0,0,0
12051,6635,0,0,0
12051,6636,0,0,0
12051,7111,0,0,0
12051,7131,0,0,0
12051,7132,0,0,0
12051,7133,0,0,0
12051,7134,0,0,0
12051,7135,0,0,0
12051,7137,0,0,0
12051,7138,0,0,0
12051,7140,0,0,0
12051,7141,0,0,0
12051,7143,0,0,0
12051,7211,0,0,0
12051,7231,0,0,0
12051,7232,0,0,0
12051,7233,0,0,0
12051,7235,0,0,0
12051,7311,0,0,0
12051,7312,0,0,0
12051,7313,0,0,0
12051,7314,0,0,0
12051,7315,10,0,10
12051,7316,0,0,0
12051,7317,0,0,0
12051,7318,0,0,0
12051,7319,0,0,0
12051,7320,0,0,0
12051,7331,0,0,0
12051,7332,0,0,0
12051,7333,0,0,0
12051,7334,0,0,0
12051,7335,0,0,0
12051,7336,0,0,0
12051,7337,0,0,0
12051,7338,0,0,0
12051,7339,0,0,0
12051,7340,0,0,0
12051,8111,15,0,15
12051,8115,0,0,0
12051,8116,0,0,0
12051,8117,0,0,0
12051,8118,0,0,0
12051,8119,0,0,0
12051,8121,0,0,0
12051,8125,0,0,0
12051,8126,0,0,0
12051,8127,0,0,0
12051,8128,0,0,0
12051,8135,0,0,0
12051,8136,0,0,0
12051,8211,0,0,0
12051,8212,10,0,10
12051,8215,0,0,0
12051,8216,0,0,0
12051,8221,0,0,0
12051,8222,0,0,0
12051,8225,0,0,0
12051,8226,0,0,0
12051,8231,10,0,10
12051,8235,0,0,0
12051,8236,0,0,0
12051,8237,0,0,0
12051,8311,0,0,0
12051,8315,0,0,0
12051,8316,0,0,0
12051,8317,0,0,0
12051,8325,0,0,0
12051,8326,0,0,0
12051,8327,0,0,0
12051,8335,0,0,0
12051,8336,0,0,0
12051,8337,0,0,0
12051,8415,0,0,0
12051,8416,0,0,0
12051,8417,0,0,0
12051,8421,0,0,0
12051,8425,0,0,0
12051,8426,0,0,0
12051,8435,0,0,0
12051,8436,0,0,0
12051,8437,0,0,0
12051,9161,0,0,0
12051,9162,48,0,48
12051,9163,0,0,0
12051,9171,0,0,0
12051,9172,0,0,0
12051,9173,0,0,0
12051,9174,0,0,0
12051,9175,0,0,0
12051,9176,0,0,0
12051,9177,0,0,0
12051,9178,0,0,0
12051,9179,0,0,0
12051,9180,0,0,0
12051,9181,0,0,0
12051,9182,0,0,0
12051,9183,0,0,0
12051,9184,21,0,21
12051,9185,0,0,0
12051,9186,0,0,0
12051,9187,0,0,0
12051,9188,0,0,0
12051,9189,0,0,0
12051,9190,0,0,0
12051,9261,0,0,0
12051,9262,0,0,0
12051,9263,0,0,0
12051,9271,0,0,0
12051,9272,0,0,0
12051,9273,0,0,0
12051,9274,0,0,0
12051,9275,0,0,0
12051,9276,0,0,0
12051,9277,0,0,0
12051,9278,0,0,0
12051,9279,0,0,0
12051,9361,0,0,0
12051,9362,0,0,0
12051,9363,0,0,0
12051,9371,0,0,0
12051,9372,0,0,0
12051,9373,0,0,0
12051,9374,0,0,0
12051,9375,0,0,0
12051,9376,0,0,0
12051,9377,0,0,0
12051,9461,0,0,0
12051,9462,0,0,0
12051,9463,0,0,0
12051,9464,0,0,0
12051,9471,0,0,0
12051,9472,0,0,0
12051,9473,0,0,0
12051,9474,0,0,0
12051,9475,0,0,0
12051,9476,0,0,0
12051,9477,0,0,0
12051,9478,0,0,0
12051,9479,0,0,0
12051,9561,0,0,0
12051,9562,0,0,0
12051,9563,0,0,0
12051,9564,0,0,0
12051,9565,0,0,0
12051,9571,0,0,0
12051,9572,0,0,0
12051,9573,0,0,0
12051,9574,0,0,0
12051,9575,0,0,0
12051,9576,0,0,0
12051,9577,0,0,0
12051,9661,0,0,0
12051,9662,0,0,0
12051,9663,0,0,0
12051,9671,0,0,0
12051,9672,0,0,0
12051,9673,0,0,0
12051,9674,0,0,0
12051,9675,0,0,0
12051,9676,0,0,0
12051,9677,0,0,0
12051,9678,0,0,0
12051,9679,0,0,0
12051,9761,0,0,0
12051,9762,0,0,0
12051,9763,0,0,0
12051,9764,0,0,0
12051,9771,0,0,0
12051,9772,0,0,0
12051,9773,0,0,0
12051,9774,0,0,0
12051,9775,0,0,0
12051,9776,0,0,0
12051,9777,0,0,0
12051,9778,0,0,0
12051,9779,0,0,0
12051,9780,0,0,0
12051,10041,0,0,0
12051,10042,0,0,0
12051,10043,0,0,0
12051,10044,0,0,0
12051,10045,0,0,0
12051,10046,0,0,0
12051,11000,2645,571,2074
12051,12051,0,0,0
12051,12052,55,34,21
12051,12053,80,34,46
12051,12054,2460,492,1968
12051,12060,71,52,19
12051,12061,147,52,95
12051,12062,61,61,0
12051,12063,3367,2378,989
12051,12064,121,70,51
12051,12065,158,99,59
12051,12066,24,24,0
12051,12067,95,50,45
12051,12068,270,169,101
12051,12069,8627,6131,2496
12051,12070,95,83,12
12051,12071,38,38,0
12051,12072,308,106,202
12051,12073,44,34,10
12051,13003,11,0,11
12051,13004,0,0,0
12051,13071,24,13,11
12051,13072,10,10,0
12051,13073,0,0,0
12051,13074,0,0,0
12051,13075,10,10,0
12051,13076,14,14,0
12051,14511,13,0,13
12051,14521,0,0,0
12051,14522,0,0,0
12051,14523,0,0,0
12051,14524,0,0,0
12051,14612,44,18,26
12051,14625,10,10,0
12051,14626,0,0,0
12051,14627,11,0,11
12051,14628,0,0,0
12051,14713,75,17,58
12051,14729,0,0,0
12051,14730,0,0,0
12051,15001,13,13,0
12051,15002,28,16,12
12051,15003,212,76,136
12051,15081,13,13,0
12051,15082,24,24,0
12051,15083,44,30,14
12051,15084,0,0,0
12051,15085,17,17,0
12051,15086,919,701,218
12051,15087,11,11,0
12051,15088,23,13,10
12051,15089,0,0,0
12051,15090,165,104,61
12051,15091,68,49,19
12051,16051,0,0,0
12051,16052,0,0,0
12051,16053,0,0,0
12051,16054,0,0,0
12051,16055,0,0,0
12051,16056,0,0,0
12051,16061,0,0,0
12051,16062,0,0,0
12051,16063,0,0,0
12051,16064,0,0,0
12051,16065,0,0,0
12051,16066,0,0,0
12051,16067,0,0,0
12051,16068,0,0,0
12051,16069,0,0,0
12051,16070,0,0,0
12051,16071,0,0,0
12051,16072,0,0,0
12051,16073,0,0,0
12051,16074,0,0,0
12051,16075,0,0,0
12051,16076,0,0,0
12051,16077,0,0,0
12052,1001,0,0,0
12052,1002,0,0,0
12052,1003,0,0,0
12052,1004,0,0,0
12052,1051,0,0,0
12052,1053,0,0,0
12052,1054,24,0,24
12052,1055,0,0,0
12052,1056,0,0,0
12052,1057,0,0,0
12052,1058,0,0,0
12052,1059,0,0,0
12052,1060,0,0,0
12052,1061,0,0,0
12052,1062,0,0,0
12052,2000,110,23,87
12052,3101,0,0,0
12052,3102,0,0,0
12052,3103,13,0,13
12052,3151,0,0,0
12052,3153,0,0,0
12052,3154,0,0,0
12052,3155,0,0,0
12052,3157,0,0,0
12052,3158,0,0,0
12052,3159,0,0,0
12052,3241,50,16,34
12052,3251,0,0,0
12052,3252,0,0,0
12052,3254,0,0,0
12052,3255,0,0,0
12052,3256,0,0,0
12052,3257,0,0,0
12052,3351,11,0,11
12052,3352,0,0,0
12052,3353,0,0,0
12052,3354,0,0,0
12052,3355,0,0,0
12052,3356,0,0,0
12052,3357,0,0,0
12052,3358,0,0,0
12052,3359,0,0,0
12052,3360,0,0,0
12052,3361,0,0,0
12052,3401,0,0,0
12052,3402,0,0,0
12052,3403,0,0,0
12052,3404,0,0,0
12052,3405,0,0,0
12052,3451,0,0,0
12052,3452,0,0,0
12052,3453,0,0,0
12052,3454,13,0,13
12052,3455,0,0,0
12052,3456,0,0,0
12052,3457,0,0,0
12052,3458,0,0,0
12052,3459,12,0,12
12052,3460,0,0,0
12052,3461,0,0,0
12052,3462,0,0,0
12052,4011,19,0,19
12052,4012,0,0,0
12052,5111,23,0,23
12052,5112,35,24,11
12052,5113,15,0,15
12052,5114,0,0,0
12052,5116,0,0,0
12052,5117,0,0,0
12052,5119,0,0,0
12052,5120,0,0,0
12052,5122,0,0,0
12052,5124,0,0,0
12052,5154,0,0,0
12052,5158,11,0,11
12052,5162,0,0,0
12052,5166,0,0,0
12052,5170,11,0,11
12052,5314,15,0,15
12052,5315,68,14,54
12052,5316,0,0,0
12052,5334,0,0,0
12052,5358,0,0,0
12052,5362,0,0,0
12052,5366,0,0,0
12052,5370,0,0,0
12052,5374,0,0,0
12052,5378,0,0,0
12052,5382,18,0,18
12052,5512,0,0,0
12052,5513,0,0,0
12052,5515,0,0,0
12052,5554,0,0,0
12052,5558,0,0,0
12052,5562,13,0,13
12052,5566,0,0,0
12052,5570,0,0,0
12052,5711,0,0,0
12052,5754,15,0,15
12052,5758,0,0,0
12052,5762,0,0,0
12052,5766,0,0,0
12052,5770,0,0,0
12052,5774,0,0,0
12052,5911,0,0,0
12052,5913,0,0,0
12052,5914,0,0,0
12052,5915,0,0,0
12052,5916,0,0,0
12052,5954,0,0,0
12052,5958,0,0,0
12052,5962,0,0,0
12052,5966,0,0,0
12052,5970,0,0,0
12052,5974,0,0,0
12052,5978,0,0,0
12052,6411,0,0,0
12052,6412,49,0,49
12052,6413,0,0,0
12052,6414,0,0,0
12052,6431,0,0,0
12052,6432,0,0,0
12052,6433,0,0,0
12052,6434,0,0,0
12052,6435,0,0,0
12052,6436,0,0,0
12052,6437,0,0,0
12052,6438,23,0,23
12052,6439,0,0,0
12052,6440,0,0,0
12052,6531,0,0,0
12052,6532,0,0,0
12052,6533,0,0,0
12052,6534,0,0,0
12052,6535,0,0,0
12052,6611,0,0,0
12052,6631,10,0,10
12052,6632,0,0,0
12052,6633,0,0,0
12052,6634,0,0,0
12052,6635,0,0,0
12052,6636,0,0,0
12052,7111,0,0,0
12052,7131,0,0,0
12052,7132,0,0,0
12052,7133,0,0,0
12052,7134,0,0,0
12052,7135,0,0,0
12052,7137,0,0,0
12052,7138,0,0,0
12052,7140,0,0,0
12052,7141,0,0,0
12052,7143,0,0,0
12052,7211,0,0,0
12052,7231,0,0,0
12052,7232,0,0,0
12052,7233,0,0,0
12052,7235,0,0,0
12052,7311,0,0,0
12052,7312,0,0,0
12052,7313,0,0,0
12052,7314,0,0,0
12052,7315,0,0,0
12052,7316,0,0,0
12052,7317,0,0,0
12052,7318,0,0,0
12052,7319,0,0,0
12052,7320,0,0,0
12052,7331,0,0,0
12052,7332,0,0,0
12052,7333,0,0,0
12052,7334,0,0,0
12052,7335,0,0,0
12052,7336,0,0,0
12052,7337,0,0,0
12052,7338,0,0,0
12052,7339,0,0,0
12052,7340,0,0,0
12052,8111,32,0,32
12052,8115,10,0,10
12052,8116,35,0,35
12052,8117,0,0,0
12052,8118,10,0,10
12052,8119,0,0,0
12052,8121,0,0,0
12052,8125,10,0,10
12052,8126,0,0,0
12052,8127,0,0,0
12052,8128,0,0,0
12052,8135,0,0,0
12052,8136,0,0,0
12052,8211,0,0,0
12052,8212,0,0,0
12052,8215,15,0,15
12052,8216,0,0,0
12052,8221,0,0,0
12052,8222,35,0,35
12052,8225,0,0,0
12052,8226,0,0,0
12052,8231,0,0,0
12052,8235,0,0,0
12052,8236,0,0,0
12052,8237,0,0,0
12052,8311,0,0,0
12052,8315,0,0,0
12052,8316,0,0,0
12052,8317,0,0,0
12052,8325,0,0,0
12052,8326,0,0,0
12052,8327,0,0,0
12052,8335,0,0,0
12052,8336,0,0,0
12052,8337,0,0,0
12052,8415,0,0,0
12052,8416,0,0,0
12052,8417,0,0,0
12052,8421,0,0,0
12052,8425,0,0,0
12052,8426,17,0,17
12052,8435,0,0,0
12052,8436,0,0,0
12052,8437,0,0,0
12052,9161,0,0,0
12052,9162,103,32,71
12052,9163,0,0,0
12052,9171,0,0,0
12052,9172,0,0,0
12052,9173,0,0,0
12052,9174,0,0,0
12052,9175,0,0,0
12052,9176,0,0,0
12052,9177,0,0,0
12052,9178,0,0,0
12052,9179,0,0,0
12052,9180,0,0,0
12052,9181,0,0,0
12052,9182,0,0,0
12052,9183,0,0,0
12052,9184,32,0,32
12052,9185,0,0,0
12052,9186,0,0,0
12052,9187,0,0,0
12052,9188,0,0,0
12052,9189,0,0,0
12052,9190,0,0,0
12052,9261,0,0,0
12052,9262,0,0,0
12052,9263,0,0,0
12052,9271,0,0,0
12052,9272,0,0,0
12052,9273,0,0,0
12052,9274,0,0,0
12052,9275,0,0,0
12052,9276,0,0,0
12052,9277,0,0,0
12052,9278,0,0,0
12052,9279,0,0,0
12052,9361,0,0,0
12052,9362,0,0,0
12052,9363,0,0,0
12052,9371,0,0,0
12052,9372,0,0,0
12052,9373,0,0,0
12052,9374,0,0,0
12052,9375,0,0,0
12052,9376,0,0,0
12052,9377,0,0,0
12052,9461,0,0,0
12052,9462,0,0,0
12052,9463,0,0,0
12052,9464,0,0,0
12052,9471,0,0,0
12052,9472,0,0,0
12052,9473,0,0,0
12052,9474,0,0,0
12052,9475,0,0,0
12052,9476,0,0,0
12052,9477,0,0,0
12052,9478,0,0,0
12052,9479,0,0,0
12052,9561,0,0,0
12052,9562,0,0,0
12052,9563,0,0,0
12052,9564,29,0,29
12052,9565,0,0,0
12052,9571,0,0,0
12052,9572,0,0,0
12052,9573,0,0,0
12052,9574,0,0,0
12052,9575,0,0,0
12052,9576,0,0,0
12052,9577,0,0,0
12052,9661,0,0,0
12052,9662,0,0,0
12052,9663,0,0,0
12052,9671,0,0,0
12052,9672,0,0,0
12052,9673,0,0,0
12052,9674,0,0,0
12052,9675,0,0,0
12052,9676,0,0,0
12052,9677,0,0,0
12052,9678,0,0,0
12052,9679,0,0,0
12052,9761,0,0,0
12052,9762,0,0,0
12052,9763,0,0,0
12052,9764,0,0,0
12052,9771,0,0,0
12052,9772,0,0,0
12052,9773,0,0,0
12052,9774,0,0,0
12052,9775,0,0,0
12052,9776,0,0,0
12052,9777,0,0,0
12052,9778,0,0,0
12052,9779,0,0,0
12052,9780,0,0,0
12052,10041,13,0,13
12052,10042,0,0,0
12052,10043,0,0,0
12052,10044,0,0,0
12052,10045,0,0,0
12052,10046,0,0,0
12052,11000,2321,803,1518
12052,12051,55,21,34
12052,12052,0,0,0
12052,12053,351,109,242
12052,12054,393,83,310
12052,12060,104,49,55
12052,12061,1632,1070,562
12052,12062,1074,890,184
12052,12063,45,34,11
12052,12064,166,115,51
12052,12065,95,50,45
12052,12066,4732,3008,1724
12052,12067,500,307,193
12052,12068,57,12,45
12052,12069,177,97,80
12052,12070,0,0,0
12052,12071,16682,11650,5032
12052,12072,259,111,148
12052,12073,10,10,0
12052,13003,27,14,13
12052,13004,0,0,0
12052,13071,38,27,11
12052,13072,0,0,0
12052,13073,10,10,0
12052,13074,0,0,0
12052,13075,21,21,0
12052,13076,0,0,0
12052,14511,68,33,35
12052,14521,21,21,0
12052,14522,48,33,15
12052,14523,13,13,0
12052,14524,50,12,38
12052,14612,431,158,273
12052,14625,961,701,260
12052,14626,825,662,163
12052,14627,89,37,52
12052,14628,81,30,51
12052,14713,261,83,178
12052,14729,84,53,31
12052,14730,41,30,11
12052,15001,0,0,0
12052,15002,54,17,37
12052,15003,39,15,24
12052,15081,0,0,0
12052,15082,13,13,0
12052,15083,14,14,0
12052,15084,0,0,0
12052,15085,0,0,0
12052,15086,35,17,18
12052,15087,0,0,0
12052,15088,60,19,41
12052,15089,12,12,0
12052,15090,22,22,0
12052,15091,42,30,12
12052,16051,32,13,19
12052,16052,0,0,0
12052,16053,0,0,0
12052,16054,0,0,0
12052,16055,0,0,0
12052,16056,0,0,0
12052,16061,0,0,0
12052,16062,0,0,0
12052,16063,0,0,0
12052,16064,0,0,0
12052,16065,0,0,0
12052,16066,0,0,0
12052,16067,0,0,0
12052,16068,0,0,0
12052,16069,0,0,0
12052,16070,0,0,0
12052,16071,0,0,0
12052,16072,0,0,0
12052,16073,0,0,0
12052,16074,0,0,0
12052,16075,0,0,0
12052,16076,0,0,0
12052,16077,0,0,0
12053,1001,0,0,0
12053,1002,0,0,0
12053,1003,0,0,0
12053,1004,0,0,0
12053,1051,0,0,0
12053,1053,0,0,0
12053,1054,0,0,0
12053,1055,0,0,0
12053,1056,0,0,0
12053,1057,0,0,0
12053,1058,0,0,0
12053,1059,0,0,0
12053,1060,0,0,0
12053,1061,0,0,0
12053,1062,0,0,0
12053,2000,69,17,52
12053,3101,0,0,0
12053,3102,0,0,0
12053,3103,0,0,0
12053,3151,0,0,0
12053,3153,0,0,0
12053,3154,0,0,0
12053,3155,0,0,0
12053,3157,0,0,0
12053,3158,0,0,0
12053,3159,18,18,0
12053,3241,35,14,21
12053,3251,0,0,0
12053,3252,0,0,0
12053,3254,0,0,0
12053,3255,0,0,0
12053,3256,0,0,0
12053,3257,0,0,0
12053,3351,0,0,0
12053,3352,0,0,0
12053,3353,0,0,0
12053,3354,0,0,0
12053,3355,0,0,0
12053,3356,0,0,0
12053,3357,0,0,0
12053,3358,0,0,0
12053,3359,0,0,0
12053,3360,0,0,0
12053,3361,0,0,0
12053,3401,0,0,0
12053,3402,0,0,0
12053,3403,0,0,0
12053,3404,0,0,0
12053,3405,0,0,0
12053,3451,0,0,0
12053,3452,0,0,0
12053,3453,0,0,0
12053,3454,0,0,0
12053,3455,0,0,0
12053,3456,0,0,0
12053,3457,0,0,0
12053,3458,0,0,0
12053,3459,0,0,0
12053,3460,0,0,0
12053,3461,0,0,0
12053,3462,0,0,0
12053,4011,10,0,10
12053,4012,0,0,0
12053,5111,13,0,13
12053,5112,0,0,0
12053,5113,0,0,0
12053,5114,0,0,0
12053,5116,0,0,0
12053,5117,0,0,0
12053,5119,0,0,0
12053,5120,0,0,0
12053,5122,0,0,0
12053,5124,0,0,0
12053,5154,18,0,18
12053,5158,0,0,0
12053,5162,0,0,0
12053,5166,0,0,0
12053,5170,0,0,0
12053,5314,0,0,0
12053,5315,14,0,14
12053,5316,0,0,0
12053,5334,0,0,0
12053,5358,0,0,0
12053,5362,0,0,0
12053,5366,0,0,0
12053,5370,0,0,0
12053,5374,0,0,0
12053,5378,0,0,0
12053,5382,0,0,0
12053,5512,0,0,0
12053,5513,0,0,0
12053,5515,0,0,0
12053,5554,0,0,0
12053,5558,0,0,0
12053,5562,0,0,0
12053,5566,0,0,0
12053,5570,0,0,0
12053,5711,0,0,0
12053,5754,0,0,0
12053,5758,0,0,0
12053,5762,0,0,0
12053,5766,0,0,0
12053,5770,0,0,0
12053,5774,0,0,0
12053,5911,0,0,0
12053,5913,0,0,0
12053,5914,0,0,0
12053,5915,0,0,0
12053,5916,0,0,0
12053,5954,0,0,0
12053,5958,0,0,0
12053,5962,0,0,0
12053,5966,0,0,0
12053,5970,0,0,0
12053,5974,0,0,0
12053,5978,0,0,0
12053,6411,0,0,0
12053,6412,53,0,53
12053,6413,0,0,0
12053,6414,0,0,0
12053,6431,0,0,0
12053,6432,0,0,0
12053,6433,0,0,0
12053,6434,11,0,11
12053,6435,0,0,0
12053,6436,0,0,0
12053,6437,0,0,0
12053,6438,15,0,15
12053,6439,0,0,0
12053,6440,0,0,0
12053,6531,0,0,0
12053,6532,0,0,0
12053,6533,0,0,0
12053,6534,0,0,0
12053,6535,0,0,0
12053,6611,0,0,0
12053,6631,0,0,0
12053,6632,0,0,0
12053,6633,0,0,0
12053,6634,0,0,0
12053,6635,0,0,0
12053,6636,0,0,0
12053,7111,0,0,0
12053,7131,0,0,0
12053,7132,0,0,0
12053,7133,0,0,0
12053,7134,0,0,0
12053,7135,0,0,0
12053,7137,0,0,0
12053,7138,0,0,0
12053,7140,0,0,0
12053,7141,0,0,0
12053,7143,0,0,0
12053,7211,0,0,0
12053,7231,0,0,0
12053,7232,0,0,0
12053,7233,0,0,0
12053,7235,0,0,0
12053,7311,0,0,0
12053,7312,0,0,0
12053,7313,0,0,0
12053,7314,0,0,0
12053,7315,0,0,0
12053,7316,0,0,0
12053,7317,0,0,0
12053,7318,0,0,0
12053,7319,0,0,0
12053,7320,0,0,0
12053,7331,0,0,0
12053,7332,0,0,0
12053,7333,0,0,0
12053,7334,0,0,0
12053,7335,0,0,0
12053,7336,0,0,0
12053,7337,0,0,0
12053,7338,0,0,0
12053,7339,0,0,0
12053,7340,0,0,0
12053,8111,0,0,0
12053,8115,0,0,0
12053,8116,0,0,0
12053,8117,0,0,0
12053,8118,0,0,0
12053,8119,0,0,0
12053,8121,0,0,0
12053,8125,0,0,0
12053,8126,0,0,0
12053,8127,0,0,0
12053,8128,0,0,0
12053,8135,0,0,0
12053,8136,0,0,0
12053,8211,0,0,0
12053,8212,0,0,0
12053,8215,0,0,0
12053,8216,11,11,0
12053,8221,0,0,0
12053,8222,0,0,0
12053,8225,0,0,0
12053,8226,0,0,0
12053,8231,0,0,0
12053,8235,0,0,0
12053,8236,0,0,0
12053,8237,0,0,0
12053,8311,0,0,0
12053,8315,0,0,0
12053,8316,0,0,0
12053,8317,0,0,0
12053,8325,0,0,0
12053,8326,0,0,0
12053,8327,0,0,0
12053,8335,0,0,0
12053,8336,0,0,0
12053,8337,0,0,0
12053,8415,0,0,0
12053,8416,0,0,0
12053,8417,0,0,0
12053,8421,0,0,0
12053,8425,0,0,0
12053,8426,0,0,0
12053,8435,0,0,0
12053,8436,0,0,0
12053,8437,0,0,0
12053,9161,0,0,0
12053,9162,20,0,20
12053,9163,0,0,0
12053,9171,0,0,0
12053,9172,0,0,0
12053,9173,0,0,0
12053,9174,0,0,0
12053,9175,0,0,0
12053,9176,0,0,0
12053,9177,0,0,0
12053,9178,0,0,0
12053,9179,0,0,0
12053,9180,0,0,0
12053,9181,0,0,0
12053,9182,0,0,0
12053,9183,0,0,0
12053,9184,0,0,0
12053,9185,0,0,0
12053,9186,0,0,0
12053,9187,0,0,0
12053,9188,0,0,0
12053,9189,0,0,0
12053,9190,0,0,0
12053,9261,0,0,0
12053,9262,0,0,0
12053,9263,0,0,0
12053,9271,0,0,0
12053,9272,0,0,0
12053,9273,0,0,0
12053,9274,0,0,0
12053,9275,0,0,0
12053,9276,0,0,0
12053,9277,0,0,0
12053,9278,0,0,0
12053,9279,0,0,0
12053,9361,0,0,0
12053,9362,0,0,0
12053,9363,0,0,0
12053,9371,0,0,0
12053,9372,0,0,0
12053,9373,0,0,0
12053,9374,0,0,0
12053,9375,0,0,0
12053,9376,0,0,0
12053,9377,0,0,0
12053,9461,0,0,0
12053,9462,0,0,0
12053,9463,0,0,0
12053,9464,0,0,0
12053,9471,0,0,0
12053,9472,0,0,0
12053,9473,0,0,0
12053,9474,0,0,0
12053,9475,0,0,0
12053,9476,0,0,0
12053,9477,0,0,0
12053,9478,0,0,0
12053,9479,0,0,0
12053,9561,0,0,0
12053,9562,0,0,0
12053,9563,0,0,0
12053,9564,25,0,25
12053,9565,0,0,0
12053,9571,0,0,0
12053,9572,0,0,0
12053,9573,0,0,0
12053,9574,0,0,0
12053,9575,0,0,0
12053,9576,0,0,0
12053,9577,0,0,0
12053,9661,0,0,0
12053,9662,0,0,0
12053,9663,0,0,0
12053,9671,0,0,0
12053,9672,0,0,0
12053,9673,0,0,0
12053,9674,0,0,0
12053,9675,0,0,0
12053,9676,0,0,0
12053,9677,0,0,0
12053,9678,0,0,0
12053,9679,0,0,0
12053,9761,0,0,0
12053,9762,0,0,0
12053,9763,0,0,0
12053,9764,0,0,0
12053,9771,0,0,0
12053,9772,0,0,0
12053,9773,0,0,0
12053,9774,0,0,0
12053,9775,0,0,0
12053,9776,0,0,0
12053,9777,0,0,0
12053,9778,0,0,0
12053,9779,0,0,0
12053,9780,0,0,0
12053,10041,0,0,0
12053,10042,0,0,0
12053,10043,0,0,0
12053,10044,0,0,0
12053,10045,0,0,0
12053,10046,0,0,0
12053,11000,2681,1076,1605
12053,12051,80,46,34
12053,12052,351,242,109
12053,12053,0,0,0
12053,12054,361,120,241
12053,12060,267,206,61
12053,12061,338,191,147
12053,12062,49,33,16
12053,12063,54,30,24
12053,12064,3759,3174,585
12053,12065,130,102,28
12053,12066,162,147,15
12053,12067,8270,5613,2657
12053,12068,164,143,21
12053,12069,157,92,65
12053,12070,0,0,0
12053,12071,435,341,94
12053,12072,257,95,162
12053,12073,183,165,18
12053,13003,11,11,0
12053,13004,11,11,0
12053,13071,54,54,0
12053,13072,0,0,0
12053,13073,0,0,0
12053,13074,23,23,0
12053,13075,17,0,17
12053,13076,10,10,0
12053,14511,0,0,0
12053,14521,11,11,0
12053,14522,0,0,0
12053,14523,0,0,0
12053,14524,0,0,0
12053,14612,70,23,47
12053,14625,33,23,10
12053,14626,14,14,0
12053,14627,0,0,0
12053,14628,13,13,0
12053,14713,55,12,43
12053,14729,16,16,0
12053,14730,0,0,0
12053,15001,0,0,0
12053,15002,10,0,10
12053,15003,0,0,0
12053,15081,0,0,0
12053,15082,32,22,10
12053,15083,0,0,0
12053,15084,27,0,27
12053,15085,0,0,0
12053,15086,99,99,0
12053,15087,0,0,0
12053,15088,0,0,0
12053,15089,15,15,0
12053,15090,0,0,0
12053,15091,0,0,0
12053,16051,0,0,0
12053,16052,0,0,0
12053,16053,0,0,0
12053,16054,0,0,0
12053,16055,0,0,0
12053,16056,0,0,0
12053,16061,17,17,0
12053,16062,0,0,0
12053,16063,0,0,0
12053,16064,0,0,0
12053,16065,0,0,0
12053,16066,0,0,0
12053,16067,12,12,0
12053,16068,0,0,0
12053,16069,0,0,0
12053,16070,0,0,0
12053,16071,0,0,0
12053,16072,0,0,0
12053,16073,0,0,0
12053,16074,0,0,0
12053,16075,0,0,0
12053,16076,0,0,0
12053,16077,0,0,0
12054,1001,0,0,0
12054,1002,62,41,21
12054,1003,38,12,26
12054,1004,39,0,39
12054,1051,0,0,0
12054,1053,14,14,0
12054,1054,0,0,0
12054,1055,11,11,0
12054,1056,15,15,0
12054,1057,0,0,0
12054,1058,0,0,0
12054,1059,0,0,0
12054,1060,22,0,22
12054,1061,20,0,20
12054,1062,26,12,14
12054,2000,470,159,311
12054,3101,86,12,74
12054,3102,11,11,0
12054,3103,49,0,49
12054,3151,0,0,0
12054,3153,10,10,0
12054,3154,11,11,0
12054,3155,0,0,0
12054,3157,0,0,0
12054,3158,0,0,0
12054,3159,70,39,31
12054,3241,309,187,122
12054,3251,0,0,0
12054,3252,0,0,0
12054,3254,27,17,10
12054,3255,0,0,0
12054,3256,11,11,0
12054,3257,10,10,0
12054,3351,0,0,0
12054,3352,0,0,0
12054,3353,24,12,12
12054,3354,0,0,0
12054,3355,17,17,0
12054,3356,0,0,0
12054,3357,0,0,0
12054,3358,0,0,0
12054,3359,16,0,16
12054,3360,0,0,0
12054,3361,0,0,0
12054,3401,0,0,0
12054,3402,0,0,0
12054,3403,0,0,0
12054,3404,13,0,13
12054,3405,0,0,0
12054,3451,0,0,0
12054,3452,0,0,0
12054,3453,0,0,0
12054,3454,11,0,11
12054,3455,0,0,0
12054,3456,0,0,0
12054,3457,0,0,0
12054,3458,0,0,0
12054,3459,26,16,10
12054,3460,11,11,0
12054,3461,0,0,0
12054,3462,0,0,0
12054,4011,80,39,41
12054,4012,0,0,0
12054,5111,126,42,84
12054,5112,38,19,19
12054,5113,57,15,42
12054,5114,20,10,10
12054,5116,10,10,0
12054,5117,0,0,0
12054,5119,0,0,0
12054,5120,0,0,0
12054,5122,0,0,0
12054,5124,13,13,0
12054,5154,0,0,0
12054,5158,26,0,26
12054,5162,36,19,17
12054,5166,14,0,14
12054,5170,37,26,11
12054,5314,98,28,70
12054,5315,324,143,181
12054,5316,0,0,0
12054,5334,27,17,10
12054,5358,0,0,0
12054,5362,41,20,21
12054,5366,0,0,0
12054,5370,0,0,0
12054,5374,32,10,22
12054,5378,14,14,0
12054,5382,60,25,35
12054,5512,0,0,0
12054,5513,11,11,0
12054,5515,36,14,22
12054,5554,0,0,0
12054,5558,0,0,0
12054,5562,33,19,14
12054,5566,60,47,13
12054,5570,32,32,0
12054,5711,13,13,0
12054,5754,333,310,23
12054,5758,0,0,0
12054,5762,0,0,0
12054,5766,64,54,10
12054,5770,11,0,11
12054,5774,13,13,0
12054,5911,27,15,12
12054,5913,83,52,31
12054,5914,0,0,0
12054,5915,25,15,10
12054,5916,0,0,0
12054,5954,10,10,0
12054,5958,12,12,0
12054,5962,20,20,0
12054,5966,0,0,0
12054,5970,0,0,0
12054,5974,17,17,0
12054,5978,25,25,0
12054,6411,31,11,20
12054,6412,262,66,196
12054,6413,0,0,0
12054,6414,47,15,32
12054,6431,0,0,0
12054,6432,15,15,0
12054,6433,22,10,12
12054,6434,39,0,39
12054,6435,25,14,11
12054,6436,39,0,39
12054,6437,13,13,0
12054,6438,49,20,29
12054,6439,0,0,0
12054,6440,0,0,0
12054,6531,0,0,0
12054,6532,0,0,0
12054,6533,0,0,0
12054,6534,13,13,0
12054,6535,0,0,0
12054,6611,27,17,10
12054,6631,11,11,0
12054,6632,0,0,0
12054,6633,14,14,0
12054,6634,75,75,0
12054,6635,0,0,0
12054,6636,0,0,0
12054,7111,11,0,11
12054,7131,0,0,0
12054,7132,0,0,0
12054,7133,0,0,0
12054,7134,0,0,0
12054,7135,0,0,0
12054,7137,0,0,0
12054,7138,10,10,0
12054,7140,0,0,0
12054,7141,0,0,0
12054,7143,0,0,0
12054,7211,0,0,0
12054,7231,0,0,0
12054,7232,0,0,0
12054,7233,0,0,0
12054,7235,0,0,0
12054,7311,0,0,0
12054,7312,0,0,0
12054,7313,0,0,0
12054,7314,0,0,0
12054,7315,34,0,34
12054,7316,0,0,0
12054,7317,0,0,0
12054,7318,0,0,0
12054,7319,0,0,0
12054,7320,0,0,0
12054,7331,0,0,0
12054,7332,0,0,0
12054,7333,0,0,0
12054,7334,0,0,0
12054,7335,0,0,0
12054,7336,0,0,0
12054,7337,0,0,0
12054,7338,0,0,0
12054,7339,0,0,0
12054,7340,0,0,0
12054,8111,100,27,73
12054,8115,12,0,12
12054,8116,16,0,16
12054,8117,0,0,0
12054,8118,39,19,20
12054,8119,0,0,0
12054,8121,0,0,0
12054,8125,45,31,14
12054,8126,0,0,0
12054,8127,0,0,0
12054,8128,0,0,0
12054,8135,0,0,0
12054,8136,0,0,0
12054,8211,0,0,0
12054,8212,25,14,11
12054,8215,23,10,13
12054,8216,0,0,0
12054,8221,37,18,19
12054,8222,43,13,30
12054,8225,0,0,0
12054,8226,34,13,21
12054,8231,19,19,0
12054,8235,0,0,0
12054,8236,0,0,0
12054,8237,0,0,0
12054,8311,31,13,18
12054,8315,0,0,0
12054,8316,11,0,11
12054,8317,10,0,10
12054,8325,0,0,0
12054,8326,0,0,0
12054,8327,0,0,0
12054,8335,12,12,0
12054,8336,0,0,0
12054,8337,0,0,0
12054,8415,0,0,0
12054,8416,21,11,10
12054,8417,16,16,0
12054,8421,0,0,0
12054,8425,0,0,0
12054,8426,0,0,0
12054,8435,30,0,30
12054,8436,11,0,11
12054,8437,0,0,0
12054,9161,0,0,0
12054,9162,358,123,235
12054,9163,0,0,0
12054,9171,0,0,0
12054,9172,0,0,0
12054,9173,0,0,0
12054,9174,20,20,0
12054,9175,0,0,0
12054,9176,0,0,0
12054,9177,0,0,0
12054,9178,16,0,16
12054,9179,23,23,0
12054,9180,0,0,0
12054,9181,0,0,0
12054,9182,0,0,0
12054,9183,0,0,0
12054,9184,78,12,66
12054,9185,0,0,0
12054,9186,10,0,10
12054,9187,0,0,0
12054,9188,0,0,0
12054,9189,0,0,0
12054,9190,0,0,0
12054,9261,0,0,0
12054,9262,0,0,0
12054,9263,0,0,0
12054,9271,0,0,0
12054,9272,0,0,0
12054,9273,0,0,0
12054,9274,0,0,0
12054,9275,0,0,0
12054,9276,0,0,0
12054,9277,0,0,0
12054,9278,0,0,0
12054,9279,0,0,0
12054,9361,0,0,0
12054,9362,0,0,0
12054,9363,0,0,0
12054,9371,16,16,0
12054,9372,0,0,0
12054,9373,0,0,0
12054,9374,0,0,0
12054,9375,0,0,0
12054,9376,0,0,0
12054,9377,0,0,0
12054,9461,0,0,0
12054,9462,0,0,0
12054,9463,0,0,0
12054,9464,0,0,0
12054,9471,0,0,0
12054,9472,0,0,0
12054,9473,0,0,0
12054,9474,0,0,0
12054,9475,0,0,0
12054,9476,0,0,0
12054,9477,0,0,0
12054,9478,0,0,0
12054,9479,0,0,0
12054,9561,0,0,0
12054,9562,15,0,15
12054,9563,0,0,0
12054,9564,58,15,43
12054,9565,0,0,0
12054,9571,0,0,0
12054,9572,12,0,12
12054,9573,0,0,0
12054,9574,0,0,0
12054,9575,0,0,0
12054,9576,0,0,0
12054,9577,0,0,0
12054,9661,0,0,0
12054,9662,0,0,0
12054,9663,0,0,0
12054,9671,0,0,0
12054,9672,0,0,0
12054,9673,0,0,0
12054,9674,0,0,0
12054,9675,0,0,0
12054,9676,0,0,0
12054,9677,0,0,0
12054,9678,0,0,0
12054,9679,0,0,0
12054,9761,26,26,0
12054,9762,0,0,0
12054,9763,0,0,0
12054,9764,20,20,0
12054,9771,0,0,0
12054,9772,16,16,0
12054,9773,0,0,0
12054,9774,0,0,0
12054,9775,0,0,0
12054,9776,0,0,0
12054,9777,0,0,0
12054,9778,96,96,0
12054,9779,0,0,0
12054,9780,0,0,0
12054,10041,19,19,0
12054,10042,0,0,0
12054,10043,0,0,0
12054,10044,0,0,0
12054,10045,0,0,0
12054,10046,0,0,0
12054,11000,33620,14482,19138
12054,12051,2460,1968,492
12054,12052,393,310,83
12054,12053,361,241,120
12054,12054,0,0,0
12054,12060,643,508,135
12054,12061,1257,850,407
12054,12062,160,143,17
12054,12063,3743,2615,1128
12054,12064,630,523,107
12054,12065,1204,870,334
12054,12066,159,131,28
12054,12067,562,441,121
12054,12068,552,441,111
12054,12069,21727,15159,6568
12054,12070,165,165,0
12054,12071,253,233,20
12054,12072,4932,2981,1951
12054,12073,262,239,23
12054,13003,101,75,26
12054,13004,29,18,11
12054,13071,151,104,47
12054,13072,89,70,19
12054,13073,104,78,26
12054,13074,25,25,0
12054,13075,154,121,33
12054,13076,62,50,12
12054,14511,45,27,18
12054,14521,216,17,199
12054,14522,42,32,10
12054,14523,0,0,0
12054,14524,12,12,0
12054,14612,261,128,133
12054,14625,75,40,35
12054,14626,35,35,0
12054,14627,115,76,39
12054,14628,38,21,17
12054,14713,320,162,158
12054,14729,62,45,17
12054,14730,72,49,23
12054,15001,66,35,31
12054,15002,88,44,44
12054,15003,203,87,116
12054,15081,18,18,0
12054,15082,45,33,12
12054,15083,55,40,15
12054,15084,71,71,0
12054,15085,27,27,0
12054,15086,120,103,17
12054,15087,27,27,0
12054,15088,49,30,19
12054,15089,21,21,0
12054,15090,99,84,15
12054,15091,124,95,29
12054,16051,63,34,29
12054,16052,10,0,10
12054,16053,36,17,19
12054,16054,0,0,0
12054,16055,12,12,0
12054,16056,0,0,0
12054,16061,10,10,0
12054,16062,0,0,0
12054,16063,0,0,0
12054,16064,16,16,0
12054,16065,0,0,0
12054,16066,0,0,0
12054,16067,10,10,0
12054,16068,0,0,0
12054,16069,0,0,0
12054,16070,12,12,0
12054,16071,0,0,0
12054,16072,0,0,0
12054,16073,0,0,0
12054,16074,19,19,0
12054,16075,0,0,0
12054,16076,10,10,0
12054,16077,0,0,0
12060,1001,0,0,0
12060,1002,11,0,11
12060,1003,12,0,12
12060,1004,19,0,19
12060,1051,0,0,0
12060,1053,0,0,0
12060,1054,16,0,16
12060,1055,0,0,0
12060,1056,17,0,17
12060,1057,0,0,0
12060,1058,34,0,34
12060,1059,0,0,0
12060,1060,20,0,20
12060,1061,0,0,0
12060,1062,35,0,35
12060,2000,320,45,275
12060,3101,15,0,15
12060,3102,0,0,0
12060,3103,18,0,18
12060,3151,0,0,0
12060,3153,0,0,0
12060,3154,0,0,0
12060,3155,0,0,0
12060,3157,0,0,0
12060,3158,0,0,0
12060,3159,18,0,18
12060,3241,111,22,89
12060,3251,0,0,0
12060,3252,0,0,0
12060,3254,0,0,0
12060,3255,0,0,0
12060,3256,0,0,0
12060,3257,0,0,0
12060,3351,0,0,0
12060,3352,0,0,0
12060,3353,27,0,27
12060,3354,0,0,0
12060,3355,0,0,0
12060,3356,0,0,0
12060,3357,0,0,0
12060,3358,0,0,0
12060,3359,0,0,0
12060,3360,0,0,0
12060,3361,0,0,0
12060,3401,0,0,0
12060,3402,0,0,0
12060,3403,10,0,10
12060,3404,0,0,0
12060,3405,0,0,0
12060,3451,0,0,0
12060,3452,28,0,28
12060,3453,10,0,10
12060,3454,11,0,11
12060,3455,0,0,0
12060,3456,0,0,0
12060,3457,0,0,0
12060,3458,0,0,0
12060,3459,56,0,56
12060,3460,24,0,24
12060,3461,0,0,0
12060,3462,42,0,42
12060,4011,46,15,31
12060,4012,0,0,0
12060,5111,74,0,74
12060,5112,33,12,21
12060,5113,36,0,36
12060,5114,0,0,0
12060,5116,0,0,0
12060,5117,18,0,18
12060,5119,11,11,0
12060,5120,0,0,0
12060,5122,11,0,11
12060,5124,0,0,0
12060,5154,0,0,0
12060,5158,27,0,27
12060,5162,13,0,13
12060,5166,0,0,0
12060,5170,17,0,17
12060,5314,40,0,40
12060,5315,134,26,108
12060,5316,0,0,0
12060,5334,0,0,0
12060,5358,0,0,0
12060,5362,19,0,19
12060,5366,0,0,0
12060,5370,0,0,0
12060,5374,0,0,0
12060,5378,0,0,0
12060,5382,26,0,26
12060,5512,0,0,0
12060,5513,0,0,0
12060,5515,11,0,11
12060,5554,0,0,0
12060,5558,0,0,0
12060,5562,36,22,14
12060,5566,17,0,17
12060,5570,0,0,0
12060,5711,0,0,0
12060,5754,22,0,22
12060,5758,0,0,0
12060,5762,0,0,0
12060,5766,0,0,0
12060,5770,0,0,0
12060,5774,30,0,30
12060,5911,12,0,12
12060,5913,31,11,20
12060,5914,0,0,0
12060,5915,95,0,95
12060,5916,0,0,0
12060,5954,0,0,0
12060,5958,0,0,0
12060,5962,0,0,0
12060,5966,0,0,0
12060,5970,0,0,0
12060,5974,0,0,0
12060,5978,10,0,10
12060,6411,0,0,0
12060,6412,93,0,93
12060,6413,0,0,0
12060,6414,17,0,17
12060,6431,0,0,0
12060,6432,0,0,0
12060,6433,12,0,12
12060,6434,19,0,19
12060,6435,24,0,24
12060,6436,32,0,32
12060,6437,0,0,0
12060,6438,37,0,37
12060,6439,0,0,0
12060,6440,0,0,0
12060,6531,0,0,0
12060,6532,0,0,0
12060,6533,0,0,0
12060,6534,0,0,0
12060,6535,0,0,0
12060,6611,0,0,0
12060,6631,0,0,0
12060,6632,10,0,10
12060,6633,0,0,0
12060,6634,0,0,0
12060,6635,0,0,0
12060,6636,0,0,0
12060,7111,0,0,0
12060,7131,0,0,0
12060,7132,0,0,0
12060,7133,0,0,0
12060,7134,0,0,0
12060,7135,0,0,0
12060,7137,0,0,0
12060,7138,0,0,0
12060,7140,0,0,0
12060,7141,0,0,0
12060,7143,0,0,0
12060,7211,0,0,0
12060,7231,0,0,0
12060,7232,0,0,0
12060,7233,0,0,0
12060,7235,0,0,0
12060,7311,0,0,0
12060,7312,0,0,0
12060,7313,0,0,0
12060,7314,0,0,0
12060,7315,17,0,17
12060,7316,0,0,0
12060,7317,0,0,0
12060,7318,0,0,0
12060,7319,0,0,0
12060,7320,0,0,0
12060,7331,0,0,0
12060,7332,0,0,0
12060,7333,0,0,0
12060,7334,0,0,0
12060,7335,0,0,0
12060,7336,0,0,0
12060,7337,0,0,0
12060,7338,0,0,0
12060,7339,0,0,0
12060,7340,0,0,0
12060,8111,64,0,64
12060,8115,0,0,0
12060,8116,20,0,20
12060,8117,0,0,0
12060,8118,31,0,31
12060,8119,0,0,0
12060,8121,0,0,0
12060,8125,11,0,11
12060,8126,13,0,13
12060,8127,25,25,0
12060,8128,0,0,0
12060,8135,0,0,0
12060,8136,0,0,0
12060,8211,0,0,0
12060,8212,16,0,16
12060,8215,11,0,11
12060,8216,0,0,0
12060,8221,10,0,10
12060,8222,29,0,29
12060,8225,0,0,0
12060,8226,13,0,13
12060,8231,0,0,0
12060,8235,0,0,0
12060,8236,0,0,0
12060,8237,0,0,0
12060,8311,0,0,0
12060,8315,0,0,0
12060,8316,0,0,0
12060,8317,0,0,0
12060,8325,0,0,0
12060,8326,0,0,0
12060,8327,0,0,0
12060,8335,0,0,0
12060,8336,0,0,0
12060,8337,0,0,0
12060,8415,0,0,0
12060,8416,0,0,0
12060,8417,0,0,0
12060,8421,0,0,0
12060,8425,0,0,0
12060,8426,0,0,0
12060,8435,0,0,0
12060,8436,0,0,0
12060,8437,0,0,0
12060,9161,0,0,0
12060,9162,156,10,146
12060,9163,0,0,0
12060,9171,0,0,0
12060,9172,0,0,0
12060,9173,0,0,0
12060,9174,0,0,0
12060,9175,0,0,0
12060,9176,0,0,0
12060,9177,0,0,0
12060,9178,19,0,19
12060,9179,0,0,0
12060,9180,0,0,0
12060,9181,0,0,0
12060,9182,0,0,0
12060,9183,0,0,0
12060,9184,53,0,53
12060,9185,0,0,0
12060,9186,0,0,0
12060,9187,0,0,0
12060,9188,0,0,0
12060,9189,0,0,0
12060,9190,0,0,0
12060,9261,0,0,0
12060,9262,0,0,0
12060,9263,0,0,0
12060,9271,0,0,0
12060,9272,0,0,0
12060,9273,0,0,0
12060,9274,0,0,0
12060,9275,0,0,0
12060,9276,0,0,0
12060,9277,0,0,0
12060,9278,0,0,0
12060,9279,0,0,0
12060,9361,0,0,0
12060,9362,0,0,0
12060,9363,0,0,0
12060,9371,0,0,0
12060,9372,0,0,0
12060,9373,0,0,0
12060,9374,0,0,0
12060,9375,0,0,0
12060,9376,0,0,0
12060,9377,0,0,0
12060,9461,0,0,0
12060,9462,0,0,0
12060,9463,17,0,17
12060,9464,0,0,0
12060,9471,0,0,0
12060,9472,0,0,0
12060,9473,0,0,0
12060,9474,0,0,0
12060,9475,0,0,0
12060,9476,0,0,0
12060,9477,0,0,0
12060,9478,0,0,0
12060,9479,0,0,0
12060,9561,0,0,0
12060,9562,13,0,13
12060,9563,0,0,0
12060,9564,39,0,39
12060,9565,0,0,0
12060,9571,0,0,0
12060,9572,0,0,0
12060,9573,0,0,0
12060,9574,0,0,0
12060,9575,0,0,0
12060,9576,0,0,0
12060,9577,0,0,0
12060,9661,0,0,0
12060,9662,0,0,0
12060,9663,0,0,0
12060,9671,0,0,0
12060,9672,0,0,0
12060,9673,0,0,0
12060,9674,0,0,0
12060,9675,0,0,0
12060,9676,0,0,0
12060,9677,0,0,0
12060,9678,0,0,0
12060,9679,0,0,0
12060,9761,14,0,14
12060,9762,0,0,0
12060,9763,0,0,0
12060,9764,0,0,0
12060,9771,0,0,0
12060,9772,0,0,0
12060,9773,0,0,0
12060,9774,0,0,0
12060,9775,0,0,0
12060,9776,0,0,0
12060,9777,0,0,0
12060,9778,0,0,0
12060,9779,0,0,0
12060,9780,0,0,0
12060,10041,13,0,13
12060,10042,0,0,0
12060,10043,0,0,0
12060,10044,0,0,0
12060,10045,0,0,0
12060,10046,0,0,0
12060,11000,37091,7433,29658
12060,12051,71,19,52
12060,12052,104,55,49
12060,12053,267,61,206
12060,12054,643,135,508
12060,12060,0,0,0
12060,12061,563,151,412
12060,12062,65,31,34
12060,12063,282,115,167
12060,12064,5364,3289,2075
12060,12065,3073,1353,1720
12060,12066,51,24,27
12060,12067,765,453,312
12060,12068,220,134,86
12060,12069,415,149,266
12060,12070,37,17,20
12060,12071,56,39,17
12060,12072,409,97,312
12060,12073,3222,1882,1340
12060,13003,68,27,41
12060,13004,11,0,11
12060,13071,168,77,91
12060,13072,72,51,21
12060,13073,47,17,30
12060,13074,0,0,0
12060,13075,178,99,79
12060,13076,27,11,16
12060,14511,60,39,21
12060,14521,20,10,10
12060,14522,13,0,13
12060,14523,14,0,14
12060,14524,37,16,21
12060,14612,147,49,98
12060,14625,44,23,21
12060,14626,19,19,0
12060,14627,27,0,27
12060,14628,34,16,18
12060,14713,128,31,97
12060,14729,50,23,27
12060,14730,27,13,14
12060,15001,24,0,24
12060,15002,26,0,26
12060,15003,81,30,51
12060,15081,0,0,0
12060,15082,16,0,16
12060,15083,41,22,19
12060,15084,12,12,0
12060,15085,17,0,17
12060,15086,37,14,23
12060,15087,0,0,0
12060,15088,55,25,30
12060,15089,18,18,0
12060,15090,24,11,13
12060,15091,30,13,17
12060,16051,13,0,13
12060,16052,0,0,0
12060,16053,27,0,27
12060,16054,0,0,0
12060,16055,0,0,0
12060,16056,0,0,0
12060,16061,21,21,0
12060,16062,14,14,0
12060,16063,0,0,0
12060,16064,0,0,0
12060,16065,0,0,0
12060,16066,0,0,0
12060,16067,0,0,0
12060,16068,0,0,0
12060,16069,0,0,0
12060,16070,0,0,0
12060,16071,0,0,0
12060,16072,0,0,0
12060,16073,0,0,0
12060,16074,0,0,0
12060,16075,0,0,0
12060,16076,0,0,0
12060,16077,0,0,0
12061,1001,0,0,0
12061,1002,0,0,0
12061,1003,0,0,0
12061,1004,26,0,26
12061,1051,0,0,0
12061,1053,37,37,0
12061,1054,10,0,10
12061,1055,0,0,0
12061,1056,13,0,13
12061,1057,0,0,0
12061,1058,14,0,14
12061,1059,0,0,0
12061,1060,34,24,10
12061,1061,0,0,0
12061,1062,34,22,12
12061,2000,309,74,235
12061,3101,11,0,11
12061,3102,0,0,0
12061,3103,20,0,20
12061,3151,0,0,0
12061,3153,0,0,0
12061,3154,0,0,0
12061,3155,0,0,0
12061,3157,0,0,0
12061,3158,0,0,0
12061,3159,0,0,0
12061,3241,165,73,92
12061,3251,0,0,0
12061,3252,0,0,0
12061,3254,12,12,0
12061,3255,0,0,0
12061,3256,0,0,0
12061,3257,15,0,15
12061,3351,0,0,0
12061,3352,0,0,0
12061,3353,34,0,34
12061,3354,0,0,0
12061,3355,0,0,0
12061,3356,0,0,0
12061,3357,10,0,10
12061,3358,0,0,0
12061,3359,0,0,0
12061,3360,0,0,0
12061,3361,13,0,13
12061,3401,0,0,0
12061,3402,0,0,0
12061,3403,0,0,0
12061,3404,0,0,0
12061,3405,0,0,0
12061,3451,0,0,0
12061,3452,0,0,0
12061,3453,12,0,12
12061,3454,50,34,16
12061,3455,0,0,0
12061,3456,0,0,0
12061,3457,0,0,0
12061,3458,0,0,0
12061,3459,33,0,33
12061,3460,11,0,11
12061,3461,0,0,0
12061,3462,0,0,0
12061,4011,40,10,30
12061,4012,0,0,0
12061,5111,75,11,64
12061,5112,20,0,20
12061,5113,50,0,50
12061,5114,0,0,0
12061,5116,10,0,10
12061,5117,0,0,0
12061,5119,0,0,0
12061,5120,0,0,0
12061,5122,0,0,0
12061,5124,0,0,0
12061,5154,10,10,0
12061,5158,28,0,28
12061,5162,13,0,13
12061,5166,39,0,39
12061,5170,20,0,20
12061,5314,24,0,24
12061,5315,121,15,106
12061,5316,11,0,11
12061,5334,29,10,19
12061,5358,0,0,0
12061,5362,11,0,11
12061,5366,0,0,0
12061,5370,0,0,0
12061,5374,13,0,13
12061,5378,0,0,0
12061,5382,29,0,29
12061,5512,0,0,0
12061,5513,0,0,0
12061,5515,0,0,0
12061,5554,21,21,0
12061,5558,0,0,0
12061,5562,409,0,409
12061,5566,23,10,13
12061,5570,37,0,37
12061,5711,18,0,18
12061,5754,38,10,28
12061,5758,11,0,11
12061,5762,0,0,0
12061,5766,0,0,0
12061,5770,12,0,12
12061,5774,0,0,0
12061,5911,0,0,0
12061,5913,33,0,33
12061,5914,0,0,0
12061,5915,10,0,10
12061,5916,0,0,0
12061,5954,0,0,0
12061,5958,0,0,0
12061,5962,0,0,0
12061,5966,0,0,0
12061,5970,0,0,0
12061,5974,0,0,0
12061,5978,0,0,0
12061,6411,0,0,0
12061,6412,142,18,124
12061,6413,0,0,0
12061,6414,23,0,23
12061,6431,0,0,0
12061,6432,0,0,0
12061,6433,10,0,10
12061,6434,21,0,21
12061,6435,28,11,17
12061,6436,22,0,22
12061,6437,0,0,0
12061,6438,36,0,36
12061,6439,0,0,0
12061,6440,0,0,0
12061,6531,0,0,0
12061,6532,0,0,0
12061,6533,0,0,0
12061,6534,0,0,0
12061,6535,0,0,0
12061,6611,0,0,0
12061,6631,12,0,12
12061,6632,0,0,0
12061,6633,0,0,0
12061,6634,0,0,0
12061,6635,10,0,10
12061,6636,0,0,0
12061,7111,10,0,10
12061,7131,0,0,0
12061,7132,0,0,0
12061,7133,0,0,0
12061,7134,0,0,0
12061,7135,0,0,0
12061,7137,0,0,0
12061,7138,0,0,0
12061,7140,20,20,0
12061,7141,0,0,0
12061,7143,0,0,0
12061,7211,0,0,0
12061,7231,0,0,0
12061,7232,0,0,0
12061,7233,0,0,0
12061,7235,0,0,0
12061,7311,0,0,0
12061,7312,0,0,0
12061,7313,0,0,0
12061,7314,0,0,0
12061,7315,16,0,16
12061,7316,0,0,0
12061,7317,0,0,0
12061,7318,0,0,0
12061,7319,0,0,0
12061,7320,0,0,0
12061,7331,0,0,0
12061,7332,0,0,0
12061,7333,0,0,0
12061,7334,0,0,0
12061,7335,0,0,0
12061,7336,0,0,0
12061,7337,0,0,0
12061,7338,0,0,0
12061,7339,0,0,0
12061,7340,0,0,0
12061,8111,51,0,51
12061,8115,0,0,0
12061,8116,23,0,23
12061,8117,0,0,0
12061,8118,22,0,22
12061,8119,10,0,10
12061,8121,0,0,0
12061,8125,10,0,10
12061,8126,0,0,0
12061,8127,0,0,0
12061,8128,0,0,0
12061,8135,0,0,0
12061,8136,13,0,13
12061,8211,0,0,0
12061,8212,22,11,11
12061,8215,21,10,11
12061,8216,0,0,0
12061,8221,0,0,0
12061,8222,43,0,43
12061,8225,0,0,0
12061,8226,14,0,14
12061,8231,0,0,0
12061,8235,0,0,0
12061,8236,0,0,0
12061,8237,0,0,0
12061,8311,17,0,17
12061,8315,0,0,0
12061,8316,0,0,0
12061,8317,11,0,11
12061,8325,0,0,0
12061,8326,0,0,0
12061,8327,0,0,0
12061,8335,0,0,0
12061,8336,0,0,0
12061,8337,0,0,0
12061,8415,0,0,0
12061,8416,0,0,0
12061,8417,11,0,11
12061,8421,11,0,11
12061,8425,0,0,0
12061,8426,0,0,0
12061,8435,0,0,0
12061,8436,0,0,0
12061,8437,0,0,0
12061,9161,0,0,0
12061,9162,172,32,140
12061,9163,0,0,0
12061,9171,0,0,0
12061,9172,0,0,0
12061,9173,0,0,0
12061,9174,0,0,0
12061,9175,0,0,0
12061,9176,0,0,0
12061,9177,0,0,0
12061,9178,22,0,22
12061,9179,0,0,0
12061,9180,0,0,0
12061,9181,0,0,0
12061,9182,0,0,0
12061,9183,0,0,0
12061,9184,54,0,54
12061,9185,0,0,0
12061,9186,0,0,0
12061,9187,0,0,0
12061,9188,0,0,0
12061,9189,0,0,0
12061,9190,0,0,0
12061,9261,0,0,0
12061,9262,0,0,0
12061,9263,0,0,0
12061,9271,0,0,0
12061,9272,0,0,0
12061,9273,0,0,0
12061,9274,10,0,10
12061,9275,0,0,0
12061,9276,0,0,0
12061,9277,0,0,0
12061,9278,0,0,0
12061,9279,0,0,0
12061,9361,0,0,0
12061,9362,0,0,0
12061,9363,0,0,0
12061,9371,0,0,0
12061,9372,0,0,0
12061,9373,11,0,11
12061,9374,0,0,0
12061,9375,0,0,0
12061,9376,0,0,0
12061,9377,0,0,0
12061,9461,0,0,0
12061,9462,0,0,0
12061,9463,0,0,0
12061,9464,0,0,0
12061,9471,0,0,0
12061,9472,0,0,0
12061,9473,0,0,0
12061,9474,0,0,0
12061,9475,0,0,0
12061,9476,0,0,0
12061,9477,0,0,0
12061,9478,0,0,0
12061,9479,0,0,0
12061,9561,0,0,0
12061,9562,14,0,14
12061,9563,0,0,0
12061,9564,78,27,51
12061,9565,0,0,0
12061,9571,0,0,0
12061,9572,10,0,10
12061,9573,0,0,0
12061,9574,0,0,0
12061,9575,0,0,0
12061,9576,0,0,0
12061,9577,0,0,0
12061,9661,0,0,0
12061,9662,0,0,0
12061,9663,0,0,0
12061,9671,0,0,0
12061,9672,0,0,0
12061,9673,0,0,0
12061,9674,0,0,0
12061,9675,0,0,0
12061,9676,0,0,0
12061,9677,0,0,0
12061,9678,0,0,0
12061,9679,0,0,0
12061,9761,12,0,12
12061,9762,0,0,0
12061,9763,0,0,0
12061,9764,0,0,0
12061,9771,0,0,0
12061,9772,0,0,0
12061,9773,0,0,0
12061,9774,0,0,0
12061,9775,0,0,0
12061,9776,0,0,0
12061,9777,0,0,0
12061,9778,0,0,0
12061,9779,0,0,0
12061,9780,0,0,0
12061,10041,48,0,48
12061,10042,0,0,0
12061,10043,0,0,0
12061,10044,0,0,0
12061,10045,0,0,0
12061,10046,0,0,0
12061,11000,36667,14646,22021
12061,12051,147,95,52
12061,12052,1632,562,1070
12061,12053,338,147,191
12061,12054,1257,407,850
12061,12060,563,412,151
12061,12061,0,0,0
12061,12062,1058,648,410
12061,12063,338,265,73
12061,12064,1360,902,458
12061,12065,510,331,179
12061,12066,3271,1621,1650
12061,12067,3679,2298,1381
12061,12068,126,36,90
12061,12069,1326,673,653
12061,12070,32,16,16
12061,12071,1174,596,578
12061,12072,7754,3933,3821
12061,12073,85,70,15
12061,13003,66,43,23
12061,13004,13,0,13
12061,13071,97,64,33
12061,13072,79,79,0
12061,13073,188,155,33
12061,13074,34,12,22
12061,13075,74,54,20
12061,13076,39,39,0
12061,14511,54,29,25
12061,14521,13,13,0
12061,14522,40,20,20
12061,14523,10,10,0
12061,14524,26,15,11
12061,14612,325,80,245
12061,14625,122,61,61
12061,14626,67,51,16
12061,14627,100,39,61
12061,14628,34,20,14
12061,14713,189,68,121
12061,14729,71,40,31
12061,14730,70,33,37
12061,15001,24,10,14
12061,15002,58,24,34
12061,15003,92,63,29
12061,15081,11,11,0
12061,15082,85,11,74
12061,15083,60,44,16
12061,15084,32,15,17
12061,15085,12,0,12
12061,15086,73,55,18
12061,15087,37,37,0
12061,15088,53,22,31
12061,15089,41,31,10
12061,15090,34,34,0
12061,15091,59,44,15
12061,16051,41,12,29
12061,16052,10,0,10
12061,16053,13,0,13
12061,16054,0,0,0
12061,16055,0,0,0
12061,16056,0,0,0
12061,16061,0,0,0
12061,16062,0,0,0
12061,16063,15,0,15
12061,16064,0,0,0
12061,16065,0,0,0
12061,16066,0,0,0
12061,16067,0,0,0
12061,16068,0,0,0
12061,16069,0,0,0
12061,16070,0,0,0
12061,16071,0,0,0
12061,16072,12,0,12
12061,16073,0,0,0
12061,16074,17,0,17
12061,16075,0,0,0
12061,16076,0,0,0
12061,16077,0,0,0
12062,1001,0,0,0
12062,1002,0,0,0
12062,1003,0,0,0
12062,1004,0,0,0
12062,1051,0,0,0
12062,1053,0,0,0
12062,1054,48,0,48
12062,1055,0,0,0
12062,1056,0,0,0
12062,1057,0,0,0
12062,1058,0,0,0
12062,1059,0,0,0
12062,1060,0,0,0
12062,1061,0,0,0
12062,1062,20,0,20
12062,2000,48,0,48
12062,3101,13,0,13
12062,3102,0,0,0
12062,3103,0,0,0
12062,3151,0,0,0
12062,3153,10,0,10
12062,3154,0,0,0
12062,3155,0,0,0
12062,3157,0,0,0
12062,3158,0,0,0
12062,3159,0,0,0
12062,3241,38,13,25
12062,3251,0,0,0
12062,3252,0,0,0
12062,3254,0,0,0
12062,3255,0,0,0
12062,3256,0,0,0
12062,3257,16,0,16
12062,3351,0,0,0
12062,3352,0,0,0
12062,3353,0,0,0
12062,3354,0,0,0
12062,3355,0,0,0
12062,3356,0,0,0
12062,3357,0,0,0
12062,3358,0,0,0
12062,3359,11,0,11
12062,3360,0,0,0
12062,3361,0,0,0
12062,3401,0,0,0
12062,3402,0,0,0
12062,3403,0,0,0
12062,3404,0,0,0
12062,3405,0,0,0
12062,3451,0,0,0
12062,3452,0,0,0
12062,3453,0,0,0
12062,3454,0,0,0
12062,3455,0,0,0
12062,3456,0,0,0
12062,3457,0,0,0
12062,3458,0,0,0
12062,3459,0,0,0
12062,3460,0,0,0
12062,3461,0,0,0
12062,3462,0,0,0
12062,4011,10,0,10
12062,4012,0,0,0
12062,5111,17,0,17
12062,5112,0,0,0
12062,5113,10,0,10
12062,5114,0,0,0
12062,5116,0,0,0
12062,5117,0,0,0
12062,5119,10,0,10
12062,5120,0,0,0
12062,5122,0,0,0
12062,5124,0,0,0
12062,5154,0,0,0
12062,5158,12,0,12
12062,5162,0,0,0
12062,5166,0,0,0
12062,5170,21,0,21
12062,5314,10,0,10
12062,5315,18,0,18
12062,5316,0,0,0
12062,5334,0,0,0
12062,5358,0,0,0
12062,5362,0,0,0
12062,5366,0,0,0
12062,5370,0,0,0
12062,5374,0,0,0
12062,5378,0,0,0
12062,5382,0,0,0
12062,5512,0,0,0
12062,5513,0,0,0
12062,5515,0,0,0
12062,5554,0,0,0
12062,5558,0,0,0
12062,5562,0,0,0
12062,5566,0,0,0
12062,5570,0,0,0
12062,5711,0,0,0
12062,5754,0,0,0
12062,5758,0,0,0
12062,5762,0,0,0
12062,5766,0,0,0
12062,5770,13,0,13
12062,5774,0,0,0
12062,5911,0,0,0
12062,5913,0,0,0
12062,5914,0,0,0
12062,5915,0,0,0
12062,5916,0,0,0
12062,5954,0,0,0
12062,5958,0,0,0
12062,5962,0,0,0
12062,5966,0,0,0
12062,5970,0,0,0
12062,5974,0,0,0
12062,5978,0,0,0
12062,6411,0,0,0
12062,6412,29,0,29
12062,6413,0,0,0
12062,6414,0,0,0
12062,6431,27,0,27
12062,6432,0,0,0
12062,6433,0,0,0
12062,6434,0,0,0
12062,6435,0,0,0
12062,6436,10,0,10
12062,6437,0,0,0
12062,6438,11,0,11
12062,6439,0,0,0
12062,6440,0,0,0
12062,6531,0,0,0
12062,6532,0,0,0
12062,6533,0,0,0
12062,6534,0,0,0
12062,6535,0,0,0
12062,6611,0,0,0
12062,6631,0,0,0
12062,6632,0,0,0
12062,6633,0,0,0
12062,6634,0,0,0
12062,6635,0,0,0
12062,6636,0,0,0
12062,7111,0,0,0
12062,7131,0,0,0
12062,7132,0,0,0
12062,7133,0,0,0
12062,7134,0,0,0
12062,7135,0,0,0
12062,7137,10,10,0
12062,7138,0,0,0
12062,7140,10,0,10
12062,7141,0,0,0
12062,7143,10,10,0
12062,7211,0,0,0
12062,7231,0,0,0
12062,7232,0,0,0
12062,7233,0,0,0
12062,7235,0,0,0
12062,7311,0,0,0
12062,7312,0,0,0
12062,7313,0,0,0
12062,7314,0,0,0
12062,7315,0,0,0
12062,7316,0,0,0
12062,7317,0,0,0
12062,7318,0,0,0
12062,7319,0,0,0
12062,7320,0,0,0
12062,7331,0,0,0
12062,7332,0,0,0
12062,7333,0,0,0
12062,7334,0,0,0
12062,7335,0,0,0
12062,7336,0,0,0
12062,7337,0,0,0
12062,7338,0,0,0
12062,7339,0,0,0
12062,7340,0,0,0
12062,8111,22,0,22
12062,8115,0,0,0
12062,8116,18,0,18
12062,8117,0,0,0
12062,8118,10,0,10
12062,8119,11,0,11
12062,8121,0,0,0
12062,8125,0,0,0
12062,8126,0,0,0
12062,8127,0,0,0
12062,8128,0,0,0
12062,8135,0,0,0
12062,8136,15,0,15
12062,8211,0,0,0
12062,8212,12,0,12
12062,8215,0,0,0
12062,8216,0,0,0
12062,8221,0,0,0
12062,8222,18,0,18
12062,8225,0,0,0
12062,8226,0,0,0
12062,8231,0,0,0
12062,8235,0,0,0
12062,8236,0,0,0
12062,8237,0,0,0
12062,8311,0,0,0
12062,8315,0,0,0
12062,8316,0,0,0
12062,8317,16,0,16
12062,8325,0,0,0
12062,8326,0,0,0
12062,8327,0,0,0
12062,8335,0,0,0
12062,8336,0,0,0
12062,8337,0,0,0
12062,8415,10,0,10
12062,8416,0,0,0
12062,8417,0,0,0
12062,8421,0,0,0
12062,8425,16,0,16
12062,8426,0,0,0
12062,8435,0,0,0
12062,8436,0,0,0
12062,8437,0,0,0
12062,9161,0,0,0
12062,9162,48,0,48
12062,9163,0,0,0
12062,9171,0,0,0
12062,9172,0,0,0
12062,9173,0,0,0
12062,9174,0,0,0
12062,9175,0,0,0
12062,9176,10,0,10
12062,9177,0,0,0
12062,9178,0,0,0
12062,9179,0,0,0
12062,9180,20,20,0
12062,9181,0,0,0
12062,9182,0,0,0
12062,9183,0,0,0
12062,9184,27,0,27
12062,9185,0,0,0
12062,9186,14,0,14
12062,9187,0,0,0
12062,9188,0,0,0
12062,9189,0,0,0
12062,9190,0,0,0
12062,9261,0,0,0
12062,9262,0,0,0
12062,9263,0,0,0
12062,9271,0,0,0
12062,9272,0,0,0
12062,9273,0,0,0
12062,9274,13,0,13
12062,9275,0,0,0
12062,9276,0,0,0
12062,9277,0,0,0
12062,9278,0,0,0
12062,9279,0,0,0
12062,9361,0,0,0
12062,9362,0,0,0
12062,9363,0,0,0
12062,9371,0,0,0
12062,9372,0,0,0
12062,9373,0,0,0
12062,9374,0,0,0
12062,9375,0,0,0
12062,9376,0,0,0
12062,9377,0,0,0
12062,9461,0,0,0
12062,9462,0,0,0
12062,9463,0,0,0
12062,9464,0,0,0
12062,9471,0,0,0
12062,9472,0,0,0
12062,9473,0,0,0
12062,9474,0,0,0
12062,9475,0,0,0
12062,9476,0,0,0
12062,9477,0,0,0
12062,9478,0,0,0
12062,9479,0,0,0
12062,9561,0,0,0
12062,9562,10,0,10
12062,9563,0,0,0
12062,9564,35,0,35
12062,9565,0,0,0
12062,9571,0,0,0
12062,9572,0,0,0
12062,9573,0,0,0
12062,9574,0,0,0
12062,9575,0,0,0
12062,9576,0,0,0
12062,9577,0,0,0
12062,9661,0,0,0
12062,9662,0,0,0
12062,9663,0,0,0
12062,9671,0,0,0
12062,9672,0,0,0
12062,9673,0,0,0
12062,9674,0,0,0
12062,9675,0,0,0
12062,9676,0,0,0
12062,9677,0,0,0
12062,9678,0,0,0
12062,9679,0,0,0
12062,9761,0,0,0
12062,9762,0,0,0
12062,9763,0,0,0
12062,9764,0,0,0
12062,9771,0,0,0
12062,9772,0,0,0
12062,9773,0,0,0
12062,9774,0,0,0
12062,9775,0,0,0
12062,9776,0,0,0
12062,9777,11,11,0
12062,9778,0,0,0
12062,9779,0,0,0
12062,9780,0,0,0
12062,10041,0,0,0
12062,10042,0,0,0
12062,10043,0,0,0
12062,10044,11,11,0
12062,10045,0,0,0
12062,10046,0,0,0
12062,11000,940,153,787
12062,12051,61,0,61
12062,12052,1074,184,890
12062,12053,49,16,33
12062,12054,160,17,143
12062,12060,65,34,31
12062,12061,1058,410,648
12062,12062,0,0,0
12062,12063,10,0,10
12062,12064,75,52,23
12062,12065,31,15,16
12062,12066,4268,1746,2522
12062,12067,115,84,31
12062,12068,0,0,0
12062,12069,146,36,110
12062,12070,0,0,0
12062,12071,442,224,218
12062,12072,1258,573,685
12062,12073,32,17,15
12062,13003,0,0,0
12062,13004,0,0,0
12062,13071,0,0,0
12062,13072,0,0,0
12062,13073,0,0,0
12062,13074,11,0,11
12062,13075,43,32,11
12062,13076,0,0,0
12062,14511,41,0,41
12062,14521,32,17,15
12062,14522,102,27,75
12062,14523,24,13,11
12062,14524,20,0,20
12062,14612,868,145,723
12062,14625,376,134,242
12062,14626,66,40,26
12062,14627,3064,807,2257
12062,14628,90,29,61
12062,14713,437,71,366
12062,14729,134,46,88
12062,14730,1237,544,693
12062,15001,10,0,10
12062,15002,70,10,60
12062,15003,72,22,50
12062,15081,49,49,0
12062,15082,39,23,16
12062,15083,30,30,0
12062,15084,94,22,72
12062,15085,16,16,0
12062,15086,0,0,0
12062,15087,0,0,0
12062,15088,68,16,52
12062,15089,18,18,0
12062,15090,46,46,0
12062,15091,836,364,472
12062,16051,21,0,21
12062,16052,10,10,0
12062,16053,29,0,29
12062,16054,0,0,0
12062,16055,0,0,0
12062,16056,0,0,0
12062,16061,11,0,11
12062,16062,0,0,0
12062,16063,14,0,14
12062,16064,0,0,0
12062,16065,0,0,0
12062,16066,0,0,0
12062,16067,0,0,0
12062,16068,0,0,0
12062,16069,0,0,0
12062,16070,0,0,0
12062,16071,0,0,0
12062,16072,23,0,23
12062,16073,0,0,0
12062,16074,0,0,0
12062,16075,0,0,0
12062,16076,0,0,0
12062,16077,0,0,0
12063,1001,0,0,0
12063,1002,0,0,0
12063,1003,10,0,10
12063,1004,17,0,17
12063,1051,0,0,0
12063,1053,16,0,16
12063,1054,13,0,13
12063,1055,0,0,0
12063,1056,25,12,13
12063,1057,0,0,0
12063,1058,17,0,17
12063,1059,0,0,0
12063,1060,34,11,23
12063,1061,0,0,0
12063,1062,19,0,19
12063,2000,239,27,212
12063,3101,31,0,31
12063,3102,0,0,0
12063,3103,53,0,53
12063,3151,13,0,13
12063,3153,10,10,0
12063,3154,0,0,0
12063,3155,0,0,0
12063,3157,0,0,0
12063,3158,0,0,0
12063,3159,18,0,18
12063,3241,126,32,94
12063,3251,13,0,13
12063,3252,0,0,0
12063,3254,16,0,16
12063,3255,0,0,0
12063,3256,0,0,0
12063,3257,0,0,0
12063,3351,0,0,0
12063,3352,0,0,0
12063,3353,19,0,19
12063,3354,0,0,0
12063,3355,16,0,16
12063,3356,0,0,0
12063,3357,0,0,0
12063,3358,12,12,0
12063,3359,0,0,0
12063,3360,0,0,0
12063,3361,0,0,0
12063,3401,0,0,0
12063,3402,0,0,0
12063,3403,0,0,0
12063,3404,0,0,0
12063,3405,0,0,0
12063,3451,0,0,0
12063,3452,0,0,0
12063,3453,17,0,17
12063,3454,14,0,14
12063,3455,0,0,0
12063,3456,0,0,0
12063,3457,0,0,0
12063,3458,13,0,13
12063,3459,0,0,0
12063,3460,0,0,0
12063,3461,0,0,0
12063,3462,0,0,0
12063,4011,31,0,31
12063,4012,0,0,0
12063,5111,77,0,77
12063,5112,29,0,29
12063,5113,32,10,22
12063,5114,0,0,0
12063,5116,0,0,0
12063,5117,0,0,0
12063,5119,0,0,0
12063,5120,0,0,0
12063,5122,0,0,0
12063,5124,0,0,0
12063,5154,0,0,0
12063,5158,23,0,23
12063,5162,30,0,30
12063,5166,14,0,14
12063,5170,27,10,17
12063,5314,33,0,33
12063,5315,84,0,84
12063,5316,0,0,0
12063,5334,0,0,0
12063,5358,0,0,0
12063,5362,0,0,0
12063,5366,0,0,0
12063,5370,10,0,10
12063,5374,12,0,12
12063,5378,0,0,0
12063,5382,32,0,32
12063,5512,0,0,0
12063,5513,0,0,0
12063,5515,0,0,0
12063,5554,12,0,12
12063,5558,0,0,0
12063,5562,0,0,0
12063,5566,31,18,13
12063,5570,0,0,0
12063,5711,12,0,12
12063,5754,87,0,87
12063,5758,0,0,0
12063,5762,0,0,0
12063,5766,10,0,10
12063,5770,15,0,15
12063,5774,0,0,0
12063,5911,0,0,0
12063,5913,18,0,18
12063,5914,0,0,0
12063,5915,0,0,0
12063,5916,0,0,0
12063,5954,0,0,0
12063,5958,0,0,0
12063,5962,0,0,0
12063,5966,0,0,0
12063,5970,0,0,0
12063,5974,0,0,0
12063,5978,0,0,0
12063,6411,0,0,0
12063,6412,122,0,122
12063,6413,0,0,0
12063,6414,22,0,22
12063,6431,0,0,0
12063,6432,14,0,14
12063,6433,0,0,0
12063,6434,21,0,21
12063,6435,12,0,12
12063,6436,25,0,25
12063,6437,0,0,0
12063,6438,30,0,30
12063,6439,0,0,0
12063,6440,0,0,0
12063,6531,0,0,0
12063,6532,10,0,10
12063,6533,0,0,0
12063,6534,0,0,0
12063,6535,0,0,0
12063,6611,14,0,14
12063,6631,10,0,10
12063,6632,0,0,0
12063,6633,0,0,0
12063,6634,0,0,0
12063,6635,0,0,0
12063,6636,0,0,0
12063,7111,0,0,0
12063,7131,0,0,0
12063,7132,0,0,0
12063,7133,0,0,0
12063,7134,0,0,0
12063,7135,0,0,0
12063,7137,0,0,0
12063,7138,0,0,0
12063,7140,0,0,0
12063,7141,0,0,0
12063,7143,0,0,0
12063,7211,0,0,0
12063,7231,0,0,0
12063,7232,0,0,0
12063,7233,0,0,0
12063,7235,0,0,0
12063,7311,0,0,0
12063,7312,0,0,0
12063,7313,0,0,0
12063,7314,0,0,0
12063,7315,0,0,0
12063,7316,0,0,0
12063,7317,0,0,0
12063,7318,0,0,0
12063,7319,0,0,0
12063,7320,0,0,0
12063,7331,0,0,0
12063,7332,0,0,0
12063,7333,0,0,0
12063,7334,0,0,0
12063,7335,0,0,0
12063,7336,0,0,0
12063,7337,0,0,0
12063,7338,0,0,0
12063,7339,0,0,0
12063,7340,0,0,0
12063,8111,36,0,36
12063,8115,0,0,0
12063,8116,18,0,18
12063,8117,0,0,0
12063,8118,15,0,15
12063,8119,0,0,0
12063,8121,0,0,0
12063,8125,0,0,0
12063,8126,0,0,0
12063,8127,0,0,0
12063,8128,0,0,0
12063,8135,0,0,0
12063,8136,0,0,0
12063,8211,0,0,0
12063,8212,29,0,29
12063,8215,12,0,12
12063,8216,0,0,0
12063,8221,0,0,0
12063,8222,22,0,22
12063,8225,0,0,0
12063,8226,16,0,16
12063,8231,10,10,0
12063,8235,0,0,0
12063,8236,22,12,10
12063,8237,0,0,0
12063,8311,0,0,0
12063,8315,0,0,0
12063,8316,0,0,0
12063,8317,0,0,0
12063,8325,0,0,0
12063,8326,0,0,0
12063,8327,0,0,0
12063,8335,0,0,0
12063,8336,0,0,0
12063,8337,0,0,0
12063,8415,10,0,10
12063,8416,0,0,0
12063,8417,0,0,0
12063,8421,0,0,0
12063,8425,0,0,0
12063,8426,0,0,0
12063,8435,0,0,0
12063,8436,0,0,0
12063,8437,0,0,0
12063,9161,0,0,0
12063,9162,155,0,155
12063,9163,0,0,0
12063,9171,0,0,0
12063,9172,0,0,0
12063,9173,0,0,0
12063,9174,0,0,0
12063,9175,0,0,0
12063,9176,0,0,0
12063,9177,0,0,0
12063,9178,21,0,21
12063,9179,0,0,0
12063,9180,0,0,0
12063,9181,0,0,0
12063,9182,0,0,0
12063,9183,0,0,0
12063,9184,45,0,45
12063,9185,0,0,0
12063,9186,0,0,0
12063,9187,0,0,0
12063,9188,0,0,0
12063,9189,14,0,14
12063,9190,0,0,0
12063,9261,0,0,0
12063,9262,0,0,0
12063,9263,0,0,0
12063,9271,0,0,0
12063,9272,0,0,0
12063,9273,0,0,0
12063,9274,0,0,0
12063,9275,0,0,0
12063,9276,0,0,0
12063,9277,0,0,0
12063,9278,0,0,0
12063,9279,0,0,0
12063,9361,0,0,0
12063,9362,0,0,0
12063,9363,0,0,0
12063,9371,0,0,0
12063,9372,0,0,0
12063,9373,0,0,0
12063,9374,0,0,0
12063,9375,0,0,0
12063,9376,0,0,0
12063,9377,0,0,0
12063,9461,0,0,0
12063,9462,0,0,0
12063,9463,0,0,0
12063,9464,0,0,0
12063,9471,0,0,0
12063,9472,0,0,0
12063,9473,0,0,0
12063,9474,0,0,0
12063,9475,0,0,0
12063,9476,0,0,0
12063,9477,0,0,0
12063,9478,0,0,0
12063,9479,0,0,0
12063,9561,0,0,0
12063,9562,16,0,16
12063,9563,0,0,0
12063,9564,47,13,34
12063,9565,0,0,0
12063,9571,0,0,0
12063,9572,23,0,23
12063,9573,0,0,0
12063,9574,0,0,0
12063,9575,0,0,0
12063,9576,0,0,0
12063,9577,0,0,0
12063,9661,0,0,0
12063,9662,0,0,0
12063,9663,0,0,0
12063,9671,0,0,0
12063,9672,0,0,0
12063,9673,0,0,0
12063,9674,0,0,0
12063,9675,0,0,0
12063,9676,0,0,0
12063,9677,0,0,0
12063,9678,0,0,0
12063,9679,0,0,0
12063,9761,0,0,0
12063,9762,0,0,0
12063,9763,0,0,0
12063,9764,0,0,0
12063,9771,0,0,0
12063,9772,0,0,0
12063,9773,0,0,0
12063,9774,0,0,0
12063,9775,0,0,0
12063,9776,0,0,0
12063,9777,0,0,0
12063,9778,0,0,0
12063,9779,0,0,0
12063,9780,0,0,0
12063,10041,28,0,28
12063,10042,0,0,0
12063,10043,0,0,0
12063,10044,0,0,0
12063,10045,0,0,0
12063,10046,0,0,0
12063,11000,27756,5513,22243
12063,12051,3367,989,2378
12063,12052,45,11,34
12063,12053,54,24,30
12063,12054,3743,1128,2615
12063,12060,282,167,115
12063,12061,338,73,265
12063,12062,10,10,0
12063,12063,0,0,0
12063,12064,247,123,124
12063,12065,3047,1521,1526
12063,12066,43,14,29
12063,12067,160,67,93
12063,12068,1591,1026,565
12063,12069,2322,1193,1129
12063,12070,179,102,77
12063,12071,22,11,11
12063,12072,485,140,345
12063,12073,50,36,14
12063,13003,42,16,26
12063,13004,17,0,17
12063,13071,95,47,48
12063,13072,32,17,15
12063,13073,34,21,13
12063,13074,20,0,20
12063,13075,33,22,11
12063,13076,31,14,17
12063,14511,35,14,21
12063,14521,17,0,17
12063,14522,37,26,11
12063,14523,23,0,23
12063,14524,29,16,13
12063,14612,78,20,58
12063,14625,47,17,30
12063,14626,11,0,11
12063,14627,13,0,13
12063,14628,0,0,0
12063,14713,154,35,119
12063,14729,0,0,0
12063,14730,18,0,18
12063,15001,11,0,11
12063,15002,48,10,38
12063,15003,150,34,116
12063,15081,43,21,22
12063,15082,30,18,12
12063,15083,53,16,37
12063,15084,30,0,30
12063,15085,44,27,17
12063,15086,406,274,132
12063,15087,0,0,0
12063,15088,68,0,68
12063,15089,23,13,10
12063,15090,914,580,334
12063,15091,35,22,13
12063,16051,31,12,19
12063,16052,0,0,0
12063,16053,0,0,0
12063,16054,76,76,0
12063,16055,0,0,0
12063,16056,0,0,0
12063,16061,0,0,0
12063,16062,16,16,0
12063,16063,0,0,0
12063,16064,0,0,0
12063,16065,0,0,0
12063,16066,14,14,0
12063,16067,0,0,0
12063,16068,0,0,0
12063,16069,0,0,0
12063,16070,0,0,0
12063,16071,0,0,0
12063,16072,0,0,0
12063,16073,0,0,0
12063,16074,0,0,0
12063,16075,0,0,0
12063,16076,0,0,0
12063,16077,0,0,0
12064,1001,0,0,0
12064,1002,11,0,11
12064,1003,0,0,0
12064,1004,50,10,40
12064,1051,0,0,0
12064,1053,13,0,13
12064,1054,23,0,23
12064,1055,0,0,0
12064,1056,18,0,18
12064,1057,0,0,0
12064,1058,32,0,32
12064,1059,13,0,13
12064,1060,10,0,10
12064,1061,0,0,0
12064,1062,25,0,25
12064,2000,272,36,236
12064,3101,34,0,34
12064,3102,0,0,0
12064,3103,23,0,23
12064,3151,0,0,0
12064,3153,0,0,0
12064,3154,0,0,0
12064,3155,0,0,0
12064,3157,0,0,0
12064,3158,0,0,0
12064,3159,21,21,0
12064,3241,118,26,92
12064,3251,0,0,0
12064,3252,0,0,0
12064,3254,0,0,0
12064,3255,0,0,0
12064,3256,0,0,0
12064,3257,0,0,0
12064,3351,12,0,12
12064,3352,0,0,0
12064,3353,24,0,24
12064,3354,0,0,0
12064,3355,0,0,0
12064,3356,0,0,0
12064,3357,14,0,14
12064,3358,0,0,0
12064,3359,0,0,0
12064,3360,11,0,11
12064,3361,0,0,0
12064,3401,0,0,0
12064,3402,0,0,0
12064,3403,12,0,12
12064,3404,0,0,0
12064,3405,0,0,0
12064,3451,0,0,0
12064,3452,0,0,0
12064,3453,16,0,16
12064,3454,12,0,12
12064,3455,0,0,0
12064,3456,29,29,0
12064,3457,0,0,0
12064,3458,13,0,13
12064,3459,15,0,15
12064,3460,0,0,0
12064,3461,0,0,0
12064,3462,0,0,0
12064,4011,39,11,28
12064,4012,0,0,0
12064,5111,76,17,59
12064,5112,23,10,13
12064,5113,30,0,30
12064,5114,10,0,10
12064,5116,0,0,0
12064,5117,0,0,0
12064,5119,0,0,0
12064,5120,0,0,0
12064,5122,0,0,0
12064,5124,0,0,0
12064,5154,0,0,0
12064,5158,35,0,35
12064,5162,14,0,14
12064,5166,13,0,13
12064,5170,11,11,0
12064,5314,34,0,34
12064,5315,123,32,91
12064,5316,0,0,0
12064,5334,14,0,14
12064,5358,0,0,0
12064,5362,24,0,24
12064,5366,0,0,0
12064,5370,0,0,0
12064,5374,19,0,19
12064,5378,0,0,0
12064,5382,32,0,32
12064,5512,0,0,0
12064,5513,0,0,0
12064,5515,0,0,0
12064,5554,17,0,17
12064,5558,0,0,0
12064,5562,12,0,12
12064,5566,12,0,12
12064,5570,0,0,0
12064,5711,11,0,11
12064,5754,25,0,25
12064,5758,0,0,0
12064,5762,0,0,0
12064,5766,0,0,0
12064,5770,0,0,0
12064,5774,0,0,0
12064,5911,10,0,10
12064,5913,31,0,31
12064,5914,0,0,0
12064,5915,27,0,27
12064,5916,0,0,0
12064,5954,0,0,0
12064,5958,0,0,0
12064,5962,0,0,0
12064,5966,0,0,0
12064,5970,0,0,0
12064,5974,11,0,11
12064,5978,11,0,11
12064,6411,24,12,12
12064,6412,104,0,104
12064,6413,0,0,0
12064,6414,20,0,20
12064,6431,0,0,0
12064,6432,0,0,0
12064,6433,12,0,12
12064,6434,24,0,24
12064,6435,17,0,17
12064,6436,21,0,21
12064,6437,0,0,0
12064,6438,21,0,21
12064,6439,0,0,0
12064,6440,0,0,0
12064,6531,0,0,0
12064,6532,0,0,0
12064,6533,0,0,0
12064,6534,0,0,0
12064,6535,0,0,0
12064,6611,0,0,0
12064,6631,11,0,11
12064,6632,10,0,10
12064,6633,0,0,0
12064,6634,0,0,0
12064,6635,0,0,0
12064,6636,0,0,0
12064,7111,0,0,0
12064,7131,0,0,0
12064,7132,0,0,0
12064,7133,16,0,16
12064,7134,0,0,0
12064,7135,0,0,0
12064,7137,0,0,0
12064,7138,0,0,0
12064,7140,11,0,11
12064,7141,0,0,0
12064,7143,0,0,0
12064,7211,0,0,0
12064,7231,0,0,0
12064,7232,0,0,0
12064,7233,0,0,0
12064,7235,0,0,0
12064,7311,0,0,0
12064,7312,0,0,0
12064,7313,0,0,0
12064,7314,0,0,0
12064,7315,14,0,14
12064,7316,0,0,0
12064,7317,0,0,0
12064,7318,0,0,0
12064,7319,0,0,0
12064,7320,0,0,0
12064,7331,0,0,0
12064,7332,0,0,0
12064,7333,0,0,0
12064,7334,0,0,0
12064,7335,0,0,0
12064,7336,0,0,0
12064,7337,0,0,0
12064,7338,0,0,0
12064,7339,0,0,0
12064,7340,0,0,0
12064,8111,36,0,36
12064,8115,17,0,17
12064,8116,14,0,14
12064,8117,0,0,0
12064,8118,22,0,22
12064,8119,13,0,13
12064,8121,0,0,0
12064,8125,0,0,0
12064,8126,18,0,18
12064,8127,0,0,0
12064,8128,0,0,0
12064,8135,0,0,0
12064,8136,0,0,0
12064,8211,0,0,0
12064,8212,11,0,11
12064,8215,0,0,0
12064,8216,0,0,0
12064,8221,0,0,0
12064,8222,30,0,30
12064,8225,0,0,0
12064,8226,12,0,12
12064,8231,0,0,0
12064,8235,0,0,0
12064,8236,0,0,0
12064,8237,0,0,0
12064,8311,13,0,13
12064,8315,0,0,0
12064,8316,0,0,0
12064,8317,0,0,0
12064,8325,0,0,0
12064,8326,0,0,0
12064,8327,0,0,0
12064,8335,0,0,0
12064,8336,0,0,0
12064,8337,0,0,0
12064,8415,0,0,0
12064,8416,0,0,0
12064,8417,0,0,0
12064,8421,11,11,0
12064,8425,15,15,0
12064,8426,0,0,0
12064,8435,0,0,0
12064,8436,0,0,0
12064,8437,0,0,0
12064,9161,15,0,15
12064,9162,106,0,106
12064,9163,0,0,0
12064,9171,0,0,0
12064,9172,0,0,0
12064,9173,0,0,0
12064,9174,0,0,0
12064,9175,0,0,0
12064,9176,0,0,0
12064,9177,0,0,0
12064,9178,15,0,15
12064,9179,0,0,0
12064,9180,0,0,0
12064,9181,0,0,0
12064,9182,0,0,0
12064,9183,0,0,0
12064,9184,45,0,45
12064,9185,0,0,0
12064,9186,0,0,0
12064,9187,0,0,0
12064,9188,14,0,14
12064,9189,0,0,0
12064,9190,0,0,0
12064,9261,0,0,0
12064,9262,0,0,0
12064,9263,0,0,0
12064,9271,0,0,0
12064,9272,0,0,0
12064,9273,0,0,0
12064,9274,0,0,0
12064,9275,0,0,0
12064,9276,0,0,0
12064,9277,0,0,0
12064,9278,0,0,0
12064,9279,0,0,0
12064,9361,0,0,0
12064,9362,0,0,0
12064,9363,0,0,0
12064,9371,0,0,0
12064,9372,0,0,0
12064,9373,0,0,0
12064,9374,0,0,0
12064,9375,0,0,0
12064,9376,0,0,0
12064,9377,0,0,0
12064,9461,0,0,0
12064,9462,0,0,0
12064,9463,0,0,0
12064,9464,0,0,0
12064,9471,0,0,0
12064,9472,0,0,0
12064,9473,0,0,0
12064,9474,0,0,0
12064,9475,0,0,0
12064,9476,0,0,0
12064,9477,0,0,0
12064,9478,0,0,0
12064,9479,0,0,0
12064,9561,0,0,0
12064,9562,15,0,15
12064,9563,0,0,0
12064,9564,29,0,29
12064,9565,0,0,0
12064,9571,0,0,0
12064,9572,0,0,0
12064,9573,0,0,0
12064,9574,0,0,0
12064,9575,0,0,0
12064,9576,0,0,0
12064,9577,0,0,0
12064,9661,0,0,0
12064,9662,0,0,0
12064,9663,0,0,0
12064,9671,0,0,0
12064,9672,0,0,0
12064,9673,0,0,0
12064,9674,0,0,0
12064,9675,0,0,0
12064,9676,0,0,0
12064,9677,0,0,0
12064,9678,0,0,0
12064,9679,0,0,0
12064,9761,0,0,0
12064,9762,0,0,0
12064,9763,0,0,0
12064,9764,0,0,0
12064,9771,0,0,0
12064,9772,0,0,0
12064,9773,0,0,0
12064,9774,0,0,0
12064,9775,0,0,0
12064,9776,0,0,0
12064,9777,0,0,0
12064,9778,0,0,0
12064,9779,0,0,0
12064,9780,0,0,0
12064,10041,0,0,0
12064,10042,0,0,0
12064,10043,0,0,0
12064,10044,0,0,0
12064,10045,0,0,0
12064,10046,0,0,0
12064,11000,36035,8745,27290
12064,12051,121,51,70
12064,12052,166,51,115
12064,12053,3759,585,3174
12064,12054,630,107,523
12064,12060,5364,2075,3289
12064,12061,1360,458,902
12064,12062,75,23,52
12064,12063,247,124,123
12064,12064,0,0,0
12064,12065,764,350,414
12064,12066,135,90,45
12064,12067,6494,2934,3560
12064,12068,208,126,82
12064,12069,465,182,283
12064,12070,61,44,17
12064,12071,74,34,40
12064,12072,794,267,527
12064,12073,614,207,407
12064,13003,58,29,29
12064,13004,19,0,19
12064,13071,129,69,60
12064,13072,39,22,17
12064,13073,106,69,37
12064,13074,0,0,0
12064,13075,109,62,47
12064,13076,94,84,10
12064,14511,32,10,22
12064,14521,12,12,0
12064,14522,47,21,26
12064,14523,19,0,19
12064,14524,26,0,26
12064,14612,126,38,88
12064,14625,62,23,39
12064,14626,20,10,10
12064,14627,46,21,25
12064,14628,15,0,15
12064,14713,205,41,164
12064,14729,38,18,20
12064,14730,26,0,26
12064,15001,28,12,16
12064,15002,43,17,26
12064,15003,98,65,33
12064,15081,0,0,0
12064,15082,65,22,43
12064,15083,74,57,17
12064,15084,31,17,14
12064,15085,39,16,23
12064,15086,135,120,15
12064,15087,0,0,0
12064,15088,54,25,29
12064,15089,32,20,12
12064,15090,77,77,0
12064,15091,50,25,25
12064,16051,19,0,19
12064,16052,0,0,0
12064,16053,13,0,13
12064,16054,0,0,0
12064,16055,0,0,0
12064,16056,0,0,0
12064,16061,0,0,0
12064,16062,0,0,0
12064,16063,0,0,0
12064,16064,0,0,0
12064,16065,0,0,0
12064,16066,0,0,0
12064,16067,0,0,0
12064,16068,0,0,0
12064,16069,0,0,0
12064,16070,15,0,15
12064,16071,0,0,0
12064,16072,0,0,0
12064,16073,0,0,0
12064,16074,0,0,0
12064,16075,0,0,0
12064,16076,0,0,0
12064,16077,0,0,0
12065,1001,0,0,0
12065,1002,19,0,19
12065,1003,18,0,18
12065,1004,39,0,39
12065,1051,0,0,0
12065,1053,10,0,10
12065,1054,0,0,0
12065,1055,11,11,0
12065,1056,32,0,32
12065,1057,0,0,0
12065,1058,38,0,38
12065,1059,0,0,0
12065,1060,27,0,27
12065,1061,0,0,0
12065,1062,18,0,18
12065,2000,326,57,269
12065,3101,21,0,21
12065,3102,35,35,0
12065,3103,20,0,20
12065,3151,0,0,0
12065,3153,0,0,0
12065,3154,0,0,0
12065,3155,0,0,0
12065,3157,17,17,0
12065,3158,0,0,0
12065,3159,10,0,10
12065,3241,116,15,101
12065,3251,0,0,0
12065,3252,0,0,0
12065,3254,0,0,0
12065,3255,0,0,0
12065,3256,0,0,0
12065,3257,0,0,0
12065,3351,15,0,15
12065,3352,0,0,0
12065,3353,26,0,26
12065,3354,0,0,0
12065,3355,0,0,0
12065,3356,0,0,0
12065,3357,0,0,0
12065,3358,15,0,15
12065,3359,19,19,0
12065,3360,10,0,10
12065,3361,11,0,11
12065,3401,0,0,0
12065,3402,0,0,0
12065,3403,0,0,0
12065,3404,13,0,13
12065,3405,0,0,0
12065,3451,0,0,0
12065,3452,0,0,0
12065,3453,16,0,16
12065,3454,20,0,20
12065,3455,0,0,0
12065,3456,0,0,0
12065,3457,0,0,0
12065,3458,0,0,0
12065,3459,0,0,0
12065,3460,0,0,0
12065,3461,12,0,12
12065,3462,0,0,0
12065,4011,41,11,30
12065,4012,0,0,0
12065,5111,66,0,66
12065,5112,23,0,23
12065,5113,45,0,45
12065,5114,10,0,10
12065,5116,0,0,0
12065,5117,0,0,0
12065,5119,0,0,0
12065,5120,0,0,0
12065,5122,0,0,0
12065,5124,17,0,17
12065,5154,0,0,0
12065,5158,26,0,26
12065,5162,13,0,13
12065,5166,0,0,0
12065,5170,17,0,17
12065,5314,48,0,48
12065,5315,107,14,93
12065,5316,13,0,13
12065,5334,26,16,10
12065,5358,0,0,0
12065,5362,10,0,10
12065,5366,0,0,0
12065,5370,0,0,0
12065,5374,26,0,26
12065,5378,0,0,0
12065,5382,28,0,28
12065,5512,0,0,0
12065,5513,0,0,0
12065,5515,10,0,10
12065,5554,0,0,0
12065,5558,0,0,0
12065,5562,11,0,11
12065,5566,14,0,14
12065,5570,0,0,0
12065,5711,0,0,0
12065,5754,25,0,25
12065,5758,0,0,0
12065,5762,0,0,0
12065,5766,14,0,14
12065,5770,18,0,18
12065,5774,0,0,0
12065,5911,12,0,12
12065,5913,29,0,29
12065,5914,0,0,0
12065,5915,42,0,42
12065,5916,0,0,0
12065,5954,0,0,0
12065,5958,0,0,0
12065,5962,0,0,0
12065,5966,0,0,0
12065,5970,0,0,0
12065,5974,0,0,0
12065,5978,14,0,14
12065,6411,0,0,0
12065,6412,183,10,173
12065,6413,0,0,0
12065,6414,28,0,28
12065,6431,12,0,12
12065,6432,0,0,0
12065,6433,15,0,15
12065,6434,37,0,37
12065,6435,33,0,33
12065,6436,26,0,26
12065,6437,0,0,0
12065,6438,34,0,34
12065,6439,0,0,0
12065,6440,11,0,11
12065,6531,0,0,0
12065,6532,0,0,0
12065,6533,0,0,0
12065,6534,0,0,0
12065,6535,0,0,0
12065,6611,0,0,0
12065,6631,0,0,0
12065,6632,0,0,0
12065,6633,17,17,0
12065,6634,0,0,0
12065,6635,0,0,0
12065,6636,0,0,0
12065,7111,0,0,0
12065,7131,0,0,0
12065,7132,0,0,0
12065,7133,0,0,0
12065,7134,0,0,0
12065,7135,0,0,0
12065,7137,0,0,0
12065,7138,0,0,0
12065,7140,0,0,0
12065,7141,0,0,0
12065,7143,0,0,0
12065,7211,0,0,0
12065,7231,0,0,0
12065,7232,0,0,0
12065,7233,0,0,0
12065,7235,0,0,0
12065,7311,0,0,0
12065,7312,0,0,0
12065,7313,0,0,0
12065,7314,0,0,0
12065,7315,12,0,12
12065,7316,0,0,0
12065,7317,0,0,0
12065,7318,0,0,0
12065,7319,0,0,0
12065,7320,0,0,0
12065,7331,0,0,0
12065,7332,0,0,0
12065,7333,0,0,0
12065,7334,0,0,0
12065,7335,0,0,0
12065,7336,0,0,0
12065,7337,0,0,0
12065,7338,0,0,0
12065,7339,0,0,0
12065,7340,0,0,0
12065,8111,61,0,61
12065,8115,11,0,11
12065,8116,28,0,28
12065,8117,14,0,14
12065,8118,15,0,15
12065,8119,0,0,0
12065,8121,0,0,0
12065,8125,17,0,17
12065,8126,13,0,13
12065,8127,0,0,0
12065,8128,12,0,12
12065,8135,0,0,0
12065,8136,0,0,0
12065,8211,0,0,0
12065,8212,30,12,18
12065,8215,12,0,12
12065,8216,0,0,0
12065,8221,12,0,12
12065,8222,26,0,26
12065,8225,62,62,0
12065,8226,17,0,17
12065,8231,0,0,0
12065,8235,0,0,0
12065,8236,0,0,0
12065,8237,0,0,0
12065,8311,0,0,0
12065,8315,0,0,0
12065,8316,0,0,0
12065,8317,14,0,14
12065,8325,0,0,0
12065,8326,0,0,0
12065,8327,0,0,0
12065,8335,0,0,0
12065,8336,0,0,0
12065,8337,0,0,0
12065,8415,0,0,0
12065,8416,0,0,0
12065,8417,0,0,0
12065,8421,10,0,10
12065,8425,0,0,0
12065,8426,0,0,0
12065,8435,0,0,0
12065,8436,0,0,0
12065,8437,0,0,0
12065,9161,0,0,0
12065,9162,230,13,217
12065,9163,0,0,0
12065,9171,0,0,0
12065,9172,0,0,0
12065,9173,0,0,0
12065,9174,0,0,0
12065,9175,0,0,0
12065,9176,0,0,0
12065,9177,0,0,0
12065,9178,28,0,28
12065,9179,10,0,10
12065,9180,0,0,0
12065,9181,0,0,0
12065,9182,0,0,0
12065,9183,0,0,0
12065,9184,57,0,57
12065,9185,0,0,0
12065,9186,0,0,0
12065,9187,12,0,12
12065,9188,10,0,10
12065,9189,0,0,0
12065,9190,0,0,0
12065,9261,0,0,0
12065,9262,0,0,0
12065,9263,0,0,0
12065,9271,0,0,0
12065,9272,0,0,0
12065,9273,0,0,0
12065,9274,0,0,0
12065,9275,0,0,0
12065,9276,0,0,0
12065,9277,0,0,0
12065,9278,0,0,0
12065,9279,0,0,0
12065,9361,0,0,0
12065,9362,0,0,0
12065,9363,0,0,0
12065,9371,0,0,0
12065,9372,0,0,0
12065,9373,14,0,14
12065,9374,0,0,0
12065,9375,0,0,0
12065,9376,0,0,0
12065,9377,0,0,0
12065,9461,0,0,0
12065,9462,0,0,0
12065,9463,0,0,0
12065,9464,0,0,0
12065,9471,0,0,0
12065,9472,0,0,0
12065,9473,0,0,0
12065,9474,0,0,0
12065,9475,0,0,0
12065,9476,0,0,0
12065,9477,0,0,0
12065,9478,0,0,0
12065,9479,0,0,0
12065,9561,0,0,0
12065,9562,16,0,16
12065,9563,0,0,0
12065,9564,39,0,39
12065,9565,0,0,0
12065,9571,0,0,0
12065,9572,0,0,0
12065,9573,0,0,0
12065,9574,14,0,14
12065,9575,0,0,0
12065,9576,0,0,0
12065,9577,0,0,0
12065,9661,0,0,0
12065,9662,0,0,0
12065,9663,0,0,0
12065,9671,0,0,0
12065,9672,0,0,0
12065,9673,0,0,0
12065,9674,0,0,0
12065,9675,0,0,0
12065,9676,0,0,0
12065,9677,0,0,0
12065,9678,25,0,25
12065,9679,0,0,0
12065,9761,0,0,0
12065,9762,0,0,0
12065,9763,0,0,0
12065,9764,0,0,0
12065,9771,0,0,0
12065,9772,0,0,0
12065,9773,0,0,0
12065,9774,0,0,0
12065,9775,0,0,0
12065,9776,0,0,0
12065,9777,0,0,0
12065,9778,0,0,0
12065,9779,0,0,0
12065,9780,0,0,0
12065,10041,0,0,0
12065,10042,0,0,0
12065,10043,0,0,0
12065,10044,0,0,0
12065,10045,10,0,10
12065,10046,0,0,0
12065,11000,44824,9822,35002
12065,12051,158,59,99
12065,12052,95,45,50
12065,12053,130,28,102
12065,12054,1204,334,870
12065,12060,3073,1720,1353
12065,12061,510,179,331
12065,12062,31,16,15
12065,12063,3047,1526,1521
12065,12064,764,414,350
12065,12065,0,0,0
12065,12066,36,20,16
12065,12067,383,235,148
12065,12068,2777,1485,1292
12065,12069,759,333,426
12065,12070,132,79,53
12065,12071,41,28,13
12065,12072,562,172,390
12065,12073,1015,587,428
12065,13003,80,38,42
12065,13004,38,12,26
12065,13071,612,248,364
12065,13072,58,40,18
12065,13073,78,43,35
12065,13074,11,11,0
12065,13075,125,80,45
12065,13076,47,31,16
12065,14511,24,0,24
12065,14521,30,0,30
12065,14522,15,0,15
12065,14523,14,14,0
12065,14524,23,0,23
12065,14612,175,32,143
12065,14625,47,16,31
12065,14626,33,33,0
12065,14627,22,11,11
12065,14628,24,12,12
12065,14713,152,37,115
12065,14729,58,35,23
12065,14730,13,0,13
12065,15001,10,0,10
12065,15002,45,14,31
12065,15003,52,20,32
12065,15081,0,0,0
12065,15082,35,20,15
12065,15083,37,21,16
12065,15084,17,17,0
12065,15085,39,11,28
12065,15086,45,28,17
12065,15087,0,0,0
12065,15088,32,16,16
12065,15089,53,12,41
12065,15090,60,30,30
12065,15091,33,22,11
12065,16051,24,10,14
12065,16052,0,0,0
12065,16053,10,0,10
12065,16054,0,0,0
12065,16055,0,0,0
12065,16056,0,0,0
12065,16061,0,0,0
12065,16062,0,0,0
12065,16063,0,0,0
12065,16064,0,0,0
12065,16065,0,0,0
12065,16066,0,0,0
12065,16067,0,0,0
12065,16068,0,0,0
12065,16069,0,0,0
12065,16070,10,0,10
12065,16071,0,0,0
12065,16072,0,0,0
12065,16073,0,0,0
12065,16074,0,0,0
12065,16075,21,21,0
12065,16076,11,11,0
12065,16077,0,0,0
12066,1001,0,0,0
12066,1002,0,0,0
12066,1003,0,0,0
12066,1004,0,0,0
12066,1051,0,0,0
12066,1053,0,0,0
12066,1054,39,0,39
12066,1055,0,0,0
12066,1056,0,0,0
12066,1057,0,0,0
12066,1058,0,0,0
12066,1059,0,0,0
12066,1060,0,0,0
12066,1061,0,0,0
12066,1062,0,0,0
12066,2000,98,24,74
12066,3101,0,0,0
12066,3102,0,0,0
12066,3103,0,0,0
12066,3151,0,0,0
12066,3153,12,0,12
12066,3154,0,0,0
12066,3155,0,0,0
12066,3157,0,0,0
12066,3158,0,0,0
12066,3159,0,0,0
12066,3241,23,0,23
12066,3251,0,0,0
12066,3252,0,0,0
12066,3254,0,0,0
12066,3255,0,0,0
12066,3256,0,0,0
12066,3257,0,0,0
12066,3351,0,0,0
12066,3352,0,0,0
12066,3353,97,0,97
12066,3354,0,0,0
12066,3355,0,0,0
12066,3356,0,0,0
12066,3357,0,0,0
12066,3358,0,0,0
12066,3359,0,0,0
12066,3360,0,0,0
12066,3361,0,0,0
12066,3401,0,0,0
12066,3402,0,0,0
12066,3403,0,0,0
12066,3404,0,0,0
12066,3405,0,0,0
12066,3451,0,0,0
12066,3452,0,0,0
12066,3453,0,0,0
12066,3454,0,0,0
12066,3455,0,0,0
12066,3456,0,0,0
12066,3457,0,0,0
12066,3458,0,0,0
12066,3459,0,0,0
12066,3460,0,0,0
12066,3461,0,0,0
12066,3462,0,0,0
12066,4011,12,0,12
12066,4012,0,0,0
12066,5111,36,0,36
12066,5112,44,10,34
12066,5113,26,0,26
12066,5114,0,0,0
12066,5116,0,0,0
12066,5117,0,0,0
12066,5119,0,0,0
12066,5120,0,0,0
12066,5122,0,0,0
12066,5124,0,0,0
12066,5154,23,23,0
12066,5158,15,0,15
12066,5162,0,0,0
12066,5166,0,0,0
12066,5170,14,0,14
12066,5314,0,0,0
12066,5315,34,0,34
12066,5316,10,0,10
12066,5334,10,0,10
12066,5358,0,0,0
12066,5362,0,0,0
12066,5366,0,0,0
12066,5370,0,0,0
12066,5374,0,0,0
12066,5378,0,0,0
12066,5382,0,0,0
12066,5512,0,0,0
12066,5513,23,23,0
12066,5515,0,0,0
12066,5554,0,0,0
12066,5558,0,0,0
12066,5562,62,26,36
12066,5566,0,0,0
12066,5570,0,0,0
12066,5711,0,0,0
12066,5754,0,0,0
12066,5758,0,0,0
12066,5762,0,0,0
12066,5766,0,0,0
12066,5770,0,0,0
12066,5774,0,0,0
12066,5911,0,0,0
12066,5913,12,0,12
12066,5914,0,0,0
12066,5915,0,0,0
12066,5916,0,0,0
12066,5954,0,0,0
12066,5958,0,0,0
12066,5962,0,0,0
12066,5966,0,0,0
12066,5970,0,0,0
12066,5974,0,0,0
12066,5978,0,0,0
12066,6411,0,0,0
12066,6412,40,0,40
12066,6413,0,0,0
12066,6414,0,0,0
12066,6431,12,0,12
12066,6432,0,0,0
12066,6433,0,0,0
12066,6434,0,0,0
12066,6435,10,0,10
12066,6436,0,0,0
12066,6437,0,0,0
12066,6438,0,0,0
12066,6439,0,0,0
12066,6440,0,0,0
12066,6531,0,0,0
12066,6532,0,0,0
12066,6533,0,0,0
12066,6534,0,0,0
12066,6535,0,0,0
12066,6611,0,0,0
12066,6631,0,0,0
12066,6632,0,0,0
12066,6633,0,0,0
12066,6634,0,0,0
12066,6635,0,0,0
12066,6636,0,0,0
12066,7111,0,0,0
12066,7131,0,0,0
12066,7132,0,0,0
12066,7133,0,0,0
12066,7134,0,0,0
12066,7135,0,0,0
12066,7137,0,0,0
12066,7138,0,0,0
12066,7140,0,0,0
12066,7141,0,0,0
12066,7143,0,0,0
12066,7211,0,0,0
12066,7231,0,0,0
12066,7232,0,0,0
12066,7233,0,0,0
12066,7235,0,0,0
12066,7311,0,0,0
12066,7312,0,0,0
12066,7313,0,0,0
12066,7314,32,0,32
12066,7315,0,0,0
12066,7316,0,0,0
12066,7317,0,0,0
12066,7318,0,0,0
12066,7319,0,0,0
12066,7320,0,0,0
12066,7331,0,0,0
12066,7332,0,0,0
12066,7333,0,0,0
12066,7334,0,0,0
12066,7335,0,0,0
12066,7336,0,0,0
12066,7337,12,0,12
12066,7338,0,0,0
12066,7339,0,0,0
12066,7340,0,0,0
12066,8111,31,0,31
12066,8115,0,0,0
12066,8116,17,0,17
12066,8117,0,0,0
12066,8118,0,0,0
12066,8119,0,0,0
12066,8121,0,0,0
12066,8125,0,0,0
12066,8126,0,0,0
12066,8127,0,0,0
12066,8128,0,0,0
12066,8135,0,0,0
12066,8136,12,0,12
12066,8211,0,0,0
12066,8212,12,0,12
12066,8215,11,0,11
12066,8216,0,0,0
12066,8221,0,0,0
12066,8222,39,10,29
12066,8225,0,0,0
12066,8226,28,28,0
12066,8231,0,0,0
12066,8235,0,0,0
12066,8236,0,0,0
12066,8237,0,0,0
12066,8311,12,12,0
12066,8315,0,0,0
12066,8316,24,24,0
12066,8317,10,0,10
12066,8325,0,0,0
12066,8326,0,0,0
12066,8327,0,0,0
12066,8335,0,0,0
12066,8336,0,0,0
12066,8337,0,0,0
12066,8415,0,0,0
12066,8416,0,0,0
12066,8417,0,0,0
12066,8421,0,0,0
12066,8425,14,0,14
12066,8426,0,0,0
12066,8435,0,0,0
12066,8436,0,0,0
12066,8437,0,0,0
12066,9161,15,0,15
12066,9162,78,14,64
12066,9163,0,0,0
12066,9171,0,0,0
12066,9172,0,0,0
12066,9173,0,0,0
12066,9174,0,0,0
12066,9175,0,0,0
12066,9176,0,0,0
12066,9177,0,0,0
12066,9178,0,0,0
12066,9179,0,0,0
12066,9180,0,0,0
12066,9181,0,0,0
12066,9182,0,0,0
12066,9183,0,0,0
12066,9184,45,0,45
12066,9185,0,0,0
12066,9186,22,0,22
12066,9187,0,0,0
12066,9188,0,0,0
12066,9189,0,0,0
12066,9190,0,0,0
12066,9261,0,0,0
12066,9262,0,0,0
12066,9263,0,0,0
12066,9271,11,0,11
12066,9272,0,0,0
12066,9273,0,0,0
12066,9274,0,0,0
12066,9275,0,0,0
12066,9276,0,0,0
12066,9277,0,0,0
12066,9278,0,0,0
12066,9279,0,0,0
12066,9361,0,0,0
12066,9362,0,0,0
12066,9363,0,0,0
12066,9371,0,0,0
12066,9372,0,0,0
12066,9373,0,0,0
12066,9374,0,0,0
12066,9375,0,0,0
12066,9376,0,0,0
12066,9377,0,0,0
12066,9461,0,0,0
12066,9462,0,0,0
12066,9463,0,0,0
12066,9464,0,0,0
12066,9471,0,0,0
12066,9472,0,0,0
12066,9473,0,0,0
12066,9474,0,0,0
12066,9475,0,0,0
12066,9476,0,0,0
12066,9477,0,0,0
12066,9478,0,0,0
12066,9479,0,0,0
12066,9561,0,0,0
12066,9562,0,0,0
12066,9563,0,0,0
12066,9564,35,0,35
12066,9565,0,0,0
12066,9571,0,0,0
12066,9572,0,0,0
12066,9573,0,0,0
12066,9574,0,0,0
12066,9575,0,0,0
12066,9576,0,0,0
12066,9577,0,0,0
12066,9661,0,0,0
12066,9662,0,0,0
12066,9663,0,0,0
12066,9671,0,0,0
12066,9672,0,0,0
12066,9673,0,0,0
12066,9674,0,0,0
12066,9675,0,0,0
12066,9676,0,0,0
12066,9677,0,0,0
12066,9678,0,0,0
12066,9679,0,0,0
12066,9761,0,0,0
12066,9762,0,0,0
12066,9763,0,0,0
12066,9764,0,0,0
12066,9771,0,0,0
12066,9772,0,0,0
12066,9773,0,0,0
12066,9774,0,0,0
12066,9775,0,0,0
12066,9776,0,0,0
12066,9777,0,0,0
12066,9778,0,0,0
12066,9779,0,0,0
12066,9780,0,0,0
12066,10041,0,0,0
12066,10042,0,0,0
12066,10043,0,0,0
12066,10044,0,0,0
12066,10045,0,0,0
12066,10046,0,0,0
12066,11000,1269,335,934
12066,12051,24,0,24
12066,12052,4732,1724,3008
12066,12053,162,15,147
12066,12054,159,28,131
12066,12060,51,27,24
12066,12061,3271,1650,1621
12066,12062,4268,2522,1746
12066,12063,43,29,14
12066,12064,135,45,90
12066,12065,36,16,20
12066,12066,0,0,0
12066,12067,194,123,71
12066,12068,13,0,13
12066,12069,116,35,81
12066,12070,0,0,0
12066,12071,3771,2160,1611
12066,12072,552,288,264
12066,12073,38,38,0
12066,13003,30,18,12
12066,13004,0,0,0
12066,13071,10,0,10
12066,13072,22,10,12
12066,13073,0,0,0
12066,13074,0,0,0
12066,13075,27,13,14
12066,13076,0,0,0
12066,14511,66,19,47
12066,14521,25,12,13
12066,14522,69,29,40
12066,14523,31,19,12
12066,14524,30,0,30
12066,14612,1922,615,1307
12066,14625,3603,2064,1539
12066,14626,530,424,106
12066,14627,1485,543,942
12066,14628,197,108,89
12066,14713,314,136,178
12066,14729,158,110,48
12066,14730,99,64,35
12066,15001,14,14,0
12066,15002,56,42,14
12066,15003,16,0,16
12066,15081,0,0,0
12066,15082,101,74,27
12066,15083,10,10,0
12066,15084,56,29,27
12066,15085,0,0,0
12066,15086,26,0,26
12066,15087,0,0,0
12066,15088,180,63,117
12066,15089,28,12,16
12066,15090,0,0,0
12066,15091,80,58,22
12066,16051,28,10,18
12066,16052,0,0,0
12066,16053,26,0,26
12066,16054,0,0,0
12066,16055,0,0,0
12066,16056,0,0,0
12066,16061,0,0,0
12066,16062,0,0,0
12066,16063,14,0,14
12066,16064,0,0,0
12066,16065,0,0,0
12066,16066,0,0,0
12066,16067,0,0,0
12066,16068,0,0,0
12066,16069,0,0,0
12066,16070,0,0,0
12066,16071,0,0,0
12066,16072,0,0,0
12066,16073,0,0,0
12066,16074,0,0,0
12066,16075,0,0,0
12066,16076,0,0,0
12066,16077,19,19,0
12067,1001,0,0,0
12067,1002,0,0,0
12067,1003,27,0,27
12067,1004,36,0,36
12067,1051,0,0,0
12067,1053,0,0,0
12067,1054,14,0,14
12067,1055,0,0,0
12067,1056,18,18,0
12067,1057,0,0,0
12067,1058,14,0,14
12067,1059,0,0,0
12067,1060,10,0,10
12067,1061,0,0,0
12067,1062,14,0,14
12067,2000,221,58,163
12067,3101,22,0,22
12067,3102,0,0,0
12067,3103,14,0,14
12067,3151,0,0,0
12067,3153,0,0,0
12067,3154,0,0,0
12067,3155,0,0,0
12067,3157,0,0,0
12067,3158,0,0,0
12067,3159,0,0,0
12067,3241,68,0,68
12067,3251,0,0,0
12067,3252,0,0,0
12067,3254,0,0,0
12067,3255,0,0,0
12067,3256,0,0,0
12067,3257,13,0,13
12067,3351,21,0,21
12067,3352,0,0,0
12067,3353,13,0,13
12067,3354,0,0,0
12067,3355,0,0,0
12067,3356,0,0,0
12067,3357,0,0,0
12067,3358,0,0,0
12067,3359,0,0,0
12067,3360,0,0,0
12067,3361,14,0,14
12067,3401,0,0,0
12067,3402,0,0,0
12067,3403,0,0,0
12067,3404,0,0,0
12067,3405,0,0,0
12067,3451,31,0,31
12067,3452,0,0,0
12067,3453,0,0,0
12067,3454,0,0,0
12067,3455,0,0,0
12067,3456,0,0,0
12067,3457,0,0,0
12067,3458,0,0,0
12067,3459,0,0,0
12067,3460,12,0,12
12067,3461,0,0,0
12067,3462,0,0,0
12067,4011,34,0,34
12067,4012,0,0,0
12067,5111,65,22,43
12067,5112,0,0,0
12067,5113,32,0,32
12067,5114,0,0,0
12067,5116,0,0,0
12067,5117,10,0,10
12067,5119,0,0,0
12067,5120,0,0,0
12067,5122,0,0,0
12067,5124,0,0,0
12067,5154,0,0,0
12067,5158,37,0,37
12067,5162,24,11,13
12067,5166,14,0,14
12067,5170,0,0,0
12067,5314,25,0,25
12067,5315,95,29,66
12067,5316,0,0,0
12067,5334,14,14,0
12067,5358,0,0,0
12067,5362,32,10,22
12067,5366,0,0,0
12067,5370,0,0,0
12067,5374,11,0,11
12067,5378,0,0,0
12067,5382,11,0,11
12067,5512,0,0,0
12067,5513,0,0,0
12067,5515,0,0,0
12067,5554,0,0,0
12067,5558,0,0,0
12067,5562,45,0,45
12067,5566,0,0,0
12067,5570,0,0,0
12067,5711,0,0,0
12067,5754,11,0,11
12067,5758,10,0,10
12067,5762,0,0,0
12067,5766,12,0,12
12067,5770,0,0,0
12067,5774,23,0,23
12067,5911,17,0,17
12067,5913,16,0,16
12067,5914,0,0,0
12067,5915,0,0,0
12067,5916,0,0,0
12067,5954,0,0,0
12067,5958,0,0,0
12067,5962,0,0,0
12067,5966,0,0,0
12067,5970,0,0,0
12067,5974,0,0,0
12067,5978,0,0,0
12067,6411,0,0,0
12067,6412,98,12,86
12067,6413,0,0,0
12067,6414,18,0,18
12067,6431,0,0,0
12067,6432,12,0,12
12067,6433,0,0,0
12067,6434,33,0,33
12067,6435,0,0,0
12067,6436,11,0,11
12067,6437,0,0,0
12067,6438,16,0,16
12067,6439,0,0,0
12067,6440,0,0,0
12067,6531,0,0,0
12067,6532,0,0,0
12067,6533,0,0,0
12067,6534,0,0,0
12067,6535,0,0,0
12067,6611,11,11,0
12067,6631,0,0,0
12067,6632,0,0,0
12067,6633,14,14,0
12067,6634,16,16,0
12067,6635,0,0,0
12067,6636,0,0,0
12067,7111,0,0,0
12067,7131,0,0,0
12067,7132,0,0,0
12067,7133,0,0,0
12067,7134,0,0,0
12067,7135,0,0,0
12067,7137,16,16,0
12067,7138,0,0,0
12067,7140,0,0,0
12067,7141,0,0,0
12067,7143,0,0,0
12067,7211,0,0,0
12067,7231,0,0,0
12067,7232,0,0,0
12067,7233,0,0,0
12067,7235,0,0,0
12067,7311,0,0,0
12067,7312,0,0,0
12067,7313,0,0,0
12067,7314,0,0,0
12067,7315,15,0,15
12067,7316,0,0,0
12067,7317,0,0,0
12067,7318,0,0,0
12067,7319,0,0,0
12067,7320,0,0,0
12067,7331,0,0,0
12067,7332,0,0,0
12067,7333,0,0,0
12067,7334,0,0,0
12067,7335,0,0,0
12067,7336,0,0,0
12067,7337,0,0,0
12067,7338,0,0,0
12067,7339,0,0,0
12067,7340,0,0,0
12067,8111,50,10,40
12067,8115,0,0,0
12067,8116,18,0,18
12067,8117,0,0,0
12067,8118,10,0,10
12067,8119,0,0,0
12067,8121,0,0,0
12067,8125,0,0,0
12067,8126,10,0,10
12067,8127,0,0,0
12067,8128,0,0,0
12067,8135,0,0,0
12067,8136,0,0,0
12067,8211,0,0,0
12067,8212,19,0,19
12067,8215,0,0,0
12067,8216,0,0,0
12067,8221,0,0,0
12067,8222,0,0,0
12067,8225,0,0,0
12067,8226,11,0,11
12067,8231,0,0,0
12067,8235,0,0,0
12067,8236,0,0,0
12067,8237,0,0,0
12067,8311,0,0,0
12067,8315,0,0,0
12067,8316,0,0,0
12067,8317,11,0,11
12067,8325,0,0,0
12067,8326,10,0,10
12067,8327,0,0,0
12067,8335,0,0,0
12067,8336,0,0,0
12067,8337,0,0,0
12067,8415,0,0,0
12067,8416,0,0,0
12067,8417,0,0,0
12067,8421,0,0,0
12067,8425,0,0,0
12067,8426,0,0,0
12067,8435,0,0,0
12067,8436,0,0,0
12067,8437,0,0,0
12067,9161,0,0,0
12067,9162,80,0,80
12067,9163,0,0,0
12067,9171,0,0,0
12067,9172,27,0,27
12067,9173,0,0,0
12067,9174,0,0,0
12067,9175,0,0,0
12067,9176,0,0,0
12067,9177,0,0,0
12067,9178,12,0,12
12067,9179,0,0,0
12067,9180,0,0,0
12067,9181,0,0,0
12067,9182,0,0,0
12067,9183,0,0,0
12067,9184,30,0,30
12067,9185,0,0,0
12067,9186,0,0,0
12067,9187,0,0,0
12067,9188,0,0,0
12067,9189,0,0,0
12067,9190,0,0,0
12067,9261,0,0,0
12067,9262,0,0,0
12067,9263,0,0,0
12067,9271,0,0,0
12067,9272,0,0,0
12067,9273,0,0,0
12067,9274,0,0,0
12067,9275,0,0,0
12067,9276,0,0,0
12067,9277,0,0,0
12067,9278,0,0,0
12067,9279,0,0,0
12067,9361,0,0,0
12067,9362,0,0,0
12067,9363,0,0,0
12067,9371,0,0,0
12067,9372,0,0,0
12067,9373,0,0,0
12067,9374,0,0,0
12067,9375,0,0,0
12067,9376,0,0,0
12067,9377,0,0,0
12067,9461,0,0,0
12067,9462,0,0,0
12067,9463,0,0,0
12067,9464,0,0,0
12067,9471,0,0,0
12067,9472,0,0,0
12067,9473,0,0,0
12067,9474,0,0,0
12067,9475,0,0,0
12067,9476,0,0,0
12067,9477,0,0,0
12067,9478,0,0,0
12067,9479,0,0,0
12067,9561,0,0,0
12067,9562,0,0,0
12067,9563,0,0,0
12067,9564,37,0,37
12067,9565,0,0,0
12067,9571,0,0,0
12067,9572,0,0,0
12067,9573,0,0,0
12067,9574,0,0,0
12067,9575,0,0,0
12067,9576,0,0,0
12067,9577,0,0,0
12067,9661,0,0,0
12067,9662,15,0,15
12067,9663,0,0,0
12067,9671,0,0,0
12067,9672,0,0,0
12067,9673,0,0,0
12067,9674,0,0,0
12067,9675,0,0,0
12067,9676,0,0,0
12067,9677,0,0,0
12067,9678,0,0,0
12067,9679,0,0,0
12067,9761,0,0,0
12067,9762,0,0,0
12067,9763,0,0,0
12067,9764,0,0,0
12067,9771,0,0,0
12067,9772,0,0,0
12067,9773,0,0,0
12067,9774,0,0,0
12067,9775,0,0,0
12067,9776,0,0,0
12067,9777,0,0,0
12067,9778,0,0,0
12067,9779,0,0,0
12067,9780,0,0,0
12067,10041,0,0,0
12067,10042,0,0,0
12067,10043,0,0,0
12067,10044,16,0,16
12067,10045,0,0,0
12067,10046,0,0,0
12067,11000,17346,3724,13622
12067,12051,95,45,50
12067,12052,500,193,307
12067,12053,8270,2657,5613
12067,12054,562,121,441
12067,12060,765,312,453
12067,12061,3679,1381,2298
12067,12062,115,31,84
12067,12063,160,93,67
12067,12064,6494,3560,2934
12067,12065,383,148,235
12067,12066,194,71,123
12067,12067,0,0,0
12067,12068,111,57,54
12067,12069,386,131,255
12067,12070,24,14,10
12067,12071,1303,804,499
12067,12072,711,188,523
12067,12073,199,148,51
12067,13003,60,30,30
12067,13004,26,11,15
12067,13071,90,60,30
12067,13072,15,15,0
12067,13073,50,28,22
12067,13074,18,0,18
12067,13075,74,45,29
12067,13076,39,13,26
12067,14511,21,0,21
12067,14521,17,0,17
12067,14522,33,14,19
12067,14523,12,0,12
12067,14524,0,0,0
12067,14612,168,67,101
12067,14625,93,53,40
12067,14626,57,43,14
12067,14627,53,34,19
12067,14628,31,14,17
12067,14713,160,53,107
12067,14729,24,14,10
12067,14730,41,13,28
12067,15001,0,0,0
12067,15002,42,20,22
12067,15003,75,46,29
12067,15081,0,0,0
12067,15082,51,24,27
12067,15083,28,16,12
12067,15084,82,11,71
12067,15085,32,20,12
12067,15086,40,26,14
12067,15087,17,17,0
12067,15088,66,31,35
12067,15089,51,29,22
12067,15090,21,10,11
12067,15091,39,15,24
12067,16051,17,0,17
12067,16052,0,0,0
12067,16053,0,0,0
12067,16054,0,0,0
12067,16055,0,0,0
12067,16056,0,0,0
12067,16061,0,0,0
12067,16062,0,0,0
12067,16063,0,0,0
12067,16064,0,0,0
12067,16065,0,0,0
12067,16066,0,0,0
12067,16067,0,0,0
12067,16068,0,0,0
12067,16069,0,0,0
12067,16070,0,0,0
12067,16071,0,0,0
12067,16072,0,0,0
12067,16073,0,0,0
12067,16074,0,0,0
12067,16075,0,0,0
12067,16076,0,0,0
12067,16077,0,0,0
12068,1001,0,0,0
12068,1002,0,0,0
12068,1003,15,0,15
12068,1004,0,0,0
12068,1051,0,0,0
12068,1053,16,0,16
12068,1054,20,0,20
12068,1055,0,0,0
12068,1056,0,0,0
12068,1057,0,0,0
12068,1058,14,0,14
12068,1059,0,0,0
12068,1060,15,0,15
12068,1061,0,0,0
12068,1062,20,0,20
12068,2000,198,21,177
12068,3101,0,0,0
12068,3102,0,0,0
12068,3103,0,0,0
12068,3151,0,0,0
12068,3153,0,0,0
12068,3154,0,0,0
12068,3155,0,0,0
12068,3157,0,0,0
12068,3158,0,0,0
12068,3159,0,0,0
12068,3241,33,0,33
12068,3251,0,0,0
12068,3252,0,0,0
12068,3254,0,0,0
12068,3255,0,0,0
12068,3256,0,0,0
12068,3257,0,0,0
12068,3351,20,0,20
12068,3352,19,0,19
12068,3353,17,0,17
12068,3354,0,0,0
12068,3355,13,0,13
12068,3356,0,0,0
12068,3357,13,0,13
12068,3358,0,0,0
12068,3359,0,0,0
12068,3360,10,10,0
12068,3361,0,0,0
12068,3401,0,0,0
12068,3402,0,0,0
12068,3403,0,0,0
12068,3404,0,0,0
12068,3405,0,0,0
12068,3451,0,0,0
12068,3452,12,12,0
12068,3453,50,50,0
12068,3454,0,0,0
12068,3455,0,0,0
12068,3456,0,0,0
12068,3457,0,0,0
12068,3458,17,17,0
12068,3459,10,0,10
12068,3460,34,0,34
12068,3461,0,0,0
12068,3462,0,0,0
12068,4011,17,0,17
12068,4012,0,0,0
12068,5111,16,0,16
12068,5112,0,0,0
12068,5113,19,0,19
12068,5114,0,0,0
12068,5116,0,0,0
12068,5117,0,0,0
12068,5119,0,0,0
12068,5120,0,0,0
12068,5122,0,0,0
12068,5124,0,0,0
12068,5154,0,0,0
12068,5158,10,0,10
12068,5162,0,0,0
12068,5166,0,0,0
12068,5170,0,0,0
12068,5314,0,0,0
12068,5315,17,0,17
12068,5316,0,0,0
12068,5334,0,0,0
12068,5358,0,0,0
12068,5362,0,0,0
12068,5366,0,0,0
12068,5370,0,0,0
12068,5374,0,0,0
12068,5378,0,0,0
12068,5382,0,0,0
12068,5512,0,0,0
12068,5513,0,0,0
12068,5515,0,0,0
12068,5554,0,0,0
12068,5558,0,0,0
12068,5562,0,0,0
12068,5566,22,0,22
12068,5570,0,0,0
12068,5711,0,0,0
12068,5754,39,0,39
12068,5758,0,0,0
12068,5762,0,0,0
12068,5766,0,0,0
12068,5770,0,0,0
12068,5774,0,0,0
12068,5911,0,0,0
12068,5913,0,0,0
12068,5914,0,0,0
12068,5915,0,0,0
12068,5916,0,0,0
12068,5954,0,0,0
12068,5958,0,0,0
12068,5962,0,0,0
12068,5966,16,16,0
12068,5970,23,23,0
12068,5974,0,0,0
12068,5978,0,0,0
12068,6411,0,0,0
12068,6412,17,0,17
12068,6413,0,0,0
12068,6414,11,0,11
12068,6431,0,0,0
12068,6432,0,0,0
12068,6433,0,0,0
12068,6434,0,0,0
12068,6435,0,0,0
12068,6436,0,0,0
12068,6437,0,0,0
12068,6438,0,0,0
12068,6439,0,0,0
12068,6440,0,0,0
12068,6531,0,0,0
12068,6532,0,0,0
12068,6533,0,0,0
12068,6534,0,0,0
12068,6535,0,0,0
12068,6611,0,0,0
12068,6631,15,0,15
12068,6632,0,0,0
12068,6633,0,0,0
12068,6634,0,0,0
12068,6635,0,0,0
12068,6636,0,0,0
12068,7111,0,0,0
12068,7131,0,0,0
12068,7132,0,0,0
12068,7133,0,0,0
12068,7134,0,0,0
12068,7135,0,0,0
12068,7137,0,0,0
12068,7138,0,0,0
12068,7140,24,0,24
12068,7141,0,0,0
12068,7143,0,0,0
12068,7211,0,0,0
12068,7231,0,0,0
12068,7232,0,0,0
12068,7233,0,0,0
12068,7235,0,0,0
12068,7311,0,0,0
12068,7312,0,0,0
12068,7313,0,0,0
12068,7314,0,0,0
12068,7315,0,0,0
12068,7316,0,0,0
12068,7317,0,0,0
12068,7318,0,0,0
12068,7319,0,0,0
12068,7320,0,0,0
12068,7331,0,0,0
12068,7332,0,0,0
12068,7333,0,0,0
12068,7334,0,0,0
12068,7335,0,0,0
12068,7336,0,0,0
12068,7337,0,0,0
12068,7338,0,0,0
12068,7339,0,0,0
12068,7340,0,0,0
12068,8111,14,0,14
12068,8115,0,0,0
12068,8116,0,0,0
12068,8117,0,0,0
12068,8118,0,0,0
12068,8119,0,0,0
12068,8121,0,0,0
12068,8125,0,0,0
12068,8126,0,0,0
12068,8127,0,0,0
12068,8128,0,0,0
12068,8135,0,0,0
12068,8136,14,0,14
12068,8211,0,0,0
12068,8212,15,0,15
12068,8215,0,0,0
12068,8216,0,0,0
12068,8221,0,0,0
12068,8222,0,0,0
12068,8225,0,0,0
12068,8226,0,0,0
12068,8231,0,0,0
12068,8235,0,0,0
12068,8236,0,0,0
12068,8237,0,0,0
12068,8311,0,0,0
12068,8315,0,0,0
12068,8316,0,0,0
12068,8317,0,0,0
12068,8325,0,0,0
12068,8326,0,0,0
12068,8327,0,0,0
12068,8335,0,0,0
12068,8336,0,0,0
12068,8337,0,0,0
12068,8415,0,0,0
12068,8416,0,0,0
12068,8417,0,0,0
12068,8421,0,0,0
12068,8425,0,0,0
12068,8426,0,0,0
12068,8435,0,0,0
12068,8436,0,0,0
12068,8437,0,0,0
12068,9161,0,0,0
12068,9162,26,0,26
12068,9163,0,0,0
12068,9171,0,0,0
12068,9172,0,0,0
12068,9173,0,0,0
12068,9174,0,0,0
12068,9175,0,0,0
12068,9176,0,0,0
12068,9177,0,0,0
12068,9178,0,0,0
12068,9179,0,0,0
12068,9180,0,0,0
12068,9181,0,0,0
12068,9182,0,0,0
12068,9183,0,0,0
12068,9184,14,0,14
12068,9185,0,0,0
12068,9186,0,0,0
12068,9187,0,0,0
12068,9188,0,0,0
12068,9189,0,0,0
12068,9190,0,0,0
12068,9261,0,0,0
12068,9262,0,0,0
12068,9263,0,0,0
12068,9271,0,0,0
12068,9272,0,0,0
12068,9273,0,0,0
12068,9274,0,0,0
12068,9275,0,0,0
12068,9276,0,0,0
12068,9277,0,0,0
12068,9278,0,0,0
12068,9279,0,0,0
12068,9361,0,0,0
12068,9362,0,0,0
12068,9363,0,0,0
12068,9371,0,0,0
12068,9372,0,0,0
12068,9373,0,0,0
12068,9374,0,0,0
12068,9375,0,0,0
12068,9376,0,0,0
12068,9377,0,0,0
12068,9461,0,0,0
12068,9462,0,0,0
12068,9463,0,0,0
12068,9464,0,0,0
12068,9471,0,0,0
12068,9472,0,0,0
12068,9473,0,0,0
12068,9474,0,0,0
12068,9475,0,0,0
12068,9476,0,0,0
12068,9477,0,0,0
12068,9478,0,0,0
12068,9479,0,0,0
12068,9561,0,0,0
12068,9562,0,0,0
12068,9563,0,0,0
12068,9564,23,0,23
12068,9565,0,0,0
12068,9571,0,0,0
12068,9572,0,0,0
12068,9573,0,0,0
12068,9574,0,0,0
12068,9575,0,0,0
12068,9576,0,0,0
12068,9577,0,0,0
12068,9661,0,0,0
12068,9662,0,0,0
12068,9663,0,0,0
12068,9671,0,0,0
12068,9672,0,0,0
12068,9673,0,0,0
12068,9674,0,0,0
12068,9675,0,0,0
12068,9676,0,0,0
12068,9677,0,0,0
12068,9678,10,0,10
12068,9679,0,0,0
12068,9761,0,0,0
12068,9762,0,0,0
12068,9763,0,0,0
12068,9764,0,0,0
12068,9771,0,0,0
12068,9772,0,0,0
12068,9773,0,0,0
12068,9774,0,0,0
12068,9775,0,0,0
12068,9776,0,0,0
12068,9777,0,0,0
12068,9778,0,0,0
12068,9779,0,0,0
12068,9780,0,0,0
12068,10041,0,0,0
12068,10042,0,0,0
12068,10043,0,0,0
12068,10044,0,0,0
12068,10045,0,0,0
12068,10046,0,0,0
12068,11000,3472,1050,2422
12068,12051,270,101,169
12068,12052,57,45,12
12068,12053,164,21,143
12068,12054,552,111,441
12068,12060,220,86,134
12068,12061,126,90,36
12068,12062,0,0,0
12068,12063,1591,565,1026
12068,12064,208,82,126
12068,12065,2777,1292,1485
12068,12066,13,13,0
12068,12067,111,54,57
12068,12068,0,0,0
12068,12069,219,109,110
12068,12070,3501,1805,1696
12068,12071,27,27,0
12068,12072,158,24,134
12068,12073,249,176,73
12068,13003,146,85,61
12068,13004,65,13,52
12068,13071,916,526,390
12068,13072,119,83,36
12068,13073,57,28,29
12068,13074,39,11,28
12068,13075,112,62,50
12068,13076,218,109,109
12068,14511,10,0,10
12068,14521,0,0,0
12068,14522,34,12,22
12068,14523,0,0,0
12068,14524,0,0,0
12068,14612,47,20,27
12068,14625,0,0,0
12068,14626,0,0,0
12068,14627,13,13,0
12068,14628,0,0,0
12068,14713,78,22,56
12068,14729,13,13,0
12068,14730,16,0,16
12068,15001,0,0,0
12068,15002,13,0,13
12068,15003,20,0,20
12068,15081,29,13,16
12068,15082,0,0,0
12068,15083,11,0,11
12068,15084,0,0,0
12068,15085,0,0,0
12068,15086,34,17,17
12068,15087,0,0,0
12068,15088,14,0,14
12068,15089,0,0,0
12068,15090,240,115,125
12068,15091,0,0,0
12068,16051,0,0,0
12068,16052,0,0,0
12068,16053,0,0,0
12068,16054,0,0,0
12068,16055,0,0,0
12068,16056,0,0,0
12068,16061,0,0,0
12068,16062,0,0,0
12068,16063,0,0,0
12068,16064,0,0,0
12068,16065,0,0,0
12068,16066,0,0,0
12068,16067,0,0,0
12068,16068,0,0,0
12068,16069,0,0,0
12068,16070,0,0,0
12068,16071,0,0,0
12068,16072,0,0,0
12068,16073,0,0,0
12068,16074,0,0,0
12068,16075,0,0,0
12068,16076,0,0,0
12068,16077,0,0,0
12069,1001,0,0,0
12069,1002,25,10,15
12069,1003,29,11,18
12069,1004,22,0,22
12069,1051,22,11,11
12069,1053,19,0,19
12069,1054,13,0,13
12069,1055,19,19,0
12069,1056,51,18,33
12069,1057,14,14,0
12069,1058,12,0,12
12069,1059,0,0,0
12069,1060,22,11,11
12069,1061,0,0,0
12069,1062,17,0,17
12069,2000,451,91,360
12069,3101,74,19,55
12069,3102,15,15,0
12069,3103,40,0,40
12069,3151,0,0,0
12069,3153,0,0,0
12069,3154,11,11,0
12069,3155,0,0,0
12069,3157,10,10,0
12069,3158,0,0,0
12069,3159,40,15,25
12069,3241,177,62,115
12069,3251,22,12,10
12069,3252,0,0,0
12069,3254,22,22,0
12069,3255,0,0,0
12069,3256,0,0,0
12069,3257,0,0,0
12069,3351,17,0,17
12069,3352,0,0,0
12069,3353,32,10,22
12069,3354,0,0,0
12069,3355,11,11,0
12069,3356,0,0,0
12069,3357,0,0,0
12069,3358,0,0,0
12069,3359,17,0,17
12069,3360,0,0,0
12069,3361,16,0,16
12069,3401,0,0,0
12069,3402,0,0,0
12069,3403,10,0,10
12069,3404,0,0,0
12069,3405,0,0,0
12069,3451,0,0,0
12069,3452,0,0,0
12069,3453,10,0,10
12069,3454,40,10,30
12069,3455,0,0,0
12069,3456,10,0,10
12069,3457,0,0,0
12069,3458,0,0,0
12069,3459,24,0,24
12069,3460,12,0,12
12069,3461,0,0,0
12069,3462,40,0,40
12069,4011,84,32,52
12069,4012,0,0,0
12069,5111,122,22,100
12069,5112,39,17,22
12069,5113,53,10,43
12069,5114,33,23,10
12069,5116,11,0,11
12069,5117,13,0,13
12069,5119,0,0,0
12069,5120,0,0,0
12069,5122,0,0,0
12069,5124,24,13,11
12069,5154,0,0,0
12069,5158,60,16,44
12069,5162,27,13,14
12069,5166,18,18,0
12069,5170,10,10,0
12069,5314,86,12,74
12069,5315,203,65,138
12069,5316,11,0,11
12069,5334,31,13,18
12069,5358,17,17,0
12069,5362,47,35,12
12069,5366,0,0,0
12069,5370,0,0,0
12069,5374,20,0,20
12069,5378,0,0,0
12069,5382,66,10,56
12069,5512,0,0,0
12069,5513,0,0,0
12069,5515,15,0,15
12069,5554,11,0,11
12069,5558,0,0,0
12069,5562,34,15,19
12069,5566,75,13,62
12069,5570,0,0,0
12069,5711,40,14,26
12069,5754,48,18,30
12069,5758,0,0,0
12069,5762,0,0,0
12069,5766,32,18,14
12069,5770,64,12,52
12069,5774,33,17,16
12069,5911,10,10,0
12069,5913,54,21,33
12069,5914,0,0,0
12069,5915,0,0,0
12069,5916,0,0,0
12069,5954,10,0,10
12069,5958,0,0,0
12069,5962,10,0,10
12069,5966,0,0,0
12069,5970,21,10,11
12069,5974,29,13,16
12069,5978,50,31,19
12069,6411,11,0,11
12069,6412,245,33,212
12069,6413,18,18,0
12069,6414,56,10,46
12069,6431,28,16,12
12069,6432,15,0,15
12069,6433,15,0,15
12069,6434,44,0,44
12069,6435,44,30,14
12069,6436,56,14,42
12069,6437,0,0,0
12069,6438,58,22,36
12069,6439,0,0,0
12069,6440,22,11,11
12069,6531,11,11,0
12069,6532,11,0,11
12069,6533,0,0,0
12069,6534,0,0,0
12069,6535,0,0,0
12069,6611,27,14,13
12069,6631,10,0,10
12069,6632,0,0,0
12069,6633,0,0,0
12069,6634,0,0,0
12069,6635,0,0,0
12069,6636,13,0,13
12069,7111,0,0,0
12069,7131,0,0,0
12069,7132,0,0,0
12069,7133,0,0,0
12069,7134,0,0,0
12069,7135,0,0,0
12069,7137,0,0,0
12069,7138,0,0,0
12069,7140,0,0,0
12069,7141,0,0,0
12069,7143,0,0,0
12069,7211,0,0,0
12069,7231,0,0,0
12069,7232,0,0,0
12069,7233,0,0,0
12069,7235,0,0,0
12069,7311,0,0,0
12069,7312,0,0,0
12069,7313,0,0,0
12069,7314,0,0,0
12069,7315,22,0,22
12069,7316,0,0,0
12069,7317,0,0,0
12069,7318,0,0,0
12069,7319,0,0,0
12069,7320,0,0,0
12069,7331,0,0,0
12069,7332,0,0,0
12069,7333,0,0,0
12069,7334,0,0,0
12069,7335,0,0,0
12069,7336,0,0,0
12069,7337,0,0,0
12069,7338,0,0,0
12069,7339,0,0,0
12069,7340,0,0,0
12069,8111,106,19,87
12069,8115,0,0,0
12069,8116,58,14,44
12069,8117,0,0,0
12069,8118,23,0,23
12069,8119,20,0,20
12069,8121,0,0,0
12069,8125,10,0,10
12069,8126,11,0,11
12069,8127,0,0,0
12069,8128,10,0,10
12069,8135,0,0,0
12069,8136,23,0,23
12069,8211,0,0,0
12069,8212,25,0,25
12069,8215,16,0,16
12069,8216,0,0,0
12069,8221,11,0,11
12069,8222,55,18,37
12069,8225,0,0,0
12069,8226,26,0,26
12069,8231,10,0,10
12069,8235,0,0,0
12069,8236,14,0,14
12069,8237,0,0,0
12069,8311,16,0,16
12069,8315,0,0,0
12069,8316,0,0,0
12069,8317,10,0,10
12069,8325,0,0,0
12069,8326,0,0,0
12069,8327,0,0,0
12069,8335,0,0,0
12069,8336,0,0,0
12069,8337,0,0,0
12069,8415,12,0,12
12069,8416,0,0,0
12069,8417,0,0,0
12069,8421,0,0,0
12069,8425,0,0,0
12069,8426,10,0,10
12069,8435,16,0,16
12069,8436,0,0,0
12069,8437,0,0,0
12069,9161,11,0,11
12069,9162,271,47,224
12069,9163,0,0,0
12069,9171,0,0,0
12069,9172,0,0,0
12069,9173,17,17,0
12069,9174,0,0,0
12069,9175,0,0,0
12069,9176,0,0,0
12069,9177,0,0,0
12069,9178,26,0,26
12069,9179,0,0,0
12069,9180,0,0,0
12069,9181,17,0,17
12069,9182,0,0,0
12069,9183,0,0,0
12069,9184,108,11,97
12069,9185,0,0,0
12069,9186,0,0,0
12069,9187,11,11,0
12069,9188,0,0,0
12069,9189,0,0,0
12069,9190,0,0,0
12069,9261,0,0,0
12069,9262,0,0,0
12069,9263,0,0,0
12069,9271,0,0,0
12069,9272,0,0,0
12069,9273,0,0,0
12069,9274,0,0,0
12069,9275,0,0,0
12069,9276,0,0,0
12069,9277,0,0,0
12069,9278,0,0,0
12069,9279,0,0,0
12069,9361,0,0,0
12069,9362,0,0,0
12069,9363,0,0,0
12069,9371,0,0,0
12069,9372,0,0,0
12069,9373,0,0,0
12069,9374,0,0,0
12069,9375,0,0,0
12069,9376,0,0,0
12069,9377,0,0,0
12069,9461,0,0,0
12069,9462,0,0,0
12069,9463,0,0,0
12069,9464,0,0,0
12069,9471,0,0,0
12069,9472,0,0,0
12069,9473,0,0,0
12069,9474,0,0,0
12069,9475,0,0,0
12069,9476,0,0,0
12069,9477,0,0,0
12069,9478,0,0,0
12069,9479,0,0,0
12069,9561,0,0,0
12069,9562,17,0,17
12069,9563,0,0,0
12069,9564,70,19,51
12069,9565,0,0,0
12069,9571,0,0,0
12069,9572,0,0,0
12069,9573,0,0,0
12069,9574,0,0,0
12069,9575,0,0,0
12069,9576,0,0,0
12069,9577,0,0,0
12069,9661,0,0,0
12069,9662,0,0,0
12069,9663,0,0,0
12069,9671,10,0,10
12069,9672,0,0,0
12069,9673,0,0,0
12069,9674,0,0,0
12069,9675,0,0,0
12069,9676,0,0,0
12069,9677,0,0,0
12069,9678,0,0,0
12069,9679,0,0,0
12069,9761,18,0,18
12069,9762,0,0,0
12069,9763,0,0,0
12069,9764,0,0,0
12069,9771,0,0,0
12069,9772,0,0,0
12069,9773,0,0,0
12069,9774,0,0,0
12069,9775,0,0,0
12069,9776,0,0,0
12069,9777,0,0,0
12069,9778,0,0,0
12069,9779,0,0,0
12069,9780,0,0,0
12069,10041,0,0,0
12069,10042,0,0,0
12069,10043,0,0,0
12069,10044,0,0,0
12069,10045,0,0,0
12069,10046,0,0,0
12069,11000,29691,8653,21038
12069,12051,8627,2496,6131
12069,12052,177,80,97
12069,12053,157,65,92
12069,12054,21727,6568,15159
12069,12060,415,266,149
12069,12061,1326,653,673
12069,12062,146,110,36
12069,12063,2322,1129,1193
12069,12064,465,283,182
12069,12065,759,426,333
12069,12066,116,81,35
12069,12067,386,255,131
12069,12068,219,110,109
12069,12069,0,0,0
12069,12070,72,56,16
12069,12071,106,94,12
12069,12072,7165,3827,3338
12069,12073,114,84,30
12069,13003,115,88,27
12069,13004,45,27,18
12069,13071,115,54,61
12069,13072,74,58,16
12069,13073,71,48,23
12069,13074,33,21,12
12069,13075,78,61,17
12069,13076,60,43,17
12069,14511,64,40,24
12069,14521,55,18,37
12069,14522,57,22,35
12069,14523,16,16,0
12069,14524,35,23,12
12069,14612,221,77,144
12069,14625,141,70,71
12069,14626,58,47,11
12069,14627,212,140,72
12069,14628,62,35,27
12069,14713,394,138,256
12069,14729,64,36,28
12069,14730,83,53,30
12069,15001,191,64,127
12069,15002,173,75,98
12069,15003,275,83,192
12069,15081,29,11,18
12069,15082,148,68,80
12069,15083,77,35,42
12069,15084,20,20,0
12069,15085,52,31,21
12069,15086,667,340,327
12069,15087,17,17,0
12069,15088,104,52,52
12069,15089,63,33,30
12069,15090,88,31,57
12069,15091,839,528,311
12069,16051,41,17,24
12069,16052,50,12,38
12069,16053,29,16,13
12069,16054,0,0,0
12069,16055,0,0,0
12069,16056,0,0,0
12069,16061,0,0,0
12069,16062,0,0,0
12069,16063,0,0,0
12069,16064,0,0,0
12069,16065,0,0,0
12069,16066,0,0,0
12069,16067,11,11,0
12069,16068,11,11,0
12069,16069,0,0,0
12069,16070,0,0,0
12069,16071,26,13,13
12069,16072,0,0,0
12069,16073,0,0,0
12069,16074,13,13,0
12069,16075,0,0,0
12069,16076,0,0,0
12069,16077,0,0,0
12070,1001,0,0,0
12070,1002,17,0,17
12070,1003,39,0,39
12070,1004,0,0,0
12070,1051,0,0,0
12070,1053,29,0,29
12070,1054,27,0,27
12070,1055,29,17,12
12070,1056,22,0,22
12070,1057,0,0,0
12070,1058,0,0,0
12070,1059,0,0,0
12070,1060,25,0,25
12070,1061,0,0,0
12070,1062,98,0,98
12070,2000,464,33,431
12070,3101,11,0,11
12070,3102,0,0,0
12070,3103,21,0,21
12070,3151,11,0,11
12070,3153,0,0,0
12070,3154,0,0,0
12070,3155,0,0,0
12070,3157,0,0,0
12070,3158,0,0,0
12070,3159,0,0,0
12070,3241,61,14,47
12070,3251,0,0,0
12070,3252,0,0,0
12070,3254,0,0,0
12070,3255,0,0,0
12070,3256,0,0,0
12070,3257,0,0,0
12070,3351,29,0,29
12070,3352,0,0,0
12070,3353,65,0,65
12070,3354,121,20,101
12070,3355,54,10,44
12070,3356,0,0,0
12070,3357,10,0,10
12070,3358,0,0,0
12070,3359,11,0,11
12070,3360,21,0,21
12070,3361,0,0,0
12070,3401,0,0,0
12070,3402,0,0,0
12070,3403,0,0,0
12070,3404,0,0,0
12070,3405,0,0,0
12070,3451,0,0,0
12070,3452,0,0,0
12070,3453,16,0,16
12070,3454,31,0,31
12070,3455,0,0,0
12070,3456,0,0,0
12070,3457,0,0,0
12070,3458,0,0,0
12070,3459,13,0,13
12070,3460,14,0,14
12070,3461,0,0,0
12070,3462,0,0,0
12070,4011,22,0,22
12070,4012,0,0,0
12070,5111,77,0,77
12070,5112,0,0,0
12070,5113,0,0,0
12070,5114,181,0,181
12070,5116,0,0,0
12070,5117,0,0,0
12070,5119,0,0,0
12070,5120,0,0,0
12070,5122,0,0,0
12070,5124,0,0,0
12070,5154,10,0,10
12070,5158,0,0,0
12070,5162,0,0,0
12070,5166,0,0,0
12070,5170,0,0,0
12070,5314,0,0,0
12070,5315,10,0,10
12070,5316,0,0,0
12070,5334,0,0,0
12070,5358,0,0,0
12070,5362,0,0,0
12070,5366,0,0,0
12070,5370,0,0,0
12070,5374,0,0,0
12070,5378,0,0,0
12070,5382,0,0,0
12070,5512,0,0,0
12070,5513,0,0,0
12070,5515,0,0,0
12070,5554,0,0,0
12070,5558,0,0,0
12070,5562,0,0,0
12070,5566,11,0,11
12070,5570,0,0,0
12070,5711,0,0,0
12070,5754,18,0,18
12070,5758,0,0,0
12070,5762,0,0,0
12070,5766,21,0,21
12070,5770,0,0,0
12070,5774,0,0,0
12070,5911,0,0,0
12070,5913,0,0,0
12070,5914,0,0,0
12070,5915,0,0,0
12070,5916,0,0,0
12070,5954,0,0,0
12070,5958,0,0,0
12070,5962,0,0,0
12070,5966,0,0,0
12070,5970,0,0,0
12070,5974,0,0,0
12070,5978,0,0,0
12070,6411,0,0,0
12070,6412,0,0,0
12070,6413,0,0,0
12070,6414,0,0,0
12070,6431,0,0,0
12070,6432,0,0,0
12070,6433,0,0,0
12070,6434,0,0,0
12070,6435,13,0,13
12070,6436,0,0,0
12070,6437,0,0,0
12070,6438,0,0,0
12070,6439,0,0,0
12070,6440,0,0,0
12070,6531,0,0,0
12070,6532,0,0,0
12070,6533,0,0,0
12070,6534,0,0,0
12070,6535,0,0,0
12070,6611,0,0,0
12070,6631,0,0,0
12070,6632,0,0,0
12070,6633,0,0,0
12070,6634,0,0,0
12070,6635,0,0,0
12070,6636,0,0,0
12070,7111,0,0,0
12070,7131,0,0,0
12070,7132,0,0,0
12070,7133,0,0,0
12070,7134,0,0,0
12070,7135,0,0,0
12070,7137,0,0,0
12070,7138,0,0,0
12070,7140,0,0,0
12070,7141,0,0,0
12070,7143,0,0,0
12070,7211,0,0,0
12070,7231,0,0,0
12070,7232,0,0,0
12070,7233,0,0,0
12070,7235,0,0,0
12070,7311,0,0,0
12070,7312,0,0,0
12070,7313,0,0,0
12070,7314,0,0,0
12070,7315,0,0,0
12070,7316,0,0,0
12070,7317,0,0,0
12070,7318,0,0,0
12070,7319,0,0,0
12070,7320,0,0,0
12070,7331,0,0,0
12070,7332,0,0,0
12070,7333,0,0,0
12070,7334,0,0,0
12070,7335,0,0,0
12070,7336,0,0,0
12070,7337,0,0,0
12070,7338,0,0,0
12070,7339,0,0,0
12070,7340,0,0,0
12070,8111,0,0,0
12070,8115,0,0,0
12070,8116,0,0,0
12070,8117,0,0,0
12070,8118,0,0,0
12070,8119,0,0,0
12070,8121,0,0,0
12070,8125,0,0,0
12070,8126,0,0,0
12070,8127,0,0,0
12070,8128,0,0,0
12070,8135,0,0,0
12070,8136,0,0,0
12070,8211,0,0,0
12070,8212,0,0,0
12070,8215,0,0,0
12070,8216,0,0,0
12070,8221,0,0,0
12070,8222,0,0,0
12070,8225,0,0,0
12070,8226,0,0,0
12070,8231,0,0,0
12070,8235,0,0,0
12070,8236,0,0,0
12070,8237,0,0,0
12070,8311,0,0,0
12070,8315,0,0,0
12070,8316,0,0,0
12070,8317,0,0,0
12070,8325,0,0,0
12070,8326,0,0,0
12070,8327,0,0,0
12070,8335,0,0,0
12070,8336,0,0,0
12070,8337,0,0,0
12070,8415,0,0,0
12070,8416,0,0,0
12070,8417,0,0,0
12070,8421,0,0,0
12070,8425,0,0,0
12070,8426,0,0,0
12070,8435,0,0,0
12070,8436,0,0,0
12070,8437,0,0,0
12070,9161,0,0,0
12070,9162,18,0,18
12070,9163,0,0,0
12070,9171,0,0,0
12070,9172,0,0,0
12070,9173,0,0,0
12070,9174,0,0,0
12070,9175,0,0,0
12070,9176,0,0,0
12070,9177,0,0,0
12070,9178,0,0,0
12070,9179,0,0,0
12070,9180,0,0,0
12070,9181,0,0,0
12070,9182,0,0,0
12070,9183,0,0,0
12070,9184,0,0,0
12070,9185,0,0,0
12070,9186,0,0,0
12070,9187,0,0,0
12070,9188,0,0,0
12070,9189,0,0,0
12070,9190,0,0,0
12070,9261,0,0,0
12070,9262,0,0,0
12070,9263,0,0,0
12070,9271,0,0,0
12070,9272,0,0,0
12070,9273,0,0,0
12070,9274,0,0,0
12070,9275,0,0,0
12070,9276,0,0,0
12070,9277,0,0,0
12070,9278,0,0,0
12070,9279,0,0,0
12070,9361,0,0,0
12070,9362,0,0,0
12070,9363,0,0,0
12070,9371,0,0,0
12070,9372,0,0,0
12070,9373,0,0,0
12070,9374,0,0,0
12070,9375,0,0,0
12070,9376,0,0,0
12070,9377,0,0,0
12070,9461,0,0,0
12070,9462,0,0,0
12070,9463,0,0,0
12070,9464,0,0,0
12070,9471,0,0,0
12070,9472,0,0,0
12070,9473,0,0,0
12070,9474,0,0,0
12070,9475,0,0,0
12070,9476,0,0,0
12070,9477,0,0,0
12070,9478,0,0,0
12070,9479,0,0,0
12070,9561,0,0,0
12070,9562,0,0,0
12070,9563,0,0,0
12070,9564,0,0,0
12070,9565,0,0,0
12070,9571,0,0,0
12070,9572,0,0,0
12070,9573,0,0,0
12070,9574,0,0,0
12070,9575,0,0,0
12070,9576,0,0,0
12070,9577,0,0,0
12070,9661,0,0,0
12070,9662,0,0,0
12070,9663,0,0,0
12070,9671,0,0,0
12070,9672,0,0,0
12070,9673,0,0,0
12070,9674,0,0,0
12070,9675,0,0,0
12070,9676,0,0,0
12070,9677,0,0,0
12070,9678,0,0,0
12070,9679,0,0,0
12070,9761,0,0,0
12070,9762,0,0,0
12070,9763,0,0,0
12070,9764,0,0,0
12070,9771,0,0,0
12070,9772,0,0,0
12070,9773,0,0,0
12070,9774,0,0,0
12070,9775,0,0,0
12070,9776,0,0,0
12070,9777,0,0,0
12070,9778,0,0,0
12070,9779,0,0,0
12070,9780,0,0,0
12070,10041,0,0,0
12070,10042,0,0,0
12070,10043,0,0,0
12070,10044,0,0,0
12070,10045,0,0,0
12070,10046,0,0,0
12070,11000,848,203,645
12070,12051,95,12,83
12070,12052,0,0,0
12070,12053,0,0,0
12070,12054,165,0,165
12070,12060,37,20,17
12070,12061,32,16,16
12070,12062,0,0,0
12070,12063,179,77,102
12070,12064,61,17,44
12070,12065,132,53,79
12070,12066,0,0,0
12070,12067,24,10,14
12070,12068,3501,1696,1805
12070,12069,72,16,56
12070,12070,0,0,0
12070,12071,0,0,0
12070,12072,40,16,24
12070,12073,39,24,15
12070,13003,140,35,105
12070,13004,355,51,304
12070,13071,318,181,137
12070,13072,265,217,48
12070,13073,54,28,26
12070,13074,142,35,107
12070,13075,40,27,13
12070,13076,1873,926,947
12070,14511,0,0,0
12070,14521,0,0,0
12070,14522,0,0,0
12070,14523,0,0,0
12070,14524,0,0,0
12070,14612,10,0,10
12070,14625,0,0,0
12070,14626,0,0,0
12070,14627,0,0,0
12070,14628,0,0,0
12070,14713,25,12,13
12070,14729,10,0,10
12070,14730,0,0,0
12070,15001,0,0,0
12070,15002,11,0,11
12070,15003,66,23,43
12070,15081,157,86,71
12070,15082,78,0,78
12070,15083,31,12,19
12070,15084,0,0,0
12070,15085,16,0,16
12070,15086,39,18,21
12070,15087,0,0,0
12070,15088,0,0,0
12070,15089,0,0,0
12070,15090,1571,1113,458
12070,15091,0,0,0
12070,16051,0,0,0
12070,16052,0,0,0
12070,16053,0,0,0
12070,16054,0,0,0
12070,16055,0,0,0
12070,16056,0,0,0
12070,16061,0,0,0
12070,16062,19,19,0
12070,16063,0,0,0
12070,16064,0,0,0
12070,16065,0,0,0
12070,16066,0,0,0
12070,16067,0,0,0
12070,16068,0,0,0
12070,16069,0,0,0
12070,16070,0,0,0
12070,16071,0,0,0
12070,16072,0,0,0
12070,16073,0,0,0
12070,16074,0,0,0
12070,16075,0,0,0
12070,16076,0,0,0
12070,16077,0,0,0
12071,1001,0,0,0
12071,1002,0,0,0
12071,1003,0,0,0
12071,1004,0,0,0
12071,1051,0,0,0
12071,1053,0,0,0
12071,1054,21,0,21
12071,1055,0,0,0
12071,1056,0,0,0
12071,1057,0,0,0
12071,1058,0,0,0
12071,1059,0,0,0
12071,1060,0,0,0
12071,1061,0,0,0
12071,1062,0,0,0
12071,2000,86,29,57
12071,3101,12,0,12
12071,3102,0,0,0
12071,3103,16,0,16
12071,3151,0,0,0
12071,3153,0,0,0
12071,3154,0,0,0
12071,3155,0,0,0
12071,3157,0,0,0
12071,3158,0,0,0
12071,3159,0,0,0
12071,3241,33,0,33
12071,3251,0,0,0
12071,3252,0,0,0
12071,3254,0,0,0
12071,3255,0,0,0
12071,3256,0,0,0
12071,3257,16,0,16
12071,3351,11,0,11
12071,3352,0,0,0
12071,3353,0,0,0
12071,3354,0,0,0
12071,3355,0,0,0
12071,3356,0,0,0
12071,3357,0,0,0
12071,3358,0,0,0
12071,3359,0,0,0
12071,3360,0,0,0
12071,3361,0,0,0
12071,3401,0,0,0
12071,3402,0,0,0
12071,3403,0,0,0
12071,3404,0,0,0
12071,3405,0,0,0
12071,3451,0,0,0
12071,3452,0,0,0
12071,3453,0,0,0
12071,3454,0,0,0
12071,3455,0,0,0
12071,3456,0,0,0
12071,3457,0,0,0
12071,3458,0,0,0
12071,3459,0,0,0
12071,3460,0,0,0
12071,3461,0,0,0
12071,3462,0,0,0
12071,4011,11,0,11
12071,4012,0,0,0
12071,5111,22,0,22
12071,5112,14,0,14
12071,5113,23,0,23
12071,5114,0,0,0
12071,5116,0,0,0
12071,5117,10,0,10
12071,5119,0,0,0
12071,5120,0,0,0
12071,5122,0,0,0
12071,5124,0,0,0
12071,5154,0,0,0
12071,5158,14,0,14
12071,5162,0,0,0
12071,5166,0,0,0
12071,5170,0,0,0
12071,5314,0,0,0
12071,5315,22,0,22
12071,5316,0,0,0
12071,5334,17,0,17
12071,5358,0,0,0
12071,5362,10,0,10
12071,5366,0,0,0
12071,5370,0,0,0
12071,5374,0,0,0
12071,5378,0,0,0
12071,5382,11,0,11
12071,5512,0,0,0
12071,5513,0,0,0
12071,5515,0,0,0
12071,5554,0,0,0
12071,5558,0,0,0
12071,5562,13,0,13
12071,5566,10,0,10
12071,5570,0,0,0
12071,5711,0,0,0
12071,5754,10,0,10
12071,5758,0,0,0
12071,5762,0,0,0
12071,5766,0,0,0
12071,5770,0,0,0
12071,5774,0,0,0
12071,5911,0,0,0
12071,5913,0,0,0
12071,5914,0,0,0
12071,5915,0,0,0
12071,5916,0,0,0
12071,5954,0,0,0
12071,5958,0,0,0
12071,5962,0,0,0
12071,5966,0,0,0
12071,5970,0,0,0
12071,5974,0,0,0
12071,5978,0,0,0
12071,6411,0,0,0
12071,6412,38,0,38
12071,6413,12,12,0
12071,6414,0,0,0
12071,6431,0,0,0
12071,6432,0,0,0
12071,6433,0,0,0
12071,6434,0,0,0
12071,6435,0,0,0
12071,6436,13,0,13
12071,6437,0,0,0
12071,6438,16,0,16
12071,6439,0,0,0
12071,6440,0,0,0
12071,6531,0,0,0
12071,6532,0,0,0
12071,6533,0,0,0
12071,6534,0,0,0
12071,6535,0,0,0
12071,6611,0,0,0
12071,6631,0,0,0
12071,6632,10,0,10
12071,6633,0,0,0
12071,6634,0,0,0
12071,6635,0,0,0
12071,6636,0,0,0
12071,7111,0,0,0
12071,7131,0,0,0
12071,7132,0,0,0
12071,7133,0,0,0
12071,7134,0,0,0
12071,7135,0,0,0
12071,7137,0,0,0
12071,7138,0,0,0
12071,7140,0,0,0
12071,7141,0,0,0
12071,7143,0,0,0
12071,7211,0,0,0
12071,7231,0,0,0
12071,7232,0,0,0
12071,7233,0,0,0
12071,7235,0,0,0
12071,7311,0,0,0
12071,7312,0,0,0
12071,7313,0,0,0
12071,7314,0,0,0
12071,7315,0,0,0
12071,7316,0,0,0
12071,7317,0,0,0
12071,7318,0,0,0
12071,7319,0,0,0
12071,7320,0,0,0
12071,7331,0,0,0
12071,7332,0,0,0
12071,7333,0,0,0
12071,7334,0,0,0
12071,7335,0,0,0
12071,7336,0,0,0
12071,7337,0,0,0
12071,7338,0,0,0
12071,7339,0,0,0
12071,7340,0,0,0
12071,8111,23,0,23
12071,8115,0,0,0
12071,8116,24,0,24
12071,8117,0,0,0
12071,8118,0,0,0
12071,8119,10,0,10
12071,8121,0,0,0
12071,8125,0,0,0
12071,8126,0,0,0
12071,8127,10,0,10
12071,8128,0,0,0
12071,8135,0,0,0
12071,8136,11,0,11
12071,8211,0,0,0
12071,8212,11,0,11
12071,8215,0,0,0
12071,8216,0,0,0
12071,8221,0,0,0
12071,8222,19,0,19
12071,8225,0,0,0
12071,8226,0,0,0
12071,8231,0,0,0
12071,8235,0,0,0
12071,8236,0,0,0
12071,8237,0,0,0
12071,8311,0,0,0
12071,8315,0,0,0
12071,8316,0,0,0
12071,8317,11,0,11
12071,8325,0,0,0
12071,8326,0,0,0
12071,8327,0,0,0
12071,8335,10,0,10
12071,8336,0,0,0
12071,8337,0,0,0
12071,8415,0,0,0
12071,8416,0,0,0
12071,8417,0,0,0
12071,8421,0,0,0
12071,8425,0,0,0
12071,8426,14,0,14
12071,8435,0,0,0
12071,8436,0,0,0
12071,8437,0,0,0
12071,9161,13,0,13
12071,9162,49,0,49
12071,9163,0,0,0
12071,9171,0,0,0
12071,9172,0,0,0
12071,9173,0,0,0
12071,9174,0,0,0
12071,9175,0,0,0
12071,9176,0,0,0
12071,9177,0,0,0
12071,9178,0,0,0
12071,9179,0,0,0
12071,9180,0,0,0
12071,9181,0,0,0
12071,9182,0,0,0
12071,9183,0,0,0
12071,9184,32,0,32
12071,9185,0,0,0
12071,9186,0,0,0
12071,9187,0,0,0
12071,9188,0,0,0
12071,9189,0,0,0
12071,9190,0,0,0
12071,9261,0,0,0
12071,9262,0,0,0
12071,9263,0,0,0
12071,9271,0,0,0
12071,9272,0,0,0
12071,9273,0,0,0
12071,9274,0,0,0
12071,9275,0,0,0
12071,9276,0,0,0
12071,9277,0,0,0
12071,9278,0,0,0
12071,9279,0,0,0
12071,9361,0,0,0
12071,9362,0,0,0
12071,9363,0,0,0
12071,9371,0,0,0
12071,9372,0,0,0
12071,9373,0,0,0
12071,9374,0,0,0
12071,9375,0,0,0
12071,9376,0,0,0
12071,9377,0,0,0
12071,9461,0,0,0
12071,9462,0,0,0
12071,9463,0,0,0
12071,9464,0,0,0
12071,9471,0,0,0
12071,9472,0,0,0
12071,9473,0,0,0
12071,9474,0,0,0
12071,9475,0,0,0
12071,9476,0,0,0
12071,9477,0,0,0
12071,9478,0,0,0
12071,9479,0,0,0
12071,9561,0,0,0
12071,9562,0,0,0
12071,9563,0,0,0
12071,9564,36,0,36
12071,9565,0,0,0
12071,9571,0,0,0
12071,9572,0,0,0
12071,9573,0,0,0
12071,9574,0,0,0
12071,9575,0,0,0
12071,9576,0,0,0
12071,9577,0,0,0
12071,9661,0,0,0
12071,9662,0,0,0
12071,9663,0,0,0
12071,9671,0,0,0
12071,9672,0,0,0
12071,9673,0,0,0
12071,9674,0,0,0
12071,9675,0,0,0
12071,9676,0,0,0
12071,9677,0,0,0
12071,9678,0,0,0
12071,9679,0,0,0
12071,9761,16,0,16
12071,9762,0,0,0
12071,9763,0,0,0
12071,9764,0,0,0
12071,9771,0,0,0
12071,9772,0,0,0
12071,9773,0,0,0
12071,9774,0,0,0
12071,9775,0,0,0
12071,9776,0,0,0
12071,9777,0,0,0
12071,9778,0,0,0
12071,9779,0,0,0
12071,9780,0,0,0
12071,10041,11,0,11
12071,10042,0,0,0
12071,10043,0,0,0
12071,10044,0,0,0
12071,10045,0,0,0
12071,10046,0,0,0
12071,11000,1060,201,859
12071,12051,38,0,38
12071,12052,16682,5032,11650
12071,12053,435,94,341
12071,12054,253,20,233
12071,12060,56,17,39
12071,12061,1174,578,596
12071,12062,442,218,224
12071,12063,22,11,11
12071,12064,74,40,34
12071,12065,41,13,28
12071,12066,3771,1611,2160
12071,12067,1303,499,804
12071,12068,27,0,27
12071,12069,106,12,94
12071,12070,0,0,0
12071,12071,0,0,0
12071,12072,189,44,145
12071,12073,23,13,10
12071,13003,15,0,15
12071,13004,0,0,0
12071,13071,21,11,10
12071,13072,0,0,0
12071,13073,0,0,0
12071,13074,0,0,0
12071,13075,23,13,10
12071,13076,0,0,0
12071,14511,37,0,37
12071,14521,30,0,30
12071,14522,45,14,31
12071,14523,0,0,0
12071,14524,27,0,27
12071,14612,354,113,241
12071,14625,2972,2061,911
12071,14626,2506,1673,833
12071,14627,112,40,72
12071,14628,81,25,56
12071,14713,146,26,120
12071,14729,85,39,46
12071,14730,112,97,15
12071,15001,0,0,0
12071,15002,41,12,29
12071,15003,16,0,16
12071,15081,0,0,0
12071,15082,42,12,30
12071,15083,17,0,17
12071,15084,31,14,17
12071,15085,0,0,0
12071,15086,26,0,26
12071,15087,0,0,0
12071,15088,88,51,37
12071,15089,12,0,12
12071,15090,0,0,0
12071,15091,31,18,13
12071,16051,21,0,21
12071,16052,0,0,0
12071,16053,0,0,0
12071,16054,0,0,0
12071,16055,0,0,0
12071,16056,0,0,0
12071,16061,11,0,11
12071,16062,0,0,0
12071,16063,0,0,0
12071,16064,0,0,0
12071,16065,0,0,0
12071,16066,0,0,0
12071,16067,0,0,0
12071,16068,0,0,0
12071,16069,0,0,0
12071,16070,0,0,0
12071,16071,0,0,0
12071,16072,0,0,0
12071,16073,0,0,0
12071,16074,0,0,0
12071,16075,0,0,0
12071,16076,0,0,0
12071,16077,0,0,0
12072,1001,0,0,0
12072,1002,21,0,21
12072,1003,33,20,13
12072,1004,41,0,41
12072,1051,0,0,0
12072,1053,12,0,12
12072,1054,0,0,0
12072,1055,0,0,0
12072,1056,0,0,0
12072,1057,0,0,0
12072,1058,0,0,0
12072,1059,0,0,0
12072,1060,20,0,20
12072,1061,0,0,0
12072,1062,0,0,0
12072,2000,296,91,205
12072,3101,47,14,33
12072,3102,0,0,0
12072,3103,19,0,19
12072,3151,0,0,0
12072,3153,0,0,0
12072,3154,0,0,0
12072,3155,0,0,0
12072,3157,0,0,0
12072,3158,0,0,0
12072,3159,12,0,12
12072,3241,153,57,96
12072,3251,0,0,0
12072,3252,0,0,0
12072,3254,10,0,10
12072,3255,0,0,0
12072,3256,0,0,0
12072,3257,0,0,0
12072,3351,0,0,0
12072,3352,0,0,0
12072,3353,65,0,65
12072,3354,0,0,0
12072,3355,0,0,0
12072,3356,0,0,0
12072,3357,11,0,11
12072,3358,0,0,0
12072,3359,0,0,0
12072,3360,0,0,0
12072,3361,0,0,0
12072,3401,0,0,0
12072,3402,0,0,0
12072,3403,0,0,0
12072,3404,14,0,14
12072,3405,0,0,0
12072,3451,0,0,0
12072,3452,0,0,0
12072,3453,16,0,16
12072,3454,41,22,19
12072,3455,0,0,0
12072,3456,0,0,0
12072,3457,0,0,0
12072,3458,0,0,0
12072,3459,20,0,20
12072,3460,11,0,11
12072,3461,0,0,0
12072,3462,0,0,0
12072,4011,71,21,50
12072,4012,0,0,0
12072,5111,66,0,66
12072,5112,15,15,0
12072,5113,38,0,38
12072,5114,0,0,0
12072,5116,0,0,0
12072,5117,0,0,0
12072,5119,0,0,0
12072,5120,0,0,0
12072,5122,0,0,0
12072,5124,14,0,14
12072,5154,23,10,13
12072,5158,29,0,29
12072,5162,29,12,17
12072,5166,32,20,12
12072,5170,0,0,0
12072,5314,24,0,24
12072,5315,103,10,93
12072,5316,0,0,0
12072,5334,29,17,12
12072,5358,0,0,0
12072,5362,14,0,14
12072,5366,0,0,0
12072,5370,10,10,0
12072,5374,16,0,16
12072,5378,0,0,0
12072,5382,30,0,30
12072,5512,0,0,0
12072,5513,0,0,0
12072,5515,0,0,0
12072,5554,0,0,0
12072,5558,0,0,0
12072,5562,109,10,99
12072,5566,16,0,16
12072,5570,0,0,0
12072,5711,10,0,10
12072,5754,21,0,21
12072,5758,0,0,0
12072,5762,0,0,0
12072,5766,24,14,10
12072,5770,15,0,15
12072,5774,0,0,0
12072,5911,11,0,11
12072,5913,32,10,22
12072,5914,0,0,0
12072,5915,0,0,0
12072,5916,0,0,0
12072,5954,0,0,0
12072,5958,0,0,0
12072,5962,25,25,0
12072,5966,0,0,0
12072,5970,0,0,0
12072,5974,0,0,0
12072,5978,25,0,25
12072,6411,12,0,12
12072,6412,183,0,183
12072,6413,0,0,0
12072,6414,28,0,28
12072,6431,0,0,0
12072,6432,0,0,0
12072,6433,12,0,12
12072,6434,43,10,33
12072,6435,10,0,10
12072,6436,28,0,28
12072,6437,0,0,0
12072,6438,26,0,26
12072,6439,0,0,0
12072,6440,10,10,0
12072,6531,0,0,0
12072,6532,0,0,0
12072,6533,0,0,0
12072,6534,0,0,0
12072,6535,0,0,0
12072,6611,0,0,0
12072,6631,0,0,0
12072,6632,0,0,0
12072,6633,0,0,0
12072,6634,0,0,0
12072,6635,0,0,0
12072,6636,13,0,13
12072,7111,0,0,0
12072,7131,0,0,0
12072,7132,0,0,0
12072,7133,0,0,0
12072,7134,0,0,0
12072,7135,0,0,0
12072,7137,0,0,0
12072,7138,0,0,0
12072,7140,0,0,0
12072,7141,0,0,0
12072,7143,0,0,0
12072,7211,0,0,0
12072,7231,0,0,0
12072,7232,0,0,0
12072,7233,0,0,0
12072,7235,0,0,0
12072,7311,0,0,0
12072,7312,0,0,0
12072,7313,0,0,0
12072,7314,18,18,0
12072,7315,13,0,13
12072,7316,0,0,0
12072,7317,0,0,0
12072,7318,0,0,0
12072,7319,13,0,13
12072,7320,0,0,0
12072,7331,0,0,0
12072,7332,0,0,0
12072,7333,0,0,0
12072,7334,0,0,0
12072,7335,0,0,0
12072,7336,0,0,0
12072,7337,0,0,0
12072,7338,0,0,0
12072,7339,0,0,0
12072,7340,0,0,0
12072,8111,49,10,39
12072,8115,0,0,0
12072,8116,27,12,15
12072,8117,0,0,0
12072,8118,0,0,0
12072,8119,0,0,0
12072,8121,0,0,0
12072,8125,18,0,18
12072,8126,18,0,18
12072,8127,0,0,0
12072,8128,0,0,0
12072,8135,0,0,0
12072,8136,0,0,0
12072,8211,0,0,0
12072,8212,21,0,21
12072,8215,14,0,14
12072,8216,0,0,0
12072,8221,0,0,0
12072,8222,39,22,17
12072,8225,0,0,0
12072,8226,35,11,24
12072,8231,0,0,0
12072,8235,0,0,0
12072,8236,0,0,0
12072,8237,0,0,0
12072,8311,0,0,0
12072,8315,0,0,0
12072,8316,0,0,0
12072,8317,0,0,0
12072,8325,0,0,0
12072,8326,0,0,0
12072,8327,0,0,0
12072,8335,10,10,0
12072,8336,0,0,0
12072,8337,0,0,0
12072,8415,0,0,0
12072,8416,0,0,0
12072,8417,0,0,0
12072,8421,0,0,0
12072,8425,0,0,0
12072,8426,0,0,0
12072,8435,10,10,0
12072,8436,0,0,0
12072,8437,0,0,0
12072,9161,12,0,12
12072,9162,117,25,92
12072,9163,0,0,0
12072,9171,0,0,0
12072,9172,0,0,0
12072,9173,0,0,0
12072,9174,0,0,0
12072,9175,0,0,0
12072,9176,0,0,0
12072,9177,0,0,0
12072,9178,17,0,17
12072,9179,0,0,0
12072,9180,0,0,0
12072,9181,0,0,0
12072,9182,0,0,0
12072,9183,0,0,0
12072,9184,50,0,50
12072,9185,0,0,0
12072,9186,0,0,0
12072,9187,0,0,0
12072,9188,0,0,0
12072,9189,0,0,0
12072,9190,0,0,0
12072,9261,0,0,0
12072,9262,0,0,0
12072,9263,0,0,0
12072,9271,0,0,0
12072,9272,0,0,0
12072,9273,10,0,10
12072,9274,0,0,0
12072,9275,0,0,0
12072,9276,0,0,0
12072,9277,0,0,0
12072,9278,0,0,0
12072,9279,0,0,0
12072,9361,0,0,0
12072,9362,0,0,0
12072,9363,0,0,0
12072,9371,0,0,0
12072,9372,0,0,0
12072,9373,0,0,0
12072,9374,0,0,0
12072,9375,0,0,0
12072,9376,0,0,0
12072,9377,0,0,0
12072,9461,0,0,0
12072,9462,0,0,0
12072,9463,0,0,0
12072,9464,0,0,0
12072,9471,0,0,0
12072,9472,0,0,0
12072,9473,0,0,0
12072,9474,0,0,0
12072,9475,0,0,0
12072,9476,0,0,0
12072,9477,0,0,0
12072,9478,0,0,0
12072,9479,0,0,0
12072,9561,0,0,0
12072,9562,11,0,11
12072,9563,0,0,0
12072,9564,33,0,33
12072,9565,0,0,0
12072,9571,0,0,0
12072,9572,0,0,0
12072,9573,0,0,0
12072,9574,0,0,0
12072,9575,0,0,0
12072,9576,0,0,0
12072,9577,42,28,14
12072,9661,0,0,0
12072,9662,0,0,0
12072,9663,0,0,0
12072,9671,0,0,0
12072,9672,0,0,0
12072,9673,0,0,0
12072,9674,0,0,0
12072,9675,0,0,0
12072,9676,0,0,0
12072,9677,0,0,0
12072,9678,0,0,0
12072,9679,0,0,0
12072,9761,0,0,0
12072,9762,0,0,0
12072,9763,0,0,0
12072,9764,0,0,0
12072,9771,0,0,0
12072,9772,0,0,0
12072,9773,0,0,0
12072,9774,0,0,0
12072,9775,0,0,0
12072,9776,0,0,0
12072,9777,0,0,0
12072,9778,0,0,0
12072,9779,0,0,0
12072,9780,0,0,0
12072,10041,0,0,0
12072,10042,0,0,0
12072,10043,0,0,0
12072,10044,0,0,0
12072,10045,0,0,0
12072,10046,0,0,0
12072,11000,30243,10268,19975
12072,12051,308,202,106
12072,12052,259,148,111
12072,12053,257,162,95
12072,12054,4932,1951,2981
12072,12060,409,312,97
12072,12061,7754,3821,3933
12072,12062,1258,685,573
12072,12063,485,345,140
12072,12064,794,527,267
12072,12065,562,390,172
12072,12066,552,264,288
12072,12067,711,523,188
12072,12068,158,134,24
12072,12069,7165,3338,3827
12072,12070,40,24,16
12072,12071,189,145,44
12072,12072,0,0,0
12072,12073,100,85,15
12072,13003,50,36,14
12072,13004,27,15,12
12072,13071,166,134,32
12072,13072,79,64,15
12072,13073,52,37,15
12072,13074,22,22,0
12072,13075,99,77,22
12072,13076,31,31,0
12072,14511,32,11,21
12072,14521,42,19,23
12072,14522,72,43,29
12072,14523,25,14,11
12072,14524,33,21,12
12072,14612,239,85,154
12072,14625,63,38,25
12072,14626,51,41,10
12072,14627,83,36,47
12072,14628,67,38,29
12072,14713,251,98,153
12072,14729,44,30,14
12072,14730,67,42,25
12072,15001,33,17,16
12072,15002,85,40,45
12072,15003,121,89,32
12072,15081,13,13,0
12072,15082,110,37,73
12072,15083,60,37,23
12072,15084,56,30,26
12072,15085,38,18,20
12072,15086,50,36,14
12072,15087,20,20,0
12072,15088,68,38,30
12072,15089,43,27,16
12072,15090,26,26,0
12072,15091,799,509,290
12072,16051,73,46,27
12072,16052,10,10,0
12072,16053,12,12,0
12072,16054,0,0,0
12072,16055,0,0,0
12072,16056,0,0,0
12072,16061,0,0,0
12072,16062,0,0,0
12072,16063,23,0,23
12072,16064,12,12,0
12072,16065,0,0,0
12072,16066,0,0,0
12072,16067,11,11,0
12072,16068,0,0,0
12072,16069,0,0,0
12072,16070,25,13,12
12072,16071,0,0,0
12072,16072,0,0,0
12072,16073,13,13,0
12072,16074,61,11,50
12072,16075,0,0,0
12072,16076,11,11,0
12072,16077,11,11,0
12073,1001,0,0,0
12073,1002,0,0,0
12073,1003,0,0,0
12073,1004,11,0,11
12073,1051,13,0,13
12073,1053,11,0,11
12073,1054,20,0,20
12073,1055,0,0,0
12073,1056,0,0,0
12073,1057,0,0,0
12073,1058,23,0,23
12073,1059,12,0,12
12073,1060,15,0,15
12073,1061,11,0,11
12073,1062,15,0,15
12073,2000,203,24,179
12073,3101,10,0,10
12073,3102,0,0,0
12073,3103,0,0,0
12073,3151,0,0,0
12073,3153,0,0,0
12073,3154,0,0,0
12073,3155,0,0,0
12073,3157,0,0,0
12073,3158,0,0,0
12073,3159,0,0,0
12073,3241,64,11,53
12073,3251,0,0,0
12073,3252,0,0,0
12073,3254,0,0,0
12073,3255,0,0,0
12073,3256,0,0,0
12073,3257,13,0,13
12073,3351,0,0,0
12073,3352,0,0,0
12073,3353,20,0,20
12073,3354,0,0,0
12073,3355,0,0,0
12073,3356,0,0,0
12073,3357,10,0,10
12073,3358,0,0,0
12073,3359,0,0,0
12073,3360,0,0,0
12073,3361,0,0,0
12073,3401,0,0,0
12073,3402,0,0,0
12073,3403,0,0,0
12073,3404,0,0,0
12073,3405,0,0,0
12073,3451,0,0,0
12073,3452,33,0,33
12073,3453,16,0,16
12073,3454,19,0,19
12073,3455,0,0,0
12073,3456,0,0,0
12073,3457,0,0,0
12073,3458,0,0,0
12073,3459,42,0,42
12073,3460,37,0,37
12073,3461,0,0,0
12073,3462,0,0,0
12073,4011,12,0,12
12073,4012,0,0,0
12073,5111,21,0,21
12073,5112,0,0,0
12073,5113,17,0,17
12073,5114,0,0,0
12073,5116,0,0,0
12073,5117,80,0,80
12073,5119,14,0,14
12073,5120,0,0,0
12073,5122,0,0,0
12073,5124,0,0,0
12073,5154,0,0,0
12073,5158,0,0,0
12073,5162,0,0,0
12073,5166,0,0,0
12073,5170,0,0,0
12073,5314,0,0,0
12073,5315,37,0,37
12073,5316,0,0,0
12073,5334,0,0,0
12073,5358,0,0,0
12073,5362,0,0,0
12073,5366,0,0,0
12073,5370,0,0,0
12073,5374,0,0,0
12073,5378,0,0,0
12073,5382,22,0,22
12073,5512,0,0,0
12073,5513,0,0,0
12073,5515,0,0,0
12073,5554,0,0,0
12073,5558,0,0,0
12073,5562,31,0,31
12073,5566,11,0,11
12073,5570,0,0,0
12073,5711,0,0,0
12073,5754,15,0,15
12073,5758,0,0,0
12073,5762,0,0,0
12073,5766,0,0,0
12073,5770,18,0,18
12073,5774,0,0,0
12073,5911,23,0,23
12073,5913,0,0,0
12073,5914,0,0,0
12073,5915,12,0,12
12073,5916,0,0,0
12073,5954,0,0,0
12073,5958,0,0,0
12073,5962,0,0,0
12073,5966,18,0,18
12073,5970,0,0,0
12073,5974,0,0,0
12073,5978,0,0,0
12073,6411,0,0,0
12073,6412,33,0,33
12073,6413,0,0,0
12073,6414,0,0,0
12073,6431,0,0,0
12073,6432,0,0,0
12073,6433,0,0,0
12073,6434,55,0,55
12073,6435,53,0,53
12073,6436,0,0,0
12073,6437,0,0,0
12073,6438,12,0,12
12073,6439,0,0,0
12073,6440,0,0,0
12073,6531,0,0,0
12073,6532,15,0,15
12073,6533,0,0,0
12073,6534,0,0,0
12073,6535,0,0,0
12073,6611,0,0,0
12073,6631,0,0,0
12073,6632,13,0,13
12073,6633,0,0,0
12073,6634,0,0,0
12073,6635,0,0,0
12073,6636,0,0,0
12073,7111,0,0,0
12073,7131,0,0,0
12073,7132,0,0,0
12073,7133,0,0,0
12073,7134,0,0,0
12073,7135,0,0,0
12073,7137,0,0,0
12073,7138,0,0,0
12073,7140,0,0,0
12073,7141,0,0,0
12073,7143,0,0,0
12073,7211,0,0,0
12073,7231,0,0,0
12073,7232,0,0,0
12073,7233,0,0,0
12073,7235,0,0,0
12073,7311,0,0,0
12073,7312,0,0,0
12073,7313,0,0,0
12073,7314,0,0,0
12073,7315,0,0,0
12073,7316,0,0,0
12073,7317,0,0,0
12073,7318,0,0,0
12073,7319,0,0,0
12073,7320,0,0,0
12073,7331,0,0,0
12073,7332,0,0,0
12073,7333,0,0,0
12073,7334,0,0,0
12073,7335,0,0,0
12073,7336,0,0,0
12073,7337,0,0,0
12073,7338,0,0,0
12073,7339,0,0,0
12073,7340,0,0,0
12073,8111,10,0,10
12073,8115,0,0,0
12073,8116,0,0,0
12073,8117,0,0,0
12073,8118,11,0,11
12073,8119,0,0,0
12073,8121,0,0,0
12073,8125,0,0,0
12073,8126,0,0,0
12073,8127,0,0,0
12073,8128,0,0,0
12073,8135,0,0,0
12073,8136,0,0,0
12073,8211,0,0,0
12073,8212,0,0,0
12073,8215,0,0,0
12073,8216,0,0,0
12073,8221,0,0,0
12073,8222,15,0,15
12073,8225,0,0,0
12073,8226,0,0,0
12073,8231,0,0,0
12073,8235,0,0,0
12073,8236,0,0,0
12073,8237,0,0,0
12073,8311,0,0,0
12073,8315,0,0,0
12073,8316,0,0,0
12073,8317,0,0,0
12073,8325,0,0,0
12073,8326,0,0,0
12073,8327,0,0,0
12073,8335,0,0,0
12073,8336,0,0,0
12073,8337,0,0,0
12073,8415,0,0,0
12073,8416,0,0,0
12073,8417,0,0,0
12073,8421,0,0,0
12073,8425,0,0,0
12073,8426,0,0,0
12073,8435,0,0,0
12073,8436,0,0,0
12073,8437,0,0,0
12073,9161,0,0,0
12073,9162,27,0,27
12073,9163,0,0,0
12073,9171,0,0,0
12073,9172,0,0,0
12073,9173,0,0,0
12073,9174,0,0,0
12073,9175,0,0,0
12073,9176,0,0,0
12073,9177,0,0,0
12073,9178,0,0,0
12073,9179,0,0,0
12073,9180,0,0,0
12073,9181,0,0,0
12073,9182,0,0,0
12073,9183,0,0,0
12073,9184,23,0,23
12073,9185,0,0,0
12073,9186,0,0,0
12073,9187,0,0,0
12073,9188,0,0,0
12073,9189,0,0,0
12073,9190,0,0,0
12073,9261,0,0,0
12073,9262,0,0,0
12073,9263,0,0,0
12073,9271,0,0,0
12073,9272,0,0,0
12073,9273,0,0,0
12073,9274,0,0,0
12073,9275,0,0,0
12073,9276,0,0,0
12073,9277,0,0,0
12073,9278,0,0,0
12073,9279,0,0,0
12073,9361,0,0,0
12073,9362,0,0,0
12073,9363,0,0,0
12073,9371,0,0,0
12073,9372,0,0,0
12073,9373,0,0,0
12073,9374,0,0,0
12073,9375,0,0,0
12073,9376,0,0,0
12073,9377,0,0,0
12073,9461,0,0,0
12073,9462,0,0,0
12073,9463,0,0,0
12073,9464,0,0,0
12073,9471,0,0,0
12073,9472,0,0,0
12073,9473,0,0,0
12073,9474,0,0,0
12073,9475,0,0,0
12073,9476,0,0,0
12073,9477,0,0,0
12073,9478,0,0,0
12073,9479,0,0,0
12073,9561,0,0,0
12073,9562,0,0,0
12073,9563,0,0,0
12073,9564,0,0,0
12073,9565,0,0,0
12073,9571,0,0,0
12073,9572,0,0,0
12073,9573,0,0,0
12073,9574,0,0,0
12073,9575,0,0,0
12073,9576,0,0,0
12073,9577,0,0,0
12073,9661,0,0,0
12073,9662,0,0,0
12073,9663,0,0,0
12073,9671,0,0,0
12073,9672,0,0,0
12073,9673,0,0,0
12073,9674,0,0,0
12073,9675,0,0,0
12073,9676,0,0,0
12073,9677,0,0,0
12073,9678,0,0,0
12073,9679,0,0,0
12073,9761,11,0,11
12073,9762,0,0,0
12073,9763,0,0,0
12073,9764,0,0,0
12073,9771,0,0,0
12073,9772,0,0,0
12073,9773,0,0,0
12073,9774,0,0,0
12073,9775,34,0,34
12073,9776,0,0,0
12073,9777,0,0,0
12073,9778,0,0,0
12073,9779,0,0,0
12073,9780,0,0,0
12073,10041,0,0,0
12073,10042,0,0,0
12073,10043,0,0,0
12073,10044,0,0,0
12073,10045,0,0,0
12073,10046,0,0,0
12073,11000,2531,596,1935
12073,12051,44,10,34
12073,12052,10,0,10
12073,12053,183,18,165
12073,12054,262,23,239
12073,12060,3222,1340,1882
12073,12061,85,15,70
12073,12062,32,15,17
12073,12063,50,14,36
12073,12064,614,407,207
12073,12065,1015,428,587
12073,12066,38,0,38
12073,12067,199,51,148
12073,12068,249,73,176
12073,12069,114,30,84
12073,12070,39,15,24
12073,12071,23,10,13
12073,12072,100,15,85
12073,12073,0,0,0
12073,13003,85,30,55
12073,13004,33,15,18
12073,13071,1392,511,881
12073,13072,81,38,43
12073,13073,101,37,64
12073,13074,24,10,14
12073,13075,2262,1193,1069
12073,13076,35,19,16
12073,14511,10,0,10
12073,14521,0,0,0
12073,14522,0,0,0
12073,14523,0,0,0
12073,14524,0,0,0
12073,14612,46,15,31
12073,14625,20,0,20
12073,14626,0,0,0
12073,14627,0,0,0
12073,14628,10,0,10
12073,14713,75,15,60
12073,14729,0,0,0
12073,14730,0,0,0
12073,15001,12,0,12
12073,15002,34,0,34
12073,15003,88,21,67
12073,15081,0,0,0
12073,15082,26,0,26
12073,15083,11,11,0
12073,15084,0,0,0
12073,15085,0,0,0
12073,15086,16,0,16
12073,15087,0,0,0
12073,15088,134,12,122
12073,15089,12,12,0
12073,15090,0,0,0
12073,15091,0,0,0
12073,16051,22,10,12
12073,16052,0,0,0
12073,16053,0,0,0
12073,16054,0,0,0
12073,16055,0,0,0
12073,16056,0,0,0
12073,16061,21,0,21
12073,16062,0,0,0
12073,16063,10,0,10
12073,16064,0,0,0
12073,16065,0,0,0
12073,16066,0,0,0
12073,16067,0,0,0
12073,16068,0,0,0
12073,16069,0,0,0
12073,16070,0,0,0
12073,16071,0,0,0
12073,16072,0,0,0
12073,16073,0,0,0
12073,16074,0,0,0
12073,16075,0,0,0
12073,16076,0,0,0
12073,16077,0,0,0
13003,1001,27,0,27
13003,1002,139,52,87
13003,1003,284,120,164
13003,1004,21,0,21
13003,1051,18,0,18
13003,1053,78,42,36
13003,1054,44,18,26
13003,1055,287,83,204
13003,1056,74,44,30
13003,1057,13,13,0
13003,1058,88,36,52
13003,1059,37,17,20
13003,1060,104,36,68
13003,1061,30,0,30
13003,1062,92,24,68
13003,2000,1407,273,1134
13003,3101,15,0,15
13003,3102,0,0,0
13003,3103,15,0,15
13003,3151,0,0,0
13003,3153,12,0,12
13003,3154,0,0,0
13003,3155,0,0,0
13003,3157,0,0,0
13003,3158,0,0,0
13003,3159,15,0,15
13003,3241,124,46,78
13003,3251,26,11,15
13003,3252,0,0,0
13003,3254,0,0,0
13003,3255,0,0,0
13003,3256,0,0,0
13003,3257,0,0,0
13003,3351,17,0,17
13003,3352,112,61,51
13003,3353,86,33,53
13003,3354,0,0,0
13003,3355,39,21,18
13003,3356,28,0,28
13003,3357,0,0,0
13003,3358,0,0,0
13003,3359,70,32,38
13003,3360,0,0,0
13003,3361,10,10,0
13003,3401,0,0,0
13003,3402,14,0,14
13003,3403,19,0,19
13003,3404,17,0,17
13003,3405,10,10,0
13003,3451,0,0,0
13003,3452,26,10,16
13003,3453,21,10,11
13003,3454,53,11,42
13003,3455,0,0,0
13003,3456,0,0,0
13003,3457,63,0,63
13003,3458,0,0,0
13003,3459,14,0,14
13003,3460,15,0,15
13003,3461,0,0,0
13003,3462,0,0,0
13003,4011,197,58,139
13003,4012,49,22,27
13003,5111,119,0,119
13003,5112,11,0,11
13003,5113,28,0,28
13003,5114,0,0,0
13003,5116,11,0,11
13003,5117,0,0,0
13003,5119,0,0,0
13003,5120,0,0,0
13003,5122,0,0,0
13003,5124,0,0,0
13003,5154,0,0,0
13003,5158,19,0,19
13003,5162,0,0,0
13003,5166,0,0,0
13003,5170,12,0,12
13003,5314,31,11,20
13003,5315,105,16,89
13003,5316,0,0,0
13003,5334,26,14,12
13003,5358,0,0,0
13003,5362,49,0,49
13003,5366,0,0,0
13003,5370,0,0,0
13003,5374,18,0,18
13003,5378,0,0,0
13003,5382,14,0,14
13003,5512,0,0,0
13003,5513,55,0,55
13003,5515,0,0,0
13003,5554,0,0,0
13003,5558,0,0,0
13003,5562,10,0,10
13003,5566,10,0,10
13003,5570,11,11,0
13003,5711,0,0,0
13003,5754,20,0,20
13003,5758,0,0,0
13003,5762,0,0,0
13003,5766,0,0,0
13003,5770,11,0,11
13003,5774,10,0,10
13003,5911,18,0,18
13003,5913,39,19,20
13003,5914,0,0,0
13003,5915,0,0,0
13003,5916,0,0,0
13003,5954,0,0,0
13003,5958,0,0,0
13003,5962,11,0,11
13003,5966,0,0,0
13003,5970,0,0,0
13003,5974,0,0,0
13003,5978,12,0,12
13003,6411,0,0,0
13003,6412,64,0,64
13003,6413,0,0,0
13003,6414,32,0,32
13003,6431,0,0,0
13003,6432,0,0,0
13003,6433,18,0,18
13003,6434,19,0,19
13003,6435,0,0,0
13003,6436,18,0,18
13003,6437,0,0,0
13003,6438,12,0,12
13003,6439,0,0,0
13003,6440,0,0,0
13003,6531,0,0,0
13003,6532,0,0,0
13003,6533,0,0,0
13003,6534,0,0,0
13003,6535,0,0,0
13003,6611,10,0,10
13003,6631,0,0,0
13003,6632,0,0,0
13003,6633,0,0,0
13003,6634,0,0,0
13003,6635,0,0,0
13003,6636,0,0,0
13003,7111,0,0,0
13003,7131,0,0,0
13003,7132,0,0,0
13003,7133,0,0,0
13003,7134,0,0,0
13003,7135,0,0,0
13003,7137,0,0,0
13003,7138,0,0,0
13003,7140,0,0,0
13003,7141,0,0,0
13003,7143,0,0,0
13003,7211,0,0,0
13003,7231,0,0,0
13003,7232,0,0,0
13003,7233,0,0,0
13003,7235,0,0,0
13003,7311,0,0,0
13003,7312,0,0,0
13003,7313,0,0,0
13003,7314,0,0,0
13003,7315,0,0,0
13003,7316,0,0,0
13003,7317,0,0,0
13003,7318,0,0,0
13003,7319,0,0,0
13003,7320,0,0,0
13003,7331,0,0,0
13003,7332,0,0,0
13003,7333,0,0,0
13003,7334,0,0,0
13003,7335,0,0,0
13003,7336,0,0,0
13003,7337,0,0,0
13003,7338,0,0,0
13003,7339,0,0,0
13003,7340,0,0,0
13003,8111,38,0,38
13003,8115,0,0,0
13003,8116,10,0,10
13003,8117,0,0,0
13003,8118,0,0,0
13003,8119,0,0,0
13003,8121,0,0,0
13003,8125,0,0,0
13003,8126,0,0,0
13003,8127,0,0,0
13003,8128,0,0,0
13003,8135,0,0,0
13003,8136,0,0,0
13003,8211,0,0,0
13003,8212,0,0,0
13003,8215,10,0,10
13003,8216,0,0,0
13003,8221,0,0,0
13003,8222,19,0,19
13003,8225,0,0,0
13003,8226,13,0,13
13003,8231,0,0,0
13003,8235,0,0,0
13003,8236,0,0,0
13003,8237,0,0,0
13003,8311,0,0,0
13003,8315,0,0,0
13003,8316,0,0,0
13003,8317,0,0,0
13003,8325,0,0,0
13003,8326,0,0,0
13003,8327,0,0,0
13003,8335,0,0,0
13003,8336,0,0,0
13003,8337,0,0,0
13003,8415,0,0,0
13003,8416,0,0,0
13003,8417,0,0,0
13003,8421,13,0,13
13003,8425,0,0,0
13003,8426,0,0,0
13003,8435,0,0,0
13003,8436,0,0,0
13003,8437,0,0,0
13003,9161,0,0,0
13003,9162,435,26,409
13003,9163,0,0,0
13003,9171,14,0,14
13003,9172,0,0,0
13003,9173,0,0,0
13003,9174,0,0,0
13003,9175,0,0,0
13003,9176,0,0,0
13003,9177,0,0,0
13003,9178,12,0,12
13003,9179,16,16,0
13003,9180,0,0,0
13003,9181,0,0,0
13003,9182,0,0,0
13003,9183,0,0,0
13003,9184,48,0,48
13003,9185,0,0,0
13003,9186,15,0,15
13003,9187,0,0,0
13003,9188,0,0,0
13003,9189,0,0,0
13003,9190,0,0,0
13003,9261,0,0,0
13003,9262,0,0,0
13003,9263,0,0,0
13003,9271,0,0,0
13003,9272,0,0,0
13003,9273,0,0,0
13003,9274,0,0,0
13003,9275,0,0,0
13003,9276,0,0,0
13003,9277,0,0,0
13003,9278,0,0,0
13003,9279,0,0,0
13003,9361,0,0,0
13003,9362,0,0,0
13003,9363,0,0,0
13003,9371,0,0,0
13003,9372,0,0,0
13003,9373,13,0,13
13003,9374,0,0,0
13003,9375,0,0,0
13003,9376,0,0,0
13003,9377,0,0,0
13003,9461,0,0,0
13003,9462,0,0,0
13003,9463,0,0,0
13003,9464,0,0,0
13003,9471,0,0,0
13003,9472,0,0,0
13003,9473,0,0,0
13003,9474,0,0,0
13003,9475,0,0,0
13003,9476,0,0,0
13003,9477,0,0,0
13003,9478,0,0,0
13003,9479,0,0,0
13003,9561,0,0,0
13003,9562,0,0,0
13003,9563,0,0,0
13003,9564,43,0,43
13003,9565,0,0,0
13003,9571,0,0,0
13003,9572,0,0,0
13003,9573,0,0,0
13003,9574,0,0,0
13003,9575,0,0,0
13003,9576,0,0,0
13003,9577,0,0,0
13003,9661,0,0,0
13003,9662,0,0,0
13003,9663,0,0,0
13003,9671,0,0,0
13003,9672,0,0,0
13003,9673,0,0,0
13003,9674,0,0,0
13003,9675,0,0,0
13003,9676,0,0,0
13003,9677,0,0,0
13003,9678,0,0,0
13003,9679,0,0,0
13003,9761,0,0,0
13003,9762,0,0,0
13003,9763,0,0,0
13003,9764,0,0,0
13003,9771,0,0,0
13003,9772,0,0,0
13003,9773,0,0,0
13003,9774,0,0,0
13003,9775,0,0,0
13003,9776,0,0,0
13003,9777,0,0,0
13003,9778,0,0,0
13003,9779,0,0,0
13003,9780,0,0,0
13003,10041,13,0,13
13003,10042,0,0,0
13003,10043,0,0,0
13003,10044,0,0,0
13003,10045,0,0,0
13003,10046,0,0,0
13003,11000,1522,452,1070
13003,12051,11,11,0
13003,12052,27,13,14
13003,12053,11,0,11
13003,12054,101,26,75
13003,12060,68,41,27
13003,12061,66,23,43
13003,12062,0,0,0
13003,12063,42,26,16
13003,12064,58,29,29
13003,12065,80,42,38
13003,12066,30,12,18
13003,12067,60,30,30
13003,12068,146,61,85
13003,12069,115,27,88
13003,12070,140,105,35
13003,12071,15,15,0
13003,12072,50,14,36
13003,12073,85,55,30
13003,13003,0,0,0
13003,13004,1348,563,785
13003,13071,1751,1267,484
13003,13072,34662,22509,12153
13003,13073,4621,3531,1090
13003,13074,1858,1163,695
13003,13075,1236,884,352
13003,13076,962,755,207
13003,14511,39,16,23
13003,14521,22,12,10
13003,14522,10,10,0
13003,14523,12,12,0
13003,14524,31,16,15
13003,14612,143,40,103
13003,14625,55,12,43
13003,14626,13,13,0
13003,14627,28,17,11
13003,14628,13,0,13
13003,14713,168,71,97
13003,14729,38,18,20
13003,14730,11,11,0
13003,15001,10,10,0
13003,15002,30,19,11
13003,15003,127,28,99
13003,15081,10,10,0
13003,15082,13,13,0
13003,15083,10,10,0
13003,15084,15,15,0
13003,15085,22,22,0
13003,15086,34,14,20
13003,15087,0,0,0
13003,15088,81,16,65
13003,15089,25,13,12
13003,15090,54,31,23
13003,15091,25,12,13
13003,16051,28,13,15
13003,16052,0,0,0
13003,16053,31,12,19
13003,16054,0,0,0
13003,16055,0,0,0
13003,16056,0,0,0
13003,16061,0,0,0
13003,16062,0,0,0
13003,16063,0,0,0
13003,16064,0,0,0
13003,16065,0,0,0
13003,16066,0,0,0
13003,16067,0,0,0
13003,16068,0,0,0
13003,16069,0,0,0
13003,16070,0,0,0
13003,16071,0,0,0
13003,16072,0,0,0
13003,16073,0,0,0
13003,16074,0,0,0
13003,16075,0,0,0
13003,16076,0,0,0
13003,16077,0,0,0
13004,1001,0,0,0
13004,1002,82,17,65
13004,1003,280,103,177
13004,1004,60,0,60
13004,1051,0,0,0
13004,1053,202,95,107
13004,1054,11,0,11
13004,1055,104,49,55
13004,1056,77,32,45
13004,1057,0,0,0
13004,1058,10,0,10
13004,1059,79,66,13
13004,1060,82,28,54
13004,1061,27,15,12
13004,1062,208,48,160
13004,2000,1527,369,1158
13004,3101,11,0,11
13004,3102,0,0,0
13004,3103,0,0,0
13004,3151,68,68,0
13004,3153,0,0,0
13004,3154,23,23,0
13004,3155,0,0,0
13004,3157,0,0,0
13004,3158,0,0,0
13004,3159,0,0,0
13004,3241,102,31,71
13004,3251,12,0,12
13004,3252,0,0,0
13004,3254,0,0,0
13004,3255,0,0,0
13004,3256,63,63,0
13004,3257,0,0,0
13004,3351,11,0,11
13004,3352,42,42,0
13004,3353,74,30,44
13004,3354,33,23,10
13004,3355,126,90,36
13004,3356,0,0,0
13004,3357,12,0,12
13004,3358,0,0,0
13004,3359,13,0,13
13004,3360,51,51,0
13004,3361,11,0,11
13004,3401,0,0,0
13004,3402,0,0,0
13004,3403,0,0,0
13004,3404,24,0,24
13004,3405,0,0,0
13004,3451,0,0,0
13004,3452,0,0,0
13004,3453,0,0,0
13004,3454,21,0,21
13004,3455,0,0,0
13004,3456,0,0,0
13004,3457,0,0,0
13004,3458,0,0,0
13004,3459,0,0,0
13004,3460,12,0,12
13004,3461,12,12,0
13004,3462,0,0,0
13004,4011,37,0,37
13004,4012,0,0,0
13004,5111,37,0,37
13004,5112,0,0,0
13004,5113,12,0,12
13004,5114,0,0,0
13004,5116,0,0,0
13004,5117,0,0,0
13004,5119,0,0,0
13004,5120,0,0,0
13004,5122,0,0,0
13004,5124,0,0,0
13004,5154,0,0,0
13004,5158,0,0,0
13004,5162,0,0,0
13004,5166,0,0,0
13004,5170,0,0,0
13004,5314,10,0,10
13004,5315,53,18,35
13004,5316,0,0,0
13004,5334,0,0,0
13004,5358,0,0,0
13004,5362,10,10,0
13004,5366,0,0,0
13004,5370,0,0,0
13004,5374,11,0,11
13004,5378,0,0,0
13004,5382,0,0,0
13004,5512,0,0,0
13004,5513,0,0,0
13004,5515,0,0,0
13004,5554,0,0,0
13004,5558,0,0,0
13004,5562,0,0,0
13004,5566,0,0,0
13004,5570,0,0,0
13004,5711,0,0,0
13004,5754,0,0,0
13004,5758,0,0,0
13004,5762,0,0,0
13004,5766,0,0,0
13004,5770,0,0,0
13004,5774,0,0,0
13004,5911,0,0,0
13004,5913,13,0,13
13004,5914,0,0,0
13004,5915,0,0,0
13004,5916,0,0,0
13004,5954,0,0,0
13004,5958,0,0,0
13004,5962,0,0,0
13004,5966,0,0,0
13004,5970,0,0,0
13004,5974,0,0,0
13004,5978,0,0,0
13004,6411,0,0,0
13004,6412,24,0,24
13004,6413,0,0,0
13004,6414,0,0,0
13004,6431,0,0,0
13004,6432,0,0,0
13004,6433,0,0,0
13004,6434,0,0,0
13004,6435,0,0,0
13004,6436,0,0,0
13004,6437,0,0,0
13004,6438,0,0,0
13004,6439,0,0,0
13004,6440,0,0,0
13004,6531,0,0,0
13004,6532,0,0,0
13004,6533,0,0,0
13004,6534,0,0,0
13004,6535,0,0,0
13004,6611,0,0,0
13004,6631,0,0,0
13004,6632,0,0,0
13004,6633,0,0,0
13004,6634,0,0,0
13004,6635,0,0,0
13004,6636,0,0,0
13004,7111,0,0,0
13004,7131,0,0,0
13004,7132,0,0,0
13004,7133,0,0,0
13004,7134,0,0,0
13004,7135,0,0,0
13004,7137,0,0,0
13004,7138,0,0,0
13004,7140,0,0,0
13004,7141,0,0,0
13004,7143,0,0,0
13004,7211,0,0,0
13004,7231,0,0,0
13004,7232,0,0,0
13004,7233,0,0,0
13004,7235,0,0,0
13004,7311,0,0,0
13004,7312,0,0,0
13004,7313,0,0,0
13004,7314,0,0,0
13004,7315,0,0,0
13004,7316,0,0,0
13004,7317,0,0,0
13004,7318,0,0,0
13004,7319,0,0,0
13004,7320,0,0,0
13004,7331,0,0,0
13004,7332,0,0,0
13004,7333,0,0,0
13004,7334,0,0,0
13004,7335,0,0,0
13004,7336,0,0,0
13004,7337,0,0,0
13004,7338,0,0,0
13004,7339,0,0,0
13004,7340,0,0,0
13004,8111,16,0,16
13004,8115,0,0,0
13004,8116,0,0,0
13004,8117,0,0,0
13004,8118,0,0,0
13004,8119,0,0,0
13004,8121,0,0,0
13004,8125,0,0,0
13004,8126,0,0,0
13004,8127,0,0,0
13004,8128,0,0,0
13004,8135,0,0,0
13004,8136,0,0,0
13004,8211,0,0,0
13004,8212,0,0,0
13004,8215,0,0,0
13004,8216,0,0,0
13004,8221,0,0,0
13004,8222,10,0,10
13004,8225,0,0,0
13004,8226,0,0,0
13004,8231,0,0,0
13004,8235,0,0,0
13004,8236,0,0,0
13004,8237,0,0,0
13004,8311,0,0,0
13004,8315,0,0,0
13004,8316,0,0,0
13004,8317,0,0,0
13004,8325,0,0,0
13004,8326,0,0,0
13004,8327,0,0,0
13004,8335,0,0,0
13004,8336,0,0,0
13004,8337,0,0,0
13004,8415,0,0,0
13004,8416,0,0,0
13004,8417,0,0,0
13004,8421,0,0,0
13004,8425,0,0,0
13004,8426,0,0,0
13004,8435,54,0,54
13004,8436,0,0,0
13004,8437,0,0,0
13004,9161,0,0,0
13004,9162,50,17,33
13004,9163,0,0,0
13004,9171,0,0,0
13004,9172,0,0,0
13004,9173,0,0,0
13004,9174,0,0,0
13004,9175,0,0,0
13004,9176,0,0,0
13004,9177,0,0,0
13004,9178,0,0,0
13004,9179,0,0,0
13004,9180,0,0,0
13004,9181,0,0,0
13004,9182,0,0,0
13004,9183,0,0,0
13004,9184,0,0,0
13004,9185,0,0,0
13004,9186,0,0,0
13004,9187,0,0,0
13004,9188,0,0,0
13004,9189,0,0,0
13004,9190,0,0,0
13004,9261,0,0,0
13004,9262,0,0,0
13004,9263,0,0,0
13004,9271,0,0,0
13004,9272,0,0,0
13004,9273,0,0,0
13004,9274,0,0,0
13004,9275,0,0,0
13004,9276,0,0,0
13004,9277,0,0,0
13004,9278,0,0,0
13004,9279,0,0,0
13004,9361,0,0,0
13004,9362,0,0,0
13004,9363,0,0,0
13004,9371,0,0,0
13004,9372,0,0,0
13004,9373,0,0,0
13004,9374,0,0,0
13004,9375,0,0,0
13004,9376,0,0,0
13004,9377,0,0,0
13004,9461,0,0,0
13004,9462,0,0,0
13004,9463,0,0,0
13004,9464,0,0,0
13004,9471,0,0,0
13004,9472,0,0,0
13004,9473,0,0,0
13004,9474,0,0,0
13004,9475,0,0,0
13004,9476,0,0,0
13004,9477,0,0,0
13004,9478,0,0,0
13004,9479,0,0,0
13004,9561,0,0,0
13004,9562,0,0,0
13004,9563,0,0,0
13004,9564,25,0,25
13004,9565,0,0,0
13004,9571,0,0,0
13004,9572,0,0,0
13004,9573,0,0,0
13004,9574,0,0,0
13004,9575,0,0,0
13004,9576,0,0,0
13004,9577,0,0,0
13004,9661,0,0,0
13004,9662,0,0,0
13004,9663,0,0,0
13004,9671,0,0,0
13004,9672,0,0,0
13004,9673,0,0,0
13004,9674,0,0,0
13004,9675,0,0,0
13004,9676,0,0,0
13004,9677,0,0,0
13004,9678,0,0,0
13004,9679,0,0,0
13004,9761,0,0,0
13004,9762,0,0,0
13004,9763,0,0,0
13004,9764,0,0,0
13004,9771,0,0,0
13004,9772,0,0,0
13004,9773,0,0,0
13004,9774,0,0,0
13004,9775,0,0,0
13004,9776,0,0,0
13004,9777,0,0,0
13004,9778,0,0,0
13004,9779,0,0,0
13004,9780,0,0,0
13004,10041,0,0,0
13004,10042,0,0,0
13004,10043,0,0,0
13004,10044,0,0,0
13004,10045,0,0,0
13004,10046,0,0,0
13004,11000,594,247,347
13004,12051,0,0,0
13004,12052,0,0,0
13004,12053,11,0,11
13004,12054,29,11,18
13004,12060,11,11,0
13004,12061,13,13,0
13004,12062,0,0,0
13004,12063,17,17,0
13004,12064,19,19,0
13004,12065,38,26,12
13004,12066,0,0,0
13004,12067,26,15,11
13004,12068,65,52,13
13004,12069,45,18,27
13004,12070,355,304,51
13004,12071,0,0,0
13004,12072,27,12,15
13004,12073,33,18,15
13004,13003,1348,785,563
13004,13004,0,0,0
13004,13071,709,537,172
13004,13072,1278,1010,268
13004,13073,550,505,45
13004,13074,8018,6315,1703
13004,13075,329,292,37
13004,13076,17144,13251,3893
13004,14511,0,0,0
13004,14521,0,0,0
13004,14522,0,0,0
13004,14523,0,0,0
13004,14524,0,0,0
13004,14612,38,13,25
13004,14625,0,0,0
13004,14626,0,0,0
13004,14627,0,0,0
13004,14628,0,0,0
13004,14713,56,26,30
13004,14729,0,0,0
13004,14730,0,0,0
13004,15001,0,0,0
13004,15002,21,0,21
13004,15003,75,54,21
13004,15081,12,0,12
13004,15082,0,0,0
13004,15083,26,26,0
13004,15084,0,0,0
13004,15085,0,0,0
13004,15086,17,17,0
13004,15087,0,0,0
13004,15088,0,0,0
13004,15089,13,13,0
13004,15090,26,26,0
13004,15091,0,0,0
13004,16051,13,13,0
13004,16052,0,0,0
13004,16053,0,0,0
13004,16054,0,0,0
13004,16055,0,0,0
13004,16056,0,0,0
13004,16061,0,0,0
13004,16062,0,0,0
13004,16063,0,0,0
13004,16064,0,0,0
13004,16065,0,0,0
13004,16066,0,0,0
13004,16067,0,0,0
13004,16068,0,0,0
13004,16069,0,0,0
13004,16070,0,0,0
13004,16071,0,0,0
13004,16072,0,0,0
13004,16073,0,0,0
13004,16074,0,0,0
13004,16075,0,0,0
13004,16076,0,0,0
13004,16077,0,0,0
13071,1001,37,0,37
13071,1002,65,13,52
13071,1003,95,30,65
13071,1004,43,0,43
13071,1051,21,0,21
13071,1053,46,10,36
13071,1054,36,10,26
13071,1055,56,15,41
13071,1056,49,12,37
13071,1057,23,13,10
13071,1058,50,14,36
13071,1059,35,17,18
13071,1060,89,15,74
13071,1061,23,13,10
13071,1062,118,15,103
13071,2000,843,123,720
13071,3101,24,0,24
13071,3102,0,0,0
13071,3103,17,0,17
13071,3151,0,0,0
13071,3153,0,0,0
13071,3154,0,0,0
13071,3155,0,0,0
13071,3157,0,0,0
13071,3158,0,0,0
13071,3159,0,0,0
13071,3241,140,31,109
13071,3251,36,15,21
13071,3252,0,0,0
13071,3254,10,0,10
13071,3255,0,0,0
13071,3256,0,0,0
13071,3257,0,0,0
13071,3351,44,0,44
13071,3352,39,19,20
13071,3353,69,20,49
13071,3354,0,0,0
13071,3355,50,13,37
13071,3356,17,0,17
13071,3357,38,0,38
13071,3358,0,0,0
13071,3359,79,15,64
13071,3360,15,15,0
13071,3361,29,15,14
13071,3401,0,0,0
13071,3402,0,0,0
13071,3403,12,0,12
13071,3404,27,0,27
13071,3405,0,0,0
13071,3451,11,0,11
13071,3452,20,0,20
13071,3453,11,0,11
13071,3454,38,0,38
13071,3455,0,0,0
13071,3456,23,0,23
13071,3457,19,0,19
13071,3458,10,0,10
13071,3459,24,0,24
13071,3460,41,0,41
13071,3461,0,0,0
13071,3462,0,0,0
13071,4011,150,39,111
13071,4012,20,20,0
13071,5111,56,0,56
13071,5112,15,0,15
13071,5113,14,0,14
13071,5114,12,0,12
13071,5116,0,0,0
13071,5117,0,0,0
13071,5119,0,0,0
13071,5120,0,0,0
13071,5122,0,0,0
13071,5124,0,0,0
13071,5154,0,0,0
13071,5158,24,0,24
13071,5162,10,0,10
13071,5166,0,0,0
13071,5170,54,12,42
13071,5314,12,0,12
13071,5315,49,0,49
13071,5316,0,0,0
13071,5334,13,0,13
13071,5358,0,0,0
13071,5362,26,0,26
13071,5366,0,0,0
13071,5370,0,0,0
13071,5374,12,0,12
13071,5378,0,0,0
13071,5382,25,0,25
13071,5512,0,0,0
13071,5513,0,0,0
13071,5515,10,0,10
13071,5554,19,0,19
13071,5558,0,0,0
13071,5562,35,12,23
13071,5566,47,0,47
13071,5570,0,0,0
13071,5711,16,0,16
13071,5754,46,0,46
13071,5758,0,0,0
13071,5762,0,0,0
13071,5766,21,11,10
13071,5770,18,0,18
13071,5774,12,12,0
13071,5911,10,0,10
13071,5913,42,14,28
13071,5914,0,0,0
13071,5915,0,0,0
13071,5916,0,0,0
13071,5954,0,0,0
13071,5958,11,0,11
13071,5962,0,0,0
13071,5966,0,0,0
13071,5970,10,0,10
13071,5974,30,15,15
13071,5978,29,11,18
13071,6411,0,0,0
13071,6412,72,0,72
13071,6413,0,0,0
13071,6414,15,0,15
13071,6431,0,0,0
13071,6432,11,0,11
13071,6433,11,0,11
13071,6434,11,0,11
13071,6435,20,0,20
13071,6436,16,0,16
13071,6437,0,0,0
13071,6438,11,0,11
13071,6439,0,0,0
13071,6440,0,0,0
13071,6531,0,0,0
13071,6532,0,0,0
13071,6533,0,0,0
13071,6534,10,0,10
13071,6535,0,0,0
13071,6611,14,0,14
13071,6631,0,0,0
13071,6632,0,0,0
13071,6633,0,0,0
13071,6634,0,0,0
13071,6635,0,0,0
13071,6636,0,0,0
13071,7111,0,0,0
13071,7131,0,0,0
13071,7132,0,0,0
13071,7133,0,0,0
13071,7134,0,0,0
13071,7135,0,0,0
13071,7137,0,0,0
13071,7138,0,0,0
13071,7140,0,0,0
13071,7141,0,0,0
13071,7143,0,0,0
13071,7211,0,0,0
13071,7231,0,0,0
13071,7232,0,0,0
13071,7233,0,0,0
13071,7235,0,0,0
13071,7311,0,0,0
13071,7312,0,0,0
13071,7313,0,0,0
13071,7314,0,0,0
13071,7315,0,0,0
13071,7316,0,0,0
13071,7317,0,0,0
13071,7318,0,0,0
13071,7319,0,0,0
13071,7320,0,0,0
13071,7331,0,0,0
13071,7332,0,0,0
13071,7333,0,0,0
13071,7334,0,0,0
13071,7335,0,0,0
13071,7336,0,0,0
13071,7337,0,0,0
13071,7338,0,0,0
13071,7339,0,0,0
13071,7340,0,0,0
13071,8111,32,0,32
13071,8115,12,0,12
13071,8116,15,0,15
13071,8117,0,0,0
13071,8118,0,0,0
13071,8119,10,0,10
13071,8121,0,0,0
13071,8125,11,0,11
13071,8126,0,0,0
13071,8127,0,0,0
13071,8128,0,0,0
13071,8135,0,0,0
13071,8136,11,0,11
13071,8211,0,0,0
13071,8212,14,0,14
13071,8215,0,0,0
13071,8216,0,0,0
13071,8221,0,0,0
13071,8222,19,0,19
13071,8225,0,0,0
13071,8226,10,0,10
13071,8231,0,0,0
13071,8235,0,0,0
13071,8236,0,0,0
13071,8237,0,0,0
13071,8311,0,0,0
13071,8315,0,0,0
13071,8316,0,0,0
13071,8317,12,0,12
13071,8325,0,0,0
13071,8326,0,0,0
13071,8327,0,0,0
13071,8335,0,0,0
13071,8336,0,0,0
13071,8337,0,0,0
13071,8415,0,0,0
13071,8416,0,0,0
13071,8417,0,0,0
13071,8421,0,0,0
13071,8425,0,0,0
13071,8426,0,0,0
13071,8435,0,0,0
13071,8436,0,0,0
13071,8437,0,0,0
13071,9161,0,0,0
13071,9162,77,0,77
13071,9163,0,0,0
13071,9171,0,0,0
13071,9172,0,0,0
13071,9173,0,0,0
13071,9174,0,0,0
13071,9175,0,0,0
13071,9176,0,0,0
13071,9177,0,0,0
13071,9178,0,0,0
13071,9179,0,0,0
13071,9180,0,0,0
13071,9181,0,0,0
13071,9182,10,0,10
13071,9183,0,0,0
13071,9184,28,0,28
13071,9185,0,0,0
13071,9186,14,0,14
13071,9187,0,0,0
13071,9188,0,0,0
13071,9189,0,0,0
13071,9190,0,0,0
13071,9261,0,0,0
13071,9262,0,0,0
13071,9263,0,0,0
13071,9271,0,0,0
13071,9272,0,0,0
13071,9273,0,0,0
13071,9274,0,0,0
13071,9275,0,0,0
13071,9276,0,0,0
13071,9277,0,0,0
13071,9278,0,0,0
13071,9279,0,0,0
13071,9361,0,0,0
13071,9362,0,0,0
13071,9363,0,0,0
13071,9371,0,0,0
13071,9372,0,0,0
13071,9373,0,0,0
13071,9374,0,0,0
13071,9375,0,0,0
13071,9376,12,0,12
13071,9377,0,0,0
13071,9461,0,0,0
13071,9462,0,0,0
13071,9463,0,0,0
13071,9464,0,0,0
13071,9471,0,0,0
13071,9472,0,0,0
13071,9473,0,0,0
13071,9474,0,0,0
13071,9475,0,0,0
13071,9476,0,0,0
13071,9477,0,0,0
13071,9478,0,0,0
13071,9479,0,0,0
13071,9561,0,0,0
13071,9562,0,0,0
13071,9563,0,0,0
13071,9564,45,0,45
13071,9565,0,0,0
13071,9571,0,0,0
13071,9572,0,0,0
13071,9573,0,0,0
13071,9574,0,0,0
13071,9575,0,0,0
13071,9576,0,0,0
13071,9577,0,0,0
13071,9661,0,0,0
13071,9662,0,0,0
13071,9663,0,0,0
13071,9671,0,0,0
13071,9672,0,0,0
13071,9673,0,0,0
13071,9674,0,0,0
13071,9675,0,0,0
13071,9676,0,0,0
13071,9677,0,0,0
13071,9678,0,0,0
13071,9679,0,0,0
13071,9761,12,0,12
13071,9762,0,0,0
13071,9763,0,0,0
13071,9764,0,0,0
13071,9771,0,0,0
13071,9772,17,0,17
13071,9773,0,0,0
13071,9774,0,0,0
13071,9775,0,0,0
13071,9776,0,0,0
13071,9777,0,0,0
13071,9778,0,0,0
13071,9779,0,0,0
13071,9780,0,0,0
13071,10041,0,0,0
13071,10042,0,0,0
13071,10043,0,0,0
13071,10044,0,0,0
13071,10045,0,0,0
13071,10046,0,0,0
13071,11000,2313,551,1762
13071,12051,24,11,13
13071,12052,38,11,27
13071,12053,54,0,54
13071,12054,151,47,104
13071,12060,168,91,77
13071,12061,97,33,64
13071,12062,0,0,0
13071,12063,95,48,47
13071,12064,129,60,69
13071,12065,612,364,248
13071,12066,10,10,0
13071,12067,90,30,60
13071,12068,916,390,526
13071,12069,115,61,54
13071,12070,318,137,181
13071,12071,21,10,11
13071,12072,166,32,134
13071,12073,1392,881,511
13071,13003,1751,484,1267
13071,13004,709,172,537
13071,13071,0,0,0
13071,13072,3771,1685,2086
13071,13073,1612,941,671
13071,13074,333,204,129
13071,13075,6501,3976,2525
13071,13076,1469,824,645
13071,14511,39,17,22
13071,14521,0,0,0
13071,14522,23,0,23
13071,14523,0,0,0
13071,14524,50,15,35
13071,14612,96,25,71
13071,14625,20,0,20
13071,14626,0,0,0
13071,14627,18,0,18
13071,14628,14,0,14
13071,14713,137,26,111
13071,14729,28,10,18
13071,14730,12,0,12
13071,15001,12,0,12
13071,15002,20,0,20
13071,15003,82,0,82
13071,15081,14,0,14
13071,15082,29,10,19
13071,15083,17,0,17
13071,15084,121,102,19
13071,15085,0,0,0
13071,15086,19,0,19
13071,15087,0,0,0
13071,15088,25,0,25
13071,15089,31,11,20
13071,15090,39,11,28
13071,15091,25,0,25
13071,16051,63,11,52
13071,16052,0,0,0
13071,16053,16,0,16
13071,16054,0,0,0
13071,16055,0,0,0
13071,16056,0,0,0
13071,16061,13,0,13
13071,16062,0,0,0
13071,16063,17,0,17
13071,16064,0,0,0
13071,16065,0,0,0
13071,16066,0,0,0
13071,16067,0,0,0
13071,16068,0,0,0
13071,16069,0,0,0
13071,16070,0,0,0
13071,16071,0,0,0
13071,16072,0,0,0
13071,16073,0,0,0
13071,16074,0,0,0
13071,16075,0,0,0
13071,16076,0,0,0
13071,16077,0,0,0
13072,1001,28,0,28
13072,1002,112,13,99
13072,1003,250,46,204
13072,1004,30,0,30
13072,1051,67,11,56
13072,1053,103,39,64
13072,1054,47,17,30
13072,1055,234,36,198
13072,1056,72,19,53
13072,1057,29,0,29
13072,1058,118,18,100
13072,1059,53,21,32
13072,1060,111,27,84
13072,1061,25,0,25
13072,1062,171,29,142
13072,2000,1250,148,1102
13072,3101,20,0,20
13072,3102,0,0,0
13072,3103,0,0,0
13072,3151,11,0,11
13072,3153,0,0,0
13072,3154,0,0,0
13072,3155,0,0,0
13072,3157,0,0,0
13072,3158,0,0,0
13072,3159,0,0,0
13072,3241,133,18,115
13072,3251,27,12,15
13072,3252,0,0,0
13072,3254,12,0,12
13072,3255,0,0,0
13072,3256,12,0,12
13072,3257,0,0,0
13072,3351,49,10,39
13072,3352,45,0,45
13072,3353,107,17,90
13072,3354,0,0,0
13072,3355,51,16,35
13072,3356,20,0,20
13072,3357,29,13,16
13072,3358,23,0,23
13072,3359,46,14,32
13072,3360,27,0,27
13072,3361,20,0,20
13072,3401,11,0,11
13072,3402,68,0,68
13072,3403,12,0,12
13072,3404,0,0,0
13072,3405,0,0,0
13072,3451,10,0,10
13072,3452,11,0,11
13072,3453,14,0,14
13072,3454,30,0,30
13072,3455,0,0,0
13072,3456,0,0,0
13072,3457,25,0,25
13072,3458,13,0,13
13072,3459,39,10,29
13072,3460,13,0,13
13072,3461,0,0,0
13072,3462,0,0,0
13072,4011,152,13,139
13072,4012,15,0,15
13072,5111,86,0,86
13072,5112,15,0,15
13072,5113,34,0,34
13072,5114,0,0,0
13072,5116,0,0,0
13072,5117,0,0,0
13072,5119,0,0,0
13072,5120,0,0,0
13072,5122,0,0,0
13072,5124,0,0,0
13072,5154,0,0,0
13072,5158,27,0,27
13072,5162,10,10,0
13072,5166,0,0,0
13072,5170,17,0,17
13072,5314,11,0,11
13072,5315,75,0,75
13072,5316,0,0,0
13072,5334,23,0,23
13072,5358,0,0,0
13072,5362,34,0,34
13072,5366,0,0,0
13072,5370,0,0,0
13072,5374,22,0,22
13072,5378,0,0,0
13072,5382,13,0,13
13072,5512,0,0,0
13072,5513,16,0,16
13072,5515,17,0,17
13072,5554,13,0,13
13072,5558,0,0,0
13072,5562,20,20,0
13072,5566,19,0,19
13072,5570,0,0,0
13072,5711,0,0,0
13072,5754,21,0,21
13072,5758,10,0,10
13072,5762,0,0,0
13072,5766,0,0,0
13072,5770,0,0,0
13072,5774,0,0,0
13072,5911,15,0,15
13072,5913,16,0,16
13072,5914,0,0,0
13072,5915,0,0,0
13072,5916,0,0,0
13072,5954,0,0,0
13072,5958,0,0,0
13072,5962,0,0,0
13072,5966,0,0,0
13072,5970,0,0,0
13072,5974,0,0,0
13072,5978,16,0,16
13072,6411,0,0,0
13072,6412,60,0,60
13072,6413,0,0,0
13072,6414,16,0,16
13072,6431,0,0,0
13072,6432,0,0,0
13072,6433,17,0,17
13072,6434,13,0,13
13072,6435,17,0,17
13072,6436,13,0,13
13072,6437,0,0,0
13072,6438,16,0,16
13072,6439,10,0,10
13072,6440,0,0,0
13072,6531,0,0,0
13072,6532,0,0,0
13072,6533,0,0,0
13072,6534,0,0,0
13072,6535,0,0,0
13072,6611,0,0,0
13072,6631,0,0,0
13072,6632,18,0,18
13072,6633,0,0,0
13072,6634,0,0,0
13072,6635,0,0,0
13072,6636,0,0,0
13072,7111,0,0,0
13072,7131,0,0,0
13072,7132,0,0,0
13072,7133,0,0,0
13072,7134,0,0,0
13072,7135,0,0,0
13072,7137,0,0,0
13072,7138,0,0,0
13072,7140,0,0,0
13072,7141,0,0,0
13072,7143,0,0,0
13072,7211,0,0,0
13072,7231,0,0,0
13072,7232,0,0,0
13072,7233,0,0,0
13072,7235,0,0,0
13072,7311,0,0,0
13072,7312,0,0,0
13072,7313,0,0,0
13072,7314,0,0,0
13072,7315,0,0,0
13072,7316,0,0,0
13072,7317,0,0,0
13072,7318,0,0,0
13072,7319,0,0,0
13072,7320,0,0,0
13072,7331,0,0,0
13072,7332,0,0,0
13072,7333,0,0,0
13072,7334,0,0,0
13072,7335,0,0,0
13072,7336,0,0,0
13072,7337,0,0,0
13072,7338,0,0,0
13072,7339,0,0,0
13072,7340,0,0,0
13072,8111,24,0,24
13072,8115,0,0,0
13072,8116,15,0,15
13072,8117,0,0,0
13072,8118,14,0,14
13072,8119,10,0,10
13072,8121,0,0,0
13072,8125,0,0,0
13072,8126,0,0,0
13072,8127,0,0,0
13072,8128,0,0,0
13072,8135,0,0,0
13072,8136,0,0,0
13072,8211,0,0,0
13072,8212,10,0,10
13072,8215,13,0,13
13072,8216,0,0,0
13072,8221,0,0,0
13072,8222,11,0,11
13072,8225,0,0,0
13072,8226,13,0,13
13072,8231,0,0,0
13072,8235,0,0,0
13072,8236,0,0,0
13072,8237,0,0,0
13072,8311,0,0,0
13072,8315,0,0,0
13072,8316,0,0,0
13072,8317,0,0,0
13072,8325,0,0,0
13072,8326,0,0,0
13072,8327,0,0,0
13072,8335,0,0,0
13072,8336,0,0,0
13072,8337,0,0,0
13072,8415,0,0,0
13072,8416,0,0,0
13072,8417,0,0,0
13072,8421,16,0,16
13072,8425,0,0,0
13072,8426,10,0,10
13072,8435,0,0,0
13072,8436,0,0,0
13072,8437,0,0,0
13072,9161,0,0,0
13072,9162,147,0,147
13072,9163,0,0,0
13072,9171,0,0,0
13072,9172,0,0,0
13072,9173,0,0,0
13072,9174,0,0,0
13072,9175,0,0,0
13072,9176,0,0,0
13072,9177,0,0,0
13072,9178,14,0,14
13072,9179,0,0,0
13072,9180,0,0,0
13072,9181,0,0,0
13072,9182,0,0,0
13072,9183,0,0,0
13072,9184,30,0,30
13072,9185,0,0,0
13072,9186,12,0,12
13072,9187,0,0,0
13072,9188,0,0,0
13072,9189,0,0,0
13072,9190,0,0,0
13072,9261,0,0,0
13072,9262,0,0,0
13072,9263,0,0,0
13072,9271,12,0,12
13072,9272,0,0,0
13072,9273,0,0,0
13072,9274,0,0,0
13072,9275,0,0,0
13072,9276,0,0,0
13072,9277,0,0,0
13072,9278,0,0,0
13072,9279,0,0,0
13072,9361,0,0,0
13072,9362,0,0,0
13072,9363,0,0,0
13072,9371,0,0,0
13072,9372,0,0,0
13072,9373,10,0,10
13072,9374,0,0,0
13072,9375,0,0,0
13072,9376,0,0,0
13072,9377,0,0,0
13072,9461,0,0,0
13072,9462,0,0,0
13072,9463,0,0,0
13072,9464,0,0,0
13072,9471,0,0,0
13072,9472,0,0,0
13072,9473,0,0,0
13072,9474,0,0,0
13072,9475,0,0,0
13072,9476,0,0,0
13072,9477,0,0,0
13072,9478,0,0,0
13072,9479,0,0,0
13072,9561,0,0,0
13072,9562,11,0,11
13072,9563,0,0,0
13072,9564,21,0,21
13072,9565,0,0,0
13072,9571,0,0,0
13072,9572,0,0,0
13072,9573,0,0,0
13072,9574,0,0,0
13072,9575,0,0,0
13072,9576,0,0,0
13072,9577,0,0,0
13072,9661,0,0,0
13072,9662,0,0,0
13072,9663,0,0,0
13072,9671,0,0,0
13072,9672,0,0,0
13072,9673,0,0,0
13072,9674,0,0,0
13072,9675,0,0,0
13072,9676,0,0,0
13072,9677,0,0,0
13072,9678,0,0,0
13072,9679,0,0,0
13072,9761,0,0,0
13072,9762,0,0,0
13072,9763,0,0,0
13072,9764,0,0,0
13072,9771,0,0,0
13072,9772,0,0,0
13072,9773,0,0,0
13072,9774,10,0,10
13072,9775,0,0,0
13072,9776,0,0,0
13072,9777,0,0,0
13072,9778,0,0,0
13072,9779,0,0,0
13072,9780,0,0,0
13072,10041,98,0,98
13072,10042,0,0,0
13072,10043,0,0,0
13072,10044,0,0,0
13072,10045,0,0,0
13072,10046,0,0,0
13072,11000,1066,253,813
13072,12051,10,0,10
13072,12052,0,0,0
13072,12053,0,0,0
13072,12054,89,19,70
13072,12060,72,21,51
13072,12061,79,0,79
13072,12062,0,0,0
13072,12063,32,15,17
13072,12064,39,17,22
13072,12065,58,18,40
13072,12066,22,12,10
13072,12067,15,0,15
13072,12068,119,36,83
13072,12069,74,16,58
13072,12070,265,48,217
13072,12071,0,0,0
13072,12072,79,15,64
13072,12073,81,43,38
13072,13003,34662,12153,22509
13072,13004,1278,268,1010
13072,13071,3771,2086,1685
13072,13072,0,0,0
13072,13073,3583,2157,1426
13072,13074,2530,1057,1473
13072,13075,766,459,307
13072,13076,2001,1184,817
13072,14511,16,0,16
13072,14521,0,0,0
13072,14522,24,12,12
13072,14523,0,0,0
13072,14524,37,18,19
13072,14612,83,17,66
13072,14625,18,0,18
13072,14626,19,19,0
13072,14627,22,11,11
13072,14628,0,0,0
13072,14713,107,33,74
13072,14729,56,18,38
13072,14730,13,13,0
13072,15001,0,0,0
13072,15002,22,0,22
13072,15003,80,15,65
13072,15081,14,14,0
13072,15082,33,16,17
13072,15083,31,16,15
13072,15084,0,0,0
13072,15085,31,12,19
13072,15086,58,24,34
13072,15087,0,0,0
13072,15088,31,0,31
13072,15089,31,11,20
13072,15090,82,24,58
13072,15091,37,25,12
13072,16051,27,0,27
13072,16052,0,0,0
13072,16053,0,0,0
13072,16054,0,0,0
13072,16055,0,0,0
13072,16056,0,0,0
13072,16061,0,0,0
13072,16062,0,0,0
13072,16063,0,0,0
13072,16064,0,0,0
13072,16065,0,0,0
13072,16066,0,0,0
13072,16067,0,0,0
13072,16068,0,0,0
13072,16069,0,0,0
13072,16070,10,10,0
13072,16071,0,0,0
13072,16072,0,0,0
13072,16073,0,0,0
13072,16074,0,0,0
13072,16075,0,0,0
13072,16076,0,0,0
13072,16077,0,0,0
13073,1001,32,0,32
13073,1002,143,27,116
13073,1003,131,30,101
13073,1004,27,0,27
13073,1051,39,16,23
13073,1053,48,19,29
13073,1054,76,16,60
13073,1055,250,25,225
13073,1056,70,18,52
13073,1057,34,16,18
13073,1058,119,22,97
13073,1059,83,37,46
13073,1060,88,32,56
13073,1061,27,12,15
13073,1062,123,19,104
13073,2000,1001,188,813
13073,3101,27,12,15
13073,3102,0,0,0
13073,3103,11,0,11
13073,3151,17,0,17
13073,3153,0,0,0
13073,3154,0,0,0
13073,3155,11,0,11
13073,3157,0,0,0
13073,3158,0,0,0
13073,3159,0,0,0
13073,3241,102,35,67
13073,3251,18,0,18
13073,3252,0,0,0
13073,3254,10,10,0
13073,3255,0,0,0
13073,3256,0,0,0
13073,3257,0,0,0
13073,3351,21,0,21
13073,3352,127,74,53
13073,3353,99,29,70
13073,3354,0,0,0
13073,3355,32,13,19
13073,3356,34,0,34
13073,3357,40,0,40
13073,3358,21,0,21
13073,3359,56,12,44
13073,3360,0,0,0
13073,3361,27,0,27
13073,3401,0,0,0
13073,3402,23,0,23
13073,3403,33,0,33
13073,3404,16,0,16
13073,3405,0,0,0
13073,3451,0,0,0
13073,3452,11,0,11
13073,3453,16,0,16
13073,3454,75,11,64
13073,3455,0,0,0
13073,3456,10,0,10
13073,3457,50,0,50
13073,3458,0,0,0
13073,3459,22,0,22
13073,3460,52,0,52
13073,3461,17,17,0
13073,3462,0,0,0
13073,4011,146,25,121
13073,4012,41,10,31
13073,5111,50,0,50
13073,5112,16,0,16
13073,5113,31,18,13
13073,5114,0,0,0
13073,5116,0,0,0
13073,5117,0,0,0
13073,5119,11,11,0
13073,5120,0,0,0
13073,5122,24,0,24
13073,5124,13,0,13
13073,5154,0,0,0
13073,5158,22,0,22
13073,5162,0,0,0
13073,5166,0,0,0
13073,5170,88,0,88
13073,5314,10,0,10
13073,5315,87,12,75
13073,5316,0,0,0
13073,5334,0,0,0
13073,5358,0,0,0
13073,5362,19,0,19
13073,5366,0,0,0
13073,5370,11,0,11
13073,5374,30,0,30
13073,5378,0,0,0
13073,5382,14,0,14
13073,5512,0,0,0
13073,5513,0,0,0
13073,5515,21,0,21
13073,5554,0,0,0
13073,5558,0,0,0
13073,5562,10,0,10
13073,5566,34,11,23
13073,5570,15,0,15
13073,5711,0,0,0
13073,5754,19,0,19
13073,5758,0,0,0
13073,5762,0,0,0
13073,5766,0,0,0
13073,5770,10,10,0
13073,5774,0,0,0
13073,5911,18,0,18
13073,5913,43,17,26
13073,5914,0,0,0
13073,5915,0,0,0
13073,5916,0,0,0
13073,5954,0,0,0
13073,5958,0,0,0
13073,5962,0,0,0
13073,5966,0,0,0
13073,5970,0,0,0
13073,5974,12,0,12
13073,5978,0,0,0
13073,6411,0,0,0
13073,6412,75,0,75
13073,6413,0,0,0
13073,6414,0,0,0
13073,6431,0,0,0
13073,6432,0,0,0
13073,6433,10,0,10
13073,6434,0,0,0
13073,6435,0,0,0
13073,6436,10,0,10
13073,6437,0,0,0
13073,6438,13,0,13
13073,6439,0,0,0
13073,6440,0,0,0
13073,6531,0,0,0
13073,6532,0,0,0
13073,6533,0,0,0
13073,6534,0,0,0
13073,6535,0,0,0
13073,6611,0,0,0
13073,6631,0,0,0
13073,6632,0,0,0
13073,6633,11,11,0
13073,6634,0,0,0
13073,6635,0,0,0
13073,6636,0,0,0
13073,7111,0,0,0
13073,7131,0,0,0
13073,7132,0,0,0
13073,7133,0,0,0
13073,7134,0,0,0
13073,7135,0,0,0
13073,7137,0,0,0
13073,7138,0,0,0
13073,7140,0,0,0
13073,7141,0,0,0
13073,7143,0,0,0
13073,7211,0,0,0
13073,7231,0,0,0
13073,7232,0,0,0
13073,7233,0,0,0
13073,7235,0,0,0
13073,7311,0,0,0
13073,7312,0,0,0
13073,7313,0,0,0
13073,7314,0,0,0
13073,7315,0,0,0
13073,7316,0,0,0
13073,7317,0,0,0
13073,7318,0,0,0
13073,7319,0,0,0
13073,7320,0,0,0
13073,7331,0,0,0
13073,7332,0,0,0
13073,7333,0,0,0
13073,7334,0,0,0
13073,7335,0,0,0
13073,7336,0,0,0
13073,7337,0,0,0
13073,7338,0,0,0
13073,7339,0,0,0
13073,7340,0,0,0
13073,8111,25,0,25
13073,8115,0,0,0
13073,8116,25,0,25
13073,8117,0,0,0
13073,8118,10,0,10
13073,8119,0,0,0
13073,8121,0,0,0
13073,8125,0,0,0
13073,8126,0,0,0
13073,8127,0,0,0
13073,8128,0,0,0
13073,8135,0,0,0
13073,8136,12,0,12
13073,8211,0,0,0
13073,8212,10,0,10
13073,8215,16,0,16
13073,8216,0,0,0
13073,8221,10,0,10
13073,8222,18,0,18
13073,8225,0,0,0
13073,8226,0,0,0
13073,8231,0,0,0
13073,8235,0,0,0
13073,8236,0,0,0
13073,8237,0,0,0
13073,8311,0,0,0
13073,8315,0,0,0
13073,8316,0,0,0
13073,8317,0,0,0
13073,8325,0,0,0
13073,8326,0,0,0
13073,8327,0,0,0
13073,8335,0,0,0
13073,8336,28,0,28
13073,8337,0,0,0
13073,8415,0,0,0
13073,8416,0,0,0
13073,8417,0,0,0
13073,8421,0,0,0
13073,8425,0,0,0
13073,8426,0,0,0
13073,8435,0,0,0
13073,8436,0,0,0
13073,8437,0,0,0
13073,9161,0,0,0
13073,9162,79,0,79
13073,9163,0,0,0
13073,9171,0,0,0
13073,9172,0,0,0
13073,9173,0,0,0
13073,9174,0,0,0
13073,9175,0,0,0
13073,9176,0,0,0
13073,9177,0,0,0
13073,9178,0,0,0
13073,9179,12,0,12
13073,9180,0,0,0
13073,9181,0,0,0
13073,9182,0,0,0
13073,9183,0,0,0
13073,9184,25,0,25
13073,9185,0,0,0
13073,9186,13,0,13
13073,9187,0,0,0
13073,9188,0,0,0
13073,9189,0,0,0
13073,9190,0,0,0
13073,9261,0,0,0
13073,9262,0,0,0
13073,9263,0,0,0
13073,9271,13,0,13
13073,9272,0,0,0
13073,9273,0,0,0
13073,9274,0,0,0
13073,9275,0,0,0
13073,9276,0,0,0
13073,9277,0,0,0
13073,9278,0,0,0
13073,9279,0,0,0
13073,9361,12,0,12
13073,9362,0,0,0
13073,9363,0,0,0
13073,9371,0,0,0
13073,9372,0,0,0
13073,9373,0,0,0
13073,9374,0,0,0
13073,9375,0,0,0
13073,9376,0,0,0
13073,9377,0,0,0
13073,9461,0,0,0
13073,9462,0,0,0
13073,9463,0,0,0
13073,9464,0,0,0
13073,9471,0,0,0
13073,9472,0,0,0
13073,9473,0,0,0
13073,9474,0,0,0
13073,9475,0,0,0
13073,9476,0,0,0
13073,9477,0,0,0
13073,9478,0,0,0
13073,9479,0,0,0
13073,9561,0,0,0
13073,9562,10,0,10
13073,9563,0,0,0
13073,9564,36,0,36
13073,9565,0,0,0
13073,9571,0,0,0
13073,9572,0,0,0
13073,9573,0,0,0
13073,9574,0,0,0
13073,9575,0,0,0
13073,9576,0,0,0
13073,9577,10,10,0
13073,9661,0,0,0
13073,9662,0,0,0
13073,9663,0,0,0
13073,9671,0,0,0
13073,9672,0,0,0
13073,9673,0,0,0
13073,9674,0,0,0
13073,9675,0,0,0
13073,9676,0,0,0
13073,9677,0,0,0
13073,9678,0,0,0
13073,9679,0,0,0
13073,9761,0,0,0
13073,9762,0,0,0
13073,9763,0,0,0
13073,9764,0,0,0
13073,9771,0,0,0
13073,9772,0,0,0
13073,9773,0,0,0
13073,9774,0,0,0
13073,9775,0,0,0
13073,9776,0,0,0
13073,9777,0,0,0
13073,9778,0,0,0
13073,9779,0,0,0
13073,9780,0,0,0
13073,10041,0,0,0
13073,10042,0,0,0
13073,10043,0,0,0
13073,10044,0,0,0
13073,10045,0,0,0
13073,10046,0,0,0
13073,11000,1325,396,929
13073,12051,0,0,0
13073,12052,10,0,10
13073,12053,0,0,0
13073,12054,104,26,78
13073,12060,47,30,17
13073,12061,188,33,155
13073,12062,0,0,0
13073,12063,34,13,21
13073,12064,106,37,69
13073,12065,78,35,43
13073,12066,0,0,0
13073,12067,50,22,28
13073,12068,57,29,28
13073,12069,71,23,48
13073,12070,54,26,28
13073,12071,0,0,0
13073,12072,52,15,37
13073,12073,101,64,37
13073,13003,4621,1090,3531
13073,13004,550,45,505
13073,13071,1612,671,941
13073,13072,3583,1426,2157
13073,13073,0,0,0
13073,13074,346,171,175
13073,13075,6288,2328,3960
13073,13076,211,99,112
13073,14511,37,13,24
13073,14521,67,0,67
13073,14522,28,16,12
13073,14523,14,14,0
13073,14524,38,13,25
13073,14612,109,34,75
13073,14625,15,0,15
13073,14626,13,13,0
13073,14627,27,10,17
13073,14628,10,10,0
13073,14713,135,48,87
13073,14729,24,14,10
13073,14730,10,0,10
13073,15001,0,0,0
13073,15002,108,14,94
13073,15003,61,20,41
13073,15081,30,12,18
13073,15082,26,0,26
13073,15083,14,0,14
13073,15084,0,0,0
13073,15085,0,0,0
13073,15086,30,11,19
13073,15087,0,0,0
13073,15088,13,0,13
13073,15089,25,25,0
13073,15090,46,16,30
13073,15091,10,10,0
13073,16051,30,11,19
13073,16052,0,0,0
13073,16053,0,0,0
13073,16054,12,0,12
13073,16055,0,0,0
13073,16056,0,0,0
13073,16061,10,0,10
13073,16062,0,0,0
13073,16063,0,0,0
13073,16064,13,0,13
13073,16065,0,0,0
13073,16066,0,0,0
13073,16067,0,0,0
13073,16068,0,0,0
13073,16069,0,0,0
13073,16070,0,0,0
13073,16071,0,0,0
13073,16072,0,0,0
13073,16073,0,0,0
13073,16074,0,0,0
13073,16075,0,0,0
13073,16076,0,0,0
13073,16077,0,0,0
13074,1001,13,0,13
13074,1002,251,21,230
13074,1003,8294,1523,6771
13074,1004,72,0,72
13074,1051,27,0,27
13074,1053,1820,392,1428
13074,1054,48,0,48
13074,1055,1233,373,860
13074,1056,109,41,68
13074,1057,53,18,35
13074,1058,115,33,82
13074,1059,51,20,31
13074,1060,356,87,269
13074,1061,22,0,22
13074,1062,955,219,736
13074,2000,1796,326,1470
13074,3101,21,0,21
13074,3102,0,0,0
13074,3103,14,0,14
13074,3151,0,0,0
13074,3153,0,0,0
13074,3154,0,0,0
13074,3155,0,0,0
13074,3157,0,0,0
13074,3158,0,0,0
13074,3159,0,0,0
13074,3241,98,25,73
13074,3251,18,0,18
13074,3252,0,0,0
13074,3254,0,0,0
13074,3255,0,0,0
13074,3256,0,0,0
13074,3257,0,0,0
13074,3351,18,0,18
13074,3352,39,15,24
13074,3353,101,47,54
13074,3354,0,0,0
13074,3355,58,18,40
13074,3356,15,0,15
13074,3357,12,0,12
13074,3358,23,13,10
13074,3359,39,16,23
13074,3360,0,0,0
13074,3361,13,0,13
13074,3401,0,0,0
13074,3402,0,0,0
13074,3403,16,0,16
13074,3404,0,0,0
13074,3405,0,0,0
13074,3451,0,0,0
13074,3452,0,0,0
13074,3453,0,0,0
13074,3454,43,12,31
13074,3455,0,0,0
13074,3456,0,0,0
13074,3457,0,0,0
13074,3458,0,0,0
13074,3459,11,0,11
13074,3460,0,0,0
13074,3461,0,0,0
13074,3462,0,0,0
13074,4011,70,12,58
13074,4012,0,0,0
13074,5111,50,0,50
13074,5112,0,0,0
13074,5113,28,0,28
13074,5114,0,0,0
13074,5116,0,0,0
13074,5117,0,0,0
13074,5119,0,0,0
13074,5120,0,0,0
13074,5122,0,0,0
13074,5124,0,0,0
13074,5154,0,0,0
13074,5158,14,0,14
13074,5162,0,0,0
13074,5166,0,0,0
13074,5170,0,0,0
13074,5314,16,0,16
13074,5315,32,0,32
13074,5316,0,0,0
13074,5334,12,0,12
13074,5358,0,0,0
13074,5362,0,0,0
13074,5366,0,0,0
13074,5370,0,0,0
13074,5374,12,0,12
13074,5378,0,0,0
13074,5382,0,0,0
13074,5512,0,0,0
13074,5513,0,0,0
13074,5515,12,0,12
13074,5554,0,0,0
13074,5558,0,0,0
13074,5562,0,0,0
13074,5566,0,0,0
13074,5570,0,0,0
13074,5711,0,0,0
13074,5754,16,0,16
13074,5758,0,0,0
13074,5762,0,0,0
13074,5766,0,0,0
13074,5770,0,0,0
13074,5774,0,0,0
13074,5911,10,0,10
13074,5913,0,0,0
13074,5914,0,0,0
13074,5915,0,0,0
13074,5916,0,0,0
13074,5954,0,0,0
13074,5958,0,0,0
13074,5962,16,16,0
13074,5966,79,79,0
13074,5970,0,0,0
13074,5974,0,0,0
13074,5978,0,0,0
13074,6411,0,0,0
13074,6412,29,0,29
13074,6413,0,0,0
13074,6414,11,0,11
13074,6431,0,0,0
13074,6432,0,0,0
13074,6433,0,0,0
13074,6434,12,0,12
13074,6435,0,0,0
13074,6436,10,0,10
13074,6437,0,0,0
13074,6438,10,0,10
13074,6439,0,0,0
13074,6440,0,0,0
13074,6531,0,0,0
13074,6532,0,0,0
13074,6533,0,0,0
13074,6534,0,0,0
13074,6535,0,0,0
13074,6611,18,18,0
13074,6631,0,0,0
13074,6632,0,0,0
13074,6633,0,0,0
13074,6634,0,0,0
13074,6635,0,0,0
13074,6636,0,0,0
13074,7111,0,0,0
13074,7131,0,0,0
13074,7132,0,0,0
13074,7133,0,0,0
13074,7134,0,0,0
13074,7135,0,0,0
13074,7137,22,0,22
13074,7138,0,0,0
13074,7140,0,0,0
13074,7141,0,0,0
13074,7143,0,0,0
13074,7211,0,0,0
13074,7231,0,0,0
13074,7232,0,0,0
13074,7233,0,0,0
13074,7235,0,0,0
13074,7311,0,0,0
13074,7312,0,0,0
13074,7313,0,0,0
13074,7314,0,0,0
13074,7315,0,0,0
13074,7316,0,0,0
13074,7317,0,0,0
13074,7318,0,0,0
13074,7319,0,0,0
13074,7320,0,0,0
13074,7331,0,0,0
13074,7332,0,0,0
13074,7333,0,0,0
13074,7334,0,0,0
13074,7335,0,0,0
13074,7336,0,0,0
13074,7337,0,0,0
13074,7338,0,0,0
13074,7339,0,0,0
13074,7340,0,0,0
13074,8111,23,0,23
13074,8115,0,0,0
13074,8116,10,0,10
13074,8117,0,0,0
13074,8118,0,0,0
13074,8119,0,0,0
13074,8121,0,0,0
13074,8125,0,0,0
13074,8126,13,0,13
13074,8127,0,0,0
13074,8128,0,0,0
13074,8135,0,0,0
13074,8136,0,0,0
13074,8211,0,0,0
13074,8212,0,0,0
13074,8215,10,0,10
13074,8216,0,0,0
13074,8221,0,0,0
13074,8222,0,0,0
13074,8225,0,0,0
13074,8226,0,0,0
13074,8231,0,0,0
13074,8235,0,0,0
13074,8236,0,0,0
13074,8237,0,0,0
13074,8311,0,0,0
13074,8315,0,0,0
13074,8316,0,0,0
13074,8317,0,0,0
13074,8325,0,0,0
13074,8326,0,0,0
13074,8327,0,0,0
13074,8335,0,0,0
13074,8336,0,0,0
13074,8337,0,0,0
13074,8415,0,0,0
13074,8416,0,0,0
13074,8417,0,0,0
13074,8421,0,0,0
13074,8425,0,0,0
13074,8426,0,0,0
13074,8435,0,0,0
13074,8436,0,0,0
13074,8437,0,0,0
13074,9161,0,0,0
13074,9162,61,11,50
13074,9163,0,0,0
13074,9171,0,0,0
13074,9172,0,0,0
13074,9173,0,0,0
13074,9174,0,0,0
13074,9175,0,0,0
13074,9176,0,0,0
13074,9177,0,0,0
13074,9178,0,0,0
13074,9179,0,0,0
13074,9180,0,0,0
13074,9181,0,0,0
13074,9182,0,0,0
13074,9183,0,0,0
13074,9184,18,0,18
13074,9185,0,0,0
13074,9186,0,0,0
13074,9187,0,0,0
13074,9188,0,0,0
13074,9189,0,0,0
13074,9190,0,0,0
13074,9261,0,0,0
13074,9262,0,0,0
13074,9263,0,0,0
13074,9271,0,0,0
13074,9272,0,0,0
13074,9273,0,0,0
13074,9274,0,0,0
13074,9275,0,0,0
13074,9276,0,0,0
13074,9277,0,0,0
13074,9278,0,0,0
13074,9279,0,0,0
13074,9361,0,0,0
13074,9362,0,0,0
13074,9363,0,0,0
13074,9371,0,0,0
13074,9372,0,0,0
13074,9373,0,0,0
13074,9374,0,0,0
13074,9375,0,0,0
13074,9376,0,0,0
13074,9377,0,0,0
13074,9461,0,0,0
13074,9462,0,0,0
13074,9463,0,0,0
13074,9464,0,0,0
13074,9471,0,0,0
13074,9472,0,0,0
13074,9473,0,0,0
13074,9474,0,0,0
13074,9475,0,0,0
13074,9476,0,0,0
13074,9477,0,0,0
13074,9478,0,0,0
13074,9479,0,0,0
13074,9561,0,0,0
13074,9562,0,0,0
13074,9563,0,0,0
13074,9564,16,0,16
13074,9565,0,0,0
13074,9571,0,0,0
13074,9572,0,0,0
13074,9573,0,0,0
13074,9574,0,0,0
13074,9575,0,0,0
13074,9576,0,0,0
13074,9577,0,0,0
13074,9661,0,0,0
13074,9662,0,0,0
13074,9663,0,0,0
13074,9671,0,0,0
13074,9672,0,0,0
13074,9673,0,0,0
13074,9674,0,0,0
13074,9675,0,0,0
13074,9676,0,0,0
13074,9677,0,0,0
13074,9678,0,0,0
13074,9679,0,0,0
13074,9761,0,0,0
13074,9762,0,0,0
13074,9763,0,0,0
13074,9764,0,0,0
13074,9771,0,0,0
13074,9772,0,0,0
13074,9773,0,0,0
13074,9774,0,0,0
13074,9775,0,0,0
13074,9776,0,0,0
13074,9777,0,0,0
13074,9778,0,0,0
13074,9779,0,0,0
13074,9780,0,0,0
13074,10041,12,0,12
13074,10042,0,0,0
13074,10043,0,0,0
13074,10044,0,0,0
13074,10045,0,0,0
13074,10046,0,0,0
13074,11000,523,129,394
13074,12051,0,0,0
13074,12052,0,0,0
13074,12053,23,0,23
13074,12054,25,0,25
13074,12060,0,0,0
13074,12061,34,22,12
13074,12062,11,11,0
13074,12063,20,20,0
13074,12064,0,0,0
13074,12065,11,0,11
13074,12066,0,0,0
13074,12067,18,18,0
13074,12068,39,28,11
13074,12069,33,12,21
13074,12070,142,107,35
13074,12071,0,0,0
13074,12072,22,0,22
13074,12073,24,14,10
13074,13003,1858,695,1163
13074,13004,8018,1703,6315
13074,13071,333,129,204
13074,13072,2530,1473,1057
13074,13073,346,175,171
13074,13074,0,0,0
13074,13075,195,90,105
13074,13076,3416,1599,1817
13074,14511,0,0,0
13074,14521,0,0,0
13074,14522,0,0,0
13074,14523,15,0,15
13074,14524,10,0,10
13074,14612,50,27,23
13074,14625,0,0,0
13074,14626,0,0,0
13074,14627,15,0,15
13074,14628,0,0,0
13074,14713,74,29,45
13074,14729,0,0,0
13074,14730,0,0,0
13074,15001,0,0,0
13074,15002,24,0,24
13074,15003,37,21,16
13074,15081,10,10,0
13074,15082,0,0,0
13074,15083,0,0,0
13074,15084,0,0,0
13074,15085,15,0,15
13074,15086,18,0,18
13074,15087,0,0,0
13074,15088,20,0,20
13074,15089,12,0,12
13074,15090,70,23,47
13074,15091,0,0,0
13074,16051,0,0,0
13074,16052,0,0,0
13074,16053,0,0,0
13074,16054,0,0,0
13074,16055,0,0,0
13074,16056,0,0,0
13074,16061,0,0,0
13074,16062,0,0,0
13074,16063,0,0,0
13074,16064,0,0,0
13074,16065,0,0,0
13074,16066,0,0,0
13074,16067,0,0,0
13074,16068,0,0,0
13074,16069,0,0,0
13074,16070,0,0,0
13074,16071,0,0,0
13074,16072,0,0,0
13074,16073,0,0,0
13074,16074,0,0,0
13074,16075,0,0,0
13074,16076,0,0,0
13074,16077,0,0,0
13075,1001,24,0,24
13075,1002,135,10,125
13075,1003,131,22,109
13075,1004,18,0,18
13075,1051,14,0,14
13075,1053,48,14,34
13075,1054,94,14,80
13075,1055,115,21,94
13075,1056,65,14,51
13075,1057,13,0,13
13075,1058,68,10,58
13075,1059,31,0,31
13075,1060,81,18,63
13075,1061,19,0,19
13075,1062,85,22,63
13075,2000,824,125,699
13075,3101,32,0,32
13075,3102,0,0,0
13075,3103,0,0,0
13075,3151,12,0,12
13075,3153,0,0,0
13075,3154,0,0,0
13075,3155,0,0,0
13075,3157,0,0,0
13075,3158,0,0,0
13075,3159,38,13,25
13075,3241,188,64,124
13075,3251,23,0,23
13075,3252,0,0,0
13075,3254,41,25,16
13075,3255,0,0,0
13075,3256,13,0,13
13075,3257,0,0,0
13075,3351,32,0,32
13075,3352,29,0,29
13075,3353,68,10,58
13075,3354,0,0,0
13075,3355,43,0,43
13075,3356,26,0,26
13075,3357,34,12,22
13075,3358,15,0,15
13075,3359,61,12,49
13075,3360,0,0,0
13075,3361,15,0,15
13075,3401,12,0,12
13075,3402,11,0,11
13075,3403,33,0,33
13075,3404,12,0,12
13075,3405,15,0,15
13075,3451,0,0,0
13075,3452,13,0,13
13075,3453,20,0,20
13075,3454,69,11,58
13075,3455,0,0,0
13075,3456,0,0,0
13075,3457,18,0,18
13075,3458,12,0,12
13075,3459,37,0,37
13075,3460,34,0,34
13075,3461,13,0,13
13075,3462,0,0,0
13075,4011,216,18,198
13075,4012,40,0,40
13075,5111,45,0,45
13075,5112,23,0,23
13075,5113,29,0,29
13075,5114,24,0,24
13075,5116,0,0,0
13075,5117,13,0,13
13075,5119,0,0,0
13075,5120,0,0,0
13075,5122,11,0,11
13075,5124,0,0,0
13075,5154,0,0,0
13075,5158,30,0,30
13075,5162,0,0,0
13075,5166,0,0,0
13075,5170,13,0,13
13075,5314,19,0,19
13075,5315,70,10,60
13075,5316,0,0,0
13075,5334,16,0,16
13075,5358,0,0,0
13075,5362,11,0,11
13075,5366,0,0,0
13075,5370,0,0,0
13075,5374,13,0,13
13075,5378,0,0,0
13075,5382,34,0,34
13075,5512,0,0,0
13075,5513,11,0,11
13075,5515,11,0,11
13075,5554,19,0,19
13075,5558,0,0,0
13075,5562,13,0,13
13075,5566,23,0,23
13075,5570,0,0,0
13075,5711,18,0,18
13075,5754,292,34,258
13075,5758,0,0,0
13075,5762,0,0,0
13075,5766,23,0,23
13075,5770,21,0,21
13075,5774,0,0,0
13075,5911,18,0,18
13075,5913,12,0,12
13075,5914,0,0,0
13075,5915,0,0,0
13075,5916,0,0,0
13075,5954,12,0,12
13075,5958,0,0,0
13075,5962,0,0,0
13075,5966,0,0,0
13075,5970,0,0,0
13075,5974,18,0,18
13075,5978,0,0,0
13075,6411,10,0,10
13075,6412,67,0,67
13075,6413,0,0,0
13075,6414,0,0,0
13075,6431,0,0,0
13075,6432,15,0,15
13075,6433,0,0,0
13075,6434,13,0,13
13075,6435,17,0,17
13075,6436,15,0,15
13075,6437,0,0,0
13075,6438,0,0,0
13075,6439,0,0,0
13075,6440,0,0,0
13075,6531,12,0,12
13075,6532,0,0,0
13075,6533,0,0,0
13075,6534,0,0,0
13075,6535,0,0,0
13075,6611,12,0,12
13075,6631,10,0,10
13075,6632,0,0,0
13075,6633,0,0,0
13075,6634,0,0,0
13075,6635,0,0,0
13075,6636,0,0,0
13075,7111,0,0,0
13075,7131,0,0,0
13075,7132,0,0,0
13075,7133,0,0,0
13075,7134,0,0,0
13075,7135,0,0,0
13075,7137,39,0,39
13075,7138,0,0,0
13075,7140,0,0,0
13075,7141,0,0,0
13075,7143,0,0,0
13075,7211,0,0,0
13075,7231,0,0,0
13075,7232,0,0,0
13075,7233,0,0,0
13075,7235,0,0,0
13075,7311,0,0,0
13075,7312,0,0,0
13075,7313,0,0,0
13075,7314,0,0,0
13075,7315,0,0,0
13075,7316,0,0,0
13075,7317,0,0,0
13075,7318,0,0,0
13075,7319,0,0,0
13075,7320,0,0,0
13075,7331,0,0,0
13075,7332,0,0,0
13075,7333,0,0,0
13075,7334,0,0,0
13075,7335,0,0,0
13075,7336,0,0,0
13075,7337,0,0,0
13075,7338,0,0,0
13075,7339,0,0,0
13075,7340,0,0,0
13075,8111,35,0,35
13075,8115,0,0,0
13075,8116,22,0,22
13075,8117,0,0,0
13075,8118,11,0,11
13075,8119,0,0,0
13075,8121,0,0,0
13075,8125,0,0,0
13075,8126,10,0,10
13075,8127,0,0,0
13075,8128,0,0,0
13075,8135,0,0,0
13075,8136,10,0,10
13075,8211,0,0,0
13075,8212,13,0,13
13075,8215,40,13,27
13075,8216,0,0,0
13075,8221,28,0,28
13075,8222,22,0,22
13075,8225,0,0,0
13075,8226,0,0,0
13075,8231,0,0,0
13075,8235,0,0,0
13075,8236,0,0,0
13075,8237,0,0,0
13075,8311,0,0,0
13075,8315,0,0,0
13075,8316,0,0,0
13075,8317,11,0,11
13075,8325,0,0,0
13075,8326,0,0,0
13075,8327,0,0,0
13075,8335,0,0,0
13075,8336,0,0,0
13075,8337,0,0,0
13075,8415,0,0,0
13075,8416,11,0,11
13075,8417,0,0,0
13075,8421,0,0,0
13075,8425,0,0,0
13075,8426,0,0,0
13075,8435,0,0,0
13075,8436,0,0,0
13075,8437,0,0,0
13075,9161,0,0,0
13075,9162,80,0,80
13075,9163,0,0,0
13075,9171,0,0,0
13075,9172,0,0,0
13075,9173,0,0,0
13075,9174,0,0,0
13075,9175,0,0,0
13075,9176,0,0,0
13075,9177,0,0,0
13075,9178,0,0,0
13075,9179,0,0,0
13075,9180,0,0,0
13075,9181,0,0,0
13075,9182,0,0,0
13075,9183,0,0,0
13075,9184,41,13,28
13075,9185,0,0,0
13075,9186,13,0,13
13075,9187,0,0,0
13075,9188,13,0,13
13075,9189,0,0,0
13075,9190,0,0,0
13075,9261,0,0,0
13075,9262,0,0,0
13075,9263,0,0,0
13075,9271,0,0,0
13075,9272,0,0,0
13075,9273,0,0,0
13075,9274,0,0,0
13075,9275,0,0,0
13075,9276,0,0,0
13075,9277,0,0,0
13075,9278,0,0,0
13075,9279,0,0,0
13075,9361,0,0,0
13075,9362,0,0,0
13075,9363,0,0,0
13075,9371,0,0,0
13075,9372,0,0,0
13075,9373,11,0,11
13075,9374,0,0,0
13075,9375,0,0,0
13075,9376,0,0,0
13075,9377,0,0,0
13075,9461,0,0,0
13075,9462,0,0,0
13075,9463,0,0,0
13075,9464,0,0,0
13075,9471,0,0,0
13075,9472,0,0,0
13075,9473,0,0,0
13075,9474,0,0,0
13075,9475,0,0,0
13075,9476,0,0,0
13075,9477,0,0,0
13075,9478,0,0,0
13075,9479,0,0,0
13075,9561,0,0,0
13075,9562,14,0,14
13075,9563,0,0,0
13075,9564,22,0,22
13075,9565,0,0,0
13075,9571,0,0,0
13075,9572,0,0,0
13075,9573,0,0,0
13075,9574,0,0,0
13075,9575,0,0,0
13075,9576,0,0,0
13075,9577,0,0,0
13075,9661,0,0,0
13075,9662,0,0,0
13075,9663,21,0,21
13075,9671,0,0,0
13075,9672,0,0,0
13075,9673,0,0,0
13075,9674,0,0,0
13075,9675,0,0,0
13075,9676,0,0,0
13075,9677,0,0,0
13075,9678,0,0,0
13075,9679,0,0,0
13075,9761,0,0,0
13075,9762,0,0,0
13075,9763,0,0,0
13075,9764,0,0,0
13075,9771,0,0,0
13075,9772,0,0,0
13075,9773,0,0,0
13075,9774,0,0,0
13075,9775,0,0,0
13075,9776,0,0,0
13075,9777,0,0,0
13075,9778,0,0,0
13075,9779,0,0,0
13075,9780,0,0,0
13075,10041,12,0,12
13075,10042,0,0,0
13075,10043,0,0,0
13075,10044,0,0,0
13075,10045,0,0,0
13075,10046,0,0,0
13075,11000,1995,497,1498
13075,12051,10,0,10
13075,12052,21,0,21
13075,12053,17,17,0
13075,12054,154,33,121
13075,12060,178,79,99
13075,12061,74,20,54
13075,12062,43,11,32
13075,12063,33,11,22
13075,12064,109,47,62
13075,12065,125,45,80
13075,12066,27,14,13
13075,12067,74,29,45
13075,12068,112,50,62
13075,12069,78,17,61
13075,12070,40,13,27
13075,12071,23,10,13
13075,12072,99,22,77
13075,12073,2262,1069,1193
13075,13003,1236,352,884
13075,13004,329,37,292
13075,13071,6501,2525,3976
13075,13072,766,307,459
13075,13073,6288,3960,2328
13075,13074,195,105,90
13075,13075,0,0,0
13075,13076,238,122,116
13075,14511,37,0,37
13075,14521,11,11,0
13075,14522,17,0,17
13075,14523,10,0,10
13075,14524,18,0,18
13075,14612,106,32,74
13075,14625,47,31,16
13075,14626,12,0,12
13075,14627,57,11,46
13075,14628,16,16,0
13075,14713,143,38,105
13075,14729,29,10,19
13075,14730,28,13,15
13075,15001,10,0,10
13075,15002,81,12,69
13075,15003,108,22,86
13075,15081,14,0,14
13075,15082,19,0,19
13075,15083,25,10,15
13075,15084,83,0,83
13075,15085,19,0,19
13075,15086,22,11,11
13075,15087,0,0,0
13075,15088,42,0,42
13075,15089,12,0,12
13075,15090,51,19,32
13075,15091,0,0,0
13075,16051,42,0,42
13075,16052,50,50,0
13075,16053,11,11,0
13075,16054,0,0,0
13075,16055,0,0,0
13075,16056,0,0,0
13075,16061,10,0,10
13075,16062,0,0,0
13075,16063,20,0,20
13075,16064,0,0,0
13075,16065,0,0,0
13075,16066,0,0,0
13075,16067,20,10,10
13075,16068,0,0,0
13075,16069,0,0,0
13075,16070,0,0,0
13075,16071,0,0,0
13075,16072,0,0,0
13075,16073,0,0,0
13075,16074,0,0,0
13075,16075,0,0,0
13075,16076,0,0,0
13075,16077,0,0,0
13076,1001,41,29,12
13076,1002,117,32,85
13076,1003,520,81,439
13076,1004,641,14,627
13076,1051,23,0,23
13076,1053,3284,806,2478
13076,1054,54,11,43
13076,1055,109,26,83
13076,1056,189,50,139
13076,1057,29,16,13
13076,1058,129,65,64
13076,1059,116,68,48
13076,1060,279,52,227
13076,1061,48,16,32
13076,1062,1336,163,1173
13076,2000,4977,527,4450
13076,3101,14,0,14
13076,3102,0,0,0
13076,3103,28,0,28
13076,3151,33,13,20
13076,3153,0,0,0
13076,3154,0,0,0
13076,3155,0,0,0
13076,3157,0,0,0
13076,3158,0,0,0
13076,3159,37,0,37
13076,3241,156,16,140
13076,3251,37,11,26
13076,3252,0,0,0
13076,3254,11,0,11
13076,3255,0,0,0
13076,3256,12,0,12
13076,3257,0,0,0
13076,3351,51,12,39
13076,3352,66,12,54
13076,3353,449,103,346
13076,3354,762,144,618
13076,3355,1932,784,1148
13076,3356,21,0,21
13076,3357,114,22,92
13076,3358,38,11,27
13076,3359,95,19,76
13076,3360,132,31,101
13076,3361,24,0,24
13076,3401,0,0,0
13076,3402,0,0,0
13076,3403,10,0,10
13076,3404,18,0,18
13076,3405,0,0,0
13076,3451,0,0,0
13076,3452,0,0,0
13076,3453,27,0,27
13076,3454,98,29,69
13076,3455,0,0,0
13076,3456,10,0,10
13076,3457,15,0,15
13076,3458,21,11,10
13076,3459,109,0,109
13076,3460,203,28,175
13076,3461,0,0,0
13076,3462,0,0,0
13076,4011,147,18,129
13076,4012,11,0,11
13076,5111,79,0,79
13076,5112,17,0,17
13076,5113,23,0,23
13076,5114,12,0,12
13076,5116,0,0,0
13076,5117,0,0,0
13076,5119,0,0,0
13076,5120,0,0,0
13076,5122,0,0,0
13076,5124,0,0,0
13076,5154,0,0,0
13076,5158,20,0,20
13076,5162,0,0,0
13076,5166,0,0,0
13076,5170,10,0,10
13076,5314,13,0,13
13076,5315,59,0,59
13076,5316,0,0,0
13076,5334,11,0,11
13076,5358,0,0,0
13076,5362,16,0,16
13076,5366,0,0,0
13076,5370,0,0,0
13076,5374,0,0,0
13076,5378,0,0,0
13076,5382,25,0,25
13076,5512,0,0,0
13076,5513,26,0,26
13076,5515,14,0,14
13076,5554,15,0,15
13076,5558,12,0,12
13076,5562,12,12,0
13076,5566,15,0,15
13076,5570,10,0,10
13076,5711,0,0,0
13076,5754,23,0,23
13076,5758,0,0,0
13076,5762,0,0,0
13076,5766,0,0,0
13076,5770,21,0,21
13076,5774,17,0,17
13076,5911,10,0,10
13076,5913,35,14,21
13076,5914,0,0,0
13076,5915,0,0,0
13076,5916,0,0,0
13076,5954,0,0,0
13076,5958,0,0,0
13076,5962,0,0,0
13076,5966,0,0,0
13076,5970,10,0,10
13076,5974,0,0,0
13076,5978,14,0,14
13076,6411,0,0,0
13076,6412,47,0,47
13076,6413,0,0,0
13076,6414,17,0,17
13076,6431,0,0,0
13076,6432,0,0,0
13076,6433,0,0,0
13076,6434,15,0,15
13076,6435,16,0,16
13076,6436,13,0,13
13076,6437,0,0,0
13076,6438,19,0,19
13076,6439,0,0,0
13076,6440,27,0,27
13076,6531,0,0,0
13076,6532,0,0,0
13076,6533,0,0,0
13076,6534,0,0,0
13076,6535,0,0,0
13076,6611,14,0,14
13076,6631,0,0,0
13076,6632,0,0,0
13076,6633,0,0,0
13076,6634,0,0,0
13076,6635,0,0,0
13076,6636,0,0,0
13076,7111,0,0,0
13076,7131,0,0,0
13076,7132,0,0,0
13076,7133,0,0,0
13076,7134,0,0,0
13076,7135,0,0,0
13076,7137,11,0,11
13076,7138,0,0,0
13076,7140,0,0,0
13076,7141,0,0,0
13076,7143,14,0,14
13076,7211,0,0,0
13076,7231,0,0,0
13076,7232,0,0,0
13076,7233,0,0,0
13076,7235,0,0,0
13076,7311,0,0,0
13076,7312,0,0,0
13076,7313,0,0,0
13076,7314,0,0,0
13076,7315,0,0,0
13076,7316,0,0,0
13076,7317,0,0,0
13076,7318,0,0,0
13076,7319,0,0,0
13076,7320,0,0,0
13076,7331,0,0,0
13076,7332,0,0,0
13076,7333,0,0,0
13076,7334,0,0,0
13076,7335,0,0,0
13076,7336,0,0,0
13076,7337,0,0,0
13076,7338,0,0,0
13076,7339,0,0,0
13076,7340,0,0,0
13076,8111,28,0,28
13076,8115,15,15,0
13076,8116,0,0,0
13076,8117,0,0,0
13076,8118,0,0,0
13076,8119,0,0,0
13076,8121,0,0,0
13076,8125,0,0,0
13076,8126,14,0,14
13076,8127,0,0,0
13076,8128,0,0,0
13076,8135,0,0,0
13076,8136,15,0,15
13076,8211,0,0,0
13076,8212,0,0,0
13076,8215,0,0,0
13076,8216,0,0,0
13076,8221,0,0,0
13076,8222,17,0,17
13076,8225,0,0,0
13076,8226,15,0,15
13076,8231,0,0,0
13076,8235,0,0,0
13076,8236,0,0,0
13076,8237,0,0,0
13076,8311,0,0,0
13076,8315,0,0,0
13076,8316,0,0,0
13076,8317,0,0,0
13076,8325,0,0,0
13076,8326,0,0,0
13076,8327,0,0,0
13076,8335,0,0,0
13076,8336,10,0,10
13076,8337,0,0,0
13076,8415,0,0,0
13076,8416,0,0,0
13076,8417,0,0,0
13076,8421,0,0,0
13076,8425,0,0,0
13076,8426,0,0,0
13076,8435,33,0,33
13076,8436,14,0,14
13076,8437,0,0,0
13076,9161,0,0,0
13076,9162,55,0,55
13076,9163,0,0,0
13076,9171,0,0,0
13076,9172,0,0,0
13076,9173,0,0,0
13076,9174,0,0,0
13076,9175,0,0,0
13076,9176,0,0,0
13076,9177,0,0,0
13076,9178,10,0,10
13076,9179,0,0,0
13076,9180,0,0,0
13076,9181,0,0,0
13076,9182,0,0,0
13076,9183,29,29,0
13076,9184,27,0,27
13076,9185,0,0,0
13076,9186,11,0,11
13076,9187,0,0,0
13076,9188,0,0,0
13076,9189,0,0,0
13076,9190,0,0,0
13076,9261,0,0,0
13076,9262,0,0,0
13076,9263,0,0,0
13076,9271,0,0,0
13076,9272,0,0,0
13076,9273,0,0,0
13076,9274,0,0,0
13076,9275,0,0,0
13076,9276,0,0,0
13076,9277,0,0,0
13076,9278,0,0,0
13076,9279,0,0,0
13076,9361,0,0,0
13076,9362,0,0,0
13076,9363,0,0,0
13076,9371,0,0,0
13076,9372,0,0,0
13076,9373,0,0,0
13076,9374,13,0,13
13076,9375,0,0,0
13076,9376,0,0,0
13076,9377,0,0,0
13076,9461,0,0,0
13076,9462,0,0,0
13076,9463,0,0,0
13076,9464,0,0,0
13076,9471,0,0,0
13076,9472,0,0,0
13076,9473,0,0,0
13076,9474,0,0,0
13076,9475,0,0,0
13076,9476,0,0,0
13076,9477,0,0,0
13076,9478,0,0,0
13076,9479,0,0,0
13076,9561,0,0,0
13076,9562,0,0,0
13076,9563,0,0,0
13076,9564,31,0,31
13076,9565,0,0,0
13076,9571,0,0,0
13076,9572,0,0,0
13076,9573,0,0,0
13076,9574,0,0,0
13076,9575,0,0,0
13076,9576,0,0,0
13076,9577,0,0,0
13076,9661,0,0,0
13076,9662,0,0,0
13076,9663,0,0,0
13076,9671,0,0,0
13076,9672,0,0,0
13076,9673,0,0,0
13076,9674,0,0,0
13076,9675,0,0,0
13076,9676,0,0,0
13076,9677,0,0,0
13076,9678,0,0,0
13076,9679,0,0,0
13076,9761,0,0,0
13076,9762,0,0,0
13076,9763,0,0,0
13076,9764,0,0,0
13076,9771,0,0,0
13076,9772,0,0,0
13076,9773,0,0,0
13076,9774,0,0,0
13076,9775,30,0,30
13076,9776,0,0,0
13076,9777,0,0,0
13076,9778,19,19,0
13076,9779,0,0,0
13076,9780,0,0,0
13076,10041,0,0,0
13076,10042,0,0,0
13076,10043,0,0,0
13076,10044,0,0,0
13076,10045,0,0,0
13076,10046,0,0,0
13076,11000,875,136,739
13076,12051,14,0,14
13076,12052,0,0,0
13076,12053,10,0,10
13076,12054,62,12,50
13076,12060,27,16,11
13076,12061,39,0,39
13076,12062,0,0,0
13076,12063,31,17,14
13076,12064,94,10,84
13076,12065,47,16,31
13076,12066,0,0,0
13076,12067,39,26,13
13076,12068,218,109,109
13076,12069,60,17,43
13076,12070,1873,947,926
13076,12071,0,0,0
13076,12072,31,0,31
13076,12073,35,16,19
13076,13003,962,207,755
13076,13004,17144,3893,13251
13076,13071,1469,645,824
13076,13072,2001,817,1184
13076,13073,211,112,99
13076,13074,3416,1817,1599
13076,13075,238,116,122
13076,13076,0,0,0
13076,14511,0,0,0
13076,14521,0,0,0
13076,14522,11,0,11
13076,14523,0,0,0
13076,14524,0,0,0
13076,14612,61,12,49
13076,14625,31,0,31
13076,14626,0,0,0
13076,14627,21,0,21
13076,14628,0,0,0
13076,14713,49,12,37
13076,14729,0,0,0
13076,14730,0,0,0
13076,15001,0,0,0
13076,15002,72,0,72
13076,15003,29,0,29
13076,15081,60,24,36
13076,15082,15,0,15
13076,15083,29,14,15
13076,15084,0,0,0
13076,15085,41,0,41
13076,15086,23,0,23
13076,15087,0,0,0
13076,15088,19,0,19
13076,15089,34,11,23
13076,15090,113,64,49
13076,15091,12,0,12
13076,16051,21,0,21
13076,16052,0,0,0
13076,16053,0,0,0
13076,16054,0,0,0
13076,16055,0,0,0
13076,16056,0,0,0
13076,16061,0,0,0
13076,16062,0,0,0
13076,16063,0,0,0
13076,16064,0,0,0
13076,16065,0,0,0
13076,16066,0,0,0
13076,16067,0,0,0
13076,16068,0,0,0
13076,16069,0,0,0
13076,16070,0,0,0
13076,16071,0,0,0
13076,16072,0,0,0
13076,16073,0,0,0
13076,16074,0,0,0
13076,16075,0,0,0
13076,16076,0,0,0
13076,16077,0,0,0
14511,1001,0,0,0
14511,1002,0,0,0
14511,1003,0,0,0
14511,1004,0,0,0
14511,1051,0,0,0
14511,1053,0,0,0
14511,1054,0,0,0
14511,1055,0,0,0
14511,1056,0,0,0
14511,1057,0,0,0
14511,1058,0,0,0
14511,1059,0,0,0
14511,1060,10,10,0
14511,1061,0,0,0
14511,1062,10,0,10
14511,2000,226,74,152
14511,3101,29,14,15
14511,3102,0,0,0
14511,3103,27,0,27
14511,3151,0,0,0
14511,3153,0,0,0
14511,3154,15,15,0
14511,3155,0,0,0
14511,3157,0,0,0
14511,3158,0,0,0
14511,3159,36,13,23
14511,3241,82,34,48
14511,3251,0,0,0
14511,3252,0,0,0
14511,3254,17,0,17
14511,3255,0,0,0
14511,3256,0,0,0
14511,3257,0,0,0
14511,3351,0,0,0
14511,3352,0,0,0
14511,3353,0,0,0
14511,3354,0,0,0
14511,3355,0,0,0
14511,3356,26,26,0
14511,3357,17,17,0
14511,3358,0,0,0
14511,3359,0,0,0
14511,3360,0,0,0
14511,3361,0,0,0
14511,3401,0,0,0
14511,3402,0,0,0
14511,3403,0,0,0
14511,3404,0,0,0
14511,3405,0,0,0
14511,3451,0,0,0
14511,3452,0,0,0
14511,3453,0,0,0
14511,3454,0,0,0
14511,3455,0,0,0
14511,3456,0,0,0
14511,3457,0,0,0
14511,3458,0,0,0
14511,3459,10,10,0
14511,3460,0,0,0
14511,3461,0,0,0
14511,3462,0,0,0
14511,4011,48,18,30
14511,4012,0,0,0
14511,5111,119,47,72
14511,5112,0,0,0
14511,5113,49,17,32
14511,5114,31,31,0
14511,5116,10,10,0
14511,5117,0,0,0
14511,5119,0,0,0
14511,5120,14,0,14
14511,5122,0,0,0
14511,5124,10,0,10
14511,5154,14,14,0
14511,5158,65,33,32
14511,5162,35,12,23
14511,5166,0,0,0
14511,5170,40,40,0
14511,5314,31,14,17
14511,5315,111,44,67
14511,5316,12,0,12
14511,5334,36,24,12
14511,5358,0,0,0
14511,5362,35,21,14
14511,5366,0,0,0
14511,5370,12,12,0
14511,5374,46,16,30
14511,5378,0,0,0
14511,5382,37,21,16
14511,5512,0,0,0
14511,5513,16,16,0
14511,5515,0,0,0
14511,5554,28,15,13
14511,5558,0,0,0
14511,5562,20,20,0
14511,5566,36,22,14
14511,5570,0,0,0
14511,5711,10,0,10
14511,5754,16,0,16
14511,5758,0,0,0
14511,5762,0,0,0
14511,5766,0,0,0
14511,5770,11,11,0
14511,5774,0,0,0
14511,5911,26,12,14
14511,5913,41,19,22
14511,5914,0,0,0
14511,5915,0,0,0
14511,5916,0,0,0
14511,5954,11,0,11
14511,5958,0,0,0
14511,5962,23,23,0
14511,5966,0,0,0
14511,5970,16,0,16
14511,5974,0,0,0
14511,5978,23,13,10
14511,6411,23,11,12
14511,6412,133,25,108
14511,6413,88,11,77
14511,6414,36,14,22
14511,6431,10,0,10
14511,6432,16,16,0
14511,6433,29,10,19
14511,6434,35,0,35
14511,6435,89,18,71
14511,6436,35,0,35
14511,6437,0,0,0
14511,6438,41,17,24
14511,6439,0,0,0
14511,6440,10,0,10
14511,6531,24,13,11
14511,6532,12,0,12
14511,6533,0,0,0
14511,6534,20,10,10
14511,6535,0,0,0
14511,6611,13,0,13
14511,6631,12,0,12
14511,6632,0,0,0
14511,6633,0,0,0
14511,6634,0,0,0
14511,6635,12,0,12
14511,6636,0,0,0
14511,7111,0,0,0
14511,7131,17,17,0
14511,7132,0,0,0
14511,7133,0,0,0
14511,7134,0,0,0
14511,7135,0,0,0
14511,7137,0,0,0
14511,7138,0,0,0
14511,7140,0,0,0
14511,7141,0,0,0
14511,7143,12,12,0
14511,7211,0,0,0
14511,7231,0,0,0
14511,7232,0,0,0
14511,7233,0,0,0
14511,7235,0,0,0
14511,7311,0,0,0
14511,7312,0,0,0
14511,7313,0,0,0
14511,7314,0,0,0
14511,7315,12,0,12
14511,7316,0,0,0
14511,7317,0,0,0
14511,7318,0,0,0
14511,7319,0,0,0
14511,7320,0,0,0
14511,7331,10,10,0
14511,7332,0,0,0
14511,7333,0,0,0
14511,7334,0,0,0
14511,7335,0,0,0
14511,7336,0,0,0
14511,7337,0,0,0
14511,7338,20,10,10
14511,7339,0,0,0
14511,7340,0,0,0
14511,8111,98,28,70
14511,8115,70,46,24
14511,8116,56,18,38
14511,8117,13,0,13
14511,8118,55,25,30
14511,8119,66,21,45
14511,8121,0,0,0
14511,8125,39,20,19
14511,8126,10,0,10
14511,8127,0,0,0
14511,8128,0,0,0
14511,8135,0,0,0
14511,8136,22,0,22
14511,8211,0,0,0
14511,8212,20,0,20
14511,8215,31,12,19
14511,8216,12,0,12
14511,8221,16,0,16
14511,8222,75,0,75
14511,8225,0,0,0
14511,8226,41,14,27
14511,8231,0,0,0
14511,8235,0,0,0
14511,8236,0,0,0
14511,8237,0,0,0
14511,8311,0,0,0
14511,8315,0,0,0
14511,8316,0,0,0
14511,8317,35,19,16
14511,8325,0,0,0
14511,8326,0,0,0
14511,8327,0,0,0
14511,8335,0,0,0
14511,8336,10,0,10
14511,8337,0,0,0
14511,8415,13,0,13
14511,8416,34,11,23
14511,8417,13,0,13
14511,8421,0,0,0
14511,8425,0,0,0
14511,8426,10,0,10
14511,8435,0,0,0
14511,8436,15,0,15
14511,8437,0,0,0
14511,9161,30,10,20
14511,9162,310,103,207
14511,9163,10,0,10
14511,9171,0,0,0
14511,9172,0,0,0
14511,9173,0,0,0
14511,9174,36,13,23
14511,9175,0,0,0
14511,9176,14,0,14
14511,9177,0,0,0
14511,9178,28,12,16
14511,9179,19,0,19
14511,9180,0,0,0
14511,9181,0,0,0
14511,9182,0,0,0
14511,9183,0,0,0
14511,9184,111,20,91
14511,9185,10,0,10
14511,9186,15,0,15
14511,9187,20,0,20
14511,9188,26,0,26
14511,9189,10,0,10
14511,9190,0,0,0
14511,9261,0,0,0
14511,9262,10,0,10
14511,9263,0,0,0
14511,9271,12,12,0
14511,9272,0,0,0
14511,9273,0,0,0
14511,9274,0,0,0
14511,9275,0,0,0
14511,9276,0,0,0
14511,9277,0,0,0
14511,9278,0,0,0
14511,9279,0,0,0
14511,9361,0,0,0
14511,9362,32,10,22
14511,9363,10,0,10
14511,9371,0,0,0
14511,9372,15,0,15
14511,9373,0,0,0
14511,9374,17,0,17
14511,9375,22,10,12
14511,9376,16,0,16
14511,9377,13,0,13
14511,9461,0,0,0
14511,9462,46,13,33
14511,9463,0,0,0
14511,9464,43,23,20
14511,9471,0,0,0
14511,9472,0,0,0
14511,9473,0,0,0
14511,9474,22,0,22
14511,9475,39,19,20
14511,9476,0,0,0
14511,9477,0,0,0
14511,9478,0,0,0
14511,9479,0,0,0
14511,9561,0,0,0
14511,9562,39,11,28
14511,9563,31,15,16
14511,9564,257,42,215
14511,9565,0,0,0
14511,9571,0,0,0
14511,9572,10,0,10
14511,9573,0,0,0
14511,9574,27,15,12
14511,9575,0,0,0
14511,9576,25,0,25
14511,9577,0,0,0
14511,9661,0,0,0
14511,9662,0,0,0
14511,9663,10,10,0
14511,9671,17,0,17
14511,9672,0,0,0
14511,9673,0,0,0
14511,9674,0,0,0
14511,9675,0,0,0
14511,9676,0,0,0
14511,9677,10,0,10
14511,9678,0,0,0
14511,9679,83,0,83
14511,9761,44,21,23
14511,9762,0,0,0
14511,9763,0,0,0
14511,9764,0,0,0
14511,9771,0,0,0
14511,9772,0,0,0
14511,9773,0,0,0
14511,9774,10,0,10
14511,9775,0,0,0
14511,9776,0,0,0
14511,9777,0,0,0
14511,9778,14,0,14
14511,9779,15,0,15
14511,9780,0,0,0
14511,10041,0,0,0
14511,10042,0,0,0
14511,10043,0,0,0
14511,10044,0,0,0
14511,10045,0,0,0
14511,10046,11,0,11
14511,11000,1072,524,548
14511,12051,13,13,0
14511,12052,68,35,33
14511,12053,0,0,0
14511,12054,45,18,27
14511,12060,60,21,39
14511,12061,54,25,29
14511,12062,41,41,0
14511,12063,35,21,14
14511,12064,32,22,10
14511,12065,24,24,0
14511,12066,66,47,19
14511,12067,21,21,0
14511,12068,10,10,0
14511,12069,64,24,40
14511,12070,0,0,0
14511,12071,37,37,0
14511,12072,32,21,11
14511,12073,10,10,0
14511,13003,39,23,16
14511,13004,0,0,0
14511,13071,39,22,17
14511,13072,16,16,0
14511,13073,37,24,13
14511,13074,0,0,0
14511,13075,37,37,0
14511,13076,0,0,0
14511,14511,0,0,0
14511,14521,19186,14305,4881
14511,14522,21028,14316,6712
14511,14523,1403,1079,324
14511,14524,16369,10422,5947
14511,14612,3426,1531,1895
14511,14625,419,294,125
14511,14626,159,133,26
14511,14627,819,486,333
14511,14628,544,415,129
14511,14713,2662,1403,1259
14511,14729,1045,831,214
14511,14730,315,222,93
14511,15001,130,102,28
14511,15002,211,125,86
14511,15003,138,60,78
14511,15081,0,0,0
14511,15082,102,76,26
14511,15083,20,20,0
14511,15084,140,107,33
14511,15085,0,0,0
14511,15086,14,14,0
14511,15087,40,23,17
14511,15088,170,99,71
14511,15089,47,36,11
14511,15090,27,14,13
14511,15091,78,60,18
14511,16051,268,143,125
14511,16052,332,212,120
14511,16053,143,87,56
14511,16054,16,16,0
14511,16055,45,32,13
14511,16056,0,0,0
14511,16061,10,10,0
14511,16062,16,16,0
14511,16063,46,15,31
14511,16064,29,19,10
14511,16065,0,0,0
14511,16066,37,26,11
14511,16067,63,52,11
14511,16068,42,32,10
14511,16069,30,30,0
14511,16070,40,30,10
14511,16071,43,31,12
14511,16072,0,0,0
14511,16073,35,22,13
14511,16074,88,57,31
14511,16075,61,43,18
14511,16076,244,189,55
14511,16077,498,382,116
14521,1001,0,0,0
14521,1002,0,0,0
14521,1003,0,0,0
14521,1004,0,0,0
14521,1051,0,0,0
14521,1053,0,0,0
14521,1054,10,0,10
14521,1055,0,0,0
14521,1056,22,22,0
14521,1057,0,0,0
14521,1058,0,0,0
14521,1059,0,0,0
14521,1060,19,19,0
14521,1061,0,0,0
14521,1062,0,0,0
14521,2000,86,21,65
14521,3101,0,0,0
14521,3102,0,0,0
14521,3103,29,0,29
14521,3151,0,0,0
14521,3153,0,0,0
14521,3154,0,0,0
14521,3155,0,0,0
14521,3157,0,0,0
14521,3158,0,0,0
14521,3159,37,37,0
14521,3241,53,13,40
14521,3251,12,0,12
14521,3252,0,0,0
14521,3254,0,0,0
14521,3255,0,0,0
14521,3256,12,0,12
14521,3257,13,0,13
14521,3351,0,0,0
14521,3352,0,0,0
14521,3353,10,0,10
14521,3354,0,0,0
14521,3355,0,0,0
14521,3356,14,0,14
14521,3357,0,0,0
14521,3358,0,0,0
14521,3359,0,0,0
14521,3360,0,0,0
14521,3361,0,0,0
14521,3401,0,0,0
14521,3402,0,0,0
14521,3403,29,29,0
14521,3404,0,0,0
14521,3405,0,0,0
14521,3451,0,0,0
14521,3452,0,0,0
14521,3453,0,0,0
14521,3454,26,15,11
14521,3455,0,0,0
14521,3456,0,0,0
14521,3457,0,0,0
14521,3458,0,0,0
14521,3459,11,0,11
14521,3460,0,0,0
14521,3461,0,0,0
14521,3462,0,0,0
14521,4011,23,0,23
14521,4012,0,0,0
14521,5111,30,0,30
14521,5112,0,0,0
14521,5113,24,0,24
14521,5114,0,0,0
14521,5116,0,0,0
14521,5117,0,0,0
14521,5119,0,0,0
14521,5120,0,0,0
14521,5122,0,0,0
14521,5124,12,0,12
14521,5154,0,0,0
14521,5158,22,0,22
14521,5162,0,0,0
14521,5166,10,0,10
14521,5170,0,0,0
14521,5314,12,0,12
14521,5315,39,0,39
14521,5316,0,0,0
14521,5334,10,0,10
14521,5358,0,0,0
14521,5362,0,0,0
14521,5366,0,0,0
14521,5370,0,0,0
14521,5374,13,0,13
14521,5378,0,0,0
14521,5382,22,11,11
14521,5512,24,0,24
14521,5513,12,0,12
14521,5515,0,0,0
14521,5554,0,0,0
14521,5558,0,0,0
14521,5562,25,0,25
14521,5566,15,0,15
14521,5570,13,0,13
14521,5711,19,0,19
14521,5754,20,0,20
14521,5758,0,0,0
14521,5762,63,63,0
14521,5766,0,0,0
14521,5770,0,0,0
14521,5774,0,0,0
14521,5911,12,0,12
14521,5913,12,0,12
14521,5914,0,0,0
14521,5915,0,0,0
14521,5916,0,0,0
14521,5954,0,0,0
14521,5958,0,0,0
14521,5962,17,0,17
14521,5966,0,0,0
14521,5970,24,0,24
14521,5974,0,0,0
14521,5978,13,0,13
14521,6411,15,0,15
14521,6412,119,14,105
14521,6413,0,0,0
14521,6414,13,0,13
14521,6431,13,0,13
14521,6432,19,0,19
14521,6433,17,0,17
14521,6434,16,0,16
14521,6435,55,14,41
14521,6436,22,0,22
14521,6437,0,0,0
14521,6438,32,0,32
14521,6439,0,0,0
14521,6440,13,0,13
14521,6531,12,0,12
14521,6532,10,0,10
14521,6533,0,0,0
14521,6534,17,0,17
14521,6535,0,0,0
14521,6611,0,0,0
14521,6631,16,0,16
14521,6632,12,0,12
14521,6633,0,0,0
14521,6634,0,0,0
14521,6635,0,0,0
14521,6636,0,0,0
14521,7111,0,0,0
14521,7131,0,0,0
14521,7132,0,0,0
14521,7133,0,0,0
14521,7134,0,0,0
14521,7135,0,0,0
14521,7137,0,0,0
14521,7138,0,0,0
14521,7140,11,0,11
14521,7141,0,0,0
14521,7143,0,0,0
14521,7211,0,0,0
14521,7231,0,0,0
14521,7232,0,0,0
14521,7233,0,0,0
14521,7235,0,0,0
14521,7311,0,0,0
14521,7312,0,0,0
14521,7313,0,0,0
14521,7314,0,0,0
14521,7315,10,0,10
14521,7316,0,0,0
14521,7317,0,0,0
14521,7318,0,0,0
14521,7319,0,0,0
14521,7320,0,0,0
14521,7331,0,0,0
14521,7332,0,0,0
14521,7333,0,0,0
14521,7334,0,0,0
14521,7335,0,0,0
14521,7336,0,0,0
14521,7337,0,0,0
14521,7338,0,0,0
14521,7339,0,0,0
14521,7340,0,0,0
14521,8111,94,22,72
14521,8115,36,0,36
14521,8116,56,10,46
14521,8117,25,0,25
14521,8118,32,0,32
14521,8119,29,0,29
14521,8121,0,0,0
14521,8125,41,0,41
14521,8126,19,0,19
14521,8127,37,0,37
14521,8128,0,0,0
14521,8135,0,0,0
14521,8136,29,0,29
14521,8211,0,0,0
14521,8212,18,0,18
14521,8215,16,0,16
14521,8216,0,0,0
14521,8221,13,0,13
14521,8222,34,0,34
14521,8225,0,0,0
14521,8226,29,0,29
14521,8231,0,0,0
14521,8235,12,0,12
14521,8236,11,0,11
14521,8237,0,0,0
14521,8311,11,0,11
14521,8315,0,0,0
14521,8316,0,0,0
14521,8317,10,0,10
14521,8325,0,0,0
14521,8326,15,0,15
14521,8327,0,0,0
14521,8335,20,0,20
14521,8336,0,0,0
14521,8337,11,0,11
14521,8415,12,0,12
14521,8416,20,20,0
14521,8417,12,12,0
14521,8421,17,0,17
14521,8425,0,0,0
14521,8426,11,0,11
14521,8435,0,0,0
14521,8436,18,0,18
14521,8437,0,0,0
14521,9161,49,0,49
14521,9162,259,30,229
14521,9163,0,0,0
14521,9171,0,0,0
14521,9172,0,0,0
14521,9173,0,0,0
14521,9174,26,0,26
14521,9175,16,0,16
14521,9176,61,0,61
14521,9177,32,10,22
14521,9178,32,0,32
14521,9179,36,0,36
14521,9180,0,0,0
14521,9181,0,0,0
14521,9182,0,0,0
14521,9183,12,0,12
14521,9184,113,11,102
14521,9185,13,0,13
14521,9186,23,0,23
14521,9187,30,0,30
14521,9188,18,0,18
14521,9189,0,0,0
14521,9190,0,0,0
14521,9261,0,0,0
14521,9262,13,0,13
14521,9263,0,0,0
14521,9271,16,0,16
14521,9272,0,0,0
14521,9273,31,0,31
14521,9274,27,0,27
14521,9275,0,0,0
14521,9276,11,0,11
14521,9277,19,0,19
14521,9278,21,0,21
14521,9279,24,0,24
14521,9361,10,0,10
14521,9362,64,0,64
14521,9363,15,0,15
14521,9371,16,0,16
14521,9372,37,0,37
14521,9373,54,0,54
14521,9374,29,0,29
14521,9375,41,0,41
14521,9376,58,0,58
14521,9377,49,0,49
14521,9461,16,0,16
14521,9462,45,0,45
14521,9463,0,0,0
14521,9464,49,18,31
14521,9471,25,0,25
14521,9472,11,0,11
14521,9473,0,0,0
14521,9474,14,0,14
14521,9475,64,27,37
14521,9476,0,0,0
14521,9477,24,0,24
14521,9478,0,0,0
14521,9479,27,0,27
14521,9561,16,0,16
14521,9562,25,0,25
14521,9563,24,0,24
14521,9564,239,18,221
14521,9565,0,0,0
14521,9571,17,0,17
14521,9572,15,0,15
14521,9573,10,0,10
14521,9574,41,0,41
14521,9575,0,0,0
14521,9576,29,0,29
14521,9577,0,0,0
14521,9661,0,0,0
14521,9662,0,0,0
14521,9663,13,0,13
14521,9671,0,0,0
14521,9672,18,0,18
14521,9673,0,0,0
14521,9674,0,0,0
14521,9675,0,0,0
14521,9676,0,0,0
14521,9677,0,0,0
14521,9678,14,0,14
14521,9679,36,0,36
14521,9761,41,0,41
14521,9762,0,0,0
14521,9763,0,0,0
14521,9764,0,0,0
14521,9771,13,0,13
14521,9772,25,0,25
14521,9773,0,0,0
14521,9774,23,0,23
14521,9775,17,0,17
14521,9776,0,0,0
14521,9777,10,0,10
14521,9778,0,0,0
14521,9779,14,0,14
14521,9780,0,0,0
14521,10041,0,0,0
14521,10042,0,0,0
14521,10043,0,0,0
14521,10044,0,0,0
14521,10045,0,0,0
14521,10046,0,0,0
14521,11000,461,143,318
14521,12051,0,0,0
14521,12052,21,0,21
14521,12053,11,0,11
14521,12054,216,199,17
14521,12060,20,10,10
14521,12061,13,0,13
14521,12062,32,15,17
14521,12063,17,17,0
14521,12064,12,0,12
14521,12065,30,30,0
14521,12066,25,13,12
14521,12067,17,17,0
14521,12068,0,0,0
14521,12069,55,37,18
14521,12070,0,0,0
14521,12071,30,30,0
14521,12072,42,23,19
14521,12073,0,0,0
14521,13003,22,10,12
14521,13004,0,0,0
14521,13071,0,0,0
14521,13072,0,0,0
14521,13073,67,67,0
14521,13074,0,0,0
14521,13075,11,0,11
14521,13076,0,0,0
14521,14511,19186,4881,14305
14521,14521,0,0,0
14521,14522,5802,2450,3352
14521,14523,2979,1263,1716
14521,14524,11914,4461,7453
14521,14612,1742,317,1425
14521,14625,206,97,109
14521,14626,107,31,76
14521,14627,385,161,224
14521,14628,365,147,218
14521,14713,802,188,614
14521,14729,268,98,170
14521,14730,149,74,75
14521,15001,18,0,18
14521,15002,70,25,45
14521,15003,44,21,23
14521,15081,0,0,0
14521,15082,51,10,41
14521,15083,0,0,0
14521,15084,48,23,25
14521,15085,26,15,11
14521,15086,11,0,11
14521,15087,21,10,11
14521,15088,93,19,74
14521,15089,0,0,0
14521,15090,16,0,16
14521,15091,18,18,0
14521,16051,83,15,68
14521,16052,188,33,155
14521,16053,89,17,72
14521,16054,0,0,0
14521,16055,17,0,17
14521,16056,0,0,0
14521,16061,14,0,14
14521,16062,25,0,25
14521,16063,21,0,21
14521,16064,0,0,0
14521,16065,0,0,0
14521,16066,14,14,0
14521,16067,0,0,0
14521,16068,0,0,0
14521,16069,0,0,0
14521,16070,22,0,22
14521,16071,10,10,0
14521,16072,0,0,0
14521,16073,18,0,18
14521,16074,53,20,33
14521,16075,35,17,18
14521,16076,188,60,128
14521,16077,152,80,72
14522,1001,29,0,29
14522,1002,0,0,0
14522,1003,0,0,0
14522,1004,0,0,0
14522,1051,0,0,0
14522,1053,0,0,0
14522,1054,11,0,11
14522,1055,0,0,0
14522,1056,12,0,12
14522,1057,0,0,0
14522,1058,0,0,0
14522,1059,0,0,0
14522,1060,0,0,0
14522,1061,0,0,0
14522,1062,16,0,16
14522,2000,161,23,138
14522,3101,16,0,16
14522,3102,0,0,0
14522,3103,24,0,24
14522,3151,0,0,0
14522,3153,0,0,0
14522,3154,0,0,0
14522,3155,0,0,0
14522,3157,0,0,0
14522,3158,0,0,0
14522,3159,51,12,39
14522,3241,70,15,55
14522,3251,0,0,0
14522,3252,0,0,0
14522,3254,0,0,0
14522,3255,0,0,0
14522,3256,0,0,0
14522,3257,0,0,0
14522,3351,10,0,10
14522,3352,0,0,0
14522,3353,0,0,0
14522,3354,0,0,0
14522,3355,0,0,0
14522,3356,0,0,0
14522,3357,0,0,0
14522,3358,12,0,12
14522,3359,0,0,0
14522,3360,0,0,0
14522,3361,0,0,0
14522,3401,0,0,0
14522,3402,0,0,0
14522,3403,0,0,0
14522,3404,0,0,0
14522,3405,0,0,0
14522,3451,0,0,0
14522,3452,0,0,0
14522,3453,23,0,23
14522,3454,25,0,25
14522,3455,0,0,0
14522,3456,0,0,0
14522,3457,0,0,0
14522,3458,0,0,0
14522,3459,0,0,0
14522,3460,0,0,0
14522,3461,0,0,0
14522,3462,0,0,0
14522,4011,26,0,26
14522,4012,0,0,0
14522,5111,63,0,63
14522,5112,17,0,17
14522,5113,22,0,22
14522,5114,13,0,13
14522,5116,13,0,13
14522,5117,0,0,0
14522,5119,0,0,0
14522,5120,0,0,0
14522,5122,0,0,0
14522,5124,16,0,16
14522,5154,0,0,0
14522,5158,36,0,36
14522,5162,18,0,18
14522,5166,0,0,0
14522,5170,25,0,25
14522,5314,0,0,0
14522,5315,68,0,68
14522,5316,0,0,0
14522,5334,13,0,13
14522,5358,12,0,12
14522,5362,0,0,0
14522,5366,0,0,0
14522,5370,0,0,0
14522,5374,13,0,13
14522,5378,0,0,0
14522,5382,18,0,18
14522,5512,0,0,0
14522,5513,10,0,10
14522,5515,13,0,13
14522,5554,15,0,15
14522,5558,0,0,0
14522,5562,14,0,14
14522,5566,16,0,16
14522,5570,0,0,0
14522,5711,12,0,12
14522,5754,14,0,14
14522,5758,10,0,10
14522,5762,0,0,0
14522,5766,0,0,0
14522,5770,14,0,14
14522,5774,34,0,34
14522,5911,21,0,21
14522,5913,24,0,24
14522,5914,0,0,0
14522,5915,0,0,0
14522,5916,0,0,0
14522,5954,12,0,12
14522,5958,0,0,0
14522,5962,10,0,10
14522,5966,0,0,0
14522,5970,36,0,36
14522,5974,0,0,0
14522,5978,19,0,19
14522,6411,23,0,23
14522,6412,109,11,98
14522,6413,0,0,0
14522,6414,20,0,20
14522,6431,23,0,23
14522,6432,27,0,27
14522,6433,16,0,16
14522,6434,30,0,30
14522,6435,59,0,59
14522,6436,24,0,24
14522,6437,0,0,0
14522,6438,32,0,32
14522,6439,0,0,0
14522,6440,26,10,16
14522,6531,11,0,11
14522,6532,14,0,14
14522,6533,0,0,0
14522,6534,0,0,0
14522,6535,0,0,0
14522,6611,18,0,18
14522,6631,18,0,18
14522,6632,12,0,12
14522,6633,0,0,0
14522,6634,0,0,0
14522,6635,0,0,0
14522,6636,0,0,0
14522,7111,0,0,0
14522,7131,0,0,0
14522,7132,0,0,0
14522,7133,10,0,10
14522,7134,0,0,0
14522,7135,0,0,0
14522,7137,0,0,0
14522,7138,0,0,0
14522,7140,21,0,21
14522,7141,0,0,0
14522,7143,10,0,10
14522,7211,0,0,0
14522,7231,0,0,0
14522,7232,0,0,0
14522,7233,0,0,0
14522,7235,0,0,0
14522,7311,0,0,0
14522,7312,0,0,0
14522,7313,0,0,0
14522,7314,0,0,0
14522,7315,0,0,0
14522,7316,0,0,0
14522,7317,0,0,0
14522,7318,0,0,0
14522,7319,0,0,0
14522,7320,0,0,0
14522,7331,0,0,0
14522,7332,0,0,0
14522,7333,0,0,0
14522,7334,0,0,0
14522,7335,0,0,0
14522,7336,0,0,0
14522,7337,0,0,0
14522,7338,0,0,0
14522,7339,0,0,0
14522,7340,0,0,0
14522,8111,75,0,75
14522,8115,28,0,28
14522,8116,35,0,35
14522,8117,13,0,13
14522,8118,46,15,31
14522,8119,47,0,47
14522,8121,11,0,11
14522,8125,25,0,25
14522,8126,22,0,22
14522,8127,26,0,26
14522,8128,10,0,10
14522,8135,10,0,10
14522,8136,13,0,13
14522,8211,0,0,0
14522,8212,31,0,31
14522,8215,46,11,35
14522,8216,11,0,11
14522,8221,15,0,15
14522,8222,45,0,45
14522,8225,0,0,0
14522,8226,43,0,43
14522,8231,0,0,0
14522,8235,0,0,0
14522,8236,30,0,30
14522,8237,0,0,0
14522,8311,81,0,81
14522,8315,10,0,10
14522,8316,0,0,0
14522,8317,11,0,11
14522,8325,0,0,0
14522,8326,12,0,12
14522,8327,0,0,0
14522,8335,0,0,0
14522,8336,0,0,0
14522,8337,0,0,0
14522,8415,23,0,23
14522,8416,12,0,12
14522,8417,14,0,14
14522,8421,15,0,15
14522,8425,11,0,11
14522,8426,0,0,0
14522,8435,12,0,12
14522,8436,15,0,15
14522,8437,0,0,0
14522,9161,47,0,47
14522,9162,228,29,199
14522,9163,0,0,0
14522,9171,22,0,22
14522,9172,11,0,11
14522,9173,0,0,0
14522,9174,32,0,32
14522,9175,15,0,15
14522,9176,15,0,15
14522,9177,12,0,12
14522,9178,18,0,18
14522,9179,10,0,10
14522,9180,0,0,0
14522,9181,0,0,0
14522,9182,19,0,19
14522,9183,11,0,11
14522,9184,87,10,77
14522,9185,23,11,12
14522,9186,20,0,20
14522,9187,28,12,16
14522,9188,0,0,0
14522,9189,26,14,12
14522,9190,0,0,0
14522,9261,0,0,0
14522,9262,20,0,20
14522,9263,0,0,0
14522,9271,18,0,18
14522,9272,0,0,0
14522,9273,19,0,19
14522,9274,33,0,33
14522,9275,0,0,0
14522,9276,0,0,0
14522,9277,0,0,0
14522,9278,0,0,0
14522,9279,0,0,0
14522,9361,11,0,11
14522,9362,27,0,27
14522,9363,0,0,0
14522,9371,0,0,0
14522,9372,21,0,21
14522,9373,14,0,14
14522,9374,31,0,31
14522,9375,23,0,23
14522,9376,31,0,31
14522,9377,10,0,10
14522,9461,20,0,20
14522,9462,15,0,15
14522,9463,0,0,0
14522,9464,33,18,15
14522,9471,24,0,24
14522,9472,13,13,0
14522,9473,0,0,0
14522,9474,0,0,0
14522,9475,13,0,13
14522,9476,0,0,0
14522,9477,10,0,10
14522,9478,11,0,11
14522,9479,0,0,0
14522,9561,0,0,0
14522,9562,29,0,29
14522,9563,0,0,0
14522,9564,172,14,158
14522,9565,0,0,0
14522,9571,15,0,15
14522,9572,0,0,0
14522,9573,0,0,0
14522,9574,22,0,22
14522,9575,0,0,0
14522,9576,13,0,13
14522,9577,0,0,0
14522,9661,0,0,0
14522,9662,0,0,0
14522,9663,16,0,16
14522,9671,15,15,0
14522,9672,0,0,0
14522,9673,0,0,0
14522,9674,0,0,0
14522,9675,0,0,0
14522,9676,0,0,0
14522,9677,0,0,0
14522,9678,0,0,0
14522,9679,66,0,66
14522,9761,12,0,12
14522,9762,0,0,0
14522,9763,0,0,0
14522,9764,11,0,11
14522,9771,0,0,0
14522,9772,10,0,10
14522,9773,0,0,0
14522,9774,0,0,0
14522,9775,0,0,0
14522,9776,0,0,0
14522,9777,0,0,0
14522,9778,10,0,10
14522,9779,31,0,31
14522,9780,11,0,11
14522,10041,0,0,0
14522,10042,0,0,0
14522,10043,0,0,0
14522,10044,0,0,0
14522,10045,0,0,0
14522,10046,0,0,0
14522,11000,616,163,453
14522,12051,0,0,0
14522,12052,48,15,33
14522,12053,0,0,0
14522,12054,42,10,32
14522,12060,13,13,0
14522,12061,40,20,20
14522,12062,102,75,27
14522,12063,37,11,26
14522,12064,47,26,21
14522,12065,15,15,0
14522,12066,69,40,29
14522,12067,33,19,14
14522,12068,34,22,12
14522,12069,57,35,22
14522,12070,0,0,0
14522,12071,45,31,14
14522,12072,72,29,43
14522,12073,0,0,0
14522,13003,10,0,10
14522,13004,0,0,0
14522,13071,23,23,0
14522,13072,24,12,12
14522,13073,28,12,16
14522,13074,0,0,0
14522,13075,17,17,0
14522,13076,11,11,0
14522,14511,21028,6712,14316
14522,14521,5802,3352,2450
14522,14522,0,0,0
14522,14523,383,209,174
14522,14524,5866,2788,3078
14522,14612,5829,1945,3884
14522,14625,522,243,279
14522,14626,207,143,64
14522,14627,5109,2234,2875
14522,14628,3026,1560,1466
14522,14713,2767,874,1893
14522,14729,4581,2478,2103
14522,14730,2248,1406,842
14522,15001,145,12,133
14522,15002,158,73,85
14522,15003,46,15,31
14522,15081,0,0,0
14522,15082,79,40,39
14522,15083,0,0,0
14522,15084,99,56,43
14522,15085,34,20,14
14522,15086,23,0,23
14522,15087,42,16,26
14522,15088,209,84,125
14522,15089,34,23,11
14522,15090,0,0,0
14522,15091,55,32,23
14522,16051,124,25,99
14522,16052,124,49,75
14522,16053,120,19,101
14522,16054,0,0,0
14522,16055,14,0,14
14522,16056,10,10,0
14522,16061,13,0,13
14522,16062,35,14,21
14522,16063,22,0,22
14522,16064,12,12,0
14522,16065,15,15,0
14522,16066,29,15,14
14522,16067,42,22,20
14522,16068,12,0,12
14522,16069,0,0,0
14522,16070,29,10,19
14522,16071,13,13,0
14522,16072,0,0,0
14522,16073,32,22,10
14522,16074,68,27,41
14522,16075,31,18,13
14522,16076,119,40,79
14522,16077,512,327,185
14523,1001,17,0,17
14523,1002,0,0,0
14523,1003,0,0,0
14523,1004,0,0,0
14523,1051,0,0,0
14523,1053,0,0,0
14523,1054,0,0,0
14523,1055,0,0,0
14523,1056,0,0,0
14523,1057,0,0,0
14523,1058,0,0,0
14523,1059,0,0,0
14523,1060,0,0,0
14523,1061,0,0,0
14523,1062,0,0,0
14523,2000,70,0,70
14523,3101,0,0,0
14523,3102,0,0,0
14523,3103,15,0,15
14523,3151,0,0,0
14523,3153,0,0,0
14523,3154,0,0,0
14523,3155,0,0,0
14523,3157,0,0,0
14523,3158,0,0,0
14523,3159,0,0,0
14523,3241,44,13,31
14523,3251,0,0,0
14523,3252,0,0,0
14523,3254,0,0,0
14523,3255,0,0,0
14523,3256,0,0,0
14523,3257,0,0,0
14523,3351,0,0,0
14523,3352,0,0,0
14523,3353,10,0,10
14523,3354,0,0,0
14523,3355,0,0,0
14523,3356,0,0,0
14523,3357,0,0,0
14523,3358,0,0,0
14523,3359,0,0,0
14523,3360,0,0,0
14523,3361,0,0,0
14523,3401,0,0,0
14523,3402,0,0,0
14523,3403,0,0,0
14523,3404,0,0,0
14523,3405,0,0,0
14523,3451,0,0,0
14523,3452,0,0,0
14523,3453,0,0,0
14523,3454,0,0,0
14523,3455,0,0,0
14523,3456,0,0,0
14523,3457,0,0,0
14523,3458,0,0,0
14523,3459,0,0,0
14523,3460,0,0,0
14523,3461,0,0,0
14523,3462,0,0,0
14523,4011,10,0,10
14523,4012,0,0,0
14523,5111,27,0,27
14523,5112,0,0,0
14523,5113,12,0,12
14523,5114,0,0,0
14523,5116,0,0,0
14523,5117,0,0,0
14523,5119,0,0,0
14523,5120,0,0,0
14523,5122,0,0,0
14523,5124,0,0,0
14523,5154,0,0,0
14523,5158,29,10,19
14523,5162,0,0,0
14523,5166,0,0,0
14523,5170,11,0,11
14523,5314,0,0,0
14523,5315,41,0,41
14523,5316,0,0,0
14523,5334,0,0,0
14523,5358,0,0,0
14523,5362,0,0,0
14523,5366,0,0,0
14523,5370,0,0,0
14523,5374,11,0,11
14523,5378,0,0,0
14523,5382,0,0,0
14523,5512,0,0,0
14523,5513,12,0,12
14523,5515,0,0,0
14523,5554,29,0,29
14523,5558,0,0,0
14523,5562,0,0,0
14523,5566,0,0,0
14523,5570,0,0,0
14523,5711,140,30,110
14523,5754,27,10,17
14523,5758,0,0,0
14523,5762,0,0,0
14523,5766,10,10,0
14523,5770,0,0,0
14523,5774,0,0,0
14523,5911,20,0,20
14523,5913,17,0,17
14523,5914,0,0,0
14523,5915,0,0,0
14523,5916,0,0,0
14523,5954,10,0,10
14523,5958,0,0,0
14523,5962,13,0,13
14523,5966,0,0,0
14523,5970,11,0,11
14523,5974,0,0,0
14523,5978,0,0,0
14523,6411,12,0,12
14523,6412,77,12,65
14523,6413,0,0,0
14523,6414,19,0,19
14523,6431,17,17,0
14523,6432,15,0,15
14523,6433,13,0,13
14523,6434,27,0,27
14523,6435,16,0,16
14523,6436,15,0,15
14523,6437,0,0,0
14523,6438,20,0,20
14523,6439,0,0,0
14523,6440,10,0,10
14523,6531,0,0,0
14523,6532,0,0,0
14523,6533,0,0,0
14523,6534,0,0,0
14523,6535,0,0,0
14523,6611,0,0,0
14523,6631,0,0,0
14523,6632,26,13,13
14523,6633,0,0,0
14523,6634,0,0,0
14523,6635,0,0,0
14523,6636,0,0,0
14523,7111,0,0,0
14523,7131,0,0,0
14523,7132,0,0,0
14523,7133,0,0,0
14523,7134,0,0,0
14523,7135,0,0,0
14523,7137,0,0,0
14523,7138,0,0,0
14523,7140,0,0,0
14523,7141,0,0,0
14523,7143,0,0,0
14523,7211,0,0,0
14523,7231,0,0,0
14523,7232,21,0,21
14523,7233,0,0,0
14523,7235,0,0,0
14523,7311,0,0,0
14523,7312,0,0,0
14523,7313,0,0,0
14523,7314,0,0,0
14523,7315,0,0,0
14523,7316,0,0,0
14523,7317,0,0,0
14523,7318,0,0,0
14523,7319,0,0,0
14523,7320,0,0,0
14523,7331,0,0,0
14523,7332,0,0,0
14523,7333,0,0,0
14523,7334,0,0,0
14523,7335,0,0,0
14523,7336,0,0,0
14523,7337,0,0,0
14523,7338,11,0,11
14523,7339,0,0,0
14523,7340,0,0,0
14523,8111,49,0,49
14523,8115,21,0,21
14523,8116,37,0,37
14523,8117,19,0,19
14523,8118,42,11,31
14523,8119,30,0,30
14523,8121,11,0,11
14523,8125,43,0,43
14523,8126,32,0,32
14523,8127,24,0,24
14523,8128,19,0,19
14523,8135,0,0,0
14523,8136,16,0,16
14523,8211,0,0,0
14523,8212,19,0,19
14523,8215,12,0,12
14523,8216,12,0,12
14523,8221,12,0,12
14523,8222,21,0,21
14523,8225,0,0,0
14523,8226,27,12,15
14523,8231,0,0,0
14523,8235,0,0,0
14523,8236,0,0,0
14523,8237,0,0,0
14523,8311,0,0,0
14523,8315,0,0,0
14523,8316,0,0,0
14523,8317,16,0,16
14523,8325,0,0,0
14523,8326,0,0,0
14523,8327,0,0,0
14523,8335,0,0,0
14523,8336,0,0,0
14523,8337,0,0,0
14523,8415,13,0,13
14523,8416,0,0,0
14523,8417,10,0,10
14523,8421,18,0,18
14523,8425,0,0,0
14523,8426,11,0,11
14523,8435,0,0,0
14523,8436,14,0,14
14523,8437,0,0,0
14523,9161,38,0,38
14523,9162,253,38,215
14523,9163,0,0,0
14523,9171,0,0,0
14523,9172,0,0,0
14523,9173,18,0,18
14523,9174,0,0,0
14523,9175,0,0,0
14523,9176,47,0,47
14523,9177,14,0,14
14523,9178,31,0,31
14523,9179,16,0,16
14523,9180,0,0,0
14523,9181,14,0,14
14523,9182,0,0,0
14523,9183,0,0,0
14523,9184,103,13,90
14523,9185,11,0,11
14523,9186,27,0,27
14523,9187,22,0,22
14523,9188,15,0,15
14523,9189,10,0,10
14523,9190,12,0,12
14523,9261,0,0,0
14523,9262,0,0,0
14523,9263,0,0,0
14523,9271,37,10,27
14523,9272,0,0,0
14523,9273,17,0,17
14523,9274,26,0,26
14523,9275,0,0,0
14523,9276,141,0,141
14523,9277,10,0,10
14523,9278,0,0,0
14523,9279,0,0,0
14523,9361,15,0,15
14523,9362,71,0,71
14523,9363,29,0,29
14523,9371,0,0,0
14523,9372,31,0,31
14523,9373,25,0,25
14523,9374,32,0,32
14523,9375,23,0,23
14523,9376,34,0,34
14523,9377,89,30,59
14523,9461,29,0,29
14523,9462,223,18,205
14523,9463,0,0,0
14523,9464,2322,215,2107
14523,9471,38,0,38
14523,9472,73,22,51
14523,9473,14,0,14
14523,9474,0,0,0
14523,9475,2365,302,2063
14523,9476,20,0,20
14523,9477,123,32,91
14523,9478,21,0,21
14523,9479,471,92,379
14523,9561,0,0,0
14523,9562,35,0,35
14523,9563,19,0,19
14523,9564,247,24,223
14523,9565,0,0,0
14523,9571,23,0,23
14523,9572,19,0,19
14523,9573,13,0,13
14523,9574,32,0,32
14523,9575,15,0,15
14523,9576,19,0,19
14523,9577,12,0,12
14523,9661,0,0,0
14523,9662,11,0,11
14523,9663,34,0,34
14523,9671,0,0,0
14523,9672,0,0,0
14523,9673,0,0,0
14523,9674,0,0,0
14523,9675,23,0,23
14523,9676,0,0,0
14523,9677,0,0,0
14523,9678,14,0,14
14523,9679,17,0,17
14523,9761,68,0,68
14523,9762,0,0,0
14523,9763,0,0,0
14523,9764,0,0,0
14523,9771,0,0,0
14523,9772,13,0,13
14523,9773,10,0,10
14523,9774,13,0,13
14523,9775,0,0,0
14523,9776,0,0,0
14523,9777,11,0,11
14523,9778,0,0,0
14523,9779,15,0,15
14523,9780,0,0,0
14523,10041,16,0,16
14523,10042,0,0,0
14523,10043,0,0,0
14523,10044,0,0,0
14523,10045,0,0,0
14523,10046,0,0,0
14523,11000,375,92,283
14523,12051,0,0,0
14523,12052,13,0,13
14523,12053,0,0,0
14523,12054,0,0,0
14523,12060,14,14,0
14523,12061,10,0,10
14523,12062,24,11,13
14523,12063,23,23,0
14523,12064,19,19,0
14523,12065,14,0,14
14523,12066,31,12,19
14523,12067,12,12,0
14523,12068,0,0,0
14523,12069,16,0,16
14523,12070,0,0,0
14523,12071,0,0,0
14523,12072,25,11,14
14523,12073,0,0,0
14523,13003,12,0,12
14523,13004,0,0,0
14523,13071,0,0,0
14523,13072,0,0,0
14523,13073,14,0,14
14523,13074,15,15,0
14523,13075,10,10,0
14523,13076,0,0,0
14523,14511,1403,324,1079
14523,14521,2979,1716,1263
14523,14522,383,174,209
14523,14523,0,0,0
14523,14524,8526,3957,4569
14523,14612,743,171,572
14523,14625,106,45,61
14523,14626,81,53,28
14523,14627,119,33,86
14523,14628,78,38,40
14523,14713,516,203,313
14523,14729,179,96,83
14523,14730,90,51,39
14523,15001,0,0,0
14523,15002,61,31,30
14523,15003,25,10,15
14523,15081,0,0,0
14523,15082,32,18,14
14523,15083,0,0,0
14523,15084,94,68,26
14523,15085,13,13,0
14523,15086,0,0,0
14523,15087,35,13,22
14523,15088,79,43,36
14523,15089,16,16,0
14523,15090,0,0,0
14523,15091,0,0,0
14523,16051,138,38,100
14523,16052,326,106,220
14523,16053,123,23,100
14523,16054,0,0,0
14523,16055,18,0,18
14523,16056,0,0,0
14523,16061,15,0,15
14523,16062,0,0,0
14523,16063,39,0,39
14523,16064,14,14,0
14523,16065,0,0,0
14523,16066,26,11,15
14523,16067,36,22,14
14523,16068,10,10,0
14523,16069,11,11,0
14523,16070,18,18,0
14523,16071,32,14,18
14523,16072,34,22,12
14523,16073,68,22,46
14523,16074,86,34,52
14523,16075,1384,517,867
14523,16076,3851,2190,1661
14523,16077,132,67,65
14524,1001,0,0,0
14524,1002,0,0,0
14524,1003,0,0,0
14524,1004,0,0,0
14524,1051,0,0,0
14524,1053,0,0,0
14524,1054,0,0,0
14524,1055,0,0,0
14524,1056,0,0,0
14524,1057,0,0,0
14524,1058,0,0,0
14524,1059,0,0,0
14524,1060,0,0,0
14524,1061,0,0,0
14524,1062,11,0,11
14524,2000,134,19,115
14524,3101,51,16,35
14524,3102,0,0,0
14524,3103,93,31,62
14524,3151,14,14,0
14524,3153,0,0,0
14524,3154,0,0,0
14524,3155,0,0,0
14524,3157,0,0,0
14524,3158,0,0,0
14524,3159,29,14,15
14524,3241,77,10,67
14524,3251,10,0,10
14524,3252,0,0,0
14524,3254,0,0,0
14524,3255,0,0,0
14524,3256,0,0,0
14524,3257,0,0,0
14524,3351,0,0,0
14524,3352,0,0,0
14524,3353,0,0,0
14524,3354,0,0,0
14524,3355,0,0,0
14524,3356,0,0,0
14524,3357,0,0,0
14524,3358,0,0,0
14524,3359,0,0,0
14524,3360,0,0,0
14524,3361,0,0,0
14524,3401,0,0,0
14524,3402,0,0,0
14524,3403,0,0,0
14524,3404,0,0,0
14524,3405,0,0,0
14524,3451,0,0,0
14524,3452,0,0,0
14524,3453,0,0,0
14524,3454,14,0,14
14524,3455,0,0,0
14524,3456,0,0,0
14524,3457,0,0,0
14524,3458,0,0,0
14524,3459,0,0,0
14524,3460,0,0,0
14524,3461,0,0,0
14524,3462,0,0,0
14524,4011,30,12,18
14524,4012,0,0,0
14524,5111,34,0,34
14524,5112,10,0,10
14524,5113,32,0,32
14524,5114,11,0,11
14524,5116,0,0,0
14524,5117,0,0,0
14524,5119,0,0,0
14524,5120,0,0,0
14524,5122,0,0,0
14524,5124,0,0,0
14524,5154,0,0,0
14524,5158,35,0,35
14524,5162,26,0,26
14524,5166,12,0,12
14524,5170,31,0,31
14524,5314,12,0,12
14524,5315,93,16,77
14524,5316,10,0,10
14524,5334,11,0,11
14524,5358,0,0,0
14524,5362,13,0,13
14524,5366,0,0,0
14524,5370,0,0,0
14524,5374,25,0,25
14524,5378,0,0,0
14524,5382,12,0,12
14524,5512,0,0,0
14524,5513,18,0,18
14524,5515,11,0,11
14524,5554,11,11,0
14524,5558,0,0,0
14524,5562,11,0,11
14524,5566,0,0,0
14524,5570,0,0,0
14524,5711,55,0,55
14524,5754,24,0,24
14524,5758,0,0,0
14524,5762,0,0,0
14524,5766,0,0,0
14524,5770,0,0,0
14524,5774,0,0,0
14524,5911,17,0,17
14524,5913,17,0,17
14524,5914,0,0,0
14524,5915,0,0,0
14524,5916,0,0,0
14524,5954,0,0,0
14524,5958,0,0,0
14524,5962,10,0,10
14524,5966,0,0,0
14524,5970,17,0,17
14524,5974,0,0,0
14524,5978,10,0,10
14524,6411,15,0,15
14524,6412,107,10,97
14524,6413,10,0,10
14524,6414,18,0,18
14524,6431,17,0,17
14524,6432,20,0,20
14524,6433,25,0,25
14524,6434,11,0,11
14524,6435,35,0,35
14524,6436,26,0,26
14524,6437,0,0,0
14524,6438,38,10,28
14524,6439,0,0,0
14524,6440,0,0,0
14524,6531,18,0,18
14524,6532,17,0,17
14524,6533,0,0,0
14524,6534,0,0,0
14524,6535,0,0,0
14524,6611,16,0,16
14524,6631,41,14,27
14524,6632,13,0,13
14524,6633,0,0,0
14524,6634,0,0,0
14524,6635,10,0,10
14524,6636,0,0,0
14524,7111,0,0,0
14524,7131,0,0,0
14524,7132,0,0,0
14524,7133,0,0,0
14524,7134,0,0,0
14524,7135,0,0,0
14524,7137,10,0,10
14524,7138,10,0,10
14524,7140,0,0,0
14524,7141,0,0,0
14524,7143,0,0,0
14524,7211,0,0,0
14524,7231,0,0,0
14524,7232,0,0,0
14524,7233,0,0,0
14524,7235,0,0,0
14524,7311,0,0,0
14524,7312,0,0,0
14524,7313,0,0,0
14524,7314,0,0,0
14524,7315,11,0,11
14524,7316,0,0,0
14524,7317,0,0,0
14524,7318,0,0,0
14524,7319,0,0,0
14524,7320,0,0,0
14524,7331,0,0,0
14524,7332,0,0,0
14524,7333,0,0,0
14524,7334,0,0,0
14524,7335,0,0,0
14524,7336,0,0,0
14524,7337,0,0,0
14524,7338,11,0,11
14524,7339,0,0,0
14524,7340,0,0,0
14524,8111,83,0,83
14524,8115,37,0,37
14524,8116,50,12,38
14524,8117,16,0,16
14524,8118,63,16,47
14524,8119,33,0,33
14524,8121,0,0,0
14524,8125,56,26,30
14524,8126,38,10,28
14524,8127,33,0,33
14524,8128,0,0,0
14524,8135,15,0,15
14524,8136,29,0,29
14524,8211,0,0,0
14524,8212,18,0,18
14524,8215,29,10,19
14524,8216,12,0,12
14524,8221,19,0,19
14524,8222,33,0,33
14524,8225,0,0,0
14524,8226,45,10,35
14524,8231,0,0,0
14524,8235,0,0,0
14524,8236,0,0,0
14524,8237,0,0,0
14524,8311,0,0,0
14524,8315,0,0,0
14524,8316,0,0,0
14524,8317,17,0,17
14524,8325,0,0,0
14524,8326,0,0,0
14524,8327,0,0,0
14524,8335,10,0,10
14524,8336,10,0,10
14524,8337,12,0,12
14524,8415,11,0,11
14524,8416,0,0,0
14524,8417,23,11,12
14524,8421,17,0,17
14524,8425,0,0,0
14524,8426,0,0,0
14524,8435,0,0,0
14524,8436,0,0,0
14524,8437,0,0,0
14524,9161,56,0,56
14524,9162,258,52,206
14524,9163,0,0,0
14524,9171,0,0,0
14524,9172,10,0,10
14524,9173,11,0,11
14524,9174,17,0,17
14524,9175,17,0,17
14524,9176,28,0,28
14524,9177,0,0,0
14524,9178,30,0,30
14524,9179,16,0,16
14524,9180,0,0,0
14524,9181,0,0,0
14524,9182,0,0,0
14524,9183,0,0,0
14524,9184,73,0,73
14524,9185,0,0,0
14524,9186,38,10,28
14524,9187,32,0,32
14524,9188,17,0,17
14524,9189,0,0,0
14524,9190,0,0,0
14524,9261,0,0,0
14524,9262,18,0,18
14524,9263,0,0,0
14524,9271,0,0,0
14524,9272,0,0,0
14524,9273,17,0,17
14524,9274,42,0,42
14524,9275,13,0,13
14524,9276,39,0,39
14524,9277,10,0,10
14524,9278,18,0,18
14524,9279,0,0,0
14524,9361,25,0,25
14524,9362,63,14,49
14524,9363,0,0,0
14524,9371,0,0,0
14524,9372,17,0,17
14524,9373,25,0,25
14524,9374,18,0,18
14524,9375,15,0,15
14524,9376,38,0,38
14524,9377,42,0,42
14524,9461,14,0,14
14524,9462,77,10,67
14524,9463,0,0,0
14524,9464,139,28,111
14524,9471,22,0,22
14524,9472,26,16,10
14524,9473,12,0,12
14524,9474,0,0,0
14524,9475,139,41,98
14524,9476,0,0,0
14524,9477,18,0,18
14524,9478,0,0,0
14524,9479,32,17,15
14524,9561,0,0,0
14524,9562,27,0,27
14524,9563,28,0,28
14524,9564,246,31,215
14524,9565,0,0,0
14524,9571,41,41,0
14524,9572,0,0,0
14524,9573,0,0,0
14524,9574,19,0,19
14524,9575,0,0,0
14524,9576,20,0,20
14524,9577,10,0,10
14524,9661,0,0,0
14524,9662,0,0,0
14524,9663,11,0,11
14524,9671,0,0,0
14524,9672,0,0,0
14524,9673,0,0,0
14524,9674,0,0,0
14524,9675,16,0,16
14524,9676,11,0,11
14524,9677,0,0,0
14524,9678,0,0,0
14524,9679,23,0,23
14524,9761,32,13,19
14524,9762,0,0,0
14524,9763,0,0,0
14524,9764,0,0,0
14524,9771,0,0,0
14524,9772,24,0,24
14524,9773,0,0,0
14524,9774,0,0,0
14524,9775,12,0,12
14524,9776,0,0,0
14524,9777,0,0,0
14524,9778,0,0,0
14524,9779,24,11,13
14524,9780,0,0,0
14524,10041,13,0,13
14524,10042,0,0,0
14524,10043,0,0,0
14524,10044,0,0,0
14524,10045,0,0,0
14524,10046,0,0,0
14524,11000,535,160,375
14524,12051,0,0,0
14524,12052,50,38,12
14524,12053,0,0,0
14524,12054,12,0,12
14524,12060,37,21,16
14524,12061,26,11,15
14524,12062,20,20,0
14524,12063,29,13,16
14524,12064,26,26,0
14524,12065,23,23,0
14524,12066,30,30,0
14524,12067,0,0,0
14524,12068,0,0,0
14524,12069,35,12,23
14524,12070,0,0,0
14524,12071,27,27,0
14524,12072,33,12,21
14524,12073,0,0,0
14524,13003,31,15,16
14524,13004,0,0,0
14524,13071,50,35,15
14524,13072,37,19,18
14524,13073,38,25,13
14524,13074,10,10,0
14524,13075,18,18,0
14524,13076,0,0,0
14524,14511,16369,5947,10422
14524,14521,11914,7453,4461
14524,14522,5866,3078,2788
14524,14523,8526,4569,3957
14524,14524,0,0,0
14524,14612,1690,461,1229
14524,14625,206,129,77
14524,14626,120,85,35
14524,14627,436,209,227
14524,14628,241,135,106
14524,14713,1755,661,1094
14524,14729,767,508,259
14524,14730,266,169,97
14524,15001,40,29,11
14524,15002,134,69,65
14524,15003,59,21,38
14524,15081,0,0,0
14524,15082,99,44,55
14524,15083,21,21,0
14524,15084,249,194,55
14524,15085,38,28,10
14524,15086,0,0,0
14524,15087,31,31,0
14524,15088,137,38,99
14524,15089,45,45,0
14524,15090,13,13,0
14524,15091,31,20,11
14524,16051,249,68,181
14524,16052,1513,785,728
14524,16053,260,92,168
14524,16054,29,0,29
14524,16055,47,29,18
14524,16056,0,0,0
14524,16061,18,0,18
14524,16062,26,11,15
14524,16063,26,16,10
14524,16064,21,21,0
14524,16065,23,23,0
14524,16066,37,25,12
14524,16067,84,13,71
14524,16068,10,10,0
14524,16069,0,0,0
14524,16070,39,26,13
14524,16071,43,28,15
14524,16072,0,0,0
14524,16073,121,88,33
14524,16074,229,138,91
14524,16075,154,103,51
14524,16076,2172,1198,974
14524,16077,4444,2623,1821
14612,1001,0,0,0
14612,1002,55,21,34
14612,1003,40,21,19
14612,1004,37,0,37
14612,1051,0,0,0
14612,1053,16,16,0
14612,1054,10,0,10
14612,1055,19,19,0
14612,1056,68,37,31
14612,1057,11,11,0
14612,1058,10,0,10
14612,1059,0,0,0
14612,1060,38,16,22
14612,1061,0,0,0
14612,1062,28,12,16
14612,2000,748,248,500
14612,3101,81,33,48
14612,3102,0,0,0
14612,3103,86,0,86
14612,3151,10,10,0
14612,3153,29,15,14
14612,3154,0,0,0
14612,3155,47,0,47
14612,3157,0,0,0
14612,3158,10,10,0
14612,3159,66,36,30
14612,3241,272,98,174
14612,3251,15,15,0
14612,3252,0,0,0
14612,3254,48,27,21
14612,3255,0,0,0
14612,3256,0,0,0
14612,3257,0,0,0
14612,3351,12,0,12
14612,3352,12,12,0
14612,3353,50,26,24
14612,3354,0,0,0
14612,3355,44,21,23
14612,3356,0,0,0
14612,3357,15,0,15
14612,3358,11,11,0
14612,3359,48,48,0
14612,3360,0,0,0
14612,3361,11,0,11
14612,3401,0,0,0
14612,3402,0,0,0
14612,3403,15,0,15
14612,3404,42,15,27
14612,3405,0,0,0
14612,3451,0,0,0
14612,3452,11,0,11
14612,3453,23,23,0
14612,3454,35,17,18
14612,3455,0,0,0
14612,3456,0,0,0
14612,3457,0,0,0
14612,3458,11,11,0
14612,3459,27,13,14
14612,3460,0,0,0
14612,3461,14,14,0
14612,3462,0,0,0
14612,4011,101,34,67
14612,4012,10,10,0
14612,5111,283,41,242
14612,5112,42,20,22
14612,5113,115,41,74
14612,5114,19,0,19
14612,5116,11,11,0
14612,5117,12,0,12
14612,5119,12,0,12
14612,5120,0,0,0
14612,5122,17,0,17
14612,5124,35,21,14
14612,5154,29,11,18
14612,5158,97,18,79
14612,5162,107,27,80
14612,5166,39,0,39
14612,5170,81,0,81
14612,5314,112,33,79
14612,5315,368,66,302
14612,5316,12,0,12
14612,5334,65,27,38
14612,5358,0,0,0
14612,5362,44,20,24
14612,5366,0,0,0
14612,5370,0,0,0
14612,5374,127,0,127
14612,5378,24,0,24
14612,5382,64,17,47
14612,5512,0,0,0
14612,5513,12,0,12
14612,5515,63,24,39
14612,5554,33,17,16
14612,5558,16,16,0
14612,5562,310,290,20
14612,5566,39,13,26
14612,5570,10,10,0
14612,5711,60,21,39
14612,5754,46,11,35
14612,5758,12,12,0
14612,5762,0,0,0
14612,5766,19,0,19
14612,5770,18,0,18
14612,5774,34,16,18
14612,5911,53,23,30
14612,5913,97,40,57
14612,5914,0,0,0
14612,5915,0,0,0
14612,5916,0,0,0
14612,5954,30,17,13
14612,5958,0,0,0
14612,5962,28,17,11
14612,5966,66,0,66
14612,5970,44,10,34
14612,5974,32,13,19
14612,5978,39,20,19
14612,6411,58,21,37
14612,6412,474,100,374
14612,6413,55,13,42
14612,6414,77,14,63
14612,6431,34,17,17
14612,6432,44,14,30
14612,6433,84,21,63
14612,6434,106,15,91
14612,6435,109,21,88
14612,6436,90,15,75
14612,6437,0,0,0
14612,6438,93,23,70
14612,6439,27,12,15
14612,6440,49,24,25
14612,6531,74,36,38
14612,6532,21,10,11
14612,6533,16,0,16
14612,6534,28,14,14
14612,6535,0,0,0
14612,6611,54,26,28
14612,6631,35,18,17
14612,6632,23,0,23
14612,6633,14,14,0
14612,6634,30,17,13
14612,6635,73,0,73
14612,6636,0,0,0
14612,7111,16,0,16
14612,7131,0,0,0
14612,7132,10,0,10
14612,7133,0,0,0
14612,7134,0,0,0
14612,7135,0,0,0
14612,7137,13,13,0
14612,7138,11,0,11
14612,7140,0,0,0
14612,7141,0,0,0
14612,7143,18,0,18
14612,7211,0,0,0
14612,7231,0,0,0
14612,7232,0,0,0
14612,7233,0,0,0
14612,7235,0,0,0
14612,7311,0,0,0
14612,7312,12,0,12
14612,7313,12,0,12
14612,7314,30,0,30
14612,7315,63,27,36
14612,7316,0,0,0
14612,7317,0,0,0
14612,7318,0,0,0
14612,7319,0,0,0
14612,7320,0,0,0
14612,7331,0,0,0
14612,7332,18,0,18
14612,7333,0,0,0
14612,7334,0,0,0
14612,7335,0,0,0
14612,7336,0,0,0
14612,7337,0,0,0
14612,7338,25,13,12
14612,7339,32,16,16
14612,7340,0,0,0
14612,8111,331,67,264
14612,8115,85,16,69
14612,8116,135,32,103
14612,8117,30,12,18
14612,8118,380,130,250
14612,8119,78,28,50
14612,8121,24,10,14
14612,8125,60,22,38
14612,8126,31,11,20
14612,8127,41,11,30
14612,8128,27,13,14
14612,8135,16,0,16
14612,8136,57,22,35
14612,8211,10,0,10
14612,8212,69,27,42
14612,8215,80,25,55
14612,8216,14,0,14
14612,8221,181,40,141
14612,8222,118,23,95
14612,8225,0,0,0
14612,8226,75,27,48
14612,8231,0,0,0
14612,8235,13,13,0
14612,8236,15,0,15
14612,8237,11,0,11
14612,8311,80,49,31
14612,8315,49,33,16
14612,8316,10,10,0
14612,8317,48,20,28
14612,8325,16,0,16
14612,8326,36,13,23
14612,8327,13,0,13
14612,8335,40,18,22
14612,8336,21,0,21
14612,8337,12,0,12
14612,8415,63,24,39
14612,8416,86,30,56
14612,8417,13,13,0
14612,8421,50,15,35
14612,8425,27,10,17
14612,8426,16,0,16
14612,8435,41,16,25
14612,8436,41,16,25
14612,8437,0,0,0
14612,9161,100,17,83
14612,9162,825,223,602
14612,9163,0,0,0
14612,9171,11,0,11
14612,9172,11,0,11
14612,9173,22,11,11
14612,9174,23,12,11
14612,9175,29,18,11
14612,9176,32,11,21
14612,9177,23,10,13
14612,9178,71,17,54
14612,9179,42,19,23
14612,9180,0,0,0
14612,9181,24,0,24
14612,9182,26,13,13
14612,9183,11,0,11
14612,9184,372,46,326
14612,9185,0,0,0
14612,9186,47,15,32
14612,9187,34,22,12
14612,9188,41,11,30
14612,9189,13,0,13
14612,9190,12,0,12
14612,9261,0,0,0
14612,9262,10,0,10
14612,9263,0,0,0
14612,9271,26,0,26
14612,9272,0,0,0
14612,9273,35,35,0
14612,9274,30,11,19
14612,9275,0,0,0
14612,9276,0,0,0
14612,9277,0,0,0
14612,9278,0,0,0
14612,9279,0,0,0
14612,9361,10,0,10
14612,9362,94,39,55
14612,9363,0,0,0
14612,9371,0,0,0
14612,9372,0,0,0
14612,9373,16,0,16
14612,9374,0,0,0
14612,9375,45,29,16
14612,9376,27,13,14
14612,9377,14,0,14
14612,9461,26,14,12
14612,9462,44,17,27
14612,9463,0,0,0
14612,9464,13,0,13
14612,9471,43,14,29
14612,9472,10,0,10
14612,9473,0,0,0
14612,9474,12,12,0
14612,9475,23,0,23
14612,9476,0,0,0
14612,9477,0,0,0
14612,9478,0,0,0
14612,9479,0,0,0
14612,9561,0,0,0
14612,9562,87,14,73
14612,9563,39,14,25
14612,9564,278,61,217
14612,9565,10,0,10
14612,9571,0,0,0
14612,9572,35,15,20
14612,9573,0,0,0
14612,9574,52,0,52
14612,9575,0,0,0
14612,9576,20,10,10
14612,9577,0,0,0
14612,9661,0,0,0
14612,9662,0,0,0
14612,9663,53,23,30
14612,9671,28,14,14
14612,9672,0,0,0
14612,9673,0,0,0
14612,9674,0,0,0
14612,9675,12,0,12
14612,9676,13,0,13
14612,9677,12,12,0
14612,9678,0,0,0
14612,9679,42,22,20
14612,9761,54,19,35
14612,9762,0,0,0
14612,9763,28,0,28
14612,9764,0,0,0
14612,9771,10,0,10
14612,9772,37,19,18
14612,9773,0,0,0
14612,9774,0,0,0
14612,9775,29,12,17
14612,9776,19,0,19
14612,9777,0,0,0
14612,9778,0,0,0
14612,9779,40,10,30
14612,9780,45,0,45
14612,10041,30,11,19
14612,10042,0,0,0
14612,10043,0,0,0
14612,10044,0,0,0
14612,10045,0,0,0
14612,10046,0,0,0
14612,11000,3782,1431,2351
14612,12051,44,26,18
14612,12052,431,273,158
14612,12053,70,47,23
14612,12054,261,133,128
14612,12060,147,98,49
14612,12061,325,245,80
14612,12062,868,723,145
14612,12063,78,58,20
14612,12064,126,88,38
14612,12065,175,143,32
14612,12066,1922,1307,615
14612,12067,168,101,67
14612,12068,47,27,20
14612,12069,221,144,77
14612,12070,10,10,0
14612,12071,354,241,113
14612,12072,239,154,85
14612,12073,46,31,15
14612,13003,143,103,40
14612,13004,38,25,13
14612,13071,96,71,25
14612,13072,83,66,17
14612,13073,109,75,34
14612,13074,50,23,27
14612,13075,106,74,32
14612,13076,61,49,12
14612,14511,3426,1895,1531
14612,14521,1742,1425,317
14612,14522,5829,3884,1945
14612,14523,743,572,171
14612,14524,1690,1229,461
14612,14612,0,0,0
14612,14625,22245,14376,7869
14612,14626,3060,2355,705
14612,14627,31583,20235,11348
14612,14628,42972,29431,13541
14612,14713,5734,3015,2719
14612,14729,1230,1039,191
14612,14730,1229,930,299
14612,15001,117,56,61
14612,15002,442,236,206
14612,15003,364,145,219
14612,15081,40,24,16
14612,15082,159,101,58
14612,15083,78,67,11
14612,15084,199,149,50
14612,15085,80,60,20
14612,15086,85,69,16
14612,15087,80,66,14
14612,15088,383,188,195
14612,15089,107,90,17
14612,15090,29,29,0
14612,15091,136,108,28
14612,16051,733,555,178
14612,16052,204,129,75
14612,16053,268,97,171
14612,16054,44,20,24
14612,16055,157,94,63
14612,16056,19,19,0
14612,16061,62,38,24
14612,16062,53,41,12
14612,16063,82,58,24
14612,16064,80,67,13
14612,16065,66,66,0
14612,16066,92,75,17
14612,16067,163,139,24
14612,16068,119,95,24
14612,16069,37,37,0
14612,16070,195,150,45
14612,16071,140,117,23
14612,16072,17,17,0
14612,16073,76,51,25
14612,16074,98,71,27
14612,16075,82,55,27
14612,16076,135,106,29
14612,16077,154,110,44
14625,1001,0,0,0
14625,1002,0,0,0
14625,1003,0,0,0
14625,1004,21,0,21
14625,1051,0,0,0
14625,1053,0,0,0
14625,1054,16,0,16
14625,1055,0,0,0
14625,1056,0,0,0
14625,1057,0,0,0
14625,1058,54,0,54
14625,1059,0,0,0
14625,1060,0,0,0
14625,1061,0,0,0
14625,1062,15,0,15
14625,2000,158,38,120
14625,3101,11,0,11
14625,3102,0,0,0
14625,3103,12,0,12
14625,3151,0,0,0
14625,3153,0,0,0
14625,3154,0,0,0
14625,3155,0,0,0
14625,3157,17,0,17
14625,3158,0,0,0
14625,3159,10,10,0
14625,3241,57,14,43
14625,3251,0,0,0
14625,3252,0,0,0
14625,3254,0,0,0
14625,3255,0,0,0
14625,3256,0,0,0
14625,3257,0,0,0
14625,3351,0,0,0
14625,3352,0,0,0
14625,3353,14,0,14
14625,3354,0,0,0
14625,3355,0,0,0
14625,3356,0,0,0
14625,3357,0,0,0
14625,3358,0,0,0
14625,3359,11,0,11
14625,3360,0,0,0
14625,3361,10,0,10
14625,3401,0,0,0
14625,3402,0,0,0
14625,3403,0,0,0
14625,3404,11,0,11
14625,3405,0,0,0
14625,3451,0,0,0
14625,3452,0,0,0
14625,3453,0,0,0
14625,3454,24,11,13
14625,3455,0,0,0
14625,3456,0,0,0
14625,3457,15,0,15
14625,3458,0,0,0
14625,3459,10,0,10
14625,3460,0,0,0
14625,3461,0,0,0
14625,3462,0,0,0
14625,4011,33,0,33
14625,4012,0,0,0
14625,5111,67,0,67
14625,5112,14,0,14
14625,5113,101,0,101
14625,5114,15,0,15
14625,5116,0,0,0
14625,5117,15,0,15
14625,5119,0,0,0
14625,5120,0,0,0
14625,5122,0,0,0
14625,5124,0,0,0
14625,5154,0,0,0
14625,5158,29,0,29
14625,5162,28,0,28
14625,5166,11,0,11
14625,5170,34,0,34
14625,5314,0,0,0
14625,5315,98,14,84
14625,5316,0,0,0
14625,5334,16,0,16
14625,5358,0,0,0
14625,5362,14,0,14
14625,5366,0,0,0
14625,5370,0,0,0
14625,5374,28,0,28
14625,5378,0,0,0
14625,5382,30,15,15
14625,5512,0,0,0
14625,5513,0,0,0
14625,5515,0,0,0
14625,5554,14,0,14
14625,5558,0,0,0
14625,5562,16,0,16
14625,5566,16,0,16
14625,5570,0,0,0
14625,5711,12,0,12
14625,5754,24,0,24
14625,5758,0,0,0
14625,5762,0,0,0
14625,5766,0,0,0
14625,5770,0,0,0
14625,5774,11,0,11
14625,5911,11,0,11
14625,5913,14,0,14
14625,5914,0,0,0
14625,5915,0,0,0
14625,5916,0,0,0
14625,5954,0,0,0
14625,5958,0,0,0
14625,5962,12,0,12
14625,5966,0,0,0
14625,5970,11,0,11
14625,5974,0,0,0
14625,5978,11,0,11
14625,6411,14,0,14
14625,6412,97,19,78
14625,6413,0,0,0
14625,6414,20,0,20
14625,6431,11,0,11
14625,6432,11,0,11
14625,6433,17,0,17
14625,6434,24,0,24
14625,6435,54,32,22
14625,6436,22,0,22
14625,6437,0,0,0
14625,6438,26,0,26
14625,6439,0,0,0
14625,6440,16,0,16
14625,6531,12,0,12
14625,6532,20,10,10
14625,6533,0,0,0
14625,6534,0,0,0
14625,6535,0,0,0
14625,6611,13,0,13
14625,6631,0,0,0
14625,6632,18,0,18
14625,6633,0,0,0
14625,6634,0,0,0
14625,6635,0,0,0
14625,6636,0,0,0
14625,7111,0,0,0
14625,7131,0,0,0
14625,7132,0,0,0
14625,7133,14,0,14
14625,7134,0,0,0
14625,7135,0,0,0
14625,7137,0,0,0
14625,7138,12,0,12
14625,7140,0,0,0
14625,7141,0,0,0
14625,7143,0,0,0
14625,7211,0,0,0
14625,7231,0,0,0
14625,7232,0,0,0
14625,7233,0,0,0
14625,7235,0,0,0
14625,7311,0,0,0
14625,7312,0,0,0
14625,7313,0,0,0
14625,7314,12,0,12
14625,7315,0,0,0
14625,7316,0,0,0
14625,7317,0,0,0
14625,7318,0,0,0
14625,7319,0,0,0
14625,7320,0,0,0
14625,7331,10,0,10
14625,7332,0,0,0
14625,7333,0,0,0
14625,7334,0,0,0
14625,7335,0,0,0
14625,7336,0,0,0
14625,7337,0,0,0
14625,7338,12,0,12
14625,7339,0,0,0
14625,7340,0,0,0
14625,8111,74,11,63
14625,8115,33,12,21
14625,8116,32,0,32
14625,8117,12,0,12
14625,8118,61,0,61
14625,8119,38,0,38
14625,8121,0,0,0
14625,8125,13,0,13
14625,8126,18,0,18
14625,8127,13,0,13
14625,8128,0,0,0
14625,8135,0,0,0
14625,8136,10,0,10
14625,8211,0,0,0
14625,8212,15,0,15
14625,8215,47,17,30
14625,8216,0,0,0
14625,8221,18,0,18
14625,8222,34,0,34
14625,8225,0,0,0
14625,8226,26,12,14
14625,8231,0,0,0
14625,8235,0,0,0
14625,8236,16,0,16
14625,8237,0,0,0
14625,8311,24,0,24
14625,8315,0,0,0
14625,8316,0,0,0
14625,8317,38,12,26
14625,8325,0,0,0
14625,8326,10,0,10
14625,8327,0,0,0
14625,8335,27,10,17
14625,8336,0,0,0
14625,8337,10,0,10
14625,8415,18,0,18
14625,8416,0,0,0
14625,8417,0,0,0
14625,8421,0,0,0
14625,8425,0,0,0
14625,8426,0,0,0
14625,8435,14,0,14
14625,8436,0,0,0
14625,8437,0,0,0
14625,9161,12,0,12
14625,9162,173,24,149
14625,9163,0,0,0
14625,9171,15,0,15
14625,9172,10,0,10
14625,9173,0,0,0
14625,9174,11,0,11
14625,9175,0,0,0
14625,9176,11,0,11
14625,9177,0,0,0
14625,9178,25,0,25
14625,9179,15,0,15
14625,9180,0,0,0
14625,9181,0,0,0
14625,9182,17,0,17
14625,9183,12,0,12
14625,9184,77,0,77
14625,9185,0,0,0
14625,9186,18,0,18
14625,9187,17,0,17
14625,9188,0,0,0
14625,9189,0,0,0
14625,9190,0,0,0
14625,9261,0,0,0
14625,9262,0,0,0
14625,9263,0,0,0
14625,9271,15,0,15
14625,9272,0,0,0
14625,9273,0,0,0
14625,9274,10,0,10
14625,9275,0,0,0
14625,9276,0,0,0
14625,9277,0,0,0
14625,9278,0,0,0
14625,9279,0,0,0
14625,9361,0,0,0
14625,9362,13,0,13
14625,9363,0,0,0
14625,9371,0,0,0
14625,9372,0,0,0
14625,9373,10,0,10
14625,9374,0,0,0
14625,9375,10,10,0
14625,9376,25,0,25
14625,9377,0,0,0
14625,9461,10,0,10
14625,9462,15,0,15
14625,9463,0,0,0
14625,9464,0,0,0
14625,9471,19,0,19
14625,9472,0,0,0
14625,9473,0,0,0
14625,9474,0,0,0
14625,9475,0,0,0
14625,9476,0,0,0
14625,9477,0,0,0
14625,9478,0,0,0
14625,9479,0,0,0
14625,9561,0,0,0
14625,9562,21,0,21
14625,9563,0,0,0
14625,9564,79,10,69
14625,9565,0,0,0
14625,9571,0,0,0
14625,9572,0,0,0
14625,9573,0,0,0
14625,9574,11,0,11
14625,9575,0,0,0
14625,9576,0,0,0
14625,9577,0,0,0
14625,9661,11,0,11
14625,9662,0,0,0
14625,9663,0,0,0
14625,9671,0,0,0
14625,9672,0,0,0
14625,9673,0,0,0
14625,9674,0,0,0
14625,9675,0,0,0
14625,9676,0,0,0
14625,9677,0,0,0
14625,9678,0,0,0
14625,9679,11,0,11
14625,9761,19,0,19
14625,9762,0,0,0
14625,9763,0,0,0
14625,9764,0,0,0
14625,9771,0,0,0
14625,9772,18,0,18
14625,9773,0,0,0
14625,9774,10,0,10
14625,9775,0,0,0
14625,9776,0,0,0
14625,9777,0,0,0
14625,9778,0,0,0
14625,9779,0,0,0
14625,9780,0,0,0
14625,10041,10,0,10
14625,10042,0,0,0
14625,10043,0,0,0
14625,10044,0,0,0
14625,10045,0,0,0
14625,10046,0,0,0
14625,11000,1128,366,762
14625,12051,10,0,10
14625,12052,961,260,701
14625,12053,33,10,23
14625,12054,75,35,40
14625,12060,44,21,23
14625,12061,122,61,61
14625,12062,376,242,134
14625,12063,47,30,17
14625,12064,62,39,23
14625,12065,47,31,16
14625,12066,3603,1539,2064
14625,12067,93,40,53
14625,12068,0,0,0
14625,12069,141,71,70
14625,12070,0,0,0
14625,12071,2972,911,2061
14625,12072,63,25,38
14625,12073,20,20,0
14625,13003,55,43,12
14625,13004,0,0,0
14625,13071,20,20,0
14625,13072,18,18,0
14625,13073,15,15,0
14625,13074,0,0,0
14625,13075,47,16,31
14625,13076,31,31,0
14625,14511,419,125,294
14625,14521,206,109,97
14625,14522,522,279,243
14625,14523,106,61,45
14625,14524,206,77,129
14625,14612,22245,7869,14376
14625,14625,0,0,0
14625,14626,11211,6624,4587
14625,14627,4163,1927,2236
14625,14628,5513,2989,2524
14625,14713,946,236,710
14625,14729,171,90,81
14625,14730,238,114,124
14625,15001,0,0,0
14625,15002,104,48,56
14625,15003,63,21,42
14625,15081,12,0,12
14625,15082,42,16,26
14625,15083,13,0,13
14625,15084,61,40,21
14625,15085,10,10,0
14625,15086,79,14,65
14625,15087,22,22,0
14625,15088,135,27,108
14625,15089,36,15,21
14625,15090,0,0,0
14625,15091,36,16,20
14625,16051,73,36,37
14625,16052,56,34,22
14625,16053,70,27,43
14625,16054,0,0,0
14625,16055,31,19,12
14625,16056,0,0,0
14625,16061,0,0,0
14625,16062,11,0,11
14625,16063,22,0,22
14625,16064,10,10,0
14625,16065,10,10,0
14625,16066,0,0,0
14625,16067,26,26,0
14625,16068,12,12,0
14625,16069,0,0,0
14625,16070,14,14,0
14625,16071,19,0,19
14625,16072,0,0,0
14625,16073,25,13,12
14625,16074,43,23,20
14625,16075,0,0,0
14625,16076,17,17,0
14625,16077,40,24,16
14626,1001,0,0,0
14626,1002,0,0,0
14626,1003,0,0,0
14626,1004,0,0,0
14626,1051,0,0,0
14626,1053,0,0,0
14626,1054,0,0,0
14626,1055,0,0,0
14626,1056,0,0,0
14626,1057,0,0,0
14626,1058,0,0,0
14626,1059,0,0,0
14626,1060,10,0,10
14626,1061,0,0,0
14626,1062,0,0,0
14626,2000,106,11,95
14626,3101,11,11,0
14626,3102,11,0,11
14626,3103,27,14,13
14626,3151,0,0,0
14626,3153,0,0,0
14626,3154,0,0,0
14626,3155,0,0,0
14626,3157,45,0,45
14626,3158,0,0,0
14626,3159,0,0,0
14626,3241,66,20,46
14626,3251,0,0,0
14626,3252,0,0,0
14626,3254,0,0,0
14626,3255,0,0,0
14626,3256,0,0,0
14626,3257,36,0,36
14626,3351,0,0,0
14626,3352,0,0,0
14626,3353,0,0,0
14626,3354,0,0,0
14626,3355,0,0,0
14626,3356,0,0,0
14626,3357,0,0,0
14626,3358,59,0,59
14626,3359,0,0,0
14626,3360,0,0,0
14626,3361,0,0,0
14626,3401,0,0,0
14626,3402,0,0,0
14626,3403,0,0,0
14626,3404,0,0,0
14626,3405,0,0,0
14626,3451,0,0,0
14626,3452,0,0,0
14626,3453,0,0,0
14626,3454,12,0,12
14626,3455,0,0,0
14626,3456,0,0,0
14626,3457,0,0,0
14626,3458,0,0,0
14626,3459,14,0,14
14626,3460,0,0,0
14626,3461,0,0,0
14626,3462,0,0,0
14626,4011,25,0,25
14626,4012,0,0,0
14626,5111,78,11,67
14626,5112,13,0,13
14626,5113,22,0,22
14626,5114,0,0,0
14626,5116,0,0,0
14626,5117,0,0,0
14626,5119,0,0,0
14626,5120,0,0,0
14626,5122,0,0,0
14626,5124,0,0,0
14626,5154,0,0,0
14626,5158,20,0,20
14626,5162,10,0,10
14626,5166,10,0,10
14626,5170,76,0,76
14626,5314,0,0,0
14626,5315,238,12,226
14626,5316,0,0,0
14626,5334,0,0,0
14626,5358,0,0,0
14626,5362,17,0,17
14626,5366,0,0,0
14626,5370,0,0,0
14626,5374,25,0,25
14626,5378,0,0,0
14626,5382,60,13,47
14626,5512,12,0,12
14626,5513,13,0,13
14626,5515,13,0,13
14626,5554,11,0,11
14626,5558,0,0,0
14626,5562,25,0,25
14626,5566,23,12,11
14626,5570,0,0,0
14626,5711,10,0,10
14626,5754,19,0,19
14626,5758,0,0,0
14626,5762,0,0,0
14626,5766,0,0,0
14626,5770,12,0,12
14626,5774,13,0,13
14626,5911,0,0,0
14626,5913,14,0,14
14626,5914,0,0,0
14626,5915,0,0,0
14626,5916,0,0,0
14626,5954,0,0,0
14626,5958,14,0,14
14626,5962,0,0,0
14626,5966,0,0,0
14626,5970,14,0,14
14626,5974,0,0,0
14626,5978,0,0,0
14626,6411,0,0,0
14626,6412,92,17,75
14626,6413,0,0,0
14626,6414,10,0,10
14626,6431,0,0,0
14626,6432,0,0,0
14626,6433,16,0,16
14626,6434,15,0,15
14626,6435,10,0,10
14626,6436,0,0,0
14626,6437,0,0,0
14626,6438,15,0,15
14626,6439,0,0,0
14626,6440,0,0,0
14626,6531,0,0,0
14626,6532,13,0,13
14626,6533,0,0,0
14626,6534,0,0,0
14626,6535,0,0,0
14626,6611,10,0,10
14626,6631,19,0,19
14626,6632,15,0,15
14626,6633,0,0,0
14626,6634,0,0,0
14626,6635,0,0,0
14626,6636,0,0,0
14626,7111,0,0,0
14626,7131,0,0,0
14626,7132,0,0,0
14626,7133,0,0,0
14626,7134,0,0,0
14626,7135,0,0,0
14626,7137,0,0,0
14626,7138,0,0,0
14626,7140,0,0,0
14626,7141,0,0,0
14626,7143,14,0,14
14626,7211,0,0,0
14626,7231,0,0,0
14626,7232,0,0,0
14626,7233,0,0,0
14626,7235,0,0,0
14626,7311,0,0,0
14626,7312,0,0,0
14626,7313,0,0,0
14626,7314,0,0,0
14626,7315,0,0,0
14626,7316,0,0,0
14626,7317,0,0,0
14626,7318,0,0,0
14626,7319,0,0,0
14626,7320,0,0,0
14626,7331,13,0,13
14626,7332,0,0,0
14626,7333,0,0,0
14626,7334,0,0,0
14626,7335,0,0,0
14626,7336,0,0,0
14626,7337,0,0,0
14626,7338,0,0,0
14626,7339,0,0,0
14626,7340,0,0,0
14626,8111,52,0,52
14626,8115,34,0,34
14626,8116,39,0,39
14626,8117,23,0,23
14626,8118,22,0,22
14626,8119,26,0,26
14626,8121,13,0,13
14626,8125,15,0,15
14626,8126,12,0,12
14626,8127,16,0,16
14626,8128,0,0,0
14626,8135,0,0,0
14626,8136,0,0,0
14626,8211,0,0,0
14626,8212,14,0,14
14626,8215,17,0,17
14626,8216,0,0,0
14626,8221,0,0,0
14626,8222,47,13,34
14626,8225,0,0,0
14626,8226,10,0,10
14626,8231,0,0,0
14626,8235,0,0,0
14626,8236,0,0,0
14626,8237,0,0,0
14626,8311,0,0,0
14626,8315,10,0,10
14626,8316,0,0,0
14626,8317,13,0,13
14626,8325,0,0,0
14626,8326,18,0,18
14626,8327,0,0,0
14626,8335,10,0,10
14626,8336,0,0,0
14626,8337,0,0,0
14626,8415,10,0,10
14626,8416,0,0,0
14626,8417,0,0,0
14626,8421,15,0,15
14626,8425,10,0,10
14626,8426,24,0,24
14626,8435,0,0,0
14626,8436,13,0,13
14626,8437,0,0,0
14626,9161,30,13,17
14626,9162,174,23,151
14626,9163,0,0,0
14626,9171,0,0,0
14626,9172,18,0,18
14626,9173,0,0,0
14626,9174,16,0,16
14626,9175,0,0,0
14626,9176,10,0,10
14626,9177,12,0,12
14626,9178,31,0,31
14626,9179,11,0,11
14626,9180,0,0,0
14626,9181,0,0,0
14626,9182,0,0,0
14626,9183,0,0,0
14626,9184,51,0,51
14626,9185,14,0,14
14626,9186,25,0,25
14626,9187,0,0,0
14626,9188,11,0,11
14626,9189,0,0,0
14626,9190,0,0,0
14626,9261,0,0,0
14626,9262,0,0,0
14626,9263,0,0,0
14626,9271,21,0,21
14626,9272,0,0,0
14626,9273,45,30,15
14626,9274,13,0,13
14626,9275,0,0,0
14626,9276,13,0,13
14626,9277,0,0,0
14626,9278,0,0,0
14626,9279,0,0,0
14626,9361,0,0,0
14626,9362,10,0,10
14626,9363,0,0,0
14626,9371,0,0,0
14626,9372,10,0,10
14626,9373,12,0,12
14626,9374,0,0,0
14626,9375,12,0,12
14626,9376,16,0,16
14626,9377,0,0,0
14626,9461,0,0,0
14626,9462,0,0,0
14626,9463,0,0,0
14626,9464,0,0,0
14626,9471,13,0,13
14626,9472,0,0,0
14626,9473,0,0,0
14626,9474,0,0,0
14626,9475,10,0,10
14626,9476,0,0,0
14626,9477,0,0,0
14626,9478,0,0,0
14626,9479,0,0,0
14626,9561,0,0,0
14626,9562,35,0,35
14626,9563,0,0,0
14626,9564,83,10,73
14626,9565,0,0,0
14626,9571,0,0,0
14626,9572,0,0,0
14626,9573,0,0,0
14626,9574,0,0,0
14626,9575,0,0,0
14626,9576,10,0,10
14626,9577,0,0,0
14626,9661,0,0,0
14626,9662,0,0,0
14626,9663,0,0,0
14626,9671,0,0,0
14626,9672,0,0,0
14626,9673,0,0,0
14626,9674,0,0,0
14626,9675,0,0,0
14626,9676,11,0,11
14626,9677,0,0,0
14626,9678,0,0,0
14626,9679,0,0,0
14626,9761,12,0,12
14626,9762,0,0,0
14626,9763,0,0,0
14626,9764,0,0,0
14626,9771,10,0,10
14626,9772,12,0,12
14626,9773,0,0,0
14626,9774,0,0,0
14626,9775,16,0,16
14626,9776,0,0,0
14626,9777,0,0,0
14626,9778,0,0,0
14626,9779,11,0,11
14626,9780,0,0,0
14626,10041,0,0,0
14626,10042,0,0,0
14626,10043,0,0,0
14626,10044,0,0,0
14626,10045,0,0,0
14626,10046,0,0,0
14626,11000,779,129,650
14626,12051,0,0,0
14626,12052,825,163,662
14626,12053,14,0,14
14626,12054,35,0,35
14626,12060,19,0,19
14626,12061,67,16,51
14626,12062,66,26,40
14626,12063,11,11,0
14626,12064,20,10,10
14626,12065,33,0,33
14626,12066,530,106,424
14626,12067,57,14,43
14626,12068,0,0,0
14626,12069,58,11,47
14626,12070,0,0,0
14626,12071,2506,833,1673
14626,12072,51,10,41
14626,12073,0,0,0
14626,13003,13,0,13
14626,13004,0,0,0
14626,13071,0,0,0
14626,13072,19,0,19
14626,13073,13,0,13
14626,13074,0,0,0
14626,13075,12,12,0
14626,13076,0,0,0
14626,14511,159,26,133
14626,14521,107,76,31
14626,14522,207,64,143
14626,14523,81,28,53
14626,14524,120,35,85
14626,14612,3060,705,2355
14626,14625,11211,4587,6624
14626,14626,0,0,0
14626,14627,488,119,369
14626,14628,521,200,321
14626,14713,513,116,397
14626,14729,153,64,89
14626,14730,108,29,79
14626,15001,0,0,0
14626,15002,30,0,30
14626,15003,33,0,33
14626,15081,0,0,0
14626,15082,28,10,18
14626,15083,0,0,0
14626,15084,24,14,10
14626,15085,0,0,0
14626,15086,30,0,30
14626,15087,0,0,0
14626,15088,58,10,48
14626,15089,19,0,19
14626,15090,0,0,0
14626,15091,30,10,20
14626,16051,31,0,31
14626,16052,15,0,15
14626,16053,17,0,17
14626,16054,0,0,0
14626,16055,10,0,10
14626,16056,0,0,0
14626,16061,14,0,14
14626,16062,0,0,0
14626,16063,20,0,20
14626,16064,0,0,0
14626,16065,0,0,0
14626,16066,0,0,0
14626,16067,14,14,0
14626,16068,0,0,0
14626,16069,0,0,0
14626,16070,0,0,0
14626,16071,0,0,0
14626,16072,0,0,0
14626,16073,0,0,0
14626,16074,38,22,16
14626,16075,0,0,0
14626,16076,0,0,0
14626,16077,10,0,10
14627,1001,0,0,0
14627,1002,0,0,0
14627,1003,0,0,0
14627,1004,0,0,0
14627,1051,0,0,0
14627,1053,0,0,0
14627,1054,13,0,13
14627,1055,0,0,0
14627,1056,0,0,0
14627,1057,0,0,0
14627,1058,0,0,0
14627,1059,0,0,0
14627,1060,12,0,12
14627,1061,0,0,0
14627,1062,0,0,0
14627,2000,136,19,117
14627,3101,10,0,10
14627,3102,0,0,0
14627,3103,21,0,21
14627,3151,0,0,0
14627,3153,0,0,0
14627,3154,0,0,0
14627,3155,0,0,0
14627,3157,0,0,0
14627,3158,0,0,0
14627,3159,13,0,13
14627,3241,69,15,54
14627,3251,0,0,0
14627,3252,0,0,0
14627,3254,0,0,0
14627,3255,0,0,0
14627,3256,0,0,0
14627,3257,0,0,0
14627,3351,0,0,0
14627,3352,0,0,0
14627,3353,0,0,0
14627,3354,0,0,0
14627,3355,12,0,12
14627,3356,0,0,0
14627,3357,32,0,32
14627,3358,0,0,0
14627,3359,12,0,12
14627,3360,0,0,0
14627,3361,0,0,0
14627,3401,0,0,0
14627,3402,0,0,0
14627,3403,0,0,0
14627,3404,0,0,0
14627,3405,10,0,10
14627,3451,0,0,0
14627,3452,0,0,0
14627,3453,10,0,10
14627,3454,15,0,15
14627,3455,0,0,0
14627,3456,0,0,0
14627,3457,0,0,0
14627,3458,0,0,0
14627,3459,0,0,0
14627,3460,0,0,0
14627,3461,0,0,0
14627,3462,0,0,0
14627,4011,11,0,11
14627,4012,0,0,0
14627,5111,54,0,54
14627,5112,14,0,14
14627,5113,22,0,22
14627,5114,12,0,12
14627,5116,0,0,0
14627,5117,0,0,0
14627,5119,0,0,0
14627,5120,0,0,0
14627,5122,0,0,0
14627,5124,0,0,0
14627,5154,12,0,12
14627,5158,27,0,27
14627,5162,11,0,11
14627,5166,0,0,0
14627,5170,34,0,34
14627,5314,0,0,0
14627,5315,68,10,58
14627,5316,0,0,0
14627,5334,0,0,0
14627,5358,0,0,0
14627,5362,12,0,12
14627,5366,0,0,0
14627,5370,0,0,0
14627,5374,76,55,21
14627,5378,0,0,0
14627,5382,30,10,20
14627,5512,0,0,0
14627,5513,0,0,0
14627,5515,0,0,0
14627,5554,0,0,0
14627,5558,0,0,0
14627,5562,0,0,0
14627,5566,0,0,0
14627,5570,0,0,0
14627,5711,12,0,12
14627,5754,20,0,20
14627,5758,0,0,0
14627,5762,0,0,0
14627,5766,0,0,0
14627,5770,10,0,10
14627,5774,0,0,0
14627,5911,11,0,11
14627,5913,19,0,19
14627,5914,0,0,0
14627,5915,0,0,0
14627,5916,0,0,0
14627,5954,0,0,0
14627,5958,0,0,0
14627,5962,0,0,0
14627,5966,0,0,0
14627,5970,25,14,11
14627,5974,0,0,0
14627,5978,10,0,10
14627,6411,10,0,10
14627,6412,99,15,84
14627,6413,0,0,0
14627,6414,19,0,19
14627,6431,11,0,11
14627,6432,27,0,27
14627,6433,0,0,0
14627,6434,19,0,19
14627,6435,22,0,22
14627,6436,22,0,22
14627,6437,0,0,0
14627,6438,22,0,22
14627,6439,0,0,0
14627,6440,11,0,11
14627,6531,0,0,0
14627,6532,0,0,0
14627,6533,0,0,0
14627,6534,0,0,0
14627,6535,0,0,0
14627,6611,0,0,0
14627,6631,0,0,0
14627,6632,12,0,12
14627,6633,0,0,0
14627,6634,13,0,13
14627,6635,0,0,0
14627,6636,0,0,0
14627,7111,0,0,0
14627,7131,0,0,0
14627,7132,58,58,0
14627,7133,0,0,0
14627,7134,0,0,0
14627,7135,0,0,0
14627,7137,0,0,0
14627,7138,0,0,0
14627,7140,0,0,0
14627,7141,0,0,0
14627,7143,16,0,16
14627,7211,0,0,0
14627,7231,0,0,0
14627,7232,0,0,0
14627,7233,0,0,0
14627,7235,0,0,0
14627,7311,0,0,0
14627,7312,0,0,0
14627,7313,0,0,0
14627,7314,0,0,0
14627,7315,24,0,24
14627,7316,0,0,0
14627,7317,0,0,0
14627,7318,0,0,0
14627,7319,0,0,0
14627,7320,0,0,0
14627,7331,0,0,0
14627,7332,0,0,0
14627,7333,0,0,0
14627,7334,0,0,0
14627,7335,0,0,0
14627,7336,0,0,0
14627,7337,0,0,0
14627,7338,0,0,0
14627,7339,0,0,0
14627,7340,0,0,0
14627,8111,66,0,66
14627,8115,14,0,14
14627,8116,41,0,41
14627,8117,15,0,15
14627,8118,60,12,48
14627,8119,14,0,14
14627,8121,0,0,0
14627,8125,27,0,27
14627,8126,13,0,13
14627,8127,78,60,18
14627,8128,0,0,0
14627,8135,10,0,10
14627,8136,15,0,15
14627,8211,0,0,0
14627,8212,36,0,36
14627,8215,0,0,0
14627,8216,0,0,0
14627,8221,0,0,0
14627,8222,38,0,38
14627,8225,10,0,10
14627,8226,42,13,29
14627,8231,0,0,0
14627,8235,0,0,0
14627,8236,0,0,0
14627,8237,0,0,0
14627,8311,12,0,12
14627,8315,15,0,15
14627,8316,16,0,16
14627,8317,20,0,20
14627,8325,0,0,0
14627,8326,0,0,0
14627,8327,10,0,10
14627,8335,0,0,0
14627,8336,0,0,0
14627,8337,0,0,0
14627,8415,11,0,11
14627,8416,0,0,0
14627,8417,0,0,0
14627,8421,0,0,0
14627,8425,11,0,11
14627,8426,0,0,0
14627,8435,0,0,0
14627,8436,0,0,0
14627,8437,0,0,0
14627,9161,28,0,28
14627,9162,173,36,137
14627,9163,11,0,11
14627,9171,15,0,15
14627,9172,0,0,0
14627,9173,0,0,0
14627,9174,0,0,0
14627,9175,0,0,0
14627,9176,0,0,0
14627,9177,12,0,12
14627,9178,28,10,18
14627,9179,12,0,12
14627,9180,0,0,0
14627,9181,0,0,0
14627,9182,0,0,0
14627,9183,22,0,22
14627,9184,78,12,66
14627,9185,0,0,0
14627,9186,36,0,36
14627,9187,26,0,26
14627,9188,0,0,0
14627,9189,0,0,0
14627,9190,0,0,0
14627,9261,0,0,0
14627,9262,0,0,0
14627,9263,0,0,0
14627,9271,11,0,11
14627,9272,0,0,0
14627,9273,0,0,0
14627,9274,0,0,0
14627,9275,0,0,0
14627,9276,0,0,0
14627,9277,0,0,0
14627,9278,0,0,0
14627,9279,0,0,0
14627,9361,0,0,0
14627,9362,16,0,16
14627,9363,0,0,0
14627,9371,0,0,0
14627,9372,0,0,0
14627,9373,21,0,21
14627,9374,0,0,0
14627,9375,16,0,16
14627,9376,10,0,10
14627,9377,0,0,0
14627,9461,0,0,0
14627,9462,0,0,0
14627,9463,0,0,0
14627,9464,0,0,0
14627,9471,30,0,30
14627,9472,0,0,0
14627,9473,29,29,0
14627,9474,0,0,0
14627,9475,0,0,0
14627,9476,0,0,0
14627,9477,14,0,14
14627,9478,0,0,0
14627,9479,0,0,0
14627,9561,0,0,0
14627,9562,0,0,0
14627,9563,20,20,0
14627,9564,97,28,69
14627,9565,10,0,10
14627,9571,11,0,11
14627,9572,0,0,0
14627,9573,0,0,0
14627,9574,17,0,17
14627,9575,0,0,0
14627,9576,0,0,0
14627,9577,0,0,0
14627,9661,0,0,0
14627,9662,0,0,0
14627,9663,0,0,0
14627,9671,0,0,0
14627,9672,0,0,0
14627,9673,0,0,0
14627,9674,0,0,0
14627,9675,0,0,0
14627,9676,0,0,0
14627,9677,0,0,0
14627,9678,0,0,0
14627,9679,17,0,17
14627,9761,0,0,0
14627,9762,0,0,0
14627,9763,0,0,0
14627,9764,0,0,0
14627,9771,0,0,0
14627,9772,0,0,0
14627,9773,0,0,0
14627,9774,0,0,0
14627,9775,10,0,10
14627,9776,35,0,35
14627,9777,0,0,0
14627,9778,0,0,0
14627,9779,13,0,13
14627,9780,13,0,13
14627,10041,0,0,0
14627,10042,0,0,0
14627,10043,0,0,0
14627,10044,0,0,0
14627,10045,0,0,0
14627,10046,0,0,0
14627,11000,703,239,464
14627,12051,11,11,0
14627,12052,89,52,37
14627,12053,0,0,0
14627,12054,115,39,76
14627,12060,27,27,0
14627,12061,100,61,39
14627,12062,3064,2257,807
14627,12063,13,13,0
14627,12064,46,25,21
14627,12065,22,11,11
14627,12066,1485,942,543
14627,12067,53,19,34
14627,12068,13,0,13
14627,12069,212,72,140
14627,12070,0,0,0
14627,12071,112,72,40
14627,12072,83,47,36
14627,12073,0,0,0
14627,13003,28,11,17
14627,13004,0,0,0
14627,13071,18,18,0
14627,13072,22,11,11
14627,13073,27,17,10
14627,13074,15,15,0
14627,13075,57,46,11
14627,13076,21,21,0
14627,14511,819,333,486
14627,14521,385,224,161
14627,14522,5109,2875,2234
14627,14523,119,86,33
14627,14524,436,227,209
14627,14612,31583,11348,20235
14627,14625,4163,2236,1927
14627,14626,488,369,119
14627,14627,0,0,0
14627,14628,4670,2576,2094
14627,14713,1490,517,973
14627,14729,569,348,221
14627,14730,2911,1919,992
14627,15001,34,23,11
14627,15002,133,62,71
14627,15003,73,42,31
14627,15081,0,0,0
14627,15082,75,32,43
14627,15083,56,30,26
14627,15084,78,43,35
14627,15085,31,11,20
14627,15086,12,0,12
14627,15087,28,14,14
14627,15088,169,64,105
14627,15089,30,15,15
14627,15090,0,0,0
14627,15091,108,78,30
14627,16051,124,57,67
14627,16052,75,43,32
14627,16053,60,11,49
14627,16054,0,0,0
14627,16055,22,12,10
14627,16056,0,0,0
14627,16061,16,0,16
14627,16062,14,0,14
14627,16063,17,0,17
14627,16064,0,0,0
14627,16065,0,0,0
14627,16066,33,19,14
14627,16067,26,26,0
14627,16068,12,12,0
14627,16069,0,0,0
14627,16070,31,19,12
14627,16071,25,13,12
14627,16072,0,0,0
14627,16073,16,16,0
14627,16074,31,16,15
14627,16075,26,15,11
14627,16076,50,32,18
14627,16077,39,23,16
14628,1001,0,0,0
14628,1002,0,0,0
14628,1003,0,0,0
14628,1004,10,0,10
14628,1051,0,0,0
14628,1053,0,0,0
14628,1054,0,0,0
14628,1055,0,0,0
14628,1056,13,0,13
14628,1057,0,0,0
14628,1058,0,0,0
14628,1059,0,0,0
14628,1060,0,0,0
14628,1061,0,0,0
14628,1062,11,0,11
14628,2000,107,16,91
14628,3101,12,0,12
14628,3102,0,0,0
14628,3103,20,0,20
14628,3151,0,0,0
14628,3153,0,0,0
14628,3154,0,0,0
14628,3155,10,0,10
14628,3157,0,0,0
14628,3158,0,0,0
14628,3159,0,0,0
14628,3241,57,10,47
14628,3251,0,0,0
14628,3252,0,0,0
14628,3254,0,0,0
14628,3255,0,0,0
14628,3256,0,0,0
14628,3257,0,0,0
14628,3351,0,0,0
14628,3352,0,0,0
14628,3353,10,0,10
14628,3354,0,0,0
14628,3355,13,0,13
14628,3356,0,0,0
14628,3357,0,0,0
14628,3358,0,0,0
14628,3359,0,0,0
14628,3360,0,0,0
14628,3361,12,0,12
14628,3401,0,0,0
14628,3402,0,0,0
14628,3403,0,0,0
14628,3404,13,0,13
14628,3405,0,0,0
14628,3451,0,0,0
14628,3452,0,0,0
14628,3453,0,0,0
14628,3454,11,0,11
14628,3455,0,0,0
14628,3456,0,0,0
14628,3457,0,0,0
14628,3458,0,0,0
14628,3459,10,10,0
14628,3460,0,0,0
14628,3461,0,0,0
14628,3462,0,0,0
14628,4011,26,0,26
14628,4012,0,0,0
14628,5111,47,0,47
14628,5112,0,0,0
14628,5113,34,0,34
14628,5114,11,0,11
14628,5116,0,0,0
14628,5117,0,0,0
14628,5119,0,0,0
14628,5120,0,0,0
14628,5122,0,0,0
14628,5124,0,0,0
14628,5154,0,0,0
14628,5158,31,0,31
14628,5162,13,0,13
14628,5166,0,0,0
14628,5170,68,0,68
14628,5314,13,0,13
14628,5315,97,0,97
14628,5316,0,0,0
14628,5334,0,0,0
14628,5358,0,0,0
14628,5362,0,0,0
14628,5366,0,0,0
14628,5370,0,0,0
14628,5374,23,0,23
14628,5378,0,0,0
14628,5382,22,0,22
14628,5512,0,0,0
14628,5513,0,0,0
14628,5515,10,0,10
14628,5554,14,0,14
14628,5558,0,0,0
14628,5562,0,0,0
14628,5566,10,0,10
14628,5570,0,0,0
14628,5711,13,0,13
14628,5754,29,0,29
14628,5758,0,0,0
14628,5762,0,0,0
14628,5766,0,0,0
14628,5770,0,0,0
14628,5774,10,0,10
14628,5911,11,0,11
14628,5913,14,0,14
14628,5914,0,0,0
14628,5915,0,0,0
14628,5916,0,0,0
14628,5954,0,0,0
14628,5958,0,0,0
14628,5962,0,0,0
14628,5966,0,0,0
14628,5970,13,0,13
14628,5974,0,0,0
14628,5978,17,0,17
14628,6411,22,0,22
14628,6412,84,0,84
14628,6413,0,0,0
14628,6414,22,0,22
14628,6431,10,0,10
14628,6432,10,0,10
14628,6433,19,0,19
14628,6434,12,0,12
14628,6435,27,0,27
14628,6436,25,0,25
14628,6437,0,0,0
14628,6438,20,0,20
14628,6439,0,0,0
14628,6440,0,0,0
14628,6531,0,0,0
14628,6532,10,0,10
14628,6533,0,0,0
14628,6534,0,0,0
14628,6535,0,0,0
14628,6611,0,0,0
14628,6631,10,0,10
14628,6632,22,0,22
14628,6633,0,0,0
14628,6634,0,0,0
14628,6635,10,0,10
14628,6636,0,0,0
14628,7111,0,0,0
14628,7131,0,0,0
14628,7132,0,0,0
14628,7133,0,0,0
14628,7134,0,0,0
14628,7135,0,0,0
14628,7137,0,0,0
14628,7138,0,0,0
14628,7140,0,0,0
14628,7141,0,0,0
14628,7143,0,0,0
14628,7211,0,0,0
14628,7231,0,0,0
14628,7232,0,0,0
14628,7233,0,0,0
14628,7235,0,0,0
14628,7311,0,0,0
14628,7312,0,0,0
14628,7313,0,0,0
14628,7314,0,0,0
14628,7315,19,0,19
14628,7316,0,0,0
14628,7317,0,0,0
14628,7318,0,0,0
14628,7319,0,0,0
14628,7320,0,0,0
14628,7331,0,0,0
14628,7332,0,0,0
14628,7333,0,0,0
14628,7334,0,0,0
14628,7335,0,0,0
14628,7336,0,0,0
14628,7337,0,0,0
14628,7338,0,0,0
14628,7339,0,0,0
14628,7340,0,0,0
14628,8111,80,0,80
14628,8115,29,0,29
14628,8116,50,0,50
14628,8117,17,0,17
14628,8118,56,10,46
14628,8119,22,0,22
14628,8121,0,0,0
14628,8125,14,0,14
14628,8126,14,0,14
14628,8127,14,0,14
14628,8128,0,0,0
14628,8135,0,0,0
14628,8136,16,0,16
14628,8211,0,0,0
14628,8212,11,0,11
14628,8215,36,0,36
14628,8216,0,0,0
14628,8221,14,0,14
14628,8222,33,0,33
14628,8225,0,0,0
14628,8226,13,0,13
14628,8231,0,0,0
14628,8235,0,0,0
14628,8236,10,0,10
14628,8237,0,0,0
14628,8311,18,0,18
14628,8315,0,0,0
14628,8316,0,0,0
14628,8317,19,0,19
14628,8325,0,0,0
14628,8326,0,0,0
14628,8327,0,0,0
14628,8335,0,0,0
14628,8336,0,0,0
14628,8337,0,0,0
14628,8415,0,0,0
14628,8416,0,0,0
14628,8417,0,0,0
14628,8421,0,0,0
14628,8425,0,0,0
14628,8426,10,0,10
14628,8435,0,0,0
14628,8436,14,0,14
14628,8437,0,0,0
14628,9161,18,0,18
14628,9162,153,24,129
14628,9163,0,0,0
14628,9171,0,0,0
14628,9172,0,0,0
14628,9173,0,0,0
14628,9174,0,0,0
14628,9175,10,0,10
14628,9176,11,0,11
14628,9177,0,0,0
14628,9178,20,0,20
14628,9179,0,0,0
14628,9180,0,0,0
14628,9181,0,0,0
14628,9182,14,0,14
14628,9183,0,0,0
14628,9184,84,13,71
14628,9185,0,0,0
14628,9186,0,0,0
14628,9187,10,0,10
14628,9188,0,0,0
14628,9189,0,0,0
14628,9190,0,0,0
14628,9261,0,0,0
14628,9262,0,0,0
14628,9263,0,0,0
14628,9271,28,0,28
14628,9272,16,0,16
14628,9273,0,0,0
14628,9274,11,0,11
14628,9275,0,0,0
14628,9276,0,0,0
14628,9277,0,0,0
14628,9278,0,0,0
14628,9279,0,0,0
14628,9361,0,0,0
14628,9362,20,0,20
14628,9363,0,0,0
14628,9371,0,0,0
14628,9372,11,0,11
14628,9373,0,0,0
14628,9374,0,0,0
14628,9375,14,0,14
14628,9376,10,0,10
14628,9377,13,0,13
14628,9461,0,0,0
14628,9462,0,0,0
14628,9463,0,0,0
14628,9464,0,0,0
14628,9471,13,0,13
14628,9472,14,0,14
14628,9473,0,0,0
14628,9474,0,0,0
14628,9475,0,0,0
14628,9476,0,0,0
14628,9477,0,0,0
14628,9478,0,0,0
14628,9479,0,0,0
14628,9561,0,0,0
14628,9562,11,0,11
14628,9563,0,0,0
14628,9564,78,11,67
14628,9565,0,0,0
14628,9571,0,0,0
14628,9572,0,0,0
14628,9573,0,0,0
14628,9574,18,0,18
14628,9575,0,0,0
14628,9576,0,0,0
14628,9577,0,0,0
14628,9661,0,0,0
14628,9662,0,0,0
14628,9663,0,0,0
14628,9671,0,0,0
14628,9672,0,0,0
14628,9673,0,0,0
14628,9674,0,0,0
14628,9675,0,0,0
14628,9676,0,0,0
14628,9677,0,0,0
14628,9678,0,0,0
14628,9679,0,0,0
14628,9761,14,0,14
14628,9762,0,0,0
14628,9763,0,0,0
14628,9764,11,0,11
14628,9771,0,0,0
14628,9772,0,0,0
14628,9773,0,0,0
14628,9774,0,0,0
14628,9775,0,0,0
14628,9776,0,0,0
14628,9777,0,0,0
14628,9778,0,0,0
14628,9779,0,0,0
14628,9780,19,0,19
14628,10041,0,0,0
14628,10042,0,0,0
14628,10043,0,0,0
14628,10044,0,0,0
14628,10045,0,0,0
14628,10046,0,0,0
14628,11000,680,179,501
14628,12051,0,0,0
14628,12052,81,51,30
14628,12053,13,0,13
14628,12054,38,17,21
14628,12060,34,18,16
14628,12061,34,14,20
14628,12062,90,61,29
14628,12063,0,0,0
14628,12064,15,15,0
14628,12065,24,12,12
14628,12066,197,89,108
14628,12067,31,17,14
14628,12068,0,0,0
14628,12069,62,27,35
14628,12070,0,0,0
14628,12071,81,56,25
14628,12072,67,29,38
14628,12073,10,10,0
14628,13003,13,13,0
14628,13004,0,0,0
14628,13071,14,14,0
14628,13072,0,0,0
14628,13073,10,0,10
14628,13074,0,0,0
14628,13075,16,0,16
14628,13076,0,0,0
14628,14511,544,129,415
14628,14521,365,218,147
14628,14522,3026,1466,1560
14628,14523,78,40,38
14628,14524,241,106,135
14628,14612,42972,13541,29431
14628,14625,5513,2524,2989
14628,14626,521,321,200
14628,14627,4670,2094,2576
14628,14628,0,0,0
14628,14713,796,150,646
14628,14729,196,106,90
14628,14730,186,77,109
14628,15001,18,0,18
14628,15002,83,23,60
14628,15003,59,14,45
14628,15081,0,0,0
14628,15082,37,14,23
14628,15083,28,15,13
14628,15084,34,22,12
14628,15085,25,12,13
14628,15086,10,0,10
14628,15087,36,36,0
14628,15088,116,43,73
14628,15089,28,14,14
14628,15090,0,0,0
14628,15091,34,17,17
14628,16051,54,18,36
14628,16052,26,11,15
14628,16053,25,0,25
14628,16054,0,0,0
14628,16055,12,0,12
14628,16056,0,0,0
14628,16061,13,0,13
14628,16062,0,0,0
14628,16063,10,0,10
14628,16064,0,0,0
14628,16065,0,0,0
14628,16066,0,0,0
14628,16067,14,14,0
14628,16068,0,0,0
14628,16069,0,0,0
14628,16070,0,0,0
14628,16071,57,0,57
14628,16072,0,0,0
14628,16073,13,13,0
14628,16074,12,0,12
14628,16075,11,11,0
14628,16076,30,19,11
14628,16077,29,17,12
14713,1001,15,0,15
14713,1002,79,30,49
14713,1003,57,17,40
14713,1004,33,11,22
14713,1051,0,0,0
14713,1053,29,12,17
14713,1054,23,0,23
14713,1055,23,10,13
14713,1056,46,19,27
14713,1057,0,0,0
14713,1058,31,16,15
14713,1059,13,0,13
14713,1060,58,30,28
14713,1061,0,0,0
14713,1062,56,16,40
14713,2000,1019,217,802
14713,3101,146,40,106
14713,3102,11,0,11
14713,3103,96,20,76
14713,3151,33,19,14
14713,3153,62,44,18
14713,3154,48,48,0
14713,3155,37,15,22
14713,3157,27,15,12
14713,3158,15,15,0
14713,3159,160,83,77
14713,3241,568,162,406
14713,3251,39,13,26
14713,3252,35,23,12
14713,3254,58,34,24
14713,3255,0,0,0
14713,3256,31,15,16
14713,3257,20,20,0
14713,3351,31,15,16
14713,3352,35,0,35
14713,3353,57,23,34
14713,3354,0,0,0
14713,3355,52,20,32
14713,3356,0,0,0
14713,3357,24,11,13
14713,3358,0,0,0
14713,3359,12,12,0
14713,3360,10,10,0
14713,3361,34,14,20
14713,3401,10,0,10
14713,3402,0,0,0
14713,3403,32,14,18
14713,3404,77,13,64
14713,3405,16,0,16
14713,3451,0,0,0
14713,3452,37,16,21
14713,3453,15,0,15
14713,3454,63,18,45
14713,3455,0,0,0
14713,3456,12,0,12
14713,3457,27,11,16
14713,3458,0,0,0
14713,3459,45,11,34
14713,3460,14,0,14
14713,3461,0,0,0
14713,3462,0,0,0
14713,4011,217,61,156
14713,4012,12,0,12
14713,5111,511,52,459
14713,5112,95,46,49
14713,5113,193,65,128
14713,5114,62,36,26
14713,5116,36,12,24
14713,5117,23,12,11
14713,5119,25,12,13
14713,5120,0,0,0
14713,5122,16,0,16
14713,5124,51,25,26
14713,5154,53,15,38
14713,5158,169,31,138
14713,5162,83,28,55
14713,5166,57,15,42
14713,5170,120,22,98
14713,5314,165,39,126
14713,5315,701,125,576
14713,5316,34,12,22
14713,5334,72,28,44
14713,5358,24,13,11
14713,5362,113,42,71
14713,5366,0,0,0
14713,5370,38,21,17
14713,5374,121,22,99
14713,5378,50,17,33
14713,5382,114,39,75
14713,5512,13,13,0
14713,5513,102,39,63
14713,5515,110,33,77
14713,5554,51,17,34
14713,5558,0,0,0
14713,5562,71,44,27
14713,5566,53,24,29
14713,5570,45,31,14
14713,5711,67,16,51
14713,5754,115,18,97
14713,5758,32,10,22
14713,5762,23,11,12
14713,5766,32,14,18
14713,5770,71,19,52
14713,5774,64,18,46
14713,5911,81,41,40
14713,5913,151,43,108
14713,5914,38,13,25
14713,5915,0,0,0
14713,5916,19,0,19
14713,5954,42,17,25
14713,5958,72,10,62
14713,5962,32,11,21
14713,5966,10,0,10
14713,5970,27,0,27
14713,5974,53,28,25
14713,5978,48,0,48
14713,6411,80,22,58
14713,6412,922,134,788
14713,6413,36,14,22
14713,6414,124,23,101
14713,6431,33,14,19
14713,6432,43,16,27
14713,6433,65,19,46
14713,6434,150,21,129
14713,6435,118,44,74
14713,6436,165,38,127
14713,6437,0,0,0
14713,6438,187,57,130
14713,6439,38,11,27
14713,6440,59,24,35
14713,6531,84,35,49
14713,6532,33,11,22
14713,6533,14,0,14
14713,6534,46,21,25
14713,6535,0,0,0
14713,6611,90,41,49
14713,6631,54,21,33
14713,6632,39,15,24
14713,6633,44,21,23
14713,6634,33,15,18
14713,6635,52,12,40
14713,6636,18,18,0
14713,7111,21,0,21
14713,7131,0,0,0
14713,7132,0,0,0
14713,7133,17,0,17
14713,7134,0,0,0
14713,7135,0,0,0
14713,7137,20,0,20
14713,7138,12,0,12
14713,7140,10,0,10
14713,7141,0,0,0
14713,7143,31,12,19
14713,7211,14,0,14
14713,7231,0,0,0
14713,7232,0,0,0
14713,7233,0,0,0
14713,7235,0,0,0
14713,7311,0,0,0
14713,7312,12,12,0
14713,7313,0,0,0
14713,7314,37,11,26
14713,7315,81,18,63
14713,7316,0,0,0
14713,7317,0,0,0
14713,7318,0,0,0
14713,7319,0,0,0
14713,7320,0,0,0
14713,7331,0,0,0
14713,7332,17,0,17
14713,7333,13,0,13
14713,7334,0,0,0
14713,7335,0,0,0
14713,7336,0,0,0
14713,7337,24,0,24
14713,7338,15,0,15
14713,7339,27,14,13
14713,7340,0,0,0
14713,8111,348,103,245
14713,8115,110,30,80
14713,8116,237,107,130
14713,8117,37,0,37
14713,8118,136,42,94
14713,8119,73,17,56
14713,8121,82,46,36
14713,8125,95,51,44
14713,8126,28,0,28
14713,8127,36,11,25
14713,8128,15,0,15
14713,8135,12,0,12
14713,8136,44,19,25
14713,8211,0,0,0
14713,8212,139,39,100
14713,8215,74,17,57
14713,8216,44,10,34
14713,8221,51,11,40
14713,8222,249,35,214
14713,8225,21,11,10
14713,8226,81,32,49
14713,8231,16,0,16
14713,8235,13,13,0
14713,8236,0,0,0
14713,8237,0,0,0
14713,8311,80,29,51
14713,8315,49,26,23
14713,8316,0,0,0
14713,8317,84,33,51
14713,8325,10,0,10
14713,8326,25,11,14
14713,8327,16,0,16
14713,8335,54,29,25
14713,8336,24,0,24
14713,8337,11,0,11
14713,8415,52,18,34
14713,8416,48,31,17
14713,8417,11,0,11
14713,8421,65,11,54
14713,8425,32,14,18
14713,8426,33,11,22
14713,8435,36,15,21
14713,8436,38,22,16
14713,8437,14,0,14
14713,9161,100,10,90
14713,9162,1256,294,962
14713,9163,17,0,17
14713,9171,18,18,0
14713,9172,12,0,12
14713,9173,17,0,17
14713,9174,75,17,58
14713,9175,69,24,45
14713,9176,18,0,18
14713,9177,38,15,23
14713,9178,80,23,57
14713,9179,51,26,25
14713,9180,0,0,0
14713,9181,38,13,25
14713,9182,18,0,18
14713,9183,46,32,14
14713,9184,380,60,320
14713,9185,0,0,0
14713,9186,49,15,34
14713,9187,39,24,15
14713,9188,68,13,55
14713,9189,17,0,17
14713,9190,23,11,12
14713,9261,0,0,0
14713,9262,10,0,10
14713,9263,11,0,11
14713,9271,56,0,56
14713,9272,0,0,0
14713,9273,51,11,40
14713,9274,64,0,64
14713,9275,13,0,13
14713,9276,0,0,0
14713,9277,16,0,16
14713,9278,20,0,20
14713,9279,15,0,15
14713,9361,16,0,16
14713,9362,57,17,40
14713,9363,0,0,0
14713,9371,25,11,14
14713,9372,12,0,12
14713,9373,29,0,29
14713,9374,0,0,0
14713,9375,27,27,0
14713,9376,13,13,0
14713,9377,14,0,14
14713,9461,80,17,63
14713,9462,55,15,40
14713,9463,27,11,16
14713,9464,25,10,15
14713,9471,37,11,26
14713,9472,34,13,21
14713,9473,0,0,0
14713,9474,25,10,15
14713,9475,50,20,30
14713,9476,0,0,0
14713,9477,12,0,12
14713,9478,12,0,12
14713,9479,12,0,12
14713,9561,13,0,13
14713,9562,79,17,62
14713,9563,37,16,21
14713,9564,413,92,321
14713,9565,0,0,0
14713,9571,27,13,14
14713,9572,45,17,28
14713,9573,11,11,0
14713,9574,47,19,28
14713,9575,0,0,0
14713,9576,37,12,25
14713,9577,16,0,16
14713,9661,13,0,13
14713,9662,0,0,0
14713,9663,59,31,28
14713,9671,38,11,27
14713,9672,14,0,14
14713,9673,25,10,15
14713,9674,0,0,0
14713,9675,15,0,15
14713,9676,21,0,21
14713,9677,26,11,15
14713,9678,0,0,0
14713,9679,56,22,34
14713,9761,86,39,47
14713,9762,0,0,0
14713,9763,0,0,0
14713,9764,12,0,12
14713,9771,14,0,14
14713,9772,48,18,30
14713,9773,0,0,0
14713,9774,0,0,0
14713,9775,21,0,21
14713,9776,10,0,10
14713,9777,10,0,10
14713,9778,20,0,20
14713,9779,24,10,14
14713,9780,22,0,22
14713,10041,50,16,34
14713,10042,0,0,0
14713,10043,0,0,0
14713,10044,11,0,11
14713,10045,0,0,0
14713,10046,0,0,0
14713,11000,5437,2194,3243
14713,12051,75,58,17
14713,12052,261,178,83
14713,12053,55,43,12
14713,12054,320,158,162
14713,12060,128,97,31
14713,12061,189,121,68
14713,12062,437,366,71
14713,12063,154,119,35
14713,12064,205,164,41
14713,12065,152,115,37
14713,12066,314,178,136
14713,12067,160,107,53
14713,12068,78,56,22
14713,12069,394,256,138
14713,12070,25,13,12
14713,12071,146,120,26
14713,12072,251,153,98
14713,12073,75,60,15
14713,13003,168,97,71
14713,13004,56,30,26
14713,13071,137,111,26
14713,13072,107,74,33
14713,13073,135,87,48
14713,13074,74,45,29
14713,13075,143,105,38
14713,13076,49,37,12
14713,14511,2662,1259,1403
14713,14521,802,614,188
14713,14522,2767,1893,874
14713,14523,516,313,203
14713,14524,1755,1094,661
14713,14612,5734,2719,3015
14713,14625,946,710,236
14713,14626,513,397,116
14713,14627,1490,973,517
14713,14628,796,646,150
14713,14713,0,0,0
14713,14729,45498,31992,13506
14713,14730,30865,18576,12289
14713,15001,1284,747,537
14713,15002,8628,4623,4005
14713,15003,1060,595,465
14713,15081,70,52,18
14713,15082,3492,2115,1377
14713,15083,256,202,54
14713,15084,4231,2915,1316
14713,15085,344,237,107
14713,15086,186,125,61
14713,15087,724,605,119
14713,15088,8729,5396,3333
14713,15089,912,605,307
14713,15090,181,142,39
14713,15091,1263,961,302
14713,16051,1332,777,555
14713,16052,629,409,220
14713,16053,746,307,439
14713,16054,72,48,24
14713,16055,252,155,97
14713,16056,79,48,31
14713,16061,124,89,35
14713,16062,209,139,70
14713,16063,141,82,59
14713,16064,155,109,46
14713,16065,176,125,51
14713,16066,108,88,20
14713,16067,218,169,49
14713,16068,134,101,33
14713,16069,43,30,13
14713,16070,225,134,91
14713,16071,197,169,28
14713,16072,30,17,13
14713,16073,145,105,40
14713,16074,310,210,100
14713,16075,143,83,60
14713,16076,322,250,72
14713,16077,1804,1398,406
14729,1001,0,0,0
14729,1002,0,0,0
14729,1003,14,14,0
14729,1004,14,0,14
14729,1051,0,0,0
14729,1053,0,0,0
14729,1054,13,0,13
14729,1055,0,0,0
14729,1056,11,0,11
14729,1057,0,0,0
14729,1058,0,0,0
14729,1059,0,0,0
14729,1060,0,0,0
14729,1061,0,0,0
14729,1062,14,0,14
14729,2000,199,33,166
14729,3101,15,0,15
14729,3102,0,0,0
14729,3103,21,0,21
14729,3151,11,0,11
14729,3153,26,26,0
14729,3154,0,0,0
14729,3155,13,0,13
14729,3157,0,0,0
14729,3158,0,0,0
14729,3159,16,0,16
14729,3241,176,16,160
14729,3251,14,0,14
14729,3252,0,0,0
14729,3254,10,0,10
14729,3255,0,0,0
14729,3256,0,0,0
14729,3257,0,0,0
14729,3351,10,0,10
14729,3352,15,0,15
14729,3353,24,0,24
14729,3354,0,0,0
14729,3355,0,0,0
14729,3356,0,0,0
14729,3357,0,0,0
14729,3358,0,0,0
14729,3359,14,0,14
14729,3360,0,0,0
14729,3361,0,0,0
14729,3401,0,0,0
14729,3402,0,0,0
14729,3403,0,0,0
14729,3404,11,0,11
14729,3405,16,0,16
14729,3451,0,0,0
14729,3452,0,0,0
14729,3453,14,0,14
14729,3454,28,0,28
14729,3455,0,0,0
14729,3456,0,0,0
14729,3457,0,0,0
14729,3458,0,0,0
14729,3459,45,0,45
14729,3460,0,0,0
14729,3461,0,0,0
14729,3462,0,0,0
14729,4011,48,22,26
14729,4012,0,0,0
14729,5111,106,0,106
14729,5112,14,0,14
14729,5113,36,0,36
14729,5114,10,0,10
14729,5116,0,0,0
14729,5117,0,0,0
14729,5119,12,0,12
14729,5120,0,0,0
14729,5122,0,0,0
14729,5124,12,0,12
14729,5154,10,0,10
14729,5158,53,0,53
14729,5162,20,0,20
14729,5166,13,0,13
14729,5170,37,0,37
14729,5314,16,0,16
14729,5315,89,0,89
14729,5316,0,0,0
14729,5334,14,0,14
14729,5358,0,0,0
14729,5362,31,0,31
14729,5366,0,0,0
14729,5370,0,0,0
14729,5374,28,0,28
14729,5378,12,0,12
14729,5382,27,0,27
14729,5512,0,0,0
14729,5513,12,0,12
14729,5515,15,0,15
14729,5554,11,0,11
14729,5558,0,0,0
14729,5562,10,0,10
14729,5566,22,0,22
14729,5570,0,0,0
14729,5711,20,0,20
14729,5754,40,0,40
14729,5758,11,0,11
14729,5762,0,0,0
14729,5766,0,0,0
14729,5770,15,0,15
14729,5774,18,0,18
14729,5911,12,0,12
14729,5913,33,0,33
14729,5914,0,0,0
14729,5915,0,0,0
14729,5916,0,0,0
14729,5954,0,0,0
14729,5958,24,0,24
14729,5962,11,0,11
14729,5966,0,0,0
14729,5970,24,0,24
14729,5974,15,0,15
14729,5978,13,0,13
14729,6411,18,0,18
14729,6412,188,17,171
14729,6413,0,0,0
14729,6414,66,0,66
14729,6431,13,0,13
14729,6432,14,0,14
14729,6433,18,0,18
14729,6434,28,0,28
14729,6435,36,0,36
14729,6436,36,0,36
14729,6437,0,0,0
14729,6438,110,0,110
14729,6439,0,0,0
14729,6440,16,0,16
14729,6531,14,0,14
14729,6532,0,0,0
14729,6533,0,0,0
14729,6534,0,0,0
14729,6535,0,0,0
14729,6611,13,0,13
14729,6631,0,0,0
14729,6632,15,0,15
14729,6633,0,0,0
14729,6634,0,0,0
14729,6635,0,0,0
14729,6636,0,0,0
14729,7111,0,0,0
14729,7131,0,0,0
14729,7132,0,0,0
14729,7133,0,0,0
14729,7134,0,0,0
14729,7135,0,0,0
14729,7137,0,0,0
14729,7138,11,0,11
14729,7140,0,0,0
14729,7141,0,0,0
14729,7143,12,0,12
14729,7211,0,0,0
14729,7231,0,0,0
14729,7232,0,0,0
14729,7233,0,0,0
14729,7235,0,0,0
14729,7311,0,0,0
14729,7312,0,0,0
14729,7313,0,0,0
14729,7314,0,0,0
14729,7315,13,0,13
14729,7316,0,0,0
14729,7317,0,0,0
14729,7318,0,0,0
14729,7319,0,0,0
14729,7320,0,0,0
14729,7331,0,0,0
14729,7332,0,0,0
14729,7333,0,0,0
14729,7334,0,0,0
14729,7335,0,0,0
14729,7336,0,0,0
14729,7337,18,0,18
14729,7338,11,0,11
14729,7339,0,0,0
14729,7340,0,0,0
14729,8111,86,11,75
14729,8115,26,0,26
14729,8116,62,10,52
14729,8117,23,0,23
14729,8118,18,0,18
14729,8119,26,0,26
14729,8121,12,0,12
14729,8125,36,11,25
14729,8126,21,0,21
14729,8127,17,0,17
14729,8128,0,0,0
14729,8135,0,0,0
14729,8136,34,0,34
14729,8211,0,0,0
14729,8212,37,0,37
14729,8215,43,12,31
14729,8216,0,0,0
14729,8221,20,0,20
14729,8222,47,0,47
14729,8225,0,0,0
14729,8226,22,0,22
14729,8231,0,0,0
14729,8235,0,0,0
14729,8236,13,0,13
14729,8237,0,0,0
14729,8311,0,0,0
14729,8315,0,0,0
14729,8316,0,0,0
14729,8317,20,0,20
14729,8325,0,0,0
14729,8326,14,0,14
14729,8327,0,0,0
14729,8335,0,0,0
14729,8336,0,0,0
14729,8337,0,0,0
14729,8415,16,0,16
14729,8416,14,0,14
14729,8417,0,0,0
14729,8421,66,0,66
14729,8425,10,0,10
14729,8426,14,0,14
14729,8435,13,0,13
14729,8436,20,0,20
14729,8437,0,0,0
14729,9161,36,0,36
14729,9162,196,16,180
14729,9163,0,0,0
14729,9171,0,0,0
14729,9172,0,0,0
14729,9173,0,0,0
14729,9174,25,0,25
14729,9175,0,0,0
14729,9176,11,0,11
14729,9177,14,0,14
14729,9178,18,0,18
14729,9179,14,0,14
14729,9180,0,0,0
14729,9181,0,0,0
14729,9182,0,0,0
14729,9183,0,0,0
14729,9184,97,0,97
14729,9185,0,0,0
14729,9186,13,0,13
14729,9187,17,0,17
14729,9188,11,0,11
14729,9189,0,0,0
14729,9190,0,0,0
14729,9261,0,0,0
14729,9262,14,0,14
14729,9263,0,0,0
14729,9271,14,0,14
14729,9272,0,0,0
14729,9273,25,0,25
14729,9274,13,0,13
14729,9275,0,0,0
14729,9276,0,0,0
14729,9277,0,0,0
14729,9278,13,13,0
14729,9279,0,0,0
14729,9361,0,0,0
14729,9362,20,0,20
14729,9363,0,0,0
14729,9371,0,0,0
14729,9372,0,0,0
14729,9373,25,0,25
14729,9374,0,0,0
14729,9375,11,0,11
14729,9376,14,0,14
14729,9377,0,0,0
14729,9461,0,0,0
14729,9462,0,0,0
14729,9463,0,0,0
14729,9464,0,0,0
14729,9471,0,0,0
14729,9472,0,0,0
14729,9473,0,0,0
14729,9474,11,0,11
14729,9475,0,0,0
14729,9476,0,0,0
14729,9477,0,0,0
14729,9478,0,0,0
14729,9479,0,0,0
14729,9561,25,0,25
14729,9562,30,0,30
14729,9563,0,0,0
14729,9564,102,23,79
14729,9565,0,0,0
14729,9571,10,0,10
14729,9572,0,0,0
14729,9573,0,0,0
14729,9574,14,0,14
14729,9575,0,0,0
14729,9576,0,0,0
14729,9577,0,0,0
14729,9661,0,0,0
14729,9662,0,0,0
14729,9663,0,0,0
14729,9671,18,0,18
14729,9672,12,0,12
14729,9673,0,0,0
14729,9674,0,0,0
14729,9675,0,0,0
14729,9676,0,0,0
14729,9677,15,0,15
14729,9678,0,0,0
14729,9679,0,0,0
14729,9761,27,10,17
14729,9762,0,0,0
14729,9763,0,0,0
14729,9764,0,0,0
14729,9771,10,0,10
14729,9772,12,0,12
14729,9773,0,0,0
14729,9774,0,0,0
14729,9775,16,0,16
14729,9776,0,0,0
14729,9777,10,0,10
14729,9778,0,0,0
14729,9779,17,0,17
14729,9780,12,0,12
14729,10041,10,0,10
14729,10042,0,0,0
14729,10043,11,0,11
14729,10044,10,0,10
14729,10045,0,0,0
14729,10046,0,0,0
14729,11000,818,163,655
14729,12051,0,0,0
14729,12052,84,31,53
14729,12053,16,0,16
14729,12054,62,17,45
14729,12060,50,27,23
14729,12061,71,31,40
14729,12062,134,88,46
14729,12063,0,0,0
14729,12064,38,20,18
14729,12065,58,23,35
14729,12066,158,48,110
14729,12067,24,10,14
14729,12068,13,0,13
14729,12069,64,28,36
14729,12070,10,10,0
14729,12071,85,46,39
14729,12072,44,14,30
14729,12073,0,0,0
14729,13003,38,20,18
14729,13004,0,0,0
14729,13071,28,18,10
14729,13072,56,38,18
14729,13073,24,10,14
14729,13074,0,0,0
14729,13075,29,19,10
14729,13076,0,0,0
14729,14511,1045,214,831
14729,14521,268,170,98
14729,14522,4581,2103,2478
14729,14523,179,83,96
14729,14524,767,259,508
14729,14612,1230,191,1039
14729,14625,171,81,90
14729,14626,153,89,64
14729,14627,569,221,348
14729,14628,196,90,106
14729,14713,45498,13506,31992
14729,14729,0,0,0
14729,14730,7832,3611,4221
14729,15001,113,58,55
14729,15002,1034,442,592
14729,15003,200,64,136
14729,15081,0,0,0
14729,15082,422,181,241
14729,15083,51,31,20
14729,15084,2437,1226,1211
14729,15085,54,34,20
14729,15086,53,23,30
14729,15087,120,72,48
14729,15088,2048,834,1214
14729,15089,153,44,109
14729,15090,24,11,13
14729,15091,190,117,73
14729,16051,183,50,133
14729,16052,180,52,128
14729,16053,110,29,81
14729,16054,12,12,0
14729,16055,44,14,30
14729,16056,0,0,0
14729,16061,23,0,23
14729,16062,35,10,25
14729,16063,33,12,21
14729,16064,27,14,13
14729,16065,33,21,12
14729,16066,38,22,16
14729,16067,64,44,20
14729,16068,19,19,0
14729,16069,0,0,0
14729,16070,55,36,19
14729,16071,32,32,0
14729,16072,12,0,12
14729,16073,30,20,10
14729,16074,104,56,48
14729,16075,54,35,19
14729,16076,113,65,48
14729,16077,2972,1641,1331
14730,1001,0,0,0
14730,1002,0,0,0
14730,1003,0,0,0
14730,1004,0,0,0
14730,1051,0,0,0
14730,1053,0,0,0
14730,1054,0,0,0
14730,1055,0,0,0
14730,1056,11,0,11
14730,1057,0,0,0
14730,1058,0,0,0
14730,1059,0,0,0
14730,1060,0,0,0
14730,1061,0,0,0
14730,1062,0,0,0
14730,2000,127,25,102
14730,3101,28,0,28
14730,3102,0,0,0
14730,3103,21,0,21
14730,3151,0,0,0
14730,3153,11,11,0
14730,3154,0,0,0
14730,3155,0,0,0
14730,3157,0,0,0
14730,3158,0,0,0
14730,3159,10,0,10
14730,3241,100,23,77
14730,3251,13,0,13
14730,3252,0,0,0
14730,3254,0,0,0
14730,3255,0,0,0
14730,3256,0,0,0
14730,3257,0,0,0
14730,3351,10,0,10
14730,3352,0,0,0
14730,3353,0,0,0
14730,3354,0,0,0
14730,3355,0,0,0
14730,3356,0,0,0
14730,3357,0,0,0
14730,3358,0,0,0
14730,3359,0,0,0
14730,3360,0,0,0
14730,3361,0,0,0
14730,3401,0,0,0
14730,3402,0,0,0
14730,3403,0,0,0
14730,3404,12,0,12
14730,3405,0,0,0
14730,3451,0,0,0
14730,3452,0,0,0
14730,3453,37,0,37
14730,3454,19,0,19
14730,3455,0,0,0
14730,3456,0,0,0
14730,3457,11,0,11
14730,3458,0,0,0
14730,3459,362,0,362
14730,3460,0,0,0
14730,3461,0,0,0
14730,3462,0,0,0
14730,4011,36,10,26
14730,4012,0,0,0
14730,5111,91,21,70
14730,5112,13,0,13
14730,5113,16,0,16
14730,5114,0,0,0
14730,5116,0,0,0
14730,5117,0,0,0
14730,5119,0,0,0
14730,5120,0,0,0
14730,5122,0,0,0
14730,5124,0,0,0
14730,5154,0,0,0
14730,5158,32,0,32
14730,5162,28,10,18
14730,5166,12,0,12
14730,5170,12,0,12
14730,5314,18,0,18
14730,5315,98,14,84
14730,5316,0,0,0
14730,5334,23,0,23
14730,5358,0,0,0
14730,5362,20,0,20
14730,5366,0,0,0
14730,5370,0,0,0
14730,5374,14,0,14
14730,5378,0,0,0
14730,5382,35,15,20
14730,5512,0,0,0
14730,5513,13,0,13
14730,5515,0,0,0
14730,5554,10,0,10
14730,5558,0,0,0
14730,5562,0,0,0
14730,5566,16,0,16
14730,5570,18,0,18
14730,5711,11,0,11
14730,5754,21,0,21
14730,5758,11,0,11
14730,5762,14,14,0
14730,5766,0,0,0
14730,5770,23,0,23
14730,5774,13,0,13
14730,5911,15,0,15
14730,5913,17,0,17
14730,5914,0,0,0
14730,5915,0,0,0
14730,5916,0,0,0
14730,5954,0,0,0
14730,5958,13,0,13
14730,5962,0,0,0
14730,5966,0,0,0
14730,5970,20,0,20
14730,5974,20,0,20
14730,5978,0,0,0
14730,6411,0,0,0
14730,6412,128,18,110
14730,6413,0,0,0
14730,6414,13,0,13
14730,6431,0,0,0
14730,6432,0,0,0
14730,6433,26,10,16
14730,6434,21,0,21
14730,6435,26,0,26
14730,6436,29,0,29
14730,6437,0,0,0
14730,6438,49,14,35
14730,6439,0,0,0
14730,6440,0,0,0
14730,6531,0,0,0
14730,6532,17,0,17
14730,6533,0,0,0
14730,6534,0,0,0
14730,6535,0,0,0
14730,6611,0,0,0
14730,6631,15,0,15
14730,6632,12,0,12
14730,6633,0,0,0
14730,6634,0,0,0
14730,6635,21,0,21
14730,6636,0,0,0
14730,7111,0,0,0
14730,7131,0,0,0
14730,7132,0,0,0
14730,7133,0,0,0
14730,7134,0,0,0
14730,7135,0,0,0
14730,7137,0,0,0
14730,7138,0,0,0
14730,7140,38,0,38
14730,7141,0,0,0
14730,7143,0,0,0
14730,7211,0,0,0
14730,7231,0,0,0
14730,7232,0,0,0
14730,7233,0,0,0
14730,7235,0,0,0
14730,7311,0,0,0
14730,7312,0,0,0
14730,7313,0,0,0
14730,7314,0,0,0
14730,7315,11,0,11
14730,7316,0,0,0
14730,7317,0,0,0
14730,7318,0,0,0
14730,7319,0,0,0
14730,7320,0,0,0
14730,7331,0,0,0
14730,7332,0,0,0
14730,7333,0,0,0
14730,7334,0,0,0
14730,7335,0,0,0
14730,7336,0,0,0
14730,7337,0,0,0
14730,7338,0,0,0
14730,7339,0,0,0
14730,7340,0,0,0
14730,8111,56,0,56
14730,8115,25,0,25
14730,8116,62,21,41
14730,8117,21,0,21
14730,8118,48,32,16
14730,8119,14,0,14
14730,8121,0,0,0
14730,8125,24,0,24
14730,8126,13,0,13
14730,8127,13,0,13
14730,8128,0,0,0
14730,8135,10,0,10
14730,8136,11,0,11
14730,8211,0,0,0
14730,8212,24,0,24
14730,8215,24,0,24
14730,8216,0,0,0
14730,8221,0,0,0
14730,8222,50,0,50
14730,8225,0,0,0
14730,8226,20,0,20
14730,8231,0,0,0
14730,8235,0,0,0
14730,8236,0,0,0
14730,8237,0,0,0
14730,8311,10,0,10
14730,8315,0,0,0
14730,8316,0,0,0
14730,8317,11,0,11
14730,8325,0,0,0
14730,8326,0,0,0
14730,8327,0,0,0
14730,8335,12,0,12
14730,8336,0,0,0
14730,8337,18,0,18
14730,8415,0,0,0
14730,8416,0,0,0
14730,8417,0,0,0
14730,8421,11,0,11
14730,8425,33,0,33
14730,8426,0,0,0
14730,8435,0,0,0
14730,8436,0,0,0
14730,8437,0,0,0
14730,9161,36,0,36
14730,9162,240,32,208
14730,9163,0,0,0
14730,9171,0,0,0
14730,9172,0,0,0
14730,9173,0,0,0
14730,9174,21,0,21
14730,9175,10,0,10
14730,9176,0,0,0
14730,9177,0,0,0
14730,9178,20,0,20
14730,9179,18,0,18
14730,9180,0,0,0
14730,9181,0,0,0
14730,9182,0,0,0
14730,9183,0,0,0
14730,9184,69,0,69
14730,9185,0,0,0
14730,9186,10,0,10
14730,9187,0,0,0
14730,9188,10,0,10
14730,9189,16,0,16
14730,9190,0,0,0
14730,9261,0,0,0
14730,9262,11,0,11
14730,9263,0,0,0
14730,9271,11,0,11
14730,9272,0,0,0
14730,9273,18,0,18
14730,9274,10,0,10
14730,9275,0,0,0
14730,9276,0,0,0
14730,9277,0,0,0
14730,9278,0,0,0
14730,9279,0,0,0
14730,9361,0,0,0
14730,9362,24,0,24
14730,9363,0,0,0
14730,9371,0,0,0
14730,9372,0,0,0
14730,9373,32,0,32
14730,9374,0,0,0
14730,9375,13,0,13
14730,9376,15,0,15
14730,9377,0,0,0
14730,9461,15,0,15
14730,9462,30,0,30
14730,9463,0,0,0
14730,9464,0,0,0
14730,9471,11,0,11
14730,9472,0,0,0
14730,9473,0,0,0
14730,9474,0,0,0
14730,9475,10,0,10
14730,9476,0,0,0
14730,9477,0,0,0
14730,9478,0,0,0
14730,9479,0,0,0
14730,9561,0,0,0
14730,9562,15,0,15
14730,9563,0,0,0
14730,9564,110,14,96
14730,9565,0,0,0
14730,9571,0,0,0
14730,9572,0,0,0
14730,9573,0,0,0
14730,9574,0,0,0
14730,9575,0,0,0
14730,9576,13,0,13
14730,9577,0,0,0
14730,9661,0,0,0
14730,9662,0,0,0
14730,9663,12,0,12
14730,9671,21,0,21
14730,9672,11,11,0
14730,9673,0,0,0
14730,9674,0,0,0
14730,9675,0,0,0
14730,9676,0,0,0
14730,9677,0,0,0
14730,9678,0,0,0
14730,9679,21,0,21
14730,9761,11,0,11
14730,9762,0,0,0
14730,9763,0,0,0
14730,9764,0,0,0
14730,9771,0,0,0
14730,9772,16,0,16
14730,9773,0,0,0
14730,9774,0,0,0
14730,9775,15,0,15
14730,9776,0,0,0
14730,9777,0,0,0
14730,9778,0,0,0
14730,9779,21,11,10
14730,9780,10,0,10
14730,10041,15,0,15
14730,10042,0,0,0
14730,10043,0,0,0
14730,10044,0,0,0
14730,10045,0,0,0
14730,10046,0,0,0
14730,11000,738,236,502
14730,12051,0,0,0
14730,12052,41,11,30
14730,12053,0,0,0
14730,12054,72,23,49
14730,12060,27,14,13
14730,12061,70,37,33
14730,12062,1237,693,544
14730,12063,18,18,0
14730,12064,26,26,0
14730,12065,13,13,0
14730,12066,99,35,64
14730,12067,41,28,13
14730,12068,16,16,0
14730,12069,83,30,53
14730,12070,0,0,0
14730,12071,112,15,97
14730,12072,67,25,42
14730,12073,0,0,0
14730,13003,11,0,11
14730,13004,0,0,0
14730,13071,12,12,0
14730,13072,13,0,13
14730,13073,10,10,0
14730,13074,0,0,0
14730,13075,28,15,13
14730,13076,0,0,0
14730,14511,315,93,222
14730,14521,149,75,74
14730,14522,2248,842,1406
14730,14523,90,39,51
14730,14524,266,97,169
14730,14612,1229,299,930
14730,14625,238,124,114
14730,14626,108,79,29
14730,14627,2911,992,1919
14730,14628,186,109,77
14730,14713,30865,12289,18576
14730,14729,7832,4221,3611
14730,14730,0,0,0
14730,15001,342,185,157
14730,15002,2664,1754,910
14730,15003,153,28,125
14730,15081,0,0,0
14730,15082,2979,1679,1300
14730,15083,67,36,31
14730,15084,666,529,137
14730,15085,61,41,20
14730,15086,53,34,19
14730,15087,170,123,47
14730,15088,3377,2183,1194
14730,15089,228,124,104
14730,15090,21,21,0
14730,15091,1931,1134,797
14730,16051,106,25,81
14730,16052,79,50,29
14730,16053,55,13,42
14730,16054,0,0,0
14730,16055,51,10,41
14730,16056,0,0,0
14730,16061,26,0,26
14730,16062,26,11,15
14730,16063,38,10,28
14730,16064,21,11,10
14730,16065,28,17,11
14730,16066,0,0,0
14730,16067,18,18,0
14730,16068,13,13,0
14730,16069,0,0,0
14730,16070,35,16,19
14730,16071,28,17,11
14730,16072,31,0,31
14730,16073,10,10,0
14730,16074,65,28,37
14730,16075,48,23,25
14730,16076,47,31,16
14730,16077,178,123,55
15001,1001,0,0,0
15001,1002,0,0,0
15001,1003,0,0,0
15001,1004,0,0,0
15001,1051,0,0,0
15001,1053,0,0,0
15001,1054,0,0,0
15001,1055,0,0,0
15001,1056,0,0,0
15001,1057,0,0,0
15001,1058,0,0,0
15001,1059,0,0,0
15001,1060,0,0,0
15001,1061,0,0,0
15001,1062,10,0,10
15001,2000,77,21,56
15001,3101,17,0,17
15001,3102,0,0,0
15001,3103,16,0,16
15001,3151,0,0,0
15001,3153,0,0,0
15001,3154,0,0,0
15001,3155,0,0,0
15001,3157,0,0,0
15001,3158,0,0,0
15001,3159,11,0,11
15001,3241,66,15,51
15001,3251,0,0,0
15001,3252,0,0,0
15001,3254,0,0,0
15001,3255,0,0,0
15001,3256,0,0,0
15001,3257,0,0,0
15001,3351,0,0,0
15001,3352,0,0,0
15001,3353,0,0,0
15001,3354,0,0,0
15001,3355,0,0,0
15001,3356,0,0,0
15001,3357,0,0,0
15001,3358,0,0,0
15001,3359,0,0,0
15001,3360,0,0,0
15001,3361,0,0,0
15001,3401,0,0,0
15001,3402,0,0,0
15001,3403,0,0,0
15001,3404,0,0,0
15001,3405,0,0,0
15001,3451,0,0,0
15001,3452,0,0,0
15001,3453,0,0,0
15001,3454,0,0,0
15001,3455,0,0,0
15001,3456,0,0,0
15001,3457,0,0,0
15001,3458,0,0,0
15001,3459,74,0,74
15001,3460,0,0,0
15001,3461,0,0,0
15001,3462,0,0,0
15001,4011,17,0,17
15001,4012,0,0,0
15001,5111,31,11,20
15001,5112,0,0,0
15001,5113,14,0,14
15001,5114,0,0,0
15001,5116,0,0,0
15001,5117,0,0,0
15001,5119,0,0,0
15001,5120,0,0,0
15001,5122,0,0,0
15001,5124,0,0,0
15001,5154,0,0,0
15001,5158,0,0,0
15001,5162,0,0,0
15001,5166,0,0,0
15001,5170,0,0,0
15001,5314,0,0,0
15001,5315,32,0,32
15001,5316,0,0,0
15001,5334,11,11,0
15001,5358,0,0,0
15001,5362,0,0,0
15001,5366,0,0,0
15001,5370,0,0,0
15001,5374,0,0,0
15001,5378,0,0,0
15001,5382,0,0,0
15001,5512,0,0,0
15001,5513,0,0,0
15001,5515,0,0,0
15001,5554,0,0,0
15001,5558,0,0,0
15001,5562,0,0,0
15001,5566,10,0,10
15001,5570,0,0,0
15001,5711,0,0,0
15001,5754,36,0,36
15001,5758,0,0,0
15001,5762,0,0,0
15001,5766,0,0,0
15001,5770,15,0,15
15001,5774,0,0,0
15001,5911,0,0,0
15001,5913,0,0,0
15001,5914,0,0,0
15001,5915,0,0,0
15001,5916,0,0,0
15001,5954,0,0,0
15001,5958,0,0,0
15001,5962,0,0,0
15001,5966,0,0,0
15001,5970,0,0,0
15001,5974,0,0,0
15001,5978,0,0,0
15001,6411,0,0,0
15001,6412,48,0,48
15001,6413,0,0,0
15001,6414,0,0,0
15001,6431,0,0,0
15001,6432,11,0,11
15001,6433,0,0,0
15001,6434,0,0,0
15001,6435,0,0,0
15001,6436,0,0,0
15001,6437,0,0,0
15001,6438,10,0,10
15001,6439,0,0,0
15001,6440,0,0,0
15001,6531,0,0,0
15001,6532,0,0,0
15001,6533,0,0,0
15001,6534,0,0,0
15001,6535,0,0,0
15001,6611,0,0,0
15001,6631,0,0,0
15001,6632,0,0,0
15001,6633,0,0,0
15001,6634,0,0,0
15001,6635,0,0,0
15001,6636,0,0,0
15001,7111,0,0,0
15001,7131,0,0,0
15001,7132,0,0,0
15001,7133,0,0,0
15001,7134,0,0,0
15001,7135,0,0,0
15001,7137,0,0,0
15001,7138,0,0,0
15001,7140,0,0,0
15001,7141,0,0,0
15001,7143,0,0,0
15001,7211,0,0,0
15001,7231,0,0,0
15001,7232,0,0,0
15001,7233,0,0,0
15001,7235,0,0,0
15001,7311,0,0,0
15001,7312,0,0,0
15001,7313,0,0,0
15001,7314,0,0,0
15001,7315,0,0,0
15001,7316,0,0,0
15001,7317,0,0,0
15001,7318,0,0,0
15001,7319,0,0,0
15001,7320,0,0,0
15001,7331,0,0,0
15001,7332,0,0,0
15001,7333,0,0,0
15001,7334,0,0,0
15001,7335,0,0,0
15001,7336,0,0,0
15001,7337,0,0,0
15001,7338,0,0,0
15001,7339,0,0,0
15001,7340,0,0,0
15001,8111,15,0,15
15001,8115,0,0,0
15001,8116,0,0,0
15001,8117,0,0,0
15001,8118,16,0,16
15001,8119,0,0,0
15001,8121,0,0,0
15001,8125,0,0,0
15001,8126,0,0,0
15001,8127,0,0,0
15001,8128,0,0,0
15001,8135,0,0,0
15001,8136,0,0,0
15001,8211,0,0,0
15001,8212,11,0,11
15001,8215,13,0,13
15001,8216,0,0,0
15001,8221,0,0,0
15001,8222,19,0,19
15001,8225,0,0,0
15001,8226,0,0,0
15001,8231,0,0,0
15001,8235,0,0,0
15001,8236,0,0,0
15001,8237,0,0,0
15001,8311,0,0,0
15001,8315,0,0,0
15001,8316,0,0,0
15001,8317,0,0,0
15001,8325,0,0,0
15001,8326,0,0,0
15001,8327,0,0,0
15001,8335,0,0,0
15001,8336,0,0,0
15001,8337,0,0,0
15001,8415,18,0,18
15001,8416,0,0,0
15001,8417,17,0,17
15001,8421,0,0,0
15001,8425,0,0,0
15001,8426,0,0,0
15001,8435,0,0,0
15001,8436,0,0,0
15001,8437,0,0,0
15001,9161,12,0,12
15001,9162,58,0,58
15001,9163,0,0,0
15001,9171,0,0,0
15001,9172,0,0,0
15001,9173,0,0,0
15001,9174,0,0,0
15001,9175,0,0,0
15001,9176,0,0,0
15001,9177,0,0,0
15001,9178,10,0,10
15001,9179,0,0,0
15001,9180,0,0,0
15001,9181,0,0,0
15001,9182,0,0,0
15001,9183,0,0,0
15001,9184,20,0,20
15001,9185,0,0,0
15001,9186,0,0,0
15001,9187,0,0,0
15001,9188,0,0,0
15001,9189,0,0,0
15001,9190,0,0,0
15001,9261,0,0,0
15001,9262,0,0,0
15001,9263,0,0,0
15001,9271,24,0,24
15001,9272,0,0,0
15001,9273,0,0,0
15001,9274,0,0,0
15001,9275,0,0,0
15001,9276,0,0,0
15001,9277,0,0,0
15001,9278,0,0,0
15001,9279,0,0,0
15001,9361,0,0,0
15001,9362,0,0,0
15001,9363,0,0,0
15001,9371,0,0,0
15001,9372,0,0,0
15001,9373,0,0,0
15001,9374,0,0,0
15001,9375,0,0,0
15001,9376,0,0,0
15001,9377,0,0,0
15001,9461,0,0,0
15001,9462,0,0,0
15001,9463,0,0,0
15001,9464,0,0,0
15001,9471,0,0,0
15001,9472,0,0,0
15001,9473,0,0,0
15001,9474,0,0,0
15001,9475,0,0,0
15001,9476,0,0,0
15001,9477,0,0,0
15001,9478,0,0,0
15001,9479,0,0,0
15001,9561,0,0,0
15001,9562,0,0,0
15001,9563,0,0,0
15001,9564,19,0,19
15001,9565,0,0,0
15001,9571,0,0,0
15001,9572,0,0,0
15001,9573,0,0,0
15001,9574,0,0,0
15001,9575,0,0,0
15001,9576,0,0,0
15001,9577,0,0,0
15001,9661,0,0,0
15001,9662,0,0,0
15001,9663,0,0,0
15001,9671,0,0,0
15001,9672,0,0,0
15001,9673,0,0,0
15001,9674,0,0,0
15001,9675,0,0,0
15001,9676,0,0,0
15001,9677,0,0,0
15001,9678,0,0,0
15001,9679,0,0,0
15001,9761,0,0,0
15001,9762,0,0,0
15001,9763,0,0,0
15001,9764,0,0,0
15001,9771,0,0,0
15001,9772,0,0,0
15001,9773,0,0,0
15001,9774,0,0,0
15001,9775,0,0,0
15001,9776,0,0,0
15001,9777,0,0,0
15001,9778,0,0,0
15001,9779,0,0,0
15001,9780,0,0,0
15001,10041,0,0,0
15001,10042,0,0,0
15001,10043,38,0,38
15001,10044,0,0,0
15001,10045,0,0,0
15001,10046,0,0,0
15001,11000,675,281,394
15001,12051,13,0,13
15001,12052,0,0,0
15001,12053,0,0,0
15001,12054,66,31,35
15001,12060,24,24,0
15001,12061,24,14,10
15001,12062,10,10,0
15001,12063,11,11,0
15001,12064,28,16,12
15001,12065,10,10,0
15001,12066,14,0,14
15001,12067,0,0,0
15001,12068,0,0,0
15001,12069,191,127,64
15001,12070,0,0,0
15001,12071,0,0,0
15001,12072,33,16,17
15001,12073,12,12,0
15001,13003,10,0,10
15001,13004,0,0,0
15001,13071,12,12,0
15001,13072,0,0,0
15001,13073,0,0,0
15001,13074,0,0,0
15001,13075,10,10,0
15001,13076,0,0,0
15001,14511,130,28,102
15001,14521,18,18,0
15001,14522,145,133,12
15001,14523,0,0,0
15001,14524,40,11,29
15001,14612,117,61,56
15001,14625,0,0,0
15001,14626,0,0,0
15001,14627,34,11,23
15001,14628,18,18,0
15001,14713,1284,537,747
15001,14729,113,55,58
15001,14730,342,157,185
15001,15001,0,0,0
15001,15002,990,457,533
15001,15003,554,243,311
15001,15081,29,19,10
15001,15082,7969,5221,2748
15001,15083,99,60,39
15001,15084,108,61,47
15001,15085,89,69,20
15001,15086,249,163,86
15001,15087,123,70,53
15001,15088,521,221,300
15001,15089,812,524,288
15001,15090,59,29,30
15001,15091,5786,3838,1948
15001,16051,94,0,94
15001,16052,0,0,0
15001,16053,0,0,0
15001,16054,0,0,0
15001,16055,0,0,0
15001,16056,0,0,0
15001,16061,35,0,35
15001,16062,0,0,0
15001,16063,0,0,0
15001,16064,0,0,0
15001,16065,0,0,0
15001,16066,0,0,0
15001,16067,0,0,0
15001,16068,0,0,0
15001,16069,0,0,0
15001,16070,0,0,0
15001,16071,0,0,0
15001,16072,0,0,0
15001,16073,0,0,0
15001,16074,13,13,0
15001,16075,0,0,0
15001,16076,0,0,0
15001,16077,0,0,0
15002,1001,0,0,0
15002,1002,11,11,0
15002,1003,25,12,13
15002,1004,0,0,0
15002,1051,0,0,0
15002,1053,31,31,0
15002,1054,15,0,15
15002,1055,34,24,10
15002,1056,26,13,13
15002,1057,0,0,0
15002,1058,0,0,0
15002,1059,0,0,0
15002,1060,42,42,0
15002,1061,0,0,0
15002,1062,29,13,16
15002,2000,335,108,227
15002,3101,78,20,58
15002,3102,18,0,18
15002,3103,43,0,43
15002,3151,10,0,10
15002,3153,24,14,10
15002,3154,0,0,0
15002,3155,0,0,0
15002,3157,0,0,0
15002,3158,11,11,0
15002,3159,60,34,26
15002,3241,221,67,154
15002,3251,0,0,0
15002,3252,0,0,0
15002,3254,30,17,13
15002,3255,0,0,0
15002,3256,0,0,0
15002,3257,12,12,0
15002,3351,30,0,30
15002,3352,0,0,0
15002,3353,48,35,13
15002,3354,0,0,0
15002,3355,10,0,10
15002,3356,0,0,0
15002,3357,10,0,10
15002,3358,14,0,14
15002,3359,0,0,0
15002,3360,0,0,0
15002,3361,0,0,0
15002,3401,0,0,0
15002,3402,0,0,0
15002,3403,15,15,0
15002,3404,0,0,0
15002,3405,13,0,13
15002,3451,0,0,0
15002,3452,0,0,0
15002,3453,16,0,16
15002,3454,0,0,0
15002,3455,0,0,0
15002,3456,0,0,0
15002,3457,0,0,0
15002,3458,0,0,0
15002,3459,47,12,35
15002,3460,0,0,0
15002,3461,0,0,0
15002,3462,0,0,0
15002,4011,52,21,31
15002,4012,0,0,0
15002,5111,74,10,64
15002,5112,27,13,14
15002,5113,43,12,31
15002,5114,0,0,0
15002,5116,0,0,0
15002,5117,0,0,0
15002,5119,0,0,0
15002,5120,0,0,0
15002,5122,0,0,0
15002,5124,15,0,15
15002,5154,19,0,19
15002,5158,27,0,27
15002,5162,29,11,18
15002,5166,14,0,14
15002,5170,16,0,16
15002,5314,47,13,34
15002,5315,144,28,116
15002,5316,0,0,0
15002,5334,0,0,0
15002,5358,0,0,0
15002,5362,33,0,33
15002,5366,0,0,0
15002,5370,0,0,0
15002,5374,0,0,0
15002,5378,0,0,0
15002,5382,31,10,21
15002,5512,0,0,0
15002,5513,12,0,12
15002,5515,34,14,20
15002,5554,0,0,0
15002,5558,0,0,0
15002,5562,33,16,17
15002,5566,12,0,12
15002,5570,11,0,11
15002,5711,31,11,20
15002,5754,46,0,46
15002,5758,10,10,0
15002,5762,13,0,13
15002,5766,23,10,13
15002,5770,39,0,39
15002,5774,17,0,17
15002,5911,18,0,18
15002,5913,44,15,29
15002,5914,0,0,0
15002,5915,0,0,0
15002,5916,0,0,0
15002,5954,0,0,0
15002,5958,0,0,0
15002,5962,0,0,0
15002,5966,0,0,0
15002,5970,15,0,15
15002,5974,10,0,10
15002,5978,22,11,11
15002,6411,19,0,19
15002,6412,760,19,741
15002,6413,0,0,0
15002,6414,21,0,21
15002,6431,0,0,0
15002,6432,0,0,0
15002,6433,12,0,12
15002,6434,26,0,26
15002,6435,27,13,14
15002,6436,21,0,21
15002,6437,0,0,0
15002,6438,61,0,61
15002,6439,0,0,0
15002,6440,0,0,0
15002,6531,10,0,10
15002,6532,0,0,0
15002,6533,0,0,0
15002,6534,0,0,0
15002,6535,0,0,0
15002,6611,17,0,17
15002,6631,50,0,50
15002,6632,13,0,13
15002,6633,12,0,12
15002,6634,0,0,0
15002,6635,16,0,16
15002,6636,0,0,0
15002,7111,0,0,0
15002,7131,0,0,0
15002,7132,0,0,0
15002,7133,0,0,0
15002,7134,0,0,0
15002,7135,0,0,0
15002,7137,0,0,0
15002,7138,0,0,0
15002,7140,0,0,0
15002,7141,0,0,0
15002,7143,0,0,0
15002,7211,0,0,0
15002,7231,0,0,0
15002,7232,0,0,0
15002,7233,0,0,0
15002,7235,0,0,0
15002,7311,0,0,0
15002,7312,0,0,0
15002,7313,0,0,0
15002,7314,0,0,0
15002,7315,48,13,35
15002,7316,0,0,0
15002,7317,0,0,0
15002,7318,0,0,0
15002,7319,0,0,0
15002,7320,0,0,0
15002,7331,0,0,0
15002,7332,0,0,0
15002,7333,0,0,0
15002,7334,0,0,0
15002,7335,0,0,0
15002,7336,0,0,0
15002,7337,12,0,12
15002,7338,10,0,10
15002,7339,0,0,0
15002,7340,0,0,0
15002,8111,90,25,65
15002,8115,18,0,18
15002,8116,51,20,31
15002,8117,29,0,29
15002,8118,24,0,24
15002,8119,14,0,14
15002,8121,0,0,0
15002,8125,15,0,15
15002,8126,0,0,0
15002,8127,0,0,0
15002,8128,0,0,0
15002,8135,0,0,0
15002,8136,15,0,15
15002,8211,0,0,0
15002,8212,37,13,24
15002,8215,30,0,30
15002,8216,0,0,0
15002,8221,27,10,17
15002,8222,41,0,41
15002,8225,0,0,0
15002,8226,19,0,19
15002,8231,11,0,11
15002,8235,0,0,0
15002,8236,0,0,0
15002,8237,0,0,0
15002,8311,21,0,21
15002,8315,0,0,0
15002,8316,0,0,0
15002,8317,0,0,0
15002,8325,0,0,0
15002,8326,0,0,0
15002,8327,0,0,0
15002,8335,10,0,10
15002,8336,0,0,0
15002,8337,0,0,0
15002,8415,20,10,10
15002,8416,0,0,0
15002,8417,0,0,0
15002,8421,0,0,0
15002,8425,0,0,0
15002,8426,0,0,0
15002,8435,0,0,0
15002,8436,0,0,0
15002,8437,0,0,0
15002,9161,31,0,31
15002,9162,237,57,180
15002,9163,0,0,0
15002,9171,10,0,10
15002,9172,11,0,11
15002,9173,10,10,0
15002,9174,13,0,13
15002,9175,0,0,0
15002,9176,0,0,0
15002,9177,0,0,0
15002,9178,13,0,13
15002,9179,11,0,11
15002,9180,0,0,0
15002,9181,10,0,10
15002,9182,10,0,10
15002,9183,0,0,0
15002,9184,57,0,57
15002,9185,0,0,0
15002,9186,13,0,13
15002,9187,0,0,0
15002,9188,14,0,14
15002,9189,0,0,0
15002,9190,0,0,0
15002,9261,0,0,0
15002,9262,0,0,0
15002,9263,0,0,0
15002,9271,15,0,15
15002,9272,0,0,0
15002,9273,0,0,0
15002,9274,0,0,0
15002,9275,0,0,0
15002,9276,0,0,0
15002,9277,0,0,0
15002,9278,0,0,0
15002,9279,0,0,0
15002,9361,0,0,0
15002,9362,0,0,0
15002,9363,0,0,0
15002,9371,0,0,0
15002,9372,0,0,0
15002,9373,0,0,0
15002,9374,0,0,0
15002,9375,0,0,0
15002,9376,0,0,0
15002,9377,0,0,0
15002,9461,0,0,0
15002,9462,11,0,11
15002,9463,0,0,0
15002,9464,0,0,0
15002,9471,0,0,0
15002,9472,22,0,22
15002,9473,0,0,0
15002,9474,0,0,0
15002,9475,12,0,12
15002,9476,0,0,0
15002,9477,0,0,0
15002,9478,0,0,0
15002,9479,0,0,0
15002,9561,0,0,0
15002,9562,20,0,20
15002,9563,0,0,0
15002,9564,142,11,131
15002,9565,0,0,0
15002,9571,0,0,0
15002,9572,0,0,0
15002,9573,0,0,0
15002,9574,12,0,12
15002,9575,0,0,0
15002,9576,12,0,12
15002,9577,0,0,0
15002,9661,0,0,0
15002,9662,0,0,0
15002,9663,21,0,21
15002,9671,11,0,11
15002,9672,0,0,0
15002,9673,0,0,0
15002,9674,0,0,0
15002,9675,0,0,0
15002,9676,0,0,0
15002,9677,0,0,0
15002,9678,0,0,0
15002,9679,0,0,0
15002,9761,10,0,10
15002,9762,183,0,183
15002,9763,0,0,0
15002,9764,0,0,0
15002,9771,0,0,0
15002,9772,0,0,0
15002,9773,0,0,0
15002,9774,0,0,0
15002,9775,12,0,12
15002,9776,0,0,0
15002,9777,0,0,0
15002,9778,0,0,0
15002,9779,0,0,0
15002,9780,0,0,0
15002,10041,16,16,0
15002,10042,0,0,0
15002,10043,30,30,0
15002,10044,0,0,0
15002,10045,53,53,0
15002,10046,0,0,0
15002,11000,1512,677,835
15002,12051,28,12,16
15002,12052,54,37,17
15002,12053,10,10,0
15002,12054,88,44,44
15002,12060,26,26,0
15002,12061,58,34,24
15002,12062,70,60,10
15002,12063,48,38,10
15002,12064,43,26,17
15002,12065,45,31,14
15002,12066,56,14,42
15002,12067,42,22,20
15002,12068,13,13,0
15002,12069,173,98,75
15002,12070,11,11,0
15002,12071,41,29,12
15002,12072,85,45,40
15002,12073,34,34,0
15002,13003,30,11,19
15002,13004,21,21,0
15002,13071,20,20,0
15002,13072,22,22,0
15002,13073,108,94,14
15002,13074,24,24,0
15002,13075,81,69,12
15002,13076,72,72,0
15002,14511,211,86,125
15002,14521,70,45,25
15002,14522,158,85,73
15002,14523,61,30,31
15002,14524,134,65,69
15002,14612,442,206,236
15002,14625,104,56,48
15002,14626,30,30,0
15002,14627,133,71,62
15002,14628,83,60,23
15002,14713,8628,4005,4623
15002,14729,1034,592,442
15002,14730,2664,910,1754
15002,15001,990,533,457
15002,15002,0,0,0
15002,15003,1396,623,773
15002,15081,63,49,14
15002,15082,4135,2644,1491
15002,15083,314,227,87
15002,15084,2317,1643,674
15002,15085,619,468,151
15002,15086,163,89,74
15002,15087,3708,2936,772
15002,15088,29854,18675,11179
15002,15089,1651,1180,471
15002,15090,253,147,106
15002,15091,680,529,151
15002,16051,360,168,192
15002,16052,62,35,27
15002,16053,178,58,120
15002,16054,0,0,0
15002,16055,83,54,29
15002,16056,24,24,0
15002,16061,94,29,65
15002,16062,168,81,87
15002,16063,39,22,17
15002,16064,48,37,11
15002,16065,234,143,91
15002,16066,40,25,15
15002,16067,87,67,20
15002,16068,51,21,30
15002,16069,0,0,0
15002,16070,56,34,22
15002,16071,75,62,13
15002,16072,0,0,0
15002,16073,69,59,10
15002,16074,71,45,26
15002,16075,15,15,0
15002,16076,59,33,26
15002,16077,69,54,15
15003,1001,12,0,12
15003,1002,23,23,0
15003,1003,11,0,11
15003,1004,0,0,0
15003,1051,0,0,0
15003,1053,22,11,11
15003,1054,18,0,18
15003,1055,30,30,0
15003,1056,27,14,13
15003,1057,0,0,0
15003,1058,14,0,14
15003,1059,0,0,0
15003,1060,0,0,0
15003,1061,14,0,14
15003,1062,24,0,24
15003,2000,403,139,264
15003,3101,657,184,473
15003,3102,97,36,61
15003,3103,886,45,841
15003,3151,192,54,138
15003,3153,58,44,14
15003,3154,594,241,353
15003,3155,40,0,40
15003,3157,70,33,37
15003,3158,100,50,50
15003,3159,64,31,33
15003,3241,815,249,566
15003,3251,21,10,11
15003,3252,14,0,14
15003,3254,93,33,60
15003,3255,0,0,0
15003,3256,0,0,0
15003,3257,20,20,0
15003,3351,50,20,30
15003,3352,0,0,0
15003,3353,49,15,34
15003,3354,15,15,0
15003,3355,24,10,14
15003,3356,11,0,11
15003,3357,0,0,0
15003,3358,21,10,11
15003,3359,0,0,0
15003,3360,29,12,17
15003,3361,13,0,13
15003,3401,17,0,17
15003,3402,0,0,0
15003,3403,40,15,25
15003,3404,12,0,12
15003,3405,0,0,0
15003,3451,10,0,10
15003,3452,56,0,56
15003,3453,12,0,12
15003,3454,39,12,27
15003,3455,0,0,0
15003,3456,0,0,0
15003,3457,0,0,0
15003,3458,23,13,10
15003,3459,21,0,21
15003,3460,14,0,14
15003,3461,0,0,0
15003,3462,0,0,0
15003,4011,86,30,56
15003,4012,0,0,0
15003,5111,151,15,136
15003,5112,30,18,12
15003,5113,55,22,33
15003,5114,10,0,10
15003,5116,12,0,12
15003,5117,0,0,0
15003,5119,0,0,0
15003,5120,0,0,0
15003,5122,0,0,0
15003,5124,10,0,10
15003,5154,0,0,0
15003,5158,32,10,22
15003,5162,13,0,13
15003,5166,0,0,0
15003,5170,39,10,29
15003,5314,30,0,30
15003,5315,116,13,103
15003,5316,0,0,0
15003,5334,24,11,13
15003,5358,0,0,0
15003,5362,0,0,0
15003,5366,0,0,0
15003,5370,0,0,0
15003,5374,56,0,56
15003,5378,0,0,0
15003,5382,25,0,25
15003,5512,0,0,0
15003,5513,15,15,0
15003,5515,41,13,28
15003,5554,13,0,13
15003,5558,0,0,0
15003,5562,32,14,18
15003,5566,61,12,49
15003,5570,0,0,0
15003,5711,33,13,20
15003,5754,70,10,60
15003,5758,47,34,13
15003,5762,0,0,0
15003,5766,35,13,22
15003,5770,56,25,31
15003,5774,14,0,14
15003,5911,26,0,26
15003,5913,33,0,33
15003,5914,13,0,13
15003,5915,0,0,0
15003,5916,0,0,0
15003,5954,0,0,0
15003,5958,0,0,0
15003,5962,23,11,12
15003,5966,0,0,0
15003,5970,13,0,13
15003,5974,18,0,18
15003,5978,16,0,16
15003,6411,20,0,20
15003,6412,172,43,129
15003,6413,0,0,0
15003,6414,20,0,20
15003,6431,0,0,0
15003,6432,0,0,0
15003,6433,12,0,12
15003,6434,40,0,40
15003,6435,44,10,34
15003,6436,42,10,32
15003,6437,0,0,0
15003,6438,30,0,30
15003,6439,0,0,0
15003,6440,0,0,0
15003,6531,0,0,0
15003,6532,0,0,0
15003,6533,0,0,0
15003,6534,0,0,0
15003,6535,0,0,0
15003,6611,60,34,26
15003,6631,14,0,14
15003,6632,14,0,14
15003,6633,11,11,0
15003,6634,0,0,0
15003,6635,10,10,0
15003,6636,0,0,0
15003,7111,0,0,0
15003,7131,0,0,0
15003,7132,0,0,0
15003,7133,0,0,0
15003,7134,0,0,0
15003,7135,0,0,0
15003,7137,0,0,0
15003,7138,0,0,0
15003,7140,0,0,0
15003,7141,0,0,0
15003,7143,0,0,0
15003,7211,0,0,0
15003,7231,10,0,10
15003,7232,0,0,0
15003,7233,0,0,0
15003,7235,0,0,0
15003,7311,0,0,0
15003,7312,0,0,0
15003,7313,0,0,0
15003,7314,0,0,0
15003,7315,22,0,22
15003,7316,0,0,0
15003,7317,0,0,0
15003,7318,0,0,0
15003,7319,0,0,0
15003,7320,0,0,0
15003,7331,0,0,0
15003,7332,0,0,0
15003,7333,0,0,0
15003,7334,0,0,0
15003,7335,0,0,0
15003,7336,0,0,0
15003,7337,0,0,0
15003,7338,0,0,0
15003,7339,0,0,0
15003,7340,0,0,0
15003,8111,101,0,101
15003,8115,33,0,33
15003,8116,44,13,31
15003,8117,0,0,0
15003,8118,33,0,33
15003,8119,16,0,16
15003,8121,10,0,10
15003,8125,0,0,0
15003,8126,0,0,0
15003,8127,10,0,10
15003,8128,0,0,0
15003,8135,0,0,0
15003,8136,0,0,0
15003,8211,0,0,0
15003,8212,28,10,18
15003,8215,15,0,15
15003,8216,0,0,0
15003,8221,10,0,10
15003,8222,30,0,30
15003,8225,0,0,0
15003,8226,16,0,16
15003,8231,0,0,0
15003,8235,0,0,0
15003,8236,0,0,0
15003,8237,0,0,0
15003,8311,11,0,11
15003,8315,0,0,0
15003,8316,0,0,0
15003,8317,12,0,12
15003,8325,0,0,0
15003,8326,0,0,0
15003,8327,0,0,0
15003,8335,0,0,0
15003,8336,15,0,15
15003,8337,0,0,0
15003,8415,0,0,0
15003,8416,0,0,0
15003,8417,0,0,0
15003,8421,12,0,12
15003,8425,0,0,0
15003,8426,0,0,0
15003,8435,123,0,123
15003,8436,0,0,0
15003,8437,0,0,0
15003,9161,17,0,17
15003,9162,183,30,153
15003,9163,0,0,0
15003,9171,0,0,0
15003,9172,10,0,10
15003,9173,0,0,0
15003,9174,0,0,0
15003,9175,0,0,0
15003,9176,0,0,0
15003,9177,0,0,0
15003,9178,0,0,0
15003,9179,0,0,0
15003,9180,0,0,0
15003,9181,0,0,0
15003,9182,0,0,0
15003,9183,0,0,0
15003,9184,58,0,58
15003,9185,0,0,0
15003,9186,11,0,11
15003,9187,0,0,0
15003,9188,0,0,0
15003,9189,0,0,0
15003,9190,0,0,0
15003,9261,0,0,0
15003,9262,0,0,0
15003,9263,0,0,0
15003,9271,0,0,0
15003,9272,0,0,0
15003,9273,0,0,0
15003,9274,0,0,0
15003,9275,0,0,0
15003,9276,0,0,0
15003,9277,0,0,0
15003,9278,0,0,0
15003,9279,0,0,0
15003,9361,0,0,0
15003,9362,0,0,0
15003,9363,0,0,0
15003,9371,0,0,0
15003,9372,0,0,0
15003,9373,0,0,0
15003,9374,0,0,0
15003,9375,0,0,0
15003,9376,0,0,0
15003,9377,0,0,0
15003,9461,0,0,0
15003,9462,0,0,0
15003,9463,0,0,0
15003,9464,0,0,0
15003,9471,0,0,0
15003,9472,0,0,0
15003,9473,0,0,0
15003,9474,0,0,0
15003,9475,0,0,0
15003,9476,0,0,0
15003,9477,0,0,0
15003,9478,0,0,0
15003,9479,0,0,0
15003,9561,0,0,0
15003,9562,53,0,53
15003,9563,0,0,0
15003,9564,157,0,157
15003,9565,0,0,0
15003,9571,0,0,0
15003,9572,0,0,0
15003,9573,0,0,0
15003,9574,0,0,0
15003,9575,0,0,0
15003,9576,0,0,0
15003,9577,0,0,0
15003,9661,0,0,0
15003,9662,0,0,0
15003,9663,0,0,0
15003,9671,0,0,0
15003,9672,0,0,0
15003,9673,0,0,0
15003,9674,0,0,0
15003,9675,0,0,0
15003,9676,0,0,0
15003,9677,0,0,0
15003,9678,0,0,0
15003,9679,0,0,0
15003,9761,15,0,15
15003,9762,0,0,0
15003,9763,0,0,0
15003,9764,0,0,0
15003,9771,0,0,0
15003,9772,0,0,0
15003,9773,0,0,0
15003,9774,0,0,0
15003,9775,0,0,0
15003,9776,17,0,17
15003,9777,0,0,0
15003,9778,0,0,0
15003,9779,0,0,0
15003,9780,0,0,0
15003,10041,16,0,16
15003,10042,0,0,0
15003,10043,0,0,0
15003,10044,0,0,0
15003,10045,0,0,0
15003,10046,0,0,0
15003,11000,1838,604,1234
15003,12051,212,136,76
15003,12052,39,24,15
15003,12053,0,0,0
15003,12054,203,116,87
15003,12060,81,51,30
15003,12061,92,29,63
15003,12062,72,50,22
15003,12063,150,116,34
15003,12064,98,33,65
15003,12065,52,32,20
15003,12066,16,16,0
15003,12067,75,29,46
15003,12068,20,20,0
15003,12069,275,192,83
15003,12070,66,43,23
15003,12071,16,16,0
15003,12072,121,32,89
15003,12073,88,67,21
15003,13003,127,99,28
15003,13004,75,21,54
15003,13071,82,82,0
15003,13072,80,65,15
15003,13073,61,41,20
15003,13074,37,16,21
15003,13075,108,86,22
15003,13076,29,29,0
15003,14511,138,78,60
15003,14521,44,23,21
15003,14522,46,31,15
15003,14523,25,15,10
15003,14524,59,38,21
15003,14612,364,219,145
15003,14625,63,42,21
15003,14626,33,33,0
15003,14627,73,31,42
15003,14628,59,45,14
15003,14713,1060,465,595
15003,14729,200,136,64
15003,14730,153,125,28
15003,15001,554,311,243
15003,15002,1396,773,623
15003,15003,0,0,0
15003,15081,917,679,238
15003,15082,1054,789,265
15003,15083,25707,15301,10406
15003,15084,341,221,120
15003,15085,2112,1644,468
15003,15086,10149,7502,2647
15003,15087,415,320,95
15003,15088,522,349,173
15003,15089,10922,7569,3353
15003,15090,2239,1697,542
15003,15091,310,265,45
15003,16051,303,92,211
15003,16052,35,24,11
15003,16053,37,13,24
15003,16054,10,0,10
15003,16055,61,41,20
15003,16056,0,0,0
15003,16061,17,0,17
15003,16062,38,23,15
15003,16063,27,13,14
15003,16064,18,18,0
15003,16065,39,28,11
15003,16066,18,18,0
15003,16067,39,29,10
15003,16068,22,22,0
15003,16069,0,0,0
15003,16070,22,12,10
15003,16071,39,39,0
15003,16072,0,0,0
15003,16073,16,16,0
15003,16074,17,17,0
15003,16075,0,0,0
15003,16076,26,26,0
15003,16077,26,26,0
15081,1001,0,0,0
15081,1002,16,0,16
15081,1003,13,0,13
15081,1004,0,0,0
15081,1051,0,0,0
15081,1053,22,0,22
15081,1054,0,0,0
15081,1055,0,0,0
15081,1056,0,0,0
15081,1057,0,0,0
15081,1058,0,0,0
15081,1059,0,0,0
15081,1060,21,0,21
15081,1061,0,0,0
15081,1062,24,0,24
15081,2000,249,44,205
15081,3101,259,41,218
15081,3102,53,16,37
15081,3103,3343,76,3267
15081,3151,1887,289,1598
15081,3153,16,16,0
15081,3154,235,38,197
15081,3155,0,0,0
15081,3157,42,12,30
15081,3158,40,19,21
15081,3159,0,0,0
15081,3241,342,55,287
15081,3251,0,0,0
15081,3252,0,0,0
15081,3254,27,11,16
15081,3255,0,0,0
15081,3256,12,0,12
15081,3257,0,0,0
15081,3351,167,53,114
15081,3352,0,0,0
15081,3353,51,0,51
15081,3354,1908,707,1201
15081,3355,129,34,95
15081,3356,0,0,0
15081,3357,0,0,0
15081,3358,40,0,40
15081,3359,39,23,16
15081,3360,1176,220,956
15081,3361,29,0,29
15081,3401,0,0,0
15081,3402,0,0,0
15081,3403,0,0,0
15081,3404,0,0,0
15081,3405,0,0,0
15081,3451,0,0,0
15081,3452,0,0,0
15081,3453,0,0,0
15081,3454,103,0,103
15081,3455,0,0,0
15081,3456,0,0,0
15081,3457,10,0,10
15081,3458,0,0,0
15081,3459,15,0,15
15081,3460,0,0,0
15081,3461,10,0,10
15081,3462,0,0,0
15081,4011,37,14,23
15081,4012,0,0,0
15081,5111,11,0,11
15081,5112,0,0,0
15081,5113,0,0,0
15081,5114,0,0,0
15081,5116,18,0,18
15081,5117,14,0,14
15081,5119,0,0,0
15081,5120,0,0,0
15081,5122,0,0,0
15081,5124,0,0,0
15081,5154,0,0,0
15081,5158,0,0,0
15081,5162,0,0,0
15081,5166,0,0,0
15081,5170,0,0,0
15081,5314,0,0,0
15081,5315,15,0,15
15081,5316,0,0,0
15081,5334,0,0,0
15081,5358,0,0,0
15081,5362,10,0,10
15081,5366,0,0,0
15081,5370,0,0,0
15081,5374,23,0,23
15081,5378,0,0,0
15081,5382,0,0,0
15081,5512,0,0,0
15081,5513,0,0,0
15081,5515,0,0,0
15081,5554,0,0,0
15081,5558,0,0,0
15081,5562,0,0,0
15081,5566,0,0,0
15081,5570,0,0,0
15081,5711,0,0,0
15081,5754,11,0,11
15081,5758,0,0,0
15081,5762,0,0,0
15081,5766,0,0,0
15081,5770,0,0,0
15081,5774,0,0,0
15081,5911,0,0,0
15081,5913,0,0,0
15081,5914,0,0,0
15081,5915,0,0,0
15081,5916,0,0,0
15081,5954,0,0,0
15081,5958,0,0,0
15081,5962,0,0,0
15081,5966,0,0,0
15081,5970,0,0,0
15081,5974,0,0,0
15081,5978,0,0,0
15081,6411,0,0,0
15081,6412,17,0,17
15081,6413,0,0,0
15081,6414,0,0,0
15081,6431,0,0,0
15081,6432,0,0,0
15081,6433,0,0,0
15081,6434,0,0,0
15081,6435,13,0,13
15081,6436,0,0,0
15081,6437,0,0,0
15081,6438,10,0,10
15081,6439,0,0,0
15081,6440,0,0,0
15081,6531,0,0,0
15081,6532,0,0,0
15081,6533,0,0,0
15081,6534,0,0,0
15081,6535,0,0,0
15081,6611,0,0,0
15081,6631,0,0,0
15081,6632,0,0,0
15081,6633,0,0,0
15081,6634,0,0,0
15081,6635,0,0,0
15081,6636,0,0,0
15081,7111,0,0,0
15081,7131,0,0,0
15081,7132,0,0,0
15081,7133,21,0,21
15081,7134,0,0,0
15081,7135,0,0,0
15081,7137,0,0,0
15081,7138,0,0,0
15081,7140,0,0,0
15081,7141,0,0,0
15081,7143,0,0,0
15081,7211,0,0,0
15081,7231,0,0,0
15081,7232,0,0,0
15081,7233,0,0,0
15081,7235,0,0,0
15081,7311,0,0,0
15081,7312,0,0,0
15081,7313,0,0,0
15081,7314,0,0,0
15081,7315,0,0,0
15081,7316,0,0,0
15081,7317,0,0,0
15081,7318,0,0,0
15081,7319,0,0,0
15081,7320,0,0,0
15081,7331,0,0,0
15081,7332,0,0,0
15081,7333,0,0,0
15081,7334,0,0,0
15081,7335,0,0,0
15081,7336,0,0,0
15081,7337,0,0,0
15081,7338,0,0,0
15081,7339,0,0,0
15081,7340,0,0,0
15081,8111,0,0,0
15081,8115,14,0,14
15081,8116,0,0,0
15081,8117,0,0,0
15081,8118,0,0,0
15081,8119,14,0,14
15081,8121,0,0,0
15081,8125,0,0,0
15081,8126,0,0,0
15081,8127,0,0,0
15081,8128,0,0,0
15081,8135,0,0,0
15081,8136,0,0,0
15081,8211,0,0,0
15081,8212,0,0,0
15081,8215,0,0,0
15081,8216,0,0,0
15081,8221,0,0,0
15081,8222,0,0,0
15081,8225,0,0,0
15081,8226,0,0,0
15081,8231,0,0,0
15081,8235,0,0,0
15081,8236,10,10,0
15081,8237,0,0,0
15081,8311,0,0,0
15081,8315,0,0,0
15081,8316,0,0,0
15081,8317,0,0,0
15081,8325,0,0,0
15081,8326,0,0,0
15081,8327,0,0,0
15081,8335,0,0,0
15081,8336,0,0,0
15081,8337,0,0,0
15081,8415,0,0,0
15081,8416,0,0,0
15081,8417,0,0,0
15081,8421,0,0,0
15081,8425,0,0,0
15081,8426,0,0,0
15081,8435,0,0,0
15081,8436,0,0,0
15081,8437,0,0,0
15081,9161,0,0,0
15081,9162,20,0,20
15081,9163,0,0,0
15081,9171,0,0,0
15081,9172,0,0,0
15081,9173,0,0,0
15081,9174,0,0,0
15081,9175,0,0,0
15081,9176,0,0,0
15081,9177,0,0,0
15081,9178,0,0,0
15081,9179,0,0,0
15081,9180,0,0,0
15081,9181,0,0,0
15081,9182,0,0,0
15081,9183,0,0,0
15081,9184,0,0,0
15081,9185,0,0,0
15081,9186,0,0,0
15081,9187,0,0,0
15081,9188,0,0,0
15081,9189,0,0,0
15081,9190,0,0,0
15081,9261,0,0,0
15081,9262,0,0,0
15081,9263,0,0,0
15081,9271,0,0,0
15081,9272,0,0,0
15081,9273,0,0,0
15081,9274,0,0,0
15081,9275,0,0,0
15081,9276,0,0,0
15081,9277,0,0,0
15081,9278,0,0,0
15081,9279,0,0,0
15081,9361,0,0,0
15081,9362,0,0,0
15081,9363,0,0,0
15081,9371,0,0,0
15081,9372,0,0,0
15081,9373,0,0,0
15081,9374,0,0,0
15081,9375,0,0,0
15081,9376,0,0,0
15081,9377,0,0,0
15081,9461,0,0,0
15081,9462,0,0,0
15081,9463,0,0,0
15081,9464,0,0,0
15081,9471,0,0,0
15081,9472,0,0,0
15081,9473,0,0,0
15081,9474,0,0,0
15081,9475,0,0,0
15081,9476,0,0,0
15081,9477,0,0,0
15081,9478,0,0,0
15081,9479,0,0,0
15081,9561,0,0,0
15081,9562,0,0,0
15081,9563,0,0,0
15081,9564,10,0,10
15081,9565,0,0,0
15081,9571,0,0,0
15081,9572,0,0,0
15081,9573,0,0,0
15081,9574,0,0,0
15081,9575,0,0,0
15081,9576,0,0,0
15081,9577,0,0,0
15081,9661,0,0,0
15081,9662,0,0,0
15081,9663,0,0,0
15081,9671,0,0,0
15081,9672,0,0,0
15081,9673,0,0,0
15081,9674,0,0,0
15081,9675,0,0,0
15081,9676,0,0,0
15081,9677,0,0,0
15081,9678,0,0,0
15081,9679,0,0,0
15081,9761,0,0,0
15081,9762,0,0,0
15081,9763,0,0,0
15081,9764,0,0,0
15081,9771,0,0,0
15081,9772,0,0,0
15081,9773,0,0,0
15081,9774,0,0,0
15081,9775,0,0,0
15081,9776,0,0,0
15081,9777,0,0,0
15081,9778,0,0,0
15081,9779,0,0,0
15081,9780,0,0,0
15081,10041,0,0,0
15081,10042,0,0,0
15081,10043,0,0,0
15081,10044,0,0,0
15081,10045,0,0,0
15081,10046,0,0,0
15081,11000,220,35,185
15081,12051,13,0,13
15081,12052,0,0,0
15081,12053,0,0,0
15081,12054,18,0,18
15081,12060,0,0,0
15081,12061,11,0,11
15081,12062,49,0,49
15081,12063,43,22,21
15081,12064,0,0,0
15081,12065,0,0,0
15081,12066,0,0,0
15081,12067,0,0,0
15081,12068,29,16,13
15081,12069,29,18,11
15081,12070,157,71,86
15081,12071,0,0,0
15081,12072,13,0,13
15081,12073,0,0,0
15081,13003,10,0,10
15081,13004,12,12,0
15081,13071,14,14,0
15081,13072,14,0,14
15081,13073,30,18,12
15081,13074,10,0,10
15081,13075,14,14,0
15081,13076,60,36,24
15081,14511,0,0,0
15081,14521,0,0,0
15081,14522,0,0,0
15081,14523,0,0,0
15081,14524,0,0,0
15081,14612,40,16,24
15081,14625,12,12,0
15081,14626,0,0,0
15081,14627,0,0,0
15081,14628,0,0,0
15081,14713,70,18,52
15081,14729,0,0,0
15081,14730,0,0,0
15081,15001,29,10,19
15081,15002,63,14,49
15081,15003,917,238,679
15081,15081,0,0,0
15081,15082,17,0,17
15081,15083,2101,737,1364
15081,15084,0,0,0
15081,15085,89,48,41
15081,15086,185,127,58
15081,15087,28,13,15
15081,15088,26,10,16
15081,15089,146,91,55
15081,15090,3726,2236,1490
15081,15091,0,0,0
15081,16051,10,0,10
15081,16052,0,0,0
15081,16053,22,0,22
15081,16054,0,0,0
15081,16055,0,0,0
15081,16056,0,0,0
15081,16061,0,0,0
15081,16062,0,0,0
15081,16063,0,0,0
15081,16064,0,0,0
15081,16065,0,0,0
15081,16066,0,0,0
15081,16067,0,0,0
15081,16068,0,0,0
15081,16069,0,0,0
15081,16070,0,0,0
15081,16071,0,0,0
15081,16072,0,0,0
15081,16073,0,0,0
15081,16074,0,0,0
15081,16075,0,0,0
15081,16076,0,0,0
15081,16077,0,0,0
15082,1001,26,0,26
15082,1002,0,0,0
15082,1003,0,0,0
15082,1004,0,0,0
15082,1051,0,0,0
15082,1053,0,0,0
15082,1054,0,0,0
15082,1055,0,0,0
15082,1056,0,0,0
15082,1057,0,0,0
15082,1058,10,0,10
15082,1059,0,0,0
15082,1060,11,0,11
15082,1061,0,0,0
15082,1062,17,0,17
15082,2000,123,23,100
15082,3101,30,0,30
15082,3102,0,0,0
15082,3103,41,0,41
15082,3151,17,0,17
15082,3153,0,0,0
15082,3154,14,14,0
15082,3155,0,0,0
15082,3157,0,0,0
15082,3158,0,0,0
15082,3159,16,0,16
15082,3241,161,36,125
15082,3251,34,17,17
15082,3252,0,0,0
15082,3254,18,0,18
15082,3255,0,0,0
15082,3256,13,0,13
15082,3257,0,0,0
15082,3351,0,0,0
15082,3352,0,0,0
15082,3353,12,0,12
15082,3354,0,0,0
15082,3355,0,0,0
15082,3356,0,0,0
15082,3357,0,0,0
15082,3358,0,0,0
15082,3359,33,19,14
15082,3360,0,0,0
15082,3361,0,0,0
15082,3401,0,0,0
15082,3402,0,0,0
15082,3403,0,0,0
15082,3404,26,0,26
15082,3405,0,0,0
15082,3451,0,0,0
15082,3452,0,0,0
15082,3453,22,10,12
15082,3454,24,0,24
15082,3455,0,0,0
15082,3456,19,0,19
15082,3457,0,0,0
15082,3458,0,0,0
15082,3459,242,0,242
15082,3460,18,0,18
15082,3461,0,0,0
15082,3462,0,0,0
15082,4011,29,10,19
15082,4012,0,0,0
15082,5111,35,0,35
15082,5112,14,0,14
15082,5113,33,0,33
15082,5114,0,0,0
15082,5116,0,0,0
15082,5117,0,0,0
15082,5119,0,0,0
15082,5120,0,0,0
15082,5122,0,0,0
15082,5124,0,0,0
15082,5154,11,0,11
15082,5158,20,0,20
15082,5162,22,0,22
15082,5166,22,0,22
15082,5170,19,0,19
15082,5314,27,12,15
15082,5315,41,0,41
15082,5316,0,0,0
15082,5334,0,0,0
15082,5358,0,0,0
15082,5362,12,0,12
15082,5366,0,0,0
15082,5370,0,0,0
15082,5374,0,0,0
15082,5378,0,0,0
15082,5382,27,14,13
15082,5512,0,0,0
15082,5513,0,0,0
15082,5515,0,0,0
15082,5554,0,0,0
15082,5558,0,0,0
15082,5562,13,13,0
15082,5566,26,0,26
15082,5570,17,0,17
15082,5711,10,0,10
15082,5754,49,0,49
15082,5758,13,0,13
15082,5762,0,0,0
15082,5766,0,0,0
15082,5770,33,0,33
15082,5774,0,0,0
15082,5911,15,0,15
15082,5913,45,31,14
15082,5914,0,0,0
15082,5915,0,0,0
15082,5916,0,0,0
15082,5954,0,0,0
15082,5958,0,0,0
15082,5962,20,0,20
15082,5966,0,0,0
15082,5970,14,0,14
15082,5974,0,0,0
15082,5978,0,0,0
15082,6411,0,0,0
15082,6412,108,0,108
15082,6413,0,0,0
15082,6414,16,0,16
15082,6431,0,0,0
15082,6432,14,0,14
15082,6433,11,0,11
15082,6434,18,0,18
15082,6435,0,0,0
15082,6436,0,0,0
15082,6437,0,0,0
15082,6438,100,0,100
15082,6439,0,0,0
15082,6440,15,0,15
15082,6531,0,0,0
15082,6532,0,0,0
15082,6533,20,0,20
15082,6534,0,0,0
15082,6535,0,0,0
15082,6611,0,0,0
15082,6631,13,0,13
15082,6632,0,0,0
15082,6633,0,0,0
15082,6634,0,0,0
15082,6635,0,0,0
15082,6636,0,0,0
15082,7111,0,0,0
15082,7131,0,0,0
15082,7132,0,0,0
15082,7133,0,0,0
15082,7134,0,0,0
15082,7135,0,0,0
15082,7137,0,0,0
15082,7138,0,0,0
15082,7140,0,0,0
15082,7141,0,0,0
15082,7143,0,0,0
15082,7211,0,0,0
15082,7231,0,0,0
15082,7232,0,0,0
15082,7233,0,0,0
15082,7235,0,0,0
15082,7311,0,0,0
15082,7312,0,0,0
15082,7313,0,0,0
15082,7314,11,0,11
15082,7315,20,0,20
15082,7316,0,0,0
15082,7317,0,0,0
15082,7318,0,0,0
15082,7319,0,0,0
15082,7320,0,0,0
15082,7331,0,0,0
15082,7332,0,0,0
15082,7333,0,0,0
15082,7334,0,0,0
15082,7335,0,0,0
15082,7336,0,0,0
15082,7337,0,0,0
15082,7338,0,0,0
15082,7339,0,0,0
15082,7340,0,0,0
15082,8111,30,0,30
15082,8115,13,0,13
15082,8116,22,0,22
15082,8117,14,0,14
15082,8118,11,0,11
15082,8119,21,0,21
15082,8121,0,0,0
15082,8125,0,0,0
15082,8126,0,0,0
15082,8127,11,0,11
15082,8128,0,0,0
15082,8135,0,0,0
15082,8136,0,0,0
15082,8211,0,0,0
15082,8212,10,0,10
15082,8215,27,0,27
15082,8216,0,0,0
15082,8221,0,0,0
15082,8222,18,0,18
15082,8225,15,0,15
15082,8226,14,0,14
15082,8231,0,0,0
15082,8235,0,0,0
15082,8236,0,0,0
15082,8237,0,0,0
15082,8311,0,0,0
15082,8315,0,0,0
15082,8316,0,0,0
15082,8317,10,0,10
15082,8325,0,0,0
15082,8326,0,0,0
15082,8327,0,0,0
15082,8335,0,0,0
15082,8336,0,0,0
15082,8337,0,0,0
15082,8415,0,0,0
15082,8416,0,0,0
15082,8417,0,0,0
15082,8421,0,0,0
15082,8425,0,0,0
15082,8426,0,0,0
15082,8435,0,0,0
15082,8436,0,0,0
15082,8437,0,0,0
15082,9161,14,0,14
15082,9162,98,13,85
15082,9163,0,0,0
15082,9171,23,23,0
15082,9172,0,0,0
15082,9173,0,0,0
15082,9174,0,0,0
15082,9175,0,0,0
15082,9176,0,0,0
15082,9177,10,0,10
15082,9178,11,0,11
15082,9179,0,0,0
15082,9180,0,0,0
15082,9181,0,0,0
15082,9182,0,0,0
15082,9183,0,0,0
15082,9184,48,0,48
15082,9185,0,0,0
15082,9186,12,0,12
15082,9187,0,0,0
15082,9188,21,0,21
15082,9189,0,0,0
15082,9190,0,0,0
15082,9261,0,0,0
15082,9262,0,0,0
15082,9263,0,0,0
15082,9271,18,0,18
15082,9272,0,0,0
15082,9273,13,0,13
15082,9274,21,21,0
15082,9275,0,0,0
15082,9276,0,0,0
15082,9277,0,0,0
15082,9278,25,0,25
15082,9279,0,0,0
15082,9361,0,0,0
15082,9362,0,0,0
15082,9363,0,0,0
15082,9371,0,0,0
15082,9372,0,0,0
15082,9373,0,0,0
15082,9374,0,0,0
15082,9375,26,0,26
15082,9376,0,0,0
15082,9377,0,0,0
15082,9461,0,0,0
15082,9462,0,0,0
15082,9463,0,0,0
15082,9464,0,0,0
15082,9471,0,0,0
15082,9472,0,0,0
15082,9473,0,0,0
15082,9474,0,0,0
15082,9475,0,0,0
15082,9476,0,0,0
15082,9477,0,0,0
15082,9478,0,0,0
15082,9479,0,0,0
15082,9561,0,0,0
15082,9562,0,0,0
15082,9563,0,0,0
15082,9564,52,0,52
15082,9565,0,0,0
15082,9571,0,0,0
15082,9572,0,0,0
15082,9573,0,0,0
15082,9574,0,0,0
15082,9575,0,0,0
15082,9576,0,0,0
15082,9577,0,0,0
15082,9661,0,0,0
15082,9662,0,0,0
15082,9663,0,0,0
15082,9671,0,0,0
15082,9672,0,0,0
15082,9673,0,0,0
15082,9674,0,0,0
15082,9675,16,0,16
15082,9676,0,0,0
15082,9677,0,0,0
15082,9678,0,0,0
15082,9679,0,0,0
15082,9761,0,0,0
15082,9762,0,0,0
15082,9763,0,0,0
15082,9764,0,0,0
15082,9771,0,0,0
15082,9772,0,0,0
15082,9773,0,0,0
15082,9774,0,0,0
15082,9775,59,0,59
15082,9776,0,0,0
15082,9777,0,0,0
15082,9778,0,0,0
15082,9779,0,0,0
15082,9780,0,0,0
15082,10041,0,0,0
15082,10042,0,0,0
15082,10043,0,0,0
15082,10044,0,0,0
15082,10045,0,0,0
15082,10046,0,0,0
15082,11000,749,186,563
15082,12051,24,0,24
15082,12052,13,0,13
15082,12053,32,10,22
15082,12054,45,12,33
15082,12060,16,16,0
15082,12061,85,74,11
15082,12062,39,16,23
15082,12063,30,12,18
15082,12064,65,43,22
15082,12065,35,15,20
15082,12066,101,27,74
15082,12067,51,27,24
15082,12068,0,0,0
15082,12069,148,80,68
15082,12070,78,78,0
15082,12071,42,30,12
15082,12072,110,73,37
15082,12073,26,26,0
15082,13003,13,0,13
15082,13004,0,0,0
15082,13071,29,19,10
15082,13072,33,17,16
15082,13073,26,26,0
15082,13074,0,0,0
15082,13075,19,19,0
15082,13076,15,15,0
15082,14511,102,26,76
15082,14521,51,41,10
15082,14522,79,39,40
15082,14523,32,14,18
15082,14524,99,55,44
15082,14612,159,58,101
15082,14625,42,26,16
15082,14626,28,18,10
15082,14627,75,43,32
15082,14628,37,23,14
15082,14713,3492,1377,2115
15082,14729,422,241,181
15082,14730,2979,1300,1679
15082,15001,7969,2748,5221
15082,15002,4135,1491,2644
15082,15003,1054,265,789
15082,15081,17,17,0
15082,15082,0,0,0
15082,15083,227,100,127
15082,15084,274,160,114
15082,15085,152,87,65
15082,15086,1155,715,440
15082,15087,368,209,159
15082,15088,3871,1445,2426
15082,15089,2937,1501,1436
15082,15090,68,23,45
15082,15091,3367,2108,1259
15082,16051,88,19,69
15082,16052,27,12,15
15082,16053,47,13,34
15082,16054,18,0,18
15082,16055,0,0,0
15082,16056,11,11,0
15082,16061,27,0,27
15082,16062,0,0,0
15082,16063,0,0,0
15082,16064,26,15,11
15082,16065,17,17,0
15082,16066,39,0,39
15082,16067,33,21,12
15082,16068,14,14,0
15082,16069,0,0,0
15082,16070,11,0,11
15082,16071,0,0,0
15082,16072,0,0,0
15082,16073,0,0,0
15082,16074,66,27,39
15082,16075,0,0,0
15082,16076,17,17,0
15082,16077,12,12,0
15083,1001,0,0,0
15083,1002,14,0,14
15083,1003,41,0,41
15083,1004,0,0,0
15083,1051,0,0,0
15083,1053,0,0,0
15083,1054,27,0,27
15083,1055,10,0,10
15083,1056,17,0,17
15083,1057,0,0,0
15083,1058,0,0,0
15083,1059,0,0,0
15083,1060,0,0,0
15083,1061,17,0,17
15083,1062,13,0,13
15083,2000,181,28,153
15083,3101,1194,114,1080
15083,3102,157,19,138
15083,3103,3711,129,3582
15083,3151,476,84,392
15083,3153,63,22,41
15083,3154,4049,771,3278
15083,3155,32,10,22
15083,3157,145,48,97
15083,3158,379,84,295
15083,3159,50,16,34
15083,3241,658,84,574
15083,3251,38,14,24
15083,3252,0,0,0
15083,3254,80,18,62
15083,3255,0,0,0
15083,3256,19,0,19
15083,3257,0,0,0
15083,3351,61,0,61
15083,3352,11,0,11
15083,3353,25,0,25
15083,3354,19,19,0
15083,3355,19,0,19
15083,3356,0,0,0
15083,3357,15,0,15
15083,3358,29,13,16
15083,3359,0,0,0
15083,3360,20,0,20
15083,3361,23,0,23
15083,3401,17,0,17
15083,3402,0,0,0
15083,3403,13,0,13
15083,3404,17,0,17
15083,3405,0,0,0
15083,3451,0,0,0
15083,3452,12,0,12
15083,3453,22,0,22
15083,3454,66,0,66
15083,3455,0,0,0
15083,3456,0,0,0
15083,3457,11,0,11
15083,3458,14,0,14
15083,3459,28,0,28
15083,3460,18,0,18
15083,3461,10,0,10
15083,3462,0,0,0
15083,4011,37,0,37
15083,4012,0,0,0
15083,5111,39,0,39
15083,5112,0,0,0
15083,5113,20,0,20
15083,5114,0,0,0
15083,5116,39,0,39
15083,5117,0,0,0
15083,5119,0,0,0
15083,5120,0,0,0
15083,5122,0,0,0
15083,5124,13,0,13
15083,5154,10,10,0
15083,5158,20,0,20
15083,5162,10,0,10
15083,5166,13,0,13
15083,5170,18,0,18
15083,5314,0,0,0
15083,5315,69,0,69
15083,5316,15,0,15
15083,5334,0,0,0
15083,5358,0,0,0
15083,5362,13,0,13
15083,5366,0,0,0
15083,5370,0,0,0
15083,5374,26,0,26
15083,5378,0,0,0
15083,5382,20,0,20
15083,5512,0,0,0
15083,5513,14,0,14
15083,5515,0,0,0
15083,5554,0,0,0
15083,5558,0,0,0
15083,5562,11,0,11
15083,5566,37,14,23
15083,5570,0,0,0
15083,5711,0,0,0
15083,5754,41,0,41
15083,5758,18,0,18
15083,5762,0,0,0
15083,5766,30,0,30
15083,5770,26,0,26
15083,5774,11,0,11
15083,5911,10,0,10
15083,5913,19,0,19
15083,5914,0,0,0
15083,5915,0,0,0
15083,5916,0,0,0
15083,5954,0,0,0
15083,5958,0,0,0
15083,5962,20,0,20
15083,5966,0,0,0
15083,5970,0,0,0
15083,5974,14,0,14
15083,5978,13,0,13
15083,6411,0,0,0
15083,6412,48,0,48
15083,6413,0,0,0
15083,6414,13,0,13
15083,6431,0,0,0
15083,6432,10,0,10
15083,6433,34,0,34
15083,6434,19,0,19
15083,6435,50,0,50
15083,6436,14,0,14
15083,6437,0,0,0
15083,6438,23,0,23
15083,6439,0,0,0
15083,6440,0,0,0
15083,6531,0,0,0
15083,6532,0,0,0
15083,6533,0,0,0
15083,6534,0,0,0
15083,6535,0,0,0
15083,6611,13,0,13
15083,6631,0,0,0
15083,6632,14,0,14
15083,6633,0,0,0
15083,6634,0,0,0
15083,6635,0,0,0
15083,6636,0,0,0
15083,7111,0,0,0
15083,7131,0,0,0
15083,7132,0,0,0
15083,7133,0,0,0
15083,7134,0,0,0
15083,7135,0,0,0
15083,7137,0,0,0
15083,7138,0,0,0
15083,7140,0,0,0
15083,7141,10,0,10
15083,7143,0,0,0
15083,7211,0,0,0
15083,7231,0,0,0
15083,7232,0,0,0
15083,7233,0,0,0
15083,7235,0,0,0
15083,7311,0,0,0
15083,7312,0,0,0
15083,7313,0,0,0
15083,7314,0,0,0
15083,7315,0,0,0
15083,7316,0,0,0
15083,7317,0,0,0
15083,7318,0,0,0
15083,7319,0,0,0
15083,7320,0,0,0
15083,7331,0,0,0
15083,7332,0,0,0
15083,7333,0,0,0
15083,7334,0,0,0
15083,7335,0,0,0
15083,7336,0,0,0
15083,7337,0,0,0
15083,7338,0,0,0
15083,7339,0,0,0
15083,7340,0,0,0
15083,8111,32,0,32
15083,8115,0,0,0
15083,8116,16,0,16
15083,8117,0,0,0
15083,8118,11,0,11
15083,8119,16,0,16
15083,8121,0,0,0
15083,8125,0,0,0
15083,8126,0,0,0
15083,8127,0,0,0
15083,8128,0,0,0
15083,8135,0,0,0
15083,8136,0,0,0
15083,8211,0,0,0
15083,8212,0,0,0
15083,8215,10,0,10
15083,8216,0,0,0
15083,8221,0,0,0
15083,8222,19,0,19
15083,8225,0,0,0
15083,8226,0,0,0
15083,8231,0,0,0
15083,8235,0,0,0
15083,8236,0,0,0
15083,8237,0,0,0
15083,8311,0,0,0
15083,8315,0,0,0
15083,8316,0,0,0
15083,8317,0,0,0
15083,8325,0,0,0
15083,8326,0,0,0
15083,8327,0,0,0
15083,8335,0,0,0
15083,8336,0,0,0
15083,8337,0,0,0
15083,8415,0,0,0
15083,8416,0,0,0
15083,8417,0,0,0
15083,8421,0,0,0
15083,8425,0,0,0
15083,8426,23,0,23
15083,8435,26,0,26
15083,8436,0,0,0
15083,8437,0,0,0
15083,9161,0,0,0
15083,9162,56,0,56
15083,9163,0,0,0
15083,9171,0,0,0
15083,9172,0,0,0
15083,9173,0,0,0
15083,9174,0,0,0
15083,9175,0,0,0
15083,9176,0,0,0
15083,9177,0,0,0
15083,9178,0,0,0
15083,9179,0,0,0
15083,9180,0,0,0
15083,9181,0,0,0
15083,9182,0,0,0
15083,9183,0,0,0
15083,9184,26,0,26
15083,9185,10,10,0
15083,9186,0,0,0
15083,9187,0,0,0
15083,9188,0,0,0
15083,9189,0,0,0
15083,9190,0,0,0
15083,9261,0,0,0
15083,9262,0,0,0
15083,9263,0,0,0
15083,9271,0,0,0
15083,9272,0,0,0
15083,9273,0,0,0
15083,9274,0,0,0
15083,9275,0,0,0
15083,9276,0,0,0
15083,9277,0,0,0
15083,9278,0,0,0
15083,9279,0,0,0
15083,9361,0,0,0
15083,9362,0,0,0
15083,9363,0,0,0
15083,9371,0,0,0
15083,9372,0,0,0
15083,9373,0,0,0
15083,9374,0,0,0
15083,9375,0,0,0
15083,9376,0,0,0
15083,9377,0,0,0
15083,9461,0,0,0
15083,9462,0,0,0
15083,9463,0,0,0
15083,9464,0,0,0
15083,9471,0,0,0
15083,9472,0,0,0
15083,9473,0,0,0
15083,9474,0,0,0
15083,9475,0,0,0
15083,9476,0,0,0
15083,9477,0,0,0
15083,9478,0,0,0
15083,9479,0,0,0
15083,9561,0,0,0
15083,9562,0,0,0
15083,9563,0,0,0
15083,9564,32,0,32
15083,9565,0,0,0
15083,9571,0,0,0
15083,9572,0,0,0
15083,9573,0,0,0
15083,9574,0,0,0
15083,9575,0,0,0
15083,9576,0,0,0
15083,9577,0,0,0
15083,9661,0,0,0
15083,9662,0,0,0
15083,9663,0,0,0
15083,9671,12,12,0
15083,9672,0,0,0
15083,9673,0,0,0
15083,9674,0,0,0
15083,9675,0,0,0
15083,9676,0,0,0
15083,9677,0,0,0
15083,9678,0,0,0
15083,9679,0,0,0
15083,9761,0,0,0
15083,9762,0,0,0
15083,9763,0,0,0
15083,9764,0,0,0
15083,9771,0,0,0
15083,9772,0,0,0
15083,9773,0,0,0
15083,9774,0,0,0
15083,9775,0,0,0
15083,9776,11,0,11
15083,9777,0,0,0
15083,9778,0,0,0
15083,9779,0,0,0
15083,9780,0,0,0
15083,10041,10,0,10
15083,10042,0,0,0
15083,10043,0,0,0
15083,10044,0,0,0
15083,10045,0,0,0
15083,10046,0,0,0
15083,11000,613,132,481
15083,12051,44,14,30
15083,12052,14,0,14
15083,12053,0,0,0
15083,12054,55,15,40
15083,12060,41,19,22
15083,12061,60,16,44
15083,12062,30,0,30
15083,12063,53,37,16
15083,12064,74,17,57
15083,12065,37,16,21
15083,12066,10,0,10
15083,12067,28,12,16
15083,12068,11,11,0
15083,12069,77,42,35
15083,12070,31,19,12
15083,12071,17,17,0
15083,12072,60,23,37
15083,12073,11,0,11
15083,13003,10,0,10
15083,13004,26,0,26
15083,13071,17,17,0
15083,13072,31,15,16
15083,13073,14,14,0
15083,13074,0,0,0
15083,13075,25,15,10
15083,13076,29,15,14
15083,14511,20,0,20
15083,14521,0,0,0
15083,14522,0,0,0
15083,14523,0,0,0
15083,14524,21,0,21
15083,14612,78,11,67
15083,14625,13,13,0
15083,14626,0,0,0
15083,14627,56,26,30
15083,14628,28,13,15
15083,14713,256,54,202
15083,14729,51,20,31
15083,14730,67,31,36
15083,15001,99,39,60
15083,15002,314,87,227
15083,15003,25707,10406,15301
15083,15081,2101,1364,737
15083,15082,227,127,100
15083,15083,0,0,0
15083,15084,128,68,60
15083,15085,2395,1294,1101
15083,15086,2231,1321,910
15083,15087,241,156,85
15083,15088,156,94,62
15083,15089,4356,3029,1327
15083,15090,1643,1068,575
15083,15091,66,35,31
15083,16051,200,13,187
15083,16052,11,0,11
15083,16053,14,0,14
15083,16054,0,0,0
15083,16055,0,0,0
15083,16056,0,0,0
15083,16061,0,0,0
15083,16062,14,0,14
15083,16063,0,0,0
15083,16064,0,0,0
15083,16065,14,14,0
15083,16066,0,0,0
15083,16067,11,11,0
15083,16068,0,0,0
15083,16069,0,0,0
15083,16070,0,0,0
15083,16071,0,0,0
15083,16072,0,0,0
15083,16073,0,0,0
15083,16074,0,0,0
15083,16075,0,0,0
15083,16076,0,0,0
15083,16077,0,0,0
15084,1001,0,0,0
15084,1002,0,0,0
15084,1003,0,0,0
15084,1004,0,0,0
15084,1051,0,0,0
15084,1053,0,0,0
15084,1054,0,0,0
15084,1055,0,0,0
15084,1056,0,0,0
15084,1057,0,0,0
15084,1058,10,0,10
15084,1059,0,0,0
15084,1060,0,0,0
15084,1061,0,0,0
15084,1062,0,0,0
15084,2000,98,0,98
15084,3101,30,0,30
15084,3102,0,0,0
15084,3103,17,0,17
15084,3151,0,0,0
15084,3153,0,0,0
15084,3154,24,24,0
15084,3155,11,0,11
15084,3157,0,0,0
15084,3158,0,0,0
15084,3159,16,0,16
15084,3241,123,0,123
15084,3251,130,0,130
15084,3252,0,0,0
15084,3254,11,0,11
15084,3255,0,0,0
15084,3256,494,0,494
15084,3257,0,0,0
15084,3351,16,16,0
15084,3352,0,0,0
15084,3353,0,0,0
15084,3354,0,0,0
15084,3355,0,0,0
15084,3356,16,0,16
15084,3357,21,11,10
15084,3358,73,73,0
15084,3359,12,0,12
15084,3360,0,0,0
15084,3361,13,0,13
15084,3401,0,0,0
15084,3402,0,0,0
15084,3403,0,0,0
15084,3404,17,0,17
15084,3405,0,0,0
15084,3451,0,0,0
15084,3452,0,0,0
15084,3453,50,14,36
15084,3454,143,21,122
15084,3455,0,0,0
15084,3456,0,0,0
15084,3457,0,0,0
15084,3458,0,0,0
15084,3459,428,0,428
15084,3460,16,0,16
15084,3461,0,0,0
15084,3462,0,0,0
15084,4011,27,0,27
15084,4012,0,0,0
15084,5111,270,0,270
15084,5112,14,0,14
15084,5113,32,0,32
15084,5114,16,0,16
15084,5116,0,0,0
15084,5117,0,0,0
15084,5119,19,0,19
15084,5120,0,0,0
15084,5122,0,0,0
15084,5124,0,0,0
15084,5154,12,0,12
15084,5158,18,0,18
15084,5162,20,0,20
15084,5166,0,0,0
15084,5170,12,0,12
15084,5314,0,0,0
15084,5315,70,0,70
15084,5316,0,0,0
15084,5334,10,0,10
15084,5358,0,0,0
15084,5362,32,0,32
15084,5366,0,0,0
15084,5370,0,0,0
15084,5374,0,0,0
15084,5378,0,0,0
15084,5382,13,0,13
15084,5512,0,0,0
15084,5513,14,0,14
15084,5515,13,0,13
15084,5554,12,0,12
15084,5558,0,0,0
15084,5562,14,0,14
15084,5566,58,0,58
15084,5570,59,47,12
15084,5711,15,15,0
15084,5754,883,145,738
15084,5758,10,0,10
15084,5762,0,0,0
15084,5766,31,16,15
15084,5770,19,0,19
15084,5774,10,0,10
15084,5911,0,0,0
15084,5913,30,0,30
15084,5914,0,0,0
15084,5915,0,0,0
15084,5916,12,0,12
15084,5954,0,0,0
15084,5958,0,0,0
15084,5962,0,0,0
15084,5966,0,0,0
15084,5970,17,0,17
15084,5974,12,0,12
15084,5978,22,0,22
15084,6411,0,0,0
15084,6412,122,0,122
15084,6413,0,0,0
15084,6414,16,0,16
15084,6431,18,0,18
15084,6432,12,0,12
15084,6433,13,0,13
15084,6434,81,0,81
15084,6435,28,0,28
15084,6436,19,0,19
15084,6437,0,0,0
15084,6438,92,0,92
15084,6439,15,0,15
15084,6440,0,0,0
15084,6531,0,0,0
15084,6532,0,0,0
15084,6533,0,0,0
15084,6534,0,0,0
15084,6535,0,0,0
15084,6611,25,0,25
15084,6631,14,0,14
15084,6632,22,0,22
15084,6633,12,0,12
15084,6634,12,0,12
15084,6635,108,0,108
15084,6636,11,11,0
15084,7111,0,0,0
15084,7131,0,0,0
15084,7132,0,0,0
15084,7133,0,0,0
15084,7134,0,0,0
15084,7135,13,13,0
15084,7137,13,0,13
15084,7138,0,0,0
15084,7140,0,0,0
15084,7141,0,0,0
15084,7143,13,0,13
15084,7211,0,0,0
15084,7231,0,0,0
15084,7232,0,0,0
15084,7233,0,0,0
15084,7235,0,0,0
15084,7311,0,0,0
15084,7312,0,0,0
15084,7313,0,0,0
15084,7314,0,0,0
15084,7315,0,0,0
15084,7316,0,0,0
15084,7317,0,0,0
15084,7318,0,0,0
15084,7319,0,0,0
15084,7320,0,0,0
15084,7331,0,0,0
15084,7332,0,0,0
15084,7333,0,0,0
15084,7334,0,0,0
15084,7335,0,0,0
15084,7336,0,0,0
15084,7337,10,0,10
15084,7338,0,0,0
15084,7339,0,0,0
15084,7340,0,0,0
15084,8111,51,0,51
15084,8115,26,0,26
15084,8116,33,0,33
15084,8117,15,0,15
15084,8118,23,0,23
15084,8119,11,0,11
15084,8121,11,0,11
15084,8125,31,0,31
15084,8126,24,0,24
15084,8127,23,0,23
15084,8128,0,0,0
15084,8135,0,0,0
15084,8136,12,0,12
15084,8211,0,0,0
15084,8212,15,0,15
15084,8215,19,0,19
15084,8216,0,0,0
15084,8221,0,0,0
15084,8222,31,0,31
15084,8225,0,0,0
15084,8226,27,0,27
15084,8231,0,0,0
15084,8235,12,0,12
15084,8236,0,0,0
15084,8237,0,0,0
15084,8311,0,0,0
15084,8315,0,0,0
15084,8316,0,0,0
15084,8317,11,0,11
15084,8325,0,0,0
15084,8326,0,0,0
15084,8327,0,0,0
15084,8335,0,0,0
15084,8336,0,0,0
15084,8337,0,0,0
15084,8415,0,0,0
15084,8416,16,0,16
15084,8417,0,0,0
15084,8421,0,0,0
15084,8425,12,0,12
15084,8426,0,0,0
15084,8435,0,0,0
15084,8436,0,0,0
15084,8437,0,0,0
15084,9161,28,0,28
15084,9162,136,19,117
15084,9163,14,0,14
15084,9171,11,0,11
15084,9172,0,0,0
15084,9173,0,0,0
15084,9174,15,0,15
15084,9175,0,0,0
15084,9176,13,0,13
15084,9177,15,0,15
15084,9178,19,0,19
15084,9179,0,0,0
15084,9180,0,0,0
15084,9181,0,0,0
15084,9182,0,0,0
15084,9183,0,0,0
15084,9184,70,0,70
15084,9185,0,0,0
15084,9186,16,0,16
15084,9187,10,0,10
15084,9188,15,0,15
15084,9189,0,0,0
15084,9190,0,0,0
15084,9261,0,0,0
15084,9262,0,0,0
15084,9263,0,0,0
15084,9271,12,0,12
15084,9272,0,0,0
15084,9273,26,0,26
15084,9274,0,0,0
15084,9275,11,0,11
15084,9276,0,0,0
15084,9277,0,0,0
15084,9278,0,0,0
15084,9279,0,0,0
15084,9361,11,0,11
15084,9362,16,0,16
15084,9363,0,0,0
15084,9371,11,0,11
15084,9372,11,0,11
15084,9373,18,0,18
15084,9374,10,0,10
15084,9375,0,0,0
15084,9376,19,0,19
15084,9377,12,0,12
15084,9461,0,0,0
15084,9462,21,0,21
15084,9463,0,0,0
15084,9464,0,0,0
15084,9471,31,18,13
15084,9472,16,0,16
15084,9473,0,0,0
15084,9474,0,0,0
15084,9475,11,0,11
15084,9476,0,0,0
15084,9477,0,0,0
15084,9478,0,0,0
15084,9479,0,0,0
15084,9561,0,0,0
15084,9562,15,0,15
15084,9563,25,0,25
15084,9564,91,0,91
15084,9565,0,0,0
15084,9571,13,0,13
15084,9572,0,0,0
15084,9573,16,0,16
15084,9574,28,0,28
15084,9575,0,0,0
15084,9576,12,0,12
15084,9577,0,0,0
15084,9661,0,0,0
15084,9662,0,0,0
15084,9663,0,0,0
15084,9671,22,0,22
15084,9672,0,0,0
15084,9673,10,0,10
15084,9674,10,0,10
15084,9675,12,0,12
15084,9676,12,0,12
15084,9677,34,0,34
15084,9678,0,0,0
15084,9679,0,0,0
15084,9761,10,0,10
15084,9762,10,0,10
15084,9763,0,0,0
15084,9764,0,0,0
15084,9771,0,0,0
15084,9772,14,0,14
15084,9773,0,0,0
15084,9774,36,0,36
15084,9775,0,0,0
15084,9776,0,0,0
15084,9777,0,0,0
15084,9778,13,0,13
15084,9779,16,0,16
15084,9780,0,0,0
15084,10041,15,0,15
15084,10042,16,0,16
15084,10043,0,0,0
15084,10044,0,0,0
15084,10045,0,0,0
15084,10046,0,0,0
15084,11000,686,347,339
15084,12051,0,0,0
15084,12052,0,0,0
15084,12053,27,27,0
15084,12054,71,0,71
15084,12060,12,0,12
15084,12061,32,17,15
15084,12062,94,72,22
15084,12063,30,30,0
15084,12064,31,14,17
15084,12065,17,0,17
15084,12066,56,27,29
15084,12067,82,71,11
15084,12068,0,0,0
15084,12069,20,0,20
15084,12070,0,0,0
15084,12071,31,17,14
15084,12072,56,26,30
15084,12073,0,0,0
15084,13003,15,0,15
15084,13004,0,0,0
15084,13071,121,19,102
15084,13072,0,0,0
15084,13073,0,0,0
15084,13074,0,0,0
15084,13075,83,83,0
15084,13076,0,0,0
15084,14511,140,33,107
15084,14521,48,25,23
15084,14522,99,43,56
15084,14523,94,26,68
15084,14524,249,55,194
15084,14612,199,50,149
15084,14625,61,21,40
15084,14626,24,10,14
15084,14627,78,35,43
15084,14628,34,12,22
15084,14713,4231,1316,2915
15084,14729,2437,1211,1226
15084,14730,666,137,529
15084,15001,108,47,61
15084,15002,2317,674,1643
15084,15003,341,120,221
15084,15081,0,0,0
15084,15082,274,114,160
15084,15083,128,60,68
15084,15084,0,0,0
15084,15085,125,101,24
15084,15086,58,20,38
15084,15087,401,217,184
15084,15088,8047,3180,4867
15084,15089,159,83,76
15084,15090,34,21,13
15084,15091,98,53,45
15084,16051,443,77,366
15084,16052,1262,328,934
15084,16053,997,206,791
15084,16054,31,31,0
15084,16055,259,74,185
15084,16056,13,0,13
15084,16061,81,10,71
15084,16062,56,34,22
15084,16063,84,21,63
15084,16064,35,13,22
15084,16065,583,298,285
15084,16066,42,16,26
15084,16067,64,29,35
15084,16068,595,125,470
15084,16069,11,11,0
15084,16070,58,25,33
15084,16071,1315,314,1001
15084,16072,0,0,0
15084,16073,41,19,22
15084,16074,1930,647,1283
15084,16075,101,29,72
15084,16076,597,162,435
15084,16077,1525,816,709
15085,1001,0,0,0
15085,1002,12,0,12
15085,1003,15,15,0
15085,1004,0,0,0
15085,1051,0,0,0
15085,1053,0,0,0
15085,1054,14,0,14
15085,1055,0,0,0
15085,1056,12,0,12
15085,1057,0,0,0
15085,1058,0,0,0
15085,1059,0,0,0
15085,1060,12,0,12
15085,1061,0,0,0
15085,1062,10,0,10
15085,2000,183,27,156
15085,3101,1659,156,1503
15085,3102,1281,77,1204
15085,3103,475,11,464
15085,3151,135,14,121
15085,3153,4822,1032,3790
15085,3154,559,91,468
15085,3155,65,22,43
15085,3157,176,44,132
15085,3158,1531,268,1263
15085,3159,384,103,281
15085,3241,656,122,534
15085,3251,24,0,24
15085,3252,16,0,16
15085,3254,202,52,150
15085,3255,0,0,0
15085,3256,0,0,0
15085,3257,29,0,29
15085,3351,54,10,44
15085,3352,0,0,0
15085,3353,12,0,12
15085,3354,0,0,0
15085,3355,30,0,30
15085,3356,0,0,0
15085,3357,0,0,0
15085,3358,29,0,29
15085,3359,10,0,10
15085,3360,0,0,0
15085,3361,26,0,26
15085,3401,0,0,0
15085,3402,0,0,0
15085,3403,32,0,32
15085,3404,25,0,25
15085,3405,0,0,0
15085,3451,0,0,0
15085,3452,13,0,13
15085,3453,43,0,43
15085,3454,24,0,24
15085,3455,0,0,0
15085,3456,0,0,0
15085,3457,0,0,0
15085,3458,0,0,0
15085,3459,28,0,28
15085,3460,0,0,0
15085,3461,0,0,0
15085,3462,0,0,0
15085,4011,63,0,63
15085,4012,0,0,0
15085,5111,44,0,44
15085,5112,20,0,20
15085,5113,77,0,77
15085,5114,0,0,0
15085,5116,11,0,11
15085,5117,0,0,0
15085,5119,35,0,35
15085,5120,0,0,0
15085,5122,11,0,11
15085,5124,0,0,0
15085,5154,0,0,0
15085,5158,36,0,36
15085,5162,17,0,17
15085,5166,0,0,0
15085,5170,13,0,13
15085,5314,13,0,13
15085,5315,56,12,44
15085,5316,0,0,0
15085,5334,11,0,11
15085,5358,0,0,0
15085,5362,24,0,24
15085,5366,0,0,0
15085,5370,0,0,0
15085,5374,14,0,14
15085,5378,0,0,0
15085,5382,45,0,45
15085,5512,0,0,0
15085,5513,10,0,10
15085,5515,14,0,14
15085,5554,19,0,19
15085,5558,0,0,0
15085,5562,0,0,0
15085,5566,17,0,17
15085,5570,17,0,17
15085,5711,19,0,19
15085,5754,38,0,38
15085,5758,10,0,10
15085,5762,19,0,19
15085,5766,26,12,14
15085,5770,36,0,36
15085,5774,17,0,17
15085,5911,0,0,0
15085,5913,55,0,55
15085,5914,12,0,12
15085,5915,0,0,0
15085,5916,0,0,0
15085,5954,0,0,0
15085,5958,0,0,0
15085,5962,21,11,10
15085,5966,0,0,0
15085,5970,14,0,14
15085,5974,0,0,0
15085,5978,0,0,0
15085,6411,0,0,0
15085,6412,74,0,74
15085,6413,0,0,0
15085,6414,0,0,0
15085,6431,0,0,0
15085,6432,23,0,23
15085,6433,0,0,0
15085,6434,19,0,19
15085,6435,20,0,20
15085,6436,15,0,15
15085,6437,0,0,0
15085,6438,11,0,11
15085,6439,0,0,0
15085,6440,12,0,12
15085,6531,0,0,0
15085,6532,12,0,12
15085,6533,19,0,19
15085,6534,13,13,0
15085,6535,0,0,0
15085,6611,30,0,30
15085,6631,0,0,0
15085,6632,0,0,0
15085,6633,13,0,13
15085,6634,10,0,10
15085,6635,0,0,0
15085,6636,16,0,16
15085,7111,0,0,0
15085,7131,0,0,0
15085,7132,0,0,0
15085,7133,0,0,0
15085,7134,0,0,0
15085,7135,0,0,0
15085,7137,0,0,0
15085,7138,0,0,0
15085,7140,0,0,0
15085,7141,0,0,0
15085,7143,0,0,0
15085,7211,0,0,0
15085,7231,0,0,0
15085,7232,0,0,0
15085,7233,0,0,0
15085,7235,0,0,0
15085,7311,0,0,0
15085,7312,0,0,0
15085,7313,0,0,0
15085,7314,0,0,0
15085,7315,10,0,10
15085,7316,0,0,0
15085,7317,0,0,0
15085,7318,0,0,0
15085,7319,0,0,0
15085,7320,0,0,0
15085,7331,0,0,0
15085,7332,0,0,0
15085,7333,0,0,0
15085,7334,0,0,0
15085,7335,0,0,0
15085,7336,0,0,0
15085,7337,0,0,0
15085,7338,0,0,0
15085,7339,0,0,0
15085,7340,0,0,0
15085,8111,33,0,33
15085,8115,14,0,14
15085,8116,27,0,27
15085,8117,0,0,0
15085,8118,11,0,11
15085,8119,0,0,0
15085,8121,0,0,0
15085,8125,0,0,0
15085,8126,17,0,17
15085,8127,0,0,0
15085,8128,0,0,0
15085,8135,0,0,0
15085,8136,0,0,0
15085,8211,0,0,0
15085,8212,19,0,19
15085,8215,10,0,10
15085,8216,10,0,10
15085,8221,0,0,0
15085,8222,14,0,14
15085,8225,0,0,0
15085,8226,18,0,18
15085,8231,0,0,0
15085,8235,0,0,0
15085,8236,0,0,0
15085,8237,0,0,0
15085,8311,0,0,0
15085,8315,0,0,0
15085,8316,0,0,0
15085,8317,0,0,0
15085,8325,0,0,0
15085,8326,0,0,0
15085,8327,0,0,0
15085,8335,0,0,0
15085,8336,0,0,0
15085,8337,0,0,0
15085,8415,0,0,0
15085,8416,0,0,0
15085,8417,0,0,0
15085,8421,0,0,0
15085,8425,0,0,0
15085,8426,0,0,0
15085,8435,0,0,0
15085,8436,0,0,0
15085,8437,0,0,0
15085,9161,0,0,0
15085,9162,79,0,79
15085,9163,0,0,0
15085,9171,0,0,0
15085,9172,0,0,0
15085,9173,0,0,0
15085,9174,0,0,0
15085,9175,0,0,0
15085,9176,0,0,0
15085,9177,0,0,0
15085,9178,0,0,0
15085,9179,0,0,0
15085,9180,0,0,0
15085,9181,0,0,0
15085,9182,0,0,0
15085,9183,0,0,0
15085,9184,36,0,36
15085,9185,0,0,0
15085,9186,0,0,0
15085,9187,11,11,0
15085,9188,0,0,0
15085,9189,0,0,0
15085,9190,0,0,0
15085,9261,0,0,0
15085,9262,0,0,0
15085,9263,0,0,0
15085,9271,0,0,0
15085,9272,0,0,0
15085,9273,0,0,0
15085,9274,0,0,0
15085,9275,0,0,0
15085,9276,0,0,0
15085,9277,0,0,0
15085,9278,0,0,0
15085,9279,0,0,0
15085,9361,0,0,0
15085,9362,0,0,0
15085,9363,0,0,0
15085,9371,0,0,0
15085,9372,0,0,0
15085,9373,0,0,0
15085,9374,0,0,0
15085,9375,0,0,0
15085,9376,0,0,0
15085,9377,0,0,0
15085,9461,0,0,0
15085,9462,0,0,0
15085,9463,0,0,0
15085,9464,0,0,0
15085,9471,0,0,0
15085,9472,0,0,0
15085,9473,0,0,0
15085,9474,0,0,0
15085,9475,0,0,0
15085,9476,0,0,0
15085,9477,0,0,0
15085,9478,0,0,0
15085,9479,0,0,0
15085,9561,0,0,0
15085,9562,0,0,0
15085,9563,0,0,0
15085,9564,70,0,70
15085,9565,0,0,0
15085,9571,0,0,0
15085,9572,0,0,0
15085,9573,0,0,0
15085,9574,0,0,0
15085,9575,0,0,0
15085,9576,0,0,0
15085,9577,0,0,0
15085,9661,0,0,0
15085,9662,0,0,0
15085,9663,0,0,0
15085,9671,0,0,0
15085,9672,0,0,0
15085,9673,0,0,0
15085,9674,0,0,0
15085,9675,0,0,0
15085,9676,0,0,0
15085,9677,0,0,0
15085,9678,0,0,0
15085,9679,0,0,0
15085,9761,0,0,0
15085,9762,0,0,0
15085,9763,0,0,0
15085,9764,0,0,0
15085,9771,0,0,0
15085,9772,0,0,0
15085,9773,0,0,0
15085,9774,0,0,0
15085,9775,0,0,0
15085,9776,0,0,0
15085,9777,0,0,0
15085,9778,12,0,12
15085,9779,0,0,0
15085,9780,0,0,0
15085,10041,12,0,12
15085,10042,0,0,0
15085,10043,0,0,0
15085,10044,0,0,0
15085,10045,0,0,0
15085,10046,0,0,0
15085,11000,484,170,314
15085,12051,17,0,17
15085,12052,0,0,0
15085,12053,0,0,0
15085,12054,27,0,27
15085,12060,17,17,0
15085,12061,12,12,0
15085,12062,16,0,16
15085,12063,44,17,27
15085,12064,39,23,16
15085,12065,39,28,11
15085,12066,0,0,0
15085,12067,32,12,20
15085,12068,0,0,0
15085,12069,52,21,31
15085,12070,16,16,0
15085,12071,0,0,0
15085,12072,38,20,18
15085,12073,0,0,0
15085,13003,22,0,22
15085,13004,0,0,0
15085,13071,0,0,0
15085,13072,31,19,12
15085,13073,0,0,0
15085,13074,15,15,0
15085,13075,19,19,0
15085,13076,41,41,0
15085,14511,0,0,0
15085,14521,26,11,15
15085,14522,34,14,20
15085,14523,13,0,13
15085,14524,38,10,28
15085,14612,80,20,60
15085,14625,10,0,10
15085,14626,0,0,0
15085,14627,31,20,11
15085,14628,25,13,12
15085,14713,344,107,237
15085,14729,54,20,34
15085,14730,61,20,41
15085,15001,89,20,69
15085,15002,619,151,468
15085,15003,2112,468,1644
15085,15081,89,41,48
15085,15082,152,65,87
15085,15083,2395,1101,1294
15085,15084,125,24,101
15085,15085,0,0,0
15085,15086,242,77,165
15085,15087,1978,1048,930
15085,15088,197,103,94
15085,15089,4867,2172,2695
15085,15090,102,56,46
15085,15091,89,33,56
15085,16051,77,15,62
15085,16052,10,10,0
15085,16053,13,0,13
15085,16054,0,0,0
15085,16055,26,0,26
15085,16056,0,0,0
15085,16061,39,0,39
15085,16062,364,176,188
15085,16063,28,0,28
15085,16064,22,22,0
15085,16065,51,28,23
15085,16066,10,0,10
15085,16067,0,0,0
15085,16068,0,0,0
15085,16069,0,0,0
15085,16070,32,18,14
15085,16071,0,0,0
15085,16072,0,0,0
15085,16073,0,0,0
15085,16074,0,0,0
15085,16075,0,0,0
15085,16076,0,0,0
15085,16077,0,0,0
15086,1001,0,0,0
15086,1002,0,0,0
15086,1003,0,0,0
15086,1004,0,0,0
15086,1051,0,0,0
15086,1053,0,0,0
15086,1054,16,0,16
15086,1055,0,0,0
15086,1056,19,0,19
15086,1057,0,0,0
15086,1058,0,0,0
15086,1059,12,0,12
15086,1060,0,0,0
15086,1061,0,0,0
15086,1062,13,0,13
15086,2000,115,21,94
15086,3101,150,25,125
15086,3102,13,0,13
15086,3103,162,0,162
15086,3151,34,0,34
15086,3153,14,0,14
15086,3154,75,21,54
15086,3155,0,0,0
15086,3157,20,0,20
15086,3158,14,0,14
15086,3159,11,0,11
15086,3241,252,74,178
15086,3251,14,0,14
15086,3252,0,0,0
15086,3254,35,0,35
15086,3255,0,0,0
15086,3256,27,0,27
15086,3257,0,0,0
15086,3351,40,16,24
15086,3352,0,0,0
15086,3353,11,0,11
15086,3354,0,0,0
15086,3355,0,0,0
15086,3356,0,0,0
15086,3357,0,0,0
15086,3358,0,0,0
15086,3359,0,0,0
15086,3360,10,0,10
15086,3361,0,0,0
15086,3401,0,0,0
15086,3402,0,0,0
15086,3403,0,0,0
15086,3404,0,0,0
15086,3405,0,0,0
15086,3451,0,0,0
15086,3452,19,0,19
15086,3453,0,0,0
15086,3454,36,0,36
15086,3455,0,0,0
15086,3456,10,0,10
15086,3457,11,0,11
15086,3458,0,0,0
15086,3459,16,0,16
15086,3460,13,0,13
15086,3461,0,0,0
15086,3462,0,0,0
15086,4011,43,0,43
15086,4012,0,0,0
15086,5111,21,0,21
15086,5112,0,0,0
15086,5113,0,0,0
15086,5114,0,0,0
15086,5116,0,0,0
15086,5117,0,0,0
15086,5119,0,0,0
15086,5120,0,0,0
15086,5122,0,0,0
15086,5124,0,0,0
15086,5154,0,0,0
15086,5158,22,0,22
15086,5162,0,0,0
15086,5166,0,0,0
15086,5170,14,0,14
15086,5314,10,0,10
15086,5315,42,0,42
15086,5316,0,0,0
15086,5334,0,0,0
15086,5358,0,0,0
15086,5362,0,0,0
15086,5366,0,0,0
15086,5370,0,0,0
15086,5374,0,0,0
15086,5378,0,0,0
15086,5382,0,0,0
15086,5512,0,0,0
15086,5513,12,0,12
15086,5515,0,0,0
15086,5554,0,0,0
15086,5558,0,0,0
15086,5562,0,0,0
15086,5566,39,0,39
15086,5570,0,0,0
15086,5711,21,0,21
15086,5754,22,0,22
15086,5758,16,0,16
15086,5762,0,0,0
15086,5766,11,0,11
15086,5770,16,0,16
15086,5774,0,0,0
15086,5911,0,0,0
15086,5913,10,0,10
15086,5914,0,0,0
15086,5915,0,0,0
15086,5916,0,0,0
15086,5954,0,0,0
15086,5958,0,0,0
15086,5962,0,0,0
15086,5966,0,0,0
15086,5970,0,0,0
15086,5974,0,0,0
15086,5978,0,0,0
15086,6411,0,0,0
15086,6412,21,0,21
15086,6413,0,0,0
15086,6414,0,0,0
15086,6431,0,0,0
15086,6432,0,0,0
15086,6433,0,0,0
15086,6434,14,0,14
15086,6435,11,0,11
15086,6436,0,0,0
15086,6437,0,0,0
15086,6438,0,0,0
15086,6439,0,0,0
15086,6440,0,0,0
15086,6531,0,0,0
15086,6532,0,0,0
15086,6533,0,0,0
15086,6534,0,0,0
15086,6535,0,0,0
15086,6611,0,0,0
15086,6631,0,0,0
15086,6632,0,0,0
15086,6633,0,0,0
15086,6634,0,0,0
15086,6635,0,0,0
15086,6636,0,0,0
15086,7111,0,0,0
15086,7131,0,0,0
15086,7132,0,0,0
15086,7133,0,0,0
15086,7134,0,0,0
15086,7135,0,0,0
15086,7137,0,0,0
15086,7138,0,0,0
15086,7140,0,0,0
15086,7141,0,0,0
15086,7143,0,0,0
15086,7211,0,0,0
15086,7231,0,0,0
15086,7232,0,0,0
15086,7233,0,0,0
15086,7235,0,0,0
15086,7311,0,0,0
15086,7312,0,0,0
15086,7313,0,0,0
15086,7314,0,0,0
15086,7315,0,0,0
15086,7316,0,0,0
15086,7317,0,0,0
15086,7318,0,0,0
15086,7319,0,0,0
15086,7320,0,0,0
15086,7331,0,0,0
15086,7332,0,0,0
15086,7333,0,0,0
15086,7334,0,0,0
15086,7335,0,0,0
15086,7336,0,0,0
15086,7337,0,0,0
15086,7338,0,0,0
15086,7339,0,0,0
15086,7340,0,0,0
15086,8111,23,0,23
15086,8115,0,0,0
15086,8116,0,0,0
15086,8117,0,0,0
15086,8118,0,0,0
15086,8119,0,0,0
15086,8121,0,0,0
15086,8125,0,0,0
15086,8126,0,0,0
15086,8127,0,0,0
15086,8128,0,0,0
15086,8135,0,0,0
15086,8136,0,0,0
15086,8211,0,0,0
15086,8212,0,0,0
15086,8215,0,0,0
15086,8216,0,0,0
15086,8221,0,0,0
15086,8222,10,0,10
15086,8225,0,0,0
15086,8226,0,0,0
15086,8231,0,0,0
15086,8235,0,0,0
15086,8236,0,0,0
15086,8237,0,0,0
15086,8311,0,0,0
15086,8315,0,0,0
15086,8316,0,0,0
15086,8317,10,0,10
15086,8325,0,0,0
15086,8326,0,0,0
15086,8327,0,0,0
15086,8335,0,0,0
15086,8336,0,0,0
15086,8337,0,0,0
15086,8415,0,0,0
15086,8416,0,0,0
15086,8417,0,0,0
15086,8421,0,0,0
15086,8425,0,0,0
15086,8426,0,0,0
15086,8435,12,0,12
15086,8436,0,0,0
15086,8437,0,0,0
15086,9161,0,0,0
15086,9162,25,0,25
15086,9163,0,0,0
15086,9171,0,0,0
15086,9172,0,0,0
15086,9173,0,0,0
15086,9174,0,0,0
15086,9175,0,0,0
15086,9176,0,0,0
15086,9177,0,0,0
15086,9178,0,0,0
15086,9179,0,0,0
15086,9180,0,0,0
15086,9181,0,0,0
15086,9182,0,0,0
15086,9183,0,0,0
15086,9184,17,0,17
15086,9185,0,0,0
15086,9186,0,0,0
15086,9187,0,0,0
15086,9188,0,0,0
15086,9189,0,0,0
15086,9190,0,0,0
15086,9261,0,0,0
15086,9262,0,0,0
15086,9263,0,0,0
15086,9271,0,0,0
15086,9272,0,0,0
15086,9273,0,0,0
15086,9274,0,0,0
15086,9275,0,0,0
15086,9276,0,0,0
15086,9277,0,0,0
15086,9278,0,0,0
15086,9279,0,0,0
15086,9361,0,0,0
15086,9362,0,0,0
15086,9363,0,0,0
15086,9371,0,0,0
15086,9372,0,0,0
15086,9373,0,0,0
15086,9374,0,0,0
15086,9375,0,0,0
15086,9376,0,0,0
15086,9377,0,0,0
15086,9461,0,0,0
15086,9462,0,0,0
15086,9463,0,0,0
15086,9464,0,0,0
15086,9471,0,0,0
15086,9472,0,0,0
15086,9473,0,0,0
15086,9474,0,0,0
15086,9475,0,0,0
15086,9476,0,0,0
15086,9477,0,0,0
15086,9478,0,0,0
15086,9479,0,0,0
15086,9561,0,0,0
15086,9562,0,0,0
15086,9563,0,0,0
15086,9564,16,0,16
15086,9565,0,0,0
15086,9571,0,0,0
15086,9572,0,0,0
15086,9573,0,0,0
15086,9574,0,0,0
15086,9575,0,0,0
15086,9576,0,0,0
15086,9577,0,0,0
15086,9661,0,0,0
15086,9662,0,0,0
15086,9663,0,0,0
15086,9671,0,0,0
15086,9672,0,0,0
15086,9673,0,0,0
15086,9674,0,0,0
15086,9675,0,0,0
15086,9676,0,0,0
15086,9677,0,0,0
15086,9678,0,0,0
15086,9679,0,0,0
15086,9761,0,0,0
15086,9762,0,0,0
15086,9763,0,0,0
15086,9764,0,0,0
15086,9771,0,0,0
15086,9772,0,0,0
15086,9773,0,0,0
15086,9774,0,0,0
15086,9775,0,0,0
15086,9776,0,0,0
15086,9777,0,0,0
15086,9778,13,0,13
15086,9779,16,16,0
15086,9780,0,0,0
15086,10041,0,0,0
15086,10042,0,0,0
15086,10043,0,0,0
15086,10044,0,0,0
15086,10045,0,0,0
15086,10046,0,0,0
15086,11000,683,113,570
15086,12051,919,218,701
15086,12052,35,18,17
15086,12053,99,0,99
15086,12054,120,17,103
15086,12060,37,23,14
15086,12061,73,18,55
15086,12062,0,0,0
15086,12063,406,132,274
15086,12064,135,15,120
15086,12065,45,17,28
15086,12066,26,26,0
15086,12067,40,14,26
15086,12068,34,17,17
15086,12069,667,327,340
15086,12070,39,21,18
15086,12071,26,26,0
15086,12072,50,14,36
15086,12073,16,16,0
15086,13003,34,20,14
15086,13004,17,0,17
15086,13071,19,19,0
15086,13072,58,34,24
15086,13073,30,19,11
15086,13074,18,18,0
15086,13075,22,11,11
15086,13076,23,23,0
15086,14511,14,0,14
15086,14521,11,11,0
15086,14522,23,23,0
15086,14523,0,0,0
15086,14524,0,0,0
15086,14612,85,16,69
15086,14625,79,65,14
15086,14626,30,30,0
15086,14627,12,12,0
15086,14628,10,10,0
15086,14713,186,61,125
15086,14729,53,30,23
15086,14730,53,19,34
15086,15001,249,86,163
15086,15002,163,74,89
15086,15003,10149,2647,7502
15086,15081,185,58,127
15086,15082,1155,440,715
15086,15083,2231,910,1321
15086,15084,58,38,20
15086,15085,242,165,77
15086,15086,0,0,0
15086,15087,161,118,43
15086,15088,87,38,49
15086,15089,1447,735,712
15086,15090,1558,767,791
15086,15091,109,59,50
15086,16051,54,10,44
15086,16052,0,0,0
15086,16053,0,0,0
15086,16054,0,0,0
15086,16055,0,0,0
15086,16056,0,0,0
15086,16061,0,0,0
15086,16062,0,0,0
15086,16063,10,0,10
15086,16064,0,0,0
15086,16065,0,0,0
15086,16066,0,0,0
15086,16067,0,0,0
15086,16068,0,0,0
15086,16069,0,0,0
15086,16070,0,0,0
15086,16071,0,0,0
15086,16072,0,0,0
15086,16073,11,11,0
15086,16074,17,0,17
15086,16075,0,0,0
15086,16076,0,0,0
15086,16077,0,0,0
15087,1001,0,0,0
15087,1002,0,0,0
15087,1003,0,0,0
15087,1004,0,0,0
15087,1051,0,0,0
15087,1053,0,0,0
15087,1054,0,0,0
15087,1055,0,0,0
15087,1056,0,0,0
15087,1057,0,0,0
15087,1058,0,0,0
15087,1059,10,0,10
15087,1060,0,0,0
15087,1061,0,0,0
15087,1062,0,0,0
15087,2000,99,0,99
15087,3101,33,0,33
15087,3102,30,0,30
15087,3103,39,0,39
15087,3151,0,0,0
15087,3153,54,14,40
15087,3154,0,0,0
15087,3155,30,0,30
15087,3157,22,11,11
15087,3158,18,0,18
15087,3159,135,41,94
15087,3241,172,21,151
15087,3251,0,0,0
15087,3252,10,0,10
15087,3254,38,0,38
15087,3255,0,0,0
15087,3256,10,0,10
15087,3257,0,0,0
15087,3351,0,0,0
15087,3352,0,0,0
15087,3353,0,0,0
15087,3354,0,0,0
15087,3355,13,0,13
15087,3356,0,0,0
15087,3357,0,0,0
15087,3358,0,0,0
15087,3359,0,0,0
15087,3360,10,10,0
15087,3361,0,0,0
15087,3401,0,0,0
15087,3402,0,0,0
15087,3403,0,0,0
15087,3404,11,0,11
15087,3405,0,0,0
15087,3451,0,0,0
15087,3452,0,0,0
15087,3453,25,0,25
15087,3454,25,0,25
15087,3455,0,0,0
15087,3456,0,0,0
15087,3457,10,0,10
15087,3458,0,0,0
15087,3459,13,0,13
15087,3460,0,0,0
15087,3461,0,0,0
15087,3462,0,0,0
15087,4011,28,0,28
15087,4012,0,0,0
15087,5111,27,0,27
15087,5112,27,0,27
15087,5113,27,0,27
15087,5114,0,0,0
15087,5116,0,0,0
15087,5117,0,0,0
15087,5119,0,0,0
15087,5120,0,0,0
15087,5122,0,0,0
15087,5124,26,0,26
15087,5154,0,0,0
15087,5158,17,0,17
15087,5162,11,0,11
15087,5166,10,0,10
15087,5170,11,0,11
15087,5314,0,0,0
15087,5315,31,0,31
15087,5316,0,0,0
15087,5334,0,0,0
15087,5358,0,0,0
15087,5362,28,0,28
15087,5366,0,0,0
15087,5370,0,0,0
15087,5374,15,0,15
15087,5378,0,0,0
15087,5382,0,0,0
15087,5512,0,0,0
15087,5513,15,0,15
15087,5515,0,0,0
15087,5554,10,0,10
15087,5558,0,0,0
15087,5562,31,0,31
15087,5566,28,0,28
15087,5570,24,0,24
15087,5711,11,0,11
15087,5754,32,0,32
15087,5758,0,0,0
15087,5762,0,0,0
15087,5766,10,0,10
15087,5770,48,16,32
15087,5774,10,0,10
15087,5911,16,0,16
15087,5913,30,0,30
15087,5914,0,0,0
15087,5915,0,0,0
15087,5916,0,0,0
15087,5954,0,0,0
15087,5958,11,0,11
15087,5962,0,0,0
15087,5966,0,0,0
15087,5970,10,0,10
15087,5974,0,0,0
15087,5978,27,0,27
15087,6411,0,0,0
15087,6412,76,0,76
15087,6413,0,0,0
15087,6414,14,0,14
15087,6431,0,0,0
15087,6432,11,0,11
15087,6433,13,0,13
15087,6434,13,0,13
15087,6435,25,0,25
15087,6436,10,0,10
15087,6437,0,0,0
15087,6438,28,0,28
15087,6439,0,0,0
15087,6440,12,0,12
15087,6531,0,0,0
15087,6532,0,0,0
15087,6533,0,0,0
15087,6534,0,0,0
15087,6535,0,0,0
15087,6611,24,0,24
15087,6631,58,32,26
15087,6632,78,65,13
15087,6633,0,0,0
15087,6634,50,12,38
15087,6635,12,0,12
15087,6636,0,0,0
15087,7111,11,0,11
15087,7131,0,0,0
15087,7132,0,0,0
15087,7133,0,0,0
15087,7134,0,0,0
15087,7135,0,0,0
15087,7137,0,0,0
15087,7138,0,0,0
15087,7140,0,0,0
15087,7141,0,0,0
15087,7143,19,0,19
15087,7211,0,0,0
15087,7231,0,0,0
15087,7232,0,0,0
15087,7233,0,0,0
15087,7235,0,0,0
15087,7311,0,0,0
15087,7312,0,0,0
15087,7313,0,0,0
15087,7314,0,0,0
15087,7315,14,0,14
15087,7316,0,0,0
15087,7317,0,0,0
15087,7318,0,0,0
15087,7319,0,0,0
15087,7320,0,0,0
15087,7331,0,0,0
15087,7332,0,0,0
15087,7333,0,0,0
15087,7334,0,0,0
15087,7335,0,0,0
15087,7336,0,0,0
15087,7337,12,0,12
15087,7338,0,0,0
15087,7339,0,0,0
15087,7340,0,0,0
15087,8111,32,0,32
15087,8115,17,0,17
15087,8116,23,0,23
15087,8117,13,0,13
15087,8118,28,0,28
15087,8119,11,0,11
15087,8121,11,0,11
15087,8125,25,0,25
15087,8126,0,0,0
15087,8127,19,0,19
15087,8128,0,0,0
15087,8135,0,0,0
15087,8136,17,17,0
15087,8211,0,0,0
15087,8212,0,0,0
15087,8215,16,0,16
15087,8216,0,0,0
15087,8221,0,0,0
15087,8222,17,0,17
15087,8225,0,0,0
15087,8226,12,0,12
15087,8231,0,0,0
15087,8235,0,0,0
15087,8236,0,0,0
15087,8237,0,0,0
15087,8311,0,0,0
15087,8315,0,0,0
15087,8316,0,0,0
15087,8317,12,0,12
15087,8325,0,0,0
15087,8326,0,0,0
15087,8327,0,0,0
15087,8335,0,0,0
15087,8336,0,0,0
15087,8337,0,0,0
15087,8415,13,0,13
15087,8416,0,0,0
15087,8417,0,0,0
15087,8421,14,0,14
15087,8425,0,0,0
15087,8426,0,0,0
15087,8435,0,0,0
15087,8436,13,0,13
15087,8437,0,0,0
15087,9161,32,0,32
15087,9162,67,0,67
15087,9163,0,0,0
15087,9171,0,0,0
15087,9172,0,0,0
15087,9173,0,0,0
15087,9174,0,0,0
15087,9175,0,0,0
15087,9176,0,0,0
15087,9177,0,0,0
15087,9178,22,0,22
15087,9179,0,0,0
15087,9180,0,0,0
15087,9181,0,0,0
15087,9182,0,0,0
15087,9183,0,0,0
15087,9184,40,0,40
15087,9185,0,0,0
15087,9186,11,0,11
15087,9187,38,0,38
15087,9188,0,0,0
15087,9189,0,0,0
15087,9190,0,0,0
15087,9261,0,0,0
15087,9262,0,0,0
15087,9263,0,0,0
15087,9271,10,0,10
15087,9272,0,0,0
15087,9273,0,0,0
15087,9274,0,0,0
15087,9275,0,0,0
15087,9276,0,0,0
15087,9277,0,0,0
15087,9278,0,0,0
15087,9279,0,0,0
15087,9361,0,0,0
15087,9362,10,0,10
15087,9363,0,0,0
15087,9371,0,0,0
15087,9372,0,0,0
15087,9373,0,0,0
15087,9374,0,0,0
15087,9375,0,0,0
15087,9376,0,0,0
15087,9377,0,0,0
15087,9461,0,0,0
15087,9462,0,0,0
15087,9463,0,0,0
15087,9464,0,0,0
15087,9471,0,0,0
15087,9472,0,0,0
15087,9473,0,0,0
15087,9474,0,0,0
15087,9475,0,0,0
15087,9476,0,0,0
15087,9477,0,0,0
15087,9478,0,0,0
15087,9479,0,0,0
15087,9561,0,0,0
15087,9562,11,0,11
15087,9563,0,0,0
15087,9564,54,0,54
15087,9565,0,0,0
15087,9571,0,0,0
15087,9572,0,0,0
15087,9573,0,0,0
15087,9574,30,0,30
15087,9575,0,0,0
15087,9576,0,0,0
15087,9577,0,0,0
15087,9661,0,0,0
15087,9662,0,0,0
15087,9663,0,0,0
15087,9671,10,0,10
15087,9672,0,0,0
15087,9673,0,0,0
15087,9674,0,0,0
15087,9675,0,0,0
15087,9676,0,0,0
15087,9677,12,0,12
15087,9678,0,0,0
15087,9679,0,0,0
15087,9761,0,0,0
15087,9762,0,0,0
15087,9763,0,0,0
15087,9764,0,0,0
15087,9771,0,0,0
15087,9772,0,0,0
15087,9773,0,0,0
15087,9774,10,0,10
15087,9775,12,0,12
15087,9776,0,0,0
15087,9777,0,0,0
15087,9778,0,0,0
15087,9779,11,0,11
15087,9780,0,0,0
15087,10041,0,0,0
15087,10042,0,0,0
15087,10043,0,0,0
15087,10044,0,0,0
15087,10045,0,0,0
15087,10046,0,0,0
15087,11000,334,89,245
15087,12051,11,0,11
15087,12052,0,0,0
15087,12053,0,0,0
15087,12054,27,0,27
15087,12060,0,0,0
15087,12061,37,0,37
15087,12062,0,0,0
15087,12063,0,0,0
15087,12064,0,0,0
15087,12065,0,0,0
15087,12066,0,0,0
15087,12067,17,0,17
15087,12068,0,0,0
15087,12069,17,0,17
15087,12070,0,0,0
15087,12071,0,0,0
15087,12072,20,0,20
15087,12073,0,0,0
15087,13003,0,0,0
15087,13004,0,0,0
15087,13071,0,0,0
15087,13072,0,0,0
15087,13073,0,0,0
15087,13074,0,0,0
15087,13075,0,0,0
15087,13076,0,0,0
15087,14511,40,17,23
15087,14521,21,11,10
15087,14522,42,26,16
15087,14523,35,22,13
15087,14524,31,0,31
15087,14612,80,14,66
15087,14625,22,0,22
15087,14626,0,0,0
15087,14627,28,14,14
15087,14628,36,0,36
15087,14713,724,119,605
15087,14729,120,48,72
15087,14730,170,47,123
15087,15001,123,53,70
15087,15002,3708,772,2936
15087,15003,415,95,320
15087,15081,28,15,13
15087,15082,368,159,209
15087,15083,241,85,156
15087,15084,401,184,217
15087,15085,1978,930,1048
15087,15086,161,43,118
15087,15087,0,0,0
15087,15088,3776,1453,2323
15087,15089,3089,1292,1797
15087,15090,54,27,27
15087,15091,113,56,57
15087,16051,341,43,298
15087,16052,10,0,10
15087,16053,35,0,35
15087,16054,0,0,0
15087,16055,18,0,18
15087,16056,0,0,0
15087,16061,143,36,107
15087,16062,2066,849,1217
15087,16063,65,25,40
15087,16064,80,46,34
15087,16065,2068,1205,863
15087,16066,38,16,22
15087,16067,43,13,30
15087,16068,335,52,283
15087,16069,0,0,0
15087,16070,17,0,17
15087,16071,50,18,32
15087,16072,0,0,0
15087,16073,0,0,0
15087,16074,21,0,21
15087,16075,14,0,14
15087,16076,16,16,0
15087,16077,18,18,0
15088,1001,0,0,0
15088,1002,11,0,11
15088,1003,0,0,0
15088,1004,0,0,0
15088,1051,16,16,0
15088,1053,12,0,12
15088,1054,11,0,11
15088,1055,0,0,0
15088,1056,0,0,0
15088,1057,0,0,0
15088,1058,0,0,0
15088,1059,0,0,0
15088,1060,0,0,0
15088,1061,0,0,0
15088,1062,0,0,0
15088,2000,178,26,152
15088,3101,33,0,33
15088,3102,16,0,16
15088,3103,21,0,21
15088,3151,0,0,0
15088,3153,0,0,0
15088,3154,0,0,0
15088,3155,0,0,0
15088,3157,0,0,0
15088,3158,0,0,0
15088,3159,63,18,45
15088,3241,147,24,123
15088,3251,12,0,12
15088,3252,0,0,0
15088,3254,0,0,0
15088,3255,0,0,0
15088,3256,13,0,13
15088,3257,0,0,0
15088,3351,11,0,11
15088,3352,0,0,0
15088,3353,44,24,20
15088,3354,0,0,0
15088,3355,0,0,0
15088,3356,0,0,0
15088,3357,0,0,0
15088,3358,0,0,0
15088,3359,40,18,22
15088,3360,0,0,0
15088,3361,0,0,0
15088,3401,0,0,0
15088,3402,0,0,0
15088,3403,0,0,0
15088,3404,25,0,25
15088,3405,0,0,0
15088,3451,0,0,0
15088,3452,0,0,0
15088,3453,43,0,43
15088,3454,26,0,26
15088,3455,0,0,0
15088,3456,0,0,0
15088,3457,10,0,10
15088,3458,0,0,0
15088,3459,16,0,16
15088,3460,0,0,0
15088,3461,0,0,0
15088,3462,0,0,0
15088,4011,51,19,32
15088,4012,0,0,0
15088,5111,48,10,38
15088,5112,26,14,12
15088,5113,37,0,37
15088,5114,0,0,0
15088,5116,0,0,0
15088,5117,0,0,0
15088,5119,22,10,12
15088,5120,0,0,0
15088,5122,0,0,0
15088,5124,0,0,0
15088,5154,30,0,30
15088,5158,28,0,28
15088,5162,31,15,16
15088,5166,19,0,19
15088,5170,30,11,19
15088,5314,18,0,18
15088,5315,91,14,77
15088,5316,0,0,0
15088,5334,109,109,0
15088,5358,35,19,16
15088,5362,58,11,47
15088,5366,0,0,0
15088,5370,14,14,0
15088,5374,14,0,14
15088,5378,0,0,0
15088,5382,12,0,12
15088,5512,0,0,0
15088,5513,30,14,16
15088,5515,0,0,0
15088,5554,10,0,10
15088,5558,0,0,0
15088,5562,49,18,31
15088,5566,43,0,43
15088,5570,13,0,13
15088,5711,13,0,13
15088,5754,37,0,37
15088,5758,0,0,0
15088,5762,0,0,0
15088,5766,0,0,0
15088,5770,60,0,60
15088,5774,14,0,14
15088,5911,19,0,19
15088,5913,30,0,30
15088,5914,0,0,0
15088,5915,0,0,0
15088,5916,0,0,0
15088,5954,0,0,0
15088,5958,14,0,14
15088,5962,0,0,0
15088,5966,0,0,0
15088,5970,12,0,12
15088,5974,18,0,18
15088,5978,30,15,15
15088,6411,0,0,0
15088,6412,241,14,227
15088,6413,0,0,0
15088,6414,16,0,16
15088,6431,15,0,15
15088,6432,33,18,15
15088,6433,30,11,19
15088,6434,29,0,29
15088,6435,26,0,26
15088,6436,23,0,23
15088,6437,0,0,0
15088,6438,220,14,206
15088,6439,0,0,0
15088,6440,13,0,13
15088,6531,0,0,0
15088,6532,0,0,0
15088,6533,0,0,0
15088,6534,0,0,0
15088,6535,0,0,0
15088,6611,20,0,20
15088,6631,20,0,20
15088,6632,16,0,16
15088,6633,0,0,0
15088,6634,0,0,0
15088,6635,10,0,10
15088,6636,0,0,0
15088,7111,0,0,0
15088,7131,0,0,0
15088,7132,0,0,0
15088,7133,10,0,10
15088,7134,0,0,0
15088,7135,0,0,0
15088,7137,22,10,12
15088,7138,0,0,0
15088,7140,0,0,0
15088,7141,0,0,0
15088,7143,14,0,14
15088,7211,0,0,0
15088,7231,0,0,0
15088,7232,0,0,0
15088,7233,0,0,0
15088,7235,0,0,0
15088,7311,0,0,0
15088,7312,0,0,0
15088,7313,0,0,0
15088,7314,29,10,19
15088,7315,36,0,36
15088,7316,0,0,0
15088,7317,0,0,0
15088,7318,0,0,0
15088,7319,0,0,0
15088,7320,0,0,0
15088,7331,0,0,0
15088,7332,0,0,0
15088,7333,0,0,0
15088,7334,0,0,0
15088,7335,0,0,0
15088,7336,0,0,0
15088,7337,17,0,17
15088,7338,0,0,0
15088,7339,0,0,0
15088,7340,0,0,0
15088,8111,68,10,58
15088,8115,22,0,22
15088,8116,22,0,22
15088,8117,13,0,13
15088,8118,32,10,22
15088,8119,17,0,17
15088,8121,0,0,0
15088,8125,12,0,12
15088,8126,16,0,16
15088,8127,0,0,0
15088,8128,0,0,0
15088,8135,0,0,0
15088,8136,12,0,12
15088,8211,0,0,0
15088,8212,28,0,28
15088,8215,20,0,20
15088,8216,0,0,0
15088,8221,0,0,0
15088,8222,41,0,41
15088,8225,0,0,0
15088,8226,14,0,14
15088,8231,0,0,0
15088,8235,0,0,0
15088,8236,0,0,0
15088,8237,0,0,0
15088,8311,0,0,0
15088,8315,0,0,0
15088,8316,0,0,0
15088,8317,14,0,14
15088,8325,0,0,0
15088,8326,0,0,0
15088,8327,0,0,0
15088,8335,0,0,0
15088,8336,0,0,0
15088,8337,0,0,0
15088,8415,15,0,15
15088,8416,0,0,0
15088,8417,0,0,0
15088,8421,0,0,0
15088,8425,15,0,15
15088,8426,0,0,0
15088,8435,0,0,0
15088,8436,0,0,0
15088,8437,0,0,0
15088,9161,33,0,33
15088,9162,153,19,134
15088,9163,10,0,10
15088,9171,0,0,0
15088,9172,0,0,0
15088,9173,0,0,0
15088,9174,16,0,16
15088,9175,0,0,0
15088,9176,10,0,10
15088,9177,0,0,0
15088,9178,22,0,22
15088,9179,0,0,0
15088,9180,0,0,0
15088,9181,0,0,0
15088,9182,0,0,0
15088,9183,0,0,0
15088,9184,91,0,91
15088,9185,0,0,0
15088,9186,17,0,17
15088,9187,11,0,11
15088,9188,0,0,0
15088,9189,14,0,14
15088,9190,0,0,0
15088,9261,0,0,0
15088,9262,0,0,0
15088,9263,0,0,0
15088,9271,29,0,29
15088,9272,0,0,0
15088,9273,11,0,11
15088,9274,0,0,0
15088,9275,0,0,0
15088,9276,0,0,0
15088,9277,0,0,0
15088,9278,12,0,12
15088,9279,0,0,0
15088,9361,0,0,0
15088,9362,12,0,12
15088,9363,0,0,0
15088,9371,0,0,0
15088,9372,0,0,0
15088,9373,10,10,0
15088,9374,0,0,0
15088,9375,0,0,0
15088,9376,0,0,0
15088,9377,0,0,0
15088,9461,0,0,0
15088,9462,17,0,17
15088,9463,0,0,0
15088,9464,0,0,0
15088,9471,10,0,10
15088,9472,14,0,14
15088,9473,0,0,0
15088,9474,0,0,0
15088,9475,0,0,0
15088,9476,0,0,0
15088,9477,0,0,0
15088,9478,0,0,0
15088,9479,0,0,0
15088,9561,0,0,0
15088,9562,18,0,18
15088,9563,0,0,0
15088,9564,70,0,70
15088,9565,0,0,0
15088,9571,0,0,0
15088,9572,0,0,0
15088,9573,0,0,0
15088,9574,27,0,27
15088,9575,0,0,0
15088,9576,11,0,11
15088,9577,0,0,0
15088,9661,0,0,0
15088,9662,0,0,0
15088,9663,13,0,13
15088,9671,10,0,10
15088,9672,0,0,0
15088,9673,0,0,0
15088,9674,0,0,0
15088,9675,20,0,20
15088,9676,0,0,0
15088,9677,31,0,31
15088,9678,0,0,0
15088,9679,0,0,0
15088,9761,15,0,15
15088,9762,64,10,54
15088,9763,0,0,0
15088,9764,0,0,0
15088,9771,0,0,0
15088,9772,0,0,0
15088,9773,0,0,0
15088,9774,0,0,0
15088,9775,11,0,11
15088,9776,0,0,0
15088,9777,0,0,0
15088,9778,28,28,0
15088,9779,12,0,12
15088,9780,0,0,0
15088,10041,17,0,17
15088,10042,0,0,0
15088,10043,0,0,0
15088,10044,0,0,0
15088,10045,0,0,0
15088,10046,0,0,0
15088,11000,700,209,491
15088,12051,23,10,13
15088,12052,60,41,19
15088,12053,0,0,0
15088,12054,49,19,30
15088,12060,55,30,25
15088,12061,53,31,22
15088,12062,68,52,16
15088,12063,68,68,0
15088,12064,54,29,25
15088,12065,32,16,16
15088,12066,180,117,63
15088,12067,66,35,31
15088,12068,14,14,0
15088,12069,104,52,52
15088,12070,0,0,0
15088,12071,88,37,51
15088,12072,68,30,38
15088,12073,134,122,12
15088,13003,81,65,16
15088,13004,0,0,0
15088,13071,25,25,0
15088,13072,31,31,0
15088,13073,13,13,0
15088,13074,20,20,0
15088,13075,42,42,0
15088,13076,19,19,0
15088,14511,170,71,99
15088,14521,93,74,19
15088,14522,209,125,84
15088,14523,79,36,43
15088,14524,137,99,38
15088,14612,383,195,188
15088,14625,135,108,27
15088,14626,58,48,10
15088,14627,169,105,64
15088,14628,116,73,43
15088,14713,8729,3333,5396
15088,14729,2048,1214,834
15088,14730,3377,1194,2183
15088,15001,521,300,221
15088,15002,29854,11179,18675
15088,15003,522,173,349
15088,15081,26,16,10
15088,15082,3871,2426,1445
15088,15083,156,62,94
15088,15084,8047,4867,3180
15088,15085,197,94,103
15088,15086,87,49,38
15088,15087,3776,2323,1453
15088,15088,0,0,0
15088,15089,1248,818,430
15088,15090,70,26,44
15088,15091,539,439,100
15088,16051,236,100,136
15088,16052,143,83,60
15088,16053,123,30,93
15088,16054,0,0,0
15088,16055,61,34,27
15088,16056,0,0,0
15088,16061,57,14,43
15088,16062,90,35,55
15088,16063,44,22,22
15088,16064,17,17,0
15088,16065,580,343,237
15088,16066,37,21,16
15088,16067,41,27,14
15088,16068,96,41,55
15088,16069,0,0,0
15088,16070,39,22,17
15088,16071,78,51,27
15088,16072,0,0,0
15088,16073,16,16,0
15088,16074,124,64,60
15088,16075,30,30,0
15088,16076,108,81,27
15088,16077,133,106,27
15089,1001,0,0,0
15089,1002,0,0,0
15089,1003,0,0,0
15089,1004,0,0,0
15089,1051,0,0,0
15089,1053,0,0,0
15089,1054,40,0,40
15089,1055,12,0,12
15089,1056,18,0,18
15089,1057,0,0,0
15089,1058,0,0,0
15089,1059,0,0,0
15089,1060,0,0,0
15089,1061,10,0,10
15089,1062,11,0,11
15089,2000,197,19,178
15089,3101,181,29,152
15089,3102,38,0,38
15089,3103,189,0,189
15089,3151,40,0,40
15089,3153,92,36,56
15089,3154,114,30,84
15089,3155,29,0,29
15089,3157,47,0,47
15089,3158,29,10,19
15089,3159,43,19,24
15089,3241,342,63,279
15089,3251,15,0,15
15089,3252,0,0,0
15089,3254,72,40,32
15089,3255,0,0,0
15089,3256,27,0,27
15089,3257,16,0,16
15089,3351,10,0,10
15089,3352,33,17,16
15089,3353,17,0,17
15089,3354,0,0,0
15089,3355,17,0,17
15089,3356,0,0,0
15089,3357,0,0,0
15089,3358,10,0,10
15089,3359,17,0,17
15089,3360,11,0,11
15089,3361,16,0,16
15089,3401,0,0,0
15089,3402,0,0,0
15089,3403,0,0,0
15089,3404,15,0,15
15089,3405,0,0,0
15089,3451,10,0,10
15089,3452,16,0,16
15089,3453,18,0,18
15089,3454,36,0,36
15089,3455,0,0,0
15089,3456,13,0,13
15089,3457,0,0,0
15089,3458,17,0,17
15089,3459,44,11,33
15089,3460,24,0,24
15089,3461,0,0,0
15089,3462,0,0,0
15089,4011,49,22,27
15089,4012,14,14,0
15089,5111,54,0,54
15089,5112,10,0,10
15089,5113,27,0,27
15089,5114,18,0,18
15089,5116,0,0,0
15089,5117,0,0,0
15089,5119,0,0,0
15089,5120,0,0,0
15089,5122,0,0,0
15089,5124,0,0,0
15089,5154,0,0,0
15089,5158,23,0,23
15089,5162,20,0,20
15089,5166,38,0,38
15089,5170,24,0,24
15089,5314,0,0,0
15089,5315,93,0,93
15089,5316,0,0,0
15089,5334,10,10,0
15089,5358,0,0,0
15089,5362,32,12,20
15089,5366,10,0,10
15089,5370,0,0,0
15089,5374,0,0,0
15089,5378,0,0,0
15089,5382,25,0,25
15089,5512,0,0,0
15089,5513,0,0,0
15089,5515,11,0,11
15089,5554,12,0,12
15089,5558,15,0,15
15089,5562,12,0,12
15089,5566,36,0,36
15089,5570,17,0,17
15089,5711,18,0,18
15089,5754,56,0,56
15089,5758,14,0,14
15089,5762,0,0,0
15089,5766,16,0,16
15089,5770,36,0,36
15089,5774,12,0,12
15089,5911,17,0,17
15089,5913,17,0,17
15089,5914,0,0,0
15089,5915,15,0,15
15089,5916,0,0,0
15089,5954,0,0,0
15089,5958,0,0,0
15089,5962,0,0,0
15089,5966,0,0,0
15089,5970,0,0,0
15089,5974,12,0,12
15089,5978,0,0,0
15089,6411,0,0,0
15089,6412,82,0,82
15089,6413,0,0,0
15089,6414,0,0,0
15089,6431,10,0,10
15089,6432,0,0,0
15089,6433,12,0,12
15089,6434,16,0,16
15089,6435,0,0,0
15089,6436,0,0,0
15089,6437,0,0,0
15089,6438,19,0,19
15089,6439,0,0,0
15089,6440,0,0,0
15089,6531,0,0,0
15089,6532,0,0,0
15089,6533,0,0,0
15089,6534,0,0,0
15089,6535,0,0,0
15089,6611,10,0,10
15089,6631,0,0,0
15089,6632,0,0,0
15089,6633,0,0,0
15089,6634,0,0,0
15089,6635,0,0,0
15089,6636,0,0,0
15089,7111,0,0,0
15089,7131,0,0,0
15089,7132,0,0,0
15089,7133,0,0,0
15089,7134,0,0,0
15089,7135,0,0,0
15089,7137,0,0,0
15089,7138,0,0,0
15089,7140,0,0,0
15089,7141,0,0,0
15089,7143,15,0,15
15089,7211,0,0,0
15089,7231,0,0,0
15089,7232,13,0,13
15089,7233,10,0,10
15089,7235,0,0,0
15089,7311,0,0,0
15089,7312,0,0,0
15089,7313,0,0,0
15089,7314,0,0,0
15089,7315,12,0,12
15089,7316,0,0,0
15089,7317,0,0,0
15089,7318,0,0,0
15089,7319,0,0,0
15089,7320,0,0,0
15089,7331,0,0,0
15089,7332,0,0,0
15089,7333,0,0,0
15089,7334,0,0,0
15089,7335,0,0,0
15089,7336,0,0,0
15089,7337,0,0,0
15089,7338,0,0,0
15089,7339,0,0,0
15089,7340,0,0,0
15089,8111,32,0,32
15089,8115,0,0,0
15089,8116,14,0,14
15089,8117,13,0,13
15089,8118,21,0,21
15089,8119,0,0,0
15089,8121,16,0,16
15089,8125,16,0,16
15089,8126,11,0,11
15089,8127,11,0,11
15089,8128,0,0,0
15089,8135,0,0,0
15089,8136,0,0,0
15089,8211,0,0,0
15089,8212,0,0,0
15089,8215,17,0,17
15089,8216,0,0,0
15089,8221,0,0,0
15089,8222,15,0,15
15089,8225,0,0,0
15089,8226,13,0,13
15089,8231,0,0,0
15089,8235,0,0,0
15089,8236,0,0,0
15089,8237,0,0,0
15089,8311,0,0,0
15089,8315,0,0,0
15089,8316,0,0,0
15089,8317,11,0,11
15089,8325,0,0,0
15089,8326,0,0,0
15089,8327,0,0,0
15089,8335,0,0,0
15089,8336,0,0,0
15089,8337,0,0,0
15089,8415,0,0,0
15089,8416,0,0,0
15089,8417,0,0,0
15089,8421,13,0,13
15089,8425,0,0,0
15089,8426,10,0,10
15089,8435,29,0,29
15089,8436,0,0,0
15089,8437,0,0,0
15089,9161,0,0,0
15089,9162,77,0,77
15089,9163,10,0,10
15089,9171,0,0,0
15089,9172,17,0,17
15089,9173,0,0,0
15089,9174,11,0,11
15089,9175,16,0,16
15089,9176,0,0,0
15089,9177,0,0,0
15089,9178,0,0,0
15089,9179,10,0,10
15089,9180,0,0,0
15089,9181,0,0,0
15089,9182,0,0,0
15089,9183,0,0,0
15089,9184,32,0,32
15089,9185,0,0,0
15089,9186,0,0,0
15089,9187,0,0,0
15089,9188,0,0,0
15089,9189,10,0,10
15089,9190,0,0,0
15089,9261,0,0,0
15089,9262,0,0,0
15089,9263,0,0,0
15089,9271,0,0,0
15089,9272,0,0,0
15089,9273,12,0,12
15089,9274,0,0,0
15089,9275,0,0,0
15089,9276,0,0,0
15089,9277,0,0,0
15089,9278,0,0,0
15089,9279,0,0,0
15089,9361,0,0,0
15089,9362,0,0,0
15089,9363,0,0,0
15089,9371,0,0,0
15089,9372,11,0,11
15089,9373,19,0,19
15089,9374,0,0,0
15089,9375,10,0,10
15089,9376,10,0,10
15089,9377,0,0,0
15089,9461,0,0,0
15089,9462,0,0,0
15089,9463,0,0,0
15089,9464,0,0,0
15089,9471,10,0,10
15089,9472,0,0,0
15089,9473,0,0,0
15089,9474,0,0,0
15089,9475,0,0,0
15089,9476,0,0,0
15089,9477,0,0,0
15089,9478,0,0,0
15089,9479,0,0,0
15089,9561,0,0,0
15089,9562,0,0,0
15089,9563,0,0,0
15089,9564,86,11,75
15089,9565,0,0,0
15089,9571,0,0,0
15089,9572,0,0,0
15089,9573,0,0,0
15089,9574,0,0,0
15089,9575,0,0,0
15089,9576,0,0,0
15089,9577,0,0,0
15089,9661,0,0,0
15089,9662,0,0,0
15089,9663,0,0,0
15089,9671,0,0,0
15089,9672,0,0,0
15089,9673,0,0,0
15089,9674,0,0,0
15089,9675,0,0,0
15089,9676,0,0,0
15089,9677,0,0,0
15089,9678,0,0,0
15089,9679,0,0,0
15089,9761,0,0,0
15089,9762,0,0,0
15089,9763,0,0,0
15089,9764,0,0,0
15089,9771,0,0,0
15089,9772,12,0,12
15089,9773,0,0,0
15089,9774,0,0,0
15089,9775,0,0,0
15089,9776,0,0,0
15089,9777,0,0,0
15089,9778,0,0,0
15089,9779,0,0,0
15089,9780,0,0,0
15089,10041,0,0,0
15089,10042,0,0,0
15089,10043,0,0,0
15089,10044,0,0,0
15089,10045,0,0,0
15089,10046,0,0,0
15089,11000,510,99,411
15089,12051,0,0,0
15089,12052,12,0,12
15089,12053,15,0,15
15089,12054,21,0,21
15089,12060,18,0,18
15089,12061,41,10,31
15089,12062,18,0,18
15089,12063,23,10,13
15089,12064,32,12,20
15089,12065,53,41,12
15089,12066,28,16,12
15089,12067,51,22,29
15089,12068,0,0,0
15089,12069,63,30,33
15089,12070,0,0,0
15089,12071,12,12,0
15089,12072,43,16,27
15089,12073,12,0,12
15089,13003,25,12,13
15089,13004,13,0,13
15089,13071,31,20,11
15089,13072,31,20,11
15089,13073,25,0,25
15089,13074,12,12,0
15089,13075,12,12,0
15089,13076,34,23,11
15089,14511,47,11,36
15089,14521,0,0,0
15089,14522,34,11,23
15089,14523,16,0,16
15089,14524,45,0,45
15089,14612,107,17,90
15089,14625,36,21,15
15089,14626,19,19,0
15089,14627,30,15,15
15089,14628,28,14,14
15089,14713,912,307,605
15089,14729,153,109,44
15089,14730,228,104,124
15089,15001,812,288,524
15089,15002,1651,471,1180
15089,15003,10922,3353,7569
15089,15081,146,55,91
15089,15082,2937,1436,1501
15089,15083,4356,1327,3029
15089,15084,159,76,83
15089,15085,4867,2695,2172
15089,15086,1447,712,735
15089,15087,3089,1797,1292
15089,15088,1248,430,818
15089,15089,0,0,0
15089,15090,152,78,74
15089,15091,223,134,89
15089,16051,114,16,98
15089,16052,12,0,12
15089,16053,18,0,18
15089,16054,0,0,0
15089,16055,10,0,10
15089,16056,0,0,0
15089,16061,30,0,30
15089,16062,44,30,14
15089,16063,12,0,12
15089,16064,0,0,0
15089,16065,37,22,15
15089,16066,11,0,11
15089,16067,11,0,11
15089,16068,26,0,26
15089,16069,0,0,0
15089,16070,0,0,0
15089,16071,0,0,0
15089,16072,0,0,0
15089,16073,0,0,0
15089,16074,11,11,0
15089,16075,0,0,0
15089,16076,0,0,0
15089,16077,0,0,0
15090,1001,0,0,0
15090,1002,18,0,18
15090,1003,0,0,0
15090,1004,0,0,0
15090,1051,0,0,0
15090,1053,11,0,11
15090,1054,26,0,26
15090,1055,0,0,0
15090,1056,14,0,14
15090,1057,0,0,0
15090,1058,0,0,0
15090,1059,0,0,0
15090,1060,17,0,17
15090,1061,0,0,0
15090,1062,24,0,24
15090,2000,362,48,314
15090,3101,89,0,89
15090,3102,14,0,14
15090,3103,466,16,450
15090,3151,80,13,67
15090,3153,20,20,0
15090,3154,24,0,24
15090,3155,0,0,0
15090,3157,22,0,22
15090,3158,13,0,13
15090,3159,10,10,0
15090,3241,393,25,368
15090,3251,25,0,25
15090,3252,0,0,0
15090,3254,39,10,29
15090,3255,0,0,0
15090,3256,16,0,16
15090,3257,18,0,18
15090,3351,70,0,70
15090,3352,35,0,35
15090,3353,33,0,33
15090,3354,266,37,229
15090,3355,56,11,45
15090,3356,0,0,0
15090,3357,22,0,22
15090,3358,53,0,53
15090,3359,0,0,0
15090,3360,67,17,50
15090,3361,32,0,32
15090,3401,10,0,10
15090,3402,0,0,0
15090,3403,10,0,10
15090,3404,0,0,0
15090,3405,0,0,0
15090,3451,0,0,0
15090,3452,0,0,0
15090,3453,19,0,19
15090,3454,99,0,99
15090,3455,0,0,0
15090,3456,0,0,0
15090,3457,16,0,16
15090,3458,10,0,10
15090,3459,29,0,29
15090,3460,17,0,17
15090,3461,14,0,14
15090,3462,0,0,0
15090,4011,47,0,47
15090,4012,0,0,0
15090,5111,19,0,19
15090,5112,0,0,0
15090,5113,17,0,17
15090,5114,0,0,0
15090,5116,0,0,0
15090,5117,0,0,0
15090,5119,0,0,0
15090,5120,0,0,0
15090,5122,0,0,0
15090,5124,10,0,10
15090,5154,0,0,0
15090,5158,15,0,15
15090,5162,0,0,0
15090,5166,0,0,0
15090,5170,0,0,0
15090,5314,0,0,0
15090,5315,20,0,20
15090,5316,0,0,0
15090,5334,0,0,0
15090,5358,0,0,0
15090,5362,0,0,0
15090,5366,0,0,0
15090,5370,0,0,0
15090,5374,0,0,0
15090,5378,0,0,0
15090,5382,15,0,15
15090,5512,0,0,0
15090,5513,0,0,0
15090,5515,0,0,0
15090,5554,18,0,18
15090,5558,26,0,26
15090,5562,14,14,0
15090,5566,23,0,23
15090,5570,0,0,0
15090,5711,13,0,13
15090,5754,46,0,46
15090,5758,15,0,15
15090,5762,0,0,0
15090,5766,0,0,0
15090,5770,33,0,33
15090,5774,0,0,0
15090,5911,0,0,0
15090,5913,11,0,11
15090,5914,0,0,0
15090,5915,0,0,0
15090,5916,0,0,0
15090,5954,0,0,0
15090,5958,0,0,0
15090,5962,0,0,0
15090,5966,14,0,14
15090,5970,0,0,0
15090,5974,0,0,0
15090,5978,0,0,0
15090,6411,0,0,0
15090,6412,38,0,38
15090,6413,0,0,0
15090,6414,0,0,0
15090,6431,0,0,0
15090,6432,0,0,0
15090,6433,0,0,0
15090,6434,0,0,0
15090,6435,81,0,81
15090,6436,0,0,0
15090,6437,0,0,0
15090,6438,0,0,0
15090,6439,0,0,0
15090,6440,0,0,0
15090,6531,0,0,0
15090,6532,0,0,0
15090,6533,0,0,0
15090,6534,0,0,0
15090,6535,0,0,0
15090,6611,0,0,0
15090,6631,0,0,0
15090,6632,0,0,0
15090,6633,0,0,0
15090,6634,0,0,0
15090,6635,0,0,0
15090,6636,0,0,0
15090,7111,0,0,0
15090,7131,0,0,0
15090,7132,0,0,0
15090,7133,0,0,0
15090,7134,0,0,0
15090,7135,0,0,0
15090,7137,0,0,0
15090,7138,0,0,0
15090,7140,0,0,0
15090,7141,0,0,0
15090,7143,20,0,20
15090,7211,0,0,0
15090,7231,0,0,0
15090,7232,0,0,0
15090,7233,0,0,0
15090,7235,0,0,0
15090,7311,0,0,0
15090,7312,0,0,0
15090,7313,0,0,0
15090,7314,0,0,0
15090,7315,0,0,0
15090,7316,0,0,0
15090,7317,0,0,0
15090,7318,0,0,0
15090,7319,0,0,0
15090,7320,0,0,0
15090,7331,0,0,0
15090,7332,0,0,0
15090,7333,0,0,0
15090,7334,0,0,0
15090,7335,0,0,0
15090,7336,0,0,0
15090,7337,0,0,0
15090,7338,0,0,0
15090,7339,0,0,0
15090,7340,0,0,0
15090,8111,25,0,25
15090,8115,10,0,10
15090,8116,0,0,0
15090,8117,0,0,0
15090,8118,0,0,0
15090,8119,0,0,0
15090,8121,0,0,0
15090,8125,0,0,0
15090,8126,0,0,0
15090,8127,0,0,0
15090,8128,0,0,0
15090,8135,0,0,0
15090,8136,0,0,0
15090,8211,0,0,0
15090,8212,10,0,10
15090,8215,0,0,0
15090,8216,0,0,0
15090,8221,0,0,0
15090,8222,13,0,13
15090,8225,0,0,0
15090,8226,0,0,0
15090,8231,0,0,0
15090,8235,0,0,0
15090,8236,0,0,0
15090,8237,0,0,0
15090,8311,0,0,0
15090,8315,0,0,0
15090,8316,0,0,0
15090,8317,0,0,0
15090,8325,0,0,0
15090,8326,15,0,15
15090,8327,0,0,0
15090,8335,0,0,0
15090,8336,0,0,0
15090,8337,0,0,0
15090,8415,0,0,0
15090,8416,0,0,0
15090,8417,0,0,0
15090,8421,0,0,0
15090,8425,0,0,0
15090,8426,0,0,0
15090,8435,0,0,0
15090,8436,0,0,0
15090,8437,0,0,0
15090,9161,0,0,0
15090,9162,28,0,28
15090,9163,0,0,0
15090,9171,0,0,0
15090,9172,0,0,0
15090,9173,0,0,0
15090,9174,0,0,0
15090,9175,0,0,0
15090,9176,0,0,0
15090,9177,0,0,0
15090,9178,0,0,0
15090,9179,0,0,0
15090,9180,0,0,0
15090,9181,0,0,0
15090,9182,0,0,0
15090,9183,0,0,0
15090,9184,10,0,10
15090,9185,0,0,0
15090,9186,0,0,0
15090,9187,0,0,0
15090,9188,0,0,0
15090,9189,0,0,0
15090,9190,0,0,0
15090,9261,0,0,0
15090,9262,0,0,0
15090,9263,0,0,0
15090,9271,10,0,10
15090,9272,0,0,0
15090,9273,0,0,0
15090,9274,0,0,0
15090,9275,0,0,0
15090,9276,0,0,0
15090,9277,0,0,0
15090,9278,0,0,0
15090,9279,0,0,0
15090,9361,0,0,0
15090,9362,0,0,0
15090,9363,0,0,0
15090,9371,0,0,0
15090,9372,0,0,0
15090,9373,0,0,0
15090,9374,0,0,0
15090,9375,0,0,0
15090,9376,0,0,0
15090,9377,0,0,0
15090,9461,0,0,0
15090,9462,0,0,0
15090,9463,0,0,0
15090,9464,0,0,0
15090,9471,0,0,0
15090,9472,0,0,0
15090,9473,0,0,0
15090,9474,0,0,0
15090,9475,0,0,0
15090,9476,0,0,0
15090,9477,0,0,0
15090,9478,0,0,0
15090,9479,0,0,0
15090,9561,0,0,0
15090,9562,0,0,0
15090,9563,0,0,0
15090,9564,15,0,15
15090,9565,0,0,0
15090,9571,0,0,0
15090,9572,0,0,0
15090,9573,0,0,0
15090,9574,0,0,0
15090,9575,0,0,0
15090,9576,0,0,0
15090,9577,0,0,0
15090,9661,0,0,0
15090,9662,0,0,0
15090,9663,0,0,0
15090,9671,0,0,0
15090,9672,0,0,0
15090,9673,0,0,0
15090,9674,0,0,0
15090,9675,0,0,0
15090,9676,0,0,0
15090,9677,0,0,0
15090,9678,0,0,0
15090,9679,0,0,0
15090,9761,0,0,0
15090,9762,0,0,0
15090,9763,0,0,0
15090,9764,0,0,0
15090,9771,0,0,0
15090,9772,0,0,0
15090,9773,0,0,0
15090,9774,0,0,0
15090,9775,0,0,0
15090,9776,0,0,0
15090,9777,0,0,0
15090,9778,0,0,0
15090,9779,0,0,0
15090,9780,0,0,0
15090,10041,0,0,0
15090,10042,0,0,0
15090,10043,0,0,0
15090,10044,0,0,0
15090,10045,0,0,0
15090,10046,0,0,0
15090,11000,776,155,621
15090,12051,165,61,104
15090,12052,22,0,22
15090,12053,0,0,0
15090,12054,99,15,84
15090,12060,24,13,11
15090,12061,34,0,34
15090,12062,46,0,46
15090,12063,914,334,580
15090,12064,77,0,77
15090,12065,60,30,30
15090,12066,0,0,0
15090,12067,21,11,10
15090,12068,240,125,115
15090,12069,88,57,31
15090,12070,1571,458,1113
15090,12071,0,0,0
15090,12072,26,0,26
15090,12073,0,0,0
15090,13003,54,23,31
15090,13004,26,0,26
15090,13071,39,28,11
15090,13072,82,58,24
15090,13073,46,30,16
15090,13074,70,47,23
15090,13075,51,32,19
15090,13076,113,49,64
15090,14511,27,13,14
15090,14521,16,16,0
15090,14522,0,0,0
15090,14523,0,0,0
15090,14524,13,0,13
15090,14612,29,0,29
15090,14625,0,0,0
15090,14626,0,0,0
15090,14627,0,0,0
15090,14628,0,0,0
15090,14713,181,39,142
15090,14729,24,13,11
15090,14730,21,0,21
15090,15001,59,30,29
15090,15002,253,106,147
15090,15003,2239,542,1697
15090,15081,3726,1490,2236
15090,15082,68,45,23
15090,15083,1643,575,1068
15090,15084,34,13,21
15090,15085,102,46,56
15090,15086,1558,791,767
15090,15087,54,27,27
15090,15088,70,44,26
15090,15089,152,74,78
15090,15090,0,0,0
15090,15091,47,47,0
15090,16051,33,0,33
15090,16052,0,0,0
15090,16053,0,0,0
15090,16054,0,0,0
15090,16055,0,0,0
15090,16056,0,0,0
15090,16061,12,0,12
15090,16062,0,0,0
15090,16063,11,0,11
15090,16064,0,0,0
15090,16065,0,0,0
15090,16066,0,0,0
15090,16067,0,0,0
15090,16068,0,0,0
15090,16069,0,0,0
15090,16070,0,0,0
15090,16071,0,0,0
15090,16072,0,0,0
15090,16073,0,0,0
15090,16074,0,0,0
15090,16075,0,0,0
15090,16076,0,0,0
15090,16077,0,0,0
15091,1001,0,0,0
15091,1002,0,0,0
15091,1003,0,0,0
15091,1004,0,0,0
15091,1051,11,0,11
15091,1053,0,0,0
15091,1054,0,0,0
15091,1055,0,0,0
15091,1056,0,0,0
15091,1057,0,0,0
15091,1058,0,0,0
15091,1059,0,0,0
15091,1060,0,0,0
15091,1061,0,0,0
15091,1062,14,0,14
15091,2000,134,0,134
15091,3101,20,0,20
15091,3102,0,0,0
15091,3103,19,0,19
15091,3151,0,0,0
15091,3153,0,0,0
15091,3154,0,0,0
15091,3155,0,0,0
15091,3157,0,0,0
15091,3158,0,0,0
15091,3159,11,0,11
15091,3241,64,12,52
15091,3251,0,0,0
15091,3252,0,0,0
15091,3254,10,0,10
15091,3255,0,0,0
15091,3256,0,0,0
15091,3257,14,0,14
15091,3351,0,0,0
15091,3352,17,0,17
15091,3353,15,0,15
15091,3354,0,0,0
15091,3355,0,0,0
15091,3356,0,0,0
15091,3357,0,0,0
15091,3358,0,0,0
15091,3359,0,0,0
15091,3360,0,0,0
15091,3361,0,0,0
15091,3401,0,0,0
15091,3402,0,0,0
15091,3403,10,0,10
15091,3404,0,0,0
15091,3405,0,0,0
15091,3451,0,0,0
15091,3452,0,0,0
15091,3453,11,11,0
15091,3454,13,0,13
15091,3455,0,0,0
15091,3456,0,0,0
15091,3457,0,0,0
15091,3458,0,0,0
15091,3459,14,0,14
15091,3460,0,0,0
15091,3461,0,0,0
15091,3462,0,0,0
15091,4011,69,53,16
15091,4012,13,13,0
15091,5111,20,0,20
15091,5112,0,0,0
15091,5113,28,0,28
15091,5114,0,0,0
15091,5116,0,0,0
15091,5117,0,0,0
15091,5119,11,0,11
15091,5120,0,0,0
15091,5122,0,0,0
15091,5124,23,0,23
15091,5154,0,0,0
15091,5158,12,0,12
15091,5162,0,0,0
15091,5166,0,0,0
15091,5170,0,0,0
15091,5314,14,0,14
15091,5315,25,0,25
15091,5316,0,0,0
15091,5334,0,0,0
15091,5358,0,0,0
15091,5362,20,0,20
15091,5366,0,0,0
15091,5370,0,0,0
15091,5374,0,0,0
15091,5378,0,0,0
15091,5382,11,0,11
15091,5512,0,0,0
15091,5513,0,0,0
15091,5515,0,0,0
15091,5554,0,0,0
15091,5558,0,0,0
15091,5562,13,0,13
15091,5566,12,0,12
15091,5570,15,0,15
15091,5711,0,0,0
15091,5754,37,0,37
15091,5758,0,0,0
15091,5762,0,0,0
15091,5766,12,0,12
15091,5770,25,0,25
15091,5774,0,0,0
15091,5911,0,0,0
15091,5913,11,0,11
15091,5914,0,0,0
15091,5915,0,0,0
15091,5916,0,0,0
15091,5954,0,0,0
15091,5958,18,0,18
15091,5962,0,0,0
15091,5966,0,0,0
15091,5970,0,0,0
15091,5974,0,0,0
15091,5978,0,0,0
15091,6411,0,0,0
15091,6412,67,14,53
15091,6413,0,0,0
15091,6414,12,0,12
15091,6431,0,0,0
15091,6432,12,0,12
15091,6433,37,37,0
15091,6434,0,0,0
15091,6435,15,0,15
15091,6436,0,0,0
15091,6437,0,0,0
15091,6438,46,0,46
15091,6439,0,0,0
15091,6440,0,0,0
15091,6531,0,0,0
15091,6532,0,0,0
15091,6533,0,0,0
15091,6534,0,0,0
15091,6535,0,0,0
15091,6611,0,0,0
15091,6631,11,0,11
15091,6632,0,0,0
15091,6633,0,0,0
15091,6634,0,0,0
15091,6635,0,0,0
15091,6636,0,0,0
15091,7111,0,0,0
15091,7131,0,0,0
15091,7132,0,0,0
15091,7133,0,0,0
15091,7134,0,0,0
15091,7135,0,0,0
15091,7137,0,0,0
15091,7138,0,0,0
15091,7140,12,0,12
15091,7141,0,0,0
15091,7143,23,0,23
15091,7211,0,0,0
15091,7231,0,0,0
15091,7232,0,0,0
15091,7233,0,0,0
15091,7235,0,0,0
15091,7311,0,0,0
15091,7312,0,0,0
15091,7313,0,0,0
15091,7314,0,0,0
15091,7315,0,0,0
15091,7316,0,0,0
15091,7317,0,0,0
15091,7318,0,0,0
15091,7319,0,0,0
15091,7320,0,0,0
15091,7331,0,0,0
15091,7332,0,0,0
15091,7333,0,0,0
15091,7334,0,0,0
15091,7335,0,0,0
15091,7336,0,0,0
15091,7337,0,0,0
15091,7338,0,0,0
15091,7339,0,0,0
15091,7340,0,0,0
15091,8111,28,0,28
15091,8115,0,0,0
15091,8116,37,25,12
15091,8117,15,0,15
15091,8118,18,0,18
15091,8119,0,0,0
15091,8121,0,0,0
15091,8125,12,0,12
15091,8126,0,0,0
15091,8127,0,0,0
15091,8128,0,0,0
15091,8135,0,0,0
15091,8136,0,0,0
15091,8211,0,0,0
15091,8212,0,0,0
15091,8215,0,0,0
15091,8216,0,0,0
15091,8221,0,0,0
15091,8222,20,0,20
15091,8225,0,0,0
15091,8226,0,0,0
15091,8231,0,0,0
15091,8235,0,0,0
15091,8236,0,0,0
15091,8237,0,0,0
15091,8311,0,0,0
15091,8315,0,0,0
15091,8316,0,0,0
15091,8317,19,0,19
15091,8325,0,0,0
15091,8326,0,0,0
15091,8327,0,0,0
15091,8335,0,0,0
15091,8336,0,0,0
15091,8337,0,0,0
15091,8415,27,0,27
15091,8416,0,0,0
15091,8417,0,0,0
15091,8421,13,0,13
15091,8425,0,0,0
15091,8426,0,0,0
15091,8435,0,0,0
15091,8436,0,0,0
15091,8437,0,0,0
15091,9161,15,0,15
15091,9162,107,12,95
15091,9163,0,0,0
15091,9171,0,0,0
15091,9172,0,0,0
15091,9173,0,0,0
15091,9174,0,0,0
15091,9175,0,0,0
15091,9176,0,0,0
15091,9177,0,0,0
15091,9178,0,0,0
15091,9179,0,0,0
15091,9180,0,0,0
15091,9181,0,0,0
15091,9182,0,0,0
15091,9183,0,0,0
15091,9184,37,0,37
15091,9185,0,0,0
15091,9186,51,0,51
15091,9187,0,0,0
15091,9188,0,0,0
15091,9189,0,0,0
15091,9190,0,0,0
15091,9261,0,0,0
15091,9262,0,0,0
15091,9263,0,0,0
15091,9271,12,0,12
15091,9272,0,0,0
15091,9273,0,0,0
15091,9274,0,0,0
15091,9275,0,0,0
15091,9276,0,0,0
15091,9277,0,0,0
15091,9278,0,0,0
15091,9279,0,0,0
15091,9361,0,0,0
15091,9362,11,0,11
15091,9363,0,0,0
15091,9371,0,0,0
15091,9372,0,0,0
15091,9373,15,0,15
15091,9374,0,0,0
15091,9375,0,0,0
15091,9376,0,0,0
15091,9377,0,0,0
15091,9461,0,0,0
15091,9462,0,0,0
15091,9463,0,0,0
15091,9464,0,0,0
15091,9471,0,0,0
15091,9472,0,0,0
15091,9473,0,0,0
15091,9474,0,0,0
15091,9475,0,0,0
15091,9476,0,0,0
15091,9477,0,0,0
15091,9478,0,0,0
15091,9479,0,0,0
15091,9561,0,0,0
15091,9562,0,0,0
15091,9563,0,0,0
15091,9564,52,10,42
15091,9565,0,0,0
15091,9571,0,0,0
15091,9572,0,0,0
15091,9573,0,0,0
15091,9574,0,0,0
15091,9575,0,0,0
15091,9576,0,0,0
15091,9577,0,0,0
15091,9661,0,0,0
15091,9662,0,0,0
15091,9663,0,0,0
15091,9671,10,0,10
15091,9672,0,0,0
15091,9673,0,0,0
15091,9674,0,0,0
15091,9675,0,0,0
15091,9676,0,0,0
15091,9677,10,0,10
15091,9678,0,0,0
15091,9679,0,0,0
15091,9761,0,0,0
15091,9762,0,0,0
15091,9763,0,0,0
15091,9764,0,0,0
15091,9771,0,0,0
15091,9772,0,0,0
15091,9773,0,0,0
15091,9774,10,0,10
15091,9775,0,0,0
15091,9776,0,0,0
15091,9777,0,0,0
15091,9778,0,0,0
15091,9779,0,0,0
15091,9780,0,0,0
15091,10041,0,0,0
15091,10042,0,0,0
15091,10043,11,0,11
15091,10044,0,0,0
15091,10045,0,0,0
15091,10046,0,0,0
15091,11000,1081,249,832
15091,12051,68,19,49
15091,12052,42,12,30
15091,12053,0,0,0
15091,12054,124,29,95
15091,12060,30,17,13
15091,12061,59,15,44
15091,12062,836,472,364
15091,12063,35,13,22
15091,12064,50,25,25
15091,12065,33,11,22
15091,12066,80,22,58
15091,12067,39,24,15
15091,12068,0,0,0
15091,12069,839,311,528
15091,12070,0,0,0
15091,12071,31,13,18
15091,12072,799,290,509
15091,12073,0,0,0
15091,13003,25,13,12
15091,13004,0,0,0
15091,13071,25,25,0
15091,13072,37,12,25
15091,13073,10,0,10
15091,13074,0,0,0
15091,13075,0,0,0
15091,13076,12,12,0
15091,14511,78,18,60
15091,14521,18,0,18
15091,14522,55,23,32
15091,14523,0,0,0
15091,14524,31,11,20
15091,14612,136,28,108
15091,14625,36,20,16
15091,14626,30,20,10
15091,14627,108,30,78
15091,14628,34,17,17
15091,14713,1263,302,961
15091,14729,190,73,117
15091,14730,1931,797,1134
15091,15001,5786,1948,3838
15091,15002,680,151,529
15091,15003,310,45,265
15091,15081,0,0,0
15091,15082,3367,1259,2108
15091,15083,66,31,35
15091,15084,98,45,53
15091,15085,89,56,33
15091,15086,109,50,59
15091,15087,113,57,56
15091,15088,539,100,439
15091,15089,223,89,134
15091,15090,47,0,47
15091,15091,0,0,0
15091,16051,52,14,38
15091,16052,11,0,11
15091,16053,15,0,15
15091,16054,0,0,0
15091,16055,21,10,11
15091,16056,0,0,0
15091,16061,27,0,27
15091,16062,12,0,12
15091,16063,0,0,0
15091,16064,0,0,0
15091,16065,0,0,0
15091,16066,0,0,0
15091,16067,0,0,0
15091,16068,0,0,0
15091,16069,0,0,0
15091,16070,0,0,0
15091,16071,11,11,0
15091,16072,0,0,0
15091,16073,11,11,0
15091,16074,36,10,26
15091,16075,0,0,0
15091,16076,20,0,20
15091,16077,10,10,0
16051,1001,0,0,0
16051,1002,11,0,11
16051,1003,32,13,19
16051,1004,0,0,0
16051,1051,0,0,0
16051,1053,0,0,0
16051,1054,17,0,17
16051,1055,12,12,0
16051,1056,0,0,0
16051,1057,0,0,0
16051,1058,0,0,0
16051,1059,0,0,0
16051,1060,0,0,0
16051,1061,0,0,0
16051,1062,19,0,19
16051,2000,270,50,220
16051,3101,36,13,23
16051,3102,0,0,0
16051,3103,15,0,15
16051,3151,0,0,0
16051,3153,12,12,0
16051,3154,0,0,0
16051,3155,35,10,25
16051,3157,0,0,0
16051,3158,0,0,0
16051,3159,88,56,32
16051,3241,154,42,112
16051,3251,0,0,0
16051,3252,0,0,0
16051,3254,21,10,11
16051,3255,0,0,0
16051,3256,0,0,0
16051,3257,0,0,0
16051,3351,0,0,0
16051,3352,0,0,0
16051,3353,0,0,0
16051,3354,0,0,0
16051,3355,0,0,0
16051,3356,0,0,0
16051,3357,0,0,0
16051,3358,0,0,0
16051,3359,0,0,0
16051,3360,0,0,0
16051,3361,0,0,0
16051,3401,0,0,0
16051,3402,0,0,0
16051,3403,14,0,14
16051,3404,22,0,22
16051,3405,0,0,0
16051,3451,0,0,0
16051,3452,0,0,0
16051,3453,0,0,0
16051,3454,28,13,15
16051,3455,0,0,0
16051,3456,0,0,0
16051,3457,0,0,0
16051,3458,0,0,0
16051,3459,0,0,0
16051,3460,0,0,0
16051,3461,0,0,0
16051,3462,0,0,0
16051,4011,32,11,21
16051,4012,0,0,0
16051,5111,79,13,66
16051,5112,27,13,14
16051,5113,72,19,53
16051,5114,0,0,0
16051,5116,14,0,14
16051,5117,11,0,11
16051,5119,15,0,15
16051,5120,0,0,0
16051,5122,0,0,0
16051,5124,24,0,24
16051,5154,25,25,0
16051,5158,21,0,21
16051,5162,26,10,16
16051,5166,18,0,18
16051,5170,41,19,22
16051,5314,46,11,35
16051,5315,152,35,117
16051,5316,0,0,0
16051,5334,30,12,18
16051,5358,0,0,0
16051,5362,17,0,17
16051,5366,0,0,0
16051,5370,0,0,0
16051,5374,55,10,45
16051,5378,98,0,98
16051,5382,39,21,18
16051,5512,0,0,0
16051,5513,0,0,0
16051,5515,33,15,18
16051,5554,0,0,0
16051,5558,0,0,0
16051,5562,12,0,12
16051,5566,22,22,0
16051,5570,10,10,0
16051,5711,11,0,11
16051,5754,33,10,23
16051,5758,0,0,0
16051,5762,0,0,0
16051,5766,14,14,0
16051,5770,10,10,0
16051,5774,28,28,0
16051,5911,14,14,0
16051,5913,54,20,34
16051,5914,0,0,0
16051,5915,0,0,0
16051,5916,0,0,0
16051,5954,11,0,11
16051,5958,12,0,12
16051,5962,0,0,0
16051,5966,0,0,0
16051,5970,0,0,0
16051,5974,0,0,0
16051,5978,43,11,32
16051,6411,37,0,37
16051,6412,294,36,258
16051,6413,24,10,14
16051,6414,38,0,38
16051,6431,17,0,17
16051,6432,53,15,38
16051,6433,19,0,19
16051,6434,51,0,51
16051,6435,135,24,111
16051,6436,56,11,45
16051,6437,0,0,0
16051,6438,64,23,41
16051,6439,0,0,0
16051,6440,39,20,19
16051,6531,34,19,15
16051,6532,25,10,15
16051,6533,11,0,11
16051,6534,25,13,12
16051,6535,11,0,11
16051,6611,109,47,62
16051,6631,149,51,98
16051,6632,205,129,76
16051,6633,58,38,20
16051,6634,19,19,0
16051,6635,30,17,13
16051,6636,74,63,11
16051,7111,25,0,25
16051,7131,0,0,0
16051,7132,0,0,0
16051,7133,0,0,0
16051,7134,0,0,0
16051,7135,0,0,0
16051,7137,0,0,0
16051,7138,0,0,0
16051,7140,0,0,0
16051,7141,0,0,0
16051,7143,0,0,0
16051,7211,0,0,0
16051,7231,0,0,0
16051,7232,0,0,0
16051,7233,0,0,0
16051,7235,0,0,0
16051,7311,0,0,0
16051,7312,0,0,0
16051,7313,0,0,0
16051,7314,0,0,0
16051,7315,41,11,30
16051,7316,0,0,0
16051,7317,0,0,0
16051,7318,0,0,0
16051,7319,0,0,0
16051,7320,0,0,0
16051,7331,0,0,0
16051,7332,0,0,0
16051,7333,0,0,0
16051,7334,0,0,0
16051,7335,0,0,0
16051,7336,0,0,0
16051,7337,0,0,0
16051,7338,0,0,0
16051,7339,10,0,10
16051,7340,0,0,0
16051,8111,146,50,96
16051,8115,89,74,15
16051,8116,56,28,28
16051,8117,0,0,0
16051,8118,61,27,34
16051,8119,49,13,36
16051,8121,17,0,17
16051,8125,45,18,27
16051,8126,12,0,12
16051,8127,0,0,0
16051,8128,21,11,10
16051,8135,0,0,0
16051,8136,19,0,19
16051,8211,0,0,0
16051,8212,40,0,40
16051,8215,35,10,25
16051,8216,0,0,0
16051,8221,13,0,13
16051,8222,46,10,36
16051,8225,0,0,0
16051,8226,35,14,21
16051,8231,0,0,0
16051,8235,20,20,0
16051,8236,0,0,0
16051,8237,0,0,0
16051,8311,29,0,29
16051,8315,10,10,0
16051,8316,0,0,0
16051,8317,29,0,29
16051,8325,0,0,0
16051,8326,14,0,14
16051,8327,0,0,0
16051,8335,0,0,0
16051,8336,0,0,0
16051,8337,0,0,0
16051,8415,26,12,14
16051,8416,15,15,0
16051,8417,10,0,10
16051,8421,16,0,16
16051,8425,0,0,0
16051,8426,0,0,0
16051,8435,0,0,0
16051,8436,32,10,22
16051,8437,0,0,0
16051,9161,44,0,44
16051,9162,283,56,227
16051,9163,0,0,0
16051,9171,0,0,0
16051,9172,10,0,10
16051,9173,0,0,0
16051,9174,17,0,17
16051,9175,0,0,0
16051,9176,10,0,10
16051,9177,0,0,0
16051,9178,15,0,15
16051,9179,12,0,12
16051,9180,0,0,0
16051,9181,0,0,0
16051,9182,0,0,0
16051,9183,0,0,0
16051,9184,90,10,80
16051,9185,0,0,0
16051,9186,39,0,39
16051,9187,0,0,0
16051,9188,0,0,0
16051,9189,0,0,0
16051,9190,0,0,0
16051,9261,0,0,0
16051,9262,0,0,0
16051,9263,0,0,0
16051,9271,0,0,0
16051,9272,0,0,0
16051,9273,0,0,0
16051,9274,0,0,0
16051,9275,0,0,0
16051,9276,0,0,0
16051,9277,0,0,0
16051,9278,0,0,0
16051,9279,0,0,0
16051,9361,0,0,0
16051,9362,19,0,19
16051,9363,0,0,0
16051,9371,0,0,0
16051,9372,0,0,0
16051,9373,0,0,0
16051,9374,0,0,0
16051,9375,0,0,0
16051,9376,0,0,0
16051,9377,0,0,0
16051,9461,0,0,0
16051,9462,0,0,0
16051,9463,35,18,17
16051,9464,0,0,0
16051,9471,13,13,0
16051,9472,0,0,0
16051,9473,63,40,23
16051,9474,0,0,0
16051,9475,25,12,13
16051,9476,17,17,0
16051,9477,0,0,0
16051,9478,0,0,0
16051,9479,0,0,0
16051,9561,0,0,0
16051,9562,23,0,23
16051,9563,15,0,15
16051,9564,149,29,120
16051,9565,13,0,13
16051,9571,0,0,0
16051,9572,11,11,0
16051,9573,0,0,0
16051,9574,24,11,13
16051,9575,0,0,0
16051,9576,0,0,0
16051,9577,0,0,0
16051,9661,0,0,0
16051,9662,16,0,16
16051,9663,35,13,22
16051,9671,36,14,22
16051,9672,29,19,10
16051,9673,52,33,19
16051,9674,13,13,0
16051,9675,0,0,0
16051,9676,0,0,0
16051,9677,12,0,12
16051,9678,19,19,0
16051,9679,54,18,36
16051,9761,11,0,11
16051,9762,0,0,0
16051,9763,0,0,0
16051,9764,0,0,0
16051,9771,0,0,0
16051,9772,10,0,10
16051,9773,0,0,0
16051,9774,10,0,10
16051,9775,0,0,0
16051,9776,0,0,0
16051,9777,0,0,0
16051,9778,0,0,0
16051,9779,0,0,0
16051,9780,0,0,0
16051,10041,11,0,11
16051,10042,0,0,0
16051,10043,0,0,0
16051,10044,0,0,0
16051,10045,0,0,0
16051,10046,0,0,0
16051,11000,1002,435,567
16051,12051,0,0,0
16051,12052,32,19,13
16051,12053,0,0,0
16051,12054,63,29,34
16051,12060,13,13,0
16051,12061,41,29,12
16051,12062,21,21,0
16051,12063,31,19,12
16051,12064,19,19,0
16051,12065,24,14,10
16051,12066,28,18,10
16051,12067,17,17,0
16051,12068,0,0,0
16051,12069,41,24,17
16051,12070,0,0,0
16051,12071,21,21,0
16051,12072,73,27,46
16051,12073,22,12,10
16051,13003,28,15,13
16051,13004,13,0,13
16051,13071,63,52,11
16051,13072,27,27,0
16051,13073,30,19,11
16051,13074,0,0,0
16051,13075,42,42,0
16051,13076,21,21,0
16051,14511,268,125,143
16051,14521,83,68,15
16051,14522,124,99,25
16051,14523,138,100,38
16051,14524,249,181,68
16051,14612,733,178,555
16051,14625,73,37,36
16051,14626,31,31,0
16051,14627,124,67,57
16051,14628,54,36,18
16051,14713,1332,555,777
16051,14729,183,133,50
16051,14730,106,81,25
16051,15001,94,94,0
16051,15002,360,192,168
16051,15003,303,211,92
16051,15081,10,10,0
16051,15082,88,69,19
16051,15083,200,187,13
16051,15084,443,366,77
16051,15085,77,62,15
16051,15086,54,44,10
16051,15087,341,298,43
16051,15088,236,136,100
16051,15089,114,98,16
16051,15090,33,33,0
16051,15091,52,38,14
16051,16051,0,0,0
16051,16052,772,641,131
16051,16053,2423,1276,1147
16051,16054,803,601,202
16051,16055,4754,3011,1743
16051,16056,814,484,330
16051,16061,668,444,224
16051,16062,869,618,251
16051,16063,1106,860,246
16051,16064,3062,2347,715
16051,16065,1996,1810,186
16051,16066,1417,1160,257
16051,16067,9379,6622,2757
16051,16068,9905,7002,2903
16051,16069,433,378,55
16051,16070,8271,5190,3081
16051,16071,5886,4338,1548
16051,16072,382,350,32
16051,16073,1239,1032,207
16051,16074,706,597,109
16051,16075,406,350,56
16051,16076,506,434,72
16051,16077,489,453,36
16052,1001,0,0,0
16052,1002,0,0,0
16052,1003,0,0,0
16052,1004,0,0,0
16052,1051,0,0,0
16052,1053,0,0,0
16052,1054,0,0,0
16052,1055,0,0,0
16052,1056,0,0,0
16052,1057,0,0,0
16052,1058,0,0,0
16052,1059,0,0,0
16052,1060,0,0,0
16052,1061,0,0,0
16052,1062,11,0,11
16052,2000,53,0,53
16052,3101,15,0,15
16052,3102,0,0,0
16052,3103,0,0,0
16052,3151,0,0,0
16052,3153,0,0,0
16052,3154,0,0,0
16052,3155,0,0,0
16052,3157,0,0,0
16052,3158,0,0,0
16052,3159,0,0,0
16052,3241,24,0,24
16052,3251,0,0,0
16052,3252,0,0,0
16052,3254,0,0,0
16052,3255,0,0,0
16052,3256,12,0,12
16052,3257,0,0,0
16052,3351,0,0,0
16052,3352,0,0,0
16052,3353,0,0,0
16052,3354,0,0,0
16052,3355,0,0,0
16052,3356,0,0,0
16052,3357,0,0,0
16052,3358,0,0,0
16052,3359,0,0,0
16052,3360,0,0,0
16052,3361,0,0,0
16052,3401,0,0,0
16052,3402,0,0,0
16052,3403,12,12,0
16052,3404,12,0,12
16052,3405,0,0,0
16052,3451,0,0,0
16052,3452,0,0,0
16052,3453,0,0,0
16052,3454,0,0,0
16052,3455,0,0,0
16052,3456,10,0,10
16052,3457,0,0,0
16052,3458,0,0,0
16052,3459,0,0,0
16052,3460,0,0,0
16052,3461,0,0,0
16052,3462,0,0,0
16052,4011,29,18,11
16052,4012,0,0,0
16052,5111,22,0,22
16052,5112,0,0,0
16052,5113,25,0,25
16052,5114,0,0,0
16052,5116,0,0,0
16052,5117,0,0,0
16052,5119,0,0,0
16052,5120,0,0,0
16052,5122,0,0,0
16052,5124,0,0,0
16052,5154,0,0,0
16052,5158,0,0,0
16052,5162,0,0,0
16052,5166,0,0,0
16052,5170,0,0,0
16052,5314,0,0,0
16052,5315,24,0,24
16052,5316,0,0,0
16052,5334,0,0,0
16052,5358,0,0,0
16052,5362,0,0,0
16052,5366,0,0,0
16052,5370,0,0,0
16052,5374,20,0,20
16052,5378,0,0,0
16052,5382,0,0,0
16052,5512,0,0,0
16052,5513,0,0,0
16052,5515,0,0,0
16052,5554,0,0,0
16052,5558,0,0,0
16052,5562,32,20,12
16052,5566,0,0,0
16052,5570,0,0,0
16052,5711,0,0,0
16052,5754,0,0,0
16052,5758,0,0,0
16052,5762,0,0,0
16052,5766,14,0,14
16052,5770,0,0,0
16052,5774,0,0,0
16052,5911,19,19,0
16052,5913,23,11,12
16052,5914,0,0,0
16052,5915,0,0,0
16052,5916,0,0,0
16052,5954,12,12,0
16052,5958,0,0,0
16052,5962,0,0,0
16052,5966,0,0,0
16052,5970,0,0,0
16052,5974,0,0,0
16052,5978,0,0,0
16052,6411,11,0,11
16052,6412,37,0,37
16052,6413,0,0,0
16052,6414,11,0,11
16052,6431,0,0,0
16052,6432,0,0,0
16052,6433,0,0,0
16052,6434,15,0,15
16052,6435,25,10,15
16052,6436,12,0,12
16052,6437,0,0,0
16052,6438,10,0,10
16052,6439,0,0,0
16052,6440,0,0,0
16052,6531,0,0,0
16052,6532,0,0,0
16052,6533,0,0,0
16052,6534,0,0,0
16052,6535,0,0,0
16052,6611,0,0,0
16052,6631,10,0,10
16052,6632,14,0,14
16052,6633,0,0,0
16052,6634,0,0,0
16052,6635,0,0,0
16052,6636,0,0,0
16052,7111,0,0,0
16052,7131,0,0,0
16052,7132,0,0,0
16052,7133,0,0,0
16052,7134,0,0,0
16052,7135,0,0,0
16052,7137,0,0,0
16052,7138,0,0,0
16052,7140,0,0,0
16052,7141,0,0,0
16052,7143,0,0,0
16052,7211,0,0,0
16052,7231,0,0,0
16052,7232,13,0,13
16052,7233,0,0,0
16052,7235,0,0,0
16052,7311,0,0,0
16052,7312,0,0,0
16052,7313,0,0,0
16052,7314,0,0,0
16052,7315,0,0,0
16052,7316,0,0,0
16052,7317,0,0,0
16052,7318,0,0,0
16052,7319,0,0,0
16052,7320,0,0,0
16052,7331,0,0,0
16052,7332,0,0,0
16052,7333,0,0,0
16052,7334,0,0,0
16052,7335,0,0,0
16052,7336,0,0,0
16052,7337,0,0,0
16052,7338,0,0,0
16052,7339,0,0,0
16052,7340,0,0,0
16052,8111,28,0,28
16052,8115,12,0,12
16052,8116,30,0,30
16052,8117,13,0,13
16052,8118,0,0,0
16052,8119,17,0,17
16052,8121,0,0,0
16052,8125,0,0,0
16052,8126,0,0,0
16052,8127,20,0,20
16052,8128,0,0,0
16052,8135,0,0,0
16052,8136,13,0,13
16052,8211,0,0,0
16052,8212,0,0,0
16052,8215,11,0,11
16052,8216,0,0,0
16052,8221,21,0,21
16052,8222,25,0,25
16052,8225,0,0,0
16052,8226,0,0,0
16052,8231,0,0,0
16052,8235,0,0,0
16052,8236,0,0,0
16052,8237,0,0,0
16052,8311,0,0,0
16052,8315,0,0,0
16052,8316,0,0,0
16052,8317,0,0,0
16052,8325,0,0,0
16052,8326,0,0,0
16052,8327,0,0,0
16052,8335,0,0,0
16052,8336,0,0,0
16052,8337,0,0,0
16052,8415,0,0,0
16052,8416,0,0,0
16052,8417,0,0,0
16052,8421,10,0,10
16052,8425,0,0,0
16052,8426,0,0,0
16052,8435,0,0,0
16052,8436,0,0,0
16052,8437,0,0,0
16052,9161,12,0,12
16052,9162,85,12,73
16052,9163,0,0,0
16052,9171,0,0,0
16052,9172,0,0,0
16052,9173,0,0,0
16052,9174,0,0,0
16052,9175,0,0,0
16052,9176,0,0,0
16052,9177,0,0,0
16052,9178,12,0,12
16052,9179,0,0,0
16052,9180,0,0,0
16052,9181,0,0,0
16052,9182,0,0,0
16052,9183,0,0,0
16052,9184,41,0,41
16052,9185,0,0,0
16052,9186,10,0,10
16052,9187,0,0,0
16052,9188,0,0,0
16052,9189,0,0,0
16052,9190,0,0,0
16052,9261,0,0,0
16052,9262,0,0,0
16052,9263,0,0,0
16052,9271,16,0,16
16052,9272,0,0,0
16052,9273,0,0,0
16052,9274,0,0,0
16052,9275,0,0,0
16052,9276,0,0,0
16052,9277,0,0,0
16052,9278,0,0,0
16052,9279,0,0,0
16052,9361,0,0,0
16052,9362,10,0,10
16052,9363,11,0,11
16052,9371,0,0,0
16052,9372,0,0,0
16052,9373,14,0,14
16052,9374,0,0,0
16052,9375,0,0,0
16052,9376,14,0,14
16052,9377,0,0,0
16052,9461,0,0,0
16052,9462,34,0,34
16052,9463,32,0,32
16052,9464,14,14,0
16052,9471,20,0,20
16052,9472,14,0,14
16052,9473,0,0,0
16052,9474,0,0,0
16052,9475,24,14,10
16052,9476,0,0,0
16052,9477,0,0,0
16052,9478,0,0,0
16052,9479,0,0,0
16052,9561,0,0,0
16052,9562,0,0,0
16052,9563,11,0,11
16052,9564,54,0,54
16052,9565,0,0,0
16052,9571,0,0,0
16052,9572,0,0,0
16052,9573,0,0,0
16052,9574,20,0,20
16052,9575,0,0,0
16052,9576,11,0,11
16052,9577,0,0,0
16052,9661,0,0,0
16052,9662,0,0,0
16052,9663,0,0,0
16052,9671,0,0,0
16052,9672,0,0,0
16052,9673,0,0,0
16052,9674,0,0,0
16052,9675,0,0,0
16052,9676,0,0,0
16052,9677,0,0,0
16052,9678,0,0,0
16052,9679,0,0,0
16052,9761,0,0,0
16052,9762,0,0,0
16052,9763,0,0,0
16052,9764,0,0,0
16052,9771,0,0,0
16052,9772,0,0,0
16052,9773,0,0,0
16052,9774,12,0,12
16052,9775,0,0,0
16052,9776,0,0,0
16052,9777,0,0,0
16052,9778,0,0,0
16052,9779,0,0,0
16052,9780,0,0,0
16052,10041,0,0,0
16052,10042,0,0,0
16052,10043,0,0,0
16052,10044,0,0,0
16052,10045,0,0,0
16052,10046,0,0,0
16052,11000,341,121,220
16052,12051,0,0,0
16052,12052,0,0,0
16052,12053,0,0,0
16052,12054,10,10,0
16052,12060,0,0,0
16052,12061,10,10,0
16052,12062,10,0,10
16052,12063,0,0,0
16052,12064,0,0,0
16052,12065,0,0,0
16052,12066,0,0,0
16052,12067,0,0,0
16052,12068,0,0,0
16052,12069,50,38,12
16052,12070,0,0,0
16052,12071,0,0,0
16052,12072,10,0,10
16052,12073,0,0,0
16052,13003,0,0,0
16052,13004,0,0,0
16052,13071,0,0,0
16052,13072,0,0,0
16052,13073,0,0,0
16052,13074,0,0,0
16052,13075,50,0,50
16052,13076,0,0,0
16052,14511,332,120,212
16052,14521,188,155,33
16052,14522,124,75,49
16052,14523,326,220,106
16052,14524,1513,728,785
16052,14612,204,75,129
16052,14625,56,22,34
16052,14626,15,15,0
16052,14627,75,32,43
16052,14628,26,15,11
16052,14713,629,220,409
16052,14729,180,128,52
16052,14730,79,29,50
16052,15001,0,0,0
16052,15002,62,27,35
16052,15003,35,11,24
16052,15081,0,0,0
16052,15082,27,15,12
16052,15083,11,11,0
16052,15084,1262,934,328
16052,15085,10,0,10
16052,15086,0,0,0
16052,15087,10,10,0
16052,15088,143,60,83
16052,15089,12,12,0
16052,15090,0,0,0
16052,15091,11,11,0
16052,16051,772,131,641
16052,16052,0,0,0
16052,16053,1775,496,1279
16052,16054,0,0,0
16052,16055,184,76,108
16052,16056,19,0,19
16052,16061,29,13,16
16052,16062,21,11,10
16052,16063,60,22,38
16052,16064,37,22,15
16052,16065,13,13,0
16052,16066,47,30,17
16052,16067,61,28,33
16052,16068,39,27,12
16052,16069,0,0,0
16052,16070,77,51,26
16052,16071,145,77,68
16052,16072,0,0,0
16052,16073,263,174,89
16052,16074,3191,1523,1668
16052,16075,1081,657,424
16052,16076,10160,6705,3455
16052,16077,2276,1475,801
16053,1001,0,0,0
16053,1002,0,0,0
16053,1003,0,0,0
16053,1004,0,0,0
16053,1051,0,0,0
16053,1053,0,0,0
16053,1054,0,0,0
16053,1055,0,0,0
16053,1056,0,0,0
16053,1057,0,0,0
16053,1058,0,0,0
16053,1059,0,0,0
16053,1060,0,0,0
16053,1061,0,0,0
16053,1062,0,0,0
16053,2000,123,38,85
16053,3101,14,0,14
16053,3102,0,0,0
16053,3103,11,0,11
16053,3151,0,0,0
16053,3153,0,0,0
16053,3154,0,0,0
16053,3155,22,22,0
16053,3157,0,0,0
16053,3158,0,0,0
16053,3159,119,93,26
16053,3241,54,24,30
16053,3251,0,0,0
16053,3252,0,0,0
16053,3254,0,0,0
16053,3255,0,0,0
16053,3256,0,0,0
16053,3257,0,0,0
16053,3351,0,0,0
16053,3352,0,0,0
16053,3353,0,0,0
16053,3354,0,0,0
16053,3355,0,0,0
16053,3356,0,0,0
16053,3357,0,0,0
16053,3358,0,0,0
16053,3359,0,0,0
16053,3360,0,0,0
16053,3361,0,0,0
16053,3401,0,0,0
16053,3402,0,0,0
16053,3403,70,70,0
16053,3404,12,0,12
16053,3405,0,0,0
16053,3451,0,0,0
16053,3452,0,0,0
16053,3453,0,0,0
16053,3454,0,0,0
16053,3455,0,0,0
16053,3456,50,50,0
16053,3457,0,0,0
16053,3458,0,0,0
16053,3459,0,0,0
16053,3460,0,0,0
16053,3461,0,0,0
16053,3462,0,0,0
16053,4011,39,15,24
16053,4012,0,0,0
16053,5111,31,0,31
16053,5112,0,0,0
16053,5113,23,13,10
16053,5114,0,0,0
16053,5116,0,0,0
16053,5117,0,0,0
16053,5119,0,0,0
16053,5120,0,0,0
16053,5122,0,0,0
16053,5124,0,0,0
16053,5154,0,0,0
16053,5158,13,0,13
16053,5162,0,0,0
16053,5166,17,17,0
16053,5170,0,0,0
16053,5314,35,17,18
16053,5315,62,21,41
16053,5316,0,0,0
16053,5334,23,13,10
16053,5358,0,0,0
16053,5362,0,0,0
16053,5366,0,0,0
16053,5370,0,0,0
16053,5374,61,0,61
16053,5378,0,0,0
16053,5382,0,0,0
16053,5512,0,0,0
16053,5513,0,0,0
16053,5515,10,10,0
16053,5554,0,0,0
16053,5558,0,0,0
16053,5562,0,0,0
16053,5566,0,0,0
16053,5570,0,0,0
16053,5711,12,0,12
16053,5754,10,0,10
16053,5758,0,0,0
16053,5762,0,0,0
16053,5766,0,0,0
16053,5770,0,0,0
16053,5774,0,0,0
16053,5911,0,0,0
16053,5913,14,0,14
16053,5914,0,0,0
16053,5915,0,0,0
16053,5916,0,0,0
16053,5954,0,0,0
16053,5958,0,0,0
16053,5962,0,0,0
16053,5966,0,0,0
16053,5970,0,0,0
16053,5974,0,0,0
16053,5978,0,0,0
16053,6411,14,0,14
16053,6412,114,24,90
16053,6413,0,0,0
16053,6414,23,0,23
16053,6431,0,0,0
16053,6432,0,0,0
16053,6433,11,0,11
16053,6434,88,0,88
16053,6435,27,13,14
16053,6436,17,0,17
16053,6437,0,0,0
16053,6438,48,11,37
16053,6439,0,0,0
16053,6440,0,0,0
16053,6531,24,11,13
16053,6532,0,0,0
16053,6533,0,0,0
16053,6534,10,10,0
16053,6535,0,0,0
16053,6611,24,14,10
16053,6631,12,0,12
16053,6632,12,12,0
16053,6633,0,0,0
16053,6634,0,0,0
16053,6635,0,0,0
16053,6636,17,17,0
16053,7111,0,0,0
16053,7131,0,0,0
16053,7132,0,0,0
16053,7133,0,0,0
16053,7134,0,0,0
16053,7135,0,0,0
16053,7137,0,0,0
16053,7138,0,0,0
16053,7140,0,0,0
16053,7141,0,0,0
16053,7143,0,0,0
16053,7211,0,0,0
16053,7231,0,0,0
16053,7232,0,0,0
16053,7233,0,0,0
16053,7235,0,0,0
16053,7311,0,0,0
16053,7312,0,0,0
16053,7313,0,0,0
16053,7314,0,0,0
16053,7315,15,0,15
16053,7316,0,0,0
16053,7317,0,0,0
16053,7318,0,0,0
16053,7319,0,0,0
16053,7320,0,0,0
16053,7331,0,0,0
16053,7332,0,0,0
16053,7333,0,0,0
16053,7334,0,0,0
16053,7335,0,0,0
16053,7336,0,0,0
16053,7337,0,0,0
16053,7338,0,0,0
16053,7339,0,0,0
16053,7340,0,0,0
16053,8111,65,25,40
16053,8115,21,10,11
16053,8116,13,13,0
16053,8117,0,0,0
16053,8118,14,0,14
16053,8119,10,0,10
16053,8121,22,22,0
16053,8125,65,55,10
16053,8126,0,0,0
16053,8127,0,0,0
16053,8128,0,0,0
16053,8135,0,0,0
16053,8136,37,14,23
16053,8211,0,0,0
16053,8212,28,16,12
16053,8215,25,11,14
16053,8216,0,0,0
16053,8221,30,15,15
16053,8222,10,0,10
16053,8225,0,0,0
16053,8226,29,29,0
16053,8231,0,0,0
16053,8235,0,0,0
16053,8236,0,0,0
16053,8237,0,0,0
16053,8311,11,11,0
16053,8315,10,10,0
16053,8316,0,0,0
16053,8317,0,0,0
16053,8325,0,0,0
16053,8326,0,0,0
16053,8327,0,0,0
16053,8335,0,0,0
16053,8336,0,0,0
16053,8337,0,0,0
16053,8415,0,0,0
16053,8416,15,0,15
16053,8417,0,0,0
16053,8421,26,10,16
16053,8425,0,0,0
16053,8426,0,0,0
16053,8435,0,0,0
16053,8436,11,0,11
16053,8437,0,0,0
16053,9161,0,0,0
16053,9162,239,62,177
16053,9163,0,0,0
16053,9171,0,0,0
16053,9172,0,0,0
16053,9173,0,0,0
16053,9174,0,0,0
16053,9175,0,0,0
16053,9176,0,0,0
16053,9177,0,0,0
16053,9178,0,0,0
16053,9179,0,0,0
16053,9180,0,0,0
16053,9181,0,0,0
16053,9182,0,0,0
16053,9183,0,0,0
16053,9184,57,11,46
16053,9185,0,0,0
16053,9186,0,0,0
16053,9187,42,42,0
16053,9188,11,0,11
16053,9189,0,0,0
16053,9190,0,0,0
16053,9261,0,0,0
16053,9262,0,0,0
16053,9263,0,0,0
16053,9271,0,0,0
16053,9272,0,0,0
16053,9273,0,0,0
16053,9274,0,0,0
16053,9275,0,0,0
16053,9276,0,0,0
16053,9277,0,0,0
16053,9278,0,0,0
16053,9279,0,0,0
16053,9361,0,0,0
16053,9362,0,0,0
16053,9363,0,0,0
16053,9371,0,0,0
16053,9372,0,0,0
16053,9373,0,0,0
16053,9374,0,0,0
16053,9375,0,0,0
16053,9376,0,0,0
16053,9377,0,0,0
16053,9461,0,0,0
16053,9462,25,0,25
16053,9463,0,0,0
16053,9464,0,0,0
16053,9471,0,0,0
16053,9472,0,0,0
16053,9473,0,0,0
16053,9474,0,0,0
16053,9475,13,13,0
16053,9476,0,0,0
16053,9477,0,0,0
16053,9478,0,0,0
16053,9479,31,31,0
16053,9561,0,0,0
16053,9562,34,11,23
16053,9563,20,20,0
16053,9564,88,40,48
16053,9565,0,0,0
16053,9571,0,0,0
16053,9572,0,0,0
16053,9573,0,0,0
16053,9574,0,0,0
16053,9575,0,0,0
16053,9576,0,0,0
16053,9577,0,0,0
16053,9661,0,0,0
16053,9662,0,0,0
16053,9663,10,10,0
16053,9671,10,0,10
16053,9672,0,0,0
16053,9673,0,0,0
16053,9674,0,0,0
16053,9675,0,0,0
16053,9676,0,0,0
16053,9677,0,0,0
16053,9678,0,0,0
16053,9679,0,0,0
16053,9761,0,0,0
16053,9762,0,0,0
16053,9763,0,0,0
16053,9764,0,0,0
16053,9771,0,0,0
16053,9772,0,0,0
16053,9773,0,0,0
16053,9774,0,0,0
16053,9775,0,0,0
16053,9776,0,0,0
16053,9777,0,0,0
16053,9778,0,0,0
16053,9779,0,0,0
16053,9780,0,0,0
16053,10041,0,0,0
16053,10042,0,0,0
16053,10043,0,0,0
16053,10044,0,0,0
16053,10045,0,0,0
16053,10046,0,0,0
16053,11000,597,280,317
16053,12051,0,0,0
16053,12052,0,0,0
16053,12053,0,0,0
16053,12054,36,19,17
16053,12060,27,27,0
16053,12061,13,13,0
16053,12062,29,29,0
16053,12063,0,0,0
16053,12064,13,13,0
16053,12065,10,10,0
16053,12066,26,26,0
16053,12067,0,0,0
16053,12068,0,0,0
16053,12069,29,13,16
16053,12070,0,0,0
16053,12071,0,0,0
16053,12072,12,0,12
16053,12073,0,0,0
16053,13003,31,19,12
16053,13004,0,0,0
16053,13071,16,16,0
16053,13072,0,0,0
16053,13073,0,0,0
16053,13074,0,0,0
16053,13075,11,0,11
16053,13076,0,0,0
16053,14511,143,56,87
16053,14521,89,72,17
16053,14522,120,101,19
16053,14523,123,100,23
16053,14524,260,168,92
16053,14612,268,171,97
16053,14625,70,43,27
16053,14626,17,17,0
16053,14627,60,49,11
16053,14628,25,25,0
16053,14713,746,439,307
16053,14729,110,81,29
16053,14730,55,42,13
16053,15001,0,0,0
16053,15002,178,120,58
16053,15003,37,24,13
16053,15081,22,22,0
16053,15082,47,34,13
16053,15083,14,14,0
16053,15084,997,791,206
16053,15085,13,13,0
16053,15086,0,0,0
16053,15087,35,35,0
16053,15088,123,93,30
16053,15089,18,18,0
16053,15090,0,0,0
16053,15091,15,15,0
16053,16051,2423,1147,1276
16053,16052,1775,1279,496
16053,16053,0,0,0
16053,16054,41,31,10
16053,16055,2484,1576,908
16053,16056,176,59,117
16053,16061,51,35,16
16053,16062,47,47,0
16053,16063,119,87,32
16053,16064,143,103,40
16053,16065,91,76,15
16053,16066,124,88,36
16053,16067,247,176,71
16053,16068,269,170,99
16053,16069,45,45,0
16053,16070,394,259,135
16053,16071,4420,3446,974
16053,16072,38,38,0
16053,16073,1403,989,414
16053,16074,12318,9592,2726
16053,16075,1246,998,248
16053,16076,980,826,154
16053,16077,245,206,39
16054,1001,0,0,0
16054,1002,0,0,0
16054,1003,0,0,0
16054,1004,0,0,0
16054,1051,0,0,0
16054,1053,0,0,0
16054,1054,0,0,0
16054,1055,0,0,0
16054,1056,0,0,0
16054,1057,0,0,0
16054,1058,0,0,0
16054,1059,0,0,0
16054,1060,0,0,0
16054,1061,0,0,0
16054,1062,0,0,0
16054,2000,17,0,17
16054,3101,0,0,0
16054,3102,0,0,0
16054,3103,0,0,0
16054,3151,0,0,0
16054,3153,0,0,0
16054,3154,0,0,0
16054,3155,0,0,0
16054,3157,0,0,0
16054,3158,0,0,0
16054,3159,0,0,0
16054,3241,12,0,12
16054,3251,0,0,0
16054,3252,0,0,0
16054,3254,0,0,0
16054,3255,0,0,0
16054,3256,0,0,0
16054,3257,0,0,0
16054,3351,0,0,0
16054,3352,0,0,0
16054,3353,0,0,0
16054,3354,0,0,0
16054,3355,0,0,0
16054,3356,0,0,0
16054,3357,0,0,0
16054,3358,0,0,0
16054,3359,0,0,0
16054,3360,0,0,0
16054,3361,0,0,0
16054,3401,0,0,0
16054,3402,0,0,0
16054,3403,0,0,0
16054,3404,0,0,0
16054,3405,0,0,0
16054,3451,0,0,0
16054,3452,0,0,0
16054,3453,0,0,0
16054,3454,0,0,0
16054,3455,0,0,0
16054,3456,0,0,0
16054,3457,0,0,0
16054,3458,0,0,0
16054,3459,0,0,0
16054,3460,0,0,0
16054,3461,0,0,0
16054,3462,0,0,0
16054,4011,0,0,0
16054,4012,0,0,0
16054,5111,0,0,0
16054,5112,13,0,13
16054,5113,0,0,0
16054,5114,0,0,0
16054,5116,0,0,0
16054,5117,0,0,0
16054,5119,0,0,0
16054,5120,0,0,0
16054,5122,0,0,0
16054,5124,0,0,0
16054,5154,0,0,0
16054,5158,0,0,0
16054,5162,0,0,0
16054,5166,0,0,0
16054,5170,0,0,0
16054,5314,0,0,0
16054,5315,14,0,14
16054,5316,0,0,0
16054,5334,0,0,0
16054,5358,0,0,0
16054,5362,0,0,0
16054,5366,0,0,0
16054,5370,0,0,0
16054,5374,0,0,0
16054,5378,0,0,0
16054,5382,0,0,0
16054,5512,0,0,0
16054,5513,0,0,0
16054,5515,0,0,0
16054,5554,0,0,0
16054,5558,0,0,0
16054,5562,0,0,0
16054,5566,0,0,0
16054,5570,0,0,0
16054,5711,0,0,0
16054,5754,0,0,0
16054,5758,0,0,0
16054,5762,0,0,0
16054,5766,0,0,0
16054,5770,0,0,0
16054,5774,0,0,0
16054,5911,0,0,0
16054,5913,0,0,0
16054,5914,0,0,0
16054,5915,0,0,0
16054,5916,0,0,0
16054,5954,0,0,0
16054,5958,0,0,0
16054,5962,0,0,0
16054,5966,0,0,0
16054,5970,0,0,0
16054,5974,0,0,0
16054,5978,0,0,0
16054,6411,0,0,0
16054,6412,25,0,25
16054,6413,0,0,0
16054,6414,0,0,0
16054,6431,0,0,0
16054,6432,0,0,0
16054,6433,0,0,0
16054,6434,0,0,0
16054,6435,18,0,18
16054,6436,0,0,0
16054,6437,0,0,0
16054,6438,12,0,12
16054,6439,0,0,0
16054,6440,0,0,0
16054,6531,0,0,0
16054,6532,0,0,0
16054,6533,0,0,0
16054,6534,0,0,0
16054,6535,0,0,0
16054,6611,0,0,0
16054,6631,32,11,21
16054,6632,0,0,0
16054,6633,0,0,0
16054,6634,0,0,0
16054,6635,0,0,0
16054,6636,0,0,0
16054,7111,0,0,0
16054,7131,0,0,0
16054,7132,0,0,0
16054,7133,0,0,0
16054,7134,0,0,0
16054,7135,0,0,0
16054,7137,0,0,0
16054,7138,13,0,13
16054,7140,0,0,0
16054,7141,0,0,0
16054,7143,0,0,0
16054,7211,0,0,0
16054,7231,0,0,0
16054,7232,0,0,0
16054,7233,0,0,0
16054,7235,0,0,0
16054,7311,0,0,0
16054,7312,0,0,0
16054,7313,0,0,0
16054,7314,0,0,0
16054,7315,0,0,0
16054,7316,0,0,0
16054,7317,0,0,0
16054,7318,0,0,0
16054,7319,0,0,0
16054,7320,0,0,0
16054,7331,0,0,0
16054,7332,0,0,0
16054,7333,0,0,0
16054,7334,0,0,0
16054,7335,0,0,0
16054,7336,0,0,0
16054,7337,0,0,0
16054,7338,0,0,0
16054,7339,0,0,0
16054,7340,0,0,0
16054,8111,16,0,16
16054,8115,10,0,10
16054,8116,0,0,0
16054,8117,0,0,0
16054,8118,12,0,12
16054,8119,0,0,0
16054,8121,0,0,0
16054,8125,0,0,0
16054,8126,0,0,0
16054,8127,0,0,0
16054,8128,0,0,0
16054,8135,0,0,0
16054,8136,0,0,0
16054,8211,0,0,0
16054,8212,0,0,0
16054,8215,0,0,0
16054,8216,0,0,0
16054,8221,11,0,11
16054,8222,0,0,0
16054,8225,0,0,0
16054,8226,0,0,0
16054,8231,0,0,0
16054,8235,0,0,0
16054,8236,0,0,0
16054,8237,0,0,0
16054,8311,0,0,0
16054,8315,0,0,0
16054,8316,0,0,0
16054,8317,0,0,0
16054,8325,0,0,0
16054,8326,0,0,0
16054,8327,0,0,0
16054,8335,0,0,0
16054,8336,0,0,0
16054,8337,0,0,0
16054,8415,0,0,0
16054,8416,0,0,0
16054,8417,0,0,0
16054,8421,0,0,0
16054,8425,0,0,0
16054,8426,0,0,0
16054,8435,0,0,0
16054,8436,0,0,0
16054,8437,0,0,0
16054,9161,0,0,0
16054,9162,47,0,47
16054,9163,0,0,0
16054,9171,0,0,0
16054,9172,0,0,0
16054,9173,0,0,0
16054,9174,0,0,0
16054,9175,0,0,0
16054,9176,0,0,0
16054,9177,0,0,0
16054,9178,0,0,0
16054,9179,0,0,0
16054,9180,0,0,0
16054,9181,0,0,0
16054,9182,0,0,0
16054,9183,0,0,0
16054,9184,13,0,13
16054,9185,0,0,0
16054,9186,0,0,0
16054,9187,0,0,0
16054,9188,0,0,0
16054,9189,0,0,0
16054,9190,0,0,0
16054,9261,0,0,0
16054,9262,0,0,0
16054,9263,0,0,0
16054,9271,0,0,0
16054,9272,0,0,0
16054,9273,0,0,0
16054,9274,0,0,0
16054,9275,0,0,0
16054,9276,0,0,0
16054,9277,0,0,0
16054,9278,0,0,0
16054,9279,0,0,0
16054,9361,0,0,0
16054,9362,0,0,0
16054,9363,0,0,0
16054,9371,0,0,0
16054,9372,0,0,0
16054,9373,0,0,0
16054,9374,0,0,0
16054,9375,0,0,0
16054,9376,0,0,0
16054,9377,0,0,0
16054,9461,0,0,0
16054,9462,0,0,0
16054,9463,160,30,130
16054,9464,0,0,0
16054,9471,0,0,0
16054,9472,0,0,0
16054,9473,112,59,53
16054,9474,0,0,0
16054,9475,0,0,0
16054,9476,0,0,0
16054,9477,0,0,0
16054,9478,18,0,18
16054,9479,0,0,0
16054,9561,0,0,0
16054,9562,11,0,11
16054,9563,0,0,0
16054,9564,39,0,39
16054,9565,0,0,0
16054,9571,0,0,0
16054,9572,0,0,0
16054,9573,0,0,0
16054,9574,0,0,0
16054,9575,0,0,0
16054,9576,0,0,0
16054,9577,0,0,0
16054,9661,0,0,0
16054,9662,23,0,23
16054,9663,14,0,14
16054,9671,0,0,0
16054,9672,17,0,17
16054,9673,139,37,102
16054,9674,0,0,0
16054,9675,0,0,0
16054,9676,0,0,0
16054,9677,12,0,12
16054,9678,17,0,17
16054,9679,0,0,0
16054,9761,0,0,0
16054,9762,0,0,0
16054,9763,0,0,0
16054,9764,0,0,0
16054,9771,0,0,0
16054,9772,0,0,0
16054,9773,0,0,0
16054,9774,0,0,0
16054,9775,0,0,0
16054,9776,0,0,0
16054,9777,0,0,0
16054,9778,0,0,0
16054,9779,0,0,0
16054,9780,0,0,0
16054,10041,0,0,0
16054,10042,0,0,0
16054,10043,0,0,0
16054,10044,0,0,0
16054,10045,0,0,0
16054,10046,0,0,0
16054,11000,72,23,49
16054,12051,0,0,0
16054,12052,0,0,0
16054,12053,0,0,0
16054,12054,0,0,0
16054,12060,0,0,0
16054,12061,0,0,0
16054,12062,0,0,0
16054,12063,76,0,76
16054,12064,0,0,0
16054,12065,0,0,0
16054,12066,0,0,0
16054,12067,0,0,0
16054,12068,0,0,0
16054,12069,0,0,0
16054,12070,0,0,0
16054,12071,0,0,0
16054,12072,0,0,0
16054,12073,0,0,0
16054,13003,0,0,0
16054,13004,0,0,0
16054,13071,0,0,0
16054,13072,0,0,0
16054,13073,12,12,0
16054,13074,0,0,0
16054,13075,0,0,0
16054,13076,0,0,0
16054,14511,16,0,16
16054,14521,0,0,0
16054,14522,0,0,0
16054,14523,0,0,0
16054,14524,29,29,0
16054,14612,44,24,20
16054,14625,0,0,0
16054,14626,0,0,0
16054,14627,0,0,0
16054,14628,0,0,0
16054,14713,72,24,48
16054,14729,12,0,12
16054,14730,0,0,0
16054,15001,0,0,0
16054,15002,0,0,0
16054,15003,10,10,0
16054,15081,0,0,0
16054,15082,18,18,0
16054,15083,0,0,0
16054,15084,31,0,31
16054,15085,0,0,0
16054,15086,0,0,0
16054,15087,0,0,0
16054,15088,0,0,0
16054,15089,0,0,0
16054,15090,0,0,0
16054,15091,0,0,0
16054,16051,803,202,601
16054,16052,0,0,0
16054,16053,41,10,31
16054,16054,0,0,0
16054,16055,77,27,50
16054,16056,48,18,30
16054,16061,0,0,0
16054,16062,0,0,0
16054,16063,198,163,35
16054,16064,106,53,53
16054,16065,0,0,0
16054,16066,6191,3724,2467
16054,16067,410,201,209
16054,16068,11,11,0
16054,16069,2882,2069,813
16054,16070,1459,959,500
16054,16071,35,20,15
16054,16072,215,161,54
16054,16073,113,92,21
16054,16074,0,0,0
16054,16075,13,13,0
16054,16076,0,0,0
16054,16077,16,16,0
16055,1001,0,0,0
16055,1002,0,0,0
16055,1003,0,0,0
16055,1004,0,0,0
16055,1051,0,0,0
16055,1053,0,0,0
16055,1054,0,0,0
16055,1055,0,0,0
16055,1056,0,0,0
16055,1057,0,0,0
16055,1058,0,0,0
16055,1059,0,0,0
16055,1060,0,0,0
16055,1061,0,0,0
16055,1062,0,0,0
16055,2000,66,21,45
16055,3101,0,0,0
16055,3102,0,0,0
16055,3103,0,0,0
16055,3151,0,0,0
16055,3153,0,0,0
16055,3154,0,0,0
16055,3155,0,0,0
16055,3157,0,0,0
16055,3158,0,0,0
16055,3159,0,0,0
16055,3241,57,0,57
16055,3251,0,0,0
16055,3252,0,0,0
16055,3254,0,0,0
16055,3255,0,0,0
16055,3256,0,0,0
16055,3257,0,0,0
16055,3351,0,0,0
16055,3352,0,0,0
16055,3353,0,0,0
16055,3354,0,0,0
16055,3355,0,0,0
16055,3356,0,0,0
16055,3357,0,0,0
16055,3358,0,0,0
16055,3359,0,0,0
16055,3360,0,0,0
16055,3361,0,0,0
16055,3401,0,0,0
16055,3402,0,0,0
16055,3403,0,0,0
16055,3404,0,0,0
16055,3405,0,0,0
16055,3451,0,0,0
16055,3452,0,0,0
16055,3453,0,0,0
16055,3454,73,0,73
16055,3455,0,0,0
16055,3456,0,0,0
16055,3457,0,0,0
16055,3458,0,0,0
16055,3459,0,0,0
16055,3460,0,0,0
16055,3461,0,0,0
16055,3462,0,0,0
16055,4011,0,0,0
16055,4012,0,0,0
16055,5111,35,0,35
16055,5112,0,0,0
16055,5113,12,0,12
16055,5114,0,0,0
16055,5116,0,0,0
16055,5117,0,0,0
16055,5119,0,0,0
16055,5120,0,0,0
16055,5122,0,0,0
16055,5124,0,0,0
16055,5154,0,0,0
16055,5158,14,0,14
16055,5162,0,0,0
16055,5166,12,0,12
16055,5170,0,0,0
16055,5314,0,0,0
16055,5315,54,12,42
16055,5316,0,0,0
16055,5334,0,0,0
16055,5358,0,0,0
16055,5362,0,0,0
16055,5366,0,0,0
16055,5370,0,0,0
16055,5374,0,0,0
16055,5378,0,0,0
16055,5382,0,0,0
16055,5512,0,0,0
16055,5513,0,0,0
16055,5515,0,0,0
16055,5554,0,0,0
16055,5558,0,0,0
16055,5562,0,0,0
16055,5566,0,0,0
16055,5570,0,0,0
16055,5711,0,0,0
16055,5754,0,0,0
16055,5758,0,0,0
16055,5762,0,0,0
16055,5766,0,0,0
16055,5770,10,0,10
16055,5774,0,0,0
16055,5911,0,0,0
16055,5913,0,0,0
16055,5914,0,0,0
16055,5915,0,0,0
16055,5916,0,0,0
16055,5954,0,0,0
16055,5958,0,0,0
16055,5962,0,0,0
16055,5966,0,0,0
16055,5970,0,0,0
16055,5974,0,0,0
16055,5978,16,0,16
16055,6411,0,0,0
16055,6412,73,0,73
16055,6413,0,0,0
16055,6414,12,0,12
16055,6431,0,0,0
16055,6432,22,0,22
16055,6433,0,0,0
16055,6434,16,0,16
16055,6435,14,0,14
16055,6436,15,0,15
16055,6437,0,0,0
16055,6438,0,0,0
16055,6439,0,0,0
16055,6440,0,0,0
16055,6531,0,0,0
16055,6532,0,0,0
16055,6533,0,0,0
16055,6534,0,0,0
16055,6535,0,0,0
16055,6611,24,0,24
16055,6631,11,0,11
16055,6632,19,0,19
16055,6633,0,0,0
16055,6634,0,0,0
16055,6635,0,0,0
16055,6636,0,0,0
16055,7111,0,0,0
16055,7131,0,0,0
16055,7132,0,0,0
16055,7133,0,0,0
16055,7134,0,0,0
16055,7135,0,0,0
16055,7137,0,0,0
16055,7138,0,0,0
16055,7140,0,0,0
16055,7141,0,0,0
16055,7143,0,0,0
16055,7211,0,0,0
16055,7231,0,0,0
16055,7232,0,0,0
16055,7233,0,0,0
16055,7235,0,0,0
16055,7311,0,0,0
16055,7312,0,0,0
16055,7313,0,0,0
16055,7314,0,0,0
16055,7315,0,0,0
16055,7316,0,0,0
16055,7317,0,0,0
16055,7318,0,0,0
16055,7319,0,0,0
16055,7320,0,0,0
16055,7331,0,0,0
16055,7332,0,0,0
16055,7333,0,0,0
16055,7334,0,0,0
16055,7335,0,0,0
16055,7336,0,0,0
16055,7337,0,0,0
16055,7338,0,0,0
16055,7339,0,0,0
16055,7340,0,0,0
16055,8111,34,0,34
16055,8115,0,0,0
16055,8116,0,0,0
16055,8117,0,0,0
16055,8118,11,11,0
16055,8119,0,0,0
16055,8121,0,0,0
16055,8125,0,0,0
16055,8126,0,0,0
16055,8127,0,0,0
16055,8128,0,0,0
16055,8135,0,0,0
16055,8136,0,0,0
16055,8211,0,0,0
16055,8212,0,0,0
16055,8215,10,0,10
16055,8216,0,0,0
16055,8221,0,0,0
16055,8222,0,0,0
16055,8225,0,0,0
16055,8226,0,0,0
16055,8231,0,0,0
16055,8235,0,0,0
16055,8236,0,0,0
16055,8237,0,0,0
16055,8311,0,0,0
16055,8315,0,0,0
16055,8316,0,0,0
16055,8317,0,0,0
16055,8325,0,0,0
16055,8326,0,0,0
16055,8327,0,0,0
16055,8335,0,0,0
16055,8336,0,0,0
16055,8337,0,0,0
16055,8415,0,0,0
16055,8416,0,0,0
16055,8417,0,0,0
16055,8421,0,0,0
16055,8425,0,0,0
16055,8426,0,0,0
16055,8435,0,0,0
16055,8436,0,0,0
16055,8437,0,0,0
16055,9161,0,0,0
16055,9162,123,27,96
16055,9163,0,0,0
16055,9171,0,0,0
16055,9172,0,0,0
16055,9173,0,0,0
16055,9174,0,0,0
16055,9175,0,0,0
16055,9176,0,0,0
16055,9177,0,0,0
16055,9178,0,0,0
16055,9179,0,0,0
16055,9180,0,0,0
16055,9181,0,0,0
16055,9182,0,0,0
16055,9183,0,0,0
16055,9184,23,0,23
16055,9185,0,0,0
16055,9186,0,0,0
16055,9187,0,0,0
16055,9188,0,0,0
16055,9189,0,0,0
16055,9190,0,0,0
16055,9261,0,0,0
16055,9262,0,0,0
16055,9263,0,0,0
16055,9271,0,0,0
16055,9272,0,0,0
16055,9273,0,0,0
16055,9274,0,0,0
16055,9275,0,0,0
16055,9276,0,0,0
16055,9277,0,0,0
16055,9278,0,0,0
16055,9279,0,0,0
16055,9361,0,0,0
16055,9362,0,0,0
16055,9363,0,0,0
16055,9371,0,0,0
16055,9372,0,0,0
16055,9373,0,0,0
16055,9374,0,0,0
16055,9375,0,0,0
16055,9376,0,0,0
16055,9377,0,0,0
16055,9461,0,0,0
16055,9462,0,0,0
16055,9463,0,0,0
16055,9464,0,0,0
16055,9471,0,0,0
16055,9472,0,0,0
16055,9473,0,0,0
16055,9474,0,0,0
16055,9475,0,0,0
16055,9476,0,0,0
16055,9477,0,0,0
16055,9478,0,0,0
16055,9479,0,0,0
16055,9561,0,0,0
16055,9562,0,0,0
16055,9563,0,0,0
16055,9564,38,10,28
16055,9565,0,0,0
16055,9571,0,0,0
16055,9572,0,0,0
16055,9573,0,0,0
16055,9574,0,0,0
16055,9575,0,0,0
16055,9576,0,0,0
16055,9577,0,0,0
16055,9661,0,0,0
16055,9662,0,0,0
16055,9663,0,0,0
16055,9671,0,0,0
16055,9672,0,0,0
16055,9673,13,13,0
16055,9674,0,0,0
16055,9675,0,0,0
16055,9676,0,0,0
16055,9677,0,0,0
16055,9678,0,0,0
16055,9679,0,0,0
16055,9761,0,0,0
16055,9762,0,0,0
16055,9763,0,0,0
16055,9764,0,0,0
16055,9771,0,0,0
16055,9772,0,0,0
16055,9773,0,0,0
16055,9774,0,0,0
16055,9775,0,0,0
16055,9776,0,0,0
16055,9777,0,0,0
16055,9778,0,0,0
16055,9779,0,0,0
16055,9780,0,0,0
16055,10041,0,0,0
16055,10042,0,0,0
16055,10043,0,0,0
16055,10044,0,0,0
16055,10045,0,0,0
16055,10046,0,0,0
16055,11000,323,140,183
16055,12051,0,0,0
16055,12052,0,0,0
16055,12053,0,0,0
16055,12054,12,0,12
16055,12060,0,0,0
16055,12061,0,0,0
16055,12062,0,0,0
16055,12063,0,0,0
16055,12064,0,0,0
16055,12065,0,0,0
16055,12066,0,0,0
16055,12067,0,0,0
16055,12068,0,0,0
16055,12069,0,0,0
16055,12070,0,0,0
16055,12071,0,0,0
16055,12072,0,0,0
16055,12073,0,0,0
16055,13003,0,0,0
16055,13004,0,0,0
16055,13071,0,0,0
16055,13072,0,0,0
16055,13073,0,0,0
16055,13074,0,0,0
16055,13075,0,0,0
16055,13076,0,0,0
16055,14511,45,13,32
16055,14521,17,17,0
16055,14522,14,14,0
16055,14523,18,18,0
16055,14524,47,18,29
16055,14612,157,63,94
16055,14625,31,12,19
16055,14626,10,10,0
16055,14627,22,10,12
16055,14628,12,12,0
16055,14713,252,97,155
16055,14729,44,30,14
16055,14730,51,41,10
16055,15001,0,0,0
16055,15002,83,29,54
16055,15003,61,20,41
16055,15081,0,0,0
16055,15082,0,0,0
16055,15083,0,0,0
16055,15084,259,185,74
16055,15085,26,26,0
16055,15086,0,0,0
16055,15087,18,18,0
16055,15088,61,27,34
16055,15089,10,10,0
16055,15090,0,0,0
16055,15091,21,11,10
16055,16051,4754,1743,3011
16055,16052,184,108,76
16055,16053,2484,908,1576
16055,16054,77,50,27
16055,16055,0,0,0
16055,16056,56,19,37
16055,16061,42,14,28
16055,16062,51,34,17
16055,16063,73,27,46
16055,16064,135,84,51
16055,16065,168,131,37
16055,16066,127,89,38
16055,16067,437,225,212
16055,16068,1060,709,351
16055,16069,64,35,29
16055,16070,488,250,238
16055,16071,8608,5291,3317
16055,16072,17,17,0
16055,16073,376,240,136
16055,16074,482,312,170
16055,16075,188,145,43
16055,16076,77,59,18
16055,16077,41,28,13
16056,1001,0,0,0
16056,1002,0,0,0
16056,1003,0,0,0
16056,1004,0,0,0
16056,1051,0,0,0
16056,1053,0,0,0
16056,1054,0,0,0
16056,1055,0,0,0
16056,1056,0,0,0
16056,1057,0,0,0
16056,1058,0,0,0
16056,1059,0,0,0
16056,1060,0,0,0
16056,1061,0,0,0
16056,1062,0,0,0
16056,2000,30,0,30
16056,3101,0,0,0
16056,3102,0,0,0
16056,3103,0,0,0
16056,3151,0,0,0
16056,3153,0,0,0
16056,3154,0,0,0
16056,3155,0,0,0
16056,3157,0,0,0
16056,3158,0,0,0
16056,3159,10,0,10
16056,3241,10,0,10
16056,3251,0,0,0
16056,3252,0,0,0
16056,3254,0,0,0
16056,3255,0,0,0
16056,3256,0,0,0
16056,3257,0,0,0
16056,3351,0,0,0
16056,3352,0,0,0
16056,3353,0,0,0
16056,3354,0,0,0
16056,3355,0,0,0
16056,3356,0,0,0
16056,3357,0,0,0
16056,3358,0,0,0
16056,3359,0,0,0
16056,3360,0,0,0
16056,3361,0,0,0
16056,3401,0,0,0
16056,3402,10,0,10
16056,3403,0,0,0
16056,3404,0,0,0
16056,3405,0,0,0
16056,3451,0,0,0
16056,3452,0,0,0
16056,3453,0,0,0
16056,3454,0,0,0
16056,3455,0,0,0
16056,3456,0,0,0
16056,3457,0,0,0
16056,3458,0,0,0
16056,3459,0,0,0
16056,3460,0,0,0
16056,3461,0,0,0
16056,3462,0,0,0
16056,4011,0,0,0
16056,4012,0,0,0
16056,5111,16,0,16
16056,5112,0,0,0
16056,5113,0,0,0
16056,5114,0,0,0
16056,5116,0,0,0
16056,5117,0,0,0
16056,5119,0,0,0
16056,5120,0,0,0
16056,5122,0,0,0
16056,5124,0,0,0
16056,5154,0,0,0
16056,5158,11,0,11
16056,5162,0,0,0
16056,5166,0,0,0
16056,5170,0,0,0
16056,5314,0,0,0
16056,5315,15,0,15
16056,5316,0,0,0
16056,5334,0,0,0
16056,5358,0,0,0
16056,5362,0,0,0
16056,5366,0,0,0
16056,5370,0,0,0
16056,5374,0,0,0
16056,5378,0,0,0
16056,5382,13,0,13
16056,5512,0,0,0
16056,5513,0,0,0
16056,5515,0,0,0
16056,5554,0,0,0
16056,5558,0,0,0
16056,5562,0,0,0
16056,5566,0,0,0
16056,5570,0,0,0
16056,5711,16,0,16
16056,5754,0,0,0
16056,5758,0,0,0
16056,5762,0,0,0
16056,5766,0,0,0
16056,5770,0,0,0
16056,5774,0,0,0
16056,5911,0,0,0
16056,5913,0,0,0
16056,5914,0,0,0
16056,5915,0,0,0
16056,5916,0,0,0
16056,5954,0,0,0
16056,5958,0,0,0
16056,5962,0,0,0
16056,5966,0,0,0
16056,5970,0,0,0
16056,5974,0,0,0
16056,5978,0,0,0
16056,6411,0,0,0
16056,6412,51,0,51
16056,6413,0,0,0
16056,6414,0,0,0
16056,6431,0,0,0
16056,6432,0,0,0
16056,6433,16,0,16
16056,6434,15,0,15
16056,6435,10,0,10
16056,6436,11,0,11
16056,6437,0,0,0
16056,6438,12,0,12
16056,6439,0,0,0
16056,6440,0,0,0
16056,6531,13,0,13
16056,6532,0,0,0
16056,6533,0,0,0
16056,6534,0,0,0
16056,6535,11,0,11
16056,6611,42,0,42
16056,6631,57,19,38
16056,6632,607,270,337
16056,6633,31,11,20
16056,6634,28,11,17
16056,6635,0,0,0
16056,6636,632,462,170
16056,7111,0,0,0
16056,7131,0,0,0
16056,7132,0,0,0
16056,7133,0,0,0
16056,7134,0,0,0
16056,7135,0,0,0
16056,7137,0,0,0
16056,7138,0,0,0
16056,7140,0,0,0
16056,7141,0,0,0
16056,7143,0,0,0
16056,7211,0,0,0
16056,7231,0,0,0
16056,7232,0,0,0
16056,7233,0,0,0
16056,7235,0,0,0
16056,7311,0,0,0
16056,7312,0,0,0
16056,7313,0,0,0
16056,7314,0,0,0
16056,7315,0,0,0
16056,7316,0,0,0
16056,7317,0,0,0
16056,7318,0,0,0
16056,7319,0,0,0
16056,7320,0,0,0
16056,7331,0,0,0
16056,7332,0,0,0
16056,7333,0,0,0
16056,7334,0,0,0
16056,7335,0,0,0
16056,7336,0,0,0
16056,7337,0,0,0
16056,7338,0,0,0
16056,7339,0,0,0
16056,7340,0,0,0
16056,8111,17,0,17
16056,8115,0,0,0
16056,8116,0,0,0
16056,8117,0,0,0
16056,8118,0,0,0
16056,8119,0,0,0
16056,8121,0,0,0
16056,8125,10,0,10
16056,8126,0,0,0
16056,8127,0,0,0
16056,8128,0,0,0
16056,8135,0,0,0
16056,8136,0,0,0
16056,8211,0,0,0
16056,8212,0,0,0
16056,8215,0,0,0
16056,8216,0,0,0
16056,8221,0,0,0
16056,8222,10,0,10
16056,8225,0,0,0
16056,8226,0,0,0
16056,8231,0,0,0
16056,8235,0,0,0
16056,8236,0,0,0
16056,8237,0,0,0
16056,8311,0,0,0
16056,8315,0,0,0
16056,8316,0,0,0
16056,8317,0,0,0
16056,8325,0,0,0
16056,8326,0,0,0
16056,8327,0,0,0
16056,8335,0,0,0
16056,8336,0,0,0
16056,8337,0,0,0
16056,8415,0,0,0
16056,8416,0,0,0
16056,8417,0,0,0
16056,8421,0,0,0
16056,8425,0,0,0
16056,8426,0,0,0
16056,8435,0,0,0
16056,8436,0,0,0
16056,8437,0,0,0
16056,9161,0,0,0
16056,9162,21,0,21
16056,9163,0,0,0
16056,9171,0,0,0
16056,9172,0,0,0
16056,9173,0,0,0
16056,9174,0,0,0
16056,9175,0,0,0
16056,9176,0,0,0
16056,9177,0,0,0
16056,9178,0,0,0
16056,9179,0,0,0
16056,9180,0,0,0
16056,9181,0,0,0
16056,9182,0,0,0
16056,9183,0,0,0
16056,9184,11,0,11
16056,9185,0,0,0
16056,9186,0,0,0
16056,9187,0,0,0
16056,9188,0,0,0
16056,9189,0,0,0
16056,9190,0,0,0
16056,9261,0,0,0
16056,9262,0,0,0
16056,9263,0,0,0
16056,9271,0,0,0
16056,9272,0,0,0
16056,9273,0,0,0
16056,9274,0,0,0
16056,9275,0,0,0
16056,9276,0,0,0
16056,9277,0,0,0
16056,9278,0,0,0
16056,9279,0,0,0
16056,9361,0,0,0
16056,9362,0,0,0
16056,9363,0,0,0
16056,9371,0,0,0
16056,9372,0,0,0
16056,9373,0,0,0
16056,9374,0,0,0
16056,9375,0,0,0
16056,9376,0,0,0
16056,9377,0,0,0
16056,9461,0,0,0
16056,9462,0,0,0
16056,9463,0,0,0
16056,9464,0,0,0
16056,9471,0,0,0
16056,9472,0,0,0
16056,9473,0,0,0
16056,9474,0,0,0
16056,9475,10,0,10
16056,9476,0,0,0
16056,9477,0,0,0
16056,9478,0,0,0
16056,9479,0,0,0
16056,9561,0,0,0
16056,9562,0,0,0
16056,9563,0,0,0
16056,9564,10,0,10
16056,9565,0,0,0
16056,9571,0,0,0
16056,9572,0,0,0
16056,9573,0,0,0
16056,9574,0,0,0
16056,9575,0,0,0
16056,9576,0,0,0
16056,9577,0,0,0
16056,9661,0,0,0
16056,9662,0,0,0
16056,9663,0,0,0
16056,9671,0,0,0
16056,9672,0,0,0
16056,9673,0,0,0
16056,9674,0,0,0
16056,9675,0,0,0
16056,9676,0,0,0
16056,9677,0,0,0
16056,9678,0,0,0
16056,9679,0,0,0
16056,9761,0,0,0
16056,9762,0,0,0
16056,9763,0,0,0
16056,9764,0,0,0
16056,9771,0,0,0
16056,9772,0,0,0
16056,9773,0,0,0
16056,9774,0,0,0
16056,9775,0,0,0
16056,9776,0,0,0
16056,9777,15,0,15
16056,9778,0,0,0
16056,9779,0,0,0
16056,9780,0,0,0
16056,10041,0,0,0
16056,10042,0,0,0
16056,10043,0,0,0
16056,10044,0,0,0
16056,10045,0,0,0
16056,10046,0,0,0
16056,11000,86,34,52
16056,12051,0,0,0
16056,12052,0,0,0
16056,12053,0,0,0
16056,12054,0,0,0
16056,12060,0,0,0
16056,12061,0,0,0
16056,12062,0,0,0
16056,12063,0,0,0
16056,12064,0,0,0
16056,12065,0,0,0
16056,12066,0,0,0
16056,12067,0,0,0
16056,12068,0,0,0
16056,12069,0,0,0
16056,12070,0,0,0
16056,12071,0,0,0
16056,12072,0,0,0
16056,12073,0,0,0
16056,13003,0,0,0
16056,13004,0,0,0
16056,13071,0,0,0
16056,13072,0,0,0
16056,13073,0,0,0
16056,13074,0,0,0
16056,13075,0,0,0
16056,13076,0,0,0
16056,14511,0,0,0
16056,14521,0,0,0
16056,14522,10,0,10
16056,14523,0,0,0
16056,14524,0,0,0
16056,14612,19,0,19
16056,14625,0,0,0
16056,14626,0,0,0
16056,14627,0,0,0
16056,14628,0,0,0
16056,14713,79,31,48
16056,14729,0,0,0
16056,14730,0,0,0
16056,15001,0,0,0
16056,15002,24,0,24
16056,15003,0,0,0
16056,15081,0,0,0
16056,15082,11,0,11
16056,15083,0,0,0
16056,15084,13,13,0
16056,15085,0,0,0
16056,15086,0,0,0
16056,15087,0,0,0
16056,15088,0,0,0
16056,15089,0,0,0
16056,15090,0,0,0
16056,15091,0,0,0
16056,16051,814,330,484
16056,16052,19,19,0
16056,16053,176,117,59
16056,16054,48,30,18
16056,16055,56,37,19
16056,16056,0,0,0
16056,16061,116,76,40
16056,16062,20,20,0
16056,16063,10857,7377,3480
16056,16064,1287,1105,182
16056,16065,45,45,0
16056,16066,501,323,178
16056,16067,2138,1390,748
16056,16068,73,54,19
16056,16069,31,10,21
16056,16070,165,100,65
16056,16071,110,83,27
16056,16072,0,0,0
16056,16073,52,40,12
16056,16074,58,58,0
16056,16075,0,0,0
16056,16076,17,17,0
16056,16077,0,0,0
16061,1001,0,0,0
16061,1002,0,0,0
16061,1003,10,0,10
16061,1004,0,0,0
16061,1051,0,0,0
16061,1053,0,0,0
16061,1054,0,0,0
16061,1055,0,0,0
16061,1056,0,0,0
16061,1057,0,0,0
16061,1058,0,0,0
16061,1059,0,0,0
16061,1060,0,0,0
16061,1061,0,0,0
16061,1062,0,0,0
16061,2000,74,19,55
16061,3101,43,18,25
16061,3102,0,0,0
16061,3103,25,0,25
16061,3151,11,0,11
16061,3153,75,35,40
16061,3154,0,0,0
16061,3155,433,105,328
16061,3157,0,0,0
16061,3158,0,0,0
16061,3159,8414,1292,7122
16061,3241,238,19,219
16061,3251,13,13,0
16061,3252,0,0,0
16061,3254,25,0,25
16061,3255,0,0,0
16061,3256,0,0,0
16061,3257,0,0,0
16061,3351,0,0,0
16061,3352,0,0,0
16061,3353,0,0,0
16061,3354,0,0,0
16061,3355,0,0,0
16061,3356,0,0,0
16061,3357,0,0,0
16061,3358,15,0,15
16061,3359,0,0,0
16061,3360,0,0,0
16061,3361,0,0,0
16061,3401,0,0,0
16061,3402,0,0,0
16061,3403,0,0,0
16061,3404,0,0,0
16061,3405,0,0,0
16061,3451,10,0,10
16061,3452,0,0,0
16061,3453,0,0,0
16061,3454,10,10,0
16061,3455,0,0,0
16061,3456,0,0,0
16061,3457,0,0,0
16061,3458,0,0,0
16061,3459,22,0,22
16061,3460,16,0,16
16061,3461,0,0,0
16061,3462,0,0,0
16061,4011,167,151,16
16061,4012,0,0,0
16061,5111,26,0,26
16061,5112,0,0,0
16061,5113,11,0,11
16061,5114,0,0,0
16061,5116,0,0,0
16061,5117,14,0,14
16061,5119,0,0,0
16061,5120,0,0,0
16061,5122,0,0,0
16061,5124,10,0,10
16061,5154,0,0,0
16061,5158,12,0,12
16061,5162,0,0,0
16061,5166,0,0,0
16061,5170,0,0,0
16061,5314,0,0,0
16061,5315,43,10,33
16061,5316,0,0,0
16061,5334,0,0,0
16061,5358,0,0,0
16061,5362,12,0,12
16061,5366,0,0,0
16061,5370,0,0,0
16061,5374,0,0,0
16061,5378,0,0,0
16061,5382,13,0,13
16061,5512,0,0,0
16061,5513,0,0,0
16061,5515,0,0,0
16061,5554,10,10,0
16061,5558,10,0,10
16061,5562,0,0,0
16061,5566,12,0,12
16061,5570,0,0,0
16061,5711,15,0,15
16061,5754,19,0,19
16061,5758,0,0,0
16061,5762,0,0,0
16061,5766,0,0,0
16061,5770,0,0,0
16061,5774,67,0,67
16061,5911,0,0,0
16061,5913,0,0,0
16061,5914,0,0,0
16061,5915,0,0,0
16061,5916,0,0,0
16061,5954,0,0,0
16061,5958,22,0,22
16061,5962,0,0,0
16061,5966,0,0,0
16061,5970,0,0,0
16061,5974,0,0,0
16061,5978,63,0,63
16061,6411,10,0,10
16061,6412,99,19,80
16061,6413,18,0,18
16061,6414,0,0,0
16061,6431,0,0,0
16061,6432,0,0,0
16061,6433,0,0,0
16061,6434,10,0,10
16061,6435,10,0,10
16061,6436,14,0,14
16061,6437,0,0,0
16061,6438,12,0,12
16061,6439,0,0,0
16061,6440,47,0,47
16061,6531,0,0,0
16061,6532,0,0,0
16061,6533,0,0,0
16061,6534,14,0,14
16061,6535,18,0,18
16061,6611,550,75,475
16061,6631,22,0,22
16061,6632,76,15,61
16061,6633,251,58,193
16061,6634,114,42,72
16061,6635,25,0,25
16061,6636,2040,571,1469
16061,7111,0,0,0
16061,7131,0,0,0
16061,7132,0,0,0
16061,7133,0,0,0
16061,7134,0,0,0
16061,7135,0,0,0
16061,7137,0,0,0
16061,7138,0,0,0
16061,7140,0,0,0
16061,7141,0,0,0
16061,7143,28,0,28
16061,7211,0,0,0
16061,7231,0,0,0
16061,7232,0,0,0
16061,7233,0,0,0
16061,7235,0,0,0
16061,7311,0,0,0
16061,7312,0,0,0
16061,7313,0,0,0
16061,7314,0,0,0
16061,7315,0,0,0
16061,7316,0,0,0
16061,7317,0,0,0
16061,7318,0,0,0
16061,7319,0,0,0
16061,7320,0,0,0
16061,7331,0,0,0
16061,7332,0,0,0
16061,7333,0,0,0
16061,7334,0,0,0
16061,7335,0,0,0
16061,7336,0,0,0
16061,7337,0,0,0
16061,7338,0,0,0
16061,7339,0,0,0
16061,7340,0,0,0
16061,8111,30,0,30
16061,8115,0,0,0
16061,8116,0,0,0
16061,8117,0,0,0
16061,8118,11,0,11
16061,8119,0,0,0
16061,8121,14,14,0
16061,8125,13,13,0
16061,8126,0,0,0
16061,8127,0,0,0
16061,8128,0,0,0
16061,8135,0,0,0
16061,8136,0,0,0
16061,8211,0,0,0
16061,8212,0,0,0
16061,8215,22,0,22
16061,8216,0,0,0
16061,8221,0,0,0
16061,8222,12,0,12
16061,8225,11,11,0
16061,8226,10,0,10
16061,8231,0,0,0
16061,8235,0,0,0
16061,8236,0,0,0
16061,8237,0,0,0
16061,8311,0,0,0
16061,8315,0,0,0
16061,8316,0,0,0
16061,8317,0,0,0
16061,8325,0,0,0
16061,8326,0,0,0
16061,8327,0,0,0
16061,8335,0,0,0
16061,8336,0,0,0
16061,8337,0,0,0
16061,8415,0,0,0
16061,8416,0,0,0
16061,8417,0,0,0
16061,8421,0,0,0
16061,8425,0,0,0
16061,8426,0,0,0
16061,8435,0,0,0
16061,8436,0,0,0
16061,8437,0,0,0
16061,9161,0,0,0
16061,9162,48,11,37
16061,9163,22,0,22
16061,9171,0,0,0
16061,9172,0,0,0
16061,9173,0,0,0
16061,9174,0,0,0
16061,9175,0,0,0
16061,9176,0,0,0
16061,9177,0,0,0
16061,9178,0,0,0
16061,9179,0,0,0
16061,9180,0,0,0
16061,9181,0,0,0
16061,9182,0,0,0
16061,9183,0,0,0
16061,9184,16,0,16
16061,9185,0,0,0
16061,9186,0,0,0
16061,9187,0,0,0
16061,9188,0,0,0
16061,9189,0,0,0
16061,9190,0,0,0
16061,9261,0,0,0
16061,9262,0,0,0
16061,9263,0,0,0
16061,9271,0,0,0
16061,9272,0,0,0
16061,9273,0,0,0
16061,9274,0,0,0
16061,9275,0,0,0
16061,9276,0,0,0
16061,9277,0,0,0
16061,9278,0,0,0
16061,9279,0,0,0
16061,9361,0,0,0
16061,9362,0,0,0
16061,9363,0,0,0
16061,9371,0,0,0
16061,9372,0,0,0
16061,9373,10,0,10
16061,9374,0,0,0
16061,9375,0,0,0
16061,9376,0,0,0
16061,9377,0,0,0
16061,9461,0,0,0
16061,9462,0,0,0
16061,9463,0,0,0
16061,9464,0,0,0
16061,9471,20,20,0
16061,9472,0,0,0
16061,9473,0,0,0
16061,9474,0,0,0
16061,9475,0,0,0
16061,9476,0,0,0
16061,9477,0,0,0
16061,9478,0,0,0
16061,9479,0,0,0
16061,9561,0,0,0
16061,9562,0,0,0
16061,9563,0,0,0
16061,9564,27,0,27
16061,9565,0,0,0
16061,9571,0,0,0
16061,9572,0,0,0
16061,9573,0,0,0
16061,9574,0,0,0
16061,9575,0,0,0
16061,9576,0,0,0
16061,9577,0,0,0
16061,9661,0,0,0
16061,9662,0,0,0
16061,9663,0,0,0
16061,9671,0,0,0
16061,9672,0,0,0
16061,9673,0,0,0
16061,9674,0,0,0
16061,9675,0,0,0
16061,9676,0,0,0
16061,9677,0,0,0
16061,9678,0,0,0
16061,9679,0,0,0
16061,9761,0,0,0
16061,9762,0,0,0
16061,9763,0,0,0
16061,9764,0,0,0
16061,9771,0,0,0
16061,9772,0,0,0
16061,9773,0,0,0
16061,9774,0,0,0
16061,9775,0,0,0
16061,9776,0,0,0
16061,9777,0,0,0
16061,9778,0,0,0
16061,9779,0,0,0
16061,9780,0,0,0
16061,10041,0,0,0
16061,10042,0,0,0
16061,10043,0,0,0
16061,10044,0,0,0
16061,10045,0,0,0
16061,10046,0,0,0
16061,11000,141,48,93
16061,12051,0,0,0
16061,12052,0,0,0
16061,12053,17,0,17
16061,12054,10,0,10
16061,12060,21,0,21
16061,12061,0,0,0
16061,12062,11,11,0
16061,12063,0,0,0
16061,12064,0,0,0
16061,12065,0,0,0
16061,12066,0,0,0
16061,12067,0,0,0
16061,12068,0,0,0
16061,12069,0,0,0
16061,12070,0,0,0
16061,12071,11,11,0
16061,12072,0,0,0
16061,12073,21,21,0
16061,13003,0,0,0
16061,13004,0,0,0
16061,13071,13,13,0
16061,13072,0,0,0
16061,13073,10,10,0
16061,13074,0,0,0
16061,13075,10,10,0
16061,13076,0,0,0
16061,14511,10,0,10
16061,14521,14,14,0
16061,14522,13,13,0
16061,14523,15,15,0
16061,14524,18,18,0
16061,14612,62,24,38
16061,14625,0,0,0
16061,14626,14,14,0
16061,14627,16,16,0
16061,14628,13,13,0
16061,14713,124,35,89
16061,14729,23,23,0
16061,14730,26,26,0
16061,15001,35,35,0
16061,15002,94,65,29
16061,15003,17,17,0
16061,15081,0,0,0
16061,15082,27,27,0
16061,15083,0,0,0
16061,15084,81,71,10
16061,15085,39,39,0
16061,15086,0,0,0
16061,15087,143,107,36
16061,15088,57,43,14
16061,15089,30,30,0
16061,15090,12,12,0
16061,15091,27,27,0
16061,16051,668,224,444
16061,16052,29,16,13
16061,16053,51,16,35
16061,16054,0,0,0
16061,16055,42,28,14
16061,16056,116,40,76
16061,16061,0,0,0
16061,16062,2769,1796,973
16061,16063,241,115,126
16061,16064,3797,2314,1483
16061,16065,445,342,103
16061,16066,38,16,22
16061,16067,177,75,102
16061,16068,96,58,38
16061,16069,0,0,0
16061,16070,69,34,35
16061,16071,52,31,21
16061,16072,0,0,0
16061,16073,22,22,0
16061,16074,0,0,0
16061,16075,10,10,0
16061,16076,0,0,0
16061,16077,19,19,0
16062,1001,0,0,0
16062,1002,0,0,0
16062,1003,0,0,0
16062,1004,0,0,0
16062,1051,0,0,0
16062,1053,0,0,0
16062,1054,0,0,0
16062,1055,0,0,0
16062,1056,0,0,0
16062,1057,0,0,0
16062,1058,0,0,0
16062,1059,0,0,0
16062,1060,0,0,0
16062,1061,0,0,0
16062,1062,0,0,0
16062,2000,57,13,44
16062,3101,34,0,34
16062,3102,19,0,19
16062,3103,14,0,14
16062,3151,0,0,0
16062,3153,165,51,114
16062,3154,0,0,0
16062,3155,125,49,76
16062,3157,14,0,14
16062,3158,0,0,0
16062,3159,2540,817,1723
16062,3241,141,19,122
16062,3251,0,0,0
16062,3252,14,0,14
16062,3254,28,0,28
16062,3255,0,0,0
16062,3256,0,0,0
16062,3257,0,0,0
16062,3351,0,0,0
16062,3352,0,0,0
16062,3353,0,0,0
16062,3354,0,0,0
16062,3355,0,0,0
16062,3356,0,0,0
16062,3357,0,0,0
16062,3358,0,0,0
16062,3359,0,0,0
16062,3360,0,0,0
16062,3361,0,0,0
16062,3401,0,0,0
16062,3402,0,0,0
16062,3403,0,0,0
16062,3404,16,0,16
16062,3405,0,0,0
16062,3451,0,0,0
16062,3452,0,0,0
16062,3453,0,0,0
16062,3454,0,0,0
16062,3455,0,0,0
16062,3456,0,0,0
16062,3457,0,0,0
16062,3458,0,0,0
16062,3459,0,0,0
16062,3460,11,0,11
16062,3461,0,0,0
16062,3462,0,0,0
16062,4011,10,0,10
16062,4012,0,0,0
16062,5111,20,0,20
16062,5112,0,0,0
16062,5113,0,0,0
16062,5114,0,0,0
16062,5116,0,0,0
16062,5117,0,0,0
16062,5119,0,0,0
16062,5120,0,0,0
16062,5122,0,0,0
16062,5124,14,0,14
16062,5154,0,0,0
16062,5158,12,0,12
16062,5162,0,0,0
16062,5166,0,0,0
16062,5170,12,12,0
16062,5314,0,0,0
16062,5315,19,0,19
16062,5316,0,0,0
16062,5334,0,0,0
16062,5358,0,0,0
16062,5362,0,0,0
16062,5366,0,0,0
16062,5370,0,0,0
16062,5374,0,0,0
16062,5378,0,0,0
16062,5382,0,0,0
16062,5512,0,0,0
16062,5513,0,0,0
16062,5515,11,0,11
16062,5554,0,0,0
16062,5558,0,0,0
16062,5562,0,0,0
16062,5566,10,0,10
16062,5570,0,0,0
16062,5711,14,0,14
16062,5754,13,0,13
16062,5758,0,0,0
16062,5762,0,0,0
16062,5766,0,0,0
16062,5770,10,0,10
16062,5774,0,0,0
16062,5911,19,0,19
16062,5913,18,0,18
16062,5914,0,0,0
16062,5915,0,0,0
16062,5916,0,0,0
16062,5954,0,0,0
16062,5958,0,0,0
16062,5962,0,0,0
16062,5966,0,0,0
16062,5970,0,0,0
16062,5974,14,0,14
16062,5978,12,0,12
16062,6411,0,0,0
16062,6412,65,0,65
16062,6413,0,0,0
16062,6414,0,0,0
16062,6431,0,0,0
16062,6432,0,0,0
16062,6433,11,0,11
16062,6434,0,0,0
16062,6435,0,0,0
16062,6436,0,0,0
16062,6437,0,0,0
16062,6438,10,0,10
16062,6439,0,0,0
16062,6440,37,0,37
16062,6531,0,0,0
16062,6532,0,0,0
16062,6533,0,0,0
16062,6534,0,0,0
16062,6535,0,0,0
16062,6611,72,10,62
16062,6631,0,0,0
16062,6632,11,0,11
16062,6633,45,0,45
16062,6634,14,0,14
16062,6635,10,0,10
16062,6636,31,12,19
16062,7111,0,0,0
16062,7131,0,0,0
16062,7132,0,0,0
16062,7133,0,0,0
16062,7134,0,0,0
16062,7135,0,0,0
16062,7137,0,0,0
16062,7138,0,0,0
16062,7140,0,0,0
16062,7141,0,0,0
16062,7143,0,0,0
16062,7211,0,0,0
16062,7231,0,0,0
16062,7232,0,0,0
16062,7233,0,0,0
16062,7235,0,0,0
16062,7311,0,0,0
16062,7312,0,0,0
16062,7313,0,0,0
16062,7314,0,0,0
16062,7315,0,0,0
16062,7316,0,0,0
16062,7317,0,0,0
16062,7318,0,0,0
16062,7319,0,0,0
16062,7320,0,0,0
16062,7331,0,0,0
16062,7332,0,0,0
16062,7333,0,0,0
16062,7334,0,0,0
16062,7335,0,0,0
16062,7336,0,0,0
16062,7337,0,0,0
16062,7338,0,0,0
16062,7339,0,0,0
16062,7340,0,0,0
16062,8111,15,0,15
16062,8115,0,0,0
16062,8116,11,0,11
16062,8117,0,0,0
16062,8118,0,0,0
16062,8119,0,0,0
16062,8121,0,0,0
16062,8125,10,0,10
16062,8126,0,0,0
16062,8127,0,0,0
16062,8128,0,0,0
16062,8135,0,0,0
16062,8136,0,0,0
16062,8211,0,0,0
16062,8212,10,0,10
16062,8215,0,0,0
16062,8216,0,0,0
16062,8221,0,0,0
16062,8222,10,0,10
16062,8225,0,0,0
16062,8226,10,0,10
16062,8231,0,0,0
16062,8235,0,0,0
16062,8236,0,0,0
16062,8237,0,0,0
16062,8311,0,0,0
16062,8315,0,0,0
16062,8316,0,0,0
16062,8317,0,0,0
16062,8325,0,0,0
16062,8326,0,0,0
16062,8327,0,0,0
16062,8335,0,0,0
16062,8336,0,0,0
16062,8337,0,0,0
16062,8415,0,0,0
16062,8416,0,0,0
16062,8417,35,0,35
16062,8421,0,0,0
16062,8425,0,0,0
16062,8426,0,0,0
16062,8435,0,0,0
16062,8436,0,0,0
16062,8437,0,0,0
16062,9161,0,0,0
16062,9162,46,10,36
16062,9163,0,0,0
16062,9171,0,0,0
16062,9172,0,0,0
16062,9173,0,0,0
16062,9174,0,0,0
16062,9175,0,0,0
16062,9176,0,0,0
16062,9177,0,0,0
16062,9178,0,0,0
16062,9179,0,0,0
16062,9180,0,0,0
16062,9181,0,0,0
16062,9182,0,0,0
16062,9183,0,0,0
16062,9184,14,0,14
16062,9185,18,0,18
16062,9186,0,0,0
16062,9187,0,0,0
16062,9188,0,0,0
16062,9189,0,0,0
16062,9190,0,0,0
16062,9261,0,0,0
16062,9262,0,0,0
16062,9263,0,0,0
16062,9271,0,0,0
16062,9272,0,0,0
16062,9273,0,0,0
16062,9274,0,0,0
16062,9275,0,0,0
16062,9276,0,0,0
16062,9277,0,0,0
16062,9278,0,0,0
16062,9279,0,0,0
16062,9361,0,0,0
16062,9362,0,0,0
16062,9363,0,0,0
16062,9371,0,0,0
16062,9372,0,0,0
16062,9373,0,0,0
16062,9374,0,0,0
16062,9375,0,0,0
16062,9376,0,0,0
16062,9377,0,0,0
16062,9461,0,0,0
16062,9462,0,0,0
16062,9463,0,0,0
16062,9464,0,0,0
16062,9471,0,0,0
16062,9472,0,0,0
16062,9473,0,0,0
16062,9474,0,0,0
16062,9475,0,0,0
16062,9476,0,0,0
16062,9477,0,0,0
16062,9478,0,0,0
16062,9479,0,0,0
16062,9561,0,0,0
16062,9562,0,0,0
16062,9563,0,0,0
16062,9564,20,0,20
16062,9565,0,0,0
16062,9571,0,0,0
16062,9572,0,0,0
16062,9573,0,0,0
16062,9574,0,0,0
16062,9575,0,0,0
16062,9576,0,0,0
16062,9577,0,0,0
16062,9661,0,0,0
16062,9662,0,0,0
16062,9663,0,0,0
16062,9671,0,0,0
16062,9672,0,0,0
16062,9673,0,0,0
16062,9674,0,0,0
16062,9675,0,0,0
16062,9676,0,0,0
16062,9677,0,0,0
16062,9678,0,0,0
16062,9679,0,0,0
16062,9761,0,0,0
16062,9762,0,0,0
16062,9763,0,0,0
16062,9764,0,0,0
16062,9771,0,0,0
16062,9772,0,0,0
16062,9773,0,0,0
16062,9774,0,0,0
16062,9775,0,0,0
16062,9776,0,0,0
16062,9777,0,0,0
16062,9778,0,0,0
16062,9779,0,0,0
16062,9780,0,0,0
16062,10041,0,0,0
16062,10042,0,0,0
16062,10043,0,0,0
16062,10044,0,0,0
16062,10045,0,0,0
16062,10046,0,0,0
16062,11000,157,41,116
16062,12051,0,0,0
16062,12052,0,0,0
16062,12053,0,0,0
16062,12054,0,0,0
16062,12060,14,0,14
16062,12061,0,0,0
16062,12062,0,0,0
16062,12063,16,0,16
16062,12064,0,0,0
16062,12065,0,0,0
16062,12066,0,0,0
16062,12067,0,0,0
16062,12068,0,0,0
16062,12069,0,0,0
16062,12070,19,0,19
16062,12071,0,0,0
16062,12072,0,0,0
16062,12073,0,0,0
16062,13003,0,0,0
16062,13004,0,0,0
16062,13071,0,0,0
16062,13072,0,0,0
16062,13073,0,0,0
16062,13074,0,0,0
16062,13075,0,0,0
16062,13076,0,0,0
16062,14511,16,0,16
16062,14521,25,25,0
16062,14522,35,21,14
16062,14523,0,0,0
16062,14524,26,15,11
16062,14612,53,12,41
16062,14625,11,11,0
16062,14626,0,0,0
16062,14627,14,14,0
16062,14628,0,0,0
16062,14713,209,70,139
16062,14729,35,25,10
16062,14730,26,15,11
16062,15001,0,0,0
16062,15002,168,87,81
16062,15003,38,15,23
16062,15081,0,0,0
16062,15082,0,0,0
16062,15083,14,14,0
16062,15084,56,22,34
16062,15085,364,188,176
16062,15086,0,0,0
16062,15087,2066,1217,849
16062,15088,90,55,35
16062,15089,44,14,30
16062,15090,0,0,0
16062,15091,12,12,0
16062,16051,869,251,618
16062,16052,21,10,11
16062,16053,47,0,47
16062,16054,0,0,0
16062,16055,51,17,34
16062,16056,20,0,20
16062,16061,2769,973,1796
16062,16062,0,0,0
16062,16063,43,18,25
16062,16064,480,226,254
16062,16065,2607,1559,1048
16062,16066,16,16,0
16062,16067,128,64,64
16062,16068,185,93,92
16062,16069,11,11,0
16062,16070,98,68,30
16062,16071,38,26,12
16062,16072,0,0,0
16062,16073,51,38,13
16062,16074,0,0,0
16062,16075,0,0,0
16062,16076,0,0,0
16062,16077,0,0,0
16063,1001,0,0,0
16063,1002,0,0,0
16063,1003,0,0,0
16063,1004,0,0,0
16063,1051,0,0,0
16063,1053,0,0,0
16063,1054,0,0,0
16063,1055,0,0,0
16063,1056,21,0,21
16063,1057,0,0,0
16063,1058,0,0,0
16063,1059,0,0,0
16063,1060,0,0,0
16063,1061,0,0,0
16063,1062,0,0,0
16063,2000,66,19,47
16063,3101,0,0,0
16063,3102,0,0,0
16063,3103,0,0,0
16063,3151,0,0,0
16063,3153,0,0,0
16063,3154,0,0,0
16063,3155,0,0,0
16063,3157,0,0,0
16063,3158,0,0,0
16063,3159,42,18,24
16063,3241,48,14,34
16063,3251,0,0,0
16063,3252,0,0,0
16063,3254,0,0,0
16063,3255,0,0,0
16063,3256,0,0,0
16063,3257,0,0,0
16063,3351,0,0,0
16063,3352,0,0,0
16063,3353,0,0,0
16063,3354,0,0,0
16063,3355,0,0,0
16063,3356,0,0,0
16063,3357,0,0,0
16063,3358,0,0,0
16063,3359,0,0,0
16063,3360,0,0,0
16063,3361,0,0,0
16063,3401,0,0,0
16063,3402,0,0,0
16063,3403,0,0,0
16063,3404,0,0,0
16063,3405,0,0,0
16063,3451,0,0,0
16063,3452,0,0,0
16063,3453,0,0,0
16063,3454,14,0,14
16063,3455,0,0,0
16063,3456,0,0,0
16063,3457,0,0,0
16063,3458,0,0,0
16063,3459,0,0,0
16063,3460,0,0,0
16063,3461,0,0,0
16063,3462,0,0,0
16063,4011,62,49,13
16063,4012,0,0,0
16063,5111,31,0,31
16063,5112,16,16,0
16063,5113,22,0,22
16063,5114,17,0,17
16063,5116,0,0,0
16063,5117,0,0,0
16063,5119,0,0,0
16063,5120,0,0,0
16063,5122,0,0,0
16063,5124,0,0,0
16063,5154,0,0,0
16063,5158,19,0,19
16063,5162,0,0,0
16063,5166,16,0,16
16063,5170,33,33,0
16063,5314,38,0,38
16063,5315,54,0,54
16063,5316,0,0,0
16063,5334,0,0,0
16063,5358,0,0,0
16063,5362,16,0,16
16063,5366,0,0,0
16063,5370,0,0,0
16063,5374,0,0,0
16063,5378,0,0,0
16063,5382,10,10,0
16063,5512,0,0,0
16063,5513,10,0,10
16063,5515,0,0,0
16063,5554,0,0,0
16063,5558,0,0,0
16063,5562,0,0,0
16063,5566,0,0,0
16063,5570,0,0,0
16063,5711,20,0,20
16063,5754,0,0,0
16063,5758,0,0,0
16063,5762,0,0,0
16063,5766,0,0,0
16063,5770,13,0,13
16063,5774,35,35,0
16063,5911,0,0,0
16063,5913,0,0,0
16063,5914,0,0,0
16063,5915,46,46,0
16063,5916,0,0,0
16063,5954,0,0,0
16063,5958,10,0,10
16063,5962,0,0,0
16063,5966,17,17,0
16063,5970,32,20,12
16063,5974,0,0,0
16063,5978,0,0,0
16063,6411,0,0,0
16063,6412,180,11,169
16063,6413,0,0,0
16063,6414,22,0,22
16063,6431,0,0,0
16063,6432,0,0,0
16063,6433,34,0,34
16063,6434,18,0,18
16063,6435,136,41,95
16063,6436,24,0,24
16063,6437,0,0,0
16063,6438,51,0,51
16063,6439,0,0,0
16063,6440,23,10,13
16063,6531,33,13,20
16063,6532,0,0,0
16063,6533,0,0,0
16063,6534,25,13,12
16063,6535,84,25,59
16063,6611,131,20,111
16063,6631,3504,437,3067
16063,6632,5233,1553,3680
16063,6633,95,29,66
16063,6634,114,46,68
16063,6635,15,0,15
16063,6636,1083,501,582
16063,7111,0,0,0
16063,7131,0,0,0
16063,7132,0,0,0
16063,7133,0,0,0
16063,7134,0,0,0
16063,7135,0,0,0
16063,7137,0,0,0
16063,7138,0,0,0
16063,7140,0,0,0
16063,7141,0,0,0
16063,7143,0,0,0
16063,7211,0,0,0
16063,7231,0,0,0
16063,7232,0,0,0
16063,7233,0,0,0
16063,7235,0,0,0
16063,7311,0,0,0
16063,7312,0,0,0
16063,7313,0,0,0
16063,7314,0,0,0
16063,7315,15,0,15
16063,7316,0,0,0
16063,7317,0,0,0
16063,7318,0,0,0
16063,7319,0,0,0
16063,7320,0,0,0
16063,7331,0,0,0
16063,7332,0,0,0
16063,7333,0,0,0
16063,7334,0,0,0
16063,7335,0,0,0
16063,7336,0,0,0
16063,7337,0,0,0
16063,7338,0,0,0
16063,7339,0,0,0
16063,7340,0,0,0
16063,8111,20,0,20
16063,8115,0,0,0
16063,8116,13,0,13
16063,8117,0,0,0
16063,8118,0,0,0
16063,8119,22,11,11
16063,8121,0,0,0
16063,8125,18,0,18
16063,8126,0,0,0
16063,8127,0,0,0
16063,8128,0,0,0
16063,8135,0,0,0
16063,8136,0,0,0
16063,8211,0,0,0
16063,8212,0,0,0
16063,8215,0,0,0
16063,8216,0,0,0
16063,8221,0,0,0
16063,8222,12,0,12
16063,8225,0,0,0
16063,8226,10,0,10
16063,8231,0,0,0
16063,8235,0,0,0
16063,8236,0,0,0
16063,8237,0,0,0
16063,8311,0,0,0
16063,8315,0,0,0
16063,8316,0,0,0
16063,8317,0,0,0
16063,8325,0,0,0
16063,8326,13,0,13
16063,8327,0,0,0
16063,8335,0,0,0
16063,8336,0,0,0
16063,8337,0,0,0
16063,8415,0,0,0
16063,8416,0,0,0
16063,8417,0,0,0
16063,8421,0,0,0
16063,8425,0,0,0
16063,8426,0,0,0
16063,8435,0,0,0
16063,8436,0,0,0
16063,8437,0,0,0
16063,9161,0,0,0
16063,9162,104,48,56
16063,9163,0,0,0
16063,9171,0,0,0
16063,9172,0,0,0
16063,9173,0,0,0
16063,9174,0,0,0
16063,9175,0,0,0
16063,9176,0,0,0
16063,9177,0,0,0
16063,9178,0,0,0
16063,9179,0,0,0
16063,9180,0,0,0
16063,9181,0,0,0
16063,9182,0,0,0
16063,9183,0,0,0
16063,9184,19,0,19
16063,9185,0,0,0
16063,9186,0,0,0
16063,9187,0,0,0
16063,9188,0,0,0
16063,9189,0,0,0
16063,9190,0,0,0
16063,9261,0,0,0
16063,9262,0,0,0
16063,9263,0,0,0
16063,9271,0,0,0
16063,9272,0,0,0
16063,9273,0,0,0
16063,9274,0,0,0
16063,9275,0,0,0
16063,9276,0,0,0
16063,9277,0,0,0
16063,9278,0,0,0
16063,9279,0,0,0
16063,9361,0,0,0
16063,9362,0,0,0
16063,9363,0,0,0
16063,9371,0,0,0
16063,9372,0,0,0
16063,9373,0,0,0
16063,9374,0,0,0
16063,9375,0,0,0
16063,9376,0,0,0
16063,9377,0,0,0
16063,9461,0,0,0
16063,9462,0,0,0
16063,9463,13,0,13
16063,9464,0,0,0
16063,9471,0,0,0
16063,9472,0,0,0
16063,9473,0,0,0
16063,9474,0,0,0
16063,9475,0,0,0
16063,9476,0,0,0
16063,9477,0,0,0
16063,9478,0,0,0
16063,9479,0,0,0
16063,9561,0,0,0
16063,9562,16,0,16
16063,9563,0,0,0
16063,9564,28,0,28
16063,9565,0,0,0
16063,9571,0,0,0
16063,9572,0,0,0
16063,9573,0,0,0
16063,9574,0,0,0
16063,9575,0,0,0
16063,9576,0,0,0
16063,9577,0,0,0
16063,9661,0,0,0
16063,9662,0,0,0
16063,9663,11,0,11
16063,9671,0,0,0
16063,9672,25,0,25
16063,9673,81,17,64
16063,9674,0,0,0
16063,9675,0,0,0
16063,9676,0,0,0
16063,9677,0,0,0
16063,9678,15,0,15
16063,9679,0,0,0
16063,9761,0,0,0
16063,9762,0,0,0
16063,9763,0,0,0
16063,9764,0,0,0
16063,9771,0,0,0
16063,9772,0,0,0
16063,9773,0,0,0
16063,9774,0,0,0
16063,9775,10,0,10
16063,9776,0,0,0
16063,9777,31,0,31
16063,9778,0,0,0
16063,9779,0,0,0
16063,9780,0,0,0
16063,10041,0,0,0
16063,10042,0,0,0
16063,10043,0,0,0
16063,10044,0,0,0
16063,10045,0,0,0
16063,10046,0,0,0
16063,11000,174,59,115
16063,12051,0,0,0
16063,12052,0,0,0
16063,12053,0,0,0
16063,12054,0,0,0
16063,12060,0,0,0
16063,12061,15,15,0
16063,12062,14,14,0
16063,12063,0,0,0
16063,12064,0,0,0
16063,12065,0,0,0
16063,12066,14,14,0
16063,12067,0,0,0
16063,12068,0,0,0
16063,12069,0,0,0
16063,12070,0,0,0
16063,12071,0,0,0
16063,12072,23,23,0
16063,12073,10,10,0
16063,13003,0,0,0
16063,13004,0,0,0
16063,13071,17,17,0
16063,13072,0,0,0
16063,13073,0,0,0
16063,13074,0,0,0
16063,13075,20,20,0
16063,13076,0,0,0
16063,14511,46,31,15
16063,14521,21,21,0
16063,14522,22,22,0
16063,14523,39,39,0
16063,14524,26,10,16
16063,14612,82,24,58
16063,14625,22,22,0
16063,14626,20,20,0
16063,14627,17,17,0
16063,14628,10,10,0
16063,14713,141,59,82
16063,14729,33,21,12
16063,14730,38,28,10
16063,15001,0,0,0
16063,15002,39,17,22
16063,15003,27,14,13
16063,15081,0,0,0
16063,15082,0,0,0
16063,15083,0,0,0
16063,15084,84,63,21
16063,15085,28,28,0
16063,15086,10,10,0
16063,15087,65,40,25
16063,15088,44,22,22
16063,15089,12,12,0
16063,15090,11,11,0
16063,15091,0,0,0
16063,16051,1106,246,860
16063,16052,60,38,22
16063,16053,119,32,87
16063,16054,198,35,163
16063,16055,73,46,27
16063,16056,10857,3480,7377
16063,16061,241,126,115
16063,16062,43,25,18
16063,16063,0,0,0
16063,16064,1372,816,556
16063,16065,78,62,16
16063,16066,5098,3047,2051
16063,16067,2779,1351,1428
16063,16068,118,94,24
16063,16069,90,50,40
16063,16070,237,94,143
16063,16071,93,60,33
16063,16072,0,0,0
16063,16073,29,29,0
16063,16074,21,21,0
16063,16075,0,0,0
16063,16076,35,35,0
16063,16077,10,10,0
16064,1001,0,0,0
16064,1002,0,0,0
16064,1003,0,0,0
16064,1004,0,0,0
16064,1051,0,0,0
16064,1053,0,0,0
16064,1054,13,0,13
16064,1055,0,0,0
16064,1056,0,0,0
16064,1057,0,0,0
16064,1058,0,0,0
16064,1059,0,0,0
16064,1060,0,0,0
16064,1061,0,0,0
16064,1062,0,0,0
16064,2000,68,0,68
16064,3101,11,0,11
16064,3102,0,0,0
16064,3103,14,0,14
16064,3151,0,0,0
16064,3153,0,0,0
16064,3154,0,0,0
16064,3155,55,10,45
16064,3157,0,0,0
16064,3158,0,0,0
16064,3159,306,75,231
16064,3241,66,0,66
16064,3251,0,0,0
16064,3252,0,0,0
16064,3254,24,0,24
16064,3255,0,0,0
16064,3256,0,0,0
16064,3257,0,0,0
16064,3351,16,0,16
16064,3352,0,0,0
16064,3353,0,0,0
16064,3354,0,0,0
16064,3355,0,0,0
16064,3356,0,0,0
16064,3357,0,0,0
16064,3358,0,0,0
16064,3359,0,0,0
16064,3360,0,0,0
16064,3361,0,0,0
16064,3401,0,0,0
16064,3402,0,0,0
16064,3403,10,0,10
16064,3404,0,0,0
16064,3405,0,0,0
16064,3451,0,0,0
16064,3452,0,0,0
16064,3453,0,0,0
16064,3454,12,0,12
16064,3455,0,0,0
16064,3456,0,0,0
16064,3457,0,0,0
16064,3458,0,0,0
16064,3459,0,0,0
16064,3460,0,0,0
16064,3461,0,0,0
16064,3462,0,0,0
16064,4011,37,14,23
16064,4012,0,0,0
16064,5111,24,0,24
16064,5112,0,0,0
16064,5113,12,0,12
16064,5114,0,0,0
16064,5116,0,0,0
16064,5117,0,0,0
16064,5119,0,0,0
16064,5120,0,0,0
16064,5122,11,0,11
16064,5124,11,0,11
16064,5154,0,0,0
16064,5158,12,0,12
16064,5162,10,0,10
16064,5166,0,0,0
16064,5170,0,0,0
16064,5314,0,0,0
16064,5315,25,0,25
16064,5316,0,0,0
16064,5334,10,0,10
16064,5358,0,0,0
16064,5362,0,0,0
16064,5366,0,0,0
16064,5370,0,0,0
16064,5374,0,0,0
16064,5378,0,0,0
16064,5382,0,0,0
16064,5512,0,0,0
16064,5513,0,0,0
16064,5515,0,0,0
16064,5554,0,0,0
16064,5558,0,0,0
16064,5562,12,12,0
16064,5566,0,0,0
16064,5570,0,0,0
16064,5711,0,0,0
16064,5754,15,0,15
16064,5758,0,0,0
16064,5762,0,0,0
16064,5766,10,0,10
16064,5770,0,0,0
16064,5774,17,0,17
16064,5911,0,0,0
16064,5913,0,0,0
16064,5914,0,0,0
16064,5915,0,0,0
16064,5916,0,0,0
16064,5954,0,0,0
16064,5958,32,0,32
16064,5962,0,0,0
16064,5966,0,0,0
16064,5970,0,0,0
16064,5974,0,0,0
16064,5978,0,0,0
16064,6411,14,0,14
16064,6412,160,22,138
16064,6413,12,0,12
16064,6414,23,0,23
16064,6431,0,0,0
16064,6432,0,0,0
16064,6433,40,0,40
16064,6434,23,0,23
16064,6435,41,0,41
16064,6436,13,0,13
16064,6437,0,0,0
16064,6438,21,0,21
16064,6439,0,0,0
16064,6440,40,10,30
16064,6531,24,0,24
16064,6532,0,0,0
16064,6533,0,0,0
16064,6534,11,0,11
16064,6535,39,12,27
16064,6611,148,18,130
16064,6631,93,44,49
16064,6632,182,37,145
16064,6633,95,27,68
16064,6634,61,22,39
16064,6635,17,0,17
16064,6636,886,249,637
16064,7111,0,0,0
16064,7131,0,0,0
16064,7132,0,0,0
16064,7133,30,0,30
16064,7134,0,0,0
16064,7135,0,0,0
16064,7137,0,0,0
16064,7138,0,0,0
16064,7140,0,0,0
16064,7141,0,0,0
16064,7143,0,0,0
16064,7211,0,0,0
16064,7231,0,0,0
16064,7232,0,0,0
16064,7233,0,0,0
16064,7235,0,0,0
16064,7311,0,0,0
16064,7312,0,0,0
16064,7313,0,0,0
16064,7314,0,0,0
16064,7315,12,0,12
16064,7316,0,0,0
16064,7317,0,0,0
16064,7318,0,0,0
16064,7319,0,0,0
16064,7320,0,0,0
16064,7331,0,0,0
16064,7332,0,0,0
16064,7333,0,0,0
16064,7334,0,0,0
16064,7335,0,0,0
16064,7336,0,0,0
16064,7337,0,0,0
16064,7338,0,0,0
16064,7339,0,0,0
16064,7340,0,0,0
16064,8111,17,0,17
16064,8115,12,0,12
16064,8116,15,0,15
16064,8117,0,0,0
16064,8118,19,0,19
16064,8119,0,0,0
16064,8121,10,0,10
16064,8125,10,0,10
16064,8126,0,0,0
16064,8127,19,0,19
16064,8128,0,0,0
16064,8135,0,0,0
16064,8136,0,0,0
16064,8211,0,0,0
16064,8212,0,0,0
16064,8215,24,0,24
16064,8216,0,0,0
16064,8221,0,0,0
16064,8222,24,0,24
16064,8225,0,0,0
16064,8226,12,0,12
16064,8231,0,0,0
16064,8235,0,0,0
16064,8236,0,0,0
16064,8237,0,0,0
16064,8311,0,0,0
16064,8315,0,0,0
16064,8316,0,0,0
16064,8317,0,0,0
16064,8325,0,0,0
16064,8326,0,0,0
16064,8327,0,0,0
16064,8335,0,0,0
16064,8336,0,0,0
16064,8337,0,0,0
16064,8415,27,0,27
16064,8416,0,0,0
16064,8417,0,0,0
16064,8421,0,0,0
16064,8425,0,0,0
16064,8426,0,0,0
16064,8435,0,0,0
16064,8436,0,0,0
16064,8437,0,0,0
16064,9161,16,0,16
16064,9162,54,0,54
16064,9163,11,0,11
16064,9171,0,0,0
16064,9172,0,0,0
16064,9173,0,0,0
16064,9174,0,0,0
16064,9175,0,0,0
16064,9176,0,0,0
16064,9177,0,0,0
16064,9178,0,0,0
16064,9179,0,0,0
16064,9180,0,0,0
16064,9181,0,0,0
16064,9182,0,0,0
16064,9183,0,0,0
16064,9184,36,0,36
16064,9185,0,0,0
16064,9186,0,0,0
16064,9187,0,0,0
16064,9188,0,0,0
16064,9189,0,0,0
16064,9190,0,0,0
16064,9261,0,0,0
16064,9262,0,0,0
16064,9263,0,0,0
16064,9271,0,0,0
16064,9272,0,0,0
16064,9273,0,0,0
16064,9274,0,0,0
16064,9275,0,0,0
16064,9276,0,0,0
16064,9277,11,0,11
16064,9278,0,0,0
16064,9279,0,0,0
16064,9361,0,0,0
16064,9362,0,0,0
16064,9363,0,0,0
16064,9371,0,0,0
16064,9372,0,0,0
16064,9373,10,0,10
16064,9374,12,0,12
16064,9375,0,0,0
16064,9376,0,0,0
16064,9377,0,0,0
16064,9461,0,0,0
16064,9462,0,0,0
16064,9463,0,0,0
16064,9464,0,0,0
16064,9471,0,0,0
16064,9472,0,0,0
16064,9473,11,0,11
16064,9474,0,0,0
16064,9475,0,0,0
16064,9476,0,0,0
16064,9477,0,0,0
16064,9478,0,0,0
16064,9479,0,0,0
16064,9561,0,0,0
16064,9562,12,0,12
16064,9563,0,0,0
16064,9564,35,0,35
16064,9565,0,0,0
16064,9571,0,0,0
16064,9572,0,0,0
16064,9573,0,0,0
16064,9574,0,0,0
16064,9575,0,0,0
16064,9576,0,0,0
16064,9577,0,0,0
16064,9661,10,0,10
16064,9662,0,0,0
16064,9663,0,0,0
16064,9671,13,0,13
16064,9672,14,14,0
16064,9673,21,0,21
16064,9674,0,0,0
16064,9675,0,0,0
16064,9676,0,0,0
16064,9677,0,0,0
16064,9678,10,10,0
16064,9679,0,0,0
16064,9761,0,0,0
16064,9762,0,0,0
16064,9763,0,0,0
16064,9764,0,0,0
16064,9771,0,0,0
16064,9772,0,0,0
16064,9773,0,0,0
16064,9774,0,0,0
16064,9775,0,0,0
16064,9776,0,0,0
16064,9777,0,0,0
16064,9778,0,0,0
16064,9779,0,0,0
16064,9780,0,0,0
16064,10041,0,0,0
16064,10042,0,0,0
16064,10043,0,0,0
16064,10044,0,0,0
16064,10045,0,0,0
16064,10046,0,0,0
16064,11000,133,29,104
16064,12051,0,0,0
16064,12052,0,0,0
16064,12053,0,0,0
16064,12054,16,0,16
16064,12060,0,0,0
16064,12061,0,0,0
16064,12062,0,0,0
16064,12063,0,0,0
16064,12064,0,0,0
16064,12065,0,0,0
16064,12066,0,0,0
16064,12067,0,0,0
16064,12068,0,0,0
16064,12069,0,0,0
16064,12070,0,0,0
16064,12071,0,0,0
16064,12072,12,0,12
16064,12073,0,0,0
16064,13003,0,0,0
16064,13004,0,0,0
16064,13071,0,0,0
16064,13072,0,0,0
16064,13073,13,13,0
16064,13074,0,0,0
16064,13075,0,0,0
16064,13076,0,0,0
16064,14511,29,10,19
16064,14521,0,0,0
16064,14522,12,0,12
16064,14523,14,0,14
16064,14524,21,0,21
16064,14612,80,13,67
16064,14625,10,0,10
16064,14626,0,0,0
16064,14627,0,0,0
16064,14628,0,0,0
16064,14713,155,46,109
16064,14729,27,13,14
16064,14730,21,10,11
16064,15001,0,0,0
16064,15002,48,11,37
16064,15003,18,0,18
16064,15081,0,0,0
16064,15082,26,11,15
16064,15083,0,0,0
16064,15084,35,22,13
16064,15085,22,0,22
16064,15086,0,0,0
16064,15087,80,34,46
16064,15088,17,0,17
16064,15089,0,0,0
16064,15090,0,0,0
16064,15091,0,0,0
16064,16051,3062,715,2347
16064,16052,37,15,22
16064,16053,143,40,103
16064,16054,106,53,53
16064,16055,135,51,84
16064,16056,1287,182,1105
16064,16061,3797,1483,2314
16064,16062,480,254,226
16064,16063,1372,556,816
16064,16064,0,0,0
16064,16065,1627,1243,384
16064,16066,145,52,93
16064,16067,2813,1299,1514
16064,16068,968,414,554
16064,16069,22,22,0
16064,16070,263,121,142
16064,16071,121,71,50
16064,16072,0,0,0
16064,16073,56,39,17
16064,16074,48,32,16
16064,16075,26,12,14
16064,16076,34,15,19
16064,16077,0,0,0
16065,1001,0,0,0
16065,1002,0,0,0
16065,1003,0,0,0
16065,1004,14,0,14
16065,1051,0,0,0
16065,1053,0,0,0
16065,1054,11,0,11
16065,1055,0,0,0
16065,1056,0,0,0
16065,1057,0,0,0
16065,1058,0,0,0
16065,1059,0,0,0
16065,1060,0,0,0
16065,1061,0,0,0
16065,1062,0,0,0
16065,2000,37,0,37
16065,3101,0,0,0
16065,3102,0,0,0
16065,3103,10,0,10
16065,3151,0,0,0
16065,3153,0,0,0
16065,3154,0,0,0
16065,3155,23,0,23
16065,3157,0,0,0
16065,3158,0,0,0
16065,3159,120,28,92
16065,3241,116,0,116
16065,3251,0,0,0
16065,3252,0,0,0
16065,3254,0,0,0
16065,3255,0,0,0
16065,3256,0,0,0
16065,3257,0,0,0
16065,3351,0,0,0
16065,3352,0,0,0
16065,3353,0,0,0
16065,3354,0,0,0
16065,3355,0,0,0
16065,3356,0,0,0
16065,3357,0,0,0
16065,3358,0,0,0
16065,3359,0,0,0
16065,3360,0,0,0
16065,3361,0,0,0
16065,3401,0,0,0
16065,3402,0,0,0
16065,3403,0,0,0
16065,3404,0,0,0
16065,3405,0,0,0
16065,3451,0,0,0
16065,3452,0,0,0
16065,3453,0,0,0
16065,3454,0,0,0
16065,3455,0,0,0
16065,3456,0,0,0
16065,3457,0,0,0
16065,3458,0,0,0
16065,3459,0,0,0
16065,3460,0,0,0
16065,3461,0,0,0
16065,3462,0,0,0
16065,4011,13,0,13
16065,4012,0,0,0
16065,5111,12,0,12
16065,5112,0,0,0
16065,5113,15,0,15
16065,5114,0,0,0
16065,5116,0,0,0
16065,5117,0,0,0
16065,5119,0,0,0
16065,5120,0,0,0
16065,5122,0,0,0
16065,5124,0,0,0
16065,5154,0,0,0
16065,5158,12,0,12
16065,5162,0,0,0
16065,5166,0,0,0
16065,5170,0,0,0
16065,5314,0,0,0
16065,5315,17,0,17
16065,5316,0,0,0
16065,5334,0,0,0
16065,5358,0,0,0
16065,5362,0,0,0
16065,5366,0,0,0
16065,5370,0,0,0
16065,5374,0,0,0
16065,5378,0,0,0
16065,5382,0,0,0
16065,5512,0,0,0
16065,5513,0,0,0
16065,5515,0,0,0
16065,5554,0,0,0
16065,5558,0,0,0
16065,5562,0,0,0
16065,5566,0,0,0
16065,5570,0,0,0
16065,5711,0,0,0
16065,5754,16,0,16
16065,5758,0,0,0
16065,5762,0,0,0
16065,5766,0,0,0
16065,5770,17,0,17
16065,5774,0,0,0
16065,5911,0,0,0
16065,5913,12,0,12
16065,5914,0,0,0
16065,5915,0,0,0
16065,5916,0,0,0
16065,5954,0,0,0
16065,5958,14,0,14
16065,5962,0,0,0
16065,5966,0,0,0
16065,5970,0,0,0
16065,5974,0,0,0
16065,5978,121,0,121
16065,6411,0,0,0
16065,6412,58,0,58
16065,6413,0,0,0
16065,6414,0,0,0
16065,6431,0,0,0
16065,6432,11,0,11
16065,6433,0,0,0
16065,6434,12,0,12
16065,6435,19,0,19
16065,6436,10,0,10
16065,6437,0,0,0
16065,6438,25,0,25
16065,6439,0,0,0
16065,6440,12,0,12
16065,6531,0,0,0
16065,6532,0,0,0
16065,6533,0,0,0
16065,6534,0,0,0
16065,6535,0,0,0
16065,6611,31,0,31
16065,6631,32,0,32
16065,6632,33,0,33
16065,6633,14,0,14
16065,6634,22,0,22
16065,6635,0,0,0
16065,6636,11,0,11
16065,7111,12,0,12
16065,7131,0,0,0
16065,7132,0,0,0
16065,7133,0,0,0
16065,7134,0,0,0
16065,7135,0,0,0
16065,7137,0,0,0
16065,7138,0,0,0
16065,7140,0,0,0
16065,7141,0,0,0
16065,7143,0,0,0
16065,7211,0,0,0
16065,7231,0,0,0
16065,7232,0,0,0
16065,7233,0,0,0
16065,7235,0,0,0
16065,7311,0,0,0
16065,7312,0,0,0
16065,7313,0,0,0
16065,7314,0,0,0
16065,7315,0,0,0
16065,7316,0,0,0
16065,7317,0,0,0
16065,7318,0,0,0
16065,7319,0,0,0
16065,7320,0,0,0
16065,7331,0,0,0
16065,7332,0,0,0
16065,7333,0,0,0
16065,7334,0,0,0
16065,7335,0,0,0
16065,7336,0,0,0
16065,7337,0,0,0
16065,7338,0,0,0
16065,7339,0,0,0
16065,7340,0,0,0
16065,8111,23,0,23
16065,8115,12,0,12
16065,8116,0,0,0
16065,8117,10,0,10
16065,8118,13,0,13
16065,8119,0,0,0
16065,8121,0,0,0
16065,8125,0,0,0
16065,8126,0,0,0
16065,8127,0,0,0
16065,8128,23,23,0
16065,8135,0,0,0
16065,8136,0,0,0
16065,8211,0,0,0
16065,8212,0,0,0
16065,8215,22,0,22
16065,8216,0,0,0
16065,8221,0,0,0
16065,8222,10,0,10
16065,8225,0,0,0
16065,8226,11,0,11
16065,8231,0,0,0
16065,8235,0,0,0
16065,8236,0,0,0
16065,8237,0,0,0
16065,8311,0,0,0
16065,8315,0,0,0
16065,8316,0,0,0
16065,8317,0,0,0
16065,8325,0,0,0
16065,8326,0,0,0
16065,8327,0,0,0
16065,8335,0,0,0
16065,8336,0,0,0
16065,8337,0,0,0
16065,8415,0,0,0
16065,8416,0,0,0
16065,8417,0,0,0
16065,8421,0,0,0
16065,8425,0,0,0
16065,8426,0,0,0
16065,8435,0,0,0
16065,8436,0,0,0
16065,8437,0,0,0
16065,9161,0,0,0
16065,9162,42,0,42
16065,9163,0,0,0
16065,9171,0,0,0
16065,9172,0,0,0
16065,9173,0,0,0
16065,9174,0,0,0
16065,9175,0,0,0
16065,9176,0,0,0
16065,9177,0,0,0
16065,9178,0,0,0
16065,9179,0,0,0
16065,9180,0,0,0
16065,9181,0,0,0
16065,9182,0,0,0
16065,9183,0,0,0
16065,9184,20,0,20
16065,9185,0,0,0
16065,9186,17,0,17
16065,9187,0,0,0
16065,9188,0,0,0
16065,9189,0,0,0
16065,9190,0,0,0
16065,9261,0,0,0
16065,9262,0,0,0
16065,9263,0,0,0
16065,9271,0,0,0
16065,9272,0,0,0
16065,9273,0,0,0
16065,9274,0,0,0
16065,9275,0,0,0
16065,9276,0,0,0
16065,9277,0,0,0
16065,9278,0,0,0
16065,9279,0,0,0
16065,9361,0,0,0
16065,9362,0,0,0
16065,9363,0,0,0
16065,9371,0,0,0
16065,9372,0,0,0
16065,9373,11,0,11
16065,9374,0,0,0
16065,9375,0,0,0
16065,9376,0,0,0
16065,9377,0,0,0
16065,9461,0,0,0
16065,9462,0,0,0
16065,9463,0,0,0
16065,9464,0,0,0
16065,9471,0,0,0
16065,9472,0,0,0
16065,9473,0,0,0
16065,9474,0,0,0
16065,9475,0,0,0
16065,9476,0,0,0
16065,9477,0,0,0
16065,9478,0,0,0
16065,9479,0,0,0
16065,9561,0,0,0
16065,9562,0,0,0
16065,9563,0,0,0
16065,9564,31,0,31
16065,9565,0,0,0
16065,9571,0,0,0
16065,9572,0,0,0
16065,9573,14,0,14
16065,9574,0,0,0
16065,9575,0,0,0
16065,9576,0,0,0
16065,9577,0,0,0
16065,9661,0,0,0
16065,9662,0,0,0
16065,9663,0,0,0
16065,9671,0,0,0
16065,9672,0,0,0
16065,9673,0,0,0
16065,9674,0,0,0
16065,9675,0,0,0
16065,9676,0,0,0
16065,9677,10,0,10
16065,9678,0,0,0
16065,9679,0,0,0
16065,9761,0,0,0
16065,9762,0,0,0
16065,9763,0,0,0
16065,9764,0,0,0
16065,9771,0,0,0
16065,9772,0,0,0
16065,9773,0,0,0
16065,9774,0,0,0
16065,9775,0,0,0
16065,9776,0,0,0
16065,9777,0,0,0
16065,9778,0,0,0
16065,9779,0,0,0
16065,9780,0,0,0
16065,10041,0,0,0
16065,10042,0,0,0
16065,10043,0,0,0
16065,10044,0,0,0
16065,10045,0,0,0
16065,10046,0,0,0
16065,11000,110,21,89
16065,12051,0,0,0
16065,12052,0,0,0
16065,12053,0,0,0
16065,12054,0,0,0
16065,12060,0,0,0
16065,12061,0,0,0
16065,12062,0,0,0
16065,12063,0,0,0
16065,12064,0,0,0
16065,12065,0,0,0
16065,12066,0,0,0
16065,12067,0,0,0
16065,12068,0,0,0
16065,12069,0,0,0
16065,12070,0,0,0
16065,12071,0,0,0
16065,12072,0,0,0
16065,12073,0,0,0
16065,13003,0,0,0
16065,13004,0,0,0
16065,13071,0,0,0
16065,13072,0,0,0
16065,13073,0,0,0
16065,13074,0,0,0
16065,13075,0,0,0
16065,13076,0,0,0
16065,14511,0,0,0
16065,14521,0,0,0
16065,14522,15,0,15
16065,14523,0,0,0
16065,14524,23,0,23
16065,14612,66,0,66
16065,14625,10,0,10
16065,14626,0,0,0
16065,14627,0,0,0
16065,14628,0,0,0
16065,14713,176,51,125
16065,14729,33,12,21
16065,14730,28,11,17
16065,15001,0,0,0
16065,15002,234,91,143
16065,15003,39,11,28
16065,15081,0,0,0
16065,15082,17,0,17
16065,15083,14,0,14
16065,15084,583,285,298
16065,15085,51,23,28
16065,15086,0,0,0
16065,15087,2068,863,1205
16065,15088,580,237,343
16065,15089,37,15,22
16065,15090,0,0,0
16065,15091,0,0,0
16065,16051,1996,186,1810
16065,16052,13,0,13
16065,16053,91,15,76
16065,16054,0,0,0
16065,16055,168,37,131
16065,16056,45,0,45
16065,16061,445,103,342
16065,16062,2607,1048,1559
16065,16063,78,16,62
16065,16064,1627,384,1243
16065,16065,0,0,0
16065,16066,69,44,25
16065,16067,209,44,165
16065,16068,3128,496,2632
16065,16069,11,11,0
16065,16070,90,16,74
16065,16071,183,46,137
16065,16072,0,0,0
16065,16073,37,24,13
16065,16074,11,0,11
16065,16075,0,0,0
16065,16076,0,0,0
16065,16077,0,0,0
16066,1001,0,0,0
16066,1002,0,0,0
16066,1003,0,0,0
16066,1004,0,0,0
16066,1051,0,0,0
16066,1053,0,0,0
16066,1054,0,0,0
16066,1055,0,0,0
16066,1056,0,0,0
16066,1057,0,0,0
16066,1058,0,0,0
16066,1059,0,0,0
16066,1060,0,0,0
16066,1061,0,0,0
16066,1062,14,0,14
16066,2000,48,0,48
16066,3101,16,0,16
16066,3102,0,0,0
16066,3103,0,0,0
16066,3151,0,0,0
16066,3153,0,0,0
16066,3154,0,0,0
16066,3155,0,0,0
16066,3157,0,0,0
16066,3158,0,0,0
16066,3159,13,0,13
16066,3241,28,0,28
16066,3251,0,0,0
16066,3252,0,0,0
16066,3254,0,0,0
16066,3255,0,0,0
16066,3256,0,0,0
16066,3257,0,0,0
16066,3351,0,0,0
16066,3352,0,0,0
16066,3353,0,0,0
16066,3354,0,0,0
16066,3355,0,0,0
16066,3356,18,18,0
16066,3357,0,0,0
16066,3358,0,0,0
16066,3359,0,0,0
16066,3360,0,0,0
16066,3361,0,0,0
16066,3401,0,0,0
16066,3402,0,0,0
16066,3403,0,0,0
16066,3404,0,0,0
16066,3405,24,24,0
16066,3451,0,0,0
16066,3452,0,0,0
16066,3453,0,0,0
16066,3454,0,0,0
16066,3455,17,17,0
16066,3456,0,0,0
16066,3457,0,0,0
16066,3458,0,0,0
16066,3459,0,0,0
16066,3460,0,0,0
16066,3461,0,0,0
16066,3462,14,14,0
16066,4011,0,0,0
16066,4012,0,0,0
16066,5111,16,0,16
16066,5112,0,0,0
16066,5113,0,0,0
16066,5114,0,0,0
16066,5116,0,0,0
16066,5117,0,0,0
16066,5119,0,0,0
16066,5120,0,0,0
16066,5122,0,0,0
16066,5124,0,0,0
16066,5154,0,0,0
16066,5158,0,0,0
16066,5162,0,0,0
16066,5166,0,0,0
16066,5170,0,0,0
16066,5314,10,0,10
16066,5315,27,0,27
16066,5316,0,0,0
16066,5334,0,0,0
16066,5358,0,0,0
16066,5362,0,0,0
16066,5366,0,0,0
16066,5370,0,0,0
16066,5374,0,0,0
16066,5378,0,0,0
16066,5382,12,0,12
16066,5512,0,0,0
16066,5513,0,0,0
16066,5515,0,0,0
16066,5554,0,0,0
16066,5558,0,0,0
16066,5562,0,0,0
16066,5566,0,0,0
16066,5570,0,0,0
16066,5711,0,0,0
16066,5754,14,0,14
16066,5758,15,0,15
16066,5762,0,0,0
16066,5766,0,0,0
16066,5770,19,0,19
16066,5774,10,0,10
16066,5911,0,0,0
16066,5913,16,0,16
16066,5914,0,0,0
16066,5915,0,0,0
16066,5916,0,0,0
16066,5954,0,0,0
16066,5958,10,10,0
16066,5962,54,0,54
16066,5966,0,0,0
16066,5970,13,0,13
16066,5974,0,0,0
16066,5978,11,0,11
16066,6411,25,0,25
16066,6412,145,0,145
16066,6413,0,0,0
16066,6414,21,0,21
16066,6431,18,0,18
16066,6432,19,0,19
16066,6433,25,0,25
16066,6434,19,0,19
16066,6435,86,0,86
16066,6436,18,0,18
16066,6437,0,0,0
16066,6438,43,0,43
16066,6439,0,0,0
16066,6440,21,0,21
16066,6531,21,11,10
16066,6532,12,0,12
16066,6533,0,0,0
16066,6534,11,11,0
16066,6535,42,19,23
16066,6611,62,0,62
16066,6631,1508,130,1378
16066,6632,213,44,169
16066,6633,14,0,14
16066,6634,11,0,11
16066,6635,0,0,0
16066,6636,0,0,0
16066,7111,0,0,0
16066,7131,0,0,0
16066,7132,0,0,0
16066,7133,0,0,0
16066,7134,0,0,0
16066,7135,0,0,0
16066,7137,0,0,0
16066,7138,17,0,17
16066,7140,11,0,11
16066,7141,11,0,11
16066,7143,0,0,0
16066,7211,0,0,0
16066,7231,0,0,0
16066,7232,0,0,0
16066,7233,0,0,0
16066,7235,0,0,0
16066,7311,0,0,0
16066,7312,0,0,0
16066,7313,0,0,0
16066,7314,0,0,0
16066,7315,0,0,0
16066,7316,0,0,0
16066,7317,0,0,0
16066,7318,0,0,0
16066,7319,0,0,0
16066,7320,0,0,0
16066,7331,0,0,0
16066,7332,0,0,0
16066,7333,0,0,0
16066,7334,0,0,0
16066,7335,0,0,0
16066,7336,0,0,0
16066,7337,0,0,0
16066,7338,0,0,0
16066,7339,0,0,0
16066,7340,0,0,0
16066,8111,47,0,47
16066,8115,12,0,12
16066,8116,26,0,26
16066,8117,0,0,0
16066,8118,18,0,18
16066,8119,20,0,20
16066,8121,13,0,13
16066,8125,35,0,35
16066,8126,15,0,15
16066,8127,0,0,0
16066,8128,15,0,15
16066,8135,0,0,0
16066,8136,0,0,0
16066,8211,0,0,0
16066,8212,11,0,11
16066,8215,11,0,11
16066,8216,0,0,0
16066,8221,0,0,0
16066,8222,10,0,10
16066,8225,0,0,0
16066,8226,15,0,15
16066,8231,0,0,0
16066,8235,0,0,0
16066,8236,11,0,11
16066,8237,0,0,0
16066,8311,0,0,0
16066,8315,0,0,0
16066,8316,0,0,0
16066,8317,0,0,0
16066,8325,0,0,0
16066,8326,0,0,0
16066,8327,0,0,0
16066,8335,0,0,0
16066,8336,0,0,0
16066,8337,0,0,0
16066,8415,13,0,13
16066,8416,0,0,0
16066,8417,0,0,0
16066,8421,10,0,10
16066,8425,0,0,0
16066,8426,0,0,0
16066,8435,0,0,0
16066,8436,10,0,10
16066,8437,0,0,0
16066,9161,0,0,0
16066,9162,132,12,120
16066,9163,0,0,0
16066,9171,0,0,0
16066,9172,0,0,0
16066,9173,0,0,0
16066,9174,0,0,0
16066,9175,0,0,0
16066,9176,0,0,0
16066,9177,0,0,0
16066,9178,12,0,12
16066,9179,0,0,0
16066,9180,0,0,0
16066,9181,0,0,0
16066,9182,11,0,11
16066,9183,0,0,0
16066,9184,34,0,34
16066,9185,0,0,0
16066,9186,0,0,0
16066,9187,0,0,0
16066,9188,0,0,0
16066,9189,0,0,0
16066,9190,0,0,0
16066,9261,0,0,0
16066,9262,0,0,0
16066,9263,0,0,0
16066,9271,0,0,0
16066,9272,0,0,0
16066,9273,0,0,0
16066,9274,12,0,12
16066,9275,0,0,0
16066,9276,0,0,0
16066,9277,0,0,0
16066,9278,0,0,0
16066,9279,0,0,0
16066,9361,0,0,0
16066,9362,0,0,0
16066,9363,0,0,0
16066,9371,0,0,0
16066,9372,0,0,0
16066,9373,0,0,0
16066,9374,0,0,0
16066,9375,0,0,0
16066,9376,0,0,0
16066,9377,0,0,0
16066,9461,25,0,25
16066,9462,0,0,0
16066,9463,128,23,105
16066,9464,0,0,0
16066,9471,20,0,20
16066,9472,10,10,0
16066,9473,130,47,83
16066,9474,0,0,0
16066,9475,0,0,0
16066,9476,0,0,0
16066,9477,23,12,11
16066,9478,59,37,22
16066,9479,0,0,0
16066,9561,0,0,0
16066,9562,23,0,23
16066,9563,30,0,30
16066,9564,118,13,105
16066,9565,0,0,0
16066,9571,0,0,0
16066,9572,10,0,10
16066,9573,0,0,0
16066,9574,0,0,0
16066,9575,0,0,0
16066,9576,0,0,0
16066,9577,0,0,0
16066,9661,21,0,21
16066,9662,171,0,171
16066,9663,73,0,73
16066,9671,0,0,0
16066,9672,301,78,223
16066,9673,2957,488,2469
16066,9674,47,0,47
16066,9675,31,0,31
16066,9676,0,0,0
16066,9677,30,0,30
16066,9678,119,17,102
16066,9679,44,12,32
16066,9761,29,0,29
16066,9762,0,0,0
16066,9763,0,0,0
16066,9764,0,0,0
16066,9771,0,0,0
16066,9772,0,0,0
16066,9773,0,0,0
16066,9774,0,0,0
16066,9775,0,0,0
16066,9776,0,0,0
16066,9777,0,0,0
16066,9778,0,0,0
16066,9779,0,0,0
16066,9780,0,0,0
16066,10041,0,0,0
16066,10042,0,0,0
16066,10043,0,0,0
16066,10044,0,0,0
16066,10045,0,0,0
16066,10046,0,0,0
16066,11000,312,83,229
16066,12051,0,0,0
16066,12052,0,0,0
16066,12053,0,0,0
16066,12054,0,0,0
16066,12060,0,0,0
16066,12061,0,0,0
16066,12062,0,0,0
16066,12063,14,0,14
16066,12064,0,0,0
16066,12065,0,0,0
16066,12066,0,0,0
16066,12067,0,0,0
16066,12068,0,0,0
16066,12069,0,0,0
16066,12070,0,0,0
16066,12071,0,0,0
16066,12072,0,0,0
16066,12073,0,0,0
16066,13003,0,0,0
16066,13004,0,0,0
16066,13071,0,0,0
16066,13072,0,0,0
16066,13073,0,0,0
16066,13074,0,0,0
16066,13075,0,0,0
16066,13076,0,0,0
16066,14511,37,11,26
16066,14521,14,0,14
16066,14522,29,14,15
16066,14523,26,15,11
16066,14524,37,12,25
16066,14612,92,17,75
16066,14625,0,0,0
16066,14626,0,0,0
16066,14627,33,14,19
16066,14628,0,0,0
16066,14713,108,20,88
16066,14729,38,16,22
16066,14730,0,0,0
16066,15001,0,0,0
16066,15002,40,15,25
16066,15003,18,0,18
16066,15081,0,0,0
16066,15082,39,39,0
16066,15083,0,0,0
16066,15084,42,26,16
16066,15085,10,10,0
16066,15086,0,0,0
16066,15087,38,22,16
16066,15088,37,16,21
16066,15089,11,11,0
16066,15090,0,0,0
16066,15091,0,0,0
16066,16051,1417,257,1160
16066,16052,47,17,30
16066,16053,124,36,88
16066,16054,6191,2467,3724
16066,16055,127,38,89
16066,16056,501,178,323
16066,16061,38,22,16
16066,16062,16,0,16
16066,16063,5098,2051,3047
16066,16064,145,93,52
16066,16065,69,25,44
16066,16066,0,0,0
16066,16067,1251,639,612
16066,16068,78,51,27
16066,16069,2549,1435,1114
16066,16070,1077,664,413
16066,16071,74,46,28
16066,16072,255,180,75
16066,16073,100,71,29
16066,16074,29,13,16
16066,16075,10,10,0
16066,16076,18,18,0
16066,16077,0,0,0
16067,1001,0,0,0
16067,1002,0,0,0
16067,1003,0,0,0
16067,1004,0,0,0
16067,1051,0,0,0
16067,1053,0,0,0
16067,1054,0,0,0
16067,1055,0,0,0
16067,1056,0,0,0
16067,1057,0,0,0
16067,1058,0,0,0
16067,1059,0,0,0
16067,1060,0,0,0
16067,1061,0,0,0
16067,1062,0,0,0
16067,2000,75,0,75
16067,3101,27,27,0
16067,3102,0,0,0
16067,3103,0,0,0
16067,3151,0,0,0
16067,3153,0,0,0
16067,3154,0,0,0
16067,3155,0,0,0
16067,3157,0,0,0
16067,3158,0,0,0
16067,3159,43,27,16
16067,3241,79,10,69
16067,3251,0,0,0
16067,3252,0,0,0
16067,3254,0,0,0
16067,3255,0,0,0
16067,3256,0,0,0
16067,3257,0,0,0
16067,3351,0,0,0
16067,3352,0,0,0
16067,3353,0,0,0
16067,3354,0,0,0
16067,3355,0,0,0
16067,3356,0,0,0
16067,3357,0,0,0
16067,3358,0,0,0
16067,3359,0,0,0
16067,3360,0,0,0
16067,3361,0,0,0
16067,3401,0,0,0
16067,3402,0,0,0
16067,3403,0,0,0
16067,3404,0,0,0
16067,3405,0,0,0
16067,3451,0,0,0
16067,3452,0,0,0
16067,3453,0,0,0
16067,3454,0,0,0
16067,3455,0,0,0
16067,3456,0,0,0
16067,3457,0,0,0
16067,3458,0,0,0
16067,3459,15,0,15
16067,3460,0,0,0
16067,3461,0,0,0
16067,3462,0,0,0
16067,4011,14,0,14
16067,4012,0,0,0
16067,5111,43,0,43
16067,5112,0,0,0
16067,5113,28,0,28
16067,5114,0,0,0
16067,5116,0,0,0
16067,5117,0,0,0
16067,5119,0,0,0
16067,5120,0,0,0
16067,5122,0,0,0
16067,5124,0,0,0
16067,5154,11,0,11
16067,5158,0,0,0
16067,5162,12,0,12
16067,5166,0,0,0
16067,5170,0,0,0
16067,5314,0,0,0
16067,5315,50,12,38
16067,5316,0,0,0
16067,5334,0,0,0
16067,5358,0,0,0
16067,5362,0,0,0
16067,5366,0,0,0
16067,5370,0,0,0
16067,5374,23,0,23
16067,5378,11,0,11
16067,5382,13,0,13
16067,5512,0,0,0
16067,5513,10,0,10
16067,5515,0,0,0
16067,5554,0,0,0
16067,5558,0,0,0
16067,5562,0,0,0
16067,5566,0,0,0
16067,5570,0,0,0
16067,5711,0,0,0
16067,5754,49,0,49
16067,5758,0,0,0
16067,5762,0,0,0
16067,5766,0,0,0
16067,5770,0,0,0
16067,5774,13,0,13
16067,5911,10,0,10
16067,5913,11,0,11
16067,5914,0,0,0
16067,5915,0,0,0
16067,5916,0,0,0
16067,5954,0,0,0
16067,5958,10,0,10
16067,5962,0,0,0
16067,5966,0,0,0
16067,5970,11,0,11
16067,5974,0,0,0
16067,5978,16,0,16
16067,6411,16,0,16
16067,6412,140,19,121
16067,6413,0,0,0
16067,6414,16,0,16
16067,6431,0,0,0
16067,6432,14,0,14
16067,6433,14,0,14
16067,6434,12,0,12
16067,6435,63,17,46
16067,6436,24,0,24
16067,6437,0,0,0
16067,6438,24,0,24
16067,6439,0,0,0
16067,6440,14,0,14
16067,6531,28,0,28
16067,6532,17,0,17
16067,6533,0,0,0
16067,6534,14,0,14
16067,6535,0,0,0
16067,6611,55,13,42
16067,6631,97,18,79
16067,6632,158,54,104
16067,6633,21,0,21
16067,6634,31,18,13
16067,6635,0,0,0
16067,6636,69,41,28
16067,7111,0,0,0
16067,7131,0,0,0
16067,7132,0,0,0
16067,7133,15,0,15
16067,7134,0,0,0
16067,7135,0,0,0
16067,7137,0,0,0
16067,7138,12,0,12
16067,7140,15,0,15
16067,7141,0,0,0
16067,7143,14,0,14
16067,7211,0,0,0
16067,7231,0,0,0
16067,7232,0,0,0
16067,7233,0,0,0
16067,7235,0,0,0
16067,7311,0,0,0
16067,7312,0,0,0
16067,7313,0,0,0
16067,7314,0,0,0
16067,7315,15,0,15
16067,7316,0,0,0
16067,7317,0,0,0
16067,7318,0,0,0
16067,7319,0,0,0
16067,7320,0,0,0
16067,7331,0,0,0
16067,7332,0,0,0
16067,7333,0,0,0
16067,7334,0,0,0
16067,7335,0,0,0
16067,7336,0,0,0
16067,7337,0,0,0
16067,7338,0,0,0
16067,7339,0,0,0
16067,7340,0,0,0
16067,8111,34,0,34
16067,8115,0,0,0
16067,8116,46,17,29
16067,8117,14,0,14
16067,8118,33,11,22
16067,8119,10,0,10
16067,8121,13,0,13
16067,8125,21,0,21
16067,8126,0,0,0
16067,8127,0,0,0
16067,8128,0,0,0
16067,8135,0,0,0
16067,8136,0,0,0
16067,8211,0,0,0
16067,8212,14,0,14
16067,8215,17,0,17
16067,8216,0,0,0
16067,8221,11,0,11
16067,8222,24,0,24
16067,8225,0,0,0
16067,8226,0,0,0
16067,8231,0,0,0
16067,8235,0,0,0
16067,8236,0,0,0
16067,8237,0,0,0
16067,8311,13,0,13
16067,8315,0,0,0
16067,8316,0,0,0
16067,8317,27,0,27
16067,8325,0,0,0
16067,8326,0,0,0
16067,8327,0,0,0
16067,8335,0,0,0
16067,8336,0,0,0
16067,8337,0,0,0
16067,8415,15,0,15
16067,8416,0,0,0
16067,8417,0,0,0
16067,8421,14,0,14
16067,8425,0,0,0
16067,8426,0,0,0
16067,8435,0,0,0
16067,8436,0,0,0
16067,8437,0,0,0
16067,9161,22,0,22
16067,9162,101,14,87
16067,9163,15,0,15
16067,9171,0,0,0
16067,9172,0,0,0
16067,9173,0,0,0
16067,9174,0,0,0
16067,9175,0,0,0
16067,9176,0,0,0
16067,9177,0,0,0
16067,9178,0,0,0
16067,9179,0,0,0
16067,9180,0,0,0
16067,9181,0,0,0
16067,9182,0,0,0
16067,9183,0,0,0
16067,9184,36,0,36
16067,9185,0,0,0
16067,9186,0,0,0
16067,9187,0,0,0
16067,9188,0,0,0
16067,9189,0,0,0
16067,9190,0,0,0
16067,9261,0,0,0
16067,9262,0,0,0
16067,9263,0,0,0
16067,9271,0,0,0
16067,9272,0,0,0
16067,9273,0,0,0
16067,9274,0,0,0
16067,9275,0,0,0
16067,9276,0,0,0
16067,9277,0,0,0
16067,9278,0,0,0
16067,9279,0,0,0
16067,9361,0,0,0
16067,9362,0,0,0
16067,9363,0,0,0
16067,9371,0,0,0
16067,9372,0,0,0
16067,9373,0,0,0
16067,9374,0,0,0
16067,9375,0,0,0
16067,9376,0,0,0
16067,9377,0,0,0
16067,9461,0,0,0
16067,9462,0,0,0
16067,9463,10,0,10
16067,9464,0,0,0
16067,9471,37,0,37
16067,9472,0,0,0
16067,9473,17,0,17
16067,9474,0,0,0
16067,9475,0,0,0
16067,9476,0,0,0
16067,9477,0,0,0
16067,9478,11,0,11
16067,9479,0,0,0
16067,9561,0,0,0
16067,9562,18,0,18
16067,9563,11,0,11
16067,9564,58,11,47
16067,9565,0,0,0
16067,9571,0,0,0
16067,9572,0,0,0
16067,9573,0,0,0
16067,9574,0,0,0
16067,9575,0,0,0
16067,9576,0,0,0
16067,9577,0,0,0
16067,9661,0,0,0
16067,9662,0,0,0
16067,9663,18,0,18
16067,9671,33,33,0
16067,9672,40,0,40
16067,9673,18,0,18
16067,9674,0,0,0
16067,9675,0,0,0
16067,9676,0,0,0
16067,9677,10,0,10
16067,9678,0,0,0
16067,9679,10,0,10
16067,9761,0,0,0
16067,9762,0,0,0
16067,9763,0,0,0
16067,9764,0,0,0
16067,9771,0,0,0
16067,9772,0,0,0
16067,9773,0,0,0
16067,9774,0,0,0
16067,9775,0,0,0
16067,9776,0,0,0
16067,9777,16,0,16
16067,9778,0,0,0
16067,9779,0,0,0
16067,9780,0,0,0
16067,10041,33,0,33
16067,10042,0,0,0
16067,10043,0,0,0
16067,10044,0,0,0
16067,10045,0,0,0
16067,10046,0,0,0
16067,11000,252,59,193
16067,12051,0,0,0
16067,12052,0,0,0
16067,12053,12,0,12
16067,12054,10,0,10
16067,12060,0,0,0
16067,12061,0,0,0
16067,12062,0,0,0
16067,12063,0,0,0
16067,12064,0,0,0
16067,12065,0,0,0
16067,12066,0,0,0
16067,12067,0,0,0
16067,12068,0,0,0
16067,12069,11,0,11
16067,12070,0,0,0
16067,12071,0,0,0
16067,12072,11,0,11
16067,12073,0,0,0
16067,13003,0,0,0
16067,13004,0,0,0
16067,13071,0,0,0
16067,13072,0,0,0
16067,13073,0,0,0
16067,13074,0,0,0
16067,13075,20,10,10
16067,13076,0,0,0
16067,14511,63,11,52
16067,14521,0,0,0
16067,14522,42,20,22
16067,14523,36,14,22
16067,14524,84,71,13
16067,14612,163,24,139
16067,14625,26,0,26
16067,14626,14,0,14
16067,14627,26,0,26
16067,14628,14,0,14
16067,14713,218,49,169
16067,14729,64,20,44
16067,14730,18,0,18
16067,15001,0,0,0
16067,15002,87,20,67
16067,15003,39,10,29
16067,15081,0,0,0
16067,15082,33,12,21
16067,15083,11,0,11
16067,15084,64,35,29
16067,15085,0,0,0
16067,15086,0,0,0
16067,15087,43,30,13
16067,15088,41,14,27
16067,15089,11,11,0
16067,15090,0,0,0
16067,15091,0,0,0
16067,16051,9379,2757,6622
16067,16052,61,33,28
16067,16053,247,71,176
16067,16054,410,209,201
16067,16055,437,212,225
16067,16056,2138,748,1390
16067,16061,177,102,75
16067,16062,128,64,64
16067,16063,2779,1428,1351
16067,16064,2813,1514,1299
16067,16065,209,165,44
16067,16066,1251,612,639
16067,16067,0,0,0
16067,16068,869,404,465
16067,16069,99,67,32
16067,16070,3637,1736,1901
16067,16071,442,282,160
16067,16072,46,23,23
16067,16073,177,119,58
16067,16074,137,48,89
16067,16075,66,29,37
16067,16076,76,47,29
16067,16077,28,28,0
16068,1001,0,0,0
16068,1002,0,0,0
16068,1003,0,0,0
16068,1004,0,0,0
16068,1051,0,0,0
16068,1053,0,0,0
16068,1054,0,0,0
16068,1055,0,0,0
16068,1056,0,0,0
16068,1057,0,0,0
16068,1058,0,0,0
16068,1059,0,0,0
16068,1060,0,0,0
16068,1061,0,0,0
16068,1062,0,0,0
16068,2000,31,0,31
16068,3101,0,0,0
16068,3102,0,0,0
16068,3103,0,0,0
16068,3151,0,0,0
16068,3153,0,0,0
16068,3154,0,0,0
16068,3155,0,0,0
16068,3157,0,0,0
16068,3158,0,0,0
16068,3159,0,0,0
16068,3241,48,22,26
16068,3251,0,0,0
16068,3252,0,0,0
16068,3254,0,0,0
16068,3255,0,0,0
16068,3256,0,0,0
16068,3257,0,0,0
16068,3351,0,0,0
16068,3352,0,0,0
16068,3353,0,0,0
16068,3354,0,0,0
16068,3355,0,0,0
16068,3356,0,0,0
16068,3357,0,0,0
16068,3358,0,0,0
16068,3359,0,0,0
16068,3360,0,0,0
16068,3361,0,0,0
16068,3401,0,0,0
16068,3402,0,0,0
16068,3403,0,0,0
16068,3404,0,0,0
16068,3405,0,0,0
16068,3451,0,0,0
16068,3452,0,0,0
16068,3453,0,0,0
16068,3454,0,0,0
16068,3455,0,0,0
16068,3456,0,0,0
16068,3457,0,0,0
16068,3458,0,0,0
16068,3459,0,0,0
16068,3460,0,0,0
16068,3461,0,0,0
16068,3462,0,0,0
16068,4011,18,0,18
16068,4012,0,0,0
16068,5111,15,0,15
16068,5112,0,0,0
16068,5113,10,0,10
16068,5114,13,0,13
16068,5116,0,0,0
16068,5117,0,0,0
16068,5119,0,0,0
16068,5120,0,0,0
16068,5122,0,0,0
16068,5124,0,0,0
16068,5154,0,0,0
16068,5158,0,0,0
16068,5162,0,0,0
16068,5166,0,0,0
16068,5170,0,0,0
16068,5314,0,0,0
16068,5315,19,0,19
16068,5316,0,0,0
16068,5334,0,0,0
16068,5358,0,0,0
16068,5362,0,0,0
16068,5366,0,0,0
16068,5370,0,0,0
16068,5374,0,0,0
16068,5378,18,0,18
16068,5382,0,0,0
16068,5512,0,0,0
16068,5513,0,0,0
16068,5515,0,0,0
16068,5554,0,0,0
16068,5558,0,0,0
16068,5562,0,0,0
16068,5566,0,0,0
16068,5570,0,0,0
16068,5711,0,0,0
16068,5754,12,0,12
16068,5758,0,0,0
16068,5762,0,0,0
16068,5766,0,0,0
16068,5770,13,0,13
16068,5774,0,0,0
16068,5911,0,0,0
16068,5913,0,0,0
16068,5914,0,0,0
16068,5915,0,0,0
16068,5916,0,0,0
16068,5954,0,0,0
16068,5958,0,0,0
16068,5962,0,0,0
16068,5966,0,0,0
16068,5970,0,0,0
16068,5974,0,0,0
16068,5978,339,0,339
16068,6411,0,0,0
16068,6412,45,0,45
16068,6413,0,0,0
16068,6414,0,0,0
16068,6431,0,0,0
16068,6432,0,0,0
16068,6433,13,0,13
16068,6434,0,0,0
16068,6435,12,0,12
16068,6436,0,0,0
16068,6437,0,0,0
16068,6438,15,0,15
16068,6439,0,0,0
16068,6440,24,0,24
16068,6531,0,0,0
16068,6532,0,0,0
16068,6533,0,0,0
16068,6534,0,0,0
16068,6535,0,0,0
16068,6611,14,0,14
16068,6631,27,0,27
16068,6632,35,0,35
16068,6633,11,0,11
16068,6634,0,0,0
16068,6635,0,0,0
16068,6636,0,0,0
16068,7111,0,0,0
16068,7131,0,0,0
16068,7132,0,0,0
16068,7133,0,0,0
16068,7134,0,0,0
16068,7135,0,0,0
16068,7137,0,0,0
16068,7138,0,0,0
16068,7140,0,0,0
16068,7141,0,0,0
16068,7143,0,0,0
16068,7211,0,0,0
16068,7231,0,0,0
16068,7232,0,0,0
16068,7233,0,0,0
16068,7235,0,0,0
16068,7311,0,0,0
16068,7312,0,0,0
16068,7313,0,0,0
16068,7314,0,0,0
16068,7315,0,0,0
16068,7316,0,0,0
16068,7317,0,0,0
16068,7318,0,0,0
16068,7319,0,0,0
16068,7320,0,0,0
16068,7331,0,0,0
16068,7332,0,0,0
16068,7333,0,0,0
16068,7334,0,0,0
16068,7335,0,0,0
16068,7336,0,0,0
16068,7337,0,0,0
16068,7338,0,0,0
16068,7339,0,0,0
16068,7340,0,0,0
16068,8111,24,0,24
16068,8115,0,0,0
16068,8116,0,0,0
16068,8117,0,0,0
16068,8118,0,0,0
16068,8119,0,0,0
16068,8121,0,0,0
16068,8125,0,0,0
16068,8126,0,0,0
16068,8127,0,0,0
16068,8128,0,0,0
16068,8135,0,0,0
16068,8136,0,0,0
16068,8211,0,0,0
16068,8212,0,0,0
16068,8215,0,0,0
16068,8216,0,0,0
16068,8221,0,0,0
16068,8222,10,0,10
16068,8225,0,0,0
16068,8226,0,0,0
16068,8231,0,0,0
16068,8235,0,0,0
16068,8236,0,0,0
16068,8237,0,0,0
16068,8311,0,0,0
16068,8315,0,0,0
16068,8316,0,0,0
16068,8317,14,0,14
16068,8325,0,0,0
16068,8326,0,0,0
16068,8327,0,0,0
16068,8335,0,0,0
16068,8336,0,0,0
16068,8337,0,0,0
16068,8415,0,0,0
16068,8416,0,0,0
16068,8417,0,0,0
16068,8421,0,0,0
16068,8425,0,0,0
16068,8426,0,0,0
16068,8435,0,0,0
16068,8436,0,0,0
16068,8437,0,0,0
16068,9161,12,0,12
16068,9162,45,0,45
16068,9163,0,0,0
16068,9171,0,0,0
16068,9172,0,0,0
16068,9173,0,0,0
16068,9174,0,0,0
16068,9175,0,0,0
16068,9176,0,0,0
16068,9177,0,0,0
16068,9178,0,0,0
16068,9179,0,0,0
16068,9180,0,0,0
16068,9181,0,0,0
16068,9182,0,0,0
16068,9183,0,0,0
16068,9184,18,0,18
16068,9185,0,0,0
16068,9186,102,0,102
16068,9187,0,0,0
16068,9188,0,0,0
16068,9189,0,0,0
16068,9190,0,0,0
16068,9261,0,0,0
16068,9262,0,0,0
16068,9263,0,0,0
16068,9271,0,0,0
16068,9272,0,0,0
16068,9273,0,0,0
16068,9274,0,0,0
16068,9275,0,0,0
16068,9276,0,0,0
16068,9277,0,0,0
16068,9278,0,0,0
16068,9279,0,0,0
16068,9361,0,0,0
16068,9362,0,0,0
16068,9363,0,0,0
16068,9371,0,0,0
16068,9372,0,0,0
16068,9373,0,0,0
16068,9374,0,0,0
16068,9375,0,0,0
16068,9376,0,0,0
16068,9377,0,0,0
16068,9461,0,0,0
16068,9462,0,0,0
16068,9463,0,0,0
16068,9464,0,0,0
16068,9471,0,0,0
16068,9472,0,0,0
16068,9473,0,0,0
16068,9474,0,0,0
16068,9475,0,0,0
16068,9476,0,0,0
16068,9477,0,0,0
16068,9478,0,0,0
16068,9479,0,0,0
16068,9561,0,0,0
16068,9562,0,0,0
16068,9563,0,0,0
16068,9564,31,0,31
16068,9565,0,0,0
16068,9571,0,0,0
16068,9572,0,0,0
16068,9573,0,0,0
16068,9574,0,0,0
16068,9575,0,0,0
16068,9576,0,0,0
16068,9577,0,0,0
16068,9661,0,0,0
16068,9662,0,0,0
16068,9663,0,0,0
16068,9671,0,0,0
16068,9672,0,0,0
16068,9673,0,0,0
16068,9674,0,0,0
16068,9675,0,0,0
16068,9676,0,0,0
16068,9677,19,0,19
16068,9678,10,0,10
16068,9679,0,0,0
16068,9761,0,0,0
16068,9762,0,0,0
16068,9763,0,0,0
16068,9764,0,0,0
16068,9771,0,0,0
16068,9772,0,0,0
16068,9773,0,0,0
16068,9774,0,0,0
16068,9775,0,0,0
16068,9776,0,0,0
16068,9777,10,0,10
16068,9778,0,0,0
16068,9779,0,0,0
16068,9780,0,0,0
16068,10041,0,0,0
16068,10042,0,0,0
16068,10043,0,0,0
16068,10044,0,0,0
16068,10045,0,0,0
16068,10046,0,0,0
16068,11000,120,13,107
16068,12051,0,0,0
16068,12052,0,0,0
16068,12053,0,0,0
16068,12054,0,0,0
16068,12060,0,0,0
16068,12061,0,0,0
16068,12062,0,0,0
16068,12063,0,0,0
16068,12064,0,0,0
16068,12065,0,0,0
16068,12066,0,0,0
16068,12067,0,0,0
16068,12068,0,0,0
16068,12069,11,0,11
16068,12070,0,0,0
16068,12071,0,0,0
16068,12072,0,0,0
16068,12073,0,0,0
16068,13003,0,0,0
16068,13004,0,0,0
16068,13071,0,0,0
16068,13072,0,0,0
16068,13073,0,0,0
16068,13074,0,0,0
16068,13075,0,0,0
16068,13076,0,0,0
16068,14511,42,10,32
16068,14521,0,0,0
16068,14522,12,12,0
16068,14523,10,0,10
16068,14524,10,0,10
16068,14612,119,24,95
16068,14625,12,0,12
16068,14626,0,0,0
16068,14627,12,0,12
16068,14628,0,0,0
16068,14713,134,33,101
16068,14729,19,0,19
16068,14730,13,0,13
16068,15001,0,0,0
16068,15002,51,30,21
16068,15003,22,0,22
16068,15081,0,0,0
16068,15082,14,0,14
16068,15083,0,0,0
16068,15084,595,470,125
16068,15085,0,0,0
16068,15086,0,0,0
16068,15087,335,283,52
16068,15088,96,55,41
16068,15089,26,26,0
16068,15090,0,0,0
16068,15091,0,0,0
16068,16051,9905,2903,7002
16068,16052,39,12,27
16068,16053,269,99,170
16068,16054,11,0,11
16068,16055,1060,351,709
16068,16056,73,19,54
16068,16061,96,38,58
16068,16062,185,92,93
16068,16063,118,24,94
16068,16064,968,554,414
16068,16065,3128,2632,496
16068,16066,78,27,51
16068,16067,869,465,404
16068,16068,0,0,0
16068,16069,21,21,0
16068,16070,517,168,349
16068,16071,1554,707,847
16068,16072,0,0,0
16068,16073,63,31,32
16068,16074,67,30,37
16068,16075,10,10,0
16068,16076,15,15,0
16068,16077,11,11,0
16069,1001,0,0,0
16069,1002,0,0,0
16069,1003,0,0,0
16069,1004,0,0,0
16069,1051,0,0,0
16069,1053,0,0,0
16069,1054,0,0,0
16069,1055,0,0,0
16069,1056,0,0,0
16069,1057,0,0,0
16069,1058,0,0,0
16069,1059,0,0,0
16069,1060,0,0,0
16069,1061,0,0,0
16069,1062,0,0,0
16069,2000,0,0,0
16069,3101,0,0,0
16069,3102,0,0,0
16069,3103,0,0,0
16069,3151,0,0,0
16069,3153,0,0,0
16069,3154,0,0,0
16069,3155,0,0,0
16069,3157,0,0,0
16069,3158,0,0,0
16069,3159,0,0,0
16069,3241,13,0,13
16069,3251,0,0,0
16069,3252,0,0,0
16069,3254,0,0,0
16069,3255,0,0,0
16069,3256,0,0,0
16069,3257,0,0,0
16069,3351,0,0,0
16069,3352,0,0,0
16069,3353,0,0,0
16069,3354,0,0,0
16069,3355,0,0,0
16069,3356,0,0,0
16069,3357,0,0,0
16069,3358,0,0,0
16069,3359,0,0,0
16069,3360,0,0,0
16069,3361,0,0,0
16069,3401,0,0,0
16069,3402,0,0,0
16069,3403,0,0,0
16069,3404,0,0,0
16069,3405,0,0,0
16069,3451,0,0,0
16069,3452,0,0,0
16069,3453,0,0,0
16069,3454,0,0,0
16069,3455,0,0,0
16069,3456,0,0,0
16069,3457,0,0,0
16069,3458,0,0,0
16069,3459,0,0,0
16069,3460,0,0,0
16069,3461,0,0,0
16069,3462,0,0,0
16069,4011,0,0,0
16069,4012,0,0,0
16069,5111,0,0,0
16069,5112,0,0,0
16069,5113,0,0,0
16069,5114,0,0,0
16069,5116,0,0,0
16069,5117,0,0,0
16069,5119,0,0,0
16069,5120,0,0,0
16069,5122,0,0,0
16069,5124,22,0,22
16069,5154,0,0,0
16069,5158,0,0,0
16069,5162,0,0,0
16069,5166,0,0,0
16069,5170,0,0,0
16069,5314,0,0,0
16069,5315,15,0,15
16069,5316,0,0,0
16069,5334,0,0,0
16069,5358,0,0,0
16069,5362,0,0,0
16069,5366,0,0,0
16069,5370,0,0,0
16069,5374,0,0,0
16069,5378,0,0,0
16069,5382,0,0,0
16069,5512,0,0,0
16069,5513,0,0,0
16069,5515,0,0,0
16069,5554,0,0,0
16069,5558,0,0,0
16069,5562,0,0,0
16069,5566,0,0,0
16069,5570,0,0,0
16069,5711,0,0,0
16069,5754,0,0,0
16069,5758,0,0,0
16069,5762,0,0,0
16069,5766,0,0,0
16069,5770,0,0,0
16069,5774,0,0,0
16069,5911,0,0,0
16069,5913,0,0,0
16069,5914,0,0,0
16069,5915,0,0,0
16069,5916,0,0,0
16069,5954,0,0,0
16069,5958,0,0,0
16069,5962,0,0,0
16069,5966,0,0,0
16069,5970,0,0,0
16069,5974,0,0,0
16069,5978,0,0,0
16069,6411,0,0,0
16069,6412,33,0,33
16069,6413,0,0,0
16069,6414,0,0,0
16069,6431,0,0,0
16069,6432,0,0,0
16069,6433,0,0,0
16069,6434,0,0,0
16069,6435,10,0,10
16069,6436,0,0,0
16069,6437,0,0,0
16069,6438,0,0,0
16069,6439,0,0,0
16069,6440,14,0,14
16069,6531,0,0,0
16069,6532,0,0,0
16069,6533,0,0,0
16069,6534,0,0,0
16069,6535,0,0,0
16069,6611,0,0,0
16069,6631,29,0,29
16069,6632,0,0,0
16069,6633,0,0,0
16069,6634,0,0,0
16069,6635,0,0,0
16069,6636,0,0,0
16069,7111,0,0,0
16069,7131,0,0,0
16069,7132,0,0,0
16069,7133,0,0,0
16069,7134,0,0,0
16069,7135,0,0,0
16069,7137,0,0,0
16069,7138,95,0,95
16069,7140,0,0,0
16069,7141,0,0,0
16069,7143,0,0,0
16069,7211,0,0,0
16069,7231,0,0,0
16069,7232,0,0,0
16069,7233,0,0,0
16069,7235,0,0,0
16069,7311,0,0,0
16069,7312,0,0,0
16069,7313,0,0,0
16069,7314,0,0,0
16069,7315,0,0,0
16069,7316,0,0,0
16069,7317,0,0,0
16069,7318,0,0,0
16069,7319,0,0,0
16069,7320,0,0,0
16069,7331,0,0,0
16069,7332,0,0,0
16069,7333,0,0,0
16069,7334,0,0,0
16069,7335,0,0,0
16069,7336,0,0,0
16069,7337,14,0,14
16069,7338,0,0,0
16069,7339,0,0,0
16069,7340,0,0,0
16069,8111,14,0,14
16069,8115,0,0,0
16069,8116,0,0,0
16069,8117,0,0,0
16069,8118,12,0,12
16069,8119,0,0,0
16069,8121,0,0,0
16069,8125,10,0,10
16069,8126,0,0,0
16069,8127,0,0,0
16069,8128,0,0,0
16069,8135,0,0,0
16069,8136,0,0,0
16069,8211,0,0,0
16069,8212,0,0,0
16069,8215,0,0,0
16069,8216,0,0,0
16069,8221,0,0,0
16069,8222,0,0,0
16069,8225,0,0,0
16069,8226,0,0,0
16069,8231,0,0,0
16069,8235,12,12,0
16069,8236,0,0,0
16069,8237,0,0,0
16069,8311,0,0,0
16069,8315,0,0,0
16069,8316,0,0,0
16069,8317,0,0,0
16069,8325,0,0,0
16069,8326,0,0,0
16069,8327,0,0,0
16069,8335,0,0,0
16069,8336,0,0,0
16069,8337,0,0,0
16069,8415,0,0,0
16069,8416,23,23,0
16069,8417,56,56,0
16069,8421,0,0,0
16069,8425,0,0,0
16069,8426,0,0,0
16069,8435,0,0,0
16069,8436,0,0,0
16069,8437,0,0,0
16069,9161,12,0,12
16069,9162,55,0,55
16069,9163,0,0,0
16069,9171,0,0,0
16069,9172,0,0,0
16069,9173,0,0,0
16069,9174,0,0,0
16069,9175,0,0,0
16069,9176,0,0,0
16069,9177,0,0,0
16069,9178,0,0,0
16069,9179,0,0,0
16069,9180,0,0,0
16069,9181,0,0,0
16069,9182,0,0,0
16069,9183,0,0,0
16069,9184,18,0,18
16069,9185,0,0,0
16069,9186,0,0,0
16069,9187,0,0,0
16069,9188,0,0,0
16069,9189,0,0,0
16069,9190,0,0,0
16069,9261,0,0,0
16069,9262,0,0,0
16069,9263,0,0,0
16069,9271,0,0,0
16069,9272,0,0,0
16069,9273,0,0,0
16069,9274,0,0,0
16069,9275,0,0,0
16069,9276,0,0,0
16069,9277,0,0,0
16069,9278,0,0,0
16069,9279,0,0,0
16069,9361,0,0,0
16069,9362,0,0,0
16069,9363,0,0,0
16069,9371,0,0,0
16069,9372,0,0,0
16069,9373,0,0,0
16069,9374,0,0,0
16069,9375,0,0,0
16069,9376,0,0,0
16069,9377,0,0,0
16069,9461,66,12,54
16069,9462,15,0,15
16069,9463,2050,196,1854
16069,9464,0,0,0
16069,9471,63,14,49
16069,9472,0,0,0
16069,9473,3108,525,2583
16069,9474,13,0,13
16069,9475,0,0,0
16069,9476,57,10,47
16069,9477,26,0,26
16069,9478,154,27,127
16069,9479,0,0,0
16069,9561,0,0,0
16069,9562,20,0,20
16069,9563,15,0,15
16069,9564,114,22,92
16069,9565,0,0,0
16069,9571,0,0,0
16069,9572,12,0,12
16069,9573,0,0,0
16069,9574,17,0,17
16069,9575,0,0,0
16069,9576,0,0,0
16069,9577,0,0,0
16069,9661,0,0,0
16069,9662,103,0,103
16069,9663,32,0,32
16069,9671,0,0,0
16069,9672,117,33,84
16069,9673,1068,154,914
16069,9674,580,49,531
16069,9675,15,0,15
16069,9676,0,0,0
16069,9677,0,0,0
16069,9678,90,12,78
16069,9679,15,0,15
16069,9761,0,0,0
16069,9762,0,0,0
16069,9763,0,0,0
16069,9764,0,0,0
16069,9771,0,0,0
16069,9772,0,0,0
16069,9773,0,0,0
16069,9774,0,0,0
16069,9775,0,0,0
16069,9776,0,0,0
16069,9777,0,0,0
16069,9778,0,0,0
16069,9779,0,0,0
16069,9780,0,0,0
16069,10041,0,0,0
16069,10042,0,0,0
16069,10043,0,0,0
16069,10044,0,0,0
16069,10045,0,0,0
16069,10046,0,0,0
16069,11000,58,0,58
16069,12051,0,0,0
16069,12052,0,0,0
16069,12053,0,0,0
16069,12054,0,0,0
16069,12060,0,0,0
16069,12061,0,0,0
16069,12062,0,0,0
16069,12063,0,0,0
16069,12064,0,0,0
16069,12065,0,0,0
16069,12066,0,0,0
16069,12067,0,0,0
16069,12068,0,0,0
16069,12069,0,0,0
16069,12070,0,0,0
16069,12071,0,0,0
16069,12072,0,0,0
16069,12073,0,0,0
16069,13003,0,0,0
16069,13004,0,0,0
16069,13071,0,0,0
16069,13072,0,0,0
16069,13073,0,0,0
16069,13074,0,0,0
16069,13075,0,0,0
16069,13076,0,0,0
16069,14511,30,0,30
16069,14521,0,0,0
16069,14522,0,0,0
16069,14523,11,0,11
16069,14524,0,0,0
16069,14612,37,0,37
16069,14625,0,0,0
16069,14626,0,0,0
16069,14627,0,0,0
16069,14628,0,0,0
16069,14713,43,13,30
16069,14729,0,0,0
16069,14730,0,0,0
16069,15001,0,0,0
16069,15002,0,0,0
16069,15003,0,0,0
16069,15081,0,0,0
16069,15082,0,0,0
16069,15083,0,0,0
16069,15084,11,0,11
16069,15085,0,0,0
16069,15086,0,0,0
16069,15087,0,0,0
16069,15088,0,0,0
16069,15089,0,0,0
16069,15090,0,0,0
16069,15091,0,0,0
16069,16051,433,55,378
16069,16052,0,0,0
16069,16053,45,0,45
16069,16054,2882,813,2069
16069,16055,64,29,35
16069,16056,31,21,10
16069,16061,0,0,0
16069,16062,11,0,11
16069,16063,90,40,50
16069,16064,22,0,22
16069,16065,11,0,11
16069,16066,2549,1114,1435
16069,16067,99,32,67
16069,16068,21,0,21
16069,16069,0,0,0
16069,16070,646,399,247
16069,16071,81,63,18
16069,16072,1417,467,950
16069,16073,98,58,40
16069,16074,0,0,0
16069,16075,0,0,0
16069,16076,0,0,0
16069,16077,0,0,0
16070,1001,0,0,0
16070,1002,11,0,11
16070,1003,10,10,0
16070,1004,0,0,0
16070,1051,0,0,0
16070,1053,0,0,0
16070,1054,0,0,0
16070,1055,0,0,0
16070,1056,0,0,0
16070,1057,0,0,0
16070,1058,0,0,0
16070,1059,0,0,0
16070,1060,0,0,0
16070,1061,0,0,0
16070,1062,0,0,0
16070,2000,75,22,53
16070,3101,0,0,0
16070,3102,0,0,0
16070,3103,0,0,0
16070,3151,0,0,0
16070,3153,0,0,0
16070,3154,0,0,0
16070,3155,0,0,0
16070,3157,0,0,0
16070,3158,0,0,0
16070,3159,32,19,13
16070,3241,67,26,41
16070,3251,0,0,0
16070,3252,0,0,0
16070,3254,0,0,0
16070,3255,0,0,0
16070,3256,0,0,0
16070,3257,0,0,0
16070,3351,0,0,0
16070,3352,0,0,0
16070,3353,0,0,0
16070,3354,0,0,0
16070,3355,0,0,0
16070,3356,0,0,0
16070,3357,0,0,0
16070,3358,0,0,0
16070,3359,0,0,0
16070,3360,0,0,0
16070,3361,0,0,0
16070,3401,0,0,0
16070,3402,0,0,0
16070,3403,0,0,0
16070,3404,0,0,0
16070,3405,0,0,0
16070,3451,0,0,0
16070,3452,0,0,0
16070,3453,0,0,0
16070,3454,0,0,0
16070,3455,0,0,0
16070,3456,0,0,0
16070,3457,0,0,0
16070,3458,0,0,0
16070,3459,12,0,12
16070,3460,0,0,0
16070,3461,0,0,0
16070,3462,0,0,0
16070,4011,14,0,14
16070,4012,0,0,0
16070,5111,40,14,26
16070,5112,0,0,0
16070,5113,31,10,21
16070,5114,0,0,0
16070,5116,0,0,0
16070,5117,0,0,0
16070,5119,0,0,0
16070,5120,0,0,0
16070,5122,0,0,0
16070,5124,0,0,0
16070,5154,36,0,36
16070,5158,27,12,15
16070,5162,10,10,0
16070,5166,0,0,0
16070,5170,0,0,0
16070,5314,10,0,10
16070,5315,68,12,56
16070,5316,0,0,0
16070,5334,10,0,10
16070,5358,0,0,0
16070,5362,0,0,0
16070,5366,0,0,0
16070,5370,0,0,0
16070,5374,16,0,16
16070,5378,13,0,13
16070,5382,31,14,17
16070,5512,0,0,0
16070,5513,0,0,0
16070,5515,0,0,0
16070,5554,0,0,0
16070,5558,0,0,0
16070,5562,11,11,0
16070,5566,0,0,0
16070,5570,0,0,0
16070,5711,0,0,0
16070,5754,19,0,19
16070,5758,0,0,0
16070,5762,0,0,0
16070,5766,0,0,0
16070,5770,0,0,0
16070,5774,13,0,13
16070,5911,13,13,0
16070,5913,14,14,0
16070,5914,0,0,0
16070,5915,0,0,0
16070,5916,0,0,0
16070,5954,0,0,0
16070,5958,0,0,0
16070,5962,10,0,10
16070,5966,0,0,0
16070,5970,0,0,0
16070,5974,10,10,0
16070,5978,12,0,12
16070,6411,13,0,13
16070,6412,102,16,86
16070,6413,0,0,0
16070,6414,13,0,13
16070,6431,0,0,0
16070,6432,0,0,0
16070,6433,13,0,13
16070,6434,19,0,19
16070,6435,44,12,32
16070,6436,20,0,20
16070,6437,0,0,0
16070,6438,37,13,24
16070,6439,0,0,0
16070,6440,0,0,0
16070,6531,0,0,0
16070,6532,18,0,18
16070,6533,0,0,0
16070,6534,0,0,0
16070,6535,0,0,0
16070,6611,31,16,15
16070,6631,83,10,73
16070,6632,33,0,33
16070,6633,0,0,0
16070,6634,16,16,0
16070,6635,0,0,0
16070,6636,10,10,0
16070,7111,0,0,0
16070,7131,0,0,0
16070,7132,0,0,0
16070,7133,0,0,0
16070,7134,0,0,0
16070,7135,0,0,0
16070,7137,0,0,0
16070,7138,107,0,107
16070,7140,0,0,0
16070,7141,0,0,0
16070,7143,0,0,0
16070,7211,0,0,0
16070,7231,0,0,0
16070,7232,0,0,0
16070,7233,0,0,0
16070,7235,0,0,0
16070,7311,0,0,0
16070,7312,0,0,0
16070,7313,0,0,0
16070,7314,0,0,0
16070,7315,0,0,0
16070,7316,0,0,0
16070,7317,0,0,0
16070,7318,0,0,0
16070,7319,0,0,0
16070,7320,0,0,0
16070,7331,0,0,0
16070,7332,0,0,0
16070,7333,0,0,0
16070,7334,0,0,0
16070,7335,0,0,0
16070,7336,0,0,0
16070,7337,0,0,0
16070,7338,0,0,0
16070,7339,11,0,11
16070,7340,0,0,0
16070,8111,61,13,48
16070,8115,16,0,16
16070,8116,24,0,24
16070,8117,0,0,0
16070,8118,31,0,31
16070,8119,0,0,0
16070,8121,0,0,0
16070,8125,20,0,20
16070,8126,11,0,11
16070,8127,0,0,0
16070,8128,0,0,0
16070,8135,0,0,0
16070,8136,13,0,13
16070,8211,0,0,0
16070,8212,12,0,12
16070,8215,26,12,14
16070,8216,0,0,0
16070,8221,0,0,0
16070,8222,0,0,0
16070,8225,0,0,0
16070,8226,27,0,27
16070,8231,0,0,0
16070,8235,0,0,0
16070,8236,0,0,0
16070,8237,0,0,0
16070,8311,13,0,13
16070,8315,0,0,0
16070,8316,0,0,0
16070,8317,36,0,36
16070,8325,0,0,0
16070,8326,22,0,22
16070,8327,0,0,0
16070,8335,64,0,64
16070,8336,0,0,0
16070,8337,0,0,0
16070,8415,0,0,0
16070,8416,0,0,0
16070,8417,0,0,0
16070,8421,0,0,0
16070,8425,0,0,0
16070,8426,10,0,10
16070,8435,0,0,0
16070,8436,0,0,0
16070,8437,0,0,0
16070,9161,21,0,21
16070,9162,129,15,114
16070,9163,0,0,0
16070,9171,0,0,0
16070,9172,0,0,0
16070,9173,0,0,0
16070,9174,0,0,0
16070,9175,0,0,0
16070,9176,10,0,10
16070,9177,0,0,0
16070,9178,15,0,15
16070,9179,0,0,0
16070,9180,0,0,0
16070,9181,0,0,0
16070,9182,10,0,10
16070,9183,0,0,0
16070,9184,45,0,45
16070,9185,0,0,0
16070,9186,0,0,0
16070,9187,0,0,0
16070,9188,0,0,0
16070,9189,0,0,0
16070,9190,0,0,0
16070,9261,0,0,0
16070,9262,0,0,0
16070,9263,0,0,0
16070,9271,14,0,14
16070,9272,0,0,0
16070,9273,0,0,0
16070,9274,0,0,0
16070,9275,0,0,0
16070,9276,0,0,0
16070,9277,0,0,0
16070,9278,0,0,0
16070,9279,0,0,0
16070,9361,0,0,0
16070,9362,11,0,11
16070,9363,0,0,0
16070,9371,0,0,0
16070,9372,0,0,0
16070,9373,14,0,14
16070,9374,0,0,0
16070,9375,0,0,0
16070,9376,0,0,0
16070,9377,0,0,0
16070,9461,25,10,15
16070,9462,0,0,0
16070,9463,70,10,60
16070,9464,0,0,0
16070,9471,28,10,18
16070,9472,0,0,0
16070,9473,57,17,40
16070,9474,0,0,0
16070,9475,0,0,0
16070,9476,35,11,24
16070,9477,0,0,0
16070,9478,11,0,11
16070,9479,0,0,0
16070,9561,0,0,0
16070,9562,23,0,23
16070,9563,0,0,0
16070,9564,93,12,81
16070,9565,0,0,0
16070,9571,0,0,0
16070,9572,10,0,10
16070,9573,0,0,0
16070,9574,0,0,0
16070,9575,0,0,0
16070,9576,0,0,0
16070,9577,0,0,0
16070,9661,0,0,0
16070,9662,11,0,11
16070,9663,14,0,14
16070,9671,12,0,12
16070,9672,22,0,22
16070,9673,39,10,29
16070,9674,0,0,0
16070,9675,0,0,0
16070,9676,0,0,0
16070,9677,28,11,17
16070,9678,13,0,13
16070,9679,12,0,12
16070,9761,0,0,0
16070,9762,0,0,0
16070,9763,0,0,0
16070,9764,0,0,0
16070,9771,0,0,0
16070,9772,0,0,0
16070,9773,0,0,0
16070,9774,0,0,0
16070,9775,0,0,0
16070,9776,0,0,0
16070,9777,0,0,0
16070,9778,0,0,0
16070,9779,0,0,0
16070,9780,0,0,0
16070,10041,12,0,12
16070,10042,0,0,0
16070,10043,0,0,0
16070,10044,0,0,0
16070,10045,0,0,0
16070,10046,0,0,0
16070,11000,239,61,178
16070,12051,0,0,0
16070,12052,0,0,0
16070,12053,0,0,0
16070,12054,12,0,12
16070,12060,0,0,0
16070,12061,0,0,0
16070,12062,0,0,0
16070,12063,0,0,0
16070,12064,15,15,0
16070,12065,10,10,0
16070,12066,0,0,0
16070,12067,0,0,0
16070,12068,0,0,0
16070,12069,0,0,0
16070,12070,0,0,0
16070,12071,0,0,0
16070,12072,25,12,13
16070,12073,0,0,0
16070,13003,0,0,0
16070,13004,0,0,0
16070,13071,0,0,0
16070,13072,10,0,10
16070,13073,0,0,0
16070,13074,0,0,0
16070,13075,0,0,0
16070,13076,0,0,0
16070,14511,40,10,30
16070,14521,22,22,0
16070,14522,29,19,10
16070,14523,18,0,18
16070,14524,39,13,26
16070,14612,195,45,150
16070,14625,14,0,14
16070,14626,0,0,0
16070,14627,31,12,19
16070,14628,0,0,0
16070,14713,225,91,134
16070,14729,55,19,36
16070,14730,35,19,16
16070,15001,0,0,0
16070,15002,56,22,34
16070,15003,22,10,12
16070,15081,0,0,0
16070,15082,11,11,0
16070,15083,0,0,0
16070,15084,58,33,25
16070,15085,32,14,18
16070,15086,0,0,0
16070,15087,17,17,0
16070,15088,39,17,22
16070,15089,0,0,0
16070,15090,0,0,0
16070,15091,0,0,0
16070,16051,8271,3081,5190
16070,16052,77,26,51
16070,16053,394,135,259
16070,16054,1459,500,959
16070,16055,488,238,250
16070,16056,165,65,100
16070,16061,69,35,34
16070,16062,98,30,68
16070,16063,237,143,94
16070,16064,263,142,121
16070,16065,90,74,16
16070,16066,1077,413,664
16070,16067,3637,1901,1736
16070,16068,517,349,168
16070,16069,646,247,399
16070,16070,0,0,0
16070,16071,942,523,419
16070,16072,342,157,185
16070,16073,1950,1066,884
16070,16074,123,79,44
16070,16075,69,31,38
16070,16076,53,29,24
16070,16077,20,10,10
16071,1001,0,0,0
16071,1002,0,0,0
16071,1003,0,0,0
16071,1004,0,0,0
16071,1051,0,0,0
16071,1053,0,0,0
16071,1054,0,0,0
16071,1055,0,0,0
16071,1056,0,0,0
16071,1057,0,0,0
16071,1058,0,0,0
16071,1059,0,0,0
16071,1060,0,0,0
16071,1061,0,0,0
16071,1062,0,0,0
16071,2000,33,0,33
16071,3101,0,0,0
16071,3102,0,0,0
16071,3103,0,0,0
16071,3151,0,0,0
16071,3153,0,0,0
16071,3154,0,0,0
16071,3155,0,0,0
16071,3157,0,0,0
16071,3158,0,0,0
16071,3159,0,0,0
16071,3241,34,0,34
16071,3251,0,0,0
16071,3252,0,0,0
16071,3254,0,0,0
16071,3255,0,0,0
16071,3256,0,0,0
16071,3257,0,0,0
16071,3351,0,0,0
16071,3352,0,0,0
16071,3353,0,0,0
16071,3354,0,0,0
16071,3355,0,0,0
16071,3356,0,0,0
16071,3357,0,0,0
16071,3358,0,0,0
16071,3359,0,0,0
16071,3360,0,0,0
16071,3361,0,0,0
16071,3401,0,0,0
16071,3402,0,0,0
16071,3403,0,0,0
16071,3404,0,0,0
16071,3405,0,0,0
16071,3451,0,0,0
16071,3452,0,0,0
16071,3453,0,0,0
16071,3454,25,0,25
16071,3455,0,0,0
16071,3456,0,0,0
16071,3457,0,0,0
16071,3458,0,0,0
16071,3459,0,0,0
16071,3460,0,0,0
16071,3461,0,0,0
16071,3462,0,0,0
16071,4011,0,0,0
16071,4012,0,0,0
16071,5111,17,0,17
16071,5112,0,0,0
16071,5113,13,0,13
16071,5114,0,0,0
16071,5116,0,0,0
16071,5117,0,0,0
16071,5119,0,0,0
16071,5120,0,0,0
16071,5122,0,0,0
16071,5124,0,0,0
16071,5154,0,0,0
16071,5158,12,0,12
16071,5162,0,0,0
16071,5166,0,0,0
16071,5170,0,0,0
16071,5314,0,0,0
16071,5315,34,0,34
16071,5316,0,0,0
16071,5334,0,0,0
16071,5358,0,0,0
16071,5362,10,0,10
16071,5366,0,0,0
16071,5370,0,0,0
16071,5374,0,0,0
16071,5378,0,0,0
16071,5382,0,0,0
16071,5512,0,0,0
16071,5513,0,0,0
16071,5515,0,0,0
16071,5554,0,0,0
16071,5558,0,0,0
16071,5562,0,0,0
16071,5566,0,0,0
16071,5570,0,0,0
16071,5711,0,0,0
16071,5754,16,0,16
16071,5758,0,0,0
16071,5762,0,0,0
16071,5766,0,0,0
16071,5770,0,0,0
16071,5774,0,0,0
16071,5911,0,0,0
16071,5913,11,0,11
16071,5914,0,0,0
16071,5915,0,0,0
16071,5916,0,0,0
16071,5954,0,0,0
16071,5958,0,0,0
16071,5962,0,0,0
16071,5966,0,0,0
16071,5970,0,0,0
16071,5974,0,0,0
16071,5978,19,0,19
16071,6411,0,0,0
16071,6412,94,0,94
16071,6413,0,0,0
16071,6414,12,0,12
16071,6431,0,0,0
16071,6432,13,0,13
16071,6433,14,0,14
16071,6434,16,0,16
16071,6435,21,0,21
16071,6436,14,0,14
16071,6437,0,0,0
16071,6438,34,0,34
16071,6439,0,0,0
16071,6440,10,0,10
16071,6531,0,0,0
16071,6532,0,0,0
16071,6533,0,0,0
16071,6534,0,0,0
16071,6535,0,0,0
16071,6611,28,11,17
16071,6631,23,0,23
16071,6632,30,0,30
16071,6633,0,0,0
16071,6634,0,0,0
16071,6635,0,0,0
16071,6636,0,0,0
16071,7111,0,0,0
16071,7131,0,0,0
16071,7132,0,0,0
16071,7133,0,0,0
16071,7134,0,0,0
16071,7135,0,0,0
16071,7137,0,0,0
16071,7138,0,0,0
16071,7140,0,0,0
16071,7141,0,0,0
16071,7143,0,0,0
16071,7211,0,0,0
16071,7231,0,0,0
16071,7232,11,11,0
16071,7233,0,0,0
16071,7235,0,0,0
16071,7311,0,0,0
16071,7312,0,0,0
16071,7313,0,0,0
16071,7314,0,0,0
16071,7315,0,0,0
16071,7316,0,0,0
16071,7317,0,0,0
16071,7318,0,0,0
16071,7319,0,0,0
16071,7320,0,0,0
16071,7331,0,0,0
16071,7332,0,0,0
16071,7333,0,0,0
16071,7334,0,0,0
16071,7335,0,0,0
16071,7336,0,0,0
16071,7337,0,0,0
16071,7338,0,0,0
16071,7339,0,0,0
16071,7340,0,0,0
16071,8111,23,0,23
16071,8115,14,0,14
16071,8116,12,0,12
16071,8117,0,0,0
16071,8118,14,0,14
16071,8119,0,0,0
16071,8121,0,0,0
16071,8125,0,0,0
16071,8126,0,0,0
16071,8127,0,0,0
16071,8128,0,0,0
16071,8135,0,0,0
16071,8136,10,0,10
16071,8211,0,0,0
16071,8212,12,0,12
16071,8215,0,0,0
16071,8216,0,0,0
16071,8221,0,0,0
16071,8222,14,0,14
16071,8225,0,0,0
16071,8226,0,0,0
16071,8231,0,0,0
16071,8235,0,0,0
16071,8236,0,0,0
16071,8237,0,0,0
16071,8311,10,0,10
16071,8315,0,0,0
16071,8316,0,0,0
16071,8317,11,0,11
16071,8325,0,0,0
16071,8326,0,0,0
16071,8327,0,0,0
16071,8335,0,0,0
16071,8336,0,0,0
16071,8337,0,0,0
16071,8415,0,0,0
16071,8416,0,0,0
16071,8417,0,0,0
16071,8421,0,0,0
16071,8425,0,0,0
16071,8426,0,0,0
16071,8435,0,0,0
16071,8436,0,0,0
16071,8437,0,0,0
16071,9161,11,0,11
16071,9162,98,27,71
16071,9163,0,0,0
16071,9171,0,0,0
16071,9172,0,0,0
16071,9173,0,0,0
16071,9174,0,0,0
16071,9175,0,0,0
16071,9176,0,0,0
16071,9177,0,0,0
16071,9178,0,0,0
16071,9179,0,0,0
16071,9180,0,0,0
16071,9181,0,0,0
16071,9182,0,0,0
16071,9183,0,0,0
16071,9184,58,17,41
16071,9185,0,0,0
16071,9186,0,0,0
16071,9187,0,0,0
16071,9188,0,0,0
16071,9189,0,0,0
16071,9190,0,0,0
16071,9261,0,0,0
16071,9262,0,0,0
16071,9263,0,0,0
16071,9271,0,0,0
16071,9272,0,0,0
16071,9273,0,0,0
16071,9274,0,0,0
16071,9275,0,0,0
16071,9276,0,0,0
16071,9277,0,0,0
16071,9278,0,0,0
16071,9279,0,0,0
16071,9361,0,0,0
16071,9362,0,0,0
16071,9363,0,0,0
16071,9371,0,0,0
16071,9372,0,0,0
16071,9373,0,0,0
16071,9374,0,0,0
16071,9375,0,0,0
16071,9376,0,0,0
16071,9377,0,0,0
16071,9461,0,0,0
16071,9462,10,0,10
16071,9463,0,0,0
16071,9464,0,0,0
16071,9471,10,0,10
16071,9472,0,0,0
16071,9473,0,0,0
16071,9474,0,0,0
16071,9475,0,0,0
16071,9476,0,0,0
16071,9477,0,0,0
16071,9478,0,0,0
16071,9479,0,0,0
16071,9561,0,0,0
16071,9562,0,0,0
16071,9563,0,0,0
16071,9564,32,0,32
16071,9565,0,0,0
16071,9571,0,0,0
16071,9572,0,0,0
16071,9573,0,0,0
16071,9574,0,0,0
16071,9575,0,0,0
16071,9576,0,0,0
16071,9577,0,0,0
16071,9661,0,0,0
16071,9662,0,0,0
16071,9663,0,0,0
16071,9671,0,0,0
16071,9672,0,0,0
16071,9673,0,0,0
16071,9674,0,0,0
16071,9675,0,0,0
16071,9676,0,0,0
16071,9677,0,0,0
16071,9678,0,0,0
16071,9679,0,0,0
16071,9761,0,0,0
16071,9762,0,0,0
16071,9763,0,0,0
16071,9764,0,0,0
16071,9771,0,0,0
16071,9772,0,0,0
16071,9773,0,0,0
16071,9774,0,0,0
16071,9775,0,0,0
16071,9776,0,0,0
16071,9777,0,0,0
16071,9778,0,0,0
16071,9779,0,0,0
16071,9780,0,0,0
16071,10041,0,0,0
16071,10042,0,0,0
16071,10043,0,0,0
16071,10044,0,0,0
16071,10045,0,0,0
16071,10046,0,0,0
16071,11000,194,43,151
16071,12051,0,0,0
16071,12052,0,0,0
16071,12053,0,0,0
16071,12054,0,0,0
16071,12060,0,0,0
16071,12061,0,0,0
16071,12062,0,0,0
16071,12063,0,0,0
16071,12064,0,0,0
16071,12065,0,0,0
16071,12066,0,0,0
16071,12067,0,0,0
16071,12068,0,0,0
16071,12069,26,13,13
16071,12070,0,0,0
16071,12071,0,0,0
16071,12072,0,0,0
16071,12073,0,0,0
16071,13003,0,0,0
16071,13004,0,0,0
16071,13071,0,0,0
16071,13072,0,0,0
16071,13073,0,0,0
16071,13074,0,0,0
16071,13075,0,0,0
16071,13076,0,0,0
16071,14511,43,12,31
16071,14521,10,0,10
16071,14522,13,0,13
16071,14523,32,18,14
16071,14524,43,15,28
16071,14612,140,23,117
16071,14625,19,19,0
16071,14626,0,0,0
16071,14627,25,12,13
16071,14628,57,57,0
16071,14713,197,28,169
16071,14729,32,0,32
16071,14730,28,11,17
16071,15001,0,0,0
16071,15002,75,13,62
16071,15003,39,0,39
16071,15081,0,0,0
16071,15082,0,0,0
16071,15083,0,0,0
16071,15084,1315,1001,314
16071,15085,0,0,0
16071,15086,0,0,0
16071,15087,50,32,18
16071,15088,78,27,51
16071,15089,0,0,0
16071,15090,0,0,0
16071,15091,11,0,11
16071,16051,5886,1548,4338
16071,16052,145,68,77
16071,16053,4420,974,3446
16071,16054,35,15,20
16071,16055,8608,3317,5291
16071,16056,110,27,83
16071,16061,52,21,31
16071,16062,38,12,26
16071,16063,93,33,60
16071,16064,121,50,71
16071,16065,183,137,46
16071,16066,74,28,46
16071,16067,442,160,282
16071,16068,1554,847,707
16071,16069,81,18,63
16071,16070,942,419,523
16071,16071,0,0,0
16071,16072,0,0,0
16071,16073,595,366,229
16071,16074,1359,705,654
16071,16075,124,69,55
16071,16076,83,50,33
16071,16077,23,12,11
16072,1001,0,0,0
16072,1002,0,0,0
16072,1003,0,0,0
16072,1004,0,0,0
16072,1051,0,0,0
16072,1053,0,0,0
16072,1054,0,0,0
16072,1055,0,0,0
16072,1056,0,0,0
16072,1057,0,0,0
16072,1058,0,0,0
16072,1059,0,0,0
16072,1060,0,0,0
16072,1061,0,0,0
16072,1062,0,0,0
16072,2000,11,0,11
16072,3101,0,0,0
16072,3102,0,0,0
16072,3103,0,0,0
16072,3151,0,0,0
16072,3153,0,0,0
16072,3154,0,0,0
16072,3155,0,0,0
16072,3157,0,0,0
16072,3158,0,0,0
16072,3159,0,0,0
16072,3241,0,0,0
16072,3251,0,0,0
16072,3252,0,0,0
16072,3254,0,0,0
16072,3255,0,0,0
16072,3256,0,0,0
16072,3257,0,0,0
16072,3351,0,0,0
16072,3352,0,0,0
16072,3353,0,0,0
16072,3354,0,0,0
16072,3355,0,0,0
16072,3356,0,0,0
16072,3357,0,0,0
16072,3358,0,0,0
16072,3359,0,0,0
16072,3360,0,0,0
16072,3361,0,0,0
16072,3401,0,0,0
16072,3402,0,0,0
16072,3403,0,0,0
16072,3404,0,0,0
16072,3405,0,0,0
16072,3451,0,0,0
16072,3452,0,0,0
16072,3453,0,0,0
16072,3454,0,0,0
16072,3455,0,0,0
16072,3456,0,0,0
16072,3457,0,0,0
16072,3458,0,0,0
16072,3459,0,0,0
16072,3460,0,0,0
16072,3461,0,0,0
16072,3462,0,0,0
16072,4011,0,0,0
16072,4012,0,0,0
16072,5111,0,0,0
16072,5112,0,0,0
16072,5113,0,0,0
16072,5114,0,0,0
16072,5116,0,0,0
16072,5117,0,0,0
16072,5119,0,0,0
16072,5120,0,0,0
16072,5122,0,0,0
16072,5124,0,0,0
16072,5154,0,0,0
16072,5158,0,0,0
16072,5162,0,0,0
16072,5166,0,0,0
16072,5170,0,0,0
16072,5314,0,0,0
16072,5315,0,0,0
16072,5316,0,0,0
16072,5334,0,0,0
16072,5358,0,0,0
16072,5362,0,0,0
16072,5366,0,0,0
16072,5370,0,0,0
16072,5374,0,0,0
16072,5378,0,0,0
16072,5382,0,0,0
16072,5512,0,0,0
16072,5513,0,0,0
16072,5515,0,0,0
16072,5554,0,0,0
16072,5558,0,0,0
16072,5562,0,0,0
16072,5566,0,0,0
16072,5570,0,0,0
16072,5711,0,0,0
16072,5754,0,0,0
16072,5758,0,0,0
16072,5762,0,0,0
16072,5766,0,0,0
16072,5770,0,0,0
16072,5774,0,0,0
16072,5911,0,0,0
16072,5913,0,0,0
16072,5914,0,0,0
16072,5915,0,0,0
16072,5916,0,0,0
16072,5954,0,0,0
16072,5958,0,0,0
16072,5962,0,0,0
16072,5966,0,0,0
16072,5970,0,0,0
16072,5974,0,0,0
16072,5978,0,0,0
16072,6411,0,0,0
16072,6412,16,0,16
16072,6413,0,0,0
16072,6414,0,0,0
16072,6431,0,0,0
16072,6432,0,0,0
16072,6433,0,0,0
16072,6434,0,0,0
16072,6435,0,0,0
16072,6436,0,0,0
16072,6437,0,0,0
16072,6438,0,0,0
16072,6439,0,0,0
16072,6440,0,0,0
16072,6531,0,0,0
16072,6532,0,0,0
16072,6533,0,0,0
16072,6534,0,0,0
16072,6535,0,0,0
16072,6611,0,0,0
16072,6631,0,0,0
16072,6632,0,0,0
16072,6633,0,0,0
16072,6634,0,0,0
16072,6635,0,0,0
16072,6636,0,0,0
16072,7111,0,0,0
16072,7131,0,0,0
16072,7132,0,0,0
16072,7133,0,0,0
16072,7134,0,0,0
16072,7135,0,0,0
16072,7137,0,0,0
16072,7138,10,0,10
16072,7140,0,0,0
16072,7141,0,0,0
16072,7143,0,0,0
16072,7211,0,0,0
16072,7231,0,0,0
16072,7232,0,0,0
16072,7233,0,0,0
16072,7235,0,0,0
16072,7311,0,0,0
16072,7312,0,0,0
16072,7313,0,0,0
16072,7314,0,0,0
16072,7315,0,0,0
16072,7316,0,0,0
16072,7317,0,0,0
16072,7318,0,0,0
16072,7319,0,0,0
16072,7320,0,0,0
16072,7331,0,0,0
16072,7332,0,0,0
16072,7333,0,0,0
16072,7334,0,0,0
16072,7335,0,0,0
16072,7336,0,0,0
16072,7337,0,0,0
16072,7338,0,0,0
16072,7339,0,0,0
16072,7340,0,0,0
16072,8111,13,0,13
16072,8115,0,0,0
16072,8116,10,0,10
16072,8117,0,0,0
16072,8118,0,0,0
16072,8119,0,0,0
16072,8121,0,0,0
16072,8125,0,0,0
16072,8126,0,0,0
16072,8127,0,0,0
16072,8128,0,0,0
16072,8135,0,0,0
16072,8136,0,0,0
16072,8211,0,0,0
16072,8212,0,0,0
16072,8215,0,0,0
16072,8216,0,0,0
16072,8221,0,0,0
16072,8222,0,0,0
16072,8225,0,0,0
16072,8226,13,13,0
16072,8231,0,0,0
16072,8235,0,0,0
16072,8236,0,0,0
16072,8237,0,0,0
16072,8311,0,0,0
16072,8315,0,0,0
16072,8316,0,0,0
16072,8317,0,0,0
16072,8325,0,0,0
16072,8326,0,0,0
16072,8327,0,0,0
16072,8335,0,0,0
16072,8336,0,0,0
16072,8337,0,0,0
16072,8415,0,0,0
16072,8416,0,0,0
16072,8417,0,0,0
16072,8421,0,0,0
16072,8425,0,0,0
16072,8426,0,0,0
16072,8435,0,0,0
16072,8436,0,0,0
16072,8437,0,0,0
16072,9161,23,0,23
16072,9162,44,0,44
16072,9163,0,0,0
16072,9171,0,0,0
16072,9172,0,0,0
16072,9173,10,0,10
16072,9174,0,0,0
16072,9175,0,0,0
16072,9176,0,0,0
16072,9177,0,0,0
16072,9178,0,0,0
16072,9179,0,0,0
16072,9180,0,0,0
16072,9181,0,0,0
16072,9182,0,0,0
16072,9183,0,0,0
16072,9184,10,0,10
16072,9185,0,0,0
16072,9186,0,0,0
16072,9187,0,0,0
16072,9188,0,0,0
16072,9189,0,0,0
16072,9190,0,0,0
16072,9261,0,0,0
16072,9262,0,0,0
16072,9263,0,0,0
16072,9271,0,0,0
16072,9272,0,0,0
16072,9273,0,0,0
16072,9274,0,0,0
16072,9275,0,0,0
16072,9276,0,0,0
16072,9277,0,0,0
16072,9278,0,0,0
16072,9279,0,0,0
16072,9361,0,0,0
16072,9362,0,0,0
16072,9363,0,0,0
16072,9371,0,0,0
16072,9372,0,0,0
16072,9373,0,0,0
16072,9374,0,0,0
16072,9375,0,0,0
16072,9376,11,0,11
16072,9377,0,0,0
16072,9461,66,16,50
16072,9462,135,14,121
16072,9463,1954,281,1673
16072,9464,48,48,0
16072,9471,78,27,51
16072,9472,28,15,13
16072,9473,3885,1231,2654
16072,9474,14,14,0
16072,9475,65,37,28
16072,9476,2864,1296,1568
16072,9477,158,97,61
16072,9478,702,165,537
16072,9479,0,0,0
16072,9561,0,0,0
16072,9562,15,0,15
16072,9563,0,0,0
16072,9564,90,15,75
16072,9565,0,0,0
16072,9571,0,0,0
16072,9572,0,0,0
16072,9573,0,0,0
16072,9574,0,0,0
16072,9575,0,0,0
16072,9576,0,0,0
16072,9577,0,0,0
16072,9661,0,0,0
16072,9662,27,0,27
16072,9663,15,0,15
16072,9671,0,0,0
16072,9672,0,0,0
16072,9673,25,0,25
16072,9674,49,16,33
16072,9675,0,0,0
16072,9676,0,0,0
16072,9677,0,0,0
16072,9678,0,0,0
16072,9679,0,0,0
16072,9761,0,0,0
16072,9762,0,0,0
16072,9763,0,0,0
16072,9764,0,0,0
16072,9771,0,0,0
16072,9772,0,0,0
16072,9773,0,0,0
16072,9774,0,0,0
16072,9775,0,0,0
16072,9776,0,0,0
16072,9777,0,0,0
16072,9778,0,0,0
16072,9779,0,0,0
16072,9780,0,0,0
16072,10041,0,0,0
16072,10042,0,0,0
16072,10043,0,0,0
16072,10044,0,0,0
16072,10045,0,0,0
16072,10046,0,0,0
16072,11000,45,15,30
16072,12051,0,0,0
16072,12052,0,0,0
16072,12053,0,0,0
16072,12054,0,0,0
16072,12060,0,0,0
16072,12061,12,12,0
16072,12062,23,23,0
16072,12063,0,0,0
16072,12064,0,0,0
16072,12065,0,0,0
16072,12066,0,0,0
16072,12067,0,0,0
16072,12068,0,0,0
16072,12069,0,0,0
16072,12070,0,0,0
16072,12071,0,0,0
16072,12072,0,0,0
16072,12073,0,0,0
16072,13003,0,0,0
16072,13004,0,0,0
16072,13071,0,0,0
16072,13072,0,0,0
16072,13073,0,0,0
16072,13074,0,0,0
16072,13075,0,0,0
16072,13076,0,0,0
16072,14511,0,0,0
16072,14521,0,0,0
16072,14522,0,0,0
16072,14523,34,12,22
16072,14524,0,0,0
16072,14612,17,0,17
16072,14625,0,0,0
16072,14626,0,0,0
16072,14627,0,0,0
16072,14628,0,0,0
16072,14713,30,13,17
16072,14729,12,12,0
16072,14730,31,31,0
16072,15001,0,0,0
16072,15002,0,0,0
16072,15003,0,0,0
16072,15081,0,0,0
16072,15082,0,0,0
16072,15083,0,0,0
16072,15084,0,0,0
16072,15085,0,0,0
16072,15086,0,0,0
16072,15087,0,0,0
16072,15088,0,0,0
16072,15089,0,0,0
16072,15090,0,0,0
16072,15091,0,0,0
16072,16051,382,32,350
16072,16052,0,0,0
16072,16053,38,0,38
16072,16054,215,54,161
16072,16055,17,0,17
16072,16056,0,0,0
16072,16061,0,0,0
16072,16062,0,0,0
16072,16063,0,0,0
16072,16064,0,0,0
16072,16065,0,0,0
16072,16066,255,75,180
16072,16067,46,23,23
16072,16068,0,0,0
16072,16069,1417,950,467
16072,16070,342,185,157
16072,16071,0,0,0
16072,16072,0,0,0
16072,16073,1818,1381,437
16072,16074,0,0,0
16072,16075,71,58,13
16072,16076,10,10,0
16072,16077,0,0,0
16073,1001,0,0,0
16073,1002,0,0,0
16073,1003,0,0,0
16073,1004,0,0,0
16073,1051,0,0,0
16073,1053,0,0,0
16073,1054,0,0,0
16073,1055,0,0,0
16073,1056,0,0,0
16073,1057,0,0,0
16073,1058,0,0,0
16073,1059,0,0,0
16073,1060,0,0,0
16073,1061,0,0,0
16073,1062,0,0,0
16073,2000,27,0,27
16073,3101,0,0,0
16073,3102,0,0,0
16073,3103,11,0,11
16073,3151,0,0,0
16073,3153,0,0,0
16073,3154,0,0,0
16073,3155,0,0,0
16073,3157,0,0,0
16073,3158,0,0,0
16073,3159,0,0,0
16073,3241,34,0,34
16073,3251,0,0,0
16073,3252,0,0,0
16073,3254,0,0,0
16073,3255,0,0,0
16073,3256,0,0,0
16073,3257,0,0,0
16073,3351,0,0,0
16073,3352,0,0,0
16073,3353,0,0,0
16073,3354,0,0,0
16073,3355,0,0,0
16073,3356,0,0,0
16073,3357,0,0,0
16073,3358,0,0,0
16073,3359,0,0,0
16073,3360,0,0,0
16073,3361,0,0,0
16073,3401,0,0,0
16073,3402,0,0,0
16073,3403,0,0,0
16073,3404,0,0,0
16073,3405,0,0,0
16073,3451,0,0,0
16073,3452,0,0,0
16073,3453,0,0,0
16073,3454,0,0,0
16073,3455,0,0,0
16073,3456,0,0,0
16073,3457,0,0,0
16073,3458,0,0,0
16073,3459,0,0,0
16073,3460,0,0,0
16073,3461,0,0,0
16073,3462,0,0,0
16073,4011,0,0,0
16073,4012,0,0,0
16073,5111,17,0,17
16073,5112,0,0,0
16073,5113,0,0,0
16073,5114,0,0,0
16073,5116,0,0,0
16073,5117,0,0,0
16073,5119,0,0,0
16073,5120,0,0,0
16073,5122,0,0,0
16073,5124,0,0,0
16073,5154,0,0,0
16073,5158,11,0,11
16073,5162,0,0,0
16073,5166,0,0,0
16073,5170,0,0,0
16073,5314,0,0,0
16073,5315,36,0,36
16073,5316,0,0,0
16073,5334,0,0,0
16073,5358,0,0,0
16073,5362,0,0,0
16073,5366,0,0,0
16073,5370,0,0,0
16073,5374,0,0,0
16073,5378,0,0,0
16073,5382,0,0,0
16073,5512,0,0,0
16073,5513,0,0,0
16073,5515,0,0,0
16073,5554,0,0,0
16073,5558,0,0,0
16073,5562,0,0,0
16073,5566,0,0,0
16073,5570,0,0,0
16073,5711,0,0,0
16073,5754,0,0,0
16073,5758,0,0,0
16073,5762,0,0,0
16073,5766,0,0,0
16073,5770,0,0,0
16073,5774,0,0,0
16073,5911,0,0,0
16073,5913,0,0,0
16073,5914,0,0,0
16073,5915,0,0,0
16073,5916,0,0,0
16073,5954,0,0,0
16073,5958,0,0,0
16073,5962,0,0,0
16073,5966,0,0,0
16073,5970,0,0,0
16073,5974,0,0,0
16073,5978,0,0,0
16073,6411,11,0,11
16073,6412,53,0,53
16073,6413,0,0,0
16073,6414,21,0,21
16073,6431,0,0,0
16073,6432,0,0,0
16073,6433,10,0,10
16073,6434,12,0,12
16073,6435,12,0,12
16073,6436,0,0,0
16073,6437,0,0,0
16073,6438,20,0,20
16073,6439,0,0,0
16073,6440,0,0,0
16073,6531,0,0,0
16073,6532,0,0,0
16073,6533,0,0,0
16073,6534,0,0,0
16073,6535,0,0,0
16073,6611,13,0,13
16073,6631,20,0,20
16073,6632,20,0,20
16073,6633,0,0,0
16073,6634,0,0,0
16073,6635,0,0,0
16073,6636,0,0,0
16073,7111,0,0,0
16073,7131,0,0,0
16073,7132,0,0,0
16073,7133,0,0,0
16073,7134,0,0,0
16073,7135,0,0,0
16073,7137,0,0,0
16073,7138,24,0,24
16073,7140,0,0,0
16073,7141,0,0,0
16073,7143,0,0,0
16073,7211,0,0,0
16073,7231,0,0,0
16073,7232,0,0,0
16073,7233,0,0,0
16073,7235,0,0,0
16073,7311,0,0,0
16073,7312,0,0,0
16073,7313,0,0,0
16073,7314,0,0,0
16073,7315,0,0,0
16073,7316,0,0,0
16073,7317,0,0,0
16073,7318,0,0,0
16073,7319,0,0,0
16073,7320,0,0,0
16073,7331,0,0,0
16073,7332,0,0,0
16073,7333,0,0,0
16073,7334,0,0,0
16073,7335,0,0,0
16073,7336,0,0,0
16073,7337,0,0,0
16073,7338,0,0,0
16073,7339,0,0,0
16073,7340,0,0,0
16073,8111,32,0,32
16073,8115,0,0,0
16073,8116,24,0,24
16073,8117,0,0,0
16073,8118,13,0,13
16073,8119,10,0,10
16073,8121,0,0,0
16073,8125,13,0,13
16073,8126,0,0,0
16073,8127,0,0,0
16073,8128,0,0,0
16073,8135,0,0,0
16073,8136,10,0,10
16073,8211,0,0,0
16073,8212,0,0,0
16073,8215,15,0,15
16073,8216,0,0,0
16073,8221,0,0,0
16073,8222,0,0,0
16073,8225,0,0,0
16073,8226,0,0,0
16073,8231,0,0,0
16073,8235,0,0,0
16073,8236,0,0,0
16073,8237,0,0,0
16073,8311,0,0,0
16073,8315,0,0,0
16073,8316,0,0,0
16073,8317,16,0,16
16073,8325,0,0,0
16073,8326,0,0,0
16073,8327,0,0,0
16073,8335,11,0,11
16073,8336,0,0,0
16073,8337,0,0,0
16073,8415,0,0,0
16073,8416,0,0,0
16073,8417,0,0,0
16073,8421,0,0,0
16073,8425,0,0,0
16073,8426,0,0,0
16073,8435,0,0,0
16073,8436,23,0,23
16073,8437,0,0,0
16073,9161,13,0,13
16073,9162,103,0,103
16073,9163,0,0,0
16073,9171,0,0,0
16073,9172,0,0,0
16073,9173,0,0,0
16073,9174,0,0,0
16073,9175,12,0,12
16073,9176,0,0,0
16073,9177,0,0,0
16073,9178,11,0,11
16073,9179,0,0,0
16073,9180,0,0,0
16073,9181,0,0,0
16073,9182,0,0,0
16073,9183,0,0,0
16073,9184,39,0,39
16073,9185,19,0,19
16073,9186,11,0,11
16073,9187,15,0,15
16073,9188,0,0,0
16073,9189,0,0,0
16073,9190,0,0,0
16073,9261,0,0,0
16073,9262,0,0,0
16073,9263,0,0,0
16073,9271,0,0,0
16073,9272,0,0,0
16073,9273,0,0,0
16073,9274,0,0,0
16073,9275,0,0,0
16073,9276,0,0,0
16073,9277,0,0,0
16073,9278,0,0,0
16073,9279,0,0,0
16073,9361,0,0,0
16073,9362,13,0,13
16073,9363,0,0,0
16073,9371,0,0,0
16073,9372,0,0,0
16073,9373,12,0,12
16073,9374,0,0,0
16073,9375,0,0,0
16073,9376,0,0,0
16073,9377,0,0,0
16073,9461,17,0,17
16073,9462,27,0,27
16073,9463,49,0,49
16073,9464,17,0,17
16073,9471,23,0,23
16073,9472,13,0,13
16073,9473,56,0,56
16073,9474,10,0,10
16073,9475,61,10,51
16073,9476,1009,83,926
16073,9477,23,0,23
16073,9478,38,0,38
16073,9479,0,0,0
16073,9561,0,0,0
16073,9562,19,0,19
16073,9563,0,0,0
16073,9564,81,0,81
16073,9565,0,0,0
16073,9571,0,0,0
16073,9572,0,0,0
16073,9573,11,0,11
16073,9574,13,0,13
16073,9575,0,0,0
16073,9576,17,0,17
16073,9577,0,0,0
16073,9661,10,0,10
16073,9662,0,0,0
16073,9663,11,0,11
16073,9671,0,0,0
16073,9672,10,0,10
16073,9673,0,0,0
16073,9674,12,0,12
16073,9675,0,0,0
16073,9676,0,0,0
16073,9677,0,0,0
16073,9678,0,0,0
16073,9679,10,0,10
16073,9761,0,0,0
16073,9762,0,0,0
16073,9763,0,0,0
16073,9764,0,0,0
16073,9771,0,0,0
16073,9772,0,0,0
16073,9773,0,0,0
16073,9774,0,0,0
16073,9775,17,0,17
16073,9776,11,0,11
16073,9777,0,0,0
16073,9778,0,0,0
16073,9779,0,0,0
16073,9780,0,0,0
16073,10041,0,0,0
16073,10042,0,0,0
16073,10043,0,0,0
16073,10044,0,0,0
16073,10045,0,0,0
16073,10046,0,0,0
16073,11000,165,39,126
16073,12051,0,0,0
16073,12052,0,0,0
16073,12053,0,0,0
16073,12054,0,0,0
16073,12060,0,0,0
16073,12061,0,0,0
16073,12062,0,0,0
16073,12063,0,0,0
16073,12064,0,0,0
16073,12065,0,0,0
16073,12066,0,0,0
16073,12067,0,0,0
16073,12068,0,0,0
16073,12069,0,0,0
16073,12070,0,0,0
16073,12071,0,0,0
16073,12072,13,0,13
16073,12073,0,0,0
16073,13003,0,0,0
16073,13004,0,0,0
16073,13071,0,0,0
16073,13072,0,0,0
16073,13073,0,0,0
16073,13074,0,0,0
16073,13075,0,0,0
16073,13076,0,0,0
16073,14511,35,13,22
16073,14521,18,18,0
16073,14522,32,10,22
16073,14523,68,46,22
16073,14524,121,33,88
16073,14612,76,25,51
16073,14625,25,12,13
16073,14626,0,0,0
16073,14627,16,0,16
16073,14628,13,0,13
16073,14713,145,40,105
16073,14729,30,10,20
16073,14730,10,0,10
16073,15001,0,0,0
16073,15002,69,10,59
16073,15003,16,0,16
16073,15081,0,0,0
16073,15082,0,0,0
16073,15083,0,0,0
16073,15084,41,22,19
16073,15085,0,0,0
16073,15086,11,0,11
16073,15087,0,0,0
16073,15088,16,0,16
16073,15089,0,0,0
16073,15090,0,0,0
16073,15091,11,0,11
16073,16051,1239,207,1032
16073,16052,263,89,174
16073,16053,1403,414,989
16073,16054,113,21,92
16073,16055,376,136,240
16073,16056,52,12,40
16073,16061,22,0,22
16073,16062,51,13,38
16073,16063,29,0,29
16073,16064,56,17,39
16073,16065,37,13,24
16073,16066,100,29,71
16073,16067,177,58,119
16073,16068,63,32,31
16073,16069,98,40,58
16073,16070,1950,884,1066
16073,16071,595,229,366
16073,16072,1818,437,1381
16073,16073,0,0,0
16073,16074,700,314,386
16073,16075,3949,2092,1857
16073,16076,240,109,131
16073,16077,23,23,0
16074,1001,0,0,0
16074,1002,0,0,0
16074,1003,0,0,0
16074,1004,0,0,0
16074,1051,0,0,0
16074,1053,0,0,0
16074,1054,0,0,0
16074,1055,0,0,0
16074,1056,0,0,0
16074,1057,0,0,0
16074,1058,0,0,0
16074,1059,0,0,0
16074,1060,0,0,0
16074,1061,0,0,0
16074,1062,0,0,0
16074,2000,34,0,34
16074,3101,0,0,0
16074,3102,0,0,0
16074,3103,0,0,0
16074,3151,0,0,0
16074,3153,0,0,0
16074,3154,0,0,0
16074,3155,0,0,0
16074,3157,0,0,0
16074,3158,0,0,0
16074,3159,0,0,0
16074,3241,21,0,21
16074,3251,0,0,0
16074,3252,0,0,0
16074,3254,0,0,0
16074,3255,0,0,0
16074,3256,0,0,0
16074,3257,0,0,0
16074,3351,0,0,0
16074,3352,0,0,0
16074,3353,0,0,0
16074,3354,0,0,0
16074,3355,0,0,0
16074,3356,0,0,0
16074,3357,0,0,0
16074,3358,0,0,0
16074,3359,0,0,0
16074,3360,0,0,0
16074,3361,0,0,0
16074,3401,0,0,0
16074,3402,0,0,0
16074,3403,0,0,0
16074,3404,0,0,0
16074,3405,0,0,0
16074,3451,0,0,0
16074,3452,0,0,0
16074,3453,0,0,0
16074,3454,0,0,0
16074,3455,0,0,0
16074,3456,32,0,32
16074,3457,0,0,0
16074,3458,0,0,0
16074,3459,100,0,100
16074,3460,0,0,0
16074,3461,0,0,0
16074,3462,0,0,0
16074,4011,0,0,0
16074,4012,0,0,0
16074,5111,17,0,17
16074,5112,0,0,0
16074,5113,0,0,0
16074,5114,0,0,0
16074,5116,0,0,0
16074,5117,0,0,0
16074,5119,0,0,0
16074,5120,0,0,0
16074,5122,0,0,0
16074,5124,0,0,0
16074,5154,0,0,0
16074,5158,0,0,0
16074,5162,10,0,10
16074,5166,0,0,0
16074,5170,0,0,0
16074,5314,0,0,0
16074,5315,28,0,28
16074,5316,0,0,0
16074,5334,0,0,0
16074,5358,0,0,0
16074,5362,0,0,0
16074,5366,0,0,0
16074,5370,0,0,0
16074,5374,0,0,0
16074,5378,0,0,0
16074,5382,0,0,0
16074,5512,0,0,0
16074,5513,0,0,0
16074,5515,0,0,0
16074,5554,0,0,0
16074,5558,0,0,0
16074,5562,0,0,0
16074,5566,0,0,0
16074,5570,0,0,0
16074,5711,0,0,0
16074,5754,12,0,12
16074,5758,0,0,0
16074,5762,0,0,0
16074,5766,0,0,0
16074,5770,0,0,0
16074,5774,0,0,0
16074,5911,13,13,0
16074,5913,11,0,11
16074,5914,0,0,0
16074,5915,0,0,0
16074,5916,0,0,0
16074,5954,0,0,0
16074,5958,0,0,0
16074,5962,0,0,0
16074,5966,0,0,0
16074,5970,0,0,0
16074,5974,0,0,0
16074,5978,0,0,0
16074,6411,0,0,0
16074,6412,55,0,55
16074,6413,0,0,0
16074,6414,15,0,15
16074,6431,0,0,0
16074,6432,0,0,0
16074,6433,0,0,0
16074,6434,17,0,17
16074,6435,12,0,12
16074,6436,12,0,12
16074,6437,0,0,0
16074,6438,16,0,16
16074,6439,0,0,0
16074,6440,0,0,0
16074,6531,10,0,10
16074,6532,17,0,17
16074,6533,0,0,0
16074,6534,0,0,0
16074,6535,0,0,0
16074,6611,0,0,0
16074,6631,0,0,0
16074,6632,20,0,20
16074,6633,0,0,0
16074,6634,0,0,0
16074,6635,0,0,0
16074,6636,0,0,0
16074,7111,0,0,0
16074,7131,0,0,0
16074,7132,0,0,0
16074,7133,0,0,0
16074,7134,0,0,0
16074,7135,0,0,0
16074,7137,23,0,23
16074,7138,0,0,0
16074,7140,0,0,0
16074,7141,0,0,0
16074,7143,0,0,0
16074,7211,0,0,0
16074,7231,0,0,0
16074,7232,0,0,0
16074,7233,0,0,0
16074,7235,0,0,0
16074,7311,0,0,0
16074,7312,0,0,0
16074,7313,0,0,0
16074,7314,0,0,0
16074,7315,0,0,0
16074,7316,0,0,0
16074,7317,0,0,0
16074,7318,0,0,0
16074,7319,0,0,0
16074,7320,0,0,0
16074,7331,0,0,0
16074,7332,0,0,0
16074,7333,0,0,0
16074,7334,0,0,0
16074,7335,0,0,0
16074,7336,0,0,0
16074,7337,0,0,0
16074,7338,0,0,0
16074,7339,0,0,0
16074,7340,0,0,0
16074,8111,17,0,17
16074,8115,0,0,0
16074,8116,13,0,13
16074,8117,0,0,0
16074,8118,13,0,13
16074,8119,13,0,13
16074,8121,0,0,0
16074,8125,0,0,0
16074,8126,0,0,0
16074,8127,18,0,18
16074,8128,0,0,0
16074,8135,0,0,0
16074,8136,0,0,0
16074,8211,0,0,0
16074,8212,0,0,0
16074,8215,17,0,17
16074,8216,0,0,0
16074,8221,0,0,0
16074,8222,10,0,10
16074,8225,0,0,0
16074,8226,0,0,0
16074,8231,0,0,0
16074,8235,0,0,0
16074,8236,0,0,0
16074,8237,0,0,0
16074,8311,0,0,0
16074,8315,0,0,0
16074,8316,0,0,0
16074,8317,0,0,0
16074,8325,0,0,0
16074,8326,0,0,0
16074,8327,0,0,0
16074,8335,0,0,0
16074,8336,0,0,0
16074,8337,12,0,12
16074,8415,0,0,0
16074,8416,0,0,0
16074,8417,0,0,0
16074,8421,12,0,12
16074,8425,0,0,0
16074,8426,0,0,0
16074,8435,0,0,0
16074,8436,0,0,0
16074,8437,0,0,0
16074,9161,0,0,0
16074,9162,55,0,55
16074,9163,0,0,0
16074,9171,0,0,0
16074,9172,0,0,0
16074,9173,0,0,0
16074,9174,0,0,0
16074,9175,0,0,0
16074,9176,0,0,0
16074,9177,0,0,0
16074,9178,0,0,0
16074,9179,0,0,0
16074,9180,0,0,0
16074,9181,0,0,0
16074,9182,0,0,0
16074,9183,0,0,0
16074,9184,27,0,27
16074,9185,0,0,0
16074,9186,16,0,16
16074,9187,0,0,0
16074,9188,0,0,0
16074,9189,0,0,0
16074,9190,0,0,0
16074,9261,0,0,0
16074,9262,0,0,0
16074,9263,0,0,0
16074,9271,0,0,0
16074,9272,0,0,0
16074,9273,0,0,0
16074,9274,0,0,0
16074,9275,0,0,0
16074,9276,0,0,0
16074,9277,0,0,0
16074,9278,0,0,0
16074,9279,0,0,0
16074,9361,0,0,0
16074,9362,0,0,0
16074,9363,0,0,0
16074,9371,0,0,0
16074,9372,0,0,0
16074,9373,13,0,13
16074,9374,0,0,0
16074,9375,0,0,0
16074,9376,10,0,10
16074,9377,0,0,0
16074,9461,35,0,35
16074,9462,28,0,28
16074,9463,0,0,0
16074,9464,0,0,0
16074,9471,0,0,0
16074,9472,0,0,0
16074,9473,10,0,10
16074,9474,0,0,0
16074,9475,13,0,13
16074,9476,0,0,0
16074,9477,13,0,13
16074,9478,0,0,0
16074,9479,0,0,0
16074,9561,0,0,0
16074,9562,0,0,0
16074,9563,0,0,0
16074,9564,47,0,47
16074,9565,0,0,0
16074,9571,0,0,0
16074,9572,0,0,0
16074,9573,12,0,12
16074,9574,10,0,10
16074,9575,0,0,0
16074,9576,11,0,11
16074,9577,0,0,0
16074,9661,0,0,0
16074,9662,0,0,0
16074,9663,0,0,0
16074,9671,0,0,0
16074,9672,0,0,0
16074,9673,0,0,0
16074,9674,0,0,0
16074,9675,0,0,0
16074,9676,0,0,0
16074,9677,0,0,0
16074,9678,0,0,0
16074,9679,0,0,0
16074,9761,0,0,0
16074,9762,0,0,0
16074,9763,0,0,0
16074,9764,0,0,0
16074,9771,0,0,0
16074,9772,0,0,0
16074,9773,12,0,12
16074,9774,0,0,0
16074,9775,0,0,0
16074,9776,0,0,0
16074,9777,0,0,0
16074,9778,0,0,0
16074,9779,0,0,0
16074,9780,0,0,0
16074,10041,0,0,0
16074,10042,16,0,16
16074,10043,0,0,0
16074,10044,0,0,0
16074,10045,0,0,0
16074,10046,0,0,0
16074,11000,183,69,114
16074,12051,0,0,0
16074,12052,0,0,0
16074,12053,0,0,0
16074,12054,19,0,19
16074,12060,0,0,0
16074,12061,17,17,0
16074,12062,0,0,0
16074,12063,0,0,0
16074,12064,0,0,0
16074,12065,0,0,0
16074,12066,0,0,0
16074,12067,0,0,0
16074,12068,0,0,0
16074,12069,13,0,13
16074,12070,0,0,0
16074,12071,0,0,0
16074,12072,61,50,11
16074,12073,0,0,0
16074,13003,0,0,0
16074,13004,0,0,0
16074,13071,0,0,0
16074,13072,0,0,0
16074,13073,0,0,0
16074,13074,0,0,0
16074,13075,0,0,0
16074,13076,0,0,0
16074,14511,88,31,57
16074,14521,53,33,20
16074,14522,68,41,27
16074,14523,86,52,34
16074,14524,229,91,138
16074,14612,98,27,71
16074,14625,43,20,23
16074,14626,38,16,22
16074,14627,31,15,16
16074,14628,12,12,0
16074,14713,310,100,210
16074,14729,104,48,56
16074,14730,65,37,28
16074,15001,13,0,13
16074,15002,71,26,45
16074,15003,17,0,17
16074,15081,0,0,0
16074,15082,66,39,27
16074,15083,0,0,0
16074,15084,1930,1283,647
16074,15085,0,0,0
16074,15086,17,17,0
16074,15087,21,21,0
16074,15088,124,60,64
16074,15089,11,0,11
16074,15090,0,0,0
16074,15091,36,26,10
16074,16051,706,109,597
16074,16052,3191,1668,1523
16074,16053,12318,2726,9592
16074,16054,0,0,0
16074,16055,482,170,312
16074,16056,58,0,58
16074,16061,0,0,0
16074,16062,0,0,0
16074,16063,21,0,21
16074,16064,48,16,32
16074,16065,11,11,0
16074,16066,29,16,13
16074,16067,137,89,48
16074,16068,67,37,30
16074,16069,0,0,0
16074,16070,123,44,79
16074,16071,1359,654,705
16074,16072,0,0,0
16074,16073,700,386,314
16074,16074,0,0,0
16074,16075,1386,765,621
16074,16076,2264,1444,820
16074,16077,248,150,98
16075,1001,0,0,0
16075,1002,0,0,0
16075,1003,0,0,0
16075,1004,0,0,0
16075,1051,0,0,0
16075,1053,0,0,0
16075,1054,0,0,0
16075,1055,0,0,0
16075,1056,0,0,0
16075,1057,0,0,0
16075,1058,0,0,0
16075,1059,0,0,0
16075,1060,0,0,0
16075,1061,0,0,0
16075,1062,0,0,0
16075,2000,39,0,39
16075,3101,0,0,0
16075,3102,0,0,0
16075,3103,0,0,0
16075,3151,0,0,0
16075,3153,0,0,0
16075,3154,0,0,0
16075,3155,0,0,0
16075,3157,0,0,0
16075,3158,0,0,0
16075,3159,0,0,0
16075,3241,13,0,13
16075,3251,0,0,0
16075,3252,0,0,0
16075,3254,0,0,0
16075,3255,0,0,0
16075,3256,0,0,0
16075,3257,0,0,0
16075,3351,0,0,0
16075,3352,0,0,0
16075,3353,0,0,0
16075,3354,0,0,0
16075,3355,0,0,0
16075,3356,0,0,0
16075,3357,0,0,0
16075,3358,0,0,0
16075,3359,0,0,0
16075,3360,0,0,0
16075,3361,0,0,0
16075,3401,0,0,0
16075,3402,0,0,0
16075,3403,0,0,0
16075,3404,0,0,0
16075,3405,0,0,0
16075,3451,0,0,0
16075,3452,0,0,0
16075,3453,0,0,0
16075,3454,0,0,0
16075,3455,0,0,0
16075,3456,0,0,0
16075,3457,0,0,0
16075,3458,0,0,0
16075,3459,19,0,19
16075,3460,0,0,0
16075,3461,0,0,0
16075,3462,0,0,0
16075,4011,0,0,0
16075,4012,0,0,0
16075,5111,0,0,0
16075,5112,0,0,0
16075,5113,0,0,0
16075,5114,0,0,0
16075,5116,0,0,0
16075,5117,0,0,0
16075,5119,0,0,0
16075,5120,0,0,0
16075,5122,0,0,0
16075,5124,0,0,0
16075,5154,0,0,0
16075,5158,0,0,0
16075,5162,0,0,0
16075,5166,0,0,0
16075,5170,0,0,0
16075,5314,0,0,0
16075,5315,17,0,17
16075,5316,0,0,0
16075,5334,0,0,0
16075,5358,0,0,0
16075,5362,0,0,0
16075,5366,0,0,0
16075,5370,0,0,0
16075,5374,0,0,0
16075,5378,0,0,0
16075,5382,14,0,14
16075,5512,0,0,0
16075,5513,0,0,0
16075,5515,0,0,0
16075,5554,0,0,0
16075,5558,0,0,0
16075,5562,0,0,0
16075,5566,0,0,0
16075,5570,0,0,0
16075,5711,0,0,0
16075,5754,10,0,10
16075,5758,0,0,0
16075,5762,0,0,0
16075,5766,0,0,0
16075,5770,0,0,0
16075,5774,0,0,0
16075,5911,0,0,0
16075,5913,0,0,0
16075,5914,0,0,0
16075,5915,0,0,0
16075,5916,0,0,0
16075,5954,0,0,0
16075,5958,0,0,0
16075,5962,0,0,0
16075,5966,0,0,0
16075,5970,0,0,0
16075,5974,0,0,0
16075,5978,0,0,0
16075,6411,0,0,0
16075,6412,20,0,20
16075,6413,0,0,0
16075,6414,10,0,10
16075,6431,0,0,0
16075,6432,0,0,0
16075,6433,0,0,0
16075,6434,0,0,0
16075,6435,0,0,0
16075,6436,0,0,0
16075,6437,0,0,0
16075,6438,0,0,0
16075,6439,0,0,0
16075,6440,0,0,0
16075,6531,0,0,0
16075,6532,0,0,0
16075,6533,0,0,0
16075,6534,0,0,0
16075,6535,0,0,0
16075,6611,0,0,0
16075,6631,0,0,0
16075,6632,13,0,13
16075,6633,0,0,0
16075,6634,0,0,0
16075,6635,0,0,0
16075,6636,0,0,0
16075,7111,0,0,0
16075,7131,0,0,0
16075,7132,0,0,0
16075,7133,0,0,0
16075,7134,0,0,0
16075,7135,0,0,0
16075,7137,0,0,0
16075,7138,0,0,0
16075,7140,0,0,0
16075,7141,0,0,0
16075,7143,0,0,0
16075,7211,0,0,0
16075,7231,0,0,0
16075,7232,0,0,0
16075,7233,0,0,0
16075,7235,0,0,0
16075,7311,0,0,0
16075,7312,0,0,0
16075,7313,0,0,0
16075,7314,0,0,0
16075,7315,0,0,0
16075,7316,0,0,0
16075,7317,0,0,0
16075,7318,0,0,0
16075,7319,0,0,0
16075,7320,0,0,0
16075,7331,0,0,0
16075,7332,0,0,0
16075,7333,0,0,0
16075,7334,0,0,0
16075,7335,0,0,0
16075,7336,0,0,0
16075,7337,0,0,0
16075,7338,0,0,0
16075,7339,0,0,0
16075,7340,0,0,0
16075,8111,30,0,30
16075,8115,0,0,0
16075,8116,14,0,14
16075,8117,11,0,11
16075,8118,11,0,11
16075,8119,11,0,11
16075,8121,0,0,0
16075,8125,0,0,0
16075,8126,0,0,0
16075,8127,0,0,0
16075,8128,0,0,0
16075,8135,0,0,0
16075,8136,10,0,10
16075,8211,0,0,0
16075,8212,0,0,0
16075,8215,0,0,0
16075,8216,0,0,0
16075,8221,0,0,0
16075,8222,0,0,0
16075,8225,0,0,0
16075,8226,0,0,0
16075,8231,0,0,0
16075,8235,0,0,0
16075,8236,0,0,0
16075,8237,0,0,0
16075,8311,0,0,0
16075,8315,0,0,0
16075,8316,0,0,0
16075,8317,0,0,0
16075,8325,0,0,0
16075,8326,0,0,0
16075,8327,0,0,0
16075,8335,0,0,0
16075,8336,0,0,0
16075,8337,0,0,0
16075,8415,0,0,0
16075,8416,0,0,0
16075,8417,0,0,0
16075,8421,0,0,0
16075,8425,0,0,0
16075,8426,13,13,0
16075,8435,0,0,0
16075,8436,0,0,0
16075,8437,0,0,0
16075,9161,11,0,11
16075,9162,77,0,77
16075,9163,0,0,0
16075,9171,0,0,0
16075,9172,0,0,0
16075,9173,0,0,0
16075,9174,0,0,0
16075,9175,12,0,12
16075,9176,0,0,0
16075,9177,0,0,0
16075,9178,0,0,0
16075,9179,0,0,0
16075,9180,0,0,0
16075,9181,0,0,0
16075,9182,0,0,0
16075,9183,0,0,0
16075,9184,25,0,25
16075,9185,60,0,60
16075,9186,11,0,11
16075,9187,0,0,0
16075,9188,0,0,0
16075,9189,0,0,0
16075,9190,0,0,0
16075,9261,0,0,0
16075,9262,0,0,0
16075,9263,0,0,0
16075,9271,0,0,0
16075,9272,0,0,0
16075,9273,0,0,0
16075,9274,17,0,17
16075,9275,0,0,0
16075,9276,0,0,0
16075,9277,0,0,0
16075,9278,0,0,0
16075,9279,0,0,0
16075,9361,0,0,0
16075,9362,18,0,18
16075,9363,0,0,0
16075,9371,0,0,0
16075,9372,0,0,0
16075,9373,19,0,19
16075,9374,0,0,0
16075,9375,0,0,0
16075,9376,0,0,0
16075,9377,0,0,0
16075,9461,11,0,11
16075,9462,99,0,99
16075,9463,13,0,13
16075,9464,762,112,650
16075,9471,10,0,10
16075,9472,30,0,30
16075,9473,15,0,15
16075,9474,0,0,0
16075,9475,1815,257,1558
16075,9476,341,84,257
16075,9477,66,0,66
16075,9478,0,0,0
16075,9479,61,20,41
16075,9561,0,0,0
16075,9562,13,0,13
16075,9563,0,0,0
16075,9564,109,14,95
16075,9565,0,0,0
16075,9571,0,0,0
16075,9572,0,0,0
16075,9573,0,0,0
16075,9574,24,0,24
16075,9575,0,0,0
16075,9576,16,0,16
16075,9577,0,0,0
16075,9661,0,0,0
16075,9662,0,0,0
16075,9663,0,0,0
16075,9671,0,0,0
16075,9672,20,10,10
16075,9673,0,0,0
16075,9674,0,0,0
16075,9675,13,13,0
16075,9676,0,0,0
16075,9677,0,0,0
16075,9678,14,0,14
16075,9679,0,0,0
16075,9761,0,0,0
16075,9762,0,0,0
16075,9763,0,0,0
16075,9764,0,0,0
16075,9771,0,0,0
16075,9772,0,0,0
16075,9773,0,0,0
16075,9774,0,0,0
16075,9775,0,0,0
16075,9776,0,0,0
16075,9777,0,0,0
16075,9778,0,0,0
16075,9779,0,0,0
16075,9780,0,0,0
16075,10041,0,0,0
16075,10042,0,0,0
16075,10043,0,0,0
16075,10044,0,0,0
16075,10045,0,0,0
16075,10046,0,0,0
16075,11000,109,13,96
16075,12051,0,0,0
16075,12052,0,0,0
16075,12053,0,0,0
16075,12054,0,0,0
16075,12060,0,0,0
16075,12061,0,0,0
16075,12062,0,0,0
16075,12063,0,0,0
16075,12064,0,0,0
16075,12065,21,0,21
16075,12066,0,0,0
16075,12067,0,0,0
16075,12068,0,0,0
16075,12069,0,0,0
16075,12070,0,0,0
16075,12071,0,0,0
16075,12072,0,0,0
16075,12073,0,0,0
16075,13003,0,0,0
16075,13004,0,0,0
16075,13071,0,0,0
16075,13072,0,0,0
16075,13073,0,0,0
16075,13074,0,0,0
16075,13075,0,0,0
16075,13076,0,0,0
16075,14511,61,18,43
16075,14521,35,18,17
16075,14522,31,13,18
16075,14523,1384,867,517
16075,14524,154,51,103
16075,14612,82,27,55
16075,14625,0,0,0
16075,14626,0,0,0
16075,14627,26,11,15
16075,14628,11,0,11
16075,14713,143,60,83
16075,14729,54,19,35
16075,14730,48,25,23
16075,15001,0,0,0
16075,15002,15,0,15
16075,15003,0,0,0
16075,15081,0,0,0
16075,15082,0,0,0
16075,15083,0,0,0
16075,15084,101,72,29
16075,15085,0,0,0
16075,15086,0,0,0
16075,15087,14,14,0
16075,15088,30,0,30
16075,15089,0,0,0
16075,15090,0,0,0
16075,15091,0,0,0
16075,16051,406,56,350
16075,16052,1081,424,657
16075,16053,1246,248,998
16075,16054,13,0,13
16075,16055,188,43,145
16075,16056,0,0,0
16075,16061,10,0,10
16075,16062,0,0,0
16075,16063,0,0,0
16075,16064,26,14,12
16075,16065,0,0,0
16075,16066,10,0,10
16075,16067,66,37,29
16075,16068,10,0,10
16075,16069,0,0,0
16075,16070,69,38,31
16075,16071,124,55,69
16075,16072,71,13,58
16075,16073,3949,1857,2092
16075,16074,1386,621,765
16075,16075,0,0,0
16075,16076,2393,1542,851
16075,16077,65,37,28
16076,1001,0,0,0
16076,1002,0,0,0
16076,1003,0,0,0
16076,1004,0,0,0
16076,1051,0,0,0
16076,1053,0,0,0
16076,1054,0,0,0
16076,1055,0,0,0
16076,1056,0,0,0
16076,1057,0,0,0
16076,1058,0,0,0
16076,1059,0,0,0
16076,1060,0,0,0
16076,1061,0,0,0
16076,1062,0,0,0
16076,2000,32,0,32
16076,3101,0,0,0
16076,3102,0,0,0
16076,3103,0,0,0
16076,3151,0,0,0
16076,3153,0,0,0
16076,3154,0,0,0
16076,3155,0,0,0
16076,3157,0,0,0
16076,3158,0,0,0
16076,3159,0,0,0
16076,3241,19,0,19
16076,3251,0,0,0
16076,3252,0,0,0
16076,3254,0,0,0
16076,3255,0,0,0
16076,3256,0,0,0
16076,3257,0,0,0
16076,3351,0,0,0
16076,3352,0,0,0
16076,3353,0,0,0
16076,3354,0,0,0
16076,3355,0,0,0
16076,3356,0,0,0
16076,3357,0,0,0
16076,3358,0,0,0
16076,3359,0,0,0
16076,3360,0,0,0
16076,3361,0,0,0
16076,3401,0,0,0
16076,3402,0,0,0
16076,3403,0,0,0
16076,3404,0,0,0
16076,3405,0,0,0
16076,3451,0,0,0
16076,3452,0,0,0
16076,3453,0,0,0
16076,3454,0,0,0
16076,3455,0,0,0
16076,3456,10,0,10
16076,3457,0,0,0
16076,3458,0,0,0
16076,3459,0,0,0
16076,3460,0,0,0
16076,3461,0,0,0
16076,3462,0,0,0
16076,4011,0,0,0
16076,4012,0,0,0
16076,5111,16,0,16
16076,5112,0,0,0
16076,5113,13,0,13
16076,5114,0,0,0
16076,5116,0,0,0
16076,5117,0,0,0
16076,5119,0,0,0
16076,5120,0,0,0
16076,5122,0,0,0
16076,5124,0,0,0
16076,5154,0,0,0
16076,5158,20,0,20
16076,5162,0,0,0
16076,5166,0,0,0
16076,5170,0,0,0
16076,5314,0,0,0
16076,5315,22,0,22
16076,5316,0,0,0
16076,5334,0,0,0
16076,5358,0,0,0
16076,5362,0,0,0
16076,5366,0,0,0
16076,5370,0,0,0
16076,5374,10,0,10
16076,5378,0,0,0
16076,5382,0,0,0
16076,5512,0,0,0
16076,5513,0,0,0
16076,5515,0,0,0
16076,5554,0,0,0
16076,5558,0,0,0
16076,5562,0,0,0
16076,5566,0,0,0
16076,5570,0,0,0
16076,5711,11,0,11
16076,5754,0,0,0
16076,5758,0,0,0
16076,5762,0,0,0
16076,5766,0,0,0
16076,5770,0,0,0
16076,5774,0,0,0
16076,5911,0,0,0
16076,5913,0,0,0
16076,5914,0,0,0
16076,5915,0,0,0
16076,5916,0,0,0
16076,5954,0,0,0
16076,5958,0,0,0
16076,5962,0,0,0
16076,5966,0,0,0
16076,5970,11,11,0
16076,5974,0,0,0
16076,5978,0,0,0
16076,6411,0,0,0
16076,6412,56,0,56
16076,6413,0,0,0
16076,6414,0,0,0
16076,6431,0,0,0
16076,6432,0,0,0
16076,6433,0,0,0
16076,6434,15,0,15
16076,6435,12,0,12
16076,6436,0,0,0
16076,6437,0,0,0
16076,6438,15,0,15
16076,6439,0,0,0
16076,6440,0,0,0
16076,6531,11,0,11
16076,6532,11,0,11
16076,6533,0,0,0
16076,6534,0,0,0
16076,6535,0,0,0
16076,6611,0,0,0
16076,6631,0,0,0
16076,6632,15,0,15
16076,6633,0,0,0
16076,6634,0,0,0
16076,6635,0,0,0
16076,6636,0,0,0
16076,7111,0,0,0
16076,7131,0,0,0
16076,7132,0,0,0
16076,7133,0,0,0
16076,7134,0,0,0
16076,7135,0,0,0
16076,7137,0,0,0
16076,7138,0,0,0
16076,7140,0,0,0
16076,7141,0,0,0
16076,7143,0,0,0
16076,7211,0,0,0
16076,7231,0,0,0
16076,7232,17,0,17
16076,7233,0,0,0
16076,7235,0,0,0
16076,7311,0,0,0
16076,7312,0,0,0
16076,7313,0,0,0
16076,7314,0,0,0
16076,7315,0,0,0
16076,7316,0,0,0
16076,7317,0,0,0
16076,7318,0,0,0
16076,7319,0,0,0
16076,7320,0,0,0
16076,7331,0,0,0
16076,7332,0,0,0
16076,7333,0,0,0
16076,7334,0,0,0
16076,7335,0,0,0
16076,7336,0,0,0
16076,7337,0,0,0
16076,7338,0,0,0
16076,7339,0,0,0
16076,7340,0,0,0
16076,8111,25,0,25
16076,8115,13,0,13
16076,8116,17,0,17
16076,8117,11,0,11
16076,8118,20,0,20
16076,8119,11,0,11
16076,8121,0,0,0
16076,8125,0,0,0
16076,8126,0,0,0
16076,8127,26,13,13
16076,8128,0,0,0
16076,8135,0,0,0
16076,8136,16,0,16
16076,8211,0,0,0
16076,8212,0,0,0
16076,8215,0,0,0
16076,8216,0,0,0
16076,8221,0,0,0
16076,8222,13,0,13
16076,8225,0,0,0
16076,8226,0,0,0
16076,8231,0,0,0
16076,8235,0,0,0
16076,8236,0,0,0
16076,8237,0,0,0
16076,8311,0,0,0
16076,8315,0,0,0
16076,8316,0,0,0
16076,8317,0,0,0
16076,8325,0,0,0
16076,8326,0,0,0
16076,8327,0,0,0
16076,8335,0,0,0
16076,8336,0,0,0
16076,8337,0,0,0
16076,8415,0,0,0
16076,8416,0,0,0
16076,8417,0,0,0
16076,8421,0,0,0
16076,8425,0,0,0
16076,8426,0,0,0
16076,8435,0,0,0
16076,8436,0,0,0
16076,8437,0,0,0
16076,9161,28,0,28
16076,9162,129,17,112
16076,9163,0,0,0
16076,9171,0,0,0
16076,9172,0,0,0
16076,9173,21,21,0
16076,9174,0,0,0
16076,9175,0,0,0
16076,9176,0,0,0
16076,9177,0,0,0
16076,9178,18,0,18
16076,9179,0,0,0
16076,9180,0,0,0
16076,9181,0,0,0
16076,9182,0,0,0
16076,9183,0,0,0
16076,9184,43,0,43
16076,9185,0,0,0
16076,9186,13,0,13
16076,9187,0,0,0
16076,9188,0,0,0
16076,9189,21,21,0
16076,9190,0,0,0
16076,9261,0,0,0
16076,9262,0,0,0
16076,9263,0,0,0
16076,9271,0,0,0
16076,9272,0,0,0
16076,9273,0,0,0
16076,9274,0,0,0
16076,9275,0,0,0
16076,9276,17,0,17
16076,9277,0,0,0
16076,9278,0,0,0
16076,9279,0,0,0
16076,9361,0,0,0
16076,9362,15,0,15
16076,9363,10,0,10
16076,9371,0,0,0
16076,9372,0,0,0
16076,9373,60,0,60
16076,9374,0,0,0
16076,9375,16,0,16
16076,9376,15,0,15
16076,9377,0,0,0
16076,9461,0,0,0
16076,9462,33,0,33
16076,9463,18,0,18
16076,9464,60,0,60
16076,9471,15,0,15
16076,9472,24,10,14
16076,9473,11,0,11
16076,9474,0,0,0
16076,9475,101,25,76
16076,9476,0,0,0
16076,9477,26,0,26
16076,9478,0,0,0
16076,9479,0,0,0
16076,9561,0,0,0
16076,9562,16,0,16
16076,9563,0,0,0
16076,9564,98,0,98
16076,9565,0,0,0
16076,9571,0,0,0
16076,9572,0,0,0
16076,9573,10,0,10
16076,9574,17,0,17
16076,9575,0,0,0
16076,9576,15,0,15
16076,9577,0,0,0
16076,9661,0,0,0
16076,9662,0,0,0
16076,9663,13,0,13
16076,9671,0,0,0
16076,9672,0,0,0
16076,9673,0,0,0
16076,9674,0,0,0
16076,9675,0,0,0
16076,9676,0,0,0
16076,9677,0,0,0
16076,9678,0,0,0
16076,9679,0,0,0
16076,9761,0,0,0
16076,9762,0,0,0
16076,9763,0,0,0
16076,9764,0,0,0
16076,9771,0,0,0
16076,9772,0,0,0
16076,9773,0,0,0
16076,9774,17,0,17
16076,9775,0,0,0
16076,9776,0,0,0
16076,9777,0,0,0
16076,9778,0,0,0
16076,9779,0,0,0
16076,9780,0,0,0
16076,10041,0,0,0
16076,10042,0,0,0
16076,10043,0,0,0
16076,10044,0,0,0
16076,10045,0,0,0
16076,10046,0,0,0
16076,11000,165,52,113
16076,12051,0,0,0
16076,12052,0,0,0
16076,12053,0,0,0
16076,12054,10,0,10
16076,12060,0,0,0
16076,12061,0,0,0
16076,12062,0,0,0
16076,12063,0,0,0
16076,12064,0,0,0
16076,12065,11,0,11
16076,12066,0,0,0
16076,12067,0,0,0
16076,12068,0,0,0
16076,12069,0,0,0
16076,12070,0,0,0
16076,12071,0,0,0
16076,12072,11,0,11
16076,12073,0,0,0
16076,13003,0,0,0
16076,13004,0,0,0
16076,13071,0,0,0
16076,13072,0,0,0
16076,13073,0,0,0
16076,13074,0,0,0
16076,13075,0,0,0
16076,13076,0,0,0
16076,14511,244,55,189
16076,14521,188,128,60
16076,14522,119,79,40
16076,14523,3851,1661,2190
16076,14524,2172,974,1198
16076,14612,135,29,106
16076,14625,17,0,17
16076,14626,0,0,0
16076,14627,50,18,32
16076,14628,30,11,19
16076,14713,322,72,250
16076,14729,113,48,65
16076,14730,47,16,31
16076,15001,0,0,0
16076,15002,59,26,33
16076,15003,26,0,26
16076,15081,0,0,0
16076,15082,17,0,17
16076,15083,0,0,0
16076,15084,597,435,162
16076,15085,0,0,0
16076,15086,0,0,0
16076,15087,16,0,16
16076,15088,108,27,81
16076,15089,0,0,0
16076,15090,0,0,0
16076,15091,20,20,0
16076,16051,506,72,434
16076,16052,10160,3455,6705
16076,16053,980,154,826
16076,16054,0,0,0
16076,16055,77,18,59
16076,16056,17,0,17
16076,16061,0,0,0
16076,16062,0,0,0
16076,16063,35,0,35
16076,16064,34,19,15
16076,16065,0,0,0
16076,16066,18,0,18
16076,16067,76,29,47
16076,16068,15,0,15
16076,16069,0,0,0
16076,16070,53,24,29
16076,16071,83,33,50
16076,16072,10,0,10
16076,16073,240,131,109
16076,16074,2264,820,1444
16076,16075,2393,851,1542
16076,16076,0,0,0
16076,16077,1303,716,587
16077,1001,0,0,0
16077,1002,0,0,0
16077,1003,0,0,0
16077,1004,10,0,10
16077,1051,0,0,0
16077,1053,0,0,0
16077,1054,0,0,0
16077,1055,0,0,0
16077,1056,0,0,0
16077,1057,0,0,0
16077,1058,0,0,0
16077,1059,0,0,0
16077,1060,0,0,0
16077,1061,0,0,0
16077,1062,0,0,0
16077,2000,31,0,31
16077,3101,0,0,0
16077,3102,0,0,0
16077,3103,11,0,11
16077,3151,0,0,0
16077,3153,0,0,0
16077,3154,0,0,0
16077,3155,0,0,0
16077,3157,0,0,0
16077,3158,0,0,0
16077,3159,0,0,0
16077,3241,16,0,16
16077,3251,0,0,0
16077,3252,0,0,0
16077,3254,0,0,0
16077,3255,0,0,0
16077,3256,0,0,0
16077,3257,0,0,0
16077,3351,0,0,0
16077,3352,0,0,0
16077,3353,0,0,0
16077,3354,0,0,0
16077,3355,0,0,0
16077,3356,0,0,0
16077,3357,0,0,0
16077,3358,0,0,0
16077,3359,0,0,0
16077,3360,0,0,0
16077,3361,0,0,0
16077,3401,0,0,0
16077,3402,0,0,0
16077,3403,0,0,0
16077,3404,0,0,0
16077,3405,0,0,0
16077,3451,0,0,0
16077,3452,0,0,0
16077,3453,0,0,0
16077,3454,0,0,0
16077,3455,0,0,0
16077,3456,0,0,0
16077,3457,0,0,0
16077,3458,0,0,0
16077,3459,0,0,0
16077,3460,0,0,0
16077,3461,0,0,0
16077,3462,0,0,0
16077,4011,17,0,17
16077,4012,0,0,0
16077,5111,21,0,21
16077,5112,0,0,0
16077,5113,0,0,0
16077,5114,10,0,10
16077,5116,0,0,0
16077,5117,0,0,0
16077,5119,0,0,0
16077,5120,0,0,0
16077,5122,0,0,0
16077,5124,0,0,0
16077,5154,0,0,0
16077,5158,11,0,11
16077,5162,13,13,0
16077,5166,0,0,0
16077,5170,0,0,0
16077,5314,0,0,0
16077,5315,27,0,27
16077,5316,0,0,0
16077,5334,0,0,0
16077,5358,14,0,14
16077,5362,12,0,12
16077,5366,0,0,0
16077,5370,11,0,11
16077,5374,0,0,0
16077,5378,0,0,0
16077,5382,0,0,0
16077,5512,0,0,0
16077,5513,0,0,0
16077,5515,0,0,0
16077,5554,0,0,0
16077,5558,0,0,0
16077,5562,0,0,0
16077,5566,0,0,0
16077,5570,0,0,0
16077,5711,0,0,0
16077,5754,30,0,30
16077,5758,0,0,0
16077,5762,0,0,0
16077,5766,0,0,0
16077,5770,0,0,0
16077,5774,0,0,0
16077,5911,10,0,10
16077,5913,11,0,11
16077,5914,0,0,0
16077,5915,0,0,0
16077,5916,0,0,0
16077,5954,0,0,0
16077,5958,0,0,0
16077,5962,0,0,0
16077,5966,0,0,0
16077,5970,0,0,0
16077,5974,0,0,0
16077,5978,31,0,31
16077,6411,0,0,0
16077,6412,41,0,41
16077,6413,0,0,0
16077,6414,0,0,0
16077,6431,0,0,0
16077,6432,0,0,0
16077,6433,0,0,0
16077,6434,0,0,0
16077,6435,14,0,14
16077,6436,11,0,11
16077,6437,0,0,0
16077,6438,0,0,0
16077,6439,0,0,0
16077,6440,0,0,0
16077,6531,0,0,0
16077,6532,10,0,10
16077,6533,0,0,0
16077,6534,0,0,0
16077,6535,0,0,0
16077,6611,0,0,0
16077,6631,0,0,0
16077,6632,0,0,0
16077,6633,0,0,0
16077,6634,0,0,0
16077,6635,71,0,71
16077,6636,0,0,0
16077,7111,0,0,0
16077,7131,0,0,0
16077,7132,0,0,0
16077,7133,0,0,0
16077,7134,0,0,0
16077,7135,0,0,0
16077,7137,0,0,0
16077,7138,0,0,0
16077,7140,0,0,0
16077,7141,0,0,0
16077,7143,0,0,0
16077,7211,0,0,0
16077,7231,0,0,0
16077,7232,0,0,0
16077,7233,0,0,0
16077,7235,0,0,0
16077,7311,0,0,0
16077,7312,0,0,0
16077,7313,0,0,0
16077,7314,12,0,12
16077,7315,0,0,0
16077,7316,0,0,0
16077,7317,0,0,0
16077,7318,0,0,0
16077,7319,0,0,0
16077,7320,0,0,0
16077,7331,0,0,0
16077,7332,0,0,0
16077,7333,0,0,0
16077,7334,0,0,0
16077,7335,0,0,0
16077,7336,0,0,0
16077,7337,0,0,0
16077,7338,0,0,0
16077,7339,0,0,0
16077,7340,0,0,0
16077,8111,30,0,30
16077,8115,0,0,0
16077,8116,17,0,17
16077,8117,0,0,0
16077,8118,0,0,0
16077,8119,15,0,15
16077,8121,0,0,0
16077,8125,10,0,10
16077,8126,0,0,0
16077,8127,0,0,0
16077,8128,0,0,0
16077,8135,0,0,0
16077,8136,22,0,22
16077,8211,0,0,0
16077,8212,0,0,0
16077,8215,0,0,0
16077,8216,0,0,0
16077,8221,0,0,0
16077,8222,22,0,22
16077,8225,0,0,0
16077,8226,20,0,20
16077,8231,0,0,0
16077,8235,0,0,0
16077,8236,0,0,0
16077,8237,0,0,0
16077,8311,0,0,0
16077,8315,0,0,0
16077,8316,0,0,0
16077,8317,0,0,0
16077,8325,0,0,0
16077,8326,0,0,0
16077,8327,0,0,0
16077,8335,0,0,0
16077,8336,0,0,0
16077,8337,0,0,0
16077,8415,0,0,0
16077,8416,0,0,0
16077,8417,0,0,0
16077,8421,0,0,0
16077,8425,0,0,0
16077,8426,0,0,0
16077,8435,0,0,0
16077,8436,40,0,40
16077,8437,0,0,0
16077,9161,23,0,23
16077,9162,70,15,55
16077,9163,0,0,0
16077,9171,0,0,0
16077,9172,0,0,0
16077,9173,0,0,0
16077,9174,0,0,0
16077,9175,0,0,0
16077,9176,12,0,12
16077,9177,0,0,0
16077,9178,0,0,0
16077,9179,0,0,0
16077,9180,0,0,0
16077,9181,0,0,0
16077,9182,0,0,0
16077,9183,0,0,0
16077,9184,31,0,31
16077,9185,0,0,0
16077,9186,17,0,17
16077,9187,0,0,0
16077,9188,0,0,0
16077,9189,0,0,0
16077,9190,0,0,0
16077,9261,0,0,0
16077,9262,0,0,0
16077,9263,0,0,0
16077,9271,0,0,0
16077,9272,0,0,0
16077,9273,0,0,0
16077,9274,0,0,0
16077,9275,0,0,0
16077,9276,0,0,0
16077,9277,0,0,0
16077,9278,0,0,0
16077,9279,0,0,0
16077,9361,0,0,0
16077,9362,11,0,11
16077,9363,15,0,15
16077,9371,0,0,0
16077,9372,0,0,0
16077,9373,22,0,22
16077,9374,0,0,0
16077,9375,0,0,0
16077,9376,32,0,32
16077,9377,13,0,13
16077,9461,0,0,0
16077,9462,0,0,0
16077,9463,0,0,0
16077,9464,0,0,0
16077,9471,0,0,0
16077,9472,0,0,0
16077,9473,0,0,0
16077,9474,0,0,0
16077,9475,0,0,0
16077,9476,0,0,0
16077,9477,13,0,13
16077,9478,0,0,0
16077,9479,0,0,0
16077,9561,0,0,0
16077,9562,0,0,0
16077,9563,0,0,0
16077,9564,74,10,64
16077,9565,0,0,0
16077,9571,0,0,0
16077,9572,0,0,0
16077,9573,0,0,0
16077,9574,16,0,16
16077,9575,0,0,0
16077,9576,0,0,0
16077,9577,0,0,0
16077,9661,0,0,0
16077,9662,0,0,0
16077,9663,0,0,0
16077,9671,13,0,13
16077,9672,0,0,0
16077,9673,0,0,0
16077,9674,0,0,0
16077,9675,0,0,0
16077,9676,0,0,0
16077,9677,0,0,0
16077,9678,0,0,0
16077,9679,0,0,0
16077,9761,15,0,15
16077,9762,0,0,0
16077,9763,0,0,0
16077,9764,0,0,0
16077,9771,0,0,0
16077,9772,12,0,12
16077,9773,0,0,0
16077,9774,0,0,0
16077,9775,0,0,0
16077,9776,0,0,0
16077,9777,0,0,0
16077,9778,10,0,10
16077,9779,0,0,0
16077,9780,0,0,0
16077,10041,0,0,0
16077,10042,0,0,0
16077,10043,0,0,0
16077,10044,0,0,0
16077,10045,0,0,0
16077,10046,0,0,0
16077,11000,168,52,116
16077,12051,0,0,0
16077,12052,0,0,0
16077,12053,0,0,0
16077,12054,0,0,0
16077,12060,0,0,0
16077,12061,0,0,0
16077,12062,0,0,0
16077,12063,0,0,0
16077,12064,0,0,0
16077,12065,0,0,0
16077,12066,19,0,19
16077,12067,0,0,0
16077,12068,0,0,0
16077,12069,0,0,0
16077,12070,0,0,0
16077,12071,0,0,0
16077,12072,11,0,11
16077,12073,0,0,0
16077,13003,0,0,0
16077,13004,0,0,0
16077,13071,0,0,0
16077,13072,0,0,0
16077,13073,0,0,0
16077,13074,0,0,0
16077,13075,0,0,0
16077,13076,0,0,0
16077,14511,498,116,382
16077,14521,152,72,80
16077,14522,512,185,327
16077,14523,132,65,67
16077,14524,4444,1821,2623
16077,14612,154,44,110
16077,14625,40,16,24
16077,14626,10,10,0
16077,14627,39,16,23
16077,14628,29,12,17
16077,14713,1804,406,1398
16077,14729,2972,1331,1641
16077,14730,178,55,123
16077,15001,0,0,0
16077,15002,69,15,54
16077,15003,26,0,26
16077,15081,0,0,0
16077,15082,12,0,12
16077,15083,0,0,0
16077,15084,1525,709,816
16077,15085,0,0,0
16077,15086,0,0,0
16077,15087,18,0,18
16077,15088,133,27,106
16077,15089,0,0,0
16077,15090,0,0,0
16077,15091,10,0,10
16077,16051,489,36,453
16077,16052,2276,801,1475
16077,16053,245,39,206
16077,16054,16,0,16
16077,16055,41,13,28
16077,16056,0,0,0
16077,16061,19,0,19
16077,16062,0,0,0
16077,16063,10,0,10
16077,16064,0,0,0
16077,16065,0,0,0
16077,16066,0,0,0
16077,16067,28,0,28
16077,16068,11,0,11
16077,16069,0,0,0
16077,16070,20,10,10
16077,16071,23,11,12
16077,16072,0,0,0
16077,16073,23,0,23
16077,16074,248,98,150
16077,16075,65,28,37
16077,16076,1303,587,716
16077,16077,0,0,0
